OBJECTID,VACCINATION_DATE,FirstDailyDose,FirstDoseCumulative,SecondDailyDose,SecondDoseCumulative,SingleDailyDose,SingleDoseCumulative,AtleastOneVaccine,AtleastOneVaccineCumulative,CompletedVax,CompletedVaxCumulative,FirstSecondSingleVaccination_12,FirstSecondSingleVaccination_13
1,12/14/2020 15:00:00,19,1517,,537,,,19,1517,0,537,19,1989
2,12/15/2020 15:00:00,63,1580,3.000000000000000,540,,,63,1580,3,540,66,2055
3,12/16/2020 15:00:00,598,2178,5.000000000000000,545,,,598,2178,5,545,603,2658
4,12/17/2020 15:00:00,1171,3349,8.000000000000000,553,,,1171,3349,8,553,1179,3837
5,12/18/2020 15:00:00,3033,6382,12.000000000000000,565,,,3033,6382,12,565,3045,6882
6,12/19/2020 15:00:00,929,7311,8.000000000000000,573,,,929,7311,8,573,937,7819
7,12/20/2020 15:00:00,369,7680,6.000000000000000,579,,,369,7680,6,579,375,8194
8,12/21/2020 15:00:00,3902,11582,28.000000000000000,607,,,3902,11582,28,607,3930,12124
9,12/22/2020 15:00:00,6330,17912,31.000000000000000,638,,,6330,17912,31,638,6361,18485
10,12/23/2020 15:00:00,5795,23707,42.000000000000000,680,,,5795,23707,42,680,5837,24322
11,12/24/2020 15:00:00,2729,26436,16.000000000000000,696,,,2729,26436,16,696,2745,27067
12,12/25/2020 15:00:00,1035,27471,4.000000000000000,700,,,1035,27471,4,700,1039,28106
13,12/26/2020 15:00:00,1887,29358,10.000000000000000,710,,,1887,29358,10,710,1897,30003
14,12/27/2020 15:00:00,1806,31164,12.000000000000000,722,,,1806,31164,12,722,1818,31821
15,12/28/2020 15:00:00,9001,40165,53.000000000000000,775,,,9001,40165,53,775,9054,40875
16,12/29/2020 15:00:00,10986,51151,54.000000000000000,829,,,10986,51151,54,829,11040,51915
17,12/30/2020 15:00:00,12517,63668,98.000000000000000,927,,,12517,63668,98,927,12615,64530
18,12/31/2020 15:00:00,7567,71235,49.000000000000000,976,,,7567,71235,49,976,7616,72146
19,1/1/2021 15:00:00,3452,74687,148.000000000000000,1124,,,3452,74687,148,1124,3600,75746
20,1/2/2021 15:00:00,3067,77754,34.000000000000000,1158,,,3067,77754,34,1158,3101,78847
21,1/3/2021 15:00:00,3419,81173,82.000000000000000,1240,,,3419,81173,82,1240,3501,82348
22,1/4/2021 15:00:00,13386,94559,345.000000000000000,1585,,,13386,94559,345,1585,13731,96079
23,1/5/2021 15:00:00,12498,107057,551.000000000000000,2136,,,12498,107057,551,2136,13049,109128
24,1/6/2021 15:00:00,15289,122346,872.000000000000000,3008,,,15289,122346,872,3008,16161,125289
25,1/7/2021 15:00:00,15057,137403,1792.000000000000000,4800,,,15057,137403,1792,4800,16849,142138
26,1/8/2021 15:00:00,24038,161441,2797.000000000000000,7597,,,24038,161441,2797,7597,26835,168973
27,1/9/2021 15:00:00,5191,166632,959.000000000000000,8556,,,5191,166632,959,8556,6150,175123
28,1/10/2021 15:00:00,2993,169625,390.000000000000000,8946,,,2993,169625,390,8946,3383,178506
29,1/11/2021 15:00:00,13756,183381,3490.000000000000000,12436,,,13756,183381,3490,12436,17246,195752
30,1/12/2021 15:00:00,17411,200792,5603.000000000000000,18039,,,17411,200792,5603,18039,23014,218766
31,1/13/2021 15:00:00,18646,219438,3942.000000000000000,21981,,,18646,219438,3942,21981,22588,241354
32,1/14/2021 15:00:00,17886,237324,1975.000000000000000,23956,,,17886,237324,1975,23956,19861,261215
33,1/15/2021 15:00:00,19516,256840,2043.000000000000000,25999,,,19516,256840,2043,25999,21559,282774
34,1/16/2021 15:00:00,5852,262692,1626.000000000000000,27625,,,5852,262692,1626,27625,7478,290252
35,1/17/2021 15:00:00,2131,264823,1479.000000000000000,29104,,,2131,264823,1479,29104,3610,293862
36,1/18/2021 15:00:00,7087,271910,3273.000000000000000,32377,,,7087,271910,3273,32377,10360,304222
37,1/19/2021 15:00:00,16969,288879,5424.000000000000000,37801,,,16969,288879,5424,37801,22393,326615
38,1/20/2021 15:00:00,21024,309903,5349.000000000000000,43150,,,21024,309903,5349,43150,26373,352988
39,1/21/2021 15:00:00,23844,333747,3877.000000000000000,47027,,,23844,333747,3877,47027,27721,380709
40,1/22/2021 15:00:00,28677,362424,3779.000000000000000,50806,,,28677,362424,3779,50806,32456,413165
41,1/23/2021 15:00:00,10133,372557,1951.000000000000000,52757,,,10133,372557,1951,52757,12084,425249
42,1/24/2021 15:00:00,3366,375923,1727.000000000000000,54484,,,3366,375923,1727,54484,5093,430342
43,1/25/2021 15:00:00,16319,392242,8631.000000000000000,63115,,,16319,392242,8631,63115,24950,455292
44,1/26/2021 15:00:00,17575,409817,8994.000000000000000,72109,,,17575,409817,8994,72109,26569,481861
45,1/27/2021 15:00:00,24451,434268,12593.000000000000000,84702,,,24451,434268,12593,84702,37044,518905
46,1/28/2021 15:00:00,22679,456947,9355.000000000000000,94057,,,22679,456947,9355,94057,32034,550939
47,1/29/2021 15:00:00,24800,481747,7947.000000000000000,102004,,,24800,481747,7947,102004,32747,583686
48,1/30/2021 15:00:00,17803,499550,2576.000000000000000,104580,,,17803,499550,2576,104580,20379,604065
49,1/31/2021 15:00:00,3769,503319,1376.000000000000000,105956,,,3769,503319,1376,105956,5145,609210
50,2/1/2021 15:00:00,8245,511564,5460.000000000000000,111416,,,8245,511564,5460,111416,13705,622915
51,2/2/2021 15:00:00,12537,524101,13850.000000000000000,125266,,,12537,524101,13850,125266,26387,649302
52,2/3/2021 15:00:00,18290,542391,18158.000000000000000,143424,,,18290,542391,18158,143424,36448,685750
53,2/4/2021 15:00:00,22156,564547,15812.000000000000000,159236,,,22156,564547,15812,159236,37968,723718
54,2/5/2021 15:00:00,20427,584974,17463.000000000000000,176699,,,20427,584974,17463,176699,37890,761608
55,2/6/2021 15:00:00,11391,596365,14546.000000000000000,191245,,,11391,596365,14546,191245,25937,787545
56,2/7/2021 15:00:00,5994,602359,1956.000000000000000,193201,,,5994,602359,1956,193201,7950,795495
57,2/8/2021 15:00:00,13030,615389,12992.000000000000000,206193,,,13030,615389,12992,206193,26022,821517
58,2/9/2021 15:00:00,16681,632070,13904.000000000000000,220097,,,16681,632070,13904,220097,30585,852102
59,2/10/2021 15:00:00,19344,651414,21335.000000000000000,241432,,,19344,651414,21335,241432,40679,892781
60,2/11/2021 15:00:00,22956,674370,17401.000000000000000,258833,,,22956,674370,17401,258833,40357,933138
61,2/12/2021 15:00:00,20455,694825,19689.000000000000000,278522,,,20455,694825,19689,278522,40144,973282
62,2/13/2021 15:00:00,11478,706303,6436.000000000000000,284958,,,11478,706303,6436,284958,17914,991196
63,2/14/2021 15:00:00,7122,713425,2143.000000000000000,287101,,,7122,713425,2143,287101,9265,1000461
64,2/15/2021 15:00:00,11773,725198,13358.000000000000000,300459,,,11773,725198,13358,300459,25131,1025592
65,2/16/2021 15:00:00,16665,741863,21045.000000000000000,321504,,,16665,741863,21045,321504,37710,1063302
66,2/17/2021 15:00:00,20696,762559,26402.000000000000000,347906,,,20696,762559,26402,347906,47098,1110400
67,2/18/2021 15:00:00,3209,765768,4634.000000000000000,352540,,,3209,765768,4634,352540,7843,1118243
68,2/19/2021 15:00:00,10272,776040,19948.000000000000000,372488,,,10272,776040,19948,372488,30220,1148463
69,2/20/2021 15:00:00,10321,786361,20331.000000000000000,392819,,,10321,786361,20331,392819,30652,1179115
70,2/21/2021 15:00:00,6199,792560,7674.000000000000000,400493,,,6199,792560,7674,400493,13873,1192988
71,2/22/2021 15:00:00,8050,800610,15509.000000000000000,416002,,,8050,800610,15509,416002,23559,1216547
72,2/23/2021 15:00:00,15543,816153,15997.000000000000000,431999,,,15543,816153,15997,431999,31540,1248087
73,2/24/2021 15:00:00,18008,834161,24859.000000000000000,456858,,,18008,834161,24859,456858,42867,1290954
74,2/25/2021 15:00:00,20409,854570,26606.000000000000000,483464,,,20409,854570,26606,483464,47015,1337969
75,2/26/2021 15:00:00,26698,881268,26295.000000000000000,509759,,,26698,881268,26295,509759,52993,1390962
76,2/27/2021 15:00:00,16036,897304,11171.000000000000000,520930,,,16036,897304,11171,520930,27207,1418169
77,2/28/2021 15:00:00,15535,912839,4901.000000000000000,525831,,,15535,912839,4901,525831,20436,1438605
78,3/1/2021 15:00:00,27349,940188,12725.000000000000000,538556,,,27349,940188,12725,538556,40074,1478679
79,3/2/2021 15:00:00,24020,964208,13316.000000000000000,551872,38.000000000000000,38.000000000000000,24058,964246,13354,551910,37374,1516053
80,3/3/2021 15:00:00,30270,994478,18443.000000000000000,570315,195.000000000000000,233.000000000000000,30465,994711,18638,570548,48908,1564961
81,3/4/2021 15:00:00,31024,1025502,18268.000000000000000,588583,4065.000000000000000,4298.000000000000000,35089,1029800,22333,592881,53357,1618318
82,3/5/2021 15:00:00,30130,1055632,19796.000000000000000,608379,4913.000000000000000,9211.000000000000000,35043,1064843,24709,617590,54839,1673157
83,3/6/2021 15:00:00,19007,1074639,9543.000000000000000,617922,6011.000000000000000,15222.000000000000000,25018,1089861,15554,633144,34561,1707718
84,3/7/2021 15:00:00,12157,1086796,4934.000000000000000,622856,6606.000000000000000,21828.000000000000000,18763,1108624,11540,644684,23697,1731415
85,3/8/2021 15:00:00,25939,1112735,8872.000000000000000,631728,8276.000000000000000,30104.000000000000000,34215,1142839,17148,661832,43087,1774502
86,3/9/2021 15:00:00,26165,1138900,15514.000000000000000,647242,8345.000000000000000,38449.000000000000000,34510,1177349,23859,685691,50024,1824526
87,3/10/2021 15:00:00,29908,1168808,16072.000000000000000,663314,7937.000000000000000,46386.000000000000000,37845,1215194,24009,709700,53917,1878443
88,3/11/2021 15:00:00,36035,1204843,16441.000000000000000,679755,3980.000000000000000,50366.000000000000000,40015,1255209,20421,730121,56456,1934899
89,3/12/2021 15:00:00,36928,1241771,18180.000000000000000,697935,2928.000000000000000,53294.000000000000000,39856,1295065,21108,751229,58036,1992935
90,3/13/2021 15:00:00,22677,1264448,10349.000000000000000,708284,1629.000000000000000,54923.000000000000000,24306,1319371,11978,763207,34655,2027590
91,3/14/2021 15:00:00,17847,1282295,6744.000000000000000,715028,1010.000000000000000,55933.000000000000000,18857,1338228,7754,770961,25601,2053191
92,3/15/2021 15:00:00,29918,1312213,11385.000000000000000,726413,600.000000000000000,56533.000000000000000,30518,1368746,11985,782946,41903,2095094
93,3/16/2021 15:00:00,33495,1345708,13601.000000000000000,740014,774.000000000000000,57307.000000000000000,34269,1403015,14375,797321,47870,2142964
94,3/17/2021 15:00:00,37647,1383355,17109.000000000000000,757123,1184.000000000000000,58491.000000000000000,38831,1441846,18293,815614,55940,2198904
95,3/18/2021 15:00:00,41487,1424842,12720.000000000000000,769843,1353.000000000000000,59844.000000000000000,42840,1484686,14073,829687,55560,2254464
96,3/19/2021 15:00:00,38393,1463235,15449.000000000000000,785292,1045.000000000000000,60889.000000000000000,39438,1524124,16494,846181,54887,2309351
97,3/20/2021 15:00:00,24749,1487984,10243.000000000000000,795535,706.000000000000000,61595.000000000000000,25455,1549579,10949,857130,35698,2345049
98,3/21/2021 15:00:00,19210,1507194,7923.000000000000000,803458,342.000000000000000,61937.000000000000000,19552,1569131,8265,865395,27475,2372524
99,3/22/2021 15:00:00,32616,1539810,11525.000000000000000,814983,835.000000000000000,62772.000000000000000,33451,1602582,12360,877755,44976,2417500
100,3/23/2021 15:00:00,38419,1578229,17889.000000000000000,832872,1557.000000000000000,64329.000000000000000,39976,1642558,19446,897201,57865,2475365
101,3/24/2021 15:00:00,41091,1619320,21281.000000000000000,854153,1389.000000000000000,65718.000000000000000,42480,1685038,22670,919871,63761,2539126
102,3/25/2021 15:00:00,42942,1662262,21770.000000000000000,875923,2457.000000000000000,68175.000000000000000,45399,1730437,24227,944098,67169,2606295
103,3/26/2021 15:00:00,36405,1698667,26733.000000000000000,902656,2495.000000000000000,70670.000000000000000,38900,1769337,29228,973326,65633,2671928
104,3/27/2021 15:00:00,26476,1725143,17342.000000000000000,919998,2490.000000000000000,73160.000000000000000,28966,1798303,19832,993158,46308,2718236
105,3/28/2021 15:00:00,17013,1742156,12695.000000000000000,932693,1615.000000000000000,74775.000000000000000,18628,1816931,14310,1007468,31323,2749559
106,3/29/2021 15:00:00,29727,1771883,26419.000000000000000,959112,1142.000000000000000,75917.000000000000000,30869,1847800,27561,1035029,57288,2806847
107,3/30/2021 15:00:00,40083,1811966,29109.000000000000000,988221,1866.000000000000000,77783.000000000000000,41949,1889749,30975,1066004,71058,2877905
108,3/31/2021 15:00:00,41038,1853004,34769.000000000000000,1022990,5747.000000000000000,83530.000000000000000,46785,1936534,40516,1106520,81554,2959459
109,4/1/2021 15:00:00,42561,1895565,41267.000000000000000,1064257,5771.000000000000000,89301.000000000000000,48332,1984866,47038,1153558,89599,3049058
110,4/2/2021 15:00:00,34972,1930537,32758.000000000000000,1097015,6135.000000000000000,95436.000000000000000,41107,2025973,38893,1192451,73865,3122923
111,4/3/2021 15:00:00,21190,1951727,19248.000000000000000,1116263,4395.000000000000000,99831.000000000000000,25585,2051558,23643,1216094,44833,3167756
112,4/4/2021 15:00:00,8310,1960037,10227.000000000000000,1126490,968.000000000000000,100799.000000000000000,9278,2060836,11195,1227289,19505,3187261
113,4/5/2021 15:00:00,27973,1988010,28996.000000000000000,1155486,6665.000000000000000,107464.000000000000000,34638,2095474,35661,1262950,63634,3250895
114,4/6/2021 15:00:00,39822,2027832,30543.000000000000000,1186029,10506.000000000000000,117970.000000000000000,50328,2145802,41049,1303999,80871,3331766
115,4/7/2021 15:00:00,36124,2063956,34385.000000000000000,1220414,12999.000000000000000,130969.000000000000000,49123,2194925,47384,1351383,83508,3415274
116,4/8/2021 15:00:00,42376,2106332,36176.000000000000000,1256590,13877.000000000000000,144846.000000000000000,56253,2251178,50053,1401436,92429,3507703
117,4/9/2021 15:00:00,34103,2140435,36389.000000000000000,1292979,14532.000000000000000,159378.000000000000000,48635,2299813,50921,1452357,85024,3592727
118,4/10/2021 15:00:00,23513,2163948,23198.000000000000000,1316177,7644.000000000000000,167022.000000000000000,31157,2330970,30842,1483199,54355,3647082
119,4/11/2021 15:00:00,17586,2181534,13303.000000000000000,1329480,10122.000000000000000,177144.000000000000000,27708,2358678,23425,1506624,41011,3688093
120,4/12/2021 15:00:00,24612,2206146,33301.000000000000000,1362781,10907.000000000000000,188051.000000000000000,35519,2394197,44208,1550832,68820,3756913
121,4/13/2021 15:00:00,126196,2332342,91386.000000000000000,1454167,3293.000000000000000,191344.000000000000000,129489,2523686,94679,1645511,220875,3977788
122,4/14/2021 15:00:00,40776,2373118,37891.000000000000000,1492058,214.000000000000000,191558.000000000000000,40990,2564676,38105,1683616,78881,4056669
123,4/15/2021 15:00:00,41442,2414560,39642.000000000000000,1531700,176.000000000000000,191734.000000000000000,41618,2606294,39818,1723434,81260,4137929
124,4/16/2021 15:00:00,37189,2451749,38955.000000000000000,1570655,25.000000000000000,191759.000000000000000,37214,2643508,38980,1762414,76169,4214098
125,4/17/2021 15:00:00,32833,2484582,22072.000000000000000,1592727,13.000000000000000,191772.000000000000000,32846,2676354,22085,1784499,54918,4269016
126,4/18/2021 15:00:00,20069,2504651,16231.000000000000000,1608958,5.000000000000000,191777.000000000000000,20074,2696428,16236,1800735,36305,4305321
127,4/19/2021 15:00:00,29894,2534545,36566.000000000000000,1645524,60.000000000000000,191837.000000000000000,29954,2726382,36626,1837361,66520,4371841
128,4/20/2021 15:00:00,32947,2567492,44526.000000000000000,1690050,59.000000000000000,191896.000000000000000,33006,2759388,44585,1881946,77532,4449373
129,4/21/2021 15:00:00,39849,2607341,47111.000000000000000,1737161,26.000000000000000,191922.000000000000000,39875,2799263,47137,1929083,86986,4536359
130,4/22/2021 15:00:00,35871,2643212,42751.000000000000000,1779912,17.000000000000000,191939.000000000000000,35888,2835151,42768,1971851,78639,4614998
131,4/23/2021 15:00:00,33156,2676368,40201.000000000000000,1820113,14.000000000000000,191953.000000000000000,33170,2868321,40215,2012066,73371,4688369
132,4/24/2021 15:00:00,26435,2702803,27944.000000000000000,1848057,81.000000000000000,192034.000000000000000,26516,2894837,28025,2040091,54460,4742829
133,4/25/2021 15:00:00,20221,2723024,11011.000000000000000,1859068,31.000000000000000,192065.000000000000000,20252,2915089,11042,2051133,31263,4774092
134,4/26/2021 15:00:00,27387,2750411,32791.000000000000000,1891859,201.000000000000000,192266.000000000000000,27588,2942677,32992,2084125,60379,4834471
135,4/27/2021 15:00:00,26672,2777083,33137.000000000000000,1924996,1097.000000000000000,193363.000000000000000,27769,2970446,34234,2118359,60906,4895377
136,4/28/2021 15:00:00,28936,2806019,39596.000000000000000,1964592,1367.000000000000000,194730.000000000000000,30303,3000749,40963,2159322,69899,4965276
137,4/29/2021 15:00:00,27075,2833094,39817.000000000000000,2004409,1463.000000000000000,196193.000000000000000,28538,3029287,41280,2200602,68355,5033631
138,4/30/2021 15:00:00,28207,2861301,32340.000000000000000,2036749,1649.000000000000000,197842.000000000000000,29856,3059143,33989,2234591,62196,5095827
139,5/1/2021 15:00:00,20804,2882105,26869.000000000000000,2063618,1058.000000000000000,198900.000000000000000,21862,3081005,27927,2262518,48731,5144558
140,5/2/2021 15:00:00,10272,2892377,17096.000000000000000,2080714,823.000000000000000,199723.000000000000000,11095,3092100,17919,2280437,28191,5172749
141,5/3/2021 15:00:00,12731,2905108,28711.000000000000000,2109425,1917.000000000000000,201640.000000000000000,14648,3106748,30628,2311065,43359,5216108
142,5/4/2021 15:00:00,13560,2918668,38736.000000000000000,2148161,1742.000000000000000,203382.000000000000000,15302,3122050,40478,2351543,54038,5270146
143,5/5/2021 15:00:00,19302,2937970,37820.000000000000000,2185981,1924.000000000000000,205306.000000000000000,21226,3143276,39744,2391287,59046,5329192
144,5/6/2021 15:00:00,16923,2954893,40610.000000000000000,2226591,1722.000000000000000,207028.000000000000000,18645,3161921,42332,2433619,59255,5388447
145,5/7/2021 15:00:00,17576,2972469,37065.000000000000000,2263656,1959.000000000000000,208987.000000000000000,19535,3181456,39024,2472643,56600,5445047
146,5/8/2021 15:00:00,10790,2983259,31256.000000000000000,2294912,1293.000000000000000,210280.000000000000000,12083,3193539,32549,2505192,43339,5488386
147,5/9/2021 15:00:00,5076,2988335,12264.000000000000000,2307176,695.000000000000000,210975.000000000000000,5771,3199310,12959,2518151,18035,5506421
148,5/10/2021 15:00:00,8955,2997290,31071.000000000000000,2338247,1362.000000000000000,212337.000000000000000,10317,3209627,32433,2550584,41388,5547809
149,5/11/2021 15:00:00,12188,3009478,30308.000000000000000,2368555,1442.000000000000000,213779.000000000000000,13630,3223257,31750,2582334,43938,5591747
150,5/12/2021 15:00:00,13950,3023428,38659.000000000000000,2407214,1918.000000000000000,215697.000000000000000,15868,3239125,40577,2622911,54527,5646274
151,5/13/2021 15:00:00,21847,3045275,33543.000000000000000,2440757,1346.000000000000000,217043.000000000000000,23193,3262318,34889,2657800,56736,5703010
152,5/14/2021 15:00:00,24409,3069684,30103.000000000000000,2470860,1775.000000000000000,218818.000000000000000,26184,3288502,31878,2689678,56287,5759297
153,5/15/2021 15:00:00,21969,3091653,25144.000000000000000,2496004,1490.000000000000000,220308.000000000000000,23459,3311961,26634,2716312,48603,5807900
154,5/16/2021 15:00:00,9103,3100756,17587.000000000000000,2513591,1115.000000000000000,221423.000000000000000,10218,3322179,18702,2735014,27805,5835705
155,5/17/2021 15:00:00,16861,3117617,28435.000000000000000,2542026,1951.000000000000000,223374.000000000000000,18812,3340991,30386,2765400,47247,5882952
156,5/18/2021 15:00:00,21270,3138887,30715.000000000000000,2572741,1944.000000000000000,225318.000000000000000,23214,3364205,32659,2798059,53929,5936881
157,5/19/2021 15:00:00,27679,3166566,32463.000000000000000,2605204,1633.000000000000000,226951.000000000000000,29312,3393517,34096,2832155,61775,5998656
158,5/20/2021 15:00:00,20821,3187387,33299.000000000000000,2638503,1965.000000000000000,228916.000000000000000,22786,3416303,35264,2867419,56085,6054741
159,5/21/2021 15:00:00,19167,3206554,30387.000000000000000,2668890,1609.000000000000000,230525.000000000000000,20776,3437079,31996,2899415,51163,6105904
160,5/22/2021 15:00:00,16959,3223513,20713.000000000000000,2689603,1269.000000000000000,231794.000000000000000,18228,3455307,21982,2921397,38941,6144845
161,5/23/2021 15:00:00,8808,3232321,11460.000000000000000,2701063,965.000000000000000,232759.000000000000000,9773,3465080,12425,2933822,21233,6166078
162,5/24/2021 15:00:00,13576,3245897,17794.000000000000000,2718857,1473.000000000000000,234232.000000000000000,15049,3480129,19267,2953089,32843,6198921
163,5/25/2021 15:00:00,13086,3258983,18729.000000000000000,2737586,1328.000000000000000,235560.000000000000000,14414,3494543,20057,2973146,33143,6232064
164,5/26/2021 15:00:00,18373,3277356,19699.000000000000000,2757285,1512.000000000000000,237072.000000000000000,19885,3514428,21211,2994357,39584,6271648
165,5/27/2021 15:00:00,11700,3289056,18721.000000000000000,2776006,1120.000000000000000,238192.000000000000000,12820,3527248,19841,3014198,31541,6303189
166,5/28/2021 15:00:00,12415,3301471,19873.000000000000000,2795879,1402.000000000000000,239594.000000000000000,13817,3541065,21275,3035473,33690,6336879
167,5/29/2021 15:00:00,9516,3310987,11740.000000000000000,2807619,938.000000000000000,240532.000000000000000,10454,3551519,12678,3048151,22194,6359073
168,5/30/2021 15:00:00,4968,3315955,6446.000000000000000,2814065,596.000000000000000,241128.000000000000000,5564,3557083,7042,3055193,12010,6371083
169,5/31/2021 15:00:00,1779,3317734,3715.000000000000000,2817780,305.000000000000000,241433.000000000000000,2084,3559167,4020,3059213,5799,6376882
170,6/1/2021 15:00:00,9889,3327623,16518.000000000000000,2834298,1162.000000000000000,242595.000000000000000,11051,3570218,17680,3076893,27569,6404451
171,6/2/2021 15:00:00,10245,3337868,16845.000000000000000,2851143,963.000000000000000,243558.000000000000000,11208,3581426,17808,3094701,28053,6432504
172,6/3/2021 15:00:00,7897,3345765,21234.000000000000000,2872377,1089.000000000000000,244647.000000000000000,8986,3590412,22323,3117024,30220,6462724
173,6/4/2021 15:00:00,8199,3353964,22386.000000000000000,2894763,1120.000000000000000,245767.000000000000000,9319,3599731,23506,3140530,31705,6494429
174,6/5/2021 15:00:00,6994,3360958,19484.000000000000000,2914247,721.000000000000000,246488.000000000000000,7715,3607446,20205,3160735,27199,6521628
175,6/6/2021 15:00:00,3458,3364416,7265.000000000000000,2921512,426.000000000000000,246914.000000000000000,3884,3611330,7691,3168426,11149,6532777
176,6/7/2021 15:00:00,6857,3371273,15816.000000000000000,2937328,726.000000000000000,247640.000000000000000,7583,3618913,16542,3184968,23399,6556176
177,6/8/2021 15:00:00,6667,3377940,19754.000000000000000,2957082,831.000000000000000,248471.000000000000000,7498,3626411,20585,3205553,27252,6583428
178,6/9/2021 15:00:00,8193,3386133,24032.000000000000000,2981114,971.000000000000000,249442.000000000000000,9164,3635575,25003,3230556,33196,6616624
179,6/10/2021 15:00:00,7157,3393290,19157.000000000000000,3000271,895.000000000000000,250337.000000000000000,8052,3643627,20052,3250608,27209,6643833
180,6/11/2021 15:00:00,7489,3400779,17747.000000000000000,3018018,1126.000000000000000,251463.000000000000000,8615,3652242,18873,3269481,26362,6670195
181,6/12/2021 15:00:00,5243,3406022,14792.000000000000000,3032810,605.000000000000000,252068.000000000000000,5848,3658090,15397,3284878,20640,6690835
182,6/13/2021 15:00:00,1946,3407968,7641.000000000000000,3040451,427.000000000000000,252495.000000000000000,2373,3660463,8068,3292946,10014,6700849
183,6/14/2021 15:00:00,5653,3413621,11842.000000000000000,3052293,734.000000000000000,253229.000000000000000,6387,3666850,12576,3305522,18229,6719078
184,6/15/2021 15:00:00,5654,3419275,14359.000000000000000,3066652,873.000000000000000,254102.000000000000000,6527,3673377,15232,3320754,20886,6739964
185,6/16/2021 15:00:00,8731,3428006,21648.000000000000000,3088300,758.000000000000000,254860.000000000000000,9489,3682866,22406,3343160,31137,6771101
186,6/17/2021 15:00:00,6685,3434691,12386.000000000000000,3100686,720.000000000000000,255580.000000000000000,7405,3690271,13106,3356266,19791,6790892
187,6/18/2021 15:00:00,6839,3441530,12753.000000000000000,3113439,704.000000000000000,256284.000000000000000,7543,3697814,13457,3369723,20296,6811188
188,6/19/2021 15:00:00,4656,3446186,9389.000000000000000,3122828,614.000000000000000,256898.000000000000000,5270,3703084,10003,3379726,14659,6825847
189,6/20/2021 15:00:00,2514,3448700,5068.000000000000000,3127896,377.000000000000000,257275.000000000000000,2891,3705975,5445,3385171,7959,6833806
190,6/21/2021 15:00:00,5569,3454269,5345.000000000000000,3133241,636.000000000000000,257911.000000000000000,6205,3712180,5981,3391152,11550,6845356
191,6/22/2021 15:00:00,5351,3459620,9070.000000000000000,3142311,699.000000000000000,258610.000000000000000,6050,3718230,9769,3400921,15120,6860476
192,6/23/2021 15:00:00,6061,3465681,10368.000000000000000,3152679,645.000000000000000,259255.000000000000000,6706,3724936,11013,3411934,17074,6877550
193,6/24/2021 15:00:00,5932,3471613,8225.000000000000000,3160904,595.000000000000000,259850.000000000000000,6527,3731463,8820,3420754,14752,6892302
194,6/25/2021 15:00:00,5834,3477447,8674.000000000000000,3169578,619.000000000000000,260469.000000000000000,6453,3737916,9293,3430047,15127,6907429
195,6/26/2021 15:00:00,3707,3481154,6304.000000000000000,3175882,398.000000000000000,260867.000000000000000,4105,3742021,6702,3436749,10409,6917838
196,6/27/2021 15:00:00,2811,3483965,3526.000000000000000,3179408,185.000000000000000,261052.000000000000000,2996,3745017,3711,3440460,6522,6924360
197,6/28/2021 15:00:00,4929,3488894,6399.000000000000000,3185807,539.000000000000000,261591.000000000000000,5468,3750485,6938,3447398,11867,6936227
198,6/29/2021 15:00:00,5063,3493957,6493.000000000000000,3192300,524.000000000000000,262115.000000000000000,5587,3756072,7017,3454415,12080,6948307
199,6/30/2021 15:00:00,5641,3499598,7398.000000000000000,3199698,607.000000000000000,262722.000000000000000,6248,3762320,8005,3462420,13646,6961953
200,7/1/2021 15:00:00,5454,3505052,7012.000000000000000,3206710,505.000000000000000,263227.000000000000000,5959,3768279,7517,3469937,12971,6974924
201,7/2/2021 15:00:00,5308,3510360,6866.000000000000000,3213576,527.000000000000000,263754.000000000000000,5835,3774114,7393,3477330,12701,6987625
202,7/3/2021 15:00:00,3278,3513638,4076.000000000000000,3217652,264.000000000000000,264018.000000000000000,3542,3777656,4340,3481670,7618,6995243
203,7/4/2021 15:00:00,494,3514132,551.000000000000000,3218203,70.000000000000000,264088.000000000000000,564,3778220,621,3482291,1115,6996358
204,7/5/2021 15:00:00,3775,3517907,3954.000000000000000,3222157,287.000000000000000,264375.000000000000000,4062,3782282,4241,3486532,8016,7004374
205,7/6/2021 15:00:00,4491,3522398,6298.000000000000000,3228455,455.000000000000000,264830.000000000000000,4946,3787228,6753,3493285,11244,7015618
206,7/7/2021 15:00:00,4467,3526865,6434.000000000000000,3234889,483.000000000000000,265313.000000000000000,4950,3792178,6917,3500202,11384,7027002
207,7/8/2021 15:00:00,4836,3531701,6200.000000000000000,3241089,564.000000000000000,265877.000000000000000,5400,3797578,6764,3506966,11600,7038602
208,7/9/2021 15:00:00,5368,3537069,6699.000000000000000,3247788,573.000000000000000,266450.000000000000000,5941,3803519,7272,3514238,12640,7051242
209,7/10/2021 15:00:00,3529,3540598,4414.000000000000000,3252202,304.000000000000000,266754.000000000000000,3833,3807352,4718,3518956,8247,7059489
210,7/11/2021 15:00:00,2683,3543281,2583.000000000000000,3254785,227.000000000000000,266981.000000000000000,2910,3810262,2810,3521766,5493,7064982
211,7/12/2021 15:00:00,4429,3547710,5135.000000000000000,3259920,379.000000000000000,267360.000000000000000,4808,3815070,5514,3527280,9943,7074925
212,7/13/2021 15:00:00,4673,3552383,4733.000000000000000,3264653,366.000000000000000,267726.000000000000000,5039,3820109,5099,3532379,9772,7084697
213,7/14/2021 15:00:00,4637,3557020,5300.000000000000000,3269953,421.000000000000000,268147.000000000000000,5058,3825167,5721,3538100,10358,7095055
214,7/15/2021 15:00:00,4913,3561933,5031.000000000000000,3274984,359.000000000000000,268506.000000000000000,5272,3830439,5390,3543490,10303,7105358
215,7/16/2021 15:00:00,6282,3568215,5880.000000000000000,3280864,405.000000000000000,268911.000000000000000,6687,3837126,6285,3549775,12567,7117925
216,7/17/2021 15:00:00,3425,3571640,3555.000000000000000,3284419,304.000000000000000,269215.000000000000000,3729,3840855,3859,3553634,7284,7125209
217,7/18/2021 15:00:00,2311,3573951,2386.000000000000000,3286805,110.000000000000000,269325.000000000000000,2421,3843276,2496,3556130,4807,7130016
218,7/19/2021 15:00:00,5153,3579104,4617.000000000000000,3291422,383.000000000000000,269708.000000000000000,5536,3848812,5000,3561130,10153,7140169
219,7/20/2021 15:00:00,5350,3584454,4737.000000000000000,3296159,367.000000000000000,270075.000000000000000,5717,3854529,5104,3566234,10454,7150623
220,7/21/2021 15:00:00,5668,3590122,4972.000000000000000,3301131,415.000000000000000,270490.000000000000000,6083,3860612,5387,3571621,11055,7161678
221,7/22/2021 15:00:00,6032,3596154,4658.000000000000000,3305789,472.000000000000000,270962.000000000000000,6504,3867116,5130,3576751,11162,7172840
222,7/23/2021 15:00:00,6848,3603002,4862.000000000000000,3310651,499.000000000000000,271461.000000000000000,7347,3874463,5361,3582112,12209,7185049
223,7/24/2021 15:00:00,4287,3607289,3209.000000000000000,3313860,267.000000000000000,271728.000000000000000,4554,3879017,3476,3585588,7763,7192812
224,7/25/2021 15:00:00,3302,3610591,1124.000000000000000,3314984,142.000000000000000,271870.000000000000000,3444,3882461,1266,3586854,4568,7197380
225,7/26/2021 15:00:00,6224,3616815,3918.000000000000000,3318902,420.000000000000000,272290.000000000000000,6644,3889105,4338,3591192,10562,7207942
226,7/27/2021 15:00:00,6619,3623434,4306.000000000000000,3323208,459.000000000000000,272749.000000000000000,7078,3896183,4765,3595957,11384,7219326
227,7/28/2021 15:00:00,7099,3630533,4159.000000000000000,3327367,462.000000000000000,273211.000000000000000,7561,3903744,4621,3600578,11720,7231046
228,7/29/2021 15:00:00,7095,3637628,4330.000000000000000,3331697,420.000000000000000,273631.000000000000000,7515,3911259,4750,3605328,11845,7242891
229,7/30/2021 15:00:00,7835,3645463,4844.000000000000000,3336541,527.000000000000000,274158.000000000000000,8362,3919621,5371,3610699,13206,7256097
230,7/31/2021 15:00:00,4794,3650257,3090.000000000000000,3339631,274.000000000000000,274432.000000000000000,5068,3924689,3364,3614063,8158,7264255
231,8/1/2021 15:00:00,3923,3654180,2202.000000000000000,3341833,165.000000000000000,274597.000000000000000,4088,3928777,2367,3616430,6290,7270545
232,8/2/2021 15:00:00,7283,3661463,3854.000000000000000,3345687,342.000000000000000,274939.000000000000000,7625,3936402,4196,3620626,11479,7282024
233,8/3/2021 15:00:00,7282,3668745,4116.000000000000000,3349803,517.000000000000000,275456.000000000000000,7799,3944201,4633,3625259,11915,7293939
234,8/4/2021 15:00:00,7446,3676191,4132.000000000000000,3353935,536.000000000000000,275992.000000000000000,7982,3952183,4668,3629927,12114,7306053
235,8/5/2021 15:00:00,7964,3684155,4350.000000000000000,3358285,541.000000000000000,276533.000000000000000,8505,3960688,4891,3634818,12855,7318908
236,8/6/2021 15:00:00,8336,3692491,4766.000000000000000,3363051,454.000000000000000,276987.000000000000000,8790,3969478,5220,3640038,13556,7332464
237,8/7/2021 15:00:00,5305,3697796,2851.000000000000000,3365902,264.000000000000000,277251.000000000000000,5569,3975047,3115,3643153,8420,7340884
238,8/8/2021 15:00:00,3981,3701777,2062.000000000000000,3367964,146.000000000000000,277397.000000000000000,4127,3979174,2208,3645361,6189,7347073
239,8/9/2021 15:00:00,6961,3708738,4576.000000000000000,3372540,371.000000000000000,277768.000000000000000,7332,3986506,4947,3650308,11908,7358981
240,8/10/2021 15:00:00,7174,3715912,4512.000000000000000,3377052,340.000000000000000,278108.000000000000000,7514,3994020,4852,3655160,12026,7371007
241,8/11/2021 15:00:00,7108,3723020,4462.000000000000000,3381514,443.000000000000000,278551.000000000000000,7551,4001571,4905,3660065,12013,7383020
242,8/12/2021 15:00:00,8671,3731691,4775.000000000000000,3386289,446.000000000000000,278997.000000000000000,9117,4010688,5221,3665286,13892,7396912
243,8/13/2021 15:00:00,7190,3738881,5421.000000000000000,3391710,398.000000000000000,279395.000000000000000,7588,4018276,5819,3671105,13009,7409921
244,8/14/2021 15:00:00,4929,3743810,3358.000000000000000,3395068,288.000000000000000,279683.000000000000000,5217,4023493,3646,3674751,8575,7418496
245,8/15/2021 15:00:00,3332,3747142,2750.000000000000000,3397818,163.000000000000000,279846.000000000000000,3495,4026988,2913,3677664,6245,7424741
246,8/16/2021 15:00:00,5461,3752603,5111.000000000000000,3402929,353.000000000000000,280199.000000000000000,5814,4032802,5464,3683128,10925,7435666
247,8/17/2021 15:00:00,6832,3759435,5385.000000000000000,3408314,391.000000000000000,280590.000000000000000,7223,4040025,5776,3688904,12608,7448274
248,8/18/2021 15:00:00,6353,3765788,5534.000000000000000,3413848,481.000000000000000,281071.000000000000000,6834,4046859,6015,3694919,12368,7460642
249,8/19/2021 15:00:00,6243,3772031,5592.000000000000000,3419440,416.000000000000000,281487.000000000000000,6659,4053518,6008,3700927,12251,7472893
250,8/20/2021 15:00:00,6857,3778888,6581.000000000000000,3426021,401.000000000000000,281888.000000000000000,7258,4060776,6982,3707909,13839,7486732
251,8/21/2021 15:00:00,4350,3783238,3929.000000000000000,3429950,230.000000000000000,282118.000000000000000,4580,4065356,4159,3712068,8509,7495241
252,8/22/2021 15:00:00,3064,3786302,3179.000000000000000,3433129,111.000000000000000,282229.000000000000000,3175,4068531,3290,3715358,6354,7501595
253,8/23/2021 15:00:00,6004,3792306,6143.000000000000000,3439272,287.000000000000000,282516.000000000000000,6291,4074822,6430,3721788,12434,7514029
254,8/24/2021 15:00:00,6558,3798864,6107.000000000000000,3445379,426.000000000000000,282942.000000000000000,6984,4081806,6533,3728321,13091,7527120
255,8/25/2021 15:00:00,6737,3805601,6256.000000000000000,3451635,440.000000000000000,283382.000000000000000,7177,4088983,6696,3735017,13433,7540553
256,8/26/2021 15:00:00,6975,3812576,6690.000000000000000,3458325,427.000000000000000,283809.000000000000000,7402,4096385,7117,3742134,14092,7554645
257,8/27/2021 15:00:00,6848,3819424,7113.000000000000000,3465438,317.000000000000000,284126.000000000000000,7165,4103550,7430,3749564,14278,7568923
258,8/28/2021 15:00:00,6919,3826343,6542.000000000000000,3471980,329.000000000000000,284455.000000000000000,7248,4110798,6871,3756435,13790,7582713
259,8/29/2021 15:00:00,3745,3830088,3709.000000000000000,3475689,610.000000000000000,285065.000000000000000,4355,4115153,4319,3760754,8064,7590777
260,8/30/2021 15:00:00,5937,3836025,6160.000000000000000,3481849,962.000000000000000,286027.000000000000000,6899,4122052,7122,3767876,13059,7603836
261,8/31/2021 15:00:00,5912,3841937,6098.000000000000000,3487947,947.000000000000000,286974.000000000000000,6859,4128911,7045,3774921,12957,7616793
262,9/1/2021 15:00:00,5629,3847566,5747.000000000000000,3493694,918.000000000000000,287892.000000000000000,6547,4135458,6665,3781586,12294,7629087
263,9/2/2021 15:00:00,5532,3853098,5980.000000000000000,3499674,709.000000000000000,288601.000000000000000,6241,4141699,6689,3788275,12221,7641308
264,9/3/2021 15:00:00,6029,3859127,6986.000000000000000,3506660,977.000000000000000,289578.000000000000000,7006,4148705,7963,3796238,13992,7655300
265,9/4/2021 15:00:00,3743,3862870,4367.000000000000000,3511027,878.000000000000000,290456.000000000000000,4621,4153326,5245,3801483,8988,7664288
266,9/5/2021 15:00:00,2959,3865829,2819.000000000000000,3513846,106.000000000000000,290562.000000000000000,3065,4156391,2925,3804408,5884,7670172
267,9/6/2021 15:00:00,1061,3866890,1163.000000000000000,3515009,70.000000000000000,290632.000000000000000,1131,4157522,1233,3805641,2294,7672466
268,9/7/2021 15:00:00,5352,3872242,7326.000000000000000,3522335,2305.000000000000000,292937.000000000000000,7657,4165179,9631,3815272,14983,7687449
269,9/8/2021 15:00:00,4665,3876907,5507.000000000000000,3527842,364.000000000000000,293301.000000000000000,5029,4170208,5871,3821143,10536,7697985
270,9/9/2021 15:00:00,5030,3881937,5489.000000000000000,3533331,325.000000000000000,293626.000000000000000,5355,4175563,5814,3826957,10844,7708829
271,9/10/2021 15:00:00,6537,3888474,6684.000000000000000,3540015,1719.000000000000000,295345.000000000000000,8256,4183819,8403,3835360,14940,7723769
272,9/11/2021 15:00:00,4185,3892659,4357.000000000000000,3544372,666.000000000000000,296011.000000000000000,4851,4188670,5023,3840383,9208,7732977
273,9/12/2021 15:00:00,3180,3895839,3247.000000000000000,3547619,436.000000000000000,296447.000000000000000,3616,4192286,3683,3844066,6863,7739840
274,9/13/2021 15:00:00,4898,3900737,5085.000000000000000,3552704,347.000000000000000,296794.000000000000000,5245,4197531,5432,3849498,10330,7750170
275,9/14/2021 15:00:00,4779,3905516,5470.000000000000000,3558174,438.000000000000000,297232.000000000000000,5217,4202748,5908,3855406,10687,7760857
276,9/15/2021 15:00:00,5047,3910563,5907.000000000000000,3564081,394.000000000000000,297626.000000000000000,5441,4208189,6301,3861707,11348,7772205
277,9/16/2021 15:00:00,4817,3915380,5863.000000000000000,3569944,341.000000000000000,297967.000000000000000,5158,4213347,6204,3867911,11021,7783226
278,9/17/2021 15:00:00,5292,3920672,6601.000000000000000,3576545,344.000000000000000,298311.000000000000000,5636,4218983,6945,3874856,12237,7795463
279,9/18/2021 15:00:00,3826,3924498,4593.000000000000000,3581138,186.000000000000000,298497.000000000000000,4012,4222995,4779,3879635,8605,7804068
280,9/19/2021 15:00:00,2743,3927241,3184.000000000000000,3584322,75.000000000000000,298572.000000000000000,2818,4225813,3259,3882894,6002,7810070
281,9/20/2021 15:00:00,3757,3930998,4692.000000000000000,3589014,428.000000000000000,299000.000000000000000,4185,4229998,5120,3888014,8877,7818947
282,9/21/2021 15:00:00,4004,3935002,5027.000000000000000,3594041,327.000000000000000,299327.000000000000000,4331,4234329,5354,3893368,9358,7828305
283,9/22/2021 15:00:00,4193,3939195,4804.000000000000000,3598845,459.000000000000000,299786.000000000000000,4652,4238981,5263,3898631,9456,7837761
284,9/23/2021 15:00:00,4193,3943388,4738.000000000000000,3603583,492.000000000000000,300278.000000000000000,4685,4243666,5230,3903861,9423,7847184
285,9/24/2021 15:00:00,5098,3948486,5638.000000000000000,3609221,422.000000000000000,300700.000000000000000,5520,4249186,6060,3909921,11158,7858342
286,9/25/2021 15:00:00,3643,3952129,3649.000000000000000,3612870,384.000000000000000,301084.000000000000000,4027,4253213,4033,3913954,7676,7866018
287,9/26/2021 15:00:00,2351,3954480,2674.000000000000000,3615544,433.000000000000000,301517.000000000000000,2784,4255997,3107,3917061,5458,7871476
288,9/27/2021 15:00:00,4511,3958991,2722.000000000000000,3618266,512.000000000000000,302029.000000000000000,5023,4261020,3234,3920295,7745,7879221
289,9/28/2021 15:00:00,4423,3963414,4481.000000000000000,3622747,212.000000000000000,302241.000000000000000,4635,4265655,4693,3924988,9116,7888337
290,9/29/2021 15:00:00,4690,3968104,4540.000000000000000,3627287,920.000000000000000,303161.000000000000000,5610,4271265,5460,3930448,10150,7898487
291,9/30/2021 15:00:00,4895,3972999,4579.000000000000000,3631866,796.000000000000000,303957.000000000000000,5691,4276956,5375,3935823,10270,7908757
292,10/1/2021 15:00:00,5534,3978533,5381.000000000000000,3637247,786.000000000000000,304743.000000000000000,6320,4283276,6167,3941990,11701,7920458
293,10/2/2021 15:00:00,2948,3981481,2907.000000000000000,3640154,187.000000000000000,304930.000000000000000,3135,4286411,3094,3945084,6042,7926500
294,10/3/2021 15:00:00,2080,3983561,2386.000000000000000,3642540,87.000000000000000,305017.000000000000000,2167,4288578,2473,3947557,4553,7931053
295,10/4/2021 15:00:00,4035,3987596,3512.000000000000000,3646052,234.000000000000000,305251.000000000000000,4269,4292847,3746,3951303,7781,7938834
296,10/5/2021 15:00:00,3966,3991562,3682.000000000000000,3649734,206.000000000000000,305457.000000000000000,4172,4297019,3888,3955191,7854,7946688
297,10/6/2021 15:00:00,4035,3995597,3582.000000000000000,3653316,266.000000000000000,305723.000000000000000,4301,4301320,3848,3959039,7883,7954571
298,10/7/2021 15:00:00,4238,3999835,3662.000000000000000,3656978,332.000000000000000,306055.000000000000000,4570,4305890,3994,3963033,8232,7962803
299,10/8/2021 15:00:00,4782,4004617,4315.000000000000000,3661293,283.000000000000000,306338.000000000000000,5065,4310955,4598,3967631,9380,7972183
300,10/9/2021 15:00:00,2692,4007309,2686.000000000000000,3663979,270.000000000000000,306608.000000000000000,2962,4313917,2956,3970587,5648,7977831
301,10/10/2021 15:00:00,1860,4009169,1855.000000000000000,3665834,60.000000000000000,306668.000000000000000,1920,4315837,1915,3972502,3775,7981606
302,10/11/2021 15:00:00,4216,4013385,3320.000000000000000,3669154,251.000000000000000,306919.000000000000000,4467,4320304,3571,3976073,7787,7989393
303,10/12/2021 15:00:00,3608,4016993,3549.000000000000000,3672703,277.000000000000000,307196.000000000000000,3885,4324189,3826,3979899,7434,7996827
304,10/13/2021 15:00:00,3993,4020986,3480.000000000000000,3676183,346.000000000000000,307542.000000000000000,4339,4328528,3826,3983725,7819,8004646
305,10/14/2021 15:00:00,5176,4026162,5511.000000000000000,3681694,430.000000000000000,307972.000000000000000,5606,4334134,5941,3989666,11117,8015763
306,10/15/2021 15:00:00,4768,4030930,4624.000000000000000,3686318,347.000000000000000,308319.000000000000000,5115,4339249,4971,3994637,9739,8025502
307,10/16/2021 15:00:00,2498,4033428,2531.000000000000000,3688849,291.000000000000000,308610.000000000000000,2789,4342038,2822,3997459,5320,8030822
308,10/17/2021 15:00:00,1811,4035239,1780.000000000000000,3690629,55.000000000000000,308665.000000000000000,1866,4343904,1835,3999294,3646,8034468
309,10/18/2021 15:00:00,4279,4039518,3588.000000000000000,3694217,283.000000000000000,308948.000000000000000,4562,4348466,3871,4003165,8150,8042618
310,10/19/2021 15:00:00,4305,4043823,4038.000000000000000,3698255,223.000000000000000,309171.000000000000000,4528,4352994,4261,4007426,8566,8051184
311,10/20/2021 15:00:00,3546,4047369,3437.000000000000000,3701692,259.000000000000000,309430.000000000000000,3805,4356799,3696,4011122,7242,8058426
312,10/21/2021 15:00:00,3311,4050680,3288.000000000000000,3704980,291.000000000000000,309721.000000000000000,3602,4360401,3579,4014701,6890,8065316
313,10/22/2021 15:00:00,4690,4055370,4042.000000000000000,3709022,477.000000000000000,310198.000000000000000,5167,4365568,4519,4019220,9209,8074525
314,10/23/2021 15:00:00,2886,4058256,2121.000000000000000,3711143,322.000000000000000,310520.000000000000000,3208,4368776,2443,4021663,5329,8079854
315,10/24/2021 15:00:00,2057,4060313,1555.000000000000000,3712698,79.000000000000000,310599.000000000000000,2136,4370912,1634,4023297,3691,8083545
316,10/25/2021 15:00:00,4558,4064871,3084.000000000000000,3715782,323.000000000000000,310922.000000000000000,4881,4375793,3407,4026704,7965,8091510
317,10/26/2021 15:00:00,4544,4069415,3092.000000000000000,3718874,316.000000000000000,311238.000000000000000,4860,4380653,3408,4030112,7952,8099462
318,10/27/2021 15:00:00,4730,4074145,3353.000000000000000,3722227,436.000000000000000,311674.000000000000000,5166,4385819,3789,4033901,8519,8107981
319,10/28/2021 15:00:00,4569,4078714,3377.000000000000000,3725604,501.000000000000000,312175.000000000000000,5070,4390889,3878,4037779,8447,8116428
320,10/29/2021 15:00:00,5000,4083714,3936.000000000000000,3729540,396.000000000000000,312571.000000000000000,5396,4396285,4332,4042111,9332,8125760
321,10/30/2021 15:00:00,2631,4086345,1850.000000000000000,3731390,306.000000000000000,312877.000000000000000,2937,4399222,2156,4044267,4787,8130547
322,10/31/2021 15:00:00,1935,4088280,1522.000000000000000,3732912,94.000000000000000,312971.000000000000000,2029,4401251,1616,4045883,3551,8134098
323,11/1/2021 15:00:00,4751,4093031,3457.000000000000000,3736369,352.000000000000000,313323.000000000000000,5103,4406354,3809,4049692,8560,8142658
324,11/2/2021 15:00:00,4279,4097310,2950.000000000000000,3739319,410.000000000000000,313733.000000000000000,4689,4411043,3360,4053052,7639,8150297
325,11/3/2021 15:00:00,4681,4101991,3052.000000000000000,3742371,464.000000000000000,314197.000000000000000,5145,4416188,3516,4056568,8197,8158494
326,11/4/2021 15:00:00,6332,4108323,3386.000000000000000,3745757,530.000000000000000,314727.000000000000000,6862,4423050,3916,4060484,10248,8168742
327,11/5/2021 15:00:00,8265,4116588,3786.000000000000000,3749543,415.000000000000000,315142.000000000000000,8680,4431730,4201,4064685,12466,8181208
328,11/6/2021 15:00:00,10207,4126795,1976.000000000000000,3751519,309.000000000000000,315451.000000000000000,10516,4442246,2285,4066970,12492,8193700
329,11/7/2021 15:00:00,7754,4134549,1464.000000000000000,3752983,95.000000000000000,315546.000000000000000,7849,4450095,1559,4068529,9313,8203013
330,11/8/2021 15:00:00,11362,4145911,3066.000000000000000,3756049,379.000000000000000,315925.000000000000000,11741,4461836,3445,4071974,14807,8217820
331,11/9/2021 15:00:00,11810,4157721,2658.000000000000000,3758707,268.000000000000000,316193.000000000000000,12078,4473914,2926,4074900,14736,8232556
332,11/10/2021 15:00:00,12642,4170363,2775.000000000000000,3761482,340.000000000000000,316533.000000000000000,12982,4486896,3115,4078015,15757,8248313
333,11/11/2021 15:00:00,11447,4181810,2385.000000000000000,3763867,280.000000000000000,316813.000000000000000,11727,4498623,2665,4080680,14112,8262425
334,11/12/2021 15:00:00,12385,4194195,3378.000000000000000,3767245,548.000000000000000,317361.000000000000000,12933,4511556,3926,4084606,16311,8278736
335,11/13/2021 15:00:00,9984,4204179,1603.000000000000000,3768848,342.000000000000000,317703.000000000000000,10326,4521882,1945,4086551,11929,8290665
336,11/14/2021 15:00:00,4249,4208428,1119.000000000000000,3769967,121.000000000000000,317824.000000000000000,4370,4526252,1240,4087791,5489,8296154
337,11/15/2021 15:00:00,8655,4217083,2521.000000000000000,3772488,211.000000000000000,318035.000000000000000,8866,4535118,2732,4090523,11387,8307541
338,11/16/2021 15:00:00,9300,4226383,2517.000000000000000,3775005,258.000000000000000,318293.000000000000000,9558,4544676,2775,4093298,12075,8319616
339,11/17/2021 15:00:00,9423,4235806,2868.000000000000000,3777873,313.000000000000000,318606.000000000000000,9736,4554412,3181,4096479,12604,8332220
340,11/18/2021 15:00:00,9334,4245140,2628.000000000000000,3780501,481.000000000000000,319087.000000000000000,9815,4564227,3109,4099588,12443,8344663
341,11/19/2021 15:00:00,9853,4254993,2929.000000000000000,3783430,382.000000000000000,319469.000000000000000,10235,4574462,3311,4102899,13164,8357827
342,11/20/2021 15:00:00,10665,4265658,1604.000000000000000,3785034,455.000000000000000,319924.000000000000000,11120,4585582,2059,4104958,12724,8370551
343,11/21/2021 15:00:00,4394,4270052,1210.000000000000000,3786244,100.000000000000000,320024.000000000000000,4494,4590076,1310,4106268,5704,8376255
344,11/22/2021 15:00:00,9853,4279905,2516.000000000000000,3788760,293.000000000000000,320317.000000000000000,10146,4600222,2809,4109077,12662,8388917
345,11/23/2021 15:00:00,9261,4289166,2409.000000000000000,3791169,318.000000000000000,320635.000000000000000,9579,4609801,2727,4111804,11988,8400905
346,11/24/2021 15:00:00,8193,4297359,2444.000000000000000,3793613,215.000000000000000,320850.000000000000000,8408,4618209,2659,4114463,10852,8411757
347,11/25/2021 15:00:00,235,4297594,81.000000000000000,3793694,10.000000000000000,320860.000000000000000,245,4618454,91,4114554,326,8412083
348,11/26/2021 15:00:00,5674,4303268,3984.000000000000000,3797678,153.000000000000000,321013.000000000000000,5827,4624281,4137,4118691,9811,8421894
349,11/27/2021 15:00:00,3781,4307049,5499.000000000000000,3803177,134.000000000000000,321147.000000000000000,3915,4628196,5633,4124324,9414,8431308
350,11/28/2021 15:00:00,2406,4309455,6414.000000000000000,3809591,77.000000000000000,321224.000000000000000,2483,4630679,6491,4130815,8897,8440205
351,11/29/2021 15:00:00,6389,4315844,9342.000000000000000,3818933,380.000000000000000,321604.000000000000000,6769,4637448,9722,4140537,16111,8456316
352,11/30/2021 15:00:00,6283,4322127,9374.000000000000000,3828307,264.000000000000000,321868.000000000000000,6547,4643995,9638,4150175,15921,8472237
353,12/1/2021 15:00:00,7361,4329488,9798.000000000000000,3838105,310.000000000000000,322178.000000000000000,7671,4651666,10108,4160283,17469,8489706
354,12/2/2021 15:00:00,6971,4336459,8870.000000000000000,3846975,463.000000000000000,322641.000000000000000,7434,4659100,9333,4169616,16304,8506010
355,12/3/2021 15:00:00,7656,4344115,9384.000000000000000,3856359,253.000000000000000,322894.000000000000000,7909,4667009,9637,4179253,17293,8523303
356,12/4/2021 15:00:00,5962,4350077,10172.000000000000000,3866531,468.000000000000000,323362.000000000000000,6430,4673439,10640,4189893,16602,8539905
357,12/5/2021 15:00:00,3447,4353524,3586.000000000000000,3870117,79.000000000000000,323441.000000000000000,3526,4676965,3665,4193558,7112,8547017
358,12/6/2021 15:00:00,6780,4360304,7125.000000000000000,3877242,289.000000000000000,323730.000000000000000,7069,4684034,7414,4200972,14194,8561211
359,12/7/2021 15:00:00,6465,4366769,7098.000000000000000,3884340,254.000000000000000,323984.000000000000000,6719,4690753,7352,4208324,13817,8575028
360,12/8/2021 15:00:00,6950,4373719,7451.000000000000000,3891791,316.000000000000000,324300.000000000000000,7266,4698019,7767,4216091,14717,8589745
361,12/9/2021 15:00:00,6556,4380275,7084.000000000000000,3898875,412.000000000000000,324712.000000000000000,6968,4704987,7496,4223587,14052,8603797
362,12/10/2021 15:00:00,7312,4387587,7373.000000000000000,3906248,260.000000000000000,324972.000000000000000,7572,4712559,7633,4231220,14945,8618742
363,12/11/2021 15:00:00,4467,4392054,7718.000000000000000,3913966,333.000000000000000,325305.000000000000000,4800,4717359,8051,4239271,12518,8631260
364,12/12/2021 15:00:00,4011,4396065,2813.000000000000000,3916779,60.000000000000000,325365.000000000000000,4071,4721430,2873,4242144,6884,8638144
365,12/13/2021 15:00:00,5799,4401864,5842.000000000000000,3922621,243.000000000000000,325608.000000000000000,6042,4727472,6085,4248229,11884,8650028
366,12/14/2021 15:00:00,6477,4408341,5970.000000000000000,3928591,223.000000000000000,325831.000000000000000,6700,4734172,6193,4254422,12670,8662698
367,12/15/2021 15:00:00,7200,4415541,5746.000000000000000,3934337,259.000000000000000,326090.000000000000000,7459,4741631,6005,4260427,13205,8675903
368,12/16/2021 15:00:00,7921,4423462,2840.000000000000000,3937177,423.000000000000000,326513.000000000000000,8344,4749975,3263,4263690,11184,8687087
369,12/17/2021 15:00:00,7884,4431346,4197.000000000000000,3941374,195.000000000000000,326708.000000000000000,8079,4758054,4392,4268082,12276,8699363
370,12/18/2021 15:00:00,5869,4437215,3209.000000000000000,3944583,298.000000000000000,327006.000000000000000,6167,4764221,3507,4271589,9376,8708739
371,12/19/2021 15:00:00,3390,4440605,1355.000000000000000,3945938,37.000000000000000,327043.000000000000000,3427,4767648,1392,4272981,4782,8713521
372,12/20/2021 15:00:00,8120,4448725,3776.000000000000000,3949714,174.000000000000000,327217.000000000000000,8294,4775942,3950,4276931,12070,8725591
373,12/21/2021 15:00:00,9096,4457821,4232.000000000000000,3953946,177.000000000000000,327394.000000000000000,9273,4785215,4409,4281340,13505,8739096
374,12/22/2021 15:00:00,8729,4466550,3921.000000000000000,3957867,184.000000000000000,327578.000000000000000,8913,4794128,4105,4285445,12834,8751930
375,12/23/2021 15:00:00,8462,4475012,3604.000000000000000,3961471,359.000000000000000,327937.000000000000000,8821,4802949,3963,4289408,12425,8764355
376,12/24/2021 15:00:00,1637,4476649,1018.000000000000000,3962489,39.000000000000000,327976.000000000000000,1676,4804625,1057,4290465,2694,8767049
377,12/25/2021 15:00:00,47,4476696,36.000000000000000,3962525,1.000000000000000,327977.000000000000000,48,4804673,37,4290502,84,8767133
378,12/26/2021 15:00:00,2520,4479216,1757.000000000000000,3964282,44.000000000000000,328021.000000000000000,2564,4807237,1801,4292303,4321,8771454
379,12/27/2021 15:00:00,7271,4486487,4060.000000000000000,3968342,297.000000000000000,328318.000000000000000,7568,4814805,4357,4296660,11628,8783082
380,12/28/2021 15:00:00,7978,4494465,3891.000000000000000,3972233,179.000000000000000,328497.000000000000000,8157,4822962,4070,4300730,12048,8795130
381,12/29/2021 15:00:00,8276,4502741,4044.000000000000000,3976277,157.000000000000000,328654.000000000000000,8433,4831395,4201,4304931,12477,8807607
382,12/30/2021 15:00:00,7514,4510255,3819.000000000000000,3980096,291.000000000000000,328945.000000000000000,7805,4839200,4110,4309041,11624,8819231
383,12/31/2021 15:00:00,2590,4512845,1546.000000000000000,3981642,89.000000000000000,329034.000000000000000,2679,4841879,1635,4310676,4225,8823456
384,1/1/2022 15:00:00,745,4513590,354.000000000000000,3981996,34.000000000000000,329068.000000000000000,779,4842658,388,4311064,1133,8824589
385,1/2/2022 15:00:00,2220,4515810,1655.000000000000000,3983651,49.000000000000000,329117.000000000000000,2269,4844927,1704,4312768,3924,8828513
386,1/3/2022 15:00:00,3394,4519204,2095.000000000000000,3985746,224.000000000000000,329341.000000000000000,3618,4848545,2319,4315087,5713,8834226
387,1/4/2022 15:00:00,5877,4525081,3543.000000000000000,3989289,165.000000000000000,329506.000000000000000,6042,4854587,3708,4318795,9585,8843811
388,1/5/2022 15:00:00,6853,4531934,4723.000000000000000,3994012,176.000000000000000,329682.000000000000000,7029,4861616,4899,4323694,11752,8855563
389,1/6/2022 15:00:00,6837,4538771,4888.000000000000000,3998900,265.000000000000000,329947.000000000000000,7102,4868718,5153,4328847,11990,8867553
390,1/7/2022 15:00:00,6050,4544821,3866.000000000000000,4002766,162.000000000000000,330109.000000000000000,6212,4874930,4028,4332875,10078,8877631
391,1/8/2022 15:00:00,4822,4549643,3942.000000000000000,4006708,78.000000000000000,330187.000000000000000,4900,4879830,4020,4336895,8842,8886473
392,1/9/2022 15:00:00,2769,4552412,2028.000000000000000,4008736,154.000000000000000,330341.000000000000000,2923,4882753,2182,4339077,4951,8891424
393,1/10/2022 15:00:00,6377,4558789,3883.000000000000000,4012619,160.000000000000000,330501.000000000000000,6537,4889290,4043,4343120,10420,8901844
394,1/11/2022 15:00:00,6553,4565342,4315.000000000000000,4016934,143.000000000000000,330644.000000000000000,6696,4895986,4458,4347578,11011,8912855
395,1/12/2022 15:00:00,6842,4572184,4474.000000000000000,4021408,224.000000000000000,330868.000000000000000,7066,4903052,4698,4352276,11540,8924395
396,1/13/2022 15:00:00,6714,4578898,4416.000000000000000,4025824,153.000000000000000,331021.000000000000000,6867,4909919,4569,4356845,11283,8935678
397,1/14/2022 15:00:00,7284,4586182,3320.000000000000000,4029144,253.000000000000000,331274.000000000000000,7537,4917456,3573,4360418,10857,8946535
398,1/15/2022 15:00:00,4300,4590482,1701.000000000000000,4030845,71.000000000000000,331345.000000000000000,4371,4921827,1772,4362190,6072,8952607
399,1/16/2022 15:00:00,2224,4592706,1326.000000000000000,4032171,116.000000000000000,331461.000000000000000,2340,4924167,1442,4363632,3666,8956273
400,1/17/2022 15:00:00,3635,4596341,2392.000000000000000,4034563,75.000000000000000,331536.000000000000000,3710,4927877,2467,4366099,6102,8962375
401,1/18/2022 15:00:00,5303,4601644,4240.000000000000000,4038803,103.000000000000000,331639.000000000000000,5406,4933283,4343,4370442,9646,8972021
402,1/19/2022 15:00:00,5308,4606952,4509.000000000000000,4043312,99.000000000000000,331738.000000000000000,5407,4938690,4608,4375050,9916,8981937
403,1/20/2022 15:00:00,4544,4611496,3649.000000000000000,4046961,176.000000000000000,331914.000000000000000,4720,4943410,3825,4378875,8369,8990306
404,1/21/2022 15:00:00,5616,4617112,2956.000000000000000,4049917,126.000000000000000,332040.000000000000000,5742,4949152,3082,4381957,8698,8999004
405,1/22/2022 15:00:00,3481,4620593,1731.000000000000000,4051648,134.000000000000000,332174.000000000000000,3615,4952767,1865,4383822,5346,9004350
406,1/23/2022 15:00:00,2051,4622644,1502.000000000000000,4053150,30.000000000000000,332204.000000000000000,2081,4954848,1532,4385354,3583,9007933
407,1/24/2022 15:00:00,4143,4626787,2783.000000000000000,4055933,90.000000000000000,332294.000000000000000,4233,4959081,2873,4388227,7016,9014949
408,1/25/2022 15:00:00,3857,4630644,3337.000000000000000,4059270,95.000000000000000,332389.000000000000000,3952,4963033,3432,4391659,7289,9022238
409,1/26/2022 15:00:00,3898,4634542,3728.000000000000000,4062998,95.000000000000000,332484.000000000000000,3993,4967026,3823,4395482,7721,9029959
410,1/27/2022 15:00:00,3766,4638308,3967.000000000000000,4066965,188.000000000000000,332672.000000000000000,3954,4970980,4155,4399637,7921,9037880
411,1/28/2022 15:00:00,3869,4642177,3302.000000000000000,4070267,76.000000000000000,332748.000000000000000,3945,4974925,3378,4403015,7247,9045127
412,1/29/2022 15:00:00,2313,4644490,2305.000000000000000,4072572,117.000000000000000,332865.000000000000000,2430,4977355,2422,4405437,4735,9049862
413,1/30/2022 15:00:00,1564,4646054,1649.000000000000000,4074221,16.000000000000000,332881.000000000000000,1580,4978935,1665,4407102,3229,9053091
414,1/31/2022 15:00:00,3012,4649066,3250.000000000000000,4077471,58.000000000000000,332939.000000000000000,3070,4982005,3308,4410410,6320,9059411
415,2/1/2022 15:00:00,2662,4651728,3419.000000000000000,4080890,75.000000000000000,333014.000000000000000,2737,4984742,3494,4413904,6156,9065567
416,2/2/2022 15:00:00,2839,4654567,3737.000000000000000,4084627,78.000000000000000,333092.000000000000000,2917,4987659,3815,4417719,6654,9072221
417,2/3/2022 15:00:00,2767,4657334,3691.000000000000000,4088318,42.000000000000000,333134.000000000000000,2809,4990468,3733,4421452,6500,9078721
418,2/4/2022 15:00:00,2797,4660131,4414.000000000000000,4092732,128.000000000000000,333262.000000000000000,2925,4993393,4542,4425994,7339,9086060
419,2/5/2022 15:00:00,1927,4662058,2915.000000000000000,4095647,112.000000000000000,333374.000000000000000,2039,4995432,3027,4429021,4954,9091014
420,2/6/2022 15:00:00,1078,4663136,1361.000000000000000,4097008,24.000000000000000,333398.000000000000000,1102,4996534,1385,4430406,2463,9093477
421,2/7/2022 15:00:00,2083,4665219,2716.000000000000000,4099724,51.000000000000000,333449.000000000000000,2134,4998668,2767,4433173,4850,9098327
422,2/8/2022 15:00:00,2102,4667321,3115.000000000000000,4102839,63.000000000000000,333512.000000000000000,2165,5000833,3178,4436351,5280,9103607
423,2/9/2022 15:00:00,2215,4669536,3327.000000000000000,4106166,76.000000000000000,333588.000000000000000,2291,5003124,3403,4439754,5618,9109225
424,2/10/2022 15:00:00,2110,4671646,2892.000000000000000,4109058,55.000000000000000,333643.000000000000000,2165,5005289,2947,4442701,5057,9114282
425,2/11/2022 15:00:00,2526,4674172,3538.000000000000000,4112596,123.000000000000000,333766.000000000000000,2649,5007938,3661,4446362,6187,9120469
426,2/12/2022 15:00:00,1687,4675859,2325.000000000000000,4114921,97.000000000000000,333863.000000000000000,1784,5009722,2422,4448784,4109,9124578
427,2/13/2022 15:00:00,739,4676598,1087.000000000000000,4116008,17.000000000000000,333880.000000000000000,756,5010478,1104,4449888,1843,9126421
428,2/14/2022 15:00:00,1465,4678063,2249.000000000000000,4118257,65.000000000000000,333945.000000000000000,1530,5012008,2314,4452202,3779,9130200
429,2/15/2022 15:00:00,1957,4680020,2483.000000000000000,4120740,47.000000000000000,333992.000000000000000,2004,5014012,2530,4454732,4487,9134687
430,2/16/2022 15:00:00,1699,4681719,2462.000000000000000,4123202,52.000000000000000,334044.000000000000000,1751,5015763,2514,4457246,4213,9138900
431,2/17/2022 15:00:00,16887,4698606,13064.000000000000000,4136266,488.000000000000000,334532.000000000000000,17375,5033138,13552,4470798,30439,9169339
432,2/18/2022 15:00:00,2023,4700629,2627.000000000000000,4138893,50.000000000000000,334582.000000000000000,2073,5035211,2677,4473475,4700,9174039
433,2/19/2022 15:00:00,1248,4701877,1726.000000000000000,4140619,39.000000000000000,334621.000000000000000,1287,5036498,1765,4475240,3013,9177052
434,2/20/2022 15:00:00,721,4702598,856.000000000000000,4141475,15.000000000000000,334636.000000000000000,736,5037234,871,4476111,1592,9178644
435,2/21/2022 15:00:00,1324,4703922,1801.000000000000000,4143276,32.000000000000000,334668.000000000000000,1356,5038590,1833,4477944,3157,9181801
436,2/22/2022 15:00:00,1485,4705407,1954.000000000000000,4145230,37.000000000000000,334705.000000000000000,1522,5040112,1991,4479935,3476,9185277
437,2/23/2022 15:00:00,1603,4707010,1940.000000000000000,4147170,36.000000000000000,334741.000000000000000,1639,5041751,1976,4481911,3579,9188856
438,2/24/2022 15:00:00,1526,4708536,1710.000000000000000,4148880,39.000000000000000,334780.000000000000000,1565,5043316,1749,4483660,3275,9192131
439,2/25/2022 15:00:00,1712,4710248,1890.000000000000000,4150770,72.000000000000000,334852.000000000000000,1784,5045100,1962,4485622,3674,9195805
440,2/26/2022 15:00:00,1216,4711464,1249.000000000000000,4152019,46.000000000000000,334898.000000000000000,1262,5046362,1295,4486917,2511,9198316
441,2/27/2022 15:00:00,588,4712052,535.000000000000000,4152554,15.000000000000000,334913.000000000000000,603,5046965,550,4487467,1138,9199454
442,2/28/2022 15:00:00,1300,4713352,1357.000000000000000,4153911,35.000000000000000,334948.000000000000000,1335,5048300,1392,4488859,2692,9202146
443,3/1/2022 15:00:00,1373,4714725,1362.000000000000000,4155273,28.000000000000000,334976.000000000000000,1401,5049701,1390,4490249,2763,9204909
444,3/2/2022 15:00:00,1177,4715902,1341.000000000000000,4156614,67.000000000000000,335043.000000000000000,1244,5050945,1408,4491657,2585,9207494
445,3/3/2022 15:00:00,1270,4717172,1285.000000000000000,4157899,32.000000000000000,335075.000000000000000,1302,5052247,1317,4492974,2587,9210081
446,3/4/2022 15:00:00,1378,4718550,1476.000000000000000,4159375,46.000000000000000,335121.000000000000000,1424,5053671,1522,4494496,2900,9212981
447,3/5/2022 15:00:00,756,4719306,855.000000000000000,4160230,20.000000000000000,335141.000000000000000,776,5054447,875,4495371,1631,9214612
448,3/6/2022 15:00:00,160,4719466,148.000000000000000,4160378,7.000000000000000,335148.000000000000000,167,5054614,155,4495526,315,9214927