OBJECTID,VACCINATION_DATE,FirstDailyDose,FirstDoseCumulative,SecondDailyDose,SecondDoseCumulative,SingleDailyDose,SingleDoseCumulative,AtleastOneVaccine,AtleastOneVaccineCumulative,CompletedVax,CompletedVaxCumulative,FirstSecondSingleVaccination_12,FirstSecondSingleVaccination_13
1,12/14/2020 15:00:00,14,667,,246,,,14,667,0,246,14,842
2,12/15/2020 15:00:00,37,704,2.000000000000000,248,,,37,704,2,248,39,881
3,12/16/2020 15:00:00,568,1272,1.000000000000000,249,,,568,1272,1,249,569,1450
4,12/17/2020 15:00:00,1116,2388,2.000000000000000,251,,,1116,2388,2,251,1118,2568
5,12/18/2020 15:00:00,2977,5365,8.000000000000000,259,,,2977,5365,8,259,2985,5553
6,12/19/2020 15:00:00,913,6278,3.000000000000000,262,,,913,6278,3,262,916,6469
7,12/20/2020 15:00:00,311,6589,3.000000000000000,265,,,311,6589,3,265,314,6783
8,12/21/2020 15:00:00,3830,10419,10.000000000000000,275,,,3830,10419,10,275,3840,10623
9,12/22/2020 15:00:00,6290,16709,9.000000000000000,284,,,6290,16709,9,284,6299,16922
10,12/23/2020 15:00:00,5698,22407,21.000000000000000,305,,,5698,22407,21,305,5719,22641
11,12/24/2020 15:00:00,2690,25097,8.000000000000000,313,,,2690,25097,8,313,2698,25339
12,12/25/2020 15:00:00,1032,26129,3.000000000000000,316,,,1032,26129,3,316,1035,26374
13,12/26/2020 15:00:00,1848,27977,6.000000000000000,322,,,1848,27977,6,322,1854,28228
14,12/27/2020 15:00:00,1780,29757,8.000000000000000,330,,,1780,29757,8,330,1788,30016
15,12/28/2020 15:00:00,8892,38649,28.000000000000000,358,,,8892,38649,28,358,8920,38936
16,12/29/2020 15:00:00,10880,49529,19.000000000000000,377,,,10880,49529,19,377,10899,49835
17,12/30/2020 15:00:00,12408,61937,46.000000000000000,423,,,12408,61937,46,423,12454,62289
18,12/31/2020 15:00:00,7479,69416,24.000000000000000,447,,,7479,69416,24,447,7503,69792
19,1/1/2021 15:00:00,2147,71563,74.000000000000000,521,,,2147,71563,74,521,2221,72013
20,1/2/2021 15:00:00,2919,74482,28.000000000000000,549,,,2919,74482,28,549,2947,74960
21,1/3/2021 15:00:00,3335,77817,75.000000000000000,624,,,3335,77817,75,624,3410,78370
22,1/4/2021 15:00:00,13178,90995,287.000000000000000,911,,,13178,90995,287,911,13465,91835
23,1/5/2021 15:00:00,12322,103317,490.000000000000000,1401,,,12322,103317,490,1401,12812,104647
24,1/6/2021 15:00:00,15076,118393,811.000000000000000,2212,,,15076,118393,811,2212,15887,120534
25,1/7/2021 15:00:00,14884,133277,1687.000000000000000,3899,,,14884,133277,1687,3899,16571,137105
26,1/8/2021 15:00:00,23856,157133,2697.000000000000000,6596,,,23856,157133,2697,6596,26553,163658
27,1/9/2021 15:00:00,5084,162217,923.000000000000000,7519,,,5084,162217,923,7519,6007,169665
28,1/10/2021 15:00:00,2872,165089,359.000000000000000,7878,,,2872,165089,359,7878,3231,172896
29,1/11/2021 15:00:00,13607,178696,3367.000000000000000,11245,,,13607,178696,3367,11245,16974,189870
30,1/12/2021 15:00:00,17198,195894,5531.000000000000000,16776,,,17198,195894,5531,16776,22729,212599
31,1/13/2021 15:00:00,18406,214300,3813.000000000000000,20589,,,18406,214300,3813,20589,22219,234818
32,1/14/2021 15:00:00,17720,232020,1885.000000000000000,22474,,,17720,232020,1885,22474,19605,254423
33,1/15/2021 15:00:00,19356,251376,1899.000000000000000,24373,,,19356,251376,1899,24373,21255,275678
34,1/16/2021 15:00:00,5729,257105,1560.000000000000000,25933,,,5729,257105,1560,25933,7289,282967
35,1/17/2021 15:00:00,2070,259175,1456.000000000000000,27389,,,2070,259175,1456,27389,3526,286493
36,1/18/2021 15:00:00,6983,266158,3208.000000000000000,30597,,,6983,266158,3208,30597,10191,296684
37,1/19/2021 15:00:00,17086,283244,5281.000000000000000,35878,,,17086,283244,5281,35878,22367,319051
38,1/20/2021 15:00:00,21155,304399,5189.000000000000000,41067,,,21155,304399,5189,41067,26344,345395
39,1/21/2021 15:00:00,23721,328120,3613.000000000000000,44680,,,23721,328120,3613,44680,27334,372729
40,1/22/2021 15:00:00,28758,356878,3529.000000000000000,48209,,,28758,356878,3529,48209,32287,405016
41,1/23/2021 15:00:00,9977,366855,1875.000000000000000,50084,,,9977,366855,1875,50084,11852,416868
42,1/24/2021 15:00:00,3297,370152,1687.000000000000000,51771,,,3297,370152,1687,51771,4984,421852
43,1/25/2021 15:00:00,16558,386710,8416.000000000000000,60187,,,16558,386710,8416,60187,24974,446826
44,1/26/2021 15:00:00,17824,404534,8835.000000000000000,69022,,,17824,404534,8835,69022,26659,473485
45,1/27/2021 15:00:00,24993,429527,12308.000000000000000,81330,,,24993,429527,12308,81330,37301,510786
46,1/28/2021 15:00:00,23232,452759,9141.000000000000000,90471,,,23232,452759,9141,90471,32373,543159
47,1/29/2021 15:00:00,25474,478233,7707.000000000000000,98178,,,25474,478233,7707,98178,33181,576340
48,1/30/2021 15:00:00,18377,496610,2437.000000000000000,100615,,,18377,496610,2437,100615,20814,597154
49,1/31/2021 15:00:00,4094,500704,1270.000000000000000,101885,,,4094,500704,1270,101885,5364,602518
50,2/1/2021 15:00:00,7334,508038,4786.000000000000000,106671,,,7334,508038,4786,106671,12120,614638
51,2/2/2021 15:00:00,12719,520757,13633.000000000000000,120304,,,12719,520757,13633,120304,26352,640990
52,2/3/2021 15:00:00,18598,539355,17989.000000000000000,138293,,,18598,539355,17989,138293,36587,677577
53,2/4/2021 15:00:00,22379,561734,15614.000000000000000,153907,,,22379,561734,15614,153907,37993,715570
54,2/5/2021 15:00:00,20455,582189,17305.000000000000000,171212,,,20455,582189,17305,171212,37760,753330
55,2/6/2021 15:00:00,12058,594247,14340.000000000000000,185552,,,12058,594247,14340,185552,26398,779728
56,2/7/2021 15:00:00,5933,600180,1734.000000000000000,187286,,,5933,600180,1734,187286,7667,787395
57,2/8/2021 15:00:00,13216,613396,13018.000000000000000,200304,,,13216,613396,13018,200304,26234,813629
58,2/9/2021 15:00:00,16618,630014,13927.000000000000000,214231,,,16618,630014,13927,214231,30545,844174
59,2/10/2021 15:00:00,19201,649215,21290.000000000000000,235521,,,19201,649215,21290,235521,40491,884665
60,2/11/2021 15:00:00,22810,672025,17427.000000000000000,252948,,,22810,672025,17427,252948,40237,924902
61,2/12/2021 15:00:00,20303,692328,19774.000000000000000,272722,,,20303,692328,19774,272722,40077,964979
62,2/13/2021 15:00:00,11332,703660,6306.000000000000000,279028,,,11332,703660,6306,279028,17638,982617
63,2/14/2021 15:00:00,7054,710714,2042.000000000000000,281070,,,7054,710714,2042,281070,9096,991713
64,2/15/2021 15:00:00,11656,722370,13136.000000000000000,294206,,,11656,722370,13136,294206,24792,1016505
65,2/16/2021 15:00:00,16525,738895,21591.000000000000000,315797,,,16525,738895,21591,315797,38116,1054621
66,2/17/2021 15:00:00,20570,759465,27054.000000000000000,342851,,,20570,759465,27054,342851,47624,1102245
67,2/18/2021 15:00:00,3138,762603,4690.000000000000000,347541,,,3138,762603,4690,347541,7828,1110073
68,2/19/2021 15:00:00,10227,772830,20340.000000000000000,367881,,,10227,772830,20340,367881,30567,1140640
69,2/20/2021 15:00:00,10278,783108,20779.000000000000000,388660,,,10278,783108,20779,388660,31057,1171697
70,2/21/2021 15:00:00,6136,789244,7881.000000000000000,396541,,,6136,789244,7881,396541,14017,1185714
71,2/22/2021 15:00:00,8052,797296,15801.000000000000000,412342,,,8052,797296,15801,412342,23853,1209567
72,2/23/2021 15:00:00,15536,812832,16407.000000000000000,428749,,,15536,812832,16407,428749,31943,1241510
73,2/24/2021 15:00:00,17917,830749,25101.000000000000000,453850,,,17917,830749,25101,453850,43018,1284528
74,2/25/2021 15:00:00,20352,851101,26810.000000000000000,480660,,,20352,851101,26810,480660,47162,1331690
75,2/26/2021 15:00:00,26766,877867,26359.000000000000000,507019,,,26766,877867,26359,507019,53125,1384815
76,2/27/2021 15:00:00,16056,893923,11639.000000000000000,518658,,,16056,893923,11639,518658,27695,1412510
77,2/28/2021 15:00:00,15463,909386,4760.000000000000000,523418,,,15463,909386,4760,523418,20223,1432733
78,3/1/2021 15:00:00,25353,934739,12257.000000000000000,535675,,,25353,934739,12257,535675,37610,1470343
79,3/2/2021 15:00:00,23881,958620,13217.000000000000000,548892,29.000000000000000,29.000000000000000,23910,958649,13246,548921,37127,1507470
80,3/3/2021 15:00:00,30056,988676,18248.000000000000000,567140,164.000000000000000,193.000000000000000,30220,988869,18412,567333,48468,1555938
81,3/4/2021 15:00:00,30985,1019661,18022.000000000000000,585162,4063.000000000000000,4256.000000000000000,35048,1023917,22085,589418,53070,1609008
82,3/5/2021 15:00:00,29454,1049115,19253.000000000000000,604415,4901.000000000000000,9157.000000000000000,34355,1058272,24154,613572,53608,1662616
83,3/6/2021 15:00:00,17709,1066824,8853.000000000000000,613268,5985.000000000000000,15142.000000000000000,23694,1081966,14838,628410,32547,1695163
84,3/7/2021 15:00:00,12041,1078865,4755.000000000000000,618023,6608.000000000000000,21750.000000000000000,18649,1100615,11363,639773,23404,1718567
85,3/8/2021 15:00:00,26105,1104970,8658.000000000000000,626681,8280.000000000000000,30030.000000000000000,34385,1135000,16938,656711,43043,1761610
86,3/9/2021 15:00:00,26310,1131280,15286.000000000000000,641967,8338.000000000000000,38368.000000000000000,34648,1169648,23624,680335,49934,1811544
87,3/10/2021 15:00:00,30046,1161326,15818.000000000000000,657785,7940.000000000000000,46308.000000000000000,37986,1207634,23758,704093,53804,1865348
88,3/11/2021 15:00:00,36119,1197445,16311.000000000000000,674096,4032.000000000000000,50340.000000000000000,40151,1247785,20343,724436,56462,1921810
89,3/12/2021 15:00:00,37100,1234545,17931.000000000000000,692027,2911.000000000000000,53251.000000000000000,40011,1287796,20842,745278,57942,1979752
90,3/13/2021 15:00:00,22549,1257094,10143.000000000000000,702170,1588.000000000000000,54839.000000000000000,24137,1311933,11731,757009,34280,2014032
91,3/14/2021 15:00:00,17830,1274924,6616.000000000000000,708786,989.000000000000000,55828.000000000000000,18819,1330752,7605,764614,25435,2039467
92,3/15/2021 15:00:00,29887,1304811,11232.000000000000000,720018,588.000000000000000,56416.000000000000000,30475,1361227,11820,776434,41707,2081174
93,3/16/2021 15:00:00,33537,1338348,13441.000000000000000,733459,764.000000000000000,57180.000000000000000,34301,1395528,14205,790639,47742,2128916
94,3/17/2021 15:00:00,37657,1376005,16867.000000000000000,750326,1178.000000000000000,58358.000000000000000,38835,1434363,18045,808684,55702,2184618
95,3/18/2021 15:00:00,41402,1417407,12512.000000000000000,762838,1349.000000000000000,59707.000000000000000,42751,1477114,13861,822545,55263,2239881
96,3/19/2021 15:00:00,38225,1455632,15500.000000000000000,778338,1038.000000000000000,60745.000000000000000,39263,1516377,16538,839083,54763,2294644
97,3/20/2021 15:00:00,24446,1480078,9938.000000000000000,788276,1117.000000000000000,61862.000000000000000,25563,1541940,11055,850138,35501,2330145
98,3/21/2021 15:00:00,19094,1499172,7736.000000000000000,796012,324.000000000000000,62186.000000000000000,19418,1561358,8060,858198,27154,2357299
99,3/22/2021 15:00:00,32563,1531735,11510.000000000000000,807522,825.000000000000000,63011.000000000000000,33388,1594746,12335,870533,44898,2402197
100,3/23/2021 15:00:00,37735,1569470,17360.000000000000000,824882,1538.000000000000000,64549.000000000000000,39273,1634019,18898,889431,56633,2458830
101,3/24/2021 15:00:00,41084,1610554,21021.000000000000000,845903,1371.000000000000000,65920.000000000000000,42455,1676474,22392,911823,63476,2522306
102,3/25/2021 15:00:00,42422,1652976,20901.000000000000000,866804,2514.000000000000000,68434.000000000000000,44936,1721410,23415,935238,65837,2588143
103,3/26/2021 15:00:00,36562,1689538,26234.000000000000000,893038,2498.000000000000000,70932.000000000000000,39060,1760470,28732,963970,65294,2653437
104,3/27/2021 15:00:00,27798,1717336,16797.000000000000000,909835,2765.000000000000000,73697.000000000000000,30563,1791033,19562,983532,47360,2700797
105,3/28/2021 15:00:00,17000,1734336,12523.000000000000000,922358,1611.000000000000000,75308.000000000000000,18611,1809644,14134,997666,31134,2731931
106,3/29/2021 15:00:00,29727,1764063,26392.000000000000000,948750,1133.000000000000000,76441.000000000000000,30860,1840504,27525,1025191,57252,2789183
107,3/30/2021 15:00:00,40026,1804089,29025.000000000000000,977775,1846.000000000000000,78287.000000000000000,41872,1882376,30871,1056062,70897,2860080
108,3/31/2021 15:00:00,41028,1845117,34717.000000000000000,1012492,5738.000000000000000,84025.000000000000000,46766,1929142,40455,1096517,81483,2941563
109,4/1/2021 15:00:00,40143,1885260,39354.000000000000000,1051846,5568.000000000000000,89593.000000000000000,45711,1974853,44922,1141439,85065,3026628
110,4/2/2021 15:00:00,34821,1920081,32611.000000000000000,1084457,6078.000000000000000,95671.000000000000000,40899,2015752,38689,1180128,73510,3100138
111,4/3/2021 15:00:00,21547,1941628,18562.000000000000000,1103019,4424.000000000000000,100095.000000000000000,25971,2041723,22986,1203114,44533,3144671
112,4/4/2021 15:00:00,8256,1949884,10114.000000000000000,1113133,953.000000000000000,101048.000000000000000,9209,2050932,11067,1214181,19323,3163994
113,4/5/2021 15:00:00,27910,1977794,28954.000000000000000,1142087,6631.000000000000000,107679.000000000000000,34541,2085473,35585,1249766,63495,3227489
114,4/6/2021 15:00:00,39852,2017646,30467.000000000000000,1172554,10466.000000000000000,118145.000000000000000,50318,2135791,40933,1290699,80785,3308274
115,4/7/2021 15:00:00,36117,2053763,34113.000000000000000,1206667,12928.000000000000000,131073.000000000000000,49045,2184836,47041,1337740,83158,3391432
116,4/8/2021 15:00:00,42380,2096143,35952.000000000000000,1242619,13847.000000000000000,144920.000000000000000,56227,2241063,49799,1387539,92179,3483611
117,4/9/2021 15:00:00,34088,2130231,36252.000000000000000,1278871,14481.000000000000000,159401.000000000000000,48569,2289632,50733,1438272,84821,3568432
118,4/10/2021 15:00:00,23981,2154212,22924.000000000000000,1301795,7615.000000000000000,167016.000000000000000,31596,2321228,30539,1468811,54520,3622952
119,4/11/2021 15:00:00,17538,2171750,13233.000000000000000,1315028,10619.000000000000000,177635.000000000000000,28157,2349385,23852,1492663,41390,3664342
120,4/12/2021 15:00:00,24678,2196428,33059.000000000000000,1348087,10934.000000000000000,188569.000000000000000,35612,2384997,43993,1536656,68671,3733013
121,4/13/2021 15:00:00,126913,2323341,90584.000000000000000,1438671,3292.000000000000000,191861.000000000000000,130205,2515202,93876,1630532,220789,3953802
122,4/14/2021 15:00:00,40787,2364128,37751.000000000000000,1476422,207.000000000000000,192068.000000000000000,40994,2556196,37958,1668490,78745,4032547
123,4/15/2021 15:00:00,41819,2405947,39086.000000000000000,1515508,168.000000000000000,192236.000000000000000,41987,2598183,39254,1707744,81073,4113620
124,4/16/2021 15:00:00,37348,2443295,38659.000000000000000,1554167,22.000000000000000,192258.000000000000000,37370,2635553,38681,1746425,76029,4189649
125,4/17/2021 15:00:00,32972,2476267,21875.000000000000000,1576042,11.000000000000000,192269.000000000000000,32983,2668536,21886,1768311,54858,4244507
126,4/18/2021 15:00:00,20001,2496268,16126.000000000000000,1592168,4.000000000000000,192273.000000000000000,20005,2688541,16130,1784441,36131,4280638
127,4/19/2021 15:00:00,29958,2526226,36448.000000000000000,1628616,61.000000000000000,192334.000000000000000,30019,2718560,36509,1820950,66467,4347105
128,4/20/2021 15:00:00,33085,2559311,43994.000000000000000,1672610,54.000000000000000,192388.000000000000000,33139,2751699,44048,1864998,77133,4424238
129,4/21/2021 15:00:00,39771,2599082,46769.000000000000000,1719379,19.000000000000000,192407.000000000000000,39790,2791489,46788,1911786,86559,4510797
130,4/22/2021 15:00:00,36420,2635502,41749.000000000000000,1761128,16.000000000000000,192423.000000000000000,36436,2827925,41765,1953551,78185,4588982
131,4/23/2021 15:00:00,33121,2668623,39856.000000000000000,1800984,12.000000000000000,192435.000000000000000,33133,2861058,39868,1993419,72989,4661971
132,4/24/2021 15:00:00,26353,2694976,28516.000000000000000,1829500,79.000000000000000,192514.000000000000000,26432,2887490,28595,2022014,54948,4716919
133,4/25/2021 15:00:00,20181,2715157,10857.000000000000000,1840357,30.000000000000000,192544.000000000000000,20211,2907701,10887,2032901,31068,4747987
134,4/26/2021 15:00:00,27403,2742560,32653.000000000000000,1873010,202.000000000000000,192746.000000000000000,27605,2935306,32855,2065756,60258,4808245
135,4/27/2021 15:00:00,26697,2769257,32920.000000000000000,1905930,1096.000000000000000,193842.000000000000000,27793,2963099,34016,2099772,60713,4868958
136,4/28/2021 15:00:00,28978,2798235,39405.000000000000000,1945335,1359.000000000000000,195201.000000000000000,30337,2993436,40764,2140536,69742,4938700
137,4/29/2021 15:00:00,27384,2825619,39245.000000000000000,1984580,1463.000000000000000,196664.000000000000000,28847,3022283,40708,2181244,68092,5006792
138,4/30/2021 15:00:00,28134,2853753,31938.000000000000000,2016518,1634.000000000000000,198298.000000000000000,29768,3052051,33572,2214816,61706,5068498
139,5/1/2021 15:00:00,20104,2873857,26154.000000000000000,2042672,1004.000000000000000,199302.000000000000000,21108,3073159,27158,2241974,47262,5115760
140,5/2/2021 15:00:00,10238,2884095,16964.000000000000000,2059636,818.000000000000000,200120.000000000000000,11056,3084215,17782,2259756,28020,5143780
141,5/3/2021 15:00:00,13024,2897119,29639.000000000000000,2089275,1908.000000000000000,202028.000000000000000,14932,3099147,31547,2291303,44571,5188351
142,5/4/2021 15:00:00,14183,2911302,39406.000000000000000,2128681,1727.000000000000000,203755.000000000000000,15910,3115057,41133,2332436,55316,5243667
143,5/5/2021 15:00:00,19283,2930585,37662.000000000000000,2166343,1912.000000000000000,205667.000000000000000,21195,3136252,39574,2372010,58857,5302524
144,5/6/2021 15:00:00,16975,2947560,40478.000000000000000,2206821,1709.000000000000000,207376.000000000000000,18684,3154936,42187,2414197,59162,5361686
145,5/7/2021 15:00:00,17386,2964946,35935.000000000000000,2242756,1946.000000000000000,209322.000000000000000,19332,3174268,37881,2452078,55267,5416953
146,5/8/2021 15:00:00,10773,2975719,31091.000000000000000,2273847,1289.000000000000000,210611.000000000000000,12062,3186330,32380,2484458,43153,5460106
147,5/9/2021 15:00:00,5049,2980768,11852.000000000000000,2285699,695.000000000000000,211306.000000000000000,5744,3192074,12547,2497005,17596,5477702
148,5/10/2021 15:00:00,8931,2989699,31076.000000000000000,2316775,1355.000000000000000,212661.000000000000000,10286,3202360,32431,2529436,41362,5519064
149,5/11/2021 15:00:00,12162,3001861,30216.000000000000000,2346991,1443.000000000000000,214104.000000000000000,13605,3215965,31659,2561095,43821,5562885
150,5/12/2021 15:00:00,13922,3015783,38488.000000000000000,2385479,1907.000000000000000,216011.000000000000000,15829,3231794,40395,2601490,54317,5617202
151,5/13/2021 15:00:00,21787,3037570,33350.000000000000000,2418829,1351.000000000000000,217362.000000000000000,23138,3254932,34701,2636191,56488,5673690
152,5/14/2021 15:00:00,24300,3061870,29867.000000000000000,2448696,1770.000000000000000,219132.000000000000000,26070,3281002,31637,2667828,55937,5729627
153,5/15/2021 15:00:00,21836,3083706,24953.000000000000000,2473649,1529.000000000000000,220661.000000000000000,23365,3304367,26482,2694310,48318,5777945
154,5/16/2021 15:00:00,9041,3092747,17470.000000000000000,2491119,1111.000000000000000,221772.000000000000000,10152,3314519,18581,2712891,27622,5805567
155,5/17/2021 15:00:00,16832,3109579,28318.000000000000000,2519437,1947.000000000000000,223719.000000000000000,18779,3333298,30265,2743156,47097,5852664
156,5/18/2021 15:00:00,21232,3130811,30637.000000000000000,2550074,1940.000000000000000,225659.000000000000000,23172,3356470,32577,2775733,53809,5906473
157,5/19/2021 15:00:00,27568,3158379,32291.000000000000000,2582365,1620.000000000000000,227279.000000000000000,29188,3385658,33911,2809644,61479,5967952
158,5/20/2021 15:00:00,20777,3179156,33199.000000000000000,2615564,1961.000000000000000,229240.000000000000000,22738,3408396,35160,2844804,55937,6023889
159,5/21/2021 15:00:00,19135,3198291,30159.000000000000000,2645723,1611.000000000000000,230851.000000000000000,20746,3429142,31770,2876574,50905,6074794
160,5/22/2021 15:00:00,16871,3215162,20543.000000000000000,2666266,1271.000000000000000,232122.000000000000000,18142,3447284,21814,2898388,38685,6113479
161,5/23/2021 15:00:00,8727,3223889,11371.000000000000000,2677637,957.000000000000000,233079.000000000000000,9684,3456968,12328,2910716,21055,6134534
162,5/24/2021 15:00:00,13440,3237329,17817.000000000000000,2695454,1480.000000000000000,234559.000000000000000,14920,3471888,19297,2930013,32737,6167271
163,5/25/2021 15:00:00,12884,3250213,18743.000000000000000,2714197,1328.000000000000000,235887.000000000000000,14212,3486100,20071,2950084,32955,6200226
164,5/26/2021 15:00:00,18177,3268390,19400.000000000000000,2733597,1508.000000000000000,237395.000000000000000,19685,3505785,20908,2970992,39085,6239311
165,5/27/2021 15:00:00,11673,3280063,18592.000000000000000,2752189,1131.000000000000000,238526.000000000000000,12804,3518589,19723,2990715,31396,6270707
166,5/28/2021 15:00:00,12527,3292590,19633.000000000000000,2771822,1401.000000000000000,239927.000000000000000,13928,3532517,21034,3011749,33561,6304268
167,5/29/2021 15:00:00,9537,3302127,11583.000000000000000,2783405,937.000000000000000,240864.000000000000000,10474,3542991,12520,3024269,22057,6326325
168,5/30/2021 15:00:00,4890,3307017,6453.000000000000000,2789858,596.000000000000000,241460.000000000000000,5486,3548477,7049,3031318,11939,6338264
169,5/31/2021 15:00:00,1774,3308791,3664.000000000000000,2793522,305.000000000000000,241765.000000000000000,2079,3550556,3969,3035287,5743,6344007
170,6/1/2021 15:00:00,9344,3318135,16456.000000000000000,2809978,1138.000000000000000,242903.000000000000000,10482,3561038,17594,3052881,26938,6370945
171,6/2/2021 15:00:00,10063,3328198,16743.000000000000000,2826721,956.000000000000000,243859.000000000000000,11019,3572057,17699,3070580,27762,6398707
172,6/3/2021 15:00:00,7897,3336095,21131.000000000000000,2847852,1082.000000000000000,244941.000000000000000,8979,3581036,22213,3092793,30110,6428817
173,6/4/2021 15:00:00,8188,3344283,22089.000000000000000,2869941,1123.000000000000000,246064.000000000000000,9311,3590347,23212,3116005,31400,6460217
174,6/5/2021 15:00:00,6991,3351274,19327.000000000000000,2889268,717.000000000000000,246781.000000000000000,7708,3598055,20044,3136049,27035,6487252
175,6/6/2021 15:00:00,3466,3354740,7152.000000000000000,2896420,417.000000000000000,247198.000000000000000,3883,3601938,7569,3143618,11035,6498287
176,6/7/2021 15:00:00,6818,3361558,15677.000000000000000,2912097,725.000000000000000,247923.000000000000000,7543,3609481,16402,3160020,23220,6521507
177,6/8/2021 15:00:00,6693,3368251,19628.000000000000000,2931725,815.000000000000000,248738.000000000000000,7508,3616989,20443,3180463,27136,6548643
178,6/9/2021 15:00:00,8111,3376362,23805.000000000000000,2955530,967.000000000000000,249705.000000000000000,9078,3626067,24772,3205235,32883,6581526
179,6/10/2021 15:00:00,7172,3383534,19017.000000000000000,2974547,896.000000000000000,250601.000000000000000,8068,3634135,19913,3225148,27085,6608611
180,6/11/2021 15:00:00,7381,3390915,17542.000000000000000,2992089,1122.000000000000000,251723.000000000000000,8503,3642638,18664,3243812,26045,6634656
181,6/12/2021 15:00:00,5238,3396153,14633.000000000000000,3006722,603.000000000000000,252326.000000000000000,5841,3648479,15236,3259048,20474,6655130
182,6/13/2021 15:00:00,1928,3398081,7524.000000000000000,3014246,426.000000000000000,252752.000000000000000,2354,3650833,7950,3266998,9878,6665008
183,6/14/2021 15:00:00,5649,3403730,11757.000000000000000,3026003,725.000000000000000,253477.000000000000000,6374,3657207,12482,3279480,18131,6683139
184,6/15/2021 15:00:00,5610,3409340,14258.000000000000000,3040261,857.000000000000000,254334.000000000000000,6467,3663674,15115,3294595,20725,6703864
185,6/16/2021 15:00:00,8678,3418018,21370.000000000000000,3061631,749.000000000000000,255083.000000000000000,9427,3673101,22119,3316714,30797,6734661
186,6/17/2021 15:00:00,6663,3424681,12313.000000000000000,3073944,720.000000000000000,255803.000000000000000,7383,3680484,13033,3329747,19696,6754357
187,6/18/2021 15:00:00,6801,3431482,12538.000000000000000,3086482,693.000000000000000,256496.000000000000000,7494,3687978,13231,3342978,20032,6774389
188,6/19/2021 15:00:00,4653,3436135,9323.000000000000000,3095805,614.000000000000000,257110.000000000000000,5267,3693245,9937,3352915,14590,6788979
189,6/20/2021 15:00:00,2502,3438637,5013.000000000000000,3100818,377.000000000000000,257487.000000000000000,2879,3696124,5390,3358305,7892,6796871
190,6/21/2021 15:00:00,5535,3444172,5276.000000000000000,3106094,635.000000000000000,258122.000000000000000,6170,3702294,5911,3364216,11446,6808317
191,6/22/2021 15:00:00,5171,3449343,8819.000000000000000,3114913,681.000000000000000,258803.000000000000000,5852,3708146,9500,3373716,14671,6822988
192,6/23/2021 15:00:00,6015,3455358,10176.000000000000000,3125089,639.000000000000000,259442.000000000000000,6654,3714800,10815,3384531,16830,6839818
193,6/24/2021 15:00:00,5905,3461263,8149.000000000000000,3133238,589.000000000000000,260031.000000000000000,6494,3721294,8738,3393269,14643,6854461
194,6/25/2021 15:00:00,5783,3467046,8523.000000000000000,3141761,619.000000000000000,260650.000000000000000,6402,3727696,9142,3402411,14925,6869386
195,6/26/2021 15:00:00,3693,3470739,6240.000000000000000,3148001,392.000000000000000,261042.000000000000000,4085,3731781,6632,3409043,10325,6879711
196,6/27/2021 15:00:00,2792,3473531,3520.000000000000000,3151521,182.000000000000000,261224.000000000000000,2974,3734755,3702,3412745,6494,6886205
197,6/28/2021 15:00:00,4704,3478235,6039.000000000000000,3157560,521.000000000000000,261745.000000000000000,5225,3739980,6560,3419305,11264,6897469
198,6/29/2021 15:00:00,5042,3483277,6464.000000000000000,3164024,517.000000000000000,262262.000000000000000,5559,3745539,6981,3426286,12023,6909492
199,6/30/2021 15:00:00,5563,3488840,7327.000000000000000,3171351,595.000000000000000,262857.000000000000000,6158,3751697,7922,3434208,13485,6922977
200,7/1/2021 15:00:00,5223,3494063,6859.000000000000000,3178210,479.000000000000000,263336.000000000000000,5702,3757399,7338,3441546,12561,6935538
201,7/2/2021 15:00:00,5237,3499300,6742.000000000000000,3184952,515.000000000000000,263851.000000000000000,5752,3763151,7257,3448803,12494,6948032
202,7/3/2021 15:00:00,3244,3502544,4049.000000000000000,3189001,260.000000000000000,264111.000000000000000,3504,3766655,4309,3453112,7553,6955585
203,7/4/2021 15:00:00,497,3503041,537.000000000000000,3189538,65.000000000000000,264176.000000000000000,562,3767217,602,3453714,1099,6956684
204,7/5/2021 15:00:00,3725,3506766,3938.000000000000000,3193476,279.000000000000000,264455.000000000000000,4004,3771221,4217,3457931,7942,6964626
205,7/6/2021 15:00:00,4451,3511217,6178.000000000000000,3199654,447.000000000000000,264902.000000000000000,4898,3776119,6625,3464556,11076,6975702
206,7/7/2021 15:00:00,4420,3515637,6295.000000000000000,3205949,476.000000000000000,265378.000000000000000,4896,3781015,6771,3471327,11191,6986893
207,7/8/2021 15:00:00,4816,3520453,6088.000000000000000,3212037,558.000000000000000,265936.000000000000000,5374,3786389,6646,3477973,11462,6998355
208,7/9/2021 15:00:00,5307,3525760,6555.000000000000000,3218592,566.000000000000000,266502.000000000000000,5873,3792262,7121,3485094,12428,7010783
209,7/10/2021 15:00:00,3516,3529276,4361.000000000000000,3222953,301.000000000000000,266803.000000000000000,3817,3796079,4662,3489756,8178,7018961
210,7/11/2021 15:00:00,2653,3531929,2546.000000000000000,3225499,220.000000000000000,267023.000000000000000,2873,3798952,2766,3492522,5419,7024380
211,7/12/2021 15:00:00,4389,3536318,5080.000000000000000,3230579,373.000000000000000,267396.000000000000000,4762,3803714,5453,3497975,9842,7034222
212,7/13/2021 15:00:00,4723,3541041,4533.000000000000000,3235112,357.000000000000000,267753.000000000000000,5080,3808794,4890,3502865,9613,7043835
213,7/14/2021 15:00:00,4568,3545609,5173.000000000000000,3240285,413.000000000000000,268166.000000000000000,4981,3813775,5586,3508451,10154,7053989
214,7/15/2021 15:00:00,4847,3550456,4923.000000000000000,3245208,355.000000000000000,268521.000000000000000,5202,3818977,5278,3513729,10125,7064114
215,7/16/2021 15:00:00,6230,3556686,5754.000000000000000,3250962,396.000000000000000,268917.000000000000000,6626,3825603,6150,3519879,12380,7076494
216,7/17/2021 15:00:00,3396,3560082,3530.000000000000000,3254492,297.000000000000000,269214.000000000000000,3693,3829296,3827,3523706,7223,7083717
217,7/18/2021 15:00:00,2300,3562382,2362.000000000000000,3256854,107.000000000000000,269321.000000000000000,2407,3831703,2469,3526175,4769,7088486
218,7/19/2021 15:00:00,5201,3567583,4443.000000000000000,3261297,369.000000000000000,269690.000000000000000,5570,3837273,4812,3530987,10013,7098499
219,7/20/2021 15:00:00,5301,3572884,4652.000000000000000,3265949,355.000000000000000,270045.000000000000000,5656,3842929,5007,3535994,10308,7108807
220,7/21/2021 15:00:00,5559,3578443,4880.000000000000000,3270829,405.000000000000000,270450.000000000000000,5964,3848893,5285,3541279,10844,7119651
221,7/22/2021 15:00:00,5904,3584347,4577.000000000000000,3275406,387.000000000000000,270837.000000000000000,6291,3855184,4964,3546243,10868,7130519
222,7/23/2021 15:00:00,6798,3591145,4827.000000000000000,3280233,482.000000000000000,271319.000000000000000,7280,3862464,5309,3551552,12107,7142626
223,7/24/2021 15:00:00,4249,3595394,3173.000000000000000,3283406,256.000000000000000,271575.000000000000000,4505,3866969,3429,3554981,7678,7150304
224,7/25/2021 15:00:00,3278,3598672,1132.000000000000000,3284538,138.000000000000000,271713.000000000000000,3416,3870385,1270,3556251,4548,7154852
225,7/26/2021 15:00:00,6170,3604842,3872.000000000000000,3288410,409.000000000000000,272122.000000000000000,6579,3876964,4281,3560532,10451,7165303
226,7/27/2021 15:00:00,6320,3611162,4027.000000000000000,3292437,435.000000000000000,272557.000000000000000,6755,3883719,4462,3564994,10782,7176085
227,7/28/2021 15:00:00,6734,3617896,3965.000000000000000,3296402,451.000000000000000,273008.000000000000000,7185,3890904,4416,3569410,11150,7187235
228,7/29/2021 15:00:00,6756,3624652,4112.000000000000000,3300514,405.000000000000000,273413.000000000000000,7161,3898065,4517,3573927,11273,7198508
229,7/30/2021 15:00:00,7425,3632077,4456.000000000000000,3304970,513.000000000000000,273926.000000000000000,7938,3906003,4969,3578896,12394,7210902
230,7/31/2021 15:00:00,4664,3636741,2994.000000000000000,3307964,266.000000000000000,274192.000000000000000,4930,3910933,3260,3582156,7924,7218826
231,8/1/2021 15:00:00,3689,3640430,2056.000000000000000,3310020,148.000000000000000,274340.000000000000000,3837,3914770,2204,3584360,5893,7224719
232,8/2/2021 15:00:00,6937,3647367,3612.000000000000000,3313632,329.000000000000000,274669.000000000000000,7266,3922036,3941,3588301,10878,7235597
233,8/3/2021 15:00:00,6876,3654243,3842.000000000000000,3317474,499.000000000000000,275168.000000000000000,7375,3929411,4341,3592642,11217,7246814
234,8/4/2021 15:00:00,7107,3661350,3856.000000000000000,3321330,516.000000000000000,275684.000000000000000,7623,3937034,4372,3597014,11479,7258293
235,8/5/2021 15:00:00,7568,3668918,4091.000000000000000,3325421,533.000000000000000,276217.000000000000000,8101,3945135,4624,3601638,12192,7270485
236,8/6/2021 15:00:00,8220,3677138,4628.000000000000000,3330049,437.000000000000000,276654.000000000000000,8657,3953792,5065,3606703,13285,7283770
237,8/7/2021 15:00:00,5160,3682298,2766.000000000000000,3332815,254.000000000000000,276908.000000000000000,5414,3959206,3020,3609723,8180,7291950
238,8/8/2021 15:00:00,3864,3686162,2018.000000000000000,3334833,139.000000000000000,277047.000000000000000,4003,3963209,2157,3611880,6021,7297971
239,8/9/2021 15:00:00,6871,3693033,4475.000000000000000,3339308,356.000000000000000,277403.000000000000000,7227,3970436,4831,3616711,11702,7309673
240,8/10/2021 15:00:00,7010,3700043,4392.000000000000000,3343700,331.000000000000000,277734.000000000000000,7341,3977777,4723,3621434,11733,7321406
241,8/11/2021 15:00:00,6936,3706979,4345.000000000000000,3348045,430.000000000000000,278164.000000000000000,7366,3985143,4775,3626209,11711,7333117
242,8/12/2021 15:00:00,8499,3715478,4625.000000000000000,3352670,425.000000000000000,278589.000000000000000,8924,3994067,5050,3631259,13549,7346666
243,8/13/2021 15:00:00,7004,3722482,5253.000000000000000,3357923,345.000000000000000,278934.000000000000000,7349,4001416,5598,3636857,12602,7359268
244,8/14/2021 15:00:00,4816,3727298,3287.000000000000000,3361210,250.000000000000000,279184.000000000000000,5066,4006482,3537,3640394,8353,7367621
245,8/15/2021 15:00:00,3250,3730548,2694.000000000000000,3363904,161.000000000000000,279345.000000000000000,3411,4009893,2855,3643249,6105,7373726
246,8/16/2021 15:00:00,5326,3735874,5009.000000000000000,3368913,335.000000000000000,279680.000000000000000,5661,4015554,5344,3648593,10670,7384396
247,8/17/2021 15:00:00,6677,3742551,5079.000000000000000,3373992,371.000000000000000,280051.000000000000000,7048,4022602,5450,3654043,12127,7396523
248,8/18/2021 15:00:00,6358,3748909,5166.000000000000000,3379158,459.000000000000000,280510.000000000000000,6817,4029419,5625,3659668,11983,7408506
249,8/19/2021 15:00:00,5840,3754749,5218.000000000000000,3384376,376.000000000000000,280886.000000000000000,6216,4035635,5594,3665262,11434,7419940
250,8/20/2021 15:00:00,6795,3761544,6159.000000000000000,3390535,398.000000000000000,281284.000000000000000,7193,4042828,6557,3671819,13352,7433292
251,8/21/2021 15:00:00,4153,3765697,3804.000000000000000,3394339,213.000000000000000,281497.000000000000000,4366,4047194,4017,3675836,8170,7441462
252,8/22/2021 15:00:00,2925,3768622,3048.000000000000000,3397387,108.000000000000000,281605.000000000000000,3033,4050227,3156,3678992,6081,7447543
253,8/23/2021 15:00:00,6019,3774641,5726.000000000000000,3403113,278.000000000000000,281883.000000000000000,6297,4056524,6004,3684996,12023,7459566
254,8/24/2021 15:00:00,6252,3780893,5621.000000000000000,3408734,412.000000000000000,282295.000000000000000,6664,4063188,6033,3691029,12285,7471851
255,8/25/2021 15:00:00,6000,3786893,5357.000000000000000,3414091,365.000000000000000,282660.000000000000000,6365,4069553,5722,3696751,11722,7483573
256,8/26/2021 15:00:00,2658,3789551,2437.000000000000000,3416528,268.000000000000000,282928.000000000000000,2926,4072479,2705,3699456,5363,7488936