OBJECTID,VACCINATION_DATE,FirstDailyDose,FirstDoseCumulative,SecondDailyDose,SecondDoseCumulative,SingleDailyDose,SingleDoseCumulative,AtleastOneVaccine,AtleastOneVaccineCumulative,CompletedVax,CompletedVaxCumulative,FirstSecondSingleVaccination_12,FirstSecondSingleVaccination_13
1,12/14/2020 15:00:00,19,1320,,514,,,19,1320,0,514,19,1730
2,12/15/2020 15:00:00,59,1379,3.000000000000000,517,,,59,1379,3,517,62,1792
3,12/16/2020 15:00:00,587,1966,5.000000000000000,522,,,587,1966,5,522,592,2384
4,12/17/2020 15:00:00,1154,3120,5.000000000000000,527,,,1154,3120,5,527,1159,3543
5,12/18/2020 15:00:00,3010,6130,13.000000000000000,540,,,3010,6130,13,540,3023,6566
6,12/19/2020 15:00:00,928,7058,5.000000000000000,545,,,928,7058,5,545,933,7499
7,12/20/2020 15:00:00,358,7416,5.000000000000000,550,,,358,7416,5,550,363,7862
8,12/21/2020 15:00:00,3883,11299,26.000000000000000,576,,,3883,11299,26,576,3909,11771
9,12/22/2020 15:00:00,6318,17617,25.000000000000000,601,,,6318,17617,25,601,6343,18114
10,12/23/2020 15:00:00,5772,23389,35.000000000000000,636,,,5772,23389,35,636,5807,23921
11,12/24/2020 15:00:00,2722,26111,16.000000000000000,652,,,2722,26111,16,652,2738,26659
12,12/25/2020 15:00:00,1034,27145,4.000000000000000,656,,,1034,27145,4,656,1038,27697
13,12/26/2020 15:00:00,1881,29026,9.000000000000000,665,,,1881,29026,9,665,1890,29587
14,12/27/2020 15:00:00,1803,30829,10.000000000000000,675,,,1803,30829,10,675,1813,31400
15,12/28/2020 15:00:00,8979,39808,47.000000000000000,722,,,8979,39808,47,722,9026,40426
16,12/29/2020 15:00:00,10956,50764,50.000000000000000,772,,,10956,50764,50,772,11006,51432
17,12/30/2020 15:00:00,12484,63248,87.000000000000000,859,,,12484,63248,87,859,12571,64003
18,12/31/2020 15:00:00,7547,70795,45.000000000000000,904,,,7547,70795,45,904,7592,71595
19,1/1/2021 15:00:00,3166,73961,136.000000000000000,1040,,,3166,73961,136,1040,3302,74897
20,1/2/2021 15:00:00,3034,76995,34.000000000000000,1074,,,3034,76995,34,1074,3068,77965
21,1/3/2021 15:00:00,3402,80397,81.000000000000000,1155,,,3402,80397,81,1155,3483,81448
22,1/4/2021 15:00:00,13348,93745,331.000000000000000,1486,,,13348,93745,331,1486,13679,95127
23,1/5/2021 15:00:00,12460,106205,542.000000000000000,2028,,,12460,106205,542,2028,13002,108129
24,1/6/2021 15:00:00,15238,121443,858.000000000000000,2886,,,15238,121443,858,2886,16096,124225
25,1/7/2021 15:00:00,15010,136453,1760.000000000000000,4646,,,15010,136453,1760,4646,16770,140995
26,1/8/2021 15:00:00,24000,160453,2772.000000000000000,7418,,,24000,160453,2772,7418,26772,167767
27,1/9/2021 15:00:00,5160,165613,951.000000000000000,8369,,,5160,165613,951,8369,6111,173878
28,1/10/2021 15:00:00,2964,168577,380.000000000000000,8749,,,2964,168577,380,8749,3344,177222
29,1/11/2021 15:00:00,13708,182285,3465.000000000000000,12214,,,13708,182285,3465,12214,17173,194395
30,1/12/2021 15:00:00,17372,199657,5585.000000000000000,17799,,,17372,199657,5585,17799,22957,217352
31,1/13/2021 15:00:00,18599,218256,3909.000000000000000,21708,,,18599,218256,3909,21708,22508,239860
32,1/14/2021 15:00:00,17830,236086,1957.000000000000000,23665,,,17830,236086,1957,23665,19787,259647
33,1/15/2021 15:00:00,19452,255538,2023.000000000000000,25688,,,19452,255538,2023,25688,21475,281122
34,1/16/2021 15:00:00,5816,261354,1612.000000000000000,27300,,,5816,261354,1612,27300,7428,288550
35,1/17/2021 15:00:00,2115,263469,1478.000000000000000,28778,,,2115,263469,1478,28778,3593,292143
36,1/18/2021 15:00:00,7069,270538,3253.000000000000000,32031,,,7069,270538,3253,32031,10322,302465
37,1/19/2021 15:00:00,16933,287471,5397.000000000000000,37428,,,16933,287471,5397,37428,22330,324795
38,1/20/2021 15:00:00,20995,308466,5313.000000000000000,42741,,,20995,308466,5313,42741,26308,351103
39,1/21/2021 15:00:00,23782,332248,3828.000000000000000,46569,,,23782,332248,3828,46569,27610,378713
40,1/22/2021 15:00:00,28651,360899,3737.000000000000000,50306,,,28651,360899,3737,50306,32388,411101
41,1/23/2021 15:00:00,10110,371009,1934.000000000000000,52240,,,10110,371009,1934,52240,12044,423145
42,1/24/2021 15:00:00,3350,374359,1722.000000000000000,53962,,,3350,374359,1722,53962,5072,428217
43,1/25/2021 15:00:00,16297,390656,8591.000000000000000,62553,,,16297,390656,8591,62553,24888,453105
44,1/26/2021 15:00:00,17547,408203,8963.000000000000000,71516,,,17547,408203,8963,71516,26510,479615
45,1/27/2021 15:00:00,24431,432634,12539.000000000000000,84055,,,24431,432634,12539,84055,36970,516585
46,1/28/2021 15:00:00,22646,455280,9319.000000000000000,93374,,,22646,455280,9319,93374,31965,548550
47,1/29/2021 15:00:00,24766,480046,7913.000000000000000,101287,,,24766,480046,7913,101287,32679,581229
48,1/30/2021 15:00:00,17771,497817,2548.000000000000000,103835,,,17771,497817,2548,103835,20319,601548
49,1/31/2021 15:00:00,3758,501575,1357.000000000000000,105192,,,3758,501575,1357,105192,5115,606663
50,2/1/2021 15:00:00,8029,509604,5325.000000000000000,110517,,,8029,509604,5325,110517,13354,620017
51,2/2/2021 15:00:00,12478,522082,13816.000000000000000,124333,,,12478,522082,13816,124333,26294,646311
52,2/3/2021 15:00:00,18237,540319,18115.000000000000000,142448,,,18237,540319,18115,142448,36352,682663
53,2/4/2021 15:00:00,22104,562423,15763.000000000000000,158211,,,22104,562423,15763,158211,37867,720530
54,2/5/2021 15:00:00,20337,582760,17399.000000000000000,175610,,,20337,582760,17399,175610,37736,758266
55,2/6/2021 15:00:00,11316,594076,14462.000000000000000,190072,,,11316,594076,14462,190072,25778,784044
56,2/7/2021 15:00:00,5945,600021,1829.000000000000000,191901,,,5945,600021,1829,191901,7774,791818
57,2/8/2021 15:00:00,12968,612989,12909.000000000000000,204810,,,12968,612989,12909,204810,25877,817695
58,2/9/2021 15:00:00,16638,629627,13861.000000000000000,218671,,,16638,629627,13861,218671,30499,848194
59,2/10/2021 15:00:00,19275,648902,21223.000000000000000,239894,,,19275,648902,21223,239894,40498,888692
60,2/11/2021 15:00:00,22838,671740,17325.000000000000000,257219,,,22838,671740,17325,257219,40163,928855
61,2/12/2021 15:00:00,20382,692122,19605.000000000000000,276824,,,20382,692122,19605,276824,39987,968842
62,2/13/2021 15:00:00,11436,703558,6407.000000000000000,283231,,,11436,703558,6407,283231,17843,986685
63,2/14/2021 15:00:00,7106,710664,2117.000000000000000,285348,,,7106,710664,2117,285348,9223,995908
64,2/15/2021 15:00:00,11756,722420,13316.000000000000000,298664,,,11756,722420,13316,298664,25072,1020980
65,2/16/2021 15:00:00,16597,739017,21001.000000000000000,319665,,,16597,739017,21001,319665,37598,1058578
66,2/17/2021 15:00:00,20648,759665,26362.000000000000000,346027,,,20648,759665,26362,346027,47010,1105588
67,2/18/2021 15:00:00,3194,762859,4615.000000000000000,350642,,,3194,762859,4615,350642,7809,1113397
68,2/19/2021 15:00:00,10254,773113,19920.000000000000000,370562,,,10254,773113,19920,370562,30174,1143571
69,2/20/2021 15:00:00,10305,783418,20276.000000000000000,390838,,,10305,783418,20276,390838,30581,1174152
70,2/21/2021 15:00:00,6168,789586,7637.000000000000000,398475,,,6168,789586,7637,398475,13805,1187957
71,2/22/2021 15:00:00,8029,797615,15462.000000000000000,413937,,,8029,797615,15462,413937,23491,1211448
72,2/23/2021 15:00:00,15516,813131,15970.000000000000000,429907,,,15516,813131,15970,429907,31486,1242934
73,2/24/2021 15:00:00,17938,831069,24738.000000000000000,454645,,,17938,831069,24738,454645,42676,1285610
74,2/25/2021 15:00:00,20388,851457,26542.000000000000000,481187,,,20388,851457,26542,481187,46930,1332540
75,2/26/2021 15:00:00,26715,878172,26192.000000000000000,507379,,,26715,878172,26192,507379,52907,1385447
76,2/27/2021 15:00:00,15994,894166,11150.000000000000000,518529,,,15994,894166,11150,518529,27144,1412591
77,2/28/2021 15:00:00,15496,909662,4871.000000000000000,523400,,,15496,909662,4871,523400,20367,1432958
78,3/1/2021 15:00:00,26844,936506,12564.000000000000000,535964,,,26844,936506,12564,535964,39408,1472366
79,3/2/2021 15:00:00,23906,960412,13260.000000000000000,549224,32.000000000000000,32.000000000000000,23938,960444,13292,549256,37198,1509564
80,3/3/2021 15:00:00,30179,990591,18381.000000000000000,567605,186.000000000000000,218.000000000000000,30365,990809,18567,567823,48746,1558310
81,3/4/2021 15:00:00,30948,1021539,18178.000000000000000,585783,4067.000000000000000,4285.000000000000000,35015,1025824,22245,590068,53193,1611503
82,3/5/2021 15:00:00,30005,1051544,19704.000000000000000,605487,4910.000000000000000,9195.000000000000000,34915,1060739,24614,614682,54619,1666122
83,3/6/2021 15:00:00,18904,1070448,9501.000000000000000,614988,6006.000000000000000,15201.000000000000000,24910,1085649,15507,630189,34411,1700533
84,3/7/2021 15:00:00,12116,1082564,4848.000000000000000,619836,6612.000000000000000,21813.000000000000000,18728,1104377,11460,641649,23576,1724109
85,3/8/2021 15:00:00,25861,1108425,8831.000000000000000,628667,8277.000000000000000,30090.000000000000000,34138,1138515,17108,658757,42969,1767078
86,3/9/2021 15:00:00,26110,1134535,15453.000000000000000,644120,8345.000000000000000,38435.000000000000000,34455,1172970,23798,682555,49908,1816986
87,3/10/2021 15:00:00,29842,1164377,15981.000000000000000,660101,7940.000000000000000,46375.000000000000000,37782,1210752,23921,706476,53763,1870749
88,3/11/2021 15:00:00,35972,1200349,16395.000000000000000,676496,3980.000000000000000,50355.000000000000000,39952,1250704,20375,726851,56347,1927096
89,3/12/2021 15:00:00,36902,1237251,18084.000000000000000,694580,2923.000000000000000,53278.000000000000000,39825,1290529,21007,747858,57909,1985005
90,3/13/2021 15:00:00,22655,1259906,10276.000000000000000,704856,1626.000000000000000,54904.000000000000000,24281,1314810,11902,759760,34557,2019562
91,3/14/2021 15:00:00,17833,1277739,6712.000000000000000,711568,1004.000000000000000,55908.000000000000000,18837,1333647,7716,767476,25549,2045111
92,3/15/2021 15:00:00,29807,1307546,11284.000000000000000,722852,596.000000000000000,56504.000000000000000,30403,1364050,11880,779356,41687,2086798
93,3/16/2021 15:00:00,33410,1340956,13562.000000000000000,736414,769.000000000000000,57273.000000000000000,34179,1398229,14331,793687,47741,2134539
94,3/17/2021 15:00:00,37555,1378511,17034.000000000000000,753448,1180.000000000000000,58453.000000000000000,38735,1436964,18214,811901,55769,2190308
95,3/18/2021 15:00:00,41430,1419941,12623.000000000000000,766071,1348.000000000000000,59801.000000000000000,42778,1479742,13971,825872,55401,2245709
96,3/19/2021 15:00:00,38319,1458260,15413.000000000000000,781484,1036.000000000000000,60837.000000000000000,39355,1519097,16449,842321,54768,2300477
97,3/20/2021 15:00:00,24688,1482948,10143.000000000000000,791627,702.000000000000000,61539.000000000000000,25390,1544487,10845,853166,35533,2336010
98,3/21/2021 15:00:00,19167,1502115,7866.000000000000000,799493,336.000000000000000,61875.000000000000000,19503,1563990,8202,861368,27369,2363379
99,3/22/2021 15:00:00,32576,1534691,11462.000000000000000,810955,835.000000000000000,62710.000000000000000,33411,1597401,12297,873665,44873,2408252
100,3/23/2021 15:00:00,38414,1573105,17785.000000000000000,828740,1553.000000000000000,64263.000000000000000,39967,1637368,19338,893003,57752,2466004
101,3/24/2021 15:00:00,41069,1614174,21186.000000000000000,849926,1384.000000000000000,65647.000000000000000,42453,1679821,22570,915573,63639,2529643
102,3/25/2021 15:00:00,42864,1657038,21673.000000000000000,871599,2458.000000000000000,68105.000000000000000,45322,1725143,24131,939704,66995,2596638
103,3/26/2021 15:00:00,36330,1693368,26660.000000000000000,898259,2496.000000000000000,70601.000000000000000,38826,1763969,29156,968860,65486,2662124
104,3/27/2021 15:00:00,26459,1719827,17272.000000000000000,915531,2491.000000000000000,73092.000000000000000,28950,1792919,19763,988623,46222,2708346
105,3/28/2021 15:00:00,17005,1736832,12632.000000000000000,928163,1616.000000000000000,74708.000000000000000,18621,1811540,14248,1002871,31253,2739599
106,3/29/2021 15:00:00,29710,1766542,26266.000000000000000,954429,1140.000000000000000,75848.000000000000000,30850,1842390,27406,1030277,57116,2796715
107,3/30/2021 15:00:00,40042,1806584,28974.000000000000000,983403,1860.000000000000000,77708.000000000000000,41902,1884292,30834,1061111,70876,2867591
108,3/31/2021 15:00:00,41025,1847609,34669.000000000000000,1018072,5746.000000000000000,83454.000000000000000,46771,1931063,40415,1101526,81440,2949031
109,4/1/2021 15:00:00,42239,1889848,40937.000000000000000,1059009,5722.000000000000000,89176.000000000000000,47961,1979024,46659,1148185,88898,3037929
110,4/2/2021 15:00:00,34900,1924748,32650.000000000000000,1091659,6121.000000000000000,95297.000000000000000,41021,2020045,38771,1186956,73671,3111600
111,4/3/2021 15:00:00,21125,1945873,19176.000000000000000,1110835,4367.000000000000000,99664.000000000000000,25492,2045537,23543,1210499,44668,3156268
112,4/4/2021 15:00:00,8264,1954137,10182.000000000000000,1121017,965.000000000000000,100629.000000000000000,9229,2054766,11147,1221646,19411,3175679
113,4/5/2021 15:00:00,27929,1982066,28886.000000000000000,1149903,6653.000000000000000,107282.000000000000000,34582,2089348,35539,1257185,63468,3239147
114,4/6/2021 15:00:00,39754,2021820,30421.000000000000000,1180324,10488.000000000000000,117770.000000000000000,50242,2139590,40909,1298094,80663,3319810
115,4/7/2021 15:00:00,36058,2057878,34247.000000000000000,1214571,12980.000000000000000,130750.000000000000000,49038,2188628,47227,1345321,83285,3403095
116,4/8/2021 15:00:00,42276,2100154,36068.000000000000000,1250639,13861.000000000000000,144611.000000000000000,56137,2244765,49929,1395250,92205,3495300
117,4/9/2021 15:00:00,34040,2134194,36304.000000000000000,1286943,14522.000000000000000,159133.000000000000000,48562,2293327,50826,1446076,84866,3580166
118,4/10/2021 15:00:00,23453,2157647,23117.000000000000000,1310060,7633.000000000000000,166766.000000000000000,31086,2324413,30750,1476826,54203,3634369
119,4/11/2021 15:00:00,17558,2175205,13272.000000000000000,1323332,10122.000000000000000,176888.000000000000000,27680,2352093,23394,1500220,40952,3675321
120,4/12/2021 15:00:00,24591,2199796,33141.000000000000000,1356473,10897.000000000000000,187785.000000000000000,35488,2387581,44038,1544258,68629,3743950
121,4/13/2021 15:00:00,126173,2325969,91213.000000000000000,1447686,3292.000000000000000,191077.000000000000000,129465,2517046,94505,1638763,220678,3964628
122,4/14/2021 15:00:00,40698,2366667,37779.000000000000000,1485465,211.000000000000000,191288.000000000000000,40909,2557955,37990,1676753,78688,4043316
123,4/15/2021 15:00:00,41406,2408073,39502.000000000000000,1524967,173.000000000000000,191461.000000000000000,41579,2599534,39675,1716428,81081,4124397
124,4/16/2021 15:00:00,37146,2445219,38816.000000000000000,1563783,23.000000000000000,191484.000000000000000,37169,2636703,38839,1755267,75985,4200382
125,4/17/2021 15:00:00,32790,2478009,22015.000000000000000,1585798,12.000000000000000,191496.000000000000000,32802,2669505,22027,1777294,54817,4255199
126,4/18/2021 15:00:00,20063,2498072,16187.000000000000000,1601985,5.000000000000000,191501.000000000000000,20068,2689573,16192,1793486,36255,4291454
127,4/19/2021 15:00:00,29866,2527938,36532.000000000000000,1638517,61.000000000000000,191562.000000000000000,29927,2719500,36593,1830079,66459,4357913
128,4/20/2021 15:00:00,32914,2560852,44415.000000000000000,1682932,57.000000000000000,191619.000000000000000,32971,2752471,44472,1874551,77386,4435299
129,4/21/2021 15:00:00,39802,2600654,47020.000000000000000,1729952,25.000000000000000,191644.000000000000000,39827,2792298,47045,1921596,86847,4522146
130,4/22/2021 15:00:00,35809,2636463,42631.000000000000000,1772583,16.000000000000000,191660.000000000000000,35825,2828123,42647,1964243,78456,4600602
131,4/23/2021 15:00:00,33123,2669586,40108.000000000000000,1812691,14.000000000000000,191674.000000000000000,33137,2861260,40122,2004365,73245,4673847
132,4/24/2021 15:00:00,26391,2695977,27867.000000000000000,1840558,81.000000000000000,191755.000000000000000,26472,2887732,27948,2032313,54339,4728186
133,4/25/2021 15:00:00,20224,2716201,10957.000000000000000,1851515,31.000000000000000,191786.000000000000000,20255,2907987,10988,2043301,31212,4759398
134,4/26/2021 15:00:00,27399,2743600,32685.000000000000000,1884200,202.000000000000000,191988.000000000000000,27601,2935588,32887,2076188,60286,4819684
135,4/27/2021 15:00:00,26695,2770295,33044.000000000000000,1917244,1098.000000000000000,193086.000000000000000,27793,2963381,34142,2110330,60837,4880521
136,4/28/2021 15:00:00,28926,2799221,39495.000000000000000,1956739,1362.000000000000000,194448.000000000000000,30288,2993669,40857,2151187,69783,4950304
137,4/29/2021 15:00:00,27076,2826297,39683.000000000000000,1996422,1463.000000000000000,195911.000000000000000,28539,3022208,41146,2192333,68222,5018526
138,4/30/2021 15:00:00,28198,2854495,32242.000000000000000,2028664,1646.000000000000000,197557.000000000000000,29844,3052052,33888,2226221,62086,5080612
139,5/1/2021 15:00:00,20607,2875102,26614.000000000000000,2055278,1045.000000000000000,198602.000000000000000,21652,3073704,27659,2253880,48266,5128878
140,5/2/2021 15:00:00,10281,2885383,17031.000000000000000,2072309,822.000000000000000,199424.000000000000000,11103,3084807,17853,2271733,28134,5157012
141,5/3/2021 15:00:00,12747,2898130,28559.000000000000000,2100868,1915.000000000000000,201339.000000000000000,14662,3099469,30474,2302207,43221,5200233
142,5/4/2021 15:00:00,13569,2911699,38567.000000000000000,2139435,1737.000000000000000,203076.000000000000000,15306,3114775,40304,2342511,53873,5254106
143,5/5/2021 15:00:00,19321,2931020,37721.000000000000000,2177156,1921.000000000000000,204997.000000000000000,21242,3136017,39642,2382153,58963,5313069
144,5/6/2021 15:00:00,16918,2947938,40569.000000000000000,2217725,1720.000000000000000,206717.000000000000000,18638,3154655,42289,2424442,59207,5372276
145,5/7/2021 15:00:00,17581,2965519,36984.000000000000000,2254709,1958.000000000000000,208675.000000000000000,19539,3174194,38942,2463384,56523,5428799
146,5/8/2021 15:00:00,10783,2976302,31213.000000000000000,2285922,1291.000000000000000,209966.000000000000000,12074,3186268,32504,2495888,43287,5472086
147,5/9/2021 15:00:00,5079,2981381,12231.000000000000000,2298153,695.000000000000000,210661.000000000000000,5774,3192042,12926,2508814,18005,5490091
148,5/10/2021 15:00:00,8955,2990336,31034.000000000000000,2329187,1362.000000000000000,212023.000000000000000,10317,3202359,32396,2541210,41351,5531442
149,5/11/2021 15:00:00,12182,3002518,30260.000000000000000,2359447,1440.000000000000000,213463.000000000000000,13622,3215981,31700,2572910,43882,5575324
150,5/12/2021 15:00:00,13945,3016463,38562.000000000000000,2398009,1919.000000000000000,215382.000000000000000,15864,3231845,40481,2613391,54426,5629750
151,5/13/2021 15:00:00,21857,3038320,33434.000000000000000,2431443,1345.000000000000000,216727.000000000000000,23202,3255047,34779,2648170,56636,5686386
152,5/14/2021 15:00:00,24370,3062690,30012.000000000000000,2461455,1775.000000000000000,218502.000000000000000,26145,3281192,31787,2679957,56157,5742543
153,5/15/2021 15:00:00,21916,3084606,25089.000000000000000,2486544,1490.000000000000000,219992.000000000000000,23406,3304598,26579,2706536,48495,5791038
154,5/16/2021 15:00:00,9082,3093688,17572.000000000000000,2504116,1113.000000000000000,221105.000000000000000,10195,3314793,18685,2725221,27767,5818805
155,5/17/2021 15:00:00,16843,3110531,28366.000000000000000,2532482,1949.000000000000000,223054.000000000000000,18792,3333585,30315,2755536,47158,5865963
156,5/18/2021 15:00:00,21243,3131774,30666.000000000000000,2563148,1942.000000000000000,224996.000000000000000,23185,3356770,32608,2788144,53851,5919814
157,5/19/2021 15:00:00,27629,3159403,32397.000000000000000,2595545,1628.000000000000000,226624.000000000000000,29257,3386027,34025,2822169,61654,5981468
158,5/20/2021 15:00:00,20802,3180205,33232.000000000000000,2628777,1966.000000000000000,228590.000000000000000,22768,3408795,35198,2857367,56000,6037468
159,5/21/2021 15:00:00,19157,3199362,30312.000000000000000,2659089,1607.000000000000000,230197.000000000000000,20764,3429559,31919,2889286,51076,6088544
160,5/22/2021 15:00:00,16922,3216284,20660.000000000000000,2679749,1270.000000000000000,231467.000000000000000,18192,3447751,21930,2911216,38852,6127396
161,5/23/2021 15:00:00,8758,3225042,11433.000000000000000,2691182,964.000000000000000,232431.000000000000000,9722,3457473,12397,2923613,21155,6148551
162,5/24/2021 15:00:00,13560,3238602,17751.000000000000000,2708933,1473.000000000000000,233904.000000000000000,15033,3472506,19224,2942837,32784,6181335
163,5/25/2021 15:00:00,13059,3251661,18704.000000000000000,2727637,1329.000000000000000,235233.000000000000000,14388,3486894,20033,2962870,33092,6214427
164,5/26/2021 15:00:00,18298,3269959,19482.000000000000000,2747119,1511.000000000000000,236744.000000000000000,19809,3506703,20993,2983863,39291,6253718
165,5/27/2021 15:00:00,11683,3281642,18639.000000000000000,2765758,1116.000000000000000,237860.000000000000000,12799,3519502,19755,3003618,31438,6285156
166,5/28/2021 15:00:00,12404,3294046,19816.000000000000000,2785574,1399.000000000000000,239259.000000000000000,13803,3533305,21215,3024833,33619,6318775
167,5/29/2021 15:00:00,9549,3303595,11658.000000000000000,2797232,935.000000000000000,240194.000000000000000,10484,3543789,12593,3037426,22142,6340917
168,5/30/2021 15:00:00,4965,3308560,6421.000000000000000,2803653,595.000000000000000,240789.000000000000000,5560,3549349,7016,3044442,11981,6352898
169,5/31/2021 15:00:00,1776,3310336,3711.000000000000000,2807364,305.000000000000000,241094.000000000000000,2081,3551430,4016,3048458,5792,6358690
170,6/1/2021 15:00:00,9824,3320160,16403.000000000000000,2823767,1157.000000000000000,242251.000000000000000,10981,3562411,17560,3066018,27384,6386074
171,6/2/2021 15:00:00,10229,3330389,16795.000000000000000,2840562,959.000000000000000,243210.000000000000000,11188,3573599,17754,3083772,27983,6414057
172,6/3/2021 15:00:00,7896,3338285,21165.000000000000000,2861727,1086.000000000000000,244296.000000000000000,8982,3582581,22251,3106023,30147,6444204
173,6/4/2021 15:00:00,8166,3346451,22322.000000000000000,2884049,1120.000000000000000,245416.000000000000000,9286,3591867,23442,3129465,31608,6475812
174,6/5/2021 15:00:00,7000,3353451,19430.000000000000000,2903479,720.000000000000000,246136.000000000000000,7720,3599587,20150,3149615,27150,6502962
175,6/6/2021 15:00:00,3458,3356909,7233.000000000000000,2910712,423.000000000000000,246559.000000000000000,3881,3603468,7656,3157271,11114,6514076
176,6/7/2021 15:00:00,6849,3363758,15749.000000000000000,2926461,726.000000000000000,247285.000000000000000,7575,3611043,16475,3173746,23324,6537400
177,6/8/2021 15:00:00,6665,3370423,19683.000000000000000,2946144,829.000000000000000,248114.000000000000000,7494,3618537,20512,3194258,27177,6564577
178,6/9/2021 15:00:00,8191,3378614,23922.000000000000000,2970066,970.000000000000000,249084.000000000000000,9161,3627698,24892,3219150,33083,6597660
179,6/10/2021 15:00:00,7143,3385757,19102.000000000000000,2989168,894.000000000000000,249978.000000000000000,8037,3635735,19996,3239146,27139,6624799
180,6/11/2021 15:00:00,7472,3393229,17699.000000000000000,3006867,1125.000000000000000,251103.000000000000000,8597,3644332,18824,3257970,26296,6651095
181,6/12/2021 15:00:00,5230,3398459,14742.000000000000000,3021609,605.000000000000000,251708.000000000000000,5835,3650167,15347,3273317,20577,6671672
182,6/13/2021 15:00:00,1931,3400390,7564.000000000000000,3029173,427.000000000000000,252135.000000000000000,2358,3652525,7991,3281308,9922,6681594
183,6/14/2021 15:00:00,5657,3406047,11801.000000000000000,3040974,734.000000000000000,252869.000000000000000,6391,3658916,12535,3293843,18192,6699786
184,6/15/2021 15:00:00,5630,3411677,14323.000000000000000,3055297,873.000000000000000,253742.000000000000000,6503,3665419,15196,3309039,20826,6720612
185,6/16/2021 15:00:00,8747,3420424,21566.000000000000000,3076863,757.000000000000000,254499.000000000000000,9504,3674923,22323,3331362,31070,6751682
186,6/17/2021 15:00:00,6683,3427107,12351.000000000000000,3089214,720.000000000000000,255219.000000000000000,7403,3682326,13071,3344433,19754,6771436
187,6/18/2021 15:00:00,6835,3433942,12721.000000000000000,3101935,704.000000000000000,255923.000000000000000,7539,3689865,13425,3357858,20260,6791696
188,6/19/2021 15:00:00,4658,3438600,9359.000000000000000,3111294,614.000000000000000,256537.000000000000000,5272,3695137,9973,3367831,14631,6806327
189,6/20/2021 15:00:00,2505,3441105,5048.000000000000000,3116342,377.000000000000000,256914.000000000000000,2882,3698019,5425,3373256,7930,6814257
190,6/21/2021 15:00:00,5556,3446661,5332.000000000000000,3121674,635.000000000000000,257549.000000000000000,6191,3704210,5967,3379223,11523,6825780
191,6/22/2021 15:00:00,5344,3452005,9036.000000000000000,3130710,692.000000000000000,258241.000000000000000,6036,3710246,9728,3388951,15072,6840852
192,6/23/2021 15:00:00,6061,3458066,10312.000000000000000,3141022,646.000000000000000,258887.000000000000000,6707,3716953,10958,3399909,17019,6857871
193,6/24/2021 15:00:00,5930,3463996,8188.000000000000000,3149210,594.000000000000000,259481.000000000000000,6524,3723477,8782,3408691,14712,6872583
194,6/25/2021 15:00:00,5804,3469800,8644.000000000000000,3157854,620.000000000000000,260101.000000000000000,6424,3729901,9264,3417955,15068,6887651
195,6/26/2021 15:00:00,3700,3473500,6296.000000000000000,3164150,396.000000000000000,260497.000000000000000,4096,3733997,6692,3424647,10392,6898043
196,6/27/2021 15:00:00,2809,3476309,3516.000000000000000,3167666,185.000000000000000,260682.000000000000000,2994,3736991,3701,3428348,6510,6904553
197,6/28/2021 15:00:00,4915,3481224,6372.000000000000000,3174038,539.000000000000000,261221.000000000000000,5454,3742445,6911,3435259,11826,6916379
198,6/29/2021 15:00:00,5059,3486283,6460.000000000000000,3180498,520.000000000000000,261741.000000000000000,5579,3748024,6980,3442239,12039,6928418
199,6/30/2021 15:00:00,5617,3491900,7375.000000000000000,3187873,605.000000000000000,262346.000000000000000,6222,3754246,7980,3450219,13597,6942015
200,7/1/2021 15:00:00,5396,3497296,6960.000000000000000,3194833,498.000000000000000,262844.000000000000000,5894,3760140,7458,3457677,12854,6954869
201,7/2/2021 15:00:00,5284,3502580,6824.000000000000000,3201657,523.000000000000000,263367.000000000000000,5807,3765947,7347,3465024,12631,6967500
202,7/3/2021 15:00:00,3265,3505845,4059.000000000000000,3205716,264.000000000000000,263631.000000000000000,3529,3769476,4323,3469347,7588,6975088
203,7/4/2021 15:00:00,492,3506337,544.000000000000000,3206260,67.000000000000000,263698.000000000000000,559,3770035,611,3469958,1103,6976191
204,7/5/2021 15:00:00,3760,3510097,3949.000000000000000,3210209,287.000000000000000,263985.000000000000000,4047,3774082,4236,3474194,7996,6984187
205,7/6/2021 15:00:00,4486,3514583,6253.000000000000000,3216462,452.000000000000000,264437.000000000000000,4938,3779020,6705,3480899,11191,6995378
206,7/7/2021 15:00:00,4464,3519047,6396.000000000000000,3222858,482.000000000000000,264919.000000000000000,4946,3783966,6878,3487777,11342,7006720
207,7/8/2021 15:00:00,4827,3523874,6147.000000000000000,3229005,563.000000000000000,265482.000000000000000,5390,3789356,6710,3494487,11537,7018257
208,7/9/2021 15:00:00,5351,3529225,6645.000000000000000,3235650,571.000000000000000,266053.000000000000000,5922,3795278,7216,3501703,12567,7030824
209,7/10/2021 15:00:00,3524,3532749,4383.000000000000000,3240033,302.000000000000000,266355.000000000000000,3826,3799104,4685,3506388,8209,7039033
210,7/11/2021 15:00:00,2672,3535421,2564.000000000000000,3242597,225.000000000000000,266580.000000000000000,2897,3802001,2789,3509177,5461,7044494
211,7/12/2021 15:00:00,4408,3539829,5104.000000000000000,3247701,378.000000000000000,266958.000000000000000,4786,3806787,5482,3514659,9890,7054384
212,7/13/2021 15:00:00,4656,3544485,4706.000000000000000,3252407,366.000000000000000,267324.000000000000000,5022,3811809,5072,3519731,9728,7064112
213,7/14/2021 15:00:00,4608,3549093,5262.000000000000000,3257669,421.000000000000000,267745.000000000000000,5029,3816838,5683,3525414,10291,7074403
214,7/15/2021 15:00:00,4885,3553978,5000.000000000000000,3262669,357.000000000000000,268102.000000000000000,5242,3822080,5357,3530771,10242,7084645
215,7/16/2021 15:00:00,6271,3560249,5824.000000000000000,3268493,401.000000000000000,268503.000000000000000,6672,3828752,6225,3536996,12496,7097141
216,7/17/2021 15:00:00,3413,3563662,3544.000000000000000,3272037,299.000000000000000,268802.000000000000000,3712,3832464,3843,3540839,7256,7104397
217,7/18/2021 15:00:00,2304,3565966,2371.000000000000000,3274408,110.000000000000000,268912.000000000000000,2414,3834878,2481,3543320,4785,7109182
218,7/19/2021 15:00:00,5130,3571096,4603.000000000000000,3279011,379.000000000000000,269291.000000000000000,5509,3840387,4982,3548302,10112,7119294
219,7/20/2021 15:00:00,5314,3576410,4703.000000000000000,3283714,366.000000000000000,269657.000000000000000,5680,3846067,5069,3553371,10383,7129677
220,7/21/2021 15:00:00,5632,3582042,4922.000000000000000,3288636,416.000000000000000,270073.000000000000000,6048,3852115,5338,3558709,10970,7140647
221,7/22/2021 15:00:00,6009,3588051,4616.000000000000000,3293252,469.000000000000000,270542.000000000000000,6478,3858593,5085,3563794,11094,7151741
222,7/23/2021 15:00:00,6828,3594879,4826.000000000000000,3298078,493.000000000000000,271035.000000000000000,7321,3865914,5319,3569113,12147,7163888
223,7/24/2021 15:00:00,4278,3599157,3195.000000000000000,3301273,267.000000000000000,271302.000000000000000,4545,3870459,3462,3572575,7740,7171628
224,7/25/2021 15:00:00,3290,3602447,1111.000000000000000,3302384,138.000000000000000,271440.000000000000000,3428,3873887,1249,3573824,4539,7176167
225,7/26/2021 15:00:00,6197,3608644,3890.000000000000000,3306274,418.000000000000000,271858.000000000000000,6615,3880502,4308,3578132,10505,7186672
226,7/27/2021 15:00:00,6582,3615226,4264.000000000000000,3310538,457.000000000000000,272315.000000000000000,7039,3887541,4721,3582853,11303,7197975
227,7/28/2021 15:00:00,7063,3622289,4128.000000000000000,3314666,460.000000000000000,272775.000000000000000,7523,3895064,4588,3587441,11651,7209626
228,7/29/2021 15:00:00,7058,3629347,4288.000000000000000,3318954,419.000000000000000,273194.000000000000000,7477,3902541,4707,3592148,11765,7221391
229,7/30/2021 15:00:00,7797,3637144,4784.000000000000000,3323738,525.000000000000000,273719.000000000000000,8322,3910863,5309,3597457,13106,7234497
230,7/31/2021 15:00:00,4791,3641935,3054.000000000000000,3326792,273.000000000000000,273992.000000000000000,5064,3915927,3327,3600784,8118,7242615
231,8/1/2021 15:00:00,3869,3645804,2151.000000000000000,3328943,161.000000000000000,274153.000000000000000,4030,3919957,2312,3603096,6181,7248796
232,8/2/2021 15:00:00,7228,3653032,3824.000000000000000,3332767,339.000000000000000,274492.000000000000000,7567,3927524,4163,3607259,11391,7260187
233,8/3/2021 15:00:00,7231,3660263,4073.000000000000000,3336840,515.000000000000000,275007.000000000000000,7746,3935270,4588,3611847,11819,7272006
234,8/4/2021 15:00:00,7400,3667663,4086.000000000000000,3340926,532.000000000000000,275539.000000000000000,7932,3943202,4618,3616465,12018,7284024
235,8/5/2021 15:00:00,7930,3675593,4269.000000000000000,3345195,537.000000000000000,276076.000000000000000,8467,3951669,4806,3621271,12736,7296760
236,8/6/2021 15:00:00,8292,3683885,4705.000000000000000,3349900,453.000000000000000,276529.000000000000000,8745,3960414,5158,3626429,13450,7310210
237,8/7/2021 15:00:00,5267,3689152,2807.000000000000000,3352707,263.000000000000000,276792.000000000000000,5530,3965944,3070,3629499,8337,7318547
238,8/8/2021 15:00:00,3951,3693103,2047.000000000000000,3354754,143.000000000000000,276935.000000000000000,4094,3970038,2190,3631689,6141,7324688
239,8/9/2021 15:00:00,6920,3700023,4517.000000000000000,3359271,368.000000000000000,277303.000000000000000,7288,3977326,4885,3636574,11805,7336493
240,8/10/2021 15:00:00,7130,3707153,4446.000000000000000,3363717,338.000000000000000,277641.000000000000000,7468,3984794,4784,3641358,11914,7348407
241,8/11/2021 15:00:00,7050,3714203,4422.000000000000000,3368139,441.000000000000000,278082.000000000000000,7491,3992285,4863,3646221,11913,7360320
242,8/12/2021 15:00:00,8598,3722801,4719.000000000000000,3372858,444.000000000000000,278526.000000000000000,9042,4001327,5163,3651384,13761,7374081
243,8/13/2021 15:00:00,7136,3729937,5357.000000000000000,3378215,396.000000000000000,278922.000000000000000,7532,4008859,5753,3657137,12889,7386970
244,8/14/2021 15:00:00,4912,3734849,3337.000000000000000,3381552,285.000000000000000,279207.000000000000000,5197,4014056,3622,3660759,8534,7395504
245,8/15/2021 15:00:00,3324,3738173,2729.000000000000000,3384281,163.000000000000000,279370.000000000000000,3487,4017543,2892,3663651,6216,7401720
246,8/16/2021 15:00:00,5428,3743601,5082.000000000000000,3389363,352.000000000000000,279722.000000000000000,5780,4023323,5434,3669085,10862,7412582
247,8/17/2021 15:00:00,6808,3750409,5345.000000000000000,3394708,389.000000000000000,280111.000000000000000,7197,4030520,5734,3674819,12542,7425124
248,8/18/2021 15:00:00,6320,3756729,5480.000000000000000,3400188,478.000000000000000,280589.000000000000000,6798,4037318,5958,3680777,12278,7437402
249,8/19/2021 15:00:00,6205,3762934,5537.000000000000000,3405725,416.000000000000000,281005.000000000000000,6621,4043939,5953,3686730,12158,7449560
250,8/20/2021 15:00:00,6830,3769764,6531.000000000000000,3412256,401.000000000000000,281406.000000000000000,7231,4051170,6932,3693662,13762,7463322
251,8/21/2021 15:00:00,4320,3774084,3913.000000000000000,3416169,228.000000000000000,281634.000000000000000,4548,4055718,4141,3697803,8461,7471783
252,8/22/2021 15:00:00,3057,3777141,3167.000000000000000,3419336,110.000000000000000,281744.000000000000000,3167,4058885,3277,3701080,6334,7478117
253,8/23/2021 15:00:00,5984,3783125,6080.000000000000000,3425416,285.000000000000000,282029.000000000000000,6269,4065154,6365,3707445,12349,7490466
254,8/24/2021 15:00:00,6546,3789671,6043.000000000000000,3431459,423.000000000000000,282452.000000000000000,6969,4072123,6466,3713911,13012,7503478
255,8/25/2021 15:00:00,6713,3796384,6199.000000000000000,3437658,440.000000000000000,282892.000000000000000,7153,4079276,6639,3720550,13352,7516830
256,8/26/2021 15:00:00,6964,3803348,6639.000000000000000,3444297,427.000000000000000,283319.000000000000000,7391,4086667,7066,3727616,14030,7530860
257,8/27/2021 15:00:00,6823,3810171,7055.000000000000000,3451352,316.000000000000000,283635.000000000000000,7139,4093806,7371,3734987,14194,7545054
258,8/28/2021 15:00:00,6897,3817068,6501.000000000000000,3457853,324.000000000000000,283959.000000000000000,7221,4101027,6825,3741812,13722,7558776
259,8/29/2021 15:00:00,3732,3820800,3680.000000000000000,3461533,610.000000000000000,284569.000000000000000,4342,4105369,4290,3746102,8022,7566798
260,8/30/2021 15:00:00,5927,3826727,6110.000000000000000,3467643,959.000000000000000,285528.000000000000000,6886,4112255,7069,3753171,12996,7579794
261,8/31/2021 15:00:00,5891,3832618,6037.000000000000000,3473680,946.000000000000000,286474.000000000000000,6837,4119092,6983,3760154,12874,7592668
262,9/1/2021 15:00:00,5573,3838191,5630.000000000000000,3479310,914.000000000000000,287388.000000000000000,6487,4125579,6544,3766698,12117,7604785
263,9/2/2021 15:00:00,5518,3843709,5907.000000000000000,3485217,703.000000000000000,288091.000000000000000,6221,4131800,6610,3773308,12128,7616913
264,9/3/2021 15:00:00,5986,3849695,6898.000000000000000,3492115,973.000000000000000,289064.000000000000000,6959,4138759,7871,3781179,13857,7630770
265,9/4/2021 15:00:00,3717,3853412,4335.000000000000000,3496450,879.000000000000000,289943.000000000000000,4596,4143355,5214,3786393,8931,7639701
266,9/5/2021 15:00:00,2952,3856364,2807.000000000000000,3499257,106.000000000000000,290049.000000000000000,3058,4146413,2913,3789306,5865,7645566
267,9/6/2021 15:00:00,1059,3857423,1149.000000000000000,3500406,63.000000000000000,290112.000000000000000,1122,4147535,1212,3790518,2271,7647837
268,9/7/2021 15:00:00,5332,3862755,7274.000000000000000,3507680,2304.000000000000000,292416.000000000000000,7636,4155171,9578,3800096,14910,7662747
269,9/8/2021 15:00:00,4645,3867400,5462.000000000000000,3513142,364.000000000000000,292780.000000000000000,5009,4160180,5826,3805922,10471,7673218
270,9/9/2021 15:00:00,5001,3872401,5436.000000000000000,3518578,324.000000000000000,293104.000000000000000,5325,4165505,5760,3811682,10761,7683979
271,9/10/2021 15:00:00,6507,3878908,6638.000000000000000,3525216,1718.000000000000000,294822.000000000000000,8225,4173730,8356,3820038,14863,7698842
272,9/11/2021 15:00:00,4169,3883077,4324.000000000000000,3529540,665.000000000000000,295487.000000000000000,4834,4178564,4989,3825027,9158,7708000
273,9/12/2021 15:00:00,3162,3886239,3236.000000000000000,3532776,436.000000000000000,295923.000000000000000,3598,4182162,3672,3828699,6834,7714834
274,9/13/2021 15:00:00,4877,3891116,5042.000000000000000,3537818,346.000000000000000,296269.000000000000000,5223,4187385,5388,3834087,10265,7725099
275,9/14/2021 15:00:00,4760,3895876,5422.000000000000000,3543240,435.000000000000000,296704.000000000000000,5195,4192580,5857,3839944,10617,7735716
276,9/15/2021 15:00:00,5024,3900900,5854.000000000000000,3549094,388.000000000000000,297092.000000000000000,5412,4197992,6242,3846186,11266,7746982
277,9/16/2021 15:00:00,4798,3905698,5821.000000000000000,3554915,336.000000000000000,297428.000000000000000,5134,4203126,6157,3852343,10955,7757937
278,9/17/2021 15:00:00,5242,3910940,6571.000000000000000,3561486,343.000000000000000,297771.000000000000000,5585,4208711,6914,3859257,12156,7770093
279,9/18/2021 15:00:00,3791,3914731,4563.000000000000000,3566049,185.000000000000000,297956.000000000000000,3976,4212687,4748,3864005,8539,7778632
280,9/19/2021 15:00:00,2742,3917473,3158.000000000000000,3569207,75.000000000000000,298031.000000000000000,2817,4215504,3233,3867238,5975,7784607
281,9/20/2021 15:00:00,3747,3921220,4670.000000000000000,3573877,430.000000000000000,298461.000000000000000,4177,4219681,5100,3872338,8847,7793454
282,9/21/2021 15:00:00,3999,3925219,4991.000000000000000,3578868,326.000000000000000,298787.000000000000000,4325,4224006,5317,3877655,9316,7802770
283,9/22/2021 15:00:00,4189,3929408,4760.000000000000000,3583628,458.000000000000000,299245.000000000000000,4647,4228653,5218,3882873,9407,7812177
284,9/23/2021 15:00:00,4163,3933571,4721.000000000000000,3588349,492.000000000000000,299737.000000000000000,4655,4233308,5213,3888086,9376,7821553
285,9/24/2021 15:00:00,5067,3938638,5597.000000000000000,3593946,422.000000000000000,300159.000000000000000,5489,4238797,6019,3894105,11086,7832639
286,9/25/2021 15:00:00,3626,3942264,3623.000000000000000,3597569,385.000000000000000,300544.000000000000000,4011,4242808,4008,3898113,7634,7840273
287,9/26/2021 15:00:00,2358,3944622,2658.000000000000000,3600227,424.000000000000000,300968.000000000000000,2782,4245590,3082,3901195,5440,7845713
288,9/27/2021 15:00:00,4501,3949123,2695.000000000000000,3602922,509.000000000000000,301477.000000000000000,5010,4250600,3204,3904399,7705,7853418
289,9/28/2021 15:00:00,4394,3953517,4440.000000000000000,3607362,211.000000000000000,301688.000000000000000,4605,4255205,4651,3909050,9045,7862463
290,9/29/2021 15:00:00,4696,3958213,4503.000000000000000,3611865,919.000000000000000,302607.000000000000000,5615,4260820,5422,3914472,10118,7872581
291,9/30/2021 15:00:00,4880,3963093,4552.000000000000000,3616417,792.000000000000000,303399.000000000000000,5672,4266492,5344,3919816,10224,7882805
292,10/1/2021 15:00:00,5474,3968567,5309.000000000000000,3621726,782.000000000000000,304181.000000000000000,6256,4272748,6091,3925907,11565,7894370
293,10/2/2021 15:00:00,2937,3971504,2888.000000000000000,3624614,187.000000000000000,304368.000000000000000,3124,4275872,3075,3928982,6012,7900382
294,10/3/2021 15:00:00,2078,3973582,2372.000000000000000,3626986,86.000000000000000,304454.000000000000000,2164,4278036,2458,3931440,4536,7904918
295,10/4/2021 15:00:00,4019,3977601,3495.000000000000000,3630481,232.000000000000000,304686.000000000000000,4251,4282287,3727,3935167,7746,7912664
296,10/5/2021 15:00:00,3952,3981553,3658.000000000000000,3634139,207.000000000000000,304893.000000000000000,4159,4286446,3865,3939032,7817,7920481
297,10/6/2021 15:00:00,4025,3985578,3574.000000000000000,3637713,264.000000000000000,305157.000000000000000,4289,4290735,3838,3942870,7863,7928344
298,10/7/2021 15:00:00,4229,3989807,3623.000000000000000,3641336,331.000000000000000,305488.000000000000000,4560,4295295,3954,3946824,8183,7936527
299,10/8/2021 15:00:00,4778,3994585,4275.000000000000000,3645611,282.000000000000000,305770.000000000000000,5060,4300355,4557,3951381,9335,7945862
300,10/9/2021 15:00:00,2683,3997268,2673.000000000000000,3648284,270.000000000000000,306040.000000000000000,2953,4303308,2943,3954324,5626,7951488
301,10/10/2021 15:00:00,1865,3999133,1843.000000000000000,3650127,59.000000000000000,306099.000000000000000,1924,4305232,1902,3956226,3767,7955255
302,10/11/2021 15:00:00,4216,4003349,3331.000000000000000,3653458,249.000000000000000,306348.000000000000000,4465,4309697,3580,3959806,7796,7963051
303,10/12/2021 15:00:00,3591,4006940,3525.000000000000000,3656983,271.000000000000000,306619.000000000000000,3862,4313559,3796,3963602,7387,7970438
304,10/13/2021 15:00:00,3956,4010896,3446.000000000000000,3660429,346.000000000000000,306965.000000000000000,4302,4317861,3792,3967394,7748,7978186
305,10/14/2021 15:00:00,5161,4016057,5482.000000000000000,3665911,429.000000000000000,307394.000000000000000,5590,4323451,5911,3973305,11072,7989258
306,10/15/2021 15:00:00,4704,4020761,4584.000000000000000,3670495,347.000000000000000,307741.000000000000000,5051,4328502,4931,3978236,9635,7998893
307,10/16/2021 15:00:00,2494,4023255,2500.000000000000000,3672995,290.000000000000000,308031.000000000000000,2784,4331286,2790,3981026,5284,8004177
308,10/17/2021 15:00:00,1808,4025063,1775.000000000000000,3674770,55.000000000000000,308086.000000000000000,1863,4333149,1830,3982856,3638,8007815
309,10/18/2021 15:00:00,4287,4029350,3568.000000000000000,3678338,266.000000000000000,308352.000000000000000,4553,4337702,3834,3986690,8121,8015936
310,10/19/2021 15:00:00,4301,4033651,4023.000000000000000,3682361,222.000000000000000,308574.000000000000000,4523,4342225,4245,3990935,8546,8024482
311,10/20/2021 15:00:00,3529,4037180,3417.000000000000000,3685778,254.000000000000000,308828.000000000000000,3783,4346008,3671,3994606,7200,8031682
312,10/21/2021 15:00:00,3300,4040480,3255.000000000000000,3689033,290.000000000000000,309118.000000000000000,3590,4349598,3545,3998151,6845,8038527
313,10/22/2021 15:00:00,4685,4045165,4024.000000000000000,3693057,475.000000000000000,309593.000000000000000,5160,4354758,4499,4002650,9184,8047711
314,10/23/2021 15:00:00,2891,4048056,2112.000000000000000,3695169,321.000000000000000,309914.000000000000000,3212,4357970,2433,4005083,5324,8053035
315,10/24/2021 15:00:00,2060,4050116,1558.000000000000000,3696727,78.000000000000000,309992.000000000000000,2138,4360108,1636,4006719,3696,8056731
316,10/25/2021 15:00:00,4548,4054664,3074.000000000000000,3699801,316.000000000000000,310308.000000000000000,4864,4364972,3390,4010109,7938,8064669
317,10/26/2021 15:00:00,4511,4059175,3087.000000000000000,3702888,311.000000000000000,310619.000000000000000,4822,4369794,3398,4013507,7909,8072578
318,10/27/2021 15:00:00,4737,4063912,3343.000000000000000,3706231,429.000000000000000,311048.000000000000000,5166,4374960,3772,4017279,8509,8081087
319,10/28/2021 15:00:00,4556,4068468,3364.000000000000000,3709595,496.000000000000000,311544.000000000000000,5052,4380012,3860,4021139,8416,8089503
320,10/29/2021 15:00:00,4970,4073438,3912.000000000000000,3713507,393.000000000000000,311937.000000000000000,5363,4385375,4305,4025444,9275,8098778
321,10/30/2021 15:00:00,2633,4076071,1841.000000000000000,3715348,308.000000000000000,312245.000000000000000,2941,4388316,2149,4027593,4782,8103560
322,10/31/2021 15:00:00,1944,4078015,1516.000000000000000,3716864,93.000000000000000,312338.000000000000000,2037,4390353,1609,4029202,3553,8107113
323,11/1/2021 15:00:00,4690,4082705,3420.000000000000000,3720284,342.000000000000000,312680.000000000000000,5032,4395385,3762,4032964,8452,8115565
324,11/2/2021 15:00:00,4252,4086957,2944.000000000000000,3723228,406.000000000000000,313086.000000000000000,4658,4400043,3350,4036314,7602,8123167
325,11/3/2021 15:00:00,4671,4091628,3056.000000000000000,3726284,458.000000000000000,313544.000000000000000,5129,4405172,3514,4039828,8185,8131352
326,11/4/2021 15:00:00,6289,4097917,3358.000000000000000,3729642,512.000000000000000,314056.000000000000000,6801,4411973,3870,4043698,10159,8141511
327,11/5/2021 15:00:00,8216,4106133,3758.000000000000000,3733400,408.000000000000000,314464.000000000000000,8624,4420597,4166,4047864,12382,8153893
328,11/6/2021 15:00:00,10070,4116203,1974.000000000000000,3735374,305.000000000000000,314769.000000000000000,10375,4430972,2279,4050143,12349,8166242
329,11/7/2021 15:00:00,7717,4123920,1468.000000000000000,3736842,94.000000000000000,314863.000000000000000,7811,4438783,1562,4051705,9279,8175521
330,11/8/2021 15:00:00,11287,4135207,3039.000000000000000,3739881,379.000000000000000,315242.000000000000000,11666,4450449,3418,4055123,14705,8190226
331,11/9/2021 15:00:00,11749,4146956,2655.000000000000000,3742536,268.000000000000000,315510.000000000000000,12017,4462466,2923,4058046,14672,8204898
332,11/10/2021 15:00:00,12562,4159518,2763.000000000000000,3745299,337.000000000000000,315847.000000000000000,12899,4475365,3100,4061146,15662,8220560
333,11/11/2021 15:00:00,11326,4170844,2382.000000000000000,3747681,282.000000000000000,316129.000000000000000,11608,4486973,2664,4063810,13990,8234550
334,11/12/2021 15:00:00,12270,4183114,3353.000000000000000,3751034,548.000000000000000,316677.000000000000000,12818,4499791,3901,4067711,16171,8250721
335,11/13/2021 15:00:00,9770,4192884,1587.000000000000000,3752621,342.000000000000000,317019.000000000000000,10112,4509903,1929,4069640,11699,8262420
336,11/14/2021 15:00:00,3919,4196803,1129.000000000000000,3753750,121.000000000000000,317140.000000000000000,4040,4513943,1250,4070890,5169,8267589
337,11/15/2021 15:00:00,8593,4205396,2521.000000000000000,3756271,205.000000000000000,317345.000000000000000,8798,4522741,2726,4073616,11319,8278908
338,11/16/2021 15:00:00,9212,4214608,2491.000000000000000,3758762,255.000000000000000,317600.000000000000000,9467,4532208,2746,4076362,11958,8290866
339,11/17/2021 15:00:00,9378,4223986,2875.000000000000000,3761637,312.000000000000000,317912.000000000000000,9690,4541898,3187,4079549,12565,8303431
340,11/18/2021 15:00:00,9280,4233266,2629.000000000000000,3764266,479.000000000000000,318391.000000000000000,9759,4551657,3108,4082657,12388,8315819
341,11/19/2021 15:00:00,9779,4243045,2914.000000000000000,3767180,382.000000000000000,318773.000000000000000,10161,4561818,3296,4085953,13075,8328894
342,11/20/2021 15:00:00,10623,4253668,1606.000000000000000,3768786,454.000000000000000,319227.000000000000000,11077,4572895,2060,4088013,12683,8341577
343,11/21/2021 15:00:00,4345,4258013,1199.000000000000000,3769985,99.000000000000000,319326.000000000000000,4444,4577339,1298,4089311,5643,8347220
344,11/22/2021 15:00:00,9778,4267791,2489.000000000000000,3772474,292.000000000000000,319618.000000000000000,10070,4587409,2781,4092092,12559,8359779
345,11/23/2021 15:00:00,9163,4276954,2398.000000000000000,3774872,280.000000000000000,319898.000000000000000,9443,4596852,2678,4094770,11841,8371620
346,11/24/2021 15:00:00,8098,4285052,2443.000000000000000,3777315,215.000000000000000,320113.000000000000000,8313,4605165,2658,4097428,10756,8382376
347,11/25/2021 15:00:00,239,4285291,74.000000000000000,3777389,10.000000000000000,320123.000000000000000,249,4605414,84,4097512,323,8382699
348,11/26/2021 15:00:00,5664,4290955,4011.000000000000000,3781400,152.000000000000000,320275.000000000000000,5816,4611230,4163,4101675,9827,8392526
349,11/27/2021 15:00:00,3786,4294741,5440.000000000000000,3786840,134.000000000000000,320409.000000000000000,3920,4615150,5574,4107249,9360,8401886
350,11/28/2021 15:00:00,2419,4297160,6372.000000000000000,3793212,77.000000000000000,320486.000000000000000,2496,4617646,6449,4113698,8868,8410754
351,11/29/2021 15:00:00,6360,4303520,9243.000000000000000,3802455,379.000000000000000,320865.000000000000000,6739,4624385,9622,4123320,15982,8426736
352,11/30/2021 15:00:00,6227,4309747,9239.000000000000000,3811694,264.000000000000000,321129.000000000000000,6491,4630876,9503,4132823,15730,8442466
353,12/1/2021 15:00:00,7213,4316960,9564.000000000000000,3821258,305.000000000000000,321434.000000000000000,7518,4638394,9869,4142692,17082,8459548
354,12/2/2021 15:00:00,6857,4323817,8678.000000000000000,3829936,450.000000000000000,321884.000000000000000,7307,4645701,9128,4151820,15985,8475533
355,12/3/2021 15:00:00,7542,4331359,9186.000000000000000,3839122,249.000000000000000,322133.000000000000000,7791,4653492,9435,4161255,16977,8492510
356,12/4/2021 15:00:00,5851,4337210,9717.000000000000000,3848839,457.000000000000000,322590.000000000000000,6308,4659800,10174,4171429,16025,8508535
357,12/5/2021 15:00:00,3462,4340672,3243.000000000000000,3852082,77.000000000000000,322667.000000000000000,3539,4663339,3320,4174749,6782,8515317
358,12/6/2021 15:00:00,6728,4347400,7059.000000000000000,3859141,277.000000000000000,322944.000000000000000,7005,4670344,7336,4182085,14064,8529381
359,12/7/2021 15:00:00,6354,4353754,6948.000000000000000,3866089,247.000000000000000,323191.000000000000000,6601,4676945,7195,4189280,13549,8542930
360,12/8/2021 15:00:00,6890,4360644,7311.000000000000000,3873400,314.000000000000000,323505.000000000000000,7204,4684149,7625,4196905,14515,8557445
361,12/9/2021 15:00:00,6475,4367119,6947.000000000000000,3880347,397.000000000000000,323902.000000000000000,6872,4691021,7344,4204249,13819,8571264
362,12/10/2021 15:00:00,7213,4374332,7285.000000000000000,3887632,228.000000000000000,324130.000000000000000,7441,4698462,7513,4211762,14726,8585990
363,12/11/2021 15:00:00,4441,4378773,7600.000000000000000,3895232,333.000000000000000,324463.000000000000000,4774,4703236,7933,4219695,12374,8598364
364,12/12/2021 15:00:00,3990,4382763,2782.000000000000000,3898014,60.000000000000000,324523.000000000000000,4050,4707286,2842,4222537,6832,8605196
365,12/13/2021 15:00:00,5688,4388451,5721.000000000000000,3903735,242.000000000000000,324765.000000000000000,5930,4713216,5963,4228500,11651,8616847
366,12/14/2021 15:00:00,6428,4394879,5881.000000000000000,3909616,214.000000000000000,324979.000000000000000,6642,4719858,6095,4234595,12523,8629370
367,12/15/2021 15:00:00,7096,4401975,5615.000000000000000,3915231,248.000000000000000,325227.000000000000000,7344,4727202,5863,4240458,12959,8642329
368,12/16/2021 15:00:00,7810,4409785,2795.000000000000000,3918026,422.000000000000000,325649.000000000000000,8232,4735434,3217,4243675,11027,8653356
369,12/17/2021 15:00:00,7768,4417553,4129.000000000000000,3922155,192.000000000000000,325841.000000000000000,7960,4743394,4321,4247996,12089,8665445
370,12/18/2021 15:00:00,5775,4423328,3167.000000000000000,3925322,297.000000000000000,326138.000000000000000,6072,4749466,3464,4251460,9239,8674684
371,12/19/2021 15:00:00,3379,4426707,1340.000000000000000,3926662,35.000000000000000,326173.000000000000000,3414,4752880,1375,4252835,4754,8679438
372,12/20/2021 15:00:00,8014,4434721,3714.000000000000000,3930376,164.000000000000000,326337.000000000000000,8178,4761058,3878,4256713,11892,8691330
373,12/21/2021 15:00:00,8899,4443620,4086.000000000000000,3934462,168.000000000000000,326505.000000000000000,9067,4770125,4254,4260967,13153,8704483
374,12/22/2021 15:00:00,8608,4452228,3807.000000000000000,3938269,172.000000000000000,326677.000000000000000,8780,4778905,3979,4264946,12587,8717070
375,12/23/2021 15:00:00,8300,4460528,3486.000000000000000,3941755,355.000000000000000,327032.000000000000000,8655,4787560,3841,4268787,12141,8729211
376,12/24/2021 15:00:00,1607,4462135,1000.000000000000000,3942755,39.000000000000000,327071.000000000000000,1646,4789206,1039,4269826,2646,8731857
377,12/25/2021 15:00:00,50,4462185,36.000000000000000,3942791,1.000000000000000,327072.000000000000000,51,4789257,37,4269863,87,8731944
378,12/26/2021 15:00:00,2520,4464705,1741.000000000000000,3944532,44.000000000000000,327116.000000000000000,2564,4791821,1785,4271648,4305,8736249
379,12/27/2021 15:00:00,7132,4471837,3943.000000000000000,3948475,295.000000000000000,327411.000000000000000,7427,4799248,4238,4275886,11370,8747619
380,12/28/2021 15:00:00,7767,4479604,3744.000000000000000,3952219,166.000000000000000,327577.000000000000000,7933,4807181,3910,4279796,11677,8759296
381,12/29/2021 15:00:00,8126,4487730,3956.000000000000000,3956175,154.000000000000000,327731.000000000000000,8280,4815461,4110,4283906,12236,8771532
382,12/30/2021 15:00:00,7385,4495115,3734.000000000000000,3959909,288.000000000000000,328019.000000000000000,7673,4823134,4022,4287928,11407,8782939
383,12/31/2021 15:00:00,2541,4497656,1511.000000000000000,3961420,92.000000000000000,328111.000000000000000,2633,4825767,1603,4289531,4144,8787083
384,1/1/2022 15:00:00,701,4498357,336.000000000000000,3961756,31.000000000000000,328142.000000000000000,732,4826499,367,4289898,1068,8788151
385,1/2/2022 15:00:00,2157,4500514,1616.000000000000000,3963372,42.000000000000000,328184.000000000000000,2199,4828698,1658,4291556,3815,8791966
386,1/3/2022 15:00:00,3343,4503857,2041.000000000000000,3965413,220.000000000000000,328404.000000000000000,3563,4832261,2261,4293817,5604,8797570
387,1/4/2022 15:00:00,5713,4509570,3387.000000000000000,3968800,162.000000000000000,328566.000000000000000,5875,4838136,3549,4297366,9262,8806832
388,1/5/2022 15:00:00,6690,4516260,4608.000000000000000,3973408,173.000000000000000,328739.000000000000000,6863,4844999,4781,4302147,11471,8818303
389,1/6/2022 15:00:00,6576,4522836,4701.000000000000000,3978109,258.000000000000000,328997.000000000000000,6834,4851833,4959,4307106,11535,8829838
390,1/7/2022 15:00:00,5777,4528613,3659.000000000000000,3981768,158.000000000000000,329155.000000000000000,5935,4857768,3817,4310923,9594,8839432
391,1/8/2022 15:00:00,4443,4533056,3760.000000000000000,3985528,73.000000000000000,329228.000000000000000,4516,4862284,3833,4314756,8276,8847708
392,1/9/2022 15:00:00,2715,4535771,2004.000000000000000,3987532,154.000000000000000,329382.000000000000000,2869,4865153,2158,4316914,4873,8852581
393,1/10/2022 15:00:00,6196,4541967,3757.000000000000000,3991289,153.000000000000000,329535.000000000000000,6349,4871502,3910,4320824,10106,8862687
394,1/11/2022 15:00:00,6393,4548360,4175.000000000000000,3995464,137.000000000000000,329672.000000000000000,6530,4878032,4312,4325136,10705,8873392
395,1/12/2022 15:00:00,6557,4554917,4296.000000000000000,3999760,220.000000000000000,329892.000000000000000,6777,4884809,4516,4329652,11073,8884465
396,1/13/2022 15:00:00,6288,4561205,4250.000000000000000,4004010,137.000000000000000,330029.000000000000000,6425,4891234,4387,4334039,10675,8895140
397,1/14/2022 15:00:00,6614,4567819,2932.000000000000000,4006942,234.000000000000000,330263.000000000000000,6848,4898082,3166,4337205,9780,8904920
398,1/15/2022 15:00:00,3692,4571511,1473.000000000000000,4008415,64.000000000000000,330327.000000000000000,3756,4901838,1537,4338742,5229,8910149
399,1/16/2022 15:00:00,828,4572339,549.000000000000000,4008964,99.000000000000000,330426.000000000000000,927,4902765,648,4339390,1476,8911625