OBJECTID,VACCINATION_DATE,FirstDailyDose,FirstDoseCumulative,SecondDailyDose,SecondDoseCumulative,SingleDailyDose,SingleDoseCumulative,AtleastOneVaccine,AtleastOneVaccineCumulative,CompletedVax,CompletedVaxCumulative,FirstSecondSingleVaccination_12,FirstSecondSingleVaccination_13
1,12/14/2020 15:00:00,19,1491,,535,,,19,1491,0,535,19,1963
2,12/15/2020 15:00:00,62,1553,3.000000000000000,538,,,62,1553,3,538,65,2028
3,12/16/2020 15:00:00,597,2150,5.000000000000000,543,,,597,2150,5,543,602,2630
4,12/17/2020 15:00:00,1171,3321,8.000000000000000,551,,,1171,3321,8,551,1179,3809
5,12/18/2020 15:00:00,3032,6353,12.000000000000000,563,,,3032,6353,12,563,3044,6853
6,12/19/2020 15:00:00,930,7283,7.000000000000000,570,,,930,7283,7,570,937,7790
7,12/20/2020 15:00:00,370,7653,6.000000000000000,576,,,370,7653,6,576,376,8166
8,12/21/2020 15:00:00,3901,11554,27.000000000000000,603,,,3901,11554,27,603,3928,12094
9,12/22/2020 15:00:00,6329,17883,30.000000000000000,633,,,6329,17883,30,633,6359,18453
10,12/23/2020 15:00:00,5796,23679,41.000000000000000,674,,,5796,23679,41,674,5837,24290
11,12/24/2020 15:00:00,2730,26409,15.000000000000000,689,,,2730,26409,15,689,2745,27035
12,12/25/2020 15:00:00,1035,27444,4.000000000000000,693,,,1035,27444,4,693,1039,28074
13,12/26/2020 15:00:00,1887,29331,10.000000000000000,703,,,1887,29331,10,703,1897,29971
14,12/27/2020 15:00:00,1804,31135,12.000000000000000,715,,,1804,31135,12,715,1816,31787
15,12/28/2020 15:00:00,8997,40132,52.000000000000000,767,,,8997,40132,52,767,9049,40836
16,12/29/2020 15:00:00,10980,51112,54.000000000000000,821,,,10980,51112,54,821,11034,51870
17,12/30/2020 15:00:00,12511,63623,98.000000000000000,919,,,12511,63623,98,919,12609,64479
18,12/31/2020 15:00:00,7563,71186,48.000000000000000,967,,,7563,71186,48,967,7611,72090
19,1/1/2021 15:00:00,3419,74605,145.000000000000000,1112,,,3419,74605,145,1112,3564,75654
20,1/2/2021 15:00:00,3064,77669,34.000000000000000,1146,,,3064,77669,34,1146,3098,78752
21,1/3/2021 15:00:00,3418,81087,82.000000000000000,1228,,,3418,81087,82,1228,3500,82252
22,1/4/2021 15:00:00,13379,94466,343.000000000000000,1571,,,13379,94466,343,1571,13722,95974
23,1/5/2021 15:00:00,12497,106963,550.000000000000000,2121,,,12497,106963,550,2121,13047,109021
24,1/6/2021 15:00:00,15286,122249,871.000000000000000,2992,,,15286,122249,871,2992,16157,125178
25,1/7/2021 15:00:00,15054,137303,1790.000000000000000,4782,,,15054,137303,1790,4782,16844,142022
26,1/8/2021 15:00:00,24032,161335,2796.000000000000000,7578,,,24032,161335,2796,7578,26828,168850
27,1/9/2021 15:00:00,5188,166523,960.000000000000000,8538,,,5188,166523,960,8538,6148,174998
28,1/10/2021 15:00:00,2988,169511,389.000000000000000,8927,,,2988,169511,389,8927,3377,178375
29,1/11/2021 15:00:00,13749,183260,3488.000000000000000,12415,,,13749,183260,3488,12415,17237,195612
30,1/12/2021 15:00:00,17410,200670,5600.000000000000000,18015,,,17410,200670,5600,18015,23010,218622
31,1/13/2021 15:00:00,18638,219308,3942.000000000000000,21957,,,18638,219308,3942,21957,22580,241202
32,1/14/2021 15:00:00,17882,237190,1969.000000000000000,23926,,,17882,237190,1969,23926,19851,261053
33,1/15/2021 15:00:00,19515,256705,2041.000000000000000,25967,,,19515,256705,2041,25967,21556,282609
34,1/16/2021 15:00:00,5849,262554,1625.000000000000000,27592,,,5849,262554,1625,27592,7474,290083
35,1/17/2021 15:00:00,2129,264683,1480.000000000000000,29072,,,2129,264683,1480,29072,3609,293692
36,1/18/2021 15:00:00,7090,271773,3269.000000000000000,32341,,,7090,271773,3269,32341,10359,304051
37,1/19/2021 15:00:00,16965,288738,5421.000000000000000,37762,,,16965,288738,5421,37762,22386,326437
38,1/20/2021 15:00:00,21028,309766,5339.000000000000000,43101,,,21028,309766,5339,43101,26367,352804
39,1/21/2021 15:00:00,23837,333603,3875.000000000000000,46976,,,23837,333603,3875,46976,27712,380516
40,1/22/2021 15:00:00,28680,362283,3774.000000000000000,50750,,,28680,362283,3774,50750,32454,412970
41,1/23/2021 15:00:00,10133,372416,1949.000000000000000,52699,,,10133,372416,1949,52699,12082,425052
42,1/24/2021 15:00:00,3362,375778,1727.000000000000000,54426,,,3362,375778,1727,54426,5089,430141
43,1/25/2021 15:00:00,16317,392095,8627.000000000000000,63053,,,16317,392095,8627,63053,24944,455085
44,1/26/2021 15:00:00,17574,409669,8985.000000000000000,72038,,,17574,409669,8985,72038,26559,481644
45,1/27/2021 15:00:00,24448,434117,12586.000000000000000,84624,,,24448,434117,12586,84624,37034,518678
46,1/28/2021 15:00:00,22668,456785,9347.000000000000000,93971,,,22668,456785,9347,93971,32015,550693
47,1/29/2021 15:00:00,24800,481585,7944.000000000000000,101915,,,24800,481585,7944,101915,32744,583437
48,1/30/2021 15:00:00,17798,499383,2572.000000000000000,104487,,,17798,499383,2572,104487,20370,603807
49,1/31/2021 15:00:00,3768,503151,1376.000000000000000,105863,,,3768,503151,1376,105863,5144,608951
50,2/1/2021 15:00:00,8212,511363,5443.000000000000000,111306,,,8212,511363,5443,111306,13655,622606
51,2/2/2021 15:00:00,12531,523894,13848.000000000000000,125154,,,12531,523894,13848,125154,26379,648985
52,2/3/2021 15:00:00,18282,542176,18157.000000000000000,143311,,,18282,542176,18157,143311,36439,685424
53,2/4/2021 15:00:00,22154,564330,15807.000000000000000,159118,,,22154,564330,15807,159118,37961,723385
54,2/5/2021 15:00:00,20426,584756,17456.000000000000000,176574,,,20426,584756,17456,176574,37882,761267
55,2/6/2021 15:00:00,11388,596144,14543.000000000000000,191117,,,11388,596144,14543,191117,25931,787198
56,2/7/2021 15:00:00,5994,602138,1953.000000000000000,193070,,,5994,602138,1953,193070,7947,795145
57,2/8/2021 15:00:00,13023,615161,12990.000000000000000,206060,,,13023,615161,12990,206060,26013,821158
58,2/9/2021 15:00:00,16674,631835,13897.000000000000000,219957,,,16674,631835,13897,219957,30571,851729
59,2/10/2021 15:00:00,19338,651173,21330.000000000000000,241287,,,19338,651173,21330,241287,40668,892397
60,2/11/2021 15:00:00,22951,674124,17396.000000000000000,258683,,,22951,674124,17396,258683,40347,932744
61,2/12/2021 15:00:00,20449,694573,19687.000000000000000,278370,,,20449,694573,19687,278370,40136,972880
62,2/13/2021 15:00:00,11476,706049,6434.000000000000000,284804,,,11476,706049,6434,284804,17910,990790
63,2/14/2021 15:00:00,7122,713171,2142.000000000000000,286946,,,7122,713171,2142,286946,9264,1000054
64,2/15/2021 15:00:00,11773,724944,13356.000000000000000,300302,,,11773,724944,13356,300302,25129,1025183
65,2/16/2021 15:00:00,16658,741602,21045.000000000000000,321347,,,16658,741602,21045,321347,37703,1062886
66,2/17/2021 15:00:00,20692,762294,26401.000000000000000,347748,,,20692,762294,26401,347748,47093,1109979
67,2/18/2021 15:00:00,3207,765501,4633.000000000000000,352381,,,3207,765501,4633,352381,7840,1117819
68,2/19/2021 15:00:00,10269,775770,19947.000000000000000,372328,,,10269,775770,19947,372328,30216,1148035
69,2/20/2021 15:00:00,10323,786093,20326.000000000000000,392654,,,10323,786093,20326,392654,30649,1178684
70,2/21/2021 15:00:00,6195,792288,7673.000000000000000,400327,,,6195,792288,7673,400327,13868,1192552
71,2/22/2021 15:00:00,8051,800339,15504.000000000000000,415831,,,8051,800339,15504,415831,23555,1216107
72,2/23/2021 15:00:00,15544,815883,15993.000000000000000,431824,,,15544,815883,15993,431824,31537,1247644
73,2/24/2021 15:00:00,18008,833891,24854.000000000000000,456678,,,18008,833891,24854,456678,42862,1290506
74,2/25/2021 15:00:00,20407,854298,26604.000000000000000,483282,,,20407,854298,26604,483282,47011,1337517
75,2/26/2021 15:00:00,26701,880999,26289.000000000000000,509571,,,26701,880999,26289,509571,52990,1390507
76,2/27/2021 15:00:00,16034,897033,11170.000000000000000,520741,,,16034,897033,11170,520741,27204,1417711
77,2/28/2021 15:00:00,15528,912561,4898.000000000000000,525639,,,15528,912561,4898,525639,20426,1438137
78,3/1/2021 15:00:00,27308,939869,12702.000000000000000,538341,,,27308,939869,12702,538341,40010,1478147
79,3/2/2021 15:00:00,24011,963880,13312.000000000000000,551653,38.000000000000000,38.000000000000000,24049,963918,13350,551691,37361,1515508
80,3/3/2021 15:00:00,30261,994141,18435.000000000000000,570088,194.000000000000000,232.000000000000000,30455,994373,18629,570320,48890,1564398
81,3/4/2021 15:00:00,31024,1025165,18260.000000000000000,588348,4067.000000000000000,4299.000000000000000,35091,1029464,22327,592647,53351,1617749
82,3/5/2021 15:00:00,30107,1055272,19795.000000000000000,608143,4913.000000000000000,9212.000000000000000,35020,1064484,24708,617355,54815,1672564
83,3/6/2021 15:00:00,19009,1074281,9540.000000000000000,617683,6010.000000000000000,15222.000000000000000,25019,1089503,15550,632905,34559,1707123
84,3/7/2021 15:00:00,12157,1086438,4932.000000000000000,622615,6605.000000000000000,21827.000000000000000,18762,1108265,11537,644442,23694,1730817
85,3/8/2021 15:00:00,25935,1112373,8870.000000000000000,631485,8276.000000000000000,30103.000000000000000,34211,1142476,17146,661588,43081,1773898
86,3/9/2021 15:00:00,26158,1138531,15509.000000000000000,646994,8346.000000000000000,38449.000000000000000,34504,1176980,23855,685443,50013,1823911
87,3/10/2021 15:00:00,29899,1168430,16063.000000000000000,663057,7937.000000000000000,46386.000000000000000,37836,1214816,24000,709443,53899,1877810
88,3/11/2021 15:00:00,36028,1204458,16436.000000000000000,679493,3982.000000000000000,50368.000000000000000,40010,1254826,20418,729861,56446,1934256
89,3/12/2021 15:00:00,36928,1241386,18167.000000000000000,697660,2929.000000000000000,53297.000000000000000,39857,1294683,21096,750957,58024,1992280
90,3/13/2021 15:00:00,22675,1264061,10347.000000000000000,708007,1631.000000000000000,54928.000000000000000,24306,1318989,11978,762935,34653,2026933
91,3/14/2021 15:00:00,17845,1281906,6740.000000000000000,714747,1010.000000000000000,55938.000000000000000,18855,1337844,7750,770685,25595,2052528
92,3/15/2021 15:00:00,29904,1311810,11379.000000000000000,726126,599.000000000000000,56537.000000000000000,30503,1368347,11978,782663,41882,2094410
93,3/16/2021 15:00:00,33493,1345303,13597.000000000000000,739723,772.000000000000000,57309.000000000000000,34265,1402612,14369,797032,47862,2142272
94,3/17/2021 15:00:00,37649,1382952,17092.000000000000000,756815,1183.000000000000000,58492.000000000000000,38832,1441444,18275,815307,55924,2198196
95,3/18/2021 15:00:00,41483,1424435,12714.000000000000000,769529,1353.000000000000000,59845.000000000000000,42836,1484280,14067,829374,55550,2253746
96,3/19/2021 15:00:00,38393,1462828,15448.000000000000000,784977,1046.000000000000000,60891.000000000000000,39439,1523719,16494,845868,54887,2308633
97,3/20/2021 15:00:00,24745,1487573,10236.000000000000000,795213,705.000000000000000,61596.000000000000000,25450,1549169,10941,856809,35686,2344319
98,3/21/2021 15:00:00,19208,1506781,7914.000000000000000,803127,342.000000000000000,61938.000000000000000,19550,1568719,8256,865065,27464,2371783
99,3/22/2021 15:00:00,32613,1539394,11526.000000000000000,814653,835.000000000000000,62773.000000000000000,33448,1602167,12361,877426,44974,2416757
100,3/23/2021 15:00:00,38416,1577810,17885.000000000000000,832538,1557.000000000000000,64330.000000000000000,39973,1642140,19442,896868,57858,2474615
101,3/24/2021 15:00:00,41093,1618903,21270.000000000000000,853808,1388.000000000000000,65718.000000000000000,42481,1684621,22658,919526,63751,2538366
102,3/25/2021 15:00:00,42932,1661835,21760.000000000000000,875568,2455.000000000000000,68173.000000000000000,45387,1730008,24215,943741,67147,2605513
103,3/26/2021 15:00:00,36397,1698232,26730.000000000000000,902298,2495.000000000000000,70668.000000000000000,38892,1768900,29225,972966,65622,2671135
104,3/27/2021 15:00:00,26478,1724710,17335.000000000000000,919633,2489.000000000000000,73157.000000000000000,28967,1797867,19824,992790,46302,2717437
105,3/28/2021 15:00:00,17015,1741725,12695.000000000000000,932328,1615.000000000000000,74772.000000000000000,18630,1816497,14310,1007100,31325,2748762
106,3/29/2021 15:00:00,29727,1771452,26405.000000000000000,958733,1142.000000000000000,75914.000000000000000,30869,1847366,27547,1034647,57274,2806036
107,3/30/2021 15:00:00,40084,1811536,29105.000000000000000,987838,1865.000000000000000,77779.000000000000000,41949,1889315,30970,1065617,71054,2877090
108,3/31/2021 15:00:00,41032,1852568,34771.000000000000000,1022609,5749.000000000000000,83528.000000000000000,46781,1936096,40520,1106137,81552,2958642
109,4/1/2021 15:00:00,42530,1895098,41238.000000000000000,1063847,5767.000000000000000,89295.000000000000000,48297,1984393,47005,1153142,89535,3048177
110,4/2/2021 15:00:00,34956,1930054,32755.000000000000000,1096602,6135.000000000000000,95430.000000000000000,41091,2025484,38890,1192032,73846,3122023
111,4/3/2021 15:00:00,21186,1951240,19248.000000000000000,1115850,4395.000000000000000,99825.000000000000000,25581,2051065,23643,1215675,44829,3166852
112,4/4/2021 15:00:00,8306,1959546,10227.000000000000000,1126077,968.000000000000000,100793.000000000000000,9274,2060339,11195,1226870,19501,3186353
113,4/5/2021 15:00:00,27968,1987514,28990.000000000000000,1155067,6663.000000000000000,107456.000000000000000,34631,2094970,35653,1262523,63621,3249974
114,4/6/2021 15:00:00,39813,2027327,30534.000000000000000,1185601,10504.000000000000000,117960.000000000000000,50317,2145287,41038,1303561,80851,3330825
115,4/7/2021 15:00:00,36121,2063448,34380.000000000000000,1219981,13000.000000000000000,130960.000000000000000,49121,2194408,47380,1350941,83501,3414326
116,4/8/2021 15:00:00,42368,2105816,36172.000000000000000,1256153,13876.000000000000000,144836.000000000000000,56244,2250652,50048,1400989,92416,3506742
117,4/9/2021 15:00:00,34099,2139915,36379.000000000000000,1292532,14532.000000000000000,159368.000000000000000,48631,2299283,50911,1451900,85010,3591752
118,4/10/2021 15:00:00,23510,2163425,23192.000000000000000,1315724,7642.000000000000000,167010.000000000000000,31152,2330435,30834,1482734,54344,3646096
119,4/11/2021 15:00:00,17586,2181011,13303.000000000000000,1329027,10123.000000000000000,177133.000000000000000,27709,2358144,23426,1506160,41012,3687108
120,4/12/2021 15:00:00,24612,2205623,33297.000000000000000,1362324,10907.000000000000000,188040.000000000000000,35519,2393663,44204,1550364,68816,3755924
121,4/13/2021 15:00:00,126187,2331810,91369.000000000000000,1453693,3293.000000000000000,191333.000000000000000,129480,2523143,94662,1645026,220849,3976773
122,4/14/2021 15:00:00,40751,2372561,37861.000000000000000,1491554,213.000000000000000,191546.000000000000000,40964,2564107,38074,1683100,78825,4055598
123,4/15/2021 15:00:00,41429,2413990,39597.000000000000000,1531151,176.000000000000000,191722.000000000000000,41605,2605712,39773,1722873,81202,4136800
124,4/16/2021 15:00:00,37154,2451144,38913.000000000000000,1570064,25.000000000000000,191747.000000000000000,37179,2642891,38938,1761811,76092,4212892
125,4/17/2021 15:00:00,32817,2483961,22049.000000000000000,1592113,13.000000000000000,191760.000000000000000,32830,2675721,22062,1783873,54879,4267771
126,4/18/2021 15:00:00,20064,2504025,16217.000000000000000,1608330,5.000000000000000,191765.000000000000000,20069,2695790,16222,1800095,36286,4304057
127,4/19/2021 15:00:00,29892,2533917,36565.000000000000000,1644895,60.000000000000000,191825.000000000000000,29952,2725742,36625,1836720,66517,4370574
128,4/20/2021 15:00:00,32942,2566859,44520.000000000000000,1689415,59.000000000000000,191884.000000000000000,33001,2758743,44579,1881299,77521,4448095
129,4/21/2021 15:00:00,39847,2606706,47104.000000000000000,1736519,26.000000000000000,191910.000000000000000,39873,2798616,47130,1928429,86977,4535072
130,4/22/2021 15:00:00,35868,2642574,42737.000000000000000,1779256,16.000000000000000,191926.000000000000000,35884,2834500,42753,1971182,78621,4613693
131,4/23/2021 15:00:00,33152,2675726,40195.000000000000000,1819451,14.000000000000000,191940.000000000000000,33166,2867666,40209,2011391,73361,4687054
132,4/24/2021 15:00:00,26431,2702157,27938.000000000000000,1847389,81.000000000000000,192021.000000000000000,26512,2894178,28019,2039410,54450,4741504
133,4/25/2021 15:00:00,20219,2722376,11007.000000000000000,1858396,31.000000000000000,192052.000000000000000,20250,2914428,11038,2050448,31257,4772761
134,4/26/2021 15:00:00,27390,2749766,32785.000000000000000,1891181,201.000000000000000,192253.000000000000000,27591,2942019,32986,2083434,60376,4833137
135,4/27/2021 15:00:00,26673,2776439,33131.000000000000000,1924312,1097.000000000000000,193350.000000000000000,27770,2969789,34228,2117662,60901,4894038
136,4/28/2021 15:00:00,28934,2805373,39589.000000000000000,1963901,1367.000000000000000,194717.000000000000000,30301,3000090,40956,2158618,69890,4963928
137,4/29/2021 15:00:00,27071,2832444,39808.000000000000000,2003709,1463.000000000000000,196180.000000000000000,28534,3028624,41271,2199889,68342,5032270
138,4/30/2021 15:00:00,28207,2860651,32326.000000000000000,2036035,1650.000000000000000,197830.000000000000000,29857,3058481,33976,2233865,62183,5094453
139,5/1/2021 15:00:00,20787,2881438,26840.000000000000000,2062875,1057.000000000000000,198887.000000000000000,21844,3080325,27897,2261762,48684,5143137
140,5/2/2021 15:00:00,10274,2891712,17092.000000000000000,2079967,823.000000000000000,199710.000000000000000,11097,3091422,17915,2279677,28189,5171326
141,5/3/2021 15:00:00,12729,2904441,28707.000000000000000,2108674,1917.000000000000000,201627.000000000000000,14646,3106068,30624,2310301,43353,5214679
142,5/4/2021 15:00:00,13563,2918004,38725.000000000000000,2147399,1742.000000000000000,203369.000000000000000,15305,3121373,40467,2350768,54030,5268709
143,5/5/2021 15:00:00,19317,2937321,37805.000000000000000,2185204,1923.000000000000000,205292.000000000000000,21240,3142613,39728,2390496,59045,5327754
144,5/6/2021 15:00:00,16931,2954252,40607.000000000000000,2225811,1722.000000000000000,207014.000000000000000,18653,3161266,42329,2432825,59260,5387014
145,5/7/2021 15:00:00,17591,2971843,37040.000000000000000,2262851,1959.000000000000000,208973.000000000000000,19550,3180816,38999,2471824,56590,5443604
146,5/8/2021 15:00:00,10801,2982644,31242.000000000000000,2294093,1293.000000000000000,210266.000000000000000,12094,3192910,32535,2504359,43336,5486940
147,5/9/2021 15:00:00,5077,2987721,12259.000000000000000,2306352,695.000000000000000,210961.000000000000000,5772,3198682,12954,2517313,18031,5504971
148,5/10/2021 15:00:00,8961,2996682,31063.000000000000000,2337415,1362.000000000000000,212323.000000000000000,10323,3209005,32425,2549738,41386,5546357
149,5/11/2021 15:00:00,12186,3008868,30307.000000000000000,2367722,1441.000000000000000,213764.000000000000000,13627,3222632,31748,2581486,43934,5590291
150,5/12/2021 15:00:00,13948,3022816,38653.000000000000000,2406375,1918.000000000000000,215682.000000000000000,15866,3238498,40571,2622057,54519,5644810
151,5/13/2021 15:00:00,21845,3044661,33534.000000000000000,2439909,1347.000000000000000,217029.000000000000000,23192,3261690,34881,2656938,56726,5701536
152,5/14/2021 15:00:00,24393,3069054,30085.000000000000000,2469994,1775.000000000000000,218804.000000000000000,26168,3287858,31860,2688798,56253,5757789
153,5/15/2021 15:00:00,21954,3091008,25133.000000000000000,2495127,1490.000000000000000,220294.000000000000000,23444,3311302,26623,2715421,48577,5806366
154,5/16/2021 15:00:00,9093,3100101,17581.000000000000000,2512708,1115.000000000000000,221409.000000000000000,10208,3321510,18696,2734117,27789,5834155
155,5/17/2021 15:00:00,16842,3116943,28424.000000000000000,2541132,1950.000000000000000,223359.000000000000000,18792,3340302,30374,2764491,47216,5881371
156,5/18/2021 15:00:00,21263,3138206,30706.000000000000000,2571838,1943.000000000000000,225302.000000000000000,23206,3363508,32649,2797140,53912,5935283
157,5/19/2021 15:00:00,27675,3165881,32455.000000000000000,2604293,1632.000000000000000,226934.000000000000000,29307,3392815,34087,2831227,61762,5997045
158,5/20/2021 15:00:00,20815,3186696,33290.000000000000000,2637583,1965.000000000000000,228899.000000000000000,22780,3415595,35255,2866482,56070,6053115
159,5/21/2021 15:00:00,19167,3205863,30379.000000000000000,2667962,1609.000000000000000,230508.000000000000000,20776,3436371,31988,2898470,51155,6104270
160,5/22/2021 15:00:00,16955,3222818,20708.000000000000000,2688670,1269.000000000000000,231777.000000000000000,18224,3454595,21977,2920447,38932,6143202
161,5/23/2021 15:00:00,8812,3231630,11458.000000000000000,2700128,965.000000000000000,232742.000000000000000,9777,3464372,12423,2932870,21235,6164437
162,5/24/2021 15:00:00,13574,3245204,17790.000000000000000,2717918,1473.000000000000000,234215.000000000000000,15047,3479419,19263,2952133,32837,6197274
163,5/25/2021 15:00:00,13078,3258282,18723.000000000000000,2736641,1328.000000000000000,235543.000000000000000,14406,3493825,20051,2972184,33129,6230403
164,5/26/2021 15:00:00,18368,3276650,19701.000000000000000,2756342,1512.000000000000000,237055.000000000000000,19880,3513705,21213,2993397,39581,6269984
165,5/27/2021 15:00:00,11699,3288349,18714.000000000000000,2775056,1120.000000000000000,238175.000000000000000,12819,3526524,19834,3013231,31533,6301517
166,5/28/2021 15:00:00,12418,3300767,19869.000000000000000,2794925,1402.000000000000000,239577.000000000000000,13820,3540344,21271,3034502,33689,6335206
167,5/29/2021 15:00:00,9516,3310283,11737.000000000000000,2806662,937.000000000000000,240514.000000000000000,10453,3550797,12674,3047176,22190,6357396
168,5/30/2021 15:00:00,4967,3315250,6446.000000000000000,2813108,596.000000000000000,241110.000000000000000,5563,3556360,7042,3054218,12009,6369405
169,5/31/2021 15:00:00,1779,3317029,3715.000000000000000,2816823,305.000000000000000,241415.000000000000000,2084,3558444,4020,3058238,5799,6375204
170,6/1/2021 15:00:00,9888,3326917,16507.000000000000000,2833330,1162.000000000000000,242577.000000000000000,11050,3569494,17669,3075907,27557,6402761
171,6/2/2021 15:00:00,10235,3337152,16838.000000000000000,2850168,962.000000000000000,243539.000000000000000,11197,3580691,17800,3093707,28035,6430796
172,6/3/2021 15:00:00,7899,3345051,21223.000000000000000,2871391,1089.000000000000000,244628.000000000000000,8988,3589679,22312,3116019,30211,6461007
173,6/4/2021 15:00:00,8197,3353248,22378.000000000000000,2893769,1121.000000000000000,245749.000000000000000,9318,3598997,23499,3139518,31696,6492703
174,6/5/2021 15:00:00,6998,3360246,19477.000000000000000,2913246,721.000000000000000,246470.000000000000000,7719,3606716,20198,3159716,27196,6519899
175,6/6/2021 15:00:00,3457,3363703,7264.000000000000000,2920510,426.000000000000000,246896.000000000000000,3883,3610599,7690,3167406,11147,6531046
176,6/7/2021 15:00:00,6862,3370565,15805.000000000000000,2936315,726.000000000000000,247622.000000000000000,7588,3618187,16531,3183937,23393,6554439
177,6/8/2021 15:00:00,6672,3377237,19747.000000000000000,2956062,831.000000000000000,248453.000000000000000,7503,3625690,20578,3204515,27250,6581689
178,6/9/2021 15:00:00,8198,3385435,24026.000000000000000,2980088,969.000000000000000,249422.000000000000000,9167,3634857,24995,3229510,33193,6614882
179,6/10/2021 15:00:00,7157,3392592,19152.000000000000000,2999240,895.000000000000000,250317.000000000000000,8052,3642909,20047,3249557,27204,6642086
180,6/11/2021 15:00:00,7493,3400085,17743.000000000000000,3016983,1126.000000000000000,251443.000000000000000,8619,3651528,18869,3268426,26362,6668448
181,6/12/2021 15:00:00,5244,3405329,14787.000000000000000,3031770,605.000000000000000,252048.000000000000000,5849,3657377,15392,3283818,20636,6689084
182,6/13/2021 15:00:00,1947,3407276,7639.000000000000000,3039409,427.000000000000000,252475.000000000000000,2374,3659751,8066,3291884,10013,6699097
183,6/14/2021 15:00:00,5656,3412932,11839.000000000000000,3051248,734.000000000000000,253209.000000000000000,6390,3666141,12573,3304457,18229,6717326
184,6/15/2021 15:00:00,5652,3418584,14358.000000000000000,3065606,873.000000000000000,254082.000000000000000,6525,3672666,15231,3319688,20883,6738209
185,6/16/2021 15:00:00,8732,3427316,21639.000000000000000,3087245,758.000000000000000,254840.000000000000000,9490,3682156,22397,3342085,31129,6769338
186,6/17/2021 15:00:00,6686,3434002,12387.000000000000000,3099632,720.000000000000000,255560.000000000000000,7406,3689562,13107,3355192,19793,6789131
187,6/18/2021 15:00:00,6838,3440840,12753.000000000000000,3112385,703.000000000000000,256263.000000000000000,7541,3697103,13456,3368648,20294,6809425
188,6/19/2021 15:00:00,4655,3445495,9391.000000000000000,3121776,614.000000000000000,256877.000000000000000,5269,3702372,10005,3378653,14660,6824085
189,6/20/2021 15:00:00,2513,3448008,5068.000000000000000,3126844,377.000000000000000,257254.000000000000000,2890,3705262,5445,3384098,7958,6832043
190,6/21/2021 15:00:00,5568,3453576,5343.000000000000000,3132187,636.000000000000000,257890.000000000000000,6204,3711466,5979,3390077,11547,6843590
191,6/22/2021 15:00:00,5351,3458927,9066.000000000000000,3141253,699.000000000000000,258589.000000000000000,6050,3717516,9765,3399842,15116,6858706
192,6/23/2021 15:00:00,6066,3464993,10361.000000000000000,3151614,645.000000000000000,259234.000000000000000,6711,3724227,11006,3410848,17072,6875778
193,6/24/2021 15:00:00,5932,3470925,8221.000000000000000,3159835,595.000000000000000,259829.000000000000000,6527,3730754,8816,3419664,14748,6890526
194,6/25/2021 15:00:00,5831,3476756,8672.000000000000000,3168507,619.000000000000000,260448.000000000000000,6450,3737204,9291,3428955,15122,6905648
195,6/26/2021 15:00:00,3707,3480463,6305.000000000000000,3174812,398.000000000000000,260846.000000000000000,4105,3741309,6703,3435658,10410,6916058
196,6/27/2021 15:00:00,2810,3483273,3525.000000000000000,3178337,185.000000000000000,261031.000000000000000,2995,3744304,3710,3439368,6520,6922578
197,6/28/2021 15:00:00,4928,3488201,6399.000000000000000,3184736,539.000000000000000,261570.000000000000000,5467,3749771,6938,3446306,11866,6934444
198,6/29/2021 15:00:00,5064,3493265,6490.000000000000000,3191226,524.000000000000000,262094.000000000000000,5588,3755359,7014,3453320,12078,6946522
199,6/30/2021 15:00:00,5639,3498904,7396.000000000000000,3198622,607.000000000000000,262701.000000000000000,6246,3761605,8003,3461323,13642,6960164
200,7/1/2021 15:00:00,5452,3504356,7009.000000000000000,3205631,505.000000000000000,263206.000000000000000,5957,3767562,7514,3468837,12966,6973130
201,7/2/2021 15:00:00,5306,3509662,6863.000000000000000,3212494,527.000000000000000,263733.000000000000000,5833,3773395,7390,3476227,12696,6985826
202,7/3/2021 15:00:00,3276,3512938,4076.000000000000000,3216570,264.000000000000000,263997.000000000000000,3540,3776935,4340,3480567,7616,6993442
203,7/4/2021 15:00:00,494,3513432,551.000000000000000,3217121,69.000000000000000,264066.000000000000000,563,3777498,620,3481187,1114,6994556
204,7/5/2021 15:00:00,3773,3517205,3955.000000000000000,3221076,287.000000000000000,264353.000000000000000,4060,3781558,4242,3485429,8015,7002571
205,7/6/2021 15:00:00,4493,3521698,6296.000000000000000,3227372,455.000000000000000,264808.000000000000000,4948,3786506,6751,3492180,11244,7013815
206,7/7/2021 15:00:00,4469,3526167,6431.000000000000000,3233803,483.000000000000000,265291.000000000000000,4952,3791458,6914,3499094,11383,7025198
207,7/8/2021 15:00:00,4837,3531004,6196.000000000000000,3239999,564.000000000000000,265855.000000000000000,5401,3796859,6760,3505854,11597,7036795
208,7/9/2021 15:00:00,5367,3536371,6695.000000000000000,3246694,574.000000000000000,266429.000000000000000,5941,3802800,7269,3513123,12636,7049431
209,7/10/2021 15:00:00,3528,3539899,4412.000000000000000,3251106,305.000000000000000,266734.000000000000000,3833,3806633,4717,3517840,8245,7057676
210,7/11/2021 15:00:00,2683,3542582,2582.000000000000000,3253688,227.000000000000000,266961.000000000000000,2910,3809543,2809,3520649,5492,7063168
211,7/12/2021 15:00:00,4429,3547011,5132.000000000000000,3258820,379.000000000000000,267340.000000000000000,4808,3814351,5511,3526160,9940,7073108
212,7/13/2021 15:00:00,4672,3551683,4733.000000000000000,3263553,366.000000000000000,267706.000000000000000,5038,3819389,5099,3531259,9771,7082879
213,7/14/2021 15:00:00,4634,3556317,5300.000000000000000,3268853,421.000000000000000,268127.000000000000000,5055,3824444,5721,3536980,10355,7093234
214,7/15/2021 15:00:00,4912,3561229,5029.000000000000000,3273882,359.000000000000000,268486.000000000000000,5271,3829715,5388,3542368,10300,7103534
215,7/16/2021 15:00:00,6284,3567513,5876.000000000000000,3279758,405.000000000000000,268891.000000000000000,6689,3836404,6281,3548649,12565,7116099
216,7/17/2021 15:00:00,3422,3570935,3555.000000000000000,3283313,304.000000000000000,269195.000000000000000,3726,3840130,3859,3552508,7281,7123380
217,7/18/2021 15:00:00,2312,3573247,2385.000000000000000,3285698,110.000000000000000,269305.000000000000000,2422,3842552,2495,3555003,4807,7128187
218,7/19/2021 15:00:00,5152,3578399,4618.000000000000000,3290316,383.000000000000000,269688.000000000000000,5535,3848087,5001,3560004,10153,7138340
219,7/20/2021 15:00:00,5349,3583748,4737.000000000000000,3295053,367.000000000000000,270055.000000000000000,5716,3853803,5104,3565108,10453,7148793
220,7/21/2021 15:00:00,5667,3589415,4969.000000000000000,3300022,415.000000000000000,270470.000000000000000,6082,3859885,5384,3570492,11051,7159844
221,7/22/2021 15:00:00,6034,3595449,4653.000000000000000,3304675,472.000000000000000,270942.000000000000000,6506,3866391,5125,3575617,11159,7171003
222,7/23/2021 15:00:00,6849,3602298,4856.000000000000000,3309531,499.000000000000000,271441.000000000000000,7348,3873739,5355,3580972,12204,7183207
223,7/24/2021 15:00:00,4286,3606584,3209.000000000000000,3312740,267.000000000000000,271708.000000000000000,4553,3878292,3476,3584448,7762,7190969
224,7/25/2021 15:00:00,3302,3609886,1122.000000000000000,3313862,140.000000000000000,271848.000000000000000,3442,3881734,1262,3585710,4564,7195533
225,7/26/2021 15:00:00,6223,3616109,3918.000000000000000,3317780,420.000000000000000,272268.000000000000000,6643,3888377,4338,3590048,10561,7206094
226,7/27/2021 15:00:00,6616,3622725,4307.000000000000000,3322087,459.000000000000000,272727.000000000000000,7075,3895452,4766,3594814,11382,7217476
227,7/28/2021 15:00:00,7095,3629820,4158.000000000000000,3326245,462.000000000000000,273189.000000000000000,7557,3903009,4620,3599434,11715,7229191
228,7/29/2021 15:00:00,7093,3636913,4330.000000000000000,3330575,420.000000000000000,273609.000000000000000,7513,3910522,4750,3604184,11843,7241034
229,7/30/2021 15:00:00,7837,3644750,4840.000000000000000,3335415,527.000000000000000,274136.000000000000000,8364,3918886,5367,3609551,13204,7254238
230,7/31/2021 15:00:00,4792,3649542,3089.000000000000000,3338504,274.000000000000000,274410.000000000000000,5066,3923952,3363,3612914,8155,7262393
231,8/1/2021 15:00:00,3918,3653460,2198.000000000000000,3340702,165.000000000000000,274575.000000000000000,4083,3928035,2363,3615277,6281,7268674
232,8/2/2021 15:00:00,7283,3660743,3852.000000000000000,3344554,342.000000000000000,274917.000000000000000,7625,3935660,4194,3619471,11477,7280151
233,8/3/2021 15:00:00,7281,3668024,4117.000000000000000,3348671,517.000000000000000,275434.000000000000000,7798,3943458,4634,3624105,11915,7292066
234,8/4/2021 15:00:00,7442,3675466,4132.000000000000000,3352803,536.000000000000000,275970.000000000000000,7978,3951436,4668,3628773,12110,7304176
235,8/5/2021 15:00:00,7962,3683428,4348.000000000000000,3357151,541.000000000000000,276511.000000000000000,8503,3959939,4889,3633662,12851,7317027
236,8/6/2021 15:00:00,8335,3691763,4763.000000000000000,3361914,454.000000000000000,276965.000000000000000,8789,3968728,5217,3638879,13552,7330579
237,8/7/2021 15:00:00,5305,3697068,2849.000000000000000,3364763,264.000000000000000,277229.000000000000000,5569,3974297,3113,3641992,8418,7338997
238,8/8/2021 15:00:00,3982,3701050,2063.000000000000000,3366826,146.000000000000000,277375.000000000000000,4128,3978425,2209,3644201,6191,7345188
239,8/9/2021 15:00:00,6963,3708013,4570.000000000000000,3371396,371.000000000000000,277746.000000000000000,7334,3985759,4941,3649142,11904,7357092
240,8/10/2021 15:00:00,7176,3715189,4507.000000000000000,3375903,340.000000000000000,278086.000000000000000,7516,3993275,4847,3653989,12023,7369115
241,8/11/2021 15:00:00,7108,3722297,4461.000000000000000,3380364,443.000000000000000,278529.000000000000000,7551,4000826,4904,3658893,12012,7381127
242,8/12/2021 15:00:00,8669,3730966,4775.000000000000000,3385139,446.000000000000000,278975.000000000000000,9115,4009941,5221,3664114,13890,7395017
243,8/13/2021 15:00:00,7190,3738156,5420.000000000000000,3390559,397.000000000000000,279372.000000000000000,7587,4017528,5817,3669931,13007,7408024
244,8/14/2021 15:00:00,4930,3743086,3357.000000000000000,3393916,287.000000000000000,279659.000000000000000,5217,4022745,3644,3673575,8574,7416598
245,8/15/2021 15:00:00,3332,3746418,2750.000000000000000,3396666,163.000000000000000,279822.000000000000000,3495,4026240,2913,3676488,6245,7422843
246,8/16/2021 15:00:00,5462,3751880,5107.000000000000000,3401773,354.000000000000000,280176.000000000000000,5816,4032056,5461,3681949,10923,7433766
247,8/17/2021 15:00:00,6832,3758712,5381.000000000000000,3407154,391.000000000000000,280567.000000000000000,7223,4039279,5772,3687721,12604,7446370
248,8/18/2021 15:00:00,6352,3765064,5532.000000000000000,3412686,481.000000000000000,281048.000000000000000,6833,4046112,6013,3693734,12365,7458735
249,8/19/2021 15:00:00,6241,3771305,5587.000000000000000,3418273,417.000000000000000,281465.000000000000000,6658,4052770,6004,3699738,12245,7470980
250,8/20/2021 15:00:00,6858,3778163,6578.000000000000000,3424851,401.000000000000000,281866.000000000000000,7259,4060029,6979,3706717,13837,7484817
251,8/21/2021 15:00:00,4349,3782512,3929.000000000000000,3428780,229.000000000000000,282095.000000000000000,4578,4064607,4158,3710875,8507,7493324
252,8/22/2021 15:00:00,3066,3785578,3179.000000000000000,3431959,111.000000000000000,282206.000000000000000,3177,4067784,3290,3714165,6356,7499680
253,8/23/2021 15:00:00,6005,3791583,6141.000000000000000,3438100,287.000000000000000,282493.000000000000000,6292,4074076,6428,3720593,12433,7512113
254,8/24/2021 15:00:00,6558,3798141,6104.000000000000000,3444204,426.000000000000000,282919.000000000000000,6984,4081060,6530,3727123,13088,7525201
255,8/25/2021 15:00:00,6738,3804879,6254.000000000000000,3450458,440.000000000000000,283359.000000000000000,7178,4088238,6694,3733817,13432,7538633
256,8/26/2021 15:00:00,6973,3811852,6688.000000000000000,3457146,428.000000000000000,283787.000000000000000,7401,4095639,7116,3740933,14089,7552722
257,8/27/2021 15:00:00,6850,3818702,7110.000000000000000,3464256,317.000000000000000,284104.000000000000000,7167,4102806,7427,3748360,14277,7566999
258,8/28/2021 15:00:00,6919,3825621,6544.000000000000000,3470800,329.000000000000000,284433.000000000000000,7248,4110054,6873,3755233,13792,7580791
259,8/29/2021 15:00:00,3747,3829368,3710.000000000000000,3474510,610.000000000000000,285043.000000000000000,4357,4114411,4320,3759553,8067,7588858
260,8/30/2021 15:00:00,5934,3835302,6158.000000000000000,3480668,960.000000000000000,286003.000000000000000,6894,4121305,7118,3766671,13052,7601910
261,8/31/2021 15:00:00,5910,3841212,6096.000000000000000,3486764,947.000000000000000,286950.000000000000000,6857,4128162,7043,3773714,12953,7614863
262,9/1/2021 15:00:00,5618,3846830,5743.000000000000000,3492507,918.000000000000000,287868.000000000000000,6536,4134698,6661,3780375,12279,7627142
263,9/2/2021 15:00:00,5531,3852361,5978.000000000000000,3498485,709.000000000000000,288577.000000000000000,6240,4140938,6687,3787062,12218,7639360
264,9/3/2021 15:00:00,6024,3858385,6985.000000000000000,3505470,977.000000000000000,289554.000000000000000,7001,4147939,7962,3795024,13986,7653346
265,9/4/2021 15:00:00,3734,3862119,4370.000000000000000,3509840,878.000000000000000,290432.000000000000000,4612,4152551,5248,3800272,8982,7662328
266,9/5/2021 15:00:00,2961,3865080,2819.000000000000000,3512659,106.000000000000000,290538.000000000000000,3067,4155618,2925,3803197,5886,7668214
267,9/6/2021 15:00:00,1060,3866140,1163.000000000000000,3513822,70.000000000000000,290608.000000000000000,1130,4156748,1233,3804430,2293,7670507
268,9/7/2021 15:00:00,5353,3871493,7325.000000000000000,3521147,2304.000000000000000,292912.000000000000000,7657,4164405,9629,3814059,14982,7685489
269,9/8/2021 15:00:00,4663,3876156,5507.000000000000000,3526654,364.000000000000000,293276.000000000000000,5027,4169432,5871,3819930,10534,7696023
270,9/9/2021 15:00:00,5027,3881183,5481.000000000000000,3532135,325.000000000000000,293601.000000000000000,5352,4174784,5806,3825736,10833,7706856
271,9/10/2021 15:00:00,6535,3887718,6683.000000000000000,3538818,1719.000000000000000,295320.000000000000000,8254,4183038,8402,3834138,14937,7721793
272,9/11/2021 15:00:00,4182,3891900,4354.000000000000000,3543172,666.000000000000000,295986.000000000000000,4848,4187886,5020,3839158,9202,7730995
273,9/12/2021 15:00:00,3175,3895075,3247.000000000000000,3546419,436.000000000000000,296422.000000000000000,3611,4191497,3683,3842841,6858,7737853
274,9/13/2021 15:00:00,4896,3899971,5086.000000000000000,3551505,347.000000000000000,296769.000000000000000,5243,4196740,5433,3848274,10329,7748182
275,9/14/2021 15:00:00,4778,3904749,5468.000000000000000,3556973,437.000000000000000,297206.000000000000000,5215,4201955,5905,3854179,10683,7758865
276,9/15/2021 15:00:00,5046,3909795,5905.000000000000000,3562878,393.000000000000000,297599.000000000000000,5439,4207394,6298,3860477,11344,7770209
277,9/16/2021 15:00:00,4817,3914612,5861.000000000000000,3568739,337.000000000000000,297936.000000000000000,5154,4212548,6198,3866675,11015,7781224
278,9/17/2021 15:00:00,5293,3919905,6601.000000000000000,3575340,344.000000000000000,298280.000000000000000,5637,4218185,6945,3873620,12238,7793462
279,9/18/2021 15:00:00,3825,3923730,4591.000000000000000,3579931,186.000000000000000,298466.000000000000000,4011,4222196,4777,3878397,8602,7802064
280,9/19/2021 15:00:00,2742,3926472,3184.000000000000000,3583115,75.000000000000000,298541.000000000000000,2817,4225013,3259,3881656,6001,7808065
281,9/20/2021 15:00:00,3755,3930227,4691.000000000000000,3587806,429.000000000000000,298970.000000000000000,4184,4229197,5120,3886776,8875,7816940
282,9/21/2021 15:00:00,4004,3934231,5024.000000000000000,3592830,327.000000000000000,299297.000000000000000,4331,4233528,5351,3892127,9355,7826295
283,9/22/2021 15:00:00,4194,3938425,4803.000000000000000,3597633,459.000000000000000,299756.000000000000000,4653,4238181,5262,3897389,9456,7835751
284,9/23/2021 15:00:00,4192,3942617,4739.000000000000000,3602372,492.000000000000000,300248.000000000000000,4684,4242865,5231,3902620,9423,7845174
285,9/24/2021 15:00:00,5098,3947715,5638.000000000000000,3608010,422.000000000000000,300670.000000000000000,5520,4248385,6060,3908680,11158,7856332
286,9/25/2021 15:00:00,3644,3951359,3642.000000000000000,3611652,384.000000000000000,301054.000000000000000,4028,4252413,4026,3912706,7670,7864002
287,9/26/2021 15:00:00,2353,3953712,2672.000000000000000,3614324,433.000000000000000,301487.000000000000000,2786,4255199,3105,3915811,5458,7869460
288,9/27/2021 15:00:00,4510,3958222,2720.000000000000000,3617044,512.000000000000000,301999.000000000000000,5022,4260221,3232,3919043,7742,7877202
289,9/28/2021 15:00:00,4414,3962636,4466.000000000000000,3621510,211.000000000000000,302210.000000000000000,4625,4264846,4677,3923720,9091,7886293
290,9/29/2021 15:00:00,4695,3967331,4537.000000000000000,3626047,920.000000000000000,303130.000000000000000,5615,4270461,5457,3929177,10152,7896445
291,9/30/2021 15:00:00,4895,3972226,4581.000000000000000,3630628,796.000000000000000,303926.000000000000000,5691,4276152,5377,3934554,10272,7906717
292,10/1/2021 15:00:00,5531,3977757,5378.000000000000000,3636006,785.000000000000000,304711.000000000000000,6316,4282468,6163,3940717,11694,7918411
293,10/2/2021 15:00:00,2949,3980706,2907.000000000000000,3638913,187.000000000000000,304898.000000000000000,3136,4285604,3094,3943811,6043,7924454
294,10/3/2021 15:00:00,2078,3982784,2384.000000000000000,3641297,87.000000000000000,304985.000000000000000,2165,4287769,2471,3946282,4549,7929003
295,10/4/2021 15:00:00,4032,3986816,3511.000000000000000,3644808,233.000000000000000,305218.000000000000000,4265,4292034,3744,3950026,7776,7936779
296,10/5/2021 15:00:00,3963,3990779,3675.000000000000000,3648483,206.000000000000000,305424.000000000000000,4169,4296203,3881,3953907,7844,7944623
297,10/6/2021 15:00:00,4035,3994814,3580.000000000000000,3652063,266.000000000000000,305690.000000000000000,4301,4300504,3846,3957753,7881,7952504
298,10/7/2021 15:00:00,4233,3999047,3642.000000000000000,3655705,332.000000000000000,306022.000000000000000,4565,4305069,3974,3961727,8207,7960711
299,10/8/2021 15:00:00,4783,4003830,4308.000000000000000,3660013,283.000000000000000,306305.000000000000000,5066,4310135,4591,3966318,9374,7970085
300,10/9/2021 15:00:00,2693,4006523,2683.000000000000000,3662696,270.000000000000000,306575.000000000000000,2963,4313098,2953,3969271,5646,7975731
301,10/10/2021 15:00:00,1860,4008383,1855.000000000000000,3664551,59.000000000000000,306634.000000000000000,1919,4315017,1914,3971185,3774,7979505
302,10/11/2021 15:00:00,4213,4012596,3319.000000000000000,3667870,250.000000000000000,306884.000000000000000,4463,4319480,3569,3974754,7782,7987287
303,10/12/2021 15:00:00,3605,4016201,3549.000000000000000,3671419,276.000000000000000,307160.000000000000000,3881,4323361,3825,3978579,7430,7994717
304,10/13/2021 15:00:00,3992,4020193,3475.000000000000000,3674894,346.000000000000000,307506.000000000000000,4338,4327699,3821,3982400,7813,8002530
305,10/14/2021 15:00:00,5175,4025368,5508.000000000000000,3680402,430.000000000000000,307936.000000000000000,5605,4333304,5938,3988338,11113,8013643
306,10/15/2021 15:00:00,4770,4030138,4621.000000000000000,3685023,347.000000000000000,308283.000000000000000,5117,4338421,4968,3993306,9738,8023381
307,10/16/2021 15:00:00,2497,4032635,2531.000000000000000,3687554,291.000000000000000,308574.000000000000000,2788,4341209,2822,3996128,5319,8028700
308,10/17/2021 15:00:00,1809,4034444,1782.000000000000000,3689336,55.000000000000000,308629.000000000000000,1864,4343073,1837,3997965,3646,8032346
309,10/18/2021 15:00:00,4281,4038725,3588.000000000000000,3692924,283.000000000000000,308912.000000000000000,4564,4347637,3871,4001836,8152,8040498
310,10/19/2021 15:00:00,4307,4043032,4033.000000000000000,3696957,224.000000000000000,309136.000000000000000,4531,4352168,4257,4006093,8564,8049062
311,10/20/2021 15:00:00,3546,4046578,3435.000000000000000,3700392,259.000000000000000,309395.000000000000000,3805,4355973,3694,4009787,7240,8056302
312,10/21/2021 15:00:00,3312,4049890,3288.000000000000000,3703680,291.000000000000000,309686.000000000000000,3603,4359576,3579,4013366,6891,8063193
313,10/22/2021 15:00:00,4691,4054581,4043.000000000000000,3707723,477.000000000000000,310163.000000000000000,5168,4364744,4520,4017886,9211,8072404
314,10/23/2021 15:00:00,2887,4057468,2119.000000000000000,3709842,322.000000000000000,310485.000000000000000,3209,4367953,2441,4020327,5328,8077732
315,10/24/2021 15:00:00,2058,4059526,1555.000000000000000,3711397,79.000000000000000,310564.000000000000000,2137,4370090,1634,4021961,3692,8081424
316,10/25/2021 15:00:00,4556,4064082,3084.000000000000000,3714481,322.000000000000000,310886.000000000000000,4878,4374968,3406,4025367,7962,8089386
317,10/26/2021 15:00:00,4534,4068616,3089.000000000000000,3717570,316.000000000000000,311202.000000000000000,4850,4379818,3405,4028772,7939,8097325
318,10/27/2021 15:00:00,4736,4073352,3353.000000000000000,3720923,436.000000000000000,311638.000000000000000,5172,4384990,3789,4032561,8525,8105850
319,10/28/2021 15:00:00,4577,4077929,3373.000000000000000,3724296,501.000000000000000,312139.000000000000000,5078,4390068,3874,4036435,8451,8114301
320,10/29/2021 15:00:00,4998,4082927,3931.000000000000000,3728227,395.000000000000000,312534.000000000000000,5393,4395461,4326,4040761,9324,8123625
321,10/30/2021 15:00:00,2631,4085558,1848.000000000000000,3730075,307.000000000000000,312841.000000000000000,2938,4398399,2155,4042916,4786,8128411
322,10/31/2021 15:00:00,1935,4087493,1522.000000000000000,3731597,94.000000000000000,312935.000000000000000,2029,4400428,1616,4044532,3551,8131962
323,11/1/2021 15:00:00,4751,4092244,3457.000000000000000,3735054,351.000000000000000,313286.000000000000000,5102,4405530,3808,4048340,8559,8140521
324,11/2/2021 15:00:00,4281,4096525,2950.000000000000000,3738004,409.000000000000000,313695.000000000000000,4690,4410220,3359,4051699,7640,8148161
325,11/3/2021 15:00:00,4682,4101207,3053.000000000000000,3741057,464.000000000000000,314159.000000000000000,5146,4415366,3517,4055216,8199,8156360
326,11/4/2021 15:00:00,6331,4107538,3384.000000000000000,3744441,529.000000000000000,314688.000000000000000,6860,4422226,3913,4059129,10244,8166604
327,11/5/2021 15:00:00,8264,4115802,3786.000000000000000,3748227,415.000000000000000,315103.000000000000000,8679,4430905,4201,4063330,12465,8179069
328,11/6/2021 15:00:00,10203,4126005,1977.000000000000000,3750204,309.000000000000000,315412.000000000000000,10512,4441417,2286,4065616,12489,8191558
329,11/7/2021 15:00:00,7750,4133755,1463.000000000000000,3751667,95.000000000000000,315507.000000000000000,7845,4449262,1558,4067174,9308,8200866
330,11/8/2021 15:00:00,11359,4145114,3066.000000000000000,3754733,379.000000000000000,315886.000000000000000,11738,4461000,3445,4070619,14804,8215670
331,11/9/2021 15:00:00,11808,4156922,2654.000000000000000,3757387,269.000000000000000,316155.000000000000000,12077,4473077,2923,4073542,14731,8230401
332,11/10/2021 15:00:00,12635,4169557,2775.000000000000000,3760162,339.000000000000000,316494.000000000000000,12974,4486051,3114,4076656,15749,8246150
333,11/11/2021 15:00:00,11448,4181005,2385.000000000000000,3762547,280.000000000000000,316774.000000000000000,11728,4497779,2665,4079321,14113,8260263
334,11/12/2021 15:00:00,12386,4193391,3378.000000000000000,3765925,548.000000000000000,317322.000000000000000,12934,4510713,3926,4083247,16312,8276575
335,11/13/2021 15:00:00,9982,4203373,1602.000000000000000,3767527,342.000000000000000,317664.000000000000000,10324,4521037,1944,4085191,11926,8288501
336,11/14/2021 15:00:00,4246,4207619,1119.000000000000000,3768646,121.000000000000000,317785.000000000000000,4367,4525404,1240,4086431,5486,8293987
337,11/15/2021 15:00:00,8656,4216275,2524.000000000000000,3771170,211.000000000000000,317996.000000000000000,8867,4534271,2735,4089166,11391,8305378
338,11/16/2021 15:00:00,9296,4225571,2513.000000000000000,3773683,258.000000000000000,318254.000000000000000,9554,4543825,2771,4091937,12067,8317445
339,11/17/2021 15:00:00,9421,4234992,2867.000000000000000,3776550,313.000000000000000,318567.000000000000000,9734,4553559,3180,4095117,12601,8330046
340,11/18/2021 15:00:00,9330,4244322,2630.000000000000000,3779180,481.000000000000000,319048.000000000000000,9811,4563370,3111,4098228,12441,8342487
341,11/19/2021 15:00:00,9849,4254171,2927.000000000000000,3782107,381.000000000000000,319429.000000000000000,10230,4573600,3308,4101536,13157,8355644
342,11/20/2021 15:00:00,10666,4264837,1608.000000000000000,3783715,455.000000000000000,319884.000000000000000,11121,4584721,2063,4103599,12729,8368373
343,11/21/2021 15:00:00,4397,4269234,1208.000000000000000,3784923,100.000000000000000,319984.000000000000000,4497,4589218,1308,4104907,5705,8374078
344,11/22/2021 15:00:00,9857,4279091,2513.000000000000000,3787436,293.000000000000000,320277.000000000000000,10150,4599368,2806,4107713,12663,8386741
345,11/23/2021 15:00:00,9255,4288346,2410.000000000000000,3789846,317.000000000000000,320594.000000000000000,9572,4608940,2727,4110440,11982,8398723
346,11/24/2021 15:00:00,8192,4296538,2444.000000000000000,3792290,216.000000000000000,320810.000000000000000,8408,4617348,2660,4113100,10852,8409575
347,11/25/2021 15:00:00,235,4296773,81.000000000000000,3792371,10.000000000000000,320820.000000000000000,245,4617593,91,4113191,326,8409901
348,11/26/2021 15:00:00,5671,4302444,3982.000000000000000,3796353,153.000000000000000,320973.000000000000000,5824,4623417,4135,4117326,9806,8419707
349,11/27/2021 15:00:00,3785,4306229,5497.000000000000000,3801850,134.000000000000000,321107.000000000000000,3919,4627336,5631,4122957,9416,8429123
350,11/28/2021 15:00:00,2408,4308637,6409.000000000000000,3808259,77.000000000000000,321184.000000000000000,2485,4629821,6486,4129443,8894,8438017
351,11/29/2021 15:00:00,6396,4315033,9334.000000000000000,3817593,380.000000000000000,321564.000000000000000,6776,4636597,9714,4139157,16110,8454127
352,11/30/2021 15:00:00,6277,4321310,9377.000000000000000,3826970,264.000000000000000,321828.000000000000000,6541,4643138,9641,4148798,15918,8470045
353,12/1/2021 15:00:00,7351,4328661,9770.000000000000000,3836740,309.000000000000000,322137.000000000000000,7660,4650798,10079,4158877,17430,8487475
354,12/2/2021 15:00:00,6962,4335623,8865.000000000000000,3845605,450.000000000000000,322587.000000000000000,7412,4658210,9315,4168192,16277,8503752
355,12/3/2021 15:00:00,7644,4343267,9377.000000000000000,3854982,253.000000000000000,322840.000000000000000,7897,4666107,9630,4177822,17274,8521026
356,12/4/2021 15:00:00,5965,4349232,10148.000000000000000,3865130,468.000000000000000,323308.000000000000000,6433,4672540,10616,4188438,16581,8537607
357,12/5/2021 15:00:00,3450,4352682,3588.000000000000000,3868718,78.000000000000000,323386.000000000000000,3528,4676068,3666,4192104,7116,8544723
358,12/6/2021 15:00:00,6783,4359465,7119.000000000000000,3875837,281.000000000000000,323667.000000000000000,7064,4683132,7400,4199504,14183,8558906
359,12/7/2021 15:00:00,6459,4365924,7090.000000000000000,3882927,252.000000000000000,323919.000000000000000,6711,4689843,7342,4206846,13801,8572707
360,12/8/2021 15:00:00,6953,4372877,7451.000000000000000,3890378,316.000000000000000,324235.000000000000000,7269,4697112,7767,4214613,14720,8587427
361,12/9/2021 15:00:00,6553,4379430,7080.000000000000000,3897458,399.000000000000000,324634.000000000000000,6952,4704064,7479,4222092,14032,8601459
362,12/10/2021 15:00:00,7310,4386740,7369.000000000000000,3904827,233.000000000000000,324867.000000000000000,7543,4711607,7602,4229694,14912,8616371
363,12/11/2021 15:00:00,4468,4391208,7715.000000000000000,3912542,333.000000000000000,325200.000000000000000,4801,4716408,8048,4237742,12516,8628887
364,12/12/2021 15:00:00,4011,4395219,2815.000000000000000,3915357,60.000000000000000,325260.000000000000000,4071,4720479,2875,4240617,6886,8635773
365,12/13/2021 15:00:00,5788,4401007,5836.000000000000000,3921193,243.000000000000000,325503.000000000000000,6031,4726510,6079,4246696,11867,8647640
366,12/14/2021 15:00:00,6476,4407483,5967.000000000000000,3927160,223.000000000000000,325726.000000000000000,6699,4733209,6190,4252886,12666,8660306
367,12/15/2021 15:00:00,7197,4414680,5741.000000000000000,3932901,259.000000000000000,325985.000000000000000,7456,4740665,6000,4258886,13197,8673503
368,12/16/2021 15:00:00,7917,4422597,2841.000000000000000,3935742,423.000000000000000,326408.000000000000000,8340,4749005,3264,4262150,11181,8684684
369,12/17/2021 15:00:00,7883,4430480,4196.000000000000000,3939938,195.000000000000000,326603.000000000000000,8078,4757083,4391,4266541,12274,8696958
370,12/18/2021 15:00:00,5858,4436338,3204.000000000000000,3943142,298.000000000000000,326901.000000000000000,6156,4763239,3502,4270043,9360,8706318
371,12/19/2021 15:00:00,3391,4439729,1354.000000000000000,3944496,37.000000000000000,326938.000000000000000,3428,4766667,1391,4271434,4782,8711100
372,12/20/2021 15:00:00,8128,4447857,3775.000000000000000,3948271,174.000000000000000,327112.000000000000000,8302,4774969,3949,4275383,12077,8723177
373,12/21/2021 15:00:00,9089,4456946,4228.000000000000000,3952499,177.000000000000000,327289.000000000000000,9266,4784235,4405,4279788,13494,8736671
374,12/22/2021 15:00:00,8739,4465685,3917.000000000000000,3956416,184.000000000000000,327473.000000000000000,8923,4793158,4101,4283889,12840,8749511
375,12/23/2021 15:00:00,8458,4474143,3599.000000000000000,3960015,359.000000000000000,327832.000000000000000,8817,4801975,3958,4287847,12416,8761927
376,12/24/2021 15:00:00,1638,4475781,1017.000000000000000,3961032,39.000000000000000,327871.000000000000000,1677,4803652,1056,4288903,2694,8764621
377,12/25/2021 15:00:00,47,4475828,36.000000000000000,3961068,1.000000000000000,327872.000000000000000,48,4803700,37,4288940,84,8764705
378,12/26/2021 15:00:00,2520,4478348,1757.000000000000000,3962825,44.000000000000000,327916.000000000000000,2564,4806264,1801,4290741,4321,8769026
379,12/27/2021 15:00:00,7272,4485620,4051.000000000000000,3966876,297.000000000000000,328213.000000000000000,7569,4813833,4348,4295089,11620,8780646
380,12/28/2021 15:00:00,7974,4493594,3887.000000000000000,3970763,179.000000000000000,328392.000000000000000,8153,4821986,4066,4299155,12040,8792686
381,12/29/2021 15:00:00,8271,4501865,4040.000000000000000,3974803,156.000000000000000,328548.000000000000000,8427,4830413,4196,4303351,12467,8805153
382,12/30/2021 15:00:00,7511,4509376,3813.000000000000000,3978616,291.000000000000000,328839.000000000000000,7802,4838215,4104,4307455,11615,8816768
383,12/31/2021 15:00:00,2585,4511961,1542.000000000000000,3980158,90.000000000000000,328929.000000000000000,2675,4840890,1632,4309087,4217,8820985
384,1/1/2022 15:00:00,741,4512702,353.000000000000000,3980511,34.000000000000000,328963.000000000000000,775,4841665,387,4309474,1128,8822113
385,1/2/2022 15:00:00,2220,4514922,1655.000000000000000,3982166,48.000000000000000,329011.000000000000000,2268,4843933,1703,4311177,3923,8826036
386,1/3/2022 15:00:00,3393,4518315,2090.000000000000000,3984256,224.000000000000000,329235.000000000000000,3617,4847550,2314,4313491,5707,8831743
387,1/4/2022 15:00:00,5878,4524193,3537.000000000000000,3987793,165.000000000000000,329400.000000000000000,6043,4853593,3702,4317193,9580,8841323
388,1/5/2022 15:00:00,6852,4531045,4720.000000000000000,3992513,176.000000000000000,329576.000000000000000,7028,4860621,4896,4322089,11748,8853071
389,1/6/2022 15:00:00,6837,4537882,4883.000000000000000,3997396,265.000000000000000,329841.000000000000000,7102,4867723,5148,4327237,11985,8865056
390,1/7/2022 15:00:00,6050,4543932,3861.000000000000000,4001257,162.000000000000000,330003.000000000000000,6212,4873935,4023,4331260,10073,8875129
391,1/8/2022 15:00:00,4826,4548758,3931.000000000000000,4005188,78.000000000000000,330081.000000000000000,4904,4878839,4009,4335269,8835,8883964
392,1/9/2022 15:00:00,2767,4551525,2030.000000000000000,4007218,154.000000000000000,330235.000000000000000,2921,4881760,2184,4337453,4951,8888915
393,1/10/2022 15:00:00,6362,4557887,3878.000000000000000,4011096,161.000000000000000,330396.000000000000000,6523,4888283,4039,4341492,10401,8899316
394,1/11/2022 15:00:00,6557,4564444,4306.000000000000000,4015402,143.000000000000000,330539.000000000000000,6700,4894983,4449,4345941,11006,8910322
395,1/12/2022 15:00:00,6842,4571286,4468.000000000000000,4019870,225.000000000000000,330764.000000000000000,7067,4902050,4693,4350634,11535,8921857
396,1/13/2022 15:00:00,6706,4577992,4412.000000000000000,4024282,153.000000000000000,330917.000000000000000,6859,4908909,4565,4355199,11271,8933128
397,1/14/2022 15:00:00,7268,4585260,3316.000000000000000,4027598,253.000000000000000,331170.000000000000000,7521,4916430,3569,4358768,10837,8943965
398,1/15/2022 15:00:00,4299,4589559,1702.000000000000000,4029300,71.000000000000000,331241.000000000000000,4370,4920800,1773,4360541,6072,8950037
399,1/16/2022 15:00:00,2224,4591783,1324.000000000000000,4030624,116.000000000000000,331357.000000000000000,2340,4923140,1440,4361981,3664,8953701
400,1/17/2022 15:00:00,3632,4595415,2390.000000000000000,4033014,75.000000000000000,331432.000000000000000,3707,4926847,2465,4364446,6097,8959798
401,1/18/2022 15:00:00,5304,4600719,4235.000000000000000,4037249,103.000000000000000,331535.000000000000000,5407,4932254,4338,4368784,9642,8969440
402,1/19/2022 15:00:00,5298,4606017,4508.000000000000000,4041757,99.000000000000000,331634.000000000000000,5397,4937651,4607,4373391,9905,8979345
403,1/20/2022 15:00:00,4544,4610561,3643.000000000000000,4045400,176.000000000000000,331810.000000000000000,4720,4942371,3819,4377210,8363,8987708
404,1/21/2022 15:00:00,5616,4616177,2955.000000000000000,4048355,126.000000000000000,331936.000000000000000,5742,4948113,3081,4380291,8697,8996405
405,1/22/2022 15:00:00,3481,4619658,1730.000000000000000,4050085,134.000000000000000,332070.000000000000000,3615,4951728,1864,4382155,5345,9001750
406,1/23/2022 15:00:00,2052,4621710,1504.000000000000000,4051589,30.000000000000000,332100.000000000000000,2082,4953810,1534,4383689,3586,9005336
407,1/24/2022 15:00:00,4134,4625844,2784.000000000000000,4054373,90.000000000000000,332190.000000000000000,4224,4958034,2874,4386563,7008,9012344
408,1/25/2022 15:00:00,3847,4629691,3335.000000000000000,4057708,95.000000000000000,332285.000000000000000,3942,4961976,3430,4389993,7277,9019621
409,1/26/2022 15:00:00,3886,4633577,3718.000000000000000,4061426,95.000000000000000,332380.000000000000000,3981,4965957,3813,4393806,7699,9027320
410,1/27/2022 15:00:00,3770,4637347,3959.000000000000000,4065385,188.000000000000000,332568.000000000000000,3958,4969915,4147,4397953,7917,9035237
411,1/28/2022 15:00:00,3864,4641211,3298.000000000000000,4068683,76.000000000000000,332644.000000000000000,3940,4973855,3374,4401327,7238,9042475
412,1/29/2022 15:00:00,2313,4643524,2301.000000000000000,4070984,117.000000000000000,332761.000000000000000,2430,4976285,2418,4403745,4731,9047206
413,1/30/2022 15:00:00,1565,4645089,1647.000000000000000,4072631,16.000000000000000,332777.000000000000000,1581,4977866,1663,4405408,3228,9050434
414,1/31/2022 15:00:00,3013,4648102,3248.000000000000000,4075879,58.000000000000000,332835.000000000000000,3071,4980937,3306,4408714,6319,9056753
415,2/1/2022 15:00:00,2656,4650758,3414.000000000000000,4079293,75.000000000000000,332910.000000000000000,2731,4983668,3489,4412203,6145,9062898
416,2/2/2022 15:00:00,2832,4653590,3734.000000000000000,4083027,78.000000000000000,332988.000000000000000,2910,4986578,3812,4416015,6644,9069542
417,2/3/2022 15:00:00,2767,4656357,3671.000000000000000,4086698,42.000000000000000,333030.000000000000000,2809,4989387,3713,4419728,6480,9076022
418,2/4/2022 15:00:00,2785,4659142,4402.000000000000000,4091100,128.000000000000000,333158.000000000000000,2913,4992300,4530,4424258,7315,9083337
419,2/5/2022 15:00:00,1924,4661066,2913.000000000000000,4094013,112.000000000000000,333270.000000000000000,2036,4994336,3025,4427283,4949,9088286
420,2/6/2022 15:00:00,1079,4662145,1357.000000000000000,4095370,24.000000000000000,333294.000000000000000,1103,4995439,1381,4428664,2460,9090746
421,2/7/2022 15:00:00,2063,4664208,2713.000000000000000,4098083,51.000000000000000,333345.000000000000000,2114,4997553,2764,4431428,4827,9095573
422,2/8/2022 15:00:00,2094,4666302,3107.000000000000000,4101190,63.000000000000000,333408.000000000000000,2157,4999710,3170,4434598,5264,9100837
423,2/9/2022 15:00:00,2212,4668514,3324.000000000000000,4104514,76.000000000000000,333484.000000000000000,2288,5001998,3400,4437998,5612,9106449
424,2/10/2022 15:00:00,2095,4670609,2883.000000000000000,4107397,55.000000000000000,333539.000000000000000,2150,5004148,2938,4440936,5033,9111482
425,2/11/2022 15:00:00,2523,4673132,3533.000000000000000,4110930,123.000000000000000,333662.000000000000000,2646,5006794,3656,4444592,6179,9117661
426,2/12/2022 15:00:00,1684,4674816,2322.000000000000000,4113252,97.000000000000000,333759.000000000000000,1781,5008575,2419,4447011,4103,9121764
427,2/13/2022 15:00:00,739,4675555,1086.000000000000000,4114338,17.000000000000000,333776.000000000000000,756,5009331,1103,4448114,1842,9123606
428,2/14/2022 15:00:00,1467,4677022,2248.000000000000000,4116586,65.000000000000000,333841.000000000000000,1532,5010863,2313,4450427,3780,9127386
429,2/15/2022 15:00:00,1949,4678971,2473.000000000000000,4119059,47.000000000000000,333888.000000000000000,1996,5012859,2520,4452947,4469,9131855
430,2/16/2022 15:00:00,1693,4680664,2454.000000000000000,4121513,52.000000000000000,333940.000000000000000,1745,5014604,2506,4455453,4199,9136054
431,2/17/2022 15:00:00,16885,4697549,13044.000000000000000,4134557,485.000000000000000,334425.000000000000000,17370,5031974,13529,4468982,30414,9166468
432,2/18/2022 15:00:00,2013,4699562,2611.000000000000000,4137168,49.000000000000000,334474.000000000000000,2062,5034036,2660,4471642,4673,9171141
433,2/19/2022 15:00:00,1240,4700802,1708.000000000000000,4138876,39.000000000000000,334513.000000000000000,1279,5035315,1747,4473389,2987,9174128
434,2/20/2022 15:00:00,711,4701513,851.000000000000000,4139727,15.000000000000000,334528.000000000000000,726,5036041,866,4474255,1577,9175705
435,2/21/2022 15:00:00,1309,4702822,1791.000000000000000,4141518,32.000000000000000,334560.000000000000000,1341,5037382,1823,4476078,3132,9178837
436,2/22/2022 15:00:00,1459,4704281,1903.000000000000000,4143421,36.000000000000000,334596.000000000000000,1495,5038877,1939,4478017,3398,9182235
437,2/23/2022 15:00:00,1574,4705855,1880.000000000000000,4145301,35.000000000000000,334631.000000000000000,1609,5040486,1915,4479932,3489,9185724
438,2/24/2022 15:00:00,1451,4707306,1622.000000000000000,4146923,38.000000000000000,334669.000000000000000,1489,5041975,1660,4481592,3111,9188835
439,2/25/2022 15:00:00,1552,4708858,1732.000000000000000,4148655,68.000000000000000,334737.000000000000000,1620,5043595,1800,4483392,3352,9192187
440,2/26/2022 15:00:00,1097,4709955,1126.000000000000000,4149781,42.000000000000000,334779.000000000000000,1139,5044734,1168,4484560,2265,9194452
441,2/27/2022 15:00:00,194,4710149,158.000000000000000,4149939,5.000000000000000,334784.000000000000000,199,5044933,163,4484723,357,9194809