OBJECTID,VACCINATION_DATE,FirstDailyDose,FirstDoseCumulative,SecondDailyDose,SecondDoseCumulative,SingleDailyDose,SingleDoseCumulative,AtleastOneVaccine,AtleastOneVaccineCumulative,CompletedVax,CompletedVaxCumulative,FirstSecondSingleVaccination_12,FirstSecondSingleVaccination_13
1,12/14/2020 15:00:00,17,1082,,403,,,17,1082,0,403,17,1400
2,12/15/2020 15:00:00,54,1136,3.000000000000000,406,,,54,1136,3,406,57,1457
3,12/16/2020 15:00:00,580,1716,2.000000000000000,408,,,580,1716,2,408,582,2039
4,12/17/2020 15:00:00,1147,2863,2.000000000000000,410,,,1147,2863,2,410,1149,3188
5,12/18/2020 15:00:00,2997,5860,11.000000000000000,421,,,2997,5860,11,421,3008,6196
6,12/19/2020 15:00:00,922,6782,5.000000000000000,426,,,922,6782,5,426,927,7123
7,12/20/2020 15:00:00,342,7124,4.000000000000000,430,,,342,7124,4,430,346,7469
8,12/21/2020 15:00:00,3866,10990,24.000000000000000,454,,,3866,10990,24,454,3890,11359
9,12/22/2020 15:00:00,6295,17285,23.000000000000000,477,,,6295,17285,23,477,6318,17677
10,12/23/2020 15:00:00,5742,23027,33.000000000000000,510,,,5742,23027,33,510,5775,23452
11,12/24/2020 15:00:00,2719,25746,13.000000000000000,523,,,2719,25746,13,523,2732,26184
12,12/25/2020 15:00:00,1035,26781,3.000000000000000,526,,,1035,26781,3,526,1038,27222
13,12/26/2020 15:00:00,1874,28655,9.000000000000000,535,,,1874,28655,9,535,1883,29105
14,12/27/2020 15:00:00,1798,30453,10.000000000000000,545,,,1798,30453,10,545,1808,30913
15,12/28/2020 15:00:00,8965,39418,41.000000000000000,586,,,8965,39418,41,586,9006,39919
16,12/29/2020 15:00:00,10936,50354,44.000000000000000,630,,,10936,50354,44,630,10980,50899
17,12/30/2020 15:00:00,12474,62828,71.000000000000000,701,,,12474,62828,71,701,12545,63444
18,12/31/2020 15:00:00,7528,70356,40.000000000000000,741,,,7528,70356,40,741,7568,71012
19,1/1/2021 15:00:00,2799,73155,125.000000000000000,866,,,2799,73155,125,866,2924,73936
20,1/2/2021 15:00:00,3006,76161,34.000000000000000,900,,,3006,76161,34,900,3040,76976
21,1/3/2021 15:00:00,3387,79548,80.000000000000000,980,,,3387,79548,80,980,3467,80443
22,1/4/2021 15:00:00,13303,92851,319.000000000000000,1299,,,13303,92851,319,1299,13622,94065
23,1/5/2021 15:00:00,12427,105278,525.000000000000000,1824,,,12427,105278,525,1824,12952,107017
24,1/6/2021 15:00:00,15192,120470,847.000000000000000,2671,,,15192,120470,847,2671,16039,123056
25,1/7/2021 15:00:00,14971,135441,1743.000000000000000,4414,,,14971,135441,1743,4414,16714,139770
26,1/8/2021 15:00:00,23957,159398,2743.000000000000000,7157,,,23957,159398,2743,7157,26700,166470
27,1/9/2021 15:00:00,5142,164540,941.000000000000000,8098,,,5142,164540,941,8098,6083,172553
28,1/10/2021 15:00:00,2940,167480,372.000000000000000,8470,,,2940,167480,372,8470,3312,175865
29,1/11/2021 15:00:00,13684,181164,3444.000000000000000,11914,,,13684,181164,3444,11914,17128,192993
30,1/12/2021 15:00:00,17327,198491,5564.000000000000000,17478,,,17327,198491,5564,17478,22891,215884
31,1/13/2021 15:00:00,18545,217036,3878.000000000000000,21356,,,18545,217036,3878,21356,22423,238307
32,1/14/2021 15:00:00,17787,234823,1935.000000000000000,23291,,,17787,234823,1935,23291,19722,258029
33,1/15/2021 15:00:00,19398,254221,1991.000000000000000,25282,,,19398,254221,1991,25282,21389,279418
34,1/16/2021 15:00:00,5793,260014,1599.000000000000000,26881,,,5793,260014,1599,26881,7392,286810
35,1/17/2021 15:00:00,2106,262120,1473.000000000000000,28354,,,2106,262120,1473,28354,3579,290389
36,1/18/2021 15:00:00,7054,269174,3236.000000000000000,31590,,,7054,269174,3236,31590,10290,300679
37,1/19/2021 15:00:00,16891,286065,5375.000000000000000,36965,,,16891,286065,5375,36965,22266,322945
38,1/20/2021 15:00:00,20975,307040,5279.000000000000000,42244,,,20975,307040,5279,42244,26254,349199
39,1/21/2021 15:00:00,23729,330769,3783.000000000000000,46027,,,23729,330769,3783,46027,27512,376711
40,1/22/2021 15:00:00,28621,359390,3700.000000000000000,49727,,,28621,359390,3700,49727,32321,409032
41,1/23/2021 15:00:00,10085,369475,1920.000000000000000,51647,,,10085,369475,1920,51647,12005,421037
42,1/24/2021 15:00:00,3336,372811,1719.000000000000000,53366,,,3336,372811,1719,53366,5055,426092
43,1/25/2021 15:00:00,16280,389091,8564.000000000000000,61930,,,16280,389091,8564,61930,24844,450936
44,1/26/2021 15:00:00,17532,406623,8937.000000000000000,70867,,,17532,406623,8937,70867,26469,477405
45,1/27/2021 15:00:00,24417,431040,12502.000000000000000,83369,,,24417,431040,12502,83369,36919,514324
46,1/28/2021 15:00:00,22624,453664,9269.000000000000000,92638,,,22624,453664,9269,92638,31893,546217
47,1/29/2021 15:00:00,24735,478399,7862.000000000000000,100500,,,24735,478399,7862,100500,32597,578814
48,1/30/2021 15:00:00,17750,496149,2520.000000000000000,103020,,,17750,496149,2520,103020,20270,599084
49,1/31/2021 15:00:00,3747,499896,1335.000000000000000,104355,,,3747,499896,1335,104355,5082,604166
50,2/1/2021 15:00:00,7750,507646,5182.000000000000000,109537,,,7750,507646,5182,109537,12932,617098
51,2/2/2021 15:00:00,12431,520077,13764.000000000000000,123301,,,12431,520077,13764,123301,26195,643293
52,2/3/2021 15:00:00,18192,538269,18071.000000000000000,141372,,,18192,538269,18071,141372,36263,679556
53,2/4/2021 15:00:00,22050,560319,15706.000000000000000,157078,,,22050,560319,15706,157078,37756,717312
54,2/5/2021 15:00:00,20259,580578,17348.000000000000000,174426,,,20259,580578,17348,174426,37607,754919
55,2/6/2021 15:00:00,11279,591857,14429.000000000000000,188855,,,11279,591857,14429,188855,25708,780627
56,2/7/2021 15:00:00,5907,597764,1794.000000000000000,190649,,,5907,597764,1794,190649,7701,788328
57,2/8/2021 15:00:00,12929,610693,12881.000000000000000,203530,,,12929,610693,12881,203530,25810,814138
58,2/9/2021 15:00:00,16599,627292,13817.000000000000000,217347,,,16599,627292,13817,217347,30416,844554
59,2/10/2021 15:00:00,19225,646517,21174.000000000000000,238521,,,19225,646517,21174,238521,40399,884953
60,2/11/2021 15:00:00,22838,669355,17268.000000000000000,255789,,,22838,669355,17268,255789,40106,925059
61,2/12/2021 15:00:00,20333,689688,19564.000000000000000,275353,,,20333,689688,19564,275353,39897,964956
62,2/13/2021 15:00:00,11397,701085,6384.000000000000000,281737,,,11397,701085,6384,281737,17781,982737
63,2/14/2021 15:00:00,7096,708181,2105.000000000000000,283842,,,7096,708181,2105,283842,9201,991938
64,2/15/2021 15:00:00,11730,719911,13278.000000000000000,297120,,,11730,719911,13278,297120,25008,1016946
65,2/16/2021 15:00:00,16564,736475,20970.000000000000000,318090,,,16564,736475,20970,318090,37534,1054480
66,2/17/2021 15:00:00,20620,757095,26333.000000000000000,344423,,,20620,757095,26333,344423,46953,1101433
67,2/18/2021 15:00:00,3177,760272,4595.000000000000000,349018,,,3177,760272,4595,349018,7772,1109205
68,2/19/2021 15:00:00,10233,770505,19887.000000000000000,368905,,,10233,770505,19887,368905,30120,1139325
69,2/20/2021 15:00:00,10287,780792,20243.000000000000000,389148,,,10287,780792,20243,389148,30530,1169855
70,2/21/2021 15:00:00,6158,786950,7621.000000000000000,396769,,,6158,786950,7621,396769,13779,1183634
71,2/22/2021 15:00:00,8004,794954,15435.000000000000000,412204,,,8004,794954,15435,412204,23439,1207073
72,2/23/2021 15:00:00,15497,810451,15914.000000000000000,428118,,,15497,810451,15914,428118,31411,1238484
73,2/24/2021 15:00:00,17901,828352,24703.000000000000000,452821,,,17901,828352,24703,452821,42604,1281088
74,2/25/2021 15:00:00,20374,848726,26480.000000000000000,479301,,,20374,848726,26480,479301,46854,1327942
75,2/26/2021 15:00:00,26685,875411,26123.000000000000000,505424,,,26685,875411,26123,505424,52808,1380750
76,2/27/2021 15:00:00,15958,891369,11108.000000000000000,516532,,,15958,891369,11108,516532,27066,1407816
77,2/28/2021 15:00:00,15485,906854,4852.000000000000000,521384,,,15485,906854,4852,521384,20337,1428153
78,3/1/2021 15:00:00,26348,933202,12412.000000000000000,533796,,,26348,933202,12412,533796,38760,1466913
79,3/2/2021 15:00:00,23816,957018,13215.000000000000000,547011,32.000000000000000,32.000000000000000,23848,957050,13247,547043,37063,1503976
80,3/3/2021 15:00:00,30074,987092,18340.000000000000000,565351,181.000000000000000,213.000000000000000,30255,987305,18521,565564,48595,1552571
81,3/4/2021 15:00:00,30924,1018016,18125.000000000000000,583476,4066.000000000000000,4279.000000000000000,34990,1022295,22191,587755,53115,1605686
82,3/5/2021 15:00:00,29389,1047405,19403.000000000000000,602879,4912.000000000000000,9191.000000000000000,34301,1056596,24315,612070,53704,1659390
83,3/6/2021 15:00:00,17821,1065226,8940.000000000000000,611819,6004.000000000000000,15195.000000000000000,23825,1080421,14944,627014,32765,1692155
84,3/7/2021 15:00:00,12099,1077325,4822.000000000000000,616641,6613.000000000000000,21808.000000000000000,18712,1099133,11435,638449,23534,1715689
85,3/8/2021 15:00:00,25809,1103134,8780.000000000000000,625421,8277.000000000000000,30085.000000000000000,34086,1133219,17057,655506,42866,1758555
86,3/9/2021 15:00:00,26056,1129190,15396.000000000000000,640817,8344.000000000000000,38429.000000000000000,34400,1167619,23740,679246,49796,1808351
87,3/10/2021 15:00:00,29805,1158995,15921.000000000000000,656738,7931.000000000000000,46360.000000000000000,37736,1205355,23852,703098,53657,1862008
88,3/11/2021 15:00:00,35900,1194895,16384.000000000000000,673122,3981.000000000000000,50341.000000000000000,39881,1245236,20365,723463,56265,1918273
89,3/12/2021 15:00:00,36854,1231749,18010.000000000000000,691132,2919.000000000000000,53260.000000000000000,39773,1285009,20929,744392,57783,1976056
90,3/13/2021 15:00:00,22635,1254384,10239.000000000000000,701371,1608.000000000000000,54868.000000000000000,24243,1309252,11847,756239,34482,2010538
91,3/14/2021 15:00:00,17826,1272210,6676.000000000000000,708047,999.000000000000000,55867.000000000000000,18825,1328077,7675,763914,25501,2036039
92,3/15/2021 15:00:00,29751,1301961,11236.000000000000000,719283,593.000000000000000,56460.000000000000000,30344,1358421,11829,775743,41580,2077619
93,3/16/2021 15:00:00,33372,1335333,13511.000000000000000,732794,765.000000000000000,57225.000000000000000,34137,1392558,14276,790019,47648,2125267
94,3/17/2021 15:00:00,37519,1372852,16973.000000000000000,749767,1175.000000000000000,58400.000000000000000,38694,1431252,18148,808167,55667,2180934
95,3/18/2021 15:00:00,41359,1414211,12556.000000000000000,762323,1348.000000000000000,59748.000000000000000,42707,1473959,13904,822071,55263,2236197
96,3/19/2021 15:00:00,38253,1452464,15348.000000000000000,777671,1036.000000000000000,60784.000000000000000,39289,1513248,16384,838455,54637,2290834
97,3/20/2021 15:00:00,24651,1477115,10086.000000000000000,787757,698.000000000000000,61482.000000000000000,25349,1538597,10784,849239,35435,2326269
98,3/21/2021 15:00:00,19139,1496254,7827.000000000000000,795584,332.000000000000000,61814.000000000000000,19471,1558068,8159,857398,27298,2353567
99,3/22/2021 15:00:00,32517,1528771,11410.000000000000000,806994,834.000000000000000,62648.000000000000000,33351,1591419,12244,869642,44761,2398328
100,3/23/2021 15:00:00,37715,1566486,17284.000000000000000,824278,1552.000000000000000,64200.000000000000000,39267,1630686,18836,888478,56551,2454879
101,3/24/2021 15:00:00,41031,1607517,21116.000000000000000,845394,1380.000000000000000,65580.000000000000000,42411,1673097,22496,910974,63527,2518406
102,3/25/2021 15:00:00,42293,1649810,20969.000000000000000,866363,2455.000000000000000,68035.000000000000000,44748,1717845,23424,934398,65717,2584123
103,3/26/2021 15:00:00,36557,1686367,26222.000000000000000,892585,2499.000000000000000,70534.000000000000000,39056,1756901,28721,963119,65278,2649401
104,3/27/2021 15:00:00,26899,1713266,16745.000000000000000,909330,2481.000000000000000,73015.000000000000000,29380,1786281,19226,982345,46125,2695526
105,3/28/2021 15:00:00,17002,1730268,12597.000000000000000,921927,1614.000000000000000,74629.000000000000000,18616,1804897,14211,996556,31213,2726739
106,3/29/2021 15:00:00,29680,1759948,26183.000000000000000,948110,1138.000000000000000,75767.000000000000000,30818,1835715,27321,1023877,57001,2783740
107,3/30/2021 15:00:00,39993,1799941,28886.000000000000000,976996,1856.000000000000000,77623.000000000000000,41849,1877564,30742,1054619,70735,2854475
108,3/31/2021 15:00:00,40993,1840934,34555.000000000000000,1011551,5745.000000000000000,83368.000000000000000,46738,1924302,40300,1094919,81293,2935768
109,4/1/2021 15:00:00,40938,1881872,39783.000000000000000,1051334,5641.000000000000000,89009.000000000000000,46579,1970881,45424,1140343,86362,3022130
110,4/2/2021 15:00:00,34936,1916808,32450.000000000000000,1083784,6112.000000000000000,95121.000000000000000,41048,2011929,38562,1178905,73498,3095628
111,4/3/2021 15:00:00,21593,1938401,18642.000000000000000,1102426,4363.000000000000000,99484.000000000000000,25956,2037885,23005,1201910,44598,3140226
112,4/4/2021 15:00:00,8231,1946632,10158.000000000000000,1112584,962.000000000000000,100446.000000000000000,9193,2047078,11120,1213030,19351,3159577
113,4/5/2021 15:00:00,27867,1974499,28816.000000000000000,1141400,6647.000000000000000,107093.000000000000000,34514,2081592,35463,1248493,63330,3222907
114,4/6/2021 15:00:00,39704,2014203,30365.000000000000000,1171765,10483.000000000000000,117576.000000000000000,50187,2131779,40848,1289341,80552,3303459
115,4/7/2021 15:00:00,35990,2050193,34155.000000000000000,1205920,12964.000000000000000,130540.000000000000000,48954,2180733,47119,1336460,83109,3386568
116,4/8/2021 15:00:00,42249,2092442,35956.000000000000000,1241876,13848.000000000000000,144388.000000000000000,56097,2236830,49804,1386264,92053,3478621
117,4/9/2021 15:00:00,33974,2126416,36245.000000000000000,1278121,14517.000000000000000,158905.000000000000000,48491,2285321,50762,1437026,84736,3563357
118,4/10/2021 15:00:00,23417,2149833,23077.000000000000000,1301198,7618.000000000000000,166523.000000000000000,31035,2316356,30695,1467721,54112,3617469
119,4/11/2021 15:00:00,17546,2167379,13247.000000000000000,1314445,10121.000000000000000,176644.000000000000000,27667,2344023,23368,1491089,40914,3658383
120,4/12/2021 15:00:00,24548,2191927,33098.000000000000000,1347543,10889.000000000000000,187533.000000000000000,35437,2379460,43987,1535076,68535,3726918
121,4/13/2021 15:00:00,126742,2318669,90534.000000000000000,1438077,3292.000000000000000,190825.000000000000000,130034,2509494,93826,1628902,220568,3947486
122,4/14/2021 15:00:00,40669,2359338,37713.000000000000000,1475790,211.000000000000000,191036.000000000000000,40880,2550374,37924,1666826,78593,4026079
123,4/15/2021 15:00:00,41658,2400996,39109.000000000000000,1514899,172.000000000000000,191208.000000000000000,41830,2592204,39281,1706107,80939,4107018
124,4/16/2021 15:00:00,37168,2438164,38681.000000000000000,1553580,23.000000000000000,191231.000000000000000,37191,2629395,38704,1744811,75872,4182890
125,4/17/2021 15:00:00,32757,2470921,21958.000000000000000,1575538,12.000000000000000,191243.000000000000000,32769,2662164,21970,1766781,54727,4237617
126,4/18/2021 15:00:00,20058,2490979,16159.000000000000000,1591697,5.000000000000000,191248.000000000000000,20063,2682227,16164,1782945,36222,4273839
127,4/19/2021 15:00:00,29867,2520846,36450.000000000000000,1628147,61.000000000000000,191309.000000000000000,29928,2712155,36511,1819456,66378,4340217
128,4/20/2021 15:00:00,33074,2553920,44137.000000000000000,1672284,55.000000000000000,191364.000000000000000,33129,2745284,44192,1863648,77266,4417483
129,4/21/2021 15:00:00,39770,2593690,46884.000000000000000,1719168,22.000000000000000,191386.000000000000000,39792,2785076,46906,1910554,86676,4504159
130,4/22/2021 15:00:00,36362,2630052,41937.000000000000000,1761105,16.000000000000000,191402.000000000000000,36378,2821454,41953,1952507,78315,4582474
131,4/23/2021 15:00:00,33075,2663127,39959.000000000000000,1801064,13.000000000000000,191415.000000000000000,33088,2854542,39972,1992479,73047,4655521
132,4/24/2021 15:00:00,26383,2689510,27800.000000000000000,1828864,80.000000000000000,191495.000000000000000,26463,2881005,27880,2020359,54263,4709784
133,4/25/2021 15:00:00,20212,2709722,10915.000000000000000,1839779,30.000000000000000,191525.000000000000000,20242,2901247,10945,2031304,31157,4740941
134,4/26/2021 15:00:00,27400,2737122,32593.000000000000000,1872372,202.000000000000000,191727.000000000000000,27602,2928849,32795,2064099,60195,4801136
135,4/27/2021 15:00:00,26680,2763802,32936.000000000000000,1905308,1096.000000000000000,192823.000000000000000,27776,2956625,34032,2098131,60712,4861848
136,4/28/2021 15:00:00,28908,2792710,39411.000000000000000,1944719,1362.000000000000000,194185.000000000000000,30270,2986895,40773,2138904,69681,4931529
137,4/29/2021 15:00:00,27293,2820003,39352.000000000000000,1984071,1463.000000000000000,195648.000000000000000,28756,3015651,40815,2179719,68108,4999637
138,4/30/2021 15:00:00,28164,2848167,32108.000000000000000,2016179,1644.000000000000000,197292.000000000000000,29808,3045459,33752,2213471,61916,5061553
139,5/1/2021 15:00:00,20463,2868630,26404.000000000000000,2042583,1030.000000000000000,198322.000000000000000,21493,3066952,27434,2240905,47897,5109450
140,5/2/2021 15:00:00,10270,2878900,16997.000000000000000,2059580,819.000000000000000,199141.000000000000000,11089,3078041,17816,2258721,28086,5137536
141,5/3/2021 15:00:00,12728,2891628,28393.000000000000000,2087973,1909.000000000000000,201050.000000000000000,14637,3092678,30302,2289023,43030,5180566
142,5/4/2021 15:00:00,13523,2905151,38381.000000000000000,2126354,1733.000000000000000,202783.000000000000000,15256,3107934,40114,2329137,53637,5234203
143,5/5/2021 15:00:00,19319,2924470,37635.000000000000000,2163989,1920.000000000000000,204703.000000000000000,21239,3129173,39555,2368692,58874,5293077
144,5/6/2021 15:00:00,16921,2941391,40488.000000000000000,2204477,1717.000000000000000,206420.000000000000000,18638,3147811,42205,2410897,59126,5352203
145,5/7/2021 15:00:00,17385,2958776,35967.000000000000000,2240444,1954.000000000000000,208374.000000000000000,19339,3167150,37921,2448818,55306,5407509
146,5/8/2021 15:00:00,10781,2969557,31150.000000000000000,2271594,1291.000000000000000,209665.000000000000000,12072,3179222,32441,2481259,43222,5450731
147,5/9/2021 15:00:00,5050,2974607,11890.000000000000000,2283484,696.000000000000000,210361.000000000000000,5746,3184968,12586,2493845,17636,5468367
148,5/10/2021 15:00:00,8946,2983553,30965.000000000000000,2314449,1357.000000000000000,211718.000000000000000,10303,3195271,32322,2526167,41268,5509635
149,5/11/2021 15:00:00,12188,2995741,30213.000000000000000,2344662,1437.000000000000000,213155.000000000000000,13625,3208896,31650,2557817,43838,5553473
150,5/12/2021 15:00:00,13945,3009686,38520.000000000000000,2383182,1916.000000000000000,215071.000000000000000,15861,3224757,40436,2598253,54381,5607854
151,5/13/2021 15:00:00,21831,3031517,33386.000000000000000,2416568,1346.000000000000000,216417.000000000000000,23177,3247934,34732,2632985,56563,5664417
152,5/14/2021 15:00:00,24325,3055842,29925.000000000000000,2446493,1772.000000000000000,218189.000000000000000,26097,3274031,31697,2664682,56022,5720439
153,5/15/2021 15:00:00,21875,3077717,25031.000000000000000,2471524,1489.000000000000000,219678.000000000000000,23364,3297395,26520,2691202,48395,5768834
154,5/16/2021 15:00:00,9074,3086791,17531.000000000000000,2489055,1112.000000000000000,220790.000000000000000,10186,3307581,18643,2709845,27717,5796551
155,5/17/2021 15:00:00,16826,3103617,28293.000000000000000,2517348,1949.000000000000000,222739.000000000000000,18775,3326356,30242,2740087,47068,5843619
156,5/18/2021 15:00:00,21240,3124857,30618.000000000000000,2547966,1941.000000000000000,224680.000000000000000,23181,3349537,32559,2772646,53799,5897418
157,5/19/2021 15:00:00,27584,3152441,32336.000000000000000,2580302,1626.000000000000000,226306.000000000000000,29210,3378747,33962,2806608,61546,5958964
158,5/20/2021 15:00:00,20784,3173225,33163.000000000000000,2613465,1963.000000000000000,228269.000000000000000,22747,3401494,35126,2841734,55910,6014874
159,5/21/2021 15:00:00,19143,3192368,30213.000000000000000,2643678,1607.000000000000000,229876.000000000000000,20750,3422244,31820,2873554,50963,6065837
160,5/22/2021 15:00:00,16912,3209280,20632.000000000000000,2664310,1269.000000000000000,231145.000000000000000,18181,3440425,21901,2895455,38813,6104650
161,5/23/2021 15:00:00,8753,3218033,11420.000000000000000,2675730,964.000000000000000,232109.000000000000000,9717,3450142,12384,2907839,21137,6125787
162,5/24/2021 15:00:00,13562,3231595,17709.000000000000000,2693439,1475.000000000000000,233584.000000000000000,15037,3465179,19184,2927023,32746,6158533
163,5/25/2021 15:00:00,13001,3244596,18627.000000000000000,2712066,1327.000000000000000,234911.000000000000000,14328,3479507,19954,2946977,32955,6191488
164,5/26/2021 15:00:00,18263,3262859,19411.000000000000000,2731477,1510.000000000000000,236421.000000000000000,19773,3499280,20921,2967898,39184,6230672
165,5/27/2021 15:00:00,11678,3274537,18608.000000000000000,2750085,1116.000000000000000,237537.000000000000000,12794,3512074,19724,2987622,31402,6262074
166,5/28/2021 15:00:00,12503,3287040,19693.000000000000000,2769778,1397.000000000000000,238934.000000000000000,13900,3525974,21090,3008712,33593,6295667
167,5/29/2021 15:00:00,9548,3296588,11614.000000000000000,2781392,934.000000000000000,239868.000000000000000,10482,3536456,12548,3021260,22096,6317763
168,5/30/2021 15:00:00,4966,3301554,6414.000000000000000,2787806,597.000000000000000,240465.000000000000000,5563,3542019,7011,3028271,11977,6329740
169,5/31/2021 15:00:00,1775,3303329,3704.000000000000000,2791510,305.000000000000000,240770.000000000000000,2080,3544099,4009,3032280,5784,6335524
170,6/1/2021 15:00:00,9776,3313105,16281.000000000000000,2807791,1150.000000000000000,241920.000000000000000,10926,3555025,17431,3049711,27207,6362731
171,6/2/2021 15:00:00,10220,3323325,16762.000000000000000,2824553,959.000000000000000,242879.000000000000000,11179,3566204,17721,3067432,27941,6390672
172,6/3/2021 15:00:00,7891,3331216,21132.000000000000000,2845685,1085.000000000000000,243964.000000000000000,8976,3575180,22217,3089649,30108,6420780
173,6/4/2021 15:00:00,8213,3339429,22226.000000000000000,2867911,1120.000000000000000,245084.000000000000000,9333,3584513,23346,3112995,31559,6452339
174,6/5/2021 15:00:00,7012,3346441,19394.000000000000000,2887305,719.000000000000000,245803.000000000000000,7731,3592244,20113,3133108,27125,6479464
175,6/6/2021 15:00:00,3464,3349905,7209.000000000000000,2894514,422.000000000000000,246225.000000000000000,3886,3596130,7631,3140739,11095,6490559
176,6/7/2021 15:00:00,6847,3356752,15721.000000000000000,2910235,725.000000000000000,246950.000000000000000,7572,3603702,16446,3157185,23293,6513852
177,6/8/2021 15:00:00,6667,3363419,19650.000000000000000,2929885,819.000000000000000,247769.000000000000000,7486,3611188,20469,3177654,27136,6540988
178,6/9/2021 15:00:00,8194,3371613,23892.000000000000000,2953777,968.000000000000000,248737.000000000000000,9162,3620350,24860,3202514,33054,6574042
179,6/10/2021 15:00:00,7157,3378770,19067.000000000000000,2972844,893.000000000000000,249630.000000000000000,8050,3628400,19960,3222474,27117,6601159
180,6/11/2021 15:00:00,7462,3386232,17683.000000000000000,2990527,1125.000000000000000,250755.000000000000000,8587,3636987,18808,3241282,26270,6627429
181,6/12/2021 15:00:00,5229,3391461,14714.000000000000000,3005241,604.000000000000000,251359.000000000000000,5833,3642820,15318,3256600,20547,6647976
182,6/13/2021 15:00:00,1930,3393391,7552.000000000000000,3012793,425.000000000000000,251784.000000000000000,2355,3645175,7977,3264577,9907,6657883
183,6/14/2021 15:00:00,5656,3399047,11797.000000000000000,3024590,728.000000000000000,252512.000000000000000,6384,3651559,12525,3277102,18181,6676064
184,6/15/2021 15:00:00,5641,3404688,14282.000000000000000,3038872,870.000000000000000,253382.000000000000000,6511,3658070,15152,3292254,20793,6696857
185,6/16/2021 15:00:00,8752,3413440,21533.000000000000000,3060405,757.000000000000000,254139.000000000000000,9509,3667579,22290,3314544,31042,6727899
186,6/17/2021 15:00:00,6677,3420117,12325.000000000000000,3072730,717.000000000000000,254856.000000000000000,7394,3674973,13042,3327586,19719,6747618
187,6/18/2021 15:00:00,6832,3426949,12691.000000000000000,3085421,703.000000000000000,255559.000000000000000,7535,3682508,13394,3340980,20226,6767844
188,6/19/2021 15:00:00,4659,3431608,9350.000000000000000,3094771,614.000000000000000,256173.000000000000000,5273,3687781,9964,3350944,14623,6782467
189,6/20/2021 15:00:00,2500,3434108,5033.000000000000000,3099804,378.000000000000000,256551.000000000000000,2878,3690659,5411,3356355,7911,6790378
190,6/21/2021 15:00:00,5552,3439660,5313.000000000000000,3105117,636.000000000000000,257187.000000000000000,6188,3696847,5949,3362304,11501,6801879
191,6/22/2021 15:00:00,5193,3444853,8840.000000000000000,3113957,681.000000000000000,257868.000000000000000,5874,3702721,9521,3371825,14714,6816593
192,6/23/2021 15:00:00,6057,3450910,10287.000000000000000,3124244,644.000000000000000,258512.000000000000000,6701,3709422,10931,3382756,16988,6833581
193,6/24/2021 15:00:00,5926,3456836,8177.000000000000000,3132421,593.000000000000000,259105.000000000000000,6519,3715941,8770,3391526,14696,6848277
194,6/25/2021 15:00:00,5825,3462661,8610.000000000000000,3141031,619.000000000000000,259724.000000000000000,6444,3722385,9229,3400755,15054,6863331
195,6/26/2021 15:00:00,3700,3466361,6287.000000000000000,3147318,396.000000000000000,260120.000000000000000,4096,3726481,6683,3407438,10383,6873714
196,6/27/2021 15:00:00,2805,3469166,3509.000000000000000,3150827,184.000000000000000,260304.000000000000000,2989,3729470,3693,3411131,6498,6880212
197,6/28/2021 15:00:00,4728,3473894,6079.000000000000000,3156906,521.000000000000000,260825.000000000000000,5249,3734719,6600,3417731,11328,6891540
198,6/29/2021 15:00:00,5062,3478956,6432.000000000000000,3163338,517.000000000000000,261342.000000000000000,5579,3740298,6949,3424680,12011,6903551
199,6/30/2021 15:00:00,5601,3484557,7359.000000000000000,3170697,602.000000000000000,261944.000000000000000,6203,3746501,7961,3432641,13562,6917113
200,7/1/2021 15:00:00,5334,3489891,6909.000000000000000,3177606,491.000000000000000,262435.000000000000000,5825,3752326,7400,3440041,12734,6929847
201,7/2/2021 15:00:00,5283,3495174,6801.000000000000000,3184407,519.000000000000000,262954.000000000000000,5802,3758128,7320,3447361,12603,6942450
202,7/3/2021 15:00:00,3260,3498434,4046.000000000000000,3188453,260.000000000000000,263214.000000000000000,3520,3761648,4306,3451667,7566,6950016
203,7/4/2021 15:00:00,493,3498927,542.000000000000000,3188995,66.000000000000000,263280.000000000000000,559,3762207,608,3452275,1101,6951117
204,7/5/2021 15:00:00,3752,3502679,3943.000000000000000,3192938,282.000000000000000,263562.000000000000000,4034,3766241,4225,3456500,7977,6959094
205,7/6/2021 15:00:00,4480,3507159,6221.000000000000000,3199159,451.000000000000000,264013.000000000000000,4931,3771172,6672,3463172,11152,6970246
206,7/7/2021 15:00:00,4454,3511613,6371.000000000000000,3205530,482.000000000000000,264495.000000000000000,4936,3776108,6853,3470025,11307,6981553
207,7/8/2021 15:00:00,4828,3516441,6125.000000000000000,3211655,563.000000000000000,265058.000000000000000,5391,3781499,6688,3476713,11516,6993069
208,7/9/2021 15:00:00,5342,3521783,6620.000000000000000,3218275,571.000000000000000,265629.000000000000000,5913,3787412,7191,3483904,12533,7005602
209,7/10/2021 15:00:00,3520,3525303,4375.000000000000000,3222650,301.000000000000000,265930.000000000000000,3821,3791233,4676,3488580,8196,7013798
210,7/11/2021 15:00:00,2670,3527973,2556.000000000000000,3225206,222.000000000000000,266152.000000000000000,2892,3794125,2778,3491358,5448,7019246
211,7/12/2021 15:00:00,4411,3532384,5094.000000000000000,3230300,377.000000000000000,266529.000000000000000,4788,3798913,5471,3496829,9882,7029128
212,7/13/2021 15:00:00,4752,3537136,4590.000000000000000,3234890,365.000000000000000,266894.000000000000000,5117,3804030,4955,3501784,9707,7038835
213,7/14/2021 15:00:00,4599,3541735,5244.000000000000000,3240134,422.000000000000000,267316.000000000000000,5021,3809051,5666,3507450,10265,7049100
214,7/15/2021 15:00:00,4873,3546608,4973.000000000000000,3245107,356.000000000000000,267672.000000000000000,5229,3814280,5329,3512779,10202,7059302
215,7/16/2021 15:00:00,6271,3552879,5803.000000000000000,3250910,401.000000000000000,268073.000000000000000,6672,3820952,6204,3518983,12475,7071777
216,7/17/2021 15:00:00,3404,3556283,3537.000000000000000,3254447,300.000000000000000,268373.000000000000000,3704,3824656,3837,3522820,7241,7079018
217,7/18/2021 15:00:00,2300,3558583,2366.000000000000000,3256813,110.000000000000000,268483.000000000000000,2410,3827066,2476,3525296,4776,7083794
218,7/19/2021 15:00:00,5248,3563831,4463.000000000000000,3261276,377.000000000000000,268860.000000000000000,5625,3832691,4840,3530136,10088,7093882
219,7/20/2021 15:00:00,5327,3569158,4681.000000000000000,3265957,366.000000000000000,269226.000000000000000,5693,3838384,5047,3535183,10374,7104256
220,7/21/2021 15:00:00,5630,3574788,4906.000000000000000,3270863,415.000000000000000,269641.000000000000000,6045,3844429,5321,3540504,10951,7115207
221,7/22/2021 15:00:00,6013,3580801,4596.000000000000000,3275459,469.000000000000000,270110.000000000000000,6482,3850911,5065,3545569,11078,7126285
222,7/23/2021 15:00:00,6826,3587627,4814.000000000000000,3280273,489.000000000000000,270599.000000000000000,7315,3858226,5303,3550872,12129,7138414
223,7/24/2021 15:00:00,4274,3591901,3190.000000000000000,3283463,267.000000000000000,270866.000000000000000,4541,3862767,3457,3554329,7731,7146145
224,7/25/2021 15:00:00,3289,3595190,1109.000000000000000,3284572,138.000000000000000,271004.000000000000000,3427,3866194,1247,3555576,4536,7150681
225,7/26/2021 15:00:00,6196,3601386,3877.000000000000000,3288449,415.000000000000000,271419.000000000000000,6611,3872805,4292,3559868,10488,7161169
226,7/27/2021 15:00:00,6343,3607729,4043.000000000000000,3292492,453.000000000000000,271872.000000000000000,6796,3879601,4496,3564364,10839,7172008
227,7/28/2021 15:00:00,6798,3614527,3994.000000000000000,3296486,458.000000000000000,272330.000000000000000,7256,3886857,4452,3568816,11250,7183258
228,7/29/2021 15:00:00,6802,3621329,4129.000000000000000,3300615,416.000000000000000,272746.000000000000000,7218,3894075,4545,3573361,11347,7194605
229,7/30/2021 15:00:00,7527,3628856,4501.000000000000000,3305116,521.000000000000000,273267.000000000000000,8048,3902123,5022,3578383,12549,7207154
230,7/31/2021 15:00:00,4777,3633633,3034.000000000000000,3308150,272.000000000000000,273539.000000000000000,5049,3907172,3306,3581689,8083,7215237
231,8/1/2021 15:00:00,3815,3637448,2106.000000000000000,3310256,158.000000000000000,273697.000000000000000,3973,3911145,2264,3583953,6079,7221316
232,8/2/2021 15:00:00,7014,3644462,3627.000000000000000,3313883,335.000000000000000,274032.000000000000000,7349,3918494,3962,3587915,10976,7232292
233,8/3/2021 15:00:00,6997,3651459,3888.000000000000000,3317771,510.000000000000000,274542.000000000000000,7507,3926001,4398,3592313,11395,7243687
234,8/4/2021 15:00:00,7158,3658617,3884.000000000000000,3321655,528.000000000000000,275070.000000000000000,7686,3933687,4412,3596725,11570,7255257
235,8/5/2021 15:00:00,7670,3666287,4103.000000000000000,3325758,537.000000000000000,275607.000000000000000,8207,3941894,4640,3601365,12310,7267567
236,8/6/2021 15:00:00,8286,3674573,4677.000000000000000,3330435,451.000000000000000,276058.000000000000000,8737,3950631,5128,3606493,13414,7280981
237,8/7/2021 15:00:00,5248,3679821,2792.000000000000000,3333227,264.000000000000000,276322.000000000000000,5512,3956143,3056,3609549,8304,7289285
238,8/8/2021 15:00:00,3946,3683767,2037.000000000000000,3335264,141.000000000000000,276463.000000000000000,4087,3960230,2178,3611727,6124,7295409
239,8/9/2021 15:00:00,6914,3690681,4500.000000000000000,3339764,366.000000000000000,276829.000000000000000,7280,3967510,4866,3616593,11780,7307189
240,8/10/2021 15:00:00,7117,3697798,4430.000000000000000,3344194,337.000000000000000,277166.000000000000000,7454,3974964,4767,3621360,11884,7319073
241,8/11/2021 15:00:00,7028,3704826,4415.000000000000000,3348609,439.000000000000000,277605.000000000000000,7467,3982431,4854,3626214,11882,7330955
242,8/12/2021 15:00:00,8570,3713396,4709.000000000000000,3353318,444.000000000000000,278049.000000000000000,9014,3991445,5153,3631367,13723,7344678
243,8/13/2021 15:00:00,7117,3720513,5332.000000000000000,3358650,393.000000000000000,278442.000000000000000,7510,3998955,5725,3637092,12842,7357520
244,8/14/2021 15:00:00,4912,3725425,3328.000000000000000,3361978,285.000000000000000,278727.000000000000000,5197,4004152,3613,3640705,8525,7366045
245,8/15/2021 15:00:00,3318,3728743,2723.000000000000000,3364701,163.000000000000000,278890.000000000000000,3481,4007633,2886,3643591,6204,7372249
246,8/16/2021 15:00:00,5426,3734169,5065.000000000000000,3369766,350.000000000000000,279240.000000000000000,5776,4013409,5415,3649006,10841,7383090
247,8/17/2021 15:00:00,6946,3741115,5168.000000000000000,3374934,387.000000000000000,279627.000000000000000,7333,4020742,5555,3654561,12501,7395591
248,8/18/2021 15:00:00,6501,3747616,5282.000000000000000,3380216,476.000000000000000,280103.000000000000000,6977,4027719,5758,3660319,12259,7407850
249,8/19/2021 15:00:00,5980,3753596,5308.000000000000000,3385524,415.000000000000000,280518.000000000000000,6395,4034114,5723,3666042,11703,7419553
250,8/20/2021 15:00:00,7031,3760627,6306.000000000000000,3391830,402.000000000000000,280920.000000000000000,7433,4041547,6708,3672750,13739,7433292
251,8/21/2021 15:00:00,4310,3764937,3902.000000000000000,3395732,225.000000000000000,281145.000000000000000,4535,4046082,4127,3676877,8437,7441729
252,8/22/2021 15:00:00,3061,3767998,3154.000000000000000,3398886,109.000000000000000,281254.000000000000000,3170,4049252,3263,3680140,6324,7448053
253,8/23/2021 15:00:00,6158,3774156,5908.000000000000000,3404794,285.000000000000000,281539.000000000000000,6443,4055695,6193,3686333,12351,7460404
254,8/24/2021 15:00:00,6638,3780794,5857.000000000000000,3410651,424.000000000000000,281963.000000000000000,7062,4062757,6281,3692614,12919,7473323
255,8/25/2021 15:00:00,6893,3787687,5996.000000000000000,3416647,439.000000000000000,282402.000000000000000,7332,4070089,6435,3699049,13328,7486651
256,8/26/2021 15:00:00,7171,3794858,6417.000000000000000,3423064,427.000000000000000,282829.000000000000000,7598,4077687,6844,3705893,14015,7500666
257,8/27/2021 15:00:00,6858,3801716,7007.000000000000000,3430071,316.000000000000000,283145.000000000000000,7174,4084861,7323,3713216,14181,7514847
258,8/28/2021 15:00:00,6901,3808617,6480.000000000000000,3436551,326.000000000000000,283471.000000000000000,7227,4092088,6806,3720022,13707,7528554
259,8/29/2021 15:00:00,3738,3812355,3674.000000000000000,3440225,611.000000000000000,284082.000000000000000,4349,4096437,4285,3724307,8023,7536577
260,8/30/2021 15:00:00,5943,3818298,6080.000000000000000,3446305,960.000000000000000,285042.000000000000000,6903,4103340,7040,3731347,12983,7549560
261,8/31/2021 15:00:00,5691,3823989,5910.000000000000000,3452215,945.000000000000000,285987.000000000000000,6636,4109976,6855,3738202,12546,7562106
262,9/1/2021 15:00:00,5541,3829530,5571.000000000000000,3457786,906.000000000000000,286893.000000000000000,6447,4116423,6477,3744679,12018,7574124
263,9/2/2021 15:00:00,5526,3835056,5882.000000000000000,3463668,702.000000000000000,287595.000000000000000,6228,4122651,6584,3751263,12110,7586234
264,9/3/2021 15:00:00,5995,3841051,6875.000000000000000,3470543,971.000000000000000,288566.000000000000000,6966,4129617,7846,3759109,13841,7600075
265,9/4/2021 15:00:00,3711,3844762,4319.000000000000000,3474862,877.000000000000000,289443.000000000000000,4588,4134205,5196,3764305,8907,7608982
266,9/5/2021 15:00:00,2949,3847711,2799.000000000000000,3477661,105.000000000000000,289548.000000000000000,3054,4137259,2904,3767209,5853,7614835
267,9/6/2021 15:00:00,1051,3848762,1143.000000000000000,3478804,62.000000000000000,289610.000000000000000,1113,4138372,1205,3768414,2256,7617091
268,9/7/2021 15:00:00,5341,3854103,7244.000000000000000,3486048,2304.000000000000000,291914.000000000000000,7645,4146017,9548,3777962,14889,7631980
269,9/8/2021 15:00:00,4658,3858761,5432.000000000000000,3491480,365.000000000000000,292279.000000000000000,5023,4151040,5797,3783759,10455,7642435
270,9/9/2021 15:00:00,5072,3863833,5347.000000000000000,3496827,324.000000000000000,292603.000000000000000,5396,4156436,5671,3789430,10743,7653178
271,9/10/2021 15:00:00,6539,3870372,6589.000000000000000,3503416,1716.000000000000000,294319.000000000000000,8255,4164691,8305,3797735,14844,7668022
272,9/11/2021 15:00:00,4164,3874536,4314.000000000000000,3507730,663.000000000000000,294982.000000000000000,4827,4169518,4977,3802712,9141,7677163
273,9/12/2021 15:00:00,3156,3877692,3228.000000000000000,3510958,436.000000000000000,295418.000000000000000,3592,4173110,3664,3806376,6820,7683983
274,9/13/2021 15:00:00,4663,3882355,4834.000000000000000,3515792,345.000000000000000,295763.000000000000000,5008,4178118,5179,3811555,9842,7693825
275,9/14/2021 15:00:00,4576,3886931,5185.000000000000000,3520977,435.000000000000000,296198.000000000000000,5011,4183129,5620,3817175,10196,7704021
276,9/15/2021 15:00:00,4849,3891780,5586.000000000000000,3526563,387.000000000000000,296585.000000000000000,5236,4188365,5973,3823148,10822,7714843
277,9/16/2021 15:00:00,4584,3896364,5600.000000000000000,3532163,332.000000000000000,296917.000000000000000,4916,4193281,5932,3829080,10516,7725359
278,9/17/2021 15:00:00,5042,3901406,6323.000000000000000,3538486,341.000000000000000,297258.000000000000000,5383,4198664,6664,3835744,11706,7737065
279,9/18/2021 15:00:00,3774,3905180,4554.000000000000000,3543040,185.000000000000000,297443.000000000000000,3959,4202623,4739,3840483,8513,7745578
280,9/19/2021 15:00:00,2743,3907923,3153.000000000000000,3546193,75.000000000000000,297518.000000000000000,2818,4205441,3228,3843711,5971,7751549
281,9/20/2021 15:00:00,3544,3911467,4459.000000000000000,3550652,428.000000000000000,297946.000000000000000,3972,4209413,4887,3848598,8431,7759980
282,9/21/2021 15:00:00,3789,3915256,4805.000000000000000,3555457,325.000000000000000,298271.000000000000000,4114,4213527,5130,3853728,8919,7768899
283,9/22/2021 15:00:00,4192,3919448,4740.000000000000000,3560197,459.000000000000000,298730.000000000000000,4651,4218178,5199,3858927,9391,7778290
284,9/23/2021 15:00:00,4179,3923627,4686.000000000000000,3564883,490.000000000000000,299220.000000000000000,4669,4222847,5176,3864103,9355,7787645
285,9/24/2021 15:00:00,5068,3928695,5573.000000000000000,3570456,422.000000000000000,299642.000000000000000,5490,4228337,5995,3870098,11063,7798708
286,9/25/2021 15:00:00,3622,3932317,3622.000000000000000,3574078,385.000000000000000,300027.000000000000000,4007,4232344,4007,3874105,7629,7806337
287,9/26/2021 15:00:00,2352,3934669,2654.000000000000000,3576732,421.000000000000000,300448.000000000000000,2773,4235117,3075,3877180,5427,7811764
288,9/27/2021 15:00:00,4504,3939173,2681.000000000000000,3579413,508.000000000000000,300956.000000000000000,5012,4240129,3189,3880369,7693,7819457
289,9/28/2021 15:00:00,4401,3943574,4434.000000000000000,3583847,211.000000000000000,301167.000000000000000,4612,4244741,4645,3885014,9046,7828503
290,9/29/2021 15:00:00,4699,3948273,4492.000000000000000,3588339,918.000000000000000,302085.000000000000000,5617,4250358,5410,3890424,10109,7838612
291,9/30/2021 15:00:00,4886,3953159,4550.000000000000000,3592889,792.000000000000000,302877.000000000000000,5678,4256036,5342,3895766,10228,7848840
292,10/1/2021 15:00:00,5438,3958597,5277.000000000000000,3598166,778.000000000000000,303655.000000000000000,6216,4262252,6055,3901821,11493,7860333
293,10/2/2021 15:00:00,2936,3961533,2884.000000000000000,3601050,187.000000000000000,303842.000000000000000,3123,4265375,3071,3904892,6007,7866340
294,10/3/2021 15:00:00,2075,3963608,2373.000000000000000,3603423,86.000000000000000,303928.000000000000000,2161,4267536,2459,3907351,4534,7870874
295,10/4/2021 15:00:00,4144,3967752,3361.000000000000000,3606784,233.000000000000000,304161.000000000000000,4377,4271913,3594,3910945,7738,7878612
296,10/5/2021 15:00:00,4054,3971806,3563.000000000000000,3610347,204.000000000000000,304365.000000000000000,4258,4276171,3767,3914712,7821,7886433
297,10/6/2021 15:00:00,4115,3975921,3483.000000000000000,3613830,264.000000000000000,304629.000000000000000,4379,4280550,3747,3918459,7862,7894295
298,10/7/2021 15:00:00,4366,3980287,3491.000000000000000,3617321,330.000000000000000,304959.000000000000000,4696,4285246,3821,3922280,8187,7902482
299,10/8/2021 15:00:00,4935,3985222,4114.000000000000000,3621435,281.000000000000000,305240.000000000000000,5216,4290462,4395,3926675,9330,7911812
300,10/9/2021 15:00:00,2681,3987903,2668.000000000000000,3624103,270.000000000000000,305510.000000000000000,2951,4293413,2938,3929613,5619,7917431
301,10/10/2021 15:00:00,1862,3989765,1841.000000000000000,3625944,59.000000000000000,305569.000000000000000,1921,4295334,1900,3931513,3762,7921193
302,10/11/2021 15:00:00,4359,3994124,3187.000000000000000,3629131,248.000000000000000,305817.000000000000000,4607,4299941,3435,3934948,7794,7928987
303,10/12/2021 15:00:00,3732,3997856,3388.000000000000000,3632519,269.000000000000000,306086.000000000000000,4001,4303942,3657,3938605,7389,7936376
304,10/13/2021 15:00:00,3971,4001827,3429.000000000000000,3635948,347.000000000000000,306433.000000000000000,4318,4308260,3776,3942381,7747,7944123
305,10/14/2021 15:00:00,5160,4006987,5458.000000000000000,3641406,428.000000000000000,306861.000000000000000,5588,4313848,5886,3948267,11046,7955169
306,10/15/2021 15:00:00,4723,4011710,4557.000000000000000,3645963,347.000000000000000,307208.000000000000000,5070,4318918,4904,3953171,9627,7964796
307,10/16/2021 15:00:00,2499,4014209,2492.000000000000000,3648455,290.000000000000000,307498.000000000000000,2789,4321707,2782,3955953,5281,7970077
308,10/17/2021 15:00:00,1806,4016015,1772.000000000000000,3650227,55.000000000000000,307553.000000000000000,1861,4323568,1827,3957780,3633,7973710
309,10/18/2021 15:00:00,4296,4020311,3563.000000000000000,3653790,266.000000000000000,307819.000000000000000,4562,4328130,3829,3961609,8125,7981835
310,10/19/2021 15:00:00,4309,4024620,4015.000000000000000,3657805,222.000000000000000,308041.000000000000000,4531,4332661,4237,3965846,8546,7990381
311,10/20/2021 15:00:00,3529,4028149,3416.000000000000000,3661221,254.000000000000000,308295.000000000000000,3783,4336444,3670,3969516,7199,7997580
312,10/21/2021 15:00:00,3305,4031454,3247.000000000000000,3664468,290.000000000000000,308585.000000000000000,3595,4340039,3537,3973053,6842,8004422
313,10/22/2021 15:00:00,4697,4036151,4023.000000000000000,3668491,475.000000000000000,309060.000000000000000,5172,4345211,4498,3977551,9195,8013617
314,10/23/2021 15:00:00,2903,4039054,2124.000000000000000,3670615,321.000000000000000,309381.000000000000000,3224,4348435,2445,3979996,5348,8018965
315,10/24/2021 15:00:00,2060,4041114,1554.000000000000000,3672169,77.000000000000000,309458.000000000000000,2137,4350572,1631,3981627,3691,8022656
316,10/25/2021 15:00:00,4547,4045661,3089.000000000000000,3675258,316.000000000000000,309774.000000000000000,4863,4355435,3405,3985032,7952,8030608
317,10/26/2021 15:00:00,4518,4050179,3133.000000000000000,3678391,311.000000000000000,310085.000000000000000,4829,4360264,3444,3988476,7962,8038570
318,10/27/2021 15:00:00,4740,4054919,3367.000000000000000,3681758,428.000000000000000,310513.000000000000000,5168,4365432,3795,3992271,8535,8047105
319,10/28/2021 15:00:00,4552,4059471,3394.000000000000000,3685152,495.000000000000000,311008.000000000000000,5047,4370479,3889,3996160,8441,8055546
320,10/29/2021 15:00:00,4967,4064438,3902.000000000000000,3689054,391.000000000000000,311399.000000000000000,5358,4375837,4293,4000453,9260,8064806
321,10/30/2021 15:00:00,2632,4067070,1855.000000000000000,3690909,308.000000000000000,311707.000000000000000,2940,4378777,2163,4002616,4795,8069601
322,10/31/2021 15:00:00,1947,4069017,1505.000000000000000,3692414,94.000000000000000,311801.000000000000000,2041,4380818,1599,4004215,3546,8073147
323,11/1/2021 15:00:00,4630,4073647,3461.000000000000000,3695875,338.000000000000000,312139.000000000000000,4968,4385786,3799,4008014,8429,8081576
324,11/2/2021 15:00:00,4245,4077892,3017.000000000000000,3698892,404.000000000000000,312543.000000000000000,4649,4390435,3421,4011435,7666,8089242
325,11/3/2021 15:00:00,4617,4082509,3116.000000000000000,3702008,457.000000000000000,313000.000000000000000,5074,4395509,3573,4015008,8190,8097432
326,11/4/2021 15:00:00,6041,4088550,3410.000000000000000,3705418,513.000000000000000,313513.000000000000000,6554,4402063,3923,4018931,9964,8107396
327,11/5/2021 15:00:00,7873,4096423,3832.000000000000000,3709250,407.000000000000000,313920.000000000000000,8280,4410343,4239,4023170,12112,8119508
328,11/6/2021 15:00:00,10018,4106441,1974.000000000000000,3711224,305.000000000000000,314225.000000000000000,10323,4420666,2279,4025449,12297,8131805
329,11/7/2021 15:00:00,7524,4113965,1410.000000000000000,3712634,95.000000000000000,314320.000000000000000,7619,4428285,1505,4026954,9029,8140834
330,11/8/2021 15:00:00,11183,4125148,3091.000000000000000,3715725,376.000000000000000,314696.000000000000000,11559,4439844,3467,4030421,14650,8155484
331,11/9/2021 15:00:00,11568,4136716,2695.000000000000000,3718420,265.000000000000000,314961.000000000000000,11833,4451677,2960,4033381,14528,8170012
332,11/10/2021 15:00:00,12297,4149013,2817.000000000000000,3721237,335.000000000000000,315296.000000000000000,12632,4464309,3152,4036533,15449,8185461
333,11/11/2021 15:00:00,11077,4160090,2429.000000000000000,3723666,279.000000000000000,315575.000000000000000,11356,4475665,2708,4039241,13785,8199246
334,11/12/2021 15:00:00,12084,4172174,3416.000000000000000,3727082,545.000000000000000,316120.000000000000000,12629,4488294,3961,4043202,16045,8215291
335,11/13/2021 15:00:00,9638,4181812,1574.000000000000000,3728656,340.000000000000000,316460.000000000000000,9978,4498272,1914,4045116,11552,8226843
336,11/14/2021 15:00:00,3835,4185647,1122.000000000000000,3729778,120.000000000000000,316580.000000000000000,3955,4502227,1242,4046358,5077,8231920
337,11/15/2021 15:00:00,8467,4194114,2591.000000000000000,3732369,201.000000000000000,316781.000000000000000,8668,4510895,2792,4049150,11259,8243179
338,11/16/2021 15:00:00,8955,4203069,2565.000000000000000,3734934,248.000000000000000,317029.000000000000000,9203,4520098,2813,4051963,11768,8254947
339,11/17/2021 15:00:00,9170,4212239,2869.000000000000000,3737803,308.000000000000000,317337.000000000000000,9478,4529576,3177,4055140,12347,8267294
340,11/18/2021 15:00:00,9045,4221284,2687.000000000000000,3740490,478.000000000000000,317815.000000000000000,9523,4539099,3165,4058305,12210,8279504
341,11/19/2021 15:00:00,9566,4230850,2976.000000000000000,3743466,373.000000000000000,318188.000000000000000,9939,4549038,3349,4061654,12915,8292419
342,11/20/2021 15:00:00,10399,4241249,1568.000000000000000,3745034,449.000000000000000,318637.000000000000000,10848,4559886,2017,4063671,12416,8304835
343,11/21/2021 15:00:00,4274,4245523,1185.000000000000000,3746219,97.000000000000000,318734.000000000000000,4371,4564257,1282,4064953,5556,8310391
344,11/22/2021 15:00:00,9558,4255081,2534.000000000000000,3748753,286.000000000000000,319020.000000000000000,9844,4574101,2820,4067773,12378,8322769
345,11/23/2021 15:00:00,8895,4263976,2446.000000000000000,3751199,272.000000000000000,319292.000000000000000,9167,4583268,2718,4070491,11613,8334382
346,11/24/2021 15:00:00,7764,4271740,2429.000000000000000,3753628,211.000000000000000,319503.000000000000000,7975,4591243,2640,4073131,10404,8344786
347,11/25/2021 15:00:00,177,4271917,69.000000000000000,3753697,7.000000000000000,319510.000000000000000,184,4591427,76,4073207,253,8345039
348,11/26/2021 15:00:00,5136,4277053,3736.000000000000000,3757433,146.000000000000000,319656.000000000000000,5282,4596709,3882,4077089,9018,8354057
349,11/27/2021 15:00:00,3302,4280355,5194.000000000000000,3762627,128.000000000000000,319784.000000000000000,3430,4600139,5322,4082411,8624,8362681
350,11/28/2021 15:00:00,1945,4282300,5710.000000000000000,3768337,73.000000000000000,319857.000000000000000,2018,4602157,5783,4088194,7728,8370409
351,11/29/2021 15:00:00,5485,4287785,8009.000000000000000,3776346,348.000000000000000,320205.000000000000000,5833,4607990,8357,4096551,13842,8384251
352,11/30/2021 15:00:00,3006,4290791,3028.000000000000000,3779374,157.000000000000000,320362.000000000000000,3163,4611153,3185,4099736,6191,8390442