OBJECTID,VACCINATION_DATE,FirstDailyDose,FirstDoseCumulative,SecondDailyDose,SecondDoseCumulative,SingleDailyDose,SingleDoseCumulative,AtleastOneVaccine,AtleastOneVaccineCumulative,CompletedVax,CompletedVaxCumulative,FirstSecondSingleVaccination_12,FirstSecondSingleVaccination_13
1,12/14/2020 15:00:00,19,1443,,530,,,19,1443,0,530,19,1872
2,12/15/2020 15:00:00,61,1504,3.000000000000000,533,,,61,1504,3,533,64,1936
3,12/16/2020 15:00:00,597,2101,5.000000000000000,538,,,597,2101,5,538,602,2538
4,12/17/2020 15:00:00,1165,3266,8.000000000000000,546,,,1165,3266,8,546,1173,3711
5,12/18/2020 15:00:00,3028,6294,12.000000000000000,558,,,3028,6294,12,558,3040,6751
6,12/19/2020 15:00:00,929,7223,7.000000000000000,565,,,929,7223,7,565,936,7687
7,12/20/2020 15:00:00,365,7588,6.000000000000000,571,,,365,7588,6,571,371,8058
8,12/21/2020 15:00:00,3894,11482,27.000000000000000,598,,,3894,11482,27,598,3921,11979
9,12/22/2020 15:00:00,6326,17808,28.000000000000000,626,,,6326,17808,28,626,6354,18333
10,12/23/2020 15:00:00,5789,23597,38.000000000000000,664,,,5789,23597,38,664,5827,24160
11,12/24/2020 15:00:00,2729,26326,15.000000000000000,679,,,2729,26326,15,679,2744,26904
12,12/25/2020 15:00:00,1035,27361,4.000000000000000,683,,,1035,27361,4,683,1039,27943
13,12/26/2020 15:00:00,1884,29245,10.000000000000000,693,,,1884,29245,10,693,1894,29837
14,12/27/2020 15:00:00,1803,31048,12.000000000000000,705,,,1803,31048,12,705,1815,31652
15,12/28/2020 15:00:00,8992,40040,50.000000000000000,755,,,8992,40040,50,755,9042,40694
16,12/29/2020 15:00:00,10975,51015,53.000000000000000,808,,,10975,51015,53,808,11028,51722
17,12/30/2020 15:00:00,12501,63516,92.000000000000000,900,,,12501,63516,92,900,12593,64315
18,12/31/2020 15:00:00,7558,71074,47.000000000000000,947,,,7558,71074,47,947,7605,71920
19,1/1/2021 15:00:00,3348,74422,146.000000000000000,1093,,,3348,74422,146,1093,3494,75414
20,1/2/2021 15:00:00,3054,77476,34.000000000000000,1127,,,3054,77476,34,1127,3088,78502
21,1/3/2021 15:00:00,3412,80888,82.000000000000000,1209,,,3412,80888,82,1209,3494,81996
22,1/4/2021 15:00:00,13370,94258,339.000000000000000,1548,,,13370,94258,339,1548,13709,95705
23,1/5/2021 15:00:00,12492,106750,550.000000000000000,2098,,,12492,106750,550,2098,13042,108747
24,1/6/2021 15:00:00,15273,122023,868.000000000000000,2966,,,15273,122023,868,2966,16141,124888
25,1/7/2021 15:00:00,15051,137074,1783.000000000000000,4749,,,15051,137074,1783,4749,16834,141722
26,1/8/2021 15:00:00,24020,161094,2789.000000000000000,7538,,,24020,161094,2789,7538,26809,168531
27,1/9/2021 15:00:00,5178,166272,956.000000000000000,8494,,,5178,166272,956,8494,6134,174665
28,1/10/2021 15:00:00,2976,169248,386.000000000000000,8880,,,2976,169248,386,8880,3362,178027
29,1/11/2021 15:00:00,13738,182986,3480.000000000000000,12360,,,13738,182986,3480,12360,17218,195245
30,1/12/2021 15:00:00,17402,200388,5596.000000000000000,17956,,,17402,200388,5596,17956,22998,218243
31,1/13/2021 15:00:00,18627,219015,3936.000000000000000,21892,,,18627,219015,3936,21892,22563,240806
32,1/14/2021 15:00:00,17872,236887,1964.000000000000000,23856,,,17872,236887,1964,23856,19836,260642
33,1/15/2021 15:00:00,19494,256381,2033.000000000000000,25889,,,19494,256381,2033,25889,21527,282169
34,1/16/2021 15:00:00,5842,262223,1619.000000000000000,27508,,,5842,262223,1619,27508,7461,289630
35,1/17/2021 15:00:00,2126,264349,1480.000000000000000,28988,,,2126,264349,1480,28988,3606,293236
36,1/18/2021 15:00:00,7082,271431,3268.000000000000000,32256,,,7082,271431,3268,32256,10350,303586
37,1/19/2021 15:00:00,16958,288389,5415.000000000000000,37671,,,16958,288389,5415,37671,22373,325959
38,1/20/2021 15:00:00,21014,309403,5331.000000000000000,43002,,,21014,309403,5331,43002,26345,352304
39,1/21/2021 15:00:00,23824,333227,3862.000000000000000,46864,,,23824,333227,3862,46864,27686,379990
40,1/22/2021 15:00:00,28663,361890,3764.000000000000000,50628,,,28663,361890,3764,50628,32427,412417
41,1/23/2021 15:00:00,10131,372021,1946.000000000000000,52574,,,10131,372021,1946,52574,12077,424494
42,1/24/2021 15:00:00,3360,375381,1723.000000000000000,54297,,,3360,375381,1723,54297,5083,429577
43,1/25/2021 15:00:00,16313,391694,8614.000000000000000,62911,,,16313,391694,8614,62911,24927,454504
44,1/26/2021 15:00:00,17565,409259,8983.000000000000000,71894,,,17565,409259,8983,71894,26548,481052
45,1/27/2021 15:00:00,24442,433701,12566.000000000000000,84460,,,24442,433701,12566,84460,37008,518060
46,1/28/2021 15:00:00,22664,456365,9335.000000000000000,93795,,,22664,456365,9335,93795,31999,550059
47,1/29/2021 15:00:00,24790,481155,7933.000000000000000,101728,,,24790,481155,7933,101728,32723,582782
48,1/30/2021 15:00:00,17782,498937,2570.000000000000000,104298,,,17782,498937,2570,104298,20352,603134
49,1/31/2021 15:00:00,3765,502702,1374.000000000000000,105672,,,3765,502702,1374,105672,5139,608273
50,2/1/2021 15:00:00,8153,510855,5413.000000000000000,111085,,,8153,510855,5413,111085,13566,621839
51,2/2/2021 15:00:00,12518,523373,13835.000000000000000,124920,,,12518,523373,13835,124920,26353,648192
52,2/3/2021 15:00:00,18263,541636,18145.000000000000000,143065,,,18263,541636,18145,143065,36408,684600
53,2/4/2021 15:00:00,22146,563782,15802.000000000000000,158867,,,22146,563782,15802,158867,37948,722548
54,2/5/2021 15:00:00,20416,584198,17449.000000000000000,176316,,,20416,584198,17449,176316,37865,760413
55,2/6/2021 15:00:00,11379,595577,14538.000000000000000,190854,,,11379,595577,14538,190854,25917,786330
56,2/7/2021 15:00:00,5991,601568,1945.000000000000000,192799,,,5991,601568,1945,192799,7936,794266
57,2/8/2021 15:00:00,13015,614583,12982.000000000000000,205781,,,13015,614583,12982,205781,25997,820263
58,2/9/2021 15:00:00,16665,631248,13884.000000000000000,219665,,,16665,631248,13884,219665,30549,850812
59,2/10/2021 15:00:00,19327,650575,21317.000000000000000,240982,,,19327,650575,21317,240982,40644,891456
60,2/11/2021 15:00:00,22945,673520,17393.000000000000000,258375,,,22945,673520,17393,258375,40338,931794
61,2/12/2021 15:00:00,20439,693959,19676.000000000000000,278051,,,20439,693959,19676,278051,40115,971909
62,2/13/2021 15:00:00,11470,705429,6427.000000000000000,284478,,,11470,705429,6427,284478,17897,989806
63,2/14/2021 15:00:00,7123,712552,2137.000000000000000,286615,,,7123,712552,2137,286615,9260,999066
64,2/15/2021 15:00:00,11773,724325,13346.000000000000000,299961,,,11773,724325,13346,299961,25119,1024185
65,2/16/2021 15:00:00,16653,740978,21034.000000000000000,320995,,,16653,740978,21034,320995,37687,1061872
66,2/17/2021 15:00:00,20683,761661,26389.000000000000000,347384,,,20683,761661,26389,347384,47072,1108944
67,2/18/2021 15:00:00,3204,764865,4623.000000000000000,352007,,,3204,764865,4623,352007,7827,1116771
68,2/19/2021 15:00:00,10264,775129,19931.000000000000000,371938,,,10264,775129,19931,371938,30195,1146966
69,2/20/2021 15:00:00,10320,785449,20304.000000000000000,392242,,,10320,785449,20304,392242,30624,1177590
70,2/21/2021 15:00:00,6192,791641,7666.000000000000000,399908,,,6192,791641,7666,399908,13858,1191448
71,2/22/2021 15:00:00,8037,799678,15490.000000000000000,415398,,,8037,799678,15490,415398,23527,1214975
72,2/23/2021 15:00:00,15546,815224,15979.000000000000000,431377,,,15546,815224,15979,431377,31525,1246500
73,2/24/2021 15:00:00,18000,833224,24847.000000000000000,456224,,,18000,833224,24847,456224,42847,1289347
74,2/25/2021 15:00:00,20395,853619,26587.000000000000000,482811,,,20395,853619,26587,482811,46982,1336329
75,2/26/2021 15:00:00,26699,880318,26280.000000000000000,509091,,,26699,880318,26280,509091,52979,1389308
76,2/27/2021 15:00:00,16031,896349,11162.000000000000000,520253,,,16031,896349,11162,520253,27193,1416501
77,2/28/2021 15:00:00,15525,911874,4890.000000000000000,525143,,,15525,911874,4890,525143,20415,1436916
78,3/1/2021 15:00:00,27188,939062,12665.000000000000000,537808,,,27188,939062,12665,537808,39853,1476769
79,3/2/2021 15:00:00,23989,963051,13302.000000000000000,551110,36.000000000000000,36.000000000000000,24025,963087,13338,551146,37327,1514096
80,3/3/2021 15:00:00,30236,993287,18418.000000000000000,569528,190.000000000000000,226.000000000000000,30426,993513,18608,569754,48844,1562940
81,3/4/2021 15:00:00,31009,1024296,18255.000000000000000,587783,4068.000000000000000,4294.000000000000000,35077,1028590,22323,592077,53332,1616272
82,3/5/2021 15:00:00,30084,1054380,19767.000000000000000,607550,4910.000000000000000,9204.000000000000000,34994,1063584,24677,616754,54761,1671033
83,3/6/2021 15:00:00,18992,1073372,9535.000000000000000,617085,6009.000000000000000,15213.000000000000000,25001,1088585,15544,632298,34536,1705569
84,3/7/2021 15:00:00,12151,1085523,4929.000000000000000,622014,6608.000000000000000,21821.000000000000000,18759,1107344,11537,643835,23688,1729257
85,3/8/2021 15:00:00,25928,1111451,8861.000000000000000,630875,8274.000000000000000,30095.000000000000000,34202,1141546,17135,660970,43063,1772320
86,3/9/2021 15:00:00,26144,1137595,15495.000000000000000,646370,8344.000000000000000,38439.000000000000000,34488,1176034,23839,684809,49983,1822303
87,3/10/2021 15:00:00,29891,1167486,16046.000000000000000,662416,7937.000000000000000,46376.000000000000000,37828,1213862,23983,708792,53874,1876177
88,3/11/2021 15:00:00,36012,1203498,16421.000000000000000,678837,3982.000000000000000,50358.000000000000000,39994,1253856,20403,729195,56415,1932592
89,3/12/2021 15:00:00,36907,1240405,18156.000000000000000,696993,2929.000000000000000,53287.000000000000000,39836,1293692,21085,750280,57992,1990584
90,3/13/2021 15:00:00,22670,1263075,10333.000000000000000,707326,1630.000000000000000,54917.000000000000000,24300,1317992,11963,762243,34633,2025217
91,3/14/2021 15:00:00,17834,1280909,6737.000000000000000,714063,1009.000000000000000,55926.000000000000000,18843,1336835,7746,769989,25580,2050797
92,3/15/2021 15:00:00,29887,1310796,11362.000000000000000,725425,599.000000000000000,56525.000000000000000,30486,1367321,11961,781950,41848,2092645
93,3/16/2021 15:00:00,33478,1344274,13588.000000000000000,739013,770.000000000000000,57295.000000000000000,34248,1401569,14358,796308,47836,2140481
94,3/17/2021 15:00:00,37629,1381903,17076.000000000000000,756089,1181.000000000000000,58476.000000000000000,38810,1440379,18257,814565,55886,2196367
95,3/18/2021 15:00:00,41473,1423376,12695.000000000000000,768784,1354.000000000000000,59830.000000000000000,42827,1483206,14049,828614,55522,2251889
96,3/19/2021 15:00:00,38384,1461760,15441.000000000000000,784225,1046.000000000000000,60876.000000000000000,39430,1522636,16487,845101,54871,2306760
97,3/20/2021 15:00:00,24728,1486488,10228.000000000000000,794453,705.000000000000000,61581.000000000000000,25433,1548069,10933,856034,35661,2342421
98,3/21/2021 15:00:00,19191,1505679,7904.000000000000000,802357,341.000000000000000,61922.000000000000000,19532,1567601,8245,864279,27436,2369857
99,3/22/2021 15:00:00,32599,1538278,11511.000000000000000,813868,835.000000000000000,62757.000000000000000,33434,1601035,12346,876625,44945,2414802
100,3/23/2021 15:00:00,38408,1576686,17859.000000000000000,831727,1556.000000000000000,64313.000000000000000,39964,1640999,19415,896040,57823,2472625
101,3/24/2021 15:00:00,41089,1617775,21252.000000000000000,852979,1387.000000000000000,65700.000000000000000,42476,1683475,22639,918679,63728,2536353
102,3/25/2021 15:00:00,42908,1660683,21736.000000000000000,874715,2456.000000000000000,68156.000000000000000,45364,1728839,24192,942871,67100,2603453
103,3/26/2021 15:00:00,36379,1697062,26717.000000000000000,901432,2495.000000000000000,70651.000000000000000,38874,1767713,29212,972083,65591,2669044
104,3/27/2021 15:00:00,26471,1723533,17324.000000000000000,918756,2490.000000000000000,73141.000000000000000,28961,1796674,19814,991897,46285,2715329
105,3/28/2021 15:00:00,17011,1740544,12690.000000000000000,931446,1614.000000000000000,74755.000000000000000,18625,1815299,14304,1006201,31315,2746644
106,3/29/2021 15:00:00,29722,1770266,26391.000000000000000,957837,1141.000000000000000,75896.000000000000000,30863,1846162,27532,1033733,57254,2803898
107,3/30/2021 15:00:00,40061,1810327,29085.000000000000000,986922,1866.000000000000000,77762.000000000000000,41927,1888089,30951,1064684,71012,2874910
108,3/31/2021 15:00:00,41023,1851350,34748.000000000000000,1021670,5750.000000000000000,83512.000000000000000,46773,1934862,40498,1105182,81521,2956431
109,4/1/2021 15:00:00,42458,1893808,41161.000000000000000,1062831,5758.000000000000000,89270.000000000000000,48216,1983078,46919,1152101,89377,3045808
110,4/2/2021 15:00:00,34925,1928733,32733.000000000000000,1095564,6131.000000000000000,95401.000000000000000,41056,2024134,38864,1190965,73789,3119597
111,4/3/2021 15:00:00,21167,1949900,19236.000000000000000,1114800,4393.000000000000000,99794.000000000000000,25560,2049694,23629,1214594,44796,3164393
112,4/4/2021 15:00:00,8298,1958198,10222.000000000000000,1125022,967.000000000000000,100761.000000000000000,9265,2058959,11189,1225783,19487,3183880
113,4/5/2021 15:00:00,27953,1986151,28982.000000000000000,1154004,6661.000000000000000,107422.000000000000000,34614,2093573,35643,1261426,63596,3247476
114,4/6/2021 15:00:00,39796,2025947,30515.000000000000000,1184519,10501.000000000000000,117923.000000000000000,50297,2143870,41016,1302442,80812,3328288
115,4/7/2021 15:00:00,36104,2062051,34366.000000000000000,1218885,13001.000000000000000,130924.000000000000000,49105,2192975,47367,1349809,83471,3411759
116,4/8/2021 15:00:00,42361,2104412,36159.000000000000000,1255044,13872.000000000000000,144796.000000000000000,56233,2249208,50031,1399840,92392,3504151
117,4/9/2021 15:00:00,34099,2138511,36359.000000000000000,1291403,14534.000000000000000,159330.000000000000000,48633,2297841,50893,1450733,84992,3589143
118,4/10/2021 15:00:00,23493,2162004,23181.000000000000000,1314584,7641.000000000000000,166971.000000000000000,31134,2328975,30822,1481555,54315,3643458
119,4/11/2021 15:00:00,17588,2179592,13292.000000000000000,1327876,10123.000000000000000,177094.000000000000000,27711,2356686,23415,1504970,41003,3684461
120,4/12/2021 15:00:00,24587,2204179,33256.000000000000000,1361132,10905.000000000000000,187999.000000000000000,35492,2392178,44161,1549131,68748,3753209
121,4/13/2021 15:00:00,126157,2330336,91314.000000000000000,1452446,3293.000000000000000,191292.000000000000000,129450,2521628,94607,1643738,220764,3973973
122,4/14/2021 15:00:00,40730,2371066,37850.000000000000000,1490296,213.000000000000000,191505.000000000000000,40943,2562571,38063,1681801,78793,4052766
123,4/15/2021 15:00:00,41419,2412485,39573.000000000000000,1529869,176.000000000000000,191681.000000000000000,41595,2604166,39749,1721550,81168,4133934
124,4/16/2021 15:00:00,37147,2449632,38889.000000000000000,1568758,25.000000000000000,191706.000000000000000,37172,2641338,38914,1760464,76061,4209995
125,4/17/2021 15:00:00,32813,2482445,22041.000000000000000,1590799,13.000000000000000,191719.000000000000000,32826,2674164,22054,1782518,54867,4264862
126,4/18/2021 15:00:00,20064,2502509,16209.000000000000000,1607008,5.000000000000000,191724.000000000000000,20069,2694233,16214,1798732,36278,4301140
127,4/19/2021 15:00:00,29885,2532394,36566.000000000000000,1643574,61.000000000000000,191785.000000000000000,29946,2724179,36627,1835359,66512,4367652
128,4/20/2021 15:00:00,32935,2565329,44495.000000000000000,1688069,58.000000000000000,191843.000000000000000,32993,2757172,44553,1879912,77488,4445140
129,4/21/2021 15:00:00,39833,2605162,47089.000000000000000,1735158,26.000000000000000,191869.000000000000000,39859,2797031,47115,1927027,86948,4532088
130,4/22/2021 15:00:00,35853,2641015,42693.000000000000000,1777851,16.000000000000000,191885.000000000000000,35869,2832900,42709,1969736,78562,4610650
131,4/23/2021 15:00:00,33147,2674162,40170.000000000000000,1818021,14.000000000000000,191899.000000000000000,33161,2866061,40184,2009920,73331,4683981
132,4/24/2021 15:00:00,26418,2700580,27927.000000000000000,1845948,81.000000000000000,191980.000000000000000,26499,2892560,28008,2037928,54426,4738407
133,4/25/2021 15:00:00,20217,2720797,10996.000000000000000,1856944,31.000000000000000,192011.000000000000000,20248,2912808,11027,2048955,31244,4769651
134,4/26/2021 15:00:00,27384,2748181,32760.000000000000000,1889704,201.000000000000000,192212.000000000000000,27585,2940393,32961,2081916,60345,4829996
135,4/27/2021 15:00:00,26677,2774858,33104.000000000000000,1922808,1097.000000000000000,193309.000000000000000,27774,2968167,34201,2116117,60878,4890874
136,4/28/2021 15:00:00,28926,2803784,39561.000000000000000,1962369,1367.000000000000000,194676.000000000000000,30293,2998460,40928,2157045,69854,4960728
137,4/29/2021 15:00:00,27069,2830853,39775.000000000000000,2002144,1463.000000000000000,196139.000000000000000,28532,3026992,41238,2198283,68307,5029035
138,4/30/2021 15:00:00,28199,2859052,32312.000000000000000,2034456,1649.000000000000000,197788.000000000000000,29848,3056840,33961,2232244,62160,5091195
139,5/1/2021 15:00:00,20748,2879800,26777.000000000000000,2061233,1054.000000000000000,198842.000000000000000,21802,3078642,27831,2260075,48579,5139774
140,5/2/2021 15:00:00,10269,2890069,17085.000000000000000,2078318,823.000000000000000,199665.000000000000000,11092,3089734,17908,2277983,28177,5167951
141,5/3/2021 15:00:00,12733,2902802,28624.000000000000000,2106942,1917.000000000000000,201582.000000000000000,14650,3104384,30541,2308524,43274,5211225
142,5/4/2021 15:00:00,13562,2916364,38640.000000000000000,2145582,1742.000000000000000,203324.000000000000000,15304,3119688,40382,2348906,53944,5265169
143,5/5/2021 15:00:00,19316,2935680,37780.000000000000000,2183362,1921.000000000000000,205245.000000000000000,21237,3140925,39701,2388607,59017,5324186
144,5/6/2021 15:00:00,16924,2952604,40602.000000000000000,2223964,1721.000000000000000,206966.000000000000000,18645,3159570,42323,2430930,59247,5383433
145,5/7/2021 15:00:00,17581,2970185,37024.000000000000000,2260988,1959.000000000000000,208925.000000000000000,19540,3179110,38983,2469913,56564,5439997
146,5/8/2021 15:00:00,10795,2980980,31229.000000000000000,2292217,1293.000000000000000,210218.000000000000000,12088,3191198,32522,2502435,43317,5483314
147,5/9/2021 15:00:00,5077,2986057,12251.000000000000000,2304468,695.000000000000000,210913.000000000000000,5772,3196970,12946,2515381,18023,5501337
148,5/10/2021 15:00:00,8956,2995013,31059.000000000000000,2335527,1362.000000000000000,212275.000000000000000,10318,3207288,32421,2547802,41377,5542714
149,5/11/2021 15:00:00,12184,3007197,30296.000000000000000,2365823,1442.000000000000000,213717.000000000000000,13626,3220914,31738,2579540,43922,5586636
150,5/12/2021 15:00:00,13947,3021144,38638.000000000000000,2404461,1917.000000000000000,215634.000000000000000,15864,3236778,40555,2620095,54502,5641138
151,5/13/2021 15:00:00,21843,3042987,33522.000000000000000,2437983,1347.000000000000000,216981.000000000000000,23190,3259968,34869,2654964,56712,5697850
152,5/14/2021 15:00:00,24397,3067384,30065.000000000000000,2468048,1774.000000000000000,218755.000000000000000,26171,3286139,31839,2686803,56236,5754086
153,5/15/2021 15:00:00,21952,3089336,25119.000000000000000,2493167,1490.000000000000000,220245.000000000000000,23442,3309581,26609,2713412,48561,5802647
154,5/16/2021 15:00:00,9090,3098426,17582.000000000000000,2510749,1113.000000000000000,221358.000000000000000,10203,3319784,18695,2732107,27785,5830432
155,5/17/2021 15:00:00,16838,3115264,28412.000000000000000,2539161,1949.000000000000000,223307.000000000000000,18787,3338571,30361,2762468,47199,5877631
156,5/18/2021 15:00:00,21261,3136525,30701.000000000000000,2569862,1943.000000000000000,225250.000000000000000,23204,3361775,32644,2795112,53905,5931536
157,5/19/2021 15:00:00,27667,3164192,32437.000000000000000,2602299,1632.000000000000000,226882.000000000000000,29299,3391074,34069,2829181,61736,5993272
158,5/20/2021 15:00:00,20809,3185001,33280.000000000000000,2635579,1965.000000000000000,228847.000000000000000,22774,3413848,35245,2864426,56054,6049326
159,5/21/2021 15:00:00,19163,3204164,30361.000000000000000,2665940,1609.000000000000000,230456.000000000000000,20772,3434620,31970,2896396,51133,6100459
160,5/22/2021 15:00:00,16946,3221110,20697.000000000000000,2686637,1270.000000000000000,231726.000000000000000,18216,3452836,21967,2918363,38913,6139372
161,5/23/2021 15:00:00,8816,3229926,11453.000000000000000,2698090,965.000000000000000,232691.000000000000000,9781,3462617,12418,2930781,21234,6160606
162,5/24/2021 15:00:00,13573,3243499,17781.000000000000000,2715871,1473.000000000000000,234164.000000000000000,15046,3477663,19254,2950035,32827,6193433
163,5/25/2021 15:00:00,13076,3256575,18719.000000000000000,2734590,1329.000000000000000,235493.000000000000000,14405,3492068,20048,2970083,33124,6226557
164,5/26/2021 15:00:00,18310,3274885,19521.000000000000000,2754111,1512.000000000000000,237005.000000000000000,19822,3511890,21033,2991116,39343,6265900
165,5/27/2021 15:00:00,11688,3286573,18674.000000000000000,2772785,1117.000000000000000,238122.000000000000000,12805,3524695,19791,3010907,31479,6297379
166,5/28/2021 15:00:00,12423,3298996,19855.000000000000000,2792640,1402.000000000000000,239524.000000000000000,13825,3538520,21257,3032164,33680,6331059
167,5/29/2021 15:00:00,9516,3308512,11728.000000000000000,2804368,937.000000000000000,240461.000000000000000,10453,3548973,12665,3044829,22181,6353240
168,5/30/2021 15:00:00,4968,3313480,6438.000000000000000,2810806,596.000000000000000,241057.000000000000000,5564,3554537,7034,3051863,12002,6365242
169,5/31/2021 15:00:00,1779,3315259,3712.000000000000000,2814518,305.000000000000000,241362.000000000000000,2084,3556621,4017,3055880,5796,6371038
170,6/1/2021 15:00:00,9878,3325137,16483.000000000000000,2831001,1159.000000000000000,242521.000000000000000,11037,3567658,17642,3073522,27520,6398558
171,6/2/2021 15:00:00,10236,3335373,16822.000000000000000,2847823,961.000000000000000,243482.000000000000000,11197,3578855,17783,3091305,28019,6426577
172,6/3/2021 15:00:00,7896,3343269,21198.000000000000000,2869021,1088.000000000000000,244570.000000000000000,8984,3587839,22286,3113591,30182,6456759
173,6/4/2021 15:00:00,8197,3351466,22362.000000000000000,2891383,1120.000000000000000,245690.000000000000000,9317,3597156,23482,3137073,31679,6488438
174,6/5/2021 15:00:00,7000,3358466,19476.000000000000000,2910859,720.000000000000000,246410.000000000000000,7720,3604876,20196,3157269,27196,6515634
175,6/6/2021 15:00:00,3457,3361923,7257.000000000000000,2918116,425.000000000000000,246835.000000000000000,3882,3608758,7682,3164951,11139,6526773
176,6/7/2021 15:00:00,6859,3368782,15795.000000000000000,2933911,725.000000000000000,247560.000000000000000,7584,3616342,16520,3181471,23379,6550152
177,6/8/2021 15:00:00,6670,3375452,19740.000000000000000,2953651,831.000000000000000,248391.000000000000000,7501,3623843,20571,3202042,27241,6577393
178,6/9/2021 15:00:00,8201,3383653,23993.000000000000000,2977644,969.000000000000000,249360.000000000000000,9170,3633013,24962,3227004,33163,6610556
179,6/10/2021 15:00:00,7151,3390804,19142.000000000000000,2996786,895.000000000000000,250255.000000000000000,8046,3641059,20037,3247041,27188,6637744
180,6/11/2021 15:00:00,7492,3398296,17731.000000000000000,3014517,1125.000000000000000,251380.000000000000000,8617,3649676,18856,3265897,26348,6664092
181,6/12/2021 15:00:00,5243,3403539,14770.000000000000000,3029287,605.000000000000000,251985.000000000000000,5848,3655524,15375,3281272,20618,6684710
182,6/13/2021 15:00:00,1947,3405486,7634.000000000000000,3036921,427.000000000000000,252412.000000000000000,2374,3657898,8061,3289333,10008,6694718
183,6/14/2021 15:00:00,5656,3411142,11825.000000000000000,3048746,733.000000000000000,253145.000000000000000,6389,3664287,12558,3301891,18214,6712932
184,6/15/2021 15:00:00,5646,3416788,14344.000000000000000,3063090,874.000000000000000,254019.000000000000000,6520,3670807,15218,3317109,20864,6733796
185,6/16/2021 15:00:00,8757,3425545,21591.000000000000000,3084681,757.000000000000000,254776.000000000000000,9514,3680321,22348,3339457,31105,6764901
186,6/17/2021 15:00:00,6692,3432237,12369.000000000000000,3097050,720.000000000000000,255496.000000000000000,7412,3687733,13089,3352546,19781,6784682
187,6/18/2021 15:00:00,6834,3439071,12747.000000000000000,3109797,702.000000000000000,256198.000000000000000,7536,3695269,13449,3365995,20283,6804965
188,6/19/2021 15:00:00,4656,3443727,9385.000000000000000,3119182,615.000000000000000,256813.000000000000000,5271,3700540,10000,3375995,14656,6819621
189,6/20/2021 15:00:00,2503,3446230,5063.000000000000000,3124245,377.000000000000000,257190.000000000000000,2880,3703420,5440,3381435,7943,6827564
190,6/21/2021 15:00:00,5567,3451797,5339.000000000000000,3129584,635.000000000000000,257825.000000000000000,6202,3709622,5974,3387409,11541,6839105
191,6/22/2021 15:00:00,5345,3457142,9057.000000000000000,3138641,693.000000000000000,258518.000000000000000,6038,3715660,9750,3397159,15095,6854200
192,6/23/2021 15:00:00,6079,3463221,10340.000000000000000,3148981,646.000000000000000,259164.000000000000000,6725,3722385,10986,3408145,17065,6871265
193,6/24/2021 15:00:00,5936,3469157,8202.000000000000000,3157183,595.000000000000000,259759.000000000000000,6531,3728916,8797,3416942,14733,6885998
194,6/25/2021 15:00:00,5829,3474986,8668.000000000000000,3165851,620.000000000000000,260379.000000000000000,6449,3735365,9288,3426230,15117,6901115
195,6/26/2021 15:00:00,3706,3478692,6306.000000000000000,3172157,398.000000000000000,260777.000000000000000,4104,3739469,6704,3432934,10410,6911525
196,6/27/2021 15:00:00,2810,3481502,3525.000000000000000,3175682,185.000000000000000,260962.000000000000000,2995,3742464,3710,3436644,6520,6918045
197,6/28/2021 15:00:00,4923,3486425,6394.000000000000000,3182076,539.000000000000000,261501.000000000000000,5462,3747926,6933,3443577,11856,6929901
198,6/29/2021 15:00:00,5062,3491487,6482.000000000000000,3188558,523.000000000000000,262024.000000000000000,5585,3753511,7005,3450582,12067,6941968
199,6/30/2021 15:00:00,5628,3497115,7390.000000000000000,3195948,606.000000000000000,262630.000000000000000,6234,3759745,7996,3458578,13624,6955592
200,7/1/2021 15:00:00,5436,3502551,7000.000000000000000,3202948,504.000000000000000,263134.000000000000000,5940,3765685,7504,3466082,12940,6968532
201,7/2/2021 15:00:00,5296,3507847,6848.000000000000000,3209796,527.000000000000000,263661.000000000000000,5823,3771508,7375,3473457,12671,6981203
202,7/3/2021 15:00:00,3274,3511121,4070.000000000000000,3213866,264.000000000000000,263925.000000000000000,3538,3775046,4334,3477791,7608,6988811
203,7/4/2021 15:00:00,494,3511615,551.000000000000000,3214417,69.000000000000000,263994.000000000000000,563,3775609,620,3478411,1114,6989925
204,7/5/2021 15:00:00,3771,3515386,3953.000000000000000,3218370,287.000000000000000,264281.000000000000000,4058,3779667,4240,3482651,8011,6997936
205,7/6/2021 15:00:00,4497,3519883,6284.000000000000000,3224654,455.000000000000000,264736.000000000000000,4952,3784619,6739,3489390,11236,7009172
206,7/7/2021 15:00:00,4472,3524355,6416.000000000000000,3231070,483.000000000000000,265219.000000000000000,4955,3789574,6899,3496289,11371,7020543
207,7/8/2021 15:00:00,4839,3529194,6184.000000000000000,3237254,564.000000000000000,265783.000000000000000,5403,3794977,6748,3503037,11587,7032130
208,7/9/2021 15:00:00,5367,3534561,6678.000000000000000,3243932,573.000000000000000,266356.000000000000000,5940,3800917,7251,3510288,12618,7044748
209,7/10/2021 15:00:00,3521,3538082,4406.000000000000000,3248338,305.000000000000000,266661.000000000000000,3826,3804743,4711,3514999,8232,7052980
210,7/11/2021 15:00:00,2681,3540763,2574.000000000000000,3250912,226.000000000000000,266887.000000000000000,2907,3807650,2800,3517799,5481,7058461
211,7/12/2021 15:00:00,4426,3545189,5134.000000000000000,3256046,379.000000000000000,267266.000000000000000,4805,3812455,5513,3523312,9939,7068400
212,7/13/2021 15:00:00,4668,3549857,4725.000000000000000,3260771,366.000000000000000,267632.000000000000000,5034,3817489,5091,3528403,9759,7078159
213,7/14/2021 15:00:00,4627,3554484,5289.000000000000000,3266060,422.000000000000000,268054.000000000000000,5049,3822538,5711,3534114,10338,7088497
214,7/15/2021 15:00:00,4913,3559397,5019.000000000000000,3271079,358.000000000000000,268412.000000000000000,5271,3827809,5377,3539491,10290,7098787
215,7/16/2021 15:00:00,6275,3565672,5850.000000000000000,3276929,405.000000000000000,268817.000000000000000,6680,3834489,6255,3545746,12530,7111317
216,7/17/2021 15:00:00,3416,3569088,3553.000000000000000,3280482,303.000000000000000,269120.000000000000000,3719,3838208,3856,3549602,7272,7118589
217,7/18/2021 15:00:00,2310,3571398,2384.000000000000000,3282866,110.000000000000000,269230.000000000000000,2420,3840628,2494,3552096,4804,7123393
218,7/19/2021 15:00:00,5144,3576542,4614.000000000000000,3287480,383.000000000000000,269613.000000000000000,5527,3846155,4997,3557093,10141,7133534
219,7/20/2021 15:00:00,5345,3581887,4727.000000000000000,3292207,367.000000000000000,269980.000000000000000,5712,3851867,5094,3562187,10439,7143973
220,7/21/2021 15:00:00,5664,3587551,4957.000000000000000,3297164,416.000000000000000,270396.000000000000000,6080,3857947,5373,3567560,11037,7155010
221,7/22/2021 15:00:00,6033,3593584,4645.000000000000000,3301809,472.000000000000000,270868.000000000000000,6505,3864452,5117,3572677,11150,7166160
222,7/23/2021 15:00:00,6846,3600430,4848.000000000000000,3306657,499.000000000000000,271367.000000000000000,7345,3871797,5347,3578024,12193,7178353
223,7/24/2021 15:00:00,4282,3604712,3208.000000000000000,3309865,267.000000000000000,271634.000000000000000,4549,3876346,3475,3581499,7757,7186110
224,7/25/2021 15:00:00,3299,3608011,1122.000000000000000,3310987,140.000000000000000,271774.000000000000000,3439,3879785,1262,3582761,4561,7190671
225,7/26/2021 15:00:00,6219,3614230,3912.000000000000000,3314899,419.000000000000000,272193.000000000000000,6638,3886423,4331,3587092,10550,7201221
226,7/27/2021 15:00:00,6606,3620836,4291.000000000000000,3319190,458.000000000000000,272651.000000000000000,7064,3893487,4749,3591841,11355,7212576
227,7/28/2021 15:00:00,7091,3627927,4152.000000000000000,3323342,460.000000000000000,273111.000000000000000,7551,3901038,4612,3596453,11703,7224279
228,7/29/2021 15:00:00,7082,3635009,4312.000000000000000,3327654,419.000000000000000,273530.000000000000000,7501,3908539,4731,3601184,11813,7236092
229,7/30/2021 15:00:00,7824,3642833,4814.000000000000000,3332468,527.000000000000000,274057.000000000000000,8351,3916890,5341,3606525,13165,7249257
230,7/31/2021 15:00:00,4793,3647626,3084.000000000000000,3335552,274.000000000000000,274331.000000000000000,5067,3921957,3358,3609883,8151,7257408
231,8/1/2021 15:00:00,3905,3651531,2188.000000000000000,3337740,164.000000000000000,274495.000000000000000,4069,3926026,2352,3612235,6257,7263665
232,8/2/2021 15:00:00,7274,3658805,3852.000000000000000,3341592,341.000000000000000,274836.000000000000000,7615,3933641,4193,3616428,11467,7275132
233,8/3/2021 15:00:00,7271,3666076,4110.000000000000000,3345702,517.000000000000000,275353.000000000000000,7788,3941429,4627,3621055,11898,7287030
234,8/4/2021 15:00:00,7428,3673504,4123.000000000000000,3349825,536.000000000000000,275889.000000000000000,7964,3949393,4659,3625714,12087,7299117
235,8/5/2021 15:00:00,7961,3681465,4302.000000000000000,3354127,539.000000000000000,276428.000000000000000,8500,3957893,4841,3630555,12802,7311919
236,8/6/2021 15:00:00,8338,3689803,4743.000000000000000,3358870,454.000000000000000,276882.000000000000000,8792,3966685,5197,3635752,13535,7325454
237,8/7/2021 15:00:00,5302,3695105,2843.000000000000000,3361713,264.000000000000000,277146.000000000000000,5566,3972251,3107,3638859,8409,7333863
238,8/8/2021 15:00:00,3980,3699085,2063.000000000000000,3363776,145.000000000000000,277291.000000000000000,4125,3976376,2208,3641067,6188,7340051
239,8/9/2021 15:00:00,6958,3706043,4566.000000000000000,3368342,370.000000000000000,277661.000000000000000,7328,3983704,4936,3646003,11894,7351945
240,8/10/2021 15:00:00,7177,3713220,4496.000000000000000,3372838,340.000000000000000,278001.000000000000000,7517,3991221,4836,3650839,12013,7363958
241,8/11/2021 15:00:00,7087,3720307,4448.000000000000000,3377286,443.000000000000000,278444.000000000000000,7530,3998751,4891,3655730,11978,7375936
242,8/12/2021 15:00:00,8635,3728942,4758.000000000000000,3382044,445.000000000000000,278889.000000000000000,9080,4007831,5203,3660933,13838,7389774
243,8/13/2021 15:00:00,7156,3736098,5393.000000000000000,3387437,397.000000000000000,279286.000000000000000,7553,4015384,5790,3666723,12946,7402720
244,8/14/2021 15:00:00,4921,3741019,3342.000000000000000,3390779,285.000000000000000,279571.000000000000000,5206,4020590,3627,3670350,8548,7411268
245,8/15/2021 15:00:00,3328,3744347,2739.000000000000000,3393518,163.000000000000000,279734.000000000000000,3491,4024081,2902,3673252,6230,7417498
246,8/16/2021 15:00:00,5454,3749801,5094.000000000000000,3398612,354.000000000000000,280088.000000000000000,5808,4029889,5448,3678700,10902,7428400
247,8/17/2021 15:00:00,6822,3756623,5364.000000000000000,3403976,391.000000000000000,280479.000000000000000,7213,4037102,5755,3684455,12577,7440977
248,8/18/2021 15:00:00,6329,3762952,5513.000000000000000,3409489,481.000000000000000,280960.000000000000000,6810,4043912,5994,3690449,12323,7453300
249,8/19/2021 15:00:00,6219,3769171,5555.000000000000000,3415044,417.000000000000000,281377.000000000000000,6636,4050548,5972,3696421,12191,7465491
250,8/20/2021 15:00:00,6846,3776017,6553.000000000000000,3421597,401.000000000000000,281778.000000000000000,7247,4057795,6954,3703375,13800,7479291
251,8/21/2021 15:00:00,4340,3780357,3919.000000000000000,3425516,229.000000000000000,282007.000000000000000,4569,4062364,4148,3707523,8488,7487779
252,8/22/2021 15:00:00,3060,3783417,3171.000000000000000,3428687,110.000000000000000,282117.000000000000000,3170,4065534,3281,3710804,6341,7494120
253,8/23/2021 15:00:00,5995,3789412,6106.000000000000000,3434793,287.000000000000000,282404.000000000000000,6282,4071816,6393,3717197,12388,7506508
254,8/24/2021 15:00:00,6548,3795960,6070.000000000000000,3440863,425.000000000000000,282829.000000000000000,6973,4078789,6495,3723692,13043,7519551
255,8/25/2021 15:00:00,6720,3802680,6225.000000000000000,3447088,441.000000000000000,283270.000000000000000,7161,4085950,6666,3730358,13386,7532937
256,8/26/2021 15:00:00,6968,3809648,6659.000000000000000,3453747,428.000000000000000,283698.000000000000000,7396,4093346,7087,3737445,14055,7546992
257,8/27/2021 15:00:00,6832,3816480,7085.000000000000000,3460832,317.000000000000000,284015.000000000000000,7149,4100495,7402,3744847,14234,7561226
258,8/28/2021 15:00:00,6901,3823381,6527.000000000000000,3467359,326.000000000000000,284341.000000000000000,7227,4107722,6853,3751700,13754,7574980
259,8/29/2021 15:00:00,3733,3827114,3694.000000000000000,3471053,610.000000000000000,284951.000000000000000,4343,4112065,4304,3756004,8037,7583017
260,8/30/2021 15:00:00,5929,3833043,6129.000000000000000,3477182,960.000000000000000,285911.000000000000000,6889,4118954,7089,3763093,13018,7596035
261,8/31/2021 15:00:00,5903,3838946,6076.000000000000000,3483258,946.000000000000000,286857.000000000000000,6849,4125803,7022,3770115,12925,7608960
262,9/1/2021 15:00:00,5593,3844539,5703.000000000000000,3488961,918.000000000000000,287775.000000000000000,6511,4132314,6621,3776736,12214,7621174
263,9/2/2021 15:00:00,5540,3850079,5945.000000000000000,3494906,709.000000000000000,288484.000000000000000,6249,4138563,6654,3783390,12194,7633368
264,9/3/2021 15:00:00,6010,3856089,6943.000000000000000,3501849,977.000000000000000,289461.000000000000000,6987,4145550,7920,3791310,13930,7647298
265,9/4/2021 15:00:00,3733,3859822,4355.000000000000000,3506204,878.000000000000000,290339.000000000000000,4611,4150161,5233,3796543,8966,7656264
266,9/5/2021 15:00:00,2956,3862778,2813.000000000000000,3509017,106.000000000000000,290445.000000000000000,3062,4153223,2919,3799462,5875,7662139
267,9/6/2021 15:00:00,1060,3863838,1158.000000000000000,3510175,69.000000000000000,290514.000000000000000,1129,4154352,1227,3800689,2287,7664426
268,9/7/2021 15:00:00,5346,3869184,7308.000000000000000,3517483,2303.000000000000000,292817.000000000000000,7649,4162001,9611,3810300,14957,7679383
269,9/8/2021 15:00:00,4656,3873840,5481.000000000000000,3522964,364.000000000000000,293181.000000000000000,5020,4167021,5845,3816145,10501,7689884
270,9/9/2021 15:00:00,5019,3878859,5465.000000000000000,3528429,325.000000000000000,293506.000000000000000,5344,4172365,5790,3821935,10809,7700693
271,9/10/2021 15:00:00,6528,3885387,6669.000000000000000,3535098,1719.000000000000000,295225.000000000000000,8247,4180612,8388,3830323,14916,7715609
272,9/11/2021 15:00:00,4175,3889562,4344.000000000000000,3539442,666.000000000000000,295891.000000000000000,4841,4185453,5010,3835333,9185,7724794
273,9/12/2021 15:00:00,3172,3892734,3238.000000000000000,3542680,436.000000000000000,296327.000000000000000,3608,4189061,3674,3839007,6846,7731640
274,9/13/2021 15:00:00,4882,3897616,5072.000000000000000,3547752,346.000000000000000,296673.000000000000000,5228,4194289,5418,3844425,10300,7741940
275,9/14/2021 15:00:00,4775,3902391,5445.000000000000000,3553197,437.000000000000000,297110.000000000000000,5212,4199501,5882,3850307,10657,7752597
276,9/15/2021 15:00:00,5044,3907435,5882.000000000000000,3559079,392.000000000000000,297502.000000000000000,5436,4204937,6274,3856581,11318,7763915
277,9/16/2021 15:00:00,4811,3912246,5849.000000000000000,3564928,336.000000000000000,297838.000000000000000,5147,4210084,6185,3862766,10996,7774911
278,9/17/2021 15:00:00,5258,3917504,6582.000000000000000,3571510,344.000000000000000,298182.000000000000000,5602,4215686,6926,3869692,12184,7787095
279,9/18/2021 15:00:00,3807,3921311,4579.000000000000000,3576089,185.000000000000000,298367.000000000000000,3992,4219678,4764,3874456,8571,7795666
280,9/19/2021 15:00:00,2741,3924052,3177.000000000000000,3579266,75.000000000000000,298442.000000000000000,2816,4222494,3252,3877708,5993,7801659
281,9/20/2021 15:00:00,3752,3927804,4679.000000000000000,3583945,429.000000000000000,298871.000000000000000,4181,4226675,5108,3882816,8860,7810519
282,9/21/2021 15:00:00,3999,3931803,5005.000000000000000,3588950,327.000000000000000,299198.000000000000000,4326,4231001,5332,3888148,9331,7819850
283,9/22/2021 15:00:00,4195,3935998,4776.000000000000000,3593726,459.000000000000000,299657.000000000000000,4654,4235655,5235,3893383,9430,7829280
284,9/23/2021 15:00:00,4175,3940173,4731.000000000000000,3598457,492.000000000000000,300149.000000000000000,4667,4240322,5223,3898606,9398,7838678
285,9/24/2021 15:00:00,5081,3945254,5612.000000000000000,3604069,422.000000000000000,300571.000000000000000,5503,4245825,6034,3904640,11115,7849793
286,9/25/2021 15:00:00,3624,3948878,3629.000000000000000,3607698,384.000000000000000,300955.000000000000000,4008,4249833,4013,3908653,7637,7857430
287,9/26/2021 15:00:00,2352,3951230,2663.000000000000000,3610361,431.000000000000000,301386.000000000000000,2783,4252616,3094,3911747,5446,7862876
288,9/27/2021 15:00:00,4504,3955734,2710.000000000000000,3613071,512.000000000000000,301898.000000000000000,5016,4257632,3222,3914969,7726,7870602
289,9/28/2021 15:00:00,4399,3960133,4452.000000000000000,3617523,211.000000000000000,302109.000000000000000,4610,4262242,4663,3919632,9062,7879664
290,9/29/2021 15:00:00,4690,3964823,4510.000000000000000,3622033,920.000000000000000,303029.000000000000000,5610,4267852,5430,3925062,10120,7889784
291,9/30/2021 15:00:00,4886,3969709,4562.000000000000000,3626595,796.000000000000000,303825.000000000000000,5682,4273534,5358,3930420,10244,7900028
292,10/1/2021 15:00:00,5514,3975223,5348.000000000000000,3631943,785.000000000000000,304610.000000000000000,6299,4279833,6133,3936553,11647,7911675
293,10/2/2021 15:00:00,2934,3978157,2897.000000000000000,3634840,187.000000000000000,304797.000000000000000,3121,4282954,3084,3939637,6018,7917693
294,10/3/2021 15:00:00,2075,3980232,2377.000000000000000,3637217,86.000000000000000,304883.000000000000000,2161,4285115,2463,3942100,4538,7922231
295,10/4/2021 15:00:00,4023,3984255,3497.000000000000000,3640714,232.000000000000000,305115.000000000000000,4255,4289370,3729,3945829,7752,7929983
296,10/5/2021 15:00:00,3952,3988207,3659.000000000000000,3644373,207.000000000000000,305322.000000000000000,4159,4293529,3866,3949695,7818,7937801
297,10/6/2021 15:00:00,4019,3992226,3573.000000000000000,3647946,266.000000000000000,305588.000000000000000,4285,4297814,3839,3953534,7858,7945659
298,10/7/2021 15:00:00,4233,3996459,3628.000000000000000,3651574,331.000000000000000,305919.000000000000000,4564,4302378,3959,3957493,8192,7953851
299,10/8/2021 15:00:00,4769,4001228,4283.000000000000000,3655857,283.000000000000000,306202.000000000000000,5052,4307430,4566,3962059,9335,7963186
300,10/9/2021 15:00:00,2690,4003918,2674.000000000000000,3658531,270.000000000000000,306472.000000000000000,2960,4310390,2944,3965003,5634,7968820
301,10/10/2021 15:00:00,1861,4005779,1850.000000000000000,3660381,59.000000000000000,306531.000000000000000,1920,4312310,1909,3966912,3770,7972590
302,10/11/2021 15:00:00,4205,4009984,3313.000000000000000,3663694,249.000000000000000,306780.000000000000000,4454,4316764,3562,3970474,7767,7980357
303,10/12/2021 15:00:00,3597,4013581,3533.000000000000000,3667227,273.000000000000000,307053.000000000000000,3870,4320634,3806,3974280,7403,7987760
304,10/13/2021 15:00:00,3970,4017551,3457.000000000000000,3670684,346.000000000000000,307399.000000000000000,4316,4324950,3803,3978083,7773,7995533
305,10/14/2021 15:00:00,5158,4022709,5494.000000000000000,3676178,431.000000000000000,307830.000000000000000,5589,4330539,5925,3984008,11083,8006616
306,10/15/2021 15:00:00,4708,4027417,4596.000000000000000,3680774,347.000000000000000,308177.000000000000000,5055,4335594,4943,3988951,9651,8016267
307,10/16/2021 15:00:00,2495,4029912,2509.000000000000000,3683283,291.000000000000000,308468.000000000000000,2786,4338380,2800,3991751,5295,8021562
308,10/17/2021 15:00:00,1805,4031717,1775.000000000000000,3685058,55.000000000000000,308523.000000000000000,1860,4340240,1830,3993581,3635,8025197
309,10/18/2021 15:00:00,4274,4035991,3576.000000000000000,3688634,268.000000000000000,308791.000000000000000,4542,4344782,3844,3997425,8118,8033315
310,10/19/2021 15:00:00,4301,4040292,4000.000000000000000,3692634,223.000000000000000,309014.000000000000000,4524,4349306,4223,4001648,8524,8041839
311,10/20/2021 15:00:00,3531,4043823,3418.000000000000000,3696052,255.000000000000000,309269.000000000000000,3786,4353092,3673,4005321,7204,8049043
312,10/21/2021 15:00:00,3299,4047122,3273.000000000000000,3699325,291.000000000000000,309560.000000000000000,3590,4356682,3564,4008885,6863,8055906
313,10/22/2021 15:00:00,4676,4051798,4022.000000000000000,3703347,477.000000000000000,310037.000000000000000,5153,4361835,4499,4013384,9175,8065081
314,10/23/2021 15:00:00,2882,4054680,2108.000000000000000,3705455,321.000000000000000,310358.000000000000000,3203,4365038,2429,4015813,5311,8070392
315,10/24/2021 15:00:00,2056,4056736,1551.000000000000000,3707006,79.000000000000000,310437.000000000000000,2135,4367173,1630,4017443,3686,8074078
316,10/25/2021 15:00:00,4547,4061283,3069.000000000000000,3710075,320.000000000000000,310757.000000000000000,4867,4372040,3389,4020832,7936,8082014
317,10/26/2021 15:00:00,4510,4065793,3076.000000000000000,3713151,316.000000000000000,311073.000000000000000,4826,4376866,3392,4024224,7902,8089916
318,10/27/2021 15:00:00,4734,4070527,3336.000000000000000,3716487,436.000000000000000,311509.000000000000000,5170,4382036,3772,4027996,8506,8098422
319,10/28/2021 15:00:00,4558,4075085,3353.000000000000000,3719840,502.000000000000000,312011.000000000000000,5060,4387096,3855,4031851,8413,8106835
320,10/29/2021 15:00:00,4981,4080066,3913.000000000000000,3723753,395.000000000000000,312406.000000000000000,5376,4392472,4308,4036159,9289,8116124
321,10/30/2021 15:00:00,2630,4082696,1836.000000000000000,3725589,307.000000000000000,312713.000000000000000,2937,4395409,2143,4038302,4773,8120897
322,10/31/2021 15:00:00,1934,4084630,1518.000000000000000,3727107,93.000000000000000,312806.000000000000000,2027,4397436,1611,4039913,3545,8124442
323,11/1/2021 15:00:00,4720,4089350,3426.000000000000000,3730533,348.000000000000000,313154.000000000000000,5068,4402504,3774,4043687,8494,8132936
324,11/2/2021 15:00:00,4252,4093602,2939.000000000000000,3733472,409.000000000000000,313563.000000000000000,4661,4407165,3348,4047035,7600,8140536
325,11/3/2021 15:00:00,4668,4098270,3043.000000000000000,3736515,464.000000000000000,314027.000000000000000,5132,4412297,3507,4050542,8175,8148711
326,11/4/2021 15:00:00,6312,4104582,3365.000000000000000,3739880,513.000000000000000,314540.000000000000000,6825,4419122,3878,4054420,10190,8158901
327,11/5/2021 15:00:00,8237,4112819,3760.000000000000000,3743640,413.000000000000000,314953.000000000000000,8650,4427772,4173,4058593,12410,8171311
328,11/6/2021 15:00:00,10170,4122989,1967.000000000000000,3745607,308.000000000000000,315261.000000000000000,10478,4438250,2275,4060868,12445,8183756
329,11/7/2021 15:00:00,7714,4130703,1460.000000000000000,3747067,95.000000000000000,315356.000000000000000,7809,4446059,1555,4062423,9269,8193025
330,11/8/2021 15:00:00,11304,4142007,3044.000000000000000,3750111,379.000000000000000,315735.000000000000000,11683,4457742,3423,4065846,14727,8207752
331,11/9/2021 15:00:00,11764,4153771,2643.000000000000000,3752754,269.000000000000000,316004.000000000000000,12033,4469775,2912,4068758,14676,8222428
332,11/10/2021 15:00:00,12589,4166360,2757.000000000000000,3755511,339.000000000000000,316343.000000000000000,12928,4482703,3096,4071854,15685,8238113
333,11/11/2021 15:00:00,11373,4177733,2373.000000000000000,3757884,280.000000000000000,316623.000000000000000,11653,4494356,2653,4074507,14026,8252139
334,11/12/2021 15:00:00,12288,4190021,3349.000000000000000,3761233,548.000000000000000,317171.000000000000000,12836,4507192,3897,4078404,16185,8268324
335,11/13/2021 15:00:00,9893,4199914,1591.000000000000000,3762824,342.000000000000000,317513.000000000000000,10235,4517427,1933,4080337,11826,8280150
336,11/14/2021 15:00:00,4197,4204111,1112.000000000000000,3763936,121.000000000000000,317634.000000000000000,4318,4521745,1233,4081570,5430,8285580
337,11/15/2021 15:00:00,8624,4212735,2513.000000000000000,3766449,209.000000000000000,317843.000000000000000,8833,4530578,2722,4084292,11346,8296926
338,11/16/2021 15:00:00,9223,4221958,2509.000000000000000,3768958,255.000000000000000,318098.000000000000000,9478,4540056,2764,4087056,11987,8308913
339,11/17/2021 15:00:00,9391,4231349,2861.000000000000000,3771819,312.000000000000000,318410.000000000000000,9703,4549759,3173,4090229,12564,8321477
340,11/18/2021 15:00:00,9276,4240625,2623.000000000000000,3774442,481.000000000000000,318891.000000000000000,9757,4559516,3104,4093333,12380,8333857
341,11/19/2021 15:00:00,9807,4250432,2908.000000000000000,3777350,381.000000000000000,319272.000000000000000,10188,4569704,3289,4096622,13096,8346953
342,11/20/2021 15:00:00,10628,4261060,1602.000000000000000,3778952,455.000000000000000,319727.000000000000000,11083,4580787,2057,4098679,12685,8359638
343,11/21/2021 15:00:00,4342,4265402,1201.000000000000000,3780153,100.000000000000000,319827.000000000000000,4442,4585229,1301,4099980,5643,8365281
344,11/22/2021 15:00:00,9820,4275222,2482.000000000000000,3782635,293.000000000000000,320120.000000000000000,10113,4595342,2775,4102755,12595,8377876
345,11/23/2021 15:00:00,9206,4284428,2380.000000000000000,3785015,282.000000000000000,320402.000000000000000,9488,4604830,2662,4105417,11868,8389744
346,11/24/2021 15:00:00,8158,4292586,2435.000000000000000,3787450,216.000000000000000,320618.000000000000000,8374,4613204,2651,4108068,10809,8400553
347,11/25/2021 15:00:00,239,4292825,77.000000000000000,3787527,10.000000000000000,320628.000000000000000,249,4613453,87,4108155,326,8400879
348,11/26/2021 15:00:00,5654,4298479,3951.000000000000000,3791478,153.000000000000000,320781.000000000000000,5807,4619260,4104,4112259,9758,8410637
349,11/27/2021 15:00:00,3776,4302255,5479.000000000000000,3796957,134.000000000000000,320915.000000000000000,3910,4623170,5613,4117872,9389,8420026
350,11/28/2021 15:00:00,2414,4304669,6384.000000000000000,3803341,77.000000000000000,320992.000000000000000,2491,4625661,6461,4124333,8875,8428901
351,11/29/2021 15:00:00,6373,4311042,9285.000000000000000,3812626,379.000000000000000,321371.000000000000000,6752,4632413,9664,4133997,16037,8444938
352,11/30/2021 15:00:00,6251,4317293,9322.000000000000000,3821948,264.000000000000000,321635.000000000000000,6515,4638928,9586,4143583,15837,8460775
353,12/1/2021 15:00:00,7313,4324606,9721.000000000000000,3831669,308.000000000000000,321943.000000000000000,7621,4646549,10029,4153612,17342,8478117
354,12/2/2021 15:00:00,6925,4331531,8791.000000000000000,3840460,450.000000000000000,322393.000000000000000,7375,4653924,9241,4162853,16166,8494283
355,12/3/2021 15:00:00,7607,4339138,9257.000000000000000,3849717,251.000000000000000,322644.000000000000000,7858,4661782,9508,4172361,17115,8511398
356,12/4/2021 15:00:00,5950,4345088,10043.000000000000000,3859760,467.000000000000000,323111.000000000000000,6417,4668199,10510,4182871,16460,8527858
357,12/5/2021 15:00:00,3447,4348535,3548.000000000000000,3863308,78.000000000000000,323189.000000000000000,3525,4671724,3626,4186497,7073,8534931
358,12/6/2021 15:00:00,6766,4355301,7095.000000000000000,3870403,281.000000000000000,323470.000000000000000,7047,4678771,7376,4193873,14142,8549073
359,12/7/2021 15:00:00,6412,4361713,7032.000000000000000,3877435,249.000000000000000,323719.000000000000000,6661,4685432,7281,4201154,13693,8562766
360,12/8/2021 15:00:00,6932,4368645,7415.000000000000000,3884850,315.000000000000000,324034.000000000000000,7247,4692679,7730,4208884,14662,8577428
361,12/9/2021 15:00:00,6545,4375190,7029.000000000000000,3891879,398.000000000000000,324432.000000000000000,6943,4699622,7427,4216311,13972,8591400
362,12/10/2021 15:00:00,7289,4382479,7327.000000000000000,3899206,232.000000000000000,324664.000000000000000,7521,4707143,7559,4223870,14848,8606248
363,12/11/2021 15:00:00,4449,4386928,7673.000000000000000,3906879,333.000000000000000,324997.000000000000000,4782,4711925,8006,4231876,12455,8618703
364,12/12/2021 15:00:00,4001,4390929,2772.000000000000000,3909651,60.000000000000000,325057.000000000000000,4061,4715986,2832,4234708,6833,8625536
365,12/13/2021 15:00:00,5698,4396627,5763.000000000000000,3915414,243.000000000000000,325300.000000000000000,5941,4721927,6006,4240714,11704,8637240
366,12/14/2021 15:00:00,6463,4403090,5933.000000000000000,3921347,222.000000000000000,325522.000000000000000,6685,4728612,6155,4246869,12618,8649858
367,12/15/2021 15:00:00,7165,4410255,5713.000000000000000,3927060,254.000000000000000,325776.000000000000000,7419,4736031,5967,4252836,13132,8662990
368,12/16/2021 15:00:00,7867,4418122,2827.000000000000000,3929887,421.000000000000000,326197.000000000000000,8288,4744319,3248,4256084,11115,8674105
369,12/17/2021 15:00:00,7841,4425963,4157.000000000000000,3934044,195.000000000000000,326392.000000000000000,8036,4752355,4352,4260436,12193,8686298
370,12/18/2021 15:00:00,5837,4431800,3181.000000000000000,3937225,298.000000000000000,326690.000000000000000,6135,4758490,3479,4263915,9316,8695614
371,12/19/2021 15:00:00,3377,4435177,1343.000000000000000,3938568,37.000000000000000,326727.000000000000000,3414,4761904,1380,4265295,4757,8700371
372,12/20/2021 15:00:00,8083,4443260,3744.000000000000000,3942312,173.000000000000000,326900.000000000000000,8256,4770160,3917,4269212,12000,8712371
373,12/21/2021 15:00:00,8998,4452258,4158.000000000000000,3946470,175.000000000000000,327075.000000000000000,9173,4779333,4333,4273545,13331,8725702
374,12/22/2021 15:00:00,8683,4460941,3871.000000000000000,3950341,184.000000000000000,327259.000000000000000,8867,4788200,4055,4277600,12738,8738440
375,12/23/2021 15:00:00,8405,4469346,3574.000000000000000,3953915,359.000000000000000,327618.000000000000000,8764,4796964,3933,4281533,12338,8750778
376,12/24/2021 15:00:00,1634,4470980,1008.000000000000000,3954923,39.000000000000000,327657.000000000000000,1673,4798637,1047,4282580,2681,8753459
377,12/25/2021 15:00:00,49,4471029,36.000000000000000,3954959,1.000000000000000,327658.000000000000000,50,4798687,37,4282617,86,8753545
378,12/26/2021 15:00:00,2516,4473545,1744.000000000000000,3956703,44.000000000000000,327702.000000000000000,2560,4801247,1788,4284405,4304,8757849
379,12/27/2021 15:00:00,7203,4480748,3995.000000000000000,3960698,297.000000000000000,327999.000000000000000,7500,4808747,4292,4288697,11495,8769344
380,12/28/2021 15:00:00,7929,4488677,3853.000000000000000,3964551,178.000000000000000,328177.000000000000000,8107,4816854,4031,4292728,11960,8781304
381,12/29/2021 15:00:00,8231,4496908,4012.000000000000000,3968563,156.000000000000000,328333.000000000000000,8387,4825241,4168,4296896,12399,8793703
382,12/30/2021 15:00:00,7477,4504385,3782.000000000000000,3972345,290.000000000000000,328623.000000000000000,7767,4833008,4072,4300968,11549,8805252
383,12/31/2021 15:00:00,2576,4506961,1529.000000000000000,3973874,90.000000000000000,328713.000000000000000,2666,4835674,1619,4302587,4195,8809447
384,1/1/2022 15:00:00,737,4507698,347.000000000000000,3974221,34.000000000000000,328747.000000000000000,771,4836445,381,4302968,1118,8810565
385,1/2/2022 15:00:00,2216,4509914,1650.000000000000000,3975871,48.000000000000000,328795.000000000000000,2264,4838709,1698,4304666,3914,8814479
386,1/3/2022 15:00:00,3397,4513311,2067.000000000000000,3977938,222.000000000000000,329017.000000000000000,3619,4842328,2289,4306955,5686,8820165
387,1/4/2022 15:00:00,5849,4519160,3486.000000000000000,3981424,165.000000000000000,329182.000000000000000,6014,4848342,3651,4310606,9500,8829665
388,1/5/2022 15:00:00,6821,4525981,4691.000000000000000,3986115,175.000000000000000,329357.000000000000000,6996,4855338,4866,4315472,11687,8841352
389,1/6/2022 15:00:00,6752,4532733,4822.000000000000000,3990937,265.000000000000000,329622.000000000000000,7017,4862355,5087,4320559,11839,8853191
390,1/7/2022 15:00:00,5980,4538713,3773.000000000000000,3994710,162.000000000000000,329784.000000000000000,6142,4868497,3935,4324494,9915,8863106
391,1/8/2022 15:00:00,4804,4543517,3906.000000000000000,3998616,78.000000000000000,329862.000000000000000,4882,4873379,3984,4328478,8788,8871894
392,1/9/2022 15:00:00,2764,4546281,2017.000000000000000,4000633,154.000000000000000,330016.000000000000000,2918,4876297,2171,4330649,4935,8876829
393,1/10/2022 15:00:00,6343,4552624,3831.000000000000000,4004464,160.000000000000000,330176.000000000000000,6503,4882800,3991,4334640,10334,8887163
394,1/11/2022 15:00:00,6554,4559178,4247.000000000000000,4008711,142.000000000000000,330318.000000000000000,6696,4889496,4389,4339029,10943,8898106
395,1/12/2022 15:00:00,6812,4565990,4442.000000000000000,4013153,225.000000000000000,330543.000000000000000,7037,4896533,4667,4343696,11479,8909585
396,1/13/2022 15:00:00,6635,4572625,4382.000000000000000,4017535,153.000000000000000,330696.000000000000000,6788,4903321,4535,4348231,11170,8920755
397,1/14/2022 15:00:00,7210,4579835,3284.000000000000000,4020819,252.000000000000000,330948.000000000000000,7462,4910783,3536,4351767,10746,8931501
398,1/15/2022 15:00:00,4266,4584101,1687.000000000000000,4022506,71.000000000000000,331019.000000000000000,4337,4915120,1758,4353525,6024,8937525
399,1/16/2022 15:00:00,2217,4586318,1319.000000000000000,4023825,116.000000000000000,331135.000000000000000,2333,4917453,1435,4354960,3652,8941177
400,1/17/2022 15:00:00,3617,4589935,2363.000000000000000,4026188,74.000000000000000,331209.000000000000000,3691,4921144,2437,4357397,6054,8947231
401,1/18/2022 15:00:00,5275,4595210,4200.000000000000000,4030388,102.000000000000000,331311.000000000000000,5377,4926521,4302,4361699,9577,8956808
402,1/19/2022 15:00:00,5291,4600501,4471.000000000000000,4034859,99.000000000000000,331410.000000000000000,5390,4931911,4570,4366269,9861,8966669
403,1/20/2022 15:00:00,4525,4605026,3622.000000000000000,4038481,176.000000000000000,331586.000000000000000,4701,4936612,3798,4370067,8323,8974992
404,1/21/2022 15:00:00,5593,4610619,2929.000000000000000,4041410,125.000000000000000,331711.000000000000000,5718,4942330,3054,4373121,8647,8983639
405,1/22/2022 15:00:00,3456,4614075,1723.000000000000000,4043133,134.000000000000000,331845.000000000000000,3590,4945920,1857,4374978,5313,8988952
406,1/23/2022 15:00:00,2032,4616107,1496.000000000000000,4044629,30.000000000000000,331875.000000000000000,2062,4947982,1526,4376504,3558,8992510
407,1/24/2022 15:00:00,4125,4620232,2774.000000000000000,4047403,89.000000000000000,331964.000000000000000,4214,4952196,2863,4379367,6988,8999498
408,1/25/2022 15:00:00,3803,4624035,3309.000000000000000,4050712,95.000000000000000,332059.000000000000000,3898,4956094,3404,4382771,7207,9006705
409,1/26/2022 15:00:00,3862,4627897,3688.000000000000000,4054400,94.000000000000000,332153.000000000000000,3956,4960050,3782,4386553,7644,9014349
410,1/27/2022 15:00:00,3766,4631663,3914.000000000000000,4058314,187.000000000000000,332340.000000000000000,3953,4964003,4101,4390654,7867,9022216
411,1/28/2022 15:00:00,3843,4635506,3273.000000000000000,4061587,75.000000000000000,332415.000000000000000,3918,4967921,3348,4394002,7191,9029407
412,1/29/2022 15:00:00,2298,4637804,2292.000000000000000,4063879,117.000000000000000,332532.000000000000000,2415,4970336,2409,4396411,4707,9034114
413,1/30/2022 15:00:00,1562,4639366,1634.000000000000000,4065513,16.000000000000000,332548.000000000000000,1578,4971914,1650,4398061,3212,9037326
414,1/31/2022 15:00:00,2984,4642350,3226.000000000000000,4068739,58.000000000000000,332606.000000000000000,3042,4974956,3284,4401345,6268,9043594
415,2/1/2022 15:00:00,2639,4644989,3408.000000000000000,4072147,75.000000000000000,332681.000000000000000,2714,4977670,3483,4404828,6122,9049716
416,2/2/2022 15:00:00,2815,4647804,3720.000000000000000,4075867,75.000000000000000,332756.000000000000000,2890,4980560,3795,4408623,6610,9056326
417,2/3/2022 15:00:00,2757,4650561,3644.000000000000000,4079511,41.000000000000000,332797.000000000000000,2798,4983358,3685,4412308,6442,9062768
418,2/4/2022 15:00:00,2778,4653339,4373.000000000000000,4083884,128.000000000000000,332925.000000000000000,2906,4986264,4501,4416809,7279,9070047
419,2/5/2022 15:00:00,1920,4655259,2879.000000000000000,4086763,112.000000000000000,333037.000000000000000,2032,4988296,2991,4419800,4911,9074958
420,2/6/2022 15:00:00,1062,4656321,1343.000000000000000,4088106,24.000000000000000,333061.000000000000000,1086,4989382,1367,4421167,2429,9077387
421,2/7/2022 15:00:00,2053,4658374,2684.000000000000000,4090790,47.000000000000000,333108.000000000000000,2100,4991482,2731,4423898,4784,9082171
422,2/8/2022 15:00:00,2084,4660458,3057.000000000000000,4093847,63.000000000000000,333171.000000000000000,2147,4993629,3120,4427018,5204,9087375
423,2/9/2022 15:00:00,2187,4662645,3293.000000000000000,4097140,73.000000000000000,333244.000000000000000,2260,4995889,3366,4430384,5553,9092928
424,2/10/2022 15:00:00,2063,4664708,2847.000000000000000,4099987,55.000000000000000,333299.000000000000000,2118,4998007,2902,4433286,4965,9097893
425,2/11/2022 15:00:00,2450,4667158,3469.000000000000000,4103456,121.000000000000000,333420.000000000000000,2571,5000578,3590,4436876,6040,9103933
426,2/12/2022 15:00:00,1618,4668776,2252.000000000000000,4105708,97.000000000000000,333517.000000000000000,1715,5002293,2349,4439225,3967,9107900
427,2/13/2022 15:00:00,733,4669509,1071.000000000000000,4106779,16.000000000000000,333533.000000000000000,749,5003042,1087,4440312,1820,9109720
428,2/14/2022 15:00:00,1417,4670926,2149.000000000000000,4108928,61.000000000000000,333594.000000000000000,1478,5004520,2210,4442522,3627,9113347
429,2/15/2022 15:00:00,858,4671784,1201.000000000000000,4110129,20.000000000000000,333614.000000000000000,878,5005398,1221,4443743,2079,9115426