OBJECTID,VACCINATION_DATE,FirstDailyDose,FirstDoseCumulative,SecondDailyDose,SecondDoseCumulative,SingleDailyDose,SingleDoseCumulative,AtleastOneVaccine,AtleastOneVaccineCumulative,CompletedVax,CompletedVaxCumulative,FirstSecondSingleVaccination_12,FirstSecondSingleVaccination_13
1,12/14/2020 15:00:00,17,1050,,396,,,17,1050,0,396,17,1363
2,12/15/2020 15:00:00,54,1104,3.000000000000000,399,,,54,1104,3,399,57,1420
3,12/16/2020 15:00:00,577,1681,2.000000000000000,401,,,577,1681,2,401,579,1999
4,12/17/2020 15:00:00,1145,2826,2.000000000000000,403,,,1145,2826,2,403,1147,3146
5,12/18/2020 15:00:00,2993,5819,10.000000000000000,413,,,2993,5819,10,413,3003,6149
6,12/19/2020 15:00:00,919,6738,5.000000000000000,418,,,919,6738,5,418,924,7073
7,12/20/2020 15:00:00,340,7078,4.000000000000000,422,,,340,7078,4,422,344,7417
8,12/21/2020 15:00:00,3863,10941,22.000000000000000,444,,,3863,10941,22,444,3885,11302
9,12/22/2020 15:00:00,6295,17236,21.000000000000000,465,,,6295,17236,21,465,6316,17618
10,12/23/2020 15:00:00,5736,22972,32.000000000000000,497,,,5736,22972,32,497,5768,23386
11,12/24/2020 15:00:00,2717,25689,13.000000000000000,510,,,2717,25689,13,510,2730,26116
12,12/25/2020 15:00:00,1034,26723,3.000000000000000,513,,,1034,26723,3,513,1037,27153
13,12/26/2020 15:00:00,1873,28596,9.000000000000000,522,,,1873,28596,9,522,1882,29035
14,12/27/2020 15:00:00,1795,30391,10.000000000000000,532,,,1795,30391,10,532,1805,30840
15,12/28/2020 15:00:00,8958,39349,40.000000000000000,572,,,8958,39349,40,572,8998,39838
16,12/29/2020 15:00:00,10926,50275,44.000000000000000,616,,,10926,50275,44,616,10970,50808
17,12/30/2020 15:00:00,12466,62741,69.000000000000000,685,,,12466,62741,69,685,12535,63343
18,12/31/2020 15:00:00,7520,70261,37.000000000000000,722,,,7520,70261,37,722,7557,70900
19,1/1/2021 15:00:00,2694,72955,121.000000000000000,843,,,2694,72955,121,843,2815,73715
20,1/2/2021 15:00:00,2994,75949,34.000000000000000,877,,,2994,75949,34,877,3028,76743
21,1/3/2021 15:00:00,3374,79323,80.000000000000000,957,,,3374,79323,80,957,3454,80197
22,1/4/2021 15:00:00,13286,92609,320.000000000000000,1277,,,13286,92609,320,1277,13606,93803
23,1/5/2021 15:00:00,12423,105032,519.000000000000000,1796,,,12423,105032,519,1796,12942,106745
24,1/6/2021 15:00:00,15179,120211,844.000000000000000,2640,,,15179,120211,844,2640,16023,122768
25,1/7/2021 15:00:00,14958,135169,1738.000000000000000,4378,,,14958,135169,1738,4378,16696,139464
26,1/8/2021 15:00:00,23955,159124,2734.000000000000000,7112,,,23955,159124,2734,7112,26689,166153
27,1/9/2021 15:00:00,5139,164263,939.000000000000000,8051,,,5139,164263,939,8051,6078,172231
28,1/10/2021 15:00:00,2933,167196,371.000000000000000,8422,,,2933,167196,371,8422,3304,175535
29,1/11/2021 15:00:00,13682,180878,3437.000000000000000,11859,,,13682,180878,3437,11859,17119,192654
30,1/12/2021 15:00:00,17311,198189,5560.000000000000000,17419,,,17311,198189,5560,17419,22871,215525
31,1/13/2021 15:00:00,18513,216702,3866.000000000000000,21285,,,18513,216702,3866,21285,22379,237904
32,1/14/2021 15:00:00,17779,234481,1929.000000000000000,23214,,,17779,234481,1929,23214,19708,257612
33,1/15/2021 15:00:00,19386,253867,1980.000000000000000,25194,,,19386,253867,1980,25194,21366,278978
34,1/16/2021 15:00:00,5790,259657,1597.000000000000000,26791,,,5790,259657,1597,26791,7387,286365
35,1/17/2021 15:00:00,2104,261761,1470.000000000000000,28261,,,2104,261761,1470,28261,3574,289939
36,1/18/2021 15:00:00,7046,268807,3235.000000000000000,31496,,,7046,268807,3235,31496,10281,300220
37,1/19/2021 15:00:00,16883,285690,5370.000000000000000,36866,,,16883,285690,5370,36866,22253,322473
38,1/20/2021 15:00:00,20965,306655,5264.000000000000000,42130,,,20965,306655,5264,42130,26229,348702
39,1/21/2021 15:00:00,23717,330372,3776.000000000000000,45906,,,23717,330372,3776,45906,27493,376195
40,1/22/2021 15:00:00,28618,358990,3686.000000000000000,49592,,,28618,358990,3686,49592,32304,408499
41,1/23/2021 15:00:00,10074,369064,1910.000000000000000,51502,,,10074,369064,1910,51502,11984,420483
42,1/24/2021 15:00:00,3342,372406,1707.000000000000000,53209,,,3342,372406,1707,53209,5049,425532
43,1/25/2021 15:00:00,16264,388670,8531.000000000000000,61740,,,16264,388670,8531,61740,24795,450327
44,1/26/2021 15:00:00,17525,406195,8928.000000000000000,70668,,,17525,406195,8928,70668,26453,476780
45,1/27/2021 15:00:00,24413,430608,12492.000000000000000,83160,,,24413,430608,12492,83160,36905,513685
46,1/28/2021 15:00:00,22622,453230,9255.000000000000000,92415,,,22622,453230,9255,92415,31877,545562
47,1/29/2021 15:00:00,24727,477957,7850.000000000000000,100265,,,24727,477957,7850,100265,32577,578139
48,1/30/2021 15:00:00,17747,495704,2507.000000000000000,102772,,,17747,495704,2507,102772,20254,598393
49,1/31/2021 15:00:00,3746,499450,1323.000000000000000,104095,,,3746,499450,1323,104095,5069,603462
50,2/1/2021 15:00:00,7680,507130,5145.000000000000000,109240,,,7680,507130,5145,109240,12825,616287
51,2/2/2021 15:00:00,12423,519553,13741.000000000000000,122981,,,12423,519553,13741,122981,26164,642451
52,2/3/2021 15:00:00,18180,537733,18054.000000000000000,141035,,,18180,537733,18054,141035,36234,678685
53,2/4/2021 15:00:00,22037,559770,15688.000000000000000,156723,,,22037,559770,15688,156723,37725,716410
54,2/5/2021 15:00:00,20245,580015,17337.000000000000000,174060,,,20245,580015,17337,174060,37582,753992
55,2/6/2021 15:00:00,11270,591285,14422.000000000000000,188482,,,11270,591285,14422,188482,25692,779684
56,2/7/2021 15:00:00,5907,597192,1789.000000000000000,190271,,,5907,597192,1789,190271,7696,787380
57,2/8/2021 15:00:00,12923,610115,12868.000000000000000,203139,,,12923,610115,12868,203139,25791,813171
58,2/9/2021 15:00:00,16589,626704,13805.000000000000000,216944,,,16589,626704,13805,216944,30394,843565
59,2/10/2021 15:00:00,19223,645927,21159.000000000000000,238103,,,19223,645927,21159,238103,40382,883947
60,2/11/2021 15:00:00,22837,668764,17256.000000000000000,255359,,,22837,668764,17256,255359,40093,924040
61,2/12/2021 15:00:00,20333,689097,19563.000000000000000,274922,,,20333,689097,19563,274922,39896,963936
62,2/13/2021 15:00:00,11387,700484,6370.000000000000000,281292,,,11387,700484,6370,281292,17757,981693
63,2/14/2021 15:00:00,7093,707577,2096.000000000000000,283388,,,7093,707577,2096,283388,9189,990882
64,2/15/2021 15:00:00,11730,719307,13260.000000000000000,296648,,,11730,719307,13260,296648,24990,1015872
65,2/16/2021 15:00:00,16552,735859,20955.000000000000000,317603,,,16552,735859,20955,317603,37507,1053379
66,2/17/2021 15:00:00,20606,756465,26324.000000000000000,343927,,,20606,756465,26324,343927,46930,1100309
67,2/18/2021 15:00:00,3171,759636,4584.000000000000000,348511,,,3171,759636,4584,348511,7755,1108064
68,2/19/2021 15:00:00,10223,769859,19884.000000000000000,368395,,,10223,769859,19884,368395,30107,1138171
69,2/20/2021 15:00:00,10279,780138,20239.000000000000000,388634,,,10279,780138,20239,388634,30518,1168689
70,2/21/2021 15:00:00,6151,786289,7615.000000000000000,396249,,,6151,786289,7615,396249,13766,1182455
71,2/22/2021 15:00:00,7997,794286,15425.000000000000000,411674,,,7997,794286,15425,411674,23422,1205877
72,2/23/2021 15:00:00,15494,809780,15900.000000000000000,427574,,,15494,809780,15900,427574,31394,1237271
73,2/24/2021 15:00:00,17899,827679,24693.000000000000000,452267,,,17899,827679,24693,452267,42592,1279863
74,2/25/2021 15:00:00,20363,848042,26471.000000000000000,478738,,,20363,848042,26471,478738,46834,1326697
75,2/26/2021 15:00:00,26681,874723,26109.000000000000000,504847,,,26681,874723,26109,504847,52790,1379487
76,2/27/2021 15:00:00,15947,890670,11093.000000000000000,515940,,,15947,890670,11093,515940,27040,1406527
77,2/28/2021 15:00:00,15487,906157,4838.000000000000000,520778,,,15487,906157,4838,520778,20325,1426852
78,3/1/2021 15:00:00,26222,932379,12374.000000000000000,533152,,,26222,932379,12374,533152,38596,1465448
79,3/2/2021 15:00:00,23798,956177,13209.000000000000000,546361,31.000000000000000,31.000000000000000,23829,956208,13240,546392,37038,1502486
80,3/3/2021 15:00:00,30040,986217,18323.000000000000000,564684,180.000000000000000,211.000000000000000,30220,986428,18503,564895,48543,1551029
81,3/4/2021 15:00:00,30908,1017125,18112.000000000000000,582796,4064.000000000000000,4275.000000000000000,34972,1021400,22176,587071,53084,1604113
82,3/5/2021 15:00:00,29376,1046501,19392.000000000000000,602188,4911.000000000000000,9186.000000000000000,34287,1055687,24303,611374,53679,1657792
83,3/6/2021 15:00:00,17809,1064310,8936.000000000000000,611124,6001.000000000000000,15187.000000000000000,23810,1079497,14937,626311,32746,1690538
84,3/7/2021 15:00:00,12091,1076401,4821.000000000000000,615945,6610.000000000000000,21797.000000000000000,18701,1098198,11431,637742,23522,1714060
85,3/8/2021 15:00:00,25797,1102198,8773.000000000000000,624718,8276.000000000000000,30073.000000000000000,34073,1132271,17049,654791,42846,1756906
86,3/9/2021 15:00:00,26049,1128247,15384.000000000000000,640102,8342.000000000000000,38415.000000000000000,34391,1166662,23726,678517,49775,1806681
87,3/10/2021 15:00:00,29779,1158026,15909.000000000000000,656011,7935.000000000000000,46350.000000000000000,37714,1204376,23844,702361,53623,1860304
88,3/11/2021 15:00:00,35888,1193914,16376.000000000000000,672387,3981.000000000000000,50331.000000000000000,39869,1244245,20357,722718,56245,1916549
89,3/12/2021 15:00:00,36843,1230757,17998.000000000000000,690385,2922.000000000000000,53253.000000000000000,39765,1284010,20920,743638,57763,1974312
90,3/13/2021 15:00:00,22628,1253385,10230.000000000000000,700615,1605.000000000000000,54858.000000000000000,24233,1308243,11835,755473,34463,2008775
91,3/14/2021 15:00:00,17822,1271207,6669.000000000000000,707284,996.000000000000000,55854.000000000000000,18818,1327061,7665,763138,25487,2034262
92,3/15/2021 15:00:00,29738,1300945,11215.000000000000000,718499,593.000000000000000,56447.000000000000000,30331,1357392,11808,774946,41546,2075808
93,3/16/2021 15:00:00,33353,1334298,13503.000000000000000,732002,764.000000000000000,57211.000000000000000,34117,1391509,14267,789213,47620,2123428
94,3/17/2021 15:00:00,37505,1371803,16951.000000000000000,748953,1174.000000000000000,58385.000000000000000,38679,1430188,18125,807338,55630,2179058
95,3/18/2021 15:00:00,41344,1413147,12541.000000000000000,761494,1348.000000000000000,59733.000000000000000,42692,1472880,13889,821227,55233,2234291
96,3/19/2021 15:00:00,38235,1451382,15338.000000000000000,776832,1035.000000000000000,60768.000000000000000,39270,1512150,16373,837600,54608,2288899
97,3/20/2021 15:00:00,24637,1476019,10068.000000000000000,786900,694.000000000000000,61462.000000000000000,25331,1537481,10762,848362,35399,2324298
98,3/21/2021 15:00:00,19130,1495149,7812.000000000000000,794712,332.000000000000000,61794.000000000000000,19462,1556943,8144,856506,27274,2351572
99,3/22/2021 15:00:00,32507,1527656,11407.000000000000000,806119,833.000000000000000,62627.000000000000000,33340,1590283,12240,868746,44747,2396319
100,3/23/2021 15:00:00,37708,1565364,17261.000000000000000,823380,1552.000000000000000,64179.000000000000000,39260,1629543,18813,887559,56521,2452840
101,3/24/2021 15:00:00,41002,1606366,21106.000000000000000,844486,1379.000000000000000,65558.000000000000000,42381,1671924,22485,910044,63487,2516327
102,3/25/2021 15:00:00,42282,1648648,20942.000000000000000,865428,2456.000000000000000,68014.000000000000000,44738,1716662,23398,933442,65680,2582007
103,3/26/2021 15:00:00,36542,1685190,26202.000000000000000,891630,2500.000000000000000,70514.000000000000000,39042,1755704,28702,962144,65244,2647251
104,3/27/2021 15:00:00,26890,1712080,16730.000000000000000,908360,2481.000000000000000,72995.000000000000000,29371,1785075,19211,981355,46101,2693352
105,3/28/2021 15:00:00,16995,1729075,12593.000000000000000,920953,1613.000000000000000,74608.000000000000000,18608,1803683,14206,995561,31201,2724553
106,3/29/2021 15:00:00,29668,1758743,26173.000000000000000,947126,1138.000000000000000,75746.000000000000000,30806,1834489,27311,1022872,56979,2781532
107,3/30/2021 15:00:00,39974,1798717,28876.000000000000000,976002,1854.000000000000000,77600.000000000000000,41828,1876317,30730,1053602,70704,2852236
108,3/31/2021 15:00:00,40973,1839690,34537.000000000000000,1010539,5745.000000000000000,83345.000000000000000,46718,1923035,40282,1093884,81255,2933491
109,4/1/2021 15:00:00,40826,1880516,39699.000000000000000,1050238,5624.000000000000000,88969.000000000000000,46450,1969485,45323,1139207,86149,3019640
110,4/2/2021 15:00:00,34911,1915427,32433.000000000000000,1082671,6108.000000000000000,95077.000000000000000,41019,2010504,38541,1177748,73452,3093092
111,4/3/2021 15:00:00,21588,1937015,18639.000000000000000,1101310,4363.000000000000000,99440.000000000000000,25951,2036455,23002,1200750,44590,3137682
112,4/4/2021 15:00:00,8226,1945241,10150.000000000000000,1111460,961.000000000000000,100401.000000000000000,9187,2045642,11111,1211861,19337,3157019
113,4/5/2021 15:00:00,27845,1973086,28796.000000000000000,1140256,6645.000000000000000,107046.000000000000000,34490,2080132,35441,1247302,63286,3220305
114,4/6/2021 15:00:00,39695,2012781,30346.000000000000000,1170602,10481.000000000000000,117527.000000000000000,50176,2130308,40827,1288129,80522,3300827
115,4/7/2021 15:00:00,35978,2048759,34124.000000000000000,1204726,12962.000000000000000,130489.000000000000000,48940,2179248,47086,1335215,83064,3383891
116,4/8/2021 15:00:00,42229,2090988,35942.000000000000000,1240668,13845.000000000000000,144334.000000000000000,56074,2235322,49787,1385002,92016,3475907
117,4/9/2021 15:00:00,33966,2124954,36225.000000000000000,1276893,14518.000000000000000,158852.000000000000000,48484,2283806,50743,1435745,84709,3560616
118,4/10/2021 15:00:00,23415,2148369,23069.000000000000000,1299962,7618.000000000000000,166470.000000000000000,31033,2314839,30687,1466432,54102,3614718
119,4/11/2021 15:00:00,17540,2165909,13244.000000000000000,1313206,10121.000000000000000,176591.000000000000000,27661,2342500,23365,1489797,40905,3655623
120,4/12/2021 15:00:00,24542,2190451,33083.000000000000000,1346289,10886.000000000000000,187477.000000000000000,35428,2377928,43969,1533766,68511,3724134
121,4/13/2021 15:00:00,126732,2317183,90513.000000000000000,1436802,3292.000000000000000,190769.000000000000000,130024,2507952,93805,1627571,220537,3944671
122,4/14/2021 15:00:00,40658,2357841,37696.000000000000000,1474498,210.000000000000000,190979.000000000000000,40868,2548820,37906,1665477,78564,4023235
123,4/15/2021 15:00:00,41647,2399488,39085.000000000000000,1513583,173.000000000000000,191152.000000000000000,41820,2590640,39258,1704735,80905,4104140
124,4/16/2021 15:00:00,37164,2436652,38664.000000000000000,1552247,23.000000000000000,191175.000000000000000,37187,2627827,38687,1743422,75851,4179991
125,4/17/2021 15:00:00,32755,2469407,21943.000000000000000,1574190,12.000000000000000,191187.000000000000000,32767,2660594,21955,1765377,54710,4234701
126,4/18/2021 15:00:00,20052,2489459,16156.000000000000000,1590346,5.000000000000000,191192.000000000000000,20057,2680651,16161,1781538,36213,4270914
127,4/19/2021 15:00:00,29857,2519316,36445.000000000000000,1626791,61.000000000000000,191253.000000000000000,29918,2710569,36506,1818044,66363,4337277
128,4/20/2021 15:00:00,33068,2552384,44114.000000000000000,1670905,54.000000000000000,191307.000000000000000,33122,2743691,44168,1862212,77236,4414513
129,4/21/2021 15:00:00,39760,2592144,46848.000000000000000,1717753,22.000000000000000,191329.000000000000000,39782,2783473,46870,1909082,86630,4501143
130,4/22/2021 15:00:00,36355,2628499,41912.000000000000000,1759665,16.000000000000000,191345.000000000000000,36371,2819844,41928,1951010,78283,4579426
131,4/23/2021 15:00:00,33064,2661563,39941.000000000000000,1799606,13.000000000000000,191358.000000000000000,33077,2852921,39954,1990964,73018,4652444
132,4/24/2021 15:00:00,26383,2687946,27796.000000000000000,1827402,80.000000000000000,191438.000000000000000,26463,2879384,27876,2018840,54259,4706703
133,4/25/2021 15:00:00,20210,2708156,10908.000000000000000,1838310,30.000000000000000,191468.000000000000000,20240,2899624,10938,2029778,31148,4737851
134,4/26/2021 15:00:00,27391,2735547,32568.000000000000000,1870878,202.000000000000000,191670.000000000000000,27593,2927217,32770,2062548,60161,4798012
135,4/27/2021 15:00:00,26689,2762236,32912.000000000000000,1903790,1096.000000000000000,192766.000000000000000,27785,2955002,34008,2096556,60697,4858709
136,4/28/2021 15:00:00,28899,2791135,39382.000000000000000,1943172,1362.000000000000000,194128.000000000000000,30261,2985263,40744,2137300,69643,4928352
137,4/29/2021 15:00:00,27291,2818426,39322.000000000000000,1982494,1462.000000000000000,195590.000000000000000,28753,3014016,40784,2178084,68075,4996427
138,4/30/2021 15:00:00,28158,2846584,32079.000000000000000,2014573,1643.000000000000000,197233.000000000000000,29801,3043817,33722,2211806,61880,5058307
139,5/1/2021 15:00:00,20428,2867012,26356.000000000000000,2040929,1024.000000000000000,198257.000000000000000,21452,3065269,27380,2239186,47808,5106115
140,5/2/2021 15:00:00,10268,2877280,16995.000000000000000,2057924,818.000000000000000,199075.000000000000000,11086,3076355,17813,2256999,28081,5134196
141,5/3/2021 15:00:00,12722,2890002,28370.000000000000000,2086294,1909.000000000000000,200984.000000000000000,14631,3090986,30279,2287278,43001,5177197
142,5/4/2021 15:00:00,13524,2903526,38361.000000000000000,2124655,1732.000000000000000,202716.000000000000000,15256,3106242,40093,2327371,53617,5230814
143,5/5/2021 15:00:00,19317,2922843,37622.000000000000000,2162277,1921.000000000000000,204637.000000000000000,21238,3127480,39543,2366914,58860,5289674
144,5/6/2021 15:00:00,16918,2939761,40485.000000000000000,2202762,1715.000000000000000,206352.000000000000000,18633,3146113,42200,2409114,59118,5348792
145,5/7/2021 15:00:00,17385,2957146,35949.000000000000000,2238711,1954.000000000000000,208306.000000000000000,19339,3165452,37903,2447017,55288,5404080
146,5/8/2021 15:00:00,10772,2967918,31140.000000000000000,2269851,1291.000000000000000,209597.000000000000000,12063,3177515,32431,2479448,43203,5447283
147,5/9/2021 15:00:00,5046,2972964,11889.000000000000000,2281740,695.000000000000000,210292.000000000000000,5741,3183256,12584,2492032,17630,5464913
148,5/10/2021 15:00:00,8931,2981895,30960.000000000000000,2312700,1357.000000000000000,211649.000000000000000,10288,3193544,32317,2524349,41248,5506161
149,5/11/2021 15:00:00,12177,2994072,30196.000000000000000,2342896,1435.000000000000000,213084.000000000000000,13612,3207156,31631,2555980,43808,5549969
150,5/12/2021 15:00:00,13929,3008001,38505.000000000000000,2381401,1914.000000000000000,214998.000000000000000,15843,3222999,40419,2596399,54348,5604317
151,5/13/2021 15:00:00,21804,3029805,33369.000000000000000,2414770,1346.000000000000000,216344.000000000000000,23150,3246149,34715,2631114,56519,5660836
152,5/14/2021 15:00:00,24323,3054128,29919.000000000000000,2444689,1770.000000000000000,218114.000000000000000,26093,3272242,31689,2662803,56012,5716848
153,5/15/2021 15:00:00,21873,3076001,25025.000000000000000,2469714,1489.000000000000000,219603.000000000000000,23362,3295604,26514,2689317,48387,5765235
154,5/16/2021 15:00:00,9066,3085067,17520.000000000000000,2487234,1111.000000000000000,220714.000000000000000,10177,3305781,18631,2707948,27697,5792932
155,5/17/2021 15:00:00,16821,3101888,28278.000000000000000,2515512,1948.000000000000000,222662.000000000000000,18769,3324550,30226,2738174,47047,5839979
156,5/18/2021 15:00:00,21239,3123127,30605.000000000000000,2546117,1942.000000000000000,224604.000000000000000,23181,3347731,32547,2770721,53786,5893765
157,5/19/2021 15:00:00,27572,3150699,32325.000000000000000,2578442,1623.000000000000000,226227.000000000000000,29195,3376926,33948,2804669,61520,5955285
158,5/20/2021 15:00:00,20776,3171475,33145.000000000000000,2611587,1963.000000000000000,228190.000000000000000,22739,3399665,35108,2839777,55884,6011169
159,5/21/2021 15:00:00,19130,3190605,30195.000000000000000,2641782,1606.000000000000000,229796.000000000000000,20736,3420401,31801,2871578,50931,6062100
160,5/22/2021 15:00:00,16902,3207507,20618.000000000000000,2662400,1269.000000000000000,231065.000000000000000,18171,3438572,21887,2893465,38789,6100889
161,5/23/2021 15:00:00,8750,3216257,11416.000000000000000,2673816,964.000000000000000,232029.000000000000000,9714,3448286,12380,2905845,21130,6122019
162,5/24/2021 15:00:00,13564,3229821,17696.000000000000000,2691512,1476.000000000000000,233505.000000000000000,15040,3463326,19172,2925017,32736,6154755
163,5/25/2021 15:00:00,13007,3242828,18616.000000000000000,2710128,1328.000000000000000,234833.000000000000000,14335,3477661,19944,2944961,32951,6187706
164,5/26/2021 15:00:00,18261,3261089,19402.000000000000000,2729530,1508.000000000000000,236341.000000000000000,19769,3497430,20910,2965871,39171,6226877
165,5/27/2021 15:00:00,11675,3272764,18606.000000000000000,2748136,1115.000000000000000,237456.000000000000000,12790,3510220,19721,2985592,31396,6258273
166,5/28/2021 15:00:00,12505,3285269,19694.000000000000000,2767830,1396.000000000000000,238852.000000000000000,13901,3524121,21090,3006682,33595,6291868
167,5/29/2021 15:00:00,9550,3294819,11617.000000000000000,2779447,934.000000000000000,239786.000000000000000,10484,3534605,12551,3019233,22101,6313969
168,5/30/2021 15:00:00,4968,3299787,6408.000000000000000,2785855,597.000000000000000,240383.000000000000000,5565,3540170,7005,3026238,11973,6325942
169,5/31/2021 15:00:00,1775,3301562,3700.000000000000000,2789555,305.000000000000000,240688.000000000000000,2080,3542250,4005,3030243,5780,6331722
170,6/1/2021 15:00:00,9763,3311325,16257.000000000000000,2805812,1150.000000000000000,241838.000000000000000,10913,3553163,17407,3047650,27170,6358892
171,6/2/2021 15:00:00,10224,3321549,16759.000000000000000,2822571,958.000000000000000,242796.000000000000000,11182,3564345,17717,3065367,27941,6386833
172,6/3/2021 15:00:00,7894,3329443,21122.000000000000000,2843693,1085.000000000000000,243881.000000000000000,8979,3573324,22207,3087574,30101,6416934
173,6/4/2021 15:00:00,8217,3337660,22219.000000000000000,2865912,1121.000000000000000,245002.000000000000000,9338,3582662,23340,3110914,31557,6448491
174,6/5/2021 15:00:00,7009,3344669,19396.000000000000000,2885308,718.000000000000000,245720.000000000000000,7727,3590389,20114,3131028,27123,6475614
175,6/6/2021 15:00:00,3467,3348136,7202.000000000000000,2892510,422.000000000000000,246142.000000000000000,3889,3594278,7624,3138652,11091,6486705
176,6/7/2021 15:00:00,6848,3354984,15715.000000000000000,2908225,725.000000000000000,246867.000000000000000,7573,3601851,16440,3155092,23288,6509993
177,6/8/2021 15:00:00,6674,3361658,19647.000000000000000,2927872,817.000000000000000,247684.000000000000000,7491,3609342,20464,3175556,27138,6537131
178,6/9/2021 15:00:00,8198,3369856,23875.000000000000000,2951747,968.000000000000000,248652.000000000000000,9166,3618508,24843,3200399,33041,6570172
179,6/10/2021 15:00:00,7163,3377019,19054.000000000000000,2970801,894.000000000000000,249546.000000000000000,8057,3626565,19948,3220347,27111,6597283
180,6/11/2021 15:00:00,7447,3384466,17670.000000000000000,2988471,1125.000000000000000,250671.000000000000000,8572,3635137,18795,3239142,26242,6623525
181,6/12/2021 15:00:00,5235,3389701,14707.000000000000000,3003178,604.000000000000000,251275.000000000000000,5839,3640976,15311,3254453,20546,6644071
182,6/13/2021 15:00:00,1932,3391633,7552.000000000000000,3010730,425.000000000000000,251700.000000000000000,2357,3643333,7977,3262430,9909,6653980
183,6/14/2021 15:00:00,5653,3397286,11801.000000000000000,3022531,728.000000000000000,252428.000000000000000,6381,3649714,12529,3274959,18182,6672162
184,6/15/2021 15:00:00,5642,3402928,14278.000000000000000,3036809,869.000000000000000,253297.000000000000000,6511,3656225,15147,3290106,20789,6692951
185,6/16/2021 15:00:00,8749,3411677,21531.000000000000000,3058340,757.000000000000000,254054.000000000000000,9506,3665731,22288,3312394,31037,6723988
186,6/17/2021 15:00:00,6672,3418349,12323.000000000000000,3070663,718.000000000000000,254772.000000000000000,7390,3673121,13041,3325435,19713,6743701
187,6/18/2021 15:00:00,6830,3425179,12687.000000000000000,3083350,703.000000000000000,255475.000000000000000,7533,3680654,13390,3338825,20220,6763921
188,6/19/2021 15:00:00,4656,3429835,9349.000000000000000,3092699,614.000000000000000,256089.000000000000000,5270,3685924,9963,3348788,14619,6778540
189,6/20/2021 15:00:00,2499,3432334,5032.000000000000000,3097731,378.000000000000000,256467.000000000000000,2877,3688801,5410,3354198,7909,6786449
190,6/21/2021 15:00:00,5546,3437880,5307.000000000000000,3103038,636.000000000000000,257103.000000000000000,6182,3694983,5943,3360141,11489,6797938
191,6/22/2021 15:00:00,5189,3443069,8830.000000000000000,3111868,681.000000000000000,257784.000000000000000,5870,3700853,9511,3369652,14700,6812638
192,6/23/2021 15:00:00,6056,3449125,10285.000000000000000,3122153,642.000000000000000,258426.000000000000000,6698,3707551,10927,3380579,16983,6829621
193,6/24/2021 15:00:00,5921,3455046,8172.000000000000000,3130325,593.000000000000000,259019.000000000000000,6514,3714065,8765,3389344,14686,6844307
194,6/25/2021 15:00:00,5825,3460871,8608.000000000000000,3138933,620.000000000000000,259639.000000000000000,6445,3720510,9228,3398572,15053,6859360
195,6/26/2021 15:00:00,3698,3464569,6284.000000000000000,3145217,396.000000000000000,260035.000000000000000,4094,3724604,6680,3405252,10378,6869738
196,6/27/2021 15:00:00,2802,3467371,3510.000000000000000,3148727,183.000000000000000,260218.000000000000000,2985,3727589,3693,3408945,6495,6876233
197,6/28/2021 15:00:00,4726,3472097,6077.000000000000000,3154804,521.000000000000000,260739.000000000000000,5247,3732836,6598,3415543,11324,6887557
198,6/29/2021 15:00:00,5054,3477151,6429.000000000000000,3161233,517.000000000000000,261256.000000000000000,5571,3738407,6946,3422489,12000,6899557
199,6/30/2021 15:00:00,5599,3482750,7356.000000000000000,3168589,602.000000000000000,261858.000000000000000,6201,3744608,7958,3430447,13557,6913114
200,7/1/2021 15:00:00,5328,3488078,6901.000000000000000,3175490,489.000000000000000,262347.000000000000000,5817,3750425,7390,3437837,12718,6925832
201,7/2/2021 15:00:00,5282,3493360,6797.000000000000000,3182287,519.000000000000000,262866.000000000000000,5801,3756226,7316,3445153,12598,6938430
202,7/3/2021 15:00:00,3259,3496619,4045.000000000000000,3186332,260.000000000000000,263126.000000000000000,3519,3759745,4305,3449458,7564,6945994
203,7/4/2021 15:00:00,493,3497112,542.000000000000000,3186874,66.000000000000000,263192.000000000000000,559,3760304,608,3450066,1101,6947095
204,7/5/2021 15:00:00,3749,3500861,3939.000000000000000,3190813,282.000000000000000,263474.000000000000000,4031,3764335,4221,3454287,7970,6955065
205,7/6/2021 15:00:00,4476,3505337,6221.000000000000000,3197034,450.000000000000000,263924.000000000000000,4926,3769261,6671,3460958,11147,6966212
206,7/7/2021 15:00:00,4453,3509790,6367.000000000000000,3203401,483.000000000000000,264407.000000000000000,4936,3774197,6850,3467808,11303,6977515
207,7/8/2021 15:00:00,4829,3514619,6122.000000000000000,3209523,563.000000000000000,264970.000000000000000,5392,3779589,6685,3474493,11514,6989029
208,7/9/2021 15:00:00,5346,3519965,6606.000000000000000,3216129,572.000000000000000,265542.000000000000000,5918,3785507,7178,3481671,12524,7001553
209,7/10/2021 15:00:00,3519,3523484,4372.000000000000000,3220501,301.000000000000000,265843.000000000000000,3820,3789327,4673,3486344,8192,7009745
210,7/11/2021 15:00:00,2663,3526147,2552.000000000000000,3223053,222.000000000000000,266065.000000000000000,2885,3792212,2774,3489118,5437,7015182
211,7/12/2021 15:00:00,4408,3530555,5088.000000000000000,3228141,374.000000000000000,266439.000000000000000,4782,3796994,5462,3494580,9870,7025052
212,7/13/2021 15:00:00,4744,3535299,4581.000000000000000,3232722,365.000000000000000,266804.000000000000000,5109,3802103,4946,3499526,9690,7034742
213,7/14/2021 15:00:00,4600,3539899,5242.000000000000000,3237964,422.000000000000000,267226.000000000000000,5022,3807125,5664,3505190,10264,7045006
214,7/15/2021 15:00:00,4870,3544769,4965.000000000000000,3242929,356.000000000000000,267582.000000000000000,5226,3812351,5321,3510511,10191,7055197
215,7/16/2021 15:00:00,6271,3551040,5799.000000000000000,3248728,401.000000000000000,267983.000000000000000,6672,3819023,6200,3516711,12471,7067668
216,7/17/2021 15:00:00,3403,3554443,3537.000000000000000,3252265,299.000000000000000,268282.000000000000000,3702,3822725,3836,3520547,7239,7074907
217,7/18/2021 15:00:00,2301,3556744,2363.000000000000000,3254628,110.000000000000000,268392.000000000000000,2411,3825136,2473,3523020,4774,7079681
218,7/19/2021 15:00:00,5245,3561989,4457.000000000000000,3259085,376.000000000000000,268768.000000000000000,5621,3830757,4833,3527853,10078,7089759
219,7/20/2021 15:00:00,5328,3567317,4679.000000000000000,3263764,366.000000000000000,269134.000000000000000,5694,3836451,5045,3532898,10373,7100132
220,7/21/2021 15:00:00,5629,3572946,4895.000000000000000,3268659,415.000000000000000,269549.000000000000000,6044,3842495,5310,3538208,10939,7111071
221,7/22/2021 15:00:00,6009,3578955,4596.000000000000000,3273255,469.000000000000000,270018.000000000000000,6478,3848973,5065,3543273,11074,7122145
222,7/23/2021 15:00:00,6821,3585776,4809.000000000000000,3278064,489.000000000000000,270507.000000000000000,7310,3856283,5298,3548571,12119,7134264
223,7/24/2021 15:00:00,4277,3590053,3186.000000000000000,3281250,267.000000000000000,270774.000000000000000,4544,3860827,3453,3552024,7730,7141994
224,7/25/2021 15:00:00,3289,3593342,1107.000000000000000,3282357,138.000000000000000,270912.000000000000000,3427,3864254,1245,3553269,4534,7146528
225,7/26/2021 15:00:00,6196,3599538,3876.000000000000000,3286233,414.000000000000000,271326.000000000000000,6610,3870864,4290,3557559,10486,7157014
226,7/27/2021 15:00:00,6342,3605880,4034.000000000000000,3290267,453.000000000000000,271779.000000000000000,6795,3877659,4487,3562046,10829,7167843
227,7/28/2021 15:00:00,6796,3612676,3988.000000000000000,3294255,458.000000000000000,272237.000000000000000,7254,3884913,4446,3566492,11242,7179085
228,7/29/2021 15:00:00,6804,3619480,4127.000000000000000,3298382,415.000000000000000,272652.000000000000000,7219,3892132,4542,3571034,11346,7190431
229,7/30/2021 15:00:00,7520,3627000,4497.000000000000000,3302879,521.000000000000000,273173.000000000000000,8041,3900173,5018,3576052,12538,7202969
230,7/31/2021 15:00:00,4778,3631778,3029.000000000000000,3305908,272.000000000000000,273445.000000000000000,5050,3905223,3301,3579353,8079,7211048
231,8/1/2021 15:00:00,3803,3635581,2095.000000000000000,3308003,158.000000000000000,273603.000000000000000,3961,3909184,2253,3581606,6056,7217104
232,8/2/2021 15:00:00,7006,3642587,3623.000000000000000,3311626,335.000000000000000,273938.000000000000000,7341,3916525,3958,3585564,10964,7228068
233,8/3/2021 15:00:00,6989,3649576,3889.000000000000000,3315515,508.000000000000000,274446.000000000000000,7497,3924022,4397,3589961,11386,7239454
234,8/4/2021 15:00:00,7154,3656730,3881.000000000000000,3319396,528.000000000000000,274974.000000000000000,7682,3931704,4409,3594370,11563,7251017
235,8/5/2021 15:00:00,7662,3664392,4093.000000000000000,3323489,535.000000000000000,275509.000000000000000,8197,3939901,4628,3598998,12290,7263307
236,8/6/2021 15:00:00,8280,3672672,4676.000000000000000,3328165,449.000000000000000,275958.000000000000000,8729,3948630,5125,3604123,13405,7276712
237,8/7/2021 15:00:00,5243,3677915,2786.000000000000000,3330951,264.000000000000000,276222.000000000000000,5507,3954137,3050,3607173,8293,7285005
238,8/8/2021 15:00:00,3949,3681864,2035.000000000000000,3332986,141.000000000000000,276363.000000000000000,4090,3958227,2176,3609349,6125,7291130
239,8/9/2021 15:00:00,6910,3688774,4492.000000000000000,3337478,364.000000000000000,276727.000000000000000,7274,3965501,4856,3614205,11766,7302896
240,8/10/2021 15:00:00,7115,3695889,4426.000000000000000,3341904,336.000000000000000,277063.000000000000000,7451,3972952,4762,3618967,11877,7314773
241,8/11/2021 15:00:00,7024,3702913,4415.000000000000000,3346319,438.000000000000000,277501.000000000000000,7462,3980414,4853,3623820,11877,7326650
242,8/12/2021 15:00:00,8560,3711473,4695.000000000000000,3351014,441.000000000000000,277942.000000000000000,9001,3989415,5136,3628956,13696,7340346
243,8/13/2021 15:00:00,7104,3718577,5322.000000000000000,3356336,390.000000000000000,278332.000000000000000,7494,3996909,5712,3634668,12816,7353162
244,8/14/2021 15:00:00,4913,3723490,3327.000000000000000,3359663,285.000000000000000,278617.000000000000000,5198,4002107,3612,3638280,8525,7361687
245,8/15/2021 15:00:00,3314,3726804,2722.000000000000000,3362385,163.000000000000000,278780.000000000000000,3477,4005584,2885,3641165,6199,7367886
246,8/16/2021 15:00:00,5411,3732215,5062.000000000000000,3367447,349.000000000000000,279129.000000000000000,5760,4011344,5411,3646576,10822,7378708
247,8/17/2021 15:00:00,6936,3739151,5163.000000000000000,3372610,387.000000000000000,279516.000000000000000,7323,4018667,5550,3652126,12486,7391194
248,8/18/2021 15:00:00,6502,3745653,5270.000000000000000,3377880,472.000000000000000,279988.000000000000000,6974,4025641,5742,3657868,12244,7403438
249,8/19/2021 15:00:00,5972,3751625,5304.000000000000000,3383184,410.000000000000000,280398.000000000000000,6382,4032023,5714,3663582,11686,7415124
250,8/20/2021 15:00:00,7022,3758647,6296.000000000000000,3389480,401.000000000000000,280799.000000000000000,7423,4039446,6697,3670279,13719,7428843
251,8/21/2021 15:00:00,4309,3762956,3900.000000000000000,3393380,225.000000000000000,281024.000000000000000,4534,4043980,4125,3674404,8434,7437277
252,8/22/2021 15:00:00,3061,3766017,3153.000000000000000,3396533,109.000000000000000,281133.000000000000000,3170,4047150,3262,3677666,6323,7443600
253,8/23/2021 15:00:00,6152,3772169,5898.000000000000000,3402431,285.000000000000000,281418.000000000000000,6437,4053587,6183,3683849,12335,7455935
254,8/24/2021 15:00:00,6631,3778800,5854.000000000000000,3408285,423.000000000000000,281841.000000000000000,7054,4060641,6277,3690126,12908,7468843
255,8/25/2021 15:00:00,6884,3785684,5987.000000000000000,3414272,438.000000000000000,282279.000000000000000,7322,4067963,6425,3696551,13309,7482152
256,8/26/2021 15:00:00,7163,3792847,6405.000000000000000,3420677,427.000000000000000,282706.000000000000000,7590,4075553,6832,3703383,13995,7496147
257,8/27/2021 15:00:00,6852,3799699,6997.000000000000000,3427674,315.000000000000000,283021.000000000000000,7167,4082720,7312,3710695,14164,7510311
258,8/28/2021 15:00:00,6898,3806597,6473.000000000000000,3434147,326.000000000000000,283347.000000000000000,7224,4089944,6799,3717494,13697,7524008
259,8/29/2021 15:00:00,3738,3810335,3673.000000000000000,3437820,611.000000000000000,283958.000000000000000,4349,4094293,4284,3721778,8022,7532030
260,8/30/2021 15:00:00,5938,3816273,6075.000000000000000,3443895,959.000000000000000,284917.000000000000000,6897,4101190,7034,3728812,12972,7545002
261,8/31/2021 15:00:00,5687,3821960,5906.000000000000000,3449801,944.000000000000000,285861.000000000000000,6631,4107821,6850,3735662,12537,7557539
262,9/1/2021 15:00:00,5537,3827497,5558.000000000000000,3455359,906.000000000000000,286767.000000000000000,6443,4114264,6464,3742126,12001,7569540
263,9/2/2021 15:00:00,5534,3833031,5872.000000000000000,3461231,700.000000000000000,287467.000000000000000,6234,4120498,6572,3748698,12106,7581646
264,9/3/2021 15:00:00,5986,3839017,6869.000000000000000,3468100,971.000000000000000,288438.000000000000000,6957,4127455,7840,3756538,13826,7595472
265,9/4/2021 15:00:00,3715,3842732,4315.000000000000000,3472415,875.000000000000000,289313.000000000000000,4590,4132045,5190,3761728,8905,7604377
266,9/5/2021 15:00:00,2947,3845679,2789.000000000000000,3475204,104.000000000000000,289417.000000000000000,3051,4135096,2893,3764621,5840,7610217
267,9/6/2021 15:00:00,1050,3846729,1138.000000000000000,3476342,62.000000000000000,289479.000000000000000,1112,4136208,1200,3765821,2250,7612467
268,9/7/2021 15:00:00,5296,3852025,7235.000000000000000,3483577,2303.000000000000000,291782.000000000000000,7599,4143807,9538,3775359,14834,7627301
269,9/8/2021 15:00:00,4658,3856683,5429.000000000000000,3489006,365.000000000000000,292147.000000000000000,5023,4148830,5794,3781153,10452,7637753
270,9/9/2021 15:00:00,5066,3861749,5339.000000000000000,3494345,322.000000000000000,292469.000000000000000,5388,4154218,5661,3786814,10727,7648480
271,9/10/2021 15:00:00,6529,3868278,6578.000000000000000,3500923,1712.000000000000000,294181.000000000000000,8241,4162459,8290,3795104,14819,7663299
272,9/11/2021 15:00:00,4043,3872321,4310.000000000000000,3505233,663.000000000000000,294844.000000000000000,4706,4167165,4973,3800077,9016,7672315
273,9/12/2021 15:00:00,3154,3875475,3225.000000000000000,3508458,436.000000000000000,295280.000000000000000,3590,4170755,3661,3803738,6815,7679130
274,9/13/2021 15:00:00,4662,3880137,4824.000000000000000,3513282,345.000000000000000,295625.000000000000000,5007,4175762,5169,3808907,9831,7688961
275,9/14/2021 15:00:00,4575,3884712,5176.000000000000000,3518458,432.000000000000000,296057.000000000000000,5007,4180769,5608,3814515,10183,7699144
276,9/15/2021 15:00:00,4844,3889556,5582.000000000000000,3524040,387.000000000000000,296444.000000000000000,5231,4186000,5969,3820484,10813,7709957
277,9/16/2021 15:00:00,4588,3894144,5591.000000000000000,3529631,331.000000000000000,296775.000000000000000,4919,4190919,5922,3826406,10510,7720467
278,9/17/2021 15:00:00,5036,3899180,6317.000000000000000,3535948,341.000000000000000,297116.000000000000000,5377,4196296,6658,3833064,11694,7732161
279,9/18/2021 15:00:00,3773,3902953,4554.000000000000000,3540502,186.000000000000000,297302.000000000000000,3959,4200255,4740,3837804,8513,7740674
280,9/19/2021 15:00:00,2745,3905698,3152.000000000000000,3543654,75.000000000000000,297377.000000000000000,2820,4203075,3227,3841031,5972,7746646
281,9/20/2021 15:00:00,3537,3909235,4453.000000000000000,3548107,427.000000000000000,297804.000000000000000,3964,4207039,4880,3845911,8417,7755063
282,9/21/2021 15:00:00,3782,3913017,4794.000000000000000,3552901,325.000000000000000,298129.000000000000000,4107,4211146,5119,3851030,8901,7763964
283,9/22/2021 15:00:00,4185,3917202,4738.000000000000000,3557639,459.000000000000000,298588.000000000000000,4644,4215790,5197,3856227,9382,7773346
284,9/23/2021 15:00:00,4177,3921379,4683.000000000000000,3562322,489.000000000000000,299077.000000000000000,4666,4220456,5172,3861399,9349,7782695
285,9/24/2021 15:00:00,5060,3926439,5560.000000000000000,3567882,422.000000000000000,299499.000000000000000,5482,4225938,5982,3867381,11042,7793737
286,9/25/2021 15:00:00,3623,3930062,3623.000000000000000,3571505,384.000000000000000,299883.000000000000000,4007,4229945,4007,3871388,7630,7801367
287,9/26/2021 15:00:00,2358,3932420,2651.000000000000000,3574156,421.000000000000000,300304.000000000000000,2779,4232724,3072,3874460,5430,7806797
288,9/27/2021 15:00:00,4501,3936921,2678.000000000000000,3576834,507.000000000000000,300811.000000000000000,5008,4237732,3185,3877645,7686,7814483
289,9/28/2021 15:00:00,4394,3941315,4383.000000000000000,3581217,211.000000000000000,301022.000000000000000,4605,4242337,4594,3882239,8988,7823471
290,9/29/2021 15:00:00,4694,3946009,4478.000000000000000,3585695,918.000000000000000,301940.000000000000000,5612,4247949,5396,3887635,10090,7833561
291,9/30/2021 15:00:00,4875,3950884,4536.000000000000000,3590231,791.000000000000000,302731.000000000000000,5666,4253615,5327,3892962,10202,7843763
292,10/1/2021 15:00:00,5418,3956302,5257.000000000000000,3595488,778.000000000000000,303509.000000000000000,6196,4259811,6035,3898997,11453,7855216
293,10/2/2021 15:00:00,2936,3959238,2882.000000000000000,3598370,187.000000000000000,303696.000000000000000,3123,4262934,3069,3902066,6005,7861221
294,10/3/2021 15:00:00,2057,3961295,2263.000000000000000,3600633,86.000000000000000,303782.000000000000000,2143,4265077,2349,3904415,4406,7865627
295,10/4/2021 15:00:00,4144,3965439,3356.000000000000000,3603989,233.000000000000000,304015.000000000000000,4377,4269454,3589,3908004,7733,7873360
296,10/5/2021 15:00:00,4047,3969486,3557.000000000000000,3607546,204.000000000000000,304219.000000000000000,4251,4273705,3761,3911765,7808,7881168
297,10/6/2021 15:00:00,4115,3973601,3477.000000000000000,3611023,264.000000000000000,304483.000000000000000,4379,4278084,3741,3915506,7856,7889024
298,10/7/2021 15:00:00,4350,3977951,3486.000000000000000,3614509,329.000000000000000,304812.000000000000000,4679,4282763,3815,3919321,8165,7897189
299,10/8/2021 15:00:00,4910,3982861,4095.000000000000000,3618604,281.000000000000000,305093.000000000000000,5191,4287954,4376,3923697,9286,7906475
300,10/9/2021 15:00:00,2678,3985539,2664.000000000000000,3621268,270.000000000000000,305363.000000000000000,2948,4290902,2934,3926631,5612,7912087
301,10/10/2021 15:00:00,1863,3987402,1839.000000000000000,3623107,59.000000000000000,305422.000000000000000,1922,4292824,1898,3928529,3761,7915848
302,10/11/2021 15:00:00,4360,3991762,3176.000000000000000,3626283,246.000000000000000,305668.000000000000000,4606,4297430,3422,3931951,7782,7923630
303,10/12/2021 15:00:00,3723,3995485,3319.000000000000000,3629602,268.000000000000000,305936.000000000000000,3991,4301421,3587,3935538,7310,7930940
304,10/13/2021 15:00:00,3964,3999449,3421.000000000000000,3633023,344.000000000000000,306280.000000000000000,4308,4305729,3765,3939303,7729,7938669
305,10/14/2021 15:00:00,5145,4004594,5432.000000000000000,3638455,424.000000000000000,306704.000000000000000,5569,4311298,5856,3945159,11001,7949670
306,10/15/2021 15:00:00,4707,4009301,4539.000000000000000,3642994,345.000000000000000,307049.000000000000000,5052,4316350,4884,3950043,9591,7959261
307,10/16/2021 15:00:00,2489,4011790,2486.000000000000000,3645480,288.000000000000000,307337.000000000000000,2777,4319127,2774,3952817,5263,7964524
308,10/17/2021 15:00:00,1799,4013589,1765.000000000000000,3647245,53.000000000000000,307390.000000000000000,1852,4320979,1818,3954635,3617,7968141
309,10/18/2021 15:00:00,4291,4017880,3544.000000000000000,3650789,266.000000000000000,307656.000000000000000,4557,4325536,3810,3958445,8101,7976242
310,10/19/2021 15:00:00,4305,4022185,4015.000000000000000,3654804,221.000000000000000,307877.000000000000000,4526,4330062,4236,3962681,8541,7984783
311,10/20/2021 15:00:00,3518,4025703,3404.000000000000000,3658208,253.000000000000000,308130.000000000000000,3771,4333833,3657,3966338,7175,7991958
312,10/21/2021 15:00:00,3298,4029001,3231.000000000000000,3661439,290.000000000000000,308420.000000000000000,3588,4337421,3521,3969859,6819,7998777
313,10/22/2021 15:00:00,4696,4033697,4001.000000000000000,3665440,475.000000000000000,308895.000000000000000,5171,4342592,4476,3974335,9172,8007949
314,10/23/2021 15:00:00,2900,4036597,2118.000000000000000,3667558,321.000000000000000,309216.000000000000000,3221,4345813,2439,3976774,5339,8013288
315,10/24/2021 15:00:00,2046,4038643,1550.000000000000000,3669108,77.000000000000000,309293.000000000000000,2123,4347936,1627,3978401,3673,8016961
316,10/25/2021 15:00:00,4533,4043176,3079.000000000000000,3672187,314.000000000000000,309607.000000000000000,4847,4352783,3393,3981794,7926,8024887
317,10/26/2021 15:00:00,4507,4047683,3125.000000000000000,3675312,308.000000000000000,309915.000000000000000,4815,4357598,3433,3985227,7940,8032827
318,10/27/2021 15:00:00,4697,4052380,3337.000000000000000,3678649,428.000000000000000,310343.000000000000000,5125,4362723,3765,3988992,8462,8041289
319,10/28/2021 15:00:00,4528,4056908,3377.000000000000000,3682026,493.000000000000000,310836.000000000000000,5021,4367744,3870,3992862,8398,8049687
320,10/29/2021 15:00:00,4929,4061837,3872.000000000000000,3685898,388.000000000000000,311224.000000000000000,5317,4373061,4260,3997122,9189,8058876
321,10/30/2021 15:00:00,2619,4064456,1832.000000000000000,3687730,308.000000000000000,311532.000000000000000,2927,4375988,2140,3999262,4759,8063635
322,10/31/2021 15:00:00,1929,4066385,1494.000000000000000,3689224,93.000000000000000,311625.000000000000000,2022,4378010,1587,4000849,3516,8067151
323,11/1/2021 15:00:00,4549,4070934,3429.000000000000000,3692653,329.000000000000000,311954.000000000000000,4878,4382888,3758,4004607,8307,8075458
324,11/2/2021 15:00:00,4218,4075152,2994.000000000000000,3695647,397.000000000000000,312351.000000000000000,4615,4387503,3391,4007998,7609,8083067
325,11/3/2021 15:00:00,4561,4079713,3095.000000000000000,3698742,452.000000000000000,312803.000000000000000,5013,4392516,3547,4011545,8108,8091175
326,11/4/2021 15:00:00,5967,4085680,3384.000000000000000,3702126,509.000000000000000,313312.000000000000000,6476,4398992,3893,4015438,9860,8101035
327,11/5/2021 15:00:00,7735,4093415,3797.000000000000000,3705923,403.000000000000000,313715.000000000000000,8138,4407130,4200,4019638,11935,8112970
328,11/6/2021 15:00:00,9803,4103218,1966.000000000000000,3707889,302.000000000000000,314017.000000000000000,10105,4417235,2268,4021906,12071,8125041
329,11/7/2021 15:00:00,7397,4110615,1391.000000000000000,3709280,91.000000000000000,314108.000000000000000,7488,4424723,1482,4023388,8879,8133920
330,11/8/2021 15:00:00,11058,4121673,3046.000000000000000,3712326,359.000000000000000,314467.000000000000000,11417,4436140,3405,4026793,14463,8148383
331,11/9/2021 15:00:00,11295,4132968,2620.000000000000000,3714946,246.000000000000000,314713.000000000000000,11541,4447681,2866,4029659,14161,8162544
332,11/10/2021 15:00:00,12021,4144989,2711.000000000000000,3717657,318.000000000000000,315031.000000000000000,12339,4460020,3029,4032688,15050,8177594
333,11/11/2021 15:00:00,10785,4155774,2363.000000000000000,3720020,267.000000000000000,315298.000000000000000,11052,4471072,2630,4035318,13415,8191009
334,11/12/2021 15:00:00,11495,4167269,3330.000000000000000,3723350,526.000000000000000,315824.000000000000000,12021,4483093,3856,4039174,15351,8206360
335,11/13/2021 15:00:00,9093,4176362,1495.000000000000000,3724845,330.000000000000000,316154.000000000000000,9423,4492516,1825,4040999,10918,8217278
336,11/14/2021 15:00:00,3258,4179620,1053.000000000000000,3725898,105.000000000000000,316259.000000000000000,3363,4495879,1158,4042157,4416,8221694
337,11/15/2021 15:00:00,7988,4187608,2468.000000000000000,3728366,192.000000000000000,316451.000000000000000,8180,4504059,2660,4044817,10648,8232342
338,11/16/2021 15:00:00,8240,4195848,2427.000000000000000,3730793,213.000000000000000,316664.000000000000000,8453,4512512,2640,4047457,10880,8243222
339,11/17/2021 15:00:00,4305,4200153,1411.000000000000000,3732204,180.000000000000000,316844.000000000000000,4485,4516997,1591,4049048,5896,8249118