OBJECTID,VACCINATION_DATE,FirstDailyDose,FirstDoseCumulative,SecondDailyDose,SecondDoseCumulative,SingleDailyDose,SingleDoseCumulative,AtleastOneVaccine,AtleastOneVaccineCumulative,CompletedVax,CompletedVaxCumulative,FirstSecondSingleVaccination_12,FirstSecondSingleVaccination_13
1,12/14/2020 15:00:00,18,967,,386,,,18,967,0,386,18,1266
2,12/15/2020 15:00:00,51,1018,2.000000000000000,388,,,51,1018,2,388,53,1319
3,12/16/2020 15:00:00,574,1592,2.000000000000000,390,,,574,1592,2,390,576,1895
4,12/17/2020 15:00:00,1138,2730,2.000000000000000,392,,,1138,2730,2,392,1140,3035
5,12/18/2020 15:00:00,3011,5741,11.000000000000000,403,,,3011,5741,11,403,3022,6057
6,12/19/2020 15:00:00,927,6668,5.000000000000000,408,,,927,6668,5,408,932,6989
7,12/20/2020 15:00:00,334,7002,4.000000000000000,412,,,334,7002,4,412,338,7327
8,12/21/2020 15:00:00,3852,10854,18.000000000000000,430,,,3852,10854,18,430,3870,11197
9,12/22/2020 15:00:00,6333,17187,17.000000000000000,447,,,6333,17187,17,447,6350,17547
10,12/23/2020 15:00:00,5743,22930,27.000000000000000,474,,,5743,22930,27,474,5770,23317
11,12/24/2020 15:00:00,2710,25640,9.000000000000000,483,,,2710,25640,9,483,2719,26036
12,12/25/2020 15:00:00,1033,26673,3.000000000000000,486,,,1033,26673,3,486,1036,27072
13,12/26/2020 15:00:00,1871,28544,8.000000000000000,494,,,1871,28544,8,494,1879,28951
14,12/27/2020 15:00:00,1786,30330,10.000000000000000,504,,,1786,30330,10,504,1796,30747
15,12/28/2020 15:00:00,8941,39271,38.000000000000000,542,,,8941,39271,38,542,8979,39726
16,12/29/2020 15:00:00,10906,50177,38.000000000000000,580,,,10906,50177,38,580,10944,50670
17,12/30/2020 15:00:00,12447,62624,67.000000000000000,647,,,12447,62624,67,647,12514,63184
18,12/31/2020 15:00:00,7504,70128,34.000000000000000,681,,,7504,70128,34,681,7538,70722
19,1/1/2021 15:00:00,2509,72637,106.000000000000000,787,,,2509,72637,106,787,2615,73337
20,1/2/2021 15:00:00,2967,75604,34.000000000000000,821,,,2967,75604,34,821,3001,76338
21,1/3/2021 15:00:00,3361,78965,79.000000000000000,900,,,3361,78965,79,900,3440,79778
22,1/4/2021 15:00:00,13242,92207,312.000000000000000,1212,,,13242,92207,312,1212,13554,93332
23,1/5/2021 15:00:00,12382,104589,508.000000000000000,1720,,,12382,104589,508,1720,12890,106222
24,1/6/2021 15:00:00,15150,119739,836.000000000000000,2556,,,15150,119739,836,2556,15986,122208
25,1/7/2021 15:00:00,14940,134679,1728.000000000000000,4284,,,14940,134679,1728,4284,16668,138876
26,1/8/2021 15:00:00,23928,158607,2737.000000000000000,7021,,,23928,158607,2737,7021,26665,165541
27,1/9/2021 15:00:00,5125,163732,942.000000000000000,7963,,,5125,163732,942,7963,6067,171608
28,1/10/2021 15:00:00,2915,166647,368.000000000000000,8331,,,2915,166647,368,8331,3283,174891
29,1/11/2021 15:00:00,13663,180310,3417.000000000000000,11748,,,13663,180310,3417,11748,17080,191971
30,1/12/2021 15:00:00,17268,197578,5581.000000000000000,17329,,,17268,197578,5581,17329,22849,214820
31,1/13/2021 15:00:00,18492,216070,3863.000000000000000,21192,,,18492,216070,3863,21192,22355,237175
32,1/14/2021 15:00:00,17820,233890,1917.000000000000000,23109,,,17820,233890,1917,23109,19737,256912
33,1/15/2021 15:00:00,19448,253338,1958.000000000000000,25067,,,19448,253338,1958,25067,21406,278318
34,1/16/2021 15:00:00,5776,259114,1579.000000000000000,26646,,,5776,259114,1579,26646,7355,285673
35,1/17/2021 15:00:00,2094,261208,1462.000000000000000,28108,,,2094,261208,1462,28108,3556,289229
36,1/18/2021 15:00:00,7027,268235,3229.000000000000000,31337,,,7027,268235,3229,31337,10256,299485
37,1/19/2021 15:00:00,17139,285374,5340.000000000000000,36677,,,17139,285374,5340,36677,22479,321964
38,1/20/2021 15:00:00,21220,306594,5245.000000000000000,41922,,,21220,306594,5245,41922,26465,348429
39,1/21/2021 15:00:00,23804,330398,3682.000000000000000,45604,,,23804,330398,3682,45604,27486,375915
40,1/22/2021 15:00:00,28816,359214,3587.000000000000000,49191,,,28816,359214,3587,49191,32403,408318
41,1/23/2021 15:00:00,10039,369253,1899.000000000000000,51090,,,10039,369253,1899,51090,11938,420256
42,1/24/2021 15:00:00,3325,372578,1705.000000000000000,52795,,,3325,372578,1705,52795,5030,425286
43,1/25/2021 15:00:00,16606,389184,8497.000000000000000,61292,,,16606,389184,8497,61292,25103,450389
44,1/26/2021 15:00:00,17864,407048,8883.000000000000000,70175,,,17864,407048,8883,70175,26747,477136
45,1/27/2021 15:00:00,25039,432087,12383.000000000000000,82558,,,25039,432087,12383,82558,37422,514558
46,1/28/2021 15:00:00,23278,455365,9217.000000000000000,91775,,,23278,455365,9217,91775,32495,547053
47,1/29/2021 15:00:00,25503,480868,7807.000000000000000,99582,,,25503,480868,7807,99582,33310,580363
48,1/30/2021 15:00:00,18423,499291,2488.000000000000000,102070,,,18423,499291,2488,102070,20911,601274
49,1/31/2021 15:00:00,4108,503399,1305.000000000000000,103375,,,4108,503399,1305,103375,5413,606687
50,2/1/2021 15:00:00,7669,511068,5021.000000000000000,108396,,,7669,511068,5021,108396,12690,619377
51,2/2/2021 15:00:00,12801,523869,13715.000000000000000,122111,,,12801,523869,13715,122111,26516,645893
52,2/3/2021 15:00:00,18679,542548,18043.000000000000000,140154,,,18679,542548,18043,140154,36722,682615
53,2/4/2021 15:00:00,22456,565004,15724.000000000000000,155878,,,22456,565004,15724,155878,38180,720795
54,2/5/2021 15:00:00,20523,585527,17411.000000000000000,173289,,,20523,585527,17411,173289,37934,758729
55,2/6/2021 15:00:00,12114,597641,14408.000000000000000,187697,,,12114,597641,14408,187697,26522,785251
56,2/7/2021 15:00:00,5955,603596,1774.000000000000000,189471,,,5955,603596,1774,189471,7729,792980
57,2/8/2021 15:00:00,13278,616874,13081.000000000000000,202552,,,13278,616874,13081,202552,26359,819339
58,2/9/2021 15:00:00,16697,633571,14001.000000000000000,216553,,,16697,633571,14001,216553,30698,850037
59,2/10/2021 15:00:00,19291,652862,21375.000000000000000,237928,,,19291,652862,21375,237928,40666,890703
60,2/11/2021 15:00:00,22862,675724,17495.000000000000000,255423,,,22862,675724,17495,255423,40357,931060
61,2/12/2021 15:00:00,20332,696056,19860.000000000000000,275283,,,20332,696056,19860,275283,40192,971252
62,2/13/2021 15:00:00,11367,707423,6343.000000000000000,281626,,,11367,707423,6343,281626,17710,988962
63,2/14/2021 15:00:00,7078,714501,2073.000000000000000,283699,,,7078,714501,2073,283699,9151,998113
64,2/15/2021 15:00:00,11712,726213,13214.000000000000000,296913,,,11712,726213,13214,296913,24926,1023039
65,2/16/2021 15:00:00,16566,742779,21664.000000000000000,318577,,,16566,742779,21664,318577,38230,1061269
66,2/17/2021 15:00:00,20628,763407,27128.000000000000000,345705,,,20628,763407,27128,345705,47756,1109025
67,2/18/2021 15:00:00,3166,766573,4724.000000000000000,350429,,,3166,766573,4724,350429,7890,1116915
68,2/19/2021 15:00:00,10264,776837,20405.000000000000000,370834,,,10264,776837,20405,370834,30669,1147584
69,2/20/2021 15:00:00,10307,787144,20860.000000000000000,391694,,,10307,787144,20860,391694,31167,1178751
70,2/21/2021 15:00:00,6156,793300,7938.000000000000000,399632,,,6156,793300,7938,399632,14094,1192845
71,2/22/2021 15:00:00,8085,801385,15887.000000000000000,415519,,,8085,801385,15887,415519,23972,1216817
72,2/23/2021 15:00:00,15588,816973,16472.000000000000000,431991,,,15588,816973,16472,431991,32060,1248877
73,2/24/2021 15:00:00,17977,834950,25145.000000000000000,457136,,,17977,834950,25145,457136,43122,1291999
74,2/25/2021 15:00:00,20423,855373,26878.000000000000000,484014,,,20423,855373,26878,484014,47301,1339300
75,2/26/2021 15:00:00,26813,882186,26464.000000000000000,510478,,,26813,882186,26464,510478,53277,1392577
76,2/27/2021 15:00:00,16093,898279,11691.000000000000000,522169,,,16093,898279,11691,522169,27784,1420361
77,2/28/2021 15:00:00,15490,913769,4813.000000000000000,526982,,,15490,913769,4813,526982,20303,1440664
78,3/1/2021 15:00:00,26039,939808,12569.000000000000000,539551,,,26039,939808,12569,539551,38608,1479272
79,3/2/2021 15:00:00,24006,963814,13314.000000000000000,552865,31.000000000000000,31.000000000000000,24037,963845,13345,552896,37351,1516623
80,3/3/2021 15:00:00,30228,994042,18367.000000000000000,571232,174.000000000000000,205.000000000000000,30402,994247,18541,571437,48769,1565392
81,3/4/2021 15:00:00,31094,1025136,18124.000000000000000,589356,4061.000000000000000,4266.000000000000000,35155,1029402,22185,593622,53279,1618671
82,3/5/2021 15:00:00,29582,1054718,19376.000000000000000,608732,4907.000000000000000,9173.000000000000000,34489,1063891,24283,617905,53865,1672536
83,3/6/2021 15:00:00,17776,1072494,8904.000000000000000,617636,5993.000000000000000,15166.000000000000000,23769,1087660,14897,632802,32673,1705209
84,3/7/2021 15:00:00,12063,1084557,4799.000000000000000,622435,6609.000000000000000,21775.000000000000000,18672,1106332,11408,644210,23471,1728680
85,3/8/2021 15:00:00,26182,1110739,8766.000000000000000,631201,8280.000000000000000,30055.000000000000000,34462,1140794,17046,661256,43228,1771908
86,3/9/2021 15:00:00,26396,1137135,15382.000000000000000,646583,8339.000000000000000,38394.000000000000000,34735,1175529,23721,684977,50117,1822025
87,3/10/2021 15:00:00,30136,1167271,15909.000000000000000,662492,7938.000000000000000,46332.000000000000000,38074,1213603,23847,708824,53983,1876008
88,3/11/2021 15:00:00,36215,1203486,16387.000000000000000,678879,4034.000000000000000,50366.000000000000000,40249,1253852,20421,729245,56636,1932644
89,3/12/2021 15:00:00,37169,1240655,18007.000000000000000,696886,2920.000000000000000,53286.000000000000000,40089,1293941,20927,750172,58096,1990740
90,3/13/2021 15:00:00,22601,1263256,10207.000000000000000,707093,1601.000000000000000,54887.000000000000000,24202,1318143,11808,761980,34409,2025149
91,3/14/2021 15:00:00,17816,1281072,6653.000000000000000,713746,994.000000000000000,55881.000000000000000,18810,1336953,7647,769627,25463,2050612
92,3/15/2021 15:00:00,29977,1311049,11321.000000000000000,725067,603.000000000000000,56484.000000000000000,30580,1367533,11924,781551,41901,2092513
93,3/16/2021 15:00:00,33610,1344659,13546.000000000000000,738613,765.000000000000000,57249.000000000000000,34375,1401908,14311,795862,47921,2140434
94,3/17/2021 15:00:00,37720,1382379,16981.000000000000000,755594,1180.000000000000000,58429.000000000000000,38900,1440808,18161,814023,55881,2196315
95,3/18/2021 15:00:00,41489,1423868,12603.000000000000000,768197,1359.000000000000000,59788.000000000000000,42848,1483656,13962,827985,55451,2251766
96,3/19/2021 15:00:00,38327,1462195,15578.000000000000000,783775,1045.000000000000000,60833.000000000000000,39372,1523028,16623,844608,54950,2306716
97,3/20/2021 15:00:00,24548,1486743,10030.000000000000000,793805,1122.000000000000000,61955.000000000000000,25670,1548698,11152,855760,35700,2342416
98,3/21/2021 15:00:00,19097,1505840,7793.000000000000000,801598,330.000000000000000,62285.000000000000000,19427,1568125,8123,863883,27220,2369636
99,3/22/2021 15:00:00,32568,1538408,11635.000000000000000,813233,830.000000000000000,63115.000000000000000,33398,1601523,12465,876348,45033,2414669
100,3/23/2021 15:00:00,37786,1576194,17468.000000000000000,830701,1547.000000000000000,64662.000000000000000,39333,1640856,19015,895363,56801,2471470
101,3/24/2021 15:00:00,41160,1617354,21196.000000000000000,851897,1375.000000000000000,66037.000000000000000,42535,1683391,22571,917934,63731,2535201
102,3/25/2021 15:00:00,42479,1659833,21045.000000000000000,872942,2513.000000000000000,68550.000000000000000,44992,1728383,23558,941492,66037,2601238
103,3/26/2021 15:00:00,36618,1696451,26457.000000000000000,899399,2498.000000000000000,71048.000000000000000,39116,1767499,28955,970447,65573,2666811
104,3/27/2021 15:00:00,27743,1724194,16857.000000000000000,916256,2766.000000000000000,73814.000000000000000,30509,1798008,19623,990070,47366,2714177
105,3/28/2021 15:00:00,16983,1741177,12563.000000000000000,928819,1615.000000000000000,75429.000000000000000,18598,1816606,14178,1004248,31161,2745338
106,3/29/2021 15:00:00,29701,1770878,26507.000000000000000,955326,1136.000000000000000,76565.000000000000000,30837,1847443,27643,1031891,57344,2802682
107,3/30/2021 15:00:00,40014,1810892,29170.000000000000000,984496,1848.000000000000000,78413.000000000000000,41862,1889305,31018,1062909,71032,2873714
108,3/31/2021 15:00:00,41019,1851911,34859.000000000000000,1019355,5742.000000000000000,84155.000000000000000,46761,1936066,40601,1103510,81620,2955334
109,4/1/2021 15:00:00,40694,1892605,39839.000000000000000,1059194,5617.000000000000000,89772.000000000000000,46311,1982377,45456,1148966,86150,3041484
110,4/2/2021 15:00:00,34954,1927559,32737.000000000000000,1091931,6100.000000000000000,95872.000000000000000,41054,2023431,38837,1187803,73791,3115275
111,4/3/2021 15:00:00,21561,1949120,18631.000000000000000,1110562,4361.000000000000000,100233.000000000000000,25922,2049353,22992,1210795,44553,3159828
112,4/4/2021 15:00:00,8215,1957335,10140.000000000000000,1120702,959.000000000000000,101192.000000000000000,9174,2058527,11099,1221894,19314,3179142
113,4/5/2021 15:00:00,27928,1985263,29077.000000000000000,1149779,6637.000000000000000,107829.000000000000000,34565,2093092,35714,1257608,63642,3242784
114,4/6/2021 15:00:00,39835,2025098,30559.000000000000000,1180338,10477.000000000000000,118306.000000000000000,50312,2143404,41036,1298644,80871,3323655
115,4/7/2021 15:00:00,36131,2061229,34281.000000000000000,1214619,12951.000000000000000,131257.000000000000000,49082,2192486,47232,1345876,83363,3407018
116,4/8/2021 15:00:00,42363,2103592,36062.000000000000000,1250681,13852.000000000000000,145109.000000000000000,56215,2248701,49914,1395790,92277,3499295
117,4/9/2021 15:00:00,34092,2137684,36346.000000000000000,1287027,14506.000000000000000,159615.000000000000000,48598,2297299,50852,1446642,84944,3584239
118,4/10/2021 15:00:00,23934,2161618,23004.000000000000000,1310031,7615.000000000000000,167230.000000000000000,31549,2328848,30619,1477261,54553,3638792
119,4/11/2021 15:00:00,17535,2179153,13234.000000000000000,1323265,10623.000000000000000,177853.000000000000000,28158,2357006,23857,1501118,41392,3680184
120,4/12/2021 15:00:00,24621,2203774,33125.000000000000000,1356390,10915.000000000000000,188768.000000000000000,35536,2392542,44040,1545158,68661,3748845
121,4/13/2021 15:00:00,126870,2330644,90656.000000000000000,1447046,3292.000000000000000,192060.000000000000000,130162,2522704,93948,1639106,220818,3969663
122,4/14/2021 15:00:00,40772,2371416,37867.000000000000000,1484913,208.000000000000000,192268.000000000000000,40980,2563684,38075,1677181,78847,4048510
123,4/15/2021 15:00:00,41800,2413216,39265.000000000000000,1524178,170.000000000000000,192438.000000000000000,41970,2605654,39435,1716616,81235,4129745
124,4/16/2021 15:00:00,37324,2450540,38771.000000000000000,1562949,23.000000000000000,192461.000000000000000,37347,2643001,38794,1755410,76118,4205863
125,4/17/2021 15:00:00,32905,2483445,21919.000000000000000,1584868,12.000000000000000,192473.000000000000000,32917,2675918,21931,1777341,54836,4260699
126,4/18/2021 15:00:00,20046,2503491,16160.000000000000000,1601028,5.000000000000000,192478.000000000000000,20051,2695969,16165,1793506,36211,4296910
127,4/19/2021 15:00:00,29959,2533450,36535.000000000000000,1637563,61.000000000000000,192539.000000000000000,30020,2725989,36596,1830102,66555,4363465
128,4/20/2021 15:00:00,33132,2566582,44124.000000000000000,1681687,54.000000000000000,192593.000000000000000,33186,2759175,44178,1874280,77310,4440775
129,4/21/2021 15:00:00,39817,2606399,46877.000000000000000,1728564,21.000000000000000,192614.000000000000000,39838,2799013,46898,1921178,86715,4527490
130,4/22/2021 15:00:00,36417,2642816,41939.000000000000000,1770503,16.000000000000000,192630.000000000000000,36433,2835446,41955,1963133,78372,4605862
131,4/23/2021 15:00:00,33148,2675964,40009.000000000000000,1810512,12.000000000000000,192642.000000000000000,33160,2868606,40021,2003154,73169,4679031
132,4/24/2021 15:00:00,26369,2702333,28589.000000000000000,1839101,80.000000000000000,192722.000000000000000,26449,2895055,28669,2031823,55038,4734069
133,4/25/2021 15:00:00,20198,2722531,10899.000000000000000,1850000,30.000000000000000,192752.000000000000000,20228,2915283,10929,2042752,31127,4765196
134,4/26/2021 15:00:00,27411,2749942,32749.000000000000000,1882749,203.000000000000000,192955.000000000000000,27614,2942897,32952,2075704,60363,4825559
135,4/27/2021 15:00:00,26747,2776689,33050.000000000000000,1915799,1096.000000000000000,194051.000000000000000,27843,2970740,34146,2109850,60893,4886452
136,4/28/2021 15:00:00,28983,2805672,39483.000000000000000,1955282,1362.000000000000000,195413.000000000000000,30345,3001085,40845,2150695,69828,4956280
137,4/29/2021 15:00:00,27379,2833051,39449.000000000000000,1994731,1461.000000000000000,196874.000000000000000,28840,3029925,40910,2191605,68289,5024569
138,4/30/2021 15:00:00,28233,2861284,32137.000000000000000,2026868,1642.000000000000000,198516.000000000000000,29875,3059800,33779,2225384,62012,5086581
139,5/1/2021 15:00:00,20337,2881621,26746.000000000000000,2053614,1019.000000000000000,199535.000000000000000,21356,3081156,27765,2253149,48102,5134683
140,5/2/2021 15:00:00,10260,2891881,16985.000000000000000,2070599,818.000000000000000,200353.000000000000000,11078,3092234,17803,2270952,28063,5162746
141,5/3/2021 15:00:00,13091,2904972,29738.000000000000000,2100337,1915.000000000000000,202268.000000000000000,15006,3107240,31653,2302605,44744,5207490
142,5/4/2021 15:00:00,14218,2919190,39533.000000000000000,2139870,1733.000000000000000,204001.000000000000000,15951,3123191,41266,2343871,55484,5262974
143,5/5/2021 15:00:00,19325,2938515,37769.000000000000000,2177639,1919.000000000000000,205920.000000000000000,21244,3144435,39688,2383559,59013,5321987
144,5/6/2021 15:00:00,16978,2955493,40570.000000000000000,2218209,1712.000000000000000,207632.000000000000000,18690,3163125,42282,2425841,59260,5381247
145,5/7/2021 15:00:00,17402,2972895,36037.000000000000000,2254246,1958.000000000000000,209590.000000000000000,19360,3182485,37995,2463836,55397,5436644
146,5/8/2021 15:00:00,10778,2983673,31140.000000000000000,2285386,1292.000000000000000,210882.000000000000000,12070,3194555,32432,2496268,43210,5479854
147,5/9/2021 15:00:00,5046,2988719,11884.000000000000000,2297270,695.000000000000000,211577.000000000000000,5741,3200296,12579,2508847,17625,5497479
148,5/10/2021 15:00:00,8948,2997667,31107.000000000000000,2328377,1356.000000000000000,212933.000000000000000,10304,3210600,32463,2541310,41411,5538890
149,5/11/2021 15:00:00,12195,3009862,30281.000000000000000,2358658,1443.000000000000000,214376.000000000000000,13638,3224238,31724,2573034,43919,5582809
150,5/12/2021 15:00:00,13923,3023785,38556.000000000000000,2397214,1912.000000000000000,216288.000000000000000,15835,3240073,40468,2613502,54391,5637200
151,5/13/2021 15:00:00,21828,3045613,33389.000000000000000,2430603,1352.000000000000000,217640.000000000000000,23180,3263253,34741,2648243,56569,5693769
152,5/14/2021 15:00:00,24331,3069944,29975.000000000000000,2460578,1772.000000000000000,219412.000000000000000,26103,3289356,31747,2679990,56078,5749847
153,5/15/2021 15:00:00,21849,3091793,25012.000000000000000,2485590,1532.000000000000000,220944.000000000000000,23381,3312737,26544,2706534,48393,5798240
154,5/16/2021 15:00:00,9063,3100856,17510.000000000000000,2503100,1112.000000000000000,222056.000000000000000,10175,3322912,18622,2725156,27685,5825925
155,5/17/2021 15:00:00,16849,3117705,28368.000000000000000,2531468,1949.000000000000000,224005.000000000000000,18798,3341710,30317,2755473,47166,5873091
156,5/18/2021 15:00:00,21253,3138958,30688.000000000000000,2562156,1947.000000000000000,225952.000000000000000,23200,3364910,32635,2788108,53888,5926979
157,5/19/2021 15:00:00,27585,3166543,32369.000000000000000,2594525,1625.000000000000000,227577.000000000000000,29210,3394120,33994,2822102,61579,5988558
158,5/20/2021 15:00:00,20787,3187330,33255.000000000000000,2627780,1966.000000000000000,229543.000000000000000,22753,3416873,35221,2857323,56008,6044566
159,5/21/2021 15:00:00,19130,3206460,30230.000000000000000,2658010,1611.000000000000000,231154.000000000000000,20741,3437614,31841,2889164,50971,6095537
160,5/22/2021 15:00:00,16889,3223349,20600.000000000000000,2678610,1269.000000000000000,232423.000000000000000,18158,3455772,21869,2911033,38758,6134295
161,5/23/2021 15:00:00,8742,3232091,11412.000000000000000,2690022,962.000000000000000,233385.000000000000000,9704,3465476,12374,2923407,21116,6155411
162,5/24/2021 15:00:00,13462,3245553,17867.000000000000000,2707889,1481.000000000000000,234866.000000000000000,14943,3480419,19348,2942755,32810,6188221
163,5/25/2021 15:00:00,12871,3258424,18795.000000000000000,2726684,1329.000000000000000,236195.000000000000000,14200,3494619,20124,2962879,32995,6221216
164,5/26/2021 15:00:00,18266,3276690,19438.000000000000000,2746122,1508.000000000000000,237703.000000000000000,19774,3514393,20946,2983825,39212,6260428
165,5/27/2021 15:00:00,11687,3288377,18630.000000000000000,2764752,1134.000000000000000,238837.000000000000000,12821,3527214,19764,3003589,31451,6291879
166,5/28/2021 15:00:00,12466,3300843,19737.000000000000000,2784489,1402.000000000000000,240239.000000000000000,13868,3541082,21139,3024728,33605,6325484
167,5/29/2021 15:00:00,9530,3310373,11630.000000000000000,2796119,936.000000000000000,241175.000000000000000,10466,3551548,12566,3037294,22096,6347580
168,5/30/2021 15:00:00,4895,3315268,6473.000000000000000,2802592,596.000000000000000,241771.000000000000000,5491,3557039,7069,3044363,11964,6359544
169,5/31/2021 15:00:00,1770,3317038,3691.000000000000000,2806283,304.000000000000000,242075.000000000000000,2074,3559113,3995,3048358,5765,6365309
170,6/1/2021 15:00:00,9389,3326427,16602.000000000000000,2822885,1145.000000000000000,243220.000000000000000,10534,3569647,17747,3066105,27136,6392445
171,6/2/2021 15:00:00,10139,3336566,16816.000000000000000,2839701,958.000000000000000,244178.000000000000000,11097,3580744,17774,3083879,27913,6420358
172,6/3/2021 15:00:00,7884,3344450,21169.000000000000000,2860870,1083.000000000000000,245261.000000000000000,8967,3589711,22252,3106131,30136,6450494
173,6/4/2021 15:00:00,8209,3352659,22188.000000000000000,2883058,1123.000000000000000,246384.000000000000000,9332,3599043,23311,3129442,31520,6482014
174,6/5/2021 15:00:00,6983,3359642,19375.000000000000000,2902433,718.000000000000000,247102.000000000000000,7701,3606744,20093,3149535,27076,6509090
175,6/6/2021 15:00:00,3462,3363104,7188.000000000000000,2909621,421.000000000000000,247523.000000000000000,3883,3610627,7609,3157144,11071,6520161
176,6/7/2021 15:00:00,6827,3369931,15721.000000000000000,2925342,725.000000000000000,248248.000000000000000,7552,3618179,16446,3173590,23273,6543434
177,6/8/2021 15:00:00,6682,3376613,19692.000000000000000,2945034,816.000000000000000,249064.000000000000000,7498,3625677,20508,3194098,27190,6570624
178,6/9/2021 15:00:00,8196,3384809,23850.000000000000000,2968884,968.000000000000000,250032.000000000000000,9164,3634841,24818,3218916,33014,6603638
179,6/10/2021 15:00:00,7165,3391974,19087.000000000000000,2987971,897.000000000000000,250929.000000000000000,8062,3642903,19984,3238900,27149,6630787
180,6/11/2021 15:00:00,7437,3399411,17657.000000000000000,3005628,1125.000000000000000,252054.000000000000000,8562,3651465,18782,3257682,26219,6657006
181,6/12/2021 15:00:00,5235,3404646,14694.000000000000000,3020322,603.000000000000000,252657.000000000000000,5838,3657303,15297,3272979,20532,6677538
182,6/13/2021 15:00:00,1929,3406575,7554.000000000000000,3027876,426.000000000000000,253083.000000000000000,2355,3659658,7980,3280959,9909,6687447
183,6/14/2021 15:00:00,5652,3412227,11783.000000000000000,3039659,727.000000000000000,253810.000000000000000,6379,3666037,12510,3293469,18162,6705609
184,6/15/2021 15:00:00,5643,3417870,14312.000000000000000,3053971,861.000000000000000,254671.000000000000000,6504,3672541,15173,3308642,20816,6726425
185,6/16/2021 15:00:00,8718,3426588,21502.000000000000000,3075473,755.000000000000000,255426.000000000000000,9473,3682014,22257,3330899,30975,6757400
186,6/17/2021 15:00:00,6674,3433262,12367.000000000000000,3087840,720.000000000000000,256146.000000000000000,7394,3689408,13087,3343986,19761,6777161
187,6/18/2021 15:00:00,6851,3440113,12666.000000000000000,3100506,703.000000000000000,256849.000000000000000,7554,3696962,13369,3357355,20220,6797381
188,6/19/2021 15:00:00,4656,3444769,9344.000000000000000,3109850,613.000000000000000,257462.000000000000000,5269,3702231,9957,3367312,14613,6811994
189,6/20/2021 15:00:00,2499,3447268,5026.000000000000000,3114876,377.000000000000000,257839.000000000000000,2876,3705107,5403,3372715,7902,6819896
190,6/21/2021 15:00:00,5542,3452810,5312.000000000000000,3120188,636.000000000000000,258475.000000000000000,6178,3711285,5948,3378663,11490,6831386
191,6/22/2021 15:00:00,5203,3458013,8857.000000000000000,3129045,682.000000000000000,259157.000000000000000,5885,3717170,9539,3388202,14742,6846128
192,6/23/2021 15:00:00,6059,3464072,10275.000000000000000,3139320,641.000000000000000,259798.000000000000000,6700,3723870,10916,3399118,16975,6863103
193,6/24/2021 15:00:00,5921,3469993,8186.000000000000000,3147506,593.000000000000000,260391.000000000000000,6514,3730384,8779,3407897,14700,6877803
194,6/25/2021 15:00:00,5815,3475808,8602.000000000000000,3156108,620.000000000000000,261011.000000000000000,6435,3736819,9222,3417119,15037,6892840
195,6/26/2021 15:00:00,3699,3479507,6275.000000000000000,3162383,395.000000000000000,261406.000000000000000,4094,3740913,6670,3423789,10369,6903209
196,6/27/2021 15:00:00,2796,3482303,3530.000000000000000,3165913,182.000000000000000,261588.000000000000000,2978,3743891,3712,3427501,6508,6909717
197,6/28/2021 15:00:00,4726,3487029,6093.000000000000000,3172006,521.000000000000000,262109.000000000000000,5247,3749138,6614,3434115,11340,6921057
198,6/29/2021 15:00:00,5076,3492105,6491.000000000000000,3178497,517.000000000000000,262626.000000000000000,5593,3754731,7008,3441123,12084,6933141
199,6/30/2021 15:00:00,5592,3497697,7398.000000000000000,3185895,604.000000000000000,263230.000000000000000,6196,3760927,8002,3449125,13594,6946735
200,7/1/2021 15:00:00,5309,3503006,6930.000000000000000,3192825,489.000000000000000,263719.000000000000000,5798,3766725,7419,3456544,12728,6959463
201,7/2/2021 15:00:00,5272,3508278,6824.000000000000000,3199649,519.000000000000000,264238.000000000000000,5791,3772516,7343,3463887,12615,6972078
202,7/3/2021 15:00:00,3256,3511534,4063.000000000000000,3203712,260.000000000000000,264498.000000000000000,3516,3776032,4323,3468210,7579,6979657
203,7/4/2021 15:00:00,490,3512024,540.000000000000000,3204252,66.000000000000000,264564.000000000000000,556,3776588,606,3468816,1096,6980753
204,7/5/2021 15:00:00,3750,3515774,3958.000000000000000,3208210,282.000000000000000,264846.000000000000000,4032,3780620,4240,3473056,7990,6988743
205,7/6/2021 15:00:00,4456,3520230,6209.000000000000000,3214419,449.000000000000000,265295.000000000000000,4905,3785525,6658,3479714,11114,6999857
206,7/7/2021 15:00:00,4459,3524689,6362.000000000000000,3220781,481.000000000000000,265776.000000000000000,4940,3790465,6843,3486557,11302,7011159
207,7/8/2021 15:00:00,4818,3529507,6110.000000000000000,3226891,562.000000000000000,266338.000000000000000,5380,3795845,6672,3493229,11490,7022649
208,7/9/2021 15:00:00,5346,3534853,6601.000000000000000,3233492,572.000000000000000,266910.000000000000000,5918,3801763,7173,3500402,12519,7035168
209,7/10/2021 15:00:00,3509,3538362,4369.000000000000000,3237861,302.000000000000000,267212.000000000000000,3811,3805574,4671,3505073,8180,7043348
210,7/11/2021 15:00:00,2663,3541025,2549.000000000000000,3240410,223.000000000000000,267435.000000000000000,2886,3808460,2772,3507845,5435,7048783
211,7/12/2021 15:00:00,4405,3545430,5101.000000000000000,3245511,374.000000000000000,267809.000000000000000,4779,3813239,5475,3513320,9880,7058663
212,7/13/2021 15:00:00,4736,3550166,4582.000000000000000,3250093,364.000000000000000,268173.000000000000000,5100,3818339,4946,3518266,9682,7068345
213,7/14/2021 15:00:00,4593,3554759,5239.000000000000000,3255332,420.000000000000000,268593.000000000000000,5013,3823352,5659,3523925,10252,7078597
214,7/15/2021 15:00:00,4866,3559625,4969.000000000000000,3260301,356.000000000000000,268949.000000000000000,5222,3828574,5325,3529250,10191,7088788
215,7/16/2021 15:00:00,6268,3565893,5806.000000000000000,3266107,401.000000000000000,269350.000000000000000,6669,3835243,6207,3535457,12475,7101263
216,7/17/2021 15:00:00,3401,3569294,3548.000000000000000,3269655,299.000000000000000,269649.000000000000000,3700,3838943,3847,3539304,7248,7108511
217,7/18/2021 15:00:00,2297,3571591,2368.000000000000000,3272023,110.000000000000000,269759.000000000000000,2407,3841350,2478,3541782,4775,7113286
218,7/19/2021 15:00:00,5223,3576814,4459.000000000000000,3276482,375.000000000000000,270134.000000000000000,5598,3846948,4834,3546616,10057,7123343
219,7/20/2021 15:00:00,5322,3582136,4684.000000000000000,3281166,366.000000000000000,270500.000000000000000,5688,3852636,5050,3551666,10372,7133715
220,7/21/2021 15:00:00,5622,3587758,4930.000000000000000,3286096,415.000000000000000,270915.000000000000000,6037,3858673,5345,3557011,10967,7144682
221,7/22/2021 15:00:00,5990,3593748,4636.000000000000000,3290732,407.000000000000000,271322.000000000000000,6397,3865070,5043,3562054,11033,7155715
222,7/23/2021 15:00:00,6820,3600568,4861.000000000000000,3295593,490.000000000000000,271812.000000000000000,7310,3872380,5351,3567405,12171,7167886
223,7/24/2021 15:00:00,4273,3604841,3205.000000000000000,3298798,266.000000000000000,272078.000000000000000,4539,3876919,3471,3570876,7744,7175630
224,7/25/2021 15:00:00,3289,3608130,1120.000000000000000,3299918,138.000000000000000,272216.000000000000000,3427,3880346,1258,3572134,4547,7180177
225,7/26/2021 15:00:00,6191,3614321,3908.000000000000000,3303826,411.000000000000000,272627.000000000000000,6602,3886948,4319,3576453,10510,7190687
226,7/27/2021 15:00:00,6340,3620661,4067.000000000000000,3307893,450.000000000000000,273077.000000000000000,6790,3893738,4517,3580970,10857,7201544
227,7/28/2021 15:00:00,6790,3627451,4016.000000000000000,3311909,458.000000000000000,273535.000000000000000,7248,3900986,4474,3585444,11264,7212808
228,7/29/2021 15:00:00,6792,3634243,4155.000000000000000,3316064,410.000000000000000,273945.000000000000000,7202,3908188,4565,3590009,11357,7224165
229,7/30/2021 15:00:00,7509,3641752,4543.000000000000000,3320607,520.000000000000000,274465.000000000000000,8029,3916217,5063,3595072,12572,7236737
230,7/31/2021 15:00:00,4777,3646529,3047.000000000000000,3323654,272.000000000000000,274737.000000000000000,5049,3921266,3319,3598391,8096,7244833
231,8/1/2021 15:00:00,3764,3650293,2090.000000000000000,3325744,153.000000000000000,274890.000000000000000,3917,3925183,2243,3600634,6007,7250840
232,8/2/2021 15:00:00,7002,3657295,3660.000000000000000,3329404,334.000000000000000,275224.000000000000000,7336,3932519,3994,3604628,10996,7261836
233,8/3/2021 15:00:00,6976,3664271,3909.000000000000000,3333313,503.000000000000000,275727.000000000000000,7479,3939998,4412,3609040,11388,7273224
234,8/4/2021 15:00:00,7145,3671416,3901.000000000000000,3337214,527.000000000000000,276254.000000000000000,7672,3947670,4428,3613468,11573,7284797
235,8/5/2021 15:00:00,7636,3679052,4114.000000000000000,3341328,535.000000000000000,276789.000000000000000,8171,3955841,4649,3618117,12285,7297082
236,8/6/2021 15:00:00,8255,3687307,4713.000000000000000,3346041,449.000000000000000,277238.000000000000000,8704,3964545,5162,3623279,13417,7310499
237,8/7/2021 15:00:00,5240,3692547,2803.000000000000000,3348844,262.000000000000000,277500.000000000000000,5502,3970047,3065,3626344,8305,7318804
238,8/8/2021 15:00:00,3938,3696485,2048.000000000000000,3350892,140.000000000000000,277640.000000000000000,4078,3974125,2188,3628532,6126,7324930
239,8/9/2021 15:00:00,6898,3703383,4511.000000000000000,3355403,362.000000000000000,278002.000000000000000,7260,3981385,4873,3633405,11771,7336701
240,8/10/2021 15:00:00,7099,3710482,4448.000000000000000,3359851,335.000000000000000,278337.000000000000000,7434,3988819,4783,3638188,11882,7348583
241,8/11/2021 15:00:00,7018,3717500,4423.000000000000000,3364274,438.000000000000000,278775.000000000000000,7456,3996275,4861,3643049,11879,7360462
242,8/12/2021 15:00:00,8555,3726055,4697.000000000000000,3368971,438.000000000000000,279213.000000000000000,8993,4005268,5135,3648184,13690,7374152
243,8/13/2021 15:00:00,7098,3733153,5355.000000000000000,3374326,387.000000000000000,279600.000000000000000,7485,4012753,5742,3653926,12840,7386992
244,8/14/2021 15:00:00,4912,3738065,3341.000000000000000,3377667,284.000000000000000,279884.000000000000000,5196,4017949,3625,3657551,8537,7395529
245,8/15/2021 15:00:00,3315,3741380,2732.000000000000000,3380399,163.000000000000000,280047.000000000000000,3478,4021427,2895,3660446,6210,7401739
246,8/16/2021 15:00:00,5398,3746778,5065.000000000000000,3385464,348.000000000000000,280395.000000000000000,5746,4027173,5413,3665859,10811,7412550
247,8/17/2021 15:00:00,6931,3753709,5185.000000000000000,3390649,387.000000000000000,280782.000000000000000,7318,4034491,5572,3671431,12503,7425053
248,8/18/2021 15:00:00,6492,3760201,5285.000000000000000,3395934,465.000000000000000,281247.000000000000000,6957,4041448,5750,3677181,12242,7437295
249,8/19/2021 15:00:00,5965,3766166,5313.000000000000000,3401247,409.000000000000000,281656.000000000000000,6374,4047822,5722,3682903,11687,7448982
250,8/20/2021 15:00:00,7021,3773187,6306.000000000000000,3407553,401.000000000000000,282057.000000000000000,7422,4055244,6707,3689610,13728,7462710
251,8/21/2021 15:00:00,4305,3777492,3919.000000000000000,3411472,223.000000000000000,282280.000000000000000,4528,4059772,4142,3693752,8447,7471157
252,8/22/2021 15:00:00,3059,3780551,3156.000000000000000,3414628,109.000000000000000,282389.000000000000000,3168,4062940,3265,3697017,6324,7477481
253,8/23/2021 15:00:00,6146,3786697,5907.000000000000000,3420535,284.000000000000000,282673.000000000000000,6430,4069370,6191,3703208,12337,7489818
254,8/24/2021 15:00:00,6618,3793315,5857.000000000000000,3426392,424.000000000000000,283097.000000000000000,7042,4076412,6281,3709489,12899,7502717
255,8/25/2021 15:00:00,6874,3800189,5995.000000000000000,3432387,437.000000000000000,283534.000000000000000,7311,4083723,6432,3715921,13306,7516023
256,8/26/2021 15:00:00,7151,3807340,6390.000000000000000,3438777,427.000000000000000,283961.000000000000000,7578,4091301,6817,3722738,13968,7529991
257,8/27/2021 15:00:00,6828,3814168,6983.000000000000000,3445760,315.000000000000000,284276.000000000000000,7143,4098444,7298,3730036,14126,7544117
258,8/28/2021 15:00:00,6900,3821068,6469.000000000000000,3452229,324.000000000000000,284600.000000000000000,7224,4105668,6793,3736829,13693,7557810
259,8/29/2021 15:00:00,3742,3824810,3669.000000000000000,3455898,611.000000000000000,285211.000000000000000,4353,4110021,4280,3741109,8022,7565832
260,8/30/2021 15:00:00,5934,3830744,6076.000000000000000,3461974,947.000000000000000,286158.000000000000000,6881,4116902,7023,3748132,12957,7578789
261,8/31/2021 15:00:00,5669,3836413,5916.000000000000000,3467890,945.000000000000000,287103.000000000000000,6614,4123516,6861,3754993,12530,7591319
262,9/1/2021 15:00:00,5513,3841926,5561.000000000000000,3473451,904.000000000000000,288007.000000000000000,6417,4129933,6465,3761458,11978,7603297
263,9/2/2021 15:00:00,5524,3847450,5865.000000000000000,3479316,700.000000000000000,288707.000000000000000,6224,4136157,6565,3768023,12089,7615386
264,9/3/2021 15:00:00,5967,3853417,6848.000000000000000,3486164,969.000000000000000,289676.000000000000000,6936,4143093,7817,3775840,13784,7629170
265,9/4/2021 15:00:00,3712,3857129,4314.000000000000000,3490478,875.000000000000000,290551.000000000000000,4587,4147680,5189,3781029,8901,7638071
266,9/5/2021 15:00:00,2884,3860013,2794.000000000000000,3493272,104.000000000000000,290655.000000000000000,2988,4150668,2898,3783927,5782,7643853
267,9/6/2021 15:00:00,1046,3861059,1141.000000000000000,3494413,62.000000000000000,290717.000000000000000,1108,4151776,1203,3785130,2249,7646102
268,9/7/2021 15:00:00,5266,3866325,7230.000000000000000,3501643,2301.000000000000000,293018.000000000000000,7567,4159343,9531,3794661,14797,7660899
269,9/8/2021 15:00:00,4643,3870968,5431.000000000000000,3507074,366.000000000000000,293384.000000000000000,5009,4164352,5797,3800458,10440,7671339
270,9/9/2021 15:00:00,5054,3876022,5324.000000000000000,3512398,322.000000000000000,293706.000000000000000,5376,4169728,5646,3806104,10700,7682039
271,9/10/2021 15:00:00,6509,3882531,6572.000000000000000,3518970,1710.000000000000000,295416.000000000000000,8219,4177947,8282,3814386,14791,7696830
272,9/11/2021 15:00:00,4037,3886568,4323.000000000000000,3523293,663.000000000000000,296079.000000000000000,4700,4182647,4986,3819372,9023,7705853
273,9/12/2021 15:00:00,3060,3889628,3227.000000000000000,3526520,434.000000000000000,296513.000000000000000,3494,4186141,3661,3823033,6721,7712574
274,9/13/2021 15:00:00,4660,3894288,4828.000000000000000,3531348,345.000000000000000,296858.000000000000000,5005,4191146,5173,3828206,9833,7722407
275,9/14/2021 15:00:00,4562,3898850,5200.000000000000000,3536548,431.000000000000000,297289.000000000000000,4993,4196139,5631,3833837,10193,7732600
276,9/15/2021 15:00:00,4676,3903526,5577.000000000000000,3542125,385.000000000000000,297674.000000000000000,5061,4201200,5962,3839799,10638,7743238
277,9/16/2021 15:00:00,4570,3908096,5580.000000000000000,3547705,328.000000000000000,298002.000000000000000,4898,4206098,5908,3845707,10478,7753716
278,9/17/2021 15:00:00,5020,3913116,6312.000000000000000,3554017,340.000000000000000,298342.000000000000000,5360,4211458,6652,3852359,11672,7765388
279,9/18/2021 15:00:00,3764,3916880,4559.000000000000000,3558576,184.000000000000000,298526.000000000000000,3948,4215406,4743,3857102,8507,7773895
280,9/19/2021 15:00:00,2721,3919601,3163.000000000000000,3561739,75.000000000000000,298601.000000000000000,2796,4218202,3238,3860340,5959,7779854
281,9/20/2021 15:00:00,3529,3923130,4450.000000000000000,3566189,426.000000000000000,299027.000000000000000,3955,4222157,4876,3865216,8405,7788259
282,9/21/2021 15:00:00,3763,3926893,4795.000000000000000,3570984,324.000000000000000,299351.000000000000000,4087,4226244,5119,3870335,8882,7797141
283,9/22/2021 15:00:00,4159,3931052,4732.000000000000000,3575716,455.000000000000000,299806.000000000000000,4614,4230858,5187,3875522,9346,7806487
284,9/23/2021 15:00:00,4161,3935213,4676.000000000000000,3580392,488.000000000000000,300294.000000000000000,4649,4235507,5164,3880686,9325,7815812
285,9/24/2021 15:00:00,5058,3940271,5539.000000000000000,3585931,421.000000000000000,300715.000000000000000,5479,4240986,5960,3886646,11018,7826830
286,9/25/2021 15:00:00,3593,3943864,3630.000000000000000,3589561,384.000000000000000,301099.000000000000000,3977,4244963,4014,3890660,7607,7834437
287,9/26/2021 15:00:00,2348,3946212,2600.000000000000000,3592161,421.000000000000000,301520.000000000000000,2769,4247732,3021,3893681,5369,7839806
288,9/27/2021 15:00:00,4481,3950693,2692.000000000000000,3594853,507.000000000000000,302027.000000000000000,4988,4252720,3199,3896880,7680,7847486
289,9/28/2021 15:00:00,4392,3955085,4377.000000000000000,3599230,210.000000000000000,302237.000000000000000,4602,4257322,4587,3901467,8979,7856465
290,9/29/2021 15:00:00,4697,3959782,4476.000000000000000,3603706,917.000000000000000,303154.000000000000000,5614,4262936,5393,3906860,10090,7866555
291,9/30/2021 15:00:00,4856,3964638,4508.000000000000000,3608214,789.000000000000000,303943.000000000000000,5645,4268581,5297,3912157,10153,7876708
292,10/1/2021 15:00:00,5374,3970012,5256.000000000000000,3613470,772.000000000000000,304715.000000000000000,6146,4274727,6028,3918185,11402,7888110
293,10/2/2021 15:00:00,2904,3972916,2885.000000000000000,3616355,184.000000000000000,304899.000000000000000,3088,4277815,3069,3921254,5973,7894083
294,10/3/2021 15:00:00,2034,3974950,2167.000000000000000,3618522,71.000000000000000,304970.000000000000000,2105,4279920,2238,3923492,4272,7898355
295,10/4/2021 15:00:00,4134,3979084,3354.000000000000000,3621876,224.000000000000000,305194.000000000000000,4358,4284278,3578,3927070,7712,7906067
296,10/5/2021 15:00:00,4034,3983118,3559.000000000000000,3625435,201.000000000000000,305395.000000000000000,4235,4288513,3760,3930830,7794,7913861
297,10/6/2021 15:00:00,4107,3987225,3444.000000000000000,3628879,261.000000000000000,305656.000000000000000,4368,4292881,3705,3934535,7812,7921673
298,10/7/2021 15:00:00,4323,3991548,3473.000000000000000,3632352,313.000000000000000,305969.000000000000000,4636,4297517,3786,3938321,8109,7929782
299,10/8/2021 15:00:00,4880,3996428,4004.000000000000000,3636356,274.000000000000000,306243.000000000000000,5154,4302671,4278,3942599,9158,7938940
300,10/9/2021 15:00:00,2660,3999088,2660.000000000000000,3639016,266.000000000000000,306509.000000000000000,2926,4305597,2926,3945525,5586,7944526
301,10/10/2021 15:00:00,1831,4000919,1807.000000000000000,3640823,58.000000000000000,306567.000000000000000,1889,4307486,1865,3947390,3696,7948222
302,10/11/2021 15:00:00,4309,4005228,3130.000000000000000,3643953,236.000000000000000,306803.000000000000000,4545,4312031,3366,3950756,7675,7955897
303,10/12/2021 15:00:00,3656,4008884,3223.000000000000000,3647176,265.000000000000000,307068.000000000000000,3921,4315952,3488,3954244,7144,7963041
304,10/13/2021 15:00:00,3926,4012810,3388.000000000000000,3650564,337.000000000000000,307405.000000000000000,4263,4320215,3725,3957969,7651,7970692
305,10/14/2021 15:00:00,5076,4017886,5419.000000000000000,3655983,415.000000000000000,307820.000000000000000,5491,4325706,5834,3963803,10910,7981602
306,10/15/2021 15:00:00,4647,4022533,4485.000000000000000,3660468,338.000000000000000,308158.000000000000000,4985,4330691,4823,3968626,9470,7991072
307,10/16/2021 15:00:00,2454,4024987,2459.000000000000000,3662927,287.000000000000000,308445.000000000000000,2741,4333432,2746,3971372,5200,7996272
308,10/17/2021 15:00:00,1738,4026725,1741.000000000000000,3664668,48.000000000000000,308493.000000000000000,1786,4335218,1789,3973161,3527,7999799
309,10/18/2021 15:00:00,3949,4030674,3350.000000000000000,3668018,225.000000000000000,308718.000000000000000,4174,4339392,3575,3976736,7524,8007323
310,10/19/2021 15:00:00,4114,4034788,3852.000000000000000,3671870,195.000000000000000,308913.000000000000000,4309,4343701,4047,3980783,8161,8015484
311,10/20/2021 15:00:00,3257,4038045,3163.000000000000000,3675033,224.000000000000000,309137.000000000000000,3481,4347182,3387,3984170,6644,8022128
312,10/21/2021 15:00:00,2959,4041004,2966.000000000000000,3677999,228.000000000000000,309365.000000000000000,3187,4350369,3194,3987364,6153,8028281
313,10/22/2021 15:00:00,2961,4043965,3724.000000000000000,3681723,385.000000000000000,309750.000000000000000,3346,4353715,4109,3991473,7070,8035351
314,10/23/2021 15:00:00,2249,4046214,2723.000000000000000,3684446,254.000000000000000,310004.000000000000000,2503,4356218,2977,3994450,5226,8040577
315,10/24/2021 15:00:00,653,4046867,815.000000000000000,3685261,36.000000000000000,310040.000000000000000,689,4356907,851,3995301,1504,8042081