OBJECTID,VACCINATION_DATE,FirstDailyDose,FirstDoseCumulative,SecondDailyDose,SecondDoseCumulative,SingleDailyDose,SingleDoseCumulative,AtleastOneVaccine,AtleastOneVaccineCumulative,CompletedVax,CompletedVaxCumulative,FirstSecondSingleVaccination_12,FirstSecondSingleVaccination_13
1,12/14/2020 15:00:00,19,1321,,514,,,19,1321,0,514,19,1731
2,12/15/2020 15:00:00,59,1380,3.000000000000000,517,,,59,1380,3,517,62,1793
3,12/16/2020 15:00:00,587,1967,5.000000000000000,522,,,587,1967,5,522,592,2385
4,12/17/2020 15:00:00,1154,3121,5.000000000000000,527,,,1154,3121,5,527,1159,3544
5,12/18/2020 15:00:00,3010,6131,13.000000000000000,540,,,3010,6131,13,540,3023,6567
6,12/19/2020 15:00:00,928,7059,5.000000000000000,545,,,928,7059,5,545,933,7500
7,12/20/2020 15:00:00,358,7417,5.000000000000000,550,,,358,7417,5,550,363,7863
8,12/21/2020 15:00:00,3883,11300,26.000000000000000,576,,,3883,11300,26,576,3909,11772
9,12/22/2020 15:00:00,6318,17618,25.000000000000000,601,,,6318,17618,25,601,6343,18115
10,12/23/2020 15:00:00,5772,23390,35.000000000000000,636,,,5772,23390,35,636,5807,23922
11,12/24/2020 15:00:00,2722,26112,16.000000000000000,652,,,2722,26112,16,652,2738,26660
12,12/25/2020 15:00:00,1034,27146,4.000000000000000,656,,,1034,27146,4,656,1038,27698
13,12/26/2020 15:00:00,1881,29027,9.000000000000000,665,,,1881,29027,9,665,1890,29588
14,12/27/2020 15:00:00,1803,30830,10.000000000000000,675,,,1803,30830,10,675,1813,31401
15,12/28/2020 15:00:00,8979,39809,47.000000000000000,722,,,8979,39809,47,722,9026,40427
16,12/29/2020 15:00:00,10956,50765,50.000000000000000,772,,,10956,50765,50,772,11006,51433
17,12/30/2020 15:00:00,12484,63249,87.000000000000000,859,,,12484,63249,87,859,12571,64004
18,12/31/2020 15:00:00,7548,70797,45.000000000000000,904,,,7548,70797,45,904,7593,71597
19,1/1/2021 15:00:00,3173,73970,136.000000000000000,1040,,,3173,73970,136,1040,3309,74906
20,1/2/2021 15:00:00,3035,77005,34.000000000000000,1074,,,3035,77005,34,1074,3069,77975
21,1/3/2021 15:00:00,3402,80407,81.000000000000000,1155,,,3402,80407,81,1155,3483,81458
22,1/4/2021 15:00:00,13348,93755,331.000000000000000,1486,,,13348,93755,331,1486,13679,95137
23,1/5/2021 15:00:00,12462,106217,542.000000000000000,2028,,,12462,106217,542,2028,13004,108141
24,1/6/2021 15:00:00,15239,121456,858.000000000000000,2886,,,15239,121456,858,2886,16097,124238
25,1/7/2021 15:00:00,15011,136467,1761.000000000000000,4647,,,15011,136467,1761,4647,16772,141010
26,1/8/2021 15:00:00,24001,160468,2772.000000000000000,7419,,,24001,160468,2772,7419,26773,167783
27,1/9/2021 15:00:00,5160,165628,951.000000000000000,8370,,,5160,165628,951,8370,6111,173894
28,1/10/2021 15:00:00,2964,168592,380.000000000000000,8750,,,2964,168592,380,8750,3344,177238
29,1/11/2021 15:00:00,13710,182302,3465.000000000000000,12215,,,13710,182302,3465,12215,17175,194413
30,1/12/2021 15:00:00,17375,199677,5585.000000000000000,17800,,,17375,199677,5585,17800,22960,217373
31,1/13/2021 15:00:00,18599,218276,3909.000000000000000,21709,,,18599,218276,3909,21709,22508,239881
32,1/14/2021 15:00:00,17834,236110,1957.000000000000000,23666,,,17834,236110,1957,23666,19791,259672
33,1/15/2021 15:00:00,19453,255563,2023.000000000000000,25689,,,19453,255563,2023,25689,21476,281148
34,1/16/2021 15:00:00,5817,261380,1612.000000000000000,27301,,,5817,261380,1612,27301,7429,288577
35,1/17/2021 15:00:00,2117,263497,1478.000000000000000,28779,,,2117,263497,1478,28779,3595,292172
36,1/18/2021 15:00:00,7069,270566,3254.000000000000000,32033,,,7069,270566,3254,32033,10323,302495
37,1/19/2021 15:00:00,16933,287499,5398.000000000000000,37431,,,16933,287499,5398,37431,22331,324826
38,1/20/2021 15:00:00,20995,308494,5314.000000000000000,42745,,,20995,308494,5314,42745,26309,351135
39,1/21/2021 15:00:00,23783,332277,3829.000000000000000,46574,,,23783,332277,3829,46574,27612,378747
40,1/22/2021 15:00:00,28650,360927,3738.000000000000000,50312,,,28650,360927,3738,50312,32388,411135
41,1/23/2021 15:00:00,10111,371038,1934.000000000000000,52246,,,10111,371038,1934,52246,12045,423180
42,1/24/2021 15:00:00,3350,374388,1722.000000000000000,53968,,,3350,374388,1722,53968,5072,428252
43,1/25/2021 15:00:00,16297,390685,8591.000000000000000,62559,,,16297,390685,8591,62559,24888,453140
44,1/26/2021 15:00:00,17546,408231,8964.000000000000000,71523,,,17546,408231,8964,71523,26510,479650
45,1/27/2021 15:00:00,24432,432663,12539.000000000000000,84062,,,24432,432663,12539,84062,36971,516621
46,1/28/2021 15:00:00,22646,455309,9318.000000000000000,93380,,,22646,455309,9318,93380,31964,548585
47,1/29/2021 15:00:00,24765,480074,7916.000000000000000,101296,,,24765,480074,7916,101296,32681,581266
48,1/30/2021 15:00:00,17770,497844,2550.000000000000000,103846,,,17770,497844,2550,103846,20320,601586
49,1/31/2021 15:00:00,3758,501602,1360.000000000000000,105206,,,3758,501602,1360,105206,5118,606704
50,2/1/2021 15:00:00,8036,509638,5328.000000000000000,110534,,,8036,509638,5328,110534,13364,620068
51,2/2/2021 15:00:00,12479,522117,13817.000000000000000,124351,,,12479,522117,13817,124351,26296,646364
52,2/3/2021 15:00:00,18239,540356,18115.000000000000000,142466,,,18239,540356,18115,142466,36354,682718
53,2/4/2021 15:00:00,22106,562462,15763.000000000000000,158229,,,22106,562462,15763,158229,37869,720587
54,2/5/2021 15:00:00,20337,582799,17400.000000000000000,175629,,,20337,582799,17400,175629,37737,758324
55,2/6/2021 15:00:00,11316,594115,14462.000000000000000,190091,,,11316,594115,14462,190091,25778,784102
56,2/7/2021 15:00:00,5946,600061,1831.000000000000000,191922,,,5946,600061,1831,191922,7777,791879
57,2/8/2021 15:00:00,12966,613027,12911.000000000000000,204833,,,12966,613027,12911,204833,25877,817756
58,2/9/2021 15:00:00,16641,629668,13861.000000000000000,218694,,,16641,629668,13861,218694,30502,848258
59,2/10/2021 15:00:00,19274,648942,21225.000000000000000,239919,,,19274,648942,21225,239919,40499,888757
60,2/11/2021 15:00:00,22840,671782,17327.000000000000000,257246,,,22840,671782,17327,257246,40167,928924
61,2/12/2021 15:00:00,20383,692165,19605.000000000000000,276851,,,20383,692165,19605,276851,39988,968912
62,2/13/2021 15:00:00,11436,703601,6409.000000000000000,283260,,,11436,703601,6409,283260,17845,986757
63,2/14/2021 15:00:00,7106,710707,2118.000000000000000,285378,,,7106,710707,2118,285378,9224,995981
64,2/15/2021 15:00:00,11756,722463,13318.000000000000000,298696,,,11756,722463,13318,298696,25074,1021055
65,2/16/2021 15:00:00,16597,739060,21002.000000000000000,319698,,,16597,739060,21002,319698,37599,1058654
66,2/17/2021 15:00:00,20647,759707,26363.000000000000000,346061,,,20647,759707,26363,346061,47010,1105664
67,2/18/2021 15:00:00,3194,762901,4615.000000000000000,350676,,,3194,762901,4615,350676,7809,1113473
68,2/19/2021 15:00:00,10254,773155,19919.000000000000000,370595,,,10254,773155,19919,370595,30173,1143646
69,2/20/2021 15:00:00,10304,783459,20277.000000000000000,390872,,,10304,783459,20277,390872,30581,1174227
70,2/21/2021 15:00:00,6169,789628,7637.000000000000000,398509,,,6169,789628,7637,398509,13806,1188033
71,2/22/2021 15:00:00,8030,797658,15463.000000000000000,413972,,,8030,797658,15463,413972,23493,1211526
72,2/23/2021 15:00:00,15517,813175,15970.000000000000000,429942,,,15517,813175,15970,429942,31487,1243013
73,2/24/2021 15:00:00,17939,831114,24738.000000000000000,454680,,,17939,831114,24738,454680,42677,1285690
74,2/25/2021 15:00:00,20388,851502,26542.000000000000000,481222,,,20388,851502,26542,481222,46930,1332620
75,2/26/2021 15:00:00,26715,878217,26194.000000000000000,507416,,,26715,878217,26194,507416,52909,1385529
76,2/27/2021 15:00:00,15995,894212,11150.000000000000000,518566,,,15995,894212,11150,518566,27145,1412674
77,2/28/2021 15:00:00,15496,909708,4871.000000000000000,523437,,,15496,909708,4871,523437,20367,1433041
78,3/1/2021 15:00:00,26852,936560,12568.000000000000000,536005,,,26852,936560,12568,536005,39420,1472461
79,3/2/2021 15:00:00,23905,960465,13259.000000000000000,549264,33.000000000000000,33.000000000000000,23938,960498,13292,549297,37197,1509658
80,3/3/2021 15:00:00,30177,990642,18382.000000000000000,567646,186.000000000000000,219.000000000000000,30363,990861,18568,567865,48745,1558403
81,3/4/2021 15:00:00,30950,1021592,18178.000000000000000,585824,4067.000000000000000,4286.000000000000000,35017,1025878,22245,590110,53195,1611598
82,3/5/2021 15:00:00,30005,1051597,19705.000000000000000,605529,4910.000000000000000,9196.000000000000000,34915,1060793,24615,614725,54620,1666218
83,3/6/2021 15:00:00,18905,1070502,9501.000000000000000,615030,6006.000000000000000,15202.000000000000000,24911,1085704,15507,630232,34412,1700630
84,3/7/2021 15:00:00,12116,1082618,4848.000000000000000,619878,6612.000000000000000,21814.000000000000000,18728,1104432,11460,641692,23576,1724206
85,3/8/2021 15:00:00,25862,1108480,8832.000000000000000,628710,8277.000000000000000,30091.000000000000000,34139,1138571,17109,658801,42971,1767177
86,3/9/2021 15:00:00,26111,1134591,15456.000000000000000,644166,8346.000000000000000,38437.000000000000000,34457,1173028,23802,682603,49913,1817090
87,3/10/2021 15:00:00,29842,1164433,15982.000000000000000,660148,7940.000000000000000,46377.000000000000000,37782,1210810,23922,706525,53764,1870854
88,3/11/2021 15:00:00,35974,1200407,16396.000000000000000,676544,3980.000000000000000,50357.000000000000000,39954,1250764,20376,726901,56350,1927204
89,3/12/2021 15:00:00,36902,1237309,18083.000000000000000,694627,2923.000000000000000,53280.000000000000000,39825,1290589,21006,747907,57908,1985112
90,3/13/2021 15:00:00,22656,1259965,10274.000000000000000,704901,1626.000000000000000,54906.000000000000000,24282,1314871,11900,759807,34556,2019668
91,3/14/2021 15:00:00,17835,1277800,6712.000000000000000,711613,1004.000000000000000,55910.000000000000000,18839,1333710,7716,767523,25551,2045219
92,3/15/2021 15:00:00,29807,1307607,11287.000000000000000,722900,596.000000000000000,56506.000000000000000,30403,1364113,11883,779406,41690,2086909
93,3/16/2021 15:00:00,33410,1341017,13563.000000000000000,736463,769.000000000000000,57275.000000000000000,34179,1398292,14332,793738,47742,2134651
94,3/17/2021 15:00:00,37555,1378572,17034.000000000000000,753497,1180.000000000000000,58455.000000000000000,38735,1437027,18214,811952,55769,2190420
95,3/18/2021 15:00:00,41430,1420002,12625.000000000000000,766122,1348.000000000000000,59803.000000000000000,42778,1479805,13973,825925,55403,2245823
96,3/19/2021 15:00:00,38319,1458321,15413.000000000000000,781535,1036.000000000000000,60839.000000000000000,39355,1519160,16449,842374,54768,2300591
97,3/20/2021 15:00:00,24687,1483008,10144.000000000000000,791679,702.000000000000000,61541.000000000000000,25389,1544549,10846,853220,35533,2336124
98,3/21/2021 15:00:00,19167,1502175,7866.000000000000000,799545,336.000000000000000,61877.000000000000000,19503,1564052,8202,861422,27369,2363493
99,3/22/2021 15:00:00,32580,1534755,11463.000000000000000,811008,835.000000000000000,62712.000000000000000,33415,1597467,12298,873720,44878,2408371
100,3/23/2021 15:00:00,38413,1573168,17786.000000000000000,828794,1553.000000000000000,64265.000000000000000,39966,1637433,19339,893059,57752,2466123
101,3/24/2021 15:00:00,41069,1614237,21189.000000000000000,849983,1385.000000000000000,65650.000000000000000,42454,1679887,22574,915633,63643,2529766
102,3/25/2021 15:00:00,42864,1657101,21674.000000000000000,871657,2458.000000000000000,68108.000000000000000,45322,1725209,24132,939765,66996,2596762
103,3/26/2021 15:00:00,36331,1693432,26660.000000000000000,898317,2496.000000000000000,70604.000000000000000,38827,1764036,29156,968921,65487,2662249
104,3/27/2021 15:00:00,26460,1719892,17273.000000000000000,915590,2491.000000000000000,73095.000000000000000,28951,1792987,19764,988685,46224,2708473
105,3/28/2021 15:00:00,17005,1736897,12632.000000000000000,928222,1616.000000000000000,74711.000000000000000,18621,1811608,14248,1002933,31253,2739726
106,3/29/2021 15:00:00,29711,1766608,26267.000000000000000,954489,1140.000000000000000,75851.000000000000000,30851,1842459,27407,1030340,57118,2796844
107,3/30/2021 15:00:00,40041,1806649,28973.000000000000000,983462,1860.000000000000000,77711.000000000000000,41901,1884360,30833,1061173,70874,2867718
108,3/31/2021 15:00:00,41028,1847677,34668.000000000000000,1018130,5747.000000000000000,83458.000000000000000,46775,1931135,40415,1101588,81443,2949161
109,4/1/2021 15:00:00,42244,1889921,40941.000000000000000,1059071,5722.000000000000000,89180.000000000000000,47966,1979101,46663,1148251,88907,3038068
110,4/2/2021 15:00:00,34901,1924822,32649.000000000000000,1091720,6121.000000000000000,95301.000000000000000,41022,2020123,38770,1187021,73671,3111739
111,4/3/2021 15:00:00,21126,1945948,19177.000000000000000,1110897,4367.000000000000000,99668.000000000000000,25493,2045616,23544,1210565,44670,3156409
112,4/4/2021 15:00:00,8264,1954212,10183.000000000000000,1121080,966.000000000000000,100634.000000000000000,9230,2054846,11149,1221714,19413,3175822
113,4/5/2021 15:00:00,27930,1982142,28888.000000000000000,1149968,6653.000000000000000,107287.000000000000000,34583,2089429,35541,1257255,63471,3239293
114,4/6/2021 15:00:00,39754,2021896,30424.000000000000000,1180392,10488.000000000000000,117775.000000000000000,50242,2139671,40912,1298167,80666,3319959
115,4/7/2021 15:00:00,36057,2057953,34248.000000000000000,1214640,12980.000000000000000,130755.000000000000000,49037,2188708,47228,1345395,83285,3403244
116,4/8/2021 15:00:00,42275,2100228,36072.000000000000000,1250712,13861.000000000000000,144616.000000000000000,56136,2244844,49933,1395328,92208,3495452
117,4/9/2021 15:00:00,34040,2134268,36304.000000000000000,1287016,14520.000000000000000,159136.000000000000000,48560,2293404,50824,1446152,84864,3580316
118,4/10/2021 15:00:00,23453,2157721,23117.000000000000000,1310133,7633.000000000000000,166769.000000000000000,31086,2324490,30750,1476902,54203,3634519
119,4/11/2021 15:00:00,17559,2175280,13272.000000000000000,1323405,10122.000000000000000,176891.000000000000000,27681,2352171,23394,1500296,40953,3675472
120,4/12/2021 15:00:00,24593,2199873,33142.000000000000000,1356547,10897.000000000000000,187788.000000000000000,35490,2387661,44039,1544335,68632,3744104
121,4/13/2021 15:00:00,126173,2326046,91214.000000000000000,1447761,3292.000000000000000,191080.000000000000000,129465,2517126,94506,1638841,220679,3964783
122,4/14/2021 15:00:00,40700,2366746,37782.000000000000000,1485543,211.000000000000000,191291.000000000000000,40911,2558037,37993,1676834,78693,4043476
123,4/15/2021 15:00:00,41407,2408153,39503.000000000000000,1525046,173.000000000000000,191464.000000000000000,41580,2599617,39676,1716510,81083,4124559
124,4/16/2021 15:00:00,37147,2445300,38816.000000000000000,1563862,23.000000000000000,191487.000000000000000,37170,2636787,38839,1755349,75986,4200545
125,4/17/2021 15:00:00,32791,2478091,22016.000000000000000,1585878,12.000000000000000,191499.000000000000000,32803,2669590,22028,1777377,54819,4255364
126,4/18/2021 15:00:00,20065,2498156,16185.000000000000000,1602063,5.000000000000000,191504.000000000000000,20070,2689660,16190,1793567,36255,4291619
127,4/19/2021 15:00:00,29866,2528022,36532.000000000000000,1638595,61.000000000000000,191565.000000000000000,29927,2719587,36593,1830160,66459,4358078
128,4/20/2021 15:00:00,32915,2560937,44415.000000000000000,1683010,57.000000000000000,191622.000000000000000,32972,2752559,44472,1874632,77387,4435465
129,4/21/2021 15:00:00,39800,2600737,47021.000000000000000,1730031,25.000000000000000,191647.000000000000000,39825,2792384,47046,1921678,86846,4522311
130,4/22/2021 15:00:00,35809,2636546,42632.000000000000000,1772663,16.000000000000000,191663.000000000000000,35825,2828209,42648,1964326,78457,4600768
131,4/23/2021 15:00:00,33122,2669668,40112.000000000000000,1812775,14.000000000000000,191677.000000000000000,33136,2861345,40126,2004452,73248,4674016
132,4/24/2021 15:00:00,26393,2696061,27868.000000000000000,1840643,81.000000000000000,191758.000000000000000,26474,2887819,27949,2032401,54342,4728358
133,4/25/2021 15:00:00,20224,2716285,10957.000000000000000,1851600,31.000000000000000,191789.000000000000000,20255,2908074,10988,2043389,31212,4759570
134,4/26/2021 15:00:00,27397,2743682,32688.000000000000000,1884288,202.000000000000000,191991.000000000000000,27599,2935673,32890,2076279,60287,4819857
135,4/27/2021 15:00:00,26693,2770375,33042.000000000000000,1917330,1098.000000000000000,193089.000000000000000,27791,2963464,34140,2110419,60833,4880690
136,4/28/2021 15:00:00,28925,2799300,39496.000000000000000,1956826,1362.000000000000000,194451.000000000000000,30287,2993751,40858,2151277,69783,4950473
137,4/29/2021 15:00:00,27077,2826377,39684.000000000000000,1996510,1463.000000000000000,195914.000000000000000,28540,3022291,41147,2192424,68224,5018697
138,4/30/2021 15:00:00,28198,2854575,32243.000000000000000,2028753,1646.000000000000000,197560.000000000000000,29844,3052135,33889,2226313,62087,5080784
139,5/1/2021 15:00:00,20606,2875181,26617.000000000000000,2055370,1045.000000000000000,198605.000000000000000,21651,3073786,27662,2253975,48268,5129052
140,5/2/2021 15:00:00,10281,2885462,17032.000000000000000,2072402,822.000000000000000,199427.000000000000000,11103,3084889,17854,2271829,28135,5157187
141,5/3/2021 15:00:00,12748,2898210,28561.000000000000000,2100963,1915.000000000000000,201342.000000000000000,14663,3099552,30476,2302305,43224,5200411
142,5/4/2021 15:00:00,13569,2911779,38571.000000000000000,2139534,1737.000000000000000,203079.000000000000000,15306,3114858,40308,2342613,53877,5254288
143,5/5/2021 15:00:00,19320,2931099,37722.000000000000000,2177256,1921.000000000000000,205000.000000000000000,21241,3136099,39643,2382256,58963,5313251
144,5/6/2021 15:00:00,16918,2948017,40569.000000000000000,2217825,1720.000000000000000,206720.000000000000000,18638,3154737,42289,2424545,59207,5372458
145,5/7/2021 15:00:00,17581,2965598,36985.000000000000000,2254810,1958.000000000000000,208678.000000000000000,19539,3174276,38943,2463488,56524,5428982
146,5/8/2021 15:00:00,10783,2976381,31214.000000000000000,2286024,1291.000000000000000,209969.000000000000000,12074,3186350,32505,2495993,43288,5472270
147,5/9/2021 15:00:00,5077,2981458,12234.000000000000000,2298258,695.000000000000000,210664.000000000000000,5772,3192122,12929,2508922,18006,5490276
148,5/10/2021 15:00:00,8955,2990413,31035.000000000000000,2329293,1362.000000000000000,212026.000000000000000,10317,3202439,32397,2541319,41352,5531628
149,5/11/2021 15:00:00,12183,3002596,30260.000000000000000,2359553,1440.000000000000000,213466.000000000000000,13623,3216062,31700,2573019,43883,5575511
150,5/12/2021 15:00:00,13945,3016541,38562.000000000000000,2398115,1919.000000000000000,215385.000000000000000,15864,3231926,40481,2613500,54426,5629937
151,5/13/2021 15:00:00,21855,3038396,33436.000000000000000,2431551,1345.000000000000000,216730.000000000000000,23200,3255126,34781,2648281,56636,5686573
152,5/14/2021 15:00:00,24368,3062764,30015.000000000000000,2461566,1775.000000000000000,218505.000000000000000,26143,3281269,31790,2680071,56158,5742731
153,5/15/2021 15:00:00,21916,3084680,25090.000000000000000,2486656,1490.000000000000000,219995.000000000000000,23406,3304675,26580,2706651,48496,5791227
154,5/16/2021 15:00:00,9081,3093761,17573.000000000000000,2504229,1113.000000000000000,221108.000000000000000,10194,3314869,18686,2725337,27767,5818994
155,5/17/2021 15:00:00,16842,3110603,28366.000000000000000,2532595,1949.000000000000000,223057.000000000000000,18791,3333660,30315,2755652,47157,5866151
156,5/18/2021 15:00:00,21243,3131846,30664.000000000000000,2563259,1942.000000000000000,224999.000000000000000,23185,3356845,32606,2788258,53849,5920000
157,5/19/2021 15:00:00,27631,3159477,32398.000000000000000,2595657,1628.000000000000000,226627.000000000000000,29259,3386104,34026,2822284,61657,5981657
158,5/20/2021 15:00:00,20802,3180279,33231.000000000000000,2628888,1966.000000000000000,228593.000000000000000,22768,3408872,35197,2857481,55999,6037656
159,5/21/2021 15:00:00,19159,3199438,30313.000000000000000,2659201,1607.000000000000000,230200.000000000000000,20766,3429638,31920,2889401,51079,6088735
160,5/22/2021 15:00:00,16923,3216361,20660.000000000000000,2679861,1270.000000000000000,231470.000000000000000,18193,3447831,21930,2911331,38853,6127588
161,5/23/2021 15:00:00,8758,3225119,11433.000000000000000,2691294,964.000000000000000,232434.000000000000000,9722,3457553,12397,2923728,21155,6148743
162,5/24/2021 15:00:00,13560,3238679,17751.000000000000000,2709045,1473.000000000000000,233907.000000000000000,15033,3472586,19224,2942952,32784,6181527
163,5/25/2021 15:00:00,13059,3251738,18705.000000000000000,2727750,1329.000000000000000,235236.000000000000000,14388,3486974,20034,2962986,33093,6214620
164,5/26/2021 15:00:00,18298,3270036,19482.000000000000000,2747232,1511.000000000000000,236747.000000000000000,19809,3506783,20993,2983979,39291,6253911
165,5/27/2021 15:00:00,11683,3281719,18639.000000000000000,2765871,1116.000000000000000,237863.000000000000000,12799,3519582,19755,3003734,31438,6285349
166,5/28/2021 15:00:00,12406,3294125,19828.000000000000000,2785699,1399.000000000000000,239262.000000000000000,13805,3533387,21227,3024961,33633,6318982
167,5/29/2021 15:00:00,9549,3303674,11661.000000000000000,2797360,935.000000000000000,240197.000000000000000,10484,3543871,12596,3037557,22145,6341127
168,5/30/2021 15:00:00,4965,3308639,6421.000000000000000,2803781,595.000000000000000,240792.000000000000000,5560,3549431,7016,3044573,11981,6353108
169,5/31/2021 15:00:00,1777,3310416,3711.000000000000000,2807492,305.000000000000000,241097.000000000000000,2082,3551513,4016,3048589,5793,6358901
170,6/1/2021 15:00:00,9825,3320241,16406.000000000000000,2823898,1157.000000000000000,242254.000000000000000,10982,3562495,17563,3066152,27388,6386289
171,6/2/2021 15:00:00,10229,3330470,16794.000000000000000,2840692,959.000000000000000,243213.000000000000000,11188,3573683,17753,3083905,27982,6414271
172,6/3/2021 15:00:00,7894,3338364,21164.000000000000000,2861856,1086.000000000000000,244299.000000000000000,8980,3582663,22250,3106155,30144,6444415
173,6/4/2021 15:00:00,8166,3346530,22323.000000000000000,2884179,1120.000000000000000,245419.000000000000000,9286,3591949,23443,3129598,31609,6476024
174,6/5/2021 15:00:00,6999,3353529,19432.000000000000000,2903611,720.000000000000000,246139.000000000000000,7719,3599668,20152,3149750,27151,6503175
175,6/6/2021 15:00:00,3458,3356987,7232.000000000000000,2910843,423.000000000000000,246562.000000000000000,3881,3603549,7655,3157405,11113,6514288
176,6/7/2021 15:00:00,6849,3363836,15748.000000000000000,2926591,726.000000000000000,247288.000000000000000,7575,3611124,16474,3173879,23323,6537611
177,6/8/2021 15:00:00,6668,3370504,19684.000000000000000,2946275,830.000000000000000,248118.000000000000000,7498,3618622,20514,3194393,27182,6564793
178,6/9/2021 15:00:00,8193,3378697,23923.000000000000000,2970198,970.000000000000000,249088.000000000000000,9163,3627785,24893,3219286,33086,6597879
179,6/10/2021 15:00:00,7144,3385841,19103.000000000000000,2989301,894.000000000000000,249982.000000000000000,8038,3635823,19997,3239283,27141,6625020
180,6/11/2021 15:00:00,7474,3393315,17701.000000000000000,3007002,1125.000000000000000,251107.000000000000000,8599,3644422,18826,3258109,26300,6651320
181,6/12/2021 15:00:00,5230,3398545,14743.000000000000000,3021745,605.000000000000000,251712.000000000000000,5835,3650257,15348,3273457,20578,6671898
182,6/13/2021 15:00:00,1930,3400475,7565.000000000000000,3029310,427.000000000000000,252139.000000000000000,2357,3652614,7992,3281449,9922,6681820
183,6/14/2021 15:00:00,5657,3406132,11801.000000000000000,3041111,734.000000000000000,252873.000000000000000,6391,3659005,12535,3293984,18192,6700012
184,6/15/2021 15:00:00,5630,3411762,14322.000000000000000,3055433,873.000000000000000,253746.000000000000000,6503,3665508,15195,3309179,20825,6720837
185,6/16/2021 15:00:00,8749,3420511,21566.000000000000000,3076999,757.000000000000000,254503.000000000000000,9506,3675014,22323,3331502,31072,6751909
186,6/17/2021 15:00:00,6683,3427194,12351.000000000000000,3089350,720.000000000000000,255223.000000000000000,7403,3682417,13071,3344573,19754,6771663
187,6/18/2021 15:00:00,6835,3434029,12722.000000000000000,3102072,703.000000000000000,255926.000000000000000,7538,3689955,13425,3357998,20260,6791923
188,6/19/2021 15:00:00,4658,3438687,9360.000000000000000,3111432,614.000000000000000,256540.000000000000000,5272,3695227,9974,3367972,14632,6806555
189,6/20/2021 15:00:00,2505,3441192,5048.000000000000000,3116480,377.000000000000000,256917.000000000000000,2882,3698109,5425,3373397,7930,6814485
190,6/21/2021 15:00:00,5557,3446749,5332.000000000000000,3121812,635.000000000000000,257552.000000000000000,6192,3704301,5967,3379364,11524,6826009
191,6/22/2021 15:00:00,5344,3452093,9039.000000000000000,3130851,692.000000000000000,258244.000000000000000,6036,3710337,9731,3389095,15075,6841084
192,6/23/2021 15:00:00,6061,3458154,10313.000000000000000,3141164,646.000000000000000,258890.000000000000000,6707,3717044,10959,3400054,17020,6858104
193,6/24/2021 15:00:00,5930,3464084,8188.000000000000000,3149352,594.000000000000000,259484.000000000000000,6524,3723568,8782,3408836,14712,6872816
194,6/25/2021 15:00:00,5803,3469887,8645.000000000000000,3157997,620.000000000000000,260104.000000000000000,6423,3729991,9265,3418101,15068,6887884
195,6/26/2021 15:00:00,3700,3473587,6295.000000000000000,3164292,396.000000000000000,260500.000000000000000,4096,3734087,6691,3424792,10391,6898275
196,6/27/2021 15:00:00,2809,3476396,3516.000000000000000,3167808,185.000000000000000,260685.000000000000000,2994,3737081,3701,3428493,6510,6904785
197,6/28/2021 15:00:00,4915,3481311,6372.000000000000000,3174180,539.000000000000000,261224.000000000000000,5454,3742535,6911,3435404,11826,6916611
198,6/29/2021 15:00:00,5059,3486370,6462.000000000000000,3180642,520.000000000000000,261744.000000000000000,5579,3748114,6982,3442386,12041,6928652
199,6/30/2021 15:00:00,5616,3491986,7376.000000000000000,3188018,605.000000000000000,262349.000000000000000,6221,3754335,7981,3450367,13597,6942249
200,7/1/2021 15:00:00,5396,3497382,6960.000000000000000,3194978,498.000000000000000,262847.000000000000000,5894,3760229,7458,3457825,12854,6955103
201,7/2/2021 15:00:00,5285,3502667,6824.000000000000000,3201802,523.000000000000000,263370.000000000000000,5808,3766037,7347,3465172,12632,6967735
202,7/3/2021 15:00:00,3265,3505932,4059.000000000000000,3205861,264.000000000000000,263634.000000000000000,3529,3769566,4323,3469495,7588,6975323
203,7/4/2021 15:00:00,492,3506424,544.000000000000000,3206405,67.000000000000000,263701.000000000000000,559,3770125,611,3470106,1103,6976426
204,7/5/2021 15:00:00,3760,3510184,3949.000000000000000,3210354,287.000000000000000,263988.000000000000000,4047,3774172,4236,3474342,7996,6984422
205,7/6/2021 15:00:00,4488,3514672,6254.000000000000000,3216608,452.000000000000000,264440.000000000000000,4940,3779112,6706,3481048,11194,6995616
206,7/7/2021 15:00:00,4465,3519137,6397.000000000000000,3223005,482.000000000000000,264922.000000000000000,4947,3784059,6879,3487927,11344,7006960
207,7/8/2021 15:00:00,4830,3523967,6153.000000000000000,3229158,563.000000000000000,265485.000000000000000,5393,3789452,6716,3494643,11546,7018506
208,7/9/2021 15:00:00,5356,3529323,6648.000000000000000,3235806,571.000000000000000,266056.000000000000000,5927,3795379,7219,3501862,12575,7031081
209,7/10/2021 15:00:00,3526,3532849,4383.000000000000000,3240189,302.000000000000000,266358.000000000000000,3828,3799207,4685,3506547,8211,7039292
210,7/11/2021 15:00:00,2674,3535523,2564.000000000000000,3242753,225.000000000000000,266583.000000000000000,2899,3802106,2789,3509336,5463,7044755
211,7/12/2021 15:00:00,4408,3539931,5108.000000000000000,3247861,378.000000000000000,266961.000000000000000,4786,3806892,5486,3514822,9894,7054649
212,7/13/2021 15:00:00,4658,3544589,4709.000000000000000,3252570,366.000000000000000,267327.000000000000000,5024,3811916,5075,3519897,9733,7064382
213,7/14/2021 15:00:00,4610,3549199,5263.000000000000000,3257833,421.000000000000000,267748.000000000000000,5031,3816947,5684,3525581,10294,7074676
214,7/15/2021 15:00:00,4887,3554086,5000.000000000000000,3262833,358.000000000000000,268106.000000000000000,5245,3822192,5358,3530939,10245,7084921
215,7/16/2021 15:00:00,6271,3560357,5824.000000000000000,3268657,401.000000000000000,268507.000000000000000,6672,3828864,6225,3537164,12496,7097417
216,7/17/2021 15:00:00,3413,3563770,3544.000000000000000,3272201,299.000000000000000,268806.000000000000000,3712,3832576,3843,3541007,7256,7104673
217,7/18/2021 15:00:00,2304,3566074,2371.000000000000000,3274572,110.000000000000000,268916.000000000000000,2414,3834990,2481,3543488,4785,7109458
218,7/19/2021 15:00:00,5130,3571204,4603.000000000000000,3279175,379.000000000000000,269295.000000000000000,5509,3840499,4982,3548470,10112,7119570
219,7/20/2021 15:00:00,5314,3576518,4703.000000000000000,3283878,366.000000000000000,269661.000000000000000,5680,3846179,5069,3553539,10383,7129953
220,7/21/2021 15:00:00,5633,3582151,4922.000000000000000,3288800,416.000000000000000,270077.000000000000000,6049,3852228,5338,3558877,10971,7140924
221,7/22/2021 15:00:00,6010,3588161,4616.000000000000000,3293416,469.000000000000000,270546.000000000000000,6479,3858707,5085,3563962,11095,7152019
222,7/23/2021 15:00:00,6828,3594989,4826.000000000000000,3298242,493.000000000000000,271039.000000000000000,7321,3866028,5319,3569281,12147,7164166
223,7/24/2021 15:00:00,4278,3599267,3195.000000000000000,3301437,267.000000000000000,271306.000000000000000,4545,3870573,3462,3572743,7740,7171906
224,7/25/2021 15:00:00,3290,3602557,1111.000000000000000,3302548,138.000000000000000,271444.000000000000000,3428,3874001,1249,3573992,4539,7176445
225,7/26/2021 15:00:00,6197,3608754,3890.000000000000000,3306438,418.000000000000000,271862.000000000000000,6615,3880616,4308,3578300,10505,7186950
226,7/27/2021 15:00:00,6585,3615339,4264.000000000000000,3310702,457.000000000000000,272319.000000000000000,7042,3887658,4721,3583021,11306,7198256
227,7/28/2021 15:00:00,7063,3622402,4128.000000000000000,3314830,460.000000000000000,272779.000000000000000,7523,3895181,4588,3587609,11651,7209907
228,7/29/2021 15:00:00,7057,3629459,4289.000000000000000,3319119,419.000000000000000,273198.000000000000000,7476,3902657,4708,3592317,11765,7221672
229,7/30/2021 15:00:00,7797,3637256,4784.000000000000000,3323903,525.000000000000000,273723.000000000000000,8322,3910979,5309,3597626,13106,7234778
230,7/31/2021 15:00:00,4789,3642045,3056.000000000000000,3326959,273.000000000000000,273996.000000000000000,5062,3916041,3329,3600955,8118,7242896
231,8/1/2021 15:00:00,3869,3645914,2151.000000000000000,3329110,161.000000000000000,274157.000000000000000,4030,3920071,2312,3603267,6181,7249077
232,8/2/2021 15:00:00,7228,3653142,3824.000000000000000,3332934,339.000000000000000,274496.000000000000000,7567,3927638,4163,3607430,11391,7260468
233,8/3/2021 15:00:00,7230,3660372,4076.000000000000000,3337010,515.000000000000000,275011.000000000000000,7745,3935383,4591,3612021,11821,7272289
234,8/4/2021 15:00:00,7399,3667771,4088.000000000000000,3341098,532.000000000000000,275543.000000000000000,7931,3943314,4620,3616641,12019,7284308
235,8/5/2021 15:00:00,7930,3675701,4270.000000000000000,3345368,537.000000000000000,276080.000000000000000,8467,3951781,4807,3621448,12737,7297045
236,8/6/2021 15:00:00,8292,3683993,4706.000000000000000,3350074,453.000000000000000,276533.000000000000000,8745,3960526,5159,3626607,13451,7310496
237,8/7/2021 15:00:00,5269,3689262,2807.000000000000000,3352881,263.000000000000000,276796.000000000000000,5532,3966058,3070,3629677,8339,7318835
238,8/8/2021 15:00:00,3951,3693213,2047.000000000000000,3354928,143.000000000000000,276939.000000000000000,4094,3970152,2190,3631867,6141,7324976
239,8/9/2021 15:00:00,6922,3700135,4519.000000000000000,3359447,368.000000000000000,277307.000000000000000,7290,3977442,4887,3636754,11809,7336785
240,8/10/2021 15:00:00,7130,3707265,4446.000000000000000,3363893,338.000000000000000,277645.000000000000000,7468,3984910,4784,3641538,11914,7348699
241,8/11/2021 15:00:00,7051,3714316,4422.000000000000000,3368315,441.000000000000000,278086.000000000000000,7492,3992402,4863,3646401,11914,7360613
242,8/12/2021 15:00:00,8599,3722915,4720.000000000000000,3373035,444.000000000000000,278530.000000000000000,9043,4001445,5164,3651565,13763,7374376
243,8/13/2021 15:00:00,7136,3730051,5357.000000000000000,3378392,396.000000000000000,278926.000000000000000,7532,4008977,5753,3657318,12889,7387265
244,8/14/2021 15:00:00,4912,3734963,3337.000000000000000,3381729,285.000000000000000,279211.000000000000000,5197,4014174,3622,3660940,8534,7395799
245,8/15/2021 15:00:00,3324,3738287,2729.000000000000000,3384458,163.000000000000000,279374.000000000000000,3487,4017661,2892,3663832,6216,7402015
246,8/16/2021 15:00:00,5428,3743715,5082.000000000000000,3389540,352.000000000000000,279726.000000000000000,5780,4023441,5434,3669266,10862,7412877
247,8/17/2021 15:00:00,6810,3750525,5345.000000000000000,3394885,389.000000000000000,280115.000000000000000,7199,4030640,5734,3675000,12544,7425421
248,8/18/2021 15:00:00,6320,3756845,5480.000000000000000,3400365,478.000000000000000,280593.000000000000000,6798,4037438,5958,3680958,12278,7437699
249,8/19/2021 15:00:00,6205,3763050,5537.000000000000000,3405902,416.000000000000000,281009.000000000000000,6621,4044059,5953,3686911,12158,7449857
250,8/20/2021 15:00:00,6830,3769880,6531.000000000000000,3412433,401.000000000000000,281410.000000000000000,7231,4051290,6932,3693843,13762,7463619
251,8/21/2021 15:00:00,4320,3774200,3913.000000000000000,3416346,228.000000000000000,281638.000000000000000,4548,4055838,4141,3697984,8461,7472080
252,8/22/2021 15:00:00,3057,3777257,3167.000000000000000,3419513,110.000000000000000,281748.000000000000000,3167,4059005,3277,3701261,6334,7478414
253,8/23/2021 15:00:00,5984,3783241,6080.000000000000000,3425593,285.000000000000000,282033.000000000000000,6269,4065274,6365,3707626,12349,7490763
254,8/24/2021 15:00:00,6545,3789786,6044.000000000000000,3431637,423.000000000000000,282456.000000000000000,6968,4072242,6467,3714093,13012,7503775
255,8/25/2021 15:00:00,6713,3796499,6198.000000000000000,3437835,440.000000000000000,282896.000000000000000,7153,4079395,6638,3720731,13351,7517126
256,8/26/2021 15:00:00,6963,3803462,6640.000000000000000,3444475,427.000000000000000,283323.000000000000000,7390,4086785,7067,3727798,14030,7531156
257,8/27/2021 15:00:00,6823,3810285,7055.000000000000000,3451530,316.000000000000000,283639.000000000000000,7139,4093924,7371,3735169,14194,7545350
258,8/28/2021 15:00:00,6897,3817182,6501.000000000000000,3458031,324.000000000000000,283963.000000000000000,7221,4101145,6825,3741994,13722,7559072
259,8/29/2021 15:00:00,3732,3820914,3680.000000000000000,3461711,610.000000000000000,284573.000000000000000,4342,4105487,4290,3746284,8022,7567094
260,8/30/2021 15:00:00,5926,3826840,6112.000000000000000,3467823,959.000000000000000,285532.000000000000000,6885,4112372,7071,3753355,12997,7580091
261,8/31/2021 15:00:00,5892,3832732,6037.000000000000000,3473860,946.000000000000000,286478.000000000000000,6838,4119210,6983,3760338,12875,7592966
262,9/1/2021 15:00:00,5573,3838305,5632.000000000000000,3479492,914.000000000000000,287392.000000000000000,6487,4125697,6546,3766884,12119,7605085
263,9/2/2021 15:00:00,5516,3843821,5908.000000000000000,3485400,703.000000000000000,288095.000000000000000,6219,4131916,6611,3773495,12127,7617212
264,9/3/2021 15:00:00,5986,3849807,6899.000000000000000,3492299,973.000000000000000,289068.000000000000000,6959,4138875,7872,3781367,13858,7631070
265,9/4/2021 15:00:00,3717,3853524,4335.000000000000000,3496634,879.000000000000000,289947.000000000000000,4596,4143471,5214,3786581,8931,7640001
266,9/5/2021 15:00:00,2952,3856476,2807.000000000000000,3499441,106.000000000000000,290053.000000000000000,3058,4146529,2913,3789494,5865,7645866
267,9/6/2021 15:00:00,1058,3857534,1149.000000000000000,3500590,63.000000000000000,290116.000000000000000,1121,4147650,1212,3790706,2270,7648136
268,9/7/2021 15:00:00,5332,3862866,7274.000000000000000,3507864,2304.000000000000000,292420.000000000000000,7636,4155286,9578,3800284,14910,7663046
269,9/8/2021 15:00:00,4644,3867510,5461.000000000000000,3513325,364.000000000000000,292784.000000000000000,5008,4160294,5825,3806109,10469,7673515
270,9/9/2021 15:00:00,5000,3872510,5438.000000000000000,3518763,324.000000000000000,293108.000000000000000,5324,4165618,5762,3811871,10762,7684277
271,9/10/2021 15:00:00,6507,3879017,6638.000000000000000,3525401,1718.000000000000000,294826.000000000000000,8225,4173843,8356,3820227,14863,7699140
272,9/11/2021 15:00:00,4169,3883186,4324.000000000000000,3529725,665.000000000000000,295491.000000000000000,4834,4178677,4989,3825216,9158,7708298
273,9/12/2021 15:00:00,3162,3886348,3236.000000000000000,3532961,436.000000000000000,295927.000000000000000,3598,4182275,3672,3828888,6834,7715132
274,9/13/2021 15:00:00,4877,3891225,5042.000000000000000,3538003,346.000000000000000,296273.000000000000000,5223,4187498,5388,3834276,10265,7725397
275,9/14/2021 15:00:00,4760,3895985,5423.000000000000000,3543426,435.000000000000000,296708.000000000000000,5195,4192693,5858,3840134,10618,7736015
276,9/15/2021 15:00:00,5024,3901009,5854.000000000000000,3549280,388.000000000000000,297096.000000000000000,5412,4198105,6242,3846376,11266,7747281
277,9/16/2021 15:00:00,4798,3905807,5822.000000000000000,3555102,336.000000000000000,297432.000000000000000,5134,4203239,6158,3852534,10956,7758237
278,9/17/2021 15:00:00,5242,3911049,6572.000000000000000,3561674,343.000000000000000,297775.000000000000000,5585,4208824,6915,3859449,12157,7770394
279,9/18/2021 15:00:00,3791,3914840,4563.000000000000000,3566237,185.000000000000000,297960.000000000000000,3976,4212800,4748,3864197,8539,7778933
280,9/19/2021 15:00:00,2742,3917582,3157.000000000000000,3569394,75.000000000000000,298035.000000000000000,2817,4215617,3232,3867429,5974,7784907
281,9/20/2021 15:00:00,3747,3921329,4670.000000000000000,3574064,430.000000000000000,298465.000000000000000,4177,4219794,5100,3872529,8847,7793754
282,9/21/2021 15:00:00,3999,3925328,4992.000000000000000,3579056,326.000000000000000,298791.000000000000000,4325,4224119,5318,3877847,9317,7803071
283,9/22/2021 15:00:00,4189,3929517,4760.000000000000000,3583816,458.000000000000000,299249.000000000000000,4647,4228766,5218,3883065,9407,7812478
284,9/23/2021 15:00:00,4165,3933682,4721.000000000000000,3588537,492.000000000000000,299741.000000000000000,4657,4233423,5213,3888278,9378,7821856
285,9/24/2021 15:00:00,5068,3938750,5595.000000000000000,3594132,422.000000000000000,300163.000000000000000,5490,4238913,6017,3894295,11085,7832941
286,9/25/2021 15:00:00,3626,3942376,3623.000000000000000,3597755,385.000000000000000,300548.000000000000000,4011,4242924,4008,3898303,7634,7840575
287,9/26/2021 15:00:00,2358,3944734,2658.000000000000000,3600413,424.000000000000000,300972.000000000000000,2782,4245706,3082,3901385,5440,7846015
288,9/27/2021 15:00:00,4503,3949237,2695.000000000000000,3603108,509.000000000000000,301481.000000000000000,5012,4250718,3204,3904589,7707,7853722
289,9/28/2021 15:00:00,4394,3953631,4440.000000000000000,3607548,211.000000000000000,301692.000000000000000,4605,4255323,4651,3909240,9045,7862767
290,9/29/2021 15:00:00,4696,3958327,4503.000000000000000,3612051,919.000000000000000,302611.000000000000000,5615,4260938,5422,3914662,10118,7872885
291,9/30/2021 15:00:00,4880,3963207,4553.000000000000000,3616604,792.000000000000000,303403.000000000000000,5672,4266610,5345,3920007,10225,7883110
292,10/1/2021 15:00:00,5475,3968682,5310.000000000000000,3621914,782.000000000000000,304185.000000000000000,6257,4272867,6092,3926099,11567,7894677
293,10/2/2021 15:00:00,2937,3971619,2889.000000000000000,3624803,187.000000000000000,304372.000000000000000,3124,4275991,3076,3929175,6013,7900690
294,10/3/2021 15:00:00,2078,3973697,2372.000000000000000,3627175,86.000000000000000,304458.000000000000000,2164,4278155,2458,3931633,4536,7905226
295,10/4/2021 15:00:00,4018,3977715,3495.000000000000000,3630670,232.000000000000000,304690.000000000000000,4250,4282405,3727,3935360,7745,7912971
296,10/5/2021 15:00:00,3952,3981667,3657.000000000000000,3634327,207.000000000000000,304897.000000000000000,4159,4286564,3864,3939224,7816,7920787
297,10/6/2021 15:00:00,4025,3985692,3574.000000000000000,3637901,264.000000000000000,305161.000000000000000,4289,4290853,3838,3943062,7863,7928650
298,10/7/2021 15:00:00,4230,3989922,3623.000000000000000,3641524,331.000000000000000,305492.000000000000000,4561,4295414,3954,3947016,8184,7936834
299,10/8/2021 15:00:00,4777,3994699,4275.000000000000000,3645799,282.000000000000000,305774.000000000000000,5059,4300473,4557,3951573,9334,7946168
300,10/9/2021 15:00:00,2684,3997383,2673.000000000000000,3648472,270.000000000000000,306044.000000000000000,2954,4303427,2943,3954516,5627,7951795
301,10/10/2021 15:00:00,1865,3999248,1843.000000000000000,3650315,59.000000000000000,306103.000000000000000,1924,4305351,1902,3956418,3767,7955562
302,10/11/2021 15:00:00,4215,4003463,3331.000000000000000,3653646,249.000000000000000,306352.000000000000000,4464,4309815,3580,3959998,7795,7963357
303,10/12/2021 15:00:00,3591,4007054,3525.000000000000000,3657171,271.000000000000000,306623.000000000000000,3862,4313677,3796,3963794,7387,7970744
304,10/13/2021 15:00:00,3956,4011010,3447.000000000000000,3660618,346.000000000000000,306969.000000000000000,4302,4317979,3793,3967587,7749,7978493
305,10/14/2021 15:00:00,5162,4016172,5483.000000000000000,3666101,429.000000000000000,307398.000000000000000,5591,4323570,5912,3973499,11074,7989567
306,10/15/2021 15:00:00,4703,4020875,4585.000000000000000,3670686,347.000000000000000,307745.000000000000000,5050,4328620,4932,3978431,9635,7999202
307,10/16/2021 15:00:00,2494,4023369,2500.000000000000000,3673186,290.000000000000000,308035.000000000000000,2784,4331404,2790,3981221,5284,8004486
308,10/17/2021 15:00:00,1808,4025177,1774.000000000000000,3674960,55.000000000000000,308090.000000000000000,1863,4333267,1829,3983050,3637,8008123
309,10/18/2021 15:00:00,4286,4029463,3570.000000000000000,3678530,266.000000000000000,308356.000000000000000,4552,4337819,3836,3986886,8122,8016245
310,10/19/2021 15:00:00,4300,4033763,4024.000000000000000,3682554,222.000000000000000,308578.000000000000000,4522,4342341,4246,3991132,8546,8024791
311,10/20/2021 15:00:00,3527,4037290,3419.000000000000000,3685973,254.000000000000000,308832.000000000000000,3781,4346122,3673,3994805,7200,8031991
312,10/21/2021 15:00:00,3300,4040590,3256.000000000000000,3689229,290.000000000000000,309122.000000000000000,3590,4349712,3546,3998351,6846,8038837
313,10/22/2021 15:00:00,4685,4045275,4023.000000000000000,3693252,475.000000000000000,309597.000000000000000,5160,4354872,4498,4002849,9183,8048020
314,10/23/2021 15:00:00,2891,4048166,2112.000000000000000,3695364,321.000000000000000,309918.000000000000000,3212,4358084,2433,4005282,5324,8053344
315,10/24/2021 15:00:00,2062,4050228,1557.000000000000000,3696921,78.000000000000000,309996.000000000000000,2140,4360224,1635,4006917,3697,8057041
316,10/25/2021 15:00:00,4547,4054775,3074.000000000000000,3699995,316.000000000000000,310312.000000000000000,4863,4365087,3390,4010307,7937,8064978
317,10/26/2021 15:00:00,4510,4059285,3087.000000000000000,3703082,311.000000000000000,310623.000000000000000,4821,4369908,3398,4013705,7908,8072886
318,10/27/2021 15:00:00,4736,4064021,3344.000000000000000,3706426,429.000000000000000,311052.000000000000000,5165,4375073,3773,4017478,8509,8081395
319,10/28/2021 15:00:00,4555,4068576,3363.000000000000000,3709789,496.000000000000000,311548.000000000000000,5051,4380124,3859,4021337,8414,8089809
320,10/29/2021 15:00:00,4970,4073546,3913.000000000000000,3713702,393.000000000000000,311941.000000000000000,5363,4385487,4306,4025643,9276,8099085
321,10/30/2021 15:00:00,2632,4076178,1842.000000000000000,3715544,308.000000000000000,312249.000000000000000,2940,4388427,2150,4027793,4782,8103867
322,10/31/2021 15:00:00,1944,4078122,1516.000000000000000,3717060,93.000000000000000,312342.000000000000000,2037,4390464,1609,4029402,3553,8107420
323,11/1/2021 15:00:00,4689,4082811,3421.000000000000000,3720481,341.000000000000000,312683.000000000000000,5030,4395494,3762,4033164,8451,8115871
324,11/2/2021 15:00:00,4252,4087063,2945.000000000000000,3723426,406.000000000000000,313089.000000000000000,4658,4400152,3351,4036515,7603,8123474
325,11/3/2021 15:00:00,4671,4091734,3055.000000000000000,3726481,458.000000000000000,313547.000000000000000,5129,4405281,3513,4040028,8184,8131658
326,11/4/2021 15:00:00,6289,4098023,3358.000000000000000,3729839,512.000000000000000,314059.000000000000000,6801,4412082,3870,4043898,10159,8141817
327,11/5/2021 15:00:00,8217,4106240,3758.000000000000000,3733597,408.000000000000000,314467.000000000000000,8625,4420707,4166,4048064,12383,8154200
328,11/6/2021 15:00:00,10071,4116311,1974.000000000000000,3735571,305.000000000000000,314772.000000000000000,10376,4431083,2279,4050343,12350,8166550
329,11/7/2021 15:00:00,7719,4124030,1468.000000000000000,3737039,94.000000000000000,314866.000000000000000,7813,4438896,1562,4051905,9281,8175831
330,11/8/2021 15:00:00,11283,4135313,3040.000000000000000,3740079,379.000000000000000,315245.000000000000000,11662,4450558,3419,4055324,14702,8190533
331,11/9/2021 15:00:00,11749,4147062,2655.000000000000000,3742734,268.000000000000000,315513.000000000000000,12017,4462575,2923,4058247,14672,8205205
332,11/10/2021 15:00:00,12562,4159624,2762.000000000000000,3745496,337.000000000000000,315850.000000000000000,12899,4475474,3099,4061346,15661,8220866
333,11/11/2021 15:00:00,11326,4170950,2382.000000000000000,3747878,282.000000000000000,316132.000000000000000,11608,4487082,2664,4064010,13990,8234856
334,11/12/2021 15:00:00,12272,4183222,3353.000000000000000,3751231,547.000000000000000,316679.000000000000000,12819,4499901,3900,4067910,16172,8251028
335,11/13/2021 15:00:00,9773,4192995,1587.000000000000000,3752818,342.000000000000000,317021.000000000000000,10115,4510016,1929,4069839,11702,8262730
336,11/14/2021 15:00:00,3922,4196917,1129.000000000000000,3753947,121.000000000000000,317142.000000000000000,4043,4514059,1250,4071089,5172,8267902
337,11/15/2021 15:00:00,8595,4205512,2521.000000000000000,3756468,205.000000000000000,317347.000000000000000,8800,4522859,2726,4073815,11321,8279223
338,11/16/2021 15:00:00,9212,4214724,2491.000000000000000,3758959,255.000000000000000,317602.000000000000000,9467,4532326,2746,4076561,11958,8291181
339,11/17/2021 15:00:00,9376,4224100,2876.000000000000000,3761835,312.000000000000000,317914.000000000000000,9688,4542014,3188,4079749,12564,8303745
340,11/18/2021 15:00:00,9280,4233380,2630.000000000000000,3764465,479.000000000000000,318393.000000000000000,9759,4551773,3109,4082858,12389,8316134
341,11/19/2021 15:00:00,9780,4243160,2914.000000000000000,3767379,382.000000000000000,318775.000000000000000,10162,4561935,3296,4086154,13076,8329210
342,11/20/2021 15:00:00,10624,4253784,1606.000000000000000,3768985,454.000000000000000,319229.000000000000000,11078,4573013,2060,4088214,12684,8341894
343,11/21/2021 15:00:00,4349,4258133,1200.000000000000000,3770185,99.000000000000000,319328.000000000000000,4448,4577461,1299,4089513,5648,8347542
344,11/22/2021 15:00:00,9778,4267911,2489.000000000000000,3772674,292.000000000000000,319620.000000000000000,10070,4587531,2781,4092294,12559,8360101
345,11/23/2021 15:00:00,9165,4277076,2397.000000000000000,3775071,280.000000000000000,319900.000000000000000,9445,4596976,2677,4094971,11842,8371943
346,11/24/2021 15:00:00,8099,4285175,2443.000000000000000,3777514,215.000000000000000,320115.000000000000000,8314,4605290,2658,4097629,10757,8382700
347,11/25/2021 15:00:00,239,4285414,74.000000000000000,3777588,10.000000000000000,320125.000000000000000,249,4605539,84,4097713,323,8383023
348,11/26/2021 15:00:00,5663,4291077,4014.000000000000000,3781602,152.000000000000000,320277.000000000000000,5815,4611354,4166,4101879,9829,8392852
349,11/27/2021 15:00:00,3787,4294864,5442.000000000000000,3787044,134.000000000000000,320411.000000000000000,3921,4615275,5576,4107455,9363,8402215
350,11/28/2021 15:00:00,2419,4297283,6375.000000000000000,3793419,77.000000000000000,320488.000000000000000,2496,4617771,6452,4113907,8871,8411086
351,11/29/2021 15:00:00,6359,4303642,9243.000000000000000,3802662,379.000000000000000,320867.000000000000000,6738,4624509,9622,4123529,15981,8427067
352,11/30/2021 15:00:00,6228,4309870,9241.000000000000000,3811903,264.000000000000000,321131.000000000000000,6492,4631001,9505,4133034,15733,8442800
353,12/1/2021 15:00:00,7221,4317091,9565.000000000000000,3821468,305.000000000000000,321436.000000000000000,7526,4638527,9870,4142904,17091,8459891
354,12/2/2021 15:00:00,6859,4323950,8681.000000000000000,3830149,450.000000000000000,321886.000000000000000,7309,4645836,9131,4152035,15990,8475881
355,12/3/2021 15:00:00,7547,4331497,9189.000000000000000,3839338,249.000000000000000,322135.000000000000000,7796,4653632,9438,4161473,16985,8492866
356,12/4/2021 15:00:00,5852,4337349,9721.000000000000000,3849059,457.000000000000000,322592.000000000000000,6309,4659941,10178,4171651,16030,8508896
357,12/5/2021 15:00:00,3464,4340813,3247.000000000000000,3852306,77.000000000000000,322669.000000000000000,3541,4663482,3324,4174975,6788,8515684
358,12/6/2021 15:00:00,6730,4347543,7063.000000000000000,3859369,277.000000000000000,322946.000000000000000,7007,4670489,7340,4182315,14070,8529754
359,12/7/2021 15:00:00,6373,4353916,6967.000000000000000,3866336,249.000000000000000,323195.000000000000000,6622,4677111,7216,4189531,13589,8543343
360,12/8/2021 15:00:00,6895,4360811,7312.000000000000000,3873648,314.000000000000000,323509.000000000000000,7209,4684320,7626,4197157,14521,8557864
361,12/9/2021 15:00:00,6480,4367291,6946.000000000000000,3880594,397.000000000000000,323906.000000000000000,6877,4691197,7343,4204500,13823,8571687
362,12/10/2021 15:00:00,7215,4374506,7286.000000000000000,3887880,228.000000000000000,324134.000000000000000,7443,4698640,7514,4212014,14729,8586416
363,12/11/2021 15:00:00,4441,4378947,7600.000000000000000,3895480,333.000000000000000,324467.000000000000000,4774,4703414,7933,4219947,12374,8598790
364,12/12/2021 15:00:00,3991,4382938,2783.000000000000000,3898263,60.000000000000000,324527.000000000000000,4051,4707465,2843,4222790,6834,8605624
365,12/13/2021 15:00:00,5692,4388630,5724.000000000000000,3903987,242.000000000000000,324769.000000000000000,5934,4713399,5966,4228756,11658,8617282
366,12/14/2021 15:00:00,6428,4395058,5882.000000000000000,3909869,214.000000000000000,324983.000000000000000,6642,4720041,6096,4234852,12524,8629806
367,12/15/2021 15:00:00,7099,4402157,5614.000000000000000,3915483,248.000000000000000,325231.000000000000000,7347,4727388,5862,4240714,12961,8642767
368,12/16/2021 15:00:00,7811,4409968,2796.000000000000000,3918279,422.000000000000000,325653.000000000000000,8233,4735621,3218,4243932,11029,8653796
369,12/17/2021 15:00:00,7773,4417741,4128.000000000000000,3922407,193.000000000000000,325846.000000000000000,7966,4743587,4321,4248253,12094,8665890
370,12/18/2021 15:00:00,5774,4423515,3168.000000000000000,3925575,297.000000000000000,326143.000000000000000,6071,4749658,3465,4251718,9239,8675129
371,12/19/2021 15:00:00,3382,4426897,1341.000000000000000,3926916,34.000000000000000,326177.000000000000000,3416,4753074,1375,4253093,4757,8679886
372,12/20/2021 15:00:00,8019,4434916,3715.000000000000000,3930631,164.000000000000000,326341.000000000000000,8183,4761257,3879,4256972,11898,8691784
373,12/21/2021 15:00:00,8903,4443819,4089.000000000000000,3934720,168.000000000000000,326509.000000000000000,9071,4770328,4257,4261229,13160,8704944
374,12/22/2021 15:00:00,8614,4452433,3809.000000000000000,3938529,172.000000000000000,326681.000000000000000,8786,4779114,3981,4265210,12595,8717539
375,12/23/2021 15:00:00,8320,4460753,3495.000000000000000,3942024,355.000000000000000,327036.000000000000000,8675,4787789,3850,4269060,12170,8729709
376,12/24/2021 15:00:00,1610,4462363,1002.000000000000000,3943026,39.000000000000000,327075.000000000000000,1649,4789438,1041,4270101,2651,8732360
377,12/25/2021 15:00:00,50,4462413,35.000000000000000,3943061,1.000000000000000,327076.000000000000000,51,4789489,36,4270137,86,8732446
378,12/26/2021 15:00:00,2520,4464933,1746.000000000000000,3944807,44.000000000000000,327120.000000000000000,2564,4792053,1790,4271927,4310,8736756
379,12/27/2021 15:00:00,7138,4472071,3945.000000000000000,3948752,295.000000000000000,327415.000000000000000,7433,4799486,4240,4276167,11378,8748134
380,12/28/2021 15:00:00,7770,4479841,3749.000000000000000,3952501,166.000000000000000,327581.000000000000000,7936,4807422,3915,4280082,11685,8759819
381,12/29/2021 15:00:00,8130,4487971,3965.000000000000000,3956466,154.000000000000000,327735.000000000000000,8284,4815706,4119,4284201,12249,8772068
382,12/30/2021 15:00:00,7402,4495373,3739.000000000000000,3960205,287.000000000000000,328022.000000000000000,7689,4823395,4026,4288227,11428,8783496
383,12/31/2021 15:00:00,2551,4497924,1512.000000000000000,3961717,92.000000000000000,328114.000000000000000,2643,4826038,1604,4289831,4155,8787651
384,1/1/2022 15:00:00,705,4498629,336.000000000000000,3962053,31.000000000000000,328145.000000000000000,736,4826774,367,4290198,1072,8788723
385,1/2/2022 15:00:00,2183,4500812,1631.000000000000000,3963684,44.000000000000000,328189.000000000000000,2227,4829001,1675,4291873,3858,8792581
386,1/3/2022 15:00:00,3378,4504190,2053.000000000000000,3965737,221.000000000000000,328410.000000000000000,3599,4832600,2274,4294147,5652,8798233
387,1/4/2022 15:00:00,5717,4509907,3390.000000000000000,3969127,162.000000000000000,328572.000000000000000,5879,4838479,3552,4297699,9269,8807502
388,1/5/2022 15:00:00,6731,4516638,4635.000000000000000,3973762,173.000000000000000,328745.000000000000000,6904,4845383,4808,4302507,11539,8819041
389,1/6/2022 15:00:00,6589,4523227,4710.000000000000000,3978472,259.000000000000000,329004.000000000000000,6848,4852231,4969,4307476,11558,8830599
390,1/7/2022 15:00:00,5789,4529016,3667.000000000000000,3982139,158.000000000000000,329162.000000000000000,5947,4858178,3825,4311301,9614,8840213
391,1/8/2022 15:00:00,4469,4533485,3768.000000000000000,3985907,73.000000000000000,329235.000000000000000,4542,4862720,3841,4315142,8310,8848523
392,1/9/2022 15:00:00,2726,4536211,2006.000000000000000,3987913,154.000000000000000,329389.000000000000000,2880,4865600,2160,4317302,4886,8853409
393,1/10/2022 15:00:00,6205,4542416,3763.000000000000000,3991676,155.000000000000000,329544.000000000000000,6360,4871960,3918,4321220,10123,8863532
394,1/11/2022 15:00:00,6429,4548845,4191.000000000000000,3995867,138.000000000000000,329682.000000000000000,6567,4878527,4329,4325549,10758,8874290
395,1/12/2022 15:00:00,6605,4555450,4337.000000000000000,4000204,223.000000000000000,329905.000000000000000,6828,4885355,4560,4330109,11165,8885455
396,1/13/2022 15:00:00,6419,4561869,4299.000000000000000,4004503,145.000000000000000,330050.000000000000000,6564,4891919,4444,4334553,10863,8896318
397,1/14/2022 15:00:00,6767,4568636,3018.000000000000000,4007521,246.000000000000000,330296.000000000000000,7013,4898932,3264,4337817,10031,8906349
398,1/15/2022 15:00:00,3913,4572549,1568.000000000000000,4009089,67.000000000000000,330363.000000000000000,3980,4902912,1635,4339452,5548,8911897
399,1/16/2022 15:00:00,2025,4574574,1245.000000000000000,4010334,115.000000000000000,330478.000000000000000,2140,4905052,1360,4340812,3385,8915282
400,1/17/2022 15:00:00,1348,4575922,1013.000000000000000,4011347,36.000000000000000,330514.000000000000000,1384,4906436,1049,4341861,2397,8917679