OBJECTID,VACCINATION_DATE,FirstDailyDose,FirstDoseCumulative,SecondDailyDose,SecondDoseCumulative,SingleDailyDose,SingleDoseCumulative,AtleastOneVaccine,AtleastOneVaccineCumulative,CompletedVax,CompletedVaxCumulative,FirstSecondSingleVaccination_12,FirstSecondSingleVaccination_13
1,12/14/2020 15:00:00,19,1448,,530,,,19,1448,0,530,19,1877
2,12/15/2020 15:00:00,61,1509,3.000000000000000,533,,,61,1509,3,533,64,1941
3,12/16/2020 15:00:00,597,2106,5.000000000000000,538,,,597,2106,5,538,602,2543
4,12/17/2020 15:00:00,1165,3271,8.000000000000000,546,,,1165,3271,8,546,1173,3716
5,12/18/2020 15:00:00,3029,6300,12.000000000000000,558,,,3029,6300,12,558,3041,6757
6,12/19/2020 15:00:00,929,7229,7.000000000000000,565,,,929,7229,7,565,936,7693
7,12/20/2020 15:00:00,366,7595,6.000000000000000,571,,,366,7595,6,571,372,8065
8,12/21/2020 15:00:00,3896,11491,26.000000000000000,597,,,3896,11491,26,597,3922,11987
9,12/22/2020 15:00:00,6325,17816,30.000000000000000,627,,,6325,17816,30,627,6355,18342
10,12/23/2020 15:00:00,5790,23606,38.000000000000000,665,,,5790,23606,38,665,5828,24170
11,12/24/2020 15:00:00,2729,26335,15.000000000000000,680,,,2729,26335,15,680,2744,26914
12,12/25/2020 15:00:00,1035,27370,4.000000000000000,684,,,1035,27370,4,684,1039,27953
13,12/26/2020 15:00:00,1885,29255,10.000000000000000,694,,,1885,29255,10,694,1895,29848
14,12/27/2020 15:00:00,1803,31058,12.000000000000000,706,,,1803,31058,12,706,1815,31663
15,12/28/2020 15:00:00,8994,40052,50.000000000000000,756,,,8994,40052,50,756,9044,40707
16,12/29/2020 15:00:00,10977,51029,53.000000000000000,809,,,10977,51029,53,809,11030,51737
17,12/30/2020 15:00:00,12502,63531,93.000000000000000,902,,,12502,63531,93,902,12595,64332
18,12/31/2020 15:00:00,7557,71088,48.000000000000000,950,,,7557,71088,48,950,7605,71937
19,1/1/2021 15:00:00,3355,74443,146.000000000000000,1096,,,3355,74443,146,1096,3501,75438
20,1/2/2021 15:00:00,3057,77500,34.000000000000000,1130,,,3057,77500,34,1130,3091,78529
21,1/3/2021 15:00:00,3413,80913,82.000000000000000,1212,,,3413,80913,82,1212,3495,82024
22,1/4/2021 15:00:00,13370,94283,339.000000000000000,1551,,,13370,94283,339,1551,13709,95733
23,1/5/2021 15:00:00,12493,106776,550.000000000000000,2101,,,12493,106776,550,2101,13043,108776
24,1/6/2021 15:00:00,15272,122048,868.000000000000000,2969,,,15272,122048,868,2969,16140,124916
25,1/7/2021 15:00:00,15051,137099,1783.000000000000000,4752,,,15051,137099,1783,4752,16834,141750
26,1/8/2021 15:00:00,24020,161119,2789.000000000000000,7541,,,24020,161119,2789,7541,26809,168559
27,1/9/2021 15:00:00,5179,166298,956.000000000000000,8497,,,5179,166298,956,8497,6135,174694
28,1/10/2021 15:00:00,2979,169277,386.000000000000000,8883,,,2979,169277,386,8883,3365,178059
29,1/11/2021 15:00:00,13739,183016,3482.000000000000000,12365,,,13739,183016,3482,12365,17221,195280
30,1/12/2021 15:00:00,17404,200420,5598.000000000000000,17963,,,17404,200420,5598,17963,23002,218282
31,1/13/2021 15:00:00,18626,219046,3936.000000000000000,21899,,,18626,219046,3936,21899,22562,240844
32,1/14/2021 15:00:00,17874,236920,1964.000000000000000,23863,,,17874,236920,1964,23863,19838,260682
33,1/15/2021 15:00:00,19496,256416,2035.000000000000000,25898,,,19496,256416,2035,25898,21531,282213
34,1/16/2021 15:00:00,5843,262259,1620.000000000000000,27518,,,5843,262259,1620,27518,7463,289676
35,1/17/2021 15:00:00,2126,264385,1480.000000000000000,28998,,,2126,264385,1480,28998,3606,293282
36,1/18/2021 15:00:00,7081,271466,3269.000000000000000,32267,,,7081,271466,3269,32267,10350,303632
37,1/19/2021 15:00:00,16958,288424,5416.000000000000000,37683,,,16958,288424,5416,37683,22374,326006
38,1/20/2021 15:00:00,21015,309439,5331.000000000000000,43014,,,21015,309439,5331,43014,26346,352352
39,1/21/2021 15:00:00,23828,333267,3863.000000000000000,46877,,,23828,333267,3863,46877,27691,380043
40,1/22/2021 15:00:00,28663,361930,3766.000000000000000,50643,,,28663,361930,3766,50643,32429,412472
41,1/23/2021 15:00:00,10131,372061,1946.000000000000000,52589,,,10131,372061,1946,52589,12077,424549
42,1/24/2021 15:00:00,3360,375421,1723.000000000000000,54312,,,3360,375421,1723,54312,5083,429632
43,1/25/2021 15:00:00,16313,391734,8615.000000000000000,62927,,,16313,391734,8615,62927,24928,454560
44,1/26/2021 15:00:00,17564,409298,8983.000000000000000,71910,,,17564,409298,8983,71910,26547,481107
45,1/27/2021 15:00:00,24443,433741,12567.000000000000000,84477,,,24443,433741,12567,84477,37010,518117
46,1/28/2021 15:00:00,22665,456406,9333.000000000000000,93810,,,22665,456406,9333,93810,31998,550115
47,1/29/2021 15:00:00,24790,481196,7934.000000000000000,101744,,,24790,481196,7934,101744,32724,582839
48,1/30/2021 15:00:00,17783,498979,2570.000000000000000,104314,,,17783,498979,2570,104314,20353,603192
49,1/31/2021 15:00:00,3764,502743,1375.000000000000000,105689,,,3764,502743,1375,105689,5139,608331
50,2/1/2021 15:00:00,8163,510906,5418.000000000000000,111107,,,8163,510906,5418,111107,13581,621912
51,2/2/2021 15:00:00,12520,523426,13835.000000000000000,124942,,,12520,523426,13835,124942,26355,648267
52,2/3/2021 15:00:00,18266,541692,18146.000000000000000,143088,,,18266,541692,18146,143088,36412,684679
53,2/4/2021 15:00:00,22146,563838,15803.000000000000000,158891,,,22146,563838,15803,158891,37949,722628
54,2/5/2021 15:00:00,20415,584253,17450.000000000000000,176341,,,20415,584253,17450,176341,37865,760493
55,2/6/2021 15:00:00,11380,595633,14538.000000000000000,190879,,,11380,595633,14538,190879,25918,786411
56,2/7/2021 15:00:00,5990,601623,1947.000000000000000,192826,,,5990,601623,1947,192826,7937,794348
57,2/8/2021 15:00:00,13016,614639,12983.000000000000000,205809,,,13016,614639,12983,205809,25999,820347
58,2/9/2021 15:00:00,16665,631304,13882.000000000000000,219691,,,16665,631304,13882,219691,30547,850894
59,2/10/2021 15:00:00,19329,650633,21319.000000000000000,241010,,,19329,650633,21319,241010,40648,891542
60,2/11/2021 15:00:00,22945,673578,17395.000000000000000,258405,,,22945,673578,17395,258405,40340,931882
61,2/12/2021 15:00:00,20439,694017,19678.000000000000000,278083,,,20439,694017,19678,278083,40117,971999
62,2/13/2021 15:00:00,11471,705488,6427.000000000000000,284510,,,11471,705488,6427,284510,17898,989897
63,2/14/2021 15:00:00,7123,712611,2137.000000000000000,286647,,,7123,712611,2137,286647,9260,999157
64,2/15/2021 15:00:00,11773,724384,13346.000000000000000,299993,,,11773,724384,13346,299993,25119,1024276
65,2/16/2021 15:00:00,16655,741039,21035.000000000000000,321028,,,16655,741039,21035,321028,37690,1061966
66,2/17/2021 15:00:00,20683,761722,26389.000000000000000,347417,,,20683,761722,26389,347417,47072,1109038
67,2/18/2021 15:00:00,3204,764926,4626.000000000000000,352043,,,3204,764926,4626,352043,7830,1116868
68,2/19/2021 15:00:00,10263,775189,19933.000000000000000,371976,,,10263,775189,19933,371976,30196,1147064
69,2/20/2021 15:00:00,10321,785510,20305.000000000000000,392281,,,10321,785510,20305,392281,30626,1177690
70,2/21/2021 15:00:00,6191,791701,7668.000000000000000,399949,,,6191,791701,7668,399949,13859,1191549
71,2/22/2021 15:00:00,8038,799739,15492.000000000000000,415441,,,8038,799739,15492,415441,23530,1215079
72,2/23/2021 15:00:00,15547,815286,15980.000000000000000,431421,,,15547,815286,15980,431421,31527,1246606
73,2/24/2021 15:00:00,17999,833285,24849.000000000000000,456270,,,17999,833285,24849,456270,42848,1289454
74,2/25/2021 15:00:00,20394,853679,26589.000000000000000,482859,,,20394,853679,26589,482859,46983,1336437
75,2/26/2021 15:00:00,26700,880379,26279.000000000000000,509138,,,26700,880379,26279,509138,52979,1389416
76,2/27/2021 15:00:00,16028,896407,11164.000000000000000,520302,,,16028,896407,11164,520302,27192,1416608
77,2/28/2021 15:00:00,15525,911932,4891.000000000000000,525193,,,15525,911932,4891,525193,20416,1437024
78,3/1/2021 15:00:00,27201,939133,12667.000000000000000,537860,,,27201,939133,12667,537860,39868,1476892
79,3/2/2021 15:00:00,23992,963125,13302.000000000000000,551162,37.000000000000000,37.000000000000000,24029,963162,13339,551199,37331,1514223
80,3/3/2021 15:00:00,30236,993361,18421.000000000000000,569583,191.000000000000000,228.000000000000000,30427,993589,18612,569811,48848,1563071
81,3/4/2021 15:00:00,31005,1024366,18256.000000000000000,587839,4068.000000000000000,4296.000000000000000,35073,1028662,22324,592135,53329,1616400
82,3/5/2021 15:00:00,30089,1054455,19770.000000000000000,607609,4910.000000000000000,9206.000000000000000,34999,1063661,24680,616815,54769,1671169
83,3/6/2021 15:00:00,18993,1073448,9535.000000000000000,617144,6009.000000000000000,15215.000000000000000,25002,1088663,15544,632359,34537,1705706
84,3/7/2021 15:00:00,12153,1085601,4929.000000000000000,622073,6608.000000000000000,21823.000000000000000,18761,1107424,11537,643896,23690,1729396
85,3/8/2021 15:00:00,25929,1111530,8862.000000000000000,630935,8274.000000000000000,30097.000000000000000,34203,1141627,17136,661032,43065,1772461
86,3/9/2021 15:00:00,26146,1137676,15496.000000000000000,646431,8344.000000000000000,38441.000000000000000,34490,1176117,23840,684872,49986,1822447
87,3/10/2021 15:00:00,29890,1167566,16048.000000000000000,662479,7935.000000000000000,46376.000000000000000,37825,1213942,23983,708855,53873,1876320
88,3/11/2021 15:00:00,36010,1203576,16425.000000000000000,678904,3982.000000000000000,50358.000000000000000,39992,1253934,20407,729262,56417,1932737
89,3/12/2021 15:00:00,36906,1240482,18159.000000000000000,697063,2928.000000000000000,53286.000000000000000,39834,1293768,21087,750349,57993,1990730
90,3/13/2021 15:00:00,22670,1263152,10335.000000000000000,707398,1630.000000000000000,54916.000000000000000,24300,1318068,11965,762314,34635,2025365
91,3/14/2021 15:00:00,17837,1280989,6737.000000000000000,714135,1009.000000000000000,55925.000000000000000,18846,1336914,7746,770060,25583,2050948
92,3/15/2021 15:00:00,29886,1310875,11364.000000000000000,725499,599.000000000000000,56524.000000000000000,30485,1367399,11963,782023,41849,2092797
93,3/16/2021 15:00:00,33480,1344355,13587.000000000000000,739086,770.000000000000000,57294.000000000000000,34250,1401649,14357,796380,47837,2140634
94,3/17/2021 15:00:00,37631,1381986,17078.000000000000000,756164,1181.000000000000000,58475.000000000000000,38812,1440461,18259,814639,55890,2196524
95,3/18/2021 15:00:00,41471,1423457,12696.000000000000000,768860,1354.000000000000000,59829.000000000000000,42825,1483286,14050,828689,55521,2252045
96,3/19/2021 15:00:00,38388,1461845,15443.000000000000000,784303,1046.000000000000000,60875.000000000000000,39434,1522720,16489,845178,54877,2306922
97,3/20/2021 15:00:00,24729,1486574,10229.000000000000000,794532,705.000000000000000,61580.000000000000000,25434,1548154,10934,856112,35663,2342585
98,3/21/2021 15:00:00,19194,1505768,7904.000000000000000,802436,341.000000000000000,61921.000000000000000,19535,1567689,8245,864357,27439,2370024
99,3/22/2021 15:00:00,32599,1538367,11513.000000000000000,813949,835.000000000000000,62756.000000000000000,33434,1601123,12348,876705,44947,2414971
100,3/23/2021 15:00:00,38406,1576773,17861.000000000000000,831810,1556.000000000000000,64312.000000000000000,39962,1641085,19417,896122,57823,2472794
101,3/24/2021 15:00:00,41086,1617859,21254.000000000000000,853064,1386.000000000000000,65698.000000000000000,42472,1683557,22640,918762,63726,2536520
102,3/25/2021 15:00:00,42911,1660770,21739.000000000000000,874803,2456.000000000000000,68154.000000000000000,45367,1728924,24195,942957,67106,2603626
103,3/26/2021 15:00:00,36381,1697151,26718.000000000000000,901521,2495.000000000000000,70649.000000000000000,38876,1767800,29213,972170,65594,2669220
104,3/27/2021 15:00:00,26472,1723623,17322.000000000000000,918843,2490.000000000000000,73139.000000000000000,28962,1796762,19812,991982,46284,2715504
105,3/28/2021 15:00:00,17011,1740634,12690.000000000000000,931533,1614.000000000000000,74753.000000000000000,18625,1815387,14304,1006286,31315,2746819
106,3/29/2021 15:00:00,29722,1770356,26391.000000000000000,957924,1141.000000000000000,75894.000000000000000,30863,1846250,27532,1033818,57254,2804073
107,3/30/2021 15:00:00,40060,1810416,29089.000000000000000,987013,1865.000000000000000,77759.000000000000000,41925,1888175,30954,1064772,71014,2875087
108,3/31/2021 15:00:00,41023,1851439,34749.000000000000000,1021762,5750.000000000000000,83509.000000000000000,46773,1934948,40499,1105271,81522,2956609
109,4/1/2021 15:00:00,42467,1893906,41166.000000000000000,1062928,5760.000000000000000,89269.000000000000000,48227,1983175,46926,1152197,89393,3046002
110,4/2/2021 15:00:00,34924,1928830,32735.000000000000000,1095663,6131.000000000000000,95400.000000000000000,41055,2024230,38866,1191063,73790,3119792
111,4/3/2021 15:00:00,21169,1949999,19236.000000000000000,1114899,4393.000000000000000,99793.000000000000000,25562,2049792,23629,1214692,44798,3164590
112,4/4/2021 15:00:00,8297,1958296,10223.000000000000000,1125122,967.000000000000000,100760.000000000000000,9264,2059056,11190,1225882,19487,3184077
113,4/5/2021 15:00:00,27957,1986253,28980.000000000000000,1154102,6662.000000000000000,107422.000000000000000,34619,2093675,35642,1261524,63599,3247676
114,4/6/2021 15:00:00,39799,2026052,30518.000000000000000,1184620,10501.000000000000000,117923.000000000000000,50300,2143975,41019,1302543,80818,3328494
115,4/7/2021 15:00:00,36106,2062158,34367.000000000000000,1218987,13001.000000000000000,130924.000000000000000,49107,2193082,47368,1349911,83474,3411968
116,4/8/2021 15:00:00,42360,2104518,36161.000000000000000,1255148,13873.000000000000000,144797.000000000000000,56233,2249315,50034,1399945,92394,3504362
117,4/9/2021 15:00:00,34098,2138616,36363.000000000000000,1291511,14534.000000000000000,159331.000000000000000,48632,2297947,50897,1450842,84995,3589357
118,4/10/2021 15:00:00,23495,2162111,23183.000000000000000,1314694,7641.000000000000000,166972.000000000000000,31136,2329083,30824,1481666,54319,3643676
119,4/11/2021 15:00:00,17588,2179699,13296.000000000000000,1327990,10123.000000000000000,177095.000000000000000,27711,2356794,23419,1505085,41007,3684683
120,4/12/2021 15:00:00,24602,2204301,33292.000000000000000,1361282,10907.000000000000000,188002.000000000000000,35509,2392303,44199,1549284,68801,3753484
121,4/13/2021 15:00:00,126159,2330460,91324.000000000000000,1452606,3293.000000000000000,191295.000000000000000,129452,2521755,94617,1643901,220776,3974260
122,4/14/2021 15:00:00,40735,2371195,37849.000000000000000,1490455,213.000000000000000,191508.000000000000000,40948,2562703,38062,1681963,78797,4053057
123,4/15/2021 15:00:00,41421,2412616,39574.000000000000000,1530029,176.000000000000000,191684.000000000000000,41597,2604300,39750,1721713,81171,4134228
124,4/16/2021 15:00:00,37150,2449766,38891.000000000000000,1568920,25.000000000000000,191709.000000000000000,37175,2641475,38916,1760629,76066,4210294
125,4/17/2021 15:00:00,32815,2482581,22041.000000000000000,1590961,13.000000000000000,191722.000000000000000,32828,2674303,22054,1782683,54869,4265163
126,4/18/2021 15:00:00,20064,2502645,16208.000000000000000,1607169,5.000000000000000,191727.000000000000000,20069,2694372,16213,1798896,36277,4301440
127,4/19/2021 15:00:00,29887,2532532,36564.000000000000000,1643733,61.000000000000000,191788.000000000000000,29948,2724320,36625,1835521,66512,4367952
128,4/20/2021 15:00:00,32935,2565467,44497.000000000000000,1688230,58.000000000000000,191846.000000000000000,32993,2757313,44555,1880076,77490,4445442
129,4/21/2021 15:00:00,39835,2605302,47085.000000000000000,1735315,26.000000000000000,191872.000000000000000,39861,2797174,47111,1927187,86946,4532388
130,4/22/2021 15:00:00,35856,2641158,42697.000000000000000,1778012,16.000000000000000,191888.000000000000000,35872,2833046,42713,1969900,78569,4610957
131,4/23/2021 15:00:00,33146,2674304,40170.000000000000000,1818182,14.000000000000000,191902.000000000000000,33160,2866206,40184,2010084,73330,4684287
132,4/24/2021 15:00:00,26418,2700722,27928.000000000000000,1846110,81.000000000000000,191983.000000000000000,26499,2892705,28009,2038093,54427,4738714
133,4/25/2021 15:00:00,20218,2720940,10996.000000000000000,1857106,31.000000000000000,192014.000000000000000,20249,2912954,11027,2049120,31245,4769959
134,4/26/2021 15:00:00,27384,2748324,32763.000000000000000,1889869,201.000000000000000,192215.000000000000000,27585,2940539,32964,2082084,60348,4830307
135,4/27/2021 15:00:00,26679,2775003,33106.000000000000000,1922975,1097.000000000000000,193312.000000000000000,27776,2968315,34203,2116287,60882,4891189
136,4/28/2021 15:00:00,28924,2803927,39565.000000000000000,1962540,1367.000000000000000,194679.000000000000000,30291,2998606,40932,2157219,69856,4961045
137,4/29/2021 15:00:00,27067,2830994,39778.000000000000000,2002318,1463.000000000000000,196142.000000000000000,28530,3027136,41241,2198460,68308,5029353
138,4/30/2021 15:00:00,28202,2859196,32313.000000000000000,2034631,1649.000000000000000,197791.000000000000000,29851,3056987,33962,2232422,62164,5091517
139,5/1/2021 15:00:00,20749,2879945,26781.000000000000000,2061412,1055.000000000000000,198846.000000000000000,21804,3078791,27836,2260258,48585,5140102
140,5/2/2021 15:00:00,10269,2890214,17084.000000000000000,2078496,823.000000000000000,199669.000000000000000,11092,3089883,17907,2278165,28176,5168278
141,5/3/2021 15:00:00,12721,2902935,28636.000000000000000,2107132,1916.000000000000000,201585.000000000000000,14637,3104520,30552,2308717,43273,5211551
142,5/4/2021 15:00:00,13561,2916496,38643.000000000000000,2145775,1742.000000000000000,203327.000000000000000,15303,3119823,40385,2349102,53946,5265497
143,5/5/2021 15:00:00,19318,2935814,37785.000000000000000,2183560,1921.000000000000000,205248.000000000000000,21239,3141062,39706,2388808,59024,5324521
144,5/6/2021 15:00:00,16925,2952739,40602.000000000000000,2224162,1721.000000000000000,206969.000000000000000,18646,3159708,42323,2431131,59248,5383769
145,5/7/2021 15:00:00,17581,2970320,37026.000000000000000,2261188,1959.000000000000000,208928.000000000000000,19540,3179248,38985,2470116,56566,5440335
146,5/8/2021 15:00:00,10794,2981114,31234.000000000000000,2292422,1293.000000000000000,210221.000000000000000,12087,3191335,32527,2502643,43321,5483656
147,5/9/2021 15:00:00,5077,2986191,12252.000000000000000,2304674,695.000000000000000,210916.000000000000000,5772,3197107,12947,2515590,18024,5501680
148,5/10/2021 15:00:00,8955,2995146,31062.000000000000000,2335736,1362.000000000000000,212278.000000000000000,10317,3207424,32424,2548014,41379,5543059
149,5/11/2021 15:00:00,12183,3007329,30297.000000000000000,2366033,1442.000000000000000,213720.000000000000000,13625,3221049,31739,2579753,43922,5586981
150,5/12/2021 15:00:00,13947,3021276,38639.000000000000000,2404672,1917.000000000000000,215637.000000000000000,15864,3236913,40556,2620309,54503,5641484
151,5/13/2021 15:00:00,21843,3043119,33524.000000000000000,2438196,1347.000000000000000,216984.000000000000000,23190,3260103,34871,2655180,56714,5698198
152,5/14/2021 15:00:00,24397,3067516,30066.000000000000000,2468262,1774.000000000000000,218758.000000000000000,26171,3286274,31840,2687020,56237,5754435
153,5/15/2021 15:00:00,21953,3089469,25119.000000000000000,2493381,1490.000000000000000,220248.000000000000000,23443,3309717,26609,2713629,48562,5802997
154,5/16/2021 15:00:00,9090,3098559,17582.000000000000000,2510963,1113.000000000000000,221361.000000000000000,10203,3319920,18695,2732324,27785,5830782
155,5/17/2021 15:00:00,16839,3115398,28414.000000000000000,2539377,1949.000000000000000,223310.000000000000000,18788,3338708,30363,2762687,47202,5877984
156,5/18/2021 15:00:00,21262,3136660,30703.000000000000000,2570080,1943.000000000000000,225253.000000000000000,23205,3361913,32646,2795333,53908,5931892
157,5/19/2021 15:00:00,27668,3164328,32440.000000000000000,2602520,1632.000000000000000,226885.000000000000000,29300,3391213,34072,2829405,61740,5993632
158,5/20/2021 15:00:00,20808,3185136,33282.000000000000000,2635802,1965.000000000000000,228850.000000000000000,22773,3413986,35247,2864652,56055,6049687
159,5/21/2021 15:00:00,19163,3204299,30362.000000000000000,2666164,1609.000000000000000,230459.000000000000000,20772,3434758,31971,2896623,51134,6100821
160,5/22/2021 15:00:00,16945,3221244,20697.000000000000000,2686861,1269.000000000000000,231728.000000000000000,18214,3452972,21966,2918589,38911,6139732
161,5/23/2021 15:00:00,8816,3230060,11453.000000000000000,2698314,965.000000000000000,232693.000000000000000,9781,3462753,12418,2931007,21234,6160966
162,5/24/2021 15:00:00,13573,3243633,17781.000000000000000,2716095,1473.000000000000000,234166.000000000000000,15046,3477799,19254,2950261,32827,6193793
163,5/25/2021 15:00:00,13076,3256709,18719.000000000000000,2734814,1329.000000000000000,235495.000000000000000,14405,3492204,20048,2970309,33124,6226917
164,5/26/2021 15:00:00,18309,3275018,19521.000000000000000,2754335,1512.000000000000000,237007.000000000000000,19821,3512025,21033,2991342,39342,6266259
165,5/27/2021 15:00:00,11688,3286706,18673.000000000000000,2773008,1117.000000000000000,238124.000000000000000,12805,3524830,19790,3011132,31478,6297737
166,5/28/2021 15:00:00,12423,3299129,19855.000000000000000,2792863,1402.000000000000000,239526.000000000000000,13825,3538655,21257,3032389,33680,6331417
167,5/29/2021 15:00:00,9516,3308645,11728.000000000000000,2804591,937.000000000000000,240463.000000000000000,10453,3549108,12665,3045054,22181,6353598
168,5/30/2021 15:00:00,4969,3313614,6438.000000000000000,2811029,596.000000000000000,241059.000000000000000,5565,3554673,7034,3052088,12003,6365601
169,5/31/2021 15:00:00,1779,3315393,3712.000000000000000,2814741,305.000000000000000,241364.000000000000000,2084,3556757,4017,3056105,5796,6371397
170,6/1/2021 15:00:00,9878,3325271,16483.000000000000000,2831224,1159.000000000000000,242523.000000000000000,11037,3567794,17642,3073747,27520,6398917
171,6/2/2021 15:00:00,10236,3335507,16825.000000000000000,2848049,961.000000000000000,243484.000000000000000,11197,3578991,17786,3091533,28022,6426939
172,6/3/2021 15:00:00,7896,3343403,21198.000000000000000,2869247,1089.000000000000000,244573.000000000000000,8985,3587976,22287,3113820,30183,6457122
173,6/4/2021 15:00:00,8198,3351601,22362.000000000000000,2891609,1120.000000000000000,245693.000000000000000,9318,3597294,23482,3137302,31680,6488802
174,6/5/2021 15:00:00,7000,3358601,19477.000000000000000,2911086,720.000000000000000,246413.000000000000000,7720,3605014,20197,3157499,27197,6515999
175,6/6/2021 15:00:00,3457,3362058,7257.000000000000000,2918343,425.000000000000000,246838.000000000000000,3882,3608896,7682,3165181,11139,6527138
176,6/7/2021 15:00:00,6859,3368917,15795.000000000000000,2934138,725.000000000000000,247563.000000000000000,7584,3616480,16520,3181701,23379,6550517
177,6/8/2021 15:00:00,6670,3375587,19740.000000000000000,2953878,831.000000000000000,248394.000000000000000,7501,3623981,20571,3202272,27241,6577758
178,6/9/2021 15:00:00,8201,3383788,23994.000000000000000,2977872,969.000000000000000,249363.000000000000000,9170,3633151,24963,3227235,33164,6610922
179,6/10/2021 15:00:00,7152,3390940,19144.000000000000000,2997016,895.000000000000000,250258.000000000000000,8047,3641198,20039,3247274,27191,6638113
180,6/11/2021 15:00:00,7493,3398433,17733.000000000000000,3014749,1125.000000000000000,251383.000000000000000,8618,3649816,18858,3266132,26351,6664464
181,6/12/2021 15:00:00,5242,3403675,14770.000000000000000,3029519,605.000000000000000,251988.000000000000000,5847,3655663,15375,3281507,20617,6685081
182,6/13/2021 15:00:00,1946,3405621,7635.000000000000000,3037154,427.000000000000000,252415.000000000000000,2373,3658036,8062,3289569,10008,6695089
183,6/14/2021 15:00:00,5655,3411276,11827.000000000000000,3048981,733.000000000000000,253148.000000000000000,6388,3664424,12560,3302129,18215,6713304
184,6/15/2021 15:00:00,5647,3416923,14344.000000000000000,3063325,874.000000000000000,254022.000000000000000,6521,3670945,15218,3317347,20865,6734169
185,6/16/2021 15:00:00,8756,3425679,21591.000000000000000,3084916,757.000000000000000,254779.000000000000000,9513,3680458,22348,3339695,31104,6765273
186,6/17/2021 15:00:00,6692,3432371,12369.000000000000000,3097285,720.000000000000000,255499.000000000000000,7412,3687870,13089,3352784,19781,6785054
187,6/18/2021 15:00:00,6834,3439205,12747.000000000000000,3110032,702.000000000000000,256201.000000000000000,7536,3695406,13449,3366233,20283,6805337
188,6/19/2021 15:00:00,4655,3443860,9386.000000000000000,3119418,615.000000000000000,256816.000000000000000,5270,3700676,10001,3376234,14656,6819993
189,6/20/2021 15:00:00,2508,3446368,5063.000000000000000,3124481,377.000000000000000,257193.000000000000000,2885,3703561,5440,3381674,7948,6827941
190,6/21/2021 15:00:00,5567,3451935,5339.000000000000000,3129820,635.000000000000000,257828.000000000000000,6202,3709763,5974,3387648,11541,6839482
191,6/22/2021 15:00:00,5345,3457280,9056.000000000000000,3138876,694.000000000000000,258522.000000000000000,6039,3715802,9750,3397398,15095,6854577
192,6/23/2021 15:00:00,6080,3463360,10340.000000000000000,3149216,646.000000000000000,259168.000000000000000,6726,3722528,10986,3408384,17066,6871643
193,6/24/2021 15:00:00,5937,3469297,8202.000000000000000,3157418,595.000000000000000,259763.000000000000000,6532,3729060,8797,3417181,14734,6886377
194,6/25/2021 15:00:00,5828,3475125,8669.000000000000000,3166087,620.000000000000000,260383.000000000000000,6448,3735508,9289,3426470,15117,6901494
195,6/26/2021 15:00:00,3706,3478831,6306.000000000000000,3172393,398.000000000000000,260781.000000000000000,4104,3739612,6704,3433174,10410,6911904
196,6/27/2021 15:00:00,2810,3481641,3525.000000000000000,3175918,185.000000000000000,260966.000000000000000,2995,3742607,3710,3436884,6520,6918424
197,6/28/2021 15:00:00,4924,3486565,6394.000000000000000,3182312,539.000000000000000,261505.000000000000000,5463,3748070,6933,3443817,11857,6930281
198,6/29/2021 15:00:00,5062,3491627,6482.000000000000000,3188794,523.000000000000000,262028.000000000000000,5585,3753655,7005,3450822,12067,6942348
199,6/30/2021 15:00:00,5628,3497255,7390.000000000000000,3196184,606.000000000000000,262634.000000000000000,6234,3759889,7996,3458818,13624,6955972
200,7/1/2021 15:00:00,5438,3502693,7000.000000000000000,3203184,504.000000000000000,263138.000000000000000,5942,3765831,7504,3466322,12942,6968914
201,7/2/2021 15:00:00,5296,3507989,6848.000000000000000,3210032,527.000000000000000,263665.000000000000000,5823,3771654,7375,3473697,12671,6981585
202,7/3/2021 15:00:00,3274,3511263,4070.000000000000000,3214102,264.000000000000000,263929.000000000000000,3538,3775192,4334,3478031,7608,6989193
203,7/4/2021 15:00:00,494,3511757,551.000000000000000,3214653,69.000000000000000,263998.000000000000000,563,3775755,620,3478651,1114,6990307
204,7/5/2021 15:00:00,3771,3515528,3953.000000000000000,3218606,287.000000000000000,264285.000000000000000,4058,3779813,4240,3482891,8011,6998318
205,7/6/2021 15:00:00,4497,3520025,6285.000000000000000,3224891,455.000000000000000,264740.000000000000000,4952,3784765,6740,3489631,11237,7009555
206,7/7/2021 15:00:00,4471,3524496,6417.000000000000000,3231308,483.000000000000000,265223.000000000000000,4954,3789719,6900,3496531,11371,7020926
207,7/8/2021 15:00:00,4838,3529334,6185.000000000000000,3237493,564.000000000000000,265787.000000000000000,5402,3795121,6749,3503280,11587,7032513
208,7/9/2021 15:00:00,5365,3534699,6678.000000000000000,3244171,573.000000000000000,266360.000000000000000,5938,3801059,7251,3510531,12616,7045129
209,7/10/2021 15:00:00,3522,3538221,4405.000000000000000,3248576,305.000000000000000,266665.000000000000000,3827,3804886,4710,3515241,8232,7053361
210,7/11/2021 15:00:00,2681,3540902,2577.000000000000000,3251153,227.000000000000000,266892.000000000000000,2908,3807794,2804,3518045,5485,7058846
211,7/12/2021 15:00:00,4426,3545328,5134.000000000000000,3256287,379.000000000000000,267271.000000000000000,4805,3812599,5513,3523558,9939,7068785
212,7/13/2021 15:00:00,4668,3549996,4725.000000000000000,3261012,366.000000000000000,267637.000000000000000,5034,3817633,5091,3528649,9759,7078544
213,7/14/2021 15:00:00,4627,3554623,5290.000000000000000,3266302,422.000000000000000,268059.000000000000000,5049,3822682,5712,3534361,10339,7088883
214,7/15/2021 15:00:00,4915,3559538,5019.000000000000000,3271321,358.000000000000000,268417.000000000000000,5273,3827955,5377,3539738,10292,7099175
215,7/16/2021 15:00:00,6275,3565813,5849.000000000000000,3277170,405.000000000000000,268822.000000000000000,6680,3834635,6254,3545992,12529,7111704
216,7/17/2021 15:00:00,3415,3569228,3554.000000000000000,3280724,303.000000000000000,269125.000000000000000,3718,3838353,3857,3549849,7272,7118976
217,7/18/2021 15:00:00,2310,3571538,2384.000000000000000,3283108,110.000000000000000,269235.000000000000000,2420,3840773,2494,3552343,4804,7123780
218,7/19/2021 15:00:00,5144,3576682,4614.000000000000000,3287722,383.000000000000000,269618.000000000000000,5527,3846300,4997,3557340,10141,7133921
219,7/20/2021 15:00:00,5345,3582027,4727.000000000000000,3292449,367.000000000000000,269985.000000000000000,5712,3852012,5094,3562434,10439,7144360
220,7/21/2021 15:00:00,5664,3587691,4957.000000000000000,3297406,416.000000000000000,270401.000000000000000,6080,3858092,5373,3567807,11037,7155397
221,7/22/2021 15:00:00,6033,3593724,4647.000000000000000,3302053,472.000000000000000,270873.000000000000000,6505,3864597,5119,3572926,11152,7166549
222,7/23/2021 15:00:00,6846,3600570,4849.000000000000000,3306902,499.000000000000000,271372.000000000000000,7345,3871942,5348,3578274,12194,7178743
223,7/24/2021 15:00:00,4282,3604852,3208.000000000000000,3310110,267.000000000000000,271639.000000000000000,4549,3876491,3475,3581749,7757,7186500
224,7/25/2021 15:00:00,3299,3608151,1122.000000000000000,3311232,140.000000000000000,271779.000000000000000,3439,3879930,1262,3583011,4561,7191061
225,7/26/2021 15:00:00,6219,3614370,3912.000000000000000,3315144,419.000000000000000,272198.000000000000000,6638,3886568,4331,3587342,10550,7201611
226,7/27/2021 15:00:00,6607,3620977,4291.000000000000000,3319435,458.000000000000000,272656.000000000000000,7065,3893633,4749,3592091,11356,7212967
227,7/28/2021 15:00:00,7091,3628068,4152.000000000000000,3323587,460.000000000000000,273116.000000000000000,7551,3901184,4612,3596703,11703,7224670
228,7/29/2021 15:00:00,7083,3635151,4312.000000000000000,3327899,419.000000000000000,273535.000000000000000,7502,3908686,4731,3601434,11814,7236484
229,7/30/2021 15:00:00,7826,3642977,4813.000000000000000,3332712,527.000000000000000,274062.000000000000000,8353,3917039,5340,3606774,13166,7249650
230,7/31/2021 15:00:00,4793,3647770,3084.000000000000000,3335796,274.000000000000000,274336.000000000000000,5067,3922106,3358,3610132,8151,7257801
231,8/1/2021 15:00:00,3908,3651678,2189.000000000000000,3337985,165.000000000000000,274501.000000000000000,4073,3926179,2354,3612486,6262,7264063
232,8/2/2021 15:00:00,7274,3658952,3852.000000000000000,3341837,341.000000000000000,274842.000000000000000,7615,3933794,4193,3616679,11467,7275530
233,8/3/2021 15:00:00,7274,3666226,4110.000000000000000,3345947,517.000000000000000,275359.000000000000000,7791,3941585,4627,3621306,11901,7287431
234,8/4/2021 15:00:00,7429,3673655,4123.000000000000000,3350070,536.000000000000000,275895.000000000000000,7965,3949550,4659,3625965,12088,7299519
235,8/5/2021 15:00:00,7962,3681617,4304.000000000000000,3354374,539.000000000000000,276434.000000000000000,8501,3958051,4843,3630808,12805,7312324
236,8/6/2021 15:00:00,8340,3689957,4743.000000000000000,3359117,454.000000000000000,276888.000000000000000,8794,3966845,5197,3636005,13537,7325861
237,8/7/2021 15:00:00,5305,3695262,2843.000000000000000,3361960,264.000000000000000,277152.000000000000000,5569,3972414,3107,3639112,8412,7334273
238,8/8/2021 15:00:00,3979,3699241,2063.000000000000000,3364023,146.000000000000000,277298.000000000000000,4125,3976539,2209,3641321,6188,7340461
239,8/9/2021 15:00:00,6958,3706199,4568.000000000000000,3368591,370.000000000000000,277668.000000000000000,7328,3983867,4938,3646259,11896,7352357
240,8/10/2021 15:00:00,7177,3713376,4496.000000000000000,3373087,340.000000000000000,278008.000000000000000,7517,3991384,4836,3651095,12013,7364370
241,8/11/2021 15:00:00,7088,3720464,4448.000000000000000,3377535,443.000000000000000,278451.000000000000000,7531,3998915,4891,3655986,11979,7376349
242,8/12/2021 15:00:00,8639,3729103,4759.000000000000000,3382294,445.000000000000000,278896.000000000000000,9084,4007999,5204,3661190,13843,7390192
243,8/13/2021 15:00:00,7161,3736264,5397.000000000000000,3387691,397.000000000000000,279293.000000000000000,7558,4015557,5794,3666984,12955,7403147
244,8/14/2021 15:00:00,4922,3741186,3342.000000000000000,3391033,285.000000000000000,279578.000000000000000,5207,4020764,3627,3670611,8549,7411696
245,8/15/2021 15:00:00,3328,3744514,2740.000000000000000,3393773,163.000000000000000,279741.000000000000000,3491,4024255,2903,3673514,6231,7417927
246,8/16/2021 15:00:00,5454,3749968,5094.000000000000000,3398867,354.000000000000000,280095.000000000000000,5808,4030063,5448,3678962,10902,7428829
247,8/17/2021 15:00:00,6822,3756790,5364.000000000000000,3404231,391.000000000000000,280486.000000000000000,7213,4037276,5755,3684717,12577,7441406
248,8/18/2021 15:00:00,6334,3763124,5514.000000000000000,3409745,481.000000000000000,280967.000000000000000,6815,4044091,5995,3690712,12329,7453735
249,8/19/2021 15:00:00,6227,3769351,5558.000000000000000,3415303,417.000000000000000,281384.000000000000000,6644,4050735,5975,3696687,12202,7465937
250,8/20/2021 15:00:00,6845,3776196,6556.000000000000000,3421859,401.000000000000000,281785.000000000000000,7246,4057981,6957,3703644,13802,7479739
251,8/21/2021 15:00:00,4340,3780536,3919.000000000000000,3425778,229.000000000000000,282014.000000000000000,4569,4062550,4148,3707792,8488,7488227
252,8/22/2021 15:00:00,3060,3783596,3170.000000000000000,3428948,110.000000000000000,282124.000000000000000,3170,4065720,3280,3711072,6340,7494567
253,8/23/2021 15:00:00,5997,3789593,6107.000000000000000,3435055,287.000000000000000,282411.000000000000000,6284,4072004,6394,3717466,12391,7506958
254,8/24/2021 15:00:00,6550,3796143,6075.000000000000000,3441130,425.000000000000000,282836.000000000000000,6975,4078979,6500,3723966,13050,7520008
255,8/25/2021 15:00:00,6722,3802865,6227.000000000000000,3447357,441.000000000000000,283277.000000000000000,7163,4086142,6668,3730634,13390,7533398
256,8/26/2021 15:00:00,6969,3809834,6660.000000000000000,3454017,428.000000000000000,283705.000000000000000,7397,4093539,7088,3737722,14057,7547455
257,8/27/2021 15:00:00,6831,3816665,7088.000000000000000,3461105,317.000000000000000,284022.000000000000000,7148,4100687,7405,3745127,14236,7561691
258,8/28/2021 15:00:00,6908,3823573,6527.000000000000000,3467632,326.000000000000000,284348.000000000000000,7234,4107921,6853,3751980,13761,7575452
259,8/29/2021 15:00:00,3738,3827311,3693.000000000000000,3471325,610.000000000000000,284958.000000000000000,4348,4112269,4303,3756283,8041,7583493
260,8/30/2021 15:00:00,5930,3833241,6129.000000000000000,3477454,960.000000000000000,285918.000000000000000,6890,4119159,7089,3763372,13019,7596512
261,8/31/2021 15:00:00,5903,3839144,6077.000000000000000,3483531,946.000000000000000,286864.000000000000000,6849,4126008,7023,3770395,12926,7609438
262,9/1/2021 15:00:00,5597,3844741,5706.000000000000000,3489237,918.000000000000000,287782.000000000000000,6515,4132523,6624,3777019,12221,7621659
263,9/2/2021 15:00:00,5539,3850280,5947.000000000000000,3495184,709.000000000000000,288491.000000000000000,6248,4138771,6656,3783675,12195,7633854
264,9/3/2021 15:00:00,6010,3856290,6945.000000000000000,3502129,977.000000000000000,289468.000000000000000,6987,4145758,7922,3791597,13932,7647786
265,9/4/2021 15:00:00,3734,3860024,4355.000000000000000,3506484,878.000000000000000,290346.000000000000000,4612,4150370,5233,3796830,8967,7656753
266,9/5/2021 15:00:00,2956,3862980,2813.000000000000000,3509297,106.000000000000000,290452.000000000000000,3062,4153432,2919,3799749,5875,7662628
267,9/6/2021 15:00:00,1060,3864040,1159.000000000000000,3510456,69.000000000000000,290521.000000000000000,1129,4154561,1228,3800977,2288,7664916
268,9/7/2021 15:00:00,5348,3869388,7307.000000000000000,3517763,2303.000000000000000,292824.000000000000000,7651,4162212,9610,3810587,14958,7679874
269,9/8/2021 15:00:00,4656,3874044,5482.000000000000000,3523245,364.000000000000000,293188.000000000000000,5020,4167232,5846,3816433,10502,7690376
270,9/9/2021 15:00:00,5020,3879064,5467.000000000000000,3528712,325.000000000000000,293513.000000000000000,5345,4172577,5792,3822225,10812,7701188
271,9/10/2021 15:00:00,6527,3885591,6671.000000000000000,3535383,1719.000000000000000,295232.000000000000000,8246,4180823,8390,3830615,14917,7716105
272,9/11/2021 15:00:00,4175,3889766,4344.000000000000000,3539727,666.000000000000000,295898.000000000000000,4841,4185664,5010,3835625,9185,7725290
273,9/12/2021 15:00:00,3171,3892937,3239.000000000000000,3542966,436.000000000000000,296334.000000000000000,3607,4189271,3675,3839300,6846,7732136
274,9/13/2021 15:00:00,4884,3897821,5073.000000000000000,3548039,347.000000000000000,296681.000000000000000,5231,4194502,5420,3844720,10304,7742440
275,9/14/2021 15:00:00,4775,3902596,5446.000000000000000,3553485,437.000000000000000,297118.000000000000000,5212,4199714,5883,3850603,10658,7753098
276,9/15/2021 15:00:00,5044,3907640,5883.000000000000000,3559368,392.000000000000000,297510.000000000000000,5436,4205150,6275,3856878,11319,7764417
277,9/16/2021 15:00:00,4810,3912450,5850.000000000000000,3565218,336.000000000000000,297846.000000000000000,5146,4210296,6186,3863064,10996,7775413
278,9/17/2021 15:00:00,5258,3917708,6582.000000000000000,3571800,344.000000000000000,298190.000000000000000,5602,4215898,6926,3869990,12184,7787597
279,9/18/2021 15:00:00,3806,3921514,4580.000000000000000,3576380,185.000000000000000,298375.000000000000000,3991,4219889,4765,3874755,8571,7796168
280,9/19/2021 15:00:00,2741,3924255,3177.000000000000000,3579557,75.000000000000000,298450.000000000000000,2816,4222705,3252,3878007,5993,7802161
281,9/20/2021 15:00:00,3753,3928008,4678.000000000000000,3584235,429.000000000000000,298879.000000000000000,4182,4226887,5107,3883114,8860,7811021
282,9/21/2021 15:00:00,3998,3932006,5006.000000000000000,3589241,327.000000000000000,299206.000000000000000,4325,4231212,5333,3888447,9331,7820352
283,9/22/2021 15:00:00,4195,3936201,4777.000000000000000,3594018,459.000000000000000,299665.000000000000000,4654,4235866,5236,3893683,9431,7829783
284,9/23/2021 15:00:00,4175,3940376,4732.000000000000000,3598750,492.000000000000000,300157.000000000000000,4667,4240533,5224,3898907,9399,7839182
285,9/24/2021 15:00:00,5080,3945456,5614.000000000000000,3604364,422.000000000000000,300579.000000000000000,5502,4246035,6036,3904943,11116,7850298
286,9/25/2021 15:00:00,3624,3949080,3629.000000000000000,3607993,384.000000000000000,300963.000000000000000,4008,4250043,4013,3908956,7637,7857935
287,9/26/2021 15:00:00,2349,3951429,2666.000000000000000,3610659,431.000000000000000,301394.000000000000000,2780,4252823,3097,3912053,5446,7863381
288,9/27/2021 15:00:00,4504,3955933,2711.000000000000000,3613370,512.000000000000000,301906.000000000000000,5016,4257839,3223,3915276,7727,7871108
289,9/28/2021 15:00:00,4398,3960331,4453.000000000000000,3617823,211.000000000000000,302117.000000000000000,4609,4262448,4664,3919940,9062,7880170
290,9/29/2021 15:00:00,4691,3965022,4510.000000000000000,3622333,920.000000000000000,303037.000000000000000,5611,4268059,5430,3925370,10121,7890291
291,9/30/2021 15:00:00,4886,3969908,4562.000000000000000,3626895,796.000000000000000,303833.000000000000000,5682,4273741,5358,3930728,10244,7900535
292,10/1/2021 15:00:00,5516,3975424,5350.000000000000000,3632245,785.000000000000000,304618.000000000000000,6301,4280042,6135,3936863,11651,7912186
293,10/2/2021 15:00:00,2934,3978358,2897.000000000000000,3635142,187.000000000000000,304805.000000000000000,3121,4283163,3084,3939947,6018,7918204
294,10/3/2021 15:00:00,2075,3980433,2377.000000000000000,3637519,86.000000000000000,304891.000000000000000,2161,4285324,2463,3942410,4538,7922742
295,10/4/2021 15:00:00,4025,3984458,3498.000000000000000,3641017,232.000000000000000,305123.000000000000000,4257,4289581,3730,3946140,7755,7930497
296,10/5/2021 15:00:00,3952,3988410,3661.000000000000000,3644678,207.000000000000000,305330.000000000000000,4159,4293740,3868,3950008,7820,7938317
297,10/6/2021 15:00:00,4020,3992430,3574.000000000000000,3648252,266.000000000000000,305596.000000000000000,4286,4298026,3840,3953848,7860,7946177
298,10/7/2021 15:00:00,4233,3996663,3627.000000000000000,3651879,331.000000000000000,305927.000000000000000,4564,4302590,3958,3957806,8191,7954368
299,10/8/2021 15:00:00,4769,4001432,4283.000000000000000,3656162,283.000000000000000,306210.000000000000000,5052,4307642,4566,3962372,9335,7963703
300,10/9/2021 15:00:00,2691,4004123,2674.000000000000000,3658836,270.000000000000000,306480.000000000000000,2961,4310603,2944,3965316,5635,7969338
301,10/10/2021 15:00:00,1861,4005984,1850.000000000000000,3660686,59.000000000000000,306539.000000000000000,1920,4312523,1909,3967225,3770,7973108
302,10/11/2021 15:00:00,4207,4010191,3314.000000000000000,3664000,250.000000000000000,306789.000000000000000,4457,4316980,3564,3970789,7771,7980879
303,10/12/2021 15:00:00,3598,4013789,3533.000000000000000,3667533,273.000000000000000,307062.000000000000000,3871,4320851,3806,3974595,7404,7988283
304,10/13/2021 15:00:00,3978,4017767,3457.000000000000000,3670990,346.000000000000000,307408.000000000000000,4324,4325175,3803,3978398,7781,7996064
305,10/14/2021 15:00:00,5157,4022924,5494.000000000000000,3676484,431.000000000000000,307839.000000000000000,5588,4330763,5925,3984323,11082,8007146
306,10/15/2021 15:00:00,4757,4027681,4598.000000000000000,3681082,347.000000000000000,308186.000000000000000,5104,4335867,4945,3989268,9702,8016848
307,10/16/2021 15:00:00,2495,4030176,2509.000000000000000,3683591,291.000000000000000,308477.000000000000000,2786,4338653,2800,3992068,5295,8022143
308,10/17/2021 15:00:00,1805,4031981,1775.000000000000000,3685366,55.000000000000000,308532.000000000000000,1860,4340513,1830,3993898,3635,8025778
309,10/18/2021 15:00:00,4280,4036261,3576.000000000000000,3688942,268.000000000000000,308800.000000000000000,4548,4345061,3844,3997742,8124,8033902
310,10/19/2021 15:00:00,4302,4040563,4001.000000000000000,3692943,223.000000000000000,309023.000000000000000,4525,4349586,4224,4001966,8526,8042428
311,10/20/2021 15:00:00,3534,4044097,3418.000000000000000,3696361,255.000000000000000,309278.000000000000000,3789,4353375,3673,4005639,7207,8049635
312,10/21/2021 15:00:00,3299,4047396,3273.000000000000000,3699634,291.000000000000000,309569.000000000000000,3590,4356965,3564,4009203,6863,8056498
313,10/22/2021 15:00:00,4679,4052075,4027.000000000000000,3703661,477.000000000000000,310046.000000000000000,5156,4362121,4504,4013707,9183,8065681
314,10/23/2021 15:00:00,2882,4054957,2108.000000000000000,3705769,321.000000000000000,310367.000000000000000,3203,4365324,2429,4016136,5311,8070992
315,10/24/2021 15:00:00,2056,4057013,1551.000000000000000,3707320,79.000000000000000,310446.000000000000000,2135,4367459,1630,4017766,3686,8074678
316,10/25/2021 15:00:00,4547,4061560,3068.000000000000000,3710388,320.000000000000000,310766.000000000000000,4867,4372326,3388,4021154,7935,8082613
317,10/26/2021 15:00:00,4511,4066071,3074.000000000000000,3713462,316.000000000000000,311082.000000000000000,4827,4377153,3390,4024544,7901,8090514
318,10/27/2021 15:00:00,4734,4070805,3338.000000000000000,3716800,436.000000000000000,311518.000000000000000,5170,4382323,3774,4028318,8508,8099022
319,10/28/2021 15:00:00,4566,4075371,3358.000000000000000,3720158,502.000000000000000,312020.000000000000000,5068,4387391,3860,4032178,8426,8107448
320,10/29/2021 15:00:00,4986,4080357,3916.000000000000000,3724074,395.000000000000000,312415.000000000000000,5381,4392772,4311,4036489,9297,8116745
321,10/30/2021 15:00:00,2630,4082987,1836.000000000000000,3725910,307.000000000000000,312722.000000000000000,2937,4395709,2143,4038632,4773,8121518
322,10/31/2021 15:00:00,1933,4084920,1518.000000000000000,3727428,93.000000000000000,312815.000000000000000,2026,4397735,1611,4040243,3544,8125062
323,11/1/2021 15:00:00,4725,4089645,3428.000000000000000,3730856,348.000000000000000,313163.000000000000000,5073,4402808,3776,4044019,8501,8133563
324,11/2/2021 15:00:00,4253,4093898,2936.000000000000000,3733792,409.000000000000000,313572.000000000000000,4662,4407470,3345,4047364,7598,8141161
325,11/3/2021 15:00:00,4666,4098564,3044.000000000000000,3736836,464.000000000000000,314036.000000000000000,5130,4412600,3508,4050872,8174,8149335
326,11/4/2021 15:00:00,6317,4104881,3365.000000000000000,3740201,513.000000000000000,314549.000000000000000,6830,4419430,3878,4054750,10195,8159530
327,11/5/2021 15:00:00,8238,4113119,3760.000000000000000,3743961,413.000000000000000,314962.000000000000000,8651,4428081,4173,4058923,12411,8171941
328,11/6/2021 15:00:00,10171,4123290,1967.000000000000000,3745928,308.000000000000000,315270.000000000000000,10479,4438560,2275,4061198,12446,8184387
329,11/7/2021 15:00:00,7717,4131007,1461.000000000000000,3747389,95.000000000000000,315365.000000000000000,7812,4446372,1556,4062754,9273,8193660
330,11/8/2021 15:00:00,11305,4142312,3046.000000000000000,3750435,379.000000000000000,315744.000000000000000,11684,4458056,3425,4066179,14730,8208390
331,11/9/2021 15:00:00,11763,4154075,2643.000000000000000,3753078,269.000000000000000,316013.000000000000000,12032,4470088,2912,4069091,14675,8223065
332,11/10/2021 15:00:00,12591,4166666,2758.000000000000000,3755836,339.000000000000000,316352.000000000000000,12930,4483018,3097,4072188,15688,8238753
333,11/11/2021 15:00:00,11372,4178038,2373.000000000000000,3758209,280.000000000000000,316632.000000000000000,11652,4494670,2653,4074841,14025,8252778
334,11/12/2021 15:00:00,12288,4190326,3349.000000000000000,3761558,548.000000000000000,317180.000000000000000,12836,4507506,3897,4078738,16185,8268963
335,11/13/2021 15:00:00,9894,4200220,1590.000000000000000,3763148,342.000000000000000,317522.000000000000000,10236,4517742,1932,4080670,11826,8280789
336,11/14/2021 15:00:00,4198,4204418,1111.000000000000000,3764259,121.000000000000000,317643.000000000000000,4319,4522061,1232,4081902,5430,8286219
337,11/15/2021 15:00:00,8625,4213043,2512.000000000000000,3766771,210.000000000000000,317853.000000000000000,8835,4530896,2722,4084624,11347,8297566
338,11/16/2021 15:00:00,9227,4222270,2508.000000000000000,3769279,257.000000000000000,318110.000000000000000,9484,4540380,2765,4087389,11992,8309558
339,11/17/2021 15:00:00,9390,4231660,2863.000000000000000,3772142,312.000000000000000,318422.000000000000000,9702,4550082,3175,4090564,12565,8322123
340,11/18/2021 15:00:00,9279,4240939,2624.000000000000000,3774766,481.000000000000000,318903.000000000000000,9760,4559842,3105,4093669,12384,8334507
341,11/19/2021 15:00:00,9808,4250747,2908.000000000000000,3777674,381.000000000000000,319284.000000000000000,10189,4570031,3289,4096958,13097,8347604
342,11/20/2021 15:00:00,10626,4261373,1600.000000000000000,3779274,455.000000000000000,319739.000000000000000,11081,4581112,2055,4099013,12681,8360285
343,11/21/2021 15:00:00,4342,4265715,1201.000000000000000,3780475,100.000000000000000,319839.000000000000000,4442,4585554,1301,4100314,5643,8365928
344,11/22/2021 15:00:00,9819,4275534,2481.000000000000000,3782956,293.000000000000000,320132.000000000000000,10112,4595666,2774,4103088,12593,8378521
345,11/23/2021 15:00:00,9211,4284745,2386.000000000000000,3785342,282.000000000000000,320414.000000000000000,9493,4605159,2668,4105756,11879,8390400
346,11/24/2021 15:00:00,8167,4292912,2435.000000000000000,3787777,216.000000000000000,320630.000000000000000,8383,4613542,2651,4108407,10818,8401218
347,11/25/2021 15:00:00,239,4293151,78.000000000000000,3787855,10.000000000000000,320640.000000000000000,249,4613791,88,4108495,327,8401545
348,11/26/2021 15:00:00,5650,4298801,3955.000000000000000,3791810,153.000000000000000,320793.000000000000000,5803,4619594,4108,4112603,9758,8411303
349,11/27/2021 15:00:00,3776,4302577,5479.000000000000000,3797289,134.000000000000000,320927.000000000000000,3910,4623504,5613,4118216,9389,8420692
350,11/28/2021 15:00:00,2415,4304992,6385.000000000000000,3803674,77.000000000000000,321004.000000000000000,2492,4625996,6462,4124678,8877,8429569
351,11/29/2021 15:00:00,6373,4311365,9287.000000000000000,3812961,379.000000000000000,321383.000000000000000,6752,4632748,9666,4134344,16039,8445608
352,11/30/2021 15:00:00,6252,4317617,9322.000000000000000,3822283,264.000000000000000,321647.000000000000000,6516,4639264,9586,4143930,15838,8461446
353,12/1/2021 15:00:00,7317,4324934,9725.000000000000000,3832008,308.000000000000000,321955.000000000000000,7625,4646889,10033,4153963,17350,8478796
354,12/2/2021 15:00:00,6928,4331862,8793.000000000000000,3840801,450.000000000000000,322405.000000000000000,7378,4654267,9243,4163206,16171,8494967
355,12/3/2021 15:00:00,7607,4339469,9259.000000000000000,3850060,251.000000000000000,322656.000000000000000,7858,4662125,9510,4172716,17117,8512084
356,12/4/2021 15:00:00,5950,4345419,10050.000000000000000,3860110,467.000000000000000,323123.000000000000000,6417,4668542,10517,4183233,16467,8528551
357,12/5/2021 15:00:00,3447,4348866,3548.000000000000000,3863658,78.000000000000000,323201.000000000000000,3525,4672067,3626,4186859,7073,8535624
358,12/6/2021 15:00:00,6766,4355632,7095.000000000000000,3870753,281.000000000000000,323482.000000000000000,7047,4679114,7376,4194235,14142,8549766
359,12/7/2021 15:00:00,6412,4362044,7036.000000000000000,3877789,250.000000000000000,323732.000000000000000,6662,4685776,7286,4201521,13698,8563464
360,12/8/2021 15:00:00,6932,4368976,7414.000000000000000,3885203,315.000000000000000,324047.000000000000000,7247,4693023,7729,4209250,14661,8578125
361,12/9/2021 15:00:00,6546,4375522,7029.000000000000000,3892232,398.000000000000000,324445.000000000000000,6944,4699967,7427,4216677,13973,8592098
362,12/10/2021 15:00:00,7287,4382809,7325.000000000000000,3899557,232.000000000000000,324677.000000000000000,7519,4707486,7557,4224234,14844,8606942
363,12/11/2021 15:00:00,4450,4387259,7673.000000000000000,3907230,333.000000000000000,325010.000000000000000,4783,4712269,8006,4232240,12456,8619398
364,12/12/2021 15:00:00,4001,4391260,2773.000000000000000,3910003,60.000000000000000,325070.000000000000000,4061,4716330,2833,4235073,6834,8626232
365,12/13/2021 15:00:00,5696,4396956,5763.000000000000000,3915766,243.000000000000000,325313.000000000000000,5939,4722269,6006,4241079,11702,8637934
366,12/14/2021 15:00:00,6464,4403420,5932.000000000000000,3921698,222.000000000000000,325535.000000000000000,6686,4728955,6154,4247233,12618,8650552
367,12/15/2021 15:00:00,7170,4410590,5714.000000000000000,3927412,258.000000000000000,325793.000000000000000,7428,4736383,5972,4253205,13142,8663694
368,12/16/2021 15:00:00,7890,4418480,2826.000000000000000,3930238,423.000000000000000,326216.000000000000000,8313,4744696,3249,4256454,11139,8674833
369,12/17/2021 15:00:00,7844,4426324,4159.000000000000000,3934397,195.000000000000000,326411.000000000000000,8039,4752735,4354,4260808,12198,8687031
370,12/18/2021 15:00:00,5837,4432161,3180.000000000000000,3937577,298.000000000000000,326709.000000000000000,6135,4758870,3478,4264286,9315,8696346
371,12/19/2021 15:00:00,3377,4435538,1342.000000000000000,3938919,37.000000000000000,326746.000000000000000,3414,4762284,1379,4265665,4756,8701102
372,12/20/2021 15:00:00,8083,4443621,3744.000000000000000,3942663,173.000000000000000,326919.000000000000000,8256,4770540,3917,4269582,12000,8713102
373,12/21/2021 15:00:00,8999,4452620,4160.000000000000000,3946823,175.000000000000000,327094.000000000000000,9174,4779714,4335,4273917,13334,8726436
374,12/22/2021 15:00:00,8687,4461307,3871.000000000000000,3950694,184.000000000000000,327278.000000000000000,8871,4788585,4055,4277972,12742,8739178
375,12/23/2021 15:00:00,8403,4469710,3574.000000000000000,3954268,359.000000000000000,327637.000000000000000,8762,4797347,3933,4281905,12336,8751514
376,12/24/2021 15:00:00,1634,4471344,1008.000000000000000,3955276,39.000000000000000,327676.000000000000000,1673,4799020,1047,4282952,2681,8754195
377,12/25/2021 15:00:00,49,4471393,36.000000000000000,3955312,1.000000000000000,327677.000000000000000,50,4799070,37,4282989,86,8754281
378,12/26/2021 15:00:00,2516,4473909,1744.000000000000000,3957056,44.000000000000000,327721.000000000000000,2560,4801630,1788,4284777,4304,8758585
379,12/27/2021 15:00:00,7203,4481112,3996.000000000000000,3961052,297.000000000000000,328018.000000000000000,7500,4809130,4293,4289070,11496,8770081
380,12/28/2021 15:00:00,7928,4489040,3852.000000000000000,3964904,178.000000000000000,328196.000000000000000,8106,4817236,4030,4293100,11958,8782039
381,12/29/2021 15:00:00,8230,4497270,4012.000000000000000,3968916,156.000000000000000,328352.000000000000000,8386,4825622,4168,4297268,12398,8794437
382,12/30/2021 15:00:00,7477,4504747,3783.000000000000000,3972699,290.000000000000000,328642.000000000000000,7767,4833389,4073,4301341,11550,8805987
383,12/31/2021 15:00:00,2575,4507322,1530.000000000000000,3974229,90.000000000000000,328732.000000000000000,2665,4836054,1620,4302961,4195,8810182
384,1/1/2022 15:00:00,737,4508059,347.000000000000000,3974576,34.000000000000000,328766.000000000000000,771,4836825,381,4303342,1118,8811300
385,1/2/2022 15:00:00,2217,4510276,1651.000000000000000,3976227,48.000000000000000,328814.000000000000000,2265,4839090,1699,4305041,3916,8815216
386,1/3/2022 15:00:00,3398,4513674,2067.000000000000000,3978294,222.000000000000000,329036.000000000000000,3620,4842710,2289,4307330,5687,8820903
387,1/4/2022 15:00:00,5848,4519522,3486.000000000000000,3981780,165.000000000000000,329201.000000000000000,6013,4848723,3651,4310981,9499,8830402
388,1/5/2022 15:00:00,6825,4526347,4691.000000000000000,3986471,175.000000000000000,329376.000000000000000,7000,4855723,4866,4315847,11691,8842093
389,1/6/2022 15:00:00,6752,4533099,4823.000000000000000,3991294,265.000000000000000,329641.000000000000000,7017,4862740,5088,4320935,11840,8853933
390,1/7/2022 15:00:00,5980,4539079,3772.000000000000000,3995066,162.000000000000000,329803.000000000000000,6142,4868882,3934,4324869,9914,8863847
391,1/8/2022 15:00:00,4804,4543883,3906.000000000000000,3998972,78.000000000000000,329881.000000000000000,4882,4873764,3984,4328853,8788,8872635
392,1/9/2022 15:00:00,2764,4546647,2017.000000000000000,4000989,154.000000000000000,330035.000000000000000,2918,4876682,2171,4331024,4935,8877570
393,1/10/2022 15:00:00,6342,4552989,3833.000000000000000,4004822,160.000000000000000,330195.000000000000000,6502,4883184,3993,4335017,10335,8887905
394,1/11/2022 15:00:00,6554,4559543,4247.000000000000000,4009069,142.000000000000000,330337.000000000000000,6696,4889880,4389,4339406,10943,8898848
395,1/12/2022 15:00:00,6811,4566354,4439.000000000000000,4013508,225.000000000000000,330562.000000000000000,7036,4896916,4664,4344070,11475,8910323
396,1/13/2022 15:00:00,6658,4573012,4382.000000000000000,4017890,153.000000000000000,330715.000000000000000,6811,4903727,4535,4348605,11193,8921516
397,1/14/2022 15:00:00,7209,4580221,3284.000000000000000,4021174,252.000000000000000,330967.000000000000000,7461,4911188,3536,4352141,10745,8932261
398,1/15/2022 15:00:00,4264,4584485,1689.000000000000000,4022863,71.000000000000000,331038.000000000000000,4335,4915523,1760,4353901,6024,8938285
399,1/16/2022 15:00:00,2217,4586702,1319.000000000000000,4024182,116.000000000000000,331154.000000000000000,2333,4917856,1435,4355336,3652,8941937
400,1/17/2022 15:00:00,3616,4590318,2364.000000000000000,4026546,74.000000000000000,331228.000000000000000,3690,4921546,2438,4357774,6054,8947991
401,1/18/2022 15:00:00,5283,4595601,4201.000000000000000,4030747,102.000000000000000,331330.000000000000000,5385,4926931,4303,4362077,9586,8957577
402,1/19/2022 15:00:00,5292,4600893,4472.000000000000000,4035219,99.000000000000000,331429.000000000000000,5391,4932322,4571,4366648,9863,8967440
403,1/20/2022 15:00:00,4527,4605420,3622.000000000000000,4038841,176.000000000000000,331605.000000000000000,4703,4937025,3798,4370446,8325,8975765
404,1/21/2022 15:00:00,5595,4611015,2929.000000000000000,4041770,126.000000000000000,331731.000000000000000,5721,4942746,3055,4373501,8650,8984415
405,1/22/2022 15:00:00,3456,4614471,1723.000000000000000,4043493,134.000000000000000,331865.000000000000000,3590,4946336,1857,4375358,5313,8989728
406,1/23/2022 15:00:00,2032,4616503,1495.000000000000000,4044988,30.000000000000000,331895.000000000000000,2062,4948398,1525,4376883,3557,8993285
407,1/24/2022 15:00:00,4125,4620628,2772.000000000000000,4047760,89.000000000000000,331984.000000000000000,4214,4952612,2861,4379744,6986,9000271
408,1/25/2022 15:00:00,3816,4624444,3315.000000000000000,4051075,95.000000000000000,332079.000000000000000,3911,4956523,3410,4383154,7226,9007497
409,1/26/2022 15:00:00,3869,4628313,3692.000000000000000,4054767,94.000000000000000,332173.000000000000000,3963,4960486,3786,4386940,7655,9015152
410,1/27/2022 15:00:00,3768,4632081,3918.000000000000000,4058685,187.000000000000000,332360.000000000000000,3955,4964441,4105,4391045,7873,9023025
411,1/28/2022 15:00:00,3842,4635923,3275.000000000000000,4061960,75.000000000000000,332435.000000000000000,3917,4968358,3350,4394395,7192,9030217
412,1/29/2022 15:00:00,2298,4638221,2293.000000000000000,4064253,117.000000000000000,332552.000000000000000,2415,4970773,2410,4396805,4708,9034925
413,1/30/2022 15:00:00,1562,4639783,1635.000000000000000,4065888,16.000000000000000,332568.000000000000000,1578,4972351,1651,4398456,3213,9038138
414,1/31/2022 15:00:00,2986,4642769,3228.000000000000000,4069116,58.000000000000000,332626.000000000000000,3044,4975395,3286,4401742,6272,9044410
415,2/1/2022 15:00:00,2639,4645408,3408.000000000000000,4072524,75.000000000000000,332701.000000000000000,2714,4978109,3483,4405225,6122,9050532
416,2/2/2022 15:00:00,2820,4648228,3721.000000000000000,4076245,77.000000000000000,332778.000000000000000,2897,4981006,3798,4409023,6618,9057150
417,2/3/2022 15:00:00,2760,4650988,3649.000000000000000,4079894,41.000000000000000,332819.000000000000000,2801,4983807,3690,4412713,6450,9063600
418,2/4/2022 15:00:00,2778,4653766,4375.000000000000000,4084269,128.000000000000000,332947.000000000000000,2906,4986713,4503,4417216,7281,9070881
419,2/5/2022 15:00:00,1921,4655687,2882.000000000000000,4087151,112.000000000000000,333059.000000000000000,2033,4988746,2994,4420210,4915,9075796
420,2/6/2022 15:00:00,1064,4656751,1343.000000000000000,4088494,24.000000000000000,333083.000000000000000,1088,4989834,1367,4421577,2431,9078227
421,2/7/2022 15:00:00,2058,4658809,2685.000000000000000,4091179,47.000000000000000,333130.000000000000000,2105,4991939,2732,4424309,4790,9083017
422,2/8/2022 15:00:00,2083,4660892,3062.000000000000000,4094241,63.000000000000000,333193.000000000000000,2146,4994085,3125,4427434,5208,9088225
423,2/9/2022 15:00:00,2187,4663079,3296.000000000000000,4097537,73.000000000000000,333266.000000000000000,2260,4996345,3369,4430803,5556,9093781
424,2/10/2022 15:00:00,2066,4665145,2846.000000000000000,4100383,55.000000000000000,333321.000000000000000,2121,4998466,2901,4433704,4967,9098748
425,2/11/2022 15:00:00,2455,4667600,3473.000000000000000,4103856,121.000000000000000,333442.000000000000000,2576,5001042,3594,4437298,6049,9104797
426,2/12/2022 15:00:00,1621,4669221,2254.000000000000000,4106110,97.000000000000000,333539.000000000000000,1718,5002760,2351,4439649,3972,9108769
427,2/13/2022 15:00:00,734,4669955,1075.000000000000000,4107185,17.000000000000000,333556.000000000000000,751,5003511,1092,4440741,1826,9110595
428,2/14/2022 15:00:00,1440,4671395,2200.000000000000000,4109385,63.000000000000000,333619.000000000000000,1503,5005014,2263,4443004,3703,9114298
429,2/15/2022 15:00:00,1865,4673260,2346.000000000000000,4111731,47.000000000000000,333666.000000000000000,1912,5006926,2393,4445397,4258,9118556
430,2/16/2022 15:00:00,966,4674226,1300.000000000000000,4113031,39.000000000000000,333705.000000000000000,1005,5007931,1339,4446736,2305,9120861