OBJECTID,VACCINATION_DATE,FirstDailyDose,FirstDoseCumulative,SecondDailyDose,SecondDoseCumulative,SingleDailyDose,SingleDoseCumulative,AtleastOneVaccine,AtleastOneVaccineCumulative,CompletedVax,CompletedVaxCumulative,FirstSecondSingleVaccination_12,FirstSecondSingleVaccination_13
1,12/14/2020 15:00:00,18,981,,387,,,18,981,0,387,18,1284
2,12/15/2020 15:00:00,52,1033,2.000000000000000,389,,,52,1033,2,389,54,1338
3,12/16/2020 15:00:00,574,1607,2.000000000000000,391,,,574,1607,2,391,576,1914
4,12/17/2020 15:00:00,1139,2746,2.000000000000000,393,,,1139,2746,2,393,1141,3055
5,12/18/2020 15:00:00,3013,5759,11.000000000000000,404,,,3013,5759,11,404,3024,6079
6,12/19/2020 15:00:00,927,6686,5.000000000000000,409,,,927,6686,5,409,932,7011
7,12/20/2020 15:00:00,333,7019,4.000000000000000,413,,,333,7019,4,413,337,7348
8,12/21/2020 15:00:00,3854,10873,18.000000000000000,431,,,3854,10873,18,431,3872,11220
9,12/22/2020 15:00:00,6334,17207,17.000000000000000,448,,,6334,17207,17,448,6351,17571
10,12/23/2020 15:00:00,5745,22952,27.000000000000000,475,,,5745,22952,27,475,5772,23343
11,12/24/2020 15:00:00,2709,25661,10.000000000000000,485,,,2709,25661,10,485,2719,26062
12,12/25/2020 15:00:00,1034,26695,3.000000000000000,488,,,1034,26695,3,488,1037,27099
13,12/26/2020 15:00:00,1872,28567,8.000000000000000,496,,,1872,28567,8,496,1880,28979
14,12/27/2020 15:00:00,1789,30356,9.000000000000000,505,,,1789,30356,9,505,1798,30777
15,12/28/2020 15:00:00,8940,39296,40.000000000000000,545,,,8940,39296,40,545,8980,39757
16,12/29/2020 15:00:00,10910,50206,38.000000000000000,583,,,10910,50206,38,583,10948,50705
17,12/30/2020 15:00:00,12451,62657,68.000000000000000,651,,,12451,62657,68,651,12519,63224
18,12/31/2020 15:00:00,7504,70161,34.000000000000000,685,,,7504,70161,34,685,7538,70762
19,1/1/2021 15:00:00,2536,72697,108.000000000000000,793,,,2536,72697,108,793,2644,73406
20,1/2/2021 15:00:00,2970,75667,34.000000000000000,827,,,2970,75667,34,827,3004,76410
21,1/3/2021 15:00:00,3361,79028,79.000000000000000,906,,,3361,79028,79,906,3440,79850
22,1/4/2021 15:00:00,13257,92285,312.000000000000000,1218,,,13257,92285,312,1218,13569,93419
23,1/5/2021 15:00:00,12391,104676,511.000000000000000,1729,,,12391,104676,511,1729,12902,106321
24,1/6/2021 15:00:00,15155,119831,837.000000000000000,2566,,,15155,119831,837,2566,15992,122313
25,1/7/2021 15:00:00,14946,134777,1731.000000000000000,4297,,,14946,134777,1731,4297,16677,138990
26,1/8/2021 15:00:00,23927,158704,2744.000000000000000,7041,,,23927,158704,2744,7041,26671,165661
27,1/9/2021 15:00:00,5128,163832,942.000000000000000,7983,,,5128,163832,942,7983,6070,171731
28,1/10/2021 15:00:00,2915,166747,368.000000000000000,8351,,,2915,166747,368,8351,3283,175014
29,1/11/2021 15:00:00,13669,180416,3423.000000000000000,11774,,,13669,180416,3423,11774,17092,192106
30,1/12/2021 15:00:00,17271,197687,5581.000000000000000,17355,,,17271,197687,5581,17355,22852,214958
31,1/13/2021 15:00:00,18498,216185,3864.000000000000000,21219,,,18498,216185,3864,21219,22362,237320
32,1/14/2021 15:00:00,17825,234010,1922.000000000000000,23141,,,17825,234010,1922,23141,19747,257067
33,1/15/2021 15:00:00,19457,253467,1962.000000000000000,25103,,,19457,253467,1962,25103,21419,278486
34,1/16/2021 15:00:00,5783,259250,1583.000000000000000,26686,,,5783,259250,1583,26686,7366,285852
35,1/17/2021 15:00:00,2094,261344,1463.000000000000000,28149,,,2094,261344,1463,28149,3557,289409
36,1/18/2021 15:00:00,7030,268374,3231.000000000000000,31380,,,7030,268374,3231,31380,10261,299670
37,1/19/2021 15:00:00,17141,285515,5345.000000000000000,36725,,,17141,285515,5345,36725,22486,322156
38,1/20/2021 15:00:00,21221,306736,5245.000000000000000,41970,,,21221,306736,5245,41970,26466,348622
39,1/21/2021 15:00:00,23806,330542,3685.000000000000000,45655,,,23806,330542,3685,45655,27491,376113
40,1/22/2021 15:00:00,28820,359362,3590.000000000000000,49245,,,28820,359362,3590,49245,32410,408523
41,1/23/2021 15:00:00,10043,369405,1899.000000000000000,51144,,,10043,369405,1899,51144,11942,420465
42,1/24/2021 15:00:00,3327,372732,1704.000000000000000,52848,,,3327,372732,1704,52848,5031,425496
43,1/25/2021 15:00:00,16605,389337,8508.000000000000000,61356,,,16605,389337,8508,61356,25113,450609
44,1/26/2021 15:00:00,17868,407205,8898.000000000000000,70254,,,17868,407205,8898,70254,26766,477375
45,1/27/2021 15:00:00,25041,432246,12389.000000000000000,82643,,,25041,432246,12389,82643,37430,514805
46,1/28/2021 15:00:00,23282,455528,9221.000000000000000,91864,,,23282,455528,9221,91864,32503,547308
47,1/29/2021 15:00:00,25511,481039,7808.000000000000000,99672,,,25511,481039,7808,99672,33319,580627
48,1/30/2021 15:00:00,18426,499465,2492.000000000000000,102164,,,18426,499465,2492,102164,20918,601545
49,1/31/2021 15:00:00,4107,503572,1307.000000000000000,103471,,,4107,503572,1307,103471,5414,606959
50,2/1/2021 15:00:00,7687,511259,5046.000000000000000,108517,,,7687,511259,5046,108517,12733,619692
51,2/2/2021 15:00:00,12806,524065,13724.000000000000000,122241,,,12806,524065,13724,122241,26530,646222
52,2/3/2021 15:00:00,18688,542753,18047.000000000000000,140288,,,18688,542753,18047,140288,36735,682957
53,2/4/2021 15:00:00,22461,565214,15734.000000000000000,156022,,,22461,565214,15734,156022,38195,721152
54,2/5/2021 15:00:00,20532,585746,17418.000000000000000,173440,,,20532,585746,17418,173440,37950,759102
55,2/6/2021 15:00:00,12116,597862,14414.000000000000000,187854,,,12116,597862,14414,187854,26530,785632
56,2/7/2021 15:00:00,5959,603821,1776.000000000000000,189630,,,5959,603821,1776,189630,7735,793367
57,2/8/2021 15:00:00,13280,617101,13087.000000000000000,202717,,,13280,617101,13087,202717,26367,819734
58,2/9/2021 15:00:00,16708,633809,14007.000000000000000,216724,,,16708,633809,14007,216724,30715,850449
59,2/10/2021 15:00:00,19296,653105,21378.000000000000000,238102,,,19296,653105,21378,238102,40674,891123
60,2/11/2021 15:00:00,22867,675972,17496.000000000000000,255598,,,22867,675972,17496,255598,40363,931486
61,2/12/2021 15:00:00,20339,696311,19866.000000000000000,275464,,,20339,696311,19866,275464,40205,971691
62,2/13/2021 15:00:00,11373,707684,6345.000000000000000,281809,,,11373,707684,6345,281809,17718,989409
63,2/14/2021 15:00:00,7085,714769,2075.000000000000000,283884,,,7085,714769,2075,283884,9160,998569
64,2/15/2021 15:00:00,11715,726484,13221.000000000000000,297105,,,11715,726484,13221,297105,24936,1023505
65,2/16/2021 15:00:00,16566,743050,21666.000000000000000,318771,,,16566,743050,21666,318771,38232,1061737
66,2/17/2021 15:00:00,20630,763680,27136.000000000000000,345907,,,20630,763680,27136,345907,47766,1109503
67,2/18/2021 15:00:00,3169,766849,4724.000000000000000,350631,,,3169,766849,4724,350631,7893,1117396
68,2/19/2021 15:00:00,10267,777116,20410.000000000000000,371041,,,10267,777116,20410,371041,30677,1148073
69,2/20/2021 15:00:00,10311,787427,20869.000000000000000,391910,,,10311,787427,20869,391910,31180,1179253
70,2/21/2021 15:00:00,6157,793584,7940.000000000000000,399850,,,6157,793584,7940,399850,14097,1193350
71,2/22/2021 15:00:00,8089,801673,15898.000000000000000,415748,,,8089,801673,15898,415748,23987,1217337
72,2/23/2021 15:00:00,15592,817265,16476.000000000000000,432224,,,15592,817265,16476,432224,32068,1249405
73,2/24/2021 15:00:00,17980,835245,25143.000000000000000,457367,,,17980,835245,25143,457367,43123,1292528
74,2/25/2021 15:00:00,20425,855670,26879.000000000000000,484246,,,20425,855670,26879,484246,47304,1339832
75,2/26/2021 15:00:00,26815,882485,26473.000000000000000,510719,,,26815,882485,26473,510719,53288,1393120
76,2/27/2021 15:00:00,16100,898585,11694.000000000000000,522413,,,16100,898585,11694,522413,27794,1420914
77,2/28/2021 15:00:00,15491,914076,4814.000000000000000,527227,,,15491,914076,4814,527227,20305,1441219
78,3/1/2021 15:00:00,26097,940173,12582.000000000000000,539809,,,26097,940173,12582,539809,38679,1479898
79,3/2/2021 15:00:00,24012,964185,13324.000000000000000,553133,31.000000000000000,31.000000000000000,24043,964216,13355,553164,37367,1517265
80,3/3/2021 15:00:00,30240,994425,18373.000000000000000,571506,174.000000000000000,205.000000000000000,30414,994630,18547,571711,48787,1566052
81,3/4/2021 15:00:00,31102,1025527,18130.000000000000000,589636,4062.000000000000000,4267.000000000000000,35164,1029794,22192,593903,53294,1619346
82,3/5/2021 15:00:00,29587,1055114,19386.000000000000000,609022,4906.000000000000000,9173.000000000000000,34493,1064287,24292,618195,53879,1673225
83,3/6/2021 15:00:00,17783,1072897,8910.000000000000000,617932,5994.000000000000000,15167.000000000000000,23777,1088064,14904,633099,32687,1705912
84,3/7/2021 15:00:00,12064,1084961,4801.000000000000000,622733,6608.000000000000000,21775.000000000000000,18672,1106736,11409,644508,23473,1729385
85,3/8/2021 15:00:00,26184,1111145,8773.000000000000000,631506,8280.000000000000000,30055.000000000000000,34464,1141200,17053,661561,43237,1772622
86,3/9/2021 15:00:00,26407,1137552,15385.000000000000000,646891,8338.000000000000000,38393.000000000000000,34745,1175945,23723,685284,50130,1822752
87,3/10/2021 15:00:00,30145,1167697,15910.000000000000000,662801,7938.000000000000000,46331.000000000000000,38083,1214028,23848,709132,53993,1876745
88,3/11/2021 15:00:00,36219,1203916,16393.000000000000000,679194,4034.000000000000000,50365.000000000000000,40253,1254281,20427,729559,56646,1933391
89,3/12/2021 15:00:00,37175,1241091,18008.000000000000000,697202,2922.000000000000000,53287.000000000000000,40097,1294378,20930,750489,58105,1991496
90,3/13/2021 15:00:00,22611,1263702,10212.000000000000000,707414,1602.000000000000000,54889.000000000000000,24213,1318591,11814,762303,34425,2025921
91,3/14/2021 15:00:00,17816,1281518,6655.000000000000000,714069,994.000000000000000,55883.000000000000000,18810,1337401,7649,769952,25465,2051386
92,3/15/2021 15:00:00,29982,1311500,11328.000000000000000,725397,604.000000000000000,56487.000000000000000,30586,1367987,11932,781884,41914,2093300
93,3/16/2021 15:00:00,33617,1345117,13553.000000000000000,738950,767.000000000000000,57254.000000000000000,34384,1402371,14320,796204,47937,2141237
94,3/17/2021 15:00:00,37725,1382842,16987.000000000000000,755937,1183.000000000000000,58437.000000000000000,38908,1441279,18170,814374,55895,2197132
95,3/18/2021 15:00:00,41502,1424344,12608.000000000000000,768545,1359.000000000000000,59796.000000000000000,42861,1484140,13967,828341,55469,2252601
96,3/19/2021 15:00:00,38334,1462678,15584.000000000000000,784129,1045.000000000000000,60841.000000000000000,39379,1523519,16629,844970,54963,2307564
97,3/20/2021 15:00:00,24562,1487240,10042.000000000000000,794171,1124.000000000000000,61965.000000000000000,25686,1549205,11166,856136,35728,2343292
98,3/21/2021 15:00:00,19104,1506344,7799.000000000000000,801970,330.000000000000000,62295.000000000000000,19434,1568639,8129,864265,27233,2370525
99,3/22/2021 15:00:00,32574,1538918,11642.000000000000000,813612,830.000000000000000,63125.000000000000000,33404,1602043,12472,876737,45046,2415571
100,3/23/2021 15:00:00,37787,1576705,17479.000000000000000,831091,1549.000000000000000,64674.000000000000000,39336,1641379,19028,895765,56815,2472386
101,3/24/2021 15:00:00,41164,1617869,21202.000000000000000,852293,1375.000000000000000,66049.000000000000000,42539,1683918,22577,918342,63741,2536127
102,3/25/2021 15:00:00,42480,1660349,21052.000000000000000,873345,2512.000000000000000,68561.000000000000000,44992,1728910,23564,941906,66044,2602171
103,3/26/2021 15:00:00,36623,1696972,26461.000000000000000,899806,2499.000000000000000,71060.000000000000000,39122,1768032,28960,970866,65583,2667754
104,3/27/2021 15:00:00,27745,1724717,16868.000000000000000,916674,2766.000000000000000,73826.000000000000000,30511,1798543,19634,990500,47379,2715133
105,3/28/2021 15:00:00,16984,1741701,12575.000000000000000,929249,1615.000000000000000,75441.000000000000000,18599,1817142,14190,1004690,31174,2746307
106,3/29/2021 15:00:00,29708,1771409,26515.000000000000000,955764,1137.000000000000000,76578.000000000000000,30845,1847987,27652,1032342,57360,2803667
107,3/30/2021 15:00:00,40018,1811427,29177.000000000000000,984941,1848.000000000000000,78426.000000000000000,41866,1889853,31025,1063367,71043,2874710
108,3/31/2021 15:00:00,41027,1852454,34864.000000000000000,1019805,5743.000000000000000,84169.000000000000000,46770,1936623,40607,1103974,81634,2956344
109,4/1/2021 15:00:00,40747,1893201,39883.000000000000000,1059688,5621.000000000000000,89790.000000000000000,46368,1982991,45504,1149478,86251,3042595
110,4/2/2021 15:00:00,34963,1928164,32744.000000000000000,1092432,6100.000000000000000,95890.000000000000000,41063,2024054,38844,1188322,73807,3116402
111,4/3/2021 15:00:00,21564,1949728,18631.000000000000000,1111063,4362.000000000000000,100252.000000000000000,25926,2049980,22993,1211315,44557,3160959
112,4/4/2021 15:00:00,8217,1957945,10142.000000000000000,1121205,958.000000000000000,101210.000000000000000,9175,2059155,11100,1222415,19317,3180276
113,4/5/2021 15:00:00,27931,1985876,29084.000000000000000,1150289,6637.000000000000000,107847.000000000000000,34568,2093723,35721,1258136,63652,3243928
114,4/6/2021 15:00:00,39831,2025707,30567.000000000000000,1180856,10476.000000000000000,118323.000000000000000,50307,2144030,41043,1299179,80874,3324802
115,4/7/2021 15:00:00,36132,2061839,34293.000000000000000,1215149,12951.000000000000000,131274.000000000000000,49083,2193113,47244,1346423,83376,3408178
116,4/8/2021 15:00:00,42370,2104209,36069.000000000000000,1251218,13852.000000000000000,145126.000000000000000,56222,2249335,49921,1396344,92291,3500469
117,4/9/2021 15:00:00,34115,2138324,36353.000000000000000,1287571,14520.000000000000000,159646.000000000000000,48635,2297970,50873,1447217,84988,3585457
118,4/10/2021 15:00:00,23936,2162260,23013.000000000000000,1310584,7614.000000000000000,167260.000000000000000,31550,2329520,30627,1477844,54563,3640020
119,4/11/2021 15:00:00,17533,2179793,13237.000000000000000,1323821,10623.000000000000000,177883.000000000000000,28156,2357676,23860,1501704,41393,3681413
120,4/12/2021 15:00:00,24622,2204415,33133.000000000000000,1356954,10915.000000000000000,188798.000000000000000,35537,2393213,44048,1545752,68670,3750083
121,4/13/2021 15:00:00,126875,2331290,90668.000000000000000,1447622,3292.000000000000000,192090.000000000000000,130167,2523380,93960,1639712,220835,3970918
122,4/14/2021 15:00:00,40779,2372069,37886.000000000000000,1485508,208.000000000000000,192298.000000000000000,40987,2564367,38094,1677806,78873,4049791
123,4/15/2021 15:00:00,41799,2413868,39285.000000000000000,1524793,171.000000000000000,192469.000000000000000,41970,2606337,39456,1717262,81255,4131046
124,4/16/2021 15:00:00,37325,2451193,38779.000000000000000,1563572,23.000000000000000,192492.000000000000000,37348,2643685,38802,1756064,76127,4207173
125,4/17/2021 15:00:00,32908,2484101,21924.000000000000000,1585496,12.000000000000000,192504.000000000000000,32920,2676605,21936,1778000,54844,4262017
126,4/18/2021 15:00:00,20044,2504145,16162.000000000000000,1601658,5.000000000000000,192509.000000000000000,20049,2696654,16167,1794167,36211,4298228
127,4/19/2021 15:00:00,29961,2534106,36544.000000000000000,1638202,61.000000000000000,192570.000000000000000,30022,2726676,36605,1830772,66566,4364794
128,4/20/2021 15:00:00,33135,2567241,44147.000000000000000,1682349,54.000000000000000,192624.000000000000000,33189,2759865,44201,1874973,77336,4442130
129,4/21/2021 15:00:00,39822,2607063,46883.000000000000000,1729232,21.000000000000000,192645.000000000000000,39843,2799708,46904,1921877,86726,4528856
130,4/22/2021 15:00:00,36413,2643476,41949.000000000000000,1771181,16.000000000000000,192661.000000000000000,36429,2836137,41965,1963842,78378,4607234
131,4/23/2021 15:00:00,33151,2676627,40016.000000000000000,1811197,13.000000000000000,192674.000000000000000,33164,2869301,40029,2003871,73180,4680414
132,4/24/2021 15:00:00,26371,2702998,28588.000000000000000,1839785,80.000000000000000,192754.000000000000000,26451,2895752,28668,2032539,55039,4735453
133,4/25/2021 15:00:00,20200,2723198,10902.000000000000000,1850687,30.000000000000000,192784.000000000000000,20230,2915982,10932,2043471,31132,4766585
134,4/26/2021 15:00:00,27413,2750611,32755.000000000000000,1883442,203.000000000000000,192987.000000000000000,27616,2943598,32958,2076429,60371,4826956
135,4/27/2021 15:00:00,26752,2777363,33051.000000000000000,1916493,1096.000000000000000,194083.000000000000000,27848,2971446,34147,2110576,60899,4887855
136,4/28/2021 15:00:00,28980,2806343,39496.000000000000000,1955989,1362.000000000000000,195445.000000000000000,30342,3001788,40858,2151434,69838,4957693
137,4/29/2021 15:00:00,27379,2833722,39472.000000000000000,1995461,1461.000000000000000,196906.000000000000000,28840,3030628,40933,2192367,68312,5026005
138,4/30/2021 15:00:00,28238,2861960,32145.000000000000000,2027606,1642.000000000000000,198548.000000000000000,29880,3060508,33787,2226154,62025,5088030
139,5/1/2021 15:00:00,20351,2882311,26765.000000000000000,2054371,1019.000000000000000,199567.000000000000000,21370,3081878,27784,2253938,48135,5136165
140,5/2/2021 15:00:00,10261,2892572,16987.000000000000000,2071358,818.000000000000000,200385.000000000000000,11079,3092957,17805,2271743,28066,5164231
141,5/3/2021 15:00:00,12731,2905303,28768.000000000000000,2100126,1909.000000000000000,202294.000000000000000,14640,3107597,30677,2302420,43408,5207639
142,5/4/2021 15:00:00,13536,2918839,38500.000000000000000,2138626,1732.000000000000000,204026.000000000000000,15268,3122865,40232,2342652,53768,5261407
143,5/5/2021 15:00:00,19326,2938165,37772.000000000000000,2176398,1919.000000000000000,205945.000000000000000,21245,3144110,39691,2382343,59017,5320424
144,5/6/2021 15:00:00,16978,2955143,40570.000000000000000,2216968,1712.000000000000000,207657.000000000000000,18690,3162800,42282,2424625,59260,5379684
145,5/7/2021 15:00:00,17403,2972546,36051.000000000000000,2253019,1958.000000000000000,209615.000000000000000,19361,3182161,38009,2462634,55412,5435096
146,5/8/2021 15:00:00,10778,2983324,31146.000000000000000,2284165,1292.000000000000000,210907.000000000000000,12070,3194231,32438,2495072,43216,5478312
147,5/9/2021 15:00:00,5044,2988368,11883.000000000000000,2296048,695.000000000000000,211602.000000000000000,5739,3199970,12578,2507650,17622,5495934
148,5/10/2021 15:00:00,8947,2997315,31110.000000000000000,2327158,1356.000000000000000,212958.000000000000000,10303,3210273,32466,2540116,41413,5537347
149,5/11/2021 15:00:00,12200,3009515,30280.000000000000000,2357438,1443.000000000000000,214401.000000000000000,13643,3223916,31723,2571839,43923,5581270
150,5/12/2021 15:00:00,13936,3023451,38554.000000000000000,2395992,1913.000000000000000,216314.000000000000000,15849,3239765,40467,2612306,54403,5635673
151,5/13/2021 15:00:00,21826,3045277,33391.000000000000000,2429383,1352.000000000000000,217666.000000000000000,23178,3262943,34743,2647049,56569,5692242
152,5/14/2021 15:00:00,24330,3069607,29978.000000000000000,2459361,1772.000000000000000,219438.000000000000000,26102,3289045,31750,2678799,56080,5748322
153,5/15/2021 15:00:00,21850,3091457,25014.000000000000000,2484375,1533.000000000000000,220971.000000000000000,23383,3312428,26547,2705346,48397,5796719
154,5/16/2021 15:00:00,9063,3100520,17512.000000000000000,2501887,1112.000000000000000,222083.000000000000000,10175,3322603,18624,2723970,27687,5824406
155,5/17/2021 15:00:00,16851,3117371,28373.000000000000000,2530260,1949.000000000000000,224032.000000000000000,18800,3341403,30322,2754292,47173,5871579
156,5/18/2021 15:00:00,21259,3138630,30691.000000000000000,2560951,1947.000000000000000,225979.000000000000000,23206,3364609,32638,2786930,53897,5925476
157,5/19/2021 15:00:00,27586,3166216,32371.000000000000000,2593322,1625.000000000000000,227604.000000000000000,29211,3393820,33996,2820926,61582,5987058
158,5/20/2021 15:00:00,20789,3187005,33255.000000000000000,2626577,1965.000000000000000,229569.000000000000000,22754,3416574,35220,2856146,56009,6043067
159,5/21/2021 15:00:00,19135,3206140,30229.000000000000000,2656806,1611.000000000000000,231180.000000000000000,20746,3437320,31840,2887986,50975,6094042
160,5/22/2021 15:00:00,16894,3223034,20596.000000000000000,2677402,1269.000000000000000,232449.000000000000000,18163,3455483,21865,2909851,38759,6132801
161,5/23/2021 15:00:00,8746,3231780,11410.000000000000000,2688812,962.000000000000000,233411.000000000000000,9708,3465191,12372,2922223,21118,6153919
162,5/24/2021 15:00:00,13591,3245371,17742.000000000000000,2706554,1481.000000000000000,234892.000000000000000,15072,3480263,19223,2941446,32814,6186733
163,5/25/2021 15:00:00,13021,3258392,18646.000000000000000,2725200,1329.000000000000000,236221.000000000000000,14350,3494613,19975,2961421,32996,6219729
164,5/26/2021 15:00:00,18273,3276665,19430.000000000000000,2744630,1509.000000000000000,237730.000000000000000,19782,3514395,20939,2982360,39212,6258941
165,5/27/2021 15:00:00,11699,3288364,18620.000000000000000,2763250,1135.000000000000000,238865.000000000000000,12834,3527229,19755,3002115,31454,6290395
166,5/28/2021 15:00:00,12513,3300877,19692.000000000000000,2782942,1401.000000000000000,240266.000000000000000,13914,3541143,21093,3023208,33606,6324001
167,5/29/2021 15:00:00,9545,3310422,11614.000000000000000,2794556,936.000000000000000,241202.000000000000000,10481,3551624,12550,3035758,22095,6346096
168,5/30/2021 15:00:00,4967,3315389,6404.000000000000000,2800960,596.000000000000000,241798.000000000000000,5563,3557187,7000,3042758,11967,6358063
169,5/31/2021 15:00:00,1772,3317161,3693.000000000000000,2804653,305.000000000000000,242103.000000000000000,2077,3559264,3998,3046756,5770,6363833
170,6/1/2021 15:00:00,9745,3326906,16266.000000000000000,2820919,1147.000000000000000,243250.000000000000000,10892,3570156,17413,3064169,27158,6390991
171,6/2/2021 15:00:00,10209,3337115,16750.000000000000000,2837669,957.000000000000000,244207.000000000000000,11166,3581322,17707,3081876,27916,6418907
172,6/3/2021 15:00:00,7900,3345015,21156.000000000000000,2858825,1083.000000000000000,245290.000000000000000,8983,3590305,22239,3104115,30139,6449046
173,6/4/2021 15:00:00,8220,3353235,22180.000000000000000,2881005,1123.000000000000000,246413.000000000000000,9343,3599648,23303,3127418,31523,6480569
174,6/5/2021 15:00:00,6997,3360232,19364.000000000000000,2900369,718.000000000000000,247131.000000000000000,7715,3607363,20082,3147500,27079,6507648
175,6/6/2021 15:00:00,3467,3363699,7185.000000000000000,2907554,421.000000000000000,247552.000000000000000,3888,3611251,7606,3155106,11073,6518721
176,6/7/2021 15:00:00,6837,3370536,15714.000000000000000,2923268,725.000000000000000,248277.000000000000000,7562,3618813,16439,3171545,23276,6541997
177,6/8/2021 15:00:00,6687,3377223,19692.000000000000000,2942960,816.000000000000000,249093.000000000000000,7503,3626316,20508,3192053,27195,6569192
178,6/9/2021 15:00:00,8196,3385419,23850.000000000000000,2966810,968.000000000000000,250061.000000000000000,9164,3635480,24818,3216871,33014,6602206
179,6/10/2021 15:00:00,7167,3392586,19085.000000000000000,2985895,898.000000000000000,250959.000000000000000,8065,3643545,19983,3236854,27150,6629356
180,6/11/2021 15:00:00,7443,3400029,17662.000000000000000,3003557,1125.000000000000000,252084.000000000000000,8568,3652113,18787,3255641,26230,6655586
181,6/12/2021 15:00:00,5237,3405266,14690.000000000000000,3018247,603.000000000000000,252687.000000000000000,5840,3657953,15293,3270934,20530,6676116
182,6/13/2021 15:00:00,1930,3407196,7553.000000000000000,3025800,426.000000000000000,253113.000000000000000,2356,3660309,7979,3278913,9909,6686025
183,6/14/2021 15:00:00,5647,3412843,11789.000000000000000,3037589,728.000000000000000,253841.000000000000000,6375,3666684,12517,3291430,18164,6704189
184,6/15/2021 15:00:00,5650,3418493,14307.000000000000000,3051896,870.000000000000000,254711.000000000000000,6520,3673204,15177,3306607,20827,6725016
185,6/16/2021 15:00:00,8720,3427213,21502.000000000000000,3073398,755.000000000000000,255466.000000000000000,9475,3682679,22257,3328864,30977,6755993
186,6/17/2021 15:00:00,6676,3433889,12367.000000000000000,3085765,720.000000000000000,256186.000000000000000,7396,3690075,13087,3341951,19763,6775756
187,6/18/2021 15:00:00,6852,3440741,12668.000000000000000,3098433,704.000000000000000,256890.000000000000000,7556,3697631,13372,3355323,20224,6795980
188,6/19/2021 15:00:00,4655,3445396,9344.000000000000000,3107777,613.000000000000000,257503.000000000000000,5268,3702899,9957,3365280,14612,6810592
189,6/20/2021 15:00:00,2503,3447899,5025.000000000000000,3112802,377.000000000000000,257880.000000000000000,2880,3705779,5402,3370682,7905,6818497
190,6/21/2021 15:00:00,5546,3453445,5317.000000000000000,3118119,636.000000000000000,258516.000000000000000,6182,3711961,5953,3376635,11499,6829996
191,6/22/2021 15:00:00,5204,3458649,8861.000000000000000,3126980,682.000000000000000,259198.000000000000000,5886,3717847,9543,3386178,14747,6844743
192,6/23/2021 15:00:00,6061,3464710,10279.000000000000000,3137259,641.000000000000000,259839.000000000000000,6702,3724549,10920,3397098,16981,6861724
193,6/24/2021 15:00:00,5924,3470634,8186.000000000000000,3145445,593.000000000000000,260432.000000000000000,6517,3731066,8779,3405877,14703,6876427
194,6/25/2021 15:00:00,5820,3476454,8605.000000000000000,3154050,620.000000000000000,261052.000000000000000,6440,3737506,9225,3415102,15045,6891472
195,6/26/2021 15:00:00,3697,3480151,6277.000000000000000,3160327,395.000000000000000,261447.000000000000000,4092,3741598,6672,3421774,10369,6901841
196,6/27/2021 15:00:00,2799,3482950,3529.000000000000000,3163856,182.000000000000000,261629.000000000000000,2981,3744579,3711,3425485,6510,6908351
197,6/28/2021 15:00:00,4725,3487675,6095.000000000000000,3169951,521.000000000000000,262150.000000000000000,5246,3749825,6616,3432101,11341,6919692
198,6/29/2021 15:00:00,5079,3492754,6491.000000000000000,3176442,517.000000000000000,262667.000000000000000,5596,3755421,7008,3439109,12087,6931779
199,6/30/2021 15:00:00,5593,3498347,7402.000000000000000,3183844,604.000000000000000,263271.000000000000000,6197,3761618,8006,3447115,13599,6945378
200,7/1/2021 15:00:00,5314,3503661,6932.000000000000000,3190776,490.000000000000000,263761.000000000000000,5804,3767422,7422,3454537,12736,6958114
201,7/2/2021 15:00:00,5274,3508935,6827.000000000000000,3197603,519.000000000000000,264280.000000000000000,5793,3773215,7346,3461883,12620,6970734
202,7/3/2021 15:00:00,3256,3512191,4064.000000000000000,3201667,260.000000000000000,264540.000000000000000,3516,3776731,4324,3466207,7580,6978314
203,7/4/2021 15:00:00,491,3512682,541.000000000000000,3202208,66.000000000000000,264606.000000000000000,557,3777288,607,3466814,1098,6979412
204,7/5/2021 15:00:00,3750,3516432,3957.000000000000000,3206165,282.000000000000000,264888.000000000000000,4032,3781320,4239,3471053,7989,6987401
205,7/6/2021 15:00:00,4466,3520898,6210.000000000000000,3212375,449.000000000000000,265337.000000000000000,4915,3786235,6659,3477712,11125,6998526
206,7/7/2021 15:00:00,4458,3525356,6364.000000000000000,3218739,482.000000000000000,265819.000000000000000,4940,3791175,6846,3484558,11304,7009830
207,7/8/2021 15:00:00,4828,3530184,6110.000000000000000,3224849,562.000000000000000,266381.000000000000000,5390,3796565,6672,3491230,11500,7021330
208,7/9/2021 15:00:00,5346,3535530,6601.000000000000000,3231450,572.000000000000000,266953.000000000000000,5918,3802483,7173,3498403,12519,7033849
209,7/10/2021 15:00:00,3510,3539040,4370.000000000000000,3235820,302.000000000000000,267255.000000000000000,3812,3806295,4672,3503075,8182,7042031
210,7/11/2021 15:00:00,2663,3541703,2551.000000000000000,3238371,223.000000000000000,267478.000000000000000,2886,3809181,2774,3505849,5437,7047468
211,7/12/2021 15:00:00,4404,3546107,5102.000000000000000,3243473,374.000000000000000,267852.000000000000000,4778,3813959,5476,3511325,9880,7057348
212,7/13/2021 15:00:00,4734,3550841,4587.000000000000000,3248060,364.000000000000000,268216.000000000000000,5098,3819057,4951,3516276,9685,7067033
213,7/14/2021 15:00:00,4592,3555433,5243.000000000000000,3253303,420.000000000000000,268636.000000000000000,5012,3824069,5663,3521939,10255,7077288
214,7/15/2021 15:00:00,4866,3560299,4971.000000000000000,3258274,356.000000000000000,268992.000000000000000,5222,3829291,5327,3527266,10193,7087481
215,7/16/2021 15:00:00,6269,3566568,5807.000000000000000,3264081,401.000000000000000,269393.000000000000000,6670,3835961,6208,3533474,12477,7099958
216,7/17/2021 15:00:00,3403,3569971,3548.000000000000000,3267629,299.000000000000000,269692.000000000000000,3702,3839663,3847,3537321,7250,7107208
217,7/18/2021 15:00:00,2297,3572268,2368.000000000000000,3269997,110.000000000000000,269802.000000000000000,2407,3842070,2478,3539799,4775,7111983
218,7/19/2021 15:00:00,5241,3577509,4459.000000000000000,3274456,375.000000000000000,270177.000000000000000,5616,3847686,4834,3544633,10075,7122058
219,7/20/2021 15:00:00,5320,3582829,4687.000000000000000,3279143,366.000000000000000,270543.000000000000000,5686,3853372,5053,3549686,10373,7132431
220,7/21/2021 15:00:00,5624,3588453,4930.000000000000000,3284073,415.000000000000000,270958.000000000000000,6039,3859411,5345,3555031,10969,7143400
221,7/22/2021 15:00:00,5995,3594448,4637.000000000000000,3288710,407.000000000000000,271365.000000000000000,6402,3865813,5044,3560075,11039,7154439
222,7/23/2021 15:00:00,6819,3601267,4863.000000000000000,3293573,490.000000000000000,271855.000000000000000,7309,3873122,5353,3565428,12172,7166611
223,7/24/2021 15:00:00,4274,3605541,3205.000000000000000,3296778,266.000000000000000,272121.000000000000000,4540,3877662,3471,3568899,7745,7174356
224,7/25/2021 15:00:00,3290,3608831,1121.000000000000000,3297899,137.000000000000000,272258.000000000000000,3427,3881089,1258,3570157,4548,7178904
225,7/26/2021 15:00:00,6190,3615021,3909.000000000000000,3301808,411.000000000000000,272669.000000000000000,6601,3887690,4320,3574477,10510,7189414
226,7/27/2021 15:00:00,6341,3621362,4069.000000000000000,3305877,450.000000000000000,273119.000000000000000,6791,3894481,4519,3578996,10860,7200274
227,7/28/2021 15:00:00,6792,3628154,4017.000000000000000,3309894,458.000000000000000,273577.000000000000000,7250,3901731,4475,3583471,11267,7211541
228,7/29/2021 15:00:00,6792,3634946,4155.000000000000000,3314049,410.000000000000000,273987.000000000000000,7202,3908933,4565,3588036,11357,7222898
229,7/30/2021 15:00:00,7514,3642460,4546.000000000000000,3318595,521.000000000000000,274508.000000000000000,8035,3916968,5067,3593103,12581,7235479
230,7/31/2021 15:00:00,4777,3647237,3048.000000000000000,3321643,272.000000000000000,274780.000000000000000,5049,3922017,3320,3596423,8097,7243576
231,8/1/2021 15:00:00,3766,3651003,2094.000000000000000,3323737,153.000000000000000,274933.000000000000000,3919,3925936,2247,3598670,6013,7249589
232,8/2/2021 15:00:00,7004,3658007,3659.000000000000000,3327396,334.000000000000000,275267.000000000000000,7338,3933274,3993,3602663,10997,7260586
233,8/3/2021 15:00:00,6979,3664986,3908.000000000000000,3331304,503.000000000000000,275770.000000000000000,7482,3940756,4411,3607074,11390,7271976
234,8/4/2021 15:00:00,7145,3672131,3902.000000000000000,3335206,527.000000000000000,276297.000000000000000,7672,3948428,4429,3611503,11574,7283550
235,8/5/2021 15:00:00,7638,3679769,4114.000000000000000,3339320,535.000000000000000,276832.000000000000000,8173,3956601,4649,3616152,12287,7295837
236,8/6/2021 15:00:00,8258,3688027,4714.000000000000000,3344034,449.000000000000000,277281.000000000000000,8707,3965308,5163,3621315,13421,7309258
237,8/7/2021 15:00:00,5239,3693266,2807.000000000000000,3346841,263.000000000000000,277544.000000000000000,5502,3970810,3070,3624385,8309,7317567
238,8/8/2021 15:00:00,3937,3697203,2048.000000000000000,3348889,140.000000000000000,277684.000000000000000,4077,3974887,2188,3626573,6125,7323692
239,8/9/2021 15:00:00,6900,3704103,4513.000000000000000,3353402,363.000000000000000,278047.000000000000000,7263,3982150,4876,3631449,11776,7335468
240,8/10/2021 15:00:00,7100,3711203,4448.000000000000000,3357850,335.000000000000000,278382.000000000000000,7435,3989585,4783,3636232,11883,7347351
241,8/11/2021 15:00:00,7020,3718223,4426.000000000000000,3362276,438.000000000000000,278820.000000000000000,7458,3997043,4864,3641096,11884,7359235
242,8/12/2021 15:00:00,8556,3726779,4702.000000000000000,3366978,438.000000000000000,279258.000000000000000,8994,4006037,5140,3646236,13696,7372931
243,8/13/2021 15:00:00,7100,3733879,5357.000000000000000,3372335,388.000000000000000,279646.000000000000000,7488,4013525,5745,3651981,12845,7385776
244,8/14/2021 15:00:00,4913,3738792,3343.000000000000000,3375678,284.000000000000000,279930.000000000000000,5197,4018722,3627,3655608,8540,7394316
245,8/15/2021 15:00:00,3314,3742106,2732.000000000000000,3378410,163.000000000000000,280093.000000000000000,3477,4022199,2895,3658503,6209,7400525
246,8/16/2021 15:00:00,5401,3747507,5068.000000000000000,3383478,348.000000000000000,280441.000000000000000,5749,4027948,5416,3663919,10817,7411342
247,8/17/2021 15:00:00,6932,3754439,5185.000000000000000,3388663,387.000000000000000,280828.000000000000000,7319,4035267,5572,3669491,12504,7423846
248,8/18/2021 15:00:00,6494,3760933,5292.000000000000000,3393955,465.000000000000000,281293.000000000000000,6959,4042226,5757,3675248,12251,7436097
249,8/19/2021 15:00:00,5966,3766899,5314.000000000000000,3399269,410.000000000000000,281703.000000000000000,6376,4048602,5724,3680972,11690,7447787
250,8/20/2021 15:00:00,7023,3773922,6310.000000000000000,3405579,401.000000000000000,282104.000000000000000,7424,4056026,6711,3687683,13734,7461521
251,8/21/2021 15:00:00,4306,3778228,3921.000000000000000,3409500,224.000000000000000,282328.000000000000000,4530,4060556,4145,3691828,8451,7469972
252,8/22/2021 15:00:00,3061,3781289,3156.000000000000000,3412656,109.000000000000000,282437.000000000000000,3170,4063726,3265,3695093,6326,7476298
253,8/23/2021 15:00:00,6147,3787436,5909.000000000000000,3418565,285.000000000000000,282722.000000000000000,6432,4070158,6194,3701287,12341,7488639
254,8/24/2021 15:00:00,6620,3794056,5865.000000000000000,3424430,424.000000000000000,283146.000000000000000,7044,4077202,6289,3707576,12909,7501548
255,8/25/2021 15:00:00,6879,3800935,6001.000000000000000,3430431,437.000000000000000,283583.000000000000000,7316,4084518,6438,3714014,13317,7514865
256,8/26/2021 15:00:00,7153,3808088,6398.000000000000000,3436829,427.000000000000000,284010.000000000000000,7580,4092098,6825,3720839,13978,7528843
257,8/27/2021 15:00:00,6834,3814922,6986.000000000000000,3443815,315.000000000000000,284325.000000000000000,7149,4099247,7301,3728140,14135,7542978
258,8/28/2021 15:00:00,6900,3821822,6471.000000000000000,3450286,326.000000000000000,284651.000000000000000,7226,4106473,6797,3734937,13697,7556675
259,8/29/2021 15:00:00,3741,3825563,3669.000000000000000,3453955,611.000000000000000,285262.000000000000000,4352,4110825,4280,3739217,8021,7564696
260,8/30/2021 15:00:00,5934,3831497,6081.000000000000000,3460036,947.000000000000000,286209.000000000000000,6881,4117706,7028,3746245,12962,7577658
261,8/31/2021 15:00:00,5670,3837167,5919.000000000000000,3465955,945.000000000000000,287154.000000000000000,6615,4124321,6864,3753109,12534,7590192
262,9/1/2021 15:00:00,5517,3842684,5568.000000000000000,3471523,905.000000000000000,288059.000000000000000,6422,4130743,6473,3759582,11990,7602182
263,9/2/2021 15:00:00,5525,3848209,5868.000000000000000,3477391,700.000000000000000,288759.000000000000000,6225,4136968,6568,3766150,12093,7614275
264,9/3/2021 15:00:00,5970,3854179,6860.000000000000000,3484251,969.000000000000000,289728.000000000000000,6939,4143907,7829,3773979,13799,7628074
265,9/4/2021 15:00:00,3713,3857892,4315.000000000000000,3488566,875.000000000000000,290603.000000000000000,4588,4148495,5190,3779169,8903,7636977
266,9/5/2021 15:00:00,2885,3860777,2795.000000000000000,3491361,104.000000000000000,290707.000000000000000,2989,4151484,2899,3782068,5784,7642761
267,9/6/2021 15:00:00,1046,3861823,1140.000000000000000,3492501,62.000000000000000,290769.000000000000000,1108,4152592,1202,3783270,2248,7645009
268,9/7/2021 15:00:00,5267,3867090,7231.000000000000000,3499732,2302.000000000000000,293071.000000000000000,7569,4160161,9533,3792803,14800,7659809
269,9/8/2021 15:00:00,4644,3871734,5433.000000000000000,3505165,366.000000000000000,293437.000000000000000,5010,4165171,5799,3798602,10443,7670252
270,9/9/2021 15:00:00,5056,3876790,5327.000000000000000,3510492,322.000000000000000,293759.000000000000000,5378,4170549,5649,3804251,10705,7680957
271,9/10/2021 15:00:00,6515,3883305,6575.000000000000000,3517067,1711.000000000000000,295470.000000000000000,8226,4178775,8286,3812537,14801,7695758
272,9/11/2021 15:00:00,4037,3887342,4324.000000000000000,3521391,663.000000000000000,296133.000000000000000,4700,4183475,4987,3817524,9024,7704782
273,9/12/2021 15:00:00,3061,3890403,3224.000000000000000,3524615,434.000000000000000,296567.000000000000000,3495,4186970,3658,3821182,6719,7711501
274,9/13/2021 15:00:00,4662,3895065,4834.000000000000000,3529449,345.000000000000000,296912.000000000000000,5007,4191977,5179,3826361,9841,7721342
275,9/14/2021 15:00:00,4565,3899630,5200.000000000000000,3534649,433.000000000000000,297345.000000000000000,4998,4196975,5633,3831994,10198,7731540
276,9/15/2021 15:00:00,4676,3904306,5581.000000000000000,3540230,385.000000000000000,297730.000000000000000,5061,4202036,5966,3837960,10642,7742182
277,9/16/2021 15:00:00,4571,3908877,5583.000000000000000,3545813,330.000000000000000,298060.000000000000000,4901,4206937,5913,3843873,10484,7752666
278,9/17/2021 15:00:00,5019,3913896,6316.000000000000000,3552129,341.000000000000000,298401.000000000000000,5360,4212297,6657,3850530,11676,7764342
279,9/18/2021 15:00:00,3764,3917660,4559.000000000000000,3556688,184.000000000000000,298585.000000000000000,3948,4216245,4743,3855273,8507,7772849
280,9/19/2021 15:00:00,2721,3920381,3164.000000000000000,3559852,75.000000000000000,298660.000000000000000,2796,4219041,3239,3858512,5960,7778809
281,9/20/2021 15:00:00,3528,3923909,4452.000000000000000,3564304,426.000000000000000,299086.000000000000000,3954,4222995,4878,3863390,8406,7787215
282,9/21/2021 15:00:00,3764,3927673,4800.000000000000000,3569104,324.000000000000000,299410.000000000000000,4088,4227083,5124,3868514,8888,7796103
283,9/22/2021 15:00:00,4162,3931835,4734.000000000000000,3573838,455.000000000000000,299865.000000000000000,4617,4231700,5189,3873703,9351,7805454
284,9/23/2021 15:00:00,4163,3935998,4678.000000000000000,3578516,488.000000000000000,300353.000000000000000,4651,4236351,5166,3878869,9329,7814783
285,9/24/2021 15:00:00,5065,3941063,5542.000000000000000,3584058,421.000000000000000,300774.000000000000000,5486,4241837,5963,3884832,11028,7825811
286,9/25/2021 15:00:00,3590,3944653,3633.000000000000000,3587691,384.000000000000000,301158.000000000000000,3974,4245811,4017,3888849,7607,7833418
287,9/26/2021 15:00:00,2353,3947006,2600.000000000000000,3590291,421.000000000000000,301579.000000000000000,2774,4248585,3021,3891870,5374,7838792
288,9/27/2021 15:00:00,4484,3951490,2690.000000000000000,3592981,506.000000000000000,302085.000000000000000,4990,4253575,3196,3895066,7680,7846472
289,9/28/2021 15:00:00,4392,3955882,4377.000000000000000,3597358,211.000000000000000,302296.000000000000000,4603,4258178,4588,3899654,8980,7855452
290,9/29/2021 15:00:00,4695,3960577,4482.000000000000000,3601840,917.000000000000000,303213.000000000000000,5612,4263790,5399,3905053,10094,7865546
291,9/30/2021 15:00:00,4855,3965432,4513.000000000000000,3606353,790.000000000000000,304003.000000000000000,5645,4269435,5303,3910356,10158,7875704
292,10/1/2021 15:00:00,5379,3970811,5263.000000000000000,3611616,776.000000000000000,304779.000000000000000,6155,4275590,6039,3916395,11418,7887122
293,10/2/2021 15:00:00,2921,3973732,2889.000000000000000,3614505,186.000000000000000,304965.000000000000000,3107,4278697,3075,3919470,5996,7893118
294,10/3/2021 15:00:00,2051,3975783,2176.000000000000000,3616681,86.000000000000000,305051.000000000000000,2137,4280834,2262,3921732,4313,7897431
295,10/4/2021 15:00:00,4137,3979920,3362.000000000000000,3620043,233.000000000000000,305284.000000000000000,4370,4285204,3595,3925327,7732,7905163
296,10/5/2021 15:00:00,4038,3983958,3564.000000000000000,3623607,204.000000000000000,305488.000000000000000,4242,4289446,3768,3929095,7806,7912969
297,10/6/2021 15:00:00,4105,3988063,3450.000000000000000,3627057,262.000000000000000,305750.000000000000000,4367,4293813,3712,3932807,7817,7920786
298,10/7/2021 15:00:00,4324,3992387,3477.000000000000000,3630534,314.000000000000000,306064.000000000000000,4638,4298451,3791,3936598,8115,7928901
299,10/8/2021 15:00:00,4893,3997280,4014.000000000000000,3634548,275.000000000000000,306339.000000000000000,5168,4303619,4289,3940887,9182,7938083
300,10/9/2021 15:00:00,2667,3999947,2665.000000000000000,3637213,267.000000000000000,306606.000000000000000,2934,4306553,2932,3943819,5599,7943682
301,10/10/2021 15:00:00,1859,4001806,1840.000000000000000,3639053,59.000000000000000,306665.000000000000000,1918,4308471,1899,3945718,3758,7947440
302,10/11/2021 15:00:00,4334,4006140,3143.000000000000000,3642196,242.000000000000000,306907.000000000000000,4576,4313047,3385,3949103,7719,7955159
303,10/12/2021 15:00:00,3668,4009808,3231.000000000000000,3645427,266.000000000000000,307173.000000000000000,3934,4316981,3497,3952600,7165,7962324
304,10/13/2021 15:00:00,3947,4013755,3399.000000000000000,3648826,342.000000000000000,307515.000000000000000,4289,4321270,3741,3956341,7688,7970012
305,10/14/2021 15:00:00,5099,4018854,5436.000000000000000,3654262,417.000000000000000,307932.000000000000000,5516,4326786,5853,3962194,10952,7980964
306,10/15/2021 15:00:00,4678,4023532,4515.000000000000000,3658777,341.000000000000000,308273.000000000000000,5019,4331805,4856,3967050,9534,7990498
307,10/16/2021 15:00:00,2465,4025997,2469.000000000000000,3661246,287.000000000000000,308560.000000000000000,2752,4334557,2756,3969806,5221,7995719
308,10/17/2021 15:00:00,1763,4027760,1759.000000000000000,3663005,52.000000000000000,308612.000000000000000,1815,4336372,1811,3971617,3574,7999293
309,10/18/2021 15:00:00,4218,4031978,3557.000000000000000,3666562,257.000000000000000,308869.000000000000000,4475,4340847,3814,3975431,8032,8007325
310,10/19/2021 15:00:00,4275,4036253,4012.000000000000000,3670574,216.000000000000000,309085.000000000000000,4491,4345338,4228,3979659,8503,8015828
311,10/20/2021 15:00:00,3457,4039710,3379.000000000000000,3673953,249.000000000000000,309334.000000000000000,3706,4349044,3628,3983287,7085,8022913
312,10/21/2021 15:00:00,3218,4042928,3255.000000000000000,3677208,285.000000000000000,309619.000000000000000,3503,4352547,3540,3986827,6758,8029671
313,10/22/2021 15:00:00,4575,4047503,5582.000000000000000,3682790,465.000000000000000,310084.000000000000000,5040,4357587,6047,3992874,10622,8040293
314,10/23/2021 15:00:00,2784,4050287,3285.000000000000000,3686075,313.000000000000000,310397.000000000000000,3097,4360684,3598,3996472,6382,8046675
315,10/24/2021 15:00:00,1881,4052168,2303.000000000000000,3688378,67.000000000000000,310464.000000000000000,1948,4362632,2370,3998842,4251,8050926
316,10/25/2021 15:00:00,4088,4056256,5259.000000000000000,3693637,242.000000000000000,310706.000000000000000,4330,4366962,5501,4004343,9589,8060515
317,10/26/2021 15:00:00,3865,4060121,4768.000000000000000,3698405,247.000000000000000,310953.000000000000000,4112,4371074,5015,4009358,8880,8069395
318,10/27/2021 15:00:00,1749,4061870,2306.000000000000000,3700711,198.000000000000000,311151.000000000000000,1947,4373021,2504,4011862,4253,8073648