OBJECTID,VACCINATION_DATE,FirstDailyDose,FirstDoseCumulative,SecondDailyDose,SecondDoseCumulative,SingleDailyDose,SingleDoseCumulative,AtleastOneVaccine,AtleastOneVaccineCumulative,CompletedVax,CompletedVaxCumulative,FirstSecondSingleVaccination_12,FirstSecondSingleVaccination_13
1,12/14/2020 15:00:00,19,1409,,524,,,19,1409,0,524,19,1829
2,12/15/2020 15:00:00,61,1470,3.000000000000000,527,,,61,1470,3,527,64,1893
3,12/16/2020 15:00:00,595,2065,5.000000000000000,532,,,595,2065,5,532,600,2493
4,12/17/2020 15:00:00,1165,3230,8.000000000000000,540,,,1165,3230,8,540,1173,3666
5,12/18/2020 15:00:00,3024,6254,12.000000000000000,552,,,3024,6254,12,552,3036,6702
6,12/19/2020 15:00:00,931,7185,5.000000000000000,557,,,931,7185,5,557,936,7638
7,12/20/2020 15:00:00,364,7549,6.000000000000000,563,,,364,7549,6,563,370,8008
8,12/21/2020 15:00:00,3889,11438,26.000000000000000,589,,,3889,11438,26,589,3915,11923
9,12/22/2020 15:00:00,6323,17761,28.000000000000000,617,,,6323,17761,28,617,6351,18274
10,12/23/2020 15:00:00,5786,23547,37.000000000000000,654,,,5786,23547,37,654,5823,24097
11,12/24/2020 15:00:00,2729,26276,15.000000000000000,669,,,2729,26276,15,669,2744,26841
12,12/25/2020 15:00:00,1035,27311,4.000000000000000,673,,,1035,27311,4,673,1039,27880
13,12/26/2020 15:00:00,1883,29194,9.000000000000000,682,,,1883,29194,9,682,1892,29772
14,12/27/2020 15:00:00,1802,30996,12.000000000000000,694,,,1802,30996,12,694,1814,31586
15,12/28/2020 15:00:00,8986,39982,50.000000000000000,744,,,8986,39982,50,744,9036,40622
16,12/29/2020 15:00:00,10970,50952,53.000000000000000,797,,,10970,50952,53,797,11023,51645
17,12/30/2020 15:00:00,12495,63447,92.000000000000000,889,,,12495,63447,92,889,12587,64232
18,12/31/2020 15:00:00,7554,71001,47.000000000000000,936,,,7554,71001,47,936,7601,71833
19,1/1/2021 15:00:00,3315,74316,144.000000000000000,1080,,,3315,74316,144,1080,3459,75292
20,1/2/2021 15:00:00,3044,77360,34.000000000000000,1114,,,3044,77360,34,1114,3078,78370
21,1/3/2021 15:00:00,3412,80772,82.000000000000000,1196,,,3412,80772,82,1196,3494,81864
22,1/4/2021 15:00:00,13368,94140,336.000000000000000,1532,,,13368,94140,336,1532,13704,95568
23,1/5/2021 15:00:00,12488,106628,549.000000000000000,2081,,,12488,106628,549,2081,13037,108605
24,1/6/2021 15:00:00,15268,121896,866.000000000000000,2947,,,15268,121896,866,2947,16134,124739
25,1/7/2021 15:00:00,15044,136940,1779.000000000000000,4726,,,15044,136940,1779,4726,16823,141562
26,1/8/2021 15:00:00,24015,160955,2786.000000000000000,7512,,,24015,160955,2786,7512,26801,168363
27,1/9/2021 15:00:00,5174,166129,955.000000000000000,8467,,,5174,166129,955,8467,6129,174492
28,1/10/2021 15:00:00,2972,169101,385.000000000000000,8852,,,2972,169101,385,8852,3357,177849
29,1/11/2021 15:00:00,13730,182831,3471.000000000000000,12323,,,13730,182831,3471,12323,17201,195050
30,1/12/2021 15:00:00,17395,200226,5593.000000000000000,17916,,,17395,200226,5593,17916,22988,218038
31,1/13/2021 15:00:00,18625,218851,3930.000000000000000,21846,,,18625,218851,3930,21846,22555,240593
32,1/14/2021 15:00:00,17860,236711,1964.000000000000000,23810,,,17860,236711,1964,23810,19824,260417
33,1/15/2021 15:00:00,19485,256196,2033.000000000000000,25843,,,19485,256196,2033,25843,21518,281935
34,1/16/2021 15:00:00,5841,262037,1617.000000000000000,27460,,,5841,262037,1617,27460,7458,289393
35,1/17/2021 15:00:00,2124,264161,1480.000000000000000,28940,,,2124,264161,1480,28940,3604,292997
36,1/18/2021 15:00:00,7081,271242,3262.000000000000000,32202,,,7081,271242,3262,32202,10343,303340
37,1/19/2021 15:00:00,16958,288200,5406.000000000000000,37608,,,16958,288200,5406,37608,22364,325704
38,1/20/2021 15:00:00,21009,309209,5325.000000000000000,42933,,,21009,309209,5325,42933,26334,352038
39,1/21/2021 15:00:00,23818,333027,3851.000000000000000,46784,,,23818,333027,3851,46784,27669,379707
40,1/22/2021 15:00:00,28656,361683,3760.000000000000000,50544,,,28656,361683,3760,50544,32416,412123
41,1/23/2021 15:00:00,10124,371807,1944.000000000000000,52488,,,10124,371807,1944,52488,12068,424191
42,1/24/2021 15:00:00,3357,375164,1723.000000000000000,54211,,,3357,375164,1723,54211,5080,429271
43,1/25/2021 15:00:00,16308,391472,8608.000000000000000,62819,,,16308,391472,8608,62819,24916,454187
44,1/26/2021 15:00:00,17563,409035,8980.000000000000000,71799,,,17563,409035,8980,71799,26543,480730
45,1/27/2021 15:00:00,24439,433474,12558.000000000000000,84357,,,24439,433474,12558,84357,36997,517727
46,1/28/2021 15:00:00,22663,456137,9331.000000000000000,93688,,,22663,456137,9331,93688,31994,549721
47,1/29/2021 15:00:00,24786,480923,7929.000000000000000,101617,,,24786,480923,7929,101617,32715,582436
48,1/30/2021 15:00:00,17780,498703,2567.000000000000000,104184,,,17780,498703,2567,104184,20347,602783
49,1/31/2021 15:00:00,3764,502467,1371.000000000000000,105555,,,3764,502467,1371,105555,5135,607918
50,2/1/2021 15:00:00,8134,510601,5398.000000000000000,110953,,,8134,510601,5398,110953,13532,621450
51,2/2/2021 15:00:00,12514,523115,13832.000000000000000,124785,,,12514,523115,13832,124785,26346,647796
52,2/3/2021 15:00:00,18263,541378,18139.000000000000000,142924,,,18263,541378,18139,142924,36402,684198
53,2/4/2021 15:00:00,22138,563516,15796.000000000000000,158720,,,22138,563516,15796,158720,37934,722132
54,2/5/2021 15:00:00,20407,583923,17438.000000000000000,176158,,,20407,583923,17438,176158,37845,759977
55,2/6/2021 15:00:00,11371,595294,14534.000000000000000,190692,,,11371,595294,14534,190692,25905,785882
56,2/7/2021 15:00:00,5987,601281,1944.000000000000000,192636,,,5987,601281,1944,192636,7931,793813
57,2/8/2021 15:00:00,13011,614292,12972.000000000000000,205608,,,13011,614292,12972,205608,25983,819796
58,2/9/2021 15:00:00,16665,630957,13880.000000000000000,219488,,,16665,630957,13880,219488,30545,850341
59,2/10/2021 15:00:00,19317,650274,21315.000000000000000,240803,,,19317,650274,21315,240803,40632,890973
60,2/11/2021 15:00:00,22947,673221,17377.000000000000000,258180,,,22947,673221,17377,258180,40324,931297
61,2/12/2021 15:00:00,20427,693648,19667.000000000000000,277847,,,20427,693648,19667,277847,40094,971391
62,2/13/2021 15:00:00,11471,705119,6425.000000000000000,284272,,,11471,705119,6425,284272,17896,989287
63,2/14/2021 15:00:00,7119,712238,2136.000000000000000,286408,,,7119,712238,2136,286408,9255,998542
64,2/15/2021 15:00:00,11768,724006,13342.000000000000000,299750,,,11768,724006,13342,299750,25110,1023652
65,2/16/2021 15:00:00,16656,740662,21031.000000000000000,320781,,,16656,740662,21031,320781,37687,1061339
66,2/17/2021 15:00:00,20675,761337,26381.000000000000000,347162,,,20675,761337,26381,347162,47056,1108395
67,2/18/2021 15:00:00,3205,764542,4623.000000000000000,351785,,,3205,764542,4623,351785,7828,1116223
68,2/19/2021 15:00:00,10259,774801,19928.000000000000000,371713,,,10259,774801,19928,371713,30187,1146410
69,2/20/2021 15:00:00,10321,785122,20297.000000000000000,392010,,,10321,785122,20297,392010,30618,1177028
70,2/21/2021 15:00:00,6188,791310,7663.000000000000000,399673,,,6188,791310,7663,399673,13851,1190879
71,2/22/2021 15:00:00,8034,799344,15485.000000000000000,415158,,,8034,799344,15485,415158,23519,1214398
72,2/23/2021 15:00:00,15544,814888,15976.000000000000000,431134,,,15544,814888,15976,431134,31520,1245918
73,2/24/2021 15:00:00,18000,832888,24844.000000000000000,455978,,,18000,832888,24844,455978,42844,1288762
74,2/25/2021 15:00:00,20388,853276,26584.000000000000000,482562,,,20388,853276,26584,482562,46972,1335734
75,2/26/2021 15:00:00,26695,879971,26275.000000000000000,508837,,,26695,879971,26275,508837,52970,1388704
76,2/27/2021 15:00:00,16032,896003,11159.000000000000000,519996,,,16032,896003,11159,519996,27191,1415895
77,2/28/2021 15:00:00,15519,911522,4888.000000000000000,524884,,,15519,911522,4888,524884,20407,1436302
78,3/1/2021 15:00:00,27116,938638,12645.000000000000000,537529,,,27116,938638,12645,537529,39761,1476063
79,3/2/2021 15:00:00,23982,962620,13296.000000000000000,550825,36.000000000000000,36.000000000000000,24018,962656,13332,550861,37314,1513377
80,3/3/2021 15:00:00,30223,992843,18413.000000000000000,569238,190.000000000000000,226.000000000000000,30413,993069,18603,569464,48826,1562203
81,3/4/2021 15:00:00,31000,1023843,18247.000000000000000,587485,4068.000000000000000,4294.000000000000000,35068,1028137,22315,591779,53315,1615518
82,3/5/2021 15:00:00,30076,1053919,19754.000000000000000,607239,4909.000000000000000,9203.000000000000000,34985,1063122,24663,616442,54739,1670257
83,3/6/2021 15:00:00,18991,1072910,9533.000000000000000,616772,6010.000000000000000,15213.000000000000000,25001,1088123,15543,631985,34534,1704791
84,3/7/2021 15:00:00,12148,1085058,4928.000000000000000,621700,6610.000000000000000,21823.000000000000000,18758,1106881,11538,643523,23686,1728477
85,3/8/2021 15:00:00,25923,1110981,8859.000000000000000,630559,8273.000000000000000,30096.000000000000000,34196,1141077,17132,660655,43055,1771532
86,3/9/2021 15:00:00,26144,1137125,15489.000000000000000,646048,8342.000000000000000,38438.000000000000000,34486,1175563,23831,684486,49975,1821507
87,3/10/2021 15:00:00,29884,1167009,16044.000000000000000,662092,7938.000000000000000,46376.000000000000000,37822,1213385,23982,708468,53866,1875373
88,3/11/2021 15:00:00,36008,1203017,16417.000000000000000,678509,3981.000000000000000,50357.000000000000000,39989,1253374,20398,728866,56406,1931779
89,3/12/2021 15:00:00,36900,1239917,18145.000000000000000,696654,2928.000000000000000,53285.000000000000000,39828,1293202,21073,749939,57973,1989752
90,3/13/2021 15:00:00,22670,1262587,10330.000000000000000,706984,1629.000000000000000,54914.000000000000000,24299,1317501,11959,761898,34629,2024381
91,3/14/2021 15:00:00,17830,1280417,6735.000000000000000,713719,1007.000000000000000,55921.000000000000000,18837,1336338,7742,769640,25572,2049953
92,3/15/2021 15:00:00,29876,1310293,11353.000000000000000,725072,597.000000000000000,56518.000000000000000,30473,1366811,11950,781590,41826,2091779
93,3/16/2021 15:00:00,33473,1343766,13582.000000000000000,738654,770.000000000000000,57288.000000000000000,34243,1401054,14352,795942,47825,2139604
94,3/17/2021 15:00:00,37624,1381390,17072.000000000000000,755726,1181.000000000000000,58469.000000000000000,38805,1439859,18253,814195,55877,2195481
95,3/18/2021 15:00:00,41473,1422863,12681.000000000000000,768407,1354.000000000000000,59823.000000000000000,42827,1482686,14035,828230,55508,2250989
96,3/19/2021 15:00:00,38369,1461232,15435.000000000000000,783842,1045.000000000000000,60868.000000000000000,39414,1522100,16480,844710,54849,2305838
97,3/20/2021 15:00:00,24718,1485950,10228.000000000000000,794070,704.000000000000000,61572.000000000000000,25422,1547522,10932,855642,35650,2341488
98,3/21/2021 15:00:00,19186,1505136,7899.000000000000000,801969,337.000000000000000,61909.000000000000000,19523,1567045,8236,863878,27422,2368910
99,3/22/2021 15:00:00,32603,1537739,11499.000000000000000,813468,835.000000000000000,62744.000000000000000,33438,1600483,12334,876212,44937,2413847
100,3/23/2021 15:00:00,38408,1576147,17852.000000000000000,831320,1556.000000000000000,64300.000000000000000,39964,1640447,19408,895620,57816,2471663
101,3/24/2021 15:00:00,41077,1617224,21248.000000000000000,852568,1388.000000000000000,65688.000000000000000,42465,1682912,22636,918256,63713,2535376
102,3/25/2021 15:00:00,42902,1660126,21722.000000000000000,874290,2458.000000000000000,68146.000000000000000,45360,1728272,24180,942436,67082,2602458
103,3/26/2021 15:00:00,36372,1696498,26714.000000000000000,901004,2495.000000000000000,70641.000000000000000,38867,1767139,29209,971645,65581,2668039
104,3/27/2021 15:00:00,26469,1722967,17320.000000000000000,918324,2491.000000000000000,73132.000000000000000,28960,1796099,19811,991456,46280,2714319
105,3/28/2021 15:00:00,17009,1739976,12686.000000000000000,931010,1615.000000000000000,74747.000000000000000,18624,1814723,14301,1005757,31310,2745629
106,3/29/2021 15:00:00,29719,1769695,26383.000000000000000,957393,1142.000000000000000,75889.000000000000000,30861,1845584,27525,1033282,57244,2802873
107,3/30/2021 15:00:00,40053,1809748,29076.000000000000000,986469,1866.000000000000000,77755.000000000000000,41919,1887503,30942,1064224,70995,2873868
108,3/31/2021 15:00:00,41015,1850763,34740.000000000000000,1021209,5748.000000000000000,83503.000000000000000,46763,1934266,40488,1104712,81503,2955371
109,4/1/2021 15:00:00,42394,1893157,41119.000000000000000,1062328,5749.000000000000000,89252.000000000000000,48143,1982409,46868,1151580,89262,3044633
110,4/2/2021 15:00:00,34919,1928076,32728.000000000000000,1095056,6130.000000000000000,95382.000000000000000,41049,2023458,38858,1190438,73777,3118410
111,4/3/2021 15:00:00,21162,1949238,19227.000000000000000,1114283,4389.000000000000000,99771.000000000000000,25551,2049009,23616,1214054,44778,3163188
112,4/4/2021 15:00:00,8295,1957533,10219.000000000000000,1124502,968.000000000000000,100739.000000000000000,9263,2058272,11187,1225241,19482,3182670
113,4/5/2021 15:00:00,27948,1985481,28974.000000000000000,1153476,6659.000000000000000,107398.000000000000000,34607,2092879,35633,1260874,63581,3246251
114,4/6/2021 15:00:00,39797,2025278,30509.000000000000000,1183985,10497.000000000000000,117895.000000000000000,50294,2143173,41006,1301880,80803,3327054
115,4/7/2021 15:00:00,36101,2061379,34352.000000000000000,1218337,12991.000000000000000,130886.000000000000000,49092,2192265,47343,1349223,83444,3410498
116,4/8/2021 15:00:00,42348,2103727,36127.000000000000000,1254464,13867.000000000000000,144753.000000000000000,56215,2248480,49994,1399217,92342,3502840
117,4/9/2021 15:00:00,34066,2137793,36335.000000000000000,1290799,14528.000000000000000,159281.000000000000000,48594,2297074,50863,1450080,84929,3587769
118,4/10/2021 15:00:00,23470,2161263,23152.000000000000000,1313951,7640.000000000000000,166921.000000000000000,31110,2328184,30792,1480872,54262,3642031
119,4/11/2021 15:00:00,17578,2178841,13285.000000000000000,1327236,10124.000000000000000,177045.000000000000000,27702,2355886,23409,1504281,40987,3683018
120,4/12/2021 15:00:00,24581,2203422,33250.000000000000000,1360486,10899.000000000000000,187944.000000000000000,35480,2391366,44149,1548430,68730,3751748
121,4/13/2021 15:00:00,126145,2329567,91311.000000000000000,1451797,3293.000000000000000,191237.000000000000000,129438,2520804,94604,1643034,220749,3972497
122,4/14/2021 15:00:00,40723,2370290,37839.000000000000000,1489636,213.000000000000000,191450.000000000000000,40936,2561740,38052,1681086,78775,4051272
123,4/15/2021 15:00:00,41410,2411700,39571.000000000000000,1529207,176.000000000000000,191626.000000000000000,41586,2603326,39747,1720833,81157,4132429
124,4/16/2021 15:00:00,37143,2448843,38889.000000000000000,1568096,24.000000000000000,191650.000000000000000,37167,2640493,38913,1759746,76056,4208485
125,4/17/2021 15:00:00,32804,2481647,22034.000000000000000,1590130,13.000000000000000,191663.000000000000000,32817,2673310,22047,1781793,54851,4263336
126,4/18/2021 15:00:00,20064,2501711,16205.000000000000000,1606335,5.000000000000000,191668.000000000000000,20069,2693379,16210,1798003,36274,4299610
127,4/19/2021 15:00:00,29885,2531596,36564.000000000000000,1642899,61.000000000000000,191729.000000000000000,29946,2723325,36625,1834628,66510,4366120
128,4/20/2021 15:00:00,32927,2564523,44483.000000000000000,1687382,58.000000000000000,191787.000000000000000,32985,2756310,44541,1879169,77468,4443588
129,4/21/2021 15:00:00,39830,2604353,47072.000000000000000,1734454,26.000000000000000,191813.000000000000000,39856,2796166,47098,1926267,86928,4530516
130,4/22/2021 15:00:00,35852,2640205,42683.000000000000000,1777137,16.000000000000000,191829.000000000000000,35868,2832034,42699,1968966,78551,4609067
131,4/23/2021 15:00:00,33145,2673350,40164.000000000000000,1817301,14.000000000000000,191843.000000000000000,33159,2865193,40178,2009144,73323,4682390
132,4/24/2021 15:00:00,26414,2699764,27919.000000000000000,1845220,81.000000000000000,191924.000000000000000,26495,2891688,28000,2037144,54414,4736804
133,4/25/2021 15:00:00,20218,2719982,10993.000000000000000,1856213,31.000000000000000,191955.000000000000000,20249,2911937,11024,2048168,31242,4768046
134,4/26/2021 15:00:00,27388,2747370,32746.000000000000000,1888959,201.000000000000000,192156.000000000000000,27589,2939526,32947,2081115,60335,4828381
135,4/27/2021 15:00:00,26678,2774048,33097.000000000000000,1922056,1097.000000000000000,193253.000000000000000,27775,2967301,34194,2115309,60872,4889253
136,4/28/2021 15:00:00,28925,2802973,39558.000000000000000,1961614,1364.000000000000000,194617.000000000000000,30289,2997590,40922,2156231,69847,4959100
137,4/29/2021 15:00:00,27066,2830039,39764.000000000000000,2001378,1463.000000000000000,196080.000000000000000,28529,3026119,41227,2197458,68293,5027393
138,4/30/2021 15:00:00,28200,2858239,32295.000000000000000,2033673,1648.000000000000000,197728.000000000000000,29848,3055967,33943,2231401,62143,5089536
139,5/1/2021 15:00:00,20729,2878968,26722.000000000000000,2060395,1053.000000000000000,198781.000000000000000,21782,3077749,27775,2259176,48504,5138040
140,5/2/2021 15:00:00,10267,2889235,17069.000000000000000,2077464,822.000000000000000,199603.000000000000000,11089,3088838,17891,2277067,28158,5166198
141,5/3/2021 15:00:00,12731,2901966,28614.000000000000000,2106078,1916.000000000000000,201519.000000000000000,14647,3103485,30530,2307597,43261,5209459
142,5/4/2021 15:00:00,13562,2915528,38634.000000000000000,2144712,1740.000000000000000,203259.000000000000000,15302,3118787,40374,2347971,53936,5263395
143,5/5/2021 15:00:00,19321,2934849,37767.000000000000000,2182479,1921.000000000000000,205180.000000000000000,21242,3140029,39688,2387659,59009,5322404
144,5/6/2021 15:00:00,16917,2951766,40597.000000000000000,2223076,1722.000000000000000,206902.000000000000000,18639,3158668,42319,2429978,59236,5381640
145,5/7/2021 15:00:00,17585,2969351,37009.000000000000000,2260085,1959.000000000000000,208861.000000000000000,19544,3178212,38968,2468946,56553,5438193
146,5/8/2021 15:00:00,10796,2980147,31226.000000000000000,2291311,1291.000000000000000,210152.000000000000000,12087,3190299,32517,2501463,43313,5481506
147,5/9/2021 15:00:00,5077,2985224,12249.000000000000000,2303560,695.000000000000000,210847.000000000000000,5772,3196071,12944,2514407,18021,5499527
148,5/10/2021 15:00:00,8951,2994175,31052.000000000000000,2334612,1362.000000000000000,212209.000000000000000,10313,3206384,32414,2546821,41365,5540892
149,5/11/2021 15:00:00,12187,3006362,30286.000000000000000,2364898,1441.000000000000000,213650.000000000000000,13628,3220012,31727,2578548,43914,5584806
150,5/12/2021 15:00:00,13949,3020311,38628.000000000000000,2403526,1918.000000000000000,215568.000000000000000,15867,3235879,40546,2619094,54495,5639301
151,5/13/2021 15:00:00,21838,3042149,33513.000000000000000,2437039,1347.000000000000000,216915.000000000000000,23185,3259064,34860,2653954,56698,5695999
152,5/14/2021 15:00:00,24392,3066541,30060.000000000000000,2467099,1774.000000000000000,218689.000000000000000,26166,3285230,31834,2685788,56226,5752225
153,5/15/2021 15:00:00,21945,3088486,25112.000000000000000,2492211,1489.000000000000000,220178.000000000000000,23434,3308664,26601,2712389,48546,5800771
154,5/16/2021 15:00:00,9091,3097577,17584.000000000000000,2509795,1113.000000000000000,221291.000000000000000,10204,3318868,18697,2731086,27788,5828559
155,5/17/2021 15:00:00,16837,3114414,28413.000000000000000,2538208,1950.000000000000000,223241.000000000000000,18787,3337655,30363,2761449,47200,5875759
156,5/18/2021 15:00:00,21264,3135678,30690.000000000000000,2568898,1942.000000000000000,225183.000000000000000,23206,3360861,32632,2794081,53896,5929655
157,5/19/2021 15:00:00,27666,3163344,32435.000000000000000,2601333,1631.000000000000000,226814.000000000000000,29297,3390158,34066,2828147,61732,5991387
158,5/20/2021 15:00:00,20809,3184153,33276.000000000000000,2634609,1964.000000000000000,228778.000000000000000,22773,3412931,35240,2863387,56049,6047436
159,5/21/2021 15:00:00,19166,3203319,30357.000000000000000,2664966,1608.000000000000000,230386.000000000000000,20774,3433705,31965,2895352,51131,6098567
160,5/22/2021 15:00:00,16936,3220255,20696.000000000000000,2685662,1270.000000000000000,231656.000000000000000,18206,3451911,21966,2917318,38902,6137469
161,5/23/2021 15:00:00,8816,3229071,11450.000000000000000,2697112,965.000000000000000,232621.000000000000000,9781,3461692,12415,2929733,21231,6158700
162,5/24/2021 15:00:00,13568,3242639,17779.000000000000000,2714891,1474.000000000000000,234095.000000000000000,15042,3476734,19253,2948986,32821,6191521
163,5/25/2021 15:00:00,13073,3255712,18719.000000000000000,2733610,1329.000000000000000,235424.000000000000000,14402,3491136,20048,2969034,33121,6224642
164,5/26/2021 15:00:00,18313,3274025,19516.000000000000000,2753126,1512.000000000000000,236936.000000000000000,19825,3510961,21028,2990062,39341,6263983
165,5/27/2021 15:00:00,11688,3285713,18673.000000000000000,2771799,1116.000000000000000,238052.000000000000000,12804,3523765,19789,3009851,31477,6295460
166,5/28/2021 15:00:00,12418,3298131,19855.000000000000000,2791654,1401.000000000000000,239453.000000000000000,13819,3537584,21256,3031107,33674,6329134
167,5/29/2021 15:00:00,9517,3307648,11726.000000000000000,2803380,937.000000000000000,240390.000000000000000,10454,3548038,12663,3043770,22180,6351314
168,5/30/2021 15:00:00,4969,3312617,6435.000000000000000,2809815,596.000000000000000,240986.000000000000000,5565,3553603,7031,3050801,12000,6363314
169,5/31/2021 15:00:00,1779,3314396,3711.000000000000000,2813526,305.000000000000000,241291.000000000000000,2084,3555687,4016,3054817,5795,6369109
170,6/1/2021 15:00:00,9866,3324262,16449.000000000000000,2829975,1160.000000000000000,242451.000000000000000,11026,3566713,17609,3072426,27475,6396584
171,6/2/2021 15:00:00,10235,3334497,16822.000000000000000,2846797,961.000000000000000,243412.000000000000000,11196,3577909,17783,3090209,28018,6424602
172,6/3/2021 15:00:00,7897,3342394,21186.000000000000000,2867983,1087.000000000000000,244499.000000000000000,8984,3586893,22273,3112482,30170,6454772
173,6/4/2021 15:00:00,8196,3350590,22357.000000000000000,2890340,1120.000000000000000,245619.000000000000000,9316,3596209,23477,3135959,31673,6486445
174,6/5/2021 15:00:00,7002,3357592,19473.000000000000000,2909813,720.000000000000000,246339.000000000000000,7722,3603931,20193,3156152,27195,6513640
175,6/6/2021 15:00:00,3455,3361047,7255.000000000000000,2917068,424.000000000000000,246763.000000000000000,3879,3607810,7679,3163831,11134,6524774
176,6/7/2021 15:00:00,6860,3367907,15790.000000000000000,2932858,726.000000000000000,247489.000000000000000,7586,3615396,16516,3180347,23376,6548150
177,6/8/2021 15:00:00,6670,3374577,19735.000000000000000,2952593,830.000000000000000,248319.000000000000000,7500,3622896,20565,3200912,27235,6575385
178,6/9/2021 15:00:00,8201,3382778,23991.000000000000000,2976584,968.000000000000000,249287.000000000000000,9169,3632065,24959,3225871,33160,6608545
179,6/10/2021 15:00:00,7150,3389928,19142.000000000000000,2995726,895.000000000000000,250182.000000000000000,8045,3640110,20037,3245908,27187,6635732
180,6/11/2021 15:00:00,7487,3397415,17727.000000000000000,3013453,1125.000000000000000,251307.000000000000000,8612,3648722,18852,3264760,26339,6662071
181,6/12/2021 15:00:00,5243,3402658,14770.000000000000000,3028223,605.000000000000000,251912.000000000000000,5848,3654570,15375,3280135,20618,6682689
182,6/13/2021 15:00:00,1947,3404605,7634.000000000000000,3035857,427.000000000000000,252339.000000000000000,2374,3656944,8061,3288196,10008,6692697
183,6/14/2021 15:00:00,5654,3410259,11822.000000000000000,3047679,733.000000000000000,253072.000000000000000,6387,3663331,12555,3300751,18209,6710906
184,6/15/2021 15:00:00,5645,3415904,14343.000000000000000,3062022,873.000000000000000,253945.000000000000000,6518,3669849,15216,3315967,20861,6731767
185,6/16/2021 15:00:00,8758,3424662,21595.000000000000000,3083617,757.000000000000000,254702.000000000000000,9515,3679364,22352,3338319,31110,6762877
186,6/17/2021 15:00:00,6689,3431351,12366.000000000000000,3095983,720.000000000000000,255422.000000000000000,7409,3686773,13086,3351405,19775,6782652
187,6/18/2021 15:00:00,6835,3438186,12741.000000000000000,3108724,702.000000000000000,256124.000000000000000,7537,3694310,13443,3364848,20278,6802930
188,6/19/2021 15:00:00,4661,3442847,9385.000000000000000,3118109,615.000000000000000,256739.000000000000000,5276,3699586,10000,3374848,14661,6817591
189,6/20/2021 15:00:00,2503,3445350,5060.000000000000000,3123169,377.000000000000000,257116.000000000000000,2880,3702466,5437,3380285,7940,6825531
190,6/21/2021 15:00:00,5565,3450915,5339.000000000000000,3128508,635.000000000000000,257751.000000000000000,6200,3708666,5974,3386259,11539,6837070
191,6/22/2021 15:00:00,5344,3456259,9058.000000000000000,3137566,693.000000000000000,258444.000000000000000,6037,3714703,9751,3396010,15095,6852165
192,6/23/2021 15:00:00,6079,3462338,10339.000000000000000,3147905,646.000000000000000,259090.000000000000000,6725,3721428,10985,3406995,17064,6869229
193,6/24/2021 15:00:00,5938,3468276,8201.000000000000000,3156106,595.000000000000000,259685.000000000000000,6533,3727961,8796,3415791,14734,6883963
194,6/25/2021 15:00:00,5828,3474104,8669.000000000000000,3164775,620.000000000000000,260305.000000000000000,6448,3734409,9289,3425080,15117,6899080
195,6/26/2021 15:00:00,3706,3477810,6308.000000000000000,3171083,398.000000000000000,260703.000000000000000,4104,3738513,6706,3431786,10412,6909492
196,6/27/2021 15:00:00,2809,3480619,3525.000000000000000,3174608,185.000000000000000,260888.000000000000000,2994,3741507,3710,3435496,6519,6916011
197,6/28/2021 15:00:00,4922,3485541,6390.000000000000000,3180998,539.000000000000000,261427.000000000000000,5461,3746968,6929,3442425,11851,6927862
198,6/29/2021 15:00:00,5062,3490603,6479.000000000000000,3187477,523.000000000000000,261950.000000000000000,5585,3752553,7002,3449427,12064,6939926
199,6/30/2021 15:00:00,5626,3496229,7389.000000000000000,3194866,606.000000000000000,262556.000000000000000,6232,3758785,7995,3457422,13621,6953547
200,7/1/2021 15:00:00,5423,3501652,6992.000000000000000,3201858,504.000000000000000,263060.000000000000000,5927,3764712,7496,3464918,12919,6966466
201,7/2/2021 15:00:00,5294,3506946,6842.000000000000000,3208700,526.000000000000000,263586.000000000000000,5820,3770532,7368,3472286,12662,6979128
202,7/3/2021 15:00:00,3273,3510219,4069.000000000000000,3212769,264.000000000000000,263850.000000000000000,3537,3774069,4333,3476619,7606,6986734
203,7/4/2021 15:00:00,494,3510713,550.000000000000000,3213319,68.000000000000000,263918.000000000000000,562,3774631,618,3477237,1112,6987846
204,7/5/2021 15:00:00,3771,3514484,3955.000000000000000,3217274,287.000000000000000,264205.000000000000000,4058,3778689,4242,3481479,8013,6995859
205,7/6/2021 15:00:00,4494,3518978,6281.000000000000000,3223555,455.000000000000000,264660.000000000000000,4949,3783638,6736,3488215,11230,7007089
206,7/7/2021 15:00:00,4470,3523448,6417.000000000000000,3229972,483.000000000000000,265143.000000000000000,4953,3788591,6900,3495115,11370,7018459
207,7/8/2021 15:00:00,4839,3528287,6180.000000000000000,3236152,564.000000000000000,265707.000000000000000,5403,3793994,6744,3501859,11583,7030042
208,7/9/2021 15:00:00,5369,3533656,6669.000000000000000,3242821,573.000000000000000,266280.000000000000000,5942,3799936,7242,3509101,12611,7042653
209,7/10/2021 15:00:00,3522,3537178,4406.000000000000000,3247227,304.000000000000000,266584.000000000000000,3826,3803762,4710,3513811,8232,7050885
210,7/11/2021 15:00:00,2680,3539858,2574.000000000000000,3249801,226.000000000000000,266810.000000000000000,2906,3806668,2800,3516611,5480,7056365
211,7/12/2021 15:00:00,4424,3544282,5132.000000000000000,3254933,379.000000000000000,267189.000000000000000,4803,3811471,5511,3522122,9935,7066300
212,7/13/2021 15:00:00,4666,3548948,4723.000000000000000,3259656,366.000000000000000,267555.000000000000000,5032,3816503,5089,3527211,9755,7076055
213,7/14/2021 15:00:00,4623,3553571,5287.000000000000000,3264943,422.000000000000000,267977.000000000000000,5045,3821548,5709,3532920,10332,7086387
214,7/15/2021 15:00:00,4908,3558479,5015.000000000000000,3269958,358.000000000000000,268335.000000000000000,5266,3826814,5373,3538293,10281,7096668
215,7/16/2021 15:00:00,6276,3564755,5848.000000000000000,3275806,405.000000000000000,268740.000000000000000,6681,3833495,6253,3544546,12529,7109197
216,7/17/2021 15:00:00,3418,3568173,3552.000000000000000,3279358,303.000000000000000,269043.000000000000000,3721,3837216,3855,3548401,7273,7116470
217,7/18/2021 15:00:00,2311,3570484,2380.000000000000000,3281738,110.000000000000000,269153.000000000000000,2421,3839637,2490,3550891,4801,7121271
218,7/19/2021 15:00:00,5144,3575628,4611.000000000000000,3286349,383.000000000000000,269536.000000000000000,5527,3845164,4994,3555885,10138,7131409
219,7/20/2021 15:00:00,5339,3580967,4719.000000000000000,3291068,366.000000000000000,269902.000000000000000,5705,3850869,5085,3560970,10424,7141833
220,7/21/2021 15:00:00,5664,3586631,4948.000000000000000,3296016,416.000000000000000,270318.000000000000000,6080,3856949,5364,3566334,11028,7152861
221,7/22/2021 15:00:00,6033,3592664,4643.000000000000000,3300659,472.000000000000000,270790.000000000000000,6505,3863454,5115,3571449,11148,7164009
222,7/23/2021 15:00:00,6845,3599509,4849.000000000000000,3305508,498.000000000000000,271288.000000000000000,7343,3870797,5347,3576796,12192,7176201
223,7/24/2021 15:00:00,4284,3603793,3202.000000000000000,3308710,267.000000000000000,271555.000000000000000,4551,3875348,3469,3580265,7753,7183954
224,7/25/2021 15:00:00,3299,3607092,1121.000000000000000,3309831,140.000000000000000,271695.000000000000000,3439,3878787,1261,3581526,4560,7188514
225,7/26/2021 15:00:00,6218,3613310,3908.000000000000000,3313739,419.000000000000000,272114.000000000000000,6637,3885424,4327,3585853,10545,7199059
226,7/27/2021 15:00:00,6605,3619915,4287.000000000000000,3318026,458.000000000000000,272572.000000000000000,7063,3892487,4745,3590598,11350,7210409
227,7/28/2021 15:00:00,7090,3627005,4146.000000000000000,3322172,460.000000000000000,273032.000000000000000,7550,3900037,4606,3595204,11696,7222105
228,7/29/2021 15:00:00,7081,3634086,4303.000000000000000,3326475,419.000000000000000,273451.000000000000000,7500,3907537,4722,3599926,11803,7233908
229,7/30/2021 15:00:00,7822,3641908,4810.000000000000000,3331285,526.000000000000000,273977.000000000000000,8348,3915885,5336,3605262,13158,7247066
230,7/31/2021 15:00:00,4793,3646701,3083.000000000000000,3334368,274.000000000000000,274251.000000000000000,5067,3920952,3357,3608619,8150,7255216
231,8/1/2021 15:00:00,3893,3650594,2168.000000000000000,3336536,164.000000000000000,274415.000000000000000,4057,3925009,2332,3610951,6225,7261441
232,8/2/2021 15:00:00,7273,3657867,3846.000000000000000,3340382,341.000000000000000,274756.000000000000000,7614,3932623,4187,3615138,11460,7272901
233,8/3/2021 15:00:00,7270,3665137,4106.000000000000000,3344488,517.000000000000000,275273.000000000000000,7787,3940410,4623,3619761,11893,7284794
234,8/4/2021 15:00:00,7423,3672560,4123.000000000000000,3348611,536.000000000000000,275809.000000000000000,7959,3948369,4659,3624420,12082,7296876
235,8/5/2021 15:00:00,7949,3680509,4299.000000000000000,3352910,538.000000000000000,276347.000000000000000,8487,3956856,4837,3629257,12786,7309662
236,8/6/2021 15:00:00,8327,3688836,4740.000000000000000,3357650,454.000000000000000,276801.000000000000000,8781,3965637,5194,3634451,13521,7323183
237,8/7/2021 15:00:00,5302,3694138,2842.000000000000000,3360492,264.000000000000000,277065.000000000000000,5566,3971203,3106,3637557,8408,7331591
238,8/8/2021 15:00:00,3976,3698114,2064.000000000000000,3362556,144.000000000000000,277209.000000000000000,4120,3975323,2208,3639765,6184,7337775
239,8/9/2021 15:00:00,6956,3705070,4562.000000000000000,3367118,370.000000000000000,277579.000000000000000,7326,3982649,4932,3644697,11888,7349663
240,8/10/2021 15:00:00,7163,3712233,4480.000000000000000,3371598,339.000000000000000,277918.000000000000000,7502,3990151,4819,3649516,11982,7361645
241,8/11/2021 15:00:00,7081,3719314,4447.000000000000000,3376045,443.000000000000000,278361.000000000000000,7524,3997675,4890,3654406,11971,7373616
242,8/12/2021 15:00:00,8633,3727947,4757.000000000000000,3380802,445.000000000000000,278806.000000000000000,9078,4006753,5202,3659608,13835,7387451
243,8/13/2021 15:00:00,7151,3735098,5381.000000000000000,3386183,397.000000000000000,279203.000000000000000,7548,4014301,5778,3665386,12929,7400380
244,8/14/2021 15:00:00,4919,3740017,3346.000000000000000,3389529,285.000000000000000,279488.000000000000000,5204,4019505,3631,3669017,8550,7408930
245,8/15/2021 15:00:00,3328,3743345,2739.000000000000000,3392268,163.000000000000000,279651.000000000000000,3491,4022996,2902,3671919,6230,7415160
246,8/16/2021 15:00:00,5448,3748793,5096.000000000000000,3397364,354.000000000000000,280005.000000000000000,5802,4028798,5450,3677369,10898,7426058
247,8/17/2021 15:00:00,6815,3755608,5361.000000000000000,3402725,390.000000000000000,280395.000000000000000,7205,4036003,5751,3683120,12566,7438624
248,8/18/2021 15:00:00,6328,3761936,5510.000000000000000,3408235,481.000000000000000,280876.000000000000000,6809,4042812,5991,3689111,12319,7450943
249,8/19/2021 15:00:00,6215,3768151,5556.000000000000000,3413791,417.000000000000000,281293.000000000000000,6632,4049444,5973,3695084,12188,7463131
250,8/20/2021 15:00:00,6844,3774995,6554.000000000000000,3420345,401.000000000000000,281694.000000000000000,7245,4056689,6955,3702039,13799,7476930
251,8/21/2021 15:00:00,4334,3779329,3918.000000000000000,3424263,230.000000000000000,281924.000000000000000,4564,4061253,4148,3706187,8482,7485412
252,8/22/2021 15:00:00,3060,3782389,3171.000000000000000,3427434,110.000000000000000,282034.000000000000000,3170,4064423,3281,3709468,6341,7491753
253,8/23/2021 15:00:00,5995,3788384,6102.000000000000000,3433536,287.000000000000000,282321.000000000000000,6282,4070705,6389,3715857,12384,7504137
254,8/24/2021 15:00:00,6545,3794929,6066.000000000000000,3439602,425.000000000000000,282746.000000000000000,6970,4077675,6491,3722348,13036,7517173
255,8/25/2021 15:00:00,6721,3801650,6223.000000000000000,3445825,441.000000000000000,283187.000000000000000,7162,4084837,6664,3729012,13385,7530558
256,8/26/2021 15:00:00,6967,3808617,6656.000000000000000,3452481,428.000000000000000,283615.000000000000000,7395,4092232,7084,3736096,14051,7544609
257,8/27/2021 15:00:00,6830,3815447,7078.000000000000000,3459559,317.000000000000000,283932.000000000000000,7147,4099379,7395,3743491,14225,7558834
258,8/28/2021 15:00:00,6898,3822345,6525.000000000000000,3466084,326.000000000000000,284258.000000000000000,7224,4106603,6851,3750342,13749,7572583
259,8/29/2021 15:00:00,3734,3826079,3695.000000000000000,3469779,610.000000000000000,284868.000000000000000,4344,4110947,4305,3754647,8039,7580622
260,8/30/2021 15:00:00,5923,3832002,6129.000000000000000,3475908,960.000000000000000,285828.000000000000000,6883,4117830,7089,3761736,13012,7593634
261,8/31/2021 15:00:00,5899,3837901,6071.000000000000000,3481979,946.000000000000000,286774.000000000000000,6845,4124675,7017,3768753,12916,7606550
262,9/1/2021 15:00:00,5581,3843482,5688.000000000000000,3487667,915.000000000000000,287689.000000000000000,6496,4131171,6603,3775356,12184,7618734
263,9/2/2021 15:00:00,5534,3849016,5930.000000000000000,3493597,707.000000000000000,288396.000000000000000,6241,4137412,6637,3781993,12171,7630905
264,9/3/2021 15:00:00,5993,3855009,6932.000000000000000,3500529,973.000000000000000,289369.000000000000000,6966,4144378,7905,3789898,13898,7644803
265,9/4/2021 15:00:00,3726,3858735,4355.000000000000000,3504884,878.000000000000000,290247.000000000000000,4604,4148982,5233,3795131,8959,7653762
266,9/5/2021 15:00:00,2957,3861692,2812.000000000000000,3507696,106.000000000000000,290353.000000000000000,3063,4152045,2918,3798049,5875,7659637
267,9/6/2021 15:00:00,1059,3862751,1159.000000000000000,3508855,65.000000000000000,290418.000000000000000,1124,4153169,1224,3799273,2283,7661920
268,9/7/2021 15:00:00,5345,3868096,7302.000000000000000,3516157,2303.000000000000000,292721.000000000000000,7648,4160817,9605,3808878,14950,7676870
269,9/8/2021 15:00:00,4653,3872749,5478.000000000000000,3521635,364.000000000000000,293085.000000000000000,5017,4165834,5842,3814720,10495,7687365
270,9/9/2021 15:00:00,5016,3877765,5457.000000000000000,3527092,324.000000000000000,293409.000000000000000,5340,4171174,5781,3820501,10797,7698162
271,9/10/2021 15:00:00,6527,3884292,6658.000000000000000,3533750,1719.000000000000000,295128.000000000000000,8246,4179420,8377,3828878,14904,7713066
272,9/11/2021 15:00:00,4174,3888466,4340.000000000000000,3538090,666.000000000000000,295794.000000000000000,4840,4184260,5006,3833884,9180,7722246
273,9/12/2021 15:00:00,3172,3891638,3239.000000000000000,3541329,436.000000000000000,296230.000000000000000,3608,4187868,3675,3837559,6847,7729093
274,9/13/2021 15:00:00,4883,3896521,5067.000000000000000,3546396,346.000000000000000,296576.000000000000000,5229,4193097,5413,3842972,10296,7739389
275,9/14/2021 15:00:00,4776,3901297,5438.000000000000000,3551834,436.000000000000000,297012.000000000000000,5212,4198309,5874,3848846,10650,7750039
276,9/15/2021 15:00:00,5038,3906335,5872.000000000000000,3557706,392.000000000000000,297404.000000000000000,5430,4203739,6264,3855110,11302,7761341
277,9/16/2021 15:00:00,4809,3911144,5845.000000000000000,3563551,336.000000000000000,297740.000000000000000,5145,4208884,6181,3861291,10990,7772331
278,9/17/2021 15:00:00,5258,3916402,6584.000000000000000,3570135,344.000000000000000,298084.000000000000000,5602,4214486,6928,3868219,12186,7784517
279,9/18/2021 15:00:00,3803,3920205,4577.000000000000000,3574712,185.000000000000000,298269.000000000000000,3988,4218474,4762,3872981,8565,7793082
280,9/19/2021 15:00:00,2741,3922946,3167.000000000000000,3577879,75.000000000000000,298344.000000000000000,2816,4221290,3242,3876223,5983,7799065
281,9/20/2021 15:00:00,3751,3926697,4680.000000000000000,3582559,430.000000000000000,298774.000000000000000,4181,4225471,5110,3881333,8861,7807926
282,9/21/2021 15:00:00,3999,3930696,5003.000000000000000,3587562,327.000000000000000,299101.000000000000000,4326,4229797,5330,3886663,9329,7817255
283,9/22/2021 15:00:00,4195,3934891,4774.000000000000000,3592336,459.000000000000000,299560.000000000000000,4654,4234451,5233,3891896,9428,7826683
284,9/23/2021 15:00:00,4176,3939067,4730.000000000000000,3597066,492.000000000000000,300052.000000000000000,4668,4239119,5222,3897118,9398,7836081
285,9/24/2021 15:00:00,5078,3944145,5603.000000000000000,3602669,422.000000000000000,300474.000000000000000,5500,4244619,6025,3903143,11103,7847184
286,9/25/2021 15:00:00,3625,3947770,3629.000000000000000,3606298,384.000000000000000,300858.000000000000000,4009,4248628,4013,3907156,7638,7854822
287,9/26/2021 15:00:00,2353,3950123,2665.000000000000000,3608963,428.000000000000000,301286.000000000000000,2781,4251409,3093,3910249,5446,7860268
288,9/27/2021 15:00:00,4506,3954629,2705.000000000000000,3611668,512.000000000000000,301798.000000000000000,5018,4256427,3217,3913466,7723,7867991
289,9/28/2021 15:00:00,4399,3959028,4447.000000000000000,3616115,211.000000000000000,302009.000000000000000,4610,4261037,4658,3918124,9057,7877048
290,9/29/2021 15:00:00,4694,3963722,4503.000000000000000,3620618,920.000000000000000,302929.000000000000000,5614,4266651,5423,3923547,10117,7887165
291,9/30/2021 15:00:00,4886,3968608,4560.000000000000000,3625178,795.000000000000000,303724.000000000000000,5681,4272332,5355,3928902,10241,7897406
292,10/1/2021 15:00:00,5501,3974109,5339.000000000000000,3630517,785.000000000000000,304509.000000000000000,6286,4278618,6124,3935026,11625,7909031
293,10/2/2021 15:00:00,2935,3977044,2896.000000000000000,3633413,187.000000000000000,304696.000000000000000,3122,4281740,3083,3938109,6018,7915049
294,10/3/2021 15:00:00,2072,3979116,2376.000000000000000,3635789,86.000000000000000,304782.000000000000000,2158,4283898,2462,3940571,4534,7919583
295,10/4/2021 15:00:00,4023,3983139,3497.000000000000000,3639286,232.000000000000000,305014.000000000000000,4255,4288153,3729,3944300,7752,7927335
296,10/5/2021 15:00:00,3951,3987090,3658.000000000000000,3642944,207.000000000000000,305221.000000000000000,4158,4292311,3865,3948165,7816,7935151
297,10/6/2021 15:00:00,4021,3991111,3571.000000000000000,3646515,266.000000000000000,305487.000000000000000,4287,4296598,3837,3952002,7858,7943009
298,10/7/2021 15:00:00,4232,3995343,3620.000000000000000,3650135,331.000000000000000,305818.000000000000000,4563,4301161,3951,3955953,8183,7951192
299,10/8/2021 15:00:00,4772,4000115,4283.000000000000000,3654418,283.000000000000000,306101.000000000000000,5055,4306216,4566,3960519,9338,7960530
300,10/9/2021 15:00:00,2691,4002806,2678.000000000000000,3657096,270.000000000000000,306371.000000000000000,2961,4309177,2948,3963467,5639,7966169
301,10/10/2021 15:00:00,1862,4004668,1850.000000000000000,3658946,59.000000000000000,306430.000000000000000,1921,4311098,1909,3965376,3771,7969940
302,10/11/2021 15:00:00,4205,4008873,3316.000000000000000,3662262,249.000000000000000,306679.000000000000000,4454,4315552,3565,3968941,7770,7977710
303,10/12/2021 15:00:00,3589,4012462,3512.000000000000000,3665774,273.000000000000000,306952.000000000000000,3862,4319414,3785,3972726,7374,7985084
304,10/13/2021 15:00:00,3955,4016417,3446.000000000000000,3669220,346.000000000000000,307298.000000000000000,4301,4323715,3792,3976518,7747,7992831
305,10/14/2021 15:00:00,5160,4021577,5491.000000000000000,3674711,431.000000000000000,307729.000000000000000,5591,4329306,5922,3982440,11082,8003913
306,10/15/2021 15:00:00,4712,4026289,4591.000000000000000,3679302,347.000000000000000,308076.000000000000000,5059,4334365,4938,3987378,9650,8013563
307,10/16/2021 15:00:00,2496,4028785,2504.000000000000000,3681806,291.000000000000000,308367.000000000000000,2787,4337152,2795,3990173,5291,8018854
308,10/17/2021 15:00:00,1805,4030590,1774.000000000000000,3683580,55.000000000000000,308422.000000000000000,1860,4339012,1829,3992002,3634,8022488
309,10/18/2021 15:00:00,4276,4034866,3579.000000000000000,3687159,268.000000000000000,308690.000000000000000,4544,4343556,3847,3995849,8123,8030611
310,10/19/2021 15:00:00,4298,4039164,4001.000000000000000,3691160,223.000000000000000,308913.000000000000000,4521,4348077,4224,4000073,8522,8039133
311,10/20/2021 15:00:00,3525,4042689,3420.000000000000000,3694580,255.000000000000000,309168.000000000000000,3780,4351857,3675,4003748,7200,8046333
312,10/21/2021 15:00:00,3299,4045988,3267.000000000000000,3697847,291.000000000000000,309459.000000000000000,3590,4355447,3558,4007306,6857,8053190
313,10/22/2021 15:00:00,4679,4050667,4022.000000000000000,3701869,477.000000000000000,309936.000000000000000,5156,4360603,4499,4011805,9178,8062368
314,10/23/2021 15:00:00,2885,4053552,2108.000000000000000,3703977,321.000000000000000,310257.000000000000000,3206,4363809,2429,4014234,5314,8067682
315,10/24/2021 15:00:00,2056,4055608,1553.000000000000000,3705530,79.000000000000000,310336.000000000000000,2135,4365944,1632,4015866,3688,8071370
316,10/25/2021 15:00:00,4544,4060152,3068.000000000000000,3708598,320.000000000000000,310656.000000000000000,4864,4370808,3388,4019254,7932,8079302
317,10/26/2021 15:00:00,4501,4064653,3074.000000000000000,3711672,316.000000000000000,310972.000000000000000,4817,4375625,3390,4022644,7891,8087193
318,10/27/2021 15:00:00,4730,4069383,3336.000000000000000,3715008,436.000000000000000,311408.000000000000000,5166,4380791,3772,4026416,8502,8095695
319,10/28/2021 15:00:00,4554,4073937,3347.000000000000000,3718355,501.000000000000000,311909.000000000000000,5055,4385846,3848,4030264,8402,8104097
320,10/29/2021 15:00:00,4977,4078914,3912.000000000000000,3722267,394.000000000000000,312303.000000000000000,5371,4391217,4306,4034570,9283,8113380
321,10/30/2021 15:00:00,2632,4081546,1834.000000000000000,3724101,308.000000000000000,312611.000000000000000,2940,4394157,2142,4036712,4774,8118154
322,10/31/2021 15:00:00,1938,4083484,1519.000000000000000,3725620,93.000000000000000,312704.000000000000000,2031,4396188,1612,4038324,3550,8121704
323,11/1/2021 15:00:00,4712,4088196,3420.000000000000000,3729040,346.000000000000000,313050.000000000000000,5058,4401246,3766,4042090,8478,8130182
324,11/2/2021 15:00:00,4251,4092447,2934.000000000000000,3731974,408.000000000000000,313458.000000000000000,4659,4405905,3342,4045432,7593,8137775
325,11/3/2021 15:00:00,4667,4097114,3041.000000000000000,3735015,463.000000000000000,313921.000000000000000,5130,4411035,3504,4048936,8171,8145946
326,11/4/2021 15:00:00,6308,4103422,3362.000000000000000,3738377,513.000000000000000,314434.000000000000000,6821,4417856,3875,4052811,10183,8156129
327,11/5/2021 15:00:00,8237,4111659,3761.000000000000000,3742138,413.000000000000000,314847.000000000000000,8650,4426506,4174,4056985,12411,8168540
328,11/6/2021 15:00:00,10167,4121826,1965.000000000000000,3744103,308.000000000000000,315155.000000000000000,10475,4436981,2273,4059258,12440,8180980
329,11/7/2021 15:00:00,7709,4129535,1463.000000000000000,3745566,94.000000000000000,315249.000000000000000,7803,4444784,1557,4060815,9266,8190246
330,11/8/2021 15:00:00,11304,4140839,3040.000000000000000,3748606,379.000000000000000,315628.000000000000000,11683,4456467,3419,4064234,14723,8204969
331,11/9/2021 15:00:00,11760,4152599,2639.000000000000000,3751245,268.000000000000000,315896.000000000000000,12028,4468495,2907,4067141,14667,8219636
332,11/10/2021 15:00:00,12584,4165183,2747.000000000000000,3753992,339.000000000000000,316235.000000000000000,12923,4481418,3086,4070227,15670,8235306
333,11/11/2021 15:00:00,11372,4176555,2370.000000000000000,3756362,280.000000000000000,316515.000000000000000,11652,4493070,2650,4072877,14022,8249328
334,11/12/2021 15:00:00,12289,4188844,3345.000000000000000,3759707,548.000000000000000,317063.000000000000000,12837,4505907,3893,4076770,16182,8265510
335,11/13/2021 15:00:00,9889,4198733,1590.000000000000000,3761297,342.000000000000000,317405.000000000000000,10231,4516138,1932,4078702,11821,8277331
336,11/14/2021 15:00:00,3923,4202656,1112.000000000000000,3762409,121.000000000000000,317526.000000000000000,4044,4520182,1233,4079935,5156,8282487
337,11/15/2021 15:00:00,8623,4211279,2513.000000000000000,3764922,205.000000000000000,317731.000000000000000,8828,4529010,2718,4082653,11341,8293828
338,11/16/2021 15:00:00,9228,4220507,2501.000000000000000,3767423,255.000000000000000,317986.000000000000000,9483,4538493,2756,4085409,11984,8305812
339,11/17/2021 15:00:00,9395,4229902,2861.000000000000000,3770284,312.000000000000000,318298.000000000000000,9707,4548200,3173,4088582,12568,8318380
340,11/18/2021 15:00:00,9278,4239180,2623.000000000000000,3772907,482.000000000000000,318780.000000000000000,9760,4557960,3105,4091687,12383,8330763
341,11/19/2021 15:00:00,9793,4248973,2906.000000000000000,3775813,381.000000000000000,319161.000000000000000,10174,4568134,3287,4094974,13080,8343843
342,11/20/2021 15:00:00,10624,4259597,1599.000000000000000,3777412,455.000000000000000,319616.000000000000000,11079,4579213,2054,4097028,12678,8356521
343,11/21/2021 15:00:00,4343,4263940,1198.000000000000000,3778610,99.000000000000000,319715.000000000000000,4442,4583655,1297,4098325,5640,8362161
344,11/22/2021 15:00:00,9819,4273759,2476.000000000000000,3781086,293.000000000000000,320008.000000000000000,10112,4593767,2769,4101094,12588,8374749
345,11/23/2021 15:00:00,9207,4282966,2381.000000000000000,3783467,280.000000000000000,320288.000000000000000,9487,4603254,2661,4103755,11868,8386617
346,11/24/2021 15:00:00,8156,4291122,2436.000000000000000,3785903,216.000000000000000,320504.000000000000000,8372,4611626,2652,4106407,10808,8397425
347,11/25/2021 15:00:00,239,4291361,77.000000000000000,3785980,10.000000000000000,320514.000000000000000,249,4611875,87,4106494,326,8397751
348,11/26/2021 15:00:00,5652,4297013,3950.000000000000000,3789930,153.000000000000000,320667.000000000000000,5805,4617680,4103,4110597,9755,8407506
349,11/27/2021 15:00:00,3778,4300791,5475.000000000000000,3795405,134.000000000000000,320801.000000000000000,3912,4621592,5609,4116206,9387,8416893
350,11/28/2021 15:00:00,2412,4303203,6383.000000000000000,3801788,77.000000000000000,320878.000000000000000,2489,4624081,6460,4122666,8872,8425765
351,11/29/2021 15:00:00,6368,4309571,9279.000000000000000,3811067,379.000000000000000,321257.000000000000000,6747,4630828,9658,4132324,16026,8441791
352,11/30/2021 15:00:00,6253,4315824,9313.000000000000000,3820380,264.000000000000000,321521.000000000000000,6517,4637345,9577,4141901,15830,8457621
353,12/1/2021 15:00:00,7285,4323109,9705.000000000000000,3830085,308.000000000000000,321829.000000000000000,7593,4644938,10013,4151914,17298,8474919
354,12/2/2021 15:00:00,6906,4330015,8784.000000000000000,3838869,451.000000000000000,322280.000000000000000,7357,4652295,9235,4161149,16141,8491060
355,12/3/2021 15:00:00,7592,4337607,9241.000000000000000,3848110,249.000000000000000,322529.000000000000000,7841,4660136,9490,4170639,17082,8508142
356,12/4/2021 15:00:00,5948,4343555,10032.000000000000000,3858142,465.000000000000000,322994.000000000000000,6413,4666549,10497,4181136,16445,8524587
357,12/5/2021 15:00:00,3465,4347020,3283.000000000000000,3861425,78.000000000000000,323072.000000000000000,3543,4670092,3361,4184497,6826,8531413
358,12/6/2021 15:00:00,6746,4353766,7081.000000000000000,3868506,277.000000000000000,323349.000000000000000,7023,4677115,7358,4191855,14104,8545517
359,12/7/2021 15:00:00,6410,4360176,7023.000000000000000,3875529,249.000000000000000,323598.000000000000000,6659,4683774,7272,4199127,13682,8559199
360,12/8/2021 15:00:00,6930,4367106,7409.000000000000000,3882938,315.000000000000000,323913.000000000000000,7245,4691019,7724,4206851,14654,8573853
361,12/9/2021 15:00:00,6545,4373651,7020.000000000000000,3889958,398.000000000000000,324311.000000000000000,6943,4697962,7418,4214269,13963,8587816
362,12/10/2021 15:00:00,7281,4380932,7316.000000000000000,3897274,230.000000000000000,324541.000000000000000,7511,4705473,7546,4221815,14827,8602643
363,12/11/2021 15:00:00,4450,4385382,7664.000000000000000,3904938,333.000000000000000,324874.000000000000000,4783,4710256,7997,4229812,12447,8615090
364,12/12/2021 15:00:00,4000,4389382,2772.000000000000000,3907710,60.000000000000000,324934.000000000000000,4060,4714316,2832,4232644,6832,8621922
365,12/13/2021 15:00:00,5694,4395076,5758.000000000000000,3913468,243.000000000000000,325177.000000000000000,5937,4720253,6001,4238645,11695,8633617
366,12/14/2021 15:00:00,6454,4401530,5919.000000000000000,3919387,221.000000000000000,325398.000000000000000,6675,4726928,6140,4244785,12594,8646211
367,12/15/2021 15:00:00,7147,4408677,5697.000000000000000,3925084,251.000000000000000,325649.000000000000000,7398,4734326,5948,4250733,13095,8659306
368,12/16/2021 15:00:00,7857,4416534,2807.000000000000000,3927891,420.000000000000000,326069.000000000000000,8277,4742603,3227,4253960,11084,8670390
369,12/17/2021 15:00:00,7814,4424348,4145.000000000000000,3932036,195.000000000000000,326264.000000000000000,8009,4750612,4340,4258300,12154,8682544
370,12/18/2021 15:00:00,5823,4430171,3159.000000000000000,3935195,298.000000000000000,326562.000000000000000,6121,4756733,3457,4261757,9280,8691824
371,12/19/2021 15:00:00,3381,4433552,1339.000000000000000,3936534,36.000000000000000,326598.000000000000000,3417,4760150,1375,4263132,4756,8696580
372,12/20/2021 15:00:00,8058,4441610,3739.000000000000000,3940273,173.000000000000000,326771.000000000000000,8231,4768381,3912,4267044,11970,8708550
373,12/21/2021 15:00:00,8990,4450600,4151.000000000000000,3944424,175.000000000000000,326946.000000000000000,9165,4777546,4326,4271370,13316,8721866
374,12/22/2021 15:00:00,8680,4459280,3859.000000000000000,3948283,184.000000000000000,327130.000000000000000,8864,4786410,4043,4275413,12723,8734589
375,12/23/2021 15:00:00,8397,4467677,3549.000000000000000,3951832,359.000000000000000,327489.000000000000000,8756,4795166,3908,4279321,12305,8746894
376,12/24/2021 15:00:00,1634,4469311,1005.000000000000000,3952837,39.000000000000000,327528.000000000000000,1673,4796839,1044,4280365,2678,8749572
377,12/25/2021 15:00:00,50,4469361,36.000000000000000,3952873,1.000000000000000,327529.000000000000000,51,4796890,37,4280402,87,8749659
378,12/26/2021 15:00:00,2519,4471880,1743.000000000000000,3954616,44.000000000000000,327573.000000000000000,2563,4799453,1787,4282189,4306,8753965
379,12/27/2021 15:00:00,7187,4479067,3987.000000000000000,3958603,297.000000000000000,327870.000000000000000,7484,4806937,4284,4286473,11471,8765436
380,12/28/2021 15:00:00,7909,4486976,3847.000000000000000,3962450,177.000000000000000,328047.000000000000000,8086,4815023,4024,4290497,11933,8777369
381,12/29/2021 15:00:00,8220,4495196,4016.000000000000000,3966466,155.000000000000000,328202.000000000000000,8375,4823398,4171,4294668,12391,8789760
382,12/30/2021 15:00:00,7466,4502662,3776.000000000000000,3970242,290.000000000000000,328492.000000000000000,7756,4831154,4066,4298734,11532,8801292
383,12/31/2021 15:00:00,2572,4505234,1526.000000000000000,3971768,90.000000000000000,328582.000000000000000,2662,4833816,1616,4300350,4188,8805480
384,1/1/2022 15:00:00,736,4505970,345.000000000000000,3972113,33.000000000000000,328615.000000000000000,769,4834585,378,4300728,1114,8806594
385,1/2/2022 15:00:00,2209,4508179,1647.000000000000000,3973760,47.000000000000000,328662.000000000000000,2256,4836841,1694,4302422,3903,8810497
386,1/3/2022 15:00:00,3390,4511569,2064.000000000000000,3975824,221.000000000000000,328883.000000000000000,3611,4840452,2285,4304707,5675,8816172
387,1/4/2022 15:00:00,5839,4517408,3472.000000000000000,3979296,162.000000000000000,329045.000000000000000,6001,4846453,3634,4308341,9473,8825645
388,1/5/2022 15:00:00,6820,4524228,4686.000000000000000,3983982,176.000000000000000,329221.000000000000000,6996,4853449,4862,4313203,11682,8837327
389,1/6/2022 15:00:00,6748,4530976,4805.000000000000000,3988787,264.000000000000000,329485.000000000000000,7012,4860461,5069,4318272,11817,8849144
390,1/7/2022 15:00:00,5958,4536934,3753.000000000000000,3992540,159.000000000000000,329644.000000000000000,6117,4866578,3912,4322184,9870,8859014
391,1/8/2022 15:00:00,4802,4541736,3906.000000000000000,3996446,79.000000000000000,329723.000000000000000,4881,4871459,3985,4326169,8787,8867801
392,1/9/2022 15:00:00,2759,4544495,2009.000000000000000,3998455,154.000000000000000,329877.000000000000000,2913,4874372,2163,4328332,4922,8872723
393,1/10/2022 15:00:00,6316,4550811,3829.000000000000000,4002284,156.000000000000000,330033.000000000000000,6472,4880844,3985,4332317,10301,8883024
394,1/11/2022 15:00:00,6536,4557347,4237.000000000000000,4006521,142.000000000000000,330175.000000000000000,6678,4887522,4379,4336696,10915,8893939
395,1/12/2022 15:00:00,6803,4564150,4438.000000000000000,4010959,225.000000000000000,330400.000000000000000,7028,4894550,4663,4341359,11466,8905405
396,1/13/2022 15:00:00,6605,4570755,4372.000000000000000,4015331,151.000000000000000,330551.000000000000000,6756,4901306,4523,4345882,11128,8916533
397,1/14/2022 15:00:00,7203,4577958,3273.000000000000000,4018604,251.000000000000000,330802.000000000000000,7454,4908760,3524,4349406,10727,8927260
398,1/15/2022 15:00:00,4265,4582223,1683.000000000000000,4020287,70.000000000000000,330872.000000000000000,4335,4913095,1753,4351159,6018,8933278
399,1/16/2022 15:00:00,2217,4584440,1319.000000000000000,4021606,116.000000000000000,330988.000000000000000,2333,4915428,1435,4352594,3652,8936930
400,1/17/2022 15:00:00,3611,4588051,2361.000000000000000,4023967,74.000000000000000,331062.000000000000000,3685,4919113,2435,4355029,6046,8942976
401,1/18/2022 15:00:00,5272,4593323,4182.000000000000000,4028149,102.000000000000000,331164.000000000000000,5374,4924487,4284,4359313,9556,8952532
402,1/19/2022 15:00:00,5280,4598603,4457.000000000000000,4032606,99.000000000000000,331263.000000000000000,5379,4929866,4556,4363869,9836,8962368
403,1/20/2022 15:00:00,4519,4603122,3594.000000000000000,4036200,176.000000000000000,331439.000000000000000,4695,4934561,3770,4367639,8289,8970657
404,1/21/2022 15:00:00,5575,4608697,2922.000000000000000,4039122,126.000000000000000,331565.000000000000000,5701,4940262,3048,4370687,8623,8979280
405,1/22/2022 15:00:00,3454,4612151,1721.000000000000000,4040843,134.000000000000000,331699.000000000000000,3588,4943850,1855,4372542,5309,8984589
406,1/23/2022 15:00:00,2031,4614182,1492.000000000000000,4042335,30.000000000000000,331729.000000000000000,2061,4945911,1522,4374064,3553,8988142
407,1/24/2022 15:00:00,4117,4618299,2766.000000000000000,4045101,88.000000000000000,331817.000000000000000,4205,4950116,2854,4376918,6971,8995113
408,1/25/2022 15:00:00,3788,4622087,3302.000000000000000,4048403,93.000000000000000,331910.000000000000000,3881,4953997,3395,4380313,7183,9002296
409,1/26/2022 15:00:00,3842,4625929,3674.000000000000000,4052077,93.000000000000000,332003.000000000000000,3935,4957932,3767,4384080,7609,9009905
410,1/27/2022 15:00:00,3752,4629681,3856.000000000000000,4055933,186.000000000000000,332189.000000000000000,3938,4961870,4042,4388122,7794,9017699
411,1/28/2022 15:00:00,3825,4633506,3208.000000000000000,4059141,75.000000000000000,332264.000000000000000,3900,4965770,3283,4391405,7108,9024807
412,1/29/2022 15:00:00,2290,4635796,2263.000000000000000,4061404,117.000000000000000,332381.000000000000000,2407,4968177,2380,4393785,4670,9029477
413,1/30/2022 15:00:00,1553,4637349,1601.000000000000000,4063005,16.000000000000000,332397.000000000000000,1569,4969746,1617,4395402,3170,9032647
414,1/31/2022 15:00:00,2968,4640317,3151.000000000000000,4066156,58.000000000000000,332455.000000000000000,3026,4972772,3209,4398611,6177,9038824
415,2/1/2022 15:00:00,2634,4642951,3377.000000000000000,4069533,75.000000000000000,332530.000000000000000,2709,4975481,3452,4402063,6086,9044910
416,2/2/2022 15:00:00,2806,4645757,3704.000000000000000,4073237,72.000000000000000,332602.000000000000000,2878,4978359,3776,4405839,6582,9051492
417,2/3/2022 15:00:00,2730,4648487,3605.000000000000000,4076842,41.000000000000000,332643.000000000000000,2771,4981130,3646,4409485,6376,9057868
418,2/4/2022 15:00:00,2735,4651222,4271.000000000000000,4081113,122.000000000000000,332765.000000000000000,2857,4983987,4393,4413878,7128,9064996
419,2/5/2022 15:00:00,1893,4653115,2833.000000000000000,4083946,111.000000000000000,332876.000000000000000,2004,4985991,2944,4416822,4837,9069833
420,2/6/2022 15:00:00,1037,4654152,1304.000000000000000,4085250,23.000000000000000,332899.000000000000000,1060,4987051,1327,4418149,2364,9072197
421,2/7/2022 15:00:00,1960,4656112,2564.000000000000000,4087814,41.000000000000000,332940.000000000000000,2001,4989052,2605,4420754,4565,9076762
422,2/8/2022 15:00:00,1066,4657178,1473.000000000000000,4089287,21.000000000000000,332961.000000000000000,1087,4990139,1494,4422248,2560,9079322