OBJECTID,VACCINATION_DATE,FirstDailyDose,FirstDoseCumulative,SecondDailyDose,SecondDoseCumulative,SingleDailyDose,SingleDoseCumulative,AtleastOneVaccine,AtleastOneVaccineCumulative,CompletedVax,CompletedVaxCumulative,FirstSecondSingleVaccination_12,FirstSecondSingleVaccination_13
1,12/14/2020 15:00:00,17,1016,,390,,,17,1016,0,390,17,1322
2,12/15/2020 15:00:00,54,1070,2.000000000000000,392,,,54,1070,2,392,56,1378
3,12/16/2020 15:00:00,577,1647,2.000000000000000,394,,,577,1647,2,394,579,1957
4,12/17/2020 15:00:00,1144,2791,2.000000000000000,396,,,1144,2791,2,396,1146,3103
5,12/18/2020 15:00:00,2990,5781,11.000000000000000,407,,,2990,5781,11,407,3001,6104
6,12/19/2020 15:00:00,919,6700,5.000000000000000,412,,,919,6700,5,412,924,7028
7,12/20/2020 15:00:00,336,7036,4.000000000000000,416,,,336,7036,4,416,340,7368
8,12/21/2020 15:00:00,3860,10896,21.000000000000000,437,,,3860,10896,21,437,3881,11249
9,12/22/2020 15:00:00,6297,17193,19.000000000000000,456,,,6297,17193,19,456,6316,17565
10,12/23/2020 15:00:00,5736,22929,30.000000000000000,486,,,5736,22929,30,486,5766,23331
11,12/24/2020 15:00:00,2717,25646,12.000000000000000,498,,,2717,25646,12,498,2729,26060
12,12/25/2020 15:00:00,1034,26680,3.000000000000000,501,,,1034,26680,3,501,1037,27097
13,12/26/2020 15:00:00,1871,28551,9.000000000000000,510,,,1871,28551,9,510,1880,28977
14,12/27/2020 15:00:00,1792,30343,10.000000000000000,520,,,1792,30343,10,520,1802,30779
15,12/28/2020 15:00:00,8956,39299,39.000000000000000,559,,,8956,39299,39,559,8995,39774
16,12/29/2020 15:00:00,10920,50219,44.000000000000000,603,,,10920,50219,44,603,10964,50738
17,12/30/2020 15:00:00,12458,62677,69.000000000000000,672,,,12458,62677,69,672,12527,63265
18,12/31/2020 15:00:00,7516,70193,35.000000000000000,707,,,7516,70193,35,707,7551,70816
19,1/1/2021 15:00:00,2644,72837,116.000000000000000,823,,,2644,72837,116,823,2760,73576
20,1/2/2021 15:00:00,2987,75824,34.000000000000000,857,,,2987,75824,34,857,3021,76597
21,1/3/2021 15:00:00,3372,79196,79.000000000000000,936,,,3372,79196,79,936,3451,80048
22,1/4/2021 15:00:00,13277,92473,318.000000000000000,1254,,,13277,92473,318,1254,13595,93643
23,1/5/2021 15:00:00,12407,104880,517.000000000000000,1771,,,12407,104880,517,1771,12924,106567
24,1/6/2021 15:00:00,15176,120056,841.000000000000000,2612,,,15176,120056,841,2612,16017,122584
25,1/7/2021 15:00:00,14950,135006,1736.000000000000000,4348,,,14950,135006,1736,4348,16686,139270
26,1/8/2021 15:00:00,23951,158957,2727.000000000000000,7075,,,23951,158957,2727,7075,26678,165948
27,1/9/2021 15:00:00,5133,164090,938.000000000000000,8013,,,5133,164090,938,8013,6071,172019
28,1/10/2021 15:00:00,2926,167016,369.000000000000000,8382,,,2926,167016,369,8382,3295,175314
29,1/11/2021 15:00:00,13677,180693,3434.000000000000000,11816,,,13677,180693,3434,11816,17111,192425
30,1/12/2021 15:00:00,17304,197997,5563.000000000000000,17379,,,17304,197997,5563,17379,22867,215292
31,1/13/2021 15:00:00,18505,216502,3861.000000000000000,21240,,,18505,216502,3861,21240,22366,237658
32,1/14/2021 15:00:00,17778,234280,1923.000000000000000,23163,,,17778,234280,1923,23163,19701,257359
33,1/15/2021 15:00:00,19378,253658,1975.000000000000000,25138,,,19378,253658,1975,25138,21353,278712
34,1/16/2021 15:00:00,5787,259445,1595.000000000000000,26733,,,5787,259445,1595,26733,7382,286094
35,1/17/2021 15:00:00,2102,261547,1469.000000000000000,28202,,,2102,261547,1469,28202,3571,289665
36,1/18/2021 15:00:00,7038,268585,3233.000000000000000,31435,,,7038,268585,3233,31435,10271,299936
37,1/19/2021 15:00:00,16875,285460,5325.000000000000000,36760,,,16875,285460,5325,36760,22200,322136
38,1/20/2021 15:00:00,20959,306419,5203.000000000000000,41963,,,20959,306419,5203,41963,26162,348298
39,1/21/2021 15:00:00,23711,330130,3755.000000000000000,45718,,,23711,330130,3755,45718,27466,375764
40,1/22/2021 15:00:00,28616,358746,3636.000000000000000,49354,,,28616,358746,3636,49354,32252,408016
41,1/23/2021 15:00:00,10067,368813,1885.000000000000000,51239,,,10067,368813,1885,51239,11952,419968
42,1/24/2021 15:00:00,3337,372150,1706.000000000000000,52945,,,3337,372150,1706,52945,5043,425011
43,1/25/2021 15:00:00,16256,388406,8526.000000000000000,61471,,,16256,388406,8526,61471,24782,449793
44,1/26/2021 15:00:00,17516,405922,8904.000000000000000,70375,,,17516,405922,8904,70375,26420,476213
45,1/27/2021 15:00:00,24410,430332,12439.000000000000000,82814,,,24410,430332,12439,82814,36849,513062
46,1/28/2021 15:00:00,22619,452951,9217.000000000000000,92031,,,22619,452951,9217,92031,31836,544898
47,1/29/2021 15:00:00,24719,477670,7761.000000000000000,99792,,,24719,477670,7761,99792,32480,577378
48,1/30/2021 15:00:00,17744,495414,2497.000000000000000,102289,,,17744,495414,2497,102289,20241,597619
49,1/31/2021 15:00:00,3745,499159,1314.000000000000000,103603,,,3745,499159,1314,103603,5059,602678
50,2/1/2021 15:00:00,7633,506792,5095.000000000000000,108698,,,7633,506792,5095,108698,12728,615406
51,2/2/2021 15:00:00,12412,519204,13684.000000000000000,122382,,,12412,519204,13684,122382,26096,641502
52,2/3/2021 15:00:00,18163,537367,18010.000000000000000,140392,,,18163,537367,18010,140392,36173,677675
53,2/4/2021 15:00:00,22030,559397,15680.000000000000000,156072,,,22030,559397,15680,156072,37710,715385
54,2/5/2021 15:00:00,20234,579631,17330.000000000000000,173402,,,20234,579631,17330,173402,37564,752949
55,2/6/2021 15:00:00,11259,590890,14422.000000000000000,187824,,,11259,590890,14422,187824,25681,778630
56,2/7/2021 15:00:00,5904,596794,1770.000000000000000,189594,,,5904,596794,1770,189594,7674,786304
57,2/8/2021 15:00:00,12915,609709,12859.000000000000000,202453,,,12915,609709,12859,202453,25774,812078
58,2/9/2021 15:00:00,16581,626290,13780.000000000000000,216233,,,16581,626290,13780,216233,30361,842439
59,2/10/2021 15:00:00,19215,645505,21144.000000000000000,237377,,,19215,645505,21144,237377,40359,882798
60,2/11/2021 15:00:00,22828,668333,17240.000000000000000,254617,,,22828,668333,17240,254617,40068,922866
61,2/12/2021 15:00:00,20325,688658,19536.000000000000000,274153,,,20325,688658,19536,274153,39861,962727
62,2/13/2021 15:00:00,11381,700039,6364.000000000000000,280517,,,11381,700039,6364,280517,17745,980472
63,2/14/2021 15:00:00,7091,707130,2091.000000000000000,282608,,,7091,707130,2091,282608,9182,989654
64,2/15/2021 15:00:00,11717,718847,13148.000000000000000,295756,,,11717,718847,13148,295756,24865,1014519
65,2/16/2021 15:00:00,16544,735391,20948.000000000000000,316704,,,16544,735391,20948,316704,37492,1052011
66,2/17/2021 15:00:00,20606,755997,26321.000000000000000,343025,,,20606,755997,26321,343025,46927,1098938
67,2/18/2021 15:00:00,3169,759166,4526.000000000000000,347551,,,3169,759166,4526,347551,7695,1106633
68,2/19/2021 15:00:00,10214,769380,19875.000000000000000,367426,,,10214,769380,19875,367426,30089,1136722
69,2/20/2021 15:00:00,10273,779653,20225.000000000000000,387651,,,10273,779653,20225,387651,30498,1167220
70,2/21/2021 15:00:00,6145,785798,7609.000000000000000,395260,,,6145,785798,7609,395260,13754,1180974
71,2/22/2021 15:00:00,7990,793788,15413.000000000000000,410673,,,7990,793788,15413,410673,23403,1204377
72,2/23/2021 15:00:00,15490,809278,15871.000000000000000,426544,,,15490,809278,15871,426544,31361,1235738
73,2/24/2021 15:00:00,17889,827167,24672.000000000000000,451216,,,17889,827167,24672,451216,42561,1278299
74,2/25/2021 15:00:00,20338,847505,26427.000000000000000,477643,,,20338,847505,26427,477643,46765,1325064
75,2/26/2021 15:00:00,26655,874160,26081.000000000000000,503724,,,26655,874160,26081,503724,52736,1377800
76,2/27/2021 15:00:00,15944,890104,11028.000000000000000,514752,,,15944,890104,11028,514752,26972,1404772
77,2/28/2021 15:00:00,15484,905588,4786.000000000000000,519538,,,15484,905588,4786,519538,20270,1425042
78,3/1/2021 15:00:00,26102,931690,12311.000000000000000,531849,,,26102,931690,12311,531849,38413,1463455
79,3/2/2021 15:00:00,23787,955477,13172.000000000000000,545021,31.000000000000000,31.000000000000000,23818,955508,13203,545052,36990,1500445
80,3/3/2021 15:00:00,30010,985487,18297.000000000000000,563318,179.000000000000000,210.000000000000000,30189,985697,18476,563528,48486,1548931
81,3/4/2021 15:00:00,30897,1016384,18096.000000000000000,581414,4064.000000000000000,4274.000000000000000,34961,1020658,22160,585688,53057,1601988
82,3/5/2021 15:00:00,29358,1045742,19356.000000000000000,600770,4911.000000000000000,9185.000000000000000,34269,1054927,24267,609955,53625,1655613
83,3/6/2021 15:00:00,17805,1063547,8914.000000000000000,609684,6004.000000000000000,15189.000000000000000,23809,1078736,14918,624873,32723,1688336
84,3/7/2021 15:00:00,12075,1075622,4791.000000000000000,614475,6611.000000000000000,21800.000000000000000,18686,1097422,11402,636275,23477,1711813
85,3/8/2021 15:00:00,25790,1101412,8761.000000000000000,623236,8279.000000000000000,30079.000000000000000,34069,1131491,17040,653315,42830,1754643
86,3/9/2021 15:00:00,26033,1127445,15349.000000000000000,638585,8341.000000000000000,38420.000000000000000,34374,1165865,23690,677005,49723,1804366
87,3/10/2021 15:00:00,29776,1157221,15892.000000000000000,654477,7936.000000000000000,46356.000000000000000,37712,1203577,23828,700833,53604,1857970
88,3/11/2021 15:00:00,35886,1193107,16362.000000000000000,670839,3980.000000000000000,50336.000000000000000,39866,1243443,20342,721175,56228,1914198
89,3/12/2021 15:00:00,36833,1229940,17980.000000000000000,688819,2924.000000000000000,53260.000000000000000,39757,1283200,20904,742079,57737,1971935
90,3/13/2021 15:00:00,22623,1252563,10223.000000000000000,699042,1603.000000000000000,54863.000000000000000,24226,1307426,11826,753905,34449,2006384
91,3/14/2021 15:00:00,17822,1270385,6666.000000000000000,705708,995.000000000000000,55858.000000000000000,18817,1326243,7661,761566,25483,2031867
92,3/15/2021 15:00:00,29718,1300103,11199.000000000000000,716907,592.000000000000000,56450.000000000000000,30310,1356553,11791,773357,41509,2073376
93,3/16/2021 15:00:00,33344,1333447,13490.000000000000000,730397,762.000000000000000,57212.000000000000000,34106,1390659,14252,787609,47596,2120972
94,3/17/2021 15:00:00,37495,1370942,16938.000000000000000,747335,1174.000000000000000,58386.000000000000000,38669,1429328,18112,805721,55607,2176579
95,3/18/2021 15:00:00,41332,1412274,12493.000000000000000,759828,1348.000000000000000,59734.000000000000000,42680,1472008,13841,819562,55173,2231752
96,3/19/2021 15:00:00,38231,1450505,15327.000000000000000,775155,1034.000000000000000,60768.000000000000000,39265,1511273,16361,835923,54592,2286344
97,3/20/2021 15:00:00,24622,1475127,10060.000000000000000,785215,692.000000000000000,61460.000000000000000,25314,1536587,10752,846675,35374,2321718
98,3/21/2021 15:00:00,19116,1494243,7808.000000000000000,793023,332.000000000000000,61792.000000000000000,19448,1556035,8140,854815,27256,2348974
99,3/22/2021 15:00:00,32500,1526743,11396.000000000000000,804419,833.000000000000000,62625.000000000000000,33333,1589368,12229,867044,44729,2393703
100,3/23/2021 15:00:00,37693,1564436,17247.000000000000000,821666,1551.000000000000000,64176.000000000000000,39244,1628612,18798,885842,56491,2450194
101,3/24/2021 15:00:00,40991,1605427,21087.000000000000000,842753,1377.000000000000000,65553.000000000000000,42368,1670980,22464,908306,63455,2513649
102,3/25/2021 15:00:00,42267,1647694,20916.000000000000000,863669,2455.000000000000000,68008.000000000000000,44722,1715702,23371,931677,65638,2579287
103,3/26/2021 15:00:00,36531,1684225,26189.000000000000000,889858,2499.000000000000000,70507.000000000000000,39030,1754732,28688,960365,65219,2644506
104,3/27/2021 15:00:00,26886,1711111,16723.000000000000000,906581,2482.000000000000000,72989.000000000000000,29368,1784100,19205,979570,46091,2690597
105,3/28/2021 15:00:00,16992,1728103,12588.000000000000000,919169,1614.000000000000000,74603.000000000000000,18606,1802706,14202,993772,31194,2721791
106,3/29/2021 15:00:00,29658,1757761,26170.000000000000000,945339,1139.000000000000000,75742.000000000000000,30797,1833503,27309,1021081,56967,2778758
107,3/30/2021 15:00:00,39962,1797723,28866.000000000000000,974205,1852.000000000000000,77594.000000000000000,41814,1875317,30718,1051799,70680,2849438
108,3/31/2021 15:00:00,40965,1838688,34532.000000000000000,1008737,5745.000000000000000,83339.000000000000000,46710,1922027,40277,1092076,81242,2930680
109,4/1/2021 15:00:00,40753,1879441,39659.000000000000000,1048396,5617.000000000000000,88956.000000000000000,46370,1968397,45276,1137352,86029,3016709
110,4/2/2021 15:00:00,34903,1914344,32433.000000000000000,1080829,6106.000000000000000,95062.000000000000000,41009,2009406,38539,1175891,73442,3090151
111,4/3/2021 15:00:00,21582,1935926,18646.000000000000000,1099475,4363.000000000000000,99425.000000000000000,25945,2035351,23009,1198900,44591,3134742
112,4/4/2021 15:00:00,8225,1944151,10153.000000000000000,1109628,961.000000000000000,100386.000000000000000,9186,2044537,11114,1210014,19339,3154081
113,4/5/2021 15:00:00,27833,1971984,28791.000000000000000,1138419,6645.000000000000000,107031.000000000000000,34478,2079015,35436,1245450,63269,3217350
114,4/6/2021 15:00:00,39691,2011675,30341.000000000000000,1168760,10480.000000000000000,117511.000000000000000,50171,2129186,40821,1286271,80512,3297862
115,4/7/2021 15:00:00,35980,2047655,34121.000000000000000,1202881,12958.000000000000000,130469.000000000000000,48938,2178124,47079,1333350,83059,3380921
116,4/8/2021 15:00:00,42221,2089876,35940.000000000000000,1238821,13843.000000000000000,144312.000000000000000,56064,2234188,49783,1383133,92004,3472925
117,4/9/2021 15:00:00,33956,2123832,36224.000000000000000,1275045,14517.000000000000000,158829.000000000000000,48473,2282661,50741,1433874,84697,3557622
118,4/10/2021 15:00:00,23418,2147250,23058.000000000000000,1298103,7612.000000000000000,166441.000000000000000,31030,2313691,30670,1464544,54088,3611710
119,4/11/2021 15:00:00,17538,2164788,13245.000000000000000,1311348,10119.000000000000000,176560.000000000000000,27657,2341348,23364,1487908,40902,3652612
120,4/12/2021 15:00:00,24533,2189321,33082.000000000000000,1344430,10885.000000000000000,187445.000000000000000,35418,2376766,43967,1531875,68500,3721112
121,4/13/2021 15:00:00,126730,2316051,90516.000000000000000,1434946,3292.000000000000000,190737.000000000000000,130022,2506788,93808,1625683,220538,3941650
122,4/14/2021 15:00:00,40658,2356709,37703.000000000000000,1472649,209.000000000000000,190946.000000000000000,40867,2547655,37912,1663595,78570,4020220
123,4/15/2021 15:00:00,41638,2398347,39081.000000000000000,1511730,172.000000000000000,191118.000000000000000,41810,2589465,39253,1702848,80891,4101111
124,4/16/2021 15:00:00,37165,2435512,38661.000000000000000,1550391,23.000000000000000,191141.000000000000000,37188,2626653,38684,1741532,75849,4176960
125,4/17/2021 15:00:00,32752,2468264,21953.000000000000000,1572344,12.000000000000000,191153.000000000000000,32764,2659417,21965,1763497,54717,4231677
126,4/18/2021 15:00:00,20051,2488315,16131.000000000000000,1588475,5.000000000000000,191158.000000000000000,20056,2679473,16136,1779633,36187,4267864
127,4/19/2021 15:00:00,29853,2518168,36428.000000000000000,1624903,61.000000000000000,191219.000000000000000,29914,2709387,36489,1816122,66342,4334206
128,4/20/2021 15:00:00,33067,2551235,44083.000000000000000,1668986,54.000000000000000,191273.000000000000000,33121,2742508,44137,1860259,77204,4411410
129,4/21/2021 15:00:00,39755,2590990,46840.000000000000000,1715826,22.000000000000000,191295.000000000000000,39777,2782285,46862,1907121,86617,4498027
130,4/22/2021 15:00:00,36355,2627345,41907.000000000000000,1757733,16.000000000000000,191311.000000000000000,36371,2818656,41923,1949044,78278,4576305
131,4/23/2021 15:00:00,33064,2660409,39915.000000000000000,1797648,13.000000000000000,191324.000000000000000,33077,2851733,39928,1988972,72992,4649297
132,4/24/2021 15:00:00,26376,2686785,27791.000000000000000,1825439,80.000000000000000,191404.000000000000000,26456,2878189,27871,2016843,54247,4703544
133,4/25/2021 15:00:00,20207,2706992,10904.000000000000000,1836343,30.000000000000000,191434.000000000000000,20237,2898426,10934,2027777,31141,4734685
134,4/26/2021 15:00:00,27381,2734373,32556.000000000000000,1868899,203.000000000000000,191637.000000000000000,27584,2926010,32759,2060536,60140,4794825
135,4/27/2021 15:00:00,26686,2761059,32893.000000000000000,1901792,1096.000000000000000,192733.000000000000000,27782,2953792,33989,2094525,60675,4855500
136,4/28/2021 15:00:00,28893,2789952,39374.000000000000000,1941166,1362.000000000000000,194095.000000000000000,30255,2984047,40736,2135261,69629,4925129
137,4/29/2021 15:00:00,27283,2817235,39318.000000000000000,1980484,1462.000000000000000,195557.000000000000000,28745,3012792,40780,2176041,68063,4993192
138,4/30/2021 15:00:00,28151,2845386,32037.000000000000000,2012521,1641.000000000000000,197198.000000000000000,29792,3042584,33678,2209719,61829,5055021
139,5/1/2021 15:00:00,20404,2865790,26293.000000000000000,2038814,1025.000000000000000,198223.000000000000000,21429,3064013,27318,2237037,47722,5102743
140,5/2/2021 15:00:00,10264,2876054,16982.000000000000000,2055796,818.000000000000000,199041.000000000000000,11082,3075095,17800,2254837,28064,5130807
141,5/3/2021 15:00:00,12711,2888765,28590.000000000000000,2084386,1908.000000000000000,200949.000000000000000,14619,3089714,30498,2285335,43209,5174016
142,5/4/2021 15:00:00,13520,2902285,38335.000000000000000,2122721,1731.000000000000000,202680.000000000000000,15251,3104965,40066,2325401,53586,5227602
143,5/5/2021 15:00:00,19305,2921590,37611.000000000000000,2160332,1918.000000000000000,204598.000000000000000,21223,3126188,39529,2364930,58834,5286436
144,5/6/2021 15:00:00,16909,2938499,40473.000000000000000,2200805,1714.000000000000000,206312.000000000000000,18623,3144811,42187,2407117,59096,5345532
145,5/7/2021 15:00:00,17365,2955864,35906.000000000000000,2236711,1955.000000000000000,208267.000000000000000,19320,3164131,37861,2444978,55226,5400758
146,5/8/2021 15:00:00,10768,2966632,31137.000000000000000,2267848,1291.000000000000000,209558.000000000000000,12059,3176190,32428,2477406,43196,5443954
147,5/9/2021 15:00:00,5045,2971677,11883.000000000000000,2279731,695.000000000000000,210253.000000000000000,5740,3181930,12578,2489984,17623,5461577
148,5/10/2021 15:00:00,8931,2980608,30943.000000000000000,2310674,1357.000000000000000,211610.000000000000000,10288,3192218,32300,2522284,41231,5502808
149,5/11/2021 15:00:00,12176,2992784,30179.000000000000000,2340853,1434.000000000000000,213044.000000000000000,13610,3205828,31613,2553897,43789,5546597
150,5/12/2021 15:00:00,13921,3006705,38498.000000000000000,2379351,1914.000000000000000,214958.000000000000000,15835,3221663,40412,2594309,54333,5600930
151,5/13/2021 15:00:00,21798,3028503,33362.000000000000000,2412713,1346.000000000000000,216304.000000000000000,23144,3244807,34708,2629017,56506,5657436
152,5/14/2021 15:00:00,24322,3052825,29921.000000000000000,2442634,1770.000000000000000,218074.000000000000000,26092,3270899,31691,2660708,56013,5713449
153,5/15/2021 15:00:00,21872,3074697,25035.000000000000000,2467669,1489.000000000000000,219563.000000000000000,23361,3294260,26524,2687232,48396,5761845
154,5/16/2021 15:00:00,9063,3083760,17516.000000000000000,2485185,1111.000000000000000,220674.000000000000000,10174,3304434,18627,2705859,27690,5789535
155,5/17/2021 15:00:00,16819,3100579,28274.000000000000000,2513459,1948.000000000000000,222622.000000000000000,18767,3323201,30222,2736081,47041,5836576
156,5/18/2021 15:00:00,21229,3121808,30613.000000000000000,2544072,1940.000000000000000,224562.000000000000000,23169,3346370,32553,2768634,53782,5890358
157,5/19/2021 15:00:00,27571,3149379,32318.000000000000000,2576390,1622.000000000000000,226184.000000000000000,29193,3375563,33940,2802574,61511,5951869
158,5/20/2021 15:00:00,20779,3170158,33151.000000000000000,2609541,1963.000000000000000,228147.000000000000000,22742,3398305,35114,2837688,55893,6007762
159,5/21/2021 15:00:00,19113,3189271,30175.000000000000000,2639716,1606.000000000000000,229753.000000000000000,20719,3419024,31781,2869469,50894,6058656
160,5/22/2021 15:00:00,16894,3206165,20616.000000000000000,2660332,1269.000000000000000,231022.000000000000000,18163,3437187,21885,2891354,38779,6097435
161,5/23/2021 15:00:00,8748,3214913,11414.000000000000000,2671746,963.000000000000000,231985.000000000000000,9711,3446898,12377,2903731,21125,6118560
162,5/24/2021 15:00:00,13561,3228474,17689.000000000000000,2689435,1476.000000000000000,233461.000000000000000,15037,3461935,19165,2922896,32726,6151286
163,5/25/2021 15:00:00,13007,3241481,18626.000000000000000,2708061,1327.000000000000000,234788.000000000000000,14334,3476269,19953,2942849,32960,6184246
164,5/26/2021 15:00:00,18261,3259742,19398.000000000000000,2727459,1505.000000000000000,236293.000000000000000,19766,3496035,20903,2963752,39164,6223410
165,5/27/2021 15:00:00,11680,3271422,18601.000000000000000,2746060,1115.000000000000000,237408.000000000000000,12795,3508830,19716,2983468,31396,6254806
166,5/28/2021 15:00:00,12510,3283932,19677.000000000000000,2765737,1395.000000000000000,238803.000000000000000,13905,3522735,21072,3004540,33582,6288388
167,5/29/2021 15:00:00,9547,3293479,11611.000000000000000,2777348,937.000000000000000,239740.000000000000000,10484,3533219,12548,3017088,22095,6310483
168,5/30/2021 15:00:00,4967,3298446,6407.000000000000000,2783755,597.000000000000000,240337.000000000000000,5564,3538783,7004,3024092,11971,6322454
169,5/31/2021 15:00:00,1773,3300219,3700.000000000000000,2787455,305.000000000000000,240642.000000000000000,2078,3540861,4005,3028097,5778,6328232
170,6/1/2021 15:00:00,9746,3309965,16243.000000000000000,2803698,1148.000000000000000,241790.000000000000000,10894,3551755,17391,3045488,27137,6355369
171,6/2/2021 15:00:00,10213,3320178,16758.000000000000000,2820456,958.000000000000000,242748.000000000000000,11171,3562926,17716,3063204,27929,6383298
172,6/3/2021 15:00:00,7896,3328074,21106.000000000000000,2841562,1085.000000000000000,243833.000000000000000,8981,3571907,22191,3085395,30087,6413385
173,6/4/2021 15:00:00,8215,3336289,22214.000000000000000,2863776,1121.000000000000000,244954.000000000000000,9336,3581243,23335,3108730,31550,6444935
174,6/5/2021 15:00:00,7008,3343297,19390.000000000000000,2883166,718.000000000000000,245672.000000000000000,7726,3588969,20108,3128838,27116,6472051
175,6/6/2021 15:00:00,3468,3346765,7190.000000000000000,2890356,421.000000000000000,246093.000000000000000,3889,3592858,7611,3136449,11079,6483130
176,6/7/2021 15:00:00,6847,3353612,15716.000000000000000,2906072,724.000000000000000,246817.000000000000000,7571,3600429,16440,3152889,23287,6506417
177,6/8/2021 15:00:00,6665,3360277,19650.000000000000000,2925722,817.000000000000000,247634.000000000000000,7482,3607911,20467,3173356,27132,6533549
178,6/9/2021 15:00:00,8194,3368471,23872.000000000000000,2949594,968.000000000000000,248602.000000000000000,9162,3617073,24840,3198196,33034,6566583
179,6/10/2021 15:00:00,7163,3375634,19053.000000000000000,2968647,894.000000000000000,249496.000000000000000,8057,3625130,19947,3218143,27110,6593693
180,6/11/2021 15:00:00,7441,3383075,17667.000000000000000,2986314,1125.000000000000000,250621.000000000000000,8566,3633696,18792,3236935,26233,6619926
181,6/12/2021 15:00:00,5236,3388311,14696.000000000000000,3001010,604.000000000000000,251225.000000000000000,5840,3639536,15300,3252235,20536,6640462
182,6/13/2021 15:00:00,1931,3390242,7546.000000000000000,3008556,425.000000000000000,251650.000000000000000,2356,3641892,7971,3260206,9902,6650364
183,6/14/2021 15:00:00,5654,3395896,11793.000000000000000,3020349,728.000000000000000,252378.000000000000000,6382,3648274,12521,3272727,18175,6668539
184,6/15/2021 15:00:00,5637,3401533,14275.000000000000000,3034624,869.000000000000000,253247.000000000000000,6506,3654780,15144,3287871,20781,6689320
185,6/16/2021 15:00:00,8746,3410279,21533.000000000000000,3056157,757.000000000000000,254004.000000000000000,9503,3664283,22290,3310161,31036,6720356
186,6/17/2021 15:00:00,6673,3416952,12331.000000000000000,3068488,718.000000000000000,254722.000000000000000,7391,3671674,13049,3323210,19722,6740078
187,6/18/2021 15:00:00,6847,3423799,12675.000000000000000,3081163,704.000000000000000,255426.000000000000000,7551,3679225,13379,3336589,20226,6760304
188,6/19/2021 15:00:00,4656,3428455,9351.000000000000000,3090514,614.000000000000000,256040.000000000000000,5270,3684495,9965,3346554,14621,6774925
189,6/20/2021 15:00:00,2499,3430954,5030.000000000000000,3095544,378.000000000000000,256418.000000000000000,2877,3687372,5408,3351962,7907,6782832
190,6/21/2021 15:00:00,5543,3436497,5316.000000000000000,3100860,636.000000000000000,257054.000000000000000,6179,3693551,5952,3357914,11495,6794327
191,6/22/2021 15:00:00,5187,3441684,8832.000000000000000,3109692,681.000000000000000,257735.000000000000000,5868,3699419,9513,3367427,14700,6809027
192,6/23/2021 15:00:00,6054,3447738,10290.000000000000000,3119982,641.000000000000000,258376.000000000000000,6695,3706114,10931,3378358,16985,6826012
193,6/24/2021 15:00:00,5919,3453657,8180.000000000000000,3128162,593.000000000000000,258969.000000000000000,6512,3712626,8773,3387131,14692,6840704
194,6/25/2021 15:00:00,5824,3459481,8618.000000000000000,3136780,620.000000000000000,259589.000000000000000,6444,3719070,9238,3396369,15062,6855766
195,6/26/2021 15:00:00,3698,3463179,6292.000000000000000,3143072,396.000000000000000,259985.000000000000000,4094,3723164,6688,3403057,10386,6866152
196,6/27/2021 15:00:00,2798,3465977,3524.000000000000000,3146596,182.000000000000000,260167.000000000000000,2980,3726144,3706,3406763,6504,6872656
197,6/28/2021 15:00:00,4725,3470702,6099.000000000000000,3152695,521.000000000000000,260688.000000000000000,5246,3731390,6620,3413383,11345,6884001
198,6/29/2021 15:00:00,5054,3475756,6467.000000000000000,3159162,517.000000000000000,261205.000000000000000,5571,3736961,6984,3420367,12038,6896039
199,6/30/2021 15:00:00,5597,3481353,7412.000000000000000,3166574,603.000000000000000,261808.000000000000000,6200,3743161,8015,3428382,13612,6909651
200,7/1/2021 15:00:00,5319,3486672,6947.000000000000000,3173521,489.000000000000000,262297.000000000000000,5808,3748969,7436,3435818,12755,6922406
201,7/2/2021 15:00:00,5283,3491955,6841.000000000000000,3180362,519.000000000000000,262816.000000000000000,5802,3754771,7360,3443178,12643,6935049
202,7/3/2021 15:00:00,3258,3495213,4065.000000000000000,3184427,260.000000000000000,263076.000000000000000,3518,3758289,4325,3447503,7583,6942632
203,7/4/2021 15:00:00,493,3495706,541.000000000000000,3184968,66.000000000000000,263142.000000000000000,559,3758848,607,3448110,1100,6943732
204,7/5/2021 15:00:00,3750,3499456,3964.000000000000000,3188932,282.000000000000000,263424.000000000000000,4032,3762880,4246,3452356,7996,6951728
205,7/6/2021 15:00:00,4473,3503929,6230.000000000000000,3195162,450.000000000000000,263874.000000000000000,4923,3767803,6680,3459036,11153,6962881
206,7/7/2021 15:00:00,4451,3508380,6379.000000000000000,3201541,483.000000000000000,264357.000000000000000,4934,3772737,6862,3465898,11313,6974194
207,7/8/2021 15:00:00,4826,3513206,6133.000000000000000,3207674,563.000000000000000,264920.000000000000000,5389,3778126,6696,3472594,11522,6985716
208,7/9/2021 15:00:00,5347,3518553,6620.000000000000000,3214294,572.000000000000000,265492.000000000000000,5919,3784045,7192,3479786,12539,6998255
209,7/10/2021 15:00:00,3516,3522069,4375.000000000000000,3218669,301.000000000000000,265793.000000000000000,3817,3787862,4676,3484462,8192,7006447
210,7/11/2021 15:00:00,2664,3524733,2552.000000000000000,3221221,222.000000000000000,266015.000000000000000,2886,3790748,2774,3487236,5438,7011885
211,7/12/2021 15:00:00,4405,3529138,5108.000000000000000,3226329,374.000000000000000,266389.000000000000000,4779,3795527,5482,3492718,9887,7021772
212,7/13/2021 15:00:00,4742,3533880,4592.000000000000000,3230921,364.000000000000000,266753.000000000000000,5106,3800633,4956,3497674,9698,7031470
213,7/14/2021 15:00:00,4600,3538480,5248.000000000000000,3236169,422.000000000000000,267175.000000000000000,5022,3805655,5670,3503344,10270,7041740
214,7/15/2021 15:00:00,4868,3543348,4978.000000000000000,3241147,356.000000000000000,267531.000000000000000,5224,3810879,5334,3508678,10202,7051942
215,7/16/2021 15:00:00,6268,3549616,5817.000000000000000,3246964,401.000000000000000,267932.000000000000000,6669,3817548,6218,3514896,12486,7064428
216,7/17/2021 15:00:00,3402,3553018,3549.000000000000000,3250513,299.000000000000000,268231.000000000000000,3701,3821249,3848,3518744,7250,7071678
217,7/18/2021 15:00:00,2299,3555317,2367.000000000000000,3252880,110.000000000000000,268341.000000000000000,2409,3823658,2477,3521221,4776,7076454
218,7/19/2021 15:00:00,5247,3560564,4466.000000000000000,3257346,376.000000000000000,268717.000000000000000,5623,3829281,4842,3526063,10089,7086543
219,7/20/2021 15:00:00,5324,3565888,4690.000000000000000,3262036,366.000000000000000,269083.000000000000000,5690,3834971,5056,3531119,10380,7096923
220,7/21/2021 15:00:00,5629,3571517,4937.000000000000000,3266973,415.000000000000000,269498.000000000000000,6044,3841015,5352,3536471,10981,7107904
221,7/22/2021 15:00:00,6004,3577521,4649.000000000000000,3271622,468.000000000000000,269966.000000000000000,6472,3847487,5117,3541588,11121,7119025
222,7/23/2021 15:00:00,6823,3584344,4875.000000000000000,3276497,489.000000000000000,270455.000000000000000,7312,3854799,5364,3546952,12187,7131212
223,7/24/2021 15:00:00,4276,3588620,3207.000000000000000,3279704,267.000000000000000,270722.000000000000000,4543,3859342,3474,3550426,7750,7138962
224,7/25/2021 15:00:00,3291,3591911,1122.000000000000000,3280826,138.000000000000000,270860.000000000000000,3429,3862771,1260,3551686,4551,7143513
225,7/26/2021 15:00:00,6196,3598107,3912.000000000000000,3284738,412.000000000000000,271272.000000000000000,6608,3869379,4324,3556010,10520,7154033
226,7/27/2021 15:00:00,6340,3604447,4072.000000000000000,3288810,453.000000000000000,271725.000000000000000,6793,3876172,4525,3560535,10865,7164898
227,7/28/2021 15:00:00,6795,3611242,4027.000000000000000,3292837,457.000000000000000,272182.000000000000000,7252,3883424,4484,3565019,11279,7176177
228,7/29/2021 15:00:00,6803,3618045,4169.000000000000000,3297006,414.000000000000000,272596.000000000000000,7217,3890641,4583,3569602,11386,7187563
229,7/30/2021 15:00:00,7517,3625562,4556.000000000000000,3301562,521.000000000000000,273117.000000000000000,8038,3898679,5077,3574679,12594,7200157
230,7/31/2021 15:00:00,4777,3630339,3055.000000000000000,3304617,272.000000000000000,273389.000000000000000,5049,3903728,3327,3578006,8104,7208261
231,8/1/2021 15:00:00,3790,3634129,2108.000000000000000,3306725,155.000000000000000,273544.000000000000000,3945,3907673,2263,3580269,6053,7214314
232,8/2/2021 15:00:00,7006,3641135,3659.000000000000000,3310384,335.000000000000000,273879.000000000000000,7341,3915014,3994,3584263,11000,7225314
233,8/3/2021 15:00:00,6986,3648121,3922.000000000000000,3314306,506.000000000000000,274385.000000000000000,7492,3922506,4428,3588691,11414,7236728
234,8/4/2021 15:00:00,7152,3655273,3910.000000000000000,3318216,528.000000000000000,274913.000000000000000,7680,3930186,4438,3593129,11590,7248318
235,8/5/2021 15:00:00,7656,3662929,4119.000000000000000,3322335,535.000000000000000,275448.000000000000000,8191,3938377,4654,3597783,12310,7260628
236,8/6/2021 15:00:00,8276,3671205,4724.000000000000000,3327059,449.000000000000000,275897.000000000000000,8725,3947102,5173,3602956,13449,7274077
237,8/7/2021 15:00:00,5240,3676445,2810.000000000000000,3329869,264.000000000000000,276161.000000000000000,5504,3952606,3074,3606030,8314,7282391
238,8/8/2021 15:00:00,3947,3680392,2049.000000000000000,3331918,141.000000000000000,276302.000000000000000,4088,3956694,2190,3608220,6137,7288528
239,8/9/2021 15:00:00,6911,3687303,4522.000000000000000,3336440,364.000000000000000,276666.000000000000000,7275,3963969,4886,3613106,11797,7300325
240,8/10/2021 15:00:00,7108,3694411,4463.000000000000000,3340903,337.000000000000000,277003.000000000000000,7445,3971414,4800,3617906,11908,7312233
241,8/11/2021 15:00:00,7025,3701436,4435.000000000000000,3345338,438.000000000000000,277441.000000000000000,7463,3978877,4873,3622779,11898,7324131
242,8/12/2021 15:00:00,8560,3709996,4718.000000000000000,3350056,440.000000000000000,277881.000000000000000,9000,3987877,5158,3627937,13718,7337849
243,8/13/2021 15:00:00,7107,3717103,5356.000000000000000,3355412,389.000000000000000,278270.000000000000000,7496,3995373,5745,3633682,12852,7350701
244,8/14/2021 15:00:00,4914,3722017,3349.000000000000000,3358761,285.000000000000000,278555.000000000000000,5199,4000572,3634,3637316,8548,7359249
245,8/15/2021 15:00:00,3316,3725333,2734.000000000000000,3361495,164.000000000000000,278719.000000000000000,3480,4004052,2898,3640214,6214,7365463
246,8/16/2021 15:00:00,5408,3730741,5078.000000000000000,3366573,348.000000000000000,279067.000000000000000,5756,4009808,5426,3645640,10834,7376297
247,8/17/2021 15:00:00,6936,3737677,5194.000000000000000,3371767,387.000000000000000,279454.000000000000000,7323,4017131,5581,3651221,12517,7388814
248,8/18/2021 15:00:00,6501,3744178,5301.000000000000000,3377068,472.000000000000000,279926.000000000000000,6973,4024104,5773,3656994,12274,7401088
249,8/19/2021 15:00:00,5972,3750150,5326.000000000000000,3382394,410.000000000000000,280336.000000000000000,6382,4030486,5736,3662730,11708,7412796
250,8/20/2021 15:00:00,7023,3757173,6323.000000000000000,3388717,401.000000000000000,280737.000000000000000,7424,4037910,6724,3669454,13747,7426543
251,8/21/2021 15:00:00,4310,3761483,3921.000000000000000,3392638,225.000000000000000,280962.000000000000000,4535,4042445,4146,3673600,8456,7434999
252,8/22/2021 15:00:00,3062,3764545,3166.000000000000000,3395804,109.000000000000000,281071.000000000000000,3171,4045616,3275,3676875,6337,7441336
253,8/23/2021 15:00:00,6152,3770697,5920.000000000000000,3401724,285.000000000000000,281356.000000000000000,6437,4052053,6205,3683080,12357,7453693
254,8/24/2021 15:00:00,6630,3777327,5879.000000000000000,3407603,423.000000000000000,281779.000000000000000,7053,4059106,6302,3689382,12932,7466625
255,8/25/2021 15:00:00,6884,3784211,6006.000000000000000,3413609,438.000000000000000,282217.000000000000000,7322,4066428,6444,3695826,13328,7479953
256,8/26/2021 15:00:00,7160,3791371,6412.000000000000000,3420021,427.000000000000000,282644.000000000000000,7587,4074015,6839,3702665,13999,7493952
257,8/27/2021 15:00:00,6854,3798225,7012.000000000000000,3427033,315.000000000000000,282959.000000000000000,7169,4081184,7327,3709992,14181,7508133
258,8/28/2021 15:00:00,6900,3805125,6479.000000000000000,3433512,326.000000000000000,283285.000000000000000,7226,4088410,6805,3716797,13705,7521838
259,8/29/2021 15:00:00,3741,3808866,3675.000000000000000,3437187,611.000000000000000,283896.000000000000000,4352,4092762,4286,3721083,8027,7529865
260,8/30/2021 15:00:00,5941,3814807,6095.000000000000000,3443282,959.000000000000000,284855.000000000000000,6900,4099662,7054,3728137,12995,7542860
261,8/31/2021 15:00:00,5686,3820493,5934.000000000000000,3449216,945.000000000000000,285800.000000000000000,6631,4106293,6879,3735016,12565,7555425
262,9/1/2021 15:00:00,5531,3826024,5582.000000000000000,3454798,905.000000000000000,286705.000000000000000,6436,4112729,6487,3741503,12018,7567443
263,9/2/2021 15:00:00,5532,3831556,5887.000000000000000,3460685,700.000000000000000,287405.000000000000000,6232,4118961,6587,3748090,12119,7579562
264,9/3/2021 15:00:00,5979,3837535,6883.000000000000000,3467568,971.000000000000000,288376.000000000000000,6950,4125911,7854,3755944,13833,7593395
265,9/4/2021 15:00:00,3713,3841248,4323.000000000000000,3471891,875.000000000000000,289251.000000000000000,4588,4130499,5198,3761142,8911,7602306
266,9/5/2021 15:00:00,2944,3844192,2800.000000000000000,3474691,104.000000000000000,289355.000000000000000,3048,4133547,2904,3764046,5848,7608154
267,9/6/2021 15:00:00,1049,3845241,1143.000000000000000,3475834,62.000000000000000,289417.000000000000000,1111,4134658,1205,3765251,2254,7610408
268,9/7/2021 15:00:00,5292,3850533,7248.000000000000000,3483082,2303.000000000000000,291720.000000000000000,7595,4142253,9551,3774802,14843,7625251
269,9/8/2021 15:00:00,4657,3855190,5445.000000000000000,3488527,365.000000000000000,292085.000000000000000,5022,4147275,5810,3780612,10467,7635718
270,9/9/2021 15:00:00,5062,3860252,5344.000000000000000,3493871,322.000000000000000,292407.000000000000000,5384,4152659,5666,3786278,10728,7646446
271,9/10/2021 15:00:00,6525,3866777,6589.000000000000000,3500460,1712.000000000000000,294119.000000000000000,8237,4160896,8301,3794579,14826,7661272
272,9/11/2021 15:00:00,4038,3870815,4327.000000000000000,3504787,663.000000000000000,294782.000000000000000,4701,4165597,4990,3799569,9028,7670300
273,9/12/2021 15:00:00,3064,3873879,3231.000000000000000,3508018,435.000000000000000,295217.000000000000000,3499,4169096,3666,3803235,6730,7677030
274,9/13/2021 15:00:00,4668,3878547,4846.000000000000000,3512864,345.000000000000000,295562.000000000000000,5013,4174109,5191,3808426,9859,7686889
275,9/14/2021 15:00:00,4571,3883118,5203.000000000000000,3518067,432.000000000000000,295994.000000000000000,5003,4179112,5635,3814061,10206,7697095
276,9/15/2021 15:00:00,4730,3887848,5603.000000000000000,3523670,387.000000000000000,296381.000000000000000,5117,4184229,5990,3820051,10720,7707815
277,9/16/2021 15:00:00,4582,3892430,5604.000000000000000,3529274,331.000000000000000,296712.000000000000000,4913,4189142,5935,3825986,10517,7718332
278,9/17/2021 15:00:00,5033,3897463,6336.000000000000000,3535610,341.000000000000000,297053.000000000000000,5374,4194516,6677,3832663,11710,7730042
279,9/18/2021 15:00:00,3771,3901234,4569.000000000000000,3540179,184.000000000000000,297237.000000000000000,3955,4198471,4753,3837416,8524,7738566
280,9/19/2021 15:00:00,2721,3903955,3163.000000000000000,3543342,75.000000000000000,297312.000000000000000,2796,4201267,3238,3840654,5959,7744525
281,9/20/2021 15:00:00,3535,3907490,4469.000000000000000,3547811,426.000000000000000,297738.000000000000000,3961,4205228,4895,3845549,8430,7752955
282,9/21/2021 15:00:00,3778,3911268,4809.000000000000000,3552620,325.000000000000000,298063.000000000000000,4103,4209331,5134,3850683,8912,7761867
283,9/22/2021 15:00:00,4184,3915452,4753.000000000000000,3557373,459.000000000000000,298522.000000000000000,4643,4213974,5212,3855895,9396,7771263
284,9/23/2021 15:00:00,4173,3919625,4695.000000000000000,3562068,489.000000000000000,299011.000000000000000,4662,4218636,5184,3861079,9357,7780620
285,9/24/2021 15:00:00,5060,3924685,5568.000000000000000,3567636,422.000000000000000,299433.000000000000000,5482,4224118,5990,3867069,11050,7791670
286,9/25/2021 15:00:00,3593,3928278,3629.000000000000000,3571265,384.000000000000000,299817.000000000000000,3977,4228095,4013,3871082,7606,7799276
287,9/26/2021 15:00:00,2351,3930629,2599.000000000000000,3573864,421.000000000000000,300238.000000000000000,2772,4230867,3020,3874102,5371,7804647
288,9/27/2021 15:00:00,4493,3935122,2696.000000000000000,3576560,506.000000000000000,300744.000000000000000,4999,4235866,3202,3877304,7695,7812342
289,9/28/2021 15:00:00,4386,3939508,4387.000000000000000,3580947,211.000000000000000,300955.000000000000000,4597,4240463,4598,3881902,8984,7821326
290,9/29/2021 15:00:00,4691,3944199,4488.000000000000000,3585435,918.000000000000000,301873.000000000000000,5609,4246072,5406,3887308,10097,7831423
291,9/30/2021 15:00:00,4867,3949066,4573.000000000000000,3590008,791.000000000000000,302664.000000000000000,5658,4251730,5364,3892672,10231,7841654
292,10/1/2021 15:00:00,5408,3954474,5286.000000000000000,3595294,779.000000000000000,303443.000000000000000,6187,4257917,6065,3898737,11473,7853127
293,10/2/2021 15:00:00,2935,3957409,2900.000000000000000,3598194,186.000000000000000,303629.000000000000000,3121,4261038,3086,3901823,6021,7859148
294,10/3/2021 15:00:00,2054,3959463,2187.000000000000000,3600381,87.000000000000000,303716.000000000000000,2141,4263179,2274,3904097,4328,7863476
295,10/4/2021 15:00:00,4143,3963606,3388.000000000000000,3603769,233.000000000000000,303949.000000000000000,4376,4267555,3621,3907718,7764,7871240
296,10/5/2021 15:00:00,4051,3967657,3580.000000000000000,3607349,204.000000000000000,304153.000000000000000,4255,4271810,3784,3911502,7835,7879075
297,10/6/2021 15:00:00,4113,3971770,3494.000000000000000,3610843,263.000000000000000,304416.000000000000000,4376,4276186,3757,3915259,7870,7886945
298,10/7/2021 15:00:00,4347,3976117,3504.000000000000000,3614347,326.000000000000000,304742.000000000000000,4673,4280859,3830,3919089,8177,7895122
299,10/8/2021 15:00:00,4910,3981027,4096.000000000000000,3618443,281.000000000000000,305023.000000000000000,5191,4286050,4377,3923466,9287,7904409
300,10/9/2021 15:00:00,2675,3983702,2675.000000000000000,3621118,270.000000000000000,305293.000000000000000,2945,4288995,2945,3926411,5620,7910029
301,10/10/2021 15:00:00,1863,3985565,1845.000000000000000,3622963,59.000000000000000,305352.000000000000000,1922,4290917,1904,3928315,3767,7913796
302,10/11/2021 15:00:00,4358,3989923,3194.000000000000000,3626157,246.000000000000000,305598.000000000000000,4604,4295521,3440,3931755,7798,7921594
303,10/12/2021 15:00:00,3713,3993636,3283.000000000000000,3629440,268.000000000000000,305866.000000000000000,3981,4299502,3551,3935306,7264,7928858
304,10/13/2021 15:00:00,3964,3997600,3456.000000000000000,3632896,343.000000000000000,306209.000000000000000,4307,4303809,3799,3939105,7763,7936621
305,10/14/2021 15:00:00,5139,4002739,5463.000000000000000,3638359,424.000000000000000,306633.000000000000000,5563,4309372,5887,3944992,11026,7947647
306,10/15/2021 15:00:00,4700,4007439,4567.000000000000000,3642926,344.000000000000000,306977.000000000000000,5044,4314416,4911,3949903,9611,7957258
307,10/16/2021 15:00:00,2488,4009927,2505.000000000000000,3645431,287.000000000000000,307264.000000000000000,2775,4317191,2792,3952695,5280,7962538
308,10/17/2021 15:00:00,1798,4011725,1784.000000000000000,3647215,52.000000000000000,307316.000000000000000,1850,4319041,1836,3954531,3634,7966172
309,10/18/2021 15:00:00,4285,4016010,3605.000000000000000,3650820,266.000000000000000,307582.000000000000000,4551,4323592,3871,3958402,8156,7974328
310,10/19/2021 15:00:00,4297,4020307,4068.000000000000000,3654888,221.000000000000000,307803.000000000000000,4518,4328110,4289,3962691,8586,7982914
311,10/20/2021 15:00:00,3508,4023815,3448.000000000000000,3658336,252.000000000000000,308055.000000000000000,3760,4331870,3700,3966391,7208,7990122
312,10/21/2021 15:00:00,3290,4027105,3341.000000000000000,3661677,290.000000000000000,308345.000000000000000,3580,4335450,3631,3970022,6921,7997043
313,10/22/2021 15:00:00,4686,4031791,5715.000000000000000,3667392,473.000000000000000,308818.000000000000000,5159,4340609,6188,3976210,10874,8007917
314,10/23/2021 15:00:00,2900,4034691,3395.000000000000000,3670787,321.000000000000000,309139.000000000000000,3221,4343830,3716,3979926,6616,8014533
315,10/24/2021 15:00:00,2034,4036725,2460.000000000000000,3673247,77.000000000000000,309216.000000000000000,2111,4345941,2537,3982463,4571,8019104
316,10/25/2021 15:00:00,4491,4041216,5826.000000000000000,3679073,314.000000000000000,309530.000000000000000,4805,4350746,6140,3988603,10631,8029735
317,10/26/2021 15:00:00,4479,4045695,5633.000000000000000,3684706,306.000000000000000,309836.000000000000000,4785,4355531,5939,3994542,10418,8040153
318,10/27/2021 15:00:00,4653,4050348,5838.000000000000000,3690544,421.000000000000000,310257.000000000000000,5074,4360605,6259,4000801,10912,8051065
319,10/28/2021 15:00:00,4504,4054852,5800.000000000000000,3696344,489.000000000000000,310746.000000000000000,4993,4365598,6289,4007090,10793,8061858
320,10/29/2021 15:00:00,4918,4059770,6391.000000000000000,3702735,386.000000000000000,311132.000000000000000,5304,4370902,6777,4013867,11695,8073553
321,10/30/2021 15:00:00,2605,4062375,3152.000000000000000,3705887,306.000000000000000,311438.000000000000000,2911,4373813,3458,4017325,6063,8079616
322,10/31/2021 15:00:00,1917,4064292,2255.000000000000000,3708142,93.000000000000000,311531.000000000000000,2010,4375823,2348,4019673,4265,8083881
323,11/1/2021 15:00:00,4508,4068800,5726.000000000000000,3713868,325.000000000000000,311856.000000000000000,4833,4380656,6051,4025724,10559,8094440
324,11/2/2021 15:00:00,4198,4072998,5234.000000000000000,3719102,392.000000000000000,312248.000000000000000,4590,4385246,5626,4031350,9824,8104264
325,11/3/2021 15:00:00,4513,4077511,5277.000000000000000,3724379,440.000000000000000,312688.000000000000000,4953,4390199,5717,4037067,10230,8114494
326,11/4/2021 15:00:00,5880,4083391,5397.000000000000000,3729776,504.000000000000000,313192.000000000000000,6384,4396583,5901,4042968,11781,8126275
327,11/5/2021 15:00:00,7561,4090952,5997.000000000000000,3735773,394.000000000000000,313586.000000000000000,7955,4404538,6391,4049359,13952,8140227
328,11/6/2021 15:00:00,9589,4100541,2997.000000000000000,3738770,297.000000000000000,313883.000000000000000,9886,4414424,3294,4052653,12883,8153110
329,11/7/2021 15:00:00,7106,4107647,1981.000000000000000,3740751,85.000000000000000,313968.000000000000000,7191,4421615,2066,4054719,9172,8162282
330,11/8/2021 15:00:00,10751,4118398,4467.000000000000000,3745218,347.000000000000000,314315.000000000000000,11098,4432713,4814,4059533,15565,8177847
331,11/9/2021 15:00:00,10564,4128962,3995.000000000000000,3749213,214.000000000000000,314529.000000000000000,10778,4443491,4209,4063742,14773,8192620
332,11/10/2021 15:00:00,6469,4135431,2083.000000000000000,3751296,182.000000000000000,314711.000000000000000,6651,4450142,2265,4066007,8734,8201354