OBJECTID,VACCINATION_DATE,FirstDailyDose,FirstDoseCumulative,SecondDailyDose,SecondDoseCumulative,SingleDailyDose,SingleDoseCumulative,AtleastOneVaccine,AtleastOneVaccineCumulative,CompletedVax,CompletedVaxCumulative,FirstSecondSingleVaccination_12,FirstSecondSingleVaccination_13
1,12/14/2020 15:00:00,19,1441,,530,,,19,1441,0,530,19,1868
2,12/15/2020 15:00:00,61,1502,3.000000000000000,533,,,61,1502,3,533,64,1932
3,12/16/2020 15:00:00,596,2098,5.000000000000000,538,,,596,2098,5,538,601,2533
4,12/17/2020 15:00:00,1165,3263,8.000000000000000,546,,,1165,3263,8,546,1173,3706
5,12/18/2020 15:00:00,3028,6291,12.000000000000000,558,,,3028,6291,12,558,3040,6746
6,12/19/2020 15:00:00,929,7220,7.000000000000000,565,,,929,7220,7,565,936,7682
7,12/20/2020 15:00:00,365,7585,6.000000000000000,571,,,365,7585,6,571,371,8053
8,12/21/2020 15:00:00,3893,11478,27.000000000000000,598,,,3893,11478,27,598,3920,11973
9,12/22/2020 15:00:00,6325,17803,28.000000000000000,626,,,6325,17803,28,626,6353,18326
10,12/23/2020 15:00:00,5789,23592,38.000000000000000,664,,,5789,23592,38,664,5827,24153
11,12/24/2020 15:00:00,2729,26321,15.000000000000000,679,,,2729,26321,15,679,2744,26897
12,12/25/2020 15:00:00,1035,27356,4.000000000000000,683,,,1035,27356,4,683,1039,27936
13,12/26/2020 15:00:00,1883,29239,10.000000000000000,693,,,1883,29239,10,693,1893,29829
14,12/27/2020 15:00:00,1803,31042,12.000000000000000,705,,,1803,31042,12,705,1815,31644
15,12/28/2020 15:00:00,8989,40031,50.000000000000000,755,,,8989,40031,50,755,9039,40683
16,12/29/2020 15:00:00,10974,51005,53.000000000000000,808,,,10974,51005,53,808,11027,51710
17,12/30/2020 15:00:00,12500,63505,92.000000000000000,900,,,12500,63505,92,900,12592,64302
18,12/31/2020 15:00:00,7558,71063,47.000000000000000,947,,,7558,71063,47,947,7605,71907
19,1/1/2021 15:00:00,3336,74399,145.000000000000000,1092,,,3336,74399,145,1092,3481,75388
20,1/2/2021 15:00:00,3052,77451,34.000000000000000,1126,,,3052,77451,34,1126,3086,78474
21,1/3/2021 15:00:00,3412,80863,82.000000000000000,1208,,,3412,80863,82,1208,3494,81968
22,1/4/2021 15:00:00,13368,94231,338.000000000000000,1546,,,13368,94231,338,1546,13706,95674
23,1/5/2021 15:00:00,12492,106723,550.000000000000000,2096,,,12492,106723,550,2096,13042,108716
24,1/6/2021 15:00:00,15273,121996,868.000000000000000,2964,,,15273,121996,868,2964,16141,124857
25,1/7/2021 15:00:00,15051,137047,1779.000000000000000,4743,,,15051,137047,1779,4743,16830,141687
26,1/8/2021 15:00:00,24021,161068,2789.000000000000000,7532,,,24021,161068,2789,7532,26810,168497
27,1/9/2021 15:00:00,5177,166245,956.000000000000000,8488,,,5177,166245,956,8488,6133,174630
28,1/10/2021 15:00:00,2973,169218,386.000000000000000,8874,,,2973,169218,386,8874,3359,177989
29,1/11/2021 15:00:00,13737,182955,3478.000000000000000,12352,,,13737,182955,3478,12352,17215,195204
30,1/12/2021 15:00:00,17400,200355,5595.000000000000000,17947,,,17400,200355,5595,17947,22995,218199
31,1/13/2021 15:00:00,18626,218981,3935.000000000000000,21882,,,18626,218981,3935,21882,22561,240760
32,1/14/2021 15:00:00,17873,236854,1964.000000000000000,23846,,,17873,236854,1964,23846,19837,260597
33,1/15/2021 15:00:00,19492,256346,2033.000000000000000,25879,,,19492,256346,2033,25879,21525,282122
34,1/16/2021 15:00:00,5842,262188,1618.000000000000000,27497,,,5842,262188,1618,27497,7460,289582
35,1/17/2021 15:00:00,2125,264313,1480.000000000000000,28977,,,2125,264313,1480,28977,3605,293187
36,1/18/2021 15:00:00,7082,271395,3267.000000000000000,32244,,,7082,271395,3267,32244,10349,303536
37,1/19/2021 15:00:00,16957,288352,5412.000000000000000,37656,,,16957,288352,5412,37656,22369,325905
38,1/20/2021 15:00:00,21014,309366,5330.000000000000000,42986,,,21014,309366,5330,42986,26344,352249
39,1/21/2021 15:00:00,23819,333185,3856.000000000000000,46842,,,23819,333185,3856,46842,27675,379924
40,1/22/2021 15:00:00,28664,361849,3762.000000000000000,50604,,,28664,361849,3762,50604,32426,412350
41,1/23/2021 15:00:00,10129,371978,1945.000000000000000,52549,,,10129,371978,1945,52549,12074,424424
42,1/24/2021 15:00:00,3359,375337,1723.000000000000000,54272,,,3359,375337,1723,54272,5082,429506
43,1/25/2021 15:00:00,16312,391649,8614.000000000000000,62886,,,16312,391649,8614,62886,24926,454432
44,1/26/2021 15:00:00,17564,409213,8982.000000000000000,71868,,,17564,409213,8982,71868,26546,480978
45,1/27/2021 15:00:00,24442,433655,12564.000000000000000,84432,,,24442,433655,12564,84432,37006,517984
46,1/28/2021 15:00:00,22666,456321,9333.000000000000000,93765,,,22666,456321,9333,93765,31999,549983
47,1/29/2021 15:00:00,24789,481110,7933.000000000000000,101698,,,24789,481110,7933,101698,32722,582705
48,1/30/2021 15:00:00,17782,498892,2570.000000000000000,104268,,,17782,498892,2570,104268,20352,603057
49,1/31/2021 15:00:00,3765,502657,1374.000000000000000,105642,,,3765,502657,1374,105642,5139,608196
50,2/1/2021 15:00:00,8151,510808,5410.000000000000000,111052,,,8151,510808,5410,111052,13561,621757
51,2/2/2021 15:00:00,12519,523327,13833.000000000000000,124885,,,12519,523327,13833,124885,26352,648109
52,2/3/2021 15:00:00,18263,541590,18144.000000000000000,143029,,,18263,541590,18144,143029,36407,684516
53,2/4/2021 15:00:00,22143,563733,15801.000000000000000,158830,,,22143,563733,15801,158830,37944,722460
54,2/5/2021 15:00:00,20415,584148,17449.000000000000000,176279,,,20415,584148,17449,176279,37864,760324
55,2/6/2021 15:00:00,11377,595525,14537.000000000000000,190816,,,11377,595525,14537,190816,25914,786238
56,2/7/2021 15:00:00,5990,601515,1945.000000000000000,192761,,,5990,601515,1945,192761,7935,794173
57,2/8/2021 15:00:00,13012,614527,12981.000000000000000,205742,,,13012,614527,12981,205742,25993,820166
58,2/9/2021 15:00:00,16665,631192,13880.000000000000000,219622,,,16665,631192,13880,219622,30545,850711
59,2/10/2021 15:00:00,19327,650519,21320.000000000000000,240942,,,19327,650519,21320,240942,40647,891358
60,2/11/2021 15:00:00,22947,673466,17387.000000000000000,258329,,,22947,673466,17387,258329,40334,931692
61,2/12/2021 15:00:00,20440,693906,19672.000000000000000,278001,,,20440,693906,19672,278001,40112,971804
62,2/13/2021 15:00:00,11469,705375,6426.000000000000000,284427,,,11469,705375,6426,284427,17895,989699
63,2/14/2021 15:00:00,7122,712497,2137.000000000000000,286564,,,7122,712497,2137,286564,9259,998958
64,2/15/2021 15:00:00,11771,724268,13345.000000000000000,299909,,,11771,724268,13345,299909,25116,1024074
65,2/16/2021 15:00:00,16651,740919,21033.000000000000000,320942,,,16651,740919,21033,320942,37684,1061758
66,2/17/2021 15:00:00,20683,761602,26388.000000000000000,347330,,,20683,761602,26388,347330,47071,1108829
67,2/18/2021 15:00:00,3204,764806,4623.000000000000000,351953,,,3204,764806,4623,351953,7827,1116656
68,2/19/2021 15:00:00,10263,775069,19931.000000000000000,371884,,,10263,775069,19931,371884,30194,1146850
69,2/20/2021 15:00:00,10319,785388,20304.000000000000000,392188,,,10319,785388,20304,392188,30623,1177473
70,2/21/2021 15:00:00,6190,791578,7666.000000000000000,399854,,,6190,791578,7666,399854,13856,1191329
71,2/22/2021 15:00:00,8038,799616,15489.000000000000000,415343,,,8038,799616,15489,415343,23527,1214856
72,2/23/2021 15:00:00,15545,815161,15979.000000000000000,431322,,,15545,815161,15979,431322,31524,1246380
73,2/24/2021 15:00:00,18000,833161,24846.000000000000000,456168,,,18000,833161,24846,456168,42846,1289226
74,2/25/2021 15:00:00,20391,853552,26582.000000000000000,482750,,,20391,853552,26582,482750,46973,1336199
75,2/26/2021 15:00:00,26699,880251,26279.000000000000000,509029,,,26699,880251,26279,509029,52978,1389177
76,2/27/2021 15:00:00,16031,896282,11162.000000000000000,520191,,,16031,896282,11162,520191,27193,1416370
77,2/28/2021 15:00:00,15523,911805,4891.000000000000000,525082,,,15523,911805,4891,525082,20414,1436784
78,3/1/2021 15:00:00,27164,938969,12655.000000000000000,537737,,,27164,938969,12655,537737,39819,1476603
79,3/2/2021 15:00:00,23989,962958,13301.000000000000000,551038,36.000000000000000,36.000000000000000,24025,962994,13337,551074,37326,1513929
80,3/3/2021 15:00:00,30233,993191,18417.000000000000000,569455,190.000000000000000,226.000000000000000,30423,993417,18607,569681,48840,1562769
81,3/4/2021 15:00:00,31004,1024195,18255.000000000000000,587710,4068.000000000000000,4294.000000000000000,35072,1028489,22323,592004,53327,1616096
82,3/5/2021 15:00:00,30083,1054278,19766.000000000000000,607476,4909.000000000000000,9203.000000000000000,34992,1063481,24675,616679,54758,1670854
83,3/6/2021 15:00:00,18990,1073268,9536.000000000000000,617012,6010.000000000000000,15213.000000000000000,25000,1088481,15546,632225,34536,1705390
84,3/7/2021 15:00:00,12150,1085418,4929.000000000000000,621941,6609.000000000000000,21822.000000000000000,18759,1107240,11538,643763,23688,1729078
85,3/8/2021 15:00:00,25925,1111343,8860.000000000000000,630801,8274.000000000000000,30096.000000000000000,34199,1141439,17134,660897,43059,1772137
86,3/9/2021 15:00:00,26143,1137486,15496.000000000000000,646297,8344.000000000000000,38440.000000000000000,34487,1175926,23840,684737,49983,1822120
87,3/10/2021 15:00:00,29885,1167371,16047.000000000000000,662344,7937.000000000000000,46377.000000000000000,37822,1213748,23984,708721,53869,1875989
88,3/11/2021 15:00:00,36011,1203382,16419.000000000000000,678763,3982.000000000000000,50359.000000000000000,39993,1253741,20401,729122,56412,1932401
89,3/12/2021 15:00:00,36904,1240286,18154.000000000000000,696917,2929.000000000000000,53288.000000000000000,39833,1293574,21083,750205,57987,1990388
90,3/13/2021 15:00:00,22669,1262955,10331.000000000000000,707248,1630.000000000000000,54918.000000000000000,24299,1317873,11961,762166,34630,2025018
91,3/14/2021 15:00:00,17834,1280789,6737.000000000000000,713985,1009.000000000000000,55927.000000000000000,18843,1336716,7746,769912,25580,2050598
92,3/15/2021 15:00:00,29884,1310673,11360.000000000000000,725345,598.000000000000000,56525.000000000000000,30482,1367198,11958,781870,41842,2092440
93,3/16/2021 15:00:00,33476,1344149,13586.000000000000000,738931,770.000000000000000,57295.000000000000000,34246,1401444,14356,796226,47832,2140272
94,3/17/2021 15:00:00,37624,1381773,17077.000000000000000,756008,1181.000000000000000,58476.000000000000000,38805,1440249,18258,814484,55882,2196154
95,3/18/2021 15:00:00,41471,1423244,12690.000000000000000,768698,1354.000000000000000,59830.000000000000000,42825,1483074,14044,828528,55515,2251669
96,3/19/2021 15:00:00,38382,1461626,15440.000000000000000,784138,1045.000000000000000,60875.000000000000000,39427,1522501,16485,845013,54867,2306536
97,3/20/2021 15:00:00,24728,1486354,10228.000000000000000,794366,705.000000000000000,61580.000000000000000,25433,1547934,10933,855946,35661,2342197
98,3/21/2021 15:00:00,19190,1505544,7902.000000000000000,802268,341.000000000000000,61921.000000000000000,19531,1567465,8243,864189,27433,2369630
99,3/22/2021 15:00:00,32602,1538146,11509.000000000000000,813777,835.000000000000000,62756.000000000000000,33437,1600902,12344,876533,44946,2414576
100,3/23/2021 15:00:00,38409,1576555,17856.000000000000000,831633,1556.000000000000000,64312.000000000000000,39965,1640867,19412,895945,57821,2472397
101,3/24/2021 15:00:00,41085,1617640,21252.000000000000000,852885,1387.000000000000000,65699.000000000000000,42472,1683339,22639,918584,63724,2536121
102,3/25/2021 15:00:00,42907,1660547,21728.000000000000000,874613,2456.000000000000000,68155.000000000000000,45363,1728702,24184,942768,67091,2603212
103,3/26/2021 15:00:00,36380,1696927,26715.000000000000000,901328,2495.000000000000000,70650.000000000000000,38875,1767577,29210,971978,65590,2668802
104,3/27/2021 15:00:00,26472,1723399,17323.000000000000000,918651,2491.000000000000000,73141.000000000000000,28963,1796540,19814,991792,46286,2715088
105,3/28/2021 15:00:00,17009,1740408,12686.000000000000000,931337,1615.000000000000000,74756.000000000000000,18624,1815164,14301,1006093,31310,2746398
106,3/29/2021 15:00:00,29722,1770130,26391.000000000000000,957728,1142.000000000000000,75898.000000000000000,30864,1846028,27533,1033626,57255,2803653
107,3/30/2021 15:00:00,40061,1810191,29084.000000000000000,986812,1866.000000000000000,77764.000000000000000,41927,1887955,30950,1064576,71011,2874664
108,3/31/2021 15:00:00,41023,1851214,34747.000000000000000,1021559,5750.000000000000000,83514.000000000000000,46773,1934728,40497,1105073,81520,2956184
109,4/1/2021 15:00:00,42427,1893641,41145.000000000000000,1062704,5754.000000000000000,89268.000000000000000,48181,1982909,46899,1151972,89326,3045510
110,4/2/2021 15:00:00,34923,1928564,32732.000000000000000,1095436,6132.000000000000000,95400.000000000000000,41055,2023964,38864,1190836,73787,3119297
111,4/3/2021 15:00:00,21168,1949732,19233.000000000000000,1114669,4393.000000000000000,99793.000000000000000,25561,2049525,23626,1214462,44794,3164091
112,4/4/2021 15:00:00,8298,1958030,10221.000000000000000,1124890,967.000000000000000,100760.000000000000000,9265,2058790,11188,1225650,19486,3183577
113,4/5/2021 15:00:00,27953,1985983,28980.000000000000000,1153870,6661.000000000000000,107421.000000000000000,34614,2093404,35641,1261291,63594,3247171
114,4/6/2021 15:00:00,39800,2025783,30510.000000000000000,1184380,10502.000000000000000,117923.000000000000000,50302,2143706,41012,1302303,80812,3327983
115,4/7/2021 15:00:00,36108,2061891,34361.000000000000000,1218741,12999.000000000000000,130922.000000000000000,49107,2192813,47360,1349663,83468,3411451
116,4/8/2021 15:00:00,42360,2104251,36158.000000000000000,1254899,13870.000000000000000,144792.000000000000000,56230,2249043,50028,1399691,92388,3503839
117,4/9/2021 15:00:00,34098,2138349,36356.000000000000000,1291255,14535.000000000000000,159327.000000000000000,48633,2297676,50891,1450582,84989,3588828
118,4/10/2021 15:00:00,23477,2161826,23159.000000000000000,1314414,7642.000000000000000,166969.000000000000000,31119,2328795,30801,1481383,54278,3643106
119,4/11/2021 15:00:00,17582,2179408,13287.000000000000000,1327701,10124.000000000000000,177093.000000000000000,27706,2356501,23411,1504794,40993,3684099
120,4/12/2021 15:00:00,24584,2203992,33254.000000000000000,1360955,10904.000000000000000,187997.000000000000000,35488,2391989,44158,1548952,68742,3752841
121,4/13/2021 15:00:00,126156,2330148,91314.000000000000000,1452269,3293.000000000000000,191290.000000000000000,129449,2521438,94607,1643559,220763,3973604
122,4/14/2021 15:00:00,40730,2370878,37845.000000000000000,1490114,213.000000000000000,191503.000000000000000,40943,2562381,38058,1681617,78788,4052392
123,4/15/2021 15:00:00,41417,2412295,39570.000000000000000,1529684,176.000000000000000,191679.000000000000000,41593,2603974,39746,1721363,81163,4133555
124,4/16/2021 15:00:00,37147,2449442,38890.000000000000000,1568574,24.000000000000000,191703.000000000000000,37171,2641145,38914,1760277,76061,4209616
125,4/17/2021 15:00:00,32811,2482253,22041.000000000000000,1590615,13.000000000000000,191716.000000000000000,32824,2673969,22054,1782331,54865,4264481
126,4/18/2021 15:00:00,20065,2502318,16208.000000000000000,1606823,5.000000000000000,191721.000000000000000,20070,2694039,16213,1798544,36278,4300759
127,4/19/2021 15:00:00,29885,2532203,36566.000000000000000,1643389,61.000000000000000,191782.000000000000000,29946,2723985,36627,1835171,66512,4367271
128,4/20/2021 15:00:00,32934,2565137,44491.000000000000000,1687880,58.000000000000000,191840.000000000000000,32992,2756977,44549,1879720,77483,4444754
129,4/21/2021 15:00:00,39835,2604972,47082.000000000000000,1734962,26.000000000000000,191866.000000000000000,39861,2796838,47108,1926828,86943,4531697
130,4/22/2021 15:00:00,35853,2640825,42695.000000000000000,1777657,16.000000000000000,191882.000000000000000,35869,2832707,42711,1969539,78564,4610261
131,4/23/2021 15:00:00,33149,2673974,40171.000000000000000,1817828,14.000000000000000,191896.000000000000000,33163,2865870,40185,2009724,73334,4683595
132,4/24/2021 15:00:00,26418,2700392,27927.000000000000000,1845755,81.000000000000000,191977.000000000000000,26499,2892369,28008,2037732,54426,4738021
133,4/25/2021 15:00:00,20219,2720611,10994.000000000000000,1856749,31.000000000000000,192008.000000000000000,20250,2912619,11025,2048757,31244,4769265
134,4/26/2021 15:00:00,27384,2747995,32759.000000000000000,1889508,201.000000000000000,192209.000000000000000,27585,2940204,32960,2081717,60344,4829609
135,4/27/2021 15:00:00,26676,2774671,33104.000000000000000,1922612,1097.000000000000000,193306.000000000000000,27773,2967977,34201,2115918,60877,4890486
136,4/28/2021 15:00:00,28926,2803597,39563.000000000000000,1962175,1367.000000000000000,194673.000000000000000,30293,2998270,40930,2156848,69856,4960342
137,4/29/2021 15:00:00,27069,2830666,39777.000000000000000,2001952,1463.000000000000000,196136.000000000000000,28532,3026802,41240,2198088,68309,5028651
138,4/30/2021 15:00:00,28199,2858865,32313.000000000000000,2034265,1649.000000000000000,197785.000000000000000,29848,3056650,33962,2232050,62161,5090812
139,5/1/2021 15:00:00,20742,2879607,26745.000000000000000,2061010,1054.000000000000000,198839.000000000000000,21796,3078446,27799,2259849,48541,5139353
140,5/2/2021 15:00:00,10273,2889880,17081.000000000000000,2078091,823.000000000000000,199662.000000000000000,11096,3089542,17904,2277753,28177,5167530
141,5/3/2021 15:00:00,12733,2902613,28621.000000000000000,2106712,1917.000000000000000,201579.000000000000000,14650,3104192,30538,2308291,43271,5210801
142,5/4/2021 15:00:00,13562,2916175,38640.000000000000000,2145352,1742.000000000000000,203321.000000000000000,15304,3119496,40382,2348673,53944,5264745
143,5/5/2021 15:00:00,19318,2935493,37779.000000000000000,2183131,1921.000000000000000,205242.000000000000000,21239,3140735,39700,2388373,59018,5323763
144,5/6/2021 15:00:00,16924,2952417,40600.000000000000000,2223731,1721.000000000000000,206963.000000000000000,18645,3159380,42321,2430694,59245,5383008
145,5/7/2021 15:00:00,17582,2969999,37021.000000000000000,2260752,1959.000000000000000,208922.000000000000000,19541,3178921,38980,2469674,56562,5439570
146,5/8/2021 15:00:00,10796,2980795,31226.000000000000000,2291978,1292.000000000000000,210214.000000000000000,12088,3191009,32518,2502192,43314,5482884
147,5/9/2021 15:00:00,5077,2985872,12251.000000000000000,2304229,695.000000000000000,210909.000000000000000,5772,3196781,12946,2515138,18023,5500907
148,5/10/2021 15:00:00,8954,2994826,31059.000000000000000,2335288,1362.000000000000000,212271.000000000000000,10316,3207097,32421,2547559,41375,5542282
149,5/11/2021 15:00:00,12187,3007013,30292.000000000000000,2365580,1442.000000000000000,213713.000000000000000,13629,3220726,31734,2579293,43921,5586203
150,5/12/2021 15:00:00,13948,3020961,38637.000000000000000,2404217,1917.000000000000000,215630.000000000000000,15865,3236591,40554,2619847,54502,5640705
151,5/13/2021 15:00:00,21841,3042802,33520.000000000000000,2437737,1347.000000000000000,216977.000000000000000,23188,3259779,34867,2654714,56708,5697413
152,5/14/2021 15:00:00,24396,3067198,30064.000000000000000,2467801,1774.000000000000000,218751.000000000000000,26170,3285949,31838,2686552,56234,5753647
153,5/15/2021 15:00:00,21953,3089151,25117.000000000000000,2492918,1490.000000000000000,220241.000000000000000,23443,3309392,26607,2713159,48560,5802207
154,5/16/2021 15:00:00,9090,3098241,17586.000000000000000,2510504,1113.000000000000000,221354.000000000000000,10203,3319595,18699,2731858,27789,5829996
155,5/17/2021 15:00:00,16838,3115079,28413.000000000000000,2538917,1949.000000000000000,223303.000000000000000,18787,3338382,30362,2762220,47200,5877196
156,5/18/2021 15:00:00,21265,3136344,30696.000000000000000,2569613,1943.000000000000000,225246.000000000000000,23208,3361590,32639,2794859,53904,5931100
157,5/19/2021 15:00:00,27664,3164008,32439.000000000000000,2602052,1633.000000000000000,226879.000000000000000,29297,3390887,34072,2828931,61736,5992836
158,5/20/2021 15:00:00,20809,3184817,33280.000000000000000,2635332,1965.000000000000000,228844.000000000000000,22774,3413661,35245,2864176,56054,6048890
159,5/21/2021 15:00:00,19163,3203980,30362.000000000000000,2665694,1609.000000000000000,230453.000000000000000,20772,3434433,31971,2896147,51134,6100024
160,5/22/2021 15:00:00,16941,3220921,20698.000000000000000,2686392,1270.000000000000000,231723.000000000000000,18211,3452644,21968,2918115,38909,6138933
161,5/23/2021 15:00:00,8815,3229736,11453.000000000000000,2697845,965.000000000000000,232688.000000000000000,9780,3462424,12418,2930533,21233,6160166
162,5/24/2021 15:00:00,13572,3243308,17780.000000000000000,2715625,1473.000000000000000,234161.000000000000000,15045,3477469,19253,2949786,32825,6192991
163,5/25/2021 15:00:00,13076,3256384,18721.000000000000000,2734346,1329.000000000000000,235490.000000000000000,14405,3491874,20050,2969836,33126,6226117
164,5/26/2021 15:00:00,18311,3274695,19521.000000000000000,2753867,1512.000000000000000,237002.000000000000000,19823,3511697,21033,2990869,39344,6265461
165,5/27/2021 15:00:00,11689,3286384,18675.000000000000000,2772542,1117.000000000000000,238119.000000000000000,12806,3524503,19792,3010661,31481,6296942
166,5/28/2021 15:00:00,12418,3298802,19854.000000000000000,2792396,1402.000000000000000,239521.000000000000000,13820,3538323,21256,3031917,33674,6330616
167,5/29/2021 15:00:00,9516,3308318,11729.000000000000000,2804125,937.000000000000000,240458.000000000000000,10453,3548776,12666,3044583,22182,6352798
168,5/30/2021 15:00:00,4968,3313286,6438.000000000000000,2810563,596.000000000000000,241054.000000000000000,5564,3554340,7034,3051617,12002,6364800
169,5/31/2021 15:00:00,1779,3315065,3712.000000000000000,2814275,305.000000000000000,241359.000000000000000,2084,3556424,4017,3055634,5796,6370596
170,6/1/2021 15:00:00,9868,3324933,16466.000000000000000,2830741,1160.000000000000000,242519.000000000000000,11028,3567452,17626,3073260,27494,6398090
171,6/2/2021 15:00:00,10235,3335168,16824.000000000000000,2847565,961.000000000000000,243480.000000000000000,11196,3578648,17785,3091045,28020,6426110
172,6/3/2021 15:00:00,7896,3343064,21193.000000000000000,2868758,1088.000000000000000,244568.000000000000000,8984,3587632,22281,3113326,30177,6456287
173,6/4/2021 15:00:00,8198,3351262,22363.000000000000000,2891121,1120.000000000000000,245688.000000000000000,9318,3596950,23483,3136809,31681,6487968
174,6/5/2021 15:00:00,7000,3358262,19479.000000000000000,2910600,720.000000000000000,246408.000000000000000,7720,3604670,20199,3157008,27199,6515167
175,6/6/2021 15:00:00,3456,3361718,7257.000000000000000,2917857,425.000000000000000,246833.000000000000000,3881,3608551,7682,3164690,11138,6526305
176,6/7/2021 15:00:00,6858,3368576,15795.000000000000000,2933652,725.000000000000000,247558.000000000000000,7583,3616134,16520,3181210,23378,6549683
177,6/8/2021 15:00:00,6671,3375247,19739.000000000000000,2953391,831.000000000000000,248389.000000000000000,7502,3623636,20570,3201780,27241,6576924
178,6/9/2021 15:00:00,8202,3383449,23991.000000000000000,2977382,969.000000000000000,249358.000000000000000,9171,3632807,24960,3226740,33162,6610086
179,6/10/2021 15:00:00,7151,3390600,19143.000000000000000,2996525,895.000000000000000,250253.000000000000000,8046,3640853,20038,3246778,27189,6637275
180,6/11/2021 15:00:00,7492,3398092,17727.000000000000000,3014252,1125.000000000000000,251378.000000000000000,8617,3649470,18852,3265630,26344,6663619
181,6/12/2021 15:00:00,5244,3403336,14769.000000000000000,3029021,605.000000000000000,251983.000000000000000,5849,3655319,15374,3281004,20618,6684237
182,6/13/2021 15:00:00,1947,3405283,7634.000000000000000,3036655,427.000000000000000,252410.000000000000000,2374,3657693,8061,3289065,10008,6694245
183,6/14/2021 15:00:00,5656,3410939,11825.000000000000000,3048480,733.000000000000000,253143.000000000000000,6389,3664082,12558,3301623,18214,6712459
184,6/15/2021 15:00:00,5645,3416584,14348.000000000000000,3062828,874.000000000000000,254017.000000000000000,6519,3670601,15222,3316845,20867,6733326
185,6/16/2021 15:00:00,8757,3425341,21594.000000000000000,3084422,757.000000000000000,254774.000000000000000,9514,3680115,22351,3339196,31108,6764434
186,6/17/2021 15:00:00,6690,3432031,12369.000000000000000,3096791,720.000000000000000,255494.000000000000000,7410,3687525,13089,3352285,19779,6784213
187,6/18/2021 15:00:00,6836,3438867,12742.000000000000000,3109533,702.000000000000000,256196.000000000000000,7538,3695063,13444,3365729,20280,6804493
188,6/19/2021 15:00:00,4657,3443524,9386.000000000000000,3118919,615.000000000000000,256811.000000000000000,5272,3700335,10001,3375730,14658,6819151
189,6/20/2021 15:00:00,2503,3446027,5061.000000000000000,3123980,377.000000000000000,257188.000000000000000,2880,3703215,5438,3381168,7941,6827092
190,6/21/2021 15:00:00,5567,3451594,5338.000000000000000,3129318,635.000000000000000,257823.000000000000000,6202,3709417,5973,3387141,11540,6838632
191,6/22/2021 15:00:00,5345,3456939,9057.000000000000000,3138375,693.000000000000000,258516.000000000000000,6038,3715455,9750,3396891,15095,6853727
192,6/23/2021 15:00:00,6079,3463018,10340.000000000000000,3148715,646.000000000000000,259162.000000000000000,6725,3722180,10986,3407877,17065,6870792
193,6/24/2021 15:00:00,5936,3468954,8202.000000000000000,3156917,595.000000000000000,259757.000000000000000,6531,3728711,8797,3416674,14733,6885525
194,6/25/2021 15:00:00,5829,3474783,8669.000000000000000,3165586,620.000000000000000,260377.000000000000000,6449,3735160,9289,3425963,15118,6900643
195,6/26/2021 15:00:00,3706,3478489,6306.000000000000000,3171892,398.000000000000000,260775.000000000000000,4104,3739264,6704,3432667,10410,6911053
196,6/27/2021 15:00:00,2810,3481299,3525.000000000000000,3175417,185.000000000000000,260960.000000000000000,2995,3742259,3710,3436377,6520,6917573
197,6/28/2021 15:00:00,4924,3486223,6392.000000000000000,3181809,539.000000000000000,261499.000000000000000,5463,3747722,6931,3443308,11855,6929428
198,6/29/2021 15:00:00,5062,3491285,6481.000000000000000,3188290,522.000000000000000,262021.000000000000000,5584,3753306,7003,3450311,12065,6941493
199,6/30/2021 15:00:00,5628,3496913,7390.000000000000000,3195680,606.000000000000000,262627.000000000000000,6234,3759540,7996,3458307,13624,6955117
200,7/1/2021 15:00:00,5426,3502339,6994.000000000000000,3202674,504.000000000000000,263131.000000000000000,5930,3765470,7498,3465805,12924,6968041
201,7/2/2021 15:00:00,5295,3507634,6847.000000000000000,3209521,527.000000000000000,263658.000000000000000,5822,3771292,7374,3473179,12669,6980710
202,7/3/2021 15:00:00,3274,3510908,4070.000000000000000,3213591,264.000000000000000,263922.000000000000000,3538,3774830,4334,3477513,7608,6988318
203,7/4/2021 15:00:00,494,3511402,550.000000000000000,3214141,69.000000000000000,263991.000000000000000,563,3775393,619,3478132,1113,6989431
204,7/5/2021 15:00:00,3771,3515173,3953.000000000000000,3218094,287.000000000000000,264278.000000000000000,4058,3779451,4240,3482372,8011,6997442
205,7/6/2021 15:00:00,4496,3519669,6283.000000000000000,3224377,455.000000000000000,264733.000000000000000,4951,3784402,6738,3489110,11234,7008676
206,7/7/2021 15:00:00,4471,3524140,6414.000000000000000,3230791,483.000000000000000,265216.000000000000000,4954,3789356,6897,3496007,11368,7020044
207,7/8/2021 15:00:00,4840,3528980,6181.000000000000000,3236972,564.000000000000000,265780.000000000000000,5404,3794760,6745,3502752,11585,7031629
208,7/9/2021 15:00:00,5367,3534347,6678.000000000000000,3243650,573.000000000000000,266353.000000000000000,5940,3800700,7251,3510003,12618,7044247
209,7/10/2021 15:00:00,3521,3537868,4408.000000000000000,3248058,305.000000000000000,266658.000000000000000,3826,3804526,4713,3514716,8234,7052481
210,7/11/2021 15:00:00,2681,3540549,2574.000000000000000,3250632,226.000000000000000,266884.000000000000000,2907,3807433,2800,3517516,5481,7057962
211,7/12/2021 15:00:00,4426,3544975,5133.000000000000000,3255765,379.000000000000000,267263.000000000000000,4805,3812238,5512,3523028,9938,7067900
212,7/13/2021 15:00:00,4668,3549643,4724.000000000000000,3260489,366.000000000000000,267629.000000000000000,5034,3817272,5090,3528118,9758,7077658
213,7/14/2021 15:00:00,4627,3554270,5287.000000000000000,3265776,422.000000000000000,268051.000000000000000,5049,3822321,5709,3533827,10336,7087994
214,7/15/2021 15:00:00,4912,3559182,5018.000000000000000,3270794,358.000000000000000,268409.000000000000000,5270,3827591,5376,3539203,10288,7098282
215,7/16/2021 15:00:00,6275,3565457,5850.000000000000000,3276644,405.000000000000000,268814.000000000000000,6680,3834271,6255,3545458,12530,7110812
216,7/17/2021 15:00:00,3417,3568874,3552.000000000000000,3280196,303.000000000000000,269117.000000000000000,3720,3837991,3855,3549313,7272,7118084
217,7/18/2021 15:00:00,2310,3571184,2384.000000000000000,3282580,110.000000000000000,269227.000000000000000,2420,3840411,2494,3551807,4804,7122888
218,7/19/2021 15:00:00,5144,3576328,4615.000000000000000,3287195,383.000000000000000,269610.000000000000000,5527,3845938,4998,3556805,10142,7133030
219,7/20/2021 15:00:00,5344,3581672,4726.000000000000000,3291921,367.000000000000000,269977.000000000000000,5711,3851649,5093,3561898,10437,7143467
220,7/21/2021 15:00:00,5664,3587336,4955.000000000000000,3296876,416.000000000000000,270393.000000000000000,6080,3857729,5371,3567269,11035,7154502
221,7/22/2021 15:00:00,6032,3593368,4645.000000000000000,3301521,472.000000000000000,270865.000000000000000,6504,3864233,5117,3572386,11149,7165651
222,7/23/2021 15:00:00,6846,3600214,4848.000000000000000,3306369,499.000000000000000,271364.000000000000000,7345,3871578,5347,3577733,12193,7177844
223,7/24/2021 15:00:00,4282,3604496,3208.000000000000000,3309577,267.000000000000000,271631.000000000000000,4549,3876127,3475,3581208,7757,7185601
224,7/25/2021 15:00:00,3299,3607795,1122.000000000000000,3310699,140.000000000000000,271771.000000000000000,3439,3879566,1262,3582470,4561,7190162
225,7/26/2021 15:00:00,6218,3614013,3912.000000000000000,3314611,419.000000000000000,272190.000000000000000,6637,3886203,4331,3586801,10549,7200711
226,7/27/2021 15:00:00,6606,3620619,4291.000000000000000,3318902,458.000000000000000,272648.000000000000000,7064,3893267,4749,3591550,11355,7212066
227,7/28/2021 15:00:00,7092,3627711,4149.000000000000000,3323051,460.000000000000000,273108.000000000000000,7552,3900819,4609,3596159,11701,7223767
228,7/29/2021 15:00:00,7082,3634793,4312.000000000000000,3327363,419.000000000000000,273527.000000000000000,7501,3908320,4731,3600890,11813,7235580
229,7/30/2021 15:00:00,7823,3642616,4814.000000000000000,3332177,527.000000000000000,274054.000000000000000,8350,3916670,5341,3606231,13164,7248744
230,7/31/2021 15:00:00,4793,3647409,3084.000000000000000,3335261,274.000000000000000,274328.000000000000000,5067,3921737,3358,3609589,8151,7256895
231,8/1/2021 15:00:00,3899,3651308,2174.000000000000000,3337435,164.000000000000000,274492.000000000000000,4063,3925800,2338,3611927,6237,7263132
232,8/2/2021 15:00:00,7274,3658582,3852.000000000000000,3341287,341.000000000000000,274833.000000000000000,7615,3933415,4193,3616120,11467,7274599
233,8/3/2021 15:00:00,7271,3665853,4109.000000000000000,3345396,517.000000000000000,275350.000000000000000,7788,3941203,4626,3620746,11897,7286496
234,8/4/2021 15:00:00,7428,3673281,4124.000000000000000,3349520,536.000000000000000,275886.000000000000000,7964,3949167,4660,3625406,12088,7298584
235,8/5/2021 15:00:00,7961,3681242,4303.000000000000000,3353823,539.000000000000000,276425.000000000000000,8500,3957667,4842,3630248,12803,7311387
236,8/6/2021 15:00:00,8332,3689574,4740.000000000000000,3358563,454.000000000000000,276879.000000000000000,8786,3966453,5194,3635442,13526,7324913
237,8/7/2021 15:00:00,5302,3694876,2844.000000000000000,3361407,264.000000000000000,277143.000000000000000,5566,3972019,3108,3638550,8410,7333323
238,8/8/2021 15:00:00,3980,3698856,2063.000000000000000,3363470,145.000000000000000,277288.000000000000000,4125,3976144,2208,3640758,6188,7339511
239,8/9/2021 15:00:00,6958,3705814,4566.000000000000000,3368036,370.000000000000000,277658.000000000000000,7328,3983472,4936,3645694,11894,7351405
240,8/10/2021 15:00:00,7173,3712987,4489.000000000000000,3372525,340.000000000000000,277998.000000000000000,7513,3990985,4829,3650523,12002,7363407
241,8/11/2021 15:00:00,7082,3720069,4450.000000000000000,3376975,443.000000000000000,278441.000000000000000,7525,3998510,4893,3655416,11975,7375382
242,8/12/2021 15:00:00,8635,3728704,4757.000000000000000,3381732,445.000000000000000,278886.000000000000000,9080,4007590,5202,3660618,13837,7389219
243,8/13/2021 15:00:00,7156,3735860,5389.000000000000000,3387121,397.000000000000000,279283.000000000000000,7553,4015143,5786,3666404,12942,7402161
244,8/14/2021 15:00:00,4921,3740781,3345.000000000000000,3390466,285.000000000000000,279568.000000000000000,5206,4020349,3630,3670034,8551,7410712
245,8/15/2021 15:00:00,3328,3744109,2739.000000000000000,3393205,163.000000000000000,279731.000000000000000,3491,4023840,2902,3672936,6230,7416942
246,8/16/2021 15:00:00,5454,3749563,5096.000000000000000,3398301,354.000000000000000,280085.000000000000000,5808,4029648,5450,3678386,10904,7427846
247,8/17/2021 15:00:00,6822,3756385,5365.000000000000000,3403666,391.000000000000000,280476.000000000000000,7213,4036861,5756,3684142,12578,7440424
248,8/18/2021 15:00:00,6328,3762713,5513.000000000000000,3409179,481.000000000000000,280957.000000000000000,6809,4043670,5994,3690136,12322,7452746
249,8/19/2021 15:00:00,6217,3768930,5556.000000000000000,3414735,417.000000000000000,281374.000000000000000,6634,4050304,5973,3696109,12190,7464936
250,8/20/2021 15:00:00,6846,3775776,6553.000000000000000,3421288,401.000000000000000,281775.000000000000000,7247,4057551,6954,3703063,13800,7478736
251,8/21/2021 15:00:00,4338,3780114,3919.000000000000000,3425207,229.000000000000000,282004.000000000000000,4567,4062118,4148,3707211,8486,7487222
252,8/22/2021 15:00:00,3060,3783174,3172.000000000000000,3428379,110.000000000000000,282114.000000000000000,3170,4065288,3282,3710493,6342,7493564
253,8/23/2021 15:00:00,5995,3789169,6106.000000000000000,3434485,287.000000000000000,282401.000000000000000,6282,4071570,6393,3716886,12388,7505952
254,8/24/2021 15:00:00,6547,3795716,6070.000000000000000,3440555,425.000000000000000,282826.000000000000000,6972,4078542,6495,3723381,13042,7518994
255,8/25/2021 15:00:00,6722,3802438,6224.000000000000000,3446779,441.000000000000000,283267.000000000000000,7163,4085705,6665,3730046,13387,7532381
256,8/26/2021 15:00:00,6968,3809406,6659.000000000000000,3453438,428.000000000000000,283695.000000000000000,7396,4093101,7087,3737133,14055,7546436
257,8/27/2021 15:00:00,6828,3816234,7085.000000000000000,3460523,317.000000000000000,284012.000000000000000,7145,4100246,7402,3744535,14230,7560666
258,8/28/2021 15:00:00,6899,3823133,6527.000000000000000,3467050,326.000000000000000,284338.000000000000000,7225,4107471,6853,3751388,13752,7574418
259,8/29/2021 15:00:00,3733,3826866,3694.000000000000000,3470744,610.000000000000000,284948.000000000000000,4343,4111814,4304,3755692,8037,7582455
260,8/30/2021 15:00:00,5925,3832791,6129.000000000000000,3476873,960.000000000000000,285908.000000000000000,6885,4118699,7089,3762781,13014,7595469
261,8/31/2021 15:00:00,5903,3838694,6073.000000000000000,3482946,946.000000000000000,286854.000000000000000,6849,4125548,7019,3769800,12922,7608391
262,9/1/2021 15:00:00,5593,3844287,5694.000000000000000,3488640,917.000000000000000,287771.000000000000000,6510,4132058,6611,3776411,12204,7620595
263,9/2/2021 15:00:00,5540,3849827,5945.000000000000000,3494585,709.000000000000000,288480.000000000000000,6249,4138307,6654,3783065,12194,7632789
264,9/3/2021 15:00:00,6001,3855828,6938.000000000000000,3501523,977.000000000000000,289457.000000000000000,6978,4145285,7915,3790980,13916,7646705
265,9/4/2021 15:00:00,3732,3859560,4354.000000000000000,3505877,878.000000000000000,290335.000000000000000,4610,4149895,5232,3796212,8964,7655669
266,9/5/2021 15:00:00,2956,3862516,2813.000000000000000,3508690,106.000000000000000,290441.000000000000000,3062,4152957,2919,3799131,5875,7661544
267,9/6/2021 15:00:00,1060,3863576,1159.000000000000000,3509849,69.000000000000000,290510.000000000000000,1129,4154086,1228,3800359,2288,7663832
268,9/7/2021 15:00:00,5346,3868922,7307.000000000000000,3517156,2303.000000000000000,292813.000000000000000,7649,4161735,9610,3809969,14956,7678788
269,9/8/2021 15:00:00,4654,3873576,5480.000000000000000,3522636,364.000000000000000,293177.000000000000000,5018,4166753,5844,3815813,10498,7689286
270,9/9/2021 15:00:00,5018,3878594,5465.000000000000000,3528101,325.000000000000000,293502.000000000000000,5343,4172096,5790,3821603,10808,7700094
271,9/10/2021 15:00:00,6526,3885120,6668.000000000000000,3534769,1719.000000000000000,295221.000000000000000,8245,4180341,8387,3829990,14913,7715007
272,9/11/2021 15:00:00,4175,3889295,4343.000000000000000,3539112,666.000000000000000,295887.000000000000000,4841,4185182,5009,3834999,9184,7724191
273,9/12/2021 15:00:00,3171,3892466,3238.000000000000000,3542350,436.000000000000000,296323.000000000000000,3607,4188789,3674,3838673,6845,7731036
274,9/13/2021 15:00:00,4883,3897349,5070.000000000000000,3547420,346.000000000000000,296669.000000000000000,5229,4194018,5416,3844089,10299,7741335
275,9/14/2021 15:00:00,4775,3902124,5447.000000000000000,3552867,437.000000000000000,297106.000000000000000,5212,4199230,5884,3849973,10659,7751994
276,9/15/2021 15:00:00,5045,3907169,5879.000000000000000,3558746,392.000000000000000,297498.000000000000000,5437,4204667,6271,3856244,11316,7763310
277,9/16/2021 15:00:00,4811,3911980,5849.000000000000000,3564595,336.000000000000000,297834.000000000000000,5147,4209814,6185,3862429,10996,7774306
278,9/17/2021 15:00:00,5258,3917238,6583.000000000000000,3571178,344.000000000000000,298178.000000000000000,5602,4215416,6927,3869356,12185,7786491
279,9/18/2021 15:00:00,3803,3921041,4578.000000000000000,3575756,185.000000000000000,298363.000000000000000,3988,4219404,4763,3874119,8566,7795057
280,9/19/2021 15:00:00,2741,3923782,3177.000000000000000,3578933,75.000000000000000,298438.000000000000000,2816,4222220,3252,3877371,5993,7801050
281,9/20/2021 15:00:00,3752,3927534,4678.000000000000000,3583611,430.000000000000000,298868.000000000000000,4182,4226402,5108,3882479,8860,7809910
282,9/21/2021 15:00:00,3999,3931533,5005.000000000000000,3588616,327.000000000000000,299195.000000000000000,4326,4230728,5332,3887811,9331,7819241
283,9/22/2021 15:00:00,4196,3935729,4775.000000000000000,3593391,459.000000000000000,299654.000000000000000,4655,4235383,5234,3893045,9430,7828671
284,9/23/2021 15:00:00,4175,3939904,4730.000000000000000,3598121,492.000000000000000,300146.000000000000000,4667,4240050,5222,3898267,9397,7838068
285,9/24/2021 15:00:00,5078,3944982,5605.000000000000000,3603726,422.000000000000000,300568.000000000000000,5500,4245550,6027,3904294,11105,7849173
286,9/25/2021 15:00:00,3624,3948606,3629.000000000000000,3607355,384.000000000000000,300952.000000000000000,4008,4249558,4013,3908307,7637,7856810
287,9/26/2021 15:00:00,2352,3950958,2665.000000000000000,3610020,431.000000000000000,301383.000000000000000,2783,4252341,3096,3911403,5448,7862258
288,9/27/2021 15:00:00,4505,3955463,2710.000000000000000,3612730,512.000000000000000,301895.000000000000000,5017,4257358,3222,3914625,7727,7869985
289,9/28/2021 15:00:00,4399,3959862,4450.000000000000000,3617180,211.000000000000000,302106.000000000000000,4610,4261968,4661,3919286,9060,7879045
290,9/29/2021 15:00:00,4690,3964552,4508.000000000000000,3621688,920.000000000000000,303026.000000000000000,5610,4267578,5428,3924714,10118,7889163
291,9/30/2021 15:00:00,4887,3969439,4561.000000000000000,3626249,796.000000000000000,303822.000000000000000,5683,4273261,5357,3930071,10244,7899407
292,10/1/2021 15:00:00,5507,3974946,5341.000000000000000,3631590,785.000000000000000,304607.000000000000000,6292,4279553,6126,3936197,11633,7911040
293,10/2/2021 15:00:00,2934,3977880,2895.000000000000000,3634485,187.000000000000000,304794.000000000000000,3121,4282674,3082,3939279,6016,7917056
294,10/3/2021 15:00:00,2074,3979954,2377.000000000000000,3636862,86.000000000000000,304880.000000000000000,2160,4284834,2463,3941742,4537,7921593
295,10/4/2021 15:00:00,4023,3983977,3498.000000000000000,3640360,232.000000000000000,305112.000000000000000,4255,4289089,3730,3945472,7753,7929346
296,10/5/2021 15:00:00,3951,3987928,3659.000000000000000,3644019,207.000000000000000,305319.000000000000000,4158,4293247,3866,3949338,7817,7937163
297,10/6/2021 15:00:00,4021,3991949,3572.000000000000000,3647591,266.000000000000000,305585.000000000000000,4287,4297534,3838,3953176,7859,7945022
298,10/7/2021 15:00:00,4234,3996183,3624.000000000000000,3651215,331.000000000000000,305916.000000000000000,4565,4302099,3955,3957131,8189,7953211
299,10/8/2021 15:00:00,4770,4000953,4282.000000000000000,3655497,283.000000000000000,306199.000000000000000,5053,4307152,4565,3961696,9335,7962546
300,10/9/2021 15:00:00,2690,4003643,2676.000000000000000,3658173,270.000000000000000,306469.000000000000000,2960,4310112,2946,3964642,5636,7968182
301,10/10/2021 15:00:00,1861,4005504,1850.000000000000000,3660023,59.000000000000000,306528.000000000000000,1920,4312032,1909,3966551,3770,7971952
302,10/11/2021 15:00:00,4205,4009709,3314.000000000000000,3663337,249.000000000000000,306777.000000000000000,4454,4316486,3563,3970114,7768,7979720
303,10/12/2021 15:00:00,3597,4013306,3532.000000000000000,3666869,273.000000000000000,307050.000000000000000,3870,4320356,3805,3973919,7402,7987122
304,10/13/2021 15:00:00,3971,4017277,3458.000000000000000,3670327,346.000000000000000,307396.000000000000000,4317,4324673,3804,3977723,7775,7994897
305,10/14/2021 15:00:00,5158,4022435,5493.000000000000000,3675820,431.000000000000000,307827.000000000000000,5589,4330262,5924,3983647,11082,8005979
306,10/15/2021 15:00:00,4708,4027143,4597.000000000000000,3680417,347.000000000000000,308174.000000000000000,5055,4335317,4944,3988591,9652,8015631
307,10/16/2021 15:00:00,2494,4029637,2508.000000000000000,3682925,291.000000000000000,308465.000000000000000,2785,4338102,2799,3991390,5293,8020924
308,10/17/2021 15:00:00,1805,4031442,1774.000000000000000,3684699,55.000000000000000,308520.000000000000000,1860,4339962,1829,3993219,3634,8024558
309,10/18/2021 15:00:00,4273,4035715,3576.000000000000000,3688275,268.000000000000000,308788.000000000000000,4541,4344503,3844,3997063,8117,8032675
310,10/19/2021 15:00:00,4299,4040014,4000.000000000000000,3692275,223.000000000000000,309011.000000000000000,4522,4349025,4223,4001286,8522,8041197
311,10/20/2021 15:00:00,3529,4043543,3419.000000000000000,3695694,255.000000000000000,309266.000000000000000,3784,4352809,3674,4004960,7203,8048400
312,10/21/2021 15:00:00,3299,4046842,3272.000000000000000,3698966,291.000000000000000,309557.000000000000000,3590,4356399,3563,4008523,6862,8055262
313,10/22/2021 15:00:00,4678,4051520,4024.000000000000000,3702990,477.000000000000000,310034.000000000000000,5155,4361554,4501,4013024,9179,8064441
314,10/23/2021 15:00:00,2884,4054404,2108.000000000000000,3705098,321.000000000000000,310355.000000000000000,3205,4364759,2429,4015453,5313,8069754
315,10/24/2021 15:00:00,2056,4056460,1552.000000000000000,3706650,79.000000000000000,310434.000000000000000,2135,4366894,1631,4017084,3687,8073441
316,10/25/2021 15:00:00,4546,4061006,3068.000000000000000,3709718,320.000000000000000,310754.000000000000000,4866,4371760,3388,4020472,7934,8081375
317,10/26/2021 15:00:00,4510,4065516,3075.000000000000000,3712793,316.000000000000000,311070.000000000000000,4826,4376586,3391,4023863,7901,8089276
318,10/27/2021 15:00:00,4736,4070252,3336.000000000000000,3716129,436.000000000000000,311506.000000000000000,5172,4381758,3772,4027635,8508,8097784
319,10/28/2021 15:00:00,4558,4074810,3351.000000000000000,3719480,502.000000000000000,312008.000000000000000,5060,4386818,3853,4031488,8411,8106195
320,10/29/2021 15:00:00,4979,4079789,3911.000000000000000,3723391,395.000000000000000,312403.000000000000000,5374,4392192,4306,4035794,9285,8115480
321,10/30/2021 15:00:00,2630,4082419,1836.000000000000000,3725227,307.000000000000000,312710.000000000000000,2937,4395129,2143,4037937,4773,8120253
322,10/31/2021 15:00:00,1934,4084353,1518.000000000000000,3726745,93.000000000000000,312803.000000000000000,2027,4397156,1611,4039548,3545,8123798
323,11/1/2021 15:00:00,4712,4089065,3425.000000000000000,3730170,348.000000000000000,313151.000000000000000,5060,4402216,3773,4043321,8485,8132283
324,11/2/2021 15:00:00,4251,4093316,2938.000000000000000,3733108,409.000000000000000,313560.000000000000000,4660,4406876,3347,4046668,7598,8139881
325,11/3/2021 15:00:00,4668,4097984,3042.000000000000000,3736150,464.000000000000000,314024.000000000000000,5132,4412008,3506,4050174,8174,8148055
326,11/4/2021 15:00:00,6311,4104295,3365.000000000000000,3739515,513.000000000000000,314537.000000000000000,6824,4418832,3878,4054052,10189,8158244
327,11/5/2021 15:00:00,8237,4112532,3760.000000000000000,3743275,413.000000000000000,314950.000000000000000,8650,4427482,4173,4058225,12410,8170654
328,11/6/2021 15:00:00,10171,4122703,1965.000000000000000,3745240,308.000000000000000,315258.000000000000000,10479,4437961,2273,4060498,12444,8183098
329,11/7/2021 15:00:00,7714,4130417,1461.000000000000000,3746701,95.000000000000000,315353.000000000000000,7809,4445770,1556,4062054,9270,8192368
330,11/8/2021 15:00:00,11303,4141720,3042.000000000000000,3749743,379.000000000000000,315732.000000000000000,11682,4457452,3421,4065475,14724,8207092
331,11/9/2021 15:00:00,11763,4153483,2643.000000000000000,3752386,269.000000000000000,316001.000000000000000,12032,4469484,2912,4068387,14675,8221767
332,11/10/2021 15:00:00,12589,4166072,2755.000000000000000,3755141,339.000000000000000,316340.000000000000000,12928,4482412,3094,4071481,15683,8237450
333,11/11/2021 15:00:00,11374,4177446,2371.000000000000000,3757512,280.000000000000000,316620.000000000000000,11654,4494066,2651,4074132,14025,8251475
334,11/12/2021 15:00:00,12287,4189733,3349.000000000000000,3760861,548.000000000000000,317168.000000000000000,12835,4506901,3897,4078029,16184,8267659
335,11/13/2021 15:00:00,9894,4199627,1591.000000000000000,3762452,342.000000000000000,317510.000000000000000,10236,4517137,1933,4079962,11827,8279486
336,11/14/2021 15:00:00,4195,4203822,1112.000000000000000,3763564,121.000000000000000,317631.000000000000000,4316,4521453,1233,4081195,5428,8284914
337,11/15/2021 15:00:00,8626,4212448,2513.000000000000000,3766077,208.000000000000000,317839.000000000000000,8834,4530287,2721,4083916,11347,8296261
338,11/16/2021 15:00:00,9223,4221671,2508.000000000000000,3768585,255.000000000000000,318094.000000000000000,9478,4539765,2763,4086679,11986,8308247
339,11/17/2021 15:00:00,9393,4231064,2860.000000000000000,3771445,312.000000000000000,318406.000000000000000,9705,4549470,3172,4089851,12565,8320812
340,11/18/2021 15:00:00,9274,4240338,2623.000000000000000,3774068,481.000000000000000,318887.000000000000000,9755,4559225,3104,4092955,12378,8333190
341,11/19/2021 15:00:00,9806,4250144,2906.000000000000000,3776974,381.000000000000000,319268.000000000000000,10187,4569412,3287,4096242,13093,8346283
342,11/20/2021 15:00:00,10629,4260773,1599.000000000000000,3778573,455.000000000000000,319723.000000000000000,11084,4580496,2054,4098296,12683,8358966
343,11/21/2021 15:00:00,4342,4265115,1199.000000000000000,3779772,100.000000000000000,319823.000000000000000,4442,4584938,1299,4099595,5641,8364607
344,11/22/2021 15:00:00,9821,4274936,2481.000000000000000,3782253,293.000000000000000,320116.000000000000000,10114,4595052,2774,4102369,12595,8377202
345,11/23/2021 15:00:00,9207,4284143,2379.000000000000000,3784632,282.000000000000000,320398.000000000000000,9489,4604541,2661,4105030,11868,8389070
346,11/24/2021 15:00:00,8159,4292302,2435.000000000000000,3787067,216.000000000000000,320614.000000000000000,8375,4612916,2651,4107681,10810,8399880
347,11/25/2021 15:00:00,239,4292541,77.000000000000000,3787144,10.000000000000000,320624.000000000000000,249,4613165,87,4107768,326,8400206
348,11/26/2021 15:00:00,5651,4298192,3950.000000000000000,3791094,153.000000000000000,320777.000000000000000,5804,4618969,4103,4111871,9754,8409960
349,11/27/2021 15:00:00,3776,4301968,5478.000000000000000,3796572,134.000000000000000,320911.000000000000000,3910,4622879,5612,4117483,9388,8419348
350,11/28/2021 15:00:00,2413,4304381,6385.000000000000000,3802957,77.000000000000000,320988.000000000000000,2490,4625369,6462,4123945,8875,8428223
351,11/29/2021 15:00:00,6369,4310750,9284.000000000000000,3812241,379.000000000000000,321367.000000000000000,6748,4632117,9663,4133608,16032,8444255
352,11/30/2021 15:00:00,6250,4317000,9322.000000000000000,3821563,264.000000000000000,321631.000000000000000,6514,4638631,9586,4143194,15836,8460091
353,12/1/2021 15:00:00,7311,4324311,9717.000000000000000,3831280,308.000000000000000,321939.000000000000000,7619,4646250,10025,4153219,17336,8477427
354,12/2/2021 15:00:00,6920,4331231,8793.000000000000000,3840073,450.000000000000000,322389.000000000000000,7370,4653620,9243,4162462,16163,8493590
355,12/3/2021 15:00:00,7606,4338837,9255.000000000000000,3849328,251.000000000000000,322640.000000000000000,7857,4661477,9506,4171968,17112,8510702
356,12/4/2021 15:00:00,5951,4344788,10044.000000000000000,3859372,467.000000000000000,323107.000000000000000,6418,4667895,10511,4182479,16462,8527164
357,12/5/2021 15:00:00,3444,4348232,3547.000000000000000,3862919,78.000000000000000,323185.000000000000000,3522,4671417,3625,4186104,7069,8534233
358,12/6/2021 15:00:00,6751,4354983,7090.000000000000000,3870009,280.000000000000000,323465.000000000000000,7031,4678448,7370,4193474,14121,8548354
359,12/7/2021 15:00:00,6410,4361393,7030.000000000000000,3877039,249.000000000000000,323714.000000000000000,6659,4685107,7279,4200753,13689,8562043
360,12/8/2021 15:00:00,6932,4368325,7417.000000000000000,3884456,315.000000000000000,324029.000000000000000,7247,4692354,7732,4208485,14664,8576707
361,12/9/2021 15:00:00,6545,4374870,7030.000000000000000,3891486,398.000000000000000,324427.000000000000000,6943,4699297,7428,4215913,13973,8590680
362,12/10/2021 15:00:00,7288,4382158,7328.000000000000000,3898814,232.000000000000000,324659.000000000000000,7520,4706817,7560,4223473,14848,8605528
363,12/11/2021 15:00:00,4449,4386607,7673.000000000000000,3906487,333.000000000000000,324992.000000000000000,4782,4711599,8006,4231479,12455,8617983
364,12/12/2021 15:00:00,4000,4390607,2772.000000000000000,3909259,60.000000000000000,325052.000000000000000,4060,4715659,2832,4234311,6832,8624815
365,12/13/2021 15:00:00,5695,4396302,5762.000000000000000,3915021,243.000000000000000,325295.000000000000000,5938,4721597,6005,4240316,11700,8636515
366,12/14/2021 15:00:00,6464,4402766,5934.000000000000000,3920955,222.000000000000000,325517.000000000000000,6686,4728283,6156,4246472,12620,8649135
367,12/15/2021 15:00:00,7162,4409928,5712.000000000000000,3926667,254.000000000000000,325771.000000000000000,7416,4735699,5966,4252438,13128,8662263
368,12/16/2021 15:00:00,7867,4417795,2827.000000000000000,3929494,421.000000000000000,326192.000000000000000,8288,4743987,3248,4255686,11115,8673378
369,12/17/2021 15:00:00,7841,4425636,4152.000000000000000,3933646,195.000000000000000,326387.000000000000000,8036,4752023,4347,4260033,12188,8685566
370,12/18/2021 15:00:00,5837,4431473,3182.000000000000000,3936828,298.000000000000000,326685.000000000000000,6135,4758158,3480,4263513,9317,8694883
371,12/19/2021 15:00:00,3378,4434851,1341.000000000000000,3938169,37.000000000000000,326722.000000000000000,3415,4761573,1378,4264891,4756,8699639
372,12/20/2021 15:00:00,8081,4442932,3740.000000000000000,3941909,173.000000000000000,326895.000000000000000,8254,4769827,3913,4268804,11994,8711633
373,12/21/2021 15:00:00,8994,4451926,4158.000000000000000,3946067,175.000000000000000,327070.000000000000000,9169,4778996,4333,4273137,13327,8724960
374,12/22/2021 15:00:00,8681,4460607,3871.000000000000000,3949938,184.000000000000000,327254.000000000000000,8865,4787861,4055,4277192,12736,8737696
375,12/23/2021 15:00:00,8402,4469009,3572.000000000000000,3953510,359.000000000000000,327613.000000000000000,8761,4796622,3931,4281123,12333,8750029
376,12/24/2021 15:00:00,1634,4470643,1007.000000000000000,3954517,39.000000000000000,327652.000000000000000,1673,4798295,1046,4282169,2680,8752709
377,12/25/2021 15:00:00,49,4470692,36.000000000000000,3954553,1.000000000000000,327653.000000000000000,50,4798345,37,4282206,86,8752795
378,12/26/2021 15:00:00,2517,4473209,1743.000000000000000,3956296,44.000000000000000,327697.000000000000000,2561,4800906,1787,4283993,4304,8757099
379,12/27/2021 15:00:00,7192,4480401,3991.000000000000000,3960287,297.000000000000000,327994.000000000000000,7489,4808395,4288,4288281,11480,8768579
380,12/28/2021 15:00:00,7926,4488327,3850.000000000000000,3964137,178.000000000000000,328172.000000000000000,8104,4816499,4028,4292309,11954,8780533
381,12/29/2021 15:00:00,8230,4496557,4012.000000000000000,3968149,156.000000000000000,328328.000000000000000,8386,4824885,4168,4296477,12398,8792931
382,12/30/2021 15:00:00,7474,4504031,3779.000000000000000,3971928,290.000000000000000,328618.000000000000000,7764,4832649,4069,4300546,11543,8804474
383,12/31/2021 15:00:00,2574,4506605,1528.000000000000000,3973456,90.000000000000000,328708.000000000000000,2664,4835313,1618,4302164,4192,8808666
384,1/1/2022 15:00:00,738,4507343,347.000000000000000,3973803,34.000000000000000,328742.000000000000000,772,4836085,381,4302545,1119,8809785
385,1/2/2022 15:00:00,2216,4509559,1650.000000000000000,3975453,48.000000000000000,328790.000000000000000,2264,4838349,1698,4304243,3914,8813699
386,1/3/2022 15:00:00,3398,4512957,2064.000000000000000,3977517,222.000000000000000,329012.000000000000000,3620,4841969,2286,4306529,5684,8819383
387,1/4/2022 15:00:00,5844,4518801,3482.000000000000000,3980999,165.000000000000000,329177.000000000000000,6009,4847978,3647,4310176,9491,8828874
388,1/5/2022 15:00:00,6819,4525620,4690.000000000000000,3985689,175.000000000000000,329352.000000000000000,6994,4854972,4865,4315041,11684,8840558
389,1/6/2022 15:00:00,6750,4532370,4819.000000000000000,3990508,265.000000000000000,329617.000000000000000,7015,4861987,5084,4320125,11834,8852392
390,1/7/2022 15:00:00,5975,4538345,3772.000000000000000,3994280,162.000000000000000,329779.000000000000000,6137,4868124,3934,4324059,9909,8862301
391,1/8/2022 15:00:00,4803,4543148,3907.000000000000000,3998187,78.000000000000000,329857.000000000000000,4881,4873005,3985,4328044,8788,8871089
392,1/9/2022 15:00:00,2764,4545912,2017.000000000000000,4000204,154.000000000000000,330011.000000000000000,2918,4875923,2171,4330215,4935,8876024
393,1/10/2022 15:00:00,6337,4552249,3832.000000000000000,4004036,160.000000000000000,330171.000000000000000,6497,4882420,3992,4334207,10329,8886353
394,1/11/2022 15:00:00,6550,4558799,4243.000000000000000,4008279,142.000000000000000,330313.000000000000000,6692,4889112,4385,4338592,10935,8897288
395,1/12/2022 15:00:00,6814,4565613,4440.000000000000000,4012719,225.000000000000000,330538.000000000000000,7039,4896151,4665,4343257,11479,8908767
396,1/13/2022 15:00:00,6634,4572247,4380.000000000000000,4017099,153.000000000000000,330691.000000000000000,6787,4902938,4533,4347790,11167,8919934
397,1/14/2022 15:00:00,7205,4579452,3281.000000000000000,4020380,252.000000000000000,330943.000000000000000,7457,4910395,3533,4351323,10738,8930672
398,1/15/2022 15:00:00,4267,4583719,1686.000000000000000,4022066,71.000000000000000,331014.000000000000000,4338,4914733,1757,4353080,6024,8936696
399,1/16/2022 15:00:00,2217,4585936,1319.000000000000000,4023385,116.000000000000000,331130.000000000000000,2333,4917066,1435,4354515,3652,8940348
400,1/17/2022 15:00:00,3615,4589551,2361.000000000000000,4025746,74.000000000000000,331204.000000000000000,3689,4920755,2435,4356950,6050,8946398
401,1/18/2022 15:00:00,5273,4594824,4198.000000000000000,4029944,102.000000000000000,331306.000000000000000,5375,4926130,4300,4361250,9573,8955971
402,1/19/2022 15:00:00,5291,4600115,4469.000000000000000,4034413,99.000000000000000,331405.000000000000000,5390,4931520,4568,4365818,9859,8965830
403,1/20/2022 15:00:00,4525,4604640,3618.000000000000000,4038031,176.000000000000000,331581.000000000000000,4701,4936221,3794,4369612,8319,8974149
404,1/21/2022 15:00:00,5593,4610233,2929.000000000000000,4040960,125.000000000000000,331706.000000000000000,5718,4941939,3054,4372666,8647,8982796
405,1/22/2022 15:00:00,3458,4613691,1721.000000000000000,4042681,134.000000000000000,331840.000000000000000,3592,4945531,1855,4374521,5313,8988109
406,1/23/2022 15:00:00,2034,4615725,1498.000000000000000,4044179,30.000000000000000,331870.000000000000000,2064,4947595,1528,4376049,3562,8991671
407,1/24/2022 15:00:00,4125,4619850,2771.000000000000000,4046950,88.000000000000000,331958.000000000000000,4213,4951808,2859,4378908,6984,8998655
408,1/25/2022 15:00:00,3798,4623648,3307.000000000000000,4050257,95.000000000000000,332053.000000000000000,3893,4955701,3402,4382310,7200,9005855
409,1/26/2022 15:00:00,3864,4627512,3685.000000000000000,4053942,94.000000000000000,332147.000000000000000,3958,4959659,3779,4386089,7643,9013498
410,1/27/2022 15:00:00,3765,4631277,3863.000000000000000,4057805,187.000000000000000,332334.000000000000000,3952,4963611,4050,4390139,7815,9021313
411,1/28/2022 15:00:00,3841,4635118,3216.000000000000000,4061021,75.000000000000000,332409.000000000000000,3916,4967527,3291,4393430,7132,9028445
412,1/29/2022 15:00:00,2295,4637413,2265.000000000000000,4063286,117.000000000000000,332526.000000000000000,2412,4969939,2382,4395812,4677,9033122
413,1/30/2022 15:00:00,1562,4638975,1602.000000000000000,4064888,16.000000000000000,332542.000000000000000,1578,4971517,1618,4397430,3180,9036302
414,1/31/2022 15:00:00,2981,4641956,3157.000000000000000,4068045,58.000000000000000,332600.000000000000000,3039,4974556,3215,4400645,6196,9042498
415,2/1/2022 15:00:00,2637,4644593,3395.000000000000000,4071440,75.000000000000000,332675.000000000000000,2712,4977268,3470,4404115,6107,9048605
416,2/2/2022 15:00:00,2816,4647409,3720.000000000000000,4075160,75.000000000000000,332750.000000000000000,2891,4980159,3795,4407910,6611,9055216
417,2/3/2022 15:00:00,2758,4650167,3645.000000000000000,4078805,41.000000000000000,332791.000000000000000,2799,4982958,3686,4411596,6444,9061660
418,2/4/2022 15:00:00,2777,4652944,4371.000000000000000,4083176,127.000000000000000,332918.000000000000000,2904,4985862,4498,4416094,7275,9068935
419,2/5/2022 15:00:00,1921,4654865,2878.000000000000000,4086054,112.000000000000000,333030.000000000000000,2033,4987895,2990,4419084,4911,9073846
420,2/6/2022 15:00:00,1063,4655928,1342.000000000000000,4087396,24.000000000000000,333054.000000000000000,1087,4988982,1366,4420450,2429,9076275
421,2/7/2022 15:00:00,2051,4657979,2678.000000000000000,4090074,46.000000000000000,333100.000000000000000,2097,4991079,2724,4423174,4775,9081050
422,2/8/2022 15:00:00,2081,4660060,3056.000000000000000,4093130,63.000000000000000,333163.000000000000000,2144,4993223,3119,4426293,5200,9086250
423,2/9/2022 15:00:00,2173,4662233,3274.000000000000000,4096404,73.000000000000000,333236.000000000000000,2246,4995469,3347,4429640,5520,9091770
424,2/10/2022 15:00:00,2032,4664265,2812.000000000000000,4099216,55.000000000000000,333291.000000000000000,2087,4997556,2867,4432507,4899,9096669
425,2/11/2022 15:00:00,2428,4666693,3405.000000000000000,4102621,119.000000000000000,333410.000000000000000,2547,5000103,3524,4436031,5952,9102621
426,2/12/2022 15:00:00,1608,4668301,2215.000000000000000,4104836,97.000000000000000,333507.000000000000000,1705,5001808,2312,4438343,3920,9106541
427,2/13/2022 15:00:00,718,4669019,1040.000000000000000,4105876,13.000000000000000,333520.000000000000000,731,5002539,1053,4439396,1771,9108312
428,2/14/2022 15:00:00,746,4669765,1099.000000000000000,4106975,37.000000000000000,333557.000000000000000,783,5003322,1136,4440532,1882,9110194