OBJECTID,VACCINATION_DATE,FirstDailyDose,FirstDoseCumulative,SecondDailyDose,SecondDoseCumulative,SingleDailyDose,SingleDoseCumulative,AtleastOneVaccine,AtleastOneVaccineCumulative,CompletedVax,CompletedVaxCumulative,FirstSecondSingleVaccination_12,FirstSecondSingleVaccination_13
1,12/14/2020 15:00:00,19,1478,,534,,,19,1478,0,534,19,1936
2,12/15/2020 15:00:00,62,1540,3.000000000000000,537,,,62,1540,3,537,65,2001
3,12/16/2020 15:00:00,597,2137,5.000000000000000,542,,,597,2137,5,542,602,2603
4,12/17/2020 15:00:00,1167,3304,8.000000000000000,550,,,1167,3304,8,550,1175,3778
5,12/18/2020 15:00:00,3031,6335,12.000000000000000,562,,,3031,6335,12,562,3043,6821
6,12/19/2020 15:00:00,930,7265,7.000000000000000,569,,,930,7265,7,569,937,7758
7,12/20/2020 15:00:00,369,7634,6.000000000000000,575,,,369,7634,6,575,375,8133
8,12/21/2020 15:00:00,3899,11533,26.000000000000000,601,,,3899,11533,26,601,3925,12058
9,12/22/2020 15:00:00,6327,17860,30.000000000000000,631,,,6327,17860,30,631,6357,18415
10,12/23/2020 15:00:00,5792,23652,39.000000000000000,670,,,5792,23652,39,670,5831,24246
11,12/24/2020 15:00:00,2729,26381,15.000000000000000,685,,,2729,26381,15,685,2744,26990
12,12/25/2020 15:00:00,1035,27416,4.000000000000000,689,,,1035,27416,4,689,1039,28029
13,12/26/2020 15:00:00,1886,29302,10.000000000000000,699,,,1886,29302,10,699,1896,29925
14,12/27/2020 15:00:00,1803,31105,12.000000000000000,711,,,1803,31105,12,711,1815,31740
15,12/28/2020 15:00:00,8993,40098,51.000000000000000,762,,,8993,40098,51,762,9044,40784
16,12/29/2020 15:00:00,10979,51077,53.000000000000000,815,,,10979,51077,53,815,11032,51816
17,12/30/2020 15:00:00,12507,63584,96.000000000000000,911,,,12507,63584,96,911,12603,64419
18,12/31/2020 15:00:00,7557,71141,49.000000000000000,960,,,7557,71141,49,960,7606,72025
19,1/1/2021 15:00:00,3388,74529,146.000000000000000,1106,,,3388,74529,146,1106,3534,75559
20,1/2/2021 15:00:00,3061,77590,34.000000000000000,1140,,,3061,77590,34,1140,3095,78654
21,1/3/2021 15:00:00,3416,81006,82.000000000000000,1222,,,3416,81006,82,1222,3498,82152
22,1/4/2021 15:00:00,13375,94381,342.000000000000000,1564,,,13375,94381,342,1564,13717,95869
23,1/5/2021 15:00:00,12497,106878,550.000000000000000,2114,,,12497,106878,550,2114,13047,108916
24,1/6/2021 15:00:00,15279,122157,870.000000000000000,2984,,,15279,122157,870,2984,16149,125065
25,1/7/2021 15:00:00,15051,137208,1788.000000000000000,4772,,,15051,137208,1788,4772,16839,141904
26,1/8/2021 15:00:00,24025,161233,2793.000000000000000,7565,,,24025,161233,2793,7565,26818,168722
27,1/9/2021 15:00:00,5183,166416,957.000000000000000,8522,,,5183,166416,957,8522,6140,174862
28,1/10/2021 15:00:00,2983,169399,387.000000000000000,8909,,,2983,169399,387,8909,3370,178232
29,1/11/2021 15:00:00,13745,183144,3486.000000000000000,12395,,,13745,183144,3486,12395,17231,195463
30,1/12/2021 15:00:00,17408,200552,5600.000000000000000,17995,,,17408,200552,5600,17995,23008,218471
31,1/13/2021 15:00:00,18633,219185,3937.000000000000000,21932,,,18633,219185,3937,21932,22570,241041
32,1/14/2021 15:00:00,17877,237062,1967.000000000000000,23899,,,17877,237062,1967,23899,19844,260885
33,1/15/2021 15:00:00,19505,256567,2039.000000000000000,25938,,,19505,256567,2039,25938,21544,282429
34,1/16/2021 15:00:00,5845,262412,1623.000000000000000,27561,,,5845,262412,1623,27561,7468,289897
35,1/17/2021 15:00:00,2128,264540,1480.000000000000000,29041,,,2128,264540,1480,29041,3608,293505
36,1/18/2021 15:00:00,7085,271625,3268.000000000000000,32309,,,7085,271625,3268,32309,10353,303858
37,1/19/2021 15:00:00,16962,288587,5417.000000000000000,37726,,,16962,288587,5417,37726,22379,326237
38,1/20/2021 15:00:00,21021,309608,5338.000000000000000,43064,,,21021,309608,5338,43064,26359,352596
39,1/21/2021 15:00:00,23832,333440,3870.000000000000000,46934,,,23832,333440,3870,46934,27702,380298
40,1/22/2021 15:00:00,28669,362109,3770.000000000000000,50704,,,28669,362109,3770,50704,32439,412737
41,1/23/2021 15:00:00,10132,372241,1949.000000000000000,52653,,,10132,372241,1949,52653,12081,424818
42,1/24/2021 15:00:00,3361,375602,1727.000000000000000,54380,,,3361,375602,1727,54380,5088,429906
43,1/25/2021 15:00:00,16311,391913,8622.000000000000000,63002,,,16311,391913,8622,63002,24933,454839
44,1/26/2021 15:00:00,17569,409482,8984.000000000000000,71986,,,17569,409482,8984,71986,26553,481392
45,1/27/2021 15:00:00,24446,433928,12579.000000000000000,84565,,,24446,433928,12579,84565,37025,518417
46,1/28/2021 15:00:00,22668,456596,9339.000000000000000,93904,,,22668,456596,9339,93904,32007,550424
47,1/29/2021 15:00:00,24792,481388,7942.000000000000000,101846,,,24792,481388,7942,101846,32734,583158
48,1/30/2021 15:00:00,17788,499176,2571.000000000000000,104417,,,17788,499176,2571,104417,20359,603517
49,1/31/2021 15:00:00,3765,502941,1375.000000000000000,105792,,,3765,502941,1375,105792,5140,608657
50,2/1/2021 15:00:00,8182,511123,5430.000000000000000,111222,,,8182,511123,5430,111222,13612,622269
51,2/2/2021 15:00:00,12528,523651,13839.000000000000000,125061,,,12528,523651,13839,125061,26367,648636
52,2/3/2021 15:00:00,18273,541924,18150.000000000000000,143211,,,18273,541924,18150,143211,36423,685059
53,2/4/2021 15:00:00,22150,564074,15807.000000000000000,159018,,,22150,564074,15807,159018,37957,723016
54,2/5/2021 15:00:00,20418,584492,17451.000000000000000,176469,,,20418,584492,17451,176469,37869,760885
55,2/6/2021 15:00:00,11382,595874,14540.000000000000000,191009,,,11382,595874,14540,191009,25922,786807
56,2/7/2021 15:00:00,5990,601864,1951.000000000000000,192960,,,5990,601864,1951,192960,7941,794748
57,2/8/2021 15:00:00,13019,614883,12985.000000000000000,205945,,,13019,614883,12985,205945,26004,820752
58,2/9/2021 15:00:00,16668,631551,13894.000000000000000,219839,,,16668,631551,13894,219839,30562,851314
59,2/10/2021 15:00:00,19335,650886,21326.000000000000000,241165,,,19335,650886,21326,241165,40661,891975
60,2/11/2021 15:00:00,22946,673832,17390.000000000000000,258555,,,22946,673832,17390,258555,40336,932311
61,2/12/2021 15:00:00,20445,694277,19681.000000000000000,278236,,,20445,694277,19681,278236,40126,972437
62,2/13/2021 15:00:00,11474,705751,6430.000000000000000,284666,,,11474,705751,6430,284666,17904,990341
63,2/14/2021 15:00:00,7122,712873,2140.000000000000000,286806,,,7122,712873,2140,286806,9262,999603
64,2/15/2021 15:00:00,11772,724645,13347.000000000000000,300153,,,11772,724645,13347,300153,25119,1024722
65,2/16/2021 15:00:00,16657,741302,21039.000000000000000,321192,,,16657,741302,21039,321192,37696,1062418
66,2/17/2021 15:00:00,20687,761989,26392.000000000000000,347584,,,20687,761989,26392,347584,47079,1109497
67,2/18/2021 15:00:00,3206,765195,4627.000000000000000,352211,,,3206,765195,4627,352211,7833,1117330
68,2/19/2021 15:00:00,10266,775461,19941.000000000000000,372152,,,10266,775461,19941,372152,30207,1147537
69,2/20/2021 15:00:00,10322,785783,20315.000000000000000,392467,,,10322,785783,20315,392467,30637,1178174
70,2/21/2021 15:00:00,6195,791978,7669.000000000000000,400136,,,6195,791978,7669,400136,13864,1192038
71,2/22/2021 15:00:00,8043,800021,15497.000000000000000,415633,,,8043,800021,15497,415633,23540,1215578
72,2/23/2021 15:00:00,15547,815568,15986.000000000000000,431619,,,15547,815568,15986,431619,31533,1247111
73,2/24/2021 15:00:00,17999,833567,24853.000000000000000,456472,,,17999,833567,24853,456472,42852,1289963
74,2/25/2021 15:00:00,20401,853968,26601.000000000000000,483073,,,20401,853968,26601,483073,47002,1336965
75,2/26/2021 15:00:00,26701,880669,26274.000000000000000,509347,,,26701,880669,26274,509347,52975,1389940
76,2/27/2021 15:00:00,16032,896701,11164.000000000000000,520511,,,16032,896701,11164,520511,27196,1417136
77,2/28/2021 15:00:00,15524,912225,4895.000000000000000,525406,,,15524,912225,4895,525406,20419,1437555
78,3/1/2021 15:00:00,27237,939462,12683.000000000000000,538089,,,27237,939462,12683,538089,39920,1477475
79,3/2/2021 15:00:00,24001,963463,13304.000000000000000,551393,38.000000000000000,38.000000000000000,24039,963501,13342,551431,37343,1514818
80,3/3/2021 15:00:00,30250,993713,18425.000000000000000,569818,192.000000000000000,230.000000000000000,30442,993943,18617,570048,48867,1563685
81,3/4/2021 15:00:00,31009,1024722,18264.000000000000000,588082,4068.000000000000000,4298.000000000000000,35077,1029020,22332,592380,53341,1617026
82,3/5/2021 15:00:00,30092,1054814,19782.000000000000000,607864,4912.000000000000000,9210.000000000000000,35004,1064024,24694,617074,54786,1671812
83,3/6/2021 15:00:00,19000,1073814,9538.000000000000000,617402,6009.000000000000000,15219.000000000000000,25009,1089033,15547,632621,34547,1706359
84,3/7/2021 15:00:00,12155,1085969,4928.000000000000000,622330,6606.000000000000000,21825.000000000000000,18761,1107794,11534,644155,23689,1730048
85,3/8/2021 15:00:00,25931,1111900,8864.000000000000000,631194,8273.000000000000000,30098.000000000000000,34204,1141998,17137,661292,43068,1773116
86,3/9/2021 15:00:00,26150,1138050,15504.000000000000000,646698,8344.000000000000000,38442.000000000000000,34494,1176492,23848,685140,49998,1823114
87,3/10/2021 15:00:00,29890,1167940,16055.000000000000000,662753,7936.000000000000000,46378.000000000000000,37826,1214318,23991,709131,53881,1876995
88,3/11/2021 15:00:00,36018,1203958,16427.000000000000000,679180,3982.000000000000000,50360.000000000000000,40000,1254318,20409,729540,56427,1933422
89,3/12/2021 15:00:00,36915,1240873,18164.000000000000000,697344,2928.000000000000000,53288.000000000000000,39843,1294161,21092,750632,58007,1991429
90,3/13/2021 15:00:00,22672,1263545,10342.000000000000000,707686,1630.000000000000000,54918.000000000000000,24302,1318463,11972,762604,34644,2026073
91,3/14/2021 15:00:00,17840,1281385,6738.000000000000000,714424,1010.000000000000000,55928.000000000000000,18850,1337313,7748,770352,25588,2051661
92,3/15/2021 15:00:00,29894,1311279,11369.000000000000000,725793,599.000000000000000,56527.000000000000000,30493,1367806,11968,782320,41862,2093523
93,3/16/2021 15:00:00,33485,1344764,13590.000000000000000,739383,770.000000000000000,57297.000000000000000,34255,1402061,14360,796680,47845,2141368
94,3/17/2021 15:00:00,37639,1382403,17084.000000000000000,756467,1182.000000000000000,58479.000000000000000,38821,1440882,18266,814946,55905,2197273
95,3/18/2021 15:00:00,41482,1423885,12702.000000000000000,769169,1354.000000000000000,59833.000000000000000,42836,1483718,14056,829002,55538,2252811
96,3/19/2021 15:00:00,38390,1462275,15448.000000000000000,784617,1046.000000000000000,60879.000000000000000,39436,1523154,16494,845496,54884,2307695
97,3/20/2021 15:00:00,24736,1487011,10236.000000000000000,794853,704.000000000000000,61583.000000000000000,25440,1548594,10940,856436,35676,2343371
98,3/21/2021 15:00:00,19199,1506210,7908.000000000000000,802761,342.000000000000000,61925.000000000000000,19541,1568135,8250,864686,27449,2370820
99,3/22/2021 15:00:00,32605,1538815,11520.000000000000000,814281,835.000000000000000,62760.000000000000000,33440,1601575,12355,877041,44960,2415780
100,3/23/2021 15:00:00,38409,1577224,17876.000000000000000,832157,1557.000000000000000,64317.000000000000000,39966,1641541,19433,896474,57842,2473622
101,3/24/2021 15:00:00,41092,1618316,21259.000000000000000,853416,1386.000000000000000,65703.000000000000000,42478,1684019,22645,919119,63737,2537359
102,3/25/2021 15:00:00,42921,1661237,21741.000000000000000,875157,2456.000000000000000,68159.000000000000000,45377,1729396,24197,943316,67118,2604477
103,3/26/2021 15:00:00,36387,1697624,26722.000000000000000,901879,2495.000000000000000,70654.000000000000000,38882,1768278,29217,972533,65604,2670081
104,3/27/2021 15:00:00,26475,1724099,17327.000000000000000,919206,2490.000000000000000,73144.000000000000000,28965,1797243,19817,992350,46292,2716373
105,3/28/2021 15:00:00,17011,1741110,12693.000000000000000,931899,1614.000000000000000,74758.000000000000000,18625,1815868,14307,1006657,31318,2747691
106,3/29/2021 15:00:00,29722,1770832,26392.000000000000000,958291,1141.000000000000000,75899.000000000000000,30863,1846731,27533,1034190,57255,2804946
107,3/30/2021 15:00:00,40063,1810895,29092.000000000000000,987383,1865.000000000000000,77764.000000000000000,41928,1888659,30957,1065147,71020,2875966
108,3/31/2021 15:00:00,41023,1851918,34758.000000000000000,1022141,5751.000000000000000,83515.000000000000000,46774,1935433,40509,1105656,81532,2957498
109,4/1/2021 15:00:00,42495,1894413,41196.000000000000000,1063337,5766.000000000000000,89281.000000000000000,48261,1983694,46962,1152618,89457,3046955
110,4/2/2021 15:00:00,34943,1929356,32740.000000000000000,1096077,6132.000000000000000,95413.000000000000000,41075,2024769,38872,1191490,73815,3120770
111,4/3/2021 15:00:00,21179,1950535,19239.000000000000000,1115316,4394.000000000000000,99807.000000000000000,25573,2050342,23633,1215123,44812,3165582
112,4/4/2021 15:00:00,8302,1958837,10224.000000000000000,1125540,968.000000000000000,100775.000000000000000,9270,2059612,11192,1226315,19494,3185076
113,4/5/2021 15:00:00,27968,1986805,28984.000000000000000,1154524,6663.000000000000000,107438.000000000000000,34631,2094243,35647,1261962,63615,3248691
114,4/6/2021 15:00:00,39800,2026605,30527.000000000000000,1185051,10503.000000000000000,117941.000000000000000,50303,2144546,41030,1302992,80830,3329521
115,4/7/2021 15:00:00,36115,2062720,34376.000000000000000,1219427,13002.000000000000000,130943.000000000000000,49117,2193663,47378,1350370,83493,3413014
116,4/8/2021 15:00:00,42365,2105085,36169.000000000000000,1255596,13871.000000000000000,144814.000000000000000,56236,2249899,50040,1400410,92405,3505419
117,4/9/2021 15:00:00,34097,2139182,36368.000000000000000,1291964,14532.000000000000000,159346.000000000000000,48629,2298528,50900,1451310,84997,3590416
118,4/10/2021 15:00:00,23502,2162684,23186.000000000000000,1315150,7640.000000000000000,166986.000000000000000,31142,2329670,30826,1482136,54328,3644744
119,4/11/2021 15:00:00,17586,2180270,13300.000000000000000,1328450,10121.000000000000000,177107.000000000000000,27707,2357377,23421,1505557,41007,3685751
120,4/12/2021 15:00:00,24609,2204879,33298.000000000000000,1361748,10907.000000000000000,188014.000000000000000,35516,2392893,44205,1549762,68814,3754565
121,4/13/2021 15:00:00,126171,2331050,91365.000000000000000,1453113,3293.000000000000000,191307.000000000000000,129464,2522357,94658,1644420,220829,3975394
122,4/14/2021 15:00:00,40742,2371792,37855.000000000000000,1490968,213.000000000000000,191520.000000000000000,40955,2563312,38068,1682488,78810,4054204
123,4/15/2021 15:00:00,41418,2413210,39590.000000000000000,1530558,176.000000000000000,191696.000000000000000,41594,2604906,39766,1722254,81184,4135388
124,4/16/2021 15:00:00,37149,2450359,38903.000000000000000,1569461,25.000000000000000,191721.000000000000000,37174,2642080,38928,1761182,76077,4211465
125,4/17/2021 15:00:00,32818,2483177,22044.000000000000000,1591505,13.000000000000000,191734.000000000000000,32831,2674911,22057,1783239,54875,4266340
126,4/18/2021 15:00:00,20062,2503239,16209.000000000000000,1607714,5.000000000000000,191739.000000000000000,20067,2694978,16214,1799453,36276,4302616
127,4/19/2021 15:00:00,29886,2533125,36562.000000000000000,1644276,61.000000000000000,191800.000000000000000,29947,2724925,36623,1836076,66509,4369125
128,4/20/2021 15:00:00,32937,2566062,44507.000000000000000,1688783,59.000000000000000,191859.000000000000000,32996,2757921,44566,1880642,77503,4446628
129,4/21/2021 15:00:00,39843,2605905,47093.000000000000000,1735876,26.000000000000000,191885.000000000000000,39869,2797790,47119,1927761,86962,4533590
130,4/22/2021 15:00:00,35862,2641767,42709.000000000000000,1778585,16.000000000000000,191901.000000000000000,35878,2833668,42725,1970486,78587,4612177
131,4/23/2021 15:00:00,33147,2674914,40177.000000000000000,1818762,14.000000000000000,191915.000000000000000,33161,2866829,40191,2010677,73338,4685515
132,4/24/2021 15:00:00,26422,2701336,27936.000000000000000,1846698,81.000000000000000,191996.000000000000000,26503,2893332,28017,2038694,54439,4739954
133,4/25/2021 15:00:00,20218,2721554,11002.000000000000000,1857700,31.000000000000000,192027.000000000000000,20249,2913581,11033,2049727,31251,4771205
134,4/26/2021 15:00:00,27382,2748936,32772.000000000000000,1890472,201.000000000000000,192228.000000000000000,27583,2941164,32973,2082700,60355,4831560
135,4/27/2021 15:00:00,26676,2775612,33114.000000000000000,1923586,1097.000000000000000,193325.000000000000000,27773,2968937,34211,2116911,60887,4892447
136,4/28/2021 15:00:00,28923,2804535,39571.000000000000000,1963157,1367.000000000000000,194692.000000000000000,30290,2999227,40938,2157849,69861,4962308
137,4/29/2021 15:00:00,27065,2831600,39787.000000000000000,2002944,1463.000000000000000,196155.000000000000000,28528,3027755,41250,2199099,68315,5030623
138,4/30/2021 15:00:00,28203,2859803,32315.000000000000000,2035259,1649.000000000000000,197804.000000000000000,29852,3057607,33964,2233063,62167,5092790
139,5/1/2021 15:00:00,20756,2880559,26809.000000000000000,2062068,1057.000000000000000,198861.000000000000000,21813,3079420,27866,2260929,48622,5141412
140,5/2/2021 15:00:00,10270,2890829,17087.000000000000000,2079155,823.000000000000000,199684.000000000000000,11093,3090513,17910,2278839,28180,5169592
141,5/3/2021 15:00:00,12723,2903552,28644.000000000000000,2107799,1917.000000000000000,201601.000000000000000,14640,3105153,30561,2309400,43284,5212876
142,5/4/2021 15:00:00,13558,2917110,38654.000000000000000,2146453,1742.000000000000000,203343.000000000000000,15300,3120453,40396,2349796,53954,5266830
143,5/5/2021 15:00:00,19319,2936429,37790.000000000000000,2184243,1921.000000000000000,205264.000000000000000,21240,3141693,39711,2389507,59030,5325860
144,5/6/2021 15:00:00,16931,2953360,40603.000000000000000,2224846,1721.000000000000000,206985.000000000000000,18652,3160345,42324,2431831,59255,5385115
145,5/7/2021 15:00:00,17587,2970947,37030.000000000000000,2261876,1960.000000000000000,208945.000000000000000,19547,3179892,38990,2470821,56577,5441692
146,5/8/2021 15:00:00,10797,2981744,31239.000000000000000,2293115,1292.000000000000000,210237.000000000000000,12089,3191981,32531,2503352,43328,5485020
147,5/9/2021 15:00:00,5078,2986822,12254.000000000000000,2305369,695.000000000000000,210932.000000000000000,5773,3197754,12949,2516301,18027,5503047
148,5/10/2021 15:00:00,8960,2995782,31061.000000000000000,2336430,1362.000000000000000,212294.000000000000000,10322,3208076,32423,2548724,41383,5544430
149,5/11/2021 15:00:00,12182,3007964,30302.000000000000000,2366732,1441.000000000000000,213735.000000000000000,13623,3221699,31743,2580467,43925,5588355
150,5/12/2021 15:00:00,13944,3021908,38643.000000000000000,2405375,1917.000000000000000,215652.000000000000000,15861,3237560,40560,2621027,54504,5642859
151,5/13/2021 15:00:00,21845,3043753,33527.000000000000000,2438902,1347.000000000000000,216999.000000000000000,23192,3260752,34874,2655901,56719,5699578
152,5/14/2021 15:00:00,24397,3068150,30073.000000000000000,2468975,1774.000000000000000,218773.000000000000000,26171,3286923,31847,2687748,56244,5755822
153,5/15/2021 15:00:00,21952,3090102,25126.000000000000000,2494101,1490.000000000000000,220263.000000000000000,23442,3310365,26616,2714364,48568,5804390
154,5/16/2021 15:00:00,9090,3099192,17582.000000000000000,2511683,1115.000000000000000,221378.000000000000000,10205,3320570,18697,2733061,27787,5832177
155,5/17/2021 15:00:00,16839,3116031,28417.000000000000000,2540100,1950.000000000000000,223328.000000000000000,18789,3339359,30367,2763428,47206,5879383
156,5/18/2021 15:00:00,21265,3137296,30700.000000000000000,2570800,1943.000000000000000,225271.000000000000000,23208,3362567,32643,2796071,53908,5933291
157,5/19/2021 15:00:00,27671,3164967,32446.000000000000000,2603246,1632.000000000000000,226903.000000000000000,29303,3391870,34078,2830149,61749,5995040
158,5/20/2021 15:00:00,20809,3185776,33286.000000000000000,2636532,1965.000000000000000,228868.000000000000000,22774,3414644,35251,2865400,56060,6051100
159,5/21/2021 15:00:00,19165,3204941,30369.000000000000000,2666901,1609.000000000000000,230477.000000000000000,20774,3435418,31978,2897378,51143,6102243
160,5/22/2021 15:00:00,16947,3221888,20701.000000000000000,2687602,1269.000000000000000,231746.000000000000000,18216,3453634,21970,2919348,38917,6141160
161,5/23/2021 15:00:00,8816,3230704,11453.000000000000000,2699055,965.000000000000000,232711.000000000000000,9781,3463415,12418,2931766,21234,6162394
162,5/24/2021 15:00:00,13574,3244278,17784.000000000000000,2716839,1473.000000000000000,234184.000000000000000,15047,3478462,19257,2951023,32831,6195225
163,5/25/2021 15:00:00,13076,3257354,18718.000000000000000,2735557,1328.000000000000000,235512.000000000000000,14404,3492866,20046,2971069,33122,6228347
164,5/26/2021 15:00:00,18368,3275722,19697.000000000000000,2755254,1512.000000000000000,237024.000000000000000,19880,3512746,21209,2992278,39577,6267924
165,5/27/2021 15:00:00,11696,3287418,18708.000000000000000,2773962,1117.000000000000000,238141.000000000000000,12813,3525559,19825,3012103,31521,6299445
166,5/28/2021 15:00:00,12418,3299836,19862.000000000000000,2793824,1402.000000000000000,239543.000000000000000,13820,3539379,21264,3033367,33682,6333127
167,5/29/2021 15:00:00,9515,3309351,11732.000000000000000,2805556,937.000000000000000,240480.000000000000000,10452,3549831,12669,3046036,22184,6355311
168,5/30/2021 15:00:00,4967,3314318,6440.000000000000000,2811996,596.000000000000000,241076.000000000000000,5563,3555394,7036,3053072,12003,6367314
169,5/31/2021 15:00:00,1780,3316098,3714.000000000000000,2815710,305.000000000000000,241381.000000000000000,2085,3557479,4019,3057091,5799,6373113
170,6/1/2021 15:00:00,9877,3325975,16492.000000000000000,2832202,1161.000000000000000,242542.000000000000000,11038,3568517,17653,3074744,27530,6400643
171,6/2/2021 15:00:00,10234,3336209,16826.000000000000000,2849028,961.000000000000000,243503.000000000000000,11195,3579712,17787,3092531,28021,6428664
172,6/3/2021 15:00:00,7898,3344107,21214.000000000000000,2870242,1089.000000000000000,244592.000000000000000,8987,3588699,22303,3114834,30201,6458865
173,6/4/2021 15:00:00,8198,3352305,22364.000000000000000,2892606,1120.000000000000000,245712.000000000000000,9318,3598017,23484,3138318,31682,6490547
174,6/5/2021 15:00:00,7000,3359305,19479.000000000000000,2912085,720.000000000000000,246432.000000000000000,7720,3605737,20199,3158517,27199,6517746
175,6/6/2021 15:00:00,3456,3362761,7259.000000000000000,2919344,426.000000000000000,246858.000000000000000,3882,3609619,7685,3166202,11141,6528887
176,6/7/2021 15:00:00,6860,3369621,15795.000000000000000,2935139,726.000000000000000,247584.000000000000000,7586,3617205,16521,3182723,23381,6552268
177,6/8/2021 15:00:00,6671,3376292,19742.000000000000000,2954881,831.000000000000000,248415.000000000000000,7502,3624707,20573,3203296,27244,6579512
178,6/9/2021 15:00:00,8203,3384495,23998.000000000000000,2978879,969.000000000000000,249384.000000000000000,9172,3633879,24967,3228263,33170,6612682
179,6/10/2021 15:00:00,7153,3391648,19143.000000000000000,2998022,895.000000000000000,250279.000000000000000,8048,3641927,20038,3248301,27191,6639873
180,6/11/2021 15:00:00,7492,3399140,17733.000000000000000,3015755,1125.000000000000000,251404.000000000000000,8617,3650544,18858,3267159,26350,6666223
181,6/12/2021 15:00:00,5241,3404381,14771.000000000000000,3030526,605.000000000000000,252009.000000000000000,5846,3656390,15376,3282535,20617,6686840
182,6/13/2021 15:00:00,1946,3406327,7634.000000000000000,3038160,427.000000000000000,252436.000000000000000,2373,3658763,8061,3290596,10007,6696847
183,6/14/2021 15:00:00,5656,3411983,11830.000000000000000,3049990,733.000000000000000,253169.000000000000000,6389,3665152,12563,3303159,18219,6715066
184,6/15/2021 15:00:00,5649,3417632,14345.000000000000000,3064335,873.000000000000000,254042.000000000000000,6522,3671674,15218,3318377,20867,6735933
185,6/16/2021 15:00:00,8726,3426358,21620.000000000000000,3085955,758.000000000000000,254800.000000000000000,9484,3681158,22378,3340755,31104,6767037
186,6/17/2021 15:00:00,6680,3433038,12381.000000000000000,3098336,720.000000000000000,255520.000000000000000,7400,3688558,13101,3353856,19781,6786818
187,6/18/2021 15:00:00,6833,3439871,12747.000000000000000,3111083,702.000000000000000,256222.000000000000000,7535,3696093,13449,3367305,20282,6807100
188,6/19/2021 15:00:00,4655,3444526,9389.000000000000000,3120472,614.000000000000000,256836.000000000000000,5269,3701362,10003,3377308,14658,6821758
189,6/20/2021 15:00:00,2507,3447033,5068.000000000000000,3125540,377.000000000000000,257213.000000000000000,2884,3704246,5445,3382753,7952,6829710
190,6/21/2021 15:00:00,5569,3452602,5340.000000000000000,3130880,636.000000000000000,257849.000000000000000,6205,3710451,5976,3388729,11545,6841255
191,6/22/2021 15:00:00,5347,3457949,9056.000000000000000,3139936,698.000000000000000,258547.000000000000000,6045,3716496,9754,3398483,15101,6856356
192,6/23/2021 15:00:00,6062,3464011,10357.000000000000000,3150293,645.000000000000000,259192.000000000000000,6707,3723203,11002,3409485,17064,6873420
193,6/24/2021 15:00:00,5929,3469940,8214.000000000000000,3158507,595.000000000000000,259787.000000000000000,6524,3729727,8809,3418294,14738,6888158
194,6/25/2021 15:00:00,5828,3475768,8671.000000000000000,3167178,619.000000000000000,260406.000000000000000,6447,3736174,9290,3427584,15118,6903276
195,6/26/2021 15:00:00,3707,3479475,6305.000000000000000,3173483,398.000000000000000,260804.000000000000000,4105,3740279,6703,3434287,10410,6913686
196,6/27/2021 15:00:00,2810,3482285,3524.000000000000000,3177007,185.000000000000000,260989.000000000000000,2995,3743274,3709,3437996,6519,6920205
197,6/28/2021 15:00:00,4925,3487210,6396.000000000000000,3183403,539.000000000000000,261528.000000000000000,5464,3748738,6935,3444931,11860,6932065
198,6/29/2021 15:00:00,5063,3492273,6484.000000000000000,3189887,523.000000000000000,262051.000000000000000,5586,3754324,7007,3451938,12070,6944135
199,6/30/2021 15:00:00,5630,3497903,7392.000000000000000,3197279,607.000000000000000,262658.000000000000000,6237,3760561,7999,3459937,13629,6957764
200,7/1/2021 15:00:00,5447,3503350,7004.000000000000000,3204283,505.000000000000000,263163.000000000000000,5952,3766513,7509,3467446,12956,6970720
201,7/2/2021 15:00:00,5298,3508648,6850.000000000000000,3211133,527.000000000000000,263690.000000000000000,5825,3772338,7377,3474823,12675,6983395
202,7/3/2021 15:00:00,3275,3511923,4071.000000000000000,3215204,264.000000000000000,263954.000000000000000,3539,3775877,4335,3479158,7610,6991005
203,7/4/2021 15:00:00,493,3512416,551.000000000000000,3215755,69.000000000000000,264023.000000000000000,562,3776439,620,3479778,1113,6992118
204,7/5/2021 15:00:00,3771,3516187,3953.000000000000000,3219708,287.000000000000000,264310.000000000000000,4058,3780497,4240,3484018,8011,7000129
205,7/6/2021 15:00:00,4497,3520684,6287.000000000000000,3225995,455.000000000000000,264765.000000000000000,4952,3785449,6742,3490760,11239,7011368
206,7/7/2021 15:00:00,4471,3525155,6419.000000000000000,3232414,483.000000000000000,265248.000000000000000,4954,3790403,6902,3497662,11373,7022741
207,7/8/2021 15:00:00,4836,3529991,6188.000000000000000,3238602,564.000000000000000,265812.000000000000000,5400,3795803,6752,3504414,11588,7034329
208,7/9/2021 15:00:00,5364,3535355,6680.000000000000000,3245282,573.000000000000000,266385.000000000000000,5937,3801740,7253,3511667,12617,7046946
209,7/10/2021 15:00:00,3523,3538878,4407.000000000000000,3249689,305.000000000000000,266690.000000000000000,3828,3805568,4712,3516379,8235,7055181
210,7/11/2021 15:00:00,2681,3541559,2577.000000000000000,3252266,227.000000000000000,266917.000000000000000,2908,3808476,2804,3519183,5485,7060666
211,7/12/2021 15:00:00,4426,3545985,5132.000000000000000,3257398,379.000000000000000,267296.000000000000000,4805,3813281,5511,3524694,9937,7070603
212,7/13/2021 15:00:00,4667,3550652,4728.000000000000000,3262126,366.000000000000000,267662.000000000000000,5033,3818314,5094,3529788,9761,7080364
213,7/14/2021 15:00:00,4626,3555278,5289.000000000000000,3267415,422.000000000000000,268084.000000000000000,5048,3823362,5711,3535499,10337,7090701
214,7/15/2021 15:00:00,4913,3560191,5021.000000000000000,3272436,358.000000000000000,268442.000000000000000,5271,3828633,5379,3540878,10292,7100993
215,7/16/2021 15:00:00,6274,3566465,5853.000000000000000,3278289,405.000000000000000,268847.000000000000000,6679,3835312,6258,3547136,12532,7113525
216,7/17/2021 15:00:00,3417,3569882,3555.000000000000000,3281844,303.000000000000000,269150.000000000000000,3720,3839032,3858,3550994,7275,7120800
217,7/18/2021 15:00:00,2311,3572193,2384.000000000000000,3284228,110.000000000000000,269260.000000000000000,2421,3841453,2494,3553488,4805,7125605
218,7/19/2021 15:00:00,5147,3577340,4616.000000000000000,3288844,383.000000000000000,269643.000000000000000,5530,3846983,4999,3558487,10146,7135751
219,7/20/2021 15:00:00,5346,3582686,4728.000000000000000,3293572,367.000000000000000,270010.000000000000000,5713,3852696,5095,3563582,10441,7146192
220,7/21/2021 15:00:00,5668,3588354,4957.000000000000000,3298529,416.000000000000000,270426.000000000000000,6084,3858780,5373,3568955,11041,7157233
221,7/22/2021 15:00:00,6033,3594387,4650.000000000000000,3303179,472.000000000000000,270898.000000000000000,6505,3865285,5122,3574077,11155,7168388
222,7/23/2021 15:00:00,6849,3601236,4851.000000000000000,3308030,499.000000000000000,271397.000000000000000,7348,3872633,5350,3579427,12199,7180587
223,7/24/2021 15:00:00,4284,3605520,3209.000000000000000,3311239,267.000000000000000,271664.000000000000000,4551,3877184,3476,3582903,7760,7188347
224,7/25/2021 15:00:00,3301,3608821,1122.000000000000000,3312361,140.000000000000000,271804.000000000000000,3441,3880625,1262,3584165,4563,7192910
225,7/26/2021 15:00:00,6221,3615042,3913.000000000000000,3316274,419.000000000000000,272223.000000000000000,6640,3887265,4332,3588497,10553,7203463
226,7/27/2021 15:00:00,6604,3621646,4295.000000000000000,3320569,458.000000000000000,272681.000000000000000,7062,3894327,4753,3593250,11357,7214820
227,7/28/2021 15:00:00,7091,3628737,4153.000000000000000,3324722,461.000000000000000,273142.000000000000000,7552,3901879,4614,3597864,11705,7226525
228,7/29/2021 15:00:00,7086,3635823,4313.000000000000000,3329035,419.000000000000000,273561.000000000000000,7505,3909384,4732,3602596,11818,7238343
229,7/30/2021 15:00:00,7827,3643650,4814.000000000000000,3333849,527.000000000000000,274088.000000000000000,8354,3917738,5341,3607937,13168,7251511
230,7/31/2021 15:00:00,4794,3648444,3083.000000000000000,3336932,274.000000000000000,274362.000000000000000,5068,3922806,3357,3611294,8151,7259662
231,8/1/2021 15:00:00,3913,3652357,2192.000000000000000,3339124,165.000000000000000,274527.000000000000000,4078,3926884,2357,3613651,6270,7265932
232,8/2/2021 15:00:00,7280,3659637,3852.000000000000000,3342976,342.000000000000000,274869.000000000000000,7622,3934506,4194,3617845,11474,7277406
233,8/3/2021 15:00:00,7276,3666913,4108.000000000000000,3347084,517.000000000000000,275386.000000000000000,7793,3942299,4625,3622470,11901,7289307
234,8/4/2021 15:00:00,7442,3674355,4128.000000000000000,3351212,536.000000000000000,275922.000000000000000,7978,3950277,4664,3627134,12106,7301413
235,8/5/2021 15:00:00,7965,3682320,4343.000000000000000,3355555,540.000000000000000,276462.000000000000000,8505,3958782,4883,3632017,12848,7314261
236,8/6/2021 15:00:00,8341,3690661,4743.000000000000000,3360298,454.000000000000000,276916.000000000000000,8795,3967577,5197,3637214,13538,7327799
237,8/7/2021 15:00:00,5305,3695966,2844.000000000000000,3363142,264.000000000000000,277180.000000000000000,5569,3973146,3108,3640322,8413,7336212
238,8/8/2021 15:00:00,3979,3699945,2063.000000000000000,3365205,146.000000000000000,277326.000000000000000,4125,3977271,2209,3642531,6188,7342400
239,8/9/2021 15:00:00,6960,3706905,4568.000000000000000,3369773,370.000000000000000,277696.000000000000000,7330,3984601,4938,3647469,11898,7354298
240,8/10/2021 15:00:00,7176,3714081,4498.000000000000000,3374271,340.000000000000000,278036.000000000000000,7516,3992117,4838,3652307,12014,7366312
241,8/11/2021 15:00:00,7107,3721188,4453.000000000000000,3378724,443.000000000000000,278479.000000000000000,7550,3999667,4896,3657203,12003,7378315
242,8/12/2021 15:00:00,8663,3729851,4769.000000000000000,3383493,445.000000000000000,278924.000000000000000,9108,4008775,5214,3662417,13877,7392192
243,8/13/2021 15:00:00,7182,3737033,5413.000000000000000,3388906,397.000000000000000,279321.000000000000000,7579,4016354,5810,3668227,12992,7405184
244,8/14/2021 15:00:00,4924,3741957,3349.000000000000000,3392255,285.000000000000000,279606.000000000000000,5209,4021563,3634,3671861,8558,7413742
245,8/15/2021 15:00:00,3328,3745285,2741.000000000000000,3394996,163.000000000000000,279769.000000000000000,3491,4025054,2904,3674765,6232,7419974
246,8/16/2021 15:00:00,5456,3750741,5094.000000000000000,3400090,354.000000000000000,280123.000000000000000,5810,4030864,5448,3680213,10904,7430878
247,8/17/2021 15:00:00,6822,3757563,5364.000000000000000,3405454,391.000000000000000,280514.000000000000000,7213,4038077,5755,3685968,12577,7443455
248,8/18/2021 15:00:00,6340,3763903,5515.000000000000000,3410969,481.000000000000000,280995.000000000000000,6821,4044898,5996,3691964,12336,7455791
249,8/19/2021 15:00:00,6232,3770135,5574.000000000000000,3416543,417.000000000000000,281412.000000000000000,6649,4051547,5991,3697955,12223,7468014
250,8/20/2021 15:00:00,6848,3776983,6559.000000000000000,3423102,401.000000000000000,281813.000000000000000,7249,4058796,6960,3704915,13808,7481822
251,8/21/2021 15:00:00,4342,3781325,3920.000000000000000,3427022,229.000000000000000,282042.000000000000000,4571,4063367,4149,3709064,8491,7490313
252,8/22/2021 15:00:00,3060,3784385,3170.000000000000000,3430192,110.000000000000000,282152.000000000000000,3170,4066537,3280,3712344,6340,7496653
253,8/23/2021 15:00:00,5998,3790383,6113.000000000000000,3436305,287.000000000000000,282439.000000000000000,6285,4072822,6400,3718744,12398,7509051
254,8/24/2021 15:00:00,6551,3796934,6079.000000000000000,3442384,425.000000000000000,282864.000000000000000,6976,4079798,6504,3725248,13055,7522106
255,8/25/2021 15:00:00,6731,3803665,6238.000000000000000,3448622,440.000000000000000,283304.000000000000000,7171,4086969,6678,3731926,13409,7535515
256,8/26/2021 15:00:00,6970,3810635,6663.000000000000000,3455285,428.000000000000000,283732.000000000000000,7398,4094367,7091,3739017,14061,7549576
257,8/27/2021 15:00:00,6835,3817470,7088.000000000000000,3462373,317.000000000000000,284049.000000000000000,7152,4101519,7405,3746422,14240,7563816
258,8/28/2021 15:00:00,6907,3824377,6529.000000000000000,3468902,326.000000000000000,284375.000000000000000,7233,4108752,6855,3753277,13762,7577578
259,8/29/2021 15:00:00,3739,3828116,3693.000000000000000,3472595,610.000000000000000,284985.000000000000000,4349,4113101,4303,3757580,8042,7585620
260,8/30/2021 15:00:00,5930,3834046,6136.000000000000000,3478731,960.000000000000000,285945.000000000000000,6890,4119991,7096,3764676,13026,7598646
261,8/31/2021 15:00:00,5903,3839949,6080.000000000000000,3484811,946.000000000000000,286891.000000000000000,6849,4126840,7026,3771702,12929,7611575
262,9/1/2021 15:00:00,5608,3845557,5732.000000000000000,3490543,918.000000000000000,287809.000000000000000,6526,4133366,6650,3778352,12258,7623833
263,9/2/2021 15:00:00,5525,3851082,5963.000000000000000,3496506,709.000000000000000,288518.000000000000000,6234,4139600,6672,3785024,12197,7636030
264,9/3/2021 15:00:00,6013,3857095,6948.000000000000000,3503454,977.000000000000000,289495.000000000000000,6990,4146590,7925,3792949,13938,7649968
265,9/4/2021 15:00:00,3733,3860828,4357.000000000000000,3507811,878.000000000000000,290373.000000000000000,4611,4151201,5235,3798184,8968,7658936
266,9/5/2021 15:00:00,2958,3863786,2813.000000000000000,3510624,106.000000000000000,290479.000000000000000,3064,4154265,2919,3801103,5877,7664813
267,9/6/2021 15:00:00,1059,3864845,1161.000000000000000,3511785,69.000000000000000,290548.000000000000000,1128,4155393,1230,3802333,2289,7667102
268,9/7/2021 15:00:00,5350,3870195,7305.000000000000000,3519090,2304.000000000000000,292852.000000000000000,7654,4163047,9609,3811942,14959,7682061
269,9/8/2021 15:00:00,4657,3874852,5492.000000000000000,3524582,364.000000000000000,293216.000000000000000,5021,4168068,5856,3817798,10513,7692574
270,9/9/2021 15:00:00,5021,3879873,5469.000000000000000,3530051,325.000000000000000,293541.000000000000000,5346,4173414,5794,3823592,10815,7703389
271,9/10/2021 15:00:00,6528,3886401,6673.000000000000000,3536724,1719.000000000000000,295260.000000000000000,8247,4181661,8392,3831984,14920,7718309
272,9/11/2021 15:00:00,4179,3890580,4348.000000000000000,3541072,666.000000000000000,295926.000000000000000,4845,4186506,5014,3836998,9193,7727502
273,9/12/2021 15:00:00,3172,3893752,3239.000000000000000,3544311,436.000000000000000,296362.000000000000000,3608,4190114,3675,3840673,6847,7734349
274,9/13/2021 15:00:00,4886,3898638,5075.000000000000000,3549386,347.000000000000000,296709.000000000000000,5233,4195347,5422,3846095,10308,7744657
275,9/14/2021 15:00:00,4777,3903415,5450.000000000000000,3554836,437.000000000000000,297146.000000000000000,5214,4200561,5887,3851982,10664,7755321
276,9/15/2021 15:00:00,5045,3908460,5892.000000000000000,3560728,392.000000000000000,297538.000000000000000,5437,4205998,6284,3858266,11329,7766650
277,9/16/2021 15:00:00,4811,3913271,5854.000000000000000,3566582,337.000000000000000,297875.000000000000000,5148,4211146,6191,3864457,11002,7777652
278,9/17/2021 15:00:00,5284,3918555,6586.000000000000000,3573168,344.000000000000000,298219.000000000000000,5628,4216774,6930,3871387,12214,7789866
279,9/18/2021 15:00:00,3823,3922378,4581.000000000000000,3577749,186.000000000000000,298405.000000000000000,4009,4220783,4767,3876154,8590,7798456
280,9/19/2021 15:00:00,2741,3925119,3177.000000000000000,3580926,75.000000000000000,298480.000000000000000,2816,4223599,3252,3879406,5993,7804449
281,9/20/2021 15:00:00,3752,3928871,4682.000000000000000,3585608,429.000000000000000,298909.000000000000000,4181,4227780,5111,3884517,8863,7813312
282,9/21/2021 15:00:00,4000,3932871,5015.000000000000000,3590623,327.000000000000000,299236.000000000000000,4327,4232107,5342,3889859,9342,7822654
283,9/22/2021 15:00:00,4190,3937061,4790.000000000000000,3595413,459.000000000000000,299695.000000000000000,4649,4236756,5249,3895108,9439,7832093
284,9/23/2021 15:00:00,4185,3941246,4732.000000000000000,3600145,492.000000000000000,300187.000000000000000,4677,4241433,5224,3900332,9409,7841502
285,9/24/2021 15:00:00,5090,3946336,5618.000000000000000,3605763,422.000000000000000,300609.000000000000000,5512,4246945,6040,3906372,11130,7852632
286,9/25/2021 15:00:00,3640,3949976,3630.000000000000000,3609393,384.000000000000000,300993.000000000000000,4024,4250969,4014,3910386,7654,7860286
287,9/26/2021 15:00:00,2348,3952324,2666.000000000000000,3612059,432.000000000000000,301425.000000000000000,2780,4253749,3098,3913484,5446,7865732
288,9/27/2021 15:00:00,4507,3956831,2711.000000000000000,3614770,512.000000000000000,301937.000000000000000,5019,4258768,3223,3916707,7730,7873462
289,9/28/2021 15:00:00,4406,3961237,4455.000000000000000,3619225,211.000000000000000,302148.000000000000000,4617,4263385,4666,3921373,9072,7882534
290,9/29/2021 15:00:00,4692,3965929,4522.000000000000000,3623747,920.000000000000000,303068.000000000000000,5612,4268997,5442,3926815,10134,7892668
291,9/30/2021 15:00:00,4892,3970821,4570.000000000000000,3628317,796.000000000000000,303864.000000000000000,5688,4274685,5366,3932181,10258,7902926
292,10/1/2021 15:00:00,5522,3976343,5357.000000000000000,3633674,785.000000000000000,304649.000000000000000,6307,4280992,6142,3938323,11664,7914590
293,10/2/2021 15:00:00,2946,3979289,2898.000000000000000,3636572,187.000000000000000,304836.000000000000000,3133,4284125,3085,3941408,6031,7920621
294,10/3/2021 15:00:00,2074,3981363,2379.000000000000000,3638951,86.000000000000000,304922.000000000000000,2160,4286285,2465,3943873,4539,7925160
295,10/4/2021 15:00:00,4027,3985390,3500.000000000000000,3642451,232.000000000000000,305154.000000000000000,4259,4290544,3732,3947605,7759,7932919
296,10/5/2021 15:00:00,3954,3989344,3662.000000000000000,3646113,207.000000000000000,305361.000000000000000,4161,4294705,3869,3951474,7823,7940742
297,10/6/2021 15:00:00,4023,3993367,3572.000000000000000,3649685,266.000000000000000,305627.000000000000000,4289,4298994,3838,3955312,7861,7948603
298,10/7/2021 15:00:00,4233,3997600,3629.000000000000000,3653314,332.000000000000000,305959.000000000000000,4565,4303559,3961,3959273,8194,7956797
299,10/8/2021 15:00:00,4776,4002376,4290.000000000000000,3657604,283.000000000000000,306242.000000000000000,5059,4308618,4573,3963846,9349,7966146
300,10/9/2021 15:00:00,2693,4005069,2678.000000000000000,3660282,270.000000000000000,306512.000000000000000,2963,4311581,2948,3966794,5641,7971787
301,10/10/2021 15:00:00,1860,4006929,1849.000000000000000,3662131,59.000000000000000,306571.000000000000000,1919,4313500,1908,3968702,3768,7975555
302,10/11/2021 15:00:00,4210,4011139,3313.000000000000000,3665444,250.000000000000000,306821.000000000000000,4460,4317960,3563,3972265,7773,7983328
303,10/12/2021 15:00:00,3601,4014740,3537.000000000000000,3668981,274.000000000000000,307095.000000000000000,3875,4321835,3811,3976076,7412,7990740
304,10/13/2021 15:00:00,3983,4018723,3458.000000000000000,3672439,346.000000000000000,307441.000000000000000,4329,4326164,3804,3979880,7787,7998527
305,10/14/2021 15:00:00,5165,4023888,5497.000000000000000,3677936,430.000000000000000,307871.000000000000000,5595,4331759,5927,3985807,11092,8009619
306,10/15/2021 15:00:00,4759,4028647,4605.000000000000000,3682541,347.000000000000000,308218.000000000000000,5106,4336865,4952,3990759,9711,8019330
307,10/16/2021 15:00:00,2495,4031142,2517.000000000000000,3685058,291.000000000000000,308509.000000000000000,2786,4339651,2808,3993567,5303,8024633
308,10/17/2021 15:00:00,1805,4032947,1774.000000000000000,3686832,55.000000000000000,308564.000000000000000,1860,4341511,1829,3995396,3634,8028267
309,10/18/2021 15:00:00,4280,4037227,3577.000000000000000,3690409,268.000000000000000,308832.000000000000000,4548,4346059,3845,3999241,8125,8036392
310,10/19/2021 15:00:00,4301,4041528,4007.000000000000000,3694416,223.000000000000000,309055.000000000000000,4524,4350583,4230,4003471,8531,8044923
311,10/20/2021 15:00:00,3541,4045069,3422.000000000000000,3697838,255.000000000000000,309310.000000000000000,3796,4354379,3677,4007148,7218,8052141
312,10/21/2021 15:00:00,3299,4048368,3275.000000000000000,3701113,291.000000000000000,309601.000000000000000,3590,4357969,3566,4010714,6865,8059006
313,10/22/2021 15:00:00,4683,4053051,4034.000000000000000,3705147,477.000000000000000,310078.000000000000000,5160,4363129,4511,4015225,9194,8068200
314,10/23/2021 15:00:00,2881,4055932,2115.000000000000000,3707262,321.000000000000000,310399.000000000000000,3202,4366331,2436,4017661,5317,8073517
315,10/24/2021 15:00:00,2055,4057987,1551.000000000000000,3708813,79.000000000000000,310478.000000000000000,2134,4368465,1630,4019291,3685,8077202
316,10/25/2021 15:00:00,4546,4062533,3068.000000000000000,3711881,320.000000000000000,310798.000000000000000,4866,4373331,3388,4022679,7934,8085136
317,10/26/2021 15:00:00,4514,4067047,3076.000000000000000,3714957,316.000000000000000,311114.000000000000000,4830,4378161,3392,4026071,7906,8093042
318,10/27/2021 15:00:00,4734,4071781,3338.000000000000000,3718295,436.000000000000000,311550.000000000000000,5170,4383331,3774,4029845,8508,8101550
319,10/28/2021 15:00:00,4569,4076350,3361.000000000000000,3721656,501.000000000000000,312051.000000000000000,5070,4388401,3862,4033707,8431,8109981
320,10/29/2021 15:00:00,4991,4081341,3919.000000000000000,3725575,395.000000000000000,312446.000000000000000,5386,4393787,4314,4038021,9305,8119286
321,10/30/2021 15:00:00,2629,4083970,1841.000000000000000,3727416,307.000000000000000,312753.000000000000000,2936,4396723,2148,4040169,4777,8124063
322,10/31/2021 15:00:00,1933,4085903,1518.000000000000000,3728934,93.000000000000000,312846.000000000000000,2026,4398749,1611,4041780,3544,8127607
323,11/1/2021 15:00:00,4728,4090631,3436.000000000000000,3732370,350.000000000000000,313196.000000000000000,5078,4403827,3786,4045566,8514,8136121
324,11/2/2021 15:00:00,4261,4094892,2942.000000000000000,3735312,409.000000000000000,313605.000000000000000,4670,4408497,3351,4048917,7612,8143733
325,11/3/2021 15:00:00,4666,4099558,3046.000000000000000,3738358,464.000000000000000,314069.000000000000000,5130,4413627,3510,4052427,8176,8151909
326,11/4/2021 15:00:00,6318,4105876,3367.000000000000000,3741725,512.000000000000000,314581.000000000000000,6830,4420457,3879,4056306,10197,8162106
327,11/5/2021 15:00:00,8244,4114120,3769.000000000000000,3745494,413.000000000000000,314994.000000000000000,8657,4429114,4182,4060488,12426,8174532
328,11/6/2021 15:00:00,10178,4124298,1971.000000000000000,3747465,308.000000000000000,315302.000000000000000,10486,4439600,2279,4062767,12457,8186989
329,11/7/2021 15:00:00,7717,4132015,1460.000000000000000,3748925,95.000000000000000,315397.000000000000000,7812,4447412,1555,4064322,9272,8196261
330,11/8/2021 15:00:00,11308,4143323,3048.000000000000000,3751973,379.000000000000000,315776.000000000000000,11687,4459099,3427,4067749,14735,8210996
331,11/9/2021 15:00:00,11763,4155086,2646.000000000000000,3754619,268.000000000000000,316044.000000000000000,12031,4471130,2914,4070663,14677,8225673
332,11/10/2021 15:00:00,12592,4167678,2761.000000000000000,3757380,339.000000000000000,316383.000000000000000,12931,4484061,3100,4073763,15692,8241365
333,11/11/2021 15:00:00,11373,4179051,2373.000000000000000,3759753,280.000000000000000,316663.000000000000000,11653,4495714,2653,4076416,14026,8255391
334,11/12/2021 15:00:00,12299,4191350,3359.000000000000000,3763112,548.000000000000000,317211.000000000000000,12847,4508561,3907,4080323,16206,8271597
335,11/13/2021 15:00:00,9900,4201250,1593.000000000000000,3764705,342.000000000000000,317553.000000000000000,10242,4518803,1935,4082258,11835,8283432
336,11/14/2021 15:00:00,4199,4205449,1114.000000000000000,3765819,121.000000000000000,317674.000000000000000,4320,4523123,1235,4083493,5434,8288866
337,11/15/2021 15:00:00,8631,4214080,2517.000000000000000,3768336,210.000000000000000,317884.000000000000000,8841,4531964,2727,4086220,11358,8300224
338,11/16/2021 15:00:00,9232,4223312,2505.000000000000000,3770841,257.000000000000000,318141.000000000000000,9489,4541453,2762,4088982,11994,8312218
339,11/17/2021 15:00:00,9389,4232701,2861.000000000000000,3773702,312.000000000000000,318453.000000000000000,9701,4551154,3173,4092155,12562,8324780
340,11/18/2021 15:00:00,9281,4241982,2622.000000000000000,3776324,481.000000000000000,318934.000000000000000,9762,4560916,3103,4095258,12384,8337164
341,11/19/2021 15:00:00,9809,4251791,2917.000000000000000,3779241,380.000000000000000,319314.000000000000000,10189,4571105,3297,4098555,13106,8350270
342,11/20/2021 15:00:00,10635,4262426,1603.000000000000000,3780844,455.000000000000000,319769.000000000000000,11090,4582195,2058,4100613,12693,8362963
343,11/21/2021 15:00:00,4341,4266767,1201.000000000000000,3782045,100.000000000000000,319869.000000000000000,4441,4586636,1301,4101914,5642,8368605
344,11/22/2021 15:00:00,9827,4276594,2502.000000000000000,3784547,293.000000000000000,320162.000000000000000,10120,4596756,2795,4104709,12622,8381227
345,11/23/2021 15:00:00,9216,4285810,2394.000000000000000,3786941,283.000000000000000,320445.000000000000000,9499,4606255,2677,4107386,11893,8393120
346,11/24/2021 15:00:00,8172,4293982,2435.000000000000000,3789376,216.000000000000000,320661.000000000000000,8388,4614643,2651,4110037,10823,8403943
347,11/25/2021 15:00:00,239,4294221,78.000000000000000,3789454,10.000000000000000,320671.000000000000000,249,4614892,88,4110125,327,8404270
348,11/26/2021 15:00:00,5647,4299868,3964.000000000000000,3793418,153.000000000000000,320824.000000000000000,5800,4620692,4117,4114242,9764,8414034
349,11/27/2021 15:00:00,3780,4303648,5481.000000000000000,3798899,134.000000000000000,320958.000000000000000,3914,4624606,5615,4119857,9395,8423429
350,11/28/2021 15:00:00,2413,4306061,6383.000000000000000,3805282,77.000000000000000,321035.000000000000000,2490,4627096,6460,4126317,8873,8432302
351,11/29/2021 15:00:00,6382,4312443,9300.000000000000000,3814582,379.000000000000000,321414.000000000000000,6761,4633857,9679,4135996,16061,8448363
352,11/30/2021 15:00:00,6258,4318701,9320.000000000000000,3823902,264.000000000000000,321678.000000000000000,6522,4640379,9584,4145580,15842,8464205
353,12/1/2021 15:00:00,7324,4326025,9732.000000000000000,3833634,309.000000000000000,321987.000000000000000,7633,4648012,10041,4155621,17365,8481570
354,12/2/2021 15:00:00,6929,4332954,8787.000000000000000,3842421,450.000000000000000,322437.000000000000000,7379,4655391,9237,4164858,16166,8497736
355,12/3/2021 15:00:00,7610,4340564,9268.000000000000000,3851689,251.000000000000000,322688.000000000000000,7861,4663252,9519,4174377,17129,8514865
356,12/4/2021 15:00:00,5949,4346513,10055.000000000000000,3861744,467.000000000000000,323155.000000000000000,6416,4669668,10522,4184899,16471,8531336
357,12/5/2021 15:00:00,3445,4349958,3548.000000000000000,3865292,78.000000000000000,323233.000000000000000,3523,4673191,3626,4188525,7071,8538407
358,12/6/2021 15:00:00,6769,4356727,7099.000000000000000,3872391,281.000000000000000,323514.000000000000000,7050,4680241,7380,4195905,14149,8552556
359,12/7/2021 15:00:00,6424,4363151,7044.000000000000000,3879435,250.000000000000000,323764.000000000000000,6674,4686915,7294,4203199,13718,8566274
360,12/8/2021 15:00:00,6943,4370094,7414.000000000000000,3886849,315.000000000000000,324079.000000000000000,7258,4694173,7729,4210928,14672,8580946
361,12/9/2021 15:00:00,6548,4376642,7028.000000000000000,3893877,398.000000000000000,324477.000000000000000,6946,4701119,7426,4218354,13974,8594920
362,12/10/2021 15:00:00,7291,4383933,7327.000000000000000,3901204,232.000000000000000,324709.000000000000000,7523,4708642,7559,4225913,14850,8609770
363,12/11/2021 15:00:00,4462,4388395,7679.000000000000000,3908883,333.000000000000000,325042.000000000000000,4795,4713437,8012,4233925,12474,8622244
364,12/12/2021 15:00:00,4002,4392397,2772.000000000000000,3911655,60.000000000000000,325102.000000000000000,4062,4717499,2832,4236757,6834,8629078
365,12/13/2021 15:00:00,5696,4398093,5768.000000000000000,3917423,243.000000000000000,325345.000000000000000,5939,4723438,6011,4242768,11707,8640785
366,12/14/2021 15:00:00,6466,4404559,5931.000000000000000,3923354,222.000000000000000,325567.000000000000000,6688,4730126,6153,4248921,12619,8653404
367,12/15/2021 15:00:00,7177,4411736,5723.000000000000000,3929077,258.000000000000000,325825.000000000000000,7435,4737561,5981,4254902,13158,8666562
368,12/16/2021 15:00:00,7898,4419634,2825.000000000000000,3931902,423.000000000000000,326248.000000000000000,8321,4745882,3248,4258150,11146,8677708
369,12/17/2021 15:00:00,7855,4427489,4163.000000000000000,3936065,195.000000000000000,326443.000000000000000,8050,4753932,4358,4262508,12213,8689921
370,12/18/2021 15:00:00,5844,4433333,3185.000000000000000,3939250,298.000000000000000,326741.000000000000000,6142,4760074,3483,4265991,9327,8699248
371,12/19/2021 15:00:00,3375,4436708,1342.000000000000000,3940592,37.000000000000000,326778.000000000000000,3412,4763486,1379,4267370,4754,8704002
372,12/20/2021 15:00:00,8100,4444808,3749.000000000000000,3944341,173.000000000000000,326951.000000000000000,8273,4771759,3922,4271292,12022,8716024
373,12/21/2021 15:00:00,8996,4453804,4166.000000000000000,3948507,175.000000000000000,327126.000000000000000,9171,4780930,4341,4275633,13337,8729361
374,12/22/2021 15:00:00,8702,4462506,3880.000000000000000,3952387,184.000000000000000,327310.000000000000000,8886,4789816,4064,4279697,12766,8742127
375,12/23/2021 15:00:00,8418,4470924,3575.000000000000000,3955962,359.000000000000000,327669.000000000000000,8777,4798593,3934,4283631,12352,8754479
376,12/24/2021 15:00:00,1636,4472560,1011.000000000000000,3956973,39.000000000000000,327708.000000000000000,1675,4800268,1050,4284681,2686,8757165
377,12/25/2021 15:00:00,47,4472607,36.000000000000000,3957009,1.000000000000000,327709.000000000000000,48,4800316,37,4284718,84,8757249
378,12/26/2021 15:00:00,2518,4475125,1745.000000000000000,3958754,44.000000000000000,327753.000000000000000,2562,4802878,1789,4286507,4307,8761556
379,12/27/2021 15:00:00,7221,4482346,4010.000000000000000,3962764,297.000000000000000,328050.000000000000000,7518,4810396,4307,4290814,11528,8773084
380,12/28/2021 15:00:00,7950,4490296,3861.000000000000000,3966625,178.000000000000000,328228.000000000000000,8128,4818524,4039,4294853,11989,8785073
381,12/29/2021 15:00:00,8247,4498543,4019.000000000000000,3970644,156.000000000000000,328384.000000000000000,8403,4826927,4175,4299028,12422,8797495
382,12/30/2021 15:00:00,7489,4506032,3794.000000000000000,3974438,290.000000000000000,328674.000000000000000,7779,4834706,4084,4303112,11573,8809068
383,12/31/2021 15:00:00,2579,4508611,1532.000000000000000,3975970,90.000000000000000,328764.000000000000000,2669,4837375,1622,4304734,4201,8813269
384,1/1/2022 15:00:00,738,4509349,349.000000000000000,3976319,34.000000000000000,328798.000000000000000,772,4838147,383,4305117,1121,8814390
385,1/2/2022 15:00:00,2216,4511565,1649.000000000000000,3977968,48.000000000000000,328846.000000000000000,2264,4840411,1697,4306814,3913,8818303
386,1/3/2022 15:00:00,3398,4514963,2068.000000000000000,3980036,222.000000000000000,329068.000000000000000,3620,4844031,2290,4309104,5688,8823991
387,1/4/2022 15:00:00,5857,4520820,3491.000000000000000,3983527,165.000000000000000,329233.000000000000000,6022,4850053,3656,4312760,9513,8833504
388,1/5/2022 15:00:00,6838,4527658,4698.000000000000000,3988225,175.000000000000000,329408.000000000000000,7013,4857066,4873,4317633,11711,8845215
389,1/6/2022 15:00:00,6784,4534442,4825.000000000000000,3993050,265.000000000000000,329673.000000000000000,7049,4864115,5090,4322723,11874,8857089
390,1/7/2022 15:00:00,6009,4540451,3788.000000000000000,3996838,162.000000000000000,329835.000000000000000,6171,4870286,3950,4326673,9959,8867048
391,1/8/2022 15:00:00,4810,4545261,3913.000000000000000,4000751,78.000000000000000,329913.000000000000000,4888,4875174,3991,4330664,8801,8875849
392,1/9/2022 15:00:00,2765,4548026,2017.000000000000000,4002768,154.000000000000000,330067.000000000000000,2919,4878093,2171,4332835,4936,8880785
393,1/10/2022 15:00:00,6358,4554384,3845.000000000000000,4006613,161.000000000000000,330228.000000000000000,6519,4884612,4006,4336841,10364,8891149
394,1/11/2022 15:00:00,6569,4560953,4262.000000000000000,4010875,142.000000000000000,330370.000000000000000,6711,4891323,4404,4341245,10973,8902122
395,1/12/2022 15:00:00,6831,4567784,4444.000000000000000,4015319,225.000000000000000,330595.000000000000000,7056,4898379,4669,4345914,11500,8913622
396,1/13/2022 15:00:00,6681,4574465,4387.000000000000000,4019706,153.000000000000000,330748.000000000000000,6834,4905213,4540,4350454,11221,8924843
397,1/14/2022 15:00:00,7237,4581702,3291.000000000000000,4022997,252.000000000000000,331000.000000000000000,7489,4912702,3543,4353997,10780,8935623
398,1/15/2022 15:00:00,4278,4585980,1696.000000000000000,4024693,71.000000000000000,331071.000000000000000,4349,4917051,1767,4355764,6045,8941668
399,1/16/2022 15:00:00,2219,4588199,1321.000000000000000,4026014,116.000000000000000,331187.000000000000000,2335,4919386,1437,4357201,3656,8945324
400,1/17/2022 15:00:00,3631,4591830,2370.000000000000000,4028384,74.000000000000000,331261.000000000000000,3705,4923091,2444,4359645,6075,8951399
401,1/18/2022 15:00:00,5303,4597133,4204.000000000000000,4032588,102.000000000000000,331363.000000000000000,5405,4928496,4306,4363951,9609,8961008
402,1/19/2022 15:00:00,5300,4602433,4480.000000000000000,4037068,99.000000000000000,331462.000000000000000,5399,4933895,4579,4368530,9879,8970887
403,1/20/2022 15:00:00,4532,4606965,3629.000000000000000,4040697,176.000000000000000,331638.000000000000000,4708,4938603,3805,4372335,8337,8979224
404,1/21/2022 15:00:00,5608,4612573,2938.000000000000000,4043635,126.000000000000000,331764.000000000000000,5734,4944337,3064,4375399,8672,8987896
405,1/22/2022 15:00:00,3465,4616038,1724.000000000000000,4045359,134.000000000000000,331898.000000000000000,3599,4947936,1858,4377257,5323,8993219
406,1/23/2022 15:00:00,2032,4618070,1493.000000000000000,4046852,30.000000000000000,331928.000000000000000,2062,4949998,1523,4378780,3555,8996774
407,1/24/2022 15:00:00,4126,4622196,2770.000000000000000,4049622,89.000000000000000,332017.000000000000000,4215,4954213,2859,4381639,6985,9003759
408,1/25/2022 15:00:00,3821,4626017,3315.000000000000000,4052937,95.000000000000000,332112.000000000000000,3916,4958129,3410,4385049,7231,9010990
409,1/26/2022 15:00:00,3882,4629899,3696.000000000000000,4056633,94.000000000000000,332206.000000000000000,3976,4962105,3790,4388839,7672,9018662
410,1/27/2022 15:00:00,3784,4633683,3924.000000000000000,4060557,187.000000000000000,332393.000000000000000,3971,4966076,4111,4392950,7895,9026557
411,1/28/2022 15:00:00,3863,4637546,3279.000000000000000,4063836,75.000000000000000,332468.000000000000000,3938,4970014,3354,4396304,7217,9033774
412,1/29/2022 15:00:00,2309,4639855,2295.000000000000000,4066131,117.000000000000000,332585.000000000000000,2426,4972440,2412,4398716,4721,9038495
413,1/30/2022 15:00:00,1564,4641419,1640.000000000000000,4067771,16.000000000000000,332601.000000000000000,1580,4974020,1656,4400372,3220,9041715
414,1/31/2022 15:00:00,3002,4644421,3238.000000000000000,4071009,58.000000000000000,332659.000000000000000,3060,4977080,3296,4403668,6298,9048013
415,2/1/2022 15:00:00,2650,4647071,3409.000000000000000,4074418,75.000000000000000,332734.000000000000000,2725,4979805,3484,4407152,6134,9054147
416,2/2/2022 15:00:00,2821,4649892,3722.000000000000000,4078140,77.000000000000000,332811.000000000000000,2898,4982703,3799,4410951,6620,9060767
417,2/3/2022 15:00:00,2764,4652656,3656.000000000000000,4081796,42.000000000000000,332853.000000000000000,2806,4985509,3698,4414649,6462,9067229
418,2/4/2022 15:00:00,2784,4655440,4378.000000000000000,4086174,128.000000000000000,332981.000000000000000,2912,4988421,4506,4419155,7290,9074519
419,2/5/2022 15:00:00,1926,4657366,2898.000000000000000,4089072,112.000000000000000,333093.000000000000000,2038,4990459,3010,4422165,4936,9079455
420,2/6/2022 15:00:00,1081,4658447,1351.000000000000000,4090423,24.000000000000000,333117.000000000000000,1105,4991564,1375,4423540,2456,9081911
421,2/7/2022 15:00:00,2070,4660517,2694.000000000000000,4093117,51.000000000000000,333168.000000000000000,2121,4993685,2745,4426285,4815,9086726
422,2/8/2022 15:00:00,2097,4662614,3088.000000000000000,4096205,63.000000000000000,333231.000000000000000,2160,4995845,3151,4429436,5248,9091974
423,2/9/2022 15:00:00,2209,4664823,3312.000000000000000,4099517,75.000000000000000,333306.000000000000000,2284,4998129,3387,4432823,5596,9097570
424,2/10/2022 15:00:00,2095,4666918,2868.000000000000000,4102385,55.000000000000000,333361.000000000000000,2150,5000279,2923,4435746,5018,9102588
425,2/11/2022 15:00:00,2473,4669391,3490.000000000000000,4105875,121.000000000000000,333482.000000000000000,2594,5002873,3611,4439357,6084,9108672
426,2/12/2022 15:00:00,1659,4671050,2276.000000000000000,4108151,97.000000000000000,333579.000000000000000,1756,5004629,2373,4441730,4032,9112704
427,2/13/2022 15:00:00,738,4671788,1085.000000000000000,4109236,17.000000000000000,333596.000000000000000,755,5005384,1102,4442832,1840,9114544
428,2/14/2022 15:00:00,1466,4673254,2239.000000000000000,4111475,65.000000000000000,333661.000000000000000,1531,5006915,2304,4445136,3770,9118314
429,2/15/2022 15:00:00,1942,4675196,2455.000000000000000,4113930,48.000000000000000,333709.000000000000000,1990,5008905,2503,4447639,4445,9122759
430,2/16/2022 15:00:00,1672,4676868,2418.000000000000000,4116348,52.000000000000000,333761.000000000000000,1724,5010629,2470,4450109,4142,9126901
431,2/17/2022 15:00:00,16855,4693723,13011.000000000000000,4129359,485.000000000000000,334246.000000000000000,17340,5027969,13496,4463605,30351,9157252
432,2/18/2022 15:00:00,1945,4695668,2517.000000000000000,4131876,49.000000000000000,334295.000000000000000,1994,5029963,2566,4466171,4511,9161763
433,2/19/2022 15:00:00,1215,4696883,1651.000000000000000,4133527,39.000000000000000,334334.000000000000000,1254,5031217,1690,4467861,2905,9164668
434,2/20/2022 15:00:00,703,4697586,833.000000000000000,4134360,15.000000000000000,334349.000000000000000,718,5031935,848,4468709,1551,9166219
435,2/21/2022 15:00:00,1256,4698842,1715.000000000000000,4136075,32.000000000000000,334381.000000000000000,1288,5033223,1747,4470456,3003,9169222
436,2/22/2022 15:00:00,747,4699589,1056.000000000000000,4137131,27.000000000000000,334408.000000000000000,774,5033997,1083,4471539,1830,9171052