OBJECTID,VACCINATION_DATE,FirstDailyDose,FirstDoseCumulative,SecondDailyDose,SecondDoseCumulative,SingleDailyDose,SingleDoseCumulative,AtleastOneVaccine,AtleastOneVaccineCumulative,CompletedVax,CompletedVaxCumulative,FirstSecondSingleVaccination_12,FirstSecondSingleVaccination_13
1,12/14/2020 15:00:00,19,1421,,525,,,19,1421,0,525,19,1841
2,12/15/2020 15:00:00,61,1482,3.000000000000000,528,,,61,1482,3,528,64,1905
3,12/16/2020 15:00:00,595,2077,5.000000000000000,533,,,595,2077,5,533,600,2505
4,12/17/2020 15:00:00,1165,3242,8.000000000000000,541,,,1165,3242,8,541,1173,3678
5,12/18/2020 15:00:00,3024,6266,12.000000000000000,553,,,3024,6266,12,553,3036,6714
6,12/19/2020 15:00:00,930,7196,6.000000000000000,559,,,930,7196,6,559,936,7650
7,12/20/2020 15:00:00,365,7561,6.000000000000000,565,,,365,7561,6,565,371,8021
8,12/21/2020 15:00:00,3890,11451,26.000000000000000,591,,,3890,11451,26,591,3916,11937
9,12/22/2020 15:00:00,6324,17775,28.000000000000000,619,,,6324,17775,28,619,6352,18289
10,12/23/2020 15:00:00,5786,23561,37.000000000000000,656,,,5786,23561,37,656,5823,24112
11,12/24/2020 15:00:00,2729,26290,15.000000000000000,671,,,2729,26290,15,671,2744,26856
12,12/25/2020 15:00:00,1035,27325,4.000000000000000,675,,,1035,27325,4,675,1039,27895
13,12/26/2020 15:00:00,1883,29208,10.000000000000000,685,,,1883,29208,10,685,1893,29788
14,12/27/2020 15:00:00,1802,31010,12.000000000000000,697,,,1802,31010,12,697,1814,31602
15,12/28/2020 15:00:00,8986,39996,51.000000000000000,748,,,8986,39996,51,748,9037,40639
16,12/29/2020 15:00:00,10970,50966,53.000000000000000,801,,,10970,50966,53,801,11023,51662
17,12/30/2020 15:00:00,12496,63462,92.000000000000000,893,,,12496,63462,92,893,12588,64250
18,12/31/2020 15:00:00,7555,71017,47.000000000000000,940,,,7555,71017,47,940,7602,71852
19,1/1/2021 15:00:00,3321,74338,144.000000000000000,1084,,,3321,74338,144,1084,3465,75317
20,1/2/2021 15:00:00,3046,77384,34.000000000000000,1118,,,3046,77384,34,1118,3080,78397
21,1/3/2021 15:00:00,3412,80796,82.000000000000000,1200,,,3412,80796,82,1200,3494,81891
22,1/4/2021 15:00:00,13368,94164,336.000000000000000,1536,,,13368,94164,336,1536,13704,95595
23,1/5/2021 15:00:00,12488,106652,549.000000000000000,2085,,,12488,106652,549,2085,13037,108632
24,1/6/2021 15:00:00,15269,121921,866.000000000000000,2951,,,15269,121921,866,2951,16135,124767
25,1/7/2021 15:00:00,15044,136965,1778.000000000000000,4729,,,15044,136965,1778,4729,16822,141589
26,1/8/2021 15:00:00,24014,160979,2787.000000000000000,7516,,,24014,160979,2787,7516,26801,168390
27,1/9/2021 15:00:00,5176,166155,956.000000000000000,8472,,,5176,166155,956,8472,6132,174522
28,1/10/2021 15:00:00,2972,169127,385.000000000000000,8857,,,2972,169127,385,8857,3357,177879
29,1/11/2021 15:00:00,13734,182861,3472.000000000000000,12329,,,13734,182861,3472,12329,17206,195085
30,1/12/2021 15:00:00,17395,200256,5593.000000000000000,17922,,,17395,200256,5593,17922,22988,218073
31,1/13/2021 15:00:00,18626,218882,3932.000000000000000,21854,,,18626,218882,3932,21854,22558,240631
32,1/14/2021 15:00:00,17860,236742,1964.000000000000000,23818,,,17860,236742,1964,23818,19824,260455
33,1/15/2021 15:00:00,19488,256230,2032.000000000000000,25850,,,19488,256230,2032,25850,21520,281975
34,1/16/2021 15:00:00,5842,262072,1617.000000000000000,27467,,,5842,262072,1617,27467,7459,289434
35,1/17/2021 15:00:00,2124,264196,1480.000000000000000,28947,,,2124,264196,1480,28947,3604,293038
36,1/18/2021 15:00:00,7082,271278,3263.000000000000000,32210,,,7082,271278,3263,32210,10345,303383
37,1/19/2021 15:00:00,16957,288235,5407.000000000000000,37617,,,16957,288235,5407,37617,22364,325747
38,1/20/2021 15:00:00,21011,309246,5326.000000000000000,42943,,,21011,309246,5326,42943,26337,352084
39,1/21/2021 15:00:00,23818,333064,3852.000000000000000,46795,,,23818,333064,3852,46795,27670,379754
40,1/22/2021 15:00:00,28657,361721,3761.000000000000000,50556,,,28657,361721,3761,50556,32418,412172
41,1/23/2021 15:00:00,10127,371848,1944.000000000000000,52500,,,10127,371848,1944,52500,12071,424243
42,1/24/2021 15:00:00,3358,375206,1723.000000000000000,54223,,,3358,375206,1723,54223,5081,429324
43,1/25/2021 15:00:00,16310,391516,8609.000000000000000,62832,,,16310,391516,8609,62832,24919,454243
44,1/26/2021 15:00:00,17565,409081,8980.000000000000000,71812,,,17565,409081,8980,71812,26545,480788
45,1/27/2021 15:00:00,24439,433520,12561.000000000000000,84373,,,24439,433520,12561,84373,37000,517788
46,1/28/2021 15:00:00,22662,456182,9332.000000000000000,93705,,,22662,456182,9332,93705,31994,549782
47,1/29/2021 15:00:00,24787,480969,7930.000000000000000,101635,,,24787,480969,7930,101635,32717,582499
48,1/30/2021 15:00:00,17779,498748,2569.000000000000000,104204,,,17779,498748,2569,104204,20348,602847
49,1/31/2021 15:00:00,3765,502513,1372.000000000000000,105576,,,3765,502513,1372,105576,5137,607984
50,2/1/2021 15:00:00,8137,510650,5401.000000000000000,110977,,,8137,510650,5401,110977,13538,621522
51,2/2/2021 15:00:00,12514,523164,13833.000000000000000,124810,,,12514,523164,13833,124810,26347,647869
52,2/3/2021 15:00:00,18264,541428,18140.000000000000000,142950,,,18264,541428,18140,142950,36404,684273
53,2/4/2021 15:00:00,22138,563566,15798.000000000000000,158748,,,22138,563566,15798,158748,37936,722209
54,2/5/2021 15:00:00,20408,583974,17439.000000000000000,176187,,,20408,583974,17439,176187,37847,760056
55,2/6/2021 15:00:00,11371,595345,14534.000000000000000,190721,,,11371,595345,14534,190721,25905,785961
56,2/7/2021 15:00:00,5987,601332,1945.000000000000000,192666,,,5987,601332,1945,192666,7932,793893
57,2/8/2021 15:00:00,13012,614344,12974.000000000000000,205640,,,13012,614344,12974,205640,25986,819879
58,2/9/2021 15:00:00,16665,631009,13881.000000000000000,219521,,,16665,631009,13881,219521,30546,850425
59,2/10/2021 15:00:00,19321,650330,21315.000000000000000,240836,,,19321,650330,21315,240836,40636,891061
60,2/11/2021 15:00:00,22947,673277,17378.000000000000000,258214,,,22947,673277,17378,258214,40325,931386
61,2/12/2021 15:00:00,20426,693703,19671.000000000000000,277885,,,20426,693703,19671,277885,40097,971483
62,2/13/2021 15:00:00,11471,705174,6425.000000000000000,284310,,,11471,705174,6425,284310,17896,989379
63,2/14/2021 15:00:00,7120,712294,2136.000000000000000,286446,,,7120,712294,2136,286446,9256,998635
64,2/15/2021 15:00:00,11770,724064,13343.000000000000000,299789,,,11770,724064,13343,299789,25113,1023748
65,2/16/2021 15:00:00,16656,740720,21031.000000000000000,320820,,,16656,740720,21031,320820,37687,1061435
66,2/17/2021 15:00:00,20675,761395,26380.000000000000000,347200,,,20675,761395,26380,347200,47055,1108490
67,2/18/2021 15:00:00,3205,764600,4623.000000000000000,351823,,,3205,764600,4623,351823,7828,1116318
68,2/19/2021 15:00:00,10258,774858,19930.000000000000000,371753,,,10258,774858,19930,371753,30188,1146506
69,2/20/2021 15:00:00,10322,785180,20299.000000000000000,392052,,,10322,785180,20299,392052,30621,1177127
70,2/21/2021 15:00:00,6188,791368,7664.000000000000000,399716,,,6188,791368,7664,399716,13852,1190979
71,2/22/2021 15:00:00,8035,799403,15484.000000000000000,415200,,,8035,799403,15484,415200,23519,1214498
72,2/23/2021 15:00:00,15544,814947,15977.000000000000000,431177,,,15544,814947,15977,431177,31521,1246019
73,2/24/2021 15:00:00,18000,832947,24844.000000000000000,456021,,,18000,832947,24844,456021,42844,1288863
74,2/25/2021 15:00:00,20388,853335,26584.000000000000000,482605,,,20388,853335,26584,482605,46972,1335835
75,2/26/2021 15:00:00,26696,880031,26277.000000000000000,508882,,,26696,880031,26277,508882,52973,1388808
76,2/27/2021 15:00:00,16033,896064,11158.000000000000000,520040,,,16033,896064,11158,520040,27191,1415999
77,2/28/2021 15:00:00,15518,911582,4890.000000000000000,524930,,,15518,911582,4890,524930,20408,1436407
78,3/1/2021 15:00:00,27123,938705,12646.000000000000000,537576,,,27123,938705,12646,537576,39769,1476176
79,3/2/2021 15:00:00,23986,962691,13296.000000000000000,550872,36.000000000000000,36.000000000000000,24022,962727,13332,550908,37318,1513494
80,3/3/2021 15:00:00,30228,992919,18411.000000000000000,569283,190.000000000000000,226.000000000000000,30418,993145,18601,569509,48829,1562323
81,3/4/2021 15:00:00,31001,1023920,18247.000000000000000,587530,4068.000000000000000,4294.000000000000000,35069,1028214,22315,591824,53316,1615639
82,3/5/2021 15:00:00,30080,1054000,19758.000000000000000,607288,4909.000000000000000,9203.000000000000000,34989,1063203,24667,616491,54747,1670386
83,3/6/2021 15:00:00,18990,1072990,9534.000000000000000,616822,6009.000000000000000,15212.000000000000000,24999,1088202,15543,632034,34533,1704919
84,3/7/2021 15:00:00,12149,1085139,4928.000000000000000,621750,6610.000000000000000,21822.000000000000000,18759,1106961,11538,643572,23687,1728606
85,3/8/2021 15:00:00,25923,1111062,8860.000000000000000,630610,8273.000000000000000,30095.000000000000000,34196,1141157,17133,660705,43056,1771662
86,3/9/2021 15:00:00,26145,1137207,15489.000000000000000,646099,8342.000000000000000,38437.000000000000000,34487,1175644,23831,684536,49976,1821638
87,3/10/2021 15:00:00,29886,1167093,16045.000000000000000,662144,7937.000000000000000,46374.000000000000000,37823,1213467,23982,708518,53868,1875506
88,3/11/2021 15:00:00,36011,1203104,16417.000000000000000,678561,3982.000000000000000,50356.000000000000000,39993,1253460,20399,728917,56410,1931916
89,3/12/2021 15:00:00,36902,1240006,18145.000000000000000,696706,2928.000000000000000,53284.000000000000000,39830,1293290,21073,749990,57975,1989891
90,3/13/2021 15:00:00,22671,1262677,10330.000000000000000,707036,1629.000000000000000,54913.000000000000000,24300,1317590,11959,761949,34630,2024521
91,3/14/2021 15:00:00,17830,1280507,6736.000000000000000,713772,1008.000000000000000,55921.000000000000000,18838,1336428,7744,769693,25574,2050095
92,3/15/2021 15:00:00,29878,1310385,11354.000000000000000,725126,598.000000000000000,56519.000000000000000,30476,1366904,11952,781645,41830,2091925
93,3/16/2021 15:00:00,33470,1343855,13585.000000000000000,738711,770.000000000000000,57289.000000000000000,34240,1401144,14355,796000,47825,2139750
94,3/17/2021 15:00:00,37622,1381477,17076.000000000000000,755787,1181.000000000000000,58470.000000000000000,38803,1439947,18257,814257,55879,2195629
95,3/18/2021 15:00:00,41471,1422948,12683.000000000000000,768470,1354.000000000000000,59824.000000000000000,42825,1482772,14037,828294,55508,2251137
96,3/19/2021 15:00:00,38373,1461321,15435.000000000000000,783905,1045.000000000000000,60869.000000000000000,39418,1522190,16480,844774,54853,2305990
97,3/20/2021 15:00:00,24720,1486041,10229.000000000000000,794134,704.000000000000000,61573.000000000000000,25424,1547614,10933,855707,35653,2341643
98,3/21/2021 15:00:00,19187,1505228,7899.000000000000000,802033,338.000000000000000,61911.000000000000000,19525,1567139,8237,863944,27424,2369067
99,3/22/2021 15:00:00,32605,1537833,11502.000000000000000,813535,835.000000000000000,62746.000000000000000,33440,1600579,12337,876281,44942,2414009
100,3/23/2021 15:00:00,38407,1576240,17854.000000000000000,831389,1556.000000000000000,64302.000000000000000,39963,1640542,19410,895691,57817,2471826
101,3/24/2021 15:00:00,41079,1617319,21250.000000000000000,852639,1388.000000000000000,65690.000000000000000,42467,1683009,22638,918329,63717,2535543
102,3/25/2021 15:00:00,42906,1660225,21725.000000000000000,874364,2457.000000000000000,68147.000000000000000,45363,1728372,24182,942511,67088,2602631
103,3/26/2021 15:00:00,36375,1696600,26713.000000000000000,901077,2495.000000000000000,70642.000000000000000,38870,1767242,29208,971719,65583,2668214
104,3/27/2021 15:00:00,26469,1723069,17321.000000000000000,918398,2491.000000000000000,73133.000000000000000,28960,1796202,19812,991531,46281,2714495
105,3/28/2021 15:00:00,17010,1740079,12686.000000000000000,931084,1615.000000000000000,74748.000000000000000,18625,1814827,14301,1005832,31311,2745806
106,3/29/2021 15:00:00,29718,1769797,26383.000000000000000,957467,1142.000000000000000,75890.000000000000000,30860,1845687,27525,1033357,57243,2803049
107,3/30/2021 15:00:00,40055,1809852,29079.000000000000000,986546,1866.000000000000000,77756.000000000000000,41921,1887608,30945,1064302,71000,2874049
108,3/31/2021 15:00:00,41016,1850868,34745.000000000000000,1021291,5750.000000000000000,83506.000000000000000,46766,1934374,40495,1104797,81511,2955560
109,4/1/2021 15:00:00,42404,1893272,41126.000000000000000,1062417,5750.000000000000000,89256.000000000000000,48154,1982528,46876,1151673,89280,3044840
110,4/2/2021 15:00:00,34919,1928191,32732.000000000000000,1095149,6131.000000000000000,95387.000000000000000,41050,2023578,38863,1190536,73782,3118622
111,4/3/2021 15:00:00,21163,1949354,19229.000000000000000,1114378,4393.000000000000000,99780.000000000000000,25556,2049134,23622,1214158,44785,3163407
112,4/4/2021 15:00:00,8296,1957650,10219.000000000000000,1124597,968.000000000000000,100748.000000000000000,9264,2058398,11187,1225345,19483,3182890
113,4/5/2021 15:00:00,27950,1985600,28976.000000000000000,1153573,6661.000000000000000,107409.000000000000000,34611,2093009,35637,1260982,63587,3246477
114,4/6/2021 15:00:00,39797,2025397,30506.000000000000000,1184079,10502.000000000000000,117911.000000000000000,50299,2143308,41008,1301990,80805,3327282
115,4/7/2021 15:00:00,36103,2061500,34354.000000000000000,1218433,12997.000000000000000,130908.000000000000000,49100,2192408,47351,1349341,83454,3410736
116,4/8/2021 15:00:00,42357,2103857,36155.000000000000000,1254588,13871.000000000000000,144779.000000000000000,56228,2248636,50026,1399367,92383,3503119
117,4/9/2021 15:00:00,34067,2137924,36335.000000000000000,1290923,14532.000000000000000,159311.000000000000000,48599,2297235,50867,1450234,84934,3588053
118,4/10/2021 15:00:00,23470,2161394,23154.000000000000000,1314077,7642.000000000000000,166953.000000000000000,31112,2328347,30796,1481030,54266,3642319
119,4/11/2021 15:00:00,17581,2178975,13286.000000000000000,1327363,10124.000000000000000,177077.000000000000000,27705,2356052,23410,1504440,40991,3683310
120,4/12/2021 15:00:00,24582,2203557,33251.000000000000000,1360614,10904.000000000000000,187981.000000000000000,35486,2391538,44155,1548595,68737,3752047
121,4/13/2021 15:00:00,126147,2329704,91310.000000000000000,1451924,3293.000000000000000,191274.000000000000000,129440,2520978,94603,1643198,220750,3972797
122,4/14/2021 15:00:00,40725,2370429,37839.000000000000000,1489763,213.000000000000000,191487.000000000000000,40938,2561916,38052,1681250,78777,4051574
123,4/15/2021 15:00:00,41411,2411840,39572.000000000000000,1529335,176.000000000000000,191663.000000000000000,41587,2603503,39748,1720998,81159,4132733
124,4/16/2021 15:00:00,37143,2448983,38890.000000000000000,1568225,24.000000000000000,191687.000000000000000,37167,2640670,38914,1759912,76057,4208790
125,4/17/2021 15:00:00,32806,2481789,22036.000000000000000,1590261,13.000000000000000,191700.000000000000000,32819,2673489,22049,1781961,54855,4263645
126,4/18/2021 15:00:00,20065,2501854,16206.000000000000000,1606467,5.000000000000000,191705.000000000000000,20070,2693559,16211,1798172,36276,4299921
127,4/19/2021 15:00:00,29886,2531740,36567.000000000000000,1643034,61.000000000000000,191766.000000000000000,29947,2723506,36628,1834800,66514,4366435
128,4/20/2021 15:00:00,32931,2564671,44485.000000000000000,1687519,58.000000000000000,191824.000000000000000,32989,2756495,44543,1879343,77474,4443909
129,4/21/2021 15:00:00,39830,2604501,47075.000000000000000,1734594,26.000000000000000,191850.000000000000000,39856,2796351,47101,1926444,86931,4530840
130,4/22/2021 15:00:00,35852,2640353,42687.000000000000000,1777281,16.000000000000000,191866.000000000000000,35868,2832219,42703,1969147,78555,4609395
131,4/23/2021 15:00:00,33146,2673499,40167.000000000000000,1817448,14.000000000000000,191880.000000000000000,33160,2865379,40181,2009328,73327,4682722
132,4/24/2021 15:00:00,26414,2699913,27919.000000000000000,1845367,81.000000000000000,191961.000000000000000,26495,2891874,28000,2037328,54414,4737136
133,4/25/2021 15:00:00,20217,2720130,10994.000000000000000,1856361,31.000000000000000,191992.000000000000000,20248,2912122,11025,2048353,31242,4768378
134,4/26/2021 15:00:00,27386,2747516,32751.000000000000000,1889112,201.000000000000000,192193.000000000000000,27587,2939709,32952,2081305,60338,4828716
135,4/27/2021 15:00:00,26677,2774193,33096.000000000000000,1922208,1097.000000000000000,193290.000000000000000,27774,2967483,34193,2115498,60870,4889586
136,4/28/2021 15:00:00,28925,2803118,39558.000000000000000,1961766,1367.000000000000000,194657.000000000000000,30292,2997775,40925,2156423,69850,4959436
137,4/29/2021 15:00:00,27068,2830186,39767.000000000000000,2001533,1463.000000000000000,196120.000000000000000,28531,3026306,41230,2197653,68298,5027734
138,4/30/2021 15:00:00,28200,2858386,32296.000000000000000,2033829,1650.000000000000000,197770.000000000000000,29850,3056156,33946,2231599,62146,5089880
139,5/1/2021 15:00:00,20731,2879117,26727.000000000000000,2060556,1054.000000000000000,198824.000000000000000,21785,3077941,27781,2259380,48512,5138392
140,5/2/2021 15:00:00,10269,2889386,17071.000000000000000,2077627,822.000000000000000,199646.000000000000000,11091,3089032,17893,2277273,28162,5166554
141,5/3/2021 15:00:00,12730,2902116,28615.000000000000000,2106242,1917.000000000000000,201563.000000000000000,14647,3103679,30532,2307805,43262,5209816
142,5/4/2021 15:00:00,13563,2915679,38635.000000000000000,2144877,1741.000000000000000,203304.000000000000000,15304,3118983,40376,2348181,53939,5263755
143,5/5/2021 15:00:00,19320,2934999,37773.000000000000000,2182650,1921.000000000000000,205225.000000000000000,21241,3140224,39694,2387875,59014,5322769
144,5/6/2021 15:00:00,16920,2951919,40596.000000000000000,2223246,1722.000000000000000,206947.000000000000000,18642,3158866,42318,2430193,59238,5382007
145,5/7/2021 15:00:00,17585,2969504,37009.000000000000000,2260255,1959.000000000000000,208906.000000000000000,19544,3178410,38968,2469161,56553,5438560
146,5/8/2021 15:00:00,10796,2980300,31225.000000000000000,2291480,1291.000000000000000,210197.000000000000000,12087,3190497,32516,2501677,43312,5481872
147,5/9/2021 15:00:00,5077,2985377,12251.000000000000000,2303731,695.000000000000000,210892.000000000000000,5772,3196269,12946,2514623,18023,5499895
148,5/10/2021 15:00:00,8952,2994329,31054.000000000000000,2334785,1362.000000000000000,212254.000000000000000,10314,3206583,32416,2547039,41368,5541263
149,5/11/2021 15:00:00,12187,3006516,30288.000000000000000,2365073,1442.000000000000000,213696.000000000000000,13629,3220212,31730,2578769,43917,5585180
150,5/12/2021 15:00:00,13950,3020466,38631.000000000000000,2403704,1918.000000000000000,215614.000000000000000,15868,3236080,40549,2619318,54499,5639679
151,5/13/2021 15:00:00,21840,3042306,33514.000000000000000,2437218,1347.000000000000000,216961.000000000000000,23187,3259267,34861,2654179,56701,5696380
152,5/14/2021 15:00:00,24395,3066701,30060.000000000000000,2467278,1774.000000000000000,218735.000000000000000,26169,3285436,31834,2686013,56229,5752609
153,5/15/2021 15:00:00,21947,3088648,25112.000000000000000,2492390,1489.000000000000000,220224.000000000000000,23436,3308872,26601,2712614,48548,5801157
154,5/16/2021 15:00:00,9092,3097740,17584.000000000000000,2509974,1113.000000000000000,221337.000000000000000,10205,3319077,18697,2731311,27789,5828946
155,5/17/2021 15:00:00,16838,3114578,28415.000000000000000,2538389,1950.000000000000000,223287.000000000000000,18788,3337865,30365,2761676,47203,5876149
156,5/18/2021 15:00:00,21265,3135843,30694.000000000000000,2569083,1942.000000000000000,225229.000000000000000,23207,3361072,32636,2794312,53901,5930050
157,5/19/2021 15:00:00,27666,3163509,32434.000000000000000,2601517,1631.000000000000000,226860.000000000000000,29297,3390369,34065,2828377,61731,5991781
158,5/20/2021 15:00:00,20807,3184316,33277.000000000000000,2634794,1964.000000000000000,228824.000000000000000,22771,3413140,35241,2863618,56048,6047829
159,5/21/2021 15:00:00,19164,3203480,30360.000000000000000,2665154,1608.000000000000000,230432.000000000000000,20772,3433912,31968,2895586,51132,6098961
160,5/22/2021 15:00:00,16940,3220420,20698.000000000000000,2685852,1270.000000000000000,231702.000000000000000,18210,3452122,21968,2917554,38908,6137869
161,5/23/2021 15:00:00,8816,3229236,11451.000000000000000,2697303,965.000000000000000,232667.000000000000000,9781,3461903,12416,2929970,21232,6159101
162,5/24/2021 15:00:00,13568,3242804,17778.000000000000000,2715081,1473.000000000000000,234140.000000000000000,15041,3476944,19251,2949221,32819,6191920
163,5/25/2021 15:00:00,13074,3255878,18719.000000000000000,2733800,1329.000000000000000,235469.000000000000000,14403,3491347,20048,2969269,33122,6225042
164,5/26/2021 15:00:00,18312,3274190,19518.000000000000000,2753318,1512.000000000000000,236981.000000000000000,19824,3511171,21030,2990299,39342,6264384
165,5/27/2021 15:00:00,11688,3285878,18674.000000000000000,2771992,1116.000000000000000,238097.000000000000000,12804,3523975,19790,3010089,31478,6295862
166,5/28/2021 15:00:00,12417,3298295,19854.000000000000000,2791846,1402.000000000000000,239499.000000000000000,13819,3537794,21256,3031345,33673,6329535
167,5/29/2021 15:00:00,9517,3307812,11726.000000000000000,2803572,937.000000000000000,240436.000000000000000,10454,3548248,12663,3044008,22180,6351715
168,5/30/2021 15:00:00,4968,3312780,6436.000000000000000,2810008,596.000000000000000,241032.000000000000000,5564,3553812,7032,3051040,12000,6363715
169,5/31/2021 15:00:00,1779,3314559,3712.000000000000000,2813720,305.000000000000000,241337.000000000000000,2084,3555896,4017,3055057,5796,6369511
170,6/1/2021 15:00:00,9865,3324424,16453.000000000000000,2830173,1160.000000000000000,242497.000000000000000,11025,3566921,17613,3072670,27478,6396989
171,6/2/2021 15:00:00,10235,3334659,16822.000000000000000,2846995,961.000000000000000,243458.000000000000000,11196,3578117,17783,3090453,28018,6425007
172,6/3/2021 15:00:00,7898,3342557,21189.000000000000000,2868184,1087.000000000000000,244545.000000000000000,8985,3587102,22276,3112729,30174,6455181
173,6/4/2021 15:00:00,8197,3350754,22358.000000000000000,2890542,1120.000000000000000,245665.000000000000000,9317,3596419,23478,3136207,31675,6486856
174,6/5/2021 15:00:00,7002,3357756,19474.000000000000000,2910016,720.000000000000000,246385.000000000000000,7722,3604141,20194,3156401,27196,6514052
175,6/6/2021 15:00:00,3455,3361211,7255.000000000000000,2917271,424.000000000000000,246809.000000000000000,3879,3608020,7679,3164080,11134,6525186
176,6/7/2021 15:00:00,6861,3368072,15791.000000000000000,2933062,725.000000000000000,247534.000000000000000,7586,3615606,16516,3180596,23377,6548563
177,6/8/2021 15:00:00,6670,3374742,19735.000000000000000,2952797,830.000000000000000,248364.000000000000000,7500,3623106,20565,3201161,27235,6575798
178,6/9/2021 15:00:00,8202,3382944,23991.000000000000000,2976788,968.000000000000000,249332.000000000000000,9170,3632276,24959,3226120,33161,6608959
179,6/10/2021 15:00:00,7150,3390094,19141.000000000000000,2995929,895.000000000000000,250227.000000000000000,8045,3640321,20036,3246156,27186,6636145
180,6/11/2021 15:00:00,7489,3397583,17727.000000000000000,3013656,1125.000000000000000,251352.000000000000000,8614,3648935,18852,3265008,26341,6662486
181,6/12/2021 15:00:00,5244,3402827,14770.000000000000000,3028426,605.000000000000000,251957.000000000000000,5849,3654784,15375,3280383,20619,6683105
182,6/13/2021 15:00:00,1947,3404774,7633.000000000000000,3036059,427.000000000000000,252384.000000000000000,2374,3657158,8060,3288443,10007,6693112
183,6/14/2021 15:00:00,5654,3410428,11824.000000000000000,3047883,733.000000000000000,253117.000000000000000,6387,3663545,12557,3301000,18211,6711323
184,6/15/2021 15:00:00,5644,3416072,14344.000000000000000,3062227,873.000000000000000,253990.000000000000000,6517,3670062,15217,3316217,20861,6732184
185,6/16/2021 15:00:00,8757,3424829,21594.000000000000000,3083821,757.000000000000000,254747.000000000000000,9514,3679576,22351,3338568,31108,6763292
186,6/17/2021 15:00:00,6690,3431519,12366.000000000000000,3096187,720.000000000000000,255467.000000000000000,7410,3686986,13086,3351654,19776,6783068
187,6/18/2021 15:00:00,6835,3438354,12742.000000000000000,3108929,702.000000000000000,256169.000000000000000,7537,3694523,13444,3365098,20279,6803347
188,6/19/2021 15:00:00,4660,3443014,9385.000000000000000,3118314,615.000000000000000,256784.000000000000000,5275,3699798,10000,3375098,14660,6818007
189,6/20/2021 15:00:00,2503,3445517,5060.000000000000000,3123374,377.000000000000000,257161.000000000000000,2880,3702678,5437,3380535,7940,6825947
190,6/21/2021 15:00:00,5565,3451082,5339.000000000000000,3128713,635.000000000000000,257796.000000000000000,6200,3708878,5974,3386509,11539,6837486
191,6/22/2021 15:00:00,5344,3456426,9057.000000000000000,3137770,693.000000000000000,258489.000000000000000,6037,3714915,9750,3396259,15094,6852580
192,6/23/2021 15:00:00,6079,3462505,10339.000000000000000,3148109,646.000000000000000,259135.000000000000000,6725,3721640,10985,3407244,17064,6869644
193,6/24/2021 15:00:00,5938,3468443,8201.000000000000000,3156310,595.000000000000000,259730.000000000000000,6533,3728173,8796,3416040,14734,6884378
194,6/25/2021 15:00:00,5828,3474271,8668.000000000000000,3164978,620.000000000000000,260350.000000000000000,6448,3734621,9288,3425328,15116,6899494
195,6/26/2021 15:00:00,3706,3477977,6308.000000000000000,3171286,398.000000000000000,260748.000000000000000,4104,3738725,6706,3432034,10412,6909906
196,6/27/2021 15:00:00,2809,3480786,3525.000000000000000,3174811,185.000000000000000,260933.000000000000000,2994,3741719,3710,3435744,6519,6916425
197,6/28/2021 15:00:00,4923,3485709,6390.000000000000000,3181201,539.000000000000000,261472.000000000000000,5462,3747181,6929,3442673,11852,6928277
198,6/29/2021 15:00:00,5062,3490771,6481.000000000000000,3187682,523.000000000000000,261995.000000000000000,5585,3752766,7004,3449677,12066,6940343
199,6/30/2021 15:00:00,5627,3496398,7390.000000000000000,3195072,606.000000000000000,262601.000000000000000,6233,3758999,7996,3457673,13623,6953966
200,7/1/2021 15:00:00,5423,3501821,6992.000000000000000,3202064,504.000000000000000,263105.000000000000000,5927,3764926,7496,3465169,12919,6966885
201,7/2/2021 15:00:00,5293,3507114,6845.000000000000000,3208909,526.000000000000000,263631.000000000000000,5819,3770745,7371,3472540,12664,6979549
202,7/3/2021 15:00:00,3273,3510387,4069.000000000000000,3212978,264.000000000000000,263895.000000000000000,3537,3774282,4333,3476873,7606,6987155
203,7/4/2021 15:00:00,494,3510881,550.000000000000000,3213528,68.000000000000000,263963.000000000000000,562,3774844,618,3477491,1112,6988267
204,7/5/2021 15:00:00,3771,3514652,3955.000000000000000,3217483,287.000000000000000,264250.000000000000000,4058,3778902,4242,3481733,8013,6996280
205,7/6/2021 15:00:00,4497,3519149,6281.000000000000000,3223764,455.000000000000000,264705.000000000000000,4952,3783854,6736,3488469,11233,7007513
206,7/7/2021 15:00:00,4471,3523620,6415.000000000000000,3230179,483.000000000000000,265188.000000000000000,4954,3788808,6898,3495367,11369,7018882
207,7/8/2021 15:00:00,4839,3528459,6180.000000000000000,3236359,564.000000000000000,265752.000000000000000,5403,3794211,6744,3502111,11583,7030465
208,7/9/2021 15:00:00,5368,3533827,6673.000000000000000,3243032,573.000000000000000,266325.000000000000000,5941,3800152,7246,3509357,12614,7043079
209,7/10/2021 15:00:00,3522,3537349,4406.000000000000000,3247438,305.000000000000000,266630.000000000000000,3827,3803979,4711,3514068,8233,7051312
210,7/11/2021 15:00:00,2680,3540029,2574.000000000000000,3250012,226.000000000000000,266856.000000000000000,2906,3806885,2800,3516868,5480,7056792
211,7/12/2021 15:00:00,4424,3544453,5133.000000000000000,3255145,379.000000000000000,267235.000000000000000,4803,3811688,5512,3522380,9936,7066728
212,7/13/2021 15:00:00,4667,3549120,4723.000000000000000,3259868,366.000000000000000,267601.000000000000000,5033,3816721,5089,3527469,9756,7076484
213,7/14/2021 15:00:00,4623,3553743,5287.000000000000000,3265155,422.000000000000000,268023.000000000000000,5045,3821766,5709,3533178,10332,7086816
214,7/15/2021 15:00:00,4908,3558651,5017.000000000000000,3270172,358.000000000000000,268381.000000000000000,5266,3827032,5375,3538553,10283,7097099
215,7/16/2021 15:00:00,6275,3564926,5851.000000000000000,3276023,405.000000000000000,268786.000000000000000,6680,3833712,6256,3544809,12531,7109630
216,7/17/2021 15:00:00,3418,3568344,3551.000000000000000,3279574,303.000000000000000,269089.000000000000000,3721,3837433,3854,3548663,7272,7116902
217,7/18/2021 15:00:00,2311,3570655,2380.000000000000000,3281954,110.000000000000000,269199.000000000000000,2421,3839854,2490,3551153,4801,7121703
218,7/19/2021 15:00:00,5144,3575799,4613.000000000000000,3286567,383.000000000000000,269582.000000000000000,5527,3845381,4996,3556149,10140,7131843
219,7/20/2021 15:00:00,5338,3581137,4722.000000000000000,3291289,366.000000000000000,269948.000000000000000,5704,3851085,5088,3561237,10426,7142269
220,7/21/2021 15:00:00,5665,3586802,4951.000000000000000,3296240,416.000000000000000,270364.000000000000000,6081,3857166,5367,3566604,11032,7153301
221,7/22/2021 15:00:00,6034,3592836,4643.000000000000000,3300883,472.000000000000000,270836.000000000000000,6506,3863672,5115,3571719,11149,7164450
222,7/23/2021 15:00:00,6846,3599682,4849.000000000000000,3305732,498.000000000000000,271334.000000000000000,7344,3871016,5347,3577066,12193,7176643
223,7/24/2021 15:00:00,4284,3603966,3202.000000000000000,3308934,267.000000000000000,271601.000000000000000,4551,3875567,3469,3580535,7753,7184396
224,7/25/2021 15:00:00,3299,3607265,1121.000000000000000,3310055,140.000000000000000,271741.000000000000000,3439,3879006,1261,3581796,4560,7188956
225,7/26/2021 15:00:00,6219,3613484,3909.000000000000000,3313964,419.000000000000000,272160.000000000000000,6638,3885644,4328,3586124,10547,7199503
226,7/27/2021 15:00:00,6604,3620088,4289.000000000000000,3318253,458.000000000000000,272618.000000000000000,7062,3892706,4747,3590871,11351,7210854
227,7/28/2021 15:00:00,7090,3627178,4147.000000000000000,3322400,460.000000000000000,273078.000000000000000,7550,3900256,4607,3595478,11697,7222551
228,7/29/2021 15:00:00,7082,3634260,4303.000000000000000,3326703,419.000000000000000,273497.000000000000000,7501,3907757,4722,3600200,11804,7234355
229,7/30/2021 15:00:00,7823,3642083,4810.000000000000000,3331513,526.000000000000000,274023.000000000000000,8349,3916106,5336,3605536,13159,7247514
230,7/31/2021 15:00:00,4793,3646876,3084.000000000000000,3334597,274.000000000000000,274297.000000000000000,5067,3921173,3358,3608894,8151,7255665
231,8/1/2021 15:00:00,3893,3650769,2169.000000000000000,3336766,164.000000000000000,274461.000000000000000,4057,3925230,2333,3611227,6226,7261891
232,8/2/2021 15:00:00,7273,3658042,3846.000000000000000,3340612,341.000000000000000,274802.000000000000000,7614,3932844,4187,3615414,11460,7273351
233,8/3/2021 15:00:00,7269,3665311,4107.000000000000000,3344719,517.000000000000000,275319.000000000000000,7786,3940630,4624,3620038,11893,7285244
234,8/4/2021 15:00:00,7425,3672736,4124.000000000000000,3348843,536.000000000000000,275855.000000000000000,7961,3948591,4660,3624698,12085,7297329
235,8/5/2021 15:00:00,7949,3680685,4299.000000000000000,3353142,538.000000000000000,276393.000000000000000,8487,3957078,4837,3629535,12786,7310115
236,8/6/2021 15:00:00,8327,3689012,4739.000000000000000,3357881,454.000000000000000,276847.000000000000000,8781,3965859,5193,3634728,13520,7323635
237,8/7/2021 15:00:00,5302,3694314,2842.000000000000000,3360723,264.000000000000000,277111.000000000000000,5566,3971425,3106,3637834,8408,7332043
238,8/8/2021 15:00:00,3976,3698290,2064.000000000000000,3362787,144.000000000000000,277255.000000000000000,4120,3975545,2208,3640042,6184,7338227
239,8/9/2021 15:00:00,6956,3705246,4563.000000000000000,3367350,370.000000000000000,277625.000000000000000,7326,3982871,4933,3644975,11889,7350116
240,8/10/2021 15:00:00,7163,3712409,4481.000000000000000,3371831,339.000000000000000,277964.000000000000000,7502,3990373,4820,3649795,11983,7362099
241,8/11/2021 15:00:00,7081,3719490,4446.000000000000000,3376277,443.000000000000000,278407.000000000000000,7524,3997897,4889,3654684,11970,7374069
242,8/12/2021 15:00:00,8634,3728124,4758.000000000000000,3381035,445.000000000000000,278852.000000000000000,9079,4006976,5203,3659887,13837,7387906
243,8/13/2021 15:00:00,7151,3735275,5383.000000000000000,3386418,397.000000000000000,279249.000000000000000,7548,4014524,5780,3665667,12931,7400837
244,8/14/2021 15:00:00,4920,3740195,3346.000000000000000,3389764,285.000000000000000,279534.000000000000000,5205,4019729,3631,3669298,8551,7409388
245,8/15/2021 15:00:00,3328,3743523,2739.000000000000000,3392503,163.000000000000000,279697.000000000000000,3491,4023220,2902,3672200,6230,7415618
246,8/16/2021 15:00:00,5453,3748976,5096.000000000000000,3397599,354.000000000000000,280051.000000000000000,5807,4029027,5450,3677650,10903,7426521
247,8/17/2021 15:00:00,6820,3755796,5362.000000000000000,3402961,390.000000000000000,280441.000000000000000,7210,4036237,5752,3683402,12572,7439093
248,8/18/2021 15:00:00,6327,3762123,5511.000000000000000,3408472,481.000000000000000,280922.000000000000000,6808,4043045,5992,3689394,12319,7451412
249,8/19/2021 15:00:00,6215,3768338,5556.000000000000000,3414028,417.000000000000000,281339.000000000000000,6632,4049677,5973,3695367,12188,7463600
250,8/20/2021 15:00:00,6844,3775182,6554.000000000000000,3420582,401.000000000000000,281740.000000000000000,7245,4056922,6955,3702322,13799,7477399
251,8/21/2021 15:00:00,4335,3779517,3918.000000000000000,3424500,229.000000000000000,281969.000000000000000,4564,4061486,4147,3706469,8482,7485881
252,8/22/2021 15:00:00,3060,3782577,3170.000000000000000,3427670,110.000000000000000,282079.000000000000000,3170,4064656,3280,3709749,6340,7492221
253,8/23/2021 15:00:00,5995,3788572,6103.000000000000000,3433773,287.000000000000000,282366.000000000000000,6282,4070938,6390,3716139,12385,7504606
254,8/24/2021 15:00:00,6546,3795118,6066.000000000000000,3439839,425.000000000000000,282791.000000000000000,6971,4077909,6491,3722630,13037,7517643
255,8/25/2021 15:00:00,6721,3801839,6224.000000000000000,3446063,441.000000000000000,283232.000000000000000,7162,4085071,6665,3729295,13386,7531029
256,8/26/2021 15:00:00,6967,3808806,6656.000000000000000,3452719,428.000000000000000,283660.000000000000000,7395,4092466,7084,3736379,14051,7545080
257,8/27/2021 15:00:00,6829,3815635,7079.000000000000000,3459798,317.000000000000000,283977.000000000000000,7146,4099612,7396,3743775,14225,7559305
258,8/28/2021 15:00:00,6897,3822532,6526.000000000000000,3466324,326.000000000000000,284303.000000000000000,7223,4106835,6852,3750627,13749,7573054
259,8/29/2021 15:00:00,3734,3826266,3695.000000000000000,3470019,610.000000000000000,284913.000000000000000,4344,4111179,4305,3754932,8039,7581093
260,8/30/2021 15:00:00,5923,3832189,6129.000000000000000,3476148,960.000000000000000,285873.000000000000000,6883,4118062,7089,3762021,13012,7594105
261,8/31/2021 15:00:00,5900,3838089,6071.000000000000000,3482219,946.000000000000000,286819.000000000000000,6846,4124908,7017,3769038,12917,7607022
262,9/1/2021 15:00:00,5584,3843673,5690.000000000000000,3487909,915.000000000000000,287734.000000000000000,6499,4131407,6605,3775643,12189,7619211
263,9/2/2021 15:00:00,5535,3849208,5930.000000000000000,3493839,707.000000000000000,288441.000000000000000,6242,4137649,6637,3782280,12172,7631383
264,9/3/2021 15:00:00,5992,3855200,6933.000000000000000,3500772,973.000000000000000,289414.000000000000000,6965,4144614,7906,3790186,13898,7645281
265,9/4/2021 15:00:00,3731,3858931,4355.000000000000000,3505127,878.000000000000000,290292.000000000000000,4609,4149223,5233,3795419,8964,7654245
266,9/5/2021 15:00:00,2957,3861888,2812.000000000000000,3507939,106.000000000000000,290398.000000000000000,3063,4152286,2918,3798337,5875,7660120
267,9/6/2021 15:00:00,1060,3862948,1158.000000000000000,3509097,65.000000000000000,290463.000000000000000,1125,4153411,1223,3799560,2283,7662403
268,9/7/2021 15:00:00,5344,3868292,7303.000000000000000,3516400,2303.000000000000000,292766.000000000000000,7647,4161058,9606,3809166,14950,7677353
269,9/8/2021 15:00:00,4653,3872945,5478.000000000000000,3521878,364.000000000000000,293130.000000000000000,5017,4166075,5842,3815008,10495,7687848
270,9/9/2021 15:00:00,5016,3877961,5459.000000000000000,3527337,324.000000000000000,293454.000000000000000,5340,4171415,5783,3820791,10799,7698647
271,9/10/2021 15:00:00,6526,3884487,6659.000000000000000,3533996,1719.000000000000000,295173.000000000000000,8245,4179660,8378,3829169,14904,7713551
272,9/11/2021 15:00:00,4173,3888660,4341.000000000000000,3538337,666.000000000000000,295839.000000000000000,4839,4184499,5007,3834176,9180,7722731
273,9/12/2021 15:00:00,3172,3891832,3238.000000000000000,3541575,436.000000000000000,296275.000000000000000,3608,4188107,3674,3837850,6846,7729577
274,9/13/2021 15:00:00,4882,3896714,5068.000000000000000,3546643,346.000000000000000,296621.000000000000000,5228,4193335,5414,3843264,10296,7739873
275,9/14/2021 15:00:00,4775,3901489,5440.000000000000000,3552083,436.000000000000000,297057.000000000000000,5211,4198546,5876,3849140,10651,7750524
276,9/15/2021 15:00:00,5039,3906528,5871.000000000000000,3557954,392.000000000000000,297449.000000000000000,5431,4203977,6263,3855403,11302,7761826
277,9/16/2021 15:00:00,4810,3911338,5846.000000000000000,3563800,336.000000000000000,297785.000000000000000,5146,4209123,6182,3861585,10992,7772818
278,9/17/2021 15:00:00,5257,3916595,6584.000000000000000,3570384,344.000000000000000,298129.000000000000000,5601,4214724,6928,3868513,12185,7785003
279,9/18/2021 15:00:00,3803,3920398,4577.000000000000000,3574961,185.000000000000000,298314.000000000000000,3988,4218712,4762,3873275,8565,7793568
280,9/19/2021 15:00:00,2741,3923139,3167.000000000000000,3578128,75.000000000000000,298389.000000000000000,2816,4221528,3242,3876517,5983,7799551
281,9/20/2021 15:00:00,3753,3926892,4680.000000000000000,3582808,430.000000000000000,298819.000000000000000,4183,4225711,5110,3881627,8863,7808414
282,9/21/2021 15:00:00,3999,3930891,5004.000000000000000,3587812,327.000000000000000,299146.000000000000000,4326,4230037,5331,3886958,9330,7817744
283,9/22/2021 15:00:00,4196,3935087,4774.000000000000000,3592586,459.000000000000000,299605.000000000000000,4655,4234692,5233,3892191,9429,7827173
284,9/23/2021 15:00:00,4176,3939263,4730.000000000000000,3597316,492.000000000000000,300097.000000000000000,4668,4239360,5222,3897413,9398,7836571
285,9/24/2021 15:00:00,5078,3944341,5603.000000000000000,3602919,422.000000000000000,300519.000000000000000,5500,4244860,6025,3903438,11103,7847674
286,9/25/2021 15:00:00,3624,3947965,3629.000000000000000,3606548,384.000000000000000,300903.000000000000000,4008,4248868,4013,3907451,7637,7855311
287,9/26/2021 15:00:00,2352,3950317,2665.000000000000000,3609213,430.000000000000000,301333.000000000000000,2782,4251650,3095,3910546,5447,7860758
288,9/27/2021 15:00:00,4506,3954823,2710.000000000000000,3611923,512.000000000000000,301845.000000000000000,5018,4256668,3222,3913768,7728,7868486
289,9/28/2021 15:00:00,4398,3959221,4449.000000000000000,3616372,211.000000000000000,302056.000000000000000,4609,4261277,4660,3918428,9058,7877544
290,9/29/2021 15:00:00,4694,3963915,4504.000000000000000,3620876,920.000000000000000,302976.000000000000000,5614,4266891,5424,3923852,10118,7887662
291,9/30/2021 15:00:00,4886,3968801,4560.000000000000000,3625436,795.000000000000000,303771.000000000000000,5681,4272572,5355,3929207,10241,7897903
292,10/1/2021 15:00:00,5500,3974301,5340.000000000000000,3630776,785.000000000000000,304556.000000000000000,6285,4278857,6125,3935332,11625,7909528
293,10/2/2021 15:00:00,2935,3977236,2895.000000000000000,3633671,187.000000000000000,304743.000000000000000,3122,4281979,3082,3938414,6017,7915545
294,10/3/2021 15:00:00,2073,3979309,2376.000000000000000,3636047,86.000000000000000,304829.000000000000000,2159,4284138,2462,3940876,4535,7920080
295,10/4/2021 15:00:00,4024,3983333,3497.000000000000000,3639544,232.000000000000000,305061.000000000000000,4256,4288394,3729,3944605,7753,7927833
296,10/5/2021 15:00:00,3951,3987284,3659.000000000000000,3643203,207.000000000000000,305268.000000000000000,4158,4292552,3866,3948471,7817,7935650
297,10/6/2021 15:00:00,4021,3991305,3571.000000000000000,3646774,266.000000000000000,305534.000000000000000,4287,4296839,3837,3952308,7858,7943508
298,10/7/2021 15:00:00,4232,3995537,3622.000000000000000,3650396,331.000000000000000,305865.000000000000000,4563,4301402,3953,3956261,8185,7951693
299,10/8/2021 15:00:00,4772,4000309,4284.000000000000000,3654680,283.000000000000000,306148.000000000000000,5055,4306457,4567,3960828,9339,7961032
300,10/9/2021 15:00:00,2691,4003000,2678.000000000000000,3657358,270.000000000000000,306418.000000000000000,2961,4309418,2948,3963776,5639,7966671
301,10/10/2021 15:00:00,1861,4004861,1850.000000000000000,3659208,59.000000000000000,306477.000000000000000,1920,4311338,1909,3965685,3770,7970441
302,10/11/2021 15:00:00,4205,4009066,3315.000000000000000,3662523,249.000000000000000,306726.000000000000000,4454,4315792,3564,3969249,7769,7978210
303,10/12/2021 15:00:00,3599,4012665,3533.000000000000000,3666056,273.000000000000000,306999.000000000000000,3872,4319664,3806,3973055,7405,7985615
304,10/13/2021 15:00:00,3969,4016634,3455.000000000000000,3669511,346.000000000000000,307345.000000000000000,4315,4323979,3801,3976856,7770,7993385
305,10/14/2021 15:00:00,5159,4021793,5492.000000000000000,3675003,431.000000000000000,307776.000000000000000,5590,4329569,5923,3982779,11082,8004467
306,10/15/2021 15:00:00,4712,4026505,4594.000000000000000,3679597,347.000000000000000,308123.000000000000000,5059,4334628,4941,3987720,9653,8014120
307,10/16/2021 15:00:00,2494,4028999,2505.000000000000000,3682102,291.000000000000000,308414.000000000000000,2785,4337413,2796,3990516,5290,8019410
308,10/17/2021 15:00:00,1805,4030804,1774.000000000000000,3683876,55.000000000000000,308469.000000000000000,1860,4339273,1829,3992345,3634,8023044
309,10/18/2021 15:00:00,4276,4035080,3579.000000000000000,3687455,268.000000000000000,308737.000000000000000,4544,4343817,3847,3996192,8123,8031167
310,10/19/2021 15:00:00,4298,4039378,4001.000000000000000,3691456,223.000000000000000,308960.000000000000000,4521,4348338,4224,4000416,8522,8039689
311,10/20/2021 15:00:00,3530,4042908,3420.000000000000000,3694876,255.000000000000000,309215.000000000000000,3785,4352123,3675,4004091,7205,8046894
312,10/21/2021 15:00:00,3299,4046207,3271.000000000000000,3698147,291.000000000000000,309506.000000000000000,3590,4355713,3562,4007653,6861,8053755
313,10/22/2021 15:00:00,4678,4050885,4023.000000000000000,3702170,477.000000000000000,309983.000000000000000,5155,4360868,4500,4012153,9178,8062933
314,10/23/2021 15:00:00,2886,4053771,2108.000000000000000,3704278,321.000000000000000,310304.000000000000000,3207,4364075,2429,4014582,5315,8068248
315,10/24/2021 15:00:00,2056,4055827,1553.000000000000000,3705831,79.000000000000000,310383.000000000000000,2135,4366210,1632,4016214,3688,8071936
316,10/25/2021 15:00:00,4546,4060373,3067.000000000000000,3708898,320.000000000000000,310703.000000000000000,4866,4371076,3387,4019601,7933,8079869
317,10/26/2021 15:00:00,4510,4064883,3075.000000000000000,3711973,316.000000000000000,311019.000000000000000,4826,4375902,3391,4022992,7901,8087770
318,10/27/2021 15:00:00,4736,4069619,3336.000000000000000,3715309,436.000000000000000,311455.000000000000000,5172,4381074,3772,4026764,8508,8096278
319,10/28/2021 15:00:00,4558,4074177,3347.000000000000000,3718656,501.000000000000000,311956.000000000000000,5059,4386133,3848,4030612,8406,8104684
320,10/29/2021 15:00:00,4979,4079156,3912.000000000000000,3722568,394.000000000000000,312350.000000000000000,5373,4391506,4306,4034918,9285,8113969
321,10/30/2021 15:00:00,2632,4081788,1834.000000000000000,3724402,307.000000000000000,312657.000000000000000,2939,4394445,2141,4037059,4773,8118742
322,10/31/2021 15:00:00,1937,4083725,1519.000000000000000,3725921,93.000000000000000,312750.000000000000000,2030,4396475,1612,4038671,3549,8122291
323,11/1/2021 15:00:00,4712,4088437,3421.000000000000000,3729342,346.000000000000000,313096.000000000000000,5058,4401533,3767,4042438,8479,8130770
324,11/2/2021 15:00:00,4254,4092691,2938.000000000000000,3732280,408.000000000000000,313504.000000000000000,4662,4406195,3346,4045784,7600,8138370
325,11/3/2021 15:00:00,4667,4097358,3042.000000000000000,3735322,463.000000000000000,313967.000000000000000,5130,4411325,3505,4049289,8172,8146542
326,11/4/2021 15:00:00,6316,4103674,3364.000000000000000,3738686,513.000000000000000,314480.000000000000000,6829,4418154,3877,4053166,10193,8156735
327,11/5/2021 15:00:00,8238,4111912,3761.000000000000000,3742447,413.000000000000000,314893.000000000000000,8651,4426805,4174,4057340,12412,8169147
328,11/6/2021 15:00:00,10168,4122080,1965.000000000000000,3744412,308.000000000000000,315201.000000000000000,10476,4437281,2273,4059613,12441,8181588
329,11/7/2021 15:00:00,7711,4129791,1463.000000000000000,3745875,94.000000000000000,315295.000000000000000,7805,4445086,1557,4061170,9268,8190856
330,11/8/2021 15:00:00,11303,4141094,3041.000000000000000,3748916,379.000000000000000,315674.000000000000000,11682,4456768,3420,4064590,14723,8205579
331,11/9/2021 15:00:00,11760,4152854,2638.000000000000000,3751554,268.000000000000000,315942.000000000000000,12028,4468796,2906,4067496,14666,8220245
332,11/10/2021 15:00:00,12585,4165439,2747.000000000000000,3754301,339.000000000000000,316281.000000000000000,12924,4481720,3086,4070582,15671,8235916
333,11/11/2021 15:00:00,11373,4176812,2371.000000000000000,3756672,280.000000000000000,316561.000000000000000,11653,4493373,2651,4073233,14024,8249940
334,11/12/2021 15:00:00,12288,4189100,3345.000000000000000,3760017,548.000000000000000,317109.000000000000000,12836,4506209,3893,4077126,16181,8266121
335,11/13/2021 15:00:00,9891,4198991,1591.000000000000000,3761608,342.000000000000000,317451.000000000000000,10233,4516442,1933,4079059,11824,8277945
336,11/14/2021 15:00:00,3924,4202915,1112.000000000000000,3762720,121.000000000000000,317572.000000000000000,4045,4520487,1233,4080292,5157,8283102
337,11/15/2021 15:00:00,8622,4211537,2511.000000000000000,3765231,205.000000000000000,317777.000000000000000,8827,4529314,2716,4083008,11338,8294440
338,11/16/2021 15:00:00,9224,4220761,2504.000000000000000,3767735,255.000000000000000,318032.000000000000000,9479,4538793,2759,4085767,11983,8306423
339,11/17/2021 15:00:00,9394,4230155,2860.000000000000000,3770595,312.000000000000000,318344.000000000000000,9706,4548499,3172,4088939,12566,8318989
340,11/18/2021 15:00:00,9275,4239430,2623.000000000000000,3773218,482.000000000000000,318826.000000000000000,9757,4558256,3105,4092044,12380,8331369
341,11/19/2021 15:00:00,9801,4249231,2906.000000000000000,3776124,381.000000000000000,319207.000000000000000,10182,4568438,3287,4095331,13088,8344457
342,11/20/2021 15:00:00,10628,4259859,1600.000000000000000,3777724,455.000000000000000,319662.000000000000000,11083,4579521,2055,4097386,12683,8357140
343,11/21/2021 15:00:00,4343,4264202,1198.000000000000000,3778922,99.000000000000000,319761.000000000000000,4442,4583963,1297,4098683,5640,8362780
344,11/22/2021 15:00:00,9822,4274024,2477.000000000000000,3781399,293.000000000000000,320054.000000000000000,10115,4594078,2770,4101453,12592,8375372
345,11/23/2021 15:00:00,9206,4283230,2381.000000000000000,3783780,280.000000000000000,320334.000000000000000,9486,4603564,2661,4104114,11867,8387239
346,11/24/2021 15:00:00,8153,4291383,2437.000000000000000,3786217,216.000000000000000,320550.000000000000000,8369,4611933,2653,4106767,10806,8398045
347,11/25/2021 15:00:00,239,4291622,77.000000000000000,3786294,10.000000000000000,320560.000000000000000,249,4612182,87,4106854,326,8398371
348,11/26/2021 15:00:00,5652,4297274,3950.000000000000000,3790244,153.000000000000000,320713.000000000000000,5805,4617987,4103,4110957,9755,8408126
349,11/27/2021 15:00:00,3778,4301052,5476.000000000000000,3795720,134.000000000000000,320847.000000000000000,3912,4621899,5610,4116567,9388,8417514
350,11/28/2021 15:00:00,2412,4303464,6384.000000000000000,3802104,77.000000000000000,320924.000000000000000,2489,4624388,6461,4123028,8873,8426387
351,11/29/2021 15:00:00,6366,4309830,9280.000000000000000,3811384,379.000000000000000,321303.000000000000000,6745,4631133,9659,4132687,16025,8442412
352,11/30/2021 15:00:00,6252,4316082,9313.000000000000000,3820697,264.000000000000000,321567.000000000000000,6516,4637649,9577,4142264,15829,8458241
353,12/1/2021 15:00:00,7295,4323377,9711.000000000000000,3830408,308.000000000000000,321875.000000000000000,7603,4645252,10019,4152283,17314,8475555
354,12/2/2021 15:00:00,6913,4330290,8786.000000000000000,3839194,450.000000000000000,322325.000000000000000,7363,4652615,9236,4161519,16149,8491704
355,12/3/2021 15:00:00,7604,4337894,9250.000000000000000,3848444,249.000000000000000,322574.000000000000000,7853,4660468,9499,4171018,17103,8508807
356,12/4/2021 15:00:00,5947,4343841,10032.000000000000000,3858476,465.000000000000000,323039.000000000000000,6412,4666880,10497,4181515,16444,8525251
357,12/5/2021 15:00:00,3464,4347305,3283.000000000000000,3861759,78.000000000000000,323117.000000000000000,3542,4670422,3361,4184876,6825,8532076
358,12/6/2021 15:00:00,6746,4354051,7082.000000000000000,3868841,277.000000000000000,323394.000000000000000,7023,4677445,7359,4192235,14105,8546181
359,12/7/2021 15:00:00,6409,4360460,7022.000000000000000,3875863,249.000000000000000,323643.000000000000000,6658,4684103,7271,4199506,13680,8559861
360,12/8/2021 15:00:00,6930,4367390,7410.000000000000000,3883273,315.000000000000000,323958.000000000000000,7245,4691348,7725,4207231,14655,8574516
361,12/9/2021 15:00:00,6546,4373936,7021.000000000000000,3890294,398.000000000000000,324356.000000000000000,6944,4698292,7419,4214650,13965,8588481
362,12/10/2021 15:00:00,7284,4381220,7322.000000000000000,3897616,230.000000000000000,324586.000000000000000,7514,4705806,7552,4222202,14836,8603317
363,12/11/2021 15:00:00,4448,4385668,7664.000000000000000,3905280,333.000000000000000,324919.000000000000000,4781,4710587,7997,4230199,12445,8615762
364,12/12/2021 15:00:00,4000,4389668,2772.000000000000000,3908052,60.000000000000000,324979.000000000000000,4060,4714647,2832,4233031,6832,8622594
365,12/13/2021 15:00:00,5692,4395360,5760.000000000000000,3913812,243.000000000000000,325222.000000000000000,5935,4720582,6003,4239034,11695,8634289
366,12/14/2021 15:00:00,6453,4401813,5918.000000000000000,3919730,221.000000000000000,325443.000000000000000,6674,4727256,6139,4245173,12592,8646881
367,12/15/2021 15:00:00,7158,4408971,5705.000000000000000,3925435,251.000000000000000,325694.000000000000000,7409,4734665,5956,4251129,13114,8659995
368,12/16/2021 15:00:00,7858,4416829,2825.000000000000000,3928260,420.000000000000000,326114.000000000000000,8278,4742943,3245,4254374,11103,8671098
369,12/17/2021 15:00:00,7841,4424670,4149.000000000000000,3932409,195.000000000000000,326309.000000000000000,8036,4750979,4344,4258718,12185,8683283
370,12/18/2021 15:00:00,5829,4430499,3167.000000000000000,3935576,298.000000000000000,326607.000000000000000,6127,4757106,3465,4262183,9294,8692577
371,12/19/2021 15:00:00,3381,4433880,1339.000000000000000,3936915,36.000000000000000,326643.000000000000000,3417,4760523,1375,4263558,4756,8697333
372,12/20/2021 15:00:00,8055,4441935,3739.000000000000000,3940654,173.000000000000000,326816.000000000000000,8228,4768751,3912,4267470,11967,8709300
373,12/21/2021 15:00:00,8988,4450923,4151.000000000000000,3944805,175.000000000000000,326991.000000000000000,9163,4777914,4326,4271796,13314,8722614
374,12/22/2021 15:00:00,8680,4459603,3858.000000000000000,3948663,184.000000000000000,327175.000000000000000,8864,4786778,4042,4275838,12722,8735336
375,12/23/2021 15:00:00,8399,4468002,3556.000000000000000,3952219,359.000000000000000,327534.000000000000000,8758,4795536,3915,4279753,12314,8747650
376,12/24/2021 15:00:00,1632,4469634,1006.000000000000000,3953225,39.000000000000000,327573.000000000000000,1671,4797207,1045,4280798,2677,8750327
377,12/25/2021 15:00:00,50,4469684,36.000000000000000,3953261,1.000000000000000,327574.000000000000000,51,4797258,37,4280835,87,8750414
378,12/26/2021 15:00:00,2518,4472202,1742.000000000000000,3955003,44.000000000000000,327618.000000000000000,2562,4799820,1786,4282621,4304,8754718
379,12/27/2021 15:00:00,7191,4479393,3987.000000000000000,3958990,297.000000000000000,327915.000000000000000,7488,4807308,4284,4286905,11475,8766193
380,12/28/2021 15:00:00,7924,4487317,3849.000000000000000,3962839,177.000000000000000,328092.000000000000000,8101,4815409,4026,4290931,11950,8778143
381,12/29/2021 15:00:00,8228,4495545,4015.000000000000000,3966854,155.000000000000000,328247.000000000000000,8383,4823792,4170,4295101,12398,8790541
382,12/30/2021 15:00:00,7467,4503012,3775.000000000000000,3970629,290.000000000000000,328537.000000000000000,7757,4831549,4065,4299166,11532,8802073
383,12/31/2021 15:00:00,2573,4505585,1525.000000000000000,3972154,90.000000000000000,328627.000000000000000,2663,4834212,1615,4300781,4188,8806261
384,1/1/2022 15:00:00,738,4506323,347.000000000000000,3972501,34.000000000000000,328661.000000000000000,772,4834984,381,4301162,1119,8807380
385,1/2/2022 15:00:00,2216,4508539,1648.000000000000000,3974149,48.000000000000000,328709.000000000000000,2264,4837248,1696,4302858,3912,8811292
386,1/3/2022 15:00:00,3393,4511932,2063.000000000000000,3976212,222.000000000000000,328931.000000000000000,3615,4840863,2285,4305143,5678,8816970
387,1/4/2022 15:00:00,5848,4517780,3475.000000000000000,3979687,165.000000000000000,329096.000000000000000,6013,4846876,3640,4308783,9488,8826458
388,1/5/2022 15:00:00,6824,4524604,4689.000000000000000,3984376,176.000000000000000,329272.000000000000000,7000,4853876,4865,4313648,11689,8838147
389,1/6/2022 15:00:00,6746,4531350,4806.000000000000000,3989182,264.000000000000000,329536.000000000000000,7010,4860886,5070,4318718,11816,8849963
390,1/7/2022 15:00:00,5959,4537309,3753.000000000000000,3992935,159.000000000000000,329695.000000000000000,6118,4867004,3912,4322630,9871,8859834
391,1/8/2022 15:00:00,4803,4542112,3907.000000000000000,3996842,79.000000000000000,329774.000000000000000,4882,4871886,3986,4326616,8789,8868623
392,1/9/2022 15:00:00,2762,4544874,2013.000000000000000,3998855,154.000000000000000,329928.000000000000000,2916,4874802,2167,4328783,4929,8873552
393,1/10/2022 15:00:00,6330,4551204,3831.000000000000000,4002686,160.000000000000000,330088.000000000000000,6490,4881292,3991,4332774,10321,8883873
394,1/11/2022 15:00:00,6555,4557759,4240.000000000000000,4006926,142.000000000000000,330230.000000000000000,6697,4887989,4382,4337156,10937,8894810
395,1/12/2022 15:00:00,6816,4564575,4438.000000000000000,4011364,225.000000000000000,330455.000000000000000,7041,4895030,4663,4341819,11479,8906289
396,1/13/2022 15:00:00,6620,4571195,4377.000000000000000,4015741,152.000000000000000,330607.000000000000000,6772,4901802,4529,4346348,11149,8917438
397,1/14/2022 15:00:00,7203,4578398,3276.000000000000000,4019017,251.000000000000000,330858.000000000000000,7454,4909256,3527,4349875,10730,8928168
398,1/15/2022 15:00:00,4268,4582666,1687.000000000000000,4020704,71.000000000000000,330929.000000000000000,4339,4913595,1758,4351633,6026,8934194
399,1/16/2022 15:00:00,2216,4584882,1318.000000000000000,4022022,116.000000000000000,331045.000000000000000,2332,4915927,1434,4353067,3650,8937844
400,1/17/2022 15:00:00,3612,4588494,2361.000000000000000,4024383,74.000000000000000,331119.000000000000000,3686,4919613,2435,4355502,6047,8943891
401,1/18/2022 15:00:00,5271,4593765,4196.000000000000000,4028579,102.000000000000000,331221.000000000000000,5373,4924986,4298,4359800,9569,8953460
402,1/19/2022 15:00:00,5287,4599052,4459.000000000000000,4033038,99.000000000000000,331320.000000000000000,5386,4930372,4558,4364358,9845,8963305
403,1/20/2022 15:00:00,4518,4603570,3614.000000000000000,4036652,176.000000000000000,331496.000000000000000,4694,4935066,3790,4368148,8308,8971613
404,1/21/2022 15:00:00,5588,4609158,2924.000000000000000,4039576,126.000000000000000,331622.000000000000000,5714,4940780,3050,4371198,8638,8980251
405,1/22/2022 15:00:00,3456,4612614,1722.000000000000000,4041298,134.000000000000000,331756.000000000000000,3590,4944370,1856,4373054,5312,8985563
406,1/23/2022 15:00:00,2034,4614648,1493.000000000000000,4042791,30.000000000000000,331786.000000000000000,2064,4946434,1523,4374577,3557,8989120
407,1/24/2022 15:00:00,4120,4618768,2766.000000000000000,4045557,88.000000000000000,331874.000000000000000,4208,4950642,2854,4377431,6974,8996094
408,1/25/2022 15:00:00,3792,4622560,3304.000000000000000,4048861,94.000000000000000,331968.000000000000000,3886,4954528,3398,4380829,7190,9003284
409,1/26/2022 15:00:00,3855,4626415,3682.000000000000000,4052543,94.000000000000000,332062.000000000000000,3949,4958477,3776,4384605,7631,9010915
410,1/27/2022 15:00:00,3762,4630177,3857.000000000000000,4056400,187.000000000000000,332249.000000000000000,3949,4962426,4044,4388649,7806,9018721
411,1/28/2022 15:00:00,3837,4634014,3210.000000000000000,4059610,75.000000000000000,332324.000000000000000,3912,4966338,3285,4391934,7122,9025843
412,1/29/2022 15:00:00,2298,4636312,2265.000000000000000,4061875,117.000000000000000,332441.000000000000000,2415,4968753,2382,4394316,4680,9030523
413,1/30/2022 15:00:00,1553,4637865,1602.000000000000000,4063477,16.000000000000000,332457.000000000000000,1569,4970322,1618,4395934,3171,9033694
414,1/31/2022 15:00:00,2978,4640843,3154.000000000000000,4066631,58.000000000000000,332515.000000000000000,3036,4973358,3212,4399146,6190,9039884
415,2/1/2022 15:00:00,2638,4643481,3385.000000000000000,4070016,75.000000000000000,332590.000000000000000,2713,4976071,3460,4402606,6098,9045982
416,2/2/2022 15:00:00,2816,4646297,3710.000000000000000,4073726,74.000000000000000,332664.000000000000000,2890,4978961,3784,4406390,6600,9052582
417,2/3/2022 15:00:00,2740,4649037,3628.000000000000000,4077354,41.000000000000000,332705.000000000000000,2781,4981742,3669,4410059,6409,9058991
418,2/4/2022 15:00:00,2744,4651781,4314.000000000000000,4081668,127.000000000000000,332832.000000000000000,2871,4984613,4441,4414500,7185,9066176
419,2/5/2022 15:00:00,1905,4653686,2849.000000000000000,4084517,112.000000000000000,332944.000000000000000,2017,4986630,2961,4417461,4866,9071042
420,2/6/2022 15:00:00,1050,4654736,1321.000000000000000,4085838,24.000000000000000,332968.000000000000000,1074,4987704,1345,4418806,2395,9073437
421,2/7/2022 15:00:00,1994,4656730,2608.000000000000000,4088446,46.000000000000000,333014.000000000000000,2040,4989744,2654,4421460,4648,9078085
422,2/8/2022 15:00:00,2027,4658757,2939.000000000000000,4091385,60.000000000000000,333074.000000000000000,2087,4991831,2999,4424459,5026,9083111
423,2/9/2022 15:00:00,1159,4659916,1618.000000000000000,4093003,45.000000000000000,333119.000000000000000,1204,4993035,1663,4426122,2822,9085933