OBJECTID,VACCINATION_DATE,FirstDailyDose,FirstDoseCumulative,SecondDailyDose,SecondDoseCumulative,SingleDailyDose,SingleDoseCumulative,AtleastOneVaccine,AtleastOneVaccineCumulative,CompletedVax,CompletedVaxCumulative,FirstSecondSingleVaccination_12,FirstSecondSingleVaccination_13
1,12/14/2020 15:00:00,17,1043,,394,,,17,1043,0,394,17,1354
2,12/15/2020 15:00:00,54,1097,2.000000000000000,396,,,54,1097,2,396,56,1410
3,12/16/2020 15:00:00,577,1674,2.000000000000000,398,,,577,1674,2,398,579,1989
4,12/17/2020 15:00:00,1144,2818,2.000000000000000,400,,,1144,2818,2,400,1146,3135
5,12/18/2020 15:00:00,2993,5811,10.000000000000000,410,,,2993,5811,10,410,3003,6138
6,12/19/2020 15:00:00,919,6730,5.000000000000000,415,,,919,6730,5,415,924,7062
7,12/20/2020 15:00:00,339,7069,4.000000000000000,419,,,339,7069,4,419,343,7405
8,12/21/2020 15:00:00,3863,10932,22.000000000000000,441,,,3863,10932,22,441,3885,11290
9,12/22/2020 15:00:00,6295,17227,21.000000000000000,462,,,6295,17227,21,462,6316,17606
10,12/23/2020 15:00:00,5737,22964,31.000000000000000,493,,,5737,22964,31,493,5768,23374
11,12/24/2020 15:00:00,2717,25681,13.000000000000000,506,,,2717,25681,13,506,2730,26104
12,12/25/2020 15:00:00,1034,26715,3.000000000000000,509,,,1034,26715,3,509,1037,27141
13,12/26/2020 15:00:00,1873,28588,9.000000000000000,518,,,1873,28588,9,518,1882,29023
14,12/27/2020 15:00:00,1795,30383,10.000000000000000,528,,,1795,30383,10,528,1805,30828
15,12/28/2020 15:00:00,8956,39339,40.000000000000000,568,,,8956,39339,40,568,8996,39824
16,12/29/2020 15:00:00,10923,50262,44.000000000000000,612,,,10923,50262,44,612,10967,50791
17,12/30/2020 15:00:00,12464,62726,68.000000000000000,680,,,12464,62726,68,680,12532,63323
18,12/31/2020 15:00:00,7518,70244,37.000000000000000,717,,,7518,70244,37,717,7555,70878
19,1/1/2021 15:00:00,2684,72928,119.000000000000000,836,,,2684,72928,119,836,2803,73681
20,1/2/2021 15:00:00,2993,75921,34.000000000000000,870,,,2993,75921,34,870,3027,76708
21,1/3/2021 15:00:00,3374,79295,80.000000000000000,950,,,3374,79295,80,950,3454,80162
22,1/4/2021 15:00:00,13285,92580,320.000000000000000,1270,,,13285,92580,320,1270,13605,93767
23,1/5/2021 15:00:00,12419,104999,519.000000000000000,1789,,,12419,104999,519,1789,12938,106705
24,1/6/2021 15:00:00,15178,120177,843.000000000000000,2632,,,15178,120177,843,2632,16021,122726
25,1/7/2021 15:00:00,14955,135132,1738.000000000000000,4370,,,14955,135132,1738,4370,16693,139419
26,1/8/2021 15:00:00,23956,159088,2733.000000000000000,7103,,,23956,159088,2733,7103,26689,166108
27,1/9/2021 15:00:00,5137,164225,939.000000000000000,8042,,,5137,164225,939,8042,6076,172184
28,1/10/2021 15:00:00,2934,167159,370.000000000000000,8412,,,2934,167159,370,8412,3304,175488
29,1/11/2021 15:00:00,13680,180839,3438.000000000000000,11850,,,13680,180839,3438,11850,17118,192606
30,1/12/2021 15:00:00,17308,198147,5559.000000000000000,17409,,,17308,198147,5559,17409,22867,215473
31,1/13/2021 15:00:00,18507,216654,3866.000000000000000,21275,,,18507,216654,3866,21275,22373,237846
32,1/14/2021 15:00:00,17778,234432,1928.000000000000000,23203,,,17778,234432,1928,23203,19706,257552
33,1/15/2021 15:00:00,19385,253817,1979.000000000000000,25182,,,19385,253817,1979,25182,21364,278916
34,1/16/2021 15:00:00,5790,259607,1597.000000000000000,26779,,,5790,259607,1597,26779,7387,286303
35,1/17/2021 15:00:00,2104,261711,1470.000000000000000,28249,,,2104,261711,1470,28249,3574,289877
36,1/18/2021 15:00:00,7045,268756,3234.000000000000000,31483,,,7045,268756,3234,31483,10279,300156
37,1/19/2021 15:00:00,16883,285639,5370.000000000000000,36853,,,16883,285639,5370,36853,22253,322409
38,1/20/2021 15:00:00,20965,306604,5262.000000000000000,42115,,,20965,306604,5262,42115,26227,348636
39,1/21/2021 15:00:00,23717,330321,3772.000000000000000,45887,,,23717,330321,3772,45887,27489,376125
40,1/22/2021 15:00:00,28615,358936,3685.000000000000000,49572,,,28615,358936,3685,49572,32300,408425
41,1/23/2021 15:00:00,10072,369008,1910.000000000000000,51482,,,10072,369008,1910,51482,11982,420407
42,1/24/2021 15:00:00,3340,372348,1707.000000000000000,53189,,,3340,372348,1707,53189,5047,425454
43,1/25/2021 15:00:00,16262,388610,8529.000000000000000,61718,,,16262,388610,8529,61718,24791,450245
44,1/26/2021 15:00:00,17522,406132,8925.000000000000000,70643,,,17522,406132,8925,70643,26447,476692
45,1/27/2021 15:00:00,24415,430547,12488.000000000000000,83131,,,24415,430547,12488,83131,36903,513595
46,1/28/2021 15:00:00,22619,453166,9252.000000000000000,92383,,,22619,453166,9252,92383,31871,545466
47,1/29/2021 15:00:00,24726,477892,7847.000000000000000,100230,,,24726,477892,7847,100230,32573,578039
48,1/30/2021 15:00:00,17746,495638,2506.000000000000000,102736,,,17746,495638,2506,102736,20252,598291
49,1/31/2021 15:00:00,3746,499384,1322.000000000000000,104058,,,3746,499384,1322,104058,5068,603359
50,2/1/2021 15:00:00,7669,507053,5139.000000000000000,109197,,,7669,507053,5139,109197,12808,616167
51,2/2/2021 15:00:00,12423,519476,13736.000000000000000,122933,,,12423,519476,13736,122933,26159,642326
52,2/3/2021 15:00:00,18178,537654,18054.000000000000000,140987,,,18178,537654,18054,140987,36232,678558
53,2/4/2021 15:00:00,22035,559689,15687.000000000000000,156674,,,22035,559689,15687,156674,37722,716280
54,2/5/2021 15:00:00,20244,579933,17335.000000000000000,174009,,,20244,579933,17335,174009,37579,753859
55,2/6/2021 15:00:00,11268,591201,14421.000000000000000,188430,,,11268,591201,14421,188430,25689,779548
56,2/7/2021 15:00:00,5907,597108,1788.000000000000000,190218,,,5907,597108,1788,190218,7695,787243
57,2/8/2021 15:00:00,12923,610031,12865.000000000000000,203083,,,12923,610031,12865,203083,25788,813031
58,2/9/2021 15:00:00,16587,626618,13799.000000000000000,216882,,,16587,626618,13799,216882,30386,843417
59,2/10/2021 15:00:00,19221,645839,21159.000000000000000,238041,,,19221,645839,21159,238041,40380,883797
60,2/11/2021 15:00:00,22837,668676,17256.000000000000000,255297,,,22837,668676,17256,255297,40093,923890
61,2/12/2021 15:00:00,20331,689007,19564.000000000000000,274861,,,20331,689007,19564,274861,39895,963785
62,2/13/2021 15:00:00,11387,700394,6368.000000000000000,281229,,,11387,700394,6368,281229,17755,981540
63,2/14/2021 15:00:00,7093,707487,2093.000000000000000,283322,,,7093,707487,2093,283322,9186,990726
64,2/15/2021 15:00:00,11728,719215,13258.000000000000000,296580,,,11728,719215,13258,296580,24986,1015712
65,2/16/2021 15:00:00,16550,735765,20954.000000000000000,317534,,,16550,735765,20954,317534,37504,1053216
66,2/17/2021 15:00:00,20604,756369,26323.000000000000000,343857,,,20604,756369,26323,343857,46927,1100143
67,2/18/2021 15:00:00,3172,759541,4582.000000000000000,348439,,,3172,759541,4582,348439,7754,1107897
68,2/19/2021 15:00:00,10221,769762,19882.000000000000000,368321,,,10221,769762,19882,368321,30103,1138000
69,2/20/2021 15:00:00,10279,780041,20236.000000000000000,388557,,,10279,780041,20236,388557,30515,1168515
70,2/21/2021 15:00:00,6148,786189,7613.000000000000000,396170,,,6148,786189,7613,396170,13761,1182276
71,2/22/2021 15:00:00,7996,794185,15424.000000000000000,411594,,,7996,794185,15424,411594,23420,1205696
72,2/23/2021 15:00:00,15490,809675,15899.000000000000000,427493,,,15490,809675,15899,427493,31389,1237085
73,2/24/2021 15:00:00,17898,827573,24691.000000000000000,452184,,,17898,827573,24691,452184,42589,1279674
74,2/25/2021 15:00:00,20363,847936,26466.000000000000000,478650,,,20363,847936,26466,478650,46829,1326503
75,2/26/2021 15:00:00,26677,874613,26110.000000000000000,504760,,,26677,874613,26110,504760,52787,1379290
76,2/27/2021 15:00:00,15945,890558,11091.000000000000000,515851,,,15945,890558,11091,515851,27036,1406326
77,2/28/2021 15:00:00,15487,906045,4836.000000000000000,520687,,,15487,906045,4836,520687,20323,1426649
78,3/1/2021 15:00:00,26201,932246,12369.000000000000000,533056,,,26201,932246,12369,533056,38570,1465219
79,3/2/2021 15:00:00,23797,956043,13205.000000000000000,546261,31.000000000000000,31.000000000000000,23828,956074,13236,546292,37033,1502252
80,3/3/2021 15:00:00,30034,986077,18319.000000000000000,564580,180.000000000000000,211.000000000000000,30214,986288,18499,564791,48533,1550785
81,3/4/2021 15:00:00,30907,1016984,18108.000000000000000,582688,4065.000000000000000,4276.000000000000000,34972,1021260,22173,586964,53080,1603865
82,3/5/2021 15:00:00,29374,1046358,19388.000000000000000,602076,4910.000000000000000,9186.000000000000000,34284,1055544,24298,611262,53672,1657537
83,3/6/2021 15:00:00,17809,1064167,8934.000000000000000,611010,6001.000000000000000,15187.000000000000000,23810,1079354,14935,626197,32744,1690281
84,3/7/2021 15:00:00,12092,1076259,4820.000000000000000,615830,6610.000000000000000,21797.000000000000000,18702,1098056,11430,637627,23522,1713803
85,3/8/2021 15:00:00,25798,1102057,8768.000000000000000,624598,8277.000000000000000,30074.000000000000000,34075,1132131,17045,654672,42843,1756646
86,3/9/2021 15:00:00,26049,1128106,15381.000000000000000,639979,8342.000000000000000,38416.000000000000000,34391,1166522,23723,678395,49772,1806418
87,3/10/2021 15:00:00,29779,1157885,15906.000000000000000,655885,7934.000000000000000,46350.000000000000000,37713,1204235,23840,702235,53619,1860037
88,3/11/2021 15:00:00,35889,1193774,16374.000000000000000,672259,3982.000000000000000,50332.000000000000000,39871,1244106,20356,722591,56245,1916282
89,3/12/2021 15:00:00,36842,1230616,17997.000000000000000,690256,2923.000000000000000,53255.000000000000000,39765,1283871,20920,743511,57762,1974044
90,3/13/2021 15:00:00,22624,1253240,10230.000000000000000,700486,1607.000000000000000,54862.000000000000000,24231,1308102,11837,755348,34461,2008505
91,3/14/2021 15:00:00,17822,1271062,6668.000000000000000,707154,996.000000000000000,55858.000000000000000,18818,1326920,7664,763012,25486,2033991
92,3/15/2021 15:00:00,29737,1300799,11210.000000000000000,718364,593.000000000000000,56451.000000000000000,30330,1357250,11803,774815,41540,2075531
93,3/16/2021 15:00:00,33355,1334154,13494.000000000000000,731858,762.000000000000000,57213.000000000000000,34117,1391367,14256,789071,47611,2123142
94,3/17/2021 15:00:00,37502,1371656,16952.000000000000000,748810,1174.000000000000000,58387.000000000000000,38676,1430043,18126,807197,55628,2178770
95,3/18/2021 15:00:00,41339,1412995,12540.000000000000000,761350,1348.000000000000000,59735.000000000000000,42687,1472730,13888,821085,55227,2233997
96,3/19/2021 15:00:00,38233,1451228,15339.000000000000000,776689,1034.000000000000000,60769.000000000000000,39267,1511997,16373,837458,54606,2288603
97,3/20/2021 15:00:00,24636,1475864,10065.000000000000000,786754,692.000000000000000,61461.000000000000000,25328,1537325,10757,848215,35393,2323996
98,3/21/2021 15:00:00,19126,1494990,7811.000000000000000,794565,332.000000000000000,61793.000000000000000,19458,1556783,8143,856358,27269,2351265
99,3/22/2021 15:00:00,32505,1527495,11407.000000000000000,805972,833.000000000000000,62626.000000000000000,33338,1590121,12240,868598,44745,2396010
100,3/23/2021 15:00:00,37705,1565200,17256.000000000000000,823228,1552.000000000000000,64178.000000000000000,39257,1629378,18808,887406,56513,2452523
101,3/24/2021 15:00:00,40999,1606199,21103.000000000000000,844331,1379.000000000000000,65557.000000000000000,42378,1671756,22482,909888,63481,2516004
102,3/25/2021 15:00:00,42278,1648477,20939.000000000000000,865270,2456.000000000000000,68013.000000000000000,44734,1716490,23395,933283,65673,2581677
103,3/26/2021 15:00:00,36538,1685015,26197.000000000000000,891467,2501.000000000000000,70514.000000000000000,39039,1755529,28698,961981,65236,2646913
104,3/27/2021 15:00:00,26890,1711905,16731.000000000000000,908198,2481.000000000000000,72995.000000000000000,29371,1784900,19212,981193,46102,2693015
105,3/28/2021 15:00:00,16995,1728900,12593.000000000000000,920791,1613.000000000000000,74608.000000000000000,18608,1803508,14206,995399,31201,2724216
106,3/29/2021 15:00:00,29669,1758569,26171.000000000000000,946962,1138.000000000000000,75746.000000000000000,30807,1834315,27309,1022708,56978,2781194
107,3/30/2021 15:00:00,39972,1798541,28877.000000000000000,975839,1853.000000000000000,77599.000000000000000,41825,1876140,30730,1053438,70702,2851896
108,3/31/2021 15:00:00,40974,1839515,34538.000000000000000,1010377,5747.000000000000000,83346.000000000000000,46721,1922861,40285,1093723,81259,2933155
109,4/1/2021 15:00:00,40810,1880325,39686.000000000000000,1050063,5621.000000000000000,88967.000000000000000,46431,1969292,45307,1139030,86117,3019272
110,4/2/2021 15:00:00,34909,1915234,32431.000000000000000,1082494,6108.000000000000000,95075.000000000000000,41017,2010309,38539,1177569,73448,3092720
111,4/3/2021 15:00:00,21584,1936818,18638.000000000000000,1101132,4364.000000000000000,99439.000000000000000,25948,2036257,23002,1200571,44586,3137306
112,4/4/2021 15:00:00,8225,1945043,10150.000000000000000,1111282,961.000000000000000,100400.000000000000000,9186,2045443,11111,1211682,19336,3156642
113,4/5/2021 15:00:00,27844,1972887,28791.000000000000000,1140073,6644.000000000000000,107044.000000000000000,34488,2079931,35435,1247117,63279,3219921
114,4/6/2021 15:00:00,39695,2012582,30343.000000000000000,1170416,10481.000000000000000,117525.000000000000000,50176,2130107,40824,1287941,80519,3300440
115,4/7/2021 15:00:00,35978,2048560,34123.000000000000000,1204539,12962.000000000000000,130487.000000000000000,48940,2179047,47085,1335026,83063,3383503
116,4/8/2021 15:00:00,42228,2090788,35941.000000000000000,1240480,13845.000000000000000,144332.000000000000000,56073,2235120,49786,1384812,92014,3475517
117,4/9/2021 15:00:00,33961,2124749,36222.000000000000000,1276702,14518.000000000000000,158850.000000000000000,48479,2283599,50740,1435552,84701,3560218
118,4/10/2021 15:00:00,23412,2148161,23068.000000000000000,1299770,7617.000000000000000,166467.000000000000000,31029,2314628,30685,1466237,54097,3614315
119,4/11/2021 15:00:00,17541,2165702,13244.000000000000000,1313014,10123.000000000000000,176590.000000000000000,27664,2342292,23367,1489604,40908,3655223
120,4/12/2021 15:00:00,24541,2190243,33081.000000000000000,1346095,10884.000000000000000,187474.000000000000000,35425,2377717,43965,1533569,68506,3723729
121,4/13/2021 15:00:00,126730,2316973,90512.000000000000000,1436607,3292.000000000000000,190766.000000000000000,130022,2507739,93804,1627373,220534,3944263
122,4/14/2021 15:00:00,40658,2357631,37693.000000000000000,1474300,210.000000000000000,190976.000000000000000,40868,2548607,37903,1665276,78561,4022824
123,4/15/2021 15:00:00,41645,2399276,39081.000000000000000,1513381,173.000000000000000,191149.000000000000000,41818,2590425,39254,1704530,80899,4103723
124,4/16/2021 15:00:00,37162,2436438,38659.000000000000000,1552040,23.000000000000000,191172.000000000000000,37185,2627610,38682,1743212,75844,4179567
125,4/17/2021 15:00:00,32756,2469194,21943.000000000000000,1573983,12.000000000000000,191184.000000000000000,32768,2660378,21955,1765167,54711,4234278
126,4/18/2021 15:00:00,20052,2489246,16158.000000000000000,1590141,5.000000000000000,191189.000000000000000,20057,2680435,16163,1781330,36215,4270493
127,4/19/2021 15:00:00,29856,2519102,36445.000000000000000,1626586,61.000000000000000,191250.000000000000000,29917,2710352,36506,1817836,66362,4336855
128,4/20/2021 15:00:00,33069,2552171,44108.000000000000000,1670694,54.000000000000000,191304.000000000000000,33123,2743475,44162,1861998,77231,4414086
129,4/21/2021 15:00:00,39757,2591928,46848.000000000000000,1717542,22.000000000000000,191326.000000000000000,39779,2783254,46870,1908868,86627,4500713
130,4/22/2021 15:00:00,36356,2628284,41910.000000000000000,1759452,16.000000000000000,191342.000000000000000,36372,2819626,41926,1950794,78282,4578995
131,4/23/2021 15:00:00,33067,2661351,39938.000000000000000,1799390,13.000000000000000,191355.000000000000000,33080,2852706,39951,1990745,73018,4652013
132,4/24/2021 15:00:00,26384,2687735,27796.000000000000000,1827186,80.000000000000000,191435.000000000000000,26464,2879170,27876,2018621,54260,4706273
133,4/25/2021 15:00:00,20208,2707943,10908.000000000000000,1838094,30.000000000000000,191465.000000000000000,20238,2899408,10938,2029559,31146,4737419
134,4/26/2021 15:00:00,27389,2735332,32569.000000000000000,1870663,202.000000000000000,191667.000000000000000,27591,2926999,32771,2062330,60160,4797579
135,4/27/2021 15:00:00,26690,2762022,32911.000000000000000,1903574,1096.000000000000000,192763.000000000000000,27786,2954785,34007,2096337,60697,4858276
136,4/28/2021 15:00:00,28900,2790922,39378.000000000000000,1942952,1362.000000000000000,194125.000000000000000,30262,2985047,40740,2137077,69640,4927916
137,4/29/2021 15:00:00,27291,2818213,39321.000000000000000,1982273,1462.000000000000000,195587.000000000000000,28753,3013800,40783,2177860,68074,4995990
138,4/30/2021 15:00:00,28156,2846369,32077.000000000000000,2014350,1642.000000000000000,197229.000000000000000,29798,3043598,33719,2211579,61875,5057865
139,5/1/2021 15:00:00,20426,2866795,26350.000000000000000,2040700,1024.000000000000000,198253.000000000000000,21450,3065048,27374,2238953,47800,5105665
140,5/2/2021 15:00:00,10268,2877063,16995.000000000000000,2057695,818.000000000000000,199071.000000000000000,11086,3076134,17813,2256766,28081,5133746
141,5/3/2021 15:00:00,12720,2889783,28369.000000000000000,2086064,1909.000000000000000,200980.000000000000000,14629,3090763,30278,2287044,42998,5176744
142,5/4/2021 15:00:00,13524,2903307,38358.000000000000000,2124422,1732.000000000000000,202712.000000000000000,15256,3106019,40090,2327134,53614,5230358
143,5/5/2021 15:00:00,19317,2922624,37624.000000000000000,2162046,1920.000000000000000,204632.000000000000000,21237,3127256,39544,2366678,58861,5289219
144,5/6/2021 15:00:00,16916,2939540,40480.000000000000000,2202526,1715.000000000000000,206347.000000000000000,18631,3145887,42195,2408873,59111,5348330
145,5/7/2021 15:00:00,17372,2956912,35934.000000000000000,2238460,1954.000000000000000,208301.000000000000000,19326,3165213,37888,2446761,55260,5403590
146,5/8/2021 15:00:00,10772,2967684,31140.000000000000000,2269600,1291.000000000000000,209592.000000000000000,12063,3177276,32431,2479192,43203,5446793
147,5/9/2021 15:00:00,5044,2972728,11888.000000000000000,2281488,695.000000000000000,210287.000000000000000,5739,3183015,12583,2491775,17627,5464420
148,5/10/2021 15:00:00,8931,2981659,30957.000000000000000,2312445,1357.000000000000000,211644.000000000000000,10288,3193303,32314,2524089,41245,5505665
149,5/11/2021 15:00:00,12178,2993837,30195.000000000000000,2342640,1435.000000000000000,213079.000000000000000,13613,3206916,31630,2555719,43808,5549473
150,5/12/2021 15:00:00,13929,3007766,38505.000000000000000,2381145,1914.000000000000000,214993.000000000000000,15843,3222759,40419,2596138,54348,5603821
151,5/13/2021 15:00:00,21806,3029572,33365.000000000000000,2414510,1346.000000000000000,216339.000000000000000,23152,3245911,34711,2630849,56517,5660338
152,5/14/2021 15:00:00,24324,3053896,29918.000000000000000,2444428,1770.000000000000000,218109.000000000000000,26094,3272005,31688,2662537,56012,5716350
153,5/15/2021 15:00:00,21874,3075770,25027.000000000000000,2469455,1489.000000000000000,219598.000000000000000,23363,3295368,26516,2689053,48390,5764740
154,5/16/2021 15:00:00,9067,3084837,17522.000000000000000,2486977,1111.000000000000000,220709.000000000000000,10178,3305546,18633,2707686,27700,5792440
155,5/17/2021 15:00:00,16820,3101657,28274.000000000000000,2515251,1948.000000000000000,222657.000000000000000,18768,3324314,30222,2737908,47042,5839482
156,5/18/2021 15:00:00,21238,3122895,30606.000000000000000,2545857,1942.000000000000000,224599.000000000000000,23180,3347494,32548,2770456,53786,5893268
157,5/19/2021 15:00:00,27571,3150466,32323.000000000000000,2578180,1623.000000000000000,226222.000000000000000,29194,3376688,33946,2804402,61517,5954785
158,5/20/2021 15:00:00,20778,3171244,33145.000000000000000,2611325,1963.000000000000000,228185.000000000000000,22741,3399429,35108,2839510,55886,6010671
159,5/21/2021 15:00:00,19132,3190376,30194.000000000000000,2641519,1606.000000000000000,229791.000000000000000,20738,3420167,31800,2871310,50932,6061603
160,5/22/2021 15:00:00,16899,3207275,20619.000000000000000,2662138,1269.000000000000000,231060.000000000000000,18168,3438335,21888,2893198,38787,6100390
161,5/23/2021 15:00:00,8749,3216024,11417.000000000000000,2673555,964.000000000000000,232024.000000000000000,9713,3448048,12381,2905579,21130,6121520
162,5/24/2021 15:00:00,13562,3229586,17695.000000000000000,2691250,1476.000000000000000,233500.000000000000000,15038,3463086,19171,2924750,32733,6154253
163,5/25/2021 15:00:00,13006,3242592,18618.000000000000000,2709868,1328.000000000000000,234828.000000000000000,14334,3477420,19946,2944696,32952,6187205
164,5/26/2021 15:00:00,18262,3260854,19401.000000000000000,2729269,1507.000000000000000,236335.000000000000000,19769,3497189,20908,2965604,39170,6226375
165,5/27/2021 15:00:00,11676,3272530,18606.000000000000000,2747875,1115.000000000000000,237450.000000000000000,12791,3509980,19721,2985325,31397,6257772
166,5/28/2021 15:00:00,12511,3285041,19689.000000000000000,2767564,1397.000000000000000,238847.000000000000000,13908,3523888,21086,3006411,33597,6291369
167,5/29/2021 15:00:00,9551,3294592,11616.000000000000000,2779180,934.000000000000000,239781.000000000000000,10485,3534373,12550,3018961,22101,6313470
168,5/30/2021 15:00:00,4968,3299560,6408.000000000000000,2785588,597.000000000000000,240378.000000000000000,5565,3539938,7005,3025966,11973,6325443
169,5/31/2021 15:00:00,1774,3301334,3700.000000000000000,2789288,305.000000000000000,240683.000000000000000,2079,3542017,4005,3029971,5779,6331222
170,6/1/2021 15:00:00,9763,3311097,16250.000000000000000,2805538,1150.000000000000000,241833.000000000000000,10913,3552930,17400,3047371,27163,6358385
171,6/2/2021 15:00:00,10224,3321321,16759.000000000000000,2822297,958.000000000000000,242791.000000000000000,11182,3564112,17717,3065088,27941,6386326
172,6/3/2021 15:00:00,7894,3329215,21122.000000000000000,2843419,1085.000000000000000,243876.000000000000000,8979,3573091,22207,3087295,30101,6416427
173,6/4/2021 15:00:00,8216,3337431,22221.000000000000000,2865640,1121.000000000000000,244997.000000000000000,9337,3582428,23342,3110637,31558,6447985
174,6/5/2021 15:00:00,7009,3344440,19395.000000000000000,2885035,718.000000000000000,245715.000000000000000,7727,3590155,20113,3130750,27122,6475107
175,6/6/2021 15:00:00,3467,3347907,7202.000000000000000,2892237,422.000000000000000,246137.000000000000000,3889,3594044,7624,3138374,11091,6486198
176,6/7/2021 15:00:00,6847,3354754,15715.000000000000000,2907952,725.000000000000000,246862.000000000000000,7572,3601616,16440,3154814,23287,6509485
177,6/8/2021 15:00:00,6672,3361426,19646.000000000000000,2927598,817.000000000000000,247679.000000000000000,7489,3609105,20463,3175277,27135,6536620
178,6/9/2021 15:00:00,8198,3369624,23878.000000000000000,2951476,968.000000000000000,248647.000000000000000,9166,3618271,24846,3200123,33044,6569664
179,6/10/2021 15:00:00,7163,3376787,19055.000000000000000,2970531,894.000000000000000,249541.000000000000000,8057,3626328,19949,3220072,27112,6596776
180,6/11/2021 15:00:00,7446,3384233,17672.000000000000000,2988203,1125.000000000000000,250666.000000000000000,8571,3634899,18797,3238869,26243,6623019
181,6/12/2021 15:00:00,5237,3389470,14705.000000000000000,3002908,604.000000000000000,251270.000000000000000,5841,3640740,15309,3254178,20546,6643565
182,6/13/2021 15:00:00,1932,3391402,7553.000000000000000,3010461,425.000000000000000,251695.000000000000000,2357,3643097,7978,3262156,9910,6653475
183,6/14/2021 15:00:00,5653,3397055,11800.000000000000000,3022261,728.000000000000000,252423.000000000000000,6381,3649478,12528,3274684,18181,6671656
184,6/15/2021 15:00:00,5642,3402697,14276.000000000000000,3036537,869.000000000000000,253292.000000000000000,6511,3655989,15145,3289829,20787,6692443
185,6/16/2021 15:00:00,8747,3411444,21530.000000000000000,3058067,757.000000000000000,254049.000000000000000,9504,3665493,22287,3312116,31034,6723477
186,6/17/2021 15:00:00,6673,3418117,12323.000000000000000,3070390,718.000000000000000,254767.000000000000000,7391,3672884,13041,3325157,19714,6743191
187,6/18/2021 15:00:00,6829,3424946,12687.000000000000000,3083077,703.000000000000000,255470.000000000000000,7532,3680416,13390,3338547,20219,6763410
188,6/19/2021 15:00:00,4656,3429602,9350.000000000000000,3092427,614.000000000000000,256084.000000000000000,5270,3685686,9964,3348511,14620,6778030
189,6/20/2021 15:00:00,2499,3432101,5032.000000000000000,3097459,378.000000000000000,256462.000000000000000,2877,3688563,5410,3353921,7909,6785939
190,6/21/2021 15:00:00,5547,3437648,5307.000000000000000,3102766,636.000000000000000,257098.000000000000000,6183,3694746,5943,3359864,11490,6797429
191,6/22/2021 15:00:00,5189,3442837,8830.000000000000000,3111596,681.000000000000000,257779.000000000000000,5870,3700616,9511,3369375,14700,6812129
192,6/23/2021 15:00:00,6056,3448893,10285.000000000000000,3121881,642.000000000000000,258421.000000000000000,6698,3707314,10927,3380302,16983,6829112
193,6/24/2021 15:00:00,5921,3454814,8171.000000000000000,3130052,593.000000000000000,259014.000000000000000,6514,3713828,8764,3389066,14685,6843797
194,6/25/2021 15:00:00,5826,3460640,8606.000000000000000,3138658,620.000000000000000,259634.000000000000000,6446,3720274,9226,3398292,15052,6858849
195,6/26/2021 15:00:00,3698,3464338,6284.000000000000000,3144942,396.000000000000000,260030.000000000000000,4094,3724368,6680,3404972,10378,6869227
196,6/27/2021 15:00:00,2801,3467139,3510.000000000000000,3148452,183.000000000000000,260213.000000000000000,2984,3727352,3693,3408665,6494,6875721
197,6/28/2021 15:00:00,4728,3471867,6075.000000000000000,3154527,521.000000000000000,260734.000000000000000,5249,3732601,6596,3415261,11324,6887045
198,6/29/2021 15:00:00,5055,3476922,6428.000000000000000,3160955,517.000000000000000,261251.000000000000000,5572,3738173,6945,3422206,12000,6899045
199,6/30/2021 15:00:00,5599,3482521,7355.000000000000000,3168310,602.000000000000000,261853.000000000000000,6201,3744374,7957,3430163,13556,6912601
200,7/1/2021 15:00:00,5326,3487847,6900.000000000000000,3175210,489.000000000000000,262342.000000000000000,5815,3750189,7389,3437552,12715,6925316
201,7/2/2021 15:00:00,5282,3493129,6797.000000000000000,3182007,519.000000000000000,262861.000000000000000,5801,3755990,7316,3444868,12598,6937914
202,7/3/2021 15:00:00,3259,3496388,4045.000000000000000,3186052,260.000000000000000,263121.000000000000000,3519,3759509,4305,3449173,7564,6945478
203,7/4/2021 15:00:00,493,3496881,542.000000000000000,3186594,66.000000000000000,263187.000000000000000,559,3760068,608,3449781,1101,6946579
204,7/5/2021 15:00:00,3749,3500630,3939.000000000000000,3190533,282.000000000000000,263469.000000000000000,4031,3764099,4221,3454002,7970,6954549
205,7/6/2021 15:00:00,4474,3505104,6220.000000000000000,3196753,450.000000000000000,263919.000000000000000,4924,3769023,6670,3460672,11144,6965693
206,7/7/2021 15:00:00,4453,3509557,6365.000000000000000,3203118,483.000000000000000,264402.000000000000000,4936,3773959,6848,3467520,11301,6976994
207,7/8/2021 15:00:00,4828,3514385,6121.000000000000000,3209239,563.000000000000000,264965.000000000000000,5391,3779350,6684,3474204,11512,6988506
208,7/9/2021 15:00:00,5347,3519732,6604.000000000000000,3215843,572.000000000000000,265537.000000000000000,5919,3785269,7176,3481380,12523,7001029
209,7/10/2021 15:00:00,3517,3523249,4370.000000000000000,3220213,301.000000000000000,265838.000000000000000,3818,3789087,4671,3486051,8188,7009217
210,7/11/2021 15:00:00,2663,3525912,2552.000000000000000,3222765,222.000000000000000,266060.000000000000000,2885,3791972,2774,3488825,5437,7014654
211,7/12/2021 15:00:00,4406,3530318,5088.000000000000000,3227853,374.000000000000000,266434.000000000000000,4780,3796752,5462,3494287,9868,7024522
212,7/13/2021 15:00:00,4743,3535061,4580.000000000000000,3232433,364.000000000000000,266798.000000000000000,5107,3801859,4944,3499231,9687,7034209
213,7/14/2021 15:00:00,4600,3539661,5242.000000000000000,3237675,422.000000000000000,267220.000000000000000,5022,3806881,5664,3504895,10264,7044473
214,7/15/2021 15:00:00,4871,3544532,4964.000000000000000,3242639,356.000000000000000,267576.000000000000000,5227,3812108,5320,3510215,10191,7054664
215,7/16/2021 15:00:00,6271,3550803,5800.000000000000000,3248439,401.000000000000000,267977.000000000000000,6672,3818780,6201,3516416,12472,7067136
216,7/17/2021 15:00:00,3403,3554206,3537.000000000000000,3251976,299.000000000000000,268276.000000000000000,3702,3822482,3836,3520252,7239,7074375
217,7/18/2021 15:00:00,2301,3556507,2363.000000000000000,3254339,110.000000000000000,268386.000000000000000,2411,3824893,2473,3522725,4774,7079149
218,7/19/2021 15:00:00,5244,3561751,4457.000000000000000,3258796,376.000000000000000,268762.000000000000000,5620,3830513,4833,3527558,10077,7089226
219,7/20/2021 15:00:00,5327,3567078,4679.000000000000000,3263475,366.000000000000000,269128.000000000000000,5693,3836206,5045,3532603,10372,7099598
220,7/21/2021 15:00:00,5632,3572710,4891.000000000000000,3268366,415.000000000000000,269543.000000000000000,6047,3842253,5306,3537909,10938,7110536
221,7/22/2021 15:00:00,6007,3578717,4596.000000000000000,3272962,468.000000000000000,270011.000000000000000,6475,3848728,5064,3542973,11071,7121607
222,7/23/2021 15:00:00,6823,3585540,4807.000000000000000,3277769,489.000000000000000,270500.000000000000000,7312,3856040,5296,3548269,12119,7133726
223,7/24/2021 15:00:00,4276,3589816,3186.000000000000000,3280955,267.000000000000000,270767.000000000000000,4543,3860583,3453,3551722,7729,7141455
224,7/25/2021 15:00:00,3290,3593106,1106.000000000000000,3282061,138.000000000000000,270905.000000000000000,3428,3864011,1244,3552966,4534,7145989
225,7/26/2021 15:00:00,6196,3599302,3876.000000000000000,3285937,413.000000000000000,271318.000000000000000,6609,3870620,4289,3557255,10485,7156474
226,7/27/2021 15:00:00,6341,3605643,4034.000000000000000,3289971,453.000000000000000,271771.000000000000000,6794,3877414,4487,3561742,10828,7167302
227,7/28/2021 15:00:00,6796,3612439,3987.000000000000000,3293958,458.000000000000000,272229.000000000000000,7254,3884668,4445,3566187,11241,7178543
228,7/29/2021 15:00:00,6804,3619243,4127.000000000000000,3298085,415.000000000000000,272644.000000000000000,7219,3891887,4542,3570729,11346,7189889
229,7/30/2021 15:00:00,7520,3626763,4496.000000000000000,3302581,521.000000000000000,273165.000000000000000,8041,3899928,5017,3575746,12537,7202426
230,7/31/2021 15:00:00,4778,3631541,3027.000000000000000,3305608,272.000000000000000,273437.000000000000000,5050,3904978,3299,3579045,8077,7210503
231,8/1/2021 15:00:00,3800,3635341,2094.000000000000000,3307702,157.000000000000000,273594.000000000000000,3957,3908935,2251,3581296,6051,7216554
232,8/2/2021 15:00:00,7005,3642346,3621.000000000000000,3311323,335.000000000000000,273929.000000000000000,7340,3916275,3956,3585252,10961,7227515
233,8/3/2021 15:00:00,6988,3649334,3889.000000000000000,3315212,508.000000000000000,274437.000000000000000,7496,3923771,4397,3589649,11385,7238900
234,8/4/2021 15:00:00,7155,3656489,3880.000000000000000,3319092,528.000000000000000,274965.000000000000000,7683,3931454,4408,3594057,11563,7250463
235,8/5/2021 15:00:00,7661,3664150,4094.000000000000000,3323186,535.000000000000000,275500.000000000000000,8196,3939650,4629,3598686,12290,7262753
236,8/6/2021 15:00:00,8280,3672430,4675.000000000000000,3327861,449.000000000000000,275949.000000000000000,8729,3948379,5124,3603810,13404,7276157
237,8/7/2021 15:00:00,5242,3677672,2786.000000000000000,3330647,264.000000000000000,276213.000000000000000,5506,3953885,3050,3606860,8292,7284449
238,8/8/2021 15:00:00,3949,3681621,2035.000000000000000,3332682,141.000000000000000,276354.000000000000000,4090,3957975,2176,3609036,6125,7290574
239,8/9/2021 15:00:00,6910,3688531,4491.000000000000000,3337173,364.000000000000000,276718.000000000000000,7274,3965249,4855,3613891,11765,7302339
240,8/10/2021 15:00:00,7114,3695645,4425.000000000000000,3341598,336.000000000000000,277054.000000000000000,7450,3972699,4761,3618652,11875,7314214
241,8/11/2021 15:00:00,7024,3702669,4414.000000000000000,3346012,438.000000000000000,277492.000000000000000,7462,3980161,4852,3623504,11876,7326090
242,8/12/2021 15:00:00,8560,3711229,4694.000000000000000,3350706,441.000000000000000,277933.000000000000000,9001,3989162,5135,3628639,13695,7339785
243,8/13/2021 15:00:00,7106,3718335,5320.000000000000000,3356026,389.000000000000000,278322.000000000000000,7495,3996657,5709,3634348,12815,7352600
244,8/14/2021 15:00:00,4914,3723249,3326.000000000000000,3359352,285.000000000000000,278607.000000000000000,5199,4001856,3611,3637959,8525,7361125
245,8/15/2021 15:00:00,3314,3726563,2722.000000000000000,3362074,163.000000000000000,278770.000000000000000,3477,4005333,2885,3640844,6199,7367324
246,8/16/2021 15:00:00,5412,3731975,5061.000000000000000,3367135,349.000000000000000,279119.000000000000000,5761,4011094,5410,3646254,10822,7378146
247,8/17/2021 15:00:00,6937,3738912,5162.000000000000000,3372297,387.000000000000000,279506.000000000000000,7324,4018418,5549,3651803,12486,7390632
248,8/18/2021 15:00:00,6501,3745413,5270.000000000000000,3377567,472.000000000000000,279978.000000000000000,6973,4025391,5742,3657545,12243,7402875
249,8/19/2021 15:00:00,5973,3751386,5304.000000000000000,3382871,410.000000000000000,280388.000000000000000,6383,4031774,5714,3663259,11687,7414562
250,8/20/2021 15:00:00,7022,3758408,6296.000000000000000,3389167,401.000000000000000,280789.000000000000000,7423,4039197,6697,3669956,13719,7428281
251,8/21/2021 15:00:00,4311,3762719,3898.000000000000000,3393065,225.000000000000000,281014.000000000000000,4536,4043733,4123,3674079,8434,7436715
252,8/22/2021 15:00:00,3061,3765780,3153.000000000000000,3396218,109.000000000000000,281123.000000000000000,3170,4046903,3262,3677341,6323,7443038
253,8/23/2021 15:00:00,6152,3771932,5898.000000000000000,3402116,285.000000000000000,281408.000000000000000,6437,4053340,6183,3683524,12335,7455373
254,8/24/2021 15:00:00,6631,3778563,5853.000000000000000,3407969,423.000000000000000,281831.000000000000000,7054,4060394,6276,3689800,12907,7468280
255,8/25/2021 15:00:00,6884,3785447,5985.000000000000000,3413954,438.000000000000000,282269.000000000000000,7322,4067716,6423,3696223,13307,7481587
256,8/26/2021 15:00:00,7163,3792610,6405.000000000000000,3420359,427.000000000000000,282696.000000000000000,7590,4075306,6832,3703055,13995,7495582
257,8/27/2021 15:00:00,6851,3799461,6998.000000000000000,3427357,315.000000000000000,283011.000000000000000,7166,4082472,7313,3710368,14164,7509746
258,8/28/2021 15:00:00,6898,3806359,6473.000000000000000,3433830,326.000000000000000,283337.000000000000000,7224,4089696,6799,3717167,13697,7523443
259,8/29/2021 15:00:00,3739,3810098,3672.000000000000000,3437502,611.000000000000000,283948.000000000000000,4350,4094046,4283,3721450,8022,7531465
260,8/30/2021 15:00:00,5939,3816037,6074.000000000000000,3443576,959.000000000000000,284907.000000000000000,6898,4100944,7033,3728483,12972,7544437
261,8/31/2021 15:00:00,5686,3821723,5904.000000000000000,3449480,944.000000000000000,285851.000000000000000,6630,4107574,6848,3735331,12534,7556971
262,9/1/2021 15:00:00,5537,3827260,5555.000000000000000,3455035,905.000000000000000,286756.000000000000000,6442,4114016,6460,3741791,11997,7568968
263,9/2/2021 15:00:00,5534,3832794,5871.000000000000000,3460906,700.000000000000000,287456.000000000000000,6234,4120250,6571,3748362,12105,7581073
264,9/3/2021 15:00:00,5986,3838780,6870.000000000000000,3467776,971.000000000000000,288427.000000000000000,6957,4127207,7841,3756203,13827,7594900
265,9/4/2021 15:00:00,3713,3842493,4313.000000000000000,3472089,875.000000000000000,289302.000000000000000,4588,4131795,5188,3761391,8901,7603801
266,9/5/2021 15:00:00,2948,3845441,2789.000000000000000,3474878,104.000000000000000,289406.000000000000000,3052,4134847,2893,3764284,5841,7609642
267,9/6/2021 15:00:00,1050,3846491,1138.000000000000000,3476016,62.000000000000000,289468.000000000000000,1112,4135959,1200,3765484,2250,7611892
268,9/7/2021 15:00:00,5296,3851787,7233.000000000000000,3483249,2303.000000000000000,291771.000000000000000,7599,4143558,9536,3775020,14832,7626724
269,9/8/2021 15:00:00,4658,3856445,5429.000000000000000,3488678,365.000000000000000,292136.000000000000000,5023,4148581,5794,3780814,10452,7637176
270,9/9/2021 15:00:00,5068,3861513,5341.000000000000000,3494019,322.000000000000000,292458.000000000000000,5390,4153971,5663,3786477,10731,7647907
271,9/10/2021 15:00:00,6529,3868042,6578.000000000000000,3500597,1712.000000000000000,294170.000000000000000,8241,4162212,8290,3794767,14819,7662726
272,9/11/2021 15:00:00,4042,3872084,4310.000000000000000,3504907,663.000000000000000,294833.000000000000000,4705,4166917,4973,3799740,9015,7671741
273,9/12/2021 15:00:00,3141,3875225,3225.000000000000000,3508132,436.000000000000000,295269.000000000000000,3577,4170494,3661,3803401,6802,7678543
274,9/13/2021 15:00:00,4660,3879885,4820.000000000000000,3512952,345.000000000000000,295614.000000000000000,5005,4175499,5165,3808566,9825,7688368
275,9/14/2021 15:00:00,4575,3884460,5176.000000000000000,3518128,432.000000000000000,296046.000000000000000,5007,4180506,5608,3814174,10183,7698551
276,9/15/2021 15:00:00,4843,3889303,5581.000000000000000,3523709,387.000000000000000,296433.000000000000000,5230,4185736,5968,3820142,10811,7709362
277,9/16/2021 15:00:00,4588,3893891,5590.000000000000000,3529299,331.000000000000000,296764.000000000000000,4919,4190655,5921,3826063,10509,7719871
278,9/17/2021 15:00:00,5036,3898927,6317.000000000000000,3535616,341.000000000000000,297105.000000000000000,5377,4196032,6658,3832721,11694,7731565
279,9/18/2021 15:00:00,3772,3902699,4554.000000000000000,3540170,186.000000000000000,297291.000000000000000,3958,4199990,4740,3837461,8512,7740077
280,9/19/2021 15:00:00,2744,3905443,3152.000000000000000,3543322,75.000000000000000,297366.000000000000000,2819,4202809,3227,3840688,5971,7746048
281,9/20/2021 15:00:00,3537,3908980,4454.000000000000000,3547776,427.000000000000000,297793.000000000000000,3964,4206773,4881,3845569,8418,7754466
282,9/21/2021 15:00:00,3782,3912762,4794.000000000000000,3552570,325.000000000000000,298118.000000000000000,4107,4210880,5119,3850688,8901,7763367
283,9/22/2021 15:00:00,4186,3916948,4737.000000000000000,3557307,459.000000000000000,298577.000000000000000,4645,4215525,5196,3855884,9382,7772749
284,9/23/2021 15:00:00,4176,3921124,4684.000000000000000,3561991,489.000000000000000,299066.000000000000000,4665,4220190,5173,3861057,9349,7782098
285,9/24/2021 15:00:00,5061,3926185,5560.000000000000000,3567551,422.000000000000000,299488.000000000000000,5483,4225673,5982,3867039,11043,7793141
286,9/25/2021 15:00:00,3624,3929809,3622.000000000000000,3571173,384.000000000000000,299872.000000000000000,4008,4229681,4006,3871045,7630,7800771
287,9/26/2021 15:00:00,2359,3932168,2651.000000000000000,3573824,421.000000000000000,300293.000000000000000,2780,4232461,3072,3874117,5431,7806202
288,9/27/2021 15:00:00,4498,3936666,2678.000000000000000,3576502,507.000000000000000,300800.000000000000000,5005,4237466,3185,3877302,7683,7813885
289,9/28/2021 15:00:00,4395,3941061,4382.000000000000000,3580884,211.000000000000000,301011.000000000000000,4606,4242072,4593,3881895,8988,7822873
290,9/29/2021 15:00:00,4694,3945755,4475.000000000000000,3585359,918.000000000000000,301929.000000000000000,5612,4247684,5393,3887288,10087,7832960
291,9/30/2021 15:00:00,4870,3950625,4533.000000000000000,3589892,791.000000000000000,302720.000000000000000,5661,4253345,5324,3892612,10194,7843154
292,10/1/2021 15:00:00,5416,3956041,5255.000000000000000,3595147,778.000000000000000,303498.000000000000000,6194,4259539,6033,3898645,11449,7854603
293,10/2/2021 15:00:00,2936,3958977,2882.000000000000000,3598029,187.000000000000000,303685.000000000000000,3123,4262662,3069,3901714,6005,7860608
294,10/3/2021 15:00:00,2056,3961033,2249.000000000000000,3600278,86.000000000000000,303771.000000000000000,2142,4264804,2335,3904049,4391,7864999
295,10/4/2021 15:00:00,4144,3965177,3356.000000000000000,3603634,233.000000000000000,304004.000000000000000,4377,4269181,3589,3907638,7733,7872732
296,10/5/2021 15:00:00,4047,3969224,3556.000000000000000,3607190,204.000000000000000,304208.000000000000000,4251,4273432,3760,3911398,7807,7880539
297,10/6/2021 15:00:00,4114,3973338,3473.000000000000000,3610663,263.000000000000000,304471.000000000000000,4377,4277809,3736,3915134,7850,7888389
298,10/7/2021 15:00:00,4349,3977687,3486.000000000000000,3614149,329.000000000000000,304800.000000000000000,4678,4282487,3815,3918949,8164,7896553
299,10/8/2021 15:00:00,4910,3982597,4095.000000000000000,3618244,281.000000000000000,305081.000000000000000,5191,4287678,4376,3923325,9286,7905839
300,10/9/2021 15:00:00,2678,3985275,2662.000000000000000,3620906,270.000000000000000,305351.000000000000000,2948,4290626,2932,3926257,5610,7911449
301,10/10/2021 15:00:00,1862,3987137,1839.000000000000000,3622745,59.000000000000000,305410.000000000000000,1921,4292547,1898,3928155,3760,7915209
302,10/11/2021 15:00:00,4360,3991497,3176.000000000000000,3625921,246.000000000000000,305656.000000000000000,4606,4297153,3422,3931577,7782,7922991
303,10/12/2021 15:00:00,3721,3995218,3315.000000000000000,3629236,268.000000000000000,305924.000000000000000,3989,4301142,3583,3935160,7304,7930295
304,10/13/2021 15:00:00,3963,3999181,3420.000000000000000,3632656,344.000000000000000,306268.000000000000000,4307,4305449,3764,3938924,7727,7938022
305,10/14/2021 15:00:00,5143,4004324,5432.000000000000000,3638088,424.000000000000000,306692.000000000000000,5567,4311016,5856,3944780,10999,7949021
306,10/15/2021 15:00:00,4705,4009029,4538.000000000000000,3642626,345.000000000000000,307037.000000000000000,5050,4316066,4883,3949663,9588,7958609
307,10/16/2021 15:00:00,2488,4011517,2485.000000000000000,3645111,288.000000000000000,307325.000000000000000,2776,4318842,2773,3952436,5261,7963870
308,10/17/2021 15:00:00,1799,4013316,1765.000000000000000,3646876,53.000000000000000,307378.000000000000000,1852,4320694,1818,3954254,3617,7967487
309,10/18/2021 15:00:00,4290,4017606,3543.000000000000000,3650419,266.000000000000000,307644.000000000000000,4556,4325250,3809,3958063,8099,7975586
310,10/19/2021 15:00:00,4305,4021911,4014.000000000000000,3654433,221.000000000000000,307865.000000000000000,4526,4329776,4235,3962298,8540,7984126
311,10/20/2021 15:00:00,3518,4025429,3404.000000000000000,3657837,253.000000000000000,308118.000000000000000,3771,4333547,3657,3965955,7175,7991301
312,10/21/2021 15:00:00,3296,4028725,3229.000000000000000,3661066,290.000000000000000,308408.000000000000000,3586,4337133,3519,3969474,6815,7998116
313,10/22/2021 15:00:00,4692,4033417,4001.000000000000000,3665067,475.000000000000000,308883.000000000000000,5167,4342300,4476,3973950,9168,8007284
314,10/23/2021 15:00:00,2899,4036316,2119.000000000000000,3667186,321.000000000000000,309204.000000000000000,3220,4345520,2440,3976390,5339,8012623
315,10/24/2021 15:00:00,2044,4038360,1551.000000000000000,3668737,77.000000000000000,309281.000000000000000,2121,4347641,1628,3978018,3672,8016295
316,10/25/2021 15:00:00,4523,4042883,3076.000000000000000,3671813,314.000000000000000,309595.000000000000000,4837,4352478,3390,3981408,7913,8024208
317,10/26/2021 15:00:00,4503,4047386,3124.000000000000000,3674937,308.000000000000000,309903.000000000000000,4811,4357289,3432,3984840,7935,8032143
318,10/27/2021 15:00:00,4695,4052081,3336.000000000000000,3678273,428.000000000000000,310331.000000000000000,5123,4362412,3764,3988604,8459,8040602
319,10/28/2021 15:00:00,4527,4056608,3374.000000000000000,3681647,493.000000000000000,310824.000000000000000,5020,4367432,3867,3992471,8394,8048996
320,10/29/2021 15:00:00,4931,4061539,3871.000000000000000,3685518,388.000000000000000,311212.000000000000000,5319,4372751,4259,3996730,9190,8058186
321,10/30/2021 15:00:00,2619,4064158,1832.000000000000000,3687350,307.000000000000000,311519.000000000000000,2926,4375677,2139,3998869,4758,8062944
322,10/31/2021 15:00:00,1929,4066087,1495.000000000000000,3688845,93.000000000000000,311612.000000000000000,2022,4377699,1588,4000457,3517,8066461
323,11/1/2021 15:00:00,4542,4070629,3424.000000000000000,3692269,329.000000000000000,311941.000000000000000,4871,4382570,3753,4004210,8295,8074756
324,11/2/2021 15:00:00,4219,4074848,2992.000000000000000,3695261,397.000000000000000,312338.000000000000000,4616,4387186,3389,4007599,7608,8082364
325,11/3/2021 15:00:00,4559,4079407,3091.000000000000000,3698352,452.000000000000000,312790.000000000000000,5011,4392197,3543,4011142,8102,8090466
326,11/4/2021 15:00:00,5953,4085360,3380.000000000000000,3701732,508.000000000000000,313298.000000000000000,6461,4398658,3888,4015030,9841,8100307
327,11/5/2021 15:00:00,7731,4093091,3787.000000000000000,3705519,401.000000000000000,313699.000000000000000,8132,4406790,4188,4019218,11919,8112226
328,11/6/2021 15:00:00,9791,4102882,1950.000000000000000,3707469,297.000000000000000,313996.000000000000000,10088,4416878,2247,4021465,12038,8124264
329,11/7/2021 15:00:00,7396,4110278,1387.000000000000000,3708856,91.000000000000000,314087.000000000000000,7487,4424365,1478,4022943,8874,8133138
330,11/8/2021 15:00:00,11024,4121302,3040.000000000000000,3711896,358.000000000000000,314445.000000000000000,11382,4435747,3398,4026341,14422,8147560
331,11/9/2021 15:00:00,11269,4132571,2615.000000000000000,3714511,244.000000000000000,314689.000000000000000,11513,4447260,2859,4029200,14128,8161688
332,11/10/2021 15:00:00,12001,4144572,2711.000000000000000,3717222,318.000000000000000,315007.000000000000000,12319,4459579,3029,4032229,15030,8176718
333,11/11/2021 15:00:00,10700,4155272,2357.000000000000000,3719579,266.000000000000000,315273.000000000000000,10966,4470545,2623,4034852,13323,8190041
334,11/12/2021 15:00:00,11421,4166693,3316.000000000000000,3722895,527.000000000000000,315800.000000000000000,11948,4482493,3843,4038695,15264,8205305
335,11/13/2021 15:00:00,9016,4175709,1487.000000000000000,3724382,330.000000000000000,316130.000000000000000,9346,4491839,1817,4040512,10833,8216138
336,11/14/2021 15:00:00,3137,4178846,1038.000000000000000,3725420,106.000000000000000,316236.000000000000000,3243,4495082,1144,4041656,4281,8220419
337,11/15/2021 15:00:00,7424,4186270,2397.000000000000000,3727817,185.000000000000000,316421.000000000000000,7609,4502691,2582,4044238,10006,8230425
338,11/16/2021 15:00:00,4426,4190696,1130.000000000000000,3728947,146.000000000000000,316567.000000000000000,4572,4507263,1276,4045514,5702,8236127