OBJECTID,VACCINATION_DATE,FirstDailyDose,FirstDoseCumulative,SecondDailyDose,SecondDoseCumulative,SingleDailyDose,SingleDoseCumulative,AtleastOneVaccine,AtleastOneVaccineCumulative,CompletedVax,CompletedVaxCumulative,FirstSecondSingleVaccination_12,FirstSecondSingleVaccination_13
1,12/14/2020 15:00:00,14,790,,319,,,14,790,0,319,14,1021
2,12/15/2020 15:00:00,39,829,2.000000000000000,321,,,39,829,2,321,41,1062
3,12/16/2020 15:00:00,568,1397,2.000000000000000,323,,,568,1397,2,323,570,1632
4,12/17/2020 15:00:00,1121,2518,2.000000000000000,325,,,1121,2518,2,325,1123,2755
5,12/18/2020 15:00:00,2988,5506,9.000000000000000,334,,,2988,5506,9,334,2997,5752
6,12/19/2020 15:00:00,916,6422,5.000000000000000,339,,,916,6422,5,339,921,6673
7,12/20/2020 15:00:00,321,6743,3.000000000000000,342,,,321,6743,3,342,324,6997
8,12/21/2020 15:00:00,3834,10577,12.000000000000000,354,,,3834,10577,12,354,3846,10843
9,12/22/2020 15:00:00,6305,16882,9.000000000000000,363,,,6305,16882,9,363,6314,17157
10,12/23/2020 15:00:00,5710,22592,23.000000000000000,386,,,5710,22592,23,386,5733,22890
11,12/24/2020 15:00:00,2703,25295,8.000000000000000,394,,,2703,25295,8,394,2711,25601
12,12/25/2020 15:00:00,1033,26328,3.000000000000000,397,,,1033,26328,3,397,1036,26637
13,12/26/2020 15:00:00,1853,28181,6.000000000000000,403,,,1853,28181,6,403,1859,28496
14,12/27/2020 15:00:00,1783,29964,9.000000000000000,412,,,1783,29964,9,412,1792,30288
15,12/28/2020 15:00:00,8905,38869,31.000000000000000,443,,,8905,38869,31,443,8936,39224
16,12/29/2020 15:00:00,10888,49757,27.000000000000000,470,,,10888,49757,27,470,10915,50139
17,12/30/2020 15:00:00,12413,62170,55.000000000000000,525,,,12413,62170,55,525,12468,62607
18,12/31/2020 15:00:00,7488,69658,27.000000000000000,552,,,7488,69658,27,552,7515,70122
19,1/1/2021 15:00:00,2281,71939,89.000000000000000,641,,,2281,71939,89,641,2370,72492
20,1/2/2021 15:00:00,2931,74870,32.000000000000000,673,,,2931,74870,32,673,2963,75455
21,1/3/2021 15:00:00,3347,78217,76.000000000000000,749,,,3347,78217,76,749,3423,78878
22,1/4/2021 15:00:00,13204,91421,298.000000000000000,1047,,,13204,91421,298,1047,13502,92380
23,1/5/2021 15:00:00,12337,103758,495.000000000000000,1542,,,12337,103758,495,1542,12832,105212
24,1/6/2021 15:00:00,15099,118857,818.000000000000000,2360,,,15099,118857,818,2360,15917,121129
25,1/7/2021 15:00:00,14909,133766,1703.000000000000000,4063,,,14909,133766,1703,4063,16612,137741
26,1/8/2021 15:00:00,23888,157654,2710.000000000000000,6773,,,23888,157654,2710,6773,26598,164339
27,1/9/2021 15:00:00,5096,162750,934.000000000000000,7707,,,5096,162750,934,7707,6030,170369
28,1/10/2021 15:00:00,2886,165636,362.000000000000000,8069,,,2886,165636,362,8069,3248,173617
29,1/11/2021 15:00:00,13632,179268,3385.000000000000000,11454,,,13632,179268,3385,11454,17017,190634
30,1/12/2021 15:00:00,17218,196486,5549.000000000000000,17003,,,17218,196486,5549,17003,22767,213401
31,1/13/2021 15:00:00,18447,214933,3827.000000000000000,20830,,,18447,214933,3827,20830,22274,235675
32,1/14/2021 15:00:00,17754,232687,1898.000000000000000,22728,,,17754,232687,1898,22728,19652,255327
33,1/15/2021 15:00:00,19404,252091,1922.000000000000000,24650,,,19404,252091,1922,24650,21326,276653
34,1/16/2021 15:00:00,5738,257829,1567.000000000000000,26217,,,5738,257829,1567,26217,7305,283958
35,1/17/2021 15:00:00,2082,259911,1460.000000000000000,27677,,,2082,259911,1460,27677,3542,287500
36,1/18/2021 15:00:00,6998,266909,3210.000000000000000,30887,,,6998,266909,3210,30887,10208,297708
37,1/19/2021 15:00:00,17102,284011,5293.000000000000000,36180,,,17102,284011,5293,36180,22395,320103
38,1/20/2021 15:00:00,21176,305187,5209.000000000000000,41389,,,21176,305187,5209,41389,26385,346488
39,1/21/2021 15:00:00,23735,328922,3636.000000000000000,45025,,,23735,328922,3636,45025,27371,373859
40,1/22/2021 15:00:00,28785,357707,3545.000000000000000,48570,,,28785,357707,3545,48570,32330,406189
41,1/23/2021 15:00:00,9993,367700,1888.000000000000000,50458,,,9993,367700,1888,50458,11881,418070
42,1/24/2021 15:00:00,3304,371004,1697.000000000000000,52155,,,3304,371004,1697,52155,5001,423071
43,1/25/2021 15:00:00,16576,387580,8453.000000000000000,60608,,,16576,387580,8453,60608,25029,448100
44,1/26/2021 15:00:00,17841,405421,8848.000000000000000,69456,,,17841,405421,8848,69456,26689,474789
45,1/27/2021 15:00:00,25001,430422,12334.000000000000000,81790,,,25001,430422,12334,81790,37335,512124
46,1/28/2021 15:00:00,23243,453665,9168.000000000000000,90958,,,23243,453665,9168,90958,32411,544535
47,1/29/2021 15:00:00,25476,479141,7744.000000000000000,98702,,,25476,479141,7744,98702,33220,577755
48,1/30/2021 15:00:00,18391,497532,2459.000000000000000,101161,,,18391,497532,2459,101161,20850,598605
49,1/31/2021 15:00:00,4106,501638,1276.000000000000000,102437,,,4106,501638,1276,102437,5382,603987
50,2/1/2021 15:00:00,7459,509097,4874.000000000000000,107311,,,7459,509097,4874,107311,12333,616320
51,2/2/2021 15:00:00,12737,521834,13664.000000000000000,120975,,,12737,521834,13664,120975,26401,642721
52,2/3/2021 15:00:00,18623,540457,18006.000000000000000,138981,,,18623,540457,18006,138981,36629,679350
53,2/4/2021 15:00:00,22407,562864,15655.000000000000000,154636,,,22407,562864,15655,154636,38062,717412
54,2/5/2021 15:00:00,20483,583347,17343.000000000000000,171979,,,20483,583347,17343,171979,37826,755238
55,2/6/2021 15:00:00,12086,595433,14358.000000000000000,186337,,,12086,595433,14358,186337,26444,781682
56,2/7/2021 15:00:00,5944,601377,1746.000000000000000,188083,,,5944,601377,1746,188083,7690,789372
57,2/8/2021 15:00:00,13245,614622,13053.000000000000000,201136,,,13245,614622,13053,201136,26298,815670
58,2/9/2021 15:00:00,16647,631269,13952.000000000000000,215088,,,16647,631269,13952,215088,30599,846269
59,2/10/2021 15:00:00,19235,650504,21335.000000000000000,236423,,,19235,650504,21335,236423,40570,886839
60,2/11/2021 15:00:00,22836,673340,17459.000000000000000,253882,,,22836,673340,17459,253882,40295,927134
61,2/12/2021 15:00:00,20339,693679,19802.000000000000000,273684,,,20339,693679,19802,273684,40141,967275
62,2/13/2021 15:00:00,11345,705024,6314.000000000000000,279998,,,11345,705024,6314,279998,17659,984934
63,2/14/2021 15:00:00,7062,712086,2054.000000000000000,282052,,,7062,712086,2054,282052,9116,994050
64,2/15/2021 15:00:00,11668,723754,13166.000000000000000,295218,,,11668,723754,13166,295218,24834,1018884
65,2/16/2021 15:00:00,16538,740292,21616.000000000000000,316834,,,16538,740292,21616,316834,38154,1057038
66,2/17/2021 15:00:00,20594,760886,27084.000000000000000,343918,,,20594,760886,27084,343918,47678,1104716
67,2/18/2021 15:00:00,3146,764032,4700.000000000000000,348618,,,3146,764032,4700,348618,7846,1112562
68,2/19/2021 15:00:00,10230,774262,20353.000000000000000,368971,,,10230,774262,20353,368971,30583,1143145
69,2/20/2021 15:00:00,10281,784543,20821.000000000000000,389792,,,10281,784543,20821,389792,31102,1174247
70,2/21/2021 15:00:00,6140,790683,7899.000000000000000,397691,,,6140,790683,7899,397691,14039,1188286
71,2/22/2021 15:00:00,8058,798741,15837.000000000000000,413528,,,8058,798741,15837,413528,23895,1212181
72,2/23/2021 15:00:00,15554,814295,16425.000000000000000,429953,,,15554,814295,16425,429953,31979,1244160
73,2/24/2021 15:00:00,17936,832231,25120.000000000000000,455073,,,17936,832231,25120,455073,43056,1287216
74,2/25/2021 15:00:00,20370,852601,26840.000000000000000,481913,,,20370,852601,26840,481913,47210,1334426
75,2/26/2021 15:00:00,26795,879396,26389.000000000000000,508302,,,26795,879396,26389,508302,53184,1387610
76,2/27/2021 15:00:00,16077,895473,11658.000000000000000,519960,,,16077,895473,11658,519960,27735,1415345
77,2/28/2021 15:00:00,15479,910952,4784.000000000000000,524744,,,15479,910952,4784,524744,20263,1435608
78,3/1/2021 15:00:00,25608,936560,12377.000000000000000,537121,,,25608,936560,12377,537121,37985,1473593
79,3/2/2021 15:00:00,23933,960493,13252.000000000000000,550373,29.000000000000000,29.000000000000000,23962,960522,13281,550402,37214,1510807
80,3/3/2021 15:00:00,30124,990617,18310.000000000000000,568683,169.000000000000000,198.000000000000000,30293,990815,18479,568881,48603,1559410
81,3/4/2021 15:00:00,31014,1021631,18067.000000000000000,586750,4060.000000000000000,4258.000000000000000,35074,1025889,22127,591008,53141,1612551
82,3/5/2021 15:00:00,29487,1051118,19305.000000000000000,606055,4902.000000000000000,9160.000000000000000,34389,1060278,24207,615215,53694,1666245
83,3/6/2021 15:00:00,17723,1068841,8884.000000000000000,614939,5983.000000000000000,15143.000000000000000,23706,1083984,14867,630082,32590,1698835
84,3/7/2021 15:00:00,12050,1080891,4772.000000000000000,619711,6610.000000000000000,21753.000000000000000,18660,1102644,11382,641464,23432,1722267
85,3/8/2021 15:00:00,26139,1107030,8696.000000000000000,628407,8283.000000000000000,30036.000000000000000,34422,1137066,16979,658443,43118,1765385
86,3/9/2021 15:00:00,26347,1133377,15321.000000000000000,643728,8340.000000000000000,38376.000000000000000,34687,1171753,23661,682104,50008,1815393
87,3/10/2021 15:00:00,30072,1163449,15845.000000000000000,659573,7936.000000000000000,46312.000000000000000,38008,1209761,23781,705885,53853,1869246
88,3/11/2021 15:00:00,36153,1199602,16336.000000000000000,675909,4032.000000000000000,50344.000000000000000,40185,1249946,20368,726253,56521,1925767
89,3/12/2021 15:00:00,37131,1236733,17950.000000000000000,693859,2917.000000000000000,53261.000000000000000,40048,1289994,20867,747120,57998,1983765
90,3/13/2021 15:00:00,22570,1259303,10169.000000000000000,704028,1594.000000000000000,54855.000000000000000,24164,1314158,11763,758883,34333,2018098
91,3/14/2021 15:00:00,17832,1277135,6631.000000000000000,710659,990.000000000000000,55845.000000000000000,18822,1332980,7621,766504,25453,2043551
92,3/15/2021 15:00:00,29935,1307070,11263.000000000000000,721922,592.000000000000000,56437.000000000000000,30527,1363507,11855,778359,41790,2085341
93,3/16/2021 15:00:00,33569,1340639,13485.000000000000000,735407,764.000000000000000,57201.000000000000000,34333,1397840,14249,792608,47818,2133159
94,3/17/2021 15:00:00,37694,1378333,16920.000000000000000,752327,1178.000000000000000,58379.000000000000000,38872,1436712,18098,810706,55792,2188951
95,3/18/2021 15:00:00,41430,1419763,12547.000000000000000,764874,1353.000000000000000,59732.000000000000000,42783,1479495,13900,824606,55330,2244281
96,3/19/2021 15:00:00,38256,1458019,15534.000000000000000,780408,1041.000000000000000,60773.000000000000000,39297,1518792,16575,841181,54831,2299112
97,3/20/2021 15:00:00,24481,1482500,9972.000000000000000,790380,1117.000000000000000,61890.000000000000000,25598,1544390,11089,852270,35570,2334682
98,3/21/2021 15:00:00,19107,1501607,7757.000000000000000,798137,326.000000000000000,62216.000000000000000,19433,1563823,8083,860353,27190,2361872
99,3/22/2021 15:00:00,32567,1534174,11559.000000000000000,809696,827.000000000000000,63043.000000000000000,33394,1597217,12386,872739,44953,2406825
100,3/23/2021 15:00:00,37770,1571944,17391.000000000000000,827087,1542.000000000000000,64585.000000000000000,39312,1636529,18933,891672,56703,2463528
101,3/24/2021 15:00:00,41141,1613085,21090.000000000000000,848177,1371.000000000000000,65956.000000000000000,42512,1679041,22461,914133,63602,2527130
102,3/25/2021 15:00:00,42455,1655540,20957.000000000000000,869134,2513.000000000000000,68469.000000000000000,44968,1724009,23470,937603,65925,2593055
103,3/26/2021 15:00:00,36584,1692124,26406.000000000000000,895540,2498.000000000000000,70967.000000000000000,39082,1763091,28904,966507,65488,2658543
104,3/27/2021 15:00:00,27823,1719947,16823.000000000000000,912363,2765.000000000000000,73732.000000000000000,30588,1793679,19588,986095,47411,2705954
105,3/28/2021 15:00:00,17003,1736950,12545.000000000000000,924908,1613.000000000000000,75345.000000000000000,18616,1812295,14158,1000253,31161,2737115
106,3/29/2021 15:00:00,29736,1766686,26446.000000000000000,951354,1133.000000000000000,76478.000000000000000,30869,1843164,27579,1027832,57315,2794430
107,3/30/2021 15:00:00,40057,1806743,29083.000000000000000,980437,1848.000000000000000,78326.000000000000000,41905,1885069,30931,1058763,70988,2865418
108,3/31/2021 15:00:00,41052,1847795,34775.000000000000000,1015212,5741.000000000000000,84067.000000000000000,46793,1931862,40516,1099279,81568,2946986
109,4/1/2021 15:00:00,40398,1888193,39527.000000000000000,1054739,5588.000000000000000,89655.000000000000000,45986,1977848,45115,1144394,85513,3032499
110,4/2/2021 15:00:00,34907,1923100,32656.000000000000000,1087395,6082.000000000000000,95737.000000000000000,40989,2018837,38738,1183132,73645,3106144
111,4/3/2021 15:00:00,21561,1944661,18593.000000000000000,1105988,4424.000000000000000,100161.000000000000000,25985,2044822,23017,1206149,44578,3150722
112,4/4/2021 15:00:00,8265,1952926,10126.000000000000000,1116114,956.000000000000000,101117.000000000000000,9221,2054043,11082,1217231,19347,3170069
113,4/5/2021 15:00:00,27938,1980864,29006.000000000000000,1145120,6631.000000000000000,107748.000000000000000,34569,2088612,35637,1252868,63575,3233644
114,4/6/2021 15:00:00,39863,2020727,30503.000000000000000,1175623,10469.000000000000000,118217.000000000000000,50332,2138944,40972,1293840,80835,3314479
115,4/7/2021 15:00:00,36144,2056871,34177.000000000000000,1209800,12937.000000000000000,131154.000000000000000,49081,2188025,47114,1340954,83258,3397737
116,4/8/2021 15:00:00,42410,2099281,35993.000000000000000,1245793,13854.000000000000000,145008.000000000000000,56264,2244289,49847,1390801,92257,3489994
117,4/9/2021 15:00:00,34105,2133386,36303.000000000000000,1282096,14489.000000000000000,159497.000000000000000,48594,2292883,50792,1441593,84897,3574891
118,4/10/2021 15:00:00,23990,2157376,22966.000000000000000,1305062,7616.000000000000000,167113.000000000000000,31606,2324489,30582,1472175,54572,3629463
119,4/11/2021 15:00:00,17545,2174921,13232.000000000000000,1318294,10619.000000000000000,177732.000000000000000,28164,2352653,23851,1496026,41396,3670859
120,4/12/2021 15:00:00,24681,2199602,33110.000000000000000,1351404,10934.000000000000000,188666.000000000000000,35615,2388268,44044,1540070,68725,3739584
121,4/13/2021 15:00:00,126918,2326520,90628.000000000000000,1442032,3292.000000000000000,191958.000000000000000,130210,2518478,93920,1633990,220838,3960422
122,4/14/2021 15:00:00,40808,2367328,37809.000000000000000,1479841,207.000000000000000,192165.000000000000000,41015,2559493,38016,1672006,78824,4039246
123,4/15/2021 15:00:00,41837,2409165,39168.000000000000000,1519009,169.000000000000000,192334.000000000000000,42006,2601499,39337,1711343,81174,4120420
124,4/16/2021 15:00:00,37348,2446513,38710.000000000000000,1557719,22.000000000000000,192356.000000000000000,37370,2638869,38732,1750075,76080,4196500
125,4/17/2021 15:00:00,32987,2479500,21905.000000000000000,1579624,11.000000000000000,192367.000000000000000,32998,2671867,21916,1771991,54903,4251403
126,4/18/2021 15:00:00,20007,2499507,16123.000000000000000,1595747,4.000000000000000,192371.000000000000000,20011,2691878,16127,1788118,36134,4287537
127,4/19/2021 15:00:00,29952,2529459,36502.000000000000000,1632249,61.000000000000000,192432.000000000000000,30013,2721891,36563,1824681,66515,4354052
128,4/20/2021 15:00:00,33101,2562560,44053.000000000000000,1676302,54.000000000000000,192486.000000000000000,33155,2755046,44107,1868788,77208,4431260
129,4/21/2021 15:00:00,39795,2602355,46827.000000000000000,1723129,21.000000000000000,192507.000000000000000,39816,2794862,46848,1915636,86643,4517903
130,4/22/2021 15:00:00,36404,2638759,41847.000000000000000,1764976,16.000000000000000,192523.000000000000000,36420,2831282,41863,1957499,78267,4596170
131,4/23/2021 15:00:00,33131,2671890,39924.000000000000000,1804900,12.000000000000000,192535.000000000000000,33143,2864425,39936,1997435,73067,4669237
132,4/24/2021 15:00:00,26346,2698236,28551.000000000000000,1833451,80.000000000000000,192615.000000000000000,26426,2890851,28631,2026066,54977,4724214
133,4/25/2021 15:00:00,20189,2718425,10879.000000000000000,1844330,30.000000000000000,192645.000000000000000,20219,2911070,10909,2036975,31098,4755312
134,4/26/2021 15:00:00,27406,2745831,32703.000000000000000,1877033,203.000000000000000,192848.000000000000000,27609,2938679,32906,2069881,60312,4815624
135,4/27/2021 15:00:00,26714,2772545,32974.000000000000000,1910007,1094.000000000000000,193942.000000000000000,27808,2966487,34068,2103949,60782,4876406
136,4/28/2021 15:00:00,28973,2801518,39460.000000000000000,1949467,1359.000000000000000,195301.000000000000000,30332,2996819,40819,2144768,69792,4946198
137,4/29/2021 15:00:00,27385,2828903,39342.000000000000000,1988809,1463.000000000000000,196764.000000000000000,28848,3025667,40805,2185573,68190,5014388
138,4/30/2021 15:00:00,28209,2857112,32048.000000000000000,2020857,1637.000000000000000,198401.000000000000000,29846,3055513,33685,2219258,61894,5076282
139,5/1/2021 15:00:00,20224,2877336,26550.000000000000000,2047407,1007.000000000000000,199408.000000000000000,21231,3076744,27557,2246815,47781,5124063
140,5/2/2021 15:00:00,10250,2887586,16975.000000000000000,2064382,818.000000000000000,200226.000000000000000,11068,3087812,17793,2264608,28043,5152106
141,5/3/2021 15:00:00,13057,2900643,29696.000000000000000,2094078,1914.000000000000000,202140.000000000000000,14971,3102783,31610,2296218,44667,5196773
142,5/4/2021 15:00:00,14212,2914855,39468.000000000000000,2133546,1730.000000000000000,203870.000000000000000,15942,3118725,41198,2337416,55410,5252183
143,5/5/2021 15:00:00,19306,2934161,37723.000000000000000,2171269,1913.000000000000000,205783.000000000000000,21219,3139944,39636,2377052,58942,5311125
144,5/6/2021 15:00:00,16982,2951143,40527.000000000000000,2211796,1710.000000000000000,207493.000000000000000,18692,3158636,42237,2419289,59219,5370344
145,5/7/2021 15:00:00,17406,2968549,35978.000000000000000,2247774,1952.000000000000000,209445.000000000000000,19358,3177994,37930,2457219,55336,5425680
146,5/8/2021 15:00:00,10773,2979322,31115.000000000000000,2278889,1291.000000000000000,210736.000000000000000,12064,3190058,32406,2489625,43179,5468859
147,5/9/2021 15:00:00,5049,2984371,11854.000000000000000,2290743,695.000000000000000,211431.000000000000000,5744,3195802,12549,2502174,17598,5486457
148,5/10/2021 15:00:00,8939,2993310,31087.000000000000000,2321830,1358.000000000000000,212789.000000000000000,10297,3206099,32445,2534619,41384,5527841
149,5/11/2021 15:00:00,12185,3005495,30257.000000000000000,2352087,1443.000000000000000,214232.000000000000000,13628,3219727,31700,2566319,43885,5571726
150,5/12/2021 15:00:00,13916,3019411,38517.000000000000000,2390604,1909.000000000000000,216141.000000000000000,15825,3235552,40426,2606745,54342,5626068
151,5/13/2021 15:00:00,21806,3041217,33367.000000000000000,2423971,1353.000000000000000,217494.000000000000000,23159,3258711,34720,2641465,56526,5682594
152,5/14/2021 15:00:00,24313,3065530,29935.000000000000000,2453906,1770.000000000000000,219264.000000000000000,26083,3284794,31705,2673170,56018,5738612
153,5/15/2021 15:00:00,21841,3087371,24978.000000000000000,2478884,1532.000000000000000,220796.000000000000000,23373,3308167,26510,2699680,48351,5786963
154,5/16/2021 15:00:00,9052,3096423,17491.000000000000000,2496375,1114.000000000000000,221910.000000000000000,10166,3318333,18605,2718285,27657,5814620
155,5/17/2021 15:00:00,16838,3113261,28345.000000000000000,2524720,1948.000000000000000,223858.000000000000000,18786,3337119,30293,2748578,47131,5861751
156,5/18/2021 15:00:00,21248,3134509,30667.000000000000000,2555387,1944.000000000000000,225802.000000000000000,23192,3360311,32611,2781189,53859,5915610
157,5/19/2021 15:00:00,27568,3162077,32337.000000000000000,2587724,1623.000000000000000,227425.000000000000000,29191,3389502,33960,2815149,61528,5977138
158,5/20/2021 15:00:00,20776,3182853,33232.000000000000000,2620956,1962.000000000000000,229387.000000000000000,22738,3412240,35194,2850343,55970,6033108
159,5/21/2021 15:00:00,19147,3202000,30183.000000000000000,2651139,1612.000000000000000,230999.000000000000000,20759,3432999,31795,2882138,50942,6084050
160,5/22/2021 15:00:00,16878,3218878,20575.000000000000000,2671714,1270.000000000000000,232269.000000000000000,18148,3451147,21845,2903983,38723,6122773
161,5/23/2021 15:00:00,8744,3227622,11391.000000000000000,2683105,959.000000000000000,233228.000000000000000,9703,3460850,12350,2916333,21094,6143867
162,5/24/2021 15:00:00,13456,3241078,17839.000000000000000,2700944,1480.000000000000000,234708.000000000000000,14936,3475786,19319,2935652,32775,6176642
163,5/25/2021 15:00:00,12885,3253963,18758.000000000000000,2719702,1328.000000000000000,236036.000000000000000,14213,3489999,20086,2955738,32971,6209613
164,5/26/2021 15:00:00,18253,3272216,19414.000000000000000,2739116,1510.000000000000000,237546.000000000000000,19763,3509762,20924,2976662,39177,6248790
165,5/27/2021 15:00:00,11670,3283886,18609.000000000000000,2757725,1132.000000000000000,238678.000000000000000,12802,3522564,19741,2996403,31411,6280201
166,5/28/2021 15:00:00,12468,3296354,19719.000000000000000,2777444,1401.000000000000000,240079.000000000000000,13869,3536433,21120,3017523,33588,6313789
167,5/29/2021 15:00:00,9536,3305890,11596.000000000000000,2789040,936.000000000000000,241015.000000000000000,10472,3546905,12532,3030055,22068,6335857
168,5/30/2021 15:00:00,4892,3310782,6462.000000000000000,2795502,596.000000000000000,241611.000000000000000,5488,3552393,7058,3037113,11950,6347807
169,5/31/2021 15:00:00,1769,3312551,3679.000000000000000,2799181,305.000000000000000,241916.000000000000000,2074,3554467,3984,3041097,5753,6353560
170,6/1/2021 15:00:00,9344,3321895,16527.000000000000000,2815708,1141.000000000000000,243057.000000000000000,10485,3564952,17668,3058765,27012,6380572
171,6/2/2021 15:00:00,10132,3332027,16783.000000000000000,2832491,958.000000000000000,244015.000000000000000,11090,3576042,17741,3076506,27873,6408445
172,6/3/2021 15:00:00,7885,3339912,21145.000000000000000,2853636,1083.000000000000000,245098.000000000000000,8968,3585010,22228,3098734,30113,6438558
173,6/4/2021 15:00:00,8214,3348126,22140.000000000000000,2875776,1125.000000000000000,246223.000000000000000,9339,3594349,23265,3121999,31479,6470037
174,6/5/2021 15:00:00,6981,3355107,19355.000000000000000,2895131,718.000000000000000,246941.000000000000000,7699,3602048,20073,3142072,27054,6497091
175,6/6/2021 15:00:00,3470,3358577,7167.000000000000000,2902298,418.000000000000000,247359.000000000000000,3888,3605936,7585,3149657,11055,6508146
176,6/7/2021 15:00:00,6819,3365396,15697.000000000000000,2917995,726.000000000000000,248085.000000000000000,7545,3613481,16423,3166080,23242,6531388
177,6/8/2021 15:00:00,6677,3372073,19680.000000000000000,2937675,816.000000000000000,248901.000000000000000,7493,3620974,20496,3186576,27173,6558561
178,6/9/2021 15:00:00,8197,3380270,23822.000000000000000,2961497,968.000000000000000,249869.000000000000000,9165,3630139,24790,3211366,32987,6591548
179,6/10/2021 15:00:00,7163,3387433,19051.000000000000000,2980548,897.000000000000000,250766.000000000000000,8060,3638199,19948,3231314,27111,6618659
180,6/11/2021 15:00:00,7436,3394869,17651.000000000000000,2998199,1124.000000000000000,251890.000000000000000,8560,3646759,18775,3250089,26211,6644870
181,6/12/2021 15:00:00,5230,3400099,14670.000000000000000,3012869,602.000000000000000,252492.000000000000000,5832,3652591,15272,3265361,20502,6665372
182,6/13/2021 15:00:00,1929,3402028,7548.000000000000000,3020417,426.000000000000000,252918.000000000000000,2355,3654946,7974,3273335,9903,6675275
183,6/14/2021 15:00:00,5651,3407679,11768.000000000000000,3032185,724.000000000000000,253642.000000000000000,6375,3661321,12492,3285827,18143,6693418
184,6/15/2021 15:00:00,5629,3413308,14290.000000000000000,3046475,858.000000000000000,254500.000000000000000,6487,3667808,15148,3300975,20777,6714195
185,6/16/2021 15:00:00,8709,3422017,21472.000000000000000,3067947,752.000000000000000,255252.000000000000000,9461,3677269,22224,3323199,30933,6745128
186,6/17/2021 15:00:00,6665,3428682,12347.000000000000000,3080294,720.000000000000000,255972.000000000000000,7385,3684654,13067,3336266,19732,6764860
187,6/18/2021 15:00:00,6831,3435513,12620.000000000000000,3092914,694.000000000000000,256666.000000000000000,7525,3692179,13314,3349580,20145,6785005
188,6/19/2021 15:00:00,4659,3440172,9335.000000000000000,3102249,614.000000000000000,257280.000000000000000,5273,3697452,9949,3359529,14608,6799613
189,6/20/2021 15:00:00,2499,3442671,5018.000000000000000,3107267,377.000000000000000,257657.000000000000000,2876,3700328,5395,3364924,7894,6807507
190,6/21/2021 15:00:00,5534,3448205,5294.000000000000000,3112561,634.000000000000000,258291.000000000000000,6168,3706496,5928,3370852,11462,6818969
191,6/22/2021 15:00:00,5184,3453389,8836.000000000000000,3121397,681.000000000000000,258972.000000000000000,5865,3712361,9517,3380369,14701,6833670
192,6/23/2021 15:00:00,6050,3459439,10253.000000000000000,3131650,641.000000000000000,259613.000000000000000,6691,3719052,10894,3391263,16944,6850614
193,6/24/2021 15:00:00,5916,3465355,8162.000000000000000,3139812,590.000000000000000,260203.000000000000000,6506,3725558,8752,3400015,14668,6865282
194,6/25/2021 15:00:00,5805,3471160,8571.000000000000000,3148383,620.000000000000000,260823.000000000000000,6425,3731983,9191,3409206,14996,6880278
195,6/26/2021 15:00:00,3699,3474859,6254.000000000000000,3154637,393.000000000000000,261216.000000000000000,4092,3736075,6647,3415853,10346,6890624
196,6/27/2021 15:00:00,2791,3477650,3526.000000000000000,3158163,182.000000000000000,261398.000000000000000,2973,3739048,3708,3419561,6499,6897123
197,6/28/2021 15:00:00,4720,3482370,6070.000000000000000,3164233,521.000000000000000,261919.000000000000000,5241,3744289,6591,3426152,11311,6908434
198,6/29/2021 15:00:00,5048,3487418,6480.000000000000000,3170713,517.000000000000000,262436.000000000000000,5565,3749854,6997,3433149,12045,6920479
199,6/30/2021 15:00:00,5585,3493003,7383.000000000000000,3178096,603.000000000000000,263039.000000000000000,6188,3756042,7986,3441135,13571,6934050
200,7/1/2021 15:00:00,5250,3498253,6888.000000000000000,3184984,484.000000000000000,263523.000000000000000,5734,3761776,7372,3448507,12622,6946672
201,7/2/2021 15:00:00,5258,3503511,6809.000000000000000,3191793,515.000000000000000,264038.000000000000000,5773,3767549,7324,3455831,12582,6959254
202,7/3/2021 15:00:00,3255,3506766,4057.000000000000000,3195850,260.000000000000000,264298.000000000000000,3515,3771064,4317,3460148,7572,6966826
203,7/4/2021 15:00:00,492,3507258,536.000000000000000,3196386,66.000000000000000,264364.000000000000000,558,3771622,602,3460750,1094,6967920
204,7/5/2021 15:00:00,3742,3511000,3954.000000000000000,3200340,280.000000000000000,264644.000000000000000,4022,3775644,4234,3464984,7976,6975896
205,7/6/2021 15:00:00,4458,3515458,6200.000000000000000,3206540,447.000000000000000,265091.000000000000000,4905,3780549,6647,3471631,11105,6987001
206,7/7/2021 15:00:00,4448,3519906,6342.000000000000000,3212882,477.000000000000000,265568.000000000000000,4925,3785474,6819,3478450,11267,6998268
207,7/8/2021 15:00:00,4810,3524716,6093.000000000000000,3218975,561.000000000000000,266129.000000000000000,5371,3790845,6654,3485104,11464,7009732
208,7/9/2021 15:00:00,5326,3530042,6599.000000000000000,3225574,569.000000000000000,266698.000000000000000,5895,3796740,7168,3492272,12494,7022226
209,7/10/2021 15:00:00,3519,3533561,4361.000000000000000,3229935,301.000000000000000,266999.000000000000000,3820,3800560,4662,3496934,8181,7030407
210,7/11/2021 15:00:00,2655,3536216,2547.000000000000000,3232482,221.000000000000000,267220.000000000000000,2876,3803436,2768,3499702,5423,7035830
211,7/12/2021 15:00:00,4395,3540611,5095.000000000000000,3237577,373.000000000000000,267593.000000000000000,4768,3808204,5468,3505170,9863,7045693
212,7/13/2021 15:00:00,4732,3545343,4565.000000000000000,3242142,358.000000000000000,267951.000000000000000,5090,3813294,4923,3510093,9655,7055348
213,7/14/2021 15:00:00,4594,3549937,5217.000000000000000,3247359,417.000000000000000,268368.000000000000000,5011,3818305,5634,3515727,10228,7065576
214,7/15/2021 15:00:00,4868,3554805,4943.000000000000000,3252302,356.000000000000000,268724.000000000000000,5224,3823529,5299,3521026,10167,7075743
215,7/16/2021 15:00:00,6264,3561069,5790.000000000000000,3258092,399.000000000000000,269123.000000000000000,6663,3830192,6189,3527215,12453,7088196
216,7/17/2021 15:00:00,3409,3564478,3536.000000000000000,3261628,298.000000000000000,269421.000000000000000,3707,3833899,3834,3531049,7243,7095439
217,7/18/2021 15:00:00,2301,3566779,2364.000000000000000,3263992,107.000000000000000,269528.000000000000000,2408,3836307,2471,3533520,4772,7100211
218,7/19/2021 15:00:00,5217,3571996,4454.000000000000000,3268446,371.000000000000000,269899.000000000000000,5588,3841895,4825,3538345,10042,7110253
219,7/20/2021 15:00:00,5323,3577319,4664.000000000000000,3273110,365.000000000000000,270264.000000000000000,5688,3847583,5029,3543374,10352,7120605
220,7/21/2021 15:00:00,5603,3582922,4904.000000000000000,3278014,410.000000000000000,270674.000000000000000,6013,3853596,5314,3548688,10917,7131522
221,7/22/2021 15:00:00,5984,3588906,4616.000000000000000,3282630,401.000000000000000,271075.000000000000000,6385,3859981,5017,3553705,11001,7142523
222,7/23/2021 15:00:00,6819,3595725,4842.000000000000000,3287472,485.000000000000000,271560.000000000000000,7304,3867285,5327,3559032,12146,7154669
223,7/24/2021 15:00:00,4260,3599985,3189.000000000000000,3290661,265.000000000000000,271825.000000000000000,4525,3871810,3454,3562486,7714,7162383
224,7/25/2021 15:00:00,3282,3603267,1121.000000000000000,3291782,138.000000000000000,271963.000000000000000,3420,3875230,1259,3563745,4541,7166924
225,7/26/2021 15:00:00,6180,3609447,3894.000000000000000,3295676,410.000000000000000,272373.000000000000000,6590,3881820,4304,3568049,10484,7177408
226,7/27/2021 15:00:00,6332,3615779,4052.000000000000000,3299728,449.000000000000000,272822.000000000000000,6781,3888601,4501,3572550,10833,7188241
227,7/28/2021 15:00:00,6764,3622543,3993.000000000000000,3303721,453.000000000000000,273275.000000000000000,7217,3895818,4446,3576996,11210,7199451
228,7/29/2021 15:00:00,6777,3629320,4126.000000000000000,3307847,409.000000000000000,273684.000000000000000,7186,3903004,4535,3581531,11312,7210763
229,7/30/2021 15:00:00,7462,3636782,4496.000000000000000,3312343,515.000000000000000,274199.000000000000000,7977,3910981,5011,3586542,12473,7223236
230,7/31/2021 15:00:00,4702,3641484,3012.000000000000000,3315355,269.000000000000000,274468.000000000000000,4971,3915952,3281,3589823,7983,7231219
231,8/1/2021 15:00:00,3710,3645194,2064.000000000000000,3317419,151.000000000000000,274619.000000000000000,3861,3919813,2215,3592038,5925,7237144
232,8/2/2021 15:00:00,6964,3652158,3638.000000000000000,3321057,332.000000000000000,274951.000000000000000,7296,3927109,3970,3596008,10934,7248078
233,8/3/2021 15:00:00,6944,3659102,3879.000000000000000,3324936,501.000000000000000,275452.000000000000000,7445,3934554,4380,3600388,11324,7259402
234,8/4/2021 15:00:00,7140,3666242,3885.000000000000000,3328821,524.000000000000000,275976.000000000000000,7664,3942218,4409,3604797,11549,7270951
235,8/5/2021 15:00:00,7602,3673844,4106.000000000000000,3332927,532.000000000000000,276508.000000000000000,8134,3950352,4638,3609435,12240,7283191
236,8/6/2021 15:00:00,8226,3682070,4679.000000000000000,3337606,440.000000000000000,276948.000000000000000,8666,3959018,5119,3614554,13345,7296536
237,8/7/2021 15:00:00,5216,3687286,2781.000000000000000,3340387,260.000000000000000,277208.000000000000000,5476,3964494,3041,3617595,8257,7304793
238,8/8/2021 15:00:00,3920,3691206,2041.000000000000000,3342428,140.000000000000000,277348.000000000000000,4060,3968554,2181,3619776,6101,7310894
239,8/9/2021 15:00:00,6889,3698095,4486.000000000000000,3346914,358.000000000000000,277706.000000000000000,7247,3975801,4844,3624620,11733,7322627
240,8/10/2021 15:00:00,7048,3705143,4421.000000000000000,3351335,331.000000000000000,278037.000000000000000,7379,3983180,4752,3629372,11800,7334427
241,8/11/2021 15:00:00,6994,3712137,4401.000000000000000,3355736,438.000000000000000,278475.000000000000000,7432,3990612,4839,3634211,11833,7346260
242,8/12/2021 15:00:00,8526,3720663,4674.000000000000000,3360410,436.000000000000000,278911.000000000000000,8962,3999574,5110,3639321,13636,7359896
243,8/13/2021 15:00:00,7038,3727701,5304.000000000000000,3365714,356.000000000000000,279267.000000000000000,7394,4006968,5660,3644981,12698,7372594
244,8/14/2021 15:00:00,4843,3732544,3308.000000000000000,3369022,256.000000000000000,279523.000000000000000,5099,4012067,3564,3648545,8407,7381001
245,8/15/2021 15:00:00,3261,3735805,2704.000000000000000,3371726,161.000000000000000,279684.000000000000000,3422,4015489,2865,3651410,6126,7387127
246,8/16/2021 15:00:00,5356,3741161,5045.000000000000000,3376771,341.000000000000000,280025.000000000000000,5697,4021186,5386,3656796,10742,7397869
247,8/17/2021 15:00:00,6882,3748043,5171.000000000000000,3381942,383.000000000000000,280408.000000000000000,7265,4028451,5554,3662350,12436,7410305
248,8/18/2021 15:00:00,6447,3754490,5247.000000000000000,3387189,458.000000000000000,280866.000000000000000,6905,4035356,5705,3668055,12152,7422457
249,8/19/2021 15:00:00,5939,3760429,5281.000000000000000,3392470,406.000000000000000,281272.000000000000000,6345,4041701,5687,3673742,11626,7434083
250,8/20/2021 15:00:00,6923,3767352,6274.000000000000000,3398744,397.000000000000000,281669.000000000000000,7320,4049021,6671,3680413,13594,7447677
251,8/21/2021 15:00:00,4268,3771620,3891.000000000000000,3402635,223.000000000000000,281892.000000000000000,4491,4053512,4114,3684527,8382,7456059
252,8/22/2021 15:00:00,3011,3774631,3102.000000000000000,3405737,108.000000000000000,282000.000000000000000,3119,4056631,3210,3687737,6221,7462280
253,8/23/2021 15:00:00,6121,3780752,5862.000000000000000,3411599,281.000000000000000,282281.000000000000000,6402,4063033,6143,3693880,12264,7474544
254,8/24/2021 15:00:00,6545,3787297,5803.000000000000000,3417402,421.000000000000000,282702.000000000000000,6966,4069999,6224,3700104,12769,7487313
255,8/25/2021 15:00:00,6812,3794109,5940.000000000000000,3423342,413.000000000000000,283115.000000000000000,7225,4077224,6353,3706457,13165,7500478
256,8/26/2021 15:00:00,7113,3801222,6348.000000000000000,3429690,421.000000000000000,283536.000000000000000,7534,4084758,6769,3713226,13882,7514360
257,8/27/2021 15:00:00,6770,3807992,6935.000000000000000,3436625,303.000000000000000,283839.000000000000000,7073,4091831,7238,3720464,14008,7528368
258,8/28/2021 15:00:00,6877,3814869,6449.000000000000000,3443074,322.000000000000000,284161.000000000000000,7199,4099030,6771,3727235,13648,7542016
259,8/29/2021 15:00:00,3730,3818599,3654.000000000000000,3446728,611.000000000000000,284772.000000000000000,4341,4103371,4265,3731500,7995,7550011
260,8/30/2021 15:00:00,5885,3824484,6040.000000000000000,3452768,942.000000000000000,285714.000000000000000,6827,4110198,6982,3738482,12867,7562878
261,8/31/2021 15:00:00,5631,3830115,5865.000000000000000,3458633,941.000000000000000,286655.000000000000000,6572,4116770,6806,3745288,12437,7575315
262,9/1/2021 15:00:00,5404,3835519,5520.000000000000000,3464153,869.000000000000000,287524.000000000000000,6273,4123043,6389,3751677,11793,7587108
263,9/2/2021 15:00:00,5459,3840978,5804.000000000000000,3469957,692.000000000000000,288216.000000000000000,6151,4129194,6496,3758173,11955,7599063
264,9/3/2021 15:00:00,5888,3846866,6811.000000000000000,3476768,963.000000000000000,289179.000000000000000,6851,4136045,7774,3765947,13662,7612725
265,9/4/2021 15:00:00,3675,3850541,4250.000000000000000,3481018,875.000000000000000,290054.000000000000000,4550,4140595,5125,3771072,8800,7621525
266,9/5/2021 15:00:00,2822,3853363,2739.000000000000000,3483757,105.000000000000000,290159.000000000000000,2927,4143522,2844,3773916,5666,7627191
267,9/6/2021 15:00:00,1039,3854402,1126.000000000000000,3484883,62.000000000000000,290221.000000000000000,1101,4144623,1188,3775104,2227,7629418
268,9/7/2021 15:00:00,5213,3859615,7150.000000000000000,3492033,2297.000000000000000,292518.000000000000000,7510,4152133,9447,3784551,14660,7644078
269,9/8/2021 15:00:00,4600,3864215,5371.000000000000000,3497404,361.000000000000000,292879.000000000000000,4961,4157094,5732,3790283,10332,7654410
270,9/9/2021 15:00:00,4966,3869181,5247.000000000000000,3502651,317.000000000000000,293196.000000000000000,5283,4162377,5564,3795847,10530,7664940
271,9/10/2021 15:00:00,6409,3875590,6453.000000000000000,3509104,1676.000000000000000,294872.000000000000000,8085,4170462,8129,3803976,14538,7679478
272,9/11/2021 15:00:00,3962,3879552,4261.000000000000000,3513365,651.000000000000000,295523.000000000000000,4613,4175075,4912,3808888,8874,7688352
273,9/12/2021 15:00:00,2975,3882527,3148.000000000000000,3516513,429.000000000000000,295952.000000000000000,3404,4178479,3577,3812465,6552,7694904
274,9/13/2021 15:00:00,4559,3887086,4700.000000000000000,3521213,334.000000000000000,296286.000000000000000,4893,4183372,5034,3817499,9593,7704497
275,9/14/2021 15:00:00,4398,3891484,5000.000000000000000,3526213,408.000000000000000,296694.000000000000000,4806,4188178,5408,3822907,9806,7714303
276,9/15/2021 15:00:00,4524,3896008,5407.000000000000000,3531620,369.000000000000000,297063.000000000000000,4893,4193071,5776,3828683,10300,7724603
277,9/16/2021 15:00:00,4175,3900183,5063.000000000000000,3536683,299.000000000000000,297362.000000000000000,4474,4197545,5362,3834045,9537,7734140
278,9/17/2021 15:00:00,4525,3904708,5632.000000000000000,3542315,259.000000000000000,297621.000000000000000,4784,4202329,5891,3839936,10416,7744556
279,9/18/2021 15:00:00,3143,3907851,3834.000000000000000,3546149,154.000000000000000,297775.000000000000000,3297,4205626,3988,3843924,7131,7751687
280,9/19/2021 15:00:00,900,3908751,1010.000000000000000,3547159,47.000000000000000,297822.000000000000000,947,4206573,1057,3844981,1957,7753644