OBJECTID,VACCINATION_DATE,FirstDailyDose,FirstDoseCumulative,SecondDailyDose,SecondDoseCumulative,SingleDailyDose,SingleDoseCumulative,AtleastOneVaccine,AtleastOneVaccineCumulative,CompletedVax,CompletedVaxCumulative,FirstSecondSingleVaccination_12,FirstSecondSingleVaccination_13
1,12/14/2020 15:00:00,19,1392,,523,,,19,1392,0,523,19,1811
2,12/15/2020 15:00:00,61,1453,3.000000000000000,526,,,61,1453,3,526,64,1875
3,12/16/2020 15:00:00,593,2046,5.000000000000000,531,,,593,2046,5,531,598,2473
4,12/17/2020 15:00:00,1162,3208,8.000000000000000,539,,,1162,3208,8,539,1170,3643
5,12/18/2020 15:00:00,3021,6229,12.000000000000000,551,,,3021,6229,12,551,3033,6676
6,12/19/2020 15:00:00,931,7160,5.000000000000000,556,,,931,7160,5,556,936,7612
7,12/20/2020 15:00:00,364,7524,6.000000000000000,562,,,364,7524,6,562,370,7982
8,12/21/2020 15:00:00,3887,11411,26.000000000000000,588,,,3887,11411,26,588,3913,11895
9,12/22/2020 15:00:00,6323,17734,27.000000000000000,615,,,6323,17734,27,615,6350,18245
10,12/23/2020 15:00:00,5784,23518,36.000000000000000,651,,,5784,23518,36,651,5820,24065
11,12/24/2020 15:00:00,2728,26246,15.000000000000000,666,,,2728,26246,15,666,2743,26808
12,12/25/2020 15:00:00,1035,27281,4.000000000000000,670,,,1035,27281,4,670,1039,27847
13,12/26/2020 15:00:00,1883,29164,9.000000000000000,679,,,1883,29164,9,679,1892,29739
14,12/27/2020 15:00:00,1802,30966,12.000000000000000,691,,,1802,30966,12,691,1814,31553
15,12/28/2020 15:00:00,8982,39948,50.000000000000000,741,,,8982,39948,50,741,9032,40585
16,12/29/2020 15:00:00,10968,50916,53.000000000000000,794,,,10968,50916,53,794,11021,51606
17,12/30/2020 15:00:00,12491,63407,92.000000000000000,886,,,12491,63407,92,886,12583,64189
18,12/31/2020 15:00:00,7552,70959,47.000000000000000,933,,,7552,70959,47,933,7599,71788
19,1/1/2021 15:00:00,3292,74251,139.000000000000000,1072,,,3292,74251,139,1072,3431,75219
20,1/2/2021 15:00:00,3043,77294,34.000000000000000,1106,,,3043,77294,34,1106,3077,78296
21,1/3/2021 15:00:00,3411,80705,82.000000000000000,1188,,,3411,80705,82,1188,3493,81789
22,1/4/2021 15:00:00,13359,94064,336.000000000000000,1524,,,13359,94064,336,1524,13695,95484
23,1/5/2021 15:00:00,12484,106548,547.000000000000000,2071,,,12484,106548,547,2071,13031,108515
24,1/6/2021 15:00:00,15265,121813,864.000000000000000,2935,,,15265,121813,864,2935,16129,124644
25,1/7/2021 15:00:00,15038,136851,1776.000000000000000,4711,,,15038,136851,1776,4711,16814,141458
26,1/8/2021 15:00:00,24014,160865,2783.000000000000000,7494,,,24014,160865,2783,7494,26797,168255
27,1/9/2021 15:00:00,5174,166039,954.000000000000000,8448,,,5174,166039,954,8448,6128,174383
28,1/10/2021 15:00:00,2971,169010,384.000000000000000,8832,,,2971,169010,384,8832,3355,177738
29,1/11/2021 15:00:00,13720,182730,3468.000000000000000,12300,,,13720,182730,3468,12300,17188,194926
30,1/12/2021 15:00:00,17391,200121,5594.000000000000000,17894,,,17391,200121,5594,17894,22985,217911
31,1/13/2021 15:00:00,18620,218741,3928.000000000000000,21822,,,18620,218741,3928,21822,22548,240459
32,1/14/2021 15:00:00,17853,236594,1961.000000000000000,23783,,,17853,236594,1961,23783,19814,260273
33,1/15/2021 15:00:00,19482,256076,2033.000000000000000,25816,,,19482,256076,2033,25816,21515,281788
34,1/16/2021 15:00:00,5835,261911,1617.000000000000000,27433,,,5835,261911,1617,27433,7452,289240
35,1/17/2021 15:00:00,2122,264033,1479.000000000000000,28912,,,2122,264033,1479,28912,3601,292841
36,1/18/2021 15:00:00,7076,271109,3259.000000000000000,32171,,,7076,271109,3259,32171,10335,303176
37,1/19/2021 15:00:00,16956,288065,5405.000000000000000,37576,,,16956,288065,5405,37576,22361,325537
38,1/20/2021 15:00:00,21007,309072,5323.000000000000000,42899,,,21007,309072,5323,42899,26330,351867
39,1/21/2021 15:00:00,23812,332884,3846.000000000000000,46745,,,23812,332884,3846,46745,27658,379525
40,1/22/2021 15:00:00,28658,361542,3756.000000000000000,50501,,,28658,361542,3756,50501,32414,411939
41,1/23/2021 15:00:00,10120,371662,1942.000000000000000,52443,,,10120,371662,1942,52443,12062,424001
42,1/24/2021 15:00:00,3355,375017,1723.000000000000000,54166,,,3355,375017,1723,54166,5078,429079
43,1/25/2021 15:00:00,16306,391323,8603.000000000000000,62769,,,16306,391323,8603,62769,24909,453988
44,1/26/2021 15:00:00,17561,408884,8976.000000000000000,71745,,,17561,408884,8976,71745,26537,480525
45,1/27/2021 15:00:00,24436,433320,12551.000000000000000,84296,,,24436,433320,12551,84296,36987,517512
46,1/28/2021 15:00:00,22657,455977,9329.000000000000000,93625,,,22657,455977,9329,93625,31986,549498
47,1/29/2021 15:00:00,24785,480762,7927.000000000000000,101552,,,24785,480762,7927,101552,32712,582210
48,1/30/2021 15:00:00,17782,498544,2561.000000000000000,104113,,,17782,498544,2561,104113,20343,602553
49,1/31/2021 15:00:00,3765,502309,1370.000000000000000,105483,,,3765,502309,1370,105483,5135,607688
50,2/1/2021 15:00:00,8118,510427,5385.000000000000000,110868,,,8118,510427,5385,110868,13503,621191
51,2/2/2021 15:00:00,12510,522937,13826.000000000000000,124694,,,12510,522937,13826,124694,26336,647527
52,2/3/2021 15:00:00,18255,541192,18133.000000000000000,142827,,,18255,541192,18133,142827,36388,683915
53,2/4/2021 15:00:00,22133,563325,15789.000000000000000,158616,,,22133,563325,15789,158616,37922,721837
54,2/5/2021 15:00:00,20349,583674,17423.000000000000000,176039,,,20349,583674,17423,176039,37772,759609
55,2/6/2021 15:00:00,11332,595006,14476.000000000000000,190515,,,11332,595006,14476,190515,25808,785417
56,2/7/2021 15:00:00,5950,600956,1839.000000000000000,192354,,,5950,600956,1839,192354,7789,793206
57,2/8/2021 15:00:00,12985,613941,12922.000000000000000,205276,,,12985,613941,12922,205276,25907,819113
58,2/9/2021 15:00:00,16651,630592,13878.000000000000000,219154,,,16651,630592,13878,219154,30529,849642
59,2/10/2021 15:00:00,19301,649893,21234.000000000000000,240388,,,19301,649893,21234,240388,40535,890177
60,2/11/2021 15:00:00,22853,672746,17346.000000000000000,257734,,,22853,672746,17346,257734,40199,930376
61,2/12/2021 15:00:00,20397,693143,19639.000000000000000,277373,,,20397,693143,19639,277373,40036,970412
62,2/13/2021 15:00:00,11437,704580,6424.000000000000000,283797,,,11437,704580,6424,283797,17861,988273
63,2/14/2021 15:00:00,7112,711692,2131.000000000000000,285928,,,7112,711692,2131,285928,9243,997516
64,2/15/2021 15:00:00,11764,723456,13332.000000000000000,299260,,,11764,723456,13332,299260,25096,1022612
65,2/16/2021 15:00:00,16612,740068,21021.000000000000000,320281,,,16612,740068,21021,320281,37633,1060245
66,2/17/2021 15:00:00,20662,760730,26380.000000000000000,346661,,,20662,760730,26380,346661,47042,1107287
67,2/18/2021 15:00:00,3200,763930,4621.000000000000000,351282,,,3200,763930,4621,351282,7821,1115108
68,2/19/2021 15:00:00,10255,774185,19928.000000000000000,371210,,,10255,774185,19928,371210,30183,1145291
69,2/20/2021 15:00:00,10313,784498,20293.000000000000000,391503,,,10313,784498,20293,391503,30606,1175897
70,2/21/2021 15:00:00,6183,790681,7658.000000000000000,399161,,,6183,790681,7658,399161,13841,1189738
71,2/22/2021 15:00:00,8034,798715,15478.000000000000000,414639,,,8034,798715,15478,414639,23512,1213250
72,2/23/2021 15:00:00,15536,814251,15989.000000000000000,430628,,,15536,814251,15989,430628,31525,1244775
73,2/24/2021 15:00:00,17954,832205,24739.000000000000000,455367,,,17954,832205,24739,455367,42693,1287468
74,2/25/2021 15:00:00,20393,852598,26560.000000000000000,481927,,,20393,852598,26560,481927,46953,1334421
75,2/26/2021 15:00:00,26719,879317,26229.000000000000000,508156,,,26719,879317,26229,508156,52948,1387369
76,2/27/2021 15:00:00,16009,895326,11160.000000000000000,519316,,,16009,895326,11160,519316,27169,1414538
77,2/28/2021 15:00:00,15496,910822,4885.000000000000000,524201,,,15496,910822,4885,524201,20381,1434919
78,3/1/2021 15:00:00,27029,937851,12635.000000000000000,536836,,,27029,937851,12635,536836,39664,1474583
79,3/2/2021 15:00:00,23930,961781,13279.000000000000000,550115,35.000000000000000,35.000000000000000,23965,961816,13314,550150,37244,1511827
80,3/3/2021 15:00:00,30201,991982,18399.000000000000000,568514,188.000000000000000,223.000000000000000,30389,992205,18587,568737,48788,1560615
81,3/4/2021 15:00:00,30965,1022947,18208.000000000000000,586722,4068.000000000000000,4291.000000000000000,35033,1027238,22276,591013,53241,1613856
82,3/5/2021 15:00:00,30034,1052981,19725.000000000000000,606447,4909.000000000000000,9200.000000000000000,34943,1062181,24634,615647,54668,1668524
83,3/6/2021 15:00:00,18920,1071901,9510.000000000000000,615957,6010.000000000000000,15210.000000000000000,24930,1087111,15520,631167,34440,1702964
84,3/7/2021 15:00:00,12123,1084024,4864.000000000000000,620821,6609.000000000000000,21819.000000000000000,18732,1105843,11473,642640,23596,1726560
85,3/8/2021 15:00:00,25885,1109909,8853.000000000000000,629674,8272.000000000000000,30091.000000000000000,34157,1140000,17125,659765,43010,1769570
86,3/9/2021 15:00:00,26138,1136047,15471.000000000000000,645145,8343.000000000000000,38434.000000000000000,34481,1174481,23814,683579,49952,1819522
87,3/10/2021 15:00:00,29866,1165913,16005.000000000000000,661150,7939.000000000000000,46373.000000000000000,37805,1212286,23944,707523,53810,1873332
88,3/11/2021 15:00:00,35993,1201906,16403.000000000000000,677553,3981.000000000000000,50354.000000000000000,39974,1252260,20384,727907,56377,1929709
89,3/12/2021 15:00:00,36920,1238826,18088.000000000000000,695641,2927.000000000000000,53281.000000000000000,39847,1292107,21015,748922,57935,1987644
90,3/13/2021 15:00:00,22675,1261501,10289.000000000000000,705930,1629.000000000000000,54910.000000000000000,24304,1316411,11918,760840,34593,2022237
91,3/14/2021 15:00:00,17833,1279334,6721.000000000000000,712651,1006.000000000000000,55916.000000000000000,18839,1335250,7727,768567,25560,2047797
92,3/15/2021 15:00:00,29838,1309172,11308.000000000000000,723959,597.000000000000000,56513.000000000000000,30435,1365685,11905,780472,41743,2089540
93,3/16/2021 15:00:00,33423,1342595,13577.000000000000000,737536,770.000000000000000,57283.000000000000000,34193,1399878,14347,794819,47770,2137310
94,3/17/2021 15:00:00,37577,1380172,17062.000000000000000,754598,1181.000000000000000,58464.000000000000000,38758,1438636,18243,813062,55820,2193130
95,3/18/2021 15:00:00,41454,1421626,12657.000000000000000,767255,1348.000000000000000,59812.000000000000000,42802,1481438,14005,827067,55459,2248589
96,3/19/2021 15:00:00,38344,1459970,15424.000000000000000,782679,1043.000000000000000,60855.000000000000000,39387,1520825,16467,843534,54811,2303400
97,3/20/2021 15:00:00,24707,1484677,10166.000000000000000,792845,703.000000000000000,61558.000000000000000,25410,1546235,10869,854403,35576,2338976
98,3/21/2021 15:00:00,19183,1503860,7886.000000000000000,800731,336.000000000000000,61894.000000000000000,19519,1565754,8222,862625,27405,2366381
99,3/22/2021 15:00:00,32599,1536459,11484.000000000000000,812215,835.000000000000000,62729.000000000000000,33434,1599188,12319,874944,44918,2411299
100,3/23/2021 15:00:00,38421,1574880,17811.000000000000000,830026,1556.000000000000000,64285.000000000000000,39977,1639165,19367,894311,57788,2469087
101,3/24/2021 15:00:00,41098,1615978,21216.000000000000000,851242,1388.000000000000000,65673.000000000000000,42486,1681651,22604,916915,63702,2532789
102,3/25/2021 15:00:00,42896,1658874,21697.000000000000000,872939,2458.000000000000000,68131.000000000000000,45354,1727005,24155,941070,67051,2599840
103,3/26/2021 15:00:00,36379,1695253,26683.000000000000000,899622,2495.000000000000000,70626.000000000000000,38874,1765879,29178,970248,65557,2665397
104,3/27/2021 15:00:00,26476,1721729,17286.000000000000000,916908,2491.000000000000000,73117.000000000000000,28967,1794846,19777,990025,46253,2711650
105,3/28/2021 15:00:00,17018,1738747,12645.000000000000000,929553,1616.000000000000000,74733.000000000000000,18634,1813480,14261,1004286,31279,2742929
106,3/29/2021 15:00:00,29727,1768474,26293.000000000000000,955846,1143.000000000000000,75876.000000000000000,30870,1844350,27436,1031722,57163,2800092
107,3/30/2021 15:00:00,40066,1808540,29000.000000000000000,984846,1864.000000000000000,77740.000000000000000,41930,1886280,30864,1062586,70930,2871022
108,3/31/2021 15:00:00,41046,1849586,34697.000000000000000,1019543,5748.000000000000000,83488.000000000000000,46794,1933074,40445,1103031,81491,2952513
109,4/1/2021 15:00:00,42385,1891971,41044.000000000000000,1060587,5743.000000000000000,89231.000000000000000,48128,1981202,46787,1149818,89172,3041685
110,4/2/2021 15:00:00,34939,1926910,32675.000000000000000,1093262,6126.000000000000000,95357.000000000000000,41065,2022267,38801,1188619,73740,3115425
111,4/3/2021 15:00:00,21168,1948078,19190.000000000000000,1112452,4389.000000000000000,99746.000000000000000,25557,2047824,23579,1212198,44747,3160172
112,4/4/2021 15:00:00,8285,1956363,10189.000000000000000,1122641,968.000000000000000,100714.000000000000000,9253,2057077,11157,1223355,19442,3179614
113,4/5/2021 15:00:00,27966,1984329,28925.000000000000000,1151566,6658.000000000000000,107372.000000000000000,34624,2091701,35583,1258938,63549,3243163
114,4/6/2021 15:00:00,39770,2024099,30457.000000000000000,1182023,10492.000000000000000,117864.000000000000000,50262,2141963,40949,1299887,80719,3323882
115,4/7/2021 15:00:00,36097,2060196,34296.000000000000000,1216319,12990.000000000000000,130854.000000000000000,49087,2191050,47286,1347173,83383,3407265
116,4/8/2021 15:00:00,42334,2102530,36105.000000000000000,1252424,13865.000000000000000,144719.000000000000000,56199,2247249,49970,1397143,92304,3499569
117,4/9/2021 15:00:00,34059,2136589,36324.000000000000000,1288748,14527.000000000000000,159246.000000000000000,48586,2295835,50851,1447994,84910,3584479
118,4/10/2021 15:00:00,23470,2160059,23138.000000000000000,1311886,7641.000000000000000,166887.000000000000000,31111,2326946,30779,1478773,54249,3638728
119,4/11/2021 15:00:00,17566,2177625,13277.000000000000000,1325163,10118.000000000000000,177005.000000000000000,27684,2354630,23395,1502168,40961,3679689
120,4/12/2021 15:00:00,24608,2202233,33167.000000000000000,1358330,10896.000000000000000,187901.000000000000000,35504,2390134,44063,1546231,68671,3748360
121,4/13/2021 15:00:00,126198,2328431,91237.000000000000000,1449567,3292.000000000000000,191193.000000000000000,129490,2519624,94529,1640760,220727,3969087
122,4/14/2021 15:00:00,40720,2369151,37830.000000000000000,1487397,213.000000000000000,191406.000000000000000,40933,2560557,38043,1678803,78763,4047850
123,4/15/2021 15:00:00,41419,2410570,39554.000000000000000,1526951,176.000000000000000,191582.000000000000000,41595,2602152,39730,1718533,81149,4128999
124,4/16/2021 15:00:00,37148,2447718,38874.000000000000000,1565825,24.000000000000000,191606.000000000000000,37172,2639324,38898,1757431,76046,4205045
125,4/17/2021 15:00:00,32802,2480520,22030.000000000000000,1587855,12.000000000000000,191618.000000000000000,32814,2672138,22042,1779473,54844,4259889
126,4/18/2021 15:00:00,20066,2500586,16200.000000000000000,1604055,5.000000000000000,191623.000000000000000,20071,2692209,16205,1795678,36271,4296160
127,4/19/2021 15:00:00,29896,2530482,36548.000000000000000,1640603,61.000000000000000,191684.000000000000000,29957,2722166,36609,1832287,66505,4362665
128,4/20/2021 15:00:00,32936,2563418,44459.000000000000000,1685062,58.000000000000000,191742.000000000000000,32994,2755160,44517,1876804,77453,4440118
129,4/21/2021 15:00:00,39839,2603257,47063.000000000000000,1732125,26.000000000000000,191768.000000000000000,39865,2795025,47089,1923893,86928,4527046
130,4/22/2021 15:00:00,35869,2639126,42663.000000000000000,1774788,16.000000000000000,191784.000000000000000,35885,2830910,42679,1966572,78548,4605594
131,4/23/2021 15:00:00,33154,2672280,40153.000000000000000,1814941,14.000000000000000,191798.000000000000000,33168,2864078,40167,2006739,73321,4678915
132,4/24/2021 15:00:00,26416,2698696,27910.000000000000000,1842851,81.000000000000000,191879.000000000000000,26497,2890575,27991,2034730,54407,4733322
133,4/25/2021 15:00:00,20234,2718930,10975.000000000000000,1853826,31.000000000000000,191910.000000000000000,20265,2910840,11006,2045736,31240,4764562
134,4/26/2021 15:00:00,27414,2746344,32713.000000000000000,1886539,201.000000000000000,192111.000000000000000,27615,2938455,32914,2078650,60328,4824890
135,4/27/2021 15:00:00,26690,2773034,33077.000000000000000,1919616,1097.000000000000000,193208.000000000000000,27787,2966242,34174,2112824,60864,4885754
136,4/28/2021 15:00:00,28933,2801967,39546.000000000000000,1959162,1364.000000000000000,194572.000000000000000,30297,2996539,40910,2153734,69843,4955597
137,4/29/2021 15:00:00,27080,2829047,39743.000000000000000,1998905,1463.000000000000000,196035.000000000000000,28543,3025082,41206,2194940,68286,5023883
138,4/30/2021 15:00:00,28212,2857259,32273.000000000000000,2031178,1648.000000000000000,197683.000000000000000,29860,3054942,33921,2228861,62133,5086016
139,5/1/2021 15:00:00,20732,2877991,26695.000000000000000,2057873,1050.000000000000000,198733.000000000000000,21782,3076724,27745,2256606,48477,5134493
140,5/2/2021 15:00:00,10289,2888280,17042.000000000000000,2074915,822.000000000000000,199555.000000000000000,11111,3087835,17864,2274470,28153,5162646
141,5/3/2021 15:00:00,12752,2901032,28586.000000000000000,2103501,1915.000000000000000,201470.000000000000000,14667,3102502,30501,2304971,43253,5205899
142,5/4/2021 15:00:00,13573,2914605,38616.000000000000000,2142117,1739.000000000000000,203209.000000000000000,15312,3117814,40355,2345326,53928,5259827
143,5/5/2021 15:00:00,19327,2933932,37760.000000000000000,2179877,1921.000000000000000,205130.000000000000000,21248,3139062,39681,2385007,59008,5318835
144,5/6/2021 15:00:00,16921,2950853,40595.000000000000000,2220472,1722.000000000000000,206852.000000000000000,18643,3157705,42317,2427324,59238,5378073
145,5/7/2021 15:00:00,17589,2968442,36998.000000000000000,2257470,1959.000000000000000,208811.000000000000000,19548,3177253,38957,2466281,56546,5434619
146,5/8/2021 15:00:00,10794,2979236,31227.000000000000000,2288697,1291.000000000000000,210102.000000000000000,12085,3189338,32518,2498799,43312,5477931
147,5/9/2021 15:00:00,5085,2984321,12242.000000000000000,2300939,695.000000000000000,210797.000000000000000,5780,3195118,12937,2511736,18022,5495953
148,5/10/2021 15:00:00,8954,2993275,31051.000000000000000,2331990,1362.000000000000000,212159.000000000000000,10316,3205434,32413,2544149,41367,5537320
149,5/11/2021 15:00:00,12183,3005458,30287.000000000000000,2362277,1441.000000000000000,213600.000000000000000,13624,3219058,31728,2575877,43911,5581231
150,5/12/2021 15:00:00,13947,3019405,38621.000000000000000,2400898,1919.000000000000000,215519.000000000000000,15866,3234924,40540,2616417,54487,5635718
151,5/13/2021 15:00:00,21836,3041241,33514.000000000000000,2434412,1347.000000000000000,216866.000000000000000,23183,3258107,34861,2651278,56697,5692415
152,5/14/2021 15:00:00,24390,3065631,30057.000000000000000,2464469,1773.000000000000000,218639.000000000000000,26163,3284270,31830,2683108,56220,5748635
153,5/15/2021 15:00:00,21940,3087571,25108.000000000000000,2489577,1489.000000000000000,220128.000000000000000,23429,3307699,26597,2709705,48537,5797172
154,5/16/2021 15:00:00,9092,3096663,17585.000000000000000,2507162,1113.000000000000000,221241.000000000000000,10205,3317904,18698,2728403,27790,5824962
155,5/17/2021 15:00:00,16839,3113502,28405.000000000000000,2535567,1949.000000000000000,223190.000000000000000,18788,3336692,30354,2758757,47193,5872155
156,5/18/2021 15:00:00,21265,3134767,30688.000000000000000,2566255,1942.000000000000000,225132.000000000000000,23207,3359899,32630,2791387,53895,5926050
157,5/19/2021 15:00:00,27661,3162428,32434.000000000000000,2598689,1631.000000000000000,226763.000000000000000,29292,3389191,34065,2825452,61726,5987776
158,5/20/2021 15:00:00,20804,3183232,33277.000000000000000,2631966,1964.000000000000000,228727.000000000000000,22768,3411959,35241,2860693,56045,6043821
159,5/21/2021 15:00:00,19165,3202397,30355.000000000000000,2662321,1608.000000000000000,230335.000000000000000,20773,3432732,31963,2892656,51128,6094949
160,5/22/2021 15:00:00,16937,3219334,20694.000000000000000,2683015,1270.000000000000000,231605.000000000000000,18207,3450939,21964,2914620,38901,6133850
161,5/23/2021 15:00:00,8815,3228149,11447.000000000000000,2694462,965.000000000000000,232570.000000000000000,9780,3460719,12412,2927032,21227,6155077
162,5/24/2021 15:00:00,13568,3241717,17775.000000000000000,2712237,1474.000000000000000,234044.000000000000000,15042,3475761,19249,2946281,32817,6187894
163,5/25/2021 15:00:00,13072,3254789,18721.000000000000000,2730958,1329.000000000000000,235373.000000000000000,14401,3490162,20050,2966331,33122,6221016
164,5/26/2021 15:00:00,18313,3273102,19505.000000000000000,2750463,1512.000000000000000,236885.000000000000000,19825,3509987,21017,2987348,39330,6260346
165,5/27/2021 15:00:00,11685,3284787,18667.000000000000000,2769130,1116.000000000000000,238001.000000000000000,12801,3522788,19783,3007131,31468,6291814
166,5/28/2021 15:00:00,12416,3297203,19837.000000000000000,2788967,1401.000000000000000,239402.000000000000000,13817,3536605,21238,3028369,33654,6325468
167,5/29/2021 15:00:00,9513,3306716,11727.000000000000000,2800694,937.000000000000000,240339.000000000000000,10450,3547055,12664,3041033,22177,6347645
168,5/30/2021 15:00:00,4968,3311684,6433.000000000000000,2807127,596.000000000000000,240935.000000000000000,5564,3552619,7029,3048062,11997,6359642
169,5/31/2021 15:00:00,1779,3313463,3710.000000000000000,2810837,305.000000000000000,241240.000000000000000,2084,3554703,4015,3052077,5794,6365436
170,6/1/2021 15:00:00,9854,3323317,16440.000000000000000,2827277,1160.000000000000000,242400.000000000000000,11014,3565717,17600,3069677,27454,6392890
171,6/2/2021 15:00:00,10232,3333549,16821.000000000000000,2844098,960.000000000000000,243360.000000000000000,11192,3576909,17781,3087458,28013,6420903
172,6/3/2021 15:00:00,7899,3341448,21186.000000000000000,2865284,1087.000000000000000,244447.000000000000000,8986,3585895,22273,3109731,30172,6451075
173,6/4/2021 15:00:00,8196,3349644,22353.000000000000000,2887637,1120.000000000000000,245567.000000000000000,9316,3595211,23473,3133204,31669,6482744
174,6/5/2021 15:00:00,7001,3356645,19471.000000000000000,2907108,720.000000000000000,246287.000000000000000,7721,3602932,20191,3153395,27192,6509936
175,6/6/2021 15:00:00,3455,3360100,7251.000000000000000,2914359,423.000000000000000,246710.000000000000000,3878,3606810,7674,3161069,11129,6521065
176,6/7/2021 15:00:00,6856,3366956,15789.000000000000000,2930148,726.000000000000000,247436.000000000000000,7582,3614392,16515,3177584,23371,6544436
177,6/8/2021 15:00:00,6669,3373625,19735.000000000000000,2949883,830.000000000000000,248266.000000000000000,7499,3621891,20565,3198149,27234,6571670
178,6/9/2021 15:00:00,8201,3381826,23985.000000000000000,2973868,968.000000000000000,249234.000000000000000,9169,3631060,24953,3223102,33154,6604824
179,6/10/2021 15:00:00,7150,3388976,19138.000000000000000,2993006,895.000000000000000,250129.000000000000000,8045,3639105,20033,3243135,27183,6632007
180,6/11/2021 15:00:00,7486,3396462,17725.000000000000000,3010731,1125.000000000000000,251254.000000000000000,8611,3647716,18850,3261985,26336,6658343
181,6/12/2021 15:00:00,5240,3401702,14767.000000000000000,3025498,605.000000000000000,251859.000000000000000,5845,3653561,15372,3277357,20612,6678955
182,6/13/2021 15:00:00,1936,3403638,7632.000000000000000,3033130,427.000000000000000,252286.000000000000000,2363,3655924,8059,3285416,9995,6688950
183,6/14/2021 15:00:00,5658,3409296,11814.000000000000000,3044944,733.000000000000000,253019.000000000000000,6391,3662315,12547,3297963,18205,6707155
184,6/15/2021 15:00:00,5643,3414939,14341.000000000000000,3059285,873.000000000000000,253892.000000000000000,6516,3668831,15214,3313177,20857,6728012
185,6/16/2021 15:00:00,8756,3423695,21595.000000000000000,3080880,757.000000000000000,254649.000000000000000,9513,3678344,22352,3335529,31108,6759120
186,6/17/2021 15:00:00,6689,3430384,12364.000000000000000,3093244,720.000000000000000,255369.000000000000000,7409,3685753,13084,3348613,19773,6778893
187,6/18/2021 15:00:00,6835,3437219,12740.000000000000000,3105984,703.000000000000000,256072.000000000000000,7538,3693291,13443,3362056,20278,6799171
188,6/19/2021 15:00:00,4660,3441879,9379.000000000000000,3115363,615.000000000000000,256687.000000000000000,5275,3698566,9994,3372050,14654,6813825
189,6/20/2021 15:00:00,2505,3444384,5056.000000000000000,3120419,377.000000000000000,257064.000000000000000,2882,3701448,5433,3377483,7938,6821763
190,6/21/2021 15:00:00,5563,3449947,5335.000000000000000,3125754,635.000000000000000,257699.000000000000000,6198,3707646,5970,3383453,11533,6833296
191,6/22/2021 15:00:00,5345,3455292,9053.000000000000000,3134807,693.000000000000000,258392.000000000000000,6038,3713684,9746,3393199,15091,6848387
192,6/23/2021 15:00:00,6077,3461369,10333.000000000000000,3145140,646.000000000000000,259038.000000000000000,6723,3720407,10979,3404178,17056,6865443
193,6/24/2021 15:00:00,5938,3467307,8200.000000000000000,3153340,595.000000000000000,259633.000000000000000,6533,3726940,8795,3412973,14733,6880176
194,6/25/2021 15:00:00,5825,3473132,8664.000000000000000,3162004,620.000000000000000,260253.000000000000000,6445,3733385,9284,3422257,15109,6895285
195,6/26/2021 15:00:00,3703,3476835,6308.000000000000000,3168312,398.000000000000000,260651.000000000000000,4101,3737486,6706,3428963,10409,6905694
196,6/27/2021 15:00:00,2808,3479643,3523.000000000000000,3171835,185.000000000000000,260836.000000000000000,2993,3740479,3708,3432671,6516,6912210
197,6/28/2021 15:00:00,4918,3484561,6387.000000000000000,3178222,539.000000000000000,261375.000000000000000,5457,3745936,6926,3439597,11844,6924054
198,6/29/2021 15:00:00,5063,3489624,6475.000000000000000,3184697,519.000000000000000,261894.000000000000000,5582,3751518,6994,3446591,12057,6936111
199,6/30/2021 15:00:00,5624,3495248,7387.000000000000000,3192084,605.000000000000000,262499.000000000000000,6229,3757747,7992,3454583,13616,6949727
200,7/1/2021 15:00:00,5413,3500661,6987.000000000000000,3199071,500.000000000000000,262999.000000000000000,5913,3763660,7487,3462070,12900,6962627
201,7/2/2021 15:00:00,5292,3505953,6839.000000000000000,3205910,524.000000000000000,263523.000000000000000,5816,3769476,7363,3469433,12655,6975282
202,7/3/2021 15:00:00,3270,3509223,4067.000000000000000,3209977,264.000000000000000,263787.000000000000000,3534,3773010,4331,3473764,7601,6982883
203,7/4/2021 15:00:00,494,3509717,547.000000000000000,3210524,68.000000000000000,263855.000000000000000,562,3773572,615,3474379,1109,6983992
204,7/5/2021 15:00:00,3765,3513482,3953.000000000000000,3214477,287.000000000000000,264142.000000000000000,4052,3777624,4240,3478619,8005,6991997
205,7/6/2021 15:00:00,4492,3517974,6270.000000000000000,3220747,453.000000000000000,264595.000000000000000,4945,3782569,6723,3485342,11215,7003212
206,7/7/2021 15:00:00,4467,3522441,6411.000000000000000,3227158,482.000000000000000,265077.000000000000000,4949,3787518,6893,3492235,11360,7014572
207,7/8/2021 15:00:00,4833,3527274,6173.000000000000000,3233331,564.000000000000000,265641.000000000000000,5397,3792915,6737,3498972,11570,7026142
208,7/9/2021 15:00:00,5367,3532641,6665.000000000000000,3239996,573.000000000000000,266214.000000000000000,5940,3798855,7238,3506210,12605,7038747
209,7/10/2021 15:00:00,3519,3536160,4405.000000000000000,3244401,304.000000000000000,266518.000000000000000,3823,3802678,4709,3510919,8228,7046975
210,7/11/2021 15:00:00,2676,3538836,2567.000000000000000,3246968,226.000000000000000,266744.000000000000000,2902,3805580,2793,3513712,5469,7052444
211,7/12/2021 15:00:00,4419,3543255,5125.000000000000000,3252093,379.000000000000000,267123.000000000000000,4798,3810378,5504,3519216,9923,7062367
212,7/13/2021 15:00:00,4663,3547918,4721.000000000000000,3256814,366.000000000000000,267489.000000000000000,5029,3815407,5087,3524303,9750,7072117
213,7/14/2021 15:00:00,4623,3552541,5283.000000000000000,3262097,422.000000000000000,267911.000000000000000,5045,3820452,5705,3530008,10328,7082445
214,7/15/2021 15:00:00,4904,3557445,5016.000000000000000,3267113,359.000000000000000,268270.000000000000000,5263,3825715,5375,3535383,10279,7092724
215,7/16/2021 15:00:00,6275,3563720,5842.000000000000000,3272955,405.000000000000000,268675.000000000000000,6680,3832395,6247,3541630,12522,7105246
216,7/17/2021 15:00:00,3417,3567137,3548.000000000000000,3276503,303.000000000000000,268978.000000000000000,3720,3836115,3851,3545481,7268,7112514
217,7/18/2021 15:00:00,2309,3569446,2379.000000000000000,3278882,110.000000000000000,269088.000000000000000,2419,3838534,2489,3547970,4798,7117312
218,7/19/2021 15:00:00,5139,3574585,4609.000000000000000,3283491,383.000000000000000,269471.000000000000000,5522,3844056,4992,3552962,10131,7127443
219,7/20/2021 15:00:00,5334,3579919,4715.000000000000000,3288206,366.000000000000000,269837.000000000000000,5700,3849756,5081,3558043,10415,7137858
220,7/21/2021 15:00:00,5662,3585581,4942.000000000000000,3293148,416.000000000000000,270253.000000000000000,6078,3855834,5358,3563401,11020,7148878
221,7/22/2021 15:00:00,6024,3591605,4638.000000000000000,3297786,472.000000000000000,270725.000000000000000,6496,3862330,5110,3568511,11134,7160012
222,7/23/2021 15:00:00,6843,3598448,4845.000000000000000,3302631,498.000000000000000,271223.000000000000000,7341,3869671,5343,3573854,12186,7172198
223,7/24/2021 15:00:00,4283,3602731,3201.000000000000000,3305832,267.000000000000000,271490.000000000000000,4550,3874221,3468,3577322,7751,7179949
224,7/25/2021 15:00:00,3300,3606031,1115.000000000000000,3306947,140.000000000000000,271630.000000000000000,3440,3877661,1255,3578577,4555,7184504
225,7/26/2021 15:00:00,6215,3612246,3908.000000000000000,3310855,419.000000000000000,272049.000000000000000,6634,3884295,4327,3582904,10542,7195046
226,7/27/2021 15:00:00,6602,3618848,4281.000000000000000,3315136,458.000000000000000,272507.000000000000000,7060,3891355,4739,3587643,11341,7206387
227,7/28/2021 15:00:00,7082,3625930,4140.000000000000000,3319276,460.000000000000000,272967.000000000000000,7542,3898897,4600,3592243,11682,7218069
228,7/29/2021 15:00:00,7079,3633009,4302.000000000000000,3323578,419.000000000000000,273386.000000000000000,7498,3906395,4721,3596964,11800,7229869
229,7/30/2021 15:00:00,7820,3640829,4806.000000000000000,3328384,526.000000000000000,273912.000000000000000,8346,3914741,5332,3602296,13152,7243021
230,7/31/2021 15:00:00,4791,3645620,3077.000000000000000,3331461,274.000000000000000,274186.000000000000000,5065,3919806,3351,3605647,8142,7251163
231,8/1/2021 15:00:00,3890,3649510,2162.000000000000000,3333623,163.000000000000000,274349.000000000000000,4053,3923859,2325,3607972,6215,7257378
232,8/2/2021 15:00:00,7263,3656773,3840.000000000000000,3337463,341.000000000000000,274690.000000000000000,7604,3931463,4181,3612153,11444,7268822
233,8/3/2021 15:00:00,7266,3664039,4100.000000000000000,3341563,517.000000000000000,275207.000000000000000,7783,3939246,4617,3616770,11883,7280705
234,8/4/2021 15:00:00,7421,3671460,4119.000000000000000,3345682,535.000000000000000,275742.000000000000000,7956,3947202,4654,3621424,12075,7292780
235,8/5/2021 15:00:00,7947,3679407,4294.000000000000000,3349976,538.000000000000000,276280.000000000000000,8485,3955687,4832,3626256,12779,7305559
236,8/6/2021 15:00:00,8325,3687732,4731.000000000000000,3354707,454.000000000000000,276734.000000000000000,8779,3964466,5185,3631441,13510,7319069
237,8/7/2021 15:00:00,5298,3693030,2835.000000000000000,3357542,263.000000000000000,276997.000000000000000,5561,3970027,3098,3634539,8396,7327465
238,8/8/2021 15:00:00,3974,3697004,2062.000000000000000,3359604,143.000000000000000,277140.000000000000000,4117,3974144,2205,3636744,6179,7333644
239,8/9/2021 15:00:00,6955,3703959,4554.000000000000000,3364158,369.000000000000000,277509.000000000000000,7324,3981468,4923,3641667,11878,7345522
240,8/10/2021 15:00:00,7158,3711117,4478.000000000000000,3368636,339.000000000000000,277848.000000000000000,7497,3988965,4817,3646484,11975,7357497
241,8/11/2021 15:00:00,7070,3718187,4446.000000000000000,3373082,443.000000000000000,278291.000000000000000,7513,3996478,4889,3651373,11959,7369456
242,8/12/2021 15:00:00,8623,3726810,4751.000000000000000,3377833,445.000000000000000,278736.000000000000000,9068,4005546,5196,3656569,13819,7383275
243,8/13/2021 15:00:00,7145,3733955,5369.000000000000000,3383202,397.000000000000000,279133.000000000000000,7542,4013088,5766,3662335,12911,7396186
244,8/14/2021 15:00:00,4915,3738870,3345.000000000000000,3386547,285.000000000000000,279418.000000000000000,5200,4018288,3630,3665965,8545,7404731
245,8/15/2021 15:00:00,3328,3742198,2740.000000000000000,3389287,163.000000000000000,279581.000000000000000,3491,4021779,2903,3668868,6231,7410962
246,8/16/2021 15:00:00,5438,3747636,5093.000000000000000,3394380,354.000000000000000,279935.000000000000000,5792,4027571,5447,3674315,10885,7421847
247,8/17/2021 15:00:00,6813,3754449,5362.000000000000000,3399742,390.000000000000000,280325.000000000000000,7203,4034774,5752,3680067,12565,7434412
248,8/18/2021 15:00:00,6324,3760773,5504.000000000000000,3405246,481.000000000000000,280806.000000000000000,6805,4041579,5985,3686052,12309,7446721
249,8/19/2021 15:00:00,6211,3766984,5554.000000000000000,3410800,417.000000000000000,281223.000000000000000,6628,4048207,5971,3692023,12182,7458903
250,8/20/2021 15:00:00,6835,3773819,6547.000000000000000,3417347,401.000000000000000,281624.000000000000000,7236,4055443,6948,3698971,13783,7472686
251,8/21/2021 15:00:00,4327,3778146,3918.000000000000000,3421265,230.000000000000000,281854.000000000000000,4557,4060000,4148,3703119,8475,7481161
252,8/22/2021 15:00:00,3060,3781206,3172.000000000000000,3424437,110.000000000000000,281964.000000000000000,3170,4063170,3282,3706401,6342,7487503
253,8/23/2021 15:00:00,5989,3787195,6094.000000000000000,3430531,287.000000000000000,282251.000000000000000,6276,4069446,6381,3712782,12370,7499873
254,8/24/2021 15:00:00,6547,3793742,6062.000000000000000,3436593,425.000000000000000,282676.000000000000000,6972,4076418,6487,3719269,13034,7512907
255,8/25/2021 15:00:00,6718,3800460,6219.000000000000000,3442812,441.000000000000000,283117.000000000000000,7159,4083577,6660,3725929,13378,7526285
256,8/26/2021 15:00:00,6966,3807426,6648.000000000000000,3449460,428.000000000000000,283545.000000000000000,7394,4090971,7076,3733005,14042,7540327
257,8/27/2021 15:00:00,6822,3814248,7066.000000000000000,3456526,316.000000000000000,283861.000000000000000,7138,4098109,7382,3740387,14204,7554531
258,8/28/2021 15:00:00,6896,3821144,6518.000000000000000,3463044,325.000000000000000,284186.000000000000000,7221,4105330,6843,3747230,13739,7568270
259,8/29/2021 15:00:00,3733,3824877,3688.000000000000000,3466732,610.000000000000000,284796.000000000000000,4343,4109673,4298,3751528,8031,7576301
260,8/30/2021 15:00:00,5924,3830801,6123.000000000000000,3472855,960.000000000000000,285756.000000000000000,6884,4116557,7083,3758611,13007,7589308
261,8/31/2021 15:00:00,5899,3836700,6070.000000000000000,3478925,946.000000000000000,286702.000000000000000,6845,4123402,7016,3765627,12915,7602223
262,9/1/2021 15:00:00,5589,3842289,5664.000000000000000,3484589,915.000000000000000,287617.000000000000000,6504,4129906,6579,3772206,12168,7614391
263,9/2/2021 15:00:00,5529,3847818,5924.000000000000000,3490513,707.000000000000000,288324.000000000000000,6236,4136142,6631,3778837,12160,7626551
264,9/3/2021 15:00:00,5993,3853811,6927.000000000000000,3497440,973.000000000000000,289297.000000000000000,6966,4143108,7900,3786737,13893,7640444
265,9/4/2021 15:00:00,3726,3857537,4350.000000000000000,3501790,878.000000000000000,290175.000000000000000,4604,4147712,5228,3791965,8954,7649398
266,9/5/2021 15:00:00,2956,3860493,2807.000000000000000,3504597,106.000000000000000,290281.000000000000000,3062,4150774,2913,3794878,5869,7655267
267,9/6/2021 15:00:00,1059,3861552,1156.000000000000000,3505753,65.000000000000000,290346.000000000000000,1124,4151898,1221,3796099,2280,7657547
268,9/7/2021 15:00:00,5343,3866895,7299.000000000000000,3513052,2303.000000000000000,292649.000000000000000,7646,4159544,9602,3805701,14945,7672492
269,9/8/2021 15:00:00,4654,3871549,5471.000000000000000,3518523,364.000000000000000,293013.000000000000000,5018,4164562,5835,3811536,10489,7682981
270,9/9/2021 15:00:00,5017,3876566,5458.000000000000000,3523981,324.000000000000000,293337.000000000000000,5341,4169903,5782,3817318,10799,7693780
271,9/10/2021 15:00:00,6519,3883085,6652.000000000000000,3530633,1719.000000000000000,295056.000000000000000,8238,4178141,8371,3825689,14890,7708670
272,9/11/2021 15:00:00,4173,3887258,4334.000000000000000,3534967,666.000000000000000,295722.000000000000000,4839,4182980,5000,3830689,9173,7717843
273,9/12/2021 15:00:00,3171,3890429,3241.000000000000000,3538208,436.000000000000000,296158.000000000000000,3607,4186587,3677,3834366,6848,7724691
274,9/13/2021 15:00:00,4885,3895314,5067.000000000000000,3543275,346.000000000000000,296504.000000000000000,5231,4191818,5413,3839779,10298,7734989
275,9/14/2021 15:00:00,4775,3900089,5437.000000000000000,3548712,436.000000000000000,296940.000000000000000,5211,4197029,5873,3845652,10648,7745637
276,9/15/2021 15:00:00,5037,3905126,5870.000000000000000,3554582,392.000000000000000,297332.000000000000000,5429,4202458,6262,3851914,11299,7756936
277,9/16/2021 15:00:00,4807,3909933,5844.000000000000000,3560426,336.000000000000000,297668.000000000000000,5143,4207601,6180,3858094,10987,7767923
278,9/17/2021 15:00:00,5257,3915190,6584.000000000000000,3567010,344.000000000000000,298012.000000000000000,5601,4213202,6928,3865022,12185,7780108
279,9/18/2021 15:00:00,3801,3918991,4577.000000000000000,3571587,185.000000000000000,298197.000000000000000,3986,4217188,4762,3869784,8563,7788671
280,9/19/2021 15:00:00,2742,3921733,3167.000000000000000,3574754,75.000000000000000,298272.000000000000000,2817,4220005,3242,3873026,5984,7794655
281,9/20/2021 15:00:00,3750,3925483,4680.000000000000000,3579434,430.000000000000000,298702.000000000000000,4180,4224185,5110,3878136,8860,7803515
282,9/21/2021 15:00:00,4002,3929485,5001.000000000000000,3584435,327.000000000000000,299029.000000000000000,4329,4228514,5328,3883464,9330,7812845
283,9/22/2021 15:00:00,4196,3933681,4774.000000000000000,3589209,458.000000000000000,299487.000000000000000,4654,4233168,5232,3888696,9428,7822273
284,9/23/2021 15:00:00,4174,3937855,4731.000000000000000,3593940,492.000000000000000,299979.000000000000000,4666,4237834,5223,3893919,9397,7831670
285,9/24/2021 15:00:00,5078,3942933,5607.000000000000000,3599547,422.000000000000000,300401.000000000000000,5500,4243334,6029,3899948,11107,7842777
286,9/25/2021 15:00:00,3626,3946559,3633.000000000000000,3603180,384.000000000000000,300785.000000000000000,4010,4247344,4017,3903965,7643,7850420
287,9/26/2021 15:00:00,2355,3948914,2666.000000000000000,3605846,425.000000000000000,301210.000000000000000,2780,4250124,3091,3907056,5446,7855866
288,9/27/2021 15:00:00,4506,3953420,2712.000000000000000,3608558,512.000000000000000,301722.000000000000000,5018,4255142,3224,3910280,7730,7863596
289,9/28/2021 15:00:00,4399,3957819,4455.000000000000000,3613013,211.000000000000000,301933.000000000000000,4610,4259752,4666,3914946,9065,7872661
290,9/29/2021 15:00:00,4696,3962515,4511.000000000000000,3617524,920.000000000000000,302853.000000000000000,5616,4265368,5431,3920377,10127,7882788
291,9/30/2021 15:00:00,4887,3967402,4565.000000000000000,3622089,795.000000000000000,303648.000000000000000,5682,4271050,5360,3925737,10247,7893035
292,10/1/2021 15:00:00,5501,3972903,5340.000000000000000,3627429,784.000000000000000,304432.000000000000000,6285,4277335,6124,3931861,11625,7904660
293,10/2/2021 15:00:00,2936,3975839,2897.000000000000000,3630326,187.000000000000000,304619.000000000000000,3123,4280458,3084,3934945,6020,7910680
294,10/3/2021 15:00:00,2073,3977912,2378.000000000000000,3632704,86.000000000000000,304705.000000000000000,2159,4282617,2464,3937409,4537,7915217
295,10/4/2021 15:00:00,4022,3981934,3501.000000000000000,3636205,232.000000000000000,304937.000000000000000,4254,4286871,3733,3941142,7755,7922972
296,10/5/2021 15:00:00,3958,3985892,3661.000000000000000,3639866,207.000000000000000,305144.000000000000000,4165,4291036,3868,3945010,7826,7930798
297,10/6/2021 15:00:00,4023,3989915,3579.000000000000000,3643445,266.000000000000000,305410.000000000000000,4289,4295325,3845,3948855,7868,7938666
298,10/7/2021 15:00:00,4234,3994149,3626.000000000000000,3647071,331.000000000000000,305741.000000000000000,4565,4299890,3957,3952812,8191,7946857
299,10/8/2021 15:00:00,4770,3998919,4291.000000000000000,3651362,283.000000000000000,306024.000000000000000,5053,4304943,4574,3957386,9344,7956201
300,10/9/2021 15:00:00,2691,4001610,2682.000000000000000,3654044,270.000000000000000,306294.000000000000000,2961,4307904,2952,3960338,5643,7961844
301,10/10/2021 15:00:00,1865,4003475,1850.000000000000000,3655894,59.000000000000000,306353.000000000000000,1924,4309828,1909,3962247,3774,7965618
302,10/11/2021 15:00:00,4214,4007689,3338.000000000000000,3659232,249.000000000000000,306602.000000000000000,4463,4314291,3587,3965834,7801,7973419
303,10/12/2021 15:00:00,3590,4011279,3527.000000000000000,3662759,273.000000000000000,306875.000000000000000,3863,4318154,3800,3969634,7390,7980809
304,10/13/2021 15:00:00,3959,4015238,3457.000000000000000,3666216,346.000000000000000,307221.000000000000000,4305,4322459,3803,3973437,7762,7988571
305,10/14/2021 15:00:00,5164,4020402,5488.000000000000000,3671704,431.000000000000000,307652.000000000000000,5595,4328054,5919,3979356,11083,7999654
306,10/15/2021 15:00:00,4711,4025113,4594.000000000000000,3676298,347.000000000000000,307999.000000000000000,5058,4333112,4941,3984297,9652,8009306
307,10/16/2021 15:00:00,2495,4027608,2507.000000000000000,3678805,291.000000000000000,308290.000000000000000,2786,4335898,2798,3987095,5293,8014599
308,10/17/2021 15:00:00,1806,4029414,1776.000000000000000,3680581,55.000000000000000,308345.000000000000000,1861,4337759,1831,3988926,3637,8018236
309,10/18/2021 15:00:00,4282,4033696,3580.000000000000000,3684161,268.000000000000000,308613.000000000000000,4550,4342309,3848,3992774,8130,8026366
310,10/19/2021 15:00:00,4301,4037997,4030.000000000000000,3688191,223.000000000000000,308836.000000000000000,4524,4346833,4253,3997027,8554,8034920
311,10/20/2021 15:00:00,3526,4041523,3427.000000000000000,3691618,254.000000000000000,309090.000000000000000,3780,4350613,3681,4000708,7207,8042127
312,10/21/2021 15:00:00,3298,4044821,3270.000000000000000,3694888,291.000000000000000,309381.000000000000000,3589,4354202,3561,4004269,6859,8048986
313,10/22/2021 15:00:00,4682,4049503,4033.000000000000000,3698921,477.000000000000000,309858.000000000000000,5159,4359361,4510,4008779,9192,8058178
314,10/23/2021 15:00:00,2885,4052388,2115.000000000000000,3701036,321.000000000000000,310179.000000000000000,3206,4362567,2436,4011215,5321,8063499
315,10/24/2021 15:00:00,2057,4054445,1560.000000000000000,3702596,79.000000000000000,310258.000000000000000,2136,4364703,1639,4012854,3696,8067195
316,10/25/2021 15:00:00,4544,4058989,3080.000000000000000,3705676,319.000000000000000,310577.000000000000000,4863,4369566,3399,4016253,7943,8075138
317,10/26/2021 15:00:00,4507,4063496,3095.000000000000000,3708771,317.000000000000000,310894.000000000000000,4824,4374390,3412,4019665,7919,8083057
318,10/27/2021 15:00:00,4735,4068231,3344.000000000000000,3712115,437.000000000000000,311331.000000000000000,5172,4379562,3781,4023446,8516,8091573
319,10/28/2021 15:00:00,4560,4072791,3365.000000000000000,3715480,501.000000000000000,311832.000000000000000,5061,4384623,3866,4027312,8426,8099999
320,10/29/2021 15:00:00,4978,4077769,3919.000000000000000,3719399,394.000000000000000,312226.000000000000000,5372,4389995,4313,4031625,9291,8109290
321,10/30/2021 15:00:00,2633,4080402,1844.000000000000000,3721243,308.000000000000000,312534.000000000000000,2941,4392936,2152,4033777,4785,8114075
322,10/31/2021 15:00:00,1938,4082340,1522.000000000000000,3722765,93.000000000000000,312627.000000000000000,2031,4394967,1615,4035392,3553,8117628
323,11/1/2021 15:00:00,4707,4087047,3433.000000000000000,3726198,346.000000000000000,312973.000000000000000,5053,4400020,3779,4039171,8486,8126114
324,11/2/2021 15:00:00,4253,4091300,2957.000000000000000,3729155,408.000000000000000,313381.000000000000000,4661,4404681,3365,4042536,7618,8133732
325,11/3/2021 15:00:00,4665,4095965,3061.000000000000000,3732216,463.000000000000000,313844.000000000000000,5128,4409809,3524,4046060,8189,8141921
326,11/4/2021 15:00:00,6311,4102276,3368.000000000000000,3735584,513.000000000000000,314357.000000000000000,6824,4416633,3881,4049941,10192,8152113
327,11/5/2021 15:00:00,8237,4110513,3773.000000000000000,3739357,414.000000000000000,314771.000000000000000,8651,4425284,4187,4054128,12424,8164537
328,11/6/2021 15:00:00,10185,4120698,1980.000000000000000,3741337,308.000000000000000,315079.000000000000000,10493,4435777,2288,4056416,12473,8177010
329,11/7/2021 15:00:00,7729,4128427,1468.000000000000000,3742805,94.000000000000000,315173.000000000000000,7823,4443600,1562,4057978,9291,8186301
330,11/8/2021 15:00:00,11310,4139737,3048.000000000000000,3745853,379.000000000000000,315552.000000000000000,11689,4455289,3427,4061405,14737,8201038
331,11/9/2021 15:00:00,11762,4151499,2664.000000000000000,3748517,269.000000000000000,315821.000000000000000,12031,4467320,2933,4064338,14695,8215733
332,11/10/2021 15:00:00,12585,4164084,2761.000000000000000,3751278,338.000000000000000,316159.000000000000000,12923,4480243,3099,4067437,15684,8231417
333,11/11/2021 15:00:00,11373,4175457,2382.000000000000000,3753660,280.000000000000000,316439.000000000000000,11653,4491896,2662,4070099,14035,8245452
334,11/12/2021 15:00:00,12292,4187749,3359.000000000000000,3757019,547.000000000000000,316986.000000000000000,12839,4504735,3906,4074005,16198,8261650
335,11/13/2021 15:00:00,9884,4197633,1593.000000000000000,3758612,342.000000000000000,317328.000000000000000,10226,4514961,1935,4075940,11819,8273469
336,11/14/2021 15:00:00,3924,4201557,1131.000000000000000,3759743,121.000000000000000,317449.000000000000000,4045,4519006,1252,4077192,5176,8278645
337,11/15/2021 15:00:00,8624,4210181,2529.000000000000000,3762272,205.000000000000000,317654.000000000000000,8829,4527835,2734,4079926,11358,8290003
338,11/16/2021 15:00:00,9228,4219409,2500.000000000000000,3764772,255.000000000000000,317909.000000000000000,9483,4537318,2755,4082681,11983,8301986
339,11/17/2021 15:00:00,9397,4228806,2881.000000000000000,3767653,312.000000000000000,318221.000000000000000,9709,4547027,3193,4085874,12590,8314576
340,11/18/2021 15:00:00,9293,4238099,2635.000000000000000,3770288,482.000000000000000,318703.000000000000000,9775,4556802,3117,4088991,12410,8326986
341,11/19/2021 15:00:00,9795,4247894,2921.000000000000000,3773209,381.000000000000000,319084.000000000000000,10176,4566978,3302,4092293,13097,8340083
342,11/20/2021 15:00:00,10627,4258521,1608.000000000000000,3774817,455.000000000000000,319539.000000000000000,11082,4578060,2063,4094356,12690,8352773
343,11/21/2021 15:00:00,4343,4262864,1203.000000000000000,3776020,99.000000000000000,319638.000000000000000,4442,4582502,1302,4095658,5645,8358418
344,11/22/2021 15:00:00,9822,4272686,2491.000000000000000,3778511,293.000000000000000,319931.000000000000000,10115,4592617,2784,4098442,12606,8371024
345,11/23/2021 15:00:00,9207,4281893,2402.000000000000000,3780913,280.000000000000000,320211.000000000000000,9487,4602104,2682,4101124,11889,8382913
346,11/24/2021 15:00:00,8157,4290050,2447.000000000000000,3783360,216.000000000000000,320427.000000000000000,8373,4610477,2663,4103787,10820,8393733
347,11/25/2021 15:00:00,239,4290289,77.000000000000000,3783437,10.000000000000000,320437.000000000000000,249,4610726,87,4103874,326,8394059
348,11/26/2021 15:00:00,5652,4295941,3960.000000000000000,3787397,153.000000000000000,320590.000000000000000,5805,4616531,4113,4107987,9765,8403824
349,11/27/2021 15:00:00,3782,4299723,5474.000000000000000,3792871,134.000000000000000,320724.000000000000000,3916,4620447,5608,4113595,9390,8413214
350,11/28/2021 15:00:00,2413,4302136,6389.000000000000000,3799260,77.000000000000000,320801.000000000000000,2490,4622937,6466,4120061,8879,8422093
351,11/29/2021 15:00:00,6372,4308508,9284.000000000000000,3808544,379.000000000000000,321180.000000000000000,6751,4629688,9663,4129724,16035,8438128
352,11/30/2021 15:00:00,6254,4314762,9313.000000000000000,3817857,264.000000000000000,321444.000000000000000,6518,4636206,9577,4139301,15831,8453959
353,12/1/2021 15:00:00,7276,4322038,9695.000000000000000,3827552,308.000000000000000,321752.000000000000000,7584,4643790,10003,4149304,17279,8471238
354,12/2/2021 15:00:00,6915,4328953,8787.000000000000000,3836339,451.000000000000000,322203.000000000000000,7366,4651156,9238,4158542,16153,8487391
355,12/3/2021 15:00:00,7582,4336535,9254.000000000000000,3845593,249.000000000000000,322452.000000000000000,7831,4658987,9503,4168045,17085,8504476
356,12/4/2021 15:00:00,5948,4342483,10036.000000000000000,3855629,465.000000000000000,322917.000000000000000,6413,4665400,10501,4178546,16449,8520925
357,12/5/2021 15:00:00,3468,4345951,3287.000000000000000,3858916,78.000000000000000,322995.000000000000000,3546,4668946,3365,4181911,6833,8527758
358,12/6/2021 15:00:00,6753,4352704,7110.000000000000000,3866026,277.000000000000000,323272.000000000000000,7030,4675976,7387,4189298,14140,8541898
359,12/7/2021 15:00:00,6411,4359115,7025.000000000000000,3873051,249.000000000000000,323521.000000000000000,6660,4682636,7274,4196572,13685,8555583
360,12/8/2021 15:00:00,6932,4366047,7421.000000000000000,3880472,315.000000000000000,323836.000000000000000,7247,4689883,7736,4204308,14668,8570251
361,12/9/2021 15:00:00,6516,4372563,7010.000000000000000,3887482,398.000000000000000,324234.000000000000000,6914,4696797,7408,4211716,13924,8584175
362,12/10/2021 15:00:00,7264,4379827,7313.000000000000000,3894795,229.000000000000000,324463.000000000000000,7493,4704290,7542,4219258,14806,8598981
363,12/11/2021 15:00:00,4452,4384279,7667.000000000000000,3902462,333.000000000000000,324796.000000000000000,4785,4709075,8000,4227258,12452,8611433
364,12/12/2021 15:00:00,4002,4388281,2781.000000000000000,3905243,60.000000000000000,324856.000000000000000,4062,4713137,2841,4230099,6843,8618276
365,12/13/2021 15:00:00,5696,4393977,5763.000000000000000,3911006,243.000000000000000,325099.000000000000000,5939,4719076,6006,4236105,11702,8629978
366,12/14/2021 15:00:00,6448,4400425,5928.000000000000000,3916934,221.000000000000000,325320.000000000000000,6669,4725745,6149,4242254,12597,8642575
367,12/15/2021 15:00:00,7140,4407565,5686.000000000000000,3922620,251.000000000000000,325571.000000000000000,7391,4733136,5937,4248191,13077,8655652
368,12/16/2021 15:00:00,7849,4415414,2811.000000000000000,3925431,420.000000000000000,325991.000000000000000,8269,4741405,3231,4251422,11080,8666732
369,12/17/2021 15:00:00,7803,4423217,4153.000000000000000,3929584,195.000000000000000,326186.000000000000000,7998,4749403,4348,4255770,12151,8678883
370,12/18/2021 15:00:00,5824,4429041,3188.000000000000000,3932772,298.000000000000000,326484.000000000000000,6122,4755525,3486,4259256,9310,8688193
371,12/19/2021 15:00:00,3380,4432421,1343.000000000000000,3934115,36.000000000000000,326520.000000000000000,3416,4758941,1379,4260635,4759,8692952
372,12/20/2021 15:00:00,8064,4440485,3753.000000000000000,3937868,173.000000000000000,326693.000000000000000,8237,4767178,3926,4264561,11990,8704942
373,12/21/2021 15:00:00,8994,4449479,4153.000000000000000,3942021,175.000000000000000,326868.000000000000000,9169,4776347,4328,4268889,13322,8718264
374,12/22/2021 15:00:00,8680,4458159,3862.000000000000000,3945883,184.000000000000000,327052.000000000000000,8864,4785211,4046,4272935,12726,8730990
375,12/23/2021 15:00:00,8399,4466558,3557.000000000000000,3949440,359.000000000000000,327411.000000000000000,8758,4793969,3916,4276851,12315,8743305
376,12/24/2021 15:00:00,1634,4468192,1007.000000000000000,3950447,39.000000000000000,327450.000000000000000,1673,4795642,1046,4277897,2680,8745985
377,12/25/2021 15:00:00,50,4468242,36.000000000000000,3950483,1.000000000000000,327451.000000000000000,51,4795693,37,4277934,87,8746072
378,12/26/2021 15:00:00,2520,4470762,1746.000000000000000,3952229,44.000000000000000,327495.000000000000000,2564,4798257,1790,4279724,4310,8750382
379,12/27/2021 15:00:00,7189,4477951,3994.000000000000000,3956223,296.000000000000000,327791.000000000000000,7485,4805742,4290,4284014,11479,8761861
380,12/28/2021 15:00:00,7890,4485841,3845.000000000000000,3960068,177.000000000000000,327968.000000000000000,8067,4813809,4022,4288036,11912,8773773
381,12/29/2021 15:00:00,8207,4494048,4023.000000000000000,3964091,155.000000000000000,328123.000000000000000,8362,4822171,4178,4292214,12385,8786158
382,12/30/2021 15:00:00,7471,4501519,3776.000000000000000,3967867,289.000000000000000,328412.000000000000000,7760,4829931,4065,4296279,11536,8797694
383,12/31/2021 15:00:00,2564,4504083,1524.000000000000000,3969391,90.000000000000000,328502.000000000000000,2654,4832585,1614,4297893,4178,8801872
384,1/1/2022 15:00:00,737,4504820,345.000000000000000,3969736,33.000000000000000,328535.000000000000000,770,4833355,378,4298271,1115,8802987
385,1/2/2022 15:00:00,2210,4507030,1646.000000000000000,3971382,47.000000000000000,328582.000000000000000,2257,4835612,1693,4299964,3903,8806890
386,1/3/2022 15:00:00,3394,4510424,2065.000000000000000,3973447,221.000000000000000,328803.000000000000000,3615,4839227,2286,4302250,5680,8812570
387,1/4/2022 15:00:00,5835,4516259,3466.000000000000000,3976913,162.000000000000000,328965.000000000000000,5997,4845224,3628,4305878,9463,8822033
388,1/5/2022 15:00:00,6826,4523085,4687.000000000000000,3981600,176.000000000000000,329141.000000000000000,7002,4852226,4863,4310741,11689,8833722
389,1/6/2022 15:00:00,6746,4529831,4806.000000000000000,3986406,263.000000000000000,329404.000000000000000,7009,4859235,5069,4315810,11815,8845537
390,1/7/2022 15:00:00,5943,4535774,3750.000000000000000,3990156,159.000000000000000,329563.000000000000000,6102,4865337,3909,4319719,9852,8855389
391,1/8/2022 15:00:00,4803,4540577,3909.000000000000000,3994065,79.000000000000000,329642.000000000000000,4882,4870219,3988,4323707,8791,8864180
392,1/9/2022 15:00:00,2758,4543335,2016.000000000000000,3996081,154.000000000000000,329796.000000000000000,2912,4873131,2170,4325877,4928,8869108
393,1/10/2022 15:00:00,6307,4549642,3838.000000000000000,3999919,155.000000000000000,329951.000000000000000,6462,4879593,3993,4329870,10300,8879408
394,1/11/2022 15:00:00,6536,4556178,4238.000000000000000,4004157,141.000000000000000,330092.000000000000000,6677,4886270,4379,4334249,10915,8890323
395,1/12/2022 15:00:00,6798,4562976,4448.000000000000000,4008605,225.000000000000000,330317.000000000000000,7023,4893293,4673,4338922,11471,8901794
396,1/13/2022 15:00:00,6590,4569566,4376.000000000000000,4012981,150.000000000000000,330467.000000000000000,6740,4900033,4526,4343448,11116,8912910
397,1/14/2022 15:00:00,7183,4576749,3272.000000000000000,4016253,252.000000000000000,330719.000000000000000,7435,4907468,3524,4346972,10707,8923617
398,1/15/2022 15:00:00,4252,4581001,1683.000000000000000,4017936,70.000000000000000,330789.000000000000000,4322,4911790,1753,4348725,6005,8929622
399,1/16/2022 15:00:00,2216,4583217,1318.000000000000000,4019254,116.000000000000000,330905.000000000000000,2332,4914122,1434,4350159,3650,8933272
400,1/17/2022 15:00:00,3609,4586826,2366.000000000000000,4021620,74.000000000000000,330979.000000000000000,3683,4917805,2440,4352599,6049,8939321
401,1/18/2022 15:00:00,5270,4592096,4170.000000000000000,4025790,102.000000000000000,331081.000000000000000,5372,4923177,4272,4356871,9542,8948863
402,1/19/2022 15:00:00,5280,4597376,4457.000000000000000,4030247,99.000000000000000,331180.000000000000000,5379,4928556,4556,4361427,9836,8958699
403,1/20/2022 15:00:00,4503,4601879,3587.000000000000000,4033834,176.000000000000000,331356.000000000000000,4679,4933235,3763,4365190,8266,8966965
404,1/21/2022 15:00:00,5568,4607447,2919.000000000000000,4036753,125.000000000000000,331481.000000000000000,5693,4938928,3044,4368234,8612,8975577
405,1/22/2022 15:00:00,3448,4610895,1722.000000000000000,4038475,134.000000000000000,331615.000000000000000,3582,4942510,1856,4370090,5304,8980881
406,1/23/2022 15:00:00,2031,4612926,1488.000000000000000,4039963,30.000000000000000,331645.000000000000000,2061,4944571,1518,4371608,3549,8984430
407,1/24/2022 15:00:00,4116,4617042,2768.000000000000000,4042731,88.000000000000000,331733.000000000000000,4204,4948775,2856,4374464,6972,8991402
408,1/25/2022 15:00:00,3788,4620830,3294.000000000000000,4046025,93.000000000000000,331826.000000000000000,3881,4952656,3387,4377851,7175,8998577
409,1/26/2022 15:00:00,3812,4624642,3650.000000000000000,4049675,93.000000000000000,331919.000000000000000,3905,4956561,3743,4381594,7555,9006132
410,1/27/2022 15:00:00,3712,4628354,3846.000000000000000,4053521,186.000000000000000,332105.000000000000000,3898,4960459,4032,4385626,7744,9013876
411,1/28/2022 15:00:00,3718,4632072,3139.000000000000000,4056660,74.000000000000000,332179.000000000000000,3792,4964251,3213,4388839,6931,9020807
412,1/29/2022 15:00:00,2214,4634286,2214.000000000000000,4058874,116.000000000000000,332295.000000000000000,2330,4966581,2330,4391169,4544,9025351
413,1/30/2022 15:00:00,1498,4635784,1595.000000000000000,4060469,16.000000000000000,332311.000000000000000,1514,4968095,1611,4392780,3109,9028460
414,1/31/2022 15:00:00,2921,4638705,3073.000000000000000,4063542,58.000000000000000,332369.000000000000000,2979,4971074,3131,4395911,6052,9034512
415,2/1/2022 15:00:00,2573,4641278,3301.000000000000000,4066843,71.000000000000000,332440.000000000000000,2644,4973718,3372,4399283,5945,9040457
416,2/2/2022 15:00:00,2689,4643967,3521.000000000000000,4070364,67.000000000000000,332507.000000000000000,2756,4976474,3588,4402871,6277,9046734
417,2/3/2022 15:00:00,1478,4645445,2058.000000000000000,4072422,28.000000000000000,332535.000000000000000,1506,4977980,2086,4404957,3564,9050298