OBJECTID,VACCINATION_DATE,FirstDailyDose,FirstDoseCumulative,SecondDailyDose,SecondDoseCumulative,SingleDailyDose,SingleDoseCumulative,AtleastOneVaccine,AtleastOneVaccineCumulative,CompletedVax,CompletedVaxCumulative,FirstSecondSingleVaccination_12,FirstSecondSingleVaccination_13
1,12/14/2020 15:00:00,14,787,,319,,,14,787,0,319,14,1018
2,12/15/2020 15:00:00,39,826,2.000000000000000,321,,,39,826,2,321,41,1059
3,12/16/2020 15:00:00,568,1394,2.000000000000000,323,,,568,1394,2,323,570,1629
4,12/17/2020 15:00:00,1121,2515,2.000000000000000,325,,,1121,2515,2,325,1123,2752
5,12/18/2020 15:00:00,2987,5502,9.000000000000000,334,,,2987,5502,9,334,2996,5748
6,12/19/2020 15:00:00,916,6418,5.000000000000000,339,,,916,6418,5,339,921,6669
7,12/20/2020 15:00:00,321,6739,3.000000000000000,342,,,321,6739,3,342,324,6993
8,12/21/2020 15:00:00,3834,10573,12.000000000000000,354,,,3834,10573,12,354,3846,10839
9,12/22/2020 15:00:00,6304,16877,9.000000000000000,363,,,6304,16877,9,363,6313,17152
10,12/23/2020 15:00:00,5710,22587,23.000000000000000,386,,,5710,22587,23,386,5733,22885
11,12/24/2020 15:00:00,2703,25290,8.000000000000000,394,,,2703,25290,8,394,2711,25596
12,12/25/2020 15:00:00,1033,26323,3.000000000000000,397,,,1033,26323,3,397,1036,26632
13,12/26/2020 15:00:00,1853,28176,6.000000000000000,403,,,1853,28176,6,403,1859,28491
14,12/27/2020 15:00:00,1783,29959,9.000000000000000,412,,,1783,29959,9,412,1792,30283
15,12/28/2020 15:00:00,8905,38864,31.000000000000000,443,,,8905,38864,31,443,8936,39219
16,12/29/2020 15:00:00,10888,49752,27.000000000000000,470,,,10888,49752,27,470,10915,50134
17,12/30/2020 15:00:00,12414,62166,54.000000000000000,524,,,12414,62166,54,524,12468,62602
18,12/31/2020 15:00:00,7488,69654,27.000000000000000,551,,,7488,69654,27,551,7515,70117
19,1/1/2021 15:00:00,2274,71928,88.000000000000000,639,,,2274,71928,88,639,2362,72479
20,1/2/2021 15:00:00,2931,74859,32.000000000000000,671,,,2931,74859,32,671,2963,75442
21,1/3/2021 15:00:00,3347,78206,76.000000000000000,747,,,3347,78206,76,747,3423,78865
22,1/4/2021 15:00:00,13204,91410,298.000000000000000,1045,,,13204,91410,298,1045,13502,92367
23,1/5/2021 15:00:00,12336,103746,495.000000000000000,1540,,,12336,103746,495,1540,12831,105198
24,1/6/2021 15:00:00,15099,118845,818.000000000000000,2358,,,15099,118845,818,2358,15917,121115
25,1/7/2021 15:00:00,14910,133755,1702.000000000000000,4060,,,14910,133755,1702,4060,16612,137727
26,1/8/2021 15:00:00,23886,157641,2708.000000000000000,6768,,,23886,157641,2708,6768,26594,164321
27,1/9/2021 15:00:00,5094,162735,934.000000000000000,7702,,,5094,162735,934,7702,6028,170349
28,1/10/2021 15:00:00,2886,165621,362.000000000000000,8064,,,2886,165621,362,8064,3248,173597
29,1/11/2021 15:00:00,13630,179251,3385.000000000000000,11449,,,13630,179251,3385,11449,17015,190612
30,1/12/2021 15:00:00,17220,196471,5546.000000000000000,16995,,,17220,196471,5546,16995,22766,213378
31,1/13/2021 15:00:00,18447,214918,3827.000000000000000,20822,,,18447,214918,3827,20822,22274,235652
32,1/14/2021 15:00:00,17756,232674,1896.000000000000000,22718,,,17756,232674,1896,22718,19652,255304
33,1/15/2021 15:00:00,19403,252077,1922.000000000000000,24640,,,19403,252077,1922,24640,21325,276629
34,1/16/2021 15:00:00,5738,257815,1567.000000000000000,26207,,,5738,257815,1567,26207,7305,283934
35,1/17/2021 15:00:00,2082,259897,1460.000000000000000,27667,,,2082,259897,1460,27667,3542,287476
36,1/18/2021 15:00:00,6998,266895,3210.000000000000000,30877,,,6998,266895,3210,30877,10208,297684
37,1/19/2021 15:00:00,17101,283996,5293.000000000000000,36170,,,17101,283996,5293,36170,22394,320078
38,1/20/2021 15:00:00,21176,305172,5210.000000000000000,41380,,,21176,305172,5210,41380,26386,346464
39,1/21/2021 15:00:00,23735,328907,3635.000000000000000,45015,,,23735,328907,3635,45015,27370,373834
40,1/22/2021 15:00:00,28785,357692,3544.000000000000000,48559,,,28785,357692,3544,48559,32329,406163
41,1/23/2021 15:00:00,9992,367684,1888.000000000000000,50447,,,9992,367684,1888,50447,11880,418043
42,1/24/2021 15:00:00,3303,370987,1697.000000000000000,52144,,,3303,370987,1697,52144,5000,423043
43,1/25/2021 15:00:00,16576,387563,8453.000000000000000,60597,,,16576,387563,8453,60597,25029,448072
44,1/26/2021 15:00:00,17839,405402,8849.000000000000000,69446,,,17839,405402,8849,69446,26688,474760
45,1/27/2021 15:00:00,25001,430403,12333.000000000000000,81779,,,25001,430403,12333,81779,37334,512094
46,1/28/2021 15:00:00,23243,453646,9169.000000000000000,90948,,,23243,453646,9169,90948,32412,544506
47,1/29/2021 15:00:00,25476,479122,7743.000000000000000,98691,,,25476,479122,7743,98691,33219,577725
48,1/30/2021 15:00:00,18391,497513,2457.000000000000000,101148,,,18391,497513,2457,101148,20848,598573
49,1/31/2021 15:00:00,4106,501619,1276.000000000000000,102424,,,4106,501619,1276,102424,5382,603955
50,2/1/2021 15:00:00,7457,509076,4871.000000000000000,107295,,,7457,509076,4871,107295,12328,616283
51,2/2/2021 15:00:00,12737,521813,13664.000000000000000,120959,,,12737,521813,13664,120959,26401,642684
52,2/3/2021 15:00:00,18622,540435,18006.000000000000000,138965,,,18622,540435,18006,138965,36628,679312
53,2/4/2021 15:00:00,22405,562840,15656.000000000000000,154621,,,22405,562840,15656,154621,38061,717373
54,2/5/2021 15:00:00,20482,583322,17343.000000000000000,171964,,,20482,583322,17343,171964,37825,755198
55,2/6/2021 15:00:00,12086,595408,14358.000000000000000,186322,,,12086,595408,14358,186322,26444,781642
56,2/7/2021 15:00:00,5944,601352,1746.000000000000000,188068,,,5944,601352,1746,188068,7690,789332
57,2/8/2021 15:00:00,13245,614597,13053.000000000000000,201121,,,13245,614597,13053,201121,26298,815630
58,2/9/2021 15:00:00,16645,631242,13953.000000000000000,215074,,,16645,631242,13953,215074,30598,846228
59,2/10/2021 15:00:00,19234,650476,21333.000000000000000,236407,,,19234,650476,21333,236407,40567,886795
60,2/11/2021 15:00:00,22836,673312,17460.000000000000000,253867,,,22836,673312,17460,253867,40296,927091
61,2/12/2021 15:00:00,20338,693650,19803.000000000000000,273670,,,20338,693650,19803,273670,40141,967232
62,2/13/2021 15:00:00,11345,704995,6314.000000000000000,279984,,,11345,704995,6314,279984,17659,984891
63,2/14/2021 15:00:00,7061,712056,2054.000000000000000,282038,,,7061,712056,2054,282038,9115,994006
64,2/15/2021 15:00:00,11668,723724,13165.000000000000000,295203,,,11668,723724,13165,295203,24833,1018839
65,2/16/2021 15:00:00,16538,740262,21614.000000000000000,316817,,,16538,740262,21614,316817,38152,1056991
66,2/17/2021 15:00:00,20593,760855,27084.000000000000000,343901,,,20593,760855,27084,343901,47677,1104668
67,2/18/2021 15:00:00,3146,764001,4700.000000000000000,348601,,,3146,764001,4700,348601,7846,1112514
68,2/19/2021 15:00:00,10230,774231,20353.000000000000000,368954,,,10230,774231,20353,368954,30583,1143097
69,2/20/2021 15:00:00,10281,784512,20821.000000000000000,389775,,,10281,784512,20821,389775,31102,1174199
70,2/21/2021 15:00:00,6140,790652,7899.000000000000000,397674,,,6140,790652,7899,397674,14039,1188238
71,2/22/2021 15:00:00,8058,798710,15837.000000000000000,413511,,,8058,798710,15837,413511,23895,1212133
72,2/23/2021 15:00:00,15554,814264,16424.000000000000000,429935,,,15554,814264,16424,429935,31978,1244111
73,2/24/2021 15:00:00,17935,832199,25119.000000000000000,455054,,,17935,832199,25119,455054,43054,1287165
74,2/25/2021 15:00:00,20370,852569,26841.000000000000000,481895,,,20370,852569,26841,481895,47211,1334376
75,2/26/2021 15:00:00,26794,879363,26389.000000000000000,508284,,,26794,879363,26389,508284,53183,1387559
76,2/27/2021 15:00:00,16076,895439,11658.000000000000000,519942,,,16076,895439,11658,519942,27734,1415293
77,2/28/2021 15:00:00,15478,910917,4783.000000000000000,524725,,,15478,910917,4783,524725,20261,1435554
78,3/1/2021 15:00:00,25601,936518,12372.000000000000000,537097,,,25601,936518,12372,537097,37973,1473527
79,3/2/2021 15:00:00,23933,960451,13251.000000000000000,550348,29.000000000000000,29.000000000000000,23962,960480,13280,550377,37213,1510740
80,3/3/2021 15:00:00,30124,990575,18309.000000000000000,568657,169.000000000000000,198.000000000000000,30293,990773,18478,568855,48602,1559342
81,3/4/2021 15:00:00,31013,1021588,18065.000000000000000,586722,4061.000000000000000,4259.000000000000000,35074,1025847,22126,590981,53139,1612481
82,3/5/2021 15:00:00,29486,1051074,19305.000000000000000,606027,4902.000000000000000,9161.000000000000000,34388,1060235,24207,615188,53693,1666174
83,3/6/2021 15:00:00,17723,1068797,8884.000000000000000,614911,5983.000000000000000,15144.000000000000000,23706,1083941,14867,630055,32590,1698764
84,3/7/2021 15:00:00,12050,1080847,4771.000000000000000,619682,6610.000000000000000,21754.000000000000000,18660,1102601,11381,641436,23431,1722195
85,3/8/2021 15:00:00,26137,1106984,8695.000000000000000,628377,8282.000000000000000,30036.000000000000000,34419,1137020,16977,658413,43114,1765309
86,3/9/2021 15:00:00,26348,1133332,15321.000000000000000,643698,8340.000000000000000,38376.000000000000000,34688,1171708,23661,682074,50009,1815318
87,3/10/2021 15:00:00,30070,1163402,15843.000000000000000,659541,7935.000000000000000,46311.000000000000000,38005,1209713,23778,705852,53848,1869166
88,3/11/2021 15:00:00,36153,1199555,16335.000000000000000,675876,4033.000000000000000,50344.000000000000000,40186,1249899,20368,726220,56521,1925687
89,3/12/2021 15:00:00,37131,1236686,17950.000000000000000,693826,2917.000000000000000,53261.000000000000000,40048,1289947,20867,747087,57998,1983685
90,3/13/2021 15:00:00,22568,1259254,10169.000000000000000,703995,1594.000000000000000,54855.000000000000000,24162,1314109,11763,758850,34331,2018016
91,3/14/2021 15:00:00,17832,1277086,6631.000000000000000,710626,990.000000000000000,55845.000000000000000,18822,1332931,7621,766471,25453,2043469
92,3/15/2021 15:00:00,29935,1307021,11263.000000000000000,721889,592.000000000000000,56437.000000000000000,30527,1363458,11855,778326,41790,2085259
93,3/16/2021 15:00:00,33569,1340590,13485.000000000000000,735374,764.000000000000000,57201.000000000000000,34333,1397791,14249,792575,47818,2133077
94,3/17/2021 15:00:00,37693,1378283,16919.000000000000000,752293,1178.000000000000000,58379.000000000000000,38871,1436662,18097,810672,55790,2188867
95,3/18/2021 15:00:00,41429,1419712,12547.000000000000000,764840,1353.000000000000000,59732.000000000000000,42782,1479444,13900,824572,55329,2244196
96,3/19/2021 15:00:00,38255,1457967,15532.000000000000000,780372,1041.000000000000000,60773.000000000000000,39296,1518740,16573,841145,54828,2299024
97,3/20/2021 15:00:00,24481,1482448,9973.000000000000000,790345,1117.000000000000000,61890.000000000000000,25598,1544338,11090,852235,35571,2334595
98,3/21/2021 15:00:00,19105,1501553,7757.000000000000000,798102,326.000000000000000,62216.000000000000000,19431,1563769,8083,860318,27188,2361783
99,3/22/2021 15:00:00,32567,1534120,11557.000000000000000,809659,827.000000000000000,63043.000000000000000,33394,1597163,12384,872702,44951,2406734
100,3/23/2021 15:00:00,37771,1571891,17391.000000000000000,827050,1542.000000000000000,64585.000000000000000,39313,1636476,18933,891635,56704,2463438
101,3/24/2021 15:00:00,41143,1613034,21089.000000000000000,848139,1371.000000000000000,65956.000000000000000,42514,1678990,22460,914095,63603,2527041
102,3/25/2021 15:00:00,42454,1655488,20954.000000000000000,869093,2514.000000000000000,68470.000000000000000,44968,1723958,23468,937563,65922,2592963
103,3/26/2021 15:00:00,36583,1692071,26405.000000000000000,895498,2498.000000000000000,70968.000000000000000,39081,1763039,28903,966466,65486,2658449
104,3/27/2021 15:00:00,27822,1719893,16822.000000000000000,912320,2765.000000000000000,73733.000000000000000,30587,1793626,19587,986053,47409,2705858
105,3/28/2021 15:00:00,17003,1736896,12545.000000000000000,924865,1612.000000000000000,75345.000000000000000,18615,1812241,14157,1000210,31160,2737018
106,3/29/2021 15:00:00,29736,1766632,26447.000000000000000,951312,1134.000000000000000,76479.000000000000000,30870,1843111,27581,1027791,57317,2794335
107,3/30/2021 15:00:00,40057,1806689,29082.000000000000000,980394,1848.000000000000000,78327.000000000000000,41905,1885016,30930,1058721,70987,2865322
108,3/31/2021 15:00:00,41051,1847740,34773.000000000000000,1015167,5740.000000000000000,84067.000000000000000,46791,1931807,40513,1099234,81564,2946886
109,4/1/2021 15:00:00,40388,1888128,39522.000000000000000,1054689,5587.000000000000000,89654.000000000000000,45975,1977782,45109,1144343,85497,3032383
110,4/2/2021 15:00:00,34907,1923035,32656.000000000000000,1087345,6082.000000000000000,95736.000000000000000,40989,2018771,38738,1183081,73645,3106028
111,4/3/2021 15:00:00,21560,1944595,18591.000000000000000,1105936,4424.000000000000000,100160.000000000000000,25984,2044755,23015,1206096,44575,3150603
112,4/4/2021 15:00:00,8265,1952860,10126.000000000000000,1116062,956.000000000000000,101116.000000000000000,9221,2053976,11082,1217178,19347,3169950
113,4/5/2021 15:00:00,27937,1980797,29005.000000000000000,1145067,6632.000000000000000,107748.000000000000000,34569,2088545,35637,1252815,63574,3233524
114,4/6/2021 15:00:00,39863,2020660,30504.000000000000000,1175571,10469.000000000000000,118217.000000000000000,50332,2138877,40973,1293788,80836,3314360
115,4/7/2021 15:00:00,36144,2056804,34175.000000000000000,1209746,12937.000000000000000,131154.000000000000000,49081,2187958,47112,1340900,83256,3397616
116,4/8/2021 15:00:00,42407,2099211,35993.000000000000000,1245739,13854.000000000000000,145008.000000000000000,56261,2244219,49847,1390747,92254,3489870
117,4/9/2021 15:00:00,34104,2133315,36303.000000000000000,1282042,14489.000000000000000,159497.000000000000000,48593,2292812,50792,1441539,84896,3574766
118,4/10/2021 15:00:00,23991,2157306,22965.000000000000000,1305007,7616.000000000000000,167113.000000000000000,31607,2324419,30581,1472120,54572,3629338
119,4/11/2021 15:00:00,17545,2174851,13233.000000000000000,1318240,10619.000000000000000,177732.000000000000000,28164,2352583,23852,1495972,41397,3670735
120,4/12/2021 15:00:00,24681,2199532,33111.000000000000000,1351351,10934.000000000000000,188666.000000000000000,35615,2388198,44045,1540017,68726,3739461
121,4/13/2021 15:00:00,126917,2326449,90630.000000000000000,1441981,3292.000000000000000,191958.000000000000000,130209,2518407,93922,1633939,220839,3960300
122,4/14/2021 15:00:00,40808,2367257,37809.000000000000000,1479790,207.000000000000000,192165.000000000000000,41015,2559422,38016,1671955,78824,4039124
123,4/15/2021 15:00:00,41837,2409094,39165.000000000000000,1518955,169.000000000000000,192334.000000000000000,42006,2601428,39334,1711289,81171,4120295
124,4/16/2021 15:00:00,37348,2446442,38710.000000000000000,1557665,22.000000000000000,192356.000000000000000,37370,2638798,38732,1750021,76080,4196375
125,4/17/2021 15:00:00,32987,2479429,21904.000000000000000,1579569,11.000000000000000,192367.000000000000000,32998,2671796,21915,1771936,54902,4251277
126,4/18/2021 15:00:00,20007,2499436,16123.000000000000000,1595692,4.000000000000000,192371.000000000000000,20011,2691807,16127,1788063,36134,4287411
127,4/19/2021 15:00:00,29953,2529389,36502.000000000000000,1632194,61.000000000000000,192432.000000000000000,30014,2721821,36563,1824626,66516,4353927
128,4/20/2021 15:00:00,33100,2562489,44053.000000000000000,1676247,54.000000000000000,192486.000000000000000,33154,2754975,44107,1868733,77207,4431134
129,4/21/2021 15:00:00,39792,2602281,46829.000000000000000,1723076,21.000000000000000,192507.000000000000000,39813,2794788,46850,1915583,86642,4517776
130,4/22/2021 15:00:00,36404,2638685,41845.000000000000000,1764921,16.000000000000000,192523.000000000000000,36420,2831208,41861,1957444,78265,4596041
131,4/23/2021 15:00:00,33129,2671814,39922.000000000000000,1804843,12.000000000000000,192535.000000000000000,33141,2864349,39934,1997378,73063,4669104
132,4/24/2021 15:00:00,26348,2698162,28549.000000000000000,1833392,80.000000000000000,192615.000000000000000,26428,2890777,28629,2026007,54977,4724081
133,4/25/2021 15:00:00,20190,2718352,10878.000000000000000,1844270,30.000000000000000,192645.000000000000000,20220,2910997,10908,2036915,31098,4755179
134,4/26/2021 15:00:00,27406,2745758,32703.000000000000000,1876973,203.000000000000000,192848.000000000000000,27609,2938606,32906,2069821,60312,4815491
135,4/27/2021 15:00:00,26712,2772470,32975.000000000000000,1909948,1094.000000000000000,193942.000000000000000,27806,2966412,34069,2103890,60781,4876272
136,4/28/2021 15:00:00,28973,2801443,39461.000000000000000,1949409,1359.000000000000000,195301.000000000000000,30332,2996744,40820,2144710,69793,4946065
137,4/29/2021 15:00:00,27386,2828829,39340.000000000000000,1988749,1463.000000000000000,196764.000000000000000,28849,3025593,40803,2185513,68189,5014254
138,4/30/2021 15:00:00,28209,2857038,32044.000000000000000,2020793,1637.000000000000000,198401.000000000000000,29846,3055439,33681,2219194,61890,5076144
139,5/1/2021 15:00:00,20222,2877260,26548.000000000000000,2047341,1007.000000000000000,199408.000000000000000,21229,3076668,27555,2246749,47777,5123921
140,5/2/2021 15:00:00,10249,2887509,16975.000000000000000,2064316,818.000000000000000,200226.000000000000000,11067,3087735,17793,2264542,28042,5151963
141,5/3/2021 15:00:00,13056,2900565,29694.000000000000000,2094010,1914.000000000000000,202140.000000000000000,14970,3102705,31608,2296150,44664,5196627
142,5/4/2021 15:00:00,14211,2914776,39467.000000000000000,2133477,1730.000000000000000,203870.000000000000000,15941,3118646,41197,2337347,55408,5252035
143,5/5/2021 15:00:00,19306,2934082,37723.000000000000000,2171200,1913.000000000000000,205783.000000000000000,21219,3139865,39636,2376983,58942,5310977
144,5/6/2021 15:00:00,16983,2951065,40526.000000000000000,2211726,1710.000000000000000,207493.000000000000000,18693,3158558,42236,2419219,59219,5370196
145,5/7/2021 15:00:00,17405,2968470,35977.000000000000000,2247703,1952.000000000000000,209445.000000000000000,19357,3177915,37929,2457148,55334,5425530
146,5/8/2021 15:00:00,10773,2979243,31116.000000000000000,2278819,1291.000000000000000,210736.000000000000000,12064,3189979,32407,2489555,43180,5468710
147,5/9/2021 15:00:00,5047,2984290,11854.000000000000000,2290673,695.000000000000000,211431.000000000000000,5742,3195721,12549,2502104,17596,5486306
148,5/10/2021 15:00:00,8940,2993230,31087.000000000000000,2321760,1358.000000000000000,212789.000000000000000,10298,3206019,32445,2534549,41385,5527691
149,5/11/2021 15:00:00,12186,3005416,30256.000000000000000,2352016,1443.000000000000000,214232.000000000000000,13629,3219648,31699,2566248,43885,5571576
150,5/12/2021 15:00:00,13916,3019332,38517.000000000000000,2390533,1909.000000000000000,216141.000000000000000,15825,3235473,40426,2606674,54342,5625918
151,5/13/2021 15:00:00,21806,3041138,33368.000000000000000,2423901,1353.000000000000000,217494.000000000000000,23159,3258632,34721,2641395,56527,5682445
152,5/14/2021 15:00:00,24315,3065453,29933.000000000000000,2453834,1770.000000000000000,219264.000000000000000,26085,3284717,31703,2673098,56018,5738463
153,5/15/2021 15:00:00,21841,3087294,24980.000000000000000,2478814,1532.000000000000000,220796.000000000000000,23373,3308090,26512,2699610,48353,5786816
154,5/16/2021 15:00:00,9052,3096346,17491.000000000000000,2496305,1114.000000000000000,221910.000000000000000,10166,3318256,18605,2718215,27657,5814473
155,5/17/2021 15:00:00,16837,3113183,28347.000000000000000,2524652,1948.000000000000000,223858.000000000000000,18785,3337041,30295,2748510,47132,5861605
156,5/18/2021 15:00:00,21248,3134431,30668.000000000000000,2555320,1943.000000000000000,225801.000000000000000,23191,3360232,32611,2781121,53859,5915464
157,5/19/2021 15:00:00,27566,3161997,32337.000000000000000,2587657,1623.000000000000000,227424.000000000000000,29189,3389421,33960,2815081,61526,5976990
158,5/20/2021 15:00:00,20774,3182771,33232.000000000000000,2620889,1962.000000000000000,229386.000000000000000,22736,3412157,35194,2850275,55968,6032958
159,5/21/2021 15:00:00,19147,3201918,30182.000000000000000,2651071,1612.000000000000000,230998.000000000000000,20759,3432916,31794,2882069,50941,6083899
160,5/22/2021 15:00:00,16878,3218796,20576.000000000000000,2671647,1270.000000000000000,232268.000000000000000,18148,3451064,21846,2903915,38724,6122623
161,5/23/2021 15:00:00,8744,3227540,11391.000000000000000,2683038,959.000000000000000,233227.000000000000000,9703,3460767,12350,2916265,21094,6143717
162,5/24/2021 15:00:00,13456,3240996,17838.000000000000000,2700876,1480.000000000000000,234707.000000000000000,14936,3475703,19318,2935583,32774,6176491
163,5/25/2021 15:00:00,12885,3253881,18757.000000000000000,2719633,1328.000000000000000,236035.000000000000000,14213,3489916,20085,2955668,32970,6209461
164,5/26/2021 15:00:00,18253,3272134,19414.000000000000000,2739047,1510.000000000000000,237545.000000000000000,19763,3509679,20924,2976592,39177,6248638
165,5/27/2021 15:00:00,11670,3283804,18609.000000000000000,2757656,1132.000000000000000,238677.000000000000000,12802,3522481,19741,2996333,31411,6280049
166,5/28/2021 15:00:00,12469,3296273,19719.000000000000000,2777375,1401.000000000000000,240078.000000000000000,13870,3536351,21120,3017453,33589,6313638
167,5/29/2021 15:00:00,9536,3305809,11596.000000000000000,2788971,936.000000000000000,241014.000000000000000,10472,3546823,12532,3029985,22068,6335706
168,5/30/2021 15:00:00,4892,3310701,6461.000000000000000,2795432,596.000000000000000,241610.000000000000000,5488,3552311,7057,3037042,11949,6347655
169,5/31/2021 15:00:00,1769,3312470,3679.000000000000000,2799111,305.000000000000000,241915.000000000000000,2074,3554385,3984,3041026,5753,6353408
170,6/1/2021 15:00:00,9343,3321813,16525.000000000000000,2815636,1141.000000000000000,243056.000000000000000,10484,3564869,17666,3058692,27009,6380417
171,6/2/2021 15:00:00,10131,3331944,16782.000000000000000,2832418,958.000000000000000,244014.000000000000000,11089,3575958,17740,3076432,27871,6408288
172,6/3/2021 15:00:00,7885,3339829,21145.000000000000000,2853563,1083.000000000000000,245097.000000000000000,8968,3584926,22228,3098660,30113,6438401
173,6/4/2021 15:00:00,8214,3348043,22141.000000000000000,2875704,1125.000000000000000,246222.000000000000000,9339,3594265,23266,3121926,31480,6469881
174,6/5/2021 15:00:00,6981,3355024,19355.000000000000000,2895059,718.000000000000000,246940.000000000000000,7699,3601964,20073,3141999,27054,6496935
175,6/6/2021 15:00:00,3470,3358494,7167.000000000000000,2902226,418.000000000000000,247358.000000000000000,3888,3605852,7585,3149584,11055,6507990
176,6/7/2021 15:00:00,6819,3365313,15697.000000000000000,2917923,726.000000000000000,248084.000000000000000,7545,3613397,16423,3166007,23242,6531232
177,6/8/2021 15:00:00,6677,3371990,19680.000000000000000,2937603,816.000000000000000,248900.000000000000000,7493,3620890,20496,3186503,27173,6558405
178,6/9/2021 15:00:00,8196,3380186,23822.000000000000000,2961425,968.000000000000000,249868.000000000000000,9164,3630054,24790,3211293,32986,6591391
179,6/10/2021 15:00:00,7162,3387348,19048.000000000000000,2980473,897.000000000000000,250765.000000000000000,8059,3638113,19945,3231238,27107,6618498
180,6/11/2021 15:00:00,7435,3394783,17651.000000000000000,2998124,1124.000000000000000,251889.000000000000000,8559,3646672,18775,3250013,26210,6644708
181,6/12/2021 15:00:00,5230,3400013,14670.000000000000000,3012794,602.000000000000000,252491.000000000000000,5832,3652504,15272,3265285,20502,6665210
182,6/13/2021 15:00:00,1928,3401941,7549.000000000000000,3020343,426.000000000000000,252917.000000000000000,2354,3654858,7975,3273260,9903,6675113
183,6/14/2021 15:00:00,5651,3407592,11766.000000000000000,3032109,724.000000000000000,253641.000000000000000,6375,3661233,12490,3285750,18141,6693254
184,6/15/2021 15:00:00,5629,3413221,14292.000000000000000,3046401,857.000000000000000,254498.000000000000000,6486,3667719,15149,3300899,20778,6714032
185,6/16/2021 15:00:00,8709,3421930,21472.000000000000000,3067873,752.000000000000000,255250.000000000000000,9461,3677180,22224,3323123,30933,6744965
186,6/17/2021 15:00:00,6666,3428596,12347.000000000000000,3080220,720.000000000000000,255970.000000000000000,7386,3684566,13067,3336190,19733,6764698
187,6/18/2021 15:00:00,6832,3435428,12620.000000000000000,3092840,694.000000000000000,256664.000000000000000,7526,3692092,13314,3349504,20146,6784844
188,6/19/2021 15:00:00,4659,3440087,9335.000000000000000,3102175,614.000000000000000,257278.000000000000000,5273,3697365,9949,3359453,14608,6799452
189,6/20/2021 15:00:00,2499,3442586,5018.000000000000000,3107193,377.000000000000000,257655.000000000000000,2876,3700241,5395,3364848,7894,6807346
190,6/21/2021 15:00:00,5534,3448120,5295.000000000000000,3112488,634.000000000000000,258289.000000000000000,6168,3706409,5929,3370777,11463,6818809
191,6/22/2021 15:00:00,5184,3453304,8836.000000000000000,3121324,681.000000000000000,258970.000000000000000,5865,3712274,9517,3380294,14701,6833510
192,6/23/2021 15:00:00,6050,3459354,10253.000000000000000,3131577,641.000000000000000,259611.000000000000000,6691,3718965,10894,3391188,16944,6850454
193,6/24/2021 15:00:00,5916,3465270,8163.000000000000000,3139740,590.000000000000000,260201.000000000000000,6506,3725471,8753,3399941,14669,6865123
194,6/25/2021 15:00:00,5805,3471075,8571.000000000000000,3148311,620.000000000000000,260821.000000000000000,6425,3731896,9191,3409132,14996,6880119
195,6/26/2021 15:00:00,3699,3474774,6254.000000000000000,3154565,393.000000000000000,261214.000000000000000,4092,3735988,6647,3415779,10346,6890465
196,6/27/2021 15:00:00,2791,3477565,3526.000000000000000,3158091,182.000000000000000,261396.000000000000000,2973,3738961,3708,3419487,6499,6896964
197,6/28/2021 15:00:00,4720,3482285,6068.000000000000000,3164159,521.000000000000000,261917.000000000000000,5241,3744202,6589,3426076,11309,6908273
198,6/29/2021 15:00:00,5048,3487333,6480.000000000000000,3170639,517.000000000000000,262434.000000000000000,5565,3749767,6997,3433073,12045,6920318
199,6/30/2021 15:00:00,5585,3492918,7382.000000000000000,3178021,603.000000000000000,263037.000000000000000,6188,3755955,7985,3441058,13570,6933888
200,7/1/2021 15:00:00,5247,3498165,6888.000000000000000,3184909,484.000000000000000,263521.000000000000000,5731,3761686,7372,3448430,12619,6946507
201,7/2/2021 15:00:00,5258,3503423,6807.000000000000000,3191716,515.000000000000000,264036.000000000000000,5773,3767459,7322,3455752,12580,6959087
202,7/3/2021 15:00:00,3255,3506678,4056.000000000000000,3195772,260.000000000000000,264296.000000000000000,3515,3770974,4316,3460068,7571,6966658
203,7/4/2021 15:00:00,492,3507170,536.000000000000000,3196308,66.000000000000000,264362.000000000000000,558,3771532,602,3460670,1094,6967752
204,7/5/2021 15:00:00,3742,3510912,3954.000000000000000,3200262,280.000000000000000,264642.000000000000000,4022,3775554,4234,3464904,7976,6975728
205,7/6/2021 15:00:00,4458,3515370,6199.000000000000000,3206461,447.000000000000000,265089.000000000000000,4905,3780459,6646,3471550,11104,6986832
206,7/7/2021 15:00:00,4448,3519818,6342.000000000000000,3212803,477.000000000000000,265566.000000000000000,4925,3785384,6819,3478369,11267,6998099
207,7/8/2021 15:00:00,4811,3524629,6095.000000000000000,3218898,561.000000000000000,266127.000000000000000,5372,3790756,6656,3485025,11467,7009566
208,7/9/2021 15:00:00,5330,3529959,6599.000000000000000,3225497,569.000000000000000,266696.000000000000000,5899,3796655,7168,3492193,12498,7022064
209,7/10/2021 15:00:00,3519,3533478,4362.000000000000000,3229859,301.000000000000000,266997.000000000000000,3820,3800475,4663,3496856,8182,7030246
210,7/11/2021 15:00:00,2655,3536133,2547.000000000000000,3232406,221.000000000000000,267218.000000000000000,2876,3803351,2768,3499624,5423,7035669
211,7/12/2021 15:00:00,4395,3540528,5095.000000000000000,3237501,373.000000000000000,267591.000000000000000,4768,3808119,5468,3505092,9863,7045532
212,7/13/2021 15:00:00,4733,3545261,4564.000000000000000,3242065,358.000000000000000,267949.000000000000000,5091,3813210,4922,3510014,9655,7055187
213,7/14/2021 15:00:00,4594,3549855,5217.000000000000000,3247282,417.000000000000000,268366.000000000000000,5011,3818221,5634,3515648,10228,7065415
214,7/15/2021 15:00:00,4868,3554723,4943.000000000000000,3252225,356.000000000000000,268722.000000000000000,5224,3823445,5299,3520947,10167,7075582
215,7/16/2021 15:00:00,6262,3560985,5789.000000000000000,3258014,399.000000000000000,269121.000000000000000,6661,3830106,6188,3527135,12450,7088032
216,7/17/2021 15:00:00,3408,3564393,3536.000000000000000,3261550,298.000000000000000,269419.000000000000000,3706,3833812,3834,3530969,7242,7095274
217,7/18/2021 15:00:00,2301,3566694,2364.000000000000000,3263914,107.000000000000000,269526.000000000000000,2408,3836220,2471,3533440,4772,7100046
218,7/19/2021 15:00:00,5217,3571911,4454.000000000000000,3268368,371.000000000000000,269897.000000000000000,5588,3841808,4825,3538265,10042,7110088
219,7/20/2021 15:00:00,5322,3577233,4664.000000000000000,3273032,365.000000000000000,270262.000000000000000,5687,3847495,5029,3543294,10351,7120439
220,7/21/2021 15:00:00,5603,3582836,4904.000000000000000,3277936,410.000000000000000,270672.000000000000000,6013,3853508,5314,3548608,10917,7131356
221,7/22/2021 15:00:00,5984,3588820,4615.000000000000000,3282551,401.000000000000000,271073.000000000000000,6385,3859893,5016,3553624,11000,7142356
222,7/23/2021 15:00:00,6818,3595638,4842.000000000000000,3287393,485.000000000000000,271558.000000000000000,7303,3867196,5327,3558951,12145,7154501
223,7/24/2021 15:00:00,4260,3599898,3189.000000000000000,3290582,265.000000000000000,271823.000000000000000,4525,3871721,3454,3562405,7714,7162215
224,7/25/2021 15:00:00,3282,3603180,1121.000000000000000,3291703,138.000000000000000,271961.000000000000000,3420,3875141,1259,3563664,4541,7166756
225,7/26/2021 15:00:00,6180,3609360,3894.000000000000000,3295597,410.000000000000000,272371.000000000000000,6590,3881731,4304,3567968,10484,7177240
226,7/27/2021 15:00:00,6330,3615690,4052.000000000000000,3299649,449.000000000000000,272820.000000000000000,6779,3888510,4501,3572469,10831,7188071
227,7/28/2021 15:00:00,6764,3622454,3993.000000000000000,3303642,453.000000000000000,273273.000000000000000,7217,3895727,4446,3576915,11210,7199281
228,7/29/2021 15:00:00,6777,3629231,4126.000000000000000,3307768,409.000000000000000,273682.000000000000000,7186,3902913,4535,3581450,11312,7210593
229,7/30/2021 15:00:00,7460,3636691,4498.000000000000000,3312266,515.000000000000000,274197.000000000000000,7975,3910888,5013,3586463,12473,7223066
230,7/31/2021 15:00:00,4698,3641389,3012.000000000000000,3315278,269.000000000000000,274466.000000000000000,4967,3915855,3281,3589744,7979,7231045
231,8/1/2021 15:00:00,3708,3645097,2066.000000000000000,3317344,151.000000000000000,274617.000000000000000,3859,3919714,2217,3591961,5925,7236970
232,8/2/2021 15:00:00,6963,3652060,3638.000000000000000,3320982,332.000000000000000,274949.000000000000000,7295,3927009,3970,3595931,10933,7247903
233,8/3/2021 15:00:00,6944,3659004,3880.000000000000000,3324862,501.000000000000000,275450.000000000000000,7445,3934454,4381,3600312,11325,7259228
234,8/4/2021 15:00:00,7140,3666144,3886.000000000000000,3328748,524.000000000000000,275974.000000000000000,7664,3942118,4410,3604722,11550,7270778
235,8/5/2021 15:00:00,7602,3673746,4105.000000000000000,3332853,532.000000000000000,276506.000000000000000,8134,3950252,4637,3609359,12239,7283017
236,8/6/2021 15:00:00,8226,3681972,4679.000000000000000,3337532,440.000000000000000,276946.000000000000000,8666,3958918,5119,3614478,13345,7296362
237,8/7/2021 15:00:00,5216,3687188,2780.000000000000000,3340312,260.000000000000000,277206.000000000000000,5476,3964394,3040,3617518,8256,7304618
238,8/8/2021 15:00:00,3920,3691108,2041.000000000000000,3342353,140.000000000000000,277346.000000000000000,4060,3968454,2181,3619699,6101,7310719
239,8/9/2021 15:00:00,6889,3697997,4486.000000000000000,3346839,358.000000000000000,277704.000000000000000,7247,3975701,4844,3624543,11733,7322452
240,8/10/2021 15:00:00,7045,3705042,4420.000000000000000,3351259,331.000000000000000,278035.000000000000000,7376,3983077,4751,3629294,11796,7334248
241,8/11/2021 15:00:00,6992,3712034,4401.000000000000000,3355660,438.000000000000000,278473.000000000000000,7430,3990507,4839,3634133,11831,7346079
242,8/12/2021 15:00:00,8526,3720560,4674.000000000000000,3360334,436.000000000000000,278909.000000000000000,8962,3999469,5110,3639243,13636,7359715
243,8/13/2021 15:00:00,7037,3727597,5304.000000000000000,3365638,356.000000000000000,279265.000000000000000,7393,4006862,5660,3644903,12697,7372412
244,8/14/2021 15:00:00,4844,3732441,3308.000000000000000,3368946,256.000000000000000,279521.000000000000000,5100,4011962,3564,3648467,8408,7380820
245,8/15/2021 15:00:00,3261,3735702,2704.000000000000000,3371650,161.000000000000000,279682.000000000000000,3422,4015384,2865,3651332,6126,7386946
246,8/16/2021 15:00:00,5356,3741058,5045.000000000000000,3376695,341.000000000000000,280023.000000000000000,5697,4021081,5386,3656718,10742,7397688
247,8/17/2021 15:00:00,6884,3747942,5167.000000000000000,3381862,383.000000000000000,280406.000000000000000,7267,4028348,5550,3662268,12434,7410122
248,8/18/2021 15:00:00,6446,3754388,5247.000000000000000,3387109,458.000000000000000,280864.000000000000000,6904,4035252,5705,3667973,12151,7422273
249,8/19/2021 15:00:00,5939,3760327,5281.000000000000000,3392390,406.000000000000000,281270.000000000000000,6345,4041597,5687,3673660,11626,7433899
250,8/20/2021 15:00:00,6922,3767249,6272.000000000000000,3398662,397.000000000000000,281667.000000000000000,7319,4048916,6669,3680329,13591,7447490
251,8/21/2021 15:00:00,4269,3771518,3890.000000000000000,3402552,223.000000000000000,281890.000000000000000,4492,4053408,4113,3684442,8382,7455872
252,8/22/2021 15:00:00,3011,3774529,3102.000000000000000,3405654,108.000000000000000,281998.000000000000000,3119,4056527,3210,3687652,6221,7462093
253,8/23/2021 15:00:00,6120,3780649,5862.000000000000000,3411516,281.000000000000000,282279.000000000000000,6401,4062928,6143,3693795,12263,7474356
254,8/24/2021 15:00:00,6543,3787192,5802.000000000000000,3417318,421.000000000000000,282700.000000000000000,6964,4069892,6223,3700018,12766,7487122
255,8/25/2021 15:00:00,6811,3794003,5939.000000000000000,3423257,413.000000000000000,283113.000000000000000,7224,4077116,6352,3706370,13163,7500285
256,8/26/2021 15:00:00,7115,3801118,6346.000000000000000,3429603,421.000000000000000,283534.000000000000000,7536,4084652,6767,3713137,13882,7514167
257,8/27/2021 15:00:00,6766,3807884,6927.000000000000000,3436530,303.000000000000000,283837.000000000000000,7069,4091721,7230,3720367,13996,7528163
258,8/28/2021 15:00:00,6873,3814757,6449.000000000000000,3442979,322.000000000000000,284159.000000000000000,7195,4098916,6771,3727138,13644,7541807
259,8/29/2021 15:00:00,3727,3818484,3652.000000000000000,3446631,611.000000000000000,284770.000000000000000,4338,4103254,4263,3731401,7990,7549797
260,8/30/2021 15:00:00,5883,3824367,6034.000000000000000,3452665,942.000000000000000,285712.000000000000000,6825,4110079,6976,3738377,12859,7562656
261,8/31/2021 15:00:00,5621,3829988,5853.000000000000000,3458518,940.000000000000000,286652.000000000000000,6561,4116640,6793,3745170,12414,7575070
262,9/1/2021 15:00:00,5395,3835383,5516.000000000000000,3464034,869.000000000000000,287521.000000000000000,6264,4122904,6385,3751555,11780,7586850
263,9/2/2021 15:00:00,5459,3840842,5803.000000000000000,3469837,692.000000000000000,288213.000000000000000,6151,4129055,6495,3758050,11954,7598804
264,9/3/2021 15:00:00,5886,3846728,6808.000000000000000,3476645,963.000000000000000,289176.000000000000000,6849,4135904,7771,3765821,13657,7612461
265,9/4/2021 15:00:00,3674,3850402,4250.000000000000000,3480895,875.000000000000000,290051.000000000000000,4549,4140453,5125,3770946,8799,7621260
266,9/5/2021 15:00:00,2819,3853221,2738.000000000000000,3483633,105.000000000000000,290156.000000000000000,2924,4143377,2843,3773789,5662,7626922
267,9/6/2021 15:00:00,1038,3854259,1126.000000000000000,3484759,62.000000000000000,290218.000000000000000,1100,4144477,1188,3774977,2226,7629148
268,9/7/2021 15:00:00,5203,3859462,7141.000000000000000,3491900,2293.000000000000000,292511.000000000000000,7496,4151973,9434,3784411,14637,7643785
269,9/8/2021 15:00:00,4595,3864057,5368.000000000000000,3497268,361.000000000000000,292872.000000000000000,4956,4156929,5729,3790140,10324,7654109
270,9/9/2021 15:00:00,4956,3869013,5242.000000000000000,3502510,317.000000000000000,293189.000000000000000,5273,4162202,5559,3795699,10515,7664624
271,9/10/2021 15:00:00,6372,3875385,6434.000000000000000,3508944,1675.000000000000000,294864.000000000000000,8047,4170249,8109,3803808,14481,7679105
272,9/11/2021 15:00:00,3958,3879343,4256.000000000000000,3513200,651.000000000000000,295515.000000000000000,4609,4174858,4907,3808715,8865,7687970
273,9/12/2021 15:00:00,2962,3882305,3142.000000000000000,3516342,429.000000000000000,295944.000000000000000,3391,4178249,3571,3812286,6533,7694503
274,9/13/2021 15:00:00,4546,3886851,4694.000000000000000,3521036,333.000000000000000,296277.000000000000000,4879,4183128,5027,3817313,9573,7704076
275,9/14/2021 15:00:00,4379,3891230,4980.000000000000000,3526016,408.000000000000000,296685.000000000000000,4787,4187915,5388,3822701,9767,7713843
276,9/15/2021 15:00:00,4314,3895544,5087.000000000000000,3531103,363.000000000000000,297048.000000000000000,4677,4192592,5450,3828151,9764,7723607
277,9/16/2021 15:00:00,3626,3899170,4289.000000000000000,3535392,271.000000000000000,297319.000000000000000,3897,4196489,4560,3832711,8186,7731793
278,9/17/2021 15:00:00,1927,3901097,2200.000000000000000,3537592,219.000000000000000,297538.000000000000000,2146,4198635,2419,3835130,4346,7736139