OBJECTID,VACCINATION_DATE,FirstDailyDose,FirstDoseCumulative,SecondDailyDose,SecondDoseCumulative,SingleDailyDose,SingleDoseCumulative,AtleastOneVaccine,AtleastOneVaccineCumulative,CompletedVax,CompletedVaxCumulative,FirstSecondSingleVaccination_12,FirstSecondSingleVaccination_13
1,12/14/2020 15:00:00,18,967,,386,,,18,967,0,386,18,1266
2,12/15/2020 15:00:00,51,1018,2.000000000000000,388,,,51,1018,2,388,53,1319
3,12/16/2020 15:00:00,574,1592,2.000000000000000,390,,,574,1592,2,390,576,1895
4,12/17/2020 15:00:00,1138,2730,2.000000000000000,392,,,1138,2730,2,392,1140,3035
5,12/18/2020 15:00:00,3011,5741,11.000000000000000,403,,,3011,5741,11,403,3022,6057
6,12/19/2020 15:00:00,927,6668,5.000000000000000,408,,,927,6668,5,408,932,6989
7,12/20/2020 15:00:00,334,7002,4.000000000000000,412,,,334,7002,4,412,338,7327
8,12/21/2020 15:00:00,3852,10854,18.000000000000000,430,,,3852,10854,18,430,3870,11197
9,12/22/2020 15:00:00,6333,17187,17.000000000000000,447,,,6333,17187,17,447,6350,17547
10,12/23/2020 15:00:00,5743,22930,27.000000000000000,474,,,5743,22930,27,474,5770,23317
11,12/24/2020 15:00:00,2710,25640,9.000000000000000,483,,,2710,25640,9,483,2719,26036
12,12/25/2020 15:00:00,1033,26673,3.000000000000000,486,,,1033,26673,3,486,1036,27072
13,12/26/2020 15:00:00,1871,28544,8.000000000000000,494,,,1871,28544,8,494,1879,28951
14,12/27/2020 15:00:00,1786,30330,10.000000000000000,504,,,1786,30330,10,504,1796,30747
15,12/28/2020 15:00:00,8941,39271,38.000000000000000,542,,,8941,39271,38,542,8979,39726
16,12/29/2020 15:00:00,10907,50178,38.000000000000000,580,,,10907,50178,38,580,10945,50671
17,12/30/2020 15:00:00,12447,62625,67.000000000000000,647,,,12447,62625,67,647,12514,63185
18,12/31/2020 15:00:00,7504,70129,34.000000000000000,681,,,7504,70129,34,681,7538,70723
19,1/1/2021 15:00:00,2509,72638,106.000000000000000,787,,,2509,72638,106,787,2615,73338
20,1/2/2021 15:00:00,2967,75605,34.000000000000000,821,,,2967,75605,34,821,3001,76339
21,1/3/2021 15:00:00,3361,78966,79.000000000000000,900,,,3361,78966,79,900,3440,79779
22,1/4/2021 15:00:00,13242,92208,312.000000000000000,1212,,,13242,92208,312,1212,13554,93333
23,1/5/2021 15:00:00,12382,104590,508.000000000000000,1720,,,12382,104590,508,1720,12890,106223
24,1/6/2021 15:00:00,15149,119739,836.000000000000000,2556,,,15149,119739,836,2556,15985,122208
25,1/7/2021 15:00:00,14939,134678,1729.000000000000000,4285,,,14939,134678,1729,4285,16668,138876
26,1/8/2021 15:00:00,23928,158606,2737.000000000000000,7022,,,23928,158606,2737,7022,26665,165541
27,1/9/2021 15:00:00,5125,163731,942.000000000000000,7964,,,5125,163731,942,7964,6067,171608
28,1/10/2021 15:00:00,2913,166644,369.000000000000000,8333,,,2913,166644,369,8333,3282,174890
29,1/11/2021 15:00:00,13663,180307,3417.000000000000000,11750,,,13663,180307,3417,11750,17080,191970
30,1/12/2021 15:00:00,17268,197575,5581.000000000000000,17331,,,17268,197575,5581,17331,22849,214819
31,1/13/2021 15:00:00,18491,216066,3863.000000000000000,21194,,,18491,216066,3863,21194,22354,237173
32,1/14/2021 15:00:00,17820,233886,1917.000000000000000,23111,,,17820,233886,1917,23111,19737,256910
33,1/15/2021 15:00:00,19448,253334,1958.000000000000000,25069,,,19448,253334,1958,25069,21406,278316
34,1/16/2021 15:00:00,5776,259110,1579.000000000000000,26648,,,5776,259110,1579,26648,7355,285671
35,1/17/2021 15:00:00,2094,261204,1462.000000000000000,28110,,,2094,261204,1462,28110,3556,289227
36,1/18/2021 15:00:00,7027,268231,3229.000000000000000,31339,,,7027,268231,3229,31339,10256,299483
37,1/19/2021 15:00:00,17138,285369,5340.000000000000000,36679,,,17138,285369,5340,36679,22478,321961
38,1/20/2021 15:00:00,21220,306589,5245.000000000000000,41924,,,21220,306589,5245,41924,26465,348426
39,1/21/2021 15:00:00,23804,330393,3680.000000000000000,45604,,,23804,330393,3680,45604,27484,375910
40,1/22/2021 15:00:00,28816,359209,3587.000000000000000,49191,,,28816,359209,3587,49191,32403,408313
41,1/23/2021 15:00:00,10039,369248,1899.000000000000000,51090,,,10039,369248,1899,51090,11938,420251
42,1/24/2021 15:00:00,3325,372573,1705.000000000000000,52795,,,3325,372573,1705,52795,5030,425281
43,1/25/2021 15:00:00,16606,389179,8497.000000000000000,61292,,,16606,389179,8497,61292,25103,450384
44,1/26/2021 15:00:00,17864,407043,8883.000000000000000,70175,,,17864,407043,8883,70175,26747,477131
45,1/27/2021 15:00:00,25039,432082,12382.000000000000000,82557,,,25039,432082,12382,82557,37421,514552
46,1/28/2021 15:00:00,23276,455358,9217.000000000000000,91774,,,23276,455358,9217,91774,32493,547045
47,1/29/2021 15:00:00,25503,480861,7807.000000000000000,99581,,,25503,480861,7807,99581,33310,580355
48,1/30/2021 15:00:00,18423,499284,2488.000000000000000,102069,,,18423,499284,2488,102069,20911,601266
49,1/31/2021 15:00:00,4108,503392,1304.000000000000000,103373,,,4108,503392,1304,103373,5412,606678
50,2/1/2021 15:00:00,7669,511061,5021.000000000000000,108394,,,7669,511061,5021,108394,12690,619368
51,2/2/2021 15:00:00,12801,523862,13713.000000000000000,122107,,,12801,523862,13713,122107,26514,645882
52,2/3/2021 15:00:00,18679,542541,18043.000000000000000,140150,,,18679,542541,18043,140150,36722,682604
53,2/4/2021 15:00:00,22456,564997,15724.000000000000000,155874,,,22456,564997,15724,155874,38180,720784
54,2/5/2021 15:00:00,20523,585520,17412.000000000000000,173286,,,20523,585520,17412,173286,37935,758719
55,2/6/2021 15:00:00,12114,597634,14408.000000000000000,187694,,,12114,597634,14408,187694,26522,785241
56,2/7/2021 15:00:00,5955,603589,1773.000000000000000,189467,,,5955,603589,1773,189467,7728,792969
57,2/8/2021 15:00:00,13278,616867,13080.000000000000000,202547,,,13278,616867,13080,202547,26358,819327
58,2/9/2021 15:00:00,16697,633564,14001.000000000000000,216548,,,16697,633564,14001,216548,30698,850025
59,2/10/2021 15:00:00,19290,652854,21376.000000000000000,237924,,,19290,652854,21376,237924,40666,890691
60,2/11/2021 15:00:00,22862,675716,17495.000000000000000,255419,,,22862,675716,17495,255419,40357,931048
61,2/12/2021 15:00:00,20332,696048,19860.000000000000000,275279,,,20332,696048,19860,275279,40192,971240
62,2/13/2021 15:00:00,11367,707415,6343.000000000000000,281622,,,11367,707415,6343,281622,17710,988950
63,2/14/2021 15:00:00,7078,714493,2073.000000000000000,283695,,,7078,714493,2073,283695,9151,998101
64,2/15/2021 15:00:00,11712,726205,13214.000000000000000,296909,,,11712,726205,13214,296909,24926,1023027
65,2/16/2021 15:00:00,16566,742771,21663.000000000000000,318572,,,16566,742771,21663,318572,38229,1061256
66,2/17/2021 15:00:00,20626,763397,27128.000000000000000,345700,,,20626,763397,27128,345700,47754,1109010
67,2/18/2021 15:00:00,3166,766563,4724.000000000000000,350424,,,3166,766563,4724,350424,7890,1116900
68,2/19/2021 15:00:00,10263,776826,20405.000000000000000,370829,,,10263,776826,20405,370829,30668,1147568
69,2/20/2021 15:00:00,10307,787133,20859.000000000000000,391688,,,10307,787133,20859,391688,31166,1178734
70,2/21/2021 15:00:00,6156,793289,7938.000000000000000,399626,,,6156,793289,7938,399626,14094,1192828
71,2/22/2021 15:00:00,8086,801375,15887.000000000000000,415513,,,8086,801375,15887,415513,23973,1216801
72,2/23/2021 15:00:00,15588,816963,16473.000000000000000,431986,,,15588,816963,16473,431986,32061,1248862
73,2/24/2021 15:00:00,17977,834940,25144.000000000000000,457130,,,17977,834940,25144,457130,43121,1291983
74,2/25/2021 15:00:00,20423,855363,26877.000000000000000,484007,,,20423,855363,26877,484007,47300,1339283
75,2/26/2021 15:00:00,26813,882176,26464.000000000000000,510471,,,26813,882176,26464,510471,53277,1392560
76,2/27/2021 15:00:00,16093,898269,11691.000000000000000,522162,,,16093,898269,11691,522162,27784,1420344
77,2/28/2021 15:00:00,15490,913759,4813.000000000000000,526975,,,15490,913759,4813,526975,20303,1440647
78,3/1/2021 15:00:00,26039,939798,12566.000000000000000,539541,,,26039,939798,12566,539541,38605,1479252
79,3/2/2021 15:00:00,24007,963805,13313.000000000000000,552854,31.000000000000000,31.000000000000000,24038,963836,13344,552885,37351,1516603
80,3/3/2021 15:00:00,30228,994033,18366.000000000000000,571220,174.000000000000000,205.000000000000000,30402,994238,18540,571425,48768,1565371
81,3/4/2021 15:00:00,31094,1025127,18124.000000000000000,589344,4061.000000000000000,4266.000000000000000,35155,1029393,22185,593610,53279,1618650
82,3/5/2021 15:00:00,29582,1054709,19376.000000000000000,608720,4907.000000000000000,9173.000000000000000,34489,1063882,24283,617893,53865,1672515
83,3/6/2021 15:00:00,17775,1072484,8904.000000000000000,617624,5993.000000000000000,15166.000000000000000,23768,1087650,14897,632790,32672,1705187
84,3/7/2021 15:00:00,12063,1084547,4799.000000000000000,622423,6609.000000000000000,21775.000000000000000,18672,1106322,11408,644198,23471,1728658
85,3/8/2021 15:00:00,26182,1110729,8766.000000000000000,631189,8281.000000000000000,30056.000000000000000,34463,1140785,17047,661245,43229,1771887
86,3/9/2021 15:00:00,26396,1137125,15382.000000000000000,646571,8339.000000000000000,38395.000000000000000,34735,1175520,23721,684966,50117,1822004
87,3/10/2021 15:00:00,30136,1167261,15909.000000000000000,662480,7938.000000000000000,46333.000000000000000,38074,1213594,23847,708813,53983,1875987
88,3/11/2021 15:00:00,36215,1203476,16387.000000000000000,678867,4034.000000000000000,50367.000000000000000,40249,1253843,20421,729234,56636,1932623
89,3/12/2021 15:00:00,37169,1240645,18005.000000000000000,696872,2920.000000000000000,53287.000000000000000,40089,1293932,20925,750159,58094,1990717
90,3/13/2021 15:00:00,22601,1263246,10208.000000000000000,707080,1601.000000000000000,54888.000000000000000,24202,1318134,11809,761968,34410,2025127
91,3/14/2021 15:00:00,17816,1281062,6653.000000000000000,713733,994.000000000000000,55882.000000000000000,18810,1336944,7647,769615,25463,2050590
92,3/15/2021 15:00:00,29977,1311039,11322.000000000000000,725055,603.000000000000000,56485.000000000000000,30580,1367524,11925,781540,41902,2092492
93,3/16/2021 15:00:00,33609,1344648,13546.000000000000000,738601,765.000000000000000,57250.000000000000000,34374,1401898,14311,795851,47920,2140412
94,3/17/2021 15:00:00,37719,1382367,16979.000000000000000,755580,1180.000000000000000,58430.000000000000000,38899,1440797,18159,814010,55878,2196290
95,3/18/2021 15:00:00,41487,1423854,12603.000000000000000,768183,1359.000000000000000,59789.000000000000000,42846,1483643,13962,827972,55449,2251739
96,3/19/2021 15:00:00,38327,1462181,15578.000000000000000,783761,1044.000000000000000,60833.000000000000000,39371,1523014,16622,844594,54949,2306688
97,3/20/2021 15:00:00,24545,1486726,10030.000000000000000,793791,1122.000000000000000,61955.000000000000000,25667,1548681,11152,855746,35697,2342385
98,3/21/2021 15:00:00,19097,1505823,7792.000000000000000,801583,330.000000000000000,62285.000000000000000,19427,1568108,8122,863868,27219,2369604
99,3/22/2021 15:00:00,32568,1538391,11633.000000000000000,813216,830.000000000000000,63115.000000000000000,33398,1601506,12463,876331,45031,2414635
100,3/23/2021 15:00:00,37786,1576177,17468.000000000000000,830684,1546.000000000000000,64661.000000000000000,39332,1640838,19014,895345,56800,2471435
101,3/24/2021 15:00:00,41161,1617338,21192.000000000000000,851876,1375.000000000000000,66036.000000000000000,42536,1683374,22567,917912,63728,2535163
102,3/25/2021 15:00:00,42479,1659817,21045.000000000000000,872921,2513.000000000000000,68549.000000000000000,44992,1728366,23558,941470,66037,2601200
103,3/26/2021 15:00:00,36618,1696435,26457.000000000000000,899378,2498.000000000000000,71047.000000000000000,39116,1767482,28955,970425,65573,2666773
104,3/27/2021 15:00:00,27743,1724178,16857.000000000000000,916235,2766.000000000000000,73813.000000000000000,30509,1797991,19623,990048,47366,2714139
105,3/28/2021 15:00:00,16984,1741162,12562.000000000000000,928797,1615.000000000000000,75428.000000000000000,18599,1816590,14177,1004225,31161,2745300
106,3/29/2021 15:00:00,29701,1770863,26507.000000000000000,955304,1136.000000000000000,76564.000000000000000,30837,1847427,27643,1031868,57344,2802644
107,3/30/2021 15:00:00,40016,1810879,29169.000000000000000,984473,1848.000000000000000,78412.000000000000000,41864,1889291,31017,1062885,71033,2873677
108,3/31/2021 15:00:00,41019,1851898,34859.000000000000000,1019332,5742.000000000000000,84154.000000000000000,46761,1936052,40601,1103486,81620,2955297
109,4/1/2021 15:00:00,40692,1892590,39839.000000000000000,1059171,5617.000000000000000,89771.000000000000000,46309,1982361,45456,1148942,86148,3041445
110,4/2/2021 15:00:00,34954,1927544,32737.000000000000000,1091908,6100.000000000000000,95871.000000000000000,41054,2023415,38837,1187779,73791,3115236
111,4/3/2021 15:00:00,21561,1949105,18631.000000000000000,1110539,4361.000000000000000,100232.000000000000000,25922,2049337,22992,1210771,44553,3159789
112,4/4/2021 15:00:00,8213,1957318,10140.000000000000000,1120679,959.000000000000000,101191.000000000000000,9172,2058509,11099,1221870,19312,3179101
113,4/5/2021 15:00:00,27926,1985244,29076.000000000000000,1149755,6637.000000000000000,107828.000000000000000,34563,2093072,35713,1257583,63639,3242740
114,4/6/2021 15:00:00,39835,2025079,30559.000000000000000,1180314,10476.000000000000000,118304.000000000000000,50311,2143383,41035,1298618,80870,3323610
115,4/7/2021 15:00:00,36131,2061210,34281.000000000000000,1214595,12951.000000000000000,131255.000000000000000,49082,2192465,47232,1345850,83363,3406973
116,4/8/2021 15:00:00,42363,2103573,36062.000000000000000,1250657,13852.000000000000000,145107.000000000000000,56215,2248680,49914,1395764,92277,3499250
117,4/9/2021 15:00:00,34092,2137665,36346.000000000000000,1287003,14494.000000000000000,159601.000000000000000,48586,2297266,50840,1446604,84932,3584182
118,4/10/2021 15:00:00,23934,2161599,23004.000000000000000,1310007,7615.000000000000000,167216.000000000000000,31549,2328815,30619,1477223,54553,3638735
119,4/11/2021 15:00:00,17535,2179134,13234.000000000000000,1323241,10623.000000000000000,177839.000000000000000,28158,2356973,23857,1501080,41392,3680127
120,4/12/2021 15:00:00,24621,2203755,33125.000000000000000,1356366,10915.000000000000000,188754.000000000000000,35536,2392509,44040,1545120,68661,3748788
121,4/13/2021 15:00:00,126870,2330625,90656.000000000000000,1447022,3292.000000000000000,192046.000000000000000,130162,2522671,93948,1639068,220818,3969606
122,4/14/2021 15:00:00,40773,2371398,37865.000000000000000,1484887,208.000000000000000,192254.000000000000000,40981,2563652,38073,1677141,78846,4048452
123,4/15/2021 15:00:00,41799,2413197,39263.000000000000000,1524150,170.000000000000000,192424.000000000000000,41969,2605621,39433,1716574,81232,4129684
124,4/16/2021 15:00:00,37324,2450521,38771.000000000000000,1562921,23.000000000000000,192447.000000000000000,37347,2642968,38794,1755368,76118,4205802
125,4/17/2021 15:00:00,32905,2483426,21919.000000000000000,1584840,12.000000000000000,192459.000000000000000,32917,2675885,21931,1777299,54836,4260638
126,4/18/2021 15:00:00,20046,2503472,16161.000000000000000,1601001,5.000000000000000,192464.000000000000000,20051,2695936,16166,1793465,36212,4296850
127,4/19/2021 15:00:00,29959,2533431,36535.000000000000000,1637536,61.000000000000000,192525.000000000000000,30020,2725956,36596,1830061,66555,4363405
128,4/20/2021 15:00:00,33133,2566564,44123.000000000000000,1681659,54.000000000000000,192579.000000000000000,33187,2759143,44177,1874238,77310,4440715
129,4/21/2021 15:00:00,39818,2606382,46877.000000000000000,1728536,21.000000000000000,192600.000000000000000,39839,2798982,46898,1921136,86716,4527431
130,4/22/2021 15:00:00,36417,2642799,41938.000000000000000,1770474,16.000000000000000,192616.000000000000000,36433,2835415,41954,1963090,78371,4605802
131,4/23/2021 15:00:00,33148,2675947,40009.000000000000000,1810483,12.000000000000000,192628.000000000000000,33160,2868575,40021,2003111,73169,4678971
132,4/24/2021 15:00:00,26369,2702316,28588.000000000000000,1839071,80.000000000000000,192708.000000000000000,26449,2895024,28668,2031779,55037,4734008
133,4/25/2021 15:00:00,20197,2722513,10899.000000000000000,1849970,30.000000000000000,192738.000000000000000,20227,2915251,10929,2042708,31126,4765134
134,4/26/2021 15:00:00,27410,2749923,32748.000000000000000,1882718,203.000000000000000,192941.000000000000000,27613,2942864,32951,2075659,60361,4825495
135,4/27/2021 15:00:00,26747,2776670,33052.000000000000000,1915770,1096.000000000000000,194037.000000000000000,27843,2970707,34148,2109807,60895,4886390
136,4/28/2021 15:00:00,28983,2805653,39483.000000000000000,1955253,1362.000000000000000,195399.000000000000000,30345,3001052,40845,2150652,69828,4956218
137,4/29/2021 15:00:00,27379,2833032,39450.000000000000000,1994703,1461.000000000000000,196860.000000000000000,28840,3029892,40911,2191563,68290,5024508
138,4/30/2021 15:00:00,28232,2861264,32137.000000000000000,2026840,1642.000000000000000,198502.000000000000000,29874,3059766,33779,2225342,62011,5086519
139,5/1/2021 15:00:00,20335,2881599,26746.000000000000000,2053586,1019.000000000000000,199521.000000000000000,21354,3081120,27765,2253107,48100,5134619
140,5/2/2021 15:00:00,10260,2891859,16985.000000000000000,2070571,818.000000000000000,200339.000000000000000,11078,3092198,17803,2270910,28063,5162682
141,5/3/2021 15:00:00,13091,2904950,29737.000000000000000,2100308,1915.000000000000000,202254.000000000000000,15006,3107204,31652,2302562,44743,5207425
142,5/4/2021 15:00:00,14218,2919168,39533.000000000000000,2139841,1733.000000000000000,203987.000000000000000,15951,3123155,41266,2343828,55484,5262909
143,5/5/2021 15:00:00,19325,2938493,37771.000000000000000,2177612,1919.000000000000000,205906.000000000000000,21244,3144399,39690,2383518,59015,5321924
144,5/6/2021 15:00:00,16978,2955471,40569.000000000000000,2218181,1712.000000000000000,207618.000000000000000,18690,3163089,42281,2425799,59259,5381183
145,5/7/2021 15:00:00,17402,2972873,36037.000000000000000,2254218,1958.000000000000000,209576.000000000000000,19360,3182449,37995,2463794,55397,5436580
146,5/8/2021 15:00:00,10778,2983651,31141.000000000000000,2285359,1292.000000000000000,210868.000000000000000,12070,3194519,32433,2496227,43211,5479791
147,5/9/2021 15:00:00,5046,2988697,11884.000000000000000,2297243,695.000000000000000,211563.000000000000000,5741,3200260,12579,2508806,17625,5497416
148,5/10/2021 15:00:00,8948,2997645,31107.000000000000000,2328350,1356.000000000000000,212919.000000000000000,10304,3210564,32463,2541269,41411,5538827
149,5/11/2021 15:00:00,12195,3009840,30282.000000000000000,2358632,1443.000000000000000,214362.000000000000000,13638,3224202,31725,2572994,43920,5582747
150,5/12/2021 15:00:00,13923,3023763,38555.000000000000000,2397187,1912.000000000000000,216274.000000000000000,15835,3240037,40467,2613461,54390,5637137
151,5/13/2021 15:00:00,21827,3045590,33390.000000000000000,2430577,1352.000000000000000,217626.000000000000000,23179,3263216,34742,2648203,56569,5693706
152,5/14/2021 15:00:00,24331,3069921,29975.000000000000000,2460552,1771.000000000000000,219397.000000000000000,26102,3289318,31746,2679949,56077,5749783
153,5/15/2021 15:00:00,21848,3091769,25012.000000000000000,2485564,1532.000000000000000,220929.000000000000000,23380,3312698,26544,2706493,48392,5798175
154,5/16/2021 15:00:00,9063,3100832,17510.000000000000000,2503074,1112.000000000000000,222041.000000000000000,10175,3322873,18622,2725115,27685,5825860
155,5/17/2021 15:00:00,16849,3117681,28368.000000000000000,2531442,1949.000000000000000,223990.000000000000000,18798,3341671,30317,2755432,47166,5873026
156,5/18/2021 15:00:00,21253,3138934,30687.000000000000000,2562129,1947.000000000000000,225937.000000000000000,23200,3364871,32634,2788066,53887,5926913
157,5/19/2021 15:00:00,27585,3166519,32369.000000000000000,2594498,1625.000000000000000,227562.000000000000000,29210,3394081,33994,2822060,61579,5988492
158,5/20/2021 15:00:00,20788,3187307,33255.000000000000000,2627753,1966.000000000000000,229528.000000000000000,22754,3416835,35221,2857281,56009,6044501
159,5/21/2021 15:00:00,19129,3206436,30230.000000000000000,2657983,1611.000000000000000,231139.000000000000000,20740,3437575,31841,2889122,50970,6095471
160,5/22/2021 15:00:00,16889,3223325,20599.000000000000000,2678582,1269.000000000000000,232408.000000000000000,18158,3455733,21868,2910990,38757,6134228
161,5/23/2021 15:00:00,8742,3232067,11412.000000000000000,2689994,962.000000000000000,233370.000000000000000,9704,3465437,12374,2923364,21116,6155344
162,5/24/2021 15:00:00,13462,3245529,17867.000000000000000,2707861,1481.000000000000000,234851.000000000000000,14943,3480380,19348,2942712,32810,6188154
163,5/25/2021 15:00:00,12871,3258400,18795.000000000000000,2726656,1329.000000000000000,236180.000000000000000,14200,3494580,20124,2962836,32995,6221149
164,5/26/2021 15:00:00,18266,3276666,19438.000000000000000,2746094,1508.000000000000000,237688.000000000000000,19774,3514354,20946,2983782,39212,6260361
165,5/27/2021 15:00:00,11687,3288353,18630.000000000000000,2764724,1134.000000000000000,238822.000000000000000,12821,3527175,19764,3003546,31451,6291812
166,5/28/2021 15:00:00,12466,3300819,19737.000000000000000,2784461,1402.000000000000000,240224.000000000000000,13868,3541043,21139,3024685,33605,6325417
167,5/29/2021 15:00:00,9530,3310349,11630.000000000000000,2796091,936.000000000000000,241160.000000000000000,10466,3551509,12566,3037251,22096,6347513
168,5/30/2021 15:00:00,4895,3315244,6473.000000000000000,2802564,596.000000000000000,241756.000000000000000,5491,3557000,7069,3044320,11964,6359477
169,5/31/2021 15:00:00,1770,3317014,3691.000000000000000,2806255,304.000000000000000,242060.000000000000000,2074,3559074,3995,3048315,5765,6365242
170,6/1/2021 15:00:00,9388,3326402,16602.000000000000000,2822857,1145.000000000000000,243205.000000000000000,10533,3569607,17747,3066062,27135,6392377
171,6/2/2021 15:00:00,10139,3336541,16815.000000000000000,2839672,958.000000000000000,244163.000000000000000,11097,3580704,17773,3083835,27912,6420289
172,6/3/2021 15:00:00,7884,3344425,21169.000000000000000,2860841,1083.000000000000000,245246.000000000000000,8967,3589671,22252,3106087,30136,6450425
173,6/4/2021 15:00:00,8209,3352634,22188.000000000000000,2883029,1123.000000000000000,246369.000000000000000,9332,3599003,23311,3129398,31520,6481945
174,6/5/2021 15:00:00,6983,3359617,19375.000000000000000,2902404,718.000000000000000,247087.000000000000000,7701,3606704,20093,3149491,27076,6509021
175,6/6/2021 15:00:00,3462,3363079,7189.000000000000000,2909593,421.000000000000000,247508.000000000000000,3883,3610587,7610,3157101,11072,6520093
176,6/7/2021 15:00:00,6827,3369906,15721.000000000000000,2925314,725.000000000000000,248233.000000000000000,7552,3618139,16446,3173547,23273,6543366
177,6/8/2021 15:00:00,6682,3376588,19692.000000000000000,2945006,816.000000000000000,249049.000000000000000,7498,3625637,20508,3194055,27190,6570556
178,6/9/2021 15:00:00,8196,3384784,23850.000000000000000,2968856,968.000000000000000,250017.000000000000000,9164,3634801,24818,3218873,33014,6603570
179,6/10/2021 15:00:00,7165,3391949,19086.000000000000000,2987942,897.000000000000000,250914.000000000000000,8062,3642863,19983,3238856,27148,6630718
180,6/11/2021 15:00:00,7437,3399386,17656.000000000000000,3005598,1125.000000000000000,252039.000000000000000,8562,3651425,18781,3257637,26218,6656936
181,6/12/2021 15:00:00,5235,3404621,14695.000000000000000,3020293,603.000000000000000,252642.000000000000000,5838,3657263,15298,3272935,20533,6677469
182,6/13/2021 15:00:00,1929,3406550,7554.000000000000000,3027847,426.000000000000000,253068.000000000000000,2355,3659618,7980,3280915,9909,6687378
183,6/14/2021 15:00:00,5652,3412202,11782.000000000000000,3039629,727.000000000000000,253795.000000000000000,6379,3665997,12509,3293424,18161,6705539
184,6/15/2021 15:00:00,5643,3417845,14312.000000000000000,3053941,861.000000000000000,254656.000000000000000,6504,3672501,15173,3308597,20816,6726355
185,6/16/2021 15:00:00,8717,3426562,21502.000000000000000,3075443,755.000000000000000,255411.000000000000000,9472,3681973,22257,3330854,30974,6757329
186,6/17/2021 15:00:00,6674,3433236,12367.000000000000000,3087810,720.000000000000000,256131.000000000000000,7394,3689367,13087,3343941,19761,6777090
187,6/18/2021 15:00:00,6851,3440087,12666.000000000000000,3100476,703.000000000000000,256834.000000000000000,7554,3696921,13369,3357310,20220,6797310
188,6/19/2021 15:00:00,4656,3444743,9344.000000000000000,3109820,613.000000000000000,257447.000000000000000,5269,3702190,9957,3367267,14613,6811923
189,6/20/2021 15:00:00,2499,3447242,5025.000000000000000,3114845,377.000000000000000,257824.000000000000000,2876,3705066,5402,3372669,7901,6819824
190,6/21/2021 15:00:00,5542,3452784,5312.000000000000000,3120157,636.000000000000000,258460.000000000000000,6178,3711244,5948,3378617,11490,6831314
191,6/22/2021 15:00:00,5203,3457987,8857.000000000000000,3129014,682.000000000000000,259142.000000000000000,5885,3717129,9539,3388156,14742,6846056
192,6/23/2021 15:00:00,6059,3464046,10275.000000000000000,3139289,641.000000000000000,259783.000000000000000,6700,3723829,10916,3399072,16975,6863031
193,6/24/2021 15:00:00,5921,3469967,8186.000000000000000,3147475,593.000000000000000,260376.000000000000000,6514,3730343,8779,3407851,14700,6877731
194,6/25/2021 15:00:00,5815,3475782,8602.000000000000000,3156077,620.000000000000000,260996.000000000000000,6435,3736778,9222,3417073,15037,6892768
195,6/26/2021 15:00:00,3699,3479481,6275.000000000000000,3162352,395.000000000000000,261391.000000000000000,4094,3740872,6670,3423743,10369,6903137
196,6/27/2021 15:00:00,2796,3482277,3530.000000000000000,3165882,182.000000000000000,261573.000000000000000,2978,3743850,3712,3427455,6508,6909645
197,6/28/2021 15:00:00,4726,3487003,6093.000000000000000,3171975,521.000000000000000,262094.000000000000000,5247,3749097,6614,3434069,11340,6920985
198,6/29/2021 15:00:00,5076,3492079,6491.000000000000000,3178466,517.000000000000000,262611.000000000000000,5593,3754690,7008,3441077,12084,6933069
199,6/30/2021 15:00:00,5592,3497671,7398.000000000000000,3185864,604.000000000000000,263215.000000000000000,6196,3760886,8002,3449079,13594,6946663
200,7/1/2021 15:00:00,5308,3502979,6929.000000000000000,3192793,488.000000000000000,263703.000000000000000,5796,3766682,7417,3456496,12725,6959388
201,7/2/2021 15:00:00,5272,3508251,6824.000000000000000,3199617,519.000000000000000,264222.000000000000000,5791,3772473,7343,3463839,12615,6972003
202,7/3/2021 15:00:00,3256,3511507,4063.000000000000000,3203680,260.000000000000000,264482.000000000000000,3516,3775989,4323,3468162,7579,6979582
203,7/4/2021 15:00:00,490,3511997,540.000000000000000,3204220,66.000000000000000,264548.000000000000000,556,3776545,606,3468768,1096,6980678
204,7/5/2021 15:00:00,3750,3515747,3958.000000000000000,3208178,282.000000000000000,264830.000000000000000,4032,3780577,4240,3473008,7990,6988668
205,7/6/2021 15:00:00,4456,3520203,6209.000000000000000,3214387,449.000000000000000,265279.000000000000000,4905,3785482,6658,3479666,11114,6999782
206,7/7/2021 15:00:00,4459,3524662,6362.000000000000000,3220749,481.000000000000000,265760.000000000000000,4940,3790422,6843,3486509,11302,7011084
207,7/8/2021 15:00:00,4818,3529480,6110.000000000000000,3226859,562.000000000000000,266322.000000000000000,5380,3795802,6672,3493181,11490,7022574
208,7/9/2021 15:00:00,5346,3534826,6601.000000000000000,3233460,572.000000000000000,266894.000000000000000,5918,3801720,7173,3500354,12519,7035093
209,7/10/2021 15:00:00,3509,3538335,4368.000000000000000,3237828,302.000000000000000,267196.000000000000000,3811,3805531,4670,3505024,8179,7043272
210,7/11/2021 15:00:00,2664,3540999,2548.000000000000000,3240376,223.000000000000000,267419.000000000000000,2887,3808418,2771,3507795,5435,7048707
211,7/12/2021 15:00:00,4405,3545404,5101.000000000000000,3245477,374.000000000000000,267793.000000000000000,4779,3813197,5475,3513270,9880,7058587
212,7/13/2021 15:00:00,4736,3550140,4582.000000000000000,3250059,364.000000000000000,268157.000000000000000,5100,3818297,4946,3518216,9682,7068269
213,7/14/2021 15:00:00,4593,3554733,5239.000000000000000,3255298,420.000000000000000,268577.000000000000000,5013,3823310,5659,3523875,10252,7078521
214,7/15/2021 15:00:00,4866,3559599,4969.000000000000000,3260267,356.000000000000000,268933.000000000000000,5222,3828532,5325,3529200,10191,7088712
215,7/16/2021 15:00:00,6268,3565867,5806.000000000000000,3266073,401.000000000000000,269334.000000000000000,6669,3835201,6207,3535407,12475,7101187
216,7/17/2021 15:00:00,3401,3569268,3548.000000000000000,3269621,299.000000000000000,269633.000000000000000,3700,3838901,3847,3539254,7248,7108435
217,7/18/2021 15:00:00,2297,3571565,2368.000000000000000,3271989,110.000000000000000,269743.000000000000000,2407,3841308,2478,3541732,4775,7113210
218,7/19/2021 15:00:00,5223,3576788,4459.000000000000000,3276448,375.000000000000000,270118.000000000000000,5598,3846906,4834,3546566,10057,7123267
219,7/20/2021 15:00:00,5322,3582110,4684.000000000000000,3281132,366.000000000000000,270484.000000000000000,5688,3852594,5050,3551616,10372,7133639
220,7/21/2021 15:00:00,5622,3587732,4930.000000000000000,3286062,415.000000000000000,270899.000000000000000,6037,3858631,5345,3556961,10967,7144606
221,7/22/2021 15:00:00,5990,3593722,4636.000000000000000,3290698,407.000000000000000,271306.000000000000000,6397,3865028,5043,3562004,11033,7155639
222,7/23/2021 15:00:00,6820,3600542,4861.000000000000000,3295559,490.000000000000000,271796.000000000000000,7310,3872338,5351,3567355,12171,7167810
223,7/24/2021 15:00:00,4273,3604815,3205.000000000000000,3298764,266.000000000000000,272062.000000000000000,4539,3876877,3471,3570826,7744,7175554
224,7/25/2021 15:00:00,3289,3608104,1120.000000000000000,3299884,138.000000000000000,272200.000000000000000,3427,3880304,1258,3572084,4547,7180101
225,7/26/2021 15:00:00,6191,3614295,3908.000000000000000,3303792,411.000000000000000,272611.000000000000000,6602,3886906,4319,3576403,10510,7190611
226,7/27/2021 15:00:00,6340,3620635,4067.000000000000000,3307859,450.000000000000000,273061.000000000000000,6790,3893696,4517,3580920,10857,7201468
227,7/28/2021 15:00:00,6790,3627425,4016.000000000000000,3311875,458.000000000000000,273519.000000000000000,7248,3900944,4474,3585394,11264,7212732
228,7/29/2021 15:00:00,6792,3634217,4155.000000000000000,3316030,410.000000000000000,273929.000000000000000,7202,3908146,4565,3589959,11357,7224089
229,7/30/2021 15:00:00,7509,3641726,4543.000000000000000,3320573,520.000000000000000,274449.000000000000000,8029,3916175,5063,3595022,12572,7236661
230,7/31/2021 15:00:00,4777,3646503,3047.000000000000000,3323620,272.000000000000000,274721.000000000000000,5049,3921224,3319,3598341,8096,7244757
231,8/1/2021 15:00:00,3764,3650267,2090.000000000000000,3325710,153.000000000000000,274874.000000000000000,3917,3925141,2243,3600584,6007,7250764
232,8/2/2021 15:00:00,7002,3657269,3660.000000000000000,3329370,334.000000000000000,275208.000000000000000,7336,3932477,3994,3604578,10996,7261760
233,8/3/2021 15:00:00,6976,3664245,3909.000000000000000,3333279,503.000000000000000,275711.000000000000000,7479,3939956,4412,3608990,11388,7273148
234,8/4/2021 15:00:00,7145,3671390,3901.000000000000000,3337180,527.000000000000000,276238.000000000000000,7672,3947628,4428,3613418,11573,7284721
235,8/5/2021 15:00:00,7636,3679026,4114.000000000000000,3341294,535.000000000000000,276773.000000000000000,8171,3955799,4649,3618067,12285,7297006
236,8/6/2021 15:00:00,8255,3687281,4713.000000000000000,3346007,449.000000000000000,277222.000000000000000,8704,3964503,5162,3623229,13417,7310423
237,8/7/2021 15:00:00,5240,3692521,2803.000000000000000,3348810,262.000000000000000,277484.000000000000000,5502,3970005,3065,3626294,8305,7318728
238,8/8/2021 15:00:00,3938,3696459,2048.000000000000000,3350858,140.000000000000000,277624.000000000000000,4078,3974083,2188,3628482,6126,7324854
239,8/9/2021 15:00:00,6898,3703357,4511.000000000000000,3355369,362.000000000000000,277986.000000000000000,7260,3981343,4873,3633355,11771,7336625
240,8/10/2021 15:00:00,7099,3710456,4448.000000000000000,3359817,335.000000000000000,278321.000000000000000,7434,3988777,4783,3638138,11882,7348507
241,8/11/2021 15:00:00,7018,3717474,4423.000000000000000,3364240,438.000000000000000,278759.000000000000000,7456,3996233,4861,3642999,11879,7360386
242,8/12/2021 15:00:00,8555,3726029,4697.000000000000000,3368937,438.000000000000000,279197.000000000000000,8993,4005226,5135,3648134,13690,7374076
243,8/13/2021 15:00:00,7098,3733127,5355.000000000000000,3374292,387.000000000000000,279584.000000000000000,7485,4012711,5742,3653876,12840,7386916
244,8/14/2021 15:00:00,4912,3738039,3341.000000000000000,3377633,284.000000000000000,279868.000000000000000,5196,4017907,3625,3657501,8537,7395453
245,8/15/2021 15:00:00,3315,3741354,2732.000000000000000,3380365,163.000000000000000,280031.000000000000000,3478,4021385,2895,3660396,6210,7401663
246,8/16/2021 15:00:00,5398,3746752,5064.000000000000000,3385429,348.000000000000000,280379.000000000000000,5746,4027131,5412,3665808,10810,7412473
247,8/17/2021 15:00:00,6931,3753683,5185.000000000000000,3390614,387.000000000000000,280766.000000000000000,7318,4034449,5572,3671380,12503,7424976
248,8/18/2021 15:00:00,6492,3760175,5285.000000000000000,3395899,465.000000000000000,281231.000000000000000,6957,4041406,5750,3677130,12242,7437218
249,8/19/2021 15:00:00,5965,3766140,5313.000000000000000,3401212,409.000000000000000,281640.000000000000000,6374,4047780,5722,3682852,11687,7448905
250,8/20/2021 15:00:00,7021,3773161,6306.000000000000000,3407518,401.000000000000000,282041.000000000000000,7422,4055202,6707,3689559,13728,7462633
251,8/21/2021 15:00:00,4305,3777466,3919.000000000000000,3411437,223.000000000000000,282264.000000000000000,4528,4059730,4142,3693701,8447,7471080
252,8/22/2021 15:00:00,3059,3780525,3156.000000000000000,3414593,109.000000000000000,282373.000000000000000,3168,4062898,3265,3696966,6324,7477404
253,8/23/2021 15:00:00,6146,3786671,5907.000000000000000,3420500,284.000000000000000,282657.000000000000000,6430,4069328,6191,3703157,12337,7489741
254,8/24/2021 15:00:00,6617,3793288,5857.000000000000000,3426357,424.000000000000000,283081.000000000000000,7041,4076369,6281,3709438,12898,7502639
255,8/25/2021 15:00:00,6874,3800162,5995.000000000000000,3432352,437.000000000000000,283518.000000000000000,7311,4083680,6432,3715870,13306,7515945
256,8/26/2021 15:00:00,7151,3807313,6390.000000000000000,3438742,427.000000000000000,283945.000000000000000,7578,4091258,6817,3722687,13968,7529913
257,8/27/2021 15:00:00,6828,3814141,6983.000000000000000,3445725,315.000000000000000,284260.000000000000000,7143,4098401,7298,3729985,14126,7544039
258,8/28/2021 15:00:00,6900,3821041,6469.000000000000000,3452194,324.000000000000000,284584.000000000000000,7224,4105625,6793,3736778,13693,7557732
259,8/29/2021 15:00:00,3742,3824783,3669.000000000000000,3455863,611.000000000000000,285195.000000000000000,4353,4109978,4280,3741058,8022,7565754
260,8/30/2021 15:00:00,5934,3830717,6077.000000000000000,3461940,947.000000000000000,286142.000000000000000,6881,4116859,7024,3748082,12958,7578712
261,8/31/2021 15:00:00,5669,3836386,5916.000000000000000,3467856,945.000000000000000,287087.000000000000000,6614,4123473,6861,3754943,12530,7591242
262,9/1/2021 15:00:00,5513,3841899,5559.000000000000000,3473415,904.000000000000000,287991.000000000000000,6417,4129890,6463,3761406,11976,7603218
263,9/2/2021 15:00:00,5524,3847423,5865.000000000000000,3479280,700.000000000000000,288691.000000000000000,6224,4136114,6565,3767971,12089,7615307
264,9/3/2021 15:00:00,5967,3853390,6848.000000000000000,3486128,969.000000000000000,289660.000000000000000,6936,4143050,7817,3775788,13784,7629091
265,9/4/2021 15:00:00,3712,3857102,4314.000000000000000,3490442,875.000000000000000,290535.000000000000000,4587,4147637,5189,3780977,8901,7637992
266,9/5/2021 15:00:00,2884,3859986,2794.000000000000000,3493236,104.000000000000000,290639.000000000000000,2988,4150625,2898,3783875,5782,7643774
267,9/6/2021 15:00:00,1046,3861032,1141.000000000000000,3494377,62.000000000000000,290701.000000000000000,1108,4151733,1203,3785078,2249,7646023
268,9/7/2021 15:00:00,5266,3866298,7230.000000000000000,3501607,2301.000000000000000,293002.000000000000000,7567,4159300,9531,3794609,14797,7660820
269,9/8/2021 15:00:00,4643,3870941,5431.000000000000000,3507038,366.000000000000000,293368.000000000000000,5009,4164309,5797,3800406,10440,7671260
270,9/9/2021 15:00:00,5054,3875995,5324.000000000000000,3512362,322.000000000000000,293690.000000000000000,5376,4169685,5646,3806052,10700,7681960
271,9/10/2021 15:00:00,6509,3882504,6572.000000000000000,3518934,1710.000000000000000,295400.000000000000000,8219,4177904,8282,3814334,14791,7696751
272,9/11/2021 15:00:00,4037,3886541,4323.000000000000000,3523257,663.000000000000000,296063.000000000000000,4700,4182604,4986,3819320,9023,7705774
273,9/12/2021 15:00:00,3060,3889601,3227.000000000000000,3526484,434.000000000000000,296497.000000000000000,3494,4186098,3661,3822981,6721,7712495
274,9/13/2021 15:00:00,4660,3894261,4827.000000000000000,3531311,345.000000000000000,296842.000000000000000,5005,4191103,5172,3828153,9832,7722327
275,9/14/2021 15:00:00,4562,3898823,5200.000000000000000,3536511,431.000000000000000,297273.000000000000000,4993,4196096,5631,3833784,10193,7732520
276,9/15/2021 15:00:00,4676,3903499,5577.000000000000000,3542088,385.000000000000000,297658.000000000000000,5061,4201157,5962,3839746,10638,7743158
277,9/16/2021 15:00:00,4570,3908069,5580.000000000000000,3547668,328.000000000000000,297986.000000000000000,4898,4206055,5908,3845654,10478,7753636
278,9/17/2021 15:00:00,5020,3913089,6312.000000000000000,3553980,340.000000000000000,298326.000000000000000,5360,4211415,6652,3852306,11672,7765308
279,9/18/2021 15:00:00,3764,3916853,4559.000000000000000,3558539,184.000000000000000,298510.000000000000000,3948,4215363,4743,3857049,8507,7773815
280,9/19/2021 15:00:00,2721,3919574,3163.000000000000000,3561702,75.000000000000000,298585.000000000000000,2796,4218159,3238,3860287,5959,7779774
281,9/20/2021 15:00:00,3529,3923103,4450.000000000000000,3566152,426.000000000000000,299011.000000000000000,3955,4222114,4876,3865163,8405,7788179
282,9/21/2021 15:00:00,3763,3926866,4795.000000000000000,3570947,324.000000000000000,299335.000000000000000,4087,4226201,5119,3870282,8882,7797061
283,9/22/2021 15:00:00,4160,3931026,4731.000000000000000,3575678,455.000000000000000,299790.000000000000000,4615,4230816,5186,3875468,9346,7806407
284,9/23/2021 15:00:00,4161,3935187,4677.000000000000000,3580355,488.000000000000000,300278.000000000000000,4649,4235465,5165,3880633,9326,7815733
285,9/24/2021 15:00:00,5058,3940245,5539.000000000000000,3585894,421.000000000000000,300699.000000000000000,5479,4240944,5960,3886593,11018,7826751
286,9/25/2021 15:00:00,3593,3943838,3630.000000000000000,3589524,384.000000000000000,301083.000000000000000,3977,4244921,4014,3890607,7607,7834358
287,9/26/2021 15:00:00,2347,3946185,2600.000000000000000,3592124,421.000000000000000,301504.000000000000000,2768,4247689,3021,3893628,5368,7839726
288,9/27/2021 15:00:00,4481,3950666,2692.000000000000000,3594816,507.000000000000000,302011.000000000000000,4988,4252677,3199,3896827,7680,7847406
289,9/28/2021 15:00:00,4392,3955058,4377.000000000000000,3599193,210.000000000000000,302221.000000000000000,4602,4257279,4587,3901414,8979,7856385
290,9/29/2021 15:00:00,4697,3959755,4477.000000000000000,3603670,917.000000000000000,303138.000000000000000,5614,4262893,5394,3906808,10091,7866476
291,9/30/2021 15:00:00,4856,3964611,4507.000000000000000,3608177,789.000000000000000,303927.000000000000000,5645,4268538,5296,3912104,10152,7876628
292,10/1/2021 15:00:00,5374,3969985,5256.000000000000000,3613433,772.000000000000000,304699.000000000000000,6146,4274684,6028,3918132,11402,7888030
293,10/2/2021 15:00:00,2904,3972889,2886.000000000000000,3616319,184.000000000000000,304883.000000000000000,3088,4277772,3070,3921202,5974,7894004
294,10/3/2021 15:00:00,2033,3974922,2167.000000000000000,3618486,71.000000000000000,304954.000000000000000,2104,4279876,2238,3923440,4271,7898275
295,10/4/2021 15:00:00,4127,3979049,3352.000000000000000,3621838,224.000000000000000,305178.000000000000000,4351,4284227,3576,3927016,7703,7905978
296,10/5/2021 15:00:00,4034,3983083,3558.000000000000000,3625396,201.000000000000000,305379.000000000000000,4235,4288462,3759,3930775,7793,7913771
297,10/6/2021 15:00:00,4107,3987190,3443.000000000000000,3628839,261.000000000000000,305640.000000000000000,4368,4292830,3704,3934479,7811,7921582
298,10/7/2021 15:00:00,4322,3991512,3473.000000000000000,3632312,313.000000000000000,305953.000000000000000,4635,4297465,3786,3938265,8108,7929690
299,10/8/2021 15:00:00,4875,3996387,4003.000000000000000,3636315,274.000000000000000,306227.000000000000000,5149,4302614,4277,3942542,9152,7938842
300,10/9/2021 15:00:00,2648,3999035,2651.000000000000000,3638966,266.000000000000000,306493.000000000000000,2914,4305528,2917,3945459,5565,7944407
301,10/10/2021 15:00:00,1831,4000866,1805.000000000000000,3640771,58.000000000000000,306551.000000000000000,1889,4307417,1863,3947322,3694,7948101
302,10/11/2021 15:00:00,4309,4005175,3128.000000000000000,3643899,236.000000000000000,306787.000000000000000,4545,4311962,3364,3950686,7673,7955774
303,10/12/2021 15:00:00,3646,4008821,3216.000000000000000,3647115,265.000000000000000,307052.000000000000000,3911,4315873,3481,3954167,7127,7962901
304,10/13/2021 15:00:00,3916,4012737,3381.000000000000000,3650496,333.000000000000000,307385.000000000000000,4249,4320122,3714,3957881,7630,7970531
305,10/14/2021 15:00:00,5004,4017741,5355.000000000000000,3655851,405.000000000000000,307790.000000000000000,5409,4325531,5760,3963641,10764,7981295
306,10/15/2021 15:00:00,4463,4022204,4333.000000000000000,3660184,327.000000000000000,308117.000000000000000,4790,4330321,4660,3968301,9123,7990418
307,10/16/2021 15:00:00,2279,4024483,2326.000000000000000,3662510,272.000000000000000,308389.000000000000000,2551,4332872,2598,3970899,4877,7995295
308,10/17/2021 15:00:00,1652,4026135,1654.000000000000000,3664164,42.000000000000000,308431.000000000000000,1694,4334566,1696,3972595,3348,7998643
309,10/18/2021 15:00:00,3944,4030079,3350.000000000000000,3667514,223.000000000000000,308654.000000000000000,4167,4338733,3573,3976168,7517,8006160
310,10/19/2021 15:00:00,4116,4034195,3850.000000000000000,3671364,191.000000000000000,308845.000000000000000,4307,4343040,4041,3980209,8157,8014317
311,10/20/2021 15:00:00,3243,4037438,3154.000000000000000,3674518,208.000000000000000,309053.000000000000000,3451,4346491,3362,3983571,6605,8020922
312,10/21/2021 15:00:00,2949,4040387,2946.000000000000000,3677464,222.000000000000000,309275.000000000000000,3171,4349662,3168,3986739,6117,8027039
313,10/22/2021 15:00:00,2897,4043284,3629.000000000000000,3681093,382.000000000000000,309657.000000000000000,3279,4352941,4011,3990750,6908,8033947
314,10/23/2021 15:00:00,1003,4044287,1264.000000000000000,3682357,246.000000000000000,309903.000000000000000,1249,4354190,1510,3992260,2513,8036460