OBJECTID,VACCINATION_DATE,FirstDailyDose,FirstDoseCumulative,SecondDailyDose,SecondDoseCumulative,SingleDailyDose,SingleDoseCumulative,AtleastOneVaccine,AtleastOneVaccineCumulative,CompletedVax,CompletedVaxCumulative,FirstSecondSingleVaccination_12,FirstSecondSingleVaccination_13
1,12/14/2020 15:00:00,14,744,,296,,,14,744,0,296,14,949
2,12/15/2020 15:00:00,39,783,2.000000000000000,298,,,39,783,2,298,41,990
3,12/16/2020 15:00:00,568,1351,2.000000000000000,300,,,568,1351,2,300,570,1560
4,12/17/2020 15:00:00,1119,2470,2.000000000000000,302,,,1119,2470,2,302,1121,2681
5,12/18/2020 15:00:00,2983,5453,8.000000000000000,310,,,2983,5453,8,310,2991,5672
6,12/19/2020 15:00:00,915,6368,5.000000000000000,315,,,915,6368,5,315,920,6592
7,12/20/2020 15:00:00,318,6686,3.000000000000000,318,,,318,6686,3,318,321,6913
8,12/21/2020 15:00:00,3829,10515,12.000000000000000,330,,,3829,10515,12,330,3841,10754
9,12/22/2020 15:00:00,6300,16815,9.000000000000000,339,,,6300,16815,9,339,6309,17063
10,12/23/2020 15:00:00,5704,22519,22.000000000000000,361,,,5704,22519,22,361,5726,22789
11,12/24/2020 15:00:00,2701,25220,8.000000000000000,369,,,2701,25220,8,369,2709,25498
12,12/25/2020 15:00:00,1031,26251,3.000000000000000,372,,,1031,26251,3,372,1034,26532
13,12/26/2020 15:00:00,1850,28101,6.000000000000000,378,,,1850,28101,6,378,1856,28388
14,12/27/2020 15:00:00,1783,29884,9.000000000000000,387,,,1783,29884,9,387,1792,30180
15,12/28/2020 15:00:00,8900,38784,31.000000000000000,418,,,8900,38784,31,418,8931,39111
16,12/29/2020 15:00:00,10884,49668,25.000000000000000,443,,,10884,49668,25,443,10909,50020
17,12/30/2020 15:00:00,12410,62078,53.000000000000000,496,,,12410,62078,53,496,12463,62483
18,12/31/2020 15:00:00,7485,69563,26.000000000000000,522,,,7485,69563,26,522,7511,69994
19,1/1/2021 15:00:00,2234,71797,80.000000000000000,602,,,2234,71797,80,602,2314,72308
20,1/2/2021 15:00:00,2926,74723,31.000000000000000,633,,,2926,74723,31,633,2957,75265
21,1/3/2021 15:00:00,3345,78068,75.000000000000000,708,,,3345,78068,75,708,3420,78685
22,1/4/2021 15:00:00,13193,91261,296.000000000000000,1004,,,13193,91261,296,1004,13489,92174
23,1/5/2021 15:00:00,12332,103593,493.000000000000000,1497,,,12332,103593,493,1497,12825,104999
24,1/6/2021 15:00:00,15092,118685,816.000000000000000,2313,,,15092,118685,816,2313,15908,120907
25,1/7/2021 15:00:00,14896,133581,1699.000000000000000,4012,,,14896,133581,1699,4012,16595,137502
26,1/8/2021 15:00:00,23877,157458,2703.000000000000000,6715,,,23877,157458,2703,6715,26580,164082
27,1/9/2021 15:00:00,5092,162550,930.000000000000000,7645,,,5092,162550,930,7645,6022,170104
28,1/10/2021 15:00:00,2881,165431,360.000000000000000,8005,,,2881,165431,360,8005,3241,173345
29,1/11/2021 15:00:00,13624,179055,3378.000000000000000,11383,,,13624,179055,3378,11383,17002,190347
30,1/12/2021 15:00:00,17209,196264,5544.000000000000000,16927,,,17209,196264,5544,16927,22753,213100
31,1/13/2021 15:00:00,18432,214696,3822.000000000000000,20749,,,18432,214696,3822,20749,22254,235354
32,1/14/2021 15:00:00,17747,232443,1889.000000000000000,22638,,,17747,232443,1889,22638,19636,254990
33,1/15/2021 15:00:00,19394,251837,1914.000000000000000,24552,,,19394,251837,1914,24552,21308,276298
34,1/16/2021 15:00:00,5733,257570,1565.000000000000000,26117,,,5733,257570,1565,26117,7298,283596
35,1/17/2021 15:00:00,2079,259649,1459.000000000000000,27576,,,2079,259649,1459,27576,3538,287134
36,1/18/2021 15:00:00,6994,266643,3207.000000000000000,30783,,,6994,266643,3207,30783,10201,297335
37,1/19/2021 15:00:00,17095,283738,5289.000000000000000,36072,,,17095,283738,5289,36072,22384,319719
38,1/20/2021 15:00:00,21164,304902,5206.000000000000000,41278,,,21164,304902,5206,41278,26370,346089
39,1/21/2021 15:00:00,23728,328630,3630.000000000000000,44908,,,23728,328630,3630,44908,27358,373447
40,1/22/2021 15:00:00,28773,357403,3534.000000000000000,48442,,,28773,357403,3534,48442,32307,405754
41,1/23/2021 15:00:00,9988,367391,1883.000000000000000,50325,,,9988,367391,1883,50325,11871,417625
42,1/24/2021 15:00:00,3301,370692,1691.000000000000000,52016,,,3301,370692,1691,52016,4992,422617
43,1/25/2021 15:00:00,16573,387265,8444.000000000000000,60460,,,16573,387265,8444,60460,25017,447634
44,1/26/2021 15:00:00,17830,405095,8846.000000000000000,69306,,,17830,405095,8846,69306,26676,474310
45,1/27/2021 15:00:00,24998,430093,12330.000000000000000,81636,,,24998,430093,12330,81636,37328,511638
46,1/28/2021 15:00:00,23238,453331,9162.000000000000000,90798,,,23238,453331,9162,90798,32400,544038
47,1/29/2021 15:00:00,25477,478808,7730.000000000000000,98528,,,25477,478808,7730,98528,33207,577245
48,1/30/2021 15:00:00,18388,497196,2451.000000000000000,100979,,,18388,497196,2451,100979,20839,598084
49,1/31/2021 15:00:00,4100,501296,1275.000000000000000,102254,,,4100,501296,1275,102254,5375,603459
50,2/1/2021 15:00:00,7415,508711,4841.000000000000000,107095,,,7415,508711,4841,107095,12256,615715
51,2/2/2021 15:00:00,12731,521442,13651.000000000000000,120746,,,12731,521442,13651,120746,26382,642097
52,2/3/2021 15:00:00,18614,540056,18003.000000000000000,138749,,,18614,540056,18003,138749,36617,678714
53,2/4/2021 15:00:00,22398,562454,15639.000000000000000,154388,,,22398,562454,15639,154388,38037,716751
54,2/5/2021 15:00:00,20467,582921,17331.000000000000000,171719,,,20467,582921,17331,171719,37798,754549
55,2/6/2021 15:00:00,12072,594993,14350.000000000000000,186069,,,12072,594993,14350,186069,26422,780971
56,2/7/2021 15:00:00,5938,600931,1741.000000000000000,187810,,,5938,600931,1741,187810,7679,788650
57,2/8/2021 15:00:00,13234,614165,13039.000000000000000,200849,,,13234,614165,13039,200849,26273,814923
58,2/9/2021 15:00:00,16634,630799,13946.000000000000000,214795,,,16634,630799,13946,214795,30580,845503
59,2/10/2021 15:00:00,19219,650018,21315.000000000000000,236110,,,19219,650018,21315,236110,40534,886037
60,2/11/2021 15:00:00,22827,672845,17448.000000000000000,253558,,,22827,672845,17448,253558,40275,926312
61,2/12/2021 15:00:00,20329,693174,19792.000000000000000,273350,,,20329,693174,19792,273350,40121,966433
62,2/13/2021 15:00:00,11340,704514,6311.000000000000000,279661,,,11340,704514,6311,279661,17651,984084
63,2/14/2021 15:00:00,7060,711574,2049.000000000000000,281710,,,7060,711574,2049,281710,9109,993193
64,2/15/2021 15:00:00,11663,723237,13159.000000000000000,294869,,,11663,723237,13159,294869,24822,1018015
65,2/16/2021 15:00:00,16531,739768,21608.000000000000000,316477,,,16531,739768,21608,316477,38139,1056154
66,2/17/2021 15:00:00,20584,760352,27073.000000000000000,343550,,,20584,760352,27073,343550,47657,1103811
67,2/18/2021 15:00:00,3141,763493,4698.000000000000000,348248,,,3141,763493,4698,348248,7839,1111650
68,2/19/2021 15:00:00,10231,773724,20345.000000000000000,368593,,,10231,773724,20345,368593,30576,1142226
69,2/20/2021 15:00:00,10277,784001,20807.000000000000000,389400,,,10277,784001,20807,389400,31084,1173310
70,2/21/2021 15:00:00,6134,790135,7897.000000000000000,397297,,,6134,790135,7897,397297,14031,1187341
71,2/22/2021 15:00:00,8051,798186,15828.000000000000000,413125,,,8051,798186,15828,413125,23879,1211220
72,2/23/2021 15:00:00,15545,813731,16419.000000000000000,429544,,,15545,813731,16419,429544,31964,1243184
73,2/24/2021 15:00:00,17934,831665,25104.000000000000000,454648,,,17934,831665,25104,454648,43038,1286222
74,2/25/2021 15:00:00,20359,852024,26829.000000000000000,481477,,,20359,852024,26829,481477,47188,1333410
75,2/26/2021 15:00:00,26772,878796,26377.000000000000000,507854,,,26772,878796,26377,507854,53149,1386559
76,2/27/2021 15:00:00,16067,894863,11652.000000000000000,519506,,,16067,894863,11652,519506,27719,1414278
77,2/28/2021 15:00:00,15472,910335,4776.000000000000000,524282,,,15472,910335,4776,524282,20248,1434526
78,3/1/2021 15:00:00,25539,935874,12329.000000000000000,536611,,,25539,935874,12329,536611,37868,1472394
79,3/2/2021 15:00:00,23915,959789,13239.000000000000000,549850,29.000000000000000,29.000000000000000,23944,959818,13268,549879,37183,1509577
80,3/3/2021 15:00:00,30100,989889,18293.000000000000000,568143,166.000000000000000,195.000000000000000,30266,990084,18459,568338,48559,1558136
81,3/4/2021 15:00:00,31005,1020894,18051.000000000000000,586194,4061.000000000000000,4256.000000000000000,35066,1025150,22112,590450,53117,1611253
82,3/5/2021 15:00:00,29473,1050367,19290.000000000000000,605484,4902.000000000000000,9158.000000000000000,34375,1059525,24192,614642,53665,1664918
83,3/6/2021 15:00:00,17718,1068085,8873.000000000000000,614357,5985.000000000000000,15143.000000000000000,23703,1083228,14858,629500,32576,1697494
84,3/7/2021 15:00:00,12045,1080130,4768.000000000000000,619125,6608.000000000000000,21751.000000000000000,18653,1101881,11376,640876,23421,1720915
85,3/8/2021 15:00:00,26124,1106254,8688.000000000000000,627813,8279.000000000000000,30030.000000000000000,34403,1136284,16967,657843,43091,1764006
86,3/9/2021 15:00:00,26340,1132594,15307.000000000000000,643120,8338.000000000000000,38368.000000000000000,34678,1170962,23645,681488,49985,1813991
87,3/10/2021 15:00:00,30061,1162655,15833.000000000000000,658953,7938.000000000000000,46306.000000000000000,37999,1208961,23771,705259,53832,1867823
88,3/11/2021 15:00:00,36143,1198798,16330.000000000000000,675283,4033.000000000000000,50339.000000000000000,40176,1249137,20363,725622,56506,1924329
89,3/12/2021 15:00:00,37114,1235912,17948.000000000000000,693231,2913.000000000000000,53252.000000000000000,40027,1289164,20861,746483,57975,1982304
90,3/13/2021 15:00:00,22558,1258470,10160.000000000000000,703391,1594.000000000000000,54846.000000000000000,24152,1313316,11754,758237,34312,2016616
91,3/14/2021 15:00:00,17831,1276301,6629.000000000000000,710020,990.000000000000000,55836.000000000000000,18821,1332137,7619,765856,25450,2042066
92,3/15/2021 15:00:00,29920,1306221,11259.000000000000000,721279,589.000000000000000,56425.000000000000000,30509,1362646,11848,777704,41768,2083834
93,3/16/2021 15:00:00,33564,1339785,13469.000000000000000,734748,764.000000000000000,57189.000000000000000,34328,1396974,14233,791937,47797,2131631
94,3/17/2021 15:00:00,37678,1377463,16906.000000000000000,751654,1179.000000000000000,58368.000000000000000,38857,1435831,18085,810022,55763,2187394
95,3/18/2021 15:00:00,41417,1418880,12533.000000000000000,764187,1352.000000000000000,59720.000000000000000,42769,1478600,13885,823907,55302,2242696
96,3/19/2021 15:00:00,38246,1457126,15522.000000000000000,779709,1041.000000000000000,60761.000000000000000,39287,1517887,16563,840470,54809,2297505
97,3/20/2021 15:00:00,24465,1481591,9959.000000000000000,789668,1117.000000000000000,61878.000000000000000,25582,1543469,11076,851546,35541,2333046
98,3/21/2021 15:00:00,19103,1500694,7752.000000000000000,797420,326.000000000000000,62204.000000000000000,19429,1562898,8078,859624,27181,2360227
99,3/22/2021 15:00:00,32566,1533260,11544.000000000000000,808964,824.000000000000000,63028.000000000000000,33390,1596288,12368,871992,44934,2405161
100,3/23/2021 15:00:00,37763,1571023,17383.000000000000000,826347,1539.000000000000000,64567.000000000000000,39302,1635590,18922,890914,56685,2461846
101,3/24/2021 15:00:00,41134,1612157,21070.000000000000000,847417,1370.000000000000000,65937.000000000000000,42504,1678094,22440,913354,63574,2525420
102,3/25/2021 15:00:00,42448,1654605,20932.000000000000000,868349,2513.000000000000000,68450.000000000000000,44961,1723055,23445,936799,65893,2591313
103,3/26/2021 15:00:00,36565,1691170,26287.000000000000000,894636,2499.000000000000000,70949.000000000000000,39064,1762119,28786,965585,65351,2656664
104,3/27/2021 15:00:00,27811,1718981,16813.000000000000000,911449,2764.000000000000000,73713.000000000000000,30575,1792694,19577,985162,47388,2704052
105,3/28/2021 15:00:00,17001,1735982,12533.000000000000000,923982,1612.000000000000000,75325.000000000000000,18613,1811307,14145,999307,31146,2735198
106,3/29/2021 15:00:00,29723,1765705,26435.000000000000000,950417,1134.000000000000000,76459.000000000000000,30857,1842164,27569,1026876,57292,2792490
107,3/30/2021 15:00:00,40036,1805741,29066.000000000000000,979483,1847.000000000000000,78306.000000000000000,41883,1884047,30913,1057789,70949,2863439
108,3/31/2021 15:00:00,41036,1846777,34754.000000000000000,1014237,5737.000000000000000,84043.000000000000000,46773,1930820,40491,1098280,81527,2944966
109,4/1/2021 15:00:00,40312,1887089,39474.000000000000000,1053711,5583.000000000000000,89626.000000000000000,45895,1976715,45057,1143337,85369,3030335
110,4/2/2021 15:00:00,34861,1921950,32636.000000000000000,1086347,6079.000000000000000,95705.000000000000000,40940,2017655,38715,1182052,73576,3103911
111,4/3/2021 15:00:00,21556,1943506,18582.000000000000000,1104929,4424.000000000000000,100129.000000000000000,25980,2043635,23006,1205058,44562,3148473
112,4/4/2021 15:00:00,8261,1951767,10128.000000000000000,1115057,956.000000000000000,101085.000000000000000,9217,2052852,11084,1216142,19345,3167818
113,4/5/2021 15:00:00,27935,1979702,28985.000000000000000,1144042,6630.000000000000000,107715.000000000000000,34565,2087417,35615,1251757,63550,3231368
114,4/6/2021 15:00:00,39856,2019558,30495.000000000000000,1174537,10468.000000000000000,118183.000000000000000,50324,2137741,40963,1292720,80819,3312187
115,4/7/2021 15:00:00,36133,2055691,34155.000000000000000,1208692,12934.000000000000000,131117.000000000000000,49067,2186808,47089,1339809,83222,3395409
116,4/8/2021 15:00:00,42389,2098080,35986.000000000000000,1244678,13853.000000000000000,144970.000000000000000,56242,2243050,49839,1389648,92228,3487637
117,4/9/2021 15:00:00,34095,2132175,36291.000000000000000,1280969,14487.000000000000000,159457.000000000000000,48582,2291632,50778,1440426,84873,3572510
118,4/10/2021 15:00:00,23995,2156170,22947.000000000000000,1303916,7615.000000000000000,167072.000000000000000,31610,2323242,30562,1470988,54557,3627067
119,4/11/2021 15:00:00,17542,2173712,13230.000000000000000,1317146,10617.000000000000000,177689.000000000000000,28159,2351401,23847,1494835,41389,3668456
120,4/12/2021 15:00:00,24682,2198394,33090.000000000000000,1350236,10934.000000000000000,188623.000000000000000,35616,2387017,44024,1538859,68706,3737162
121,4/13/2021 15:00:00,126910,2325304,90622.000000000000000,1440858,3291.000000000000000,191914.000000000000000,130201,2517218,93913,1632772,220823,3957985
122,4/14/2021 15:00:00,40800,2366104,37789.000000000000000,1478647,207.000000000000000,192121.000000000000000,41007,2558225,37996,1670768,78796,4036781
123,4/15/2021 15:00:00,41826,2407930,39139.000000000000000,1517786,169.000000000000000,192290.000000000000000,41995,2600220,39308,1710076,81134,4117915
124,4/16/2021 15:00:00,37346,2445276,38688.000000000000000,1556474,22.000000000000000,192312.000000000000000,37368,2637588,38710,1748786,76056,4193971
125,4/17/2021 15:00:00,32979,2478255,21897.000000000000000,1578371,11.000000000000000,192323.000000000000000,32990,2670578,21908,1770694,54887,4248858
126,4/18/2021 15:00:00,20010,2498265,16125.000000000000000,1594496,4.000000000000000,192327.000000000000000,20014,2690592,16129,1786823,36139,4284997
127,4/19/2021 15:00:00,29952,2528217,36491.000000000000000,1630987,61.000000000000000,192388.000000000000000,30013,2720605,36552,1823375,66504,4351501
128,4/20/2021 15:00:00,33095,2561312,44048.000000000000000,1675035,54.000000000000000,192442.000000000000000,33149,2753754,44102,1867477,77197,4428698
129,4/21/2021 15:00:00,39788,2601100,46816.000000000000000,1721851,20.000000000000000,192462.000000000000000,39808,2793562,46836,1914313,86624,4515322
130,4/22/2021 15:00:00,36408,2637508,41794.000000000000000,1763645,16.000000000000000,192478.000000000000000,36424,2829986,41810,1956123,78218,4593540
131,4/23/2021 15:00:00,33133,2670641,39901.000000000000000,1803546,12.000000000000000,192490.000000000000000,33145,2863131,39913,1996036,73046,4666586
132,4/24/2021 15:00:00,26350,2696991,28536.000000000000000,1832082,79.000000000000000,192569.000000000000000,26429,2889560,28615,2024651,54965,4721551
133,4/25/2021 15:00:00,20186,2717177,10867.000000000000000,1842949,30.000000000000000,192599.000000000000000,20216,2909776,10897,2035548,31083,4752634
134,4/26/2021 15:00:00,27400,2744577,32692.000000000000000,1875641,203.000000000000000,192802.000000000000000,27603,2937379,32895,2068443,60295,4812929
135,4/27/2021 15:00:00,26699,2771276,32954.000000000000000,1908595,1094.000000000000000,193896.000000000000000,27793,2965172,34048,2102491,60747,4873676
136,4/28/2021 15:00:00,28971,2800247,39448.000000000000000,1948043,1359.000000000000000,195255.000000000000000,30330,2995502,40807,2143298,69778,4943454
137,4/29/2021 15:00:00,27387,2827634,39308.000000000000000,1987351,1463.000000000000000,196718.000000000000000,28850,3024352,40771,2184069,68158,5011612
138,4/30/2021 15:00:00,28185,2855819,32024.000000000000000,2019375,1639.000000000000000,198357.000000000000000,29824,3054176,33663,2217732,61848,5073460
139,5/1/2021 15:00:00,20198,2876017,26515.000000000000000,2045890,1006.000000000000000,199363.000000000000000,21204,3075380,27521,2245253,47719,5121179
140,5/2/2021 15:00:00,10244,2886261,16974.000000000000000,2062864,818.000000000000000,200181.000000000000000,11062,3086442,17792,2263045,28036,5149215
141,5/3/2021 15:00:00,13051,2899312,29670.000000000000000,2092534,1914.000000000000000,202095.000000000000000,14965,3101407,31584,2294629,44635,5193850
142,5/4/2021 15:00:00,14203,2913515,39438.000000000000000,2131972,1728.000000000000000,203823.000000000000000,15931,3117338,41166,2335795,55369,5249219
143,5/5/2021 15:00:00,19291,2932806,37700.000000000000000,2169672,1913.000000000000000,205736.000000000000000,21204,3138542,39613,2375408,58904,5308123
144,5/6/2021 15:00:00,16974,2949780,40498.000000000000000,2210170,1710.000000000000000,207446.000000000000000,18684,3157226,42208,2417616,59182,5367305
145,5/7/2021 15:00:00,17395,2967175,35954.000000000000000,2246124,1945.000000000000000,209391.000000000000000,19340,3176566,37899,2455515,55294,5422599
146,5/8/2021 15:00:00,10769,2977944,31107.000000000000000,2277231,1290.000000000000000,210681.000000000000000,12059,3188625,32397,2487912,43166,5465765
147,5/9/2021 15:00:00,5048,2982992,11853.000000000000000,2289084,695.000000000000000,211376.000000000000000,5743,3194368,12548,2500460,17596,5483361
148,5/10/2021 15:00:00,8931,2991923,31083.000000000000000,2320167,1358.000000000000000,212734.000000000000000,10289,3204657,32441,2532901,41372,5524733
149,5/11/2021 15:00:00,12188,3004111,30248.000000000000000,2350415,1443.000000000000000,214177.000000000000000,13631,3218288,31691,2564592,43879,5568612
150,5/12/2021 15:00:00,13914,3018025,38504.000000000000000,2388919,1909.000000000000000,216086.000000000000000,15823,3234111,40413,2605005,54327,5622939
151,5/13/2021 15:00:00,21808,3039833,33364.000000000000000,2422283,1351.000000000000000,217437.000000000000000,23159,3257270,34715,2639720,56523,5679462
152,5/14/2021 15:00:00,24317,3064150,29924.000000000000000,2452207,1770.000000000000000,219207.000000000000000,26087,3283357,31694,2671414,56011,5735473
153,5/15/2021 15:00:00,21840,3085990,24972.000000000000000,2477179,1530.000000000000000,220737.000000000000000,23370,3306727,26502,2697916,48342,5783815
154,5/16/2021 15:00:00,9052,3095042,17483.000000000000000,2494662,1112.000000000000000,221849.000000000000000,10164,3316891,18595,2716511,27647,5811462
155,5/17/2021 15:00:00,16828,3111870,28341.000000000000000,2523003,1948.000000000000000,223797.000000000000000,18776,3335667,30289,2746800,47117,5858579
156,5/18/2021 15:00:00,21250,3133120,30655.000000000000000,2553658,1942.000000000000000,225739.000000000000000,23192,3358859,32597,2779397,53847,5912426
157,5/19/2021 15:00:00,27569,3160689,32321.000000000000000,2585979,1622.000000000000000,227361.000000000000000,29191,3388050,33943,2813340,61512,5973938
158,5/20/2021 15:00:00,20774,3181463,33225.000000000000000,2619204,1962.000000000000000,229323.000000000000000,22736,3410786,35187,2848527,55961,6029899
159,5/21/2021 15:00:00,19137,3200600,30182.000000000000000,2649386,1611.000000000000000,230934.000000000000000,20748,3431534,31793,2880320,50930,6080829
160,5/22/2021 15:00:00,16876,3217476,20564.000000000000000,2669950,1270.000000000000000,232204.000000000000000,18146,3449680,21834,2902154,38710,6119539
161,5/23/2021 15:00:00,8744,3226220,11386.000000000000000,2681336,957.000000000000000,233161.000000000000000,9701,3459381,12343,2914497,21087,6140626
162,5/24/2021 15:00:00,13447,3239667,17830.000000000000000,2699166,1479.000000000000000,234640.000000000000000,14926,3474307,19309,2933806,32756,6173382
163,5/25/2021 15:00:00,12886,3252553,18750.000000000000000,2717916,1328.000000000000000,235968.000000000000000,14214,3488521,20078,2953884,32964,6206346
164,5/26/2021 15:00:00,18252,3270805,19408.000000000000000,2737324,1510.000000000000000,237478.000000000000000,19762,3508283,20918,2974802,39170,6245516
165,5/27/2021 15:00:00,11671,3282476,18593.000000000000000,2755917,1131.000000000000000,238609.000000000000000,12802,3521085,19724,2994526,31395,6276911
166,5/28/2021 15:00:00,12486,3294962,19697.000000000000000,2775614,1401.000000000000000,240010.000000000000000,13887,3534972,21098,3015624,33584,6310495
167,5/29/2021 15:00:00,9535,3304497,11591.000000000000000,2787205,937.000000000000000,240947.000000000000000,10472,3545444,12528,3028152,22063,6332558
168,5/30/2021 15:00:00,4891,3309388,6458.000000000000000,2793663,596.000000000000000,241543.000000000000000,5487,3550931,7054,3035206,11945,6344503
169,5/31/2021 15:00:00,1769,3311157,3675.000000000000000,2797338,305.000000000000000,241848.000000000000000,2074,3553005,3980,3039186,5749,6350252
170,6/1/2021 15:00:00,9337,3320494,16517.000000000000000,2813855,1139.000000000000000,242987.000000000000000,10476,3563481,17656,3056842,26993,6377245
171,6/2/2021 15:00:00,10122,3330616,16775.000000000000000,2830630,957.000000000000000,243944.000000000000000,11079,3574560,17732,3074574,27854,6405099
172,6/3/2021 15:00:00,7885,3338501,21147.000000000000000,2851777,1082.000000000000000,245026.000000000000000,8967,3583527,22229,3096803,30114,6435213
173,6/4/2021 15:00:00,8217,3346718,22133.000000000000000,2873910,1124.000000000000000,246150.000000000000000,9341,3592868,23257,3120060,31474,6466687
174,6/5/2021 15:00:00,6980,3353698,19351.000000000000000,2893261,717.000000000000000,246867.000000000000000,7697,3600565,20068,3140128,27048,6493735
175,6/6/2021 15:00:00,3468,3357166,7171.000000000000000,2900432,418.000000000000000,247285.000000000000000,3886,3604451,7589,3147717,11057,6504792
176,6/7/2021 15:00:00,6818,3363984,15688.000000000000000,2916120,725.000000000000000,248010.000000000000000,7543,3611994,16413,3164130,23231,6528023
177,6/8/2021 15:00:00,6672,3370656,19679.000000000000000,2935799,816.000000000000000,248826.000000000000000,7488,3619482,20495,3184625,27167,6555190
178,6/9/2021 15:00:00,8197,3378853,23819.000000000000000,2959618,968.000000000000000,249794.000000000000000,9165,3628647,24787,3209412,32984,6588174
179,6/10/2021 15:00:00,7163,3386016,19041.000000000000000,2978659,897.000000000000000,250691.000000000000000,8060,3636707,19938,3229350,27101,6615275
180,6/11/2021 15:00:00,7432,3393448,17648.000000000000000,2996307,1125.000000000000000,251816.000000000000000,8557,3645264,18773,3248123,26205,6641480
181,6/12/2021 15:00:00,5236,3398684,14661.000000000000000,3010968,602.000000000000000,252418.000000000000000,5838,3651102,15263,3263386,20499,6661979
182,6/13/2021 15:00:00,1930,3400614,7544.000000000000000,3018512,426.000000000000000,252844.000000000000000,2356,3653458,7970,3271356,9900,6671879
183,6/14/2021 15:00:00,5654,3406268,11765.000000000000000,3030277,724.000000000000000,253568.000000000000000,6378,3659836,12489,3283845,18143,6690022
184,6/15/2021 15:00:00,5625,3411893,14292.000000000000000,3044569,857.000000000000000,254425.000000000000000,6482,3666318,15149,3298994,20774,6710796
185,6/16/2021 15:00:00,8707,3420600,21465.000000000000000,3066034,751.000000000000000,255176.000000000000000,9458,3675776,22216,3321210,30923,6741719
186,6/17/2021 15:00:00,6668,3427268,12339.000000000000000,3078373,720.000000000000000,255896.000000000000000,7388,3683164,13059,3334269,19727,6761446
187,6/18/2021 15:00:00,6836,3434104,12605.000000000000000,3090978,694.000000000000000,256590.000000000000000,7530,3690694,13299,3347568,20135,6781581
188,6/19/2021 15:00:00,4659,3438763,9327.000000000000000,3100305,614.000000000000000,257204.000000000000000,5273,3695967,9941,3357509,14600,6796181
189,6/20/2021 15:00:00,2499,3441262,5017.000000000000000,3105322,377.000000000000000,257581.000000000000000,2876,3698843,5394,3362903,7893,6804074
190,6/21/2021 15:00:00,5535,3446797,5285.000000000000000,3110607,635.000000000000000,258216.000000000000000,6170,3705013,5920,3368823,11455,6815529
191,6/22/2021 15:00:00,5178,3451975,8831.000000000000000,3119438,681.000000000000000,258897.000000000000000,5859,3710872,9512,3378335,14690,6830219
192,6/23/2021 15:00:00,6046,3458021,10248.000000000000000,3129686,640.000000000000000,259537.000000000000000,6686,3717558,10888,3389223,16934,6847153
193,6/24/2021 15:00:00,5918,3463939,8162.000000000000000,3137848,589.000000000000000,260126.000000000000000,6507,3724065,8751,3397974,14669,6861822
194,6/25/2021 15:00:00,5805,3469744,8564.000000000000000,3146412,619.000000000000000,260745.000000000000000,6424,3730489,9183,3407157,14988,6876810
195,6/26/2021 15:00:00,3694,3473438,6251.000000000000000,3152663,392.000000000000000,261137.000000000000000,4086,3734575,6643,3413800,10337,6887147
196,6/27/2021 15:00:00,2790,3476228,3525.000000000000000,3156188,182.000000000000000,261319.000000000000000,2972,3737547,3707,3417507,6497,6893644
197,6/28/2021 15:00:00,4716,3480944,6056.000000000000000,3162244,521.000000000000000,261840.000000000000000,5237,3742784,6577,3424084,11293,6904937
198,6/29/2021 15:00:00,5047,3485991,6474.000000000000000,3168718,517.000000000000000,262357.000000000000000,5564,3748348,6991,3431075,12038,6916975
199,6/30/2021 15:00:00,5585,3491576,7377.000000000000000,3176095,604.000000000000000,262961.000000000000000,6189,3754537,7981,3439056,13566,6930541
200,7/1/2021 15:00:00,5242,3496818,6875.000000000000000,3182970,482.000000000000000,263443.000000000000000,5724,3760261,7357,3446413,12599,6943140
201,7/2/2021 15:00:00,5254,3502072,6793.000000000000000,3189763,515.000000000000000,263958.000000000000000,5769,3766030,7308,3453721,12562,6955702
202,7/3/2021 15:00:00,3249,3505321,4054.000000000000000,3193817,260.000000000000000,264218.000000000000000,3509,3769539,4314,3458035,7563,6963265
203,7/4/2021 15:00:00,499,3505820,537.000000000000000,3194354,66.000000000000000,264284.000000000000000,565,3770104,603,3458638,1102,6964367
204,7/5/2021 15:00:00,3731,3509551,3946.000000000000000,3198300,280.000000000000000,264564.000000000000000,4011,3774115,4226,3462864,7957,6972324
205,7/6/2021 15:00:00,4456,3514007,6193.000000000000000,3204493,447.000000000000000,265011.000000000000000,4903,3779018,6640,3469504,11096,6983420
206,7/7/2021 15:00:00,4444,3518451,6333.000000000000000,3210826,477.000000000000000,265488.000000000000000,4921,3783939,6810,3476314,11254,6994674
207,7/8/2021 15:00:00,4821,3523272,6093.000000000000000,3216919,561.000000000000000,266049.000000000000000,5382,3789321,6654,3482968,11475,7006149
208,7/9/2021 15:00:00,5319,3528591,6596.000000000000000,3223515,569.000000000000000,266618.000000000000000,5888,3795209,7165,3490133,12484,7018633
209,7/10/2021 15:00:00,3516,3532107,4362.000000000000000,3227877,301.000000000000000,266919.000000000000000,3817,3799026,4663,3494796,8179,7026812
210,7/11/2021 15:00:00,2655,3534762,2545.000000000000000,3230422,221.000000000000000,267140.000000000000000,2876,3801902,2766,3497562,5421,7032233
211,7/12/2021 15:00:00,4399,3539161,5088.000000000000000,3235510,373.000000000000000,267513.000000000000000,4772,3806674,5461,3503023,9860,7042093
212,7/13/2021 15:00:00,4728,3543889,4550.000000000000000,3240060,358.000000000000000,267871.000000000000000,5086,3811760,4908,3507931,9636,7051729
213,7/14/2021 15:00:00,4589,3548478,5203.000000000000000,3245263,417.000000000000000,268288.000000000000000,5006,3816766,5620,3513551,10209,7061938
214,7/15/2021 15:00:00,4857,3553335,4937.000000000000000,3250200,355.000000000000000,268643.000000000000000,5212,3821978,5292,3518843,10149,7072087
215,7/16/2021 15:00:00,6253,3559588,5782.000000000000000,3255982,399.000000000000000,269042.000000000000000,6652,3828630,6181,3525024,12434,7084521
216,7/17/2021 15:00:00,3403,3562991,3533.000000000000000,3259515,298.000000000000000,269340.000000000000000,3701,3832331,3831,3528855,7234,7091755
217,7/18/2021 15:00:00,2302,3565293,2362.000000000000000,3261877,107.000000000000000,269447.000000000000000,2409,3834740,2469,3531324,4771,7096526
218,7/19/2021 15:00:00,5208,3570501,4449.000000000000000,3266326,371.000000000000000,269818.000000000000000,5579,3840319,4820,3536144,10028,7106554
219,7/20/2021 15:00:00,5314,3575815,4660.000000000000000,3270986,365.000000000000000,270183.000000000000000,5679,3845998,5025,3541169,10339,7116893
220,7/21/2021 15:00:00,5589,3581404,4899.000000000000000,3275885,410.000000000000000,270593.000000000000000,5999,3851997,5309,3546478,10898,7127791
221,7/22/2021 15:00:00,5979,3587383,4609.000000000000000,3280494,401.000000000000000,270994.000000000000000,6380,3858377,5010,3551488,10989,7138780
222,7/23/2021 15:00:00,6807,3594190,4835.000000000000000,3285329,483.000000000000000,271477.000000000000000,7290,3865667,5318,3556806,12125,7150905
223,7/24/2021 15:00:00,4260,3598450,3180.000000000000000,3288509,265.000000000000000,271742.000000000000000,4525,3870192,3445,3560251,7705,7158610
224,7/25/2021 15:00:00,3279,3601729,1132.000000000000000,3289641,139.000000000000000,271881.000000000000000,3418,3873610,1271,3561522,4550,7163160
225,7/26/2021 15:00:00,6173,3607902,3887.000000000000000,3293528,410.000000000000000,272291.000000000000000,6583,3880193,4297,3565819,10470,7173630
226,7/27/2021 15:00:00,6327,3614229,4040.000000000000000,3297568,449.000000000000000,272740.000000000000000,6776,3886969,4489,3570308,10816,7184446
227,7/28/2021 15:00:00,6749,3620978,3988.000000000000000,3301556,453.000000000000000,273193.000000000000000,7202,3894171,4441,3574749,11190,7195636
228,7/29/2021 15:00:00,6769,3627747,4127.000000000000000,3305683,409.000000000000000,273602.000000000000000,7178,3901349,4536,3579285,11305,7206941
229,7/30/2021 15:00:00,7440,3635187,4484.000000000000000,3310167,514.000000000000000,274116.000000000000000,7954,3909303,4998,3584283,12438,7219379
230,7/31/2021 15:00:00,4685,3639872,3005.000000000000000,3313172,269.000000000000000,274385.000000000000000,4954,3914257,3274,3587557,7959,7227338
231,8/1/2021 15:00:00,3702,3643574,2065.000000000000000,3315237,151.000000000000000,274536.000000000000000,3853,3918110,2216,3589773,5918,7233256
232,8/2/2021 15:00:00,6951,3650525,3621.000000000000000,3318858,332.000000000000000,274868.000000000000000,7283,3925393,3953,3593726,10904,7244160
233,8/3/2021 15:00:00,6929,3657454,3861.000000000000000,3322719,500.000000000000000,275368.000000000000000,7429,3932822,4361,3598087,11290,7255450
234,8/4/2021 15:00:00,7143,3664597,3877.000000000000000,3326596,521.000000000000000,275889.000000000000000,7664,3940486,4398,3602485,11541,7266991
235,8/5/2021 15:00:00,7607,3672204,4104.000000000000000,3330700,533.000000000000000,276422.000000000000000,8140,3948626,4637,3607122,12244,7279235
236,8/6/2021 15:00:00,8232,3680436,4673.000000000000000,3335373,439.000000000000000,276861.000000000000000,8671,3957297,5112,3612234,13344,7292579
237,8/7/2021 15:00:00,5206,3685642,2778.000000000000000,3338151,260.000000000000000,277121.000000000000000,5466,3962763,3038,3615272,8244,7300823
238,8/8/2021 15:00:00,3905,3689547,2038.000000000000000,3340189,140.000000000000000,277261.000000000000000,4045,3966808,2178,3617450,6083,7306906
239,8/9/2021 15:00:00,6891,3696438,4485.000000000000000,3344674,358.000000000000000,277619.000000000000000,7249,3974057,4843,3622293,11734,7318640
240,8/10/2021 15:00:00,7039,3703477,4415.000000000000000,3349089,334.000000000000000,277953.000000000000000,7373,3981430,4749,3627042,11788,7330428
241,8/11/2021 15:00:00,6974,3710451,4384.000000000000000,3353473,456.000000000000000,278409.000000000000000,7430,3988860,4840,3631882,11814,7342242
242,8/12/2021 15:00:00,8525,3718976,4668.000000000000000,3358141,436.000000000000000,278845.000000000000000,8961,3997821,5104,3636986,13629,7355871
243,8/13/2021 15:00:00,7024,3726000,5297.000000000000000,3363438,356.000000000000000,279201.000000000000000,7380,4005201,5653,3642639,12677,7368548
244,8/14/2021 15:00:00,4842,3730842,3299.000000000000000,3366737,256.000000000000000,279457.000000000000000,5098,4010299,3555,3646194,8397,7376945
245,8/15/2021 15:00:00,3258,3734100,2701.000000000000000,3369438,161.000000000000000,279618.000000000000000,3419,4013718,2862,3649056,6120,7383065
246,8/16/2021 15:00:00,5345,3739445,5035.000000000000000,3374473,341.000000000000000,279959.000000000000000,5686,4019404,5376,3654432,10721,7393786
247,8/17/2021 15:00:00,6871,3746316,5139.000000000000000,3379612,381.000000000000000,280340.000000000000000,7252,4026656,5520,3659952,12391,7406177
248,8/18/2021 15:00:00,6407,3752723,5214.000000000000000,3384826,469.000000000000000,280809.000000000000000,6876,4033532,5683,3665635,12090,7418267
249,8/19/2021 15:00:00,5910,3758633,5262.000000000000000,3390088,408.000000000000000,281217.000000000000000,6318,4039850,5670,3671305,11580,7429847
250,8/20/2021 15:00:00,6890,3765523,6247.000000000000000,3396335,400.000000000000000,281617.000000000000000,7290,4047140,6647,3677952,13537,7443384
251,8/21/2021 15:00:00,4235,3769758,3869.000000000000000,3400204,221.000000000000000,281838.000000000000000,4456,4051596,4090,3682042,8325,7451709
252,8/22/2021 15:00:00,3003,3772761,3085.000000000000000,3403289,108.000000000000000,281946.000000000000000,3111,4054707,3193,3685235,6196,7457905
253,8/23/2021 15:00:00,6096,3778857,5831.000000000000000,3409120,281.000000000000000,282227.000000000000000,6377,4061084,6112,3691347,12208,7470113
254,8/24/2021 15:00:00,6503,3785360,5777.000000000000000,3414897,432.000000000000000,282659.000000000000000,6935,4068019,6209,3697556,12712,7482825
255,8/25/2021 15:00:00,6777,3792137,5890.000000000000000,3420787,411.000000000000000,283070.000000000000000,7188,4075207,6301,3703857,13078,7495903
256,8/26/2021 15:00:00,7043,3799180,6284.000000000000000,3427071,411.000000000000000,283481.000000000000000,7454,4082661,6695,3710552,13738,7509641
257,8/27/2021 15:00:00,6694,3805874,6847.000000000000000,3433918,302.000000000000000,283783.000000000000000,6996,4089657,7149,3717701,13843,7523484
258,8/28/2021 15:00:00,6798,3812672,6387.000000000000000,3440305,309.000000000000000,284092.000000000000000,7107,4096764,6696,3724397,13494,7536978
259,8/29/2021 15:00:00,3686,3816358,3601.000000000000000,3443906,608.000000000000000,284700.000000000000000,4294,4101058,4209,3728606,7895,7544873
260,8/30/2021 15:00:00,5856,3822214,6007.000000000000000,3449913,947.000000000000000,285647.000000000000000,6803,4107861,6954,3735560,12810,7557683
261,8/31/2021 15:00:00,5594,3827808,5829.000000000000000,3455742,941.000000000000000,286588.000000000000000,6535,4114396,6770,3742330,12364,7570047
262,9/1/2021 15:00:00,5341,3833149,5485.000000000000000,3461227,873.000000000000000,287461.000000000000000,6214,4120610,6358,3748688,11699,7581746
263,9/2/2021 15:00:00,5413,3838562,5751.000000000000000,3466978,689.000000000000000,288150.000000000000000,6102,4126712,6440,3755128,11853,7593599
264,9/3/2021 15:00:00,5858,3844420,6762.000000000000000,3473740,958.000000000000000,289108.000000000000000,6816,4133528,7720,3762848,13578,7607177
265,9/4/2021 15:00:00,3656,3848076,4234.000000000000000,3477974,874.000000000000000,289982.000000000000000,4530,4138058,5108,3767956,8764,7615941
266,9/5/2021 15:00:00,2798,3850874,2712.000000000000000,3480686,105.000000000000000,290087.000000000000000,2903,4140961,2817,3770773,5615,7621556
267,9/6/2021 15:00:00,997,3851871,1082.000000000000000,3481768,55.000000000000000,290142.000000000000000,1052,4142013,1137,3771910,2134,7623690
268,9/7/2021 15:00:00,5111,3856982,7022.000000000000000,3488790,2275.000000000000000,292417.000000000000000,7386,4149399,9297,3781207,14408,7638098
269,9/8/2021 15:00:00,4538,3861520,5295.000000000000000,3494085,346.000000000000000,292763.000000000000000,4884,4154283,5641,3786848,10179,7648277
270,9/9/2021 15:00:00,4809,3866329,5103.000000000000000,3499188,295.000000000000000,293058.000000000000000,5104,4159387,5398,3792246,10207,7658484
271,9/10/2021 15:00:00,5788,3872117,5702.000000000000000,3504890,1616.000000000000000,294674.000000000000000,7404,4166791,7318,3799564,13106,7671590
272,9/11/2021 15:00:00,1618,3873735,1798.000000000000000,3506688,541.000000000000000,295215.000000000000000,2159,4168950,2339,3801903,3957,7675547