OBJECTID,VACCINATION_DATE,FirstDailyDose,FirstDoseCumulative,SecondDailyDose,SecondDoseCumulative,SingleDailyDose,SingleDoseCumulative,AtleastOneVaccine,AtleastOneVaccineCumulative,CompletedVax,CompletedVaxCumulative,FirstSecondSingleVaccination_12,FirstSecondSingleVaccination_13
1,12/14/2020 15:00:00,17,1027,,389,,,17,1027,0,389,17,1333
2,12/15/2020 15:00:00,54,1081,2.000000000000000,391,,,54,1081,2,391,56,1389
3,12/16/2020 15:00:00,577,1658,2.000000000000000,393,,,577,1658,2,393,579,1968
4,12/17/2020 15:00:00,1144,2802,2.000000000000000,395,,,1144,2802,2,395,1146,3114
5,12/18/2020 15:00:00,2992,5794,10.000000000000000,405,,,2992,5794,10,405,3002,6116
6,12/19/2020 15:00:00,919,6713,5.000000000000000,410,,,919,6713,5,410,924,7040
7,12/20/2020 15:00:00,339,7052,4.000000000000000,414,,,339,7052,4,414,343,7383
8,12/21/2020 15:00:00,3862,10914,21.000000000000000,435,,,3862,10914,21,435,3883,11266
9,12/22/2020 15:00:00,6296,17210,20.000000000000000,455,,,6296,17210,20,455,6316,17582
10,12/23/2020 15:00:00,5737,22947,31.000000000000000,486,,,5737,22947,31,486,5768,23350
11,12/24/2020 15:00:00,2716,25663,12.000000000000000,498,,,2716,25663,12,498,2728,26078
12,12/25/2020 15:00:00,1034,26697,3.000000000000000,501,,,1034,26697,3,501,1037,27115
13,12/26/2020 15:00:00,1872,28569,9.000000000000000,510,,,1872,28569,9,510,1881,28996
14,12/27/2020 15:00:00,1793,30362,10.000000000000000,520,,,1793,30362,10,520,1803,30799
15,12/28/2020 15:00:00,8956,39318,39.000000000000000,559,,,8956,39318,39,559,8995,39794
16,12/29/2020 15:00:00,10922,50240,44.000000000000000,603,,,10922,50240,44,603,10966,50760
17,12/30/2020 15:00:00,12461,62701,68.000000000000000,671,,,12461,62701,68,671,12529,63289
18,12/31/2020 15:00:00,7516,70217,35.000000000000000,706,,,7516,70217,35,706,7551,70840
19,1/1/2021 15:00:00,2664,72881,117.000000000000000,823,,,2664,72881,117,823,2781,73621
20,1/2/2021 15:00:00,2990,75871,34.000000000000000,857,,,2990,75871,34,857,3024,76645
21,1/3/2021 15:00:00,3373,79244,79.000000000000000,936,,,3373,79244,79,936,3452,80097
22,1/4/2021 15:00:00,13282,92526,320.000000000000000,1256,,,13282,92526,320,1256,13602,93699
23,1/5/2021 15:00:00,12412,104938,518.000000000000000,1774,,,12412,104938,518,1774,12930,106629
24,1/6/2021 15:00:00,15177,120115,842.000000000000000,2616,,,15177,120115,842,2616,16019,122648
25,1/7/2021 15:00:00,14953,135068,1735.000000000000000,4351,,,14953,135068,1735,4351,16688,139336
26,1/8/2021 15:00:00,23954,159022,2731.000000000000000,7082,,,23954,159022,2731,7082,26685,166021
27,1/9/2021 15:00:00,5133,164155,938.000000000000000,8020,,,5133,164155,938,8020,6071,172092
28,1/10/2021 15:00:00,2929,167084,370.000000000000000,8390,,,2929,167084,370,8390,3299,175391
29,1/11/2021 15:00:00,13678,180762,3438.000000000000000,11828,,,13678,180762,3438,11828,17116,192507
30,1/12/2021 15:00:00,17306,198068,5559.000000000000000,17387,,,17306,198068,5559,17387,22865,215372
31,1/13/2021 15:00:00,18507,216575,3864.000000000000000,21251,,,18507,216575,3864,21251,22371,237743
32,1/14/2021 15:00:00,17779,234354,1924.000000000000000,23175,,,17779,234354,1924,23175,19703,257446
33,1/15/2021 15:00:00,19384,253738,1975.000000000000000,25150,,,19384,253738,1975,25150,21359,278805
34,1/16/2021 15:00:00,5790,259528,1596.000000000000000,26746,,,5790,259528,1596,26746,7386,286191
35,1/17/2021 15:00:00,2104,261632,1470.000000000000000,28216,,,2104,261632,1470,28216,3574,289765
36,1/18/2021 15:00:00,7039,268671,3234.000000000000000,31450,,,7039,268671,3234,31450,10273,300038
37,1/19/2021 15:00:00,16880,285551,5370.000000000000000,36820,,,16880,285551,5370,36820,22250,322288
38,1/20/2021 15:00:00,20963,306514,5257.000000000000000,42077,,,20963,306514,5257,42077,26220,348508
39,1/21/2021 15:00:00,23712,330226,3772.000000000000000,45849,,,23712,330226,3772,45849,27484,375992
40,1/22/2021 15:00:00,28615,358841,3679.000000000000000,49528,,,28615,358841,3679,49528,32294,408286
41,1/23/2021 15:00:00,10069,368910,1909.000000000000000,51437,,,10069,368910,1909,51437,11978,420264
42,1/24/2021 15:00:00,3339,372249,1706.000000000000000,53143,,,3339,372249,1706,53143,5045,425309
43,1/25/2021 15:00:00,16259,388508,8527.000000000000000,61670,,,16259,388508,8527,61670,24786,450095
44,1/26/2021 15:00:00,17522,406030,8923.000000000000000,70593,,,17522,406030,8923,70593,26445,476540
45,1/27/2021 15:00:00,24410,430440,12487.000000000000000,83080,,,24410,430440,12487,83080,36897,513437
46,1/28/2021 15:00:00,22619,453059,9247.000000000000000,92327,,,22619,453059,9247,92327,31866,545303
47,1/29/2021 15:00:00,24723,477782,7838.000000000000000,100165,,,24723,477782,7838,100165,32561,577864
48,1/30/2021 15:00:00,17746,495528,2504.000000000000000,102669,,,17746,495528,2504,102669,20250,598114
49,1/31/2021 15:00:00,3747,499275,1319.000000000000000,103988,,,3747,499275,1319,103988,5066,603180
50,2/1/2021 15:00:00,7650,506925,5124.000000000000000,109112,,,7650,506925,5124,109112,12774,615954
51,2/2/2021 15:00:00,12416,519341,13736.000000000000000,122848,,,12416,519341,13736,122848,26152,642106
52,2/3/2021 15:00:00,18172,537513,18053.000000000000000,140901,,,18172,537513,18053,140901,36225,678331
53,2/4/2021 15:00:00,22035,559548,15685.000000000000000,156586,,,22035,559548,15685,156586,37720,716051
54,2/5/2021 15:00:00,20241,579789,17333.000000000000000,173919,,,20241,579789,17333,173919,37574,753625
55,2/6/2021 15:00:00,11262,591051,14420.000000000000000,188339,,,11262,591051,14420,188339,25682,779307
56,2/7/2021 15:00:00,5906,596957,1787.000000000000000,190126,,,5906,596957,1787,190126,7693,787000
57,2/8/2021 15:00:00,12922,609879,12862.000000000000000,202988,,,12922,609879,12862,202988,25784,812784
58,2/9/2021 15:00:00,16579,626458,13800.000000000000000,216788,,,16579,626458,13800,216788,30379,843163
59,2/10/2021 15:00:00,19220,645678,21157.000000000000000,237945,,,19220,645678,21157,237945,40377,883540
60,2/11/2021 15:00:00,22829,668507,17259.000000000000000,255204,,,22829,668507,17259,255204,40088,923628
61,2/12/2021 15:00:00,20331,688838,19558.000000000000000,274762,,,20331,688838,19558,274762,39889,963517
62,2/13/2021 15:00:00,11382,700220,6367.000000000000000,281129,,,11382,700220,6367,281129,17749,981266
63,2/14/2021 15:00:00,7092,707312,2092.000000000000000,283221,,,7092,707312,2092,283221,9184,990450
64,2/15/2021 15:00:00,11721,719033,13251.000000000000000,296472,,,11721,719033,13251,296472,24972,1015422
65,2/16/2021 15:00:00,16548,735581,20955.000000000000000,317427,,,16548,735581,20955,317427,37503,1052925
66,2/17/2021 15:00:00,20606,756187,26320.000000000000000,343747,,,20606,756187,26320,343747,46926,1099851
67,2/18/2021 15:00:00,3171,759358,4579.000000000000000,348326,,,3171,759358,4579,348326,7750,1107601
68,2/19/2021 15:00:00,10217,769575,19880.000000000000000,368206,,,10217,769575,19880,368206,30097,1137698
69,2/20/2021 15:00:00,10277,779852,20236.000000000000000,388442,,,10277,779852,20236,388442,30513,1168211
70,2/21/2021 15:00:00,6147,785999,7611.000000000000000,396053,,,6147,785999,7611,396053,13758,1181969
71,2/22/2021 15:00:00,7993,793992,15421.000000000000000,411474,,,7993,793992,15421,411474,23414,1205383
72,2/23/2021 15:00:00,15492,809484,15896.000000000000000,427370,,,15492,809484,15896,427370,31388,1236771
73,2/24/2021 15:00:00,17896,827380,24689.000000000000000,452059,,,17896,827380,24689,452059,42585,1279356
74,2/25/2021 15:00:00,20361,847741,26463.000000000000000,478522,,,20361,847741,26463,478522,46824,1326180
75,2/26/2021 15:00:00,26674,874415,26103.000000000000000,504625,,,26674,874415,26103,504625,52777,1378957
76,2/27/2021 15:00:00,15946,890361,11084.000000000000000,515709,,,15946,890361,11084,515709,27030,1405987
77,2/28/2021 15:00:00,15483,905844,4833.000000000000000,520542,,,15483,905844,4833,520542,20316,1426303
78,3/1/2021 15:00:00,26152,931996,12358.000000000000000,532900,,,26152,931996,12358,532900,38510,1464813
79,3/2/2021 15:00:00,23795,955791,13197.000000000000000,546097,31.000000000000000,31.000000000000000,23826,955822,13228,546128,37023,1501836
80,3/3/2021 15:00:00,30017,985808,18315.000000000000000,564412,179.000000000000000,210.000000000000000,30196,986018,18494,564622,48511,1550347
81,3/4/2021 15:00:00,30906,1016714,18107.000000000000000,582519,4064.000000000000000,4274.000000000000000,34970,1020988,22171,586793,53077,1603424
82,3/5/2021 15:00:00,29367,1046081,19387.000000000000000,601906,4911.000000000000000,9185.000000000000000,34278,1055266,24298,611091,53665,1657089
83,3/6/2021 15:00:00,17807,1063888,8926.000000000000000,610832,6004.000000000000000,15189.000000000000000,23811,1079077,14930,626021,32737,1689826
84,3/7/2021 15:00:00,12091,1075979,4816.000000000000000,615648,6610.000000000000000,21799.000000000000000,18701,1097778,11426,637447,23517,1713343
85,3/8/2021 15:00:00,25796,1101775,8762.000000000000000,624410,8278.000000000000000,30077.000000000000000,34074,1131852,17040,654487,42836,1756179
86,3/9/2021 15:00:00,26044,1127819,15376.000000000000000,639786,8342.000000000000000,38419.000000000000000,34386,1166238,23718,678205,49762,1805941
87,3/10/2021 15:00:00,29777,1157596,15899.000000000000000,655685,7935.000000000000000,46354.000000000000000,37712,1203950,23834,702039,53611,1859552
88,3/11/2021 15:00:00,35886,1193482,16366.000000000000000,672051,3982.000000000000000,50336.000000000000000,39868,1243818,20348,722387,56234,1915786
89,3/12/2021 15:00:00,36840,1230322,17995.000000000000000,690046,2924.000000000000000,53260.000000000000000,39764,1283582,20919,743306,57759,1973545
90,3/13/2021 15:00:00,22624,1252946,10224.000000000000000,700270,1604.000000000000000,54864.000000000000000,24228,1307810,11828,755134,34452,2007997
91,3/14/2021 15:00:00,17822,1270768,6665.000000000000000,706935,996.000000000000000,55860.000000000000000,18818,1326628,7661,762795,25483,2033480
92,3/15/2021 15:00:00,29729,1300497,11209.000000000000000,718144,593.000000000000000,56453.000000000000000,30322,1356950,11802,774597,41531,2075011
93,3/16/2021 15:00:00,33345,1333842,13494.000000000000000,731638,762.000000000000000,57215.000000000000000,34107,1391057,14256,788853,47601,2122612
94,3/17/2021 15:00:00,37500,1371342,16941.000000000000000,748579,1174.000000000000000,58389.000000000000000,38674,1429731,18115,806968,55615,2178227
95,3/18/2021 15:00:00,41335,1412677,12536.000000000000000,761115,1348.000000000000000,59737.000000000000000,42683,1472414,13884,820852,55219,2233446
96,3/19/2021 15:00:00,38230,1450907,15334.000000000000000,776449,1034.000000000000000,60771.000000000000000,39264,1511678,16368,837220,54598,2288044
97,3/20/2021 15:00:00,24629,1475536,10058.000000000000000,786507,692.000000000000000,61463.000000000000000,25321,1536999,10750,847970,35379,2323423
98,3/21/2021 15:00:00,19119,1494655,7808.000000000000000,794315,332.000000000000000,61795.000000000000000,19451,1556450,8140,856110,27259,2350682
99,3/22/2021 15:00:00,32502,1527157,11405.000000000000000,805720,833.000000000000000,62628.000000000000000,33335,1589785,12238,868348,44740,2395422
100,3/23/2021 15:00:00,37696,1564853,17254.000000000000000,822974,1552.000000000000000,64180.000000000000000,39248,1629033,18806,887154,56502,2451924
101,3/24/2021 15:00:00,40996,1605849,21097.000000000000000,844071,1377.000000000000000,65557.000000000000000,42373,1671406,22474,909628,63470,2515394
102,3/25/2021 15:00:00,42272,1648121,20931.000000000000000,865002,2456.000000000000000,68013.000000000000000,44728,1716134,23387,933015,65659,2581053
103,3/26/2021 15:00:00,36539,1684660,26191.000000000000000,891193,2500.000000000000000,70513.000000000000000,39039,1755173,28691,961706,65230,2646283
104,3/27/2021 15:00:00,26887,1711547,16728.000000000000000,907921,2482.000000000000000,72995.000000000000000,29369,1784542,19210,980916,46097,2692380
105,3/28/2021 15:00:00,16995,1728542,12587.000000000000000,920508,1613.000000000000000,74608.000000000000000,18608,1803150,14200,995116,31195,2723575
106,3/29/2021 15:00:00,29663,1758205,26169.000000000000000,946677,1138.000000000000000,75746.000000000000000,30801,1833951,27307,1022423,56970,2780545
107,3/30/2021 15:00:00,39968,1798173,28872.000000000000000,975549,1853.000000000000000,77599.000000000000000,41821,1875772,30725,1053148,70693,2851238
108,3/31/2021 15:00:00,40973,1839146,34531.000000000000000,1010080,5746.000000000000000,83345.000000000000000,46719,1922491,40277,1093425,81250,2932488
109,4/1/2021 15:00:00,40784,1879930,39658.000000000000000,1049738,5618.000000000000000,88963.000000000000000,46402,1968893,45276,1138701,86060,3018548
110,4/2/2021 15:00:00,34907,1914837,32428.000000000000000,1082166,6107.000000000000000,95070.000000000000000,41014,2009907,38535,1177236,73442,3091990
111,4/3/2021 15:00:00,21584,1936421,18639.000000000000000,1100805,4364.000000000000000,99434.000000000000000,25948,2035855,23003,1200239,44587,3136577
112,4/4/2021 15:00:00,8226,1944647,10148.000000000000000,1110953,961.000000000000000,100395.000000000000000,9187,2045042,11109,1211348,19335,3155912
113,4/5/2021 15:00:00,27836,1972483,28786.000000000000000,1139739,6644.000000000000000,107039.000000000000000,34480,2079522,35430,1246778,63266,3219178
114,4/6/2021 15:00:00,39695,2012178,30335.000000000000000,1170074,10481.000000000000000,117520.000000000000000,50176,2129698,40816,1287594,80511,3299689
115,4/7/2021 15:00:00,35980,2048158,34112.000000000000000,1204186,12961.000000000000000,130481.000000000000000,48941,2178639,47073,1334667,83053,3382742
116,4/8/2021 15:00:00,42224,2090382,35930.000000000000000,1240116,13843.000000000000000,144324.000000000000000,56067,2234706,49773,1384440,91997,3474739
117,4/9/2021 15:00:00,33959,2124341,36216.000000000000000,1276332,14517.000000000000000,158841.000000000000000,48476,2283182,50733,1435173,84692,3559431
118,4/10/2021 15:00:00,23415,2147756,23062.000000000000000,1299394,7616.000000000000000,166457.000000000000000,31031,2314213,30678,1465851,54093,3613524
119,4/11/2021 15:00:00,17542,2165298,13244.000000000000000,1312638,10122.000000000000000,176579.000000000000000,27664,2341877,23366,1489217,40908,3654432
120,4/12/2021 15:00:00,24537,2189835,33074.000000000000000,1345712,10885.000000000000000,187464.000000000000000,35422,2377299,43959,1533176,68496,3722928
121,4/13/2021 15:00:00,126733,2316568,90507.000000000000000,1436219,3292.000000000000000,190756.000000000000000,130025,2507324,93799,1626975,220532,3943460
122,4/14/2021 15:00:00,40661,2357229,37686.000000000000000,1473905,209.000000000000000,190965.000000000000000,40870,2548194,37895,1664870,78556,4022016
123,4/15/2021 15:00:00,41642,2398871,39075.000000000000000,1512980,172.000000000000000,191137.000000000000000,41814,2590008,39247,1704117,80889,4102905
124,4/16/2021 15:00:00,37164,2436035,38654.000000000000000,1551634,23.000000000000000,191160.000000000000000,37187,2627195,38677,1742794,75841,4178746
125,4/17/2021 15:00:00,32755,2468790,21944.000000000000000,1573578,12.000000000000000,191172.000000000000000,32767,2659962,21956,1764750,54711,4233457
126,4/18/2021 15:00:00,20054,2488844,16155.000000000000000,1589733,5.000000000000000,191177.000000000000000,20059,2680021,16160,1780910,36214,4269671
127,4/19/2021 15:00:00,29856,2518700,36443.000000000000000,1626176,61.000000000000000,191238.000000000000000,29917,2709938,36504,1817414,66360,4336031
128,4/20/2021 15:00:00,33068,2551768,44101.000000000000000,1670277,54.000000000000000,191292.000000000000000,33122,2743060,44155,1861569,77223,4413254
129,4/21/2021 15:00:00,39753,2591521,46848.000000000000000,1717125,22.000000000000000,191314.000000000000000,39775,2782835,46870,1908439,86623,4499877
130,4/22/2021 15:00:00,36355,2627876,41907.000000000000000,1759032,16.000000000000000,191330.000000000000000,36371,2819206,41923,1950362,78278,4578155
131,4/23/2021 15:00:00,33064,2660940,39933.000000000000000,1798965,13.000000000000000,191343.000000000000000,33077,2852283,39946,1990308,73010,4651165
132,4/24/2021 15:00:00,26377,2687317,27793.000000000000000,1826758,80.000000000000000,191423.000000000000000,26457,2878740,27873,2018181,54250,4705415
133,4/25/2021 15:00:00,20209,2707526,10905.000000000000000,1837663,30.000000000000000,191453.000000000000000,20239,2898979,10935,2029116,31144,4736559
134,4/26/2021 15:00:00,27384,2734910,32561.000000000000000,1870224,203.000000000000000,191656.000000000000000,27587,2926566,32764,2061880,60148,4796707
135,4/27/2021 15:00:00,26687,2761597,32906.000000000000000,1903130,1096.000000000000000,192752.000000000000000,27783,2954349,34002,2095882,60689,4857396
136,4/28/2021 15:00:00,28897,2790494,39378.000000000000000,1942508,1362.000000000000000,194114.000000000000000,30259,2984608,40740,2136622,69637,4927033
137,4/29/2021 15:00:00,27285,2817779,39315.000000000000000,1981823,1462.000000000000000,195576.000000000000000,28747,3013355,40777,2177399,68062,4995095
138,4/30/2021 15:00:00,28156,2845935,32070.000000000000000,2013893,1642.000000000000000,197218.000000000000000,29798,3043153,33712,2211111,61868,5056963
139,5/1/2021 15:00:00,20413,2866348,26335.000000000000000,2040228,1024.000000000000000,198242.000000000000000,21437,3064590,27359,2238470,47772,5104735
140,5/2/2021 15:00:00,10266,2876614,16995.000000000000000,2057223,818.000000000000000,199060.000000000000000,11084,3075674,17813,2256283,28079,5132814
141,5/3/2021 15:00:00,12715,2889329,28368.000000000000000,2085591,1908.000000000000000,200968.000000000000000,14623,3090297,30276,2286559,42991,5175805
142,5/4/2021 15:00:00,13523,2902852,38349.000000000000000,2123940,1731.000000000000000,202699.000000000000000,15254,3105551,40080,2326639,53603,5229408
143,5/5/2021 15:00:00,19305,2922157,37622.000000000000000,2161562,1919.000000000000000,204618.000000000000000,21224,3126775,39541,2366180,58846,5288254
144,5/6/2021 15:00:00,16909,2939066,40478.000000000000000,2202040,1714.000000000000000,206332.000000000000000,18623,3145398,42192,2408372,59101,5347355
145,5/7/2021 15:00:00,17368,2956434,35933.000000000000000,2237973,1955.000000000000000,208287.000000000000000,19323,3164721,37888,2446260,55256,5402611
146,5/8/2021 15:00:00,10771,2967205,31138.000000000000000,2269111,1291.000000000000000,209578.000000000000000,12062,3176783,32429,2478689,43200,5445811
147,5/9/2021 15:00:00,5046,2972251,11884.000000000000000,2280995,695.000000000000000,210273.000000000000000,5741,3182524,12579,2491268,17625,5463436
148,5/10/2021 15:00:00,8931,2981182,30955.000000000000000,2311950,1357.000000000000000,211630.000000000000000,10288,3192812,32312,2523580,41243,5504679
149,5/11/2021 15:00:00,12176,2993358,30189.000000000000000,2342139,1435.000000000000000,213065.000000000000000,13611,3206423,31624,2555204,43800,5548479
150,5/12/2021 15:00:00,13927,3007285,38502.000000000000000,2380641,1914.000000000000000,214979.000000000000000,15841,3222264,40416,2595620,54343,5602822
151,5/13/2021 15:00:00,21804,3029089,33364.000000000000000,2414005,1346.000000000000000,216325.000000000000000,23150,3245414,34710,2630330,56514,5659336
152,5/14/2021 15:00:00,24324,3053413,29915.000000000000000,2443920,1770.000000000000000,218095.000000000000000,26094,3271508,31685,2662015,56009,5715345
153,5/15/2021 15:00:00,21874,3075287,25025.000000000000000,2468945,1489.000000000000000,219584.000000000000000,23363,3294871,26514,2688529,48388,5763733
154,5/16/2021 15:00:00,9065,3084352,17517.000000000000000,2486462,1111.000000000000000,220695.000000000000000,10176,3305047,18628,2707157,27693,5791426
155,5/17/2021 15:00:00,16821,3101173,28270.000000000000000,2514732,1948.000000000000000,222643.000000000000000,18769,3323816,30218,2737375,47039,5838465
156,5/18/2021 15:00:00,21233,3122406,30609.000000000000000,2545341,1942.000000000000000,224585.000000000000000,23175,3346991,32551,2769926,53784,5892249
157,5/19/2021 15:00:00,27571,3149977,32321.000000000000000,2577662,1622.000000000000000,226207.000000000000000,29193,3376184,33943,2803869,61514,5953763
158,5/20/2021 15:00:00,20781,3170758,33147.000000000000000,2610809,1963.000000000000000,228170.000000000000000,22744,3398928,35110,2838979,55891,6009654
159,5/21/2021 15:00:00,19119,3189877,30169.000000000000000,2640978,1606.000000000000000,229776.000000000000000,20725,3419653,31775,2870754,50894,6060548
160,5/22/2021 15:00:00,16897,3206774,20618.000000000000000,2661596,1269.000000000000000,231045.000000000000000,18166,3437819,21887,2892641,38784,6099332
161,5/23/2021 15:00:00,8749,3215523,11415.000000000000000,2673011,963.000000000000000,232008.000000000000000,9712,3447531,12378,2905019,21127,6120459
162,5/24/2021 15:00:00,13561,3229084,17695.000000000000000,2690706,1476.000000000000000,233484.000000000000000,15037,3462568,19171,2924190,32732,6153191
163,5/25/2021 15:00:00,13007,3242091,18618.000000000000000,2709324,1327.000000000000000,234811.000000000000000,14334,3476902,19945,2944135,32952,6186143
164,5/26/2021 15:00:00,18262,3260353,19399.000000000000000,2728723,1507.000000000000000,236318.000000000000000,19769,3496671,20906,2965041,39168,6225311
165,5/27/2021 15:00:00,11682,3272035,18599.000000000000000,2747322,1115.000000000000000,237433.000000000000000,12797,3509468,19714,2984755,31396,6256707
166,5/28/2021 15:00:00,12513,3284548,19683.000000000000000,2767005,1395.000000000000000,238828.000000000000000,13908,3523376,21078,3005833,33591,6290298
167,5/29/2021 15:00:00,9549,3294097,11614.000000000000000,2778619,934.000000000000000,239762.000000000000000,10483,3533859,12548,3018381,22097,6312395
168,5/30/2021 15:00:00,4969,3299066,6407.000000000000000,2785026,597.000000000000000,240359.000000000000000,5566,3539425,7004,3025385,11973,6324368
169,5/31/2021 15:00:00,1773,3300839,3699.000000000000000,2788725,305.000000000000000,240664.000000000000000,2078,3541503,4004,3029389,5777,6330145
170,6/1/2021 15:00:00,9762,3310601,16244.000000000000000,2804969,1149.000000000000000,241813.000000000000000,10911,3552414,17393,3046782,27155,6357300
171,6/2/2021 15:00:00,10219,3320820,16760.000000000000000,2821729,958.000000000000000,242771.000000000000000,11177,3563591,17718,3064500,27937,6385237
172,6/3/2021 15:00:00,7897,3328717,21118.000000000000000,2842847,1085.000000000000000,243856.000000000000000,8982,3572573,22203,3086703,30100,6415337
173,6/4/2021 15:00:00,8215,3336932,22218.000000000000000,2865065,1121.000000000000000,244977.000000000000000,9336,3581909,23339,3110042,31554,6446891
174,6/5/2021 15:00:00,7010,3343942,19393.000000000000000,2884458,718.000000000000000,245695.000000000000000,7728,3589637,20111,3130153,27121,6474012
175,6/6/2021 15:00:00,3468,3347410,7199.000000000000000,2891657,422.000000000000000,246117.000000000000000,3890,3593527,7621,3137774,11089,6485101
176,6/7/2021 15:00:00,6847,3354257,15716.000000000000000,2907373,724.000000000000000,246841.000000000000000,7571,3601098,16440,3154214,23287,6508388
177,6/8/2021 15:00:00,6672,3360929,19646.000000000000000,2927019,817.000000000000000,247658.000000000000000,7489,3608587,20463,3174677,27135,6535523
178,6/9/2021 15:00:00,8196,3369125,23876.000000000000000,2950895,968.000000000000000,248626.000000000000000,9164,3617751,24844,3199521,33040,6568563
179,6/10/2021 15:00:00,7164,3376289,19053.000000000000000,2969948,894.000000000000000,249520.000000000000000,8058,3625809,19947,3219468,27111,6595674
180,6/11/2021 15:00:00,7444,3383733,17668.000000000000000,2987616,1125.000000000000000,250645.000000000000000,8569,3634378,18793,3238261,26237,6621911
181,6/12/2021 15:00:00,5236,3388969,14706.000000000000000,3002322,604.000000000000000,251249.000000000000000,5840,3640218,15310,3253571,20546,6642457
182,6/13/2021 15:00:00,1932,3390901,7551.000000000000000,3009873,425.000000000000000,251674.000000000000000,2357,3642575,7976,3261547,9908,6652365
183,6/14/2021 15:00:00,5653,3396554,11801.000000000000000,3021674,728.000000000000000,252402.000000000000000,6381,3648956,12529,3274076,18182,6670547
184,6/15/2021 15:00:00,5639,3402193,14275.000000000000000,3035949,869.000000000000000,253271.000000000000000,6508,3655464,15144,3289220,20783,6691330
185,6/16/2021 15:00:00,8747,3410940,21531.000000000000000,3057480,757.000000000000000,254028.000000000000000,9504,3664968,22288,3311508,31035,6722365
186,6/17/2021 15:00:00,6675,3417615,12322.000000000000000,3069802,718.000000000000000,254746.000000000000000,7393,3672361,13040,3324548,19715,6742080
187,6/18/2021 15:00:00,6845,3424460,12673.000000000000000,3082475,704.000000000000000,255450.000000000000000,7549,3679910,13377,3337925,20222,6762302
188,6/19/2021 15:00:00,4656,3429116,9348.000000000000000,3091823,614.000000000000000,256064.000000000000000,5270,3685180,9962,3347887,14618,6776920
189,6/20/2021 15:00:00,2499,3431615,5031.000000000000000,3096854,378.000000000000000,256442.000000000000000,2877,3688057,5409,3353296,7908,6784828
190,6/21/2021 15:00:00,5545,3437160,5305.000000000000000,3102159,636.000000000000000,257078.000000000000000,6181,3694238,5941,3359237,11486,6796314
191,6/22/2021 15:00:00,5188,3442348,8828.000000000000000,3110987,681.000000000000000,257759.000000000000000,5869,3700107,9509,3368746,14697,6811011
192,6/23/2021 15:00:00,6055,3448403,10281.000000000000000,3121268,642.000000000000000,258401.000000000000000,6697,3706804,10923,3379669,16978,6827989
193,6/24/2021 15:00:00,5920,3454323,8171.000000000000000,3129439,593.000000000000000,258994.000000000000000,6513,3713317,8764,3388433,14684,6842673
194,6/25/2021 15:00:00,5826,3460149,8602.000000000000000,3138041,620.000000000000000,259614.000000000000000,6446,3719763,9222,3397655,15048,6857721
195,6/26/2021 15:00:00,3699,3463848,6284.000000000000000,3144325,396.000000000000000,260010.000000000000000,4095,3723858,6680,3404335,10379,6868100
196,6/27/2021 15:00:00,2798,3466646,3509.000000000000000,3147834,183.000000000000000,260193.000000000000000,2981,3726839,3692,3408027,6490,6874590
197,6/28/2021 15:00:00,4728,3471374,6074.000000000000000,3153908,521.000000000000000,260714.000000000000000,5249,3732088,6595,3414622,11323,6885913
198,6/29/2021 15:00:00,5055,3476429,6426.000000000000000,3160334,517.000000000000000,261231.000000000000000,5572,3737660,6943,3421565,11998,6897911
199,6/30/2021 15:00:00,5597,3482026,7354.000000000000000,3167688,602.000000000000000,261833.000000000000000,6199,3743859,7956,3429521,13553,6911464
200,7/1/2021 15:00:00,5322,3487348,6897.000000000000000,3174585,489.000000000000000,262322.000000000000000,5811,3749670,7386,3436907,12708,6924172
201,7/2/2021 15:00:00,5283,3492631,6795.000000000000000,3181380,519.000000000000000,262841.000000000000000,5802,3755472,7314,3444221,12597,6936769
202,7/3/2021 15:00:00,3258,3495889,4044.000000000000000,3185424,260.000000000000000,263101.000000000000000,3518,3758990,4304,3448525,7562,6944331
203,7/4/2021 15:00:00,494,3496383,541.000000000000000,3185965,66.000000000000000,263167.000000000000000,560,3759550,607,3449132,1101,6945432
204,7/5/2021 15:00:00,3749,3500132,3939.000000000000000,3189904,282.000000000000000,263449.000000000000000,4031,3763581,4221,3453353,7970,6953402
205,7/6/2021 15:00:00,4473,3504605,6218.000000000000000,3196122,450.000000000000000,263899.000000000000000,4923,3768504,6668,3460021,11141,6964543
206,7/7/2021 15:00:00,4451,3509056,6366.000000000000000,3202488,483.000000000000000,264382.000000000000000,4934,3773438,6849,3466870,11300,6975843
207,7/8/2021 15:00:00,4827,3513883,6118.000000000000000,3208606,563.000000000000000,264945.000000000000000,5390,3778828,6681,3473551,11508,6987351
208,7/9/2021 15:00:00,5348,3519231,6601.000000000000000,3215207,572.000000000000000,265517.000000000000000,5920,3784748,7173,3480724,12521,6999872
209,7/10/2021 15:00:00,3516,3522747,4368.000000000000000,3219575,301.000000000000000,265818.000000000000000,3817,3788565,4669,3485393,8185,7008057
210,7/11/2021 15:00:00,2663,3525410,2551.000000000000000,3222126,222.000000000000000,266040.000000000000000,2885,3791450,2773,3488166,5436,7013493
211,7/12/2021 15:00:00,4406,3529816,5086.000000000000000,3227212,374.000000000000000,266414.000000000000000,4780,3796230,5460,3493626,9866,7023359
212,7/13/2021 15:00:00,4743,3534559,4580.000000000000000,3231792,364.000000000000000,266778.000000000000000,5107,3801337,4944,3498570,9687,7033046
213,7/14/2021 15:00:00,4600,3539159,5239.000000000000000,3237031,422.000000000000000,267200.000000000000000,5022,3806359,5661,3504231,10261,7043307
214,7/15/2021 15:00:00,4870,3544029,4963.000000000000000,3241994,356.000000000000000,267556.000000000000000,5226,3811585,5319,3509550,10189,7053496
215,7/16/2021 15:00:00,6270,3550299,5801.000000000000000,3247795,401.000000000000000,267957.000000000000000,6671,3818256,6202,3515752,12472,7065968
216,7/17/2021 15:00:00,3403,3553702,3538.000000000000000,3251333,299.000000000000000,268256.000000000000000,3702,3821958,3837,3519589,7240,7073208
217,7/18/2021 15:00:00,2299,3556001,2363.000000000000000,3253696,110.000000000000000,268366.000000000000000,2409,3824367,2473,3522062,4772,7077980
218,7/19/2021 15:00:00,5244,3561245,4457.000000000000000,3258153,376.000000000000000,268742.000000000000000,5620,3829987,4833,3526895,10077,7088057
219,7/20/2021 15:00:00,5323,3566568,4679.000000000000000,3262832,366.000000000000000,269108.000000000000000,5689,3835676,5045,3531940,10368,7098425
220,7/21/2021 15:00:00,5629,3572197,4890.000000000000000,3267722,415.000000000000000,269523.000000000000000,6044,3841720,5305,3537245,10934,7109359
221,7/22/2021 15:00:00,6005,3578202,4595.000000000000000,3272317,468.000000000000000,269991.000000000000000,6473,3848193,5063,3542308,11068,7120427
222,7/23/2021 15:00:00,6825,3585027,4805.000000000000000,3277122,489.000000000000000,270480.000000000000000,7314,3855507,5294,3547602,12119,7132546
223,7/24/2021 15:00:00,4276,3589303,3187.000000000000000,3280309,267.000000000000000,270747.000000000000000,4543,3860050,3454,3551056,7730,7140276
224,7/25/2021 15:00:00,3291,3592594,1105.000000000000000,3281414,138.000000000000000,270885.000000000000000,3429,3863479,1243,3552299,4534,7144810
225,7/26/2021 15:00:00,6196,3598790,3877.000000000000000,3285291,413.000000000000000,271298.000000000000000,6609,3870088,4290,3556589,10486,7155296
226,7/27/2021 15:00:00,6340,3605130,4034.000000000000000,3289325,453.000000000000000,271751.000000000000000,6793,3876881,4487,3561076,10827,7166123
227,7/28/2021 15:00:00,6796,3611926,3986.000000000000000,3293311,458.000000000000000,272209.000000000000000,7254,3884135,4444,3565520,11240,7177363
228,7/29/2021 15:00:00,6804,3618730,4126.000000000000000,3297437,414.000000000000000,272623.000000000000000,7218,3891353,4540,3570060,11344,7188707
229,7/30/2021 15:00:00,7520,3626250,4494.000000000000000,3301931,521.000000000000000,273144.000000000000000,8041,3899394,5015,3575075,12535,7201242
230,7/31/2021 15:00:00,4778,3631028,3026.000000000000000,3304957,272.000000000000000,273416.000000000000000,5050,3904444,3298,3578373,8076,7209318
231,8/1/2021 15:00:00,3793,3634821,2094.000000000000000,3307051,157.000000000000000,273573.000000000000000,3950,3908394,2251,3580624,6044,7215362
232,8/2/2021 15:00:00,7005,3641826,3619.000000000000000,3310670,335.000000000000000,273908.000000000000000,7340,3915734,3954,3584578,10959,7226321
233,8/3/2021 15:00:00,6987,3648813,3889.000000000000000,3314559,506.000000000000000,274414.000000000000000,7493,3923227,4395,3588973,11382,7237703
234,8/4/2021 15:00:00,7152,3655965,3878.000000000000000,3318437,528.000000000000000,274942.000000000000000,7680,3930907,4406,3593379,11558,7249261
235,8/5/2021 15:00:00,7658,3663623,4089.000000000000000,3322526,535.000000000000000,275477.000000000000000,8193,3939100,4624,3598003,12282,7261543
236,8/6/2021 15:00:00,8275,3671898,4671.000000000000000,3327197,449.000000000000000,275926.000000000000000,8724,3947824,5120,3603123,13395,7274938
237,8/7/2021 15:00:00,5240,3677138,2785.000000000000000,3329982,264.000000000000000,276190.000000000000000,5504,3953328,3049,3606172,8289,7283227
238,8/8/2021 15:00:00,3948,3681086,2033.000000000000000,3332015,141.000000000000000,276331.000000000000000,4089,3957417,2174,3608346,6122,7289349
239,8/9/2021 15:00:00,6909,3687995,4492.000000000000000,3336507,364.000000000000000,276695.000000000000000,7273,3964690,4856,3613202,11765,7301114
240,8/10/2021 15:00:00,7110,3695105,4424.000000000000000,3340931,336.000000000000000,277031.000000000000000,7446,3972136,4760,3617962,11870,7312984
241,8/11/2021 15:00:00,7024,3702129,4411.000000000000000,3345342,438.000000000000000,277469.000000000000000,7462,3979598,4849,3622811,11873,7324857
242,8/12/2021 15:00:00,8560,3710689,4693.000000000000000,3350035,441.000000000000000,277910.000000000000000,9001,3988599,5134,3627945,13694,7338551
243,8/13/2021 15:00:00,7108,3717797,5319.000000000000000,3355354,389.000000000000000,278299.000000000000000,7497,3996096,5708,3633653,12816,7351367
244,8/14/2021 15:00:00,4914,3722711,3325.000000000000000,3358679,285.000000000000000,278584.000000000000000,5199,4001295,3610,3637263,8524,7359891
245,8/15/2021 15:00:00,3314,3726025,2722.000000000000000,3361401,164.000000000000000,278748.000000000000000,3478,4004773,2886,3640149,6200,7366091
246,8/16/2021 15:00:00,5413,3731438,5058.000000000000000,3366459,349.000000000000000,279097.000000000000000,5762,4010535,5407,3645556,10820,7376911
247,8/17/2021 15:00:00,6935,3738373,5162.000000000000000,3371621,387.000000000000000,279484.000000000000000,7322,4017857,5549,3651105,12484,7389395
248,8/18/2021 15:00:00,6502,3744875,5268.000000000000000,3376889,472.000000000000000,279956.000000000000000,6974,4024831,5740,3656845,12242,7401637
249,8/19/2021 15:00:00,5973,3750848,5301.000000000000000,3382190,410.000000000000000,280366.000000000000000,6383,4031214,5711,3662556,11684,7413321
250,8/20/2021 15:00:00,7024,3757872,6292.000000000000000,3388482,401.000000000000000,280767.000000000000000,7425,4038639,6693,3669249,13717,7427038
251,8/21/2021 15:00:00,4311,3762183,3898.000000000000000,3392380,225.000000000000000,280992.000000000000000,4536,4043175,4123,3673372,8434,7435472
252,8/22/2021 15:00:00,3061,3765244,3154.000000000000000,3395534,109.000000000000000,281101.000000000000000,3170,4046345,3263,3676635,6324,7441796
253,8/23/2021 15:00:00,6151,3771395,5898.000000000000000,3401432,285.000000000000000,281386.000000000000000,6436,4052781,6183,3682818,12334,7454130
254,8/24/2021 15:00:00,6633,3778028,5850.000000000000000,3407282,423.000000000000000,281809.000000000000000,7056,4059837,6273,3689091,12906,7467036
255,8/25/2021 15:00:00,6885,3784913,5984.000000000000000,3413266,438.000000000000000,282247.000000000000000,7323,4067160,6422,3695513,13307,7480343
256,8/26/2021 15:00:00,7166,3792079,6402.000000000000000,3419668,427.000000000000000,282674.000000000000000,7593,4074753,6829,3702342,13995,7494338
257,8/27/2021 15:00:00,6856,3798935,6990.000000000000000,3426658,315.000000000000000,282989.000000000000000,7171,4081924,7305,3709647,14161,7508499
258,8/28/2021 15:00:00,6897,3805832,6470.000000000000000,3433128,326.000000000000000,283315.000000000000000,7223,4089147,6796,3716443,13693,7522192
259,8/29/2021 15:00:00,3741,3809573,3668.000000000000000,3436796,611.000000000000000,283926.000000000000000,4352,4093499,4279,3720722,8020,7530212
260,8/30/2021 15:00:00,5940,3815513,6073.000000000000000,3442869,959.000000000000000,284885.000000000000000,6899,4100398,7032,3727754,12972,7543184
261,8/31/2021 15:00:00,5686,3821199,5902.000000000000000,3448771,945.000000000000000,285830.000000000000000,6631,4107029,6847,3734601,12533,7555717
262,9/1/2021 15:00:00,5533,3826732,5555.000000000000000,3454326,905.000000000000000,286735.000000000000000,6438,4113467,6460,3741061,11993,7567710
263,9/2/2021 15:00:00,5535,3832267,5865.000000000000000,3460191,700.000000000000000,287435.000000000000000,6235,4119702,6565,3747626,12100,7579810
264,9/3/2021 15:00:00,5979,3838246,6861.000000000000000,3467052,971.000000000000000,288406.000000000000000,6950,4126652,7832,3755458,13811,7593621
265,9/4/2021 15:00:00,3713,3841959,4313.000000000000000,3471365,875.000000000000000,289281.000000000000000,4588,4131240,5188,3760646,8901,7602522
266,9/5/2021 15:00:00,2948,3844907,2789.000000000000000,3474154,104.000000000000000,289385.000000000000000,3052,4134292,2893,3763539,5841,7608363
267,9/6/2021 15:00:00,1048,3845955,1137.000000000000000,3475291,62.000000000000000,289447.000000000000000,1110,4135402,1199,3764738,2247,7610610
268,9/7/2021 15:00:00,5291,3851246,7228.000000000000000,3482519,2303.000000000000000,291750.000000000000000,7594,4142996,9531,3774269,14822,7625432
269,9/8/2021 15:00:00,4658,3855904,5427.000000000000000,3487946,365.000000000000000,292115.000000000000000,5023,4148019,5792,3780061,10450,7635882
270,9/9/2021 15:00:00,5064,3860968,5332.000000000000000,3493278,322.000000000000000,292437.000000000000000,5386,4153405,5654,3785715,10718,7646600
271,9/10/2021 15:00:00,6524,3867492,6571.000000000000000,3499849,1712.000000000000000,294149.000000000000000,8236,4161641,8283,3793998,14807,7661407
272,9/11/2021 15:00:00,4041,3871533,4308.000000000000000,3504157,663.000000000000000,294812.000000000000000,4704,4166345,4971,3798969,9012,7670419
273,9/12/2021 15:00:00,3065,3874598,3225.000000000000000,3507382,436.000000000000000,295248.000000000000000,3501,4169846,3661,3802630,6726,7677145
274,9/13/2021 15:00:00,4663,3879261,4814.000000000000000,3512196,345.000000000000000,295593.000000000000000,5008,4174854,5159,3807789,9822,7686967
275,9/14/2021 15:00:00,4573,3883834,5177.000000000000000,3517373,432.000000000000000,296025.000000000000000,5005,4179859,5609,3813398,10182,7697149
276,9/15/2021 15:00:00,4821,3888655,5576.000000000000000,3522949,387.000000000000000,296412.000000000000000,5208,4185067,5963,3819361,10784,7707933
277,9/16/2021 15:00:00,4584,3893239,5581.000000000000000,3528530,331.000000000000000,296743.000000000000000,4915,4189982,5912,3825273,10496,7718429
278,9/17/2021 15:00:00,5035,3898274,6307.000000000000000,3534837,341.000000000000000,297084.000000000000000,5376,4195358,6648,3831921,11683,7730112
279,9/18/2021 15:00:00,3772,3902046,4554.000000000000000,3539391,185.000000000000000,297269.000000000000000,3957,4199315,4739,3836660,8511,7738623
280,9/19/2021 15:00:00,2728,3904774,3150.000000000000000,3542541,75.000000000000000,297344.000000000000000,2803,4202118,3225,3839885,5953,7744576
281,9/20/2021 15:00:00,3533,3908307,4452.000000000000000,3546993,427.000000000000000,297771.000000000000000,3960,4206078,4879,3844764,8412,7752988
282,9/21/2021 15:00:00,3781,3912088,4788.000000000000000,3551781,325.000000000000000,298096.000000000000000,4106,4210184,5113,3849877,8894,7761882
283,9/22/2021 15:00:00,4183,3916271,4730.000000000000000,3556511,459.000000000000000,298555.000000000000000,4642,4214826,5189,3855066,9372,7771254
284,9/23/2021 15:00:00,4171,3920442,4678.000000000000000,3561189,489.000000000000000,299044.000000000000000,4660,4219486,5167,3860233,9338,7780592
285,9/24/2021 15:00:00,5058,3925500,5545.000000000000000,3566734,422.000000000000000,299466.000000000000000,5480,4224966,5967,3866200,11025,7791617
286,9/25/2021 15:00:00,3607,3929107,3620.000000000000000,3570354,384.000000000000000,299850.000000000000000,3991,4228957,4004,3870204,7611,7799228
287,9/26/2021 15:00:00,2359,3931466,2634.000000000000000,3572988,421.000000000000000,300271.000000000000000,2780,4231737,3055,3873259,5414,7804642
288,9/27/2021 15:00:00,4493,3935959,2673.000000000000000,3575661,507.000000000000000,300778.000000000000000,5000,4236737,3180,3876439,7673,7812315
289,9/28/2021 15:00:00,4385,3940344,4366.000000000000000,3580027,211.000000000000000,300989.000000000000000,4596,4241333,4577,3881016,8962,7821277
290,9/29/2021 15:00:00,4693,3945037,4474.000000000000000,3584501,918.000000000000000,301907.000000000000000,5611,4246944,5392,3886408,10085,7831362
291,9/30/2021 15:00:00,4865,3949902,4523.000000000000000,3589024,791.000000000000000,302698.000000000000000,5656,4252600,5314,3891722,10179,7841541
292,10/1/2021 15:00:00,5410,3955312,5249.000000000000000,3594273,778.000000000000000,303476.000000000000000,6188,4258788,6027,3897749,11437,7852978
293,10/2/2021 15:00:00,2936,3958248,2883.000000000000000,3597156,187.000000000000000,303663.000000000000000,3123,4261911,3070,3900819,6006,7858984
294,10/3/2021 15:00:00,2053,3960301,2176.000000000000000,3599332,86.000000000000000,303749.000000000000000,2139,4264050,2262,3903081,4315,7863299
295,10/4/2021 15:00:00,4143,3964444,3354.000000000000000,3602686,233.000000000000000,303982.000000000000000,4376,4268426,3587,3906668,7730,7871029
296,10/5/2021 15:00:00,4051,3968495,3552.000000000000000,3606238,204.000000000000000,304186.000000000000000,4255,4272681,3756,3910424,7807,7878836
297,10/6/2021 15:00:00,4113,3972608,3464.000000000000000,3609702,263.000000000000000,304449.000000000000000,4376,4277057,3727,3914151,7840,7886676
298,10/7/2021 15:00:00,4348,3976956,3485.000000000000000,3613187,329.000000000000000,304778.000000000000000,4677,4281734,3814,3917965,8162,7894838
299,10/8/2021 15:00:00,4907,3981863,4092.000000000000000,3617279,281.000000000000000,305059.000000000000000,5188,4286922,4373,3922338,9280,7904118
300,10/9/2021 15:00:00,2678,3984541,2662.000000000000000,3619941,270.000000000000000,305329.000000000000000,2948,4289870,2932,3925270,5610,7909728
301,10/10/2021 15:00:00,1862,3986403,1839.000000000000000,3621780,59.000000000000000,305388.000000000000000,1921,4291791,1898,3927168,3760,7913488
302,10/11/2021 15:00:00,4358,3990761,3175.000000000000000,3624955,246.000000000000000,305634.000000000000000,4604,4296395,3421,3930589,7779,7921267
303,10/12/2021 15:00:00,3714,3994475,3278.000000000000000,3628233,268.000000000000000,305902.000000000000000,3982,4300377,3546,3934135,7260,7928527
304,10/13/2021 15:00:00,3965,3998440,3411.000000000000000,3631644,343.000000000000000,306245.000000000000000,4308,4304685,3754,3937889,7719,7936246
305,10/14/2021 15:00:00,5143,4003583,5429.000000000000000,3637073,424.000000000000000,306669.000000000000000,5567,4310252,5853,3943742,10996,7947242
306,10/15/2021 15:00:00,4705,4008288,4536.000000000000000,3641609,345.000000000000000,307014.000000000000000,5050,4315302,4881,3948623,9586,7956828
307,10/16/2021 15:00:00,2487,4010775,2480.000000000000000,3644089,287.000000000000000,307301.000000000000000,2774,4318076,2767,3951390,5254,7962082
308,10/17/2021 15:00:00,1798,4012573,1765.000000000000000,3645854,53.000000000000000,307354.000000000000000,1851,4319927,1818,3953208,3616,7965698
309,10/18/2021 15:00:00,4288,4016861,3536.000000000000000,3649390,266.000000000000000,307620.000000000000000,4554,4324481,3802,3957010,8090,7973788
310,10/19/2021 15:00:00,4303,4021164,4012.000000000000000,3653402,221.000000000000000,307841.000000000000000,4524,4329005,4233,3961243,8536,7982324
311,10/20/2021 15:00:00,3510,4024674,3395.000000000000000,3656797,253.000000000000000,308094.000000000000000,3763,4332768,3648,3964891,7158,7989482
312,10/21/2021 15:00:00,3292,4027966,3228.000000000000000,3660025,290.000000000000000,308384.000000000000000,3582,4336350,3518,3968409,6810,7996292
313,10/22/2021 15:00:00,4686,4032652,3993.000000000000000,3664018,474.000000000000000,308858.000000000000000,5160,4341510,4467,3972876,9153,8005445
314,10/23/2021 15:00:00,2901,4035553,2117.000000000000000,3666135,321.000000000000000,309179.000000000000000,3222,4344732,2438,3975314,5339,8010784
315,10/24/2021 15:00:00,2043,4037596,1548.000000000000000,3667683,77.000000000000000,309256.000000000000000,2120,4346852,1625,3976939,3668,8014452
316,10/25/2021 15:00:00,4507,4042103,3062.000000000000000,3670745,314.000000000000000,309570.000000000000000,4821,4351673,3376,3980315,7883,8022335
317,10/26/2021 15:00:00,4491,4046594,3110.000000000000000,3673855,308.000000000000000,309878.000000000000000,4799,4356472,3418,3983733,7909,8030244
318,10/27/2021 15:00:00,4678,4051272,3329.000000000000000,3677184,427.000000000000000,310305.000000000000000,5105,4361577,3756,3987489,8434,8038678
319,10/28/2021 15:00:00,4515,4055787,3372.000000000000000,3680556,493.000000000000000,310798.000000000000000,5008,4366585,3865,3991354,8380,8047058
320,10/29/2021 15:00:00,4921,4060708,3857.000000000000000,3684413,388.000000000000000,311186.000000000000000,5309,4371894,4245,3995599,9166,8056224
321,10/30/2021 15:00:00,2615,4063323,1825.000000000000000,3686238,306.000000000000000,311492.000000000000000,2921,4374815,2131,3997730,4746,8060970
322,10/31/2021 15:00:00,1927,4065250,1488.000000000000000,3687726,93.000000000000000,311585.000000000000000,2020,4376835,1581,3999311,3508,8064478
323,11/1/2021 15:00:00,4520,4069770,3405.000000000000000,3691131,329.000000000000000,311914.000000000000000,4849,4381684,3734,4003045,8254,8072732
324,11/2/2021 15:00:00,4203,4073973,2983.000000000000000,3694114,393.000000000000000,312307.000000000000000,4596,4386280,3376,4006421,7579,8080311
325,11/3/2021 15:00:00,4537,4078510,3087.000000000000000,3697201,447.000000000000000,312754.000000000000000,4984,4391264,3534,4009955,8071,8088382
326,11/4/2021 15:00:00,5910,4084420,3369.000000000000000,3700570,506.000000000000000,313260.000000000000000,6416,4397680,3875,4013830,9785,8098167
327,11/5/2021 15:00:00,7709,4092129,3783.000000000000000,3704353,400.000000000000000,313660.000000000000000,8109,4405789,4183,4018013,11892,8110059
328,11/6/2021 15:00:00,9767,4101896,1948.000000000000000,3706301,297.000000000000000,313957.000000000000000,10064,4415853,2245,4020258,12012,8122071
329,11/7/2021 15:00:00,7330,4109226,1368.000000000000000,3707669,89.000000000000000,314046.000000000000000,7419,4423272,1457,4021715,8787,8130858
330,11/8/2021 15:00:00,10959,4120185,3025.000000000000000,3710694,355.000000000000000,314401.000000000000000,11314,4434586,3380,4025095,14339,8145197
331,11/9/2021 15:00:00,11138,4131323,2599.000000000000000,3713293,243.000000000000000,314644.000000000000000,11381,4445967,2842,4027937,13980,8159177
332,11/10/2021 15:00:00,11769,4143092,2680.000000000000000,3715973,311.000000000000000,314955.000000000000000,12080,4458047,2991,4030928,14760,8173937
333,11/11/2021 15:00:00,10342,4153434,2303.000000000000000,3718276,259.000000000000000,315214.000000000000000,10601,4468648,2562,4033490,12904,8186841
334,11/12/2021 15:00:00,10389,4163823,3173.000000000000000,3721449,492.000000000000000,315706.000000000000000,10881,4479529,3665,4037155,14054,8200895
335,11/13/2021 15:00:00,5277,4169100,671.000000000000000,3722120,286.000000000000000,315992.000000000000000,5563,4485092,957,4038112,6234,8207129