OBJECTID,VACCINATION_DATE,FirstDailyDose,FirstDoseCumulative,SecondDailyDose,SecondDoseCumulative,SingleDailyDose,SingleDoseCumulative,AtleastOneVaccine,AtleastOneVaccineCumulative,CompletedVax,CompletedVaxCumulative,FirstSecondSingleVaccination_12,FirstSecondSingleVaccination_13
1,12/14/2020 15:00:00,19,1370,,520,,,19,1370,0,520,19,1786
2,12/15/2020 15:00:00,61,1431,3.000000000000000,523,,,61,1431,3,523,64,1850
3,12/16/2020 15:00:00,590,2021,5.000000000000000,528,,,590,2021,5,528,595,2445
4,12/17/2020 15:00:00,1158,3179,6.000000000000000,534,,,1158,3179,6,534,1164,3609
5,12/18/2020 15:00:00,3017,6196,13.000000000000000,547,,,3017,6196,13,547,3030,6639
6,12/19/2020 15:00:00,931,7127,5.000000000000000,552,,,931,7127,5,552,936,7575
7,12/20/2020 15:00:00,363,7490,6.000000000000000,558,,,363,7490,6,558,369,7944
8,12/21/2020 15:00:00,3886,11376,26.000000000000000,584,,,3886,11376,26,584,3912,11856
9,12/22/2020 15:00:00,6323,17699,26.000000000000000,610,,,6323,17699,26,610,6349,18205
10,12/23/2020 15:00:00,5778,23477,36.000000000000000,646,,,5778,23477,36,646,5814,24019
11,12/24/2020 15:00:00,2724,26201,16.000000000000000,662,,,2724,26201,16,662,2740,26759
12,12/25/2020 15:00:00,1035,27236,4.000000000000000,666,,,1035,27236,4,666,1039,27798
13,12/26/2020 15:00:00,1882,29118,9.000000000000000,675,,,1882,29118,9,675,1891,29689
14,12/27/2020 15:00:00,1802,30920,12.000000000000000,687,,,1802,30920,12,687,1814,31503
15,12/28/2020 15:00:00,8982,39902,48.000000000000000,735,,,8982,39902,48,735,9030,40533
16,12/29/2020 15:00:00,10965,50867,53.000000000000000,788,,,10965,50867,53,788,11018,51551
17,12/30/2020 15:00:00,12493,63360,88.000000000000000,876,,,12493,63360,88,876,12581,64132
18,12/31/2020 15:00:00,7551,70911,47.000000000000000,923,,,7551,70911,47,923,7598,71730
19,1/1/2021 15:00:00,3255,74166,138.000000000000000,1061,,,3255,74166,138,1061,3393,75123
20,1/2/2021 15:00:00,3039,77205,34.000000000000000,1095,,,3039,77205,34,1095,3073,78196
21,1/3/2021 15:00:00,3407,80612,81.000000000000000,1176,,,3407,80612,81,1176,3488,81684
22,1/4/2021 15:00:00,13357,93969,332.000000000000000,1508,,,13357,93969,332,1508,13689,95373
23,1/5/2021 15:00:00,12483,106452,547.000000000000000,2055,,,12483,106452,547,2055,13030,108403
24,1/6/2021 15:00:00,15260,121712,863.000000000000000,2918,,,15260,121712,863,2918,16123,124526
25,1/7/2021 15:00:00,15034,136746,1771.000000000000000,4689,,,15034,136746,1771,4689,16805,141331
26,1/8/2021 15:00:00,24009,160755,2780.000000000000000,7469,,,24009,160755,2780,7469,26789,168120
27,1/9/2021 15:00:00,5173,165928,953.000000000000000,8422,,,5173,165928,953,8422,6126,174246
28,1/10/2021 15:00:00,2970,168898,384.000000000000000,8806,,,2970,168898,384,8806,3354,177600
29,1/11/2021 15:00:00,13719,182617,3469.000000000000000,12275,,,13719,182617,3469,12275,17188,194788
30,1/12/2021 15:00:00,17384,200001,5591.000000000000000,17866,,,17384,200001,5591,17866,22975,217763
31,1/13/2021 15:00:00,18619,218620,3918.000000000000000,21784,,,18619,218620,3918,21784,22537,240300
32,1/14/2021 15:00:00,17847,236467,1962.000000000000000,23746,,,17847,236467,1962,23746,19809,260109
33,1/15/2021 15:00:00,19477,255944,2030.000000000000000,25776,,,19477,255944,2030,25776,21507,281616
34,1/16/2021 15:00:00,5831,261775,1616.000000000000000,27392,,,5831,261775,1616,27392,7447,289063
35,1/17/2021 15:00:00,2121,263896,1479.000000000000000,28871,,,2121,263896,1479,28871,3600,292663
36,1/18/2021 15:00:00,7074,270970,3255.000000000000000,32126,,,7074,270970,3255,32126,10329,302992
37,1/19/2021 15:00:00,16953,287923,5404.000000000000000,37530,,,16953,287923,5404,37530,22357,325349
38,1/20/2021 15:00:00,21002,308925,5321.000000000000000,42851,,,21002,308925,5321,42851,26323,351672
39,1/21/2021 15:00:00,23806,332731,3840.000000000000000,46691,,,23806,332731,3840,46691,27646,379318
40,1/22/2021 15:00:00,28656,361387,3751.000000000000000,50442,,,28656,361387,3751,50442,32407,411725
41,1/23/2021 15:00:00,10115,371502,1942.000000000000000,52384,,,10115,371502,1942,52384,12057,423782
42,1/24/2021 15:00:00,3352,374854,1723.000000000000000,54107,,,3352,374854,1723,54107,5075,428857
43,1/25/2021 15:00:00,16304,391158,8601.000000000000000,62708,,,16304,391158,8601,62708,24905,453762
44,1/26/2021 15:00:00,17558,408716,8972.000000000000000,71680,,,17558,408716,8972,71680,26530,480292
45,1/27/2021 15:00:00,24436,433152,12545.000000000000000,84225,,,24436,433152,12545,84225,36981,517273
46,1/28/2021 15:00:00,22652,455804,9330.000000000000000,93555,,,22652,455804,9330,93555,31982,549255
47,1/29/2021 15:00:00,24778,480582,7925.000000000000000,101480,,,24778,480582,7925,101480,32703,581958
48,1/30/2021 15:00:00,17777,498359,2559.000000000000000,104039,,,17777,498359,2559,104039,20336,602294
49,1/31/2021 15:00:00,3761,502120,1365.000000000000000,105404,,,3761,502120,1365,105404,5126,607420
50,2/1/2021 15:00:00,8097,510217,5371.000000000000000,110775,,,8097,510217,5371,110775,13468,620888
51,2/2/2021 15:00:00,12502,522719,13822.000000000000000,124597,,,12502,522719,13822,124597,26324,647212
52,2/3/2021 15:00:00,18249,540968,18132.000000000000000,142729,,,18249,540968,18132,142729,36381,683593
53,2/4/2021 15:00:00,22125,563093,15786.000000000000000,158515,,,22125,563093,15786,158515,37911,721504
54,2/5/2021 15:00:00,20347,583440,17417.000000000000000,175932,,,20347,583440,17417,175932,37764,759268
55,2/6/2021 15:00:00,11330,594770,14475.000000000000000,190407,,,11330,594770,14475,190407,25805,785073
56,2/7/2021 15:00:00,5951,600721,1837.000000000000000,192244,,,5951,600721,1837,192244,7788,792861
57,2/8/2021 15:00:00,12982,613703,12918.000000000000000,205162,,,12982,613703,12918,205162,25900,818761
58,2/9/2021 15:00:00,16648,630351,13873.000000000000000,219035,,,16648,630351,13873,219035,30521,849282
59,2/10/2021 15:00:00,19294,649645,21229.000000000000000,240264,,,19294,649645,21229,240264,40523,889805
60,2/11/2021 15:00:00,22847,672492,17342.000000000000000,257606,,,22847,672492,17342,257606,40189,929994
61,2/12/2021 15:00:00,20391,692883,19637.000000000000000,277243,,,20391,692883,19637,277243,40028,970022
62,2/13/2021 15:00:00,11437,704320,6418.000000000000000,283661,,,11437,704320,6418,283661,17855,987877
63,2/14/2021 15:00:00,7110,711430,2128.000000000000000,285789,,,7110,711430,2128,285789,9238,997115
64,2/15/2021 15:00:00,11763,723193,13328.000000000000000,299117,,,11763,723193,13328,299117,25091,1022206
65,2/16/2021 15:00:00,16606,739799,21020.000000000000000,320137,,,16606,739799,21020,320137,37626,1059832
66,2/17/2021 15:00:00,20655,760454,26379.000000000000000,346516,,,20655,760454,26379,346516,47034,1106866
67,2/18/2021 15:00:00,3198,763652,4619.000000000000000,351135,,,3198,763652,4619,351135,7817,1114683
68,2/19/2021 15:00:00,10253,773905,19924.000000000000000,371059,,,10253,773905,19924,371059,30177,1144860
69,2/20/2021 15:00:00,10310,784215,20286.000000000000000,391345,,,10310,784215,20286,391345,30596,1175456
70,2/21/2021 15:00:00,6180,790395,7647.000000000000000,398992,,,6180,790395,7647,398992,13827,1189283
71,2/22/2021 15:00:00,8035,798430,15471.000000000000000,414463,,,8035,798430,15471,414463,23506,1212789
72,2/23/2021 15:00:00,15529,813959,15986.000000000000000,430449,,,15529,813959,15986,430449,31515,1244304
73,2/24/2021 15:00:00,17955,831914,24739.000000000000000,455188,,,17955,831914,24739,455188,42694,1286998
74,2/25/2021 15:00:00,20392,852306,26559.000000000000000,481747,,,20392,852306,26559,481747,46951,1333949
75,2/26/2021 15:00:00,26717,879023,26220.000000000000000,507967,,,26717,879023,26220,507967,52937,1386886
76,2/27/2021 15:00:00,16005,895028,11159.000000000000000,519126,,,16005,895028,11159,519126,27164,1414050
77,2/28/2021 15:00:00,15496,910524,4883.000000000000000,524009,,,15496,910524,4883,524009,20379,1434429
78,3/1/2021 15:00:00,26988,937512,12618.000000000000000,536627,,,26988,937512,12618,536627,39606,1474035
79,3/2/2021 15:00:00,23919,961431,13278.000000000000000,549905,34.000000000000000,34.000000000000000,23953,961465,13312,549939,37231,1511266
80,3/3/2021 15:00:00,30194,991625,18393.000000000000000,568298,188.000000000000000,222.000000000000000,30382,991847,18581,568520,48775,1560041
81,3/4/2021 15:00:00,30960,1022585,18197.000000000000000,586495,4069.000000000000000,4291.000000000000000,35029,1026876,22266,590786,53226,1613267
82,3/5/2021 15:00:00,30024,1052609,19719.000000000000000,606214,4909.000000000000000,9200.000000000000000,34933,1061809,24628,615414,54652,1667919
83,3/6/2021 15:00:00,18914,1071523,9509.000000000000000,615723,6009.000000000000000,15209.000000000000000,24923,1086732,15518,630932,34432,1702351
84,3/7/2021 15:00:00,12121,1083644,4862.000000000000000,620585,6612.000000000000000,21821.000000000000000,18733,1105465,11474,642406,23595,1725946
85,3/8/2021 15:00:00,25881,1109525,8844.000000000000000,629429,8273.000000000000000,30094.000000000000000,34154,1139619,17117,659523,42998,1768944
86,3/9/2021 15:00:00,26126,1135651,15468.000000000000000,644897,8345.000000000000000,38439.000000000000000,34471,1174090,23813,683336,49939,1818883
87,3/10/2021 15:00:00,29856,1165507,15999.000000000000000,660896,7940.000000000000000,46379.000000000000000,37796,1211886,23939,707275,53795,1872678
88,3/11/2021 15:00:00,35990,1201497,16402.000000000000000,677298,3980.000000000000000,50359.000000000000000,39970,1251856,20382,727657,56372,1929050
89,3/12/2021 15:00:00,36919,1238416,18084.000000000000000,695382,2924.000000000000000,53283.000000000000000,39843,1291699,21008,748665,57927,1986977
90,3/13/2021 15:00:00,22669,1261085,10282.000000000000000,705664,1629.000000000000000,54912.000000000000000,24298,1315997,11911,760576,34580,2021557
91,3/14/2021 15:00:00,17832,1278917,6721.000000000000000,712385,1005.000000000000000,55917.000000000000000,18837,1334834,7726,768302,25558,2047115
92,3/15/2021 15:00:00,29829,1308746,11306.000000000000000,723691,597.000000000000000,56514.000000000000000,30426,1365260,11903,780205,41732,2088847
93,3/16/2021 15:00:00,33415,1342161,13574.000000000000000,737265,769.000000000000000,57283.000000000000000,34184,1399444,14343,794548,47758,2136605
94,3/17/2021 15:00:00,37572,1379733,17056.000000000000000,754321,1181.000000000000000,58464.000000000000000,38753,1438197,18237,812785,55809,2192414
95,3/18/2021 15:00:00,41444,1421177,12649.000000000000000,766970,1348.000000000000000,59812.000000000000000,42792,1480989,13997,826782,55441,2247855
96,3/19/2021 15:00:00,38332,1459509,15418.000000000000000,782388,1042.000000000000000,60854.000000000000000,39374,1520363,16460,843242,54792,2302647
97,3/20/2021 15:00:00,24703,1484212,10160.000000000000000,792548,703.000000000000000,61557.000000000000000,25406,1545769,10863,854105,35566,2338213
98,3/21/2021 15:00:00,19179,1503391,7880.000000000000000,800428,336.000000000000000,61893.000000000000000,19515,1565284,8216,862321,27395,2365608
99,3/22/2021 15:00:00,32593,1535984,11479.000000000000000,811907,835.000000000000000,62728.000000000000000,33428,1598712,12314,874635,44907,2410515
100,3/23/2021 15:00:00,38418,1574402,17804.000000000000000,829711,1554.000000000000000,64282.000000000000000,39972,1638684,19358,893993,57776,2468291
101,3/24/2021 15:00:00,41088,1615490,21214.000000000000000,850925,1387.000000000000000,65669.000000000000000,42475,1681159,22601,916594,63689,2531980
102,3/25/2021 15:00:00,42886,1658376,21691.000000000000000,872616,2458.000000000000000,68127.000000000000000,45344,1726503,24149,940743,67035,2599015
103,3/26/2021 15:00:00,36363,1694739,26677.000000000000000,899293,2496.000000000000000,70623.000000000000000,38859,1765362,29173,969916,65536,2664551
104,3/27/2021 15:00:00,26478,1721217,17277.000000000000000,916570,2490.000000000000000,73113.000000000000000,28968,1794330,19767,989683,46245,2710796
105,3/28/2021 15:00:00,17012,1738229,12641.000000000000000,929211,1615.000000000000000,74728.000000000000000,18627,1812957,14256,1003939,31268,2742064
106,3/29/2021 15:00:00,29718,1767947,26284.000000000000000,955495,1140.000000000000000,75868.000000000000000,30858,1843815,27424,1031363,57142,2799206
107,3/30/2021 15:00:00,40062,1808009,28991.000000000000000,984486,1863.000000000000000,77731.000000000000000,41925,1885740,30854,1062217,70916,2870122
108,3/31/2021 15:00:00,41034,1849043,34692.000000000000000,1019178,5748.000000000000000,83479.000000000000000,46782,1932522,40440,1102657,81474,2951596
109,4/1/2021 15:00:00,42348,1891391,41017.000000000000000,1060195,5740.000000000000000,89219.000000000000000,48088,1980610,46757,1149414,89105,3040701
110,4/2/2021 15:00:00,34926,1926317,32673.000000000000000,1092868,6125.000000000000000,95344.000000000000000,41051,2021661,38798,1188212,73724,3114425
111,4/3/2021 15:00:00,21149,1947466,19186.000000000000000,1112054,4388.000000000000000,99732.000000000000000,25537,2047198,23574,1211786,44723,3159148
112,4/4/2021 15:00:00,8280,1955746,10186.000000000000000,1122240,967.000000000000000,100699.000000000000000,9247,2056445,11153,1222939,19433,3178581
113,4/5/2021 15:00:00,27948,1983694,28908.000000000000000,1151148,6657.000000000000000,107356.000000000000000,34605,2091050,35565,1258504,63513,3242094
114,4/6/2021 15:00:00,39768,2023462,30443.000000000000000,1181591,10494.000000000000000,117850.000000000000000,50262,2141312,40937,1299441,80705,3322799
115,4/7/2021 15:00:00,36090,2059552,34282.000000000000000,1215873,12987.000000000000000,130837.000000000000000,49077,2190389,47269,1346710,83359,3406158
116,4/8/2021 15:00:00,42335,2101887,36099.000000000000000,1251972,13865.000000000000000,144702.000000000000000,56200,2246589,49964,1396674,92299,3498457
117,4/9/2021 15:00:00,34057,2135944,36314.000000000000000,1288286,14523.000000000000000,159225.000000000000000,48580,2295169,50837,1447511,84894,3583351
118,4/10/2021 15:00:00,23468,2159412,23130.000000000000000,1311416,7641.000000000000000,166866.000000000000000,31109,2326278,30771,1478282,54239,3637590
119,4/11/2021 15:00:00,17564,2176976,13279.000000000000000,1324695,10119.000000000000000,176985.000000000000000,27683,2353961,23398,1501680,40962,3678552
120,4/12/2021 15:00:00,24606,2201582,33159.000000000000000,1357854,10895.000000000000000,187880.000000000000000,35501,2389462,44054,1545734,68660,3747212
121,4/13/2021 15:00:00,126193,2327775,91232.000000000000000,1449086,3292.000000000000000,191172.000000000000000,129485,2518947,94524,1640258,220717,3967929
122,4/14/2021 15:00:00,40717,2368492,37820.000000000000000,1486906,212.000000000000000,191384.000000000000000,40929,2559876,38032,1678290,78749,4046678
123,4/15/2021 15:00:00,41414,2409906,39542.000000000000000,1526448,174.000000000000000,191558.000000000000000,41588,2601464,39716,1718006,81130,4127808
124,4/16/2021 15:00:00,37144,2447050,38858.000000000000000,1565306,24.000000000000000,191582.000000000000000,37168,2638632,38882,1756888,76026,4203834
125,4/17/2021 15:00:00,32801,2479851,22025.000000000000000,1587331,12.000000000000000,191594.000000000000000,32813,2671445,22037,1778925,54838,4258672
126,4/18/2021 15:00:00,20069,2499920,16195.000000000000000,1603526,5.000000000000000,191599.000000000000000,20074,2691519,16200,1795125,36269,4294941
127,4/19/2021 15:00:00,29897,2529817,36545.000000000000000,1640071,61.000000000000000,191660.000000000000000,29958,2721477,36606,1831731,66503,4361444
128,4/20/2021 15:00:00,32936,2562753,44442.000000000000000,1684513,57.000000000000000,191717.000000000000000,32993,2754470,44499,1876230,77435,4438879
129,4/21/2021 15:00:00,39829,2602582,47048.000000000000000,1731561,26.000000000000000,191743.000000000000000,39855,2794325,47074,1923304,86903,4525782
130,4/22/2021 15:00:00,35861,2638443,42646.000000000000000,1774207,16.000000000000000,191759.000000000000000,35877,2830202,42662,1965966,78523,4604305
131,4/23/2021 15:00:00,33145,2671588,40141.000000000000000,1814348,14.000000000000000,191773.000000000000000,33159,2863361,40155,2006121,73300,4677605
132,4/24/2021 15:00:00,26413,2698001,27901.000000000000000,1842249,81.000000000000000,191854.000000000000000,26494,2889855,27982,2034103,54395,4732000
133,4/25/2021 15:00:00,20235,2718236,10969.000000000000000,1853218,31.000000000000000,191885.000000000000000,20266,2910121,11000,2045103,31235,4763235
134,4/26/2021 15:00:00,27411,2745647,32710.000000000000000,1885928,201.000000000000000,192086.000000000000000,27612,2937733,32911,2078014,60322,4823557
135,4/27/2021 15:00:00,26691,2772338,33068.000000000000000,1918996,1097.000000000000000,193183.000000000000000,27788,2965521,34165,2112179,60856,4884413
136,4/28/2021 15:00:00,28930,2801268,39538.000000000000000,1958534,1363.000000000000000,194546.000000000000000,30293,2995814,40901,2153080,69831,4954244
137,4/29/2021 15:00:00,27074,2828342,39741.000000000000000,1998275,1464.000000000000000,196010.000000000000000,28538,3024352,41205,2194285,68279,5022523
138,4/30/2021 15:00:00,28208,2856550,32262.000000000000000,2030537,1647.000000000000000,197657.000000000000000,29855,3054207,33909,2228194,62117,5084640
139,5/1/2021 15:00:00,20705,2877255,26679.000000000000000,2057216,1048.000000000000000,198705.000000000000000,21753,3075960,27727,2255921,48432,5133072
140,5/2/2021 15:00:00,10288,2887543,17039.000000000000000,2074255,822.000000000000000,199527.000000000000000,11110,3087070,17861,2273782,28149,5161221
141,5/3/2021 15:00:00,12756,2900299,28577.000000000000000,2102832,1915.000000000000000,201442.000000000000000,14671,3101741,30492,2304274,43248,5204469
142,5/4/2021 15:00:00,13573,2913872,38612.000000000000000,2141444,1738.000000000000000,203180.000000000000000,15311,3117052,40350,2344624,53923,5258392
143,5/5/2021 15:00:00,19323,2933195,37754.000000000000000,2179198,1921.000000000000000,205101.000000000000000,21244,3138296,39675,2384299,58998,5317390
144,5/6/2021 15:00:00,16920,2950115,40593.000000000000000,2219791,1721.000000000000000,206822.000000000000000,18641,3156937,42314,2426613,59234,5376624
145,5/7/2021 15:00:00,17586,2967701,36997.000000000000000,2256788,1959.000000000000000,208781.000000000000000,19545,3176482,38956,2465569,56542,5433166
146,5/8/2021 15:00:00,10792,2978493,31220.000000000000000,2288008,1291.000000000000000,210072.000000000000000,12083,3188565,32511,2498080,43303,5476469
147,5/9/2021 15:00:00,5083,2983576,12241.000000000000000,2300249,695.000000000000000,210767.000000000000000,5778,3194343,12936,2511016,18019,5494488
148,5/10/2021 15:00:00,8952,2992528,31051.000000000000000,2331300,1362.000000000000000,212129.000000000000000,10314,3204657,32413,2543429,41365,5535853
149,5/11/2021 15:00:00,12186,3004714,30283.000000000000000,2361583,1441.000000000000000,213570.000000000000000,13627,3218284,31724,2575153,43910,5579763
150,5/12/2021 15:00:00,13945,3018659,38620.000000000000000,2400203,1919.000000000000000,215489.000000000000000,15864,3234148,40539,2615692,54484,5634247
151,5/13/2021 15:00:00,21836,3040495,33509.000000000000000,2433712,1347.000000000000000,216836.000000000000000,23183,3257331,34856,2650548,56692,5690939
152,5/14/2021 15:00:00,24390,3064885,30043.000000000000000,2463755,1774.000000000000000,218610.000000000000000,26164,3283495,31817,2682365,56207,5747146
153,5/15/2021 15:00:00,21936,3086821,25105.000000000000000,2488860,1490.000000000000000,220100.000000000000000,23426,3306921,26595,2708960,48531,5795677
154,5/16/2021 15:00:00,9092,3095913,17584.000000000000000,2506444,1113.000000000000000,221213.000000000000000,10205,3317126,18697,2727657,27789,5823466
155,5/17/2021 15:00:00,16835,3112748,28400.000000000000000,2534844,1949.000000000000000,223162.000000000000000,18784,3335910,30349,2758006,47184,5870650
156,5/18/2021 15:00:00,21266,3134014,30690.000000000000000,2565534,1942.000000000000000,225104.000000000000000,23208,3359118,32632,2790638,53898,5924548
157,5/19/2021 15:00:00,27660,3161674,32432.000000000000000,2597966,1631.000000000000000,226735.000000000000000,29291,3388409,34063,2824701,61723,5986271
158,5/20/2021 15:00:00,20807,3182481,33268.000000000000000,2631234,1965.000000000000000,228700.000000000000000,22772,3411181,35233,2859934,56040,6042311
159,5/21/2021 15:00:00,19161,3201642,30349.000000000000000,2661583,1607.000000000000000,230307.000000000000000,20768,3431949,31956,2891890,51117,6093428
160,5/22/2021 15:00:00,16937,3218579,20687.000000000000000,2682270,1271.000000000000000,231578.000000000000000,18208,3450157,21958,2913848,38895,6132323
161,5/23/2021 15:00:00,8792,3227371,11445.000000000000000,2693715,965.000000000000000,232543.000000000000000,9757,3459914,12410,2926258,21202,6153525
162,5/24/2021 15:00:00,13565,3240936,17773.000000000000000,2711488,1473.000000000000000,234016.000000000000000,15038,3474952,19246,2945504,32811,6186336
163,5/25/2021 15:00:00,13071,3254007,18717.000000000000000,2730205,1329.000000000000000,235345.000000000000000,14400,3489352,20046,2965550,33117,6219453
164,5/26/2021 15:00:00,18314,3272321,19491.000000000000000,2749696,1512.000000000000000,236857.000000000000000,19826,3509178,21003,2986553,39317,6258770
165,5/27/2021 15:00:00,11685,3284006,18660.000000000000000,2768356,1116.000000000000000,237973.000000000000000,12801,3521979,19776,3006329,31461,6290231
166,5/28/2021 15:00:00,12415,3296421,19837.000000000000000,2788193,1401.000000000000000,239374.000000000000000,13816,3535795,21238,3027567,33653,6323884
167,5/29/2021 15:00:00,9514,3305935,11718.000000000000000,2799911,937.000000000000000,240311.000000000000000,10451,3546246,12655,3040222,22169,6346053
168,5/30/2021 15:00:00,4969,3310904,6428.000000000000000,2806339,596.000000000000000,240907.000000000000000,5565,3551811,7024,3047246,11993,6358046
169,5/31/2021 15:00:00,1778,3312682,3711.000000000000000,2810050,305.000000000000000,241212.000000000000000,2083,3553894,4016,3051262,5794,6363840
170,6/1/2021 15:00:00,9848,3322530,16427.000000000000000,2826477,1159.000000000000000,242371.000000000000000,11007,3564901,17586,3068848,27434,6391274
171,6/2/2021 15:00:00,10231,3332761,16816.000000000000000,2843293,959.000000000000000,243330.000000000000000,11190,3576091,17775,3086623,28006,6419280
172,6/3/2021 15:00:00,7899,3340660,21189.000000000000000,2864482,1087.000000000000000,244417.000000000000000,8986,3585077,22276,3108899,30175,6449455
173,6/4/2021 15:00:00,8196,3348856,22354.000000000000000,2886836,1120.000000000000000,245537.000000000000000,9316,3594393,23474,3132373,31670,6481125
174,6/5/2021 15:00:00,6999,3355855,19470.000000000000000,2906306,720.000000000000000,246257.000000000000000,7719,3602112,20190,3152563,27189,6508314
175,6/6/2021 15:00:00,3456,3359311,7249.000000000000000,2913555,423.000000000000000,246680.000000000000000,3879,3605991,7672,3160235,11128,6519442
176,6/7/2021 15:00:00,6858,3366169,15784.000000000000000,2929339,726.000000000000000,247406.000000000000000,7584,3613575,16510,3176745,23368,6542810
177,6/8/2021 15:00:00,6671,3372840,19733.000000000000000,2949072,830.000000000000000,248236.000000000000000,7501,3621076,20563,3197308,27234,6570044
178,6/9/2021 15:00:00,8199,3381039,23981.000000000000000,2973053,969.000000000000000,249205.000000000000000,9168,3630244,24950,3222258,33149,6603193
179,6/10/2021 15:00:00,7150,3388189,19135.000000000000000,2992188,895.000000000000000,250100.000000000000000,8045,3638289,20030,3242288,27180,6630373
180,6/11/2021 15:00:00,7485,3395674,17724.000000000000000,3009912,1125.000000000000000,251225.000000000000000,8610,3646899,18849,3261137,26334,6656707
181,6/12/2021 15:00:00,5239,3400913,14763.000000000000000,3024675,605.000000000000000,251830.000000000000000,5844,3652743,15368,3276505,20607,6677314
182,6/13/2021 15:00:00,1930,3402843,7610.000000000000000,3032285,427.000000000000000,252257.000000000000000,2357,3655100,8037,3284542,9967,6687281
183,6/14/2021 15:00:00,5658,3408501,11812.000000000000000,3044097,733.000000000000000,252990.000000000000000,6391,3661491,12545,3297087,18203,6705484
184,6/15/2021 15:00:00,5639,3414140,14339.000000000000000,3058436,873.000000000000000,253863.000000000000000,6512,3668003,15212,3312299,20851,6726335
185,6/16/2021 15:00:00,8757,3422897,21591.000000000000000,3080027,757.000000000000000,254620.000000000000000,9514,3677517,22348,3334647,31105,6757440
186,6/17/2021 15:00:00,6686,3429583,12363.000000000000000,3092390,720.000000000000000,255340.000000000000000,7406,3684923,13083,3347730,19769,6777209
187,6/18/2021 15:00:00,6836,3436419,12733.000000000000000,3105123,703.000000000000000,256043.000000000000000,7539,3692462,13436,3361166,20272,6797481
188,6/19/2021 15:00:00,4660,3441079,9376.000000000000000,3114499,615.000000000000000,256658.000000000000000,5275,3697737,9991,3371157,14651,6812132
189,6/20/2021 15:00:00,2505,3443584,5053.000000000000000,3119552,377.000000000000000,257035.000000000000000,2882,3700619,5430,3376587,7935,6820067
190,6/21/2021 15:00:00,5562,3449146,5331.000000000000000,3124883,635.000000000000000,257670.000000000000000,6197,3706816,5966,3382553,11528,6831595
191,6/22/2021 15:00:00,5345,3454491,9049.000000000000000,3133932,693.000000000000000,258363.000000000000000,6038,3712854,9742,3392295,15087,6846682
192,6/23/2021 15:00:00,6068,3460559,10324.000000000000000,3144256,646.000000000000000,259009.000000000000000,6714,3719568,10970,3403265,17038,6863720
193,6/24/2021 15:00:00,5935,3466494,8198.000000000000000,3152454,595.000000000000000,259604.000000000000000,6530,3726098,8793,3412058,14728,6878448
194,6/25/2021 15:00:00,5819,3472313,8656.000000000000000,3161110,620.000000000000000,260224.000000000000000,6439,3732537,9276,3421334,15095,6893543
195,6/26/2021 15:00:00,3700,3476013,6304.000000000000000,3167414,398.000000000000000,260622.000000000000000,4098,3736635,6702,3428036,10402,6903945
196,6/27/2021 15:00:00,2809,3478822,3520.000000000000000,3170934,185.000000000000000,260807.000000000000000,2994,3739629,3705,3431741,6514,6910459
197,6/28/2021 15:00:00,4918,3483740,6385.000000000000000,3177319,539.000000000000000,261346.000000000000000,5457,3745086,6924,3438665,11842,6922301
198,6/29/2021 15:00:00,5061,3488801,6472.000000000000000,3183791,519.000000000000000,261865.000000000000000,5580,3750666,6991,3445656,12052,6934353
199,6/30/2021 15:00:00,5615,3494416,7384.000000000000000,3191175,605.000000000000000,262470.000000000000000,6220,3756886,7989,3453645,13604,6947957
200,7/1/2021 15:00:00,5398,3499814,6986.000000000000000,3198161,499.000000000000000,262969.000000000000000,5897,3762783,7485,3461130,12883,6960840
201,7/2/2021 15:00:00,5290,3505104,6836.000000000000000,3204997,524.000000000000000,263493.000000000000000,5814,3768597,7360,3468490,12650,6973490
202,7/3/2021 15:00:00,3269,3508373,4065.000000000000000,3209062,264.000000000000000,263757.000000000000000,3533,3772130,4329,3472819,7598,6981088
203,7/4/2021 15:00:00,494,3508867,545.000000000000000,3209607,68.000000000000000,263825.000000000000000,562,3772692,613,3473432,1107,6982195
204,7/5/2021 15:00:00,3763,3512630,3952.000000000000000,3213559,287.000000000000000,264112.000000000000000,4050,3776742,4239,3477671,8002,6990197
205,7/6/2021 15:00:00,4490,3517120,6266.000000000000000,3219825,452.000000000000000,264564.000000000000000,4942,3781684,6718,3484389,11208,7001405
206,7/7/2021 15:00:00,4467,3521587,6410.000000000000000,3226235,482.000000000000000,265046.000000000000000,4949,3786633,6892,3491281,11359,7012764
207,7/8/2021 15:00:00,4834,3526421,6166.000000000000000,3232401,564.000000000000000,265610.000000000000000,5398,3792031,6730,3498011,11564,7024328
208,7/9/2021 15:00:00,5364,3531785,6661.000000000000000,3239062,573.000000000000000,266183.000000000000000,5937,3797968,7234,3505245,12598,7036926
209,7/10/2021 15:00:00,3516,3535301,4406.000000000000000,3243468,303.000000000000000,266486.000000000000000,3819,3801787,4709,3509954,8225,7045151
210,7/11/2021 15:00:00,2676,3537977,2565.000000000000000,3246033,225.000000000000000,266711.000000000000000,2901,3804688,2790,3512744,5466,7050617
211,7/12/2021 15:00:00,4416,3542393,5117.000000000000000,3251150,379.000000000000000,267090.000000000000000,4795,3809483,5496,3518240,9912,7060529
212,7/13/2021 15:00:00,4658,3547051,4721.000000000000000,3255871,366.000000000000000,267456.000000000000000,5024,3814507,5087,3523327,9745,7070274
213,7/14/2021 15:00:00,4616,3551667,5279.000000000000000,3261150,421.000000000000000,267877.000000000000000,5037,3819544,5700,3529027,10316,7080590
214,7/15/2021 15:00:00,4900,3556567,5015.000000000000000,3266165,359.000000000000000,268236.000000000000000,5259,3824803,5374,3534401,10274,7090864
215,7/16/2021 15:00:00,6274,3562841,5836.000000000000000,3272001,405.000000000000000,268641.000000000000000,6679,3831482,6241,3540642,12515,7103379
216,7/17/2021 15:00:00,3415,3566256,3548.000000000000000,3275549,303.000000000000000,268944.000000000000000,3718,3835200,3851,3544493,7266,7110645
217,7/18/2021 15:00:00,2310,3568566,2377.000000000000000,3277926,110.000000000000000,269054.000000000000000,2420,3837620,2487,3546980,4797,7115442
218,7/19/2021 15:00:00,5138,3573704,4609.000000000000000,3282535,381.000000000000000,269435.000000000000000,5519,3843139,4990,3551970,10128,7125570
219,7/20/2021 15:00:00,5333,3579037,4714.000000000000000,3287249,366.000000000000000,269801.000000000000000,5699,3848838,5080,3557050,10413,7135983
220,7/21/2021 15:00:00,5659,3584696,4940.000000000000000,3292189,416.000000000000000,270217.000000000000000,6075,3854913,5356,3562406,11015,7146998
221,7/22/2021 15:00:00,6022,3590718,4636.000000000000000,3296825,472.000000000000000,270689.000000000000000,6494,3861407,5108,3567514,11130,7158128
222,7/23/2021 15:00:00,6840,3597558,4843.000000000000000,3301668,497.000000000000000,271186.000000000000000,7337,3868744,5340,3572854,12180,7170308
223,7/24/2021 15:00:00,4280,3601838,3200.000000000000000,3304868,267.000000000000000,271453.000000000000000,4547,3873291,3467,3576321,7747,7178055
224,7/25/2021 15:00:00,3297,3605135,1113.000000000000000,3305981,139.000000000000000,271592.000000000000000,3436,3876727,1252,3577573,4549,7182604
225,7/26/2021 15:00:00,6213,3611348,3905.000000000000000,3309886,419.000000000000000,272011.000000000000000,6632,3883359,4324,3581897,10537,7193141
226,7/27/2021 15:00:00,6601,3617949,4277.000000000000000,3314163,457.000000000000000,272468.000000000000000,7058,3890417,4734,3586631,11335,7204476
227,7/28/2021 15:00:00,7076,3625025,4138.000000000000000,3318301,460.000000000000000,272928.000000000000000,7536,3897953,4598,3591229,11674,7216150
228,7/29/2021 15:00:00,7074,3632099,4301.000000000000000,3322602,419.000000000000000,273347.000000000000000,7493,3905446,4720,3595949,11794,7227944
229,7/30/2021 15:00:00,7812,3639911,4800.000000000000000,3327402,525.000000000000000,273872.000000000000000,8337,3913783,5325,3601274,13137,7241081
230,7/31/2021 15:00:00,4792,3644703,3074.000000000000000,3330476,273.000000000000000,274145.000000000000000,5065,3918848,3347,3604621,8139,7249220
231,8/1/2021 15:00:00,3881,3648584,2156.000000000000000,3332632,163.000000000000000,274308.000000000000000,4044,3922892,2319,3606940,6200,7255420
232,8/2/2021 15:00:00,7263,3655847,3838.000000000000000,3336470,340.000000000000000,274648.000000000000000,7603,3930495,4178,3611118,11441,7266861
233,8/3/2021 15:00:00,7260,3663107,4090.000000000000000,3340560,515.000000000000000,275163.000000000000000,7775,3938270,4605,3615723,11865,7278726
234,8/4/2021 15:00:00,7420,3670527,4117.000000000000000,3344677,535.000000000000000,275698.000000000000000,7955,3946225,4652,3620375,12072,7290798
235,8/5/2021 15:00:00,7941,3678468,4292.000000000000000,3348969,537.000000000000000,276235.000000000000000,8478,3954703,4829,3625204,12770,7303568
236,8/6/2021 15:00:00,8323,3686791,4729.000000000000000,3353698,454.000000000000000,276689.000000000000000,8777,3963480,5183,3630387,13506,7317074
237,8/7/2021 15:00:00,5293,3692084,2832.000000000000000,3356530,263.000000000000000,276952.000000000000000,5556,3969036,3095,3633482,8388,7325462
238,8/8/2021 15:00:00,3973,3696057,2060.000000000000000,3358590,143.000000000000000,277095.000000000000000,4116,3973152,2203,3635685,6176,7331638
239,8/9/2021 15:00:00,6949,3703006,4549.000000000000000,3363139,369.000000000000000,277464.000000000000000,7318,3980470,4918,3640603,11867,7343505
240,8/10/2021 15:00:00,7143,3710149,4467.000000000000000,3367606,339.000000000000000,277803.000000000000000,7482,3987952,4806,3645409,11949,7355454
241,8/11/2021 15:00:00,7063,3717212,4439.000000000000000,3372045,442.000000000000000,278245.000000000000000,7505,3995457,4881,3650290,11944,7367398
242,8/12/2021 15:00:00,8606,3725818,4735.000000000000000,3376780,445.000000000000000,278690.000000000000000,9051,4004508,5180,3655470,13786,7381184
243,8/13/2021 15:00:00,7140,3732958,5366.000000000000000,3382146,397.000000000000000,279087.000000000000000,7537,4012045,5763,3661233,12903,7394087
244,8/14/2021 15:00:00,4914,3737872,3342.000000000000000,3385488,285.000000000000000,279372.000000000000000,5199,4017244,3627,3664860,8541,7402628
245,8/15/2021 15:00:00,3328,3741200,2736.000000000000000,3388224,163.000000000000000,279535.000000000000000,3491,4020735,2899,3667759,6227,7408855
246,8/16/2021 15:00:00,5436,3746636,5093.000000000000000,3393317,354.000000000000000,279889.000000000000000,5790,4026525,5447,3673206,10883,7419738
247,8/17/2021 15:00:00,6811,3753447,5361.000000000000000,3398678,390.000000000000000,280279.000000000000000,7201,4033726,5751,3678957,12562,7432300
248,8/18/2021 15:00:00,6325,3759772,5499.000000000000000,3404177,481.000000000000000,280760.000000000000000,6806,4040532,5980,3684937,12305,7444605
249,8/19/2021 15:00:00,6211,3765983,5553.000000000000000,3409730,416.000000000000000,281176.000000000000000,6627,4047159,5969,3690906,12180,7456785
250,8/20/2021 15:00:00,6832,3772815,6544.000000000000000,3416274,401.000000000000000,281577.000000000000000,7233,4054392,6945,3697851,13777,7470562
251,8/21/2021 15:00:00,4323,3777138,3916.000000000000000,3420190,228.000000000000000,281805.000000000000000,4551,4058943,4144,3701995,8467,7479029
252,8/22/2021 15:00:00,3060,3780198,3171.000000000000000,3423361,110.000000000000000,281915.000000000000000,3170,4062113,3281,3705276,6341,7485370
253,8/23/2021 15:00:00,5985,3786183,6090.000000000000000,3429451,285.000000000000000,282200.000000000000000,6270,4068383,6375,3711651,12360,7497730
254,8/24/2021 15:00:00,6544,3792727,6054.000000000000000,3435505,425.000000000000000,282625.000000000000000,6969,4075352,6479,3718130,13023,7510753
255,8/25/2021 15:00:00,6712,3799439,6219.000000000000000,3441724,441.000000000000000,283066.000000000000000,7153,4082505,6660,3724790,13372,7524125
256,8/26/2021 15:00:00,6966,3806405,6645.000000000000000,3448369,428.000000000000000,283494.000000000000000,7394,4089899,7073,3731863,14039,7538164
257,8/27/2021 15:00:00,6825,3813230,7064.000000000000000,3455433,316.000000000000000,283810.000000000000000,7141,4097040,7380,3739243,14205,7552369
258,8/28/2021 15:00:00,6898,3820128,6516.000000000000000,3461949,324.000000000000000,284134.000000000000000,7222,4104262,6840,3746083,13738,7566107
259,8/29/2021 15:00:00,3736,3823864,3687.000000000000000,3465636,610.000000000000000,284744.000000000000000,4346,4108608,4297,3750380,8033,7574140
260,8/30/2021 15:00:00,5924,3829788,6119.000000000000000,3471755,960.000000000000000,285704.000000000000000,6884,4115492,7079,3757459,13003,7587143
261,8/31/2021 15:00:00,5894,3835682,6052.000000000000000,3477807,946.000000000000000,286650.000000000000000,6840,4122332,6998,3764457,12892,7600035
262,9/1/2021 15:00:00,5586,3841268,5653.000000000000000,3483460,915.000000000000000,287565.000000000000000,6501,4128833,6568,3771025,12154,7612189
263,9/2/2021 15:00:00,5529,3846797,5920.000000000000000,3489380,707.000000000000000,288272.000000000000000,6236,4135069,6627,3777652,12156,7624345
264,9/3/2021 15:00:00,5990,3852787,6927.000000000000000,3496307,973.000000000000000,289245.000000000000000,6963,4142032,7900,3785552,13890,7638235
265,9/4/2021 15:00:00,3726,3856513,4346.000000000000000,3500653,879.000000000000000,290124.000000000000000,4605,4146637,5225,3790777,8951,7647186
266,9/5/2021 15:00:00,2954,3859467,2807.000000000000000,3503460,106.000000000000000,290230.000000000000000,3060,4149697,2913,3793690,5867,7653053
267,9/6/2021 15:00:00,1059,3860526,1154.000000000000000,3504614,65.000000000000000,290295.000000000000000,1124,4150821,1219,3794909,2278,7655331
268,9/7/2021 15:00:00,5342,3865868,7299.000000000000000,3511913,2303.000000000000000,292598.000000000000000,7645,4158466,9602,3804511,14944,7670275
269,9/8/2021 15:00:00,4653,3870521,5470.000000000000000,3517383,364.000000000000000,292962.000000000000000,5017,4163483,5834,3810345,10487,7680762
270,9/9/2021 15:00:00,5017,3875538,5454.000000000000000,3522837,324.000000000000000,293286.000000000000000,5341,4168824,5778,3816123,10795,7691557
271,9/10/2021 15:00:00,6520,3882058,6647.000000000000000,3529484,1719.000000000000000,295005.000000000000000,8239,4177063,8366,3824489,14886,7706443
272,9/11/2021 15:00:00,4172,3886230,4332.000000000000000,3533816,666.000000000000000,295671.000000000000000,4838,4181901,4998,3829487,9170,7715613
273,9/12/2021 15:00:00,3171,3889401,3241.000000000000000,3537057,436.000000000000000,296107.000000000000000,3607,4185508,3677,3833164,6848,7722461
274,9/13/2021 15:00:00,4882,3894283,5064.000000000000000,3542121,346.000000000000000,296453.000000000000000,5228,4190736,5410,3838574,10292,7732753
275,9/14/2021 15:00:00,4773,3899056,5438.000000000000000,3547559,436.000000000000000,296889.000000000000000,5209,4195945,5874,3844448,10647,7743400
276,9/15/2021 15:00:00,5034,3904090,5868.000000000000000,3553427,389.000000000000000,297278.000000000000000,5423,4201368,6257,3850705,11291,7754691
277,9/16/2021 15:00:00,4806,3908896,5844.000000000000000,3559271,336.000000000000000,297614.000000000000000,5142,4206510,6180,3856885,10986,7765677
278,9/17/2021 15:00:00,5257,3914153,6582.000000000000000,3565853,344.000000000000000,297958.000000000000000,5601,4212111,6926,3863811,12183,7777860
279,9/18/2021 15:00:00,3800,3917953,4577.000000000000000,3570430,185.000000000000000,298143.000000000000000,3985,4216096,4762,3868573,8562,7786422
280,9/19/2021 15:00:00,2742,3920695,3168.000000000000000,3573598,75.000000000000000,298218.000000000000000,2817,4218913,3243,3871816,5985,7792407
281,9/20/2021 15:00:00,3748,3924443,4679.000000000000000,3578277,430.000000000000000,298648.000000000000000,4178,4223091,5109,3876925,8857,7801264
282,9/21/2021 15:00:00,4004,3928447,4999.000000000000000,3583276,327.000000000000000,298975.000000000000000,4331,4227422,5326,3882251,9330,7810594
283,9/22/2021 15:00:00,4194,3932641,4772.000000000000000,3588048,458.000000000000000,299433.000000000000000,4652,4232074,5230,3887481,9424,7820018
284,9/23/2021 15:00:00,4174,3936815,4731.000000000000000,3592779,492.000000000000000,299925.000000000000000,4666,4236740,5223,3892704,9397,7829415
285,9/24/2021 15:00:00,5077,3941892,5605.000000000000000,3598384,422.000000000000000,300347.000000000000000,5499,4242239,6027,3898731,11104,7840519
286,9/25/2021 15:00:00,3626,3945518,3633.000000000000000,3602017,384.000000000000000,300731.000000000000000,4010,4246249,4017,3902748,7643,7848162
287,9/26/2021 15:00:00,2356,3947874,2666.000000000000000,3604683,425.000000000000000,301156.000000000000000,2781,4249030,3091,3905839,5447,7853609
288,9/27/2021 15:00:00,4506,3952380,2708.000000000000000,3607391,511.000000000000000,301667.000000000000000,5017,4254047,3219,3909058,7725,7861334
289,9/28/2021 15:00:00,4399,3956779,4455.000000000000000,3611846,211.000000000000000,301878.000000000000000,4610,4258657,4666,3913724,9065,7870399
290,9/29/2021 15:00:00,4699,3961478,4510.000000000000000,3616356,920.000000000000000,302798.000000000000000,5619,4264276,5430,3919154,10129,7880528
291,9/30/2021 15:00:00,4887,3966365,4560.000000000000000,3620916,795.000000000000000,303593.000000000000000,5682,4269958,5355,3924509,10242,7890770
292,10/1/2021 15:00:00,5501,3971866,5333.000000000000000,3626249,784.000000000000000,304377.000000000000000,6285,4276243,6117,3930626,11618,7902388
293,10/2/2021 15:00:00,2936,3974802,2896.000000000000000,3629145,187.000000000000000,304564.000000000000000,3123,4279366,3083,3933709,6019,7908407
294,10/3/2021 15:00:00,2073,3976875,2376.000000000000000,3631521,86.000000000000000,304650.000000000000000,2159,4281525,2462,3936171,4535,7912942
295,10/4/2021 15:00:00,4019,3980894,3499.000000000000000,3635020,232.000000000000000,304882.000000000000000,4251,4285776,3731,3939902,7750,7920692
296,10/5/2021 15:00:00,3959,3984853,3661.000000000000000,3638681,207.000000000000000,305089.000000000000000,4166,4289942,3868,3943770,7827,7928519
297,10/6/2021 15:00:00,4024,3988877,3578.000000000000000,3642259,265.000000000000000,305354.000000000000000,4289,4294231,3843,3947613,7867,7936386
298,10/7/2021 15:00:00,4232,3993109,3626.000000000000000,3645885,331.000000000000000,305685.000000000000000,4563,4298794,3957,3951570,8189,7944575
299,10/8/2021 15:00:00,4773,3997882,4287.000000000000000,3650172,282.000000000000000,305967.000000000000000,5055,4303849,4569,3956139,9342,7953917
300,10/9/2021 15:00:00,2690,4000572,2681.000000000000000,3652853,270.000000000000000,306237.000000000000000,2960,4306809,2951,3959090,5641,7959558
301,10/10/2021 15:00:00,1865,4002437,1848.000000000000000,3654701,59.000000000000000,306296.000000000000000,1924,4308733,1907,3960997,3772,7963330
302,10/11/2021 15:00:00,4217,4006654,3334.000000000000000,3658035,249.000000000000000,306545.000000000000000,4466,4313199,3583,3964580,7800,7971130
303,10/12/2021 15:00:00,3590,4010244,3526.000000000000000,3661561,273.000000000000000,306818.000000000000000,3863,4317062,3799,3968379,7389,7978519
304,10/13/2021 15:00:00,3958,4014202,3458.000000000000000,3665019,346.000000000000000,307164.000000000000000,4304,4321366,3804,3972183,7762,7986281
305,10/14/2021 15:00:00,5166,4019368,5487.000000000000000,3670506,429.000000000000000,307593.000000000000000,5595,4326961,5916,3978099,11082,7997363
306,10/15/2021 15:00:00,4708,4024076,4590.000000000000000,3675096,347.000000000000000,307940.000000000000000,5055,4332016,4937,3983036,9645,8007008
307,10/16/2021 15:00:00,2497,4026573,2506.000000000000000,3677602,290.000000000000000,308230.000000000000000,2787,4334803,2796,3985832,5293,8012301
308,10/17/2021 15:00:00,1805,4028378,1776.000000000000000,3679378,55.000000000000000,308285.000000000000000,1860,4336663,1831,3987663,3636,8015937
309,10/18/2021 15:00:00,4282,4032660,3580.000000000000000,3682958,267.000000000000000,308552.000000000000000,4549,4341212,3847,3991510,8129,8024066
310,10/19/2021 15:00:00,4301,4036961,4030.000000000000000,3686988,222.000000000000000,308774.000000000000000,4523,4345735,4252,3995762,8553,8032619
311,10/20/2021 15:00:00,3527,4040488,3426.000000000000000,3690414,254.000000000000000,309028.000000000000000,3781,4349516,3680,3999442,7207,8039826
312,10/21/2021 15:00:00,3299,4043787,3268.000000000000000,3693682,290.000000000000000,309318.000000000000000,3589,4353105,3558,4003000,6857,8046683
313,10/22/2021 15:00:00,4682,4048469,4035.000000000000000,3697717,476.000000000000000,309794.000000000000000,5158,4358263,4511,4007511,9193,8055876
314,10/23/2021 15:00:00,2888,4051357,2115.000000000000000,3699832,321.000000000000000,310115.000000000000000,3209,4361472,2436,4009947,5324,8061200
315,10/24/2021 15:00:00,2055,4053412,1559.000000000000000,3701391,78.000000000000000,310193.000000000000000,2133,4363605,1637,4011584,3692,8064892
316,10/25/2021 15:00:00,4545,4057957,3080.000000000000000,3704471,316.000000000000000,310509.000000000000000,4861,4368466,3396,4014980,7941,8072833
317,10/26/2021 15:00:00,4507,4062464,3096.000000000000000,3707567,310.000000000000000,310819.000000000000000,4817,4373283,3406,4018386,7913,8080746
318,10/27/2021 15:00:00,4735,4067199,3344.000000000000000,3710911,429.000000000000000,311248.000000000000000,5164,4378447,3773,4022159,8508,8089254
319,10/28/2021 15:00:00,4557,4071756,3367.000000000000000,3714278,498.000000000000000,311746.000000000000000,5055,4383502,3865,4026024,8422,8097676
320,10/29/2021 15:00:00,4976,4076732,3921.000000000000000,3718199,392.000000000000000,312138.000000000000000,5368,4388870,4313,4030337,9289,8106965
321,10/30/2021 15:00:00,2632,4079364,1845.000000000000000,3720044,308.000000000000000,312446.000000000000000,2940,4391810,2153,4032490,4785,8111750
322,10/31/2021 15:00:00,1938,4081302,1523.000000000000000,3721567,93.000000000000000,312539.000000000000000,2031,4393841,1616,4034106,3554,8115304
323,11/1/2021 15:00:00,4705,4086007,3428.000000000000000,3724995,342.000000000000000,312881.000000000000000,5047,4398888,3770,4037876,8475,8123779
324,11/2/2021 15:00:00,4255,4090262,2951.000000000000000,3727946,406.000000000000000,313287.000000000000000,4661,4403549,3357,4041233,7612,8131391
325,11/3/2021 15:00:00,4665,4094927,3062.000000000000000,3731008,458.000000000000000,313745.000000000000000,5123,4408672,3520,4044753,8185,8139576
326,11/4/2021 15:00:00,6315,4101242,3363.000000000000000,3734371,512.000000000000000,314257.000000000000000,6827,4415499,3875,4048628,10190,8149766
327,11/5/2021 15:00:00,8228,4109470,3771.000000000000000,3738142,409.000000000000000,314666.000000000000000,8637,4424136,4180,4052808,12408,8162174
328,11/6/2021 15:00:00,10186,4119656,1981.000000000000000,3740123,306.000000000000000,314972.000000000000000,10492,4434628,2287,4055095,12473,8174647
329,11/7/2021 15:00:00,7721,4127377,1470.000000000000000,3741593,94.000000000000000,315066.000000000000000,7815,4442443,1564,4056659,9285,8183932
330,11/8/2021 15:00:00,11293,4138670,3045.000000000000000,3744638,379.000000000000000,315445.000000000000000,11672,4454115,3424,4060083,14717,8198649
331,11/9/2021 15:00:00,11755,4150425,2660.000000000000000,3747298,269.000000000000000,315714.000000000000000,12024,4466139,2929,4063012,14684,8213333
332,11/10/2021 15:00:00,12580,4163005,2763.000000000000000,3750061,337.000000000000000,316051.000000000000000,12917,4479056,3100,4066112,15680,8229013
333,11/11/2021 15:00:00,11360,4174365,2382.000000000000000,3752443,281.000000000000000,316332.000000000000000,11641,4490697,2663,4068775,14023,8243036
334,11/12/2021 15:00:00,12287,4186652,3359.000000000000000,3755802,547.000000000000000,316879.000000000000000,12834,4503531,3906,4072681,16193,8259229
335,11/13/2021 15:00:00,9878,4196530,1592.000000000000000,3757394,342.000000000000000,317221.000000000000000,10220,4513751,1934,4074615,11812,8271041
336,11/14/2021 15:00:00,3923,4200453,1131.000000000000000,3758525,121.000000000000000,317342.000000000000000,4044,4517795,1252,4075867,5175,8276216
337,11/15/2021 15:00:00,8611,4209064,2529.000000000000000,3761054,204.000000000000000,317546.000000000000000,8815,4526610,2733,4078600,11344,8287560
338,11/16/2021 15:00:00,9229,4218293,2496.000000000000000,3763550,255.000000000000000,317801.000000000000000,9484,4536094,2751,4081351,11980,8299540
339,11/17/2021 15:00:00,9398,4227691,2880.000000000000000,3766430,312.000000000000000,318113.000000000000000,9710,4545804,3192,4084543,12590,8312130
340,11/18/2021 15:00:00,9294,4236985,2632.000000000000000,3769062,481.000000000000000,318594.000000000000000,9775,4555579,3113,4087656,12407,8324537
341,11/19/2021 15:00:00,9799,4246784,2922.000000000000000,3771984,381.000000000000000,318975.000000000000000,10180,4565759,3303,4090959,13102,8337639
342,11/20/2021 15:00:00,10629,4257413,1606.000000000000000,3773590,455.000000000000000,319430.000000000000000,11084,4576843,2061,4093020,12690,8350329
343,11/21/2021 15:00:00,4347,4261760,1200.000000000000000,3774790,99.000000000000000,319529.000000000000000,4446,4581289,1299,4094319,5646,8355975
344,11/22/2021 15:00:00,9815,4271575,2492.000000000000000,3777282,292.000000000000000,319821.000000000000000,10107,4591396,2784,4097103,12599,8368574
345,11/23/2021 15:00:00,9170,4280745,2402.000000000000000,3779684,280.000000000000000,320101.000000000000000,9450,4600846,2682,4099785,11852,8380426
346,11/24/2021 15:00:00,8152,4288897,2446.000000000000000,3782130,216.000000000000000,320317.000000000000000,8368,4609214,2662,4102447,10814,8391240
347,11/25/2021 15:00:00,238,4289135,77.000000000000000,3782207,10.000000000000000,320327.000000000000000,248,4609462,87,4102534,325,8391565
348,11/26/2021 15:00:00,5652,4294787,3961.000000000000000,3786168,152.000000000000000,320479.000000000000000,5804,4615266,4113,4106647,9765,8401330
349,11/27/2021 15:00:00,3771,4298558,5467.000000000000000,3791635,134.000000000000000,320613.000000000000000,3905,4619171,5601,4112248,9372,8410702
350,11/28/2021 15:00:00,2414,4300972,6383.000000000000000,3798018,77.000000000000000,320690.000000000000000,2491,4621662,6460,4118708,8874,8419576
351,11/29/2021 15:00:00,6378,4307350,9278.000000000000000,3807296,379.000000000000000,321069.000000000000000,6757,4628419,9657,4128365,16035,8435611
352,11/30/2021 15:00:00,6246,4313596,9303.000000000000000,3816599,264.000000000000000,321333.000000000000000,6510,4634929,9567,4137932,15813,8451424
353,12/1/2021 15:00:00,7273,4320869,9661.000000000000000,3826260,307.000000000000000,321640.000000000000000,7580,4642509,9968,4147900,17241,8468665
354,12/2/2021 15:00:00,6913,4327782,8766.000000000000000,3835026,450.000000000000000,322090.000000000000000,7363,4649872,9216,4157116,16129,8484794
355,12/3/2021 15:00:00,7582,4335364,9250.000000000000000,3844276,250.000000000000000,322340.000000000000000,7832,4657704,9500,4166616,17082,8501876
356,12/4/2021 15:00:00,5954,4341318,10025.000000000000000,3854301,465.000000000000000,322805.000000000000000,6419,4664123,10490,4177106,16444,8518320
357,12/5/2021 15:00:00,3468,4344786,3288.000000000000000,3857589,77.000000000000000,322882.000000000000000,3545,4667668,3365,4180471,6833,8525153
358,12/6/2021 15:00:00,6753,4351539,7106.000000000000000,3864695,277.000000000000000,323159.000000000000000,7030,4674698,7383,4187854,14136,8539289
359,12/7/2021 15:00:00,6407,4357946,7016.000000000000000,3871711,249.000000000000000,323408.000000000000000,6656,4681354,7265,4195119,13672,8552961
360,12/8/2021 15:00:00,6933,4364879,7418.000000000000000,3879129,315.000000000000000,323723.000000000000000,7248,4688602,7733,4202852,14666,8567627
361,12/9/2021 15:00:00,6514,4371393,6999.000000000000000,3886128,397.000000000000000,324120.000000000000000,6911,4695513,7396,4210248,13910,8581537
362,12/10/2021 15:00:00,7248,4378641,7314.000000000000000,3893442,229.000000000000000,324349.000000000000000,7477,4702990,7543,4217791,14791,8596328
363,12/11/2021 15:00:00,4460,4383101,7662.000000000000000,3901104,333.000000000000000,324682.000000000000000,4793,4707783,7995,4225786,12455,8608783
364,12/12/2021 15:00:00,4002,4387103,2783.000000000000000,3903887,60.000000000000000,324742.000000000000000,4062,4711845,2843,4228629,6845,8615628
365,12/13/2021 15:00:00,5695,4392798,5757.000000000000000,3909644,243.000000000000000,324985.000000000000000,5938,4717783,6000,4234629,11695,8627323
366,12/14/2021 15:00:00,6445,4399243,5923.000000000000000,3915567,221.000000000000000,325206.000000000000000,6666,4724449,6144,4240773,12589,8639912
367,12/15/2021 15:00:00,7139,4406382,5684.000000000000000,3921251,252.000000000000000,325458.000000000000000,7391,4731840,5936,4246709,13075,8652987
368,12/16/2021 15:00:00,7848,4414230,2806.000000000000000,3924057,421.000000000000000,325879.000000000000000,8269,4740109,3227,4249936,11075,8664062
369,12/17/2021 15:00:00,7794,4422024,4152.000000000000000,3928209,195.000000000000000,326074.000000000000000,7989,4748098,4347,4254283,12141,8676203
370,12/18/2021 15:00:00,5825,4427849,3187.000000000000000,3931396,298.000000000000000,326372.000000000000000,6123,4754221,3485,4257768,9310,8685513
371,12/19/2021 15:00:00,3381,4431230,1342.000000000000000,3932738,36.000000000000000,326408.000000000000000,3417,4757638,1378,4259146,4759,8690272
372,12/20/2021 15:00:00,8062,4439292,3752.000000000000000,3936490,173.000000000000000,326581.000000000000000,8235,4765873,3925,4263071,11987,8702259
373,12/21/2021 15:00:00,8982,4448274,4146.000000000000000,3940636,173.000000000000000,326754.000000000000000,9155,4775028,4319,4267390,13301,8715560
374,12/22/2021 15:00:00,8681,4456955,3853.000000000000000,3944489,184.000000000000000,326938.000000000000000,8865,4783893,4037,4271427,12718,8728278
375,12/23/2021 15:00:00,8402,4465357,3548.000000000000000,3948037,359.000000000000000,327297.000000000000000,8761,4792654,3907,4275334,12309,8740587
376,12/24/2021 15:00:00,1632,4466989,1004.000000000000000,3949041,39.000000000000000,327336.000000000000000,1671,4794325,1043,4276377,2675,8743262
377,12/25/2021 15:00:00,51,4467040,35.000000000000000,3949076,1.000000000000000,327337.000000000000000,52,4794377,36,4276413,87,8743349
378,12/26/2021 15:00:00,2519,4469559,1746.000000000000000,3950822,44.000000000000000,327381.000000000000000,2563,4796940,1790,4278203,4309,8747658
379,12/27/2021 15:00:00,7179,4476738,3981.000000000000000,3954803,296.000000000000000,327677.000000000000000,7475,4804415,4277,4282480,11456,8759114
380,12/28/2021 15:00:00,7848,4484586,3811.000000000000000,3958614,175.000000000000000,327852.000000000000000,8023,4812438,3986,4286466,11834,8770948
381,12/29/2021 15:00:00,8183,4492769,4012.000000000000000,3962626,155.000000000000000,328007.000000000000000,8338,4820776,4167,4290633,12350,8783298
382,12/30/2021 15:00:00,7459,4500228,3767.000000000000000,3966393,288.000000000000000,328295.000000000000000,7747,4828523,4055,4294688,11514,8794812
383,12/31/2021 15:00:00,2557,4502785,1524.000000000000000,3967917,92.000000000000000,328387.000000000000000,2649,4831172,1616,4296304,4173,8798985
384,1/1/2022 15:00:00,736,4503521,344.000000000000000,3968261,33.000000000000000,328420.000000000000000,769,4831941,377,4296681,1113,8800098
385,1/2/2022 15:00:00,2211,4505732,1645.000000000000000,3969906,47.000000000000000,328467.000000000000000,2258,4834199,1692,4298373,3903,8804001
386,1/3/2022 15:00:00,3392,4509124,2063.000000000000000,3971969,221.000000000000000,328688.000000000000000,3613,4837812,2284,4300657,5676,8809677
387,1/4/2022 15:00:00,5828,4514952,3455.000000000000000,3975424,162.000000000000000,328850.000000000000000,5990,4843802,3617,4304274,9445,8819122
388,1/5/2022 15:00:00,6820,4521772,4687.000000000000000,3980111,175.000000000000000,329025.000000000000000,6995,4850797,4862,4309136,11682,8830804
389,1/6/2022 15:00:00,6749,4528521,4802.000000000000000,3984913,263.000000000000000,329288.000000000000000,7012,4857809,5065,4314201,11814,8842618
390,1/7/2022 15:00:00,5936,4534457,3743.000000000000000,3988656,159.000000000000000,329447.000000000000000,6095,4863904,3902,4318103,9838,8852456
391,1/8/2022 15:00:00,4792,4539249,3906.000000000000000,3992562,78.000000000000000,329525.000000000000000,4870,4868774,3984,4322087,8776,8861232
392,1/9/2022 15:00:00,2755,4542004,2014.000000000000000,3994576,154.000000000000000,329679.000000000000000,2909,4871683,2168,4324255,4923,8866155
393,1/10/2022 15:00:00,6293,4548297,3836.000000000000000,3998412,155.000000000000000,329834.000000000000000,6448,4878131,3991,4328246,10284,8876439
394,1/11/2022 15:00:00,6529,4554826,4232.000000000000000,4002644,141.000000000000000,329975.000000000000000,6670,4884801,4373,4332619,10902,8887341
395,1/12/2022 15:00:00,6788,4561614,4443.000000000000000,4007087,225.000000000000000,330200.000000000000000,7013,4891814,4668,4337287,11456,8898797
396,1/13/2022 15:00:00,6584,4568198,4374.000000000000000,4011461,150.000000000000000,330350.000000000000000,6734,4898548,4524,4341811,11108,8909905
397,1/14/2022 15:00:00,7168,4575366,3266.000000000000000,4014727,252.000000000000000,330602.000000000000000,7420,4905968,3518,4345329,10686,8920591
398,1/15/2022 15:00:00,4211,4579577,1676.000000000000000,4016403,70.000000000000000,330672.000000000000000,4281,4910249,1746,4347075,5957,8926548
399,1/16/2022 15:00:00,2209,4581786,1311.000000000000000,4017714,116.000000000000000,330788.000000000000000,2325,4912574,1427,4348502,3636,8930184
400,1/17/2022 15:00:00,3604,4585390,2360.000000000000000,4020074,74.000000000000000,330862.000000000000000,3678,4916252,2434,4350936,6038,8936222
401,1/18/2022 15:00:00,5264,4590654,4161.000000000000000,4024235,100.000000000000000,330962.000000000000000,5364,4921616,4261,4355197,9525,8945747
402,1/19/2022 15:00:00,5249,4595903,4453.000000000000000,4028688,96.000000000000000,331058.000000000000000,5345,4926961,4549,4359746,9798,8955545
403,1/20/2022 15:00:00,4471,4600374,3581.000000000000000,4032269,176.000000000000000,331234.000000000000000,4647,4931608,3757,4363503,8228,8963773
404,1/21/2022 15:00:00,5483,4605857,2887.000000000000000,4035156,123.000000000000000,331357.000000000000000,5606,4937214,3010,4366513,8493,8972266
405,1/22/2022 15:00:00,3368,4609225,1704.000000000000000,4036860,133.000000000000000,331490.000000000000000,3501,4940715,1837,4368350,5205,8977471
406,1/23/2022 15:00:00,1939,4611164,1468.000000000000000,4038328,30.000000000000000,331520.000000000000000,1969,4942684,1498,4369848,3437,8980908
407,1/24/2022 15:00:00,4069,4615233,2734.000000000000000,4041062,84.000000000000000,331604.000000000000000,4153,4946837,2818,4372666,6887,8987795
408,1/25/2022 15:00:00,3731,4618964,3260.000000000000000,4044322,92.000000000000000,331696.000000000000000,3823,4950660,3352,4376018,7083,8994878
409,1/26/2022 15:00:00,3786,4622750,3617.000000000000000,4047939,90.000000000000000,331786.000000000000000,3876,4954536,3707,4379725,7493,9002371
410,1/27/2022 15:00:00,3565,4626315,3733.000000000000000,4051672,183.000000000000000,331969.000000000000000,3748,4958284,3916,4383641,7481,9009852
411,1/28/2022 15:00:00,3519,4629834,2957.000000000000000,4054629,70.000000000000000,332039.000000000000000,3589,4961873,3027,4386668,6546,9016398
412,1/29/2022 15:00:00,2075,4631909,2036.000000000000000,4056665,111.000000000000000,332150.000000000000000,2186,4964059,2147,4388815,4222,9020620
413,1/30/2022 15:00:00,415,4632324,571.000000000000000,4057236,6.000000000000000,332156.000000000000000,421,4964480,577,4389392,992,9021612