OBJECTID,VACCINATION_DATE,FirstDailyDose,FirstDoseCumulative,SecondDailyDose,SecondDoseCumulative,SingleDailyDose,SingleDoseCumulative,AtleastOneVaccine,AtleastOneVaccineCumulative,CompletedVax,CompletedVaxCumulative,FirstSecondSingleVaccination_12,FirstSecondSingleVaccination_13
1,12/14/2020 15:00:00,19,1458,,534,,,19,1458,0,534,19,1900
2,12/15/2020 15:00:00,62,1520,3.000000000000000,537,,,62,1520,3,537,65,1965
3,12/16/2020 15:00:00,597,2117,5.000000000000000,542,,,597,2117,5,542,602,2567
4,12/17/2020 15:00:00,1166,3283,8.000000000000000,550,,,1166,3283,8,550,1174,3741
5,12/18/2020 15:00:00,3029,6312,12.000000000000000,562,,,3029,6312,12,562,3041,6782
6,12/19/2020 15:00:00,929,7241,7.000000000000000,569,,,929,7241,7,569,936,7718
7,12/20/2020 15:00:00,368,7609,6.000000000000000,575,,,368,7609,6,575,374,8092
8,12/21/2020 15:00:00,3898,11507,26.000000000000000,601,,,3898,11507,26,601,3924,12016
9,12/22/2020 15:00:00,6326,17833,30.000000000000000,631,,,6326,17833,30,631,6356,18372
10,12/23/2020 15:00:00,5790,23623,39.000000000000000,670,,,5790,23623,39,670,5829,24201
11,12/24/2020 15:00:00,2729,26352,15.000000000000000,685,,,2729,26352,15,685,2744,26945
12,12/25/2020 15:00:00,1035,27387,4.000000000000000,689,,,1035,27387,4,689,1039,27984
13,12/26/2020 15:00:00,1885,29272,10.000000000000000,699,,,1885,29272,10,699,1895,29879
14,12/27/2020 15:00:00,1803,31075,12.000000000000000,711,,,1803,31075,12,711,1815,31694
15,12/28/2020 15:00:00,8993,40068,51.000000000000000,762,,,8993,40068,51,762,9044,40738
16,12/29/2020 15:00:00,10978,51046,53.000000000000000,815,,,10978,51046,53,815,11031,51769
17,12/30/2020 15:00:00,12505,63551,93.000000000000000,908,,,12505,63551,93,908,12598,64367
18,12/31/2020 15:00:00,7558,71109,48.000000000000000,956,,,7558,71109,48,956,7606,71973
19,1/1/2021 15:00:00,3371,74480,146.000000000000000,1102,,,3371,74480,146,1102,3517,75490
20,1/2/2021 15:00:00,3058,77538,34.000000000000000,1136,,,3058,77538,34,1136,3092,78582
21,1/3/2021 15:00:00,3414,80952,82.000000000000000,1218,,,3414,80952,82,1218,3496,82078
22,1/4/2021 15:00:00,13372,94324,339.000000000000000,1557,,,13372,94324,339,1557,13711,95789
23,1/5/2021 15:00:00,12496,106820,550.000000000000000,2107,,,12496,106820,550,2107,13046,108835
24,1/6/2021 15:00:00,15275,122095,868.000000000000000,2975,,,15275,122095,868,2975,16143,124978
25,1/7/2021 15:00:00,15048,137143,1787.000000000000000,4762,,,15048,137143,1787,4762,16835,141813
26,1/8/2021 15:00:00,24023,161166,2791.000000000000000,7553,,,24023,161166,2791,7553,26814,168627
27,1/9/2021 15:00:00,5181,166347,957.000000000000000,8510,,,5181,166347,957,8510,6138,174765
28,1/10/2021 15:00:00,2980,169327,386.000000000000000,8896,,,2980,169327,386,8896,3366,178131
29,1/11/2021 15:00:00,13740,183067,3486.000000000000000,12382,,,13740,183067,3486,12382,17226,195357
30,1/12/2021 15:00:00,17405,200472,5600.000000000000000,17982,,,17405,200472,5600,17982,23005,218362
31,1/13/2021 15:00:00,18628,219100,3935.000000000000000,21917,,,18628,219100,3935,21917,22563,240925
32,1/14/2021 15:00:00,17876,236976,1965.000000000000000,23882,,,17876,236976,1965,23882,19841,260766
33,1/15/2021 15:00:00,19499,256475,2035.000000000000000,25917,,,19499,256475,2035,25917,21534,282300
34,1/16/2021 15:00:00,5843,262318,1622.000000000000000,27539,,,5843,262318,1622,27539,7465,289765
35,1/17/2021 15:00:00,2126,264444,1480.000000000000000,29019,,,2126,264444,1480,29019,3606,293371
36,1/18/2021 15:00:00,7081,271525,3268.000000000000000,32287,,,7081,271525,3268,32287,10349,303720
37,1/19/2021 15:00:00,16960,288485,5416.000000000000000,37703,,,16960,288485,5416,37703,22376,326096
38,1/20/2021 15:00:00,21016,309501,5333.000000000000000,43036,,,21016,309501,5333,43036,26349,352445
39,1/21/2021 15:00:00,23831,333332,3866.000000000000000,46902,,,23831,333332,3866,46902,27697,380142
40,1/22/2021 15:00:00,28665,361997,3768.000000000000000,50670,,,28665,361997,3768,50670,32433,412575
41,1/23/2021 15:00:00,10133,372130,1947.000000000000000,52617,,,10133,372130,1947,52617,12080,424655
42,1/24/2021 15:00:00,3361,375491,1724.000000000000000,54341,,,3361,375491,1724,54341,5085,429740
43,1/25/2021 15:00:00,16311,391802,8620.000000000000000,62961,,,16311,391802,8620,62961,24931,454671
44,1/26/2021 15:00:00,17567,409369,8984.000000000000000,71945,,,17567,409369,8984,71945,26551,481222
45,1/27/2021 15:00:00,24448,433817,12572.000000000000000,84517,,,24448,433817,12572,84517,37020,518242
46,1/28/2021 15:00:00,22667,456484,9334.000000000000000,93851,,,22667,456484,9334,93851,32001,550243
47,1/29/2021 15:00:00,24789,481273,7938.000000000000000,101789,,,24789,481273,7938,101789,32727,582970
48,1/30/2021 15:00:00,17782,499055,2572.000000000000000,104361,,,17782,499055,2572,104361,20354,603324
49,1/31/2021 15:00:00,3764,502819,1375.000000000000000,105736,,,3764,502819,1375,105736,5139,608463
50,2/1/2021 15:00:00,8170,510989,5423.000000000000000,111159,,,8170,510989,5423,111159,13593,622056
51,2/2/2021 15:00:00,12525,523514,13837.000000000000000,124996,,,12525,523514,13837,124996,26362,648418
52,2/3/2021 15:00:00,18271,541785,18145.000000000000000,143141,,,18271,541785,18145,143141,36416,684834
53,2/4/2021 15:00:00,22148,563933,15805.000000000000000,158946,,,22148,563933,15805,158946,37953,722787
54,2/5/2021 15:00:00,20416,584349,17449.000000000000000,176395,,,20416,584349,17449,176395,37865,760652
55,2/6/2021 15:00:00,11380,595729,14540.000000000000000,190935,,,11380,595729,14540,190935,25920,786572
56,2/7/2021 15:00:00,5990,601719,1948.000000000000000,192883,,,5990,601719,1948,192883,7938,794510
57,2/8/2021 15:00:00,13018,614737,12985.000000000000000,205868,,,13018,614737,12985,205868,26003,820513
58,2/9/2021 15:00:00,16666,631403,13889.000000000000000,219757,,,16666,631403,13889,219757,30555,851068
59,2/10/2021 15:00:00,19333,650736,21320.000000000000000,241077,,,19333,650736,21320,241077,40653,891721
60,2/11/2021 15:00:00,22945,673681,17393.000000000000000,258470,,,22945,673681,17393,258470,40338,932059
61,2/12/2021 15:00:00,20443,694124,19680.000000000000000,278150,,,20443,694124,19680,278150,40123,972182
62,2/13/2021 15:00:00,11470,705594,6428.000000000000000,284578,,,11470,705594,6428,284578,17898,990080
63,2/14/2021 15:00:00,7122,712716,2137.000000000000000,286715,,,7122,712716,2137,286715,9259,999339
64,2/15/2021 15:00:00,11772,724488,13345.000000000000000,300060,,,11772,724488,13345,300060,25117,1024456
65,2/16/2021 15:00:00,16654,741142,21037.000000000000000,321097,,,16654,741142,21037,321097,37691,1062147
66,2/17/2021 15:00:00,20688,761830,26392.000000000000000,347489,,,20688,761830,26392,347489,47080,1109227
67,2/18/2021 15:00:00,3206,765036,4626.000000000000000,352115,,,3206,765036,4626,352115,7832,1117059
68,2/19/2021 15:00:00,10265,775301,19935.000000000000000,372050,,,10265,775301,19935,372050,30200,1147259
69,2/20/2021 15:00:00,10322,785623,20306.000000000000000,392356,,,10322,785623,20306,392356,30628,1177887
70,2/21/2021 15:00:00,6194,791817,7666.000000000000000,400022,,,6194,791817,7666,400022,13860,1191747
71,2/22/2021 15:00:00,8040,799857,15493.000000000000000,415515,,,8040,799857,15493,415515,23533,1215280
72,2/23/2021 15:00:00,15547,815404,15984.000000000000000,431499,,,15547,815404,15984,431499,31531,1246811
73,2/24/2021 15:00:00,17997,833401,24853.000000000000000,456352,,,17997,833401,24853,456352,42850,1289661
74,2/25/2021 15:00:00,20398,853799,26595.000000000000000,482947,,,20398,853799,26595,482947,46993,1336654
75,2/26/2021 15:00:00,26701,880500,26276.000000000000000,509223,,,26701,880500,26276,509223,52977,1389631
76,2/27/2021 15:00:00,16031,896531,11163.000000000000000,520386,,,16031,896531,11163,520386,27194,1416825
77,2/28/2021 15:00:00,15525,912056,4891.000000000000000,525277,,,15525,912056,4891,525277,20416,1437241
78,3/1/2021 15:00:00,27221,939277,12676.000000000000000,537953,,,27221,939277,12676,537953,39897,1477138
79,3/2/2021 15:00:00,23995,963272,13303.000000000000000,551256,37.000000000000000,37.000000000000000,24032,963309,13340,551293,37335,1514473
80,3/3/2021 15:00:00,30242,993514,18422.000000000000000,569678,192.000000000000000,229.000000000000000,30434,993743,18614,569907,48856,1563329
81,3/4/2021 15:00:00,31007,1024521,18259.000000000000000,587937,4068.000000000000000,4297.000000000000000,35075,1028818,22327,592234,53334,1616663
82,3/5/2021 15:00:00,30093,1054614,19775.000000000000000,607712,4911.000000000000000,9208.000000000000000,35004,1063822,24686,616920,54779,1671442
83,3/6/2021 15:00:00,18996,1073610,9537.000000000000000,617249,6010.000000000000000,15218.000000000000000,25006,1088828,15547,632467,34543,1705985
84,3/7/2021 15:00:00,12153,1085763,4928.000000000000000,622177,6607.000000000000000,21825.000000000000000,18760,1107588,11535,644002,23688,1729673
85,3/8/2021 15:00:00,25929,1111692,8863.000000000000000,631040,8273.000000000000000,30098.000000000000000,34202,1141790,17136,661138,43065,1772738
86,3/9/2021 15:00:00,26149,1137841,15500.000000000000000,646540,8343.000000000000000,38441.000000000000000,34492,1176282,23843,684981,49992,1822730
87,3/10/2021 15:00:00,29892,1167733,16052.000000000000000,662592,7936.000000000000000,46377.000000000000000,37828,1214110,23988,708969,53880,1876610
88,3/11/2021 15:00:00,36016,1203749,16425.000000000000000,679017,3982.000000000000000,50359.000000000000000,39998,1254108,20407,729376,56423,1933033
89,3/12/2021 15:00:00,36912,1240661,18162.000000000000000,697179,2928.000000000000000,53287.000000000000000,39840,1293948,21090,750466,58002,1991035
90,3/13/2021 15:00:00,22671,1263332,10337.000000000000000,707516,1630.000000000000000,54917.000000000000000,24301,1318249,11967,762433,34638,2025673
91,3/14/2021 15:00:00,17839,1281171,6738.000000000000000,714254,1009.000000000000000,55926.000000000000000,18848,1337097,7747,770180,25586,2051259
92,3/15/2021 15:00:00,29889,1311060,11363.000000000000000,725617,599.000000000000000,56525.000000000000000,30488,1367585,11962,782142,41851,2093110
93,3/16/2021 15:00:00,33483,1344543,13588.000000000000000,739205,770.000000000000000,57295.000000000000000,34253,1401838,14358,796500,47841,2140951
94,3/17/2021 15:00:00,37634,1382177,17083.000000000000000,756288,1181.000000000000000,58476.000000000000000,38815,1440653,18264,814764,55898,2196849
95,3/18/2021 15:00:00,41474,1423651,12698.000000000000000,768986,1354.000000000000000,59830.000000000000000,42828,1483481,14052,828816,55526,2252375
96,3/19/2021 15:00:00,38387,1462038,15445.000000000000000,784431,1046.000000000000000,60876.000000000000000,39433,1522914,16491,845307,54878,2307253
97,3/20/2021 15:00:00,24733,1486771,10233.000000000000000,794664,705.000000000000000,61581.000000000000000,25438,1548352,10938,856245,35671,2342924
98,3/21/2021 15:00:00,19199,1505970,7906.000000000000000,802570,341.000000000000000,61922.000000000000000,19540,1567892,8247,864492,27446,2370370
99,3/22/2021 15:00:00,32602,1538572,11516.000000000000000,814086,835.000000000000000,62757.000000000000000,33437,1601329,12351,876843,44953,2415323
100,3/23/2021 15:00:00,38408,1576980,17869.000000000000000,831955,1557.000000000000000,64314.000000000000000,39965,1641294,19426,896269,57834,2473157
101,3/24/2021 15:00:00,41087,1618067,21256.000000000000000,853211,1386.000000000000000,65700.000000000000000,42473,1683767,22642,918911,63729,2536886
102,3/25/2021 15:00:00,42919,1660986,21739.000000000000000,874950,2456.000000000000000,68156.000000000000000,45375,1729142,24195,943106,67114,2604000
103,3/26/2021 15:00:00,36386,1697372,26721.000000000000000,901671,2495.000000000000000,70651.000000000000000,38881,1768023,29216,972322,65602,2669602
104,3/27/2021 15:00:00,26474,1723846,17326.000000000000000,918997,2490.000000000000000,73141.000000000000000,28964,1796987,19816,992138,46290,2715892
105,3/28/2021 15:00:00,17010,1740856,12692.000000000000000,931689,1614.000000000000000,74755.000000000000000,18624,1815611,14306,1006444,31316,2747208
106,3/29/2021 15:00:00,29723,1770579,26393.000000000000000,958082,1141.000000000000000,75896.000000000000000,30864,1846475,27534,1033978,57257,2804465
107,3/30/2021 15:00:00,40063,1810642,29090.000000000000000,987172,1865.000000000000000,77761.000000000000000,41928,1888403,30955,1064933,71018,2875483
108,3/31/2021 15:00:00,41021,1851663,34755.000000000000000,1021927,5750.000000000000000,83511.000000000000000,46771,1935174,40505,1105438,81526,2957009
109,4/1/2021 15:00:00,42484,1894147,41177.000000000000000,1063104,5763.000000000000000,89274.000000000000000,48247,1983421,46940,1152378,89424,3046433
110,4/2/2021 15:00:00,34933,1929080,32740.000000000000000,1095844,6131.000000000000000,95405.000000000000000,41064,2024485,38871,1191249,73804,3120237
111,4/3/2021 15:00:00,21176,1950256,19239.000000000000000,1115083,4394.000000000000000,99799.000000000000000,25570,2050055,23633,1214882,44809,3165046
112,4/4/2021 15:00:00,8299,1958555,10223.000000000000000,1125306,968.000000000000000,100767.000000000000000,9267,2059322,11191,1226073,19490,3184536
113,4/5/2021 15:00:00,27962,1986517,28983.000000000000000,1154289,6663.000000000000000,107430.000000000000000,34625,2093947,35646,1261719,63608,3248144
114,4/6/2021 15:00:00,39801,2026318,30524.000000000000000,1184813,10501.000000000000000,117931.000000000000000,50302,2144249,41025,1302744,80826,3328970
115,4/7/2021 15:00:00,36110,2062428,34373.000000000000000,1219186,13001.000000000000000,130932.000000000000000,49111,2193360,47374,1350118,83484,3412454
116,4/8/2021 15:00:00,42363,2104791,36164.000000000000000,1255350,13872.000000000000000,144804.000000000000000,56235,2249595,50036,1400154,92399,3504853
117,4/9/2021 15:00:00,34095,2138886,36365.000000000000000,1291715,14532.000000000000000,159336.000000000000000,48627,2298222,50897,1451051,84992,3589845
118,4/10/2021 15:00:00,23498,2162384,23187.000000000000000,1314902,7641.000000000000000,166977.000000000000000,31139,2329361,30828,1481879,54326,3644171
119,4/11/2021 15:00:00,17586,2179970,13300.000000000000000,1328202,10121.000000000000000,177098.000000000000000,27707,2357068,23421,1505300,41007,3685178
120,4/12/2021 15:00:00,24607,2204577,33292.000000000000000,1361494,10908.000000000000000,188006.000000000000000,35515,2392583,44200,1549500,68807,3753985
121,4/13/2021 15:00:00,126172,2330749,91364.000000000000000,1452858,3293.000000000000000,191299.000000000000000,129465,2522048,94657,1644157,220829,3974814
122,4/14/2021 15:00:00,40739,2371488,37850.000000000000000,1490708,213.000000000000000,191512.000000000000000,40952,2563000,38063,1682220,78802,4053616
123,4/15/2021 15:00:00,41420,2412908,39581.000000000000000,1530289,176.000000000000000,191688.000000000000000,41596,2604596,39757,1721977,81177,4134793
124,4/16/2021 15:00:00,37149,2450057,38900.000000000000000,1569189,25.000000000000000,191713.000000000000000,37174,2641770,38925,1760902,76074,4210867
125,4/17/2021 15:00:00,32815,2482872,22043.000000000000000,1591232,13.000000000000000,191726.000000000000000,32828,2674598,22056,1782958,54871,4265738
126,4/18/2021 15:00:00,20062,2502934,16210.000000000000000,1607442,5.000000000000000,191731.000000000000000,20067,2694665,16215,1799173,36277,4302015
127,4/19/2021 15:00:00,29886,2532820,36564.000000000000000,1644006,61.000000000000000,191792.000000000000000,29947,2724612,36625,1835798,66511,4368526
128,4/20/2021 15:00:00,32938,2565758,44502.000000000000000,1688508,59.000000000000000,191851.000000000000000,32997,2757609,44561,1880359,77499,4446025
129,4/21/2021 15:00:00,39840,2605598,47085.000000000000000,1735593,26.000000000000000,191877.000000000000000,39866,2797475,47111,1927470,86951,4532976
130,4/22/2021 15:00:00,35857,2641455,42705.000000000000000,1778298,16.000000000000000,191893.000000000000000,35873,2833348,42721,1970191,78578,4611554
131,4/23/2021 15:00:00,33146,2674601,40177.000000000000000,1818475,14.000000000000000,191907.000000000000000,33160,2866508,40191,2010382,73337,4684891
132,4/24/2021 15:00:00,26420,2701021,27933.000000000000000,1846408,81.000000000000000,191988.000000000000000,26501,2893009,28014,2038396,54434,4739325
133,4/25/2021 15:00:00,20218,2721239,10999.000000000000000,1857407,31.000000000000000,192019.000000000000000,20249,2913258,11030,2049426,31248,4770573
134,4/26/2021 15:00:00,27383,2748622,32770.000000000000000,1890177,201.000000000000000,192220.000000000000000,27584,2940842,32971,2082397,60354,4830927
135,4/27/2021 15:00:00,26678,2775300,33110.000000000000000,1923287,1097.000000000000000,193317.000000000000000,27775,2968617,34207,2116604,60885,4891812
136,4/28/2021 15:00:00,28922,2804222,39567.000000000000000,1962854,1367.000000000000000,194684.000000000000000,30289,2998906,40934,2157538,69856,4961668
137,4/29/2021 15:00:00,27065,2831287,39785.000000000000000,2002639,1463.000000000000000,196147.000000000000000,28528,3027434,41248,2198786,68313,5029981
138,4/30/2021 15:00:00,28203,2859490,32312.000000000000000,2034951,1649.000000000000000,197796.000000000000000,29852,3057286,33961,2232747,62164,5092145
139,5/1/2021 15:00:00,20751,2880241,26793.000000000000000,2061744,1056.000000000000000,198852.000000000000000,21807,3079093,27849,2260596,48600,5140745
140,5/2/2021 15:00:00,10269,2890510,17084.000000000000000,2078828,823.000000000000000,199675.000000000000000,11092,3090185,17907,2278503,28176,5168921
141,5/3/2021 15:00:00,12721,2903231,28640.000000000000000,2107468,1916.000000000000000,201591.000000000000000,14637,3104822,30556,2309059,43277,5212198
142,5/4/2021 15:00:00,13556,2916787,38653.000000000000000,2146121,1743.000000000000000,203334.000000000000000,15299,3120121,40396,2349455,53952,5266150
143,5/5/2021 15:00:00,19317,2936104,37789.000000000000000,2183910,1921.000000000000000,205255.000000000000000,21238,3141359,39710,2389165,59027,5325177
144,5/6/2021 15:00:00,16930,2953034,40606.000000000000000,2224516,1721.000000000000000,206976.000000000000000,18651,3160010,42327,2431492,59257,5384434
145,5/7/2021 15:00:00,17587,2970621,37027.000000000000000,2261543,1960.000000000000000,208936.000000000000000,19547,3179557,38987,2470479,56574,5441008
146,5/8/2021 15:00:00,10797,2981418,31235.000000000000000,2292778,1292.000000000000000,210228.000000000000000,12089,3191646,32527,2503006,43324,5484332
147,5/9/2021 15:00:00,5078,2986496,12254.000000000000000,2305032,695.000000000000000,210923.000000000000000,5773,3197419,12949,2515955,18027,5502359
148,5/10/2021 15:00:00,8958,2995454,31062.000000000000000,2336094,1362.000000000000000,212285.000000000000000,10320,3207739,32424,2548379,41382,5543741
149,5/11/2021 15:00:00,12181,3007635,30305.000000000000000,2366399,1442.000000000000000,213727.000000000000000,13623,3221362,31747,2580126,43928,5587669
150,5/12/2021 15:00:00,13946,3021581,38640.000000000000000,2405039,1917.000000000000000,215644.000000000000000,15863,3237225,40557,2620683,54503,5642172
151,5/13/2021 15:00:00,21845,3043426,33525.000000000000000,2438564,1347.000000000000000,216991.000000000000000,23192,3260417,34872,2655555,56717,5698889
152,5/14/2021 15:00:00,24397,3067823,30069.000000000000000,2468633,1774.000000000000000,218765.000000000000000,26171,3286588,31843,2687398,56240,5755129
153,5/15/2021 15:00:00,21953,3089776,25122.000000000000000,2493755,1490.000000000000000,220255.000000000000000,23443,3310031,26612,2714010,48565,5803694
154,5/16/2021 15:00:00,9091,3098867,17582.000000000000000,2511337,1113.000000000000000,221368.000000000000000,10204,3320235,18695,2732705,27786,5831480
155,5/17/2021 15:00:00,16838,3115705,28415.000000000000000,2539752,1950.000000000000000,223318.000000000000000,18788,3339023,30365,2763070,47203,5878683
156,5/18/2021 15:00:00,21264,3136969,30701.000000000000000,2570453,1943.000000000000000,225261.000000000000000,23207,3362230,32644,2795714,53908,5932591
157,5/19/2021 15:00:00,27669,3164638,32440.000000000000000,2602893,1632.000000000000000,226893.000000000000000,29301,3391531,34072,2829786,61741,5994332
158,5/20/2021 15:00:00,20808,3185446,33281.000000000000000,2636174,1965.000000000000000,228858.000000000000000,22773,3414304,35246,2865032,56054,6050386
159,5/21/2021 15:00:00,19166,3204612,30365.000000000000000,2666539,1609.000000000000000,230467.000000000000000,20775,3435079,31974,2897006,51140,6101526
160,5/22/2021 15:00:00,16945,3221557,20701.000000000000000,2687240,1269.000000000000000,231736.000000000000000,18214,3453293,21970,2918976,38915,6140441
161,5/23/2021 15:00:00,8816,3230373,11454.000000000000000,2698694,965.000000000000000,232701.000000000000000,9781,3463074,12419,2931395,21235,6161676
162,5/24/2021 15:00:00,13573,3243946,17782.000000000000000,2716476,1473.000000000000000,234174.000000000000000,15046,3478120,19255,2950650,32828,6194504
163,5/25/2021 15:00:00,13077,3257023,18717.000000000000000,2735193,1328.000000000000000,235502.000000000000000,14405,3492525,20045,2970695,33122,6227626
164,5/26/2021 15:00:00,18309,3275332,19523.000000000000000,2754716,1512.000000000000000,237014.000000000000000,19821,3512346,21035,2991730,39344,6266970
165,5/27/2021 15:00:00,11687,3287019,18675.000000000000000,2773391,1117.000000000000000,238131.000000000000000,12804,3525150,19792,3011522,31479,6298449
166,5/28/2021 15:00:00,12419,3299438,19861.000000000000000,2793252,1402.000000000000000,239533.000000000000000,13821,3538971,21263,3032785,33682,6332131
167,5/29/2021 15:00:00,9515,3308953,11730.000000000000000,2804982,937.000000000000000,240470.000000000000000,10452,3549423,12667,3045452,22182,6354313
168,5/30/2021 15:00:00,4968,3313921,6440.000000000000000,2811422,596.000000000000000,241066.000000000000000,5564,3554987,7036,3052488,12004,6366317
169,5/31/2021 15:00:00,1779,3315700,3714.000000000000000,2815136,305.000000000000000,241371.000000000000000,2084,3557071,4019,3056507,5798,6372115
170,6/1/2021 15:00:00,9878,3325578,16486.000000000000000,2831622,1159.000000000000000,242530.000000000000000,11037,3568108,17645,3074152,27523,6399638
171,6/2/2021 15:00:00,10236,3335814,16825.000000000000000,2848447,961.000000000000000,243491.000000000000000,11197,3579305,17786,3091938,28022,6427660
172,6/3/2021 15:00:00,7897,3343711,21201.000000000000000,2869648,1089.000000000000000,244580.000000000000000,8986,3588291,22290,3114228,30187,6457847
173,6/4/2021 15:00:00,8198,3351909,22364.000000000000000,2892012,1120.000000000000000,245700.000000000000000,9318,3597609,23484,3137712,31682,6489529
174,6/5/2021 15:00:00,7000,3358909,19479.000000000000000,2911491,720.000000000000000,246420.000000000000000,7720,3605329,20199,3157911,27199,6516728
175,6/6/2021 15:00:00,3456,3362365,7258.000000000000000,2918749,426.000000000000000,246846.000000000000000,3882,3609211,7684,3165595,11140,6527868
176,6/7/2021 15:00:00,6859,3369224,15795.000000000000000,2934544,726.000000000000000,247572.000000000000000,7585,3616796,16521,3182116,23380,6551248
177,6/8/2021 15:00:00,6671,3375895,19741.000000000000000,2954285,831.000000000000000,248403.000000000000000,7502,3624298,20572,3202688,27243,6578491
178,6/9/2021 15:00:00,8201,3384096,23996.000000000000000,2978281,969.000000000000000,249372.000000000000000,9170,3633468,24965,3227653,33166,6611657
179,6/10/2021 15:00:00,7153,3391249,19144.000000000000000,2997425,895.000000000000000,250267.000000000000000,8048,3641516,20039,3247692,27192,6638849
180,6/11/2021 15:00:00,7492,3398741,17734.000000000000000,3015159,1125.000000000000000,251392.000000000000000,8617,3650133,18859,3266551,26351,6665200
181,6/12/2021 15:00:00,5242,3403983,14769.000000000000000,3029928,605.000000000000000,251997.000000000000000,5847,3655980,15374,3281925,20616,6685816
182,6/13/2021 15:00:00,1946,3405929,7634.000000000000000,3037562,427.000000000000000,252424.000000000000000,2373,3658353,8061,3289986,10007,6695823
183,6/14/2021 15:00:00,5655,3411584,11828.000000000000000,3049390,733.000000000000000,253157.000000000000000,6388,3664741,12561,3302547,18216,6714039
184,6/15/2021 15:00:00,5648,3417232,14345.000000000000000,3063735,874.000000000000000,254031.000000000000000,6522,3671263,15219,3317766,20867,6734906
185,6/16/2021 15:00:00,8755,3425987,21594.000000000000000,3085329,758.000000000000000,254789.000000000000000,9513,3680776,22352,3340118,31107,6766013
186,6/17/2021 15:00:00,6692,3432679,12369.000000000000000,3097698,720.000000000000000,255509.000000000000000,7412,3688188,13089,3353207,19781,6785794
187,6/18/2021 15:00:00,6831,3439510,12747.000000000000000,3110445,702.000000000000000,256211.000000000000000,7533,3695721,13449,3366656,20280,6806074
188,6/19/2021 15:00:00,4655,3444165,9387.000000000000000,3119832,614.000000000000000,256825.000000000000000,5269,3700990,10001,3376657,14656,6820730
189,6/20/2021 15:00:00,2507,3446672,5069.000000000000000,3124901,377.000000000000000,257202.000000000000000,2884,3703874,5446,3382103,7953,6828683
190,6/21/2021 15:00:00,5569,3452241,5339.000000000000000,3130240,636.000000000000000,257838.000000000000000,6205,3710079,5975,3388078,11544,6840227
191,6/22/2021 15:00:00,5345,3457586,9056.000000000000000,3139296,694.000000000000000,258532.000000000000000,6039,3716118,9750,3397828,15095,6855322
192,6/23/2021 15:00:00,6080,3463666,10340.000000000000000,3149636,646.000000000000000,259178.000000000000000,6726,3722844,10986,3408814,17066,6872388
193,6/24/2021 15:00:00,5936,3469602,8204.000000000000000,3157840,595.000000000000000,259773.000000000000000,6531,3729375,8799,3417613,14735,6887123
194,6/25/2021 15:00:00,5827,3475429,8671.000000000000000,3166511,619.000000000000000,260392.000000000000000,6446,3735821,9290,3426903,15117,6902240
195,6/26/2021 15:00:00,3706,3479135,6305.000000000000000,3172816,398.000000000000000,260790.000000000000000,4104,3739925,6703,3433606,10409,6912649
196,6/27/2021 15:00:00,2810,3481945,3524.000000000000000,3176340,185.000000000000000,260975.000000000000000,2995,3742920,3709,3437315,6519,6919168
197,6/28/2021 15:00:00,4924,3486869,6394.000000000000000,3182734,539.000000000000000,261514.000000000000000,5463,3748383,6933,3444248,11857,6931025
198,6/29/2021 15:00:00,5062,3491931,6484.000000000000000,3189218,523.000000000000000,262037.000000000000000,5585,3753968,7007,3451255,12069,6943094
199,6/30/2021 15:00:00,5630,3497561,7390.000000000000000,3196608,607.000000000000000,262644.000000000000000,6237,3760205,7997,3459252,13627,6956721
200,7/1/2021 15:00:00,5442,3503003,7001.000000000000000,3203609,505.000000000000000,263149.000000000000000,5947,3766152,7506,3466758,12948,6969669
201,7/2/2021 15:00:00,5297,3508300,6850.000000000000000,3210459,527.000000000000000,263676.000000000000000,5824,3771976,7377,3474135,12674,6982343
202,7/3/2021 15:00:00,3275,3511575,4071.000000000000000,3214530,264.000000000000000,263940.000000000000000,3539,3775515,4335,3478470,7610,6989953
203,7/4/2021 15:00:00,494,3512069,551.000000000000000,3215081,69.000000000000000,264009.000000000000000,563,3776078,620,3479090,1114,6991067
204,7/5/2021 15:00:00,3771,3515840,3953.000000000000000,3219034,287.000000000000000,264296.000000000000000,4058,3780136,4240,3483330,8011,6999078
205,7/6/2021 15:00:00,4497,3520337,6285.000000000000000,3225319,455.000000000000000,264751.000000000000000,4952,3785088,6740,3490070,11237,7010315
206,7/7/2021 15:00:00,4473,3524810,6418.000000000000000,3231737,483.000000000000000,265234.000000000000000,4956,3790044,6901,3496971,11374,7021689
207,7/8/2021 15:00:00,4838,3529648,6186.000000000000000,3237923,564.000000000000000,265798.000000000000000,5402,3795446,6750,3503721,11588,7033277
208,7/9/2021 15:00:00,5365,3535013,6678.000000000000000,3244601,573.000000000000000,266371.000000000000000,5938,3801384,7251,3510972,12616,7045893
209,7/10/2021 15:00:00,3521,3538534,4405.000000000000000,3249006,305.000000000000000,266676.000000000000000,3826,3805210,4710,3515682,8231,7054124
210,7/11/2021 15:00:00,2681,3541215,2578.000000000000000,3251584,227.000000000000000,266903.000000000000000,2908,3808118,2805,3518487,5486,7059610
211,7/12/2021 15:00:00,4427,3545642,5132.000000000000000,3256716,379.000000000000000,267282.000000000000000,4806,3812924,5511,3523998,9938,7069548
212,7/13/2021 15:00:00,4669,3550311,4726.000000000000000,3261442,366.000000000000000,267648.000000000000000,5035,3817959,5092,3529090,9761,7079309
213,7/14/2021 15:00:00,4626,3554937,5290.000000000000000,3266732,422.000000000000000,268070.000000000000000,5048,3823007,5712,3534802,10338,7089647
214,7/15/2021 15:00:00,4914,3559851,5019.000000000000000,3271751,358.000000000000000,268428.000000000000000,5272,3828279,5377,3540179,10291,7099938
215,7/16/2021 15:00:00,6275,3566126,5851.000000000000000,3277602,405.000000000000000,268833.000000000000000,6680,3834959,6256,3546435,12531,7112469
216,7/17/2021 15:00:00,3416,3569542,3554.000000000000000,3281156,303.000000000000000,269136.000000000000000,3719,3838678,3857,3550292,7273,7119742
217,7/18/2021 15:00:00,2311,3571853,2383.000000000000000,3283539,110.000000000000000,269246.000000000000000,2421,3841099,2493,3552785,4804,7124546
218,7/19/2021 15:00:00,5147,3577000,4615.000000000000000,3288154,383.000000000000000,269629.000000000000000,5530,3846629,4998,3557783,10145,7134691
219,7/20/2021 15:00:00,5346,3582346,4728.000000000000000,3292882,367.000000000000000,269996.000000000000000,5713,3852342,5095,3562878,10441,7145132
220,7/21/2021 15:00:00,5665,3588011,4958.000000000000000,3297840,416.000000000000000,270412.000000000000000,6081,3858423,5374,3568252,11039,7156171
221,7/22/2021 15:00:00,6033,3594044,4650.000000000000000,3302490,472.000000000000000,270884.000000000000000,6505,3864928,5122,3573374,11155,7167326
222,7/23/2021 15:00:00,6846,3600890,4850.000000000000000,3307340,499.000000000000000,271383.000000000000000,7345,3872273,5349,3578723,12195,7179521
223,7/24/2021 15:00:00,4282,3605172,3209.000000000000000,3310549,267.000000000000000,271650.000000000000000,4549,3876822,3476,3582199,7758,7187279
224,7/25/2021 15:00:00,3300,3608472,1122.000000000000000,3311671,140.000000000000000,271790.000000000000000,3440,3880262,1262,3583461,4562,7191841
225,7/26/2021 15:00:00,6220,3614692,3912.000000000000000,3315583,419.000000000000000,272209.000000000000000,6639,3886901,4331,3587792,10551,7202392
226,7/27/2021 15:00:00,6607,3621299,4291.000000000000000,3319874,458.000000000000000,272667.000000000000000,7065,3893966,4749,3592541,11356,7213748
227,7/28/2021 15:00:00,7091,3628390,4153.000000000000000,3324027,460.000000000000000,273127.000000000000000,7551,3901517,4613,3597154,11704,7225452
228,7/29/2021 15:00:00,7084,3635474,4312.000000000000000,3328339,419.000000000000000,273546.000000000000000,7503,3909020,4731,3601885,11815,7237267
229,7/30/2021 15:00:00,7826,3643300,4814.000000000000000,3333153,527.000000000000000,274073.000000000000000,8353,3917373,5341,3607226,13167,7250434
230,7/31/2021 15:00:00,4794,3648094,3084.000000000000000,3336237,274.000000000000000,274347.000000000000000,5068,3922441,3358,3610584,8152,7258586
231,8/1/2021 15:00:00,3910,3652004,2190.000000000000000,3338427,165.000000000000000,274512.000000000000000,4075,3926516,2355,3612939,6265,7264851
232,8/2/2021 15:00:00,7277,3659281,3852.000000000000000,3342279,342.000000000000000,274854.000000000000000,7619,3934135,4194,3617133,11471,7276322
233,8/3/2021 15:00:00,7276,3666557,4109.000000000000000,3346388,517.000000000000000,275371.000000000000000,7793,3941928,4626,3621759,11902,7288224
234,8/4/2021 15:00:00,7430,3673987,4123.000000000000000,3350511,536.000000000000000,275907.000000000000000,7966,3949894,4659,3626418,12089,7300313
235,8/5/2021 15:00:00,7962,3681949,4305.000000000000000,3354816,539.000000000000000,276446.000000000000000,8501,3958395,4844,3631262,12806,7313119
236,8/6/2021 15:00:00,8341,3690290,4743.000000000000000,3359559,454.000000000000000,276900.000000000000000,8795,3967190,5197,3636459,13538,7326657
237,8/7/2021 15:00:00,5305,3695595,2842.000000000000000,3362401,264.000000000000000,277164.000000000000000,5569,3972759,3106,3639565,8411,7335068
238,8/8/2021 15:00:00,3979,3699574,2063.000000000000000,3364464,146.000000000000000,277310.000000000000000,4125,3976884,2209,3641774,6188,7341256
239,8/9/2021 15:00:00,6960,3706534,4568.000000000000000,3369032,370.000000000000000,277680.000000000000000,7330,3984214,4938,3646712,11898,7353154
240,8/10/2021 15:00:00,7176,3713710,4498.000000000000000,3373530,340.000000000000000,278020.000000000000000,7516,3991730,4838,3651550,12014,7365168
241,8/11/2021 15:00:00,7093,3720803,4449.000000000000000,3377979,443.000000000000000,278463.000000000000000,7536,3999266,4892,3656442,11985,7377153
242,8/12/2021 15:00:00,8643,3729446,4760.000000000000000,3382739,445.000000000000000,278908.000000000000000,9088,4008354,5205,3661647,13848,7391001
243,8/13/2021 15:00:00,7181,3736627,5410.000000000000000,3388149,397.000000000000000,279305.000000000000000,7578,4015932,5807,3667454,12988,7403989
244,8/14/2021 15:00:00,4924,3741551,3350.000000000000000,3391499,285.000000000000000,279590.000000000000000,5209,4021141,3635,3671089,8559,7412548
245,8/15/2021 15:00:00,3328,3744879,2741.000000000000000,3394240,163.000000000000000,279753.000000000000000,3491,4024632,2904,3673993,6232,7418780
246,8/16/2021 15:00:00,5456,3750335,5094.000000000000000,3399334,354.000000000000000,280107.000000000000000,5810,4030442,5448,3679441,10904,7429684
247,8/17/2021 15:00:00,6820,3757155,5365.000000000000000,3404699,391.000000000000000,280498.000000000000000,7211,4037653,5756,3685197,12576,7442260
248,8/18/2021 15:00:00,6335,3763490,5514.000000000000000,3410213,481.000000000000000,280979.000000000000000,6816,4044469,5995,3691192,12330,7454590
249,8/19/2021 15:00:00,6228,3769718,5558.000000000000000,3415771,417.000000000000000,281396.000000000000000,6645,4051114,5975,3697167,12203,7466793
250,8/20/2021 15:00:00,6846,3776564,6557.000000000000000,3422328,401.000000000000000,281797.000000000000000,7247,4058361,6958,3704125,13804,7480597
251,8/21/2021 15:00:00,4343,3780907,3919.000000000000000,3426247,229.000000000000000,282026.000000000000000,4572,4062933,4148,3708273,8491,7489088
252,8/22/2021 15:00:00,3060,3783967,3170.000000000000000,3429417,110.000000000000000,282136.000000000000000,3170,4066103,3280,3711553,6340,7495428
253,8/23/2021 15:00:00,5998,3789965,6108.000000000000000,3435525,287.000000000000000,282423.000000000000000,6285,4072388,6395,3717948,12393,7507821
254,8/24/2021 15:00:00,6548,3796513,6079.000000000000000,3441604,425.000000000000000,282848.000000000000000,6973,4079361,6504,3724452,13052,7520873
255,8/25/2021 15:00:00,6722,3803235,6229.000000000000000,3447833,440.000000000000000,283288.000000000000000,7162,4086523,6669,3731121,13391,7534264
256,8/26/2021 15:00:00,6971,3810206,6661.000000000000000,3454494,428.000000000000000,283716.000000000000000,7399,4093922,7089,3738210,14060,7548324
257,8/27/2021 15:00:00,6834,3817040,7088.000000000000000,3461582,317.000000000000000,284033.000000000000000,7151,4101073,7405,3745615,14239,7562563
258,8/28/2021 15:00:00,6908,3823948,6527.000000000000000,3468109,326.000000000000000,284359.000000000000000,7234,4108307,6853,3752468,13761,7576324
259,8/29/2021 15:00:00,3738,3827686,3693.000000000000000,3471802,610.000000000000000,284969.000000000000000,4348,4112655,4303,3756771,8041,7584365
260,8/30/2021 15:00:00,5931,3833617,6135.000000000000000,3477937,960.000000000000000,285929.000000000000000,6891,4119546,7095,3763866,13026,7597391
261,8/31/2021 15:00:00,5904,3839521,6079.000000000000000,3484016,946.000000000000000,286875.000000000000000,6850,4126396,7025,3770891,12929,7610320
262,9/1/2021 15:00:00,5597,3845118,5707.000000000000000,3489723,918.000000000000000,287793.000000000000000,6515,4132911,6625,3777516,12222,7622542
263,9/2/2021 15:00:00,5539,3850657,5949.000000000000000,3495672,709.000000000000000,288502.000000000000000,6248,4139159,6658,3784174,12197,7634739
264,9/3/2021 15:00:00,6011,3856668,6949.000000000000000,3502621,977.000000000000000,289479.000000000000000,6988,4146147,7926,3792100,13937,7648676
265,9/4/2021 15:00:00,3734,3860402,4356.000000000000000,3506977,878.000000000000000,290357.000000000000000,4612,4150759,5234,3797334,8968,7657644
266,9/5/2021 15:00:00,2957,3863359,2813.000000000000000,3509790,106.000000000000000,290463.000000000000000,3063,4153822,2919,3800253,5876,7663520
267,9/6/2021 15:00:00,1059,3864418,1161.000000000000000,3510951,69.000000000000000,290532.000000000000000,1128,4154950,1230,3801483,2289,7665809
268,9/7/2021 15:00:00,5350,3869768,7306.000000000000000,3518257,2303.000000000000000,292835.000000000000000,7653,4162603,9609,3811092,14959,7680768
269,9/8/2021 15:00:00,4656,3874424,5481.000000000000000,3523738,364.000000000000000,293199.000000000000000,5020,4167623,5845,3816937,10501,7691269
270,9/9/2021 15:00:00,5020,3879444,5468.000000000000000,3529206,325.000000000000000,293524.000000000000000,5345,4172968,5793,3822730,10813,7702082
271,9/10/2021 15:00:00,6527,3885971,6672.000000000000000,3535878,1719.000000000000000,295243.000000000000000,8246,4181214,8391,3831121,14918,7717000
272,9/11/2021 15:00:00,4177,3890148,4348.000000000000000,3540226,666.000000000000000,295909.000000000000000,4843,4186057,5014,3836135,9191,7726191
273,9/12/2021 15:00:00,3172,3893320,3239.000000000000000,3543465,436.000000000000000,296345.000000000000000,3608,4189665,3675,3839810,6847,7733038
274,9/13/2021 15:00:00,4887,3898207,5074.000000000000000,3548539,347.000000000000000,296692.000000000000000,5234,4194899,5421,3845231,10308,7743346
275,9/14/2021 15:00:00,4777,3902984,5447.000000000000000,3553986,437.000000000000000,297129.000000000000000,5214,4200113,5884,3851115,10661,7754007
276,9/15/2021 15:00:00,5049,3908033,5885.000000000000000,3559871,392.000000000000000,297521.000000000000000,5441,4205554,6277,3857392,11326,7765333
277,9/16/2021 15:00:00,4811,3912844,5853.000000000000000,3565724,336.000000000000000,297857.000000000000000,5147,4210701,6189,3863581,11000,7776333
278,9/17/2021 15:00:00,5282,3918126,6585.000000000000000,3572309,344.000000000000000,298201.000000000000000,5626,4216327,6929,3870510,12211,7788544
279,9/18/2021 15:00:00,3823,3921949,4580.000000000000000,3576889,185.000000000000000,298386.000000000000000,4008,4220335,4765,3875275,8588,7797132
280,9/19/2021 15:00:00,2741,3924690,3177.000000000000000,3580066,75.000000000000000,298461.000000000000000,2816,4223151,3252,3878527,5993,7803125
281,9/20/2021 15:00:00,3754,3928444,4685.000000000000000,3584751,429.000000000000000,298890.000000000000000,4183,4227334,5114,3883641,8868,7811993
282,9/21/2021 15:00:00,4005,3932449,5008.000000000000000,3589759,327.000000000000000,299217.000000000000000,4332,4231666,5335,3888976,9340,7821333
283,9/22/2021 15:00:00,4197,3936646,4780.000000000000000,3594539,459.000000000000000,299676.000000000000000,4656,4236322,5239,3894215,9436,7830769
284,9/23/2021 15:00:00,4185,3940831,4732.000000000000000,3599271,492.000000000000000,300168.000000000000000,4677,4240999,5224,3899439,9409,7840178
285,9/24/2021 15:00:00,5088,3945919,5616.000000000000000,3604887,422.000000000000000,300590.000000000000000,5510,4246509,6038,3905477,11126,7851304
286,9/25/2021 15:00:00,3640,3949559,3629.000000000000000,3608516,384.000000000000000,300974.000000000000000,4024,4250533,4013,3909490,7653,7858957
287,9/26/2021 15:00:00,2348,3951907,2666.000000000000000,3611182,431.000000000000000,301405.000000000000000,2779,4253312,3097,3912587,5445,7864402
288,9/27/2021 15:00:00,4509,3956416,2711.000000000000000,3613893,512.000000000000000,301917.000000000000000,5021,4258333,3223,3915810,7732,7872134
289,9/28/2021 15:00:00,4405,3960821,4453.000000000000000,3618346,211.000000000000000,302128.000000000000000,4616,4262949,4664,3920474,9069,7881203
290,9/29/2021 15:00:00,4695,3965516,4514.000000000000000,3622860,920.000000000000000,303048.000000000000000,5615,4268564,5434,3925908,10129,7891332
291,9/30/2021 15:00:00,4896,3970412,4563.000000000000000,3627423,796.000000000000000,303844.000000000000000,5692,4274256,5359,3931267,10255,7901587
292,10/1/2021 15:00:00,5525,3975937,5354.000000000000000,3632777,785.000000000000000,304629.000000000000000,6310,4280566,6139,3937406,11664,7913251
293,10/2/2021 15:00:00,2945,3978882,2898.000000000000000,3635675,187.000000000000000,304816.000000000000000,3132,4283698,3085,3940491,6030,7919281
294,10/3/2021 15:00:00,2075,3980957,2378.000000000000000,3638053,86.000000000000000,304902.000000000000000,2161,4285859,2464,3942955,4539,7923820
295,10/4/2021 15:00:00,4025,3984982,3500.000000000000000,3641553,232.000000000000000,305134.000000000000000,4257,4290116,3732,3946687,7757,7931577
296,10/5/2021 15:00:00,3954,3988936,3661.000000000000000,3645214,207.000000000000000,305341.000000000000000,4161,4294277,3868,3950555,7822,7939399
297,10/6/2021 15:00:00,4023,3992959,3572.000000000000000,3648786,266.000000000000000,305607.000000000000000,4289,4298566,3838,3954393,7861,7947260
298,10/7/2021 15:00:00,4233,3997192,3627.000000000000000,3652413,332.000000000000000,305939.000000000000000,4565,4303131,3959,3958352,8192,7955452
299,10/8/2021 15:00:00,4772,4001964,4291.000000000000000,3656704,283.000000000000000,306222.000000000000000,5055,4308186,4574,3962926,9346,7964798
300,10/9/2021 15:00:00,2692,4004656,2677.000000000000000,3659381,270.000000000000000,306492.000000000000000,2962,4311148,2947,3965873,5639,7970437
301,10/10/2021 15:00:00,1860,4006516,1850.000000000000000,3661231,59.000000000000000,306551.000000000000000,1919,4313067,1909,3967782,3769,7974206
302,10/11/2021 15:00:00,4211,4010727,3314.000000000000000,3664545,250.000000000000000,306801.000000000000000,4461,4317528,3564,3971346,7775,7981981
303,10/12/2021 15:00:00,3601,4014328,3536.000000000000000,3668081,273.000000000000000,307074.000000000000000,3874,4321402,3809,3975155,7410,7989391
304,10/13/2021 15:00:00,3982,4018310,3457.000000000000000,3671538,346.000000000000000,307420.000000000000000,4328,4325730,3803,3978958,7785,7997176
305,10/14/2021 15:00:00,5165,4023475,5497.000000000000000,3677035,431.000000000000000,307851.000000000000000,5596,4331326,5928,3984886,11093,8008269
306,10/15/2021 15:00:00,4758,4028233,4602.000000000000000,3681637,347.000000000000000,308198.000000000000000,5105,4336431,4949,3989835,9707,8017976
307,10/16/2021 15:00:00,2497,4030730,2516.000000000000000,3684153,291.000000000000000,308489.000000000000000,2788,4339219,2807,3992642,5304,8023280
308,10/17/2021 15:00:00,1805,4032535,1774.000000000000000,3685927,55.000000000000000,308544.000000000000000,1860,4341079,1829,3994471,3634,8026914
309,10/18/2021 15:00:00,4282,4036817,3577.000000000000000,3689504,268.000000000000000,308812.000000000000000,4550,4345629,3845,3998316,8127,8035041
310,10/19/2021 15:00:00,4304,4041121,4006.000000000000000,3693510,223.000000000000000,309035.000000000000000,4527,4350156,4229,4002545,8533,8043574
311,10/20/2021 15:00:00,3537,4044658,3421.000000000000000,3696931,255.000000000000000,309290.000000000000000,3792,4353948,3676,4006221,7213,8050787
312,10/21/2021 15:00:00,3300,4047958,3275.000000000000000,3700206,291.000000000000000,309581.000000000000000,3591,4357539,3566,4009787,6866,8057653
313,10/22/2021 15:00:00,4682,4052640,4033.000000000000000,3704239,477.000000000000000,310058.000000000000000,5159,4362698,4510,4014297,9192,8066845
314,10/23/2021 15:00:00,2885,4055525,2112.000000000000000,3706351,321.000000000000000,310379.000000000000000,3206,4365904,2433,4016730,5318,8072163
315,10/24/2021 15:00:00,2057,4057582,1551.000000000000000,3707902,79.000000000000000,310458.000000000000000,2136,4368040,1630,4018360,3687,8075850
316,10/25/2021 15:00:00,4547,4062129,3068.000000000000000,3710970,320.000000000000000,310778.000000000000000,4867,4372907,3388,4021748,7935,8083785
317,10/26/2021 15:00:00,4512,4066641,3076.000000000000000,3714046,316.000000000000000,311094.000000000000000,4828,4377735,3392,4025140,7904,8091689
318,10/27/2021 15:00:00,4735,4071376,3338.000000000000000,3717384,436.000000000000000,311530.000000000000000,5171,4382906,3774,4028914,8509,8100198
319,10/28/2021 15:00:00,4570,4075946,3359.000000000000000,3720743,501.000000000000000,312031.000000000000000,5071,4387977,3860,4032774,8430,8108628
320,10/29/2021 15:00:00,4990,4080936,3917.000000000000000,3724660,395.000000000000000,312426.000000000000000,5385,4393362,4312,4037086,9302,8117930
321,10/30/2021 15:00:00,2633,4083569,1841.000000000000000,3726501,307.000000000000000,312733.000000000000000,2940,4396302,2148,4039234,4781,8122711
322,10/31/2021 15:00:00,1933,4085502,1518.000000000000000,3728019,93.000000000000000,312826.000000000000000,2026,4398328,1611,4040845,3544,8126255
323,11/1/2021 15:00:00,4730,4090232,3433.000000000000000,3731452,349.000000000000000,313175.000000000000000,5079,4403407,3782,4044627,8512,8134767
324,11/2/2021 15:00:00,4264,4094496,2940.000000000000000,3734392,409.000000000000000,313584.000000000000000,4673,4408080,3349,4047976,7613,8142380
325,11/3/2021 15:00:00,4664,4099160,3047.000000000000000,3737439,464.000000000000000,314048.000000000000000,5128,4413208,3511,4051487,8175,8150555
326,11/4/2021 15:00:00,6320,4105480,3366.000000000000000,3740805,513.000000000000000,314561.000000000000000,6833,4420041,3879,4055366,10199,8160754
327,11/5/2021 15:00:00,8242,4113722,3768.000000000000000,3744573,413.000000000000000,314974.000000000000000,8655,4428696,4181,4059547,12423,8173177
328,11/6/2021 15:00:00,10173,4123895,1970.000000000000000,3746543,308.000000000000000,315282.000000000000000,10481,4439177,2278,4061825,12451,8185628
329,11/7/2021 15:00:00,7716,4131611,1461.000000000000000,3748004,95.000000000000000,315377.000000000000000,7811,4446988,1556,4063381,9272,8194900
330,11/8/2021 15:00:00,11307,4142918,3049.000000000000000,3751053,379.000000000000000,315756.000000000000000,11686,4458674,3428,4066809,14735,8209635
331,11/9/2021 15:00:00,11763,4154681,2645.000000000000000,3753698,268.000000000000000,316024.000000000000000,12031,4470705,2913,4069722,14676,8224311
332,11/10/2021 15:00:00,12594,4167275,2760.000000000000000,3756458,339.000000000000000,316363.000000000000000,12933,4483638,3099,4072821,15693,8240004
333,11/11/2021 15:00:00,11374,4178649,2373.000000000000000,3758831,280.000000000000000,316643.000000000000000,11654,4495292,2653,4075474,14027,8254031
334,11/12/2021 15:00:00,12297,4190946,3356.000000000000000,3762187,548.000000000000000,317191.000000000000000,12845,4508137,3904,4079378,16201,8270232
335,11/13/2021 15:00:00,9895,4200841,1593.000000000000000,3763780,342.000000000000000,317533.000000000000000,10237,4518374,1935,4081313,11830,8282062
336,11/14/2021 15:00:00,4199,4205040,1113.000000000000000,3764893,121.000000000000000,317654.000000000000000,4320,4522694,1234,4082547,5433,8287495
337,11/15/2021 15:00:00,8629,4213669,2518.000000000000000,3767411,210.000000000000000,317864.000000000000000,8839,4531533,2728,4085275,11357,8298852
338,11/16/2021 15:00:00,9230,4222899,2505.000000000000000,3769916,257.000000000000000,318121.000000000000000,9487,4541020,2762,4088037,11992,8310844
339,11/17/2021 15:00:00,9388,4232287,2862.000000000000000,3772778,312.000000000000000,318433.000000000000000,9700,4550720,3174,4091211,12562,8323406
340,11/18/2021 15:00:00,9281,4241568,2623.000000000000000,3775401,481.000000000000000,318914.000000000000000,9762,4560482,3104,4094315,12385,8335791
341,11/19/2021 15:00:00,9809,4251377,2919.000000000000000,3778320,381.000000000000000,319295.000000000000000,10190,4570672,3300,4097615,13109,8348900
342,11/20/2021 15:00:00,10634,4262011,1602.000000000000000,3779922,455.000000000000000,319750.000000000000000,11089,4581761,2057,4099672,12691,8361591
343,11/21/2021 15:00:00,4342,4266353,1201.000000000000000,3781123,100.000000000000000,319850.000000000000000,4442,4586203,1301,4100973,5643,8367234
344,11/22/2021 15:00:00,9828,4276181,2489.000000000000000,3783612,293.000000000000000,320143.000000000000000,10121,4596324,2782,4103755,12610,8379844
345,11/23/2021 15:00:00,9213,4285394,2388.000000000000000,3786000,283.000000000000000,320426.000000000000000,9496,4605820,2671,4106426,11884,8391728
346,11/24/2021 15:00:00,8172,4293566,2434.000000000000000,3788434,216.000000000000000,320642.000000000000000,8388,4614208,2650,4109076,10822,8402550
347,11/25/2021 15:00:00,239,4293805,78.000000000000000,3788512,10.000000000000000,320652.000000000000000,249,4614457,88,4109164,327,8402877
348,11/26/2021 15:00:00,5650,4299455,3963.000000000000000,3792475,153.000000000000000,320805.000000000000000,5803,4620260,4116,4113280,9766,8412643
349,11/27/2021 15:00:00,3781,4303236,5481.000000000000000,3797956,134.000000000000000,320939.000000000000000,3915,4624175,5615,4118895,9396,8422039
350,11/28/2021 15:00:00,2414,4305650,6385.000000000000000,3804341,77.000000000000000,321016.000000000000000,2491,4626666,6462,4125357,8876,8430915
351,11/29/2021 15:00:00,6385,4312035,9298.000000000000000,3813639,379.000000000000000,321395.000000000000000,6764,4633430,9677,4135034,16062,8446977
352,11/30/2021 15:00:00,6256,4318291,9321.000000000000000,3822960,264.000000000000000,321659.000000000000000,6520,4639950,9585,4144619,15841,8462818
353,12/1/2021 15:00:00,7323,4325614,9730.000000000000000,3832690,308.000000000000000,321967.000000000000000,7631,4647581,10038,4154657,17361,8480179
354,12/2/2021 15:00:00,6930,4332544,8790.000000000000000,3841480,450.000000000000000,322417.000000000000000,7380,4654961,9240,4163897,16170,8496349
355,12/3/2021 15:00:00,7615,4340159,9271.000000000000000,3850751,251.000000000000000,322668.000000000000000,7866,4662827,9522,4173419,17137,8513486
356,12/4/2021 15:00:00,5950,4346109,10053.000000000000000,3860804,467.000000000000000,323135.000000000000000,6417,4669244,10520,4183939,16470,8529956
357,12/5/2021 15:00:00,3445,4349554,3548.000000000000000,3864352,78.000000000000000,323213.000000000000000,3523,4672767,3626,4187565,7071,8537027
358,12/6/2021 15:00:00,6769,4356323,7098.000000000000000,3871450,281.000000000000000,323494.000000000000000,7050,4679817,7379,4194944,14148,8551175
359,12/7/2021 15:00:00,6422,4362745,7042.000000000000000,3878492,250.000000000000000,323744.000000000000000,6672,4686489,7292,4202236,13714,8564889
360,12/8/2021 15:00:00,6945,4369690,7413.000000000000000,3885905,315.000000000000000,324059.000000000000000,7260,4693749,7728,4209964,14673,8579562
361,12/9/2021 15:00:00,6549,4376239,7030.000000000000000,3892935,398.000000000000000,324457.000000000000000,6947,4700696,7428,4217392,13977,8593539
362,12/10/2021 15:00:00,7292,4383531,7330.000000000000000,3900265,232.000000000000000,324689.000000000000000,7524,4708220,7562,4224954,14854,8608393
363,12/11/2021 15:00:00,4462,4387993,7675.000000000000000,3907940,333.000000000000000,325022.000000000000000,4795,4713015,8008,4232962,12470,8620863
364,12/12/2021 15:00:00,4001,4391994,2771.000000000000000,3910711,60.000000000000000,325082.000000000000000,4061,4717076,2831,4235793,6832,8627695
365,12/13/2021 15:00:00,5697,4397691,5768.000000000000000,3916479,243.000000000000000,325325.000000000000000,5940,4723016,6011,4241804,11708,8639403
366,12/14/2021 15:00:00,6468,4404159,5931.000000000000000,3922410,222.000000000000000,325547.000000000000000,6690,4729706,6153,4247957,12621,8652024
367,12/15/2021 15:00:00,7176,4411335,5722.000000000000000,3928132,258.000000000000000,325805.000000000000000,7434,4737140,5980,4253937,13156,8665180
368,12/16/2021 15:00:00,7899,4419234,2827.000000000000000,3930959,423.000000000000000,326228.000000000000000,8322,4745462,3250,4257187,11149,8676329
369,12/17/2021 15:00:00,7849,4427083,4164.000000000000000,3935123,195.000000000000000,326423.000000000000000,8044,4753506,4359,4261546,12208,8688537
370,12/18/2021 15:00:00,5844,4432927,3185.000000000000000,3938308,298.000000000000000,326721.000000000000000,6142,4759648,3483,4265029,9327,8697864
371,12/19/2021 15:00:00,3375,4436302,1343.000000000000000,3939651,37.000000000000000,326758.000000000000000,3412,4763060,1380,4266409,4755,8702619
372,12/20/2021 15:00:00,8101,4444403,3749.000000000000000,3943400,173.000000000000000,326931.000000000000000,8274,4771334,3922,4270331,12023,8714642
373,12/21/2021 15:00:00,9000,4453403,4161.000000000000000,3947561,175.000000000000000,327106.000000000000000,9175,4780509,4336,4274667,13336,8727978
374,12/22/2021 15:00:00,8699,4462102,3878.000000000000000,3951439,184.000000000000000,327290.000000000000000,8883,4789392,4062,4278729,12761,8740739
375,12/23/2021 15:00:00,8416,4470518,3575.000000000000000,3955014,359.000000000000000,327649.000000000000000,8775,4798167,3934,4282663,12350,8753089
376,12/24/2021 15:00:00,1636,4472154,1010.000000000000000,3956024,39.000000000000000,327688.000000000000000,1675,4799842,1049,4283712,2685,8755774
377,12/25/2021 15:00:00,47,4472201,36.000000000000000,3956060,1.000000000000000,327689.000000000000000,48,4799890,37,4283749,84,8755858
378,12/26/2021 15:00:00,2519,4474720,1746.000000000000000,3957806,44.000000000000000,327733.000000000000000,2563,4802453,1790,4285539,4309,8760167
379,12/27/2021 15:00:00,7221,4481941,4003.000000000000000,3961809,297.000000000000000,328030.000000000000000,7518,4809971,4300,4289839,11521,8771688
380,12/28/2021 15:00:00,7945,4489886,3861.000000000000000,3965670,178.000000000000000,328208.000000000000000,8123,4818094,4039,4293878,11984,8783672
381,12/29/2021 15:00:00,8244,4498130,4021.000000000000000,3969691,156.000000000000000,328364.000000000000000,8400,4826494,4177,4298055,12421,8796093
382,12/30/2021 15:00:00,7488,4505618,3794.000000000000000,3973485,290.000000000000000,328654.000000000000000,7778,4834272,4084,4302139,11572,8807665
383,12/31/2021 15:00:00,2578,4508196,1532.000000000000000,3975017,90.000000000000000,328744.000000000000000,2668,4836940,1622,4303761,4200,8811865
384,1/1/2022 15:00:00,737,4508933,347.000000000000000,3975364,34.000000000000000,328778.000000000000000,771,4837711,381,4304142,1118,8812983
385,1/2/2022 15:00:00,2216,4511149,1650.000000000000000,3977014,48.000000000000000,328826.000000000000000,2264,4839975,1698,4305840,3914,8816897
386,1/3/2022 15:00:00,3398,4514547,2066.000000000000000,3979080,222.000000000000000,329048.000000000000000,3620,4843595,2288,4308128,5686,8822583
387,1/4/2022 15:00:00,5856,4520403,3489.000000000000000,3982569,165.000000000000000,329213.000000000000000,6021,4849616,3654,4311782,9510,8832093
388,1/5/2022 15:00:00,6837,4527240,4696.000000000000000,3987265,175.000000000000000,329388.000000000000000,7012,4856628,4871,4316653,11708,8843801
389,1/6/2022 15:00:00,6783,4534023,4825.000000000000000,3992090,265.000000000000000,329653.000000000000000,7048,4863676,5090,4321743,11873,8855674
390,1/7/2022 15:00:00,6010,4540033,3784.000000000000000,3995874,162.000000000000000,329815.000000000000000,6172,4869848,3946,4325689,9956,8865630
391,1/8/2022 15:00:00,4809,4544842,3913.000000000000000,3999787,78.000000000000000,329893.000000000000000,4887,4874735,3991,4329680,8800,8874430
392,1/9/2022 15:00:00,2764,4547606,2017.000000000000000,4001804,154.000000000000000,330047.000000000000000,2918,4877653,2171,4331851,4935,8879365
393,1/10/2022 15:00:00,6359,4553965,3843.000000000000000,4005647,161.000000000000000,330208.000000000000000,6520,4884173,4004,4335855,10363,8889728
394,1/11/2022 15:00:00,6568,4560533,4258.000000000000000,4009905,142.000000000000000,330350.000000000000000,6710,4890883,4400,4340255,10968,8900696
395,1/12/2022 15:00:00,6832,4567365,4445.000000000000000,4014350,225.000000000000000,330575.000000000000000,7057,4897940,4670,4344925,11502,8912198
396,1/13/2022 15:00:00,6680,4574045,4390.000000000000000,4018740,153.000000000000000,330728.000000000000000,6833,4904773,4543,4349468,11223,8923421
397,1/14/2022 15:00:00,7235,4581280,3294.000000000000000,4022034,252.000000000000000,330980.000000000000000,7487,4912260,3546,4353014,10781,8934202
398,1/15/2022 15:00:00,4278,4585558,1698.000000000000000,4023732,71.000000000000000,331051.000000000000000,4349,4916609,1769,4354783,6047,8940249
399,1/16/2022 15:00:00,2219,4587777,1320.000000000000000,4025052,116.000000000000000,331167.000000000000000,2335,4918944,1436,4356219,3655,8943904
400,1/17/2022 15:00:00,3629,4591406,2372.000000000000000,4027424,74.000000000000000,331241.000000000000000,3703,4922647,2446,4358665,6075,8949979
401,1/18/2022 15:00:00,5299,4596705,4204.000000000000000,4031628,102.000000000000000,331343.000000000000000,5401,4928048,4306,4362971,9605,8959584
402,1/19/2022 15:00:00,5298,4602003,4483.000000000000000,4036111,99.000000000000000,331442.000000000000000,5397,4933445,4582,4367553,9880,8969464
403,1/20/2022 15:00:00,4529,4606532,3628.000000000000000,4039739,176.000000000000000,331618.000000000000000,4705,4938150,3804,4371357,8333,8977797
404,1/21/2022 15:00:00,5607,4612139,2936.000000000000000,4042675,126.000000000000000,331744.000000000000000,5733,4943883,3062,4374419,8669,8986466
405,1/22/2022 15:00:00,3462,4615601,1727.000000000000000,4044402,134.000000000000000,331878.000000000000000,3596,4947479,1861,4376280,5323,8991789
406,1/23/2022 15:00:00,2032,4617633,1494.000000000000000,4045896,30.000000000000000,331908.000000000000000,2062,4949541,1524,4377804,3556,8995345
407,1/24/2022 15:00:00,4126,4621759,2773.000000000000000,4048669,89.000000000000000,331997.000000000000000,4215,4953756,2862,4380666,6988,9002333
408,1/25/2022 15:00:00,3818,4625577,3315.000000000000000,4051984,95.000000000000000,332092.000000000000000,3913,4957669,3410,4384076,7228,9009561
409,1/26/2022 15:00:00,3879,4629456,3698.000000000000000,4055682,94.000000000000000,332186.000000000000000,3973,4961642,3792,4387868,7671,9017232
410,1/27/2022 15:00:00,3780,4633236,3922.000000000000000,4059604,187.000000000000000,332373.000000000000000,3967,4965609,4109,4391977,7889,9025121
411,1/28/2022 15:00:00,3861,4637097,3285.000000000000000,4062889,75.000000000000000,332448.000000000000000,3936,4969545,3360,4395337,7221,9032342
412,1/29/2022 15:00:00,2304,4639401,2294.000000000000000,4065183,117.000000000000000,332565.000000000000000,2421,4971966,2411,4397748,4715,9037057
413,1/30/2022 15:00:00,1560,4640961,1637.000000000000000,4066820,16.000000000000000,332581.000000000000000,1576,4973542,1653,4399401,3213,9040270
414,1/31/2022 15:00:00,2998,4643959,3238.000000000000000,4070058,58.000000000000000,332639.000000000000000,3056,4976598,3296,4402697,6294,9046564
415,2/1/2022 15:00:00,2644,4646603,3410.000000000000000,4073468,75.000000000000000,332714.000000000000000,2719,4979317,3485,4406182,6129,9052693
416,2/2/2022 15:00:00,2818,4649421,3725.000000000000000,4077193,77.000000000000000,332791.000000000000000,2895,4982212,3802,4409984,6620,9059313
417,2/3/2022 15:00:00,2764,4652185,3654.000000000000000,4080847,41.000000000000000,332832.000000000000000,2805,4985017,3695,4413679,6459,9065772
418,2/4/2022 15:00:00,2781,4654966,4383.000000000000000,4085230,128.000000000000000,332960.000000000000000,2909,4987926,4511,4418190,7292,9073064
419,2/5/2022 15:00:00,1927,4656893,2899.000000000000000,4088129,112.000000000000000,333072.000000000000000,2039,4989965,3011,4421201,4938,9078002
420,2/6/2022 15:00:00,1064,4657957,1343.000000000000000,4089472,24.000000000000000,333096.000000000000000,1088,4991053,1367,4422568,2431,9080433
421,2/7/2022 15:00:00,2061,4660018,2692.000000000000000,4092164,47.000000000000000,333143.000000000000000,2108,4993161,2739,4425307,4800,9085233
422,2/8/2022 15:00:00,2081,4662099,3070.000000000000000,4095234,63.000000000000000,333206.000000000000000,2144,4995305,3133,4428440,5214,9090447
423,2/9/2022 15:00:00,2205,4664304,3309.000000000000000,4098543,73.000000000000000,333279.000000000000000,2278,4997583,3382,4431822,5587,9096034
424,2/10/2022 15:00:00,2074,4666378,2852.000000000000000,4101395,55.000000000000000,333334.000000000000000,2129,4999712,2907,4434729,4981,9101015
425,2/11/2022 15:00:00,2467,4668845,3492.000000000000000,4104887,121.000000000000000,333455.000000000000000,2588,5002300,3613,4438342,6080,9107095
426,2/12/2022 15:00:00,1650,4670495,2276.000000000000000,4107163,97.000000000000000,333552.000000000000000,1747,5004047,2373,4440715,4023,9111118
427,2/13/2022 15:00:00,740,4671235,1081.000000000000000,4108244,17.000000000000000,333569.000000000000000,757,5004804,1098,4441813,1838,9112956
428,2/14/2022 15:00:00,1462,4672697,2230.000000000000000,4110474,65.000000000000000,333634.000000000000000,1527,5006331,2295,4444108,3757,9116713
429,2/15/2022 15:00:00,1914,4674611,2429.000000000000000,4112903,47.000000000000000,333681.000000000000000,1961,5008292,2476,4446584,4390,9121103
430,2/16/2022 15:00:00,1655,4676266,2401.000000000000000,4115304,50.000000000000000,333731.000000000000000,1705,5009997,2451,4449035,4106,9125209
431,2/17/2022 15:00:00,16796,4693062,12859.000000000000000,4128163,480.000000000000000,334211.000000000000000,17276,5027273,13339,4462374,30135,9155344
432,2/18/2022 15:00:00,1005,4694067,1306.000000000000000,4129469,29.000000000000000,334240.000000000000000,1034,5028307,1335,4463709,2340,9157684