OBJECTID,VACCINATION_DATE,FirstDailyDose,FirstDoseCumulative,SecondDailyDose,SecondDoseCumulative,SingleDailyDose,SingleDoseCumulative,AtleastOneVaccine,AtleastOneVaccineCumulative,CompletedVax,CompletedVaxCumulative,FirstSecondSingleVaccination_12,FirstSecondSingleVaccination_13
1,12/14/2020 15:00:00,19,1436,,528,,,19,1436,0,528,19,1860
2,12/15/2020 15:00:00,61,1497,3.000000000000000,531,,,61,1497,3,531,64,1924
3,12/16/2020 15:00:00,596,2093,5.000000000000000,536,,,596,2093,5,536,601,2525
4,12/17/2020 15:00:00,1165,3258,8.000000000000000,544,,,1165,3258,8,544,1173,3698
5,12/18/2020 15:00:00,3027,6285,12.000000000000000,556,,,3027,6285,12,556,3039,6737
6,12/19/2020 15:00:00,929,7214,7.000000000000000,563,,,929,7214,7,563,936,7673
7,12/20/2020 15:00:00,365,7579,6.000000000000000,569,,,365,7579,6,569,371,8044
8,12/21/2020 15:00:00,3892,11471,27.000000000000000,596,,,3892,11471,27,596,3919,11963
9,12/22/2020 15:00:00,6325,17796,28.000000000000000,624,,,6325,17796,28,624,6353,18316
10,12/23/2020 15:00:00,5789,23585,37.000000000000000,661,,,5789,23585,37,661,5826,24142
11,12/24/2020 15:00:00,2729,26314,15.000000000000000,676,,,2729,26314,15,676,2744,26886
12,12/25/2020 15:00:00,1035,27349,4.000000000000000,680,,,1035,27349,4,680,1039,27925
13,12/26/2020 15:00:00,1883,29232,10.000000000000000,690,,,1883,29232,10,690,1893,29818
14,12/27/2020 15:00:00,1803,31035,12.000000000000000,702,,,1803,31035,12,702,1815,31633
15,12/28/2020 15:00:00,8987,40022,51.000000000000000,753,,,8987,40022,51,753,9038,40671
16,12/29/2020 15:00:00,10974,50996,53.000000000000000,806,,,10974,50996,53,806,11027,51698
17,12/30/2020 15:00:00,12498,63494,92.000000000000000,898,,,12498,63494,92,898,12590,64288
18,12/31/2020 15:00:00,7558,71052,47.000000000000000,945,,,7558,71052,47,945,7605,71893
19,1/1/2021 15:00:00,3332,74384,145.000000000000000,1090,,,3332,74384,145,1090,3477,75370
20,1/2/2021 15:00:00,3050,77434,34.000000000000000,1124,,,3050,77434,34,1124,3084,78454
21,1/3/2021 15:00:00,3412,80846,82.000000000000000,1206,,,3412,80846,82,1206,3494,81948
22,1/4/2021 15:00:00,13368,94214,337.000000000000000,1543,,,13368,94214,337,1543,13705,95653
23,1/5/2021 15:00:00,12490,106704,550.000000000000000,2093,,,12490,106704,550,2093,13040,108693
24,1/6/2021 15:00:00,15273,121977,868.000000000000000,2961,,,15273,121977,868,2961,16141,124834
25,1/7/2021 15:00:00,15051,137028,1778.000000000000000,4739,,,15051,137028,1778,4739,16829,141663
26,1/8/2021 15:00:00,24019,161047,2788.000000000000000,7527,,,24019,161047,2788,7527,26807,168470
27,1/9/2021 15:00:00,5177,166224,956.000000000000000,8483,,,5177,166224,956,8483,6133,174603
28,1/10/2021 15:00:00,2973,169197,386.000000000000000,8869,,,2973,169197,386,8869,3359,177962
29,1/11/2021 15:00:00,13737,182934,3476.000000000000000,12345,,,13737,182934,3476,12345,17213,195175
30,1/12/2021 15:00:00,17399,200333,5594.000000000000000,17939,,,17399,200333,5594,17939,22993,218168
31,1/13/2021 15:00:00,18626,218959,3934.000000000000000,21873,,,18626,218959,3934,21873,22560,240728
32,1/14/2021 15:00:00,17869,236828,1964.000000000000000,23837,,,17869,236828,1964,23837,19833,260561
33,1/15/2021 15:00:00,19492,256320,2032.000000000000000,25869,,,19492,256320,2032,25869,21524,282085
34,1/16/2021 15:00:00,5841,262161,1618.000000000000000,27487,,,5841,262161,1618,27487,7459,289544
35,1/17/2021 15:00:00,2125,264286,1480.000000000000000,28967,,,2125,264286,1480,28967,3605,293149
36,1/18/2021 15:00:00,7081,271367,3266.000000000000000,32233,,,7081,271367,3266,32233,10347,303496
37,1/19/2021 15:00:00,16956,288323,5412.000000000000000,37645,,,16956,288323,5412,37645,22368,325864
38,1/20/2021 15:00:00,21013,309336,5329.000000000000000,42974,,,21013,309336,5329,42974,26342,352206
39,1/21/2021 15:00:00,23819,333155,3855.000000000000000,46829,,,23819,333155,3855,46829,27674,379880
40,1/22/2021 15:00:00,28662,361817,3762.000000000000000,50591,,,28662,361817,3762,50591,32424,412304
41,1/23/2021 15:00:00,10127,371944,1945.000000000000000,52536,,,10127,371944,1945,52536,12072,424376
42,1/24/2021 15:00:00,3359,375303,1723.000000000000000,54259,,,3359,375303,1723,54259,5082,429458
43,1/25/2021 15:00:00,16312,391615,8613.000000000000000,62872,,,16312,391615,8613,62872,24925,454383
44,1/26/2021 15:00:00,17565,409180,8980.000000000000000,71852,,,17565,409180,8980,71852,26545,480928
45,1/27/2021 15:00:00,24443,433623,12562.000000000000000,84414,,,24443,433623,12562,84414,37005,517933
46,1/28/2021 15:00:00,22665,456288,9333.000000000000000,93747,,,22665,456288,9333,93747,31998,549931
47,1/29/2021 15:00:00,24787,481075,7933.000000000000000,101680,,,24787,481075,7933,101680,32720,582651
48,1/30/2021 15:00:00,17781,498856,2570.000000000000000,104250,,,17781,498856,2570,104250,20351,603002
49,1/31/2021 15:00:00,3765,502621,1373.000000000000000,105623,,,3765,502621,1373,105623,5138,608140
50,2/1/2021 15:00:00,8145,510766,5407.000000000000000,111030,,,8145,510766,5407,111030,13552,621692
51,2/2/2021 15:00:00,12517,523283,13832.000000000000000,124862,,,12517,523283,13832,124862,26349,648041
52,2/3/2021 15:00:00,18264,541547,18144.000000000000000,143006,,,18264,541547,18144,143006,36408,684449
53,2/4/2021 15:00:00,22141,563688,15803.000000000000000,158809,,,22141,563688,15803,158809,37944,722393
54,2/5/2021 15:00:00,20414,584102,17446.000000000000000,176255,,,20414,584102,17446,176255,37860,760253
55,2/6/2021 15:00:00,11377,595479,14535.000000000000000,190790,,,11377,595479,14535,190790,25912,786165
56,2/7/2021 15:00:00,5990,601469,1945.000000000000000,192735,,,5990,601469,1945,192735,7935,794100
57,2/8/2021 15:00:00,13012,614481,12981.000000000000000,205716,,,13012,614481,12981,205716,25993,820093
58,2/9/2021 15:00:00,16665,631146,13883.000000000000000,219599,,,16665,631146,13883,219599,30548,850641
59,2/10/2021 15:00:00,19325,650471,21317.000000000000000,240916,,,19325,650471,21317,240916,40642,891283
60,2/11/2021 15:00:00,22948,673419,17384.000000000000000,258300,,,22948,673419,17384,258300,40332,931615
61,2/12/2021 15:00:00,20439,693858,19672.000000000000000,277972,,,20439,693858,19672,277972,40111,971726
62,2/13/2021 15:00:00,11468,705326,6423.000000000000000,284395,,,11468,705326,6423,284395,17891,989617
63,2/14/2021 15:00:00,7121,712447,2137.000000000000000,286532,,,7121,712447,2137,286532,9258,998875
64,2/15/2021 15:00:00,11771,724218,13346.000000000000000,299878,,,11771,724218,13346,299878,25117,1023992
65,2/16/2021 15:00:00,16653,740871,21030.000000000000000,320908,,,16653,740871,21030,320908,37683,1061675
66,2/17/2021 15:00:00,20681,761552,26386.000000000000000,347294,,,20681,761552,26386,347294,47067,1108742
67,2/18/2021 15:00:00,3201,764753,4624.000000000000000,351918,,,3201,764753,4624,351918,7825,1116567
68,2/19/2021 15:00:00,10261,775014,19930.000000000000000,371848,,,10261,775014,19930,371848,30191,1146758
69,2/20/2021 15:00:00,10320,785334,20303.000000000000000,392151,,,10320,785334,20303,392151,30623,1177381
70,2/21/2021 15:00:00,6190,791524,7664.000000000000000,399815,,,6190,791524,7664,399815,13854,1191235
71,2/22/2021 15:00:00,8037,799561,15488.000000000000000,415303,,,8037,799561,15488,415303,23525,1214760
72,2/23/2021 15:00:00,15544,815105,15980.000000000000000,431283,,,15544,815105,15980,431283,31524,1246284
73,2/24/2021 15:00:00,17999,833104,24846.000000000000000,456129,,,17999,833104,24846,456129,42845,1289129
74,2/25/2021 15:00:00,20390,853494,26584.000000000000000,482713,,,20390,853494,26584,482713,46974,1336103
75,2/26/2021 15:00:00,26700,880194,26277.000000000000000,508990,,,26700,880194,26277,508990,52977,1389080
76,2/27/2021 15:00:00,16031,896225,11162.000000000000000,520152,,,16031,896225,11162,520152,27193,1416273
77,2/28/2021 15:00:00,15523,911748,4891.000000000000000,525043,,,15523,911748,4891,525043,20414,1436687
78,3/1/2021 15:00:00,27153,938901,12652.000000000000000,537695,,,27153,938901,12652,537695,39805,1476492
79,3/2/2021 15:00:00,23988,962889,13300.000000000000000,550995,36.000000000000000,36.000000000000000,24024,962925,13336,551031,37324,1513816
80,3/3/2021 15:00:00,30231,993120,18415.000000000000000,569410,190.000000000000000,226.000000000000000,30421,993346,18605,569636,48836,1562652
81,3/4/2021 15:00:00,31003,1024123,18253.000000000000000,587663,4068.000000000000000,4294.000000000000000,35071,1028417,22321,591957,53324,1615976
82,3/5/2021 15:00:00,30080,1054203,19762.000000000000000,607425,4909.000000000000000,9203.000000000000000,34989,1063406,24671,616628,54751,1670727
83,3/6/2021 15:00:00,18990,1073193,9537.000000000000000,616962,6010.000000000000000,15213.000000000000000,25000,1088406,15547,632175,34537,1705264
84,3/7/2021 15:00:00,12150,1085343,4929.000000000000000,621891,6610.000000000000000,21823.000000000000000,18760,1107166,11539,643714,23689,1728953
85,3/8/2021 15:00:00,25924,1111267,8859.000000000000000,630750,8274.000000000000000,30097.000000000000000,34198,1141364,17133,660847,43057,1772010
86,3/9/2021 15:00:00,26143,1137410,15494.000000000000000,646244,8343.000000000000000,38440.000000000000000,34486,1175850,23837,684684,49980,1821990
87,3/10/2021 15:00:00,29885,1167295,16048.000000000000000,662292,7937.000000000000000,46377.000000000000000,37822,1213672,23985,708669,53870,1875860
88,3/11/2021 15:00:00,36010,1203305,16419.000000000000000,678711,3982.000000000000000,50359.000000000000000,39992,1253664,20401,729070,56411,1932271
89,3/12/2021 15:00:00,36904,1240209,18151.000000000000000,696862,2929.000000000000000,53288.000000000000000,39833,1293497,21080,750150,57984,1990255
90,3/13/2021 15:00:00,22669,1262878,10332.000000000000000,707194,1629.000000000000000,54917.000000000000000,24298,1317795,11961,762111,34630,2024885
91,3/14/2021 15:00:00,17833,1280711,6737.000000000000000,713931,1009.000000000000000,55926.000000000000000,18842,1336637,7746,769857,25579,2050464
92,3/15/2021 15:00:00,29883,1310594,11358.000000000000000,725289,598.000000000000000,56524.000000000000000,30481,1367118,11956,781813,41839,2092303
93,3/16/2021 15:00:00,33474,1344068,13588.000000000000000,738877,770.000000000000000,57294.000000000000000,34244,1401362,14358,796171,47832,2140135
94,3/17/2021 15:00:00,37621,1381689,17077.000000000000000,755954,1181.000000000000000,58475.000000000000000,38802,1440164,18258,814429,55879,2196014
95,3/18/2021 15:00:00,41472,1423161,12687.000000000000000,768641,1354.000000000000000,59829.000000000000000,42826,1482990,14041,828470,55513,2251527
96,3/19/2021 15:00:00,38383,1461544,15436.000000000000000,784077,1045.000000000000000,60874.000000000000000,39428,1522418,16481,844951,54864,2306391
97,3/20/2021 15:00:00,24725,1486269,10227.000000000000000,794304,705.000000000000000,61579.000000000000000,25430,1547848,10932,855883,35657,2342048
98,3/21/2021 15:00:00,19189,1505458,7902.000000000000000,802206,341.000000000000000,61920.000000000000000,19530,1567378,8243,864126,27432,2369480
99,3/22/2021 15:00:00,32603,1538061,11508.000000000000000,813714,835.000000000000000,62755.000000000000000,33438,1600816,12343,876469,44946,2414426
100,3/23/2021 15:00:00,38407,1576468,17855.000000000000000,831569,1556.000000000000000,64311.000000000000000,39963,1640779,19411,895880,57818,2472244
101,3/24/2021 15:00:00,41085,1617553,21250.000000000000000,852819,1387.000000000000000,65698.000000000000000,42472,1683251,22637,918517,63722,2535966
102,3/25/2021 15:00:00,42904,1660457,21729.000000000000000,874548,2456.000000000000000,68154.000000000000000,45360,1728611,24185,942702,67089,2603055
103,3/26/2021 15:00:00,36374,1696831,26715.000000000000000,901263,2495.000000000000000,70649.000000000000000,38869,1767480,29210,971912,65584,2668639
104,3/27/2021 15:00:00,26471,1723302,17322.000000000000000,918585,2491.000000000000000,73140.000000000000000,28962,1796442,19813,991725,46284,2714923
105,3/28/2021 15:00:00,17010,1740312,12685.000000000000000,931270,1615.000000000000000,74755.000000000000000,18625,1815067,14300,1006025,31310,2746233
106,3/29/2021 15:00:00,29719,1770031,26388.000000000000000,957658,1142.000000000000000,75897.000000000000000,30861,1845928,27530,1033555,57249,2803482
107,3/30/2021 15:00:00,40059,1810090,29082.000000000000000,986740,1866.000000000000000,77763.000000000000000,41925,1887853,30948,1064503,71007,2874489
108,3/31/2021 15:00:00,41021,1851111,34745.000000000000000,1021485,5750.000000000000000,83513.000000000000000,46771,1934624,40495,1104998,81516,2956005
109,4/1/2021 15:00:00,42423,1893534,41142.000000000000000,1062627,5753.000000000000000,89266.000000000000000,48176,1982800,46895,1151893,89318,3045323
110,4/2/2021 15:00:00,34921,1928455,32734.000000000000000,1095361,6131.000000000000000,95397.000000000000000,41052,2023852,38865,1190758,73786,3119109
111,4/3/2021 15:00:00,21165,1949620,19233.000000000000000,1114594,4393.000000000000000,99790.000000000000000,25558,2049410,23626,1214384,44791,3163900
112,4/4/2021 15:00:00,8296,1957916,10221.000000000000000,1124815,967.000000000000000,100757.000000000000000,9263,2058673,11188,1225572,19484,3183384
113,4/5/2021 15:00:00,27950,1985866,28977.000000000000000,1153792,6661.000000000000000,107418.000000000000000,34611,2093284,35638,1261210,63588,3246972
114,4/6/2021 15:00:00,39796,2025662,30510.000000000000000,1184302,10502.000000000000000,117920.000000000000000,50298,2143582,41012,1302222,80808,3327780
115,4/7/2021 15:00:00,36104,2061766,34359.000000000000000,1218661,12999.000000000000000,130919.000000000000000,49103,2192685,47358,1349580,83462,3411242
116,4/8/2021 15:00:00,42359,2104125,36157.000000000000000,1254818,13871.000000000000000,144790.000000000000000,56230,2248915,50028,1399608,92387,3503629
117,4/9/2021 15:00:00,34071,2138196,36339.000000000000000,1291157,14533.000000000000000,159323.000000000000000,48604,2297519,50872,1450480,84943,3588572
118,4/10/2021 15:00:00,23476,2161672,23158.000000000000000,1314315,7642.000000000000000,166965.000000000000000,31118,2328637,30800,1481280,54276,3642848
119,4/11/2021 15:00:00,17582,2179254,13288.000000000000000,1327603,10124.000000000000000,177089.000000000000000,27706,2356343,23412,1504692,40994,3683842
120,4/12/2021 15:00:00,24582,2203836,33254.000000000000000,1360857,10904.000000000000000,187993.000000000000000,35486,2391829,44158,1548850,68740,3752582
121,4/13/2021 15:00:00,126153,2329989,91310.000000000000000,1452167,3293.000000000000000,191286.000000000000000,129446,2521275,94603,1643453,220756,3973338
122,4/14/2021 15:00:00,40727,2370716,37842.000000000000000,1490009,213.000000000000000,191499.000000000000000,40940,2562215,38055,1681508,78782,4052120
123,4/15/2021 15:00:00,41416,2412132,39573.000000000000000,1529582,176.000000000000000,191675.000000000000000,41592,2603807,39749,1721257,81165,4133285
124,4/16/2021 15:00:00,37145,2449277,38890.000000000000000,1568472,24.000000000000000,191699.000000000000000,37169,2640976,38914,1760171,76059,4209344
125,4/17/2021 15:00:00,32812,2482089,22037.000000000000000,1590509,13.000000000000000,191712.000000000000000,32825,2673801,22050,1782221,54862,4264206
126,4/18/2021 15:00:00,20065,2502154,16206.000000000000000,1606715,5.000000000000000,191717.000000000000000,20070,2693871,16211,1798432,36276,4300482
127,4/19/2021 15:00:00,29885,2532039,36566.000000000000000,1643281,61.000000000000000,191778.000000000000000,29946,2723817,36627,1835059,66512,4366994
128,4/20/2021 15:00:00,32934,2564973,44489.000000000000000,1687770,58.000000000000000,191836.000000000000000,32992,2756809,44547,1879606,77481,4444475
129,4/21/2021 15:00:00,39834,2604807,47080.000000000000000,1734850,26.000000000000000,191862.000000000000000,39860,2796669,47106,1926712,86940,4531415
130,4/22/2021 15:00:00,35853,2640660,42693.000000000000000,1777543,16.000000000000000,191878.000000000000000,35869,2832538,42709,1969421,78562,4609977
131,4/23/2021 15:00:00,33148,2673808,40167.000000000000000,1817710,14.000000000000000,191892.000000000000000,33162,2865700,40181,2009602,73329,4683306
132,4/24/2021 15:00:00,26415,2700223,27924.000000000000000,1845634,81.000000000000000,191973.000000000000000,26496,2892196,28005,2037607,54420,4737726
133,4/25/2021 15:00:00,20219,2720442,10994.000000000000000,1856628,31.000000000000000,192004.000000000000000,20250,2912446,11025,2048632,31244,4768970
134,4/26/2021 15:00:00,27383,2747825,32756.000000000000000,1889384,201.000000000000000,192205.000000000000000,27584,2940030,32957,2081589,60340,4829310
135,4/27/2021 15:00:00,26677,2774502,33099.000000000000000,1922483,1097.000000000000000,193302.000000000000000,27774,2967804,34196,2115785,60873,4890183
136,4/28/2021 15:00:00,28926,2803428,39560.000000000000000,1962043,1367.000000000000000,194669.000000000000000,30293,2998097,40927,2156712,69853,4960036
137,4/29/2021 15:00:00,27070,2830498,39773.000000000000000,2001816,1463.000000000000000,196132.000000000000000,28533,3026630,41236,2197948,68306,5028342
138,4/30/2021 15:00:00,28201,2858699,32303.000000000000000,2034119,1649.000000000000000,197781.000000000000000,29850,3056480,33952,2231900,62153,5090495
139,5/1/2021 15:00:00,20739,2879438,26739.000000000000000,2060858,1054.000000000000000,198835.000000000000000,21793,3078273,27793,2259693,48532,5139027
140,5/2/2021 15:00:00,10269,2889707,17073.000000000000000,2077931,823.000000000000000,199658.000000000000000,11092,3089365,17896,2277589,28165,5167192
141,5/3/2021 15:00:00,12732,2902439,28617.000000000000000,2106548,1917.000000000000000,201575.000000000000000,14649,3104014,30534,2308123,43266,5210458
142,5/4/2021 15:00:00,13562,2916001,38639.000000000000000,2145187,1741.000000000000000,203316.000000000000000,15303,3119317,40380,2348503,53942,5264400
143,5/5/2021 15:00:00,19319,2935320,37775.000000000000000,2182962,1921.000000000000000,205237.000000000000000,21240,3140557,39696,2388199,59015,5323415
144,5/6/2021 15:00:00,16925,2952245,40597.000000000000000,2223559,1721.000000000000000,206958.000000000000000,18646,3159203,42318,2430517,59243,5382658
145,5/7/2021 15:00:00,17585,2969830,37015.000000000000000,2260574,1959.000000000000000,208917.000000000000000,19544,3178747,38974,2469491,56559,5439217
146,5/8/2021 15:00:00,10796,2980626,31226.000000000000000,2291800,1291.000000000000000,210208.000000000000000,12087,3190834,32517,2502008,43313,5482530
147,5/9/2021 15:00:00,5077,2985703,12251.000000000000000,2304051,695.000000000000000,210903.000000000000000,5772,3196606,12946,2514954,18023,5500553
148,5/10/2021 15:00:00,8956,2994659,31055.000000000000000,2335106,1362.000000000000000,212265.000000000000000,10318,3206924,32417,2547371,41373,5541926
149,5/11/2021 15:00:00,12187,3006846,30291.000000000000000,2365397,1442.000000000000000,213707.000000000000000,13629,3220553,31733,2579104,43920,5585846
150,5/12/2021 15:00:00,13949,3020795,38636.000000000000000,2404033,1917.000000000000000,215624.000000000000000,15866,3236419,40553,2619657,54502,5640348
151,5/13/2021 15:00:00,21840,3042635,33521.000000000000000,2437554,1347.000000000000000,216971.000000000000000,23187,3259606,34868,2654525,56708,5697056
152,5/14/2021 15:00:00,24397,3067032,30062.000000000000000,2467616,1774.000000000000000,218745.000000000000000,26171,3285777,31836,2686361,56233,5753289
153,5/15/2021 15:00:00,21950,3088982,25115.000000000000000,2492731,1490.000000000000000,220235.000000000000000,23440,3309217,26605,2712966,48555,5801844
154,5/16/2021 15:00:00,9091,3098073,17586.000000000000000,2510317,1113.000000000000000,221348.000000000000000,10204,3319421,18699,2731665,27790,5829634
155,5/17/2021 15:00:00,16837,3114910,28413.000000000000000,2538730,1950.000000000000000,223298.000000000000000,18787,3338208,30363,2762028,47200,5876834
156,5/18/2021 15:00:00,21265,3136175,30695.000000000000000,2569425,1943.000000000000000,225241.000000000000000,23208,3361416,32638,2794666,53903,5930737
157,5/19/2021 15:00:00,27666,3163841,32434.000000000000000,2601859,1633.000000000000000,226874.000000000000000,29299,3390715,34067,2828733,61733,5992470
158,5/20/2021 15:00:00,20808,3184649,33278.000000000000000,2635137,1965.000000000000000,228839.000000000000000,22773,3413488,35243,2863976,56051,6048521
159,5/21/2021 15:00:00,19163,3203812,30363.000000000000000,2665500,1609.000000000000000,230448.000000000000000,20772,3434260,31972,2895948,51135,6099656
160,5/22/2021 15:00:00,16941,3220753,20698.000000000000000,2686198,1270.000000000000000,231718.000000000000000,18211,3452471,21968,2917916,38909,6138565
161,5/23/2021 15:00:00,8817,3229570,11451.000000000000000,2697649,965.000000000000000,232683.000000000000000,9782,3462253,12416,2930332,21233,6159798
162,5/24/2021 15:00:00,13571,3243141,17780.000000000000000,2715429,1473.000000000000000,234156.000000000000000,15044,3477297,19253,2949585,32824,6192622
163,5/25/2021 15:00:00,13076,3256217,18721.000000000000000,2734150,1329.000000000000000,235485.000000000000000,14405,3491702,20050,2969635,33126,6225748
164,5/26/2021 15:00:00,18310,3274527,19521.000000000000000,2753671,1512.000000000000000,236997.000000000000000,19822,3511524,21033,2990668,39343,6265091
165,5/27/2021 15:00:00,11688,3286215,18675.000000000000000,2772346,1117.000000000000000,238114.000000000000000,12805,3524329,19792,3010460,31480,6296571
166,5/28/2021 15:00:00,12418,3298633,19853.000000000000000,2792199,1402.000000000000000,239516.000000000000000,13820,3538149,21255,3031715,33673,6330244
167,5/29/2021 15:00:00,9517,3308150,11727.000000000000000,2803926,937.000000000000000,240453.000000000000000,10454,3548603,12664,3044379,22181,6352425
168,5/30/2021 15:00:00,4968,3313118,6438.000000000000000,2810364,596.000000000000000,241049.000000000000000,5564,3554167,7034,3051413,12002,6364427
169,5/31/2021 15:00:00,1779,3314897,3713.000000000000000,2814077,305.000000000000000,241354.000000000000000,2084,3556251,4018,3055431,5797,6370224
170,6/1/2021 15:00:00,9867,3324764,16462.000000000000000,2830539,1160.000000000000000,242514.000000000000000,11027,3567278,17622,3073053,27489,6397713
171,6/2/2021 15:00:00,10236,3335000,16823.000000000000000,2847362,961.000000000000000,243475.000000000000000,11197,3578475,17784,3090837,28020,6425733
172,6/3/2021 15:00:00,7897,3342897,21192.000000000000000,2868554,1088.000000000000000,244563.000000000000000,8985,3587460,22280,3113117,30177,6455910
173,6/4/2021 15:00:00,8198,3351095,22362.000000000000000,2890916,1120.000000000000000,245683.000000000000000,9318,3596778,23482,3136599,31680,6487590
174,6/5/2021 15:00:00,7000,3358095,19477.000000000000000,2910393,720.000000000000000,246403.000000000000000,7720,3604498,20197,3156796,27197,6514787
175,6/6/2021 15:00:00,3455,3361550,7255.000000000000000,2917648,425.000000000000000,246828.000000000000000,3880,3608378,7680,3164476,11135,6525922
176,6/7/2021 15:00:00,6858,3368408,15794.000000000000000,2933442,725.000000000000000,247553.000000000000000,7583,3615961,16519,3180995,23377,6549299
177,6/8/2021 15:00:00,6671,3375079,19735.000000000000000,2953177,831.000000000000000,248384.000000000000000,7502,3623463,20566,3201561,27237,6576536
178,6/9/2021 15:00:00,8202,3383281,23991.000000000000000,2977168,969.000000000000000,249353.000000000000000,9171,3632634,24960,3226521,33162,6609698
179,6/10/2021 15:00:00,7151,3390432,19143.000000000000000,2996311,895.000000000000000,250248.000000000000000,8046,3640680,20038,3246559,27189,6636887
180,6/11/2021 15:00:00,7491,3397923,17726.000000000000000,3014037,1125.000000000000000,251373.000000000000000,8616,3649296,18851,3265410,26342,6663229
181,6/12/2021 15:00:00,5243,3403166,14770.000000000000000,3028807,605.000000000000000,251978.000000000000000,5848,3655144,15375,3280785,20618,6683847
182,6/13/2021 15:00:00,1947,3405113,7634.000000000000000,3036441,427.000000000000000,252405.000000000000000,2374,3657518,8061,3288846,10008,6693855
183,6/14/2021 15:00:00,5656,3410769,11825.000000000000000,3048266,733.000000000000000,253138.000000000000000,6389,3663907,12558,3301404,18214,6712069
184,6/15/2021 15:00:00,5645,3416414,14347.000000000000000,3062613,874.000000000000000,254012.000000000000000,6519,3670426,15221,3316625,20866,6732935
185,6/16/2021 15:00:00,8756,3425170,21595.000000000000000,3084208,757.000000000000000,254769.000000000000000,9513,3679939,22352,3338977,31108,6764043
186,6/17/2021 15:00:00,6690,3431860,12366.000000000000000,3096574,720.000000000000000,255489.000000000000000,7410,3687349,13086,3352063,19776,6783819
187,6/18/2021 15:00:00,6836,3438696,12742.000000000000000,3109316,702.000000000000000,256191.000000000000000,7538,3694887,13444,3365507,20280,6804099
188,6/19/2021 15:00:00,4658,3443354,9387.000000000000000,3118703,615.000000000000000,256806.000000000000000,5273,3700160,10002,3375509,14660,6818759
189,6/20/2021 15:00:00,2503,3445857,5060.000000000000000,3123763,377.000000000000000,257183.000000000000000,2880,3703040,5437,3380946,7940,6826699
190,6/21/2021 15:00:00,5566,3451423,5338.000000000000000,3129101,635.000000000000000,257818.000000000000000,6201,3709241,5973,3386919,11539,6838238
191,6/22/2021 15:00:00,5345,3456768,9057.000000000000000,3138158,693.000000000000000,258511.000000000000000,6038,3715279,9750,3396669,15095,6853333
192,6/23/2021 15:00:00,6079,3462847,10340.000000000000000,3148498,646.000000000000000,259157.000000000000000,6725,3722004,10986,3407655,17065,6870398
193,6/24/2021 15:00:00,5936,3468783,8202.000000000000000,3156700,595.000000000000000,259752.000000000000000,6531,3728535,8797,3416452,14733,6885131
194,6/25/2021 15:00:00,5828,3474611,8669.000000000000000,3165369,620.000000000000000,260372.000000000000000,6448,3734983,9289,3425741,15117,6900248
195,6/26/2021 15:00:00,3707,3478318,6306.000000000000000,3171675,398.000000000000000,260770.000000000000000,4105,3739088,6704,3432445,10411,6910659
196,6/27/2021 15:00:00,2810,3481128,3525.000000000000000,3175200,185.000000000000000,260955.000000000000000,2995,3742083,3710,3436155,6520,6917179
197,6/28/2021 15:00:00,4922,3486050,6392.000000000000000,3181592,539.000000000000000,261494.000000000000000,5461,3747544,6931,3443086,11853,6929032
198,6/29/2021 15:00:00,5062,3491112,6481.000000000000000,3188073,523.000000000000000,262017.000000000000000,5585,3753129,7004,3450090,12066,6941098
199,6/30/2021 15:00:00,5627,3496739,7390.000000000000000,3195463,606.000000000000000,262623.000000000000000,6233,3759362,7996,3458086,13623,6954721
200,7/1/2021 15:00:00,5425,3502164,6994.000000000000000,3202457,504.000000000000000,263127.000000000000000,5929,3765291,7498,3465584,12923,6967644
201,7/2/2021 15:00:00,5295,3507459,6846.000000000000000,3209303,527.000000000000000,263654.000000000000000,5822,3771113,7373,3472957,12668,6980312
202,7/3/2021 15:00:00,3274,3510733,4069.000000000000000,3213372,264.000000000000000,263918.000000000000000,3538,3774651,4333,3477290,7607,6987919
203,7/4/2021 15:00:00,494,3511227,550.000000000000000,3213922,69.000000000000000,263987.000000000000000,563,3775214,619,3477909,1113,6989032
204,7/5/2021 15:00:00,3771,3514998,3953.000000000000000,3217875,287.000000000000000,264274.000000000000000,4058,3779272,4240,3482149,8011,6997043
205,7/6/2021 15:00:00,4497,3519495,6282.000000000000000,3224157,455.000000000000000,264729.000000000000000,4952,3784224,6737,3488886,11234,7008277
206,7/7/2021 15:00:00,4471,3523966,6414.000000000000000,3230571,483.000000000000000,265212.000000000000000,4954,3789178,6897,3495783,11368,7019645
207,7/8/2021 15:00:00,4840,3528806,6181.000000000000000,3236752,564.000000000000000,265776.000000000000000,5404,3794582,6745,3502528,11585,7031230
208,7/9/2021 15:00:00,5368,3534174,6676.000000000000000,3243428,573.000000000000000,266349.000000000000000,5941,3800523,7249,3509777,12617,7043847
209,7/10/2021 15:00:00,3522,3537696,4407.000000000000000,3247835,305.000000000000000,266654.000000000000000,3827,3804350,4712,3514489,8234,7052081
210,7/11/2021 15:00:00,2681,3540377,2574.000000000000000,3250409,226.000000000000000,266880.000000000000000,2907,3807257,2800,3517289,5481,7057562
211,7/12/2021 15:00:00,4426,3544803,5133.000000000000000,3255542,379.000000000000000,267259.000000000000000,4805,3812062,5512,3522801,9938,7067500
212,7/13/2021 15:00:00,4667,3549470,4724.000000000000000,3260266,366.000000000000000,267625.000000000000000,5033,3817095,5090,3527891,9757,7077257
213,7/14/2021 15:00:00,4626,3554096,5287.000000000000000,3265553,422.000000000000000,268047.000000000000000,5048,3822143,5709,3533600,10335,7087592
214,7/15/2021 15:00:00,4912,3559008,5017.000000000000000,3270570,358.000000000000000,268405.000000000000000,5270,3827413,5375,3538975,10287,7097879
215,7/16/2021 15:00:00,6275,3565283,5850.000000000000000,3276420,405.000000000000000,268810.000000000000000,6680,3834093,6255,3545230,12530,7110409
216,7/17/2021 15:00:00,3417,3568700,3552.000000000000000,3279972,303.000000000000000,269113.000000000000000,3720,3837813,3855,3549085,7272,7117681
217,7/18/2021 15:00:00,2311,3571011,2383.000000000000000,3282355,110.000000000000000,269223.000000000000000,2421,3840234,2493,3551578,4804,7122485
218,7/19/2021 15:00:00,5144,3576155,4613.000000000000000,3286968,383.000000000000000,269606.000000000000000,5527,3845761,4996,3556574,10140,7132625
219,7/20/2021 15:00:00,5342,3581497,4725.000000000000000,3291693,367.000000000000000,269973.000000000000000,5709,3851470,5092,3561666,10434,7143059
220,7/21/2021 15:00:00,5666,3587163,4954.000000000000000,3296647,416.000000000000000,270389.000000000000000,6082,3857552,5370,3567036,11036,7154095
221,7/22/2021 15:00:00,6033,3593196,4643.000000000000000,3301290,472.000000000000000,270861.000000000000000,6505,3864057,5115,3572151,11148,7165243
222,7/23/2021 15:00:00,6847,3600043,4848.000000000000000,3306138,499.000000000000000,271360.000000000000000,7346,3871403,5347,3577498,12194,7177437
223,7/24/2021 15:00:00,4282,3604325,3208.000000000000000,3309346,267.000000000000000,271627.000000000000000,4549,3875952,3475,3580973,7757,7185194
224,7/25/2021 15:00:00,3299,3607624,1121.000000000000000,3310467,140.000000000000000,271767.000000000000000,3439,3879391,1261,3582234,4560,7189754
225,7/26/2021 15:00:00,6218,3613842,3912.000000000000000,3314379,419.000000000000000,272186.000000000000000,6637,3886028,4331,3586565,10549,7200303
226,7/27/2021 15:00:00,6605,3620447,4291.000000000000000,3318670,458.000000000000000,272644.000000000000000,7063,3893091,4749,3591314,11354,7211657
227,7/28/2021 15:00:00,7091,3627538,4148.000000000000000,3322818,460.000000000000000,273104.000000000000000,7551,3900642,4608,3595922,11699,7223356
228,7/29/2021 15:00:00,7082,3634620,4312.000000000000000,3327130,419.000000000000000,273523.000000000000000,7501,3908143,4731,3600653,11813,7235169
229,7/30/2021 15:00:00,7823,3642443,4815.000000000000000,3331945,527.000000000000000,274050.000000000000000,8350,3916493,5342,3605995,13165,7248334
230,7/31/2021 15:00:00,4793,3647236,3084.000000000000000,3335029,274.000000000000000,274324.000000000000000,5067,3921560,3358,3609353,8151,7256485
231,8/1/2021 15:00:00,3898,3651134,2174.000000000000000,3337203,164.000000000000000,274488.000000000000000,4062,3925622,2338,3611691,6236,7262721
232,8/2/2021 15:00:00,7273,3658407,3850.000000000000000,3341053,341.000000000000000,274829.000000000000000,7614,3933236,4191,3615882,11464,7274185
233,8/3/2021 15:00:00,7269,3665676,4107.000000000000000,3345160,517.000000000000000,275346.000000000000000,7786,3941022,4624,3620506,11893,7286078
234,8/4/2021 15:00:00,7428,3673104,4124.000000000000000,3349284,536.000000000000000,275882.000000000000000,7964,3948986,4660,3625166,12088,7298166
235,8/5/2021 15:00:00,7958,3681062,4303.000000000000000,3353587,539.000000000000000,276421.000000000000000,8497,3957483,4842,3630008,12800,7310966
236,8/6/2021 15:00:00,8331,3689393,4740.000000000000000,3358327,454.000000000000000,276875.000000000000000,8785,3966268,5194,3635202,13525,7324491
237,8/7/2021 15:00:00,5301,3694694,2844.000000000000000,3361171,264.000000000000000,277139.000000000000000,5565,3971833,3108,3638310,8409,7332900
238,8/8/2021 15:00:00,3977,3698671,2064.000000000000000,3363235,144.000000000000000,277283.000000000000000,4121,3975954,2208,3640518,6185,7339085
239,8/9/2021 15:00:00,6957,3705628,4564.000000000000000,3367799,370.000000000000000,277653.000000000000000,7327,3983281,4934,3645452,11891,7350976
240,8/10/2021 15:00:00,7170,3712798,4486.000000000000000,3372285,339.000000000000000,277992.000000000000000,7509,3990790,4825,3650277,11995,7362971
241,8/11/2021 15:00:00,7083,3719881,4449.000000000000000,3376734,443.000000000000000,278435.000000000000000,7526,3998316,4892,3655169,11975,7374946
242,8/12/2021 15:00:00,8635,3728516,4758.000000000000000,3381492,445.000000000000000,278880.000000000000000,9080,4007396,5203,3660372,13838,7388784
243,8/13/2021 15:00:00,7152,3735668,5387.000000000000000,3386879,397.000000000000000,279277.000000000000000,7549,4014945,5784,3666156,12936,7401720
244,8/14/2021 15:00:00,4920,3740588,3345.000000000000000,3390224,285.000000000000000,279562.000000000000000,5205,4020150,3630,3669786,8550,7410270
245,8/15/2021 15:00:00,3328,3743916,2739.000000000000000,3392963,163.000000000000000,279725.000000000000000,3491,4023641,2902,3672688,6230,7416500
246,8/16/2021 15:00:00,5454,3749370,5096.000000000000000,3398059,354.000000000000000,280079.000000000000000,5808,4029449,5450,3678138,10904,7427404
247,8/17/2021 15:00:00,6822,3756192,5365.000000000000000,3403424,391.000000000000000,280470.000000000000000,7213,4036662,5756,3683894,12578,7439982
248,8/18/2021 15:00:00,6327,3762519,5513.000000000000000,3408937,481.000000000000000,280951.000000000000000,6808,4043470,5994,3689888,12321,7452303
249,8/19/2021 15:00:00,6216,3768735,5556.000000000000000,3414493,417.000000000000000,281368.000000000000000,6633,4050103,5973,3695861,12189,7464492
250,8/20/2021 15:00:00,6845,3775580,6553.000000000000000,3421046,401.000000000000000,281769.000000000000000,7246,4057349,6954,3702815,13799,7478291
251,8/21/2021 15:00:00,4336,3779916,3918.000000000000000,3424964,229.000000000000000,281998.000000000000000,4565,4061914,4147,3706962,8483,7486774
252,8/22/2021 15:00:00,3060,3782976,3172.000000000000000,3428136,110.000000000000000,282108.000000000000000,3170,4065084,3282,3710244,6342,7493116
253,8/23/2021 15:00:00,5994,3788970,6105.000000000000000,3434241,287.000000000000000,282395.000000000000000,6281,4071365,6392,3716636,12386,7505502
254,8/24/2021 15:00:00,6546,3795516,6067.000000000000000,3440308,425.000000000000000,282820.000000000000000,6971,4078336,6492,3723128,13038,7518540
255,8/25/2021 15:00:00,6722,3802238,6224.000000000000000,3446532,441.000000000000000,283261.000000000000000,7163,4085499,6665,3729793,13387,7531927
256,8/26/2021 15:00:00,6967,3809205,6659.000000000000000,3453191,428.000000000000000,283689.000000000000000,7395,4092894,7087,3736880,14054,7545981
257,8/27/2021 15:00:00,6829,3816034,7084.000000000000000,3460275,317.000000000000000,284006.000000000000000,7146,4100040,7401,3744281,14230,7560211
258,8/28/2021 15:00:00,6899,3822933,6527.000000000000000,3466802,326.000000000000000,284332.000000000000000,7225,4107265,6853,3751134,13752,7573963
259,8/29/2021 15:00:00,3733,3826666,3694.000000000000000,3470496,610.000000000000000,284942.000000000000000,4343,4111608,4304,3755438,8037,7582000
260,8/30/2021 15:00:00,5925,3832591,6129.000000000000000,3476625,960.000000000000000,285902.000000000000000,6885,4118493,7089,3762527,13014,7595014
261,8/31/2021 15:00:00,5901,3838492,6072.000000000000000,3482697,946.000000000000000,286848.000000000000000,6847,4125340,7018,3769545,12919,7607933
262,9/1/2021 15:00:00,5590,3844082,5694.000000000000000,3488391,916.000000000000000,287764.000000000000000,6506,4131846,6610,3776155,12200,7620133
263,9/2/2021 15:00:00,5541,3849623,5941.000000000000000,3494332,709.000000000000000,288473.000000000000000,6250,4138096,6650,3782805,12191,7632324
264,9/3/2021 15:00:00,6002,3855625,6938.000000000000000,3501270,977.000000000000000,289450.000000000000000,6979,4145075,7915,3790720,13917,7646241
265,9/4/2021 15:00:00,3732,3859357,4354.000000000000000,3505624,878.000000000000000,290328.000000000000000,4610,4149685,5232,3795952,8964,7655205
266,9/5/2021 15:00:00,2956,3862313,2813.000000000000000,3508437,106.000000000000000,290434.000000000000000,3062,4152747,2919,3798871,5875,7661080
267,9/6/2021 15:00:00,1060,3863373,1159.000000000000000,3509596,69.000000000000000,290503.000000000000000,1129,4153876,1228,3800099,2288,7663368
268,9/7/2021 15:00:00,5346,3868719,7307.000000000000000,3516903,2303.000000000000000,292806.000000000000000,7649,4161525,9610,3809709,14956,7678324
269,9/8/2021 15:00:00,4655,3873374,5479.000000000000000,3522382,364.000000000000000,293170.000000000000000,5019,4166544,5843,3815552,10498,7688822
270,9/9/2021 15:00:00,5018,3878392,5465.000000000000000,3527847,324.000000000000000,293494.000000000000000,5342,4171886,5789,3821341,10807,7699629
271,9/10/2021 15:00:00,6525,3884917,6664.000000000000000,3534511,1719.000000000000000,295213.000000000000000,8244,4180130,8383,3829724,14908,7714537
272,9/11/2021 15:00:00,4176,3889093,4341.000000000000000,3538852,666.000000000000000,295879.000000000000000,4842,4184972,5007,3834731,9183,7723720
273,9/12/2021 15:00:00,3172,3892265,3238.000000000000000,3542090,436.000000000000000,296315.000000000000000,3608,4188580,3674,3838405,6846,7730566
274,9/13/2021 15:00:00,4883,3897148,5070.000000000000000,3547160,346.000000000000000,296661.000000000000000,5229,4193809,5416,3843821,10299,7740865
275,9/14/2021 15:00:00,4776,3901924,5445.000000000000000,3552605,437.000000000000000,297098.000000000000000,5213,4199022,5882,3849703,10658,7751523
276,9/15/2021 15:00:00,5044,3906968,5878.000000000000000,3558483,392.000000000000000,297490.000000000000000,5436,4204458,6270,3855973,11314,7762837
277,9/16/2021 15:00:00,4810,3911778,5847.000000000000000,3564330,336.000000000000000,297826.000000000000000,5146,4209604,6183,3862156,10993,7773830
278,9/17/2021 15:00:00,5258,3917036,6583.000000000000000,3570913,344.000000000000000,298170.000000000000000,5602,4215206,6927,3869083,12185,7786015
279,9/18/2021 15:00:00,3803,3920839,4577.000000000000000,3575490,185.000000000000000,298355.000000000000000,3988,4219194,4762,3873845,8565,7794580
280,9/19/2021 15:00:00,2741,3923580,3177.000000000000000,3578667,75.000000000000000,298430.000000000000000,2816,4222010,3252,3877097,5993,7800573
281,9/20/2021 15:00:00,3752,3927332,4678.000000000000000,3583345,430.000000000000000,298860.000000000000000,4182,4226192,5108,3882205,8860,7809433
282,9/21/2021 15:00:00,3997,3931329,5005.000000000000000,3588350,327.000000000000000,299187.000000000000000,4324,4230516,5332,3887537,9329,7818762
283,9/22/2021 15:00:00,4196,3935525,4775.000000000000000,3593125,459.000000000000000,299646.000000000000000,4655,4235171,5234,3892771,9430,7828192
284,9/23/2021 15:00:00,4175,3939700,4730.000000000000000,3597855,492.000000000000000,300138.000000000000000,4667,4239838,5222,3897993,9397,7837589
285,9/24/2021 15:00:00,5078,3944778,5606.000000000000000,3603461,422.000000000000000,300560.000000000000000,5500,4245338,6028,3904021,11106,7848695
286,9/25/2021 15:00:00,3624,3948402,3629.000000000000000,3607090,384.000000000000000,300944.000000000000000,4008,4249346,4013,3908034,7637,7856332
287,9/26/2021 15:00:00,2352,3950754,2665.000000000000000,3609755,431.000000000000000,301375.000000000000000,2783,4252129,3096,3911130,5448,7861780
288,9/27/2021 15:00:00,4506,3955260,2711.000000000000000,3612466,512.000000000000000,301887.000000000000000,5018,4257147,3223,3914353,7729,7869509
289,9/28/2021 15:00:00,4398,3959658,4450.000000000000000,3616916,211.000000000000000,302098.000000000000000,4609,4261756,4661,3919014,9059,7878568
290,9/29/2021 15:00:00,4691,3964349,4506.000000000000000,3621422,920.000000000000000,303018.000000000000000,5611,4267367,5426,3924440,10117,7888685
291,9/30/2021 15:00:00,4885,3969234,4561.000000000000000,3625983,796.000000000000000,303814.000000000000000,5681,4273048,5357,3929797,10242,7898927
292,10/1/2021 15:00:00,5507,3974741,5341.000000000000000,3631324,785.000000000000000,304599.000000000000000,6292,4279340,6126,3935923,11633,7910560
293,10/2/2021 15:00:00,2934,3977675,2895.000000000000000,3634219,187.000000000000000,304786.000000000000000,3121,4282461,3082,3939005,6016,7916576
294,10/3/2021 15:00:00,2074,3979749,2377.000000000000000,3636596,86.000000000000000,304872.000000000000000,2160,4284621,2463,3941468,4537,7921113
295,10/4/2021 15:00:00,4024,3983773,3498.000000000000000,3640094,232.000000000000000,305104.000000000000000,4256,4288877,3730,3945198,7754,7928867
296,10/5/2021 15:00:00,3951,3987724,3659.000000000000000,3643753,207.000000000000000,305311.000000000000000,4158,4293035,3866,3949064,7817,7936684
297,10/6/2021 15:00:00,4021,3991745,3571.000000000000000,3647324,266.000000000000000,305577.000000000000000,4287,4297322,3837,3952901,7858,7944542
298,10/7/2021 15:00:00,4234,3995979,3624.000000000000000,3650948,331.000000000000000,305908.000000000000000,4565,4301887,3955,3956856,8189,7952731
299,10/8/2021 15:00:00,4771,4000750,4283.000000000000000,3655231,283.000000000000000,306191.000000000000000,5054,4306941,4566,3961422,9337,7962068
300,10/9/2021 15:00:00,2691,4003441,2677.000000000000000,3657908,270.000000000000000,306461.000000000000000,2961,4309902,2947,3964369,5638,7967706
301,10/10/2021 15:00:00,1861,4005302,1850.000000000000000,3659758,59.000000000000000,306520.000000000000000,1920,4311822,1909,3966278,3770,7971476
302,10/11/2021 15:00:00,4205,4009507,3315.000000000000000,3663073,249.000000000000000,306769.000000000000000,4454,4316276,3564,3969842,7769,7979245
303,10/12/2021 15:00:00,3597,4013104,3532.000000000000000,3666605,273.000000000000000,307042.000000000000000,3870,4320146,3805,3973647,7402,7986647
304,10/13/2021 15:00:00,3970,4017074,3456.000000000000000,3670061,346.000000000000000,307388.000000000000000,4316,4324462,3802,3977449,7772,7994419
305,10/14/2021 15:00:00,5158,4022232,5492.000000000000000,3675553,431.000000000000000,307819.000000000000000,5589,4330051,5923,3983372,11081,8005500
306,10/15/2021 15:00:00,4709,4026941,4597.000000000000000,3680150,347.000000000000000,308166.000000000000000,5056,4335107,4944,3988316,9653,8015153
307,10/16/2021 15:00:00,2494,4029435,2507.000000000000000,3682657,291.000000000000000,308457.000000000000000,2785,4337892,2798,3991114,5292,8020445
308,10/17/2021 15:00:00,1805,4031240,1774.000000000000000,3684431,55.000000000000000,308512.000000000000000,1860,4339752,1829,3992943,3634,8024079
309,10/18/2021 15:00:00,4273,4035513,3578.000000000000000,3688009,268.000000000000000,308780.000000000000000,4541,4344293,3846,3996789,8119,8032198
310,10/19/2021 15:00:00,4299,4039812,4000.000000000000000,3692009,223.000000000000000,309003.000000000000000,4522,4348815,4223,4001012,8522,8040720
311,10/20/2021 15:00:00,3529,4043341,3419.000000000000000,3695428,255.000000000000000,309258.000000000000000,3784,4352599,3674,4004686,7203,8047923
312,10/21/2021 15:00:00,3299,4046640,3271.000000000000000,3698699,291.000000000000000,309549.000000000000000,3590,4356189,3562,4008248,6861,8054784
313,10/22/2021 15:00:00,4677,4051317,4024.000000000000000,3702723,477.000000000000000,310026.000000000000000,5154,4361343,4501,4012749,9178,8063962
314,10/23/2021 15:00:00,2884,4054201,2108.000000000000000,3704831,321.000000000000000,310347.000000000000000,3205,4364548,2429,4015178,5313,8069275
315,10/24/2021 15:00:00,2056,4056257,1553.000000000000000,3706384,79.000000000000000,310426.000000000000000,2135,4366683,1632,4016810,3688,8072963
316,10/25/2021 15:00:00,4545,4060802,3068.000000000000000,3709452,320.000000000000000,310746.000000000000000,4865,4371548,3388,4020198,7933,8080896
317,10/26/2021 15:00:00,4511,4065313,3074.000000000000000,3712526,316.000000000000000,311062.000000000000000,4827,4376375,3390,4023588,7901,8088797
318,10/27/2021 15:00:00,4736,4070049,3336.000000000000000,3715862,436.000000000000000,311498.000000000000000,5172,4381547,3772,4027360,8508,8097305
319,10/28/2021 15:00:00,4559,4074608,3351.000000000000000,3719213,502.000000000000000,312000.000000000000000,5061,4386608,3853,4031213,8412,8105717
320,10/29/2021 15:00:00,4978,4079586,3911.000000000000000,3723124,395.000000000000000,312395.000000000000000,5373,4391981,4306,4035519,9284,8115001
321,10/30/2021 15:00:00,2630,4082216,1835.000000000000000,3724959,307.000000000000000,312702.000000000000000,2937,4394918,2142,4037661,4772,8119773
322,10/31/2021 15:00:00,1936,4084152,1519.000000000000000,3726478,93.000000000000000,312795.000000000000000,2029,4396947,1612,4039273,3548,8123321
323,11/1/2021 15:00:00,4713,4088865,3421.000000000000000,3729899,347.000000000000000,313142.000000000000000,5060,4402007,3768,4043041,8481,8131802
324,11/2/2021 15:00:00,4254,4093119,2938.000000000000000,3732837,408.000000000000000,313550.000000000000000,4662,4406669,3346,4046387,7600,8139402
325,11/3/2021 15:00:00,4668,4097787,3042.000000000000000,3735879,464.000000000000000,314014.000000000000000,5132,4411801,3506,4049893,8174,8147576
326,11/4/2021 15:00:00,6313,4104100,3365.000000000000000,3739244,513.000000000000000,314527.000000000000000,6826,4418627,3878,4053771,10191,8157767
327,11/5/2021 15:00:00,8236,4112336,3760.000000000000000,3743004,413.000000000000000,314940.000000000000000,8649,4427276,4173,4057944,12409,8170176
328,11/6/2021 15:00:00,10169,4122505,1965.000000000000000,3744969,308.000000000000000,315248.000000000000000,10477,4437753,2273,4060217,12442,8182618
329,11/7/2021 15:00:00,7714,4130219,1462.000000000000000,3746431,95.000000000000000,315343.000000000000000,7809,4445562,1557,4061774,9271,8191889
330,11/8/2021 15:00:00,11302,4141521,3040.000000000000000,3749471,379.000000000000000,315722.000000000000000,11681,4457243,3419,4065193,14721,8206610
331,11/9/2021 15:00:00,11762,4153283,2642.000000000000000,3752113,269.000000000000000,315991.000000000000000,12031,4469274,2911,4068104,14673,8221283
332,11/10/2021 15:00:00,12587,4165870,2751.000000000000000,3754864,339.000000000000000,316330.000000000000000,12926,4482200,3090,4071194,15677,8236960
333,11/11/2021 15:00:00,11375,4177245,2372.000000000000000,3757236,280.000000000000000,316610.000000000000000,11655,4493855,2652,4073846,14027,8250987
334,11/12/2021 15:00:00,12288,4189533,3350.000000000000000,3760586,548.000000000000000,317158.000000000000000,12836,4506691,3898,4077744,16186,8267173
335,11/13/2021 15:00:00,9893,4199426,1591.000000000000000,3762177,342.000000000000000,317500.000000000000000,10235,4516926,1933,4079677,11826,8278999
336,11/14/2021 15:00:00,3925,4203351,1112.000000000000000,3763289,121.000000000000000,317621.000000000000000,4046,4520972,1233,4080910,5158,8284157
337,11/15/2021 15:00:00,8625,4211976,2512.000000000000000,3765801,208.000000000000000,317829.000000000000000,8833,4529805,2720,4083630,11345,8295502
338,11/16/2021 15:00:00,9225,4221201,2506.000000000000000,3768307,255.000000000000000,318084.000000000000000,9480,4539285,2761,4086391,11986,8307488
339,11/17/2021 15:00:00,9396,4230597,2860.000000000000000,3771167,312.000000000000000,318396.000000000000000,9708,4548993,3172,4089563,12568,8320056
340,11/18/2021 15:00:00,9275,4239872,2623.000000000000000,3773790,481.000000000000000,318877.000000000000000,9756,4558749,3104,4092667,12379,8332435
341,11/19/2021 15:00:00,9805,4249677,2905.000000000000000,3776695,381.000000000000000,319258.000000000000000,10186,4568935,3286,4095953,13091,8345526
342,11/20/2021 15:00:00,10629,4260306,1599.000000000000000,3778294,455.000000000000000,319713.000000000000000,11084,4580019,2054,4098007,12683,8358209
343,11/21/2021 15:00:00,4342,4264648,1199.000000000000000,3779493,100.000000000000000,319813.000000000000000,4442,4584461,1299,4099306,5641,8363850
344,11/22/2021 15:00:00,9821,4274469,2481.000000000000000,3781974,293.000000000000000,320106.000000000000000,10114,4594575,2774,4102080,12595,8376445
345,11/23/2021 15:00:00,9207,4283676,2380.000000000000000,3784354,281.000000000000000,320387.000000000000000,9488,4604063,2661,4104741,11868,8388313
346,11/24/2021 15:00:00,8155,4291831,2437.000000000000000,3786791,216.000000000000000,320603.000000000000000,8371,4612434,2653,4107394,10808,8399121
347,11/25/2021 15:00:00,239,4292070,77.000000000000000,3786868,10.000000000000000,320613.000000000000000,249,4612683,87,4107481,326,8399447
348,11/26/2021 15:00:00,5651,4297721,3950.000000000000000,3790818,153.000000000000000,320766.000000000000000,5804,4618487,4103,4111584,9754,8409201
349,11/27/2021 15:00:00,3776,4301497,5477.000000000000000,3796295,134.000000000000000,320900.000000000000000,3910,4622397,5611,4117195,9387,8418588
350,11/28/2021 15:00:00,2412,4303909,6387.000000000000000,3802682,77.000000000000000,320977.000000000000000,2489,4624886,6464,4123659,8876,8427464
351,11/29/2021 15:00:00,6368,4310277,9281.000000000000000,3811963,379.000000000000000,321356.000000000000000,6747,4631633,9660,4133319,16028,8443492
352,11/30/2021 15:00:00,6252,4316529,9317.000000000000000,3821280,264.000000000000000,321620.000000000000000,6516,4638149,9581,4142900,15833,8459325
353,12/1/2021 15:00:00,7304,4323833,9716.000000000000000,3830996,308.000000000000000,321928.000000000000000,7612,4645761,10024,4152924,17328,8476653
354,12/2/2021 15:00:00,6917,4330750,8793.000000000000000,3839789,450.000000000000000,322378.000000000000000,7367,4653128,9243,4162167,16160,8492813
355,12/3/2021 15:00:00,7605,4338355,9254.000000000000000,3849043,249.000000000000000,322627.000000000000000,7854,4660982,9503,4171670,17108,8509921
356,12/4/2021 15:00:00,5950,4344305,10044.000000000000000,3859087,466.000000000000000,323093.000000000000000,6416,4667398,10510,4182180,16460,8526381
357,12/5/2021 15:00:00,3463,4347768,3285.000000000000000,3862372,78.000000000000000,323171.000000000000000,3541,4670939,3363,4185543,6826,8533207
358,12/6/2021 15:00:00,6755,4354523,7088.000000000000000,3869460,280.000000000000000,323451.000000000000000,7035,4677974,7368,4192911,14123,8547330
359,12/7/2021 15:00:00,6410,4360933,7031.000000000000000,3876491,249.000000000000000,323700.000000000000000,6659,4684633,7280,4200191,13690,8561020
360,12/8/2021 15:00:00,6932,4367865,7414.000000000000000,3883905,315.000000000000000,324015.000000000000000,7247,4691880,7729,4207920,14661,8575681
361,12/9/2021 15:00:00,6546,4374411,7026.000000000000000,3890931,398.000000000000000,324413.000000000000000,6944,4698824,7424,4215344,13970,8589651
362,12/10/2021 15:00:00,7289,4381700,7328.000000000000000,3898259,230.000000000000000,324643.000000000000000,7519,4706343,7558,4222902,14847,8604498
363,12/11/2021 15:00:00,4450,4386150,7670.000000000000000,3905929,333.000000000000000,324976.000000000000000,4783,4711126,8003,4230905,12453,8616951
364,12/12/2021 15:00:00,4000,4390150,2772.000000000000000,3908701,60.000000000000000,325036.000000000000000,4060,4715186,2832,4233737,6832,8623783
365,12/13/2021 15:00:00,5695,4395845,5761.000000000000000,3914462,243.000000000000000,325279.000000000000000,5938,4721124,6004,4239741,11699,8635482
366,12/14/2021 15:00:00,6466,4402311,5935.000000000000000,3920397,222.000000000000000,325501.000000000000000,6688,4727812,6157,4245898,12623,8648105
367,12/15/2021 15:00:00,7161,4409472,5709.000000000000000,3926106,254.000000000000000,325755.000000000000000,7415,4735227,5963,4251861,13124,8661229
368,12/16/2021 15:00:00,7867,4417339,2826.000000000000000,3928932,421.000000000000000,326176.000000000000000,8288,4743515,3247,4255108,11114,8672343
369,12/17/2021 15:00:00,7840,4425179,4150.000000000000000,3933082,195.000000000000000,326371.000000000000000,8035,4751550,4345,4259453,12185,8684528
370,12/18/2021 15:00:00,5838,4431017,3181.000000000000000,3936263,298.000000000000000,326669.000000000000000,6136,4757686,3479,4262932,9317,8693845
371,12/19/2021 15:00:00,3379,4434396,1340.000000000000000,3937603,37.000000000000000,326706.000000000000000,3416,4761102,1377,4264309,4756,8698601
372,12/20/2021 15:00:00,8081,4442477,3741.000000000000000,3941344,173.000000000000000,326879.000000000000000,8254,4769356,3914,4268223,11995,8710596
373,12/21/2021 15:00:00,8993,4451470,4155.000000000000000,3945499,175.000000000000000,327054.000000000000000,9168,4778524,4330,4272553,13323,8723919
374,12/22/2021 15:00:00,8685,4460155,3859.000000000000000,3949358,184.000000000000000,327238.000000000000000,8869,4787393,4043,4276596,12728,8736647
375,12/23/2021 15:00:00,8399,4468554,3571.000000000000000,3952929,359.000000000000000,327597.000000000000000,8758,4796151,3930,4280526,12329,8748976
376,12/24/2021 15:00:00,1632,4470186,1007.000000000000000,3953936,39.000000000000000,327636.000000000000000,1671,4797822,1046,4281572,2678,8751654
377,12/25/2021 15:00:00,50,4470236,36.000000000000000,3953972,1.000000000000000,327637.000000000000000,51,4797873,37,4281609,87,8751741
378,12/26/2021 15:00:00,2518,4472754,1742.000000000000000,3955714,44.000000000000000,327681.000000000000000,2562,4800435,1786,4283395,4304,8756045
379,12/27/2021 15:00:00,7191,4479945,3989.000000000000000,3959703,297.000000000000000,327978.000000000000000,7488,4807923,4286,4287681,11477,8767522
380,12/28/2021 15:00:00,7926,4487871,3850.000000000000000,3963553,178.000000000000000,328156.000000000000000,8104,4816027,4028,4291709,11954,8779476
381,12/29/2021 15:00:00,8230,4496101,4013.000000000000000,3967566,156.000000000000000,328312.000000000000000,8386,4824413,4169,4295878,12399,8791875
382,12/30/2021 15:00:00,7474,4503575,3777.000000000000000,3971343,290.000000000000000,328602.000000000000000,7764,4832177,4067,4299945,11541,8803416
383,12/31/2021 15:00:00,2573,4506148,1526.000000000000000,3972869,90.000000000000000,328692.000000000000000,2663,4834840,1616,4301561,4189,8807605
384,1/1/2022 15:00:00,738,4506886,347.000000000000000,3973216,34.000000000000000,328726.000000000000000,772,4835612,381,4301942,1119,8808724
385,1/2/2022 15:00:00,2216,4509102,1650.000000000000000,3974866,48.000000000000000,328774.000000000000000,2264,4837876,1698,4303640,3914,8812638
386,1/3/2022 15:00:00,3398,4512500,2063.000000000000000,3976929,222.000000000000000,328996.000000000000000,3620,4841496,2285,4305925,5683,8818321
387,1/4/2022 15:00:00,5843,4518343,3482.000000000000000,3980411,165.000000000000000,329161.000000000000000,6008,4847504,3647,4309572,9490,8827811
388,1/5/2022 15:00:00,6820,4525163,4691.000000000000000,3985102,175.000000000000000,329336.000000000000000,6995,4854499,4866,4314438,11686,8839497
389,1/6/2022 15:00:00,6750,4531913,4819.000000000000000,3989921,265.000000000000000,329601.000000000000000,7015,4861514,5084,4319522,11834,8851331
390,1/7/2022 15:00:00,5976,4537889,3772.000000000000000,3993693,162.000000000000000,329763.000000000000000,6138,4867652,3934,4323456,9910,8861241
391,1/8/2022 15:00:00,4803,4542692,3910.000000000000000,3997603,78.000000000000000,329841.000000000000000,4881,4872533,3988,4327444,8791,8870032
392,1/9/2022 15:00:00,2764,4545456,2017.000000000000000,3999620,154.000000000000000,329995.000000000000000,2918,4875451,2171,4329615,4935,8874967
393,1/10/2022 15:00:00,6337,4551793,3833.000000000000000,4003453,160.000000000000000,330155.000000000000000,6497,4881948,3993,4333608,10330,8885297
394,1/11/2022 15:00:00,6551,4558344,4243.000000000000000,4007696,142.000000000000000,330297.000000000000000,6693,4888641,4385,4337993,10936,8896233
395,1/12/2022 15:00:00,6813,4565157,4439.000000000000000,4012135,225.000000000000000,330522.000000000000000,7038,4895679,4664,4342657,11477,8907710
396,1/13/2022 15:00:00,6634,4571791,4380.000000000000000,4016515,153.000000000000000,330675.000000000000000,6787,4902466,4533,4347190,11167,8918877
397,1/14/2022 15:00:00,7206,4578997,3279.000000000000000,4019794,252.000000000000000,330927.000000000000000,7458,4909924,3531,4350721,10737,8929614
398,1/15/2022 15:00:00,4269,4583266,1686.000000000000000,4021480,71.000000000000000,330998.000000000000000,4340,4914264,1757,4352478,6026,8935640
399,1/16/2022 15:00:00,2217,4585483,1319.000000000000000,4022799,116.000000000000000,331114.000000000000000,2333,4916597,1435,4353913,3652,8939292
400,1/17/2022 15:00:00,3614,4589097,2361.000000000000000,4025160,74.000000000000000,331188.000000000000000,3688,4920285,2435,4356348,6049,8945341
401,1/18/2022 15:00:00,5270,4594367,4198.000000000000000,4029358,102.000000000000000,331290.000000000000000,5372,4925657,4300,4360648,9570,8954911
402,1/19/2022 15:00:00,5293,4599660,4467.000000000000000,4033825,99.000000000000000,331389.000000000000000,5392,4931049,4566,4365214,9859,8964770
403,1/20/2022 15:00:00,4525,4604185,3619.000000000000000,4037444,176.000000000000000,331565.000000000000000,4701,4935750,3795,4369009,8320,8973090
404,1/21/2022 15:00:00,5592,4609777,2927.000000000000000,4040371,125.000000000000000,331690.000000000000000,5717,4941467,3052,4372061,8644,8981734
405,1/22/2022 15:00:00,3458,4613235,1721.000000000000000,4042092,134.000000000000000,331824.000000000000000,3592,4945059,1855,4373916,5313,8987047
406,1/23/2022 15:00:00,2035,4615270,1497.000000000000000,4043589,30.000000000000000,331854.000000000000000,2065,4947124,1527,4375443,3562,8990609
407,1/24/2022 15:00:00,4123,4619393,2770.000000000000000,4046359,88.000000000000000,331942.000000000000000,4211,4951335,2858,4378301,6981,8997590
408,1/25/2022 15:00:00,3794,4623187,3305.000000000000000,4049664,95.000000000000000,332037.000000000000000,3889,4955224,3400,4381701,7194,9004784
409,1/26/2022 15:00:00,3861,4627048,3684.000000000000000,4053348,94.000000000000000,332131.000000000000000,3955,4959179,3778,4385479,7639,9012423
410,1/27/2022 15:00:00,3767,4630815,3862.000000000000000,4057210,187.000000000000000,332318.000000000000000,3954,4963133,4049,4389528,7816,9020239
411,1/28/2022 15:00:00,3838,4634653,3214.000000000000000,4060424,75.000000000000000,332393.000000000000000,3913,4967046,3289,4392817,7127,9027366
412,1/29/2022 15:00:00,2295,4636948,2265.000000000000000,4062689,117.000000000000000,332510.000000000000000,2412,4969458,2382,4395199,4677,9032043
413,1/30/2022 15:00:00,1562,4638510,1602.000000000000000,4064291,16.000000000000000,332526.000000000000000,1578,4971036,1618,4396817,3180,9035223
414,1/31/2022 15:00:00,2979,4641489,3156.000000000000000,4067447,58.000000000000000,332584.000000000000000,3037,4974073,3214,4400031,6193,9041416
415,2/1/2022 15:00:00,2634,4644123,3390.000000000000000,4070837,75.000000000000000,332659.000000000000000,2709,4976782,3465,4403496,6099,9047515
416,2/2/2022 15:00:00,2819,4646942,3719.000000000000000,4074556,75.000000000000000,332734.000000000000000,2894,4979676,3794,4407290,6613,9054128
417,2/3/2022 15:00:00,2745,4649687,3632.000000000000000,4078188,41.000000000000000,332775.000000000000000,2786,4982462,3673,4410963,6418,9060546
418,2/4/2022 15:00:00,2759,4652446,4329.000000000000000,4082517,127.000000000000000,332902.000000000000000,2886,4985348,4456,4415419,7215,9067761
419,2/5/2022 15:00:00,1916,4654362,2870.000000000000000,4085387,112.000000000000000,333014.000000000000000,2028,4987376,2982,4418401,4898,9072659
420,2/6/2022 15:00:00,1061,4655423,1342.000000000000000,4086729,24.000000000000000,333038.000000000000000,1085,4988461,1366,4419767,2427,9075086
421,2/7/2022 15:00:00,2030,4657453,2656.000000000000000,4089385,46.000000000000000,333084.000000000000000,2076,4990537,2702,4422469,4732,9079818
422,2/8/2022 15:00:00,2072,4659525,3036.000000000000000,4092421,63.000000000000000,333147.000000000000000,2135,4992672,3099,4425568,5171,9084989
423,2/9/2022 15:00:00,2165,4661690,3260.000000000000000,4095681,73.000000000000000,333220.000000000000000,2238,4994910,3333,4428901,5498,9090487
424,2/10/2022 15:00:00,1985,4663675,2745.000000000000000,4098426,53.000000000000000,333273.000000000000000,2038,4996948,2798,4431699,4783,9095270
425,2/11/2022 15:00:00,2327,4666002,3246.000000000000000,4101672,117.000000000000000,333390.000000000000000,2444,4999392,3363,4435062,5690,9100960
426,2/12/2022 15:00:00,1481,4667483,1900.000000000000000,4103572,94.000000000000000,333484.000000000000000,1575,5000967,1994,4437056,3475,9104435
427,2/13/2022 15:00:00,299,4667782,454.000000000000000,4104026,5.000000000000000,333489.000000000000000,304,5001271,459,4437515,758,9105193