OBJECTID,VACCINATION_DATE,FirstDailyDose,FirstDoseCumulative,SecondDailyDose,SecondDoseCumulative,SingleDailyDose,SingleDoseCumulative,AtleastOneVaccine,AtleastOneVaccineCumulative,CompletedVax,CompletedVaxCumulative,FirstSecondSingleVaccination_12,FirstSecondSingleVaccination_13
1,12/14/2020 15:00:00,17,1003,,389,,,17,1003,0,389,17,1308
2,12/15/2020 15:00:00,53,1056,2.000000000000000,391,,,53,1056,2,391,55,1363
3,12/16/2020 15:00:00,575,1631,2.000000000000000,393,,,575,1631,2,393,577,1940
4,12/17/2020 15:00:00,1143,2774,2.000000000000000,395,,,1143,2774,2,395,1145,3085
5,12/18/2020 15:00:00,2988,5762,11.000000000000000,406,,,2988,5762,11,406,2999,6084
6,12/19/2020 15:00:00,918,6680,5.000000000000000,411,,,918,6680,5,411,923,7007
7,12/20/2020 15:00:00,335,7015,4.000000000000000,415,,,335,7015,4,415,339,7346
8,12/21/2020 15:00:00,3857,10872,21.000000000000000,436,,,3857,10872,21,436,3878,11224
9,12/22/2020 15:00:00,6293,17165,18.000000000000000,454,,,6293,17165,18,454,6311,17535
10,12/23/2020 15:00:00,5737,22902,28.000000000000000,482,,,5737,22902,28,482,5765,23300
11,12/24/2020 15:00:00,2716,25618,12.000000000000000,494,,,2716,25618,12,494,2728,26028
12,12/25/2020 15:00:00,1034,26652,3.000000000000000,497,,,1034,26652,3,497,1037,27065
13,12/26/2020 15:00:00,1872,28524,9.000000000000000,506,,,1872,28524,9,506,1881,28946
14,12/27/2020 15:00:00,1791,30315,10.000000000000000,516,,,1791,30315,10,516,1801,30747
15,12/28/2020 15:00:00,8953,39268,39.000000000000000,555,,,8953,39268,39,555,8992,39739
16,12/29/2020 15:00:00,10915,50183,42.000000000000000,597,,,10915,50183,42,597,10957,50696
17,12/30/2020 15:00:00,12453,62636,69.000000000000000,666,,,12453,62636,69,666,12522,63218
18,12/31/2020 15:00:00,7515,70151,35.000000000000000,701,,,7515,70151,35,701,7550,70768
19,1/1/2021 15:00:00,2602,72753,115.000000000000000,816,,,2602,72753,115,816,2717,73485
20,1/2/2021 15:00:00,2981,75734,34.000000000000000,850,,,2981,75734,34,850,3015,76500
21,1/3/2021 15:00:00,3370,79104,79.000000000000000,929,,,3370,79104,79,929,3449,79949
22,1/4/2021 15:00:00,13275,92379,316.000000000000000,1245,,,13275,92379,316,1245,13591,93540
23,1/5/2021 15:00:00,12407,104786,514.000000000000000,1759,,,12407,104786,514,1759,12921,106461
24,1/6/2021 15:00:00,15165,119951,841.000000000000000,2600,,,15165,119951,841,2600,16006,122467
25,1/7/2021 15:00:00,14953,134904,1732.000000000000000,4332,,,14953,134904,1732,4332,16685,139152
26,1/8/2021 15:00:00,23947,158851,2724.000000000000000,7056,,,23947,158851,2724,7056,26671,165823
27,1/9/2021 15:00:00,5133,163984,935.000000000000000,7991,,,5133,163984,935,7991,6068,171891
28,1/10/2021 15:00:00,2925,166909,368.000000000000000,8359,,,2925,166909,368,8359,3293,175184
29,1/11/2021 15:00:00,13674,180583,3430.000000000000000,11789,,,13674,180583,3430,11789,17104,192288
30,1/12/2021 15:00:00,17299,197882,5559.000000000000000,17348,,,17299,197882,5559,17348,22858,215146
31,1/13/2021 15:00:00,18496,216378,3859.000000000000000,21207,,,18496,216378,3859,21207,22355,237501
32,1/14/2021 15:00:00,17776,234154,1922.000000000000000,23129,,,17776,234154,1922,23129,19698,257199
33,1/15/2021 15:00:00,19371,253525,1971.000000000000000,25100,,,19371,253525,1971,25100,21342,278541
34,1/16/2021 15:00:00,5791,259316,1590.000000000000000,26690,,,5791,259316,1590,26690,7381,285922
35,1/17/2021 15:00:00,2097,261413,1467.000000000000000,28157,,,2097,261413,1467,28157,3564,289486
36,1/18/2021 15:00:00,7038,268451,3232.000000000000000,31389,,,7038,268451,3232,31389,10270,299756
37,1/19/2021 15:00:00,16873,285324,5317.000000000000000,36706,,,16873,285324,5317,36706,22190,321946
38,1/20/2021 15:00:00,20958,306282,5197.000000000000000,41903,,,20958,306282,5197,41903,26155,348101
39,1/21/2021 15:00:00,23591,329873,3681.000000000000000,45584,,,23591,329873,3681,45584,27272,375373
40,1/22/2021 15:00:00,28561,358434,3603.000000000000000,49187,,,28561,358434,3603,49187,32164,407537
41,1/23/2021 15:00:00,10057,368491,1880.000000000000000,51067,,,10057,368491,1880,51067,11937,419474
42,1/24/2021 15:00:00,3335,371826,1707.000000000000000,52774,,,3335,371826,1707,52774,5042,424516
43,1/25/2021 15:00:00,16253,388079,8524.000000000000000,61298,,,16253,388079,8524,61298,24777,449293
44,1/26/2021 15:00:00,17508,405587,8903.000000000000000,70201,,,17508,405587,8903,70201,26411,475704
45,1/27/2021 15:00:00,24344,429931,12397.000000000000000,82598,,,24344,429931,12397,82598,36741,512445
46,1/28/2021 15:00:00,22621,452552,9210.000000000000000,91808,,,22621,452552,9210,91808,31831,544276
47,1/29/2021 15:00:00,24719,477271,7756.000000000000000,99564,,,24719,477271,7756,99564,32475,576751
48,1/30/2021 15:00:00,17732,495003,2495.000000000000000,102059,,,17732,495003,2495,102059,20227,596978
49,1/31/2021 15:00:00,3744,498747,1313.000000000000000,103372,,,3744,498747,1313,103372,5057,602035
50,2/1/2021 15:00:00,7605,506352,5072.000000000000000,108444,,,7605,506352,5072,108444,12677,614712
51,2/2/2021 15:00:00,12401,518753,13683.000000000000000,122127,,,12401,518753,13683,122127,26084,640796
52,2/3/2021 15:00:00,18159,536912,18006.000000000000000,140133,,,18159,536912,18006,140133,36165,676961
53,2/4/2021 15:00:00,22019,558931,15678.000000000000000,155811,,,22019,558931,15678,155811,37697,714658
54,2/5/2021 15:00:00,20234,579165,17318.000000000000000,173129,,,20234,579165,17318,173129,37552,752210
55,2/6/2021 15:00:00,11249,590414,14416.000000000000000,187545,,,11249,590414,14416,187545,25665,777875
56,2/7/2021 15:00:00,5900,596314,1767.000000000000000,189312,,,5900,596314,1767,189312,7667,785542
57,2/8/2021 15:00:00,12913,609227,12852.000000000000000,202164,,,12913,609227,12852,202164,25765,811307
58,2/9/2021 15:00:00,16573,625800,13774.000000000000000,215938,,,16573,625800,13774,215938,30347,841654
59,2/10/2021 15:00:00,19215,645015,21135.000000000000000,237073,,,19215,645015,21135,237073,40350,882004
60,2/11/2021 15:00:00,22835,667850,17230.000000000000000,254303,,,22835,667850,17230,254303,40065,922069
61,2/12/2021 15:00:00,20313,688163,19537.000000000000000,273840,,,20313,688163,19537,273840,39850,961919
62,2/13/2021 15:00:00,11377,699540,6357.000000000000000,280197,,,11377,699540,6357,280197,17734,979653
63,2/14/2021 15:00:00,7089,706629,2087.000000000000000,282284,,,7089,706629,2087,282284,9176,988829
64,2/15/2021 15:00:00,11719,718348,13137.000000000000000,295421,,,11719,718348,13137,295421,24856,1013685
65,2/16/2021 15:00:00,16538,734886,20947.000000000000000,316368,,,16538,734886,20947,316368,37485,1051170
66,2/17/2021 15:00:00,20603,755489,26312.000000000000000,342680,,,20603,755489,26312,342680,46915,1098085
67,2/18/2021 15:00:00,3167,758656,4520.000000000000000,347200,,,3167,758656,4520,347200,7687,1105772
68,2/19/2021 15:00:00,10245,768901,19843.000000000000000,367043,,,10245,768901,19843,367043,30088,1135860
69,2/20/2021 15:00:00,10291,779192,20192.000000000000000,387235,,,10291,779192,20192,387235,30483,1166343
70,2/21/2021 15:00:00,6146,785338,7606.000000000000000,394841,,,6146,785338,7606,394841,13752,1180095
71,2/22/2021 15:00:00,7992,793330,15409.000000000000000,410250,,,7992,793330,15409,410250,23401,1203496
72,2/23/2021 15:00:00,15489,808819,15859.000000000000000,426109,,,15489,808819,15859,426109,31348,1234844
73,2/24/2021 15:00:00,17889,826708,24666.000000000000000,450775,,,17889,826708,24666,450775,42555,1277399
74,2/25/2021 15:00:00,20336,847044,26421.000000000000000,477196,,,20336,847044,26421,477196,46757,1324156
75,2/26/2021 15:00:00,26655,873699,26072.000000000000000,503268,,,26655,873699,26072,503268,52727,1376883
76,2/27/2021 15:00:00,15944,889643,11026.000000000000000,514294,,,15944,889643,11026,514294,26970,1403853
77,2/28/2021 15:00:00,15482,905125,4783.000000000000000,519077,,,15482,905125,4783,519077,20265,1424118
78,3/1/2021 15:00:00,26038,931163,12287.000000000000000,531364,,,26038,931163,12287,531364,38325,1462443
79,3/2/2021 15:00:00,23770,954933,13163.000000000000000,544527,31.000000000000000,31.000000000000000,23801,954964,13194,544558,36964,1499407
80,3/3/2021 15:00:00,29999,984932,18294.000000000000000,562821,179.000000000000000,210.000000000000000,30178,985142,18473,563031,48472,1547879
81,3/4/2021 15:00:00,30887,1015819,18082.000000000000000,580903,4063.000000000000000,4273.000000000000000,34950,1020092,22145,585176,53032,1600911
82,3/5/2021 15:00:00,29353,1045172,19353.000000000000000,600256,4911.000000000000000,9184.000000000000000,34264,1054356,24264,609440,53617,1654528
83,3/6/2021 15:00:00,17800,1062972,8911.000000000000000,609167,6004.000000000000000,15188.000000000000000,23804,1078160,14915,624355,32715,1687243
84,3/7/2021 15:00:00,12076,1075048,4785.000000000000000,613952,6610.000000000000000,21798.000000000000000,18686,1096846,11395,635750,23471,1710714
85,3/8/2021 15:00:00,25785,1100833,8754.000000000000000,622706,8280.000000000000000,30078.000000000000000,34065,1130911,17034,652784,42819,1753533
86,3/9/2021 15:00:00,26030,1126863,15337.000000000000000,638043,8341.000000000000000,38419.000000000000000,34371,1165282,23678,676462,49708,1803241
87,3/10/2021 15:00:00,29764,1156627,15884.000000000000000,653927,7938.000000000000000,46357.000000000000000,37702,1202984,23822,700284,53586,1856827
88,3/11/2021 15:00:00,35883,1192510,16359.000000000000000,670286,3979.000000000000000,50336.000000000000000,39862,1242846,20338,720622,56221,1913048
89,3/12/2021 15:00:00,36830,1229340,17969.000000000000000,688255,2924.000000000000000,53260.000000000000000,39754,1282600,20893,741515,57723,1970771
90,3/13/2021 15:00:00,22620,1251960,10218.000000000000000,698473,1603.000000000000000,54863.000000000000000,24223,1306823,11821,753336,34441,2005212
91,3/14/2021 15:00:00,17824,1269784,6662.000000000000000,705135,995.000000000000000,55858.000000000000000,18819,1325642,7657,760993,25481,2030693
92,3/15/2021 15:00:00,29712,1299496,11198.000000000000000,716333,592.000000000000000,56450.000000000000000,30304,1355946,11790,772783,41502,2072195
93,3/16/2021 15:00:00,33343,1332839,13481.000000000000000,729814,762.000000000000000,57212.000000000000000,34105,1390051,14243,787026,47586,2119781
94,3/17/2021 15:00:00,37487,1370326,16929.000000000000000,746743,1174.000000000000000,58386.000000000000000,38661,1428712,18103,805129,55590,2175371
95,3/18/2021 15:00:00,41325,1411651,12488.000000000000000,759231,1347.000000000000000,59733.000000000000000,42672,1471384,13835,818964,55160,2230531
96,3/19/2021 15:00:00,38226,1449877,15321.000000000000000,774552,1034.000000000000000,60767.000000000000000,39260,1510644,16355,835319,54581,2285112
97,3/20/2021 15:00:00,24618,1474495,10055.000000000000000,784607,692.000000000000000,61459.000000000000000,25310,1535954,10747,846066,35365,2320477
98,3/21/2021 15:00:00,19116,1493611,7804.000000000000000,792411,331.000000000000000,61790.000000000000000,19447,1555401,8135,854201,27251,2347728
99,3/22/2021 15:00:00,32497,1526108,11386.000000000000000,803797,832.000000000000000,62622.000000000000000,33329,1588730,12218,866419,44715,2392443
100,3/23/2021 15:00:00,37688,1563796,17237.000000000000000,821034,1550.000000000000000,64172.000000000000000,39238,1627968,18787,885206,56475,2448918
101,3/24/2021 15:00:00,40979,1604775,21079.000000000000000,842113,1376.000000000000000,65548.000000000000000,42355,1670323,22455,907661,63434,2512352
102,3/25/2021 15:00:00,42260,1647035,20901.000000000000000,863014,2456.000000000000000,68004.000000000000000,44716,1715039,23357,931018,65617,2577969
103,3/26/2021 15:00:00,36529,1683564,26180.000000000000000,889194,2499.000000000000000,70503.000000000000000,39028,1754067,28679,959697,65208,2643177
104,3/27/2021 15:00:00,26886,1710450,16713.000000000000000,905907,2482.000000000000000,72985.000000000000000,29368,1783435,19195,978892,46081,2689258
105,3/28/2021 15:00:00,16992,1727442,12586.000000000000000,918493,1613.000000000000000,74598.000000000000000,18605,1802040,14199,993091,31191,2720449
106,3/29/2021 15:00:00,29661,1757103,26158.000000000000000,944651,1139.000000000000000,75737.000000000000000,30800,1832840,27297,1020388,56958,2777407
107,3/30/2021 15:00:00,39962,1797065,28856.000000000000000,973507,1851.000000000000000,77588.000000000000000,41813,1874653,30707,1051095,70669,2848076
108,3/31/2021 15:00:00,40961,1838026,34516.000000000000000,1008023,5744.000000000000000,83332.000000000000000,46705,1921358,40260,1091355,81221,2929297
109,4/1/2021 15:00:00,40708,1878734,39643.000000000000000,1047666,5613.000000000000000,88945.000000000000000,46321,1967679,45256,1136611,85964,3015261
110,4/2/2021 15:00:00,34903,1913637,32421.000000000000000,1080087,6106.000000000000000,95051.000000000000000,41009,2008688,38527,1175138,73430,3088691
111,4/3/2021 15:00:00,21574,1935211,18642.000000000000000,1098729,4364.000000000000000,99415.000000000000000,25938,2034626,23006,1198144,44580,3133271
112,4/4/2021 15:00:00,8223,1943434,10152.000000000000000,1108881,961.000000000000000,100376.000000000000000,9184,2043810,11113,1209257,19336,3152607
113,4/5/2021 15:00:00,27829,1971263,28792.000000000000000,1137673,6644.000000000000000,107020.000000000000000,34473,2078283,35436,1244693,63265,3215872
114,4/6/2021 15:00:00,39680,2010943,30333.000000000000000,1168006,10478.000000000000000,117498.000000000000000,50158,2128441,40811,1285504,80491,3296363
115,4/7/2021 15:00:00,35970,2046913,34116.000000000000000,1202122,12956.000000000000000,130454.000000000000000,48926,2177367,47072,1332576,83042,3379405
116,4/8/2021 15:00:00,42212,2089125,35927.000000000000000,1238049,13841.000000000000000,144295.000000000000000,56053,2233420,49768,1382344,91980,3471385
117,4/9/2021 15:00:00,33952,2123077,36216.000000000000000,1274265,14521.000000000000000,158816.000000000000000,48473,2281893,50737,1433081,84689,3556074
118,4/10/2021 15:00:00,23412,2146489,23061.000000000000000,1297326,7616.000000000000000,166432.000000000000000,31028,2312921,30677,1463758,54089,3610163
119,4/11/2021 15:00:00,17535,2164024,13240.000000000000000,1310566,10121.000000000000000,176553.000000000000000,27656,2340577,23361,1487119,40896,3651059
120,4/12/2021 15:00:00,24528,2188552,33078.000000000000000,1343644,10883.000000000000000,187436.000000000000000,35411,2375988,43961,1531080,68489,3719548
121,4/13/2021 15:00:00,126725,2315277,90511.000000000000000,1434155,3292.000000000000000,190728.000000000000000,130017,2506005,93803,1624883,220528,3940076
122,4/14/2021 15:00:00,40652,2355929,37697.000000000000000,1471852,208.000000000000000,190936.000000000000000,40860,2546865,37905,1662788,78557,4018633
123,4/15/2021 15:00:00,41634,2397563,39069.000000000000000,1510921,172.000000000000000,191108.000000000000000,41806,2588671,39241,1702029,80875,4099508
124,4/16/2021 15:00:00,37163,2434726,38652.000000000000000,1549573,23.000000000000000,191131.000000000000000,37186,2625857,38675,1740704,75838,4175346
125,4/17/2021 15:00:00,32751,2467477,21950.000000000000000,1571523,12.000000000000000,191143.000000000000000,32763,2658620,21962,1762666,54713,4230059
126,4/18/2021 15:00:00,20050,2487527,16132.000000000000000,1587655,5.000000000000000,191148.000000000000000,20055,2678675,16137,1778803,36187,4266246
127,4/19/2021 15:00:00,29850,2517377,36431.000000000000000,1624086,61.000000000000000,191209.000000000000000,29911,2708586,36492,1815295,66342,4332588
128,4/20/2021 15:00:00,33064,2550441,44076.000000000000000,1668162,54.000000000000000,191263.000000000000000,33118,2741704,44130,1859425,77194,4409782
129,4/21/2021 15:00:00,39754,2590195,46817.000000000000000,1714979,21.000000000000000,191284.000000000000000,39775,2781479,46838,1906263,86592,4496374
130,4/22/2021 15:00:00,36356,2626551,41895.000000000000000,1756874,16.000000000000000,191300.000000000000000,36372,2817851,41911,1948174,78267,4574641
131,4/23/2021 15:00:00,33065,2659616,39910.000000000000000,1796784,13.000000000000000,191313.000000000000000,33078,2850929,39923,1988097,72988,4647629
132,4/24/2021 15:00:00,26379,2685995,27783.000000000000000,1824567,80.000000000000000,191393.000000000000000,26459,2877388,27863,2015960,54242,4701871
133,4/25/2021 15:00:00,20200,2706195,10903.000000000000000,1835470,30.000000000000000,191423.000000000000000,20230,2897618,10933,2026893,31133,4733004
134,4/26/2021 15:00:00,27376,2733571,32544.000000000000000,1868014,203.000000000000000,191626.000000000000000,27579,2925197,32747,2059640,60123,4793127
135,4/27/2021 15:00:00,26686,2760257,32886.000000000000000,1900900,1096.000000000000000,192722.000000000000000,27782,2952979,33982,2093622,60668,4853795
136,4/28/2021 15:00:00,28891,2789148,39353.000000000000000,1940253,1362.000000000000000,194084.000000000000000,30253,2983232,40715,2134337,69606,4923401
137,4/29/2021 15:00:00,27280,2816428,39290.000000000000000,1979543,1462.000000000000000,195546.000000000000000,28742,3011974,40752,2175089,68032,4991433
138,4/30/2021 15:00:00,28154,2844582,32026.000000000000000,2011569,1641.000000000000000,197187.000000000000000,29795,3041769,33667,2208756,61821,5053254
139,5/1/2021 15:00:00,20393,2864975,26268.000000000000000,2037837,1022.000000000000000,198209.000000000000000,21415,3063184,27290,2236046,47683,5100937
140,5/2/2021 15:00:00,10262,2875237,16980.000000000000000,2054817,818.000000000000000,199027.000000000000000,11080,3074264,17798,2253844,28060,5128997
141,5/3/2021 15:00:00,12707,2887944,28580.000000000000000,2083397,1909.000000000000000,200936.000000000000000,14616,3088880,30489,2284333,43196,5172193
142,5/4/2021 15:00:00,13501,2901445,38314.000000000000000,2121711,1731.000000000000000,202667.000000000000000,15232,3104112,40045,2324378,53546,5225739
143,5/5/2021 15:00:00,19304,2920749,37605.000000000000000,2159316,1918.000000000000000,204585.000000000000000,21222,3125334,39523,2363901,58827,5284566
144,5/6/2021 15:00:00,16910,2937659,40466.000000000000000,2199782,1714.000000000000000,206299.000000000000000,18624,3143958,42180,2406081,59090,5343656
145,5/7/2021 15:00:00,17367,2955026,35902.000000000000000,2235684,1955.000000000000000,208254.000000000000000,19322,3163280,37857,2443938,55224,5398880
146,5/8/2021 15:00:00,10769,2965795,31130.000000000000000,2266814,1291.000000000000000,209545.000000000000000,12060,3175340,32421,2476359,43190,5442070
147,5/9/2021 15:00:00,5045,2970840,11880.000000000000000,2278694,695.000000000000000,210240.000000000000000,5740,3181080,12575,2488934,17620,5459690
148,5/10/2021 15:00:00,8929,2979769,30940.000000000000000,2309634,1357.000000000000000,211597.000000000000000,10286,3191366,32297,2521231,41226,5500916
149,5/11/2021 15:00:00,12176,2991945,30178.000000000000000,2339812,1435.000000000000000,213032.000000000000000,13611,3204977,31613,2552844,43789,5544705
150,5/12/2021 15:00:00,13924,3005869,38495.000000000000000,2378307,1914.000000000000000,214946.000000000000000,15838,3220815,40409,2593253,54333,5599038
151,5/13/2021 15:00:00,21797,3027666,33364.000000000000000,2411671,1346.000000000000000,216292.000000000000000,23143,3243958,34710,2627963,56507,5655545
152,5/14/2021 15:00:00,24317,3051983,29919.000000000000000,2441590,1770.000000000000000,218062.000000000000000,26087,3270045,31689,2659652,56006,5711551
153,5/15/2021 15:00:00,21868,3073851,25030.000000000000000,2466620,1490.000000000000000,219552.000000000000000,23358,3293403,26520,2686172,48388,5759939
154,5/16/2021 15:00:00,9062,3082913,17517.000000000000000,2484137,1111.000000000000000,220663.000000000000000,10173,3303576,18628,2704800,27690,5787629
155,5/17/2021 15:00:00,16819,3099732,28275.000000000000000,2512412,1948.000000000000000,222611.000000000000000,18767,3322343,30223,2735023,47042,5834671
156,5/18/2021 15:00:00,21230,3120962,30614.000000000000000,2543026,1941.000000000000000,224552.000000000000000,23171,3345514,32555,2767578,53785,5888456
157,5/19/2021 15:00:00,27566,3148528,32309.000000000000000,2575335,1622.000000000000000,226174.000000000000000,29188,3374702,33931,2801509,61497,5949953
158,5/20/2021 15:00:00,20776,3169304,33148.000000000000000,2608483,1963.000000000000000,228137.000000000000000,22739,3397441,35111,2836620,55887,6005840
159,5/21/2021 15:00:00,19112,3188416,30166.000000000000000,2638649,1606.000000000000000,229743.000000000000000,20718,3418159,31772,2868392,50884,6056724
160,5/22/2021 15:00:00,16893,3205309,20616.000000000000000,2659265,1269.000000000000000,231012.000000000000000,18162,3436321,21885,2890277,38778,6095502
161,5/23/2021 15:00:00,8748,3214057,11410.000000000000000,2670675,963.000000000000000,231975.000000000000000,9711,3446032,12373,2902650,21121,6116623
162,5/24/2021 15:00:00,13562,3227619,17687.000000000000000,2688362,1476.000000000000000,233451.000000000000000,15038,3461070,19163,2921813,32725,6149348
163,5/25/2021 15:00:00,13006,3240625,18618.000000000000000,2706980,1327.000000000000000,234778.000000000000000,14333,3475403,19945,2941758,32951,6182299
164,5/26/2021 15:00:00,18263,3258888,19400.000000000000000,2726380,1505.000000000000000,236283.000000000000000,19768,3495171,20905,2962663,39168,6221467
165,5/27/2021 15:00:00,11672,3270560,18597.000000000000000,2744977,1115.000000000000000,237398.000000000000000,12787,3507958,19712,2982375,31384,6252851
166,5/28/2021 15:00:00,12512,3283072,19678.000000000000000,2764655,1395.000000000000000,238793.000000000000000,13907,3521865,21073,3003448,33585,6286436
167,5/29/2021 15:00:00,9547,3292619,11612.000000000000000,2776267,937.000000000000000,239730.000000000000000,10484,3532349,12549,3015997,22096,6308532
168,5/30/2021 15:00:00,4967,3297586,6405.000000000000000,2782672,597.000000000000000,240327.000000000000000,5564,3537913,7002,3022999,11969,6320501
169,5/31/2021 15:00:00,1772,3299358,3698.000000000000000,2786370,305.000000000000000,240632.000000000000000,2077,3539990,4003,3027002,5775,6326276
170,6/1/2021 15:00:00,9743,3309101,16234.000000000000000,2802604,1148.000000000000000,241780.000000000000000,10891,3550881,17382,3044384,27125,6353401
171,6/2/2021 15:00:00,10212,3319313,16762.000000000000000,2819366,958.000000000000000,242738.000000000000000,11170,3562051,17720,3062104,27932,6381333
172,6/3/2021 15:00:00,7896,3327209,21107.000000000000000,2840473,1085.000000000000000,243823.000000000000000,8981,3571032,22192,3084296,30088,6411421
173,6/4/2021 15:00:00,8215,3335424,22209.000000000000000,2862682,1121.000000000000000,244944.000000000000000,9336,3580368,23330,3107626,31545,6442966
174,6/5/2021 15:00:00,7007,3342431,19387.000000000000000,2882069,718.000000000000000,245662.000000000000000,7725,3588093,20105,3127731,27112,6470078
175,6/6/2021 15:00:00,3468,3345899,7188.000000000000000,2889257,421.000000000000000,246083.000000000000000,3889,3591982,7609,3135340,11077,6481155
176,6/7/2021 15:00:00,6847,3352746,15715.000000000000000,2904972,725.000000000000000,246808.000000000000000,7572,3599554,16440,3151780,23287,6504442
177,6/8/2021 15:00:00,6667,3359413,19647.000000000000000,2924619,817.000000000000000,247625.000000000000000,7484,3607038,20464,3172244,27131,6531573
178,6/9/2021 15:00:00,8196,3367609,23866.000000000000000,2948485,968.000000000000000,248593.000000000000000,9164,3616202,24834,3197078,33030,6564603
179,6/10/2021 15:00:00,7163,3374772,19050.000000000000000,2967535,894.000000000000000,249487.000000000000000,8057,3624259,19944,3217022,27107,6591710
180,6/11/2021 15:00:00,7444,3382216,17666.000000000000000,2985201,1124.000000000000000,250611.000000000000000,8568,3632827,18790,3235812,26234,6617944
181,6/12/2021 15:00:00,5235,3387451,14695.000000000000000,2999896,604.000000000000000,251215.000000000000000,5839,3638666,15299,3251111,20534,6638478
182,6/13/2021 15:00:00,1930,3389381,7545.000000000000000,3007441,425.000000000000000,251640.000000000000000,2355,3641021,7970,3259081,9900,6648378
183,6/14/2021 15:00:00,5653,3395034,11795.000000000000000,3019236,728.000000000000000,252368.000000000000000,6381,3647402,12523,3271604,18176,6666554
184,6/15/2021 15:00:00,5639,3400673,14271.000000000000000,3033507,869.000000000000000,253237.000000000000000,6508,3653910,15140,3286744,20779,6687333
185,6/16/2021 15:00:00,8745,3409418,21538.000000000000000,3055045,757.000000000000000,253994.000000000000000,9502,3663412,22295,3309039,31040,6718373
186,6/17/2021 15:00:00,6672,3416090,12329.000000000000000,3067374,718.000000000000000,254712.000000000000000,7390,3670802,13047,3322086,19719,6738092
187,6/18/2021 15:00:00,6850,3422940,12672.000000000000000,3080046,704.000000000000000,255416.000000000000000,7554,3678356,13376,3335462,20226,6758318
188,6/19/2021 15:00:00,4655,3427595,9351.000000000000000,3089397,614.000000000000000,256030.000000000000000,5269,3683625,9965,3345427,14620,6772938
189,6/20/2021 15:00:00,2501,3430096,5026.000000000000000,3094423,377.000000000000000,256407.000000000000000,2878,3686503,5403,3350830,7904,6780842
190,6/21/2021 15:00:00,5545,3435641,5314.000000000000000,3099737,636.000000000000000,257043.000000000000000,6181,3692684,5950,3356780,11495,6792337
191,6/22/2021 15:00:00,5186,3440827,8829.000000000000000,3108566,681.000000000000000,257724.000000000000000,5867,3698551,9510,3366290,14696,6807033
192,6/23/2021 15:00:00,6053,3446880,10288.000000000000000,3118854,641.000000000000000,258365.000000000000000,6694,3705245,10929,3377219,16982,6824015
193,6/24/2021 15:00:00,5926,3452806,8173.000000000000000,3127027,593.000000000000000,258958.000000000000000,6519,3711764,8766,3385985,14692,6838707
194,6/25/2021 15:00:00,5822,3458628,8616.000000000000000,3135643,620.000000000000000,259578.000000000000000,6442,3718206,9236,3395221,15058,6853765
195,6/26/2021 15:00:00,3697,3462325,6291.000000000000000,3141934,396.000000000000000,259974.000000000000000,4093,3722299,6687,3401908,10384,6864149
196,6/27/2021 15:00:00,2797,3465122,3524.000000000000000,3145458,182.000000000000000,260156.000000000000000,2979,3725278,3706,3405614,6503,6870652
197,6/28/2021 15:00:00,4724,3469846,6099.000000000000000,3151557,521.000000000000000,260677.000000000000000,5245,3730523,6620,3412234,11344,6881996
198,6/29/2021 15:00:00,5056,3474902,6465.000000000000000,3158022,517.000000000000000,261194.000000000000000,5573,3736096,6982,3419216,12038,6894034
199,6/30/2021 15:00:00,5596,3480498,7411.000000000000000,3165433,603.000000000000000,261797.000000000000000,6199,3742295,8014,3427230,13610,6907644
200,7/1/2021 15:00:00,5315,3485813,6946.000000000000000,3172379,489.000000000000000,262286.000000000000000,5804,3748099,7435,3434665,12750,6920394
201,7/2/2021 15:00:00,5281,3491094,6839.000000000000000,3179218,519.000000000000000,262805.000000000000000,5800,3753899,7358,3442023,12639,6933033
202,7/3/2021 15:00:00,3257,3494351,4063.000000000000000,3183281,260.000000000000000,263065.000000000000000,3517,3757416,4323,3446346,7580,6940613
203,7/4/2021 15:00:00,492,3494843,541.000000000000000,3183822,66.000000000000000,263131.000000000000000,558,3757974,607,3446953,1099,6941712
204,7/5/2021 15:00:00,3750,3498593,3962.000000000000000,3187784,282.000000000000000,263413.000000000000000,4032,3762006,4244,3451197,7994,6949706
205,7/6/2021 15:00:00,4473,3503066,6229.000000000000000,3194013,450.000000000000000,263863.000000000000000,4923,3766929,6679,3457876,11152,6960858
206,7/7/2021 15:00:00,4453,3507519,6375.000000000000000,3200388,482.000000000000000,264345.000000000000000,4935,3771864,6857,3464733,11310,6972168
207,7/8/2021 15:00:00,4826,3512345,6130.000000000000000,3206518,563.000000000000000,264908.000000000000000,5389,3777253,6693,3471426,11519,6983687
208,7/9/2021 15:00:00,5345,3517690,6618.000000000000000,3213136,572.000000000000000,265480.000000000000000,5917,3783170,7190,3478616,12535,6996222
209,7/10/2021 15:00:00,3514,3521204,4374.000000000000000,3217510,301.000000000000000,265781.000000000000000,3815,3786985,4675,3483291,8189,7004411
210,7/11/2021 15:00:00,2664,3523868,2551.000000000000000,3220061,222.000000000000000,266003.000000000000000,2886,3789871,2773,3486064,5437,7009848
211,7/12/2021 15:00:00,4404,3528272,5108.000000000000000,3225169,374.000000000000000,266377.000000000000000,4778,3794649,5482,3491546,9886,7019734
212,7/13/2021 15:00:00,4740,3533012,4592.000000000000000,3229761,364.000000000000000,266741.000000000000000,5104,3799753,4956,3496502,9696,7029430
213,7/14/2021 15:00:00,4596,3537608,5246.000000000000000,3235007,421.000000000000000,267162.000000000000000,5017,3804770,5667,3502169,10263,7039693
214,7/15/2021 15:00:00,4867,3542475,4979.000000000000000,3239986,356.000000000000000,267518.000000000000000,5223,3809993,5335,3507504,10202,7049895
215,7/16/2021 15:00:00,6266,3548741,5816.000000000000000,3245802,401.000000000000000,267919.000000000000000,6667,3816660,6217,3513721,12483,7062378
216,7/17/2021 15:00:00,3402,3552143,3548.000000000000000,3249350,299.000000000000000,268218.000000000000000,3701,3820361,3847,3517568,7249,7069627
217,7/18/2021 15:00:00,2299,3554442,2367.000000000000000,3251717,110.000000000000000,268328.000000000000000,2409,3822770,2477,3520045,4776,7074403
218,7/19/2021 15:00:00,5245,3559687,4466.000000000000000,3256183,376.000000000000000,268704.000000000000000,5621,3828391,4842,3524887,10087,7084490
219,7/20/2021 15:00:00,5324,3565011,4690.000000000000000,3260873,366.000000000000000,269070.000000000000000,5690,3834081,5056,3529943,10380,7094870
220,7/21/2021 15:00:00,5626,3570637,4936.000000000000000,3265809,415.000000000000000,269485.000000000000000,6041,3840122,5351,3535294,10977,7105847
221,7/22/2021 15:00:00,6005,3576642,4649.000000000000000,3270458,407.000000000000000,269892.000000000000000,6412,3846534,5056,3540350,11061,7116908
222,7/23/2021 15:00:00,6824,3583466,4873.000000000000000,3275331,489.000000000000000,270381.000000000000000,7313,3853847,5362,3545712,12186,7129094
223,7/24/2021 15:00:00,4276,3587742,3207.000000000000000,3278538,267.000000000000000,270648.000000000000000,4543,3858390,3474,3549186,7750,7136844
224,7/25/2021 15:00:00,3290,3591032,1122.000000000000000,3279660,138.000000000000000,270786.000000000000000,3428,3861818,1260,3550446,4550,7141394
225,7/26/2021 15:00:00,6197,3597229,3912.000000000000000,3283572,412.000000000000000,271198.000000000000000,6609,3868427,4324,3554770,10521,7151915
226,7/27/2021 15:00:00,6341,3603570,4070.000000000000000,3287642,453.000000000000000,271651.000000000000000,6794,3875221,4523,3559293,10864,7162779
227,7/28/2021 15:00:00,6790,3610360,4025.000000000000000,3291667,458.000000000000000,272109.000000000000000,7248,3882469,4483,3563776,11273,7174052
228,7/29/2021 15:00:00,6801,3617161,4167.000000000000000,3295834,413.000000000000000,272522.000000000000000,7214,3889683,4580,3568356,11381,7185433
229,7/30/2021 15:00:00,7515,3624676,4551.000000000000000,3300385,521.000000000000000,273043.000000000000000,8036,3897719,5072,3573428,12587,7198020
230,7/31/2021 15:00:00,4775,3629451,3051.000000000000000,3303436,272.000000000000000,273315.000000000000000,5047,3902766,3323,3576751,8098,7206118
231,8/1/2021 15:00:00,3780,3633231,2105.000000000000000,3305541,154.000000000000000,273469.000000000000000,3934,3906700,2259,3579010,6039,7212157
232,8/2/2021 15:00:00,7006,3640237,3660.000000000000000,3309201,335.000000000000000,273804.000000000000000,7341,3914041,3995,3583005,11001,7223158
233,8/3/2021 15:00:00,6982,3647219,3920.000000000000000,3313121,506.000000000000000,274310.000000000000000,7488,3921529,4426,3587431,11408,7234566
234,8/4/2021 15:00:00,7149,3654368,3909.000000000000000,3317030,528.000000000000000,274838.000000000000000,7677,3929206,4437,3591868,11586,7246152
235,8/5/2021 15:00:00,7651,3662019,4118.000000000000000,3321148,535.000000000000000,275373.000000000000000,8186,3937392,4653,3596521,12304,7258456
236,8/6/2021 15:00:00,8273,3670292,4723.000000000000000,3325871,449.000000000000000,275822.000000000000000,8722,3946114,5172,3601693,13445,7271901
237,8/7/2021 15:00:00,5242,3675534,2808.000000000000000,3328679,264.000000000000000,276086.000000000000000,5506,3951620,3072,3604765,8314,7280215
238,8/8/2021 15:00:00,3944,3679478,2049.000000000000000,3330728,141.000000000000000,276227.000000000000000,4085,3955705,2190,3606955,6134,7286349
239,8/9/2021 15:00:00,6903,3686381,4520.000000000000000,3335248,364.000000000000000,276591.000000000000000,7267,3962972,4884,3611839,11787,7298136
240,8/10/2021 15:00:00,7107,3693488,4460.000000000000000,3339708,337.000000000000000,276928.000000000000000,7444,3970416,4797,3616636,11904,7310040
241,8/11/2021 15:00:00,7023,3700511,4433.000000000000000,3344141,439.000000000000000,277367.000000000000000,7462,3977878,4872,3621508,11895,7321935
242,8/12/2021 15:00:00,8560,3709071,4717.000000000000000,3348858,440.000000000000000,277807.000000000000000,9000,3986878,5157,3626665,13717,7335652
243,8/13/2021 15:00:00,7107,3716178,5356.000000000000000,3354214,388.000000000000000,278195.000000000000000,7495,3994373,5744,3632409,12851,7348503
244,8/14/2021 15:00:00,4911,3721089,3346.000000000000000,3357560,284.000000000000000,278479.000000000000000,5195,3999568,3630,3636039,8541,7357044
245,8/15/2021 15:00:00,3315,3724404,2734.000000000000000,3360294,164.000000000000000,278643.000000000000000,3479,4003047,2898,3638937,6213,7363257
246,8/16/2021 15:00:00,5408,3729812,5077.000000000000000,3365371,348.000000000000000,278991.000000000000000,5756,4008803,5425,3644362,10833,7374090
247,8/17/2021 15:00:00,6938,3736750,5191.000000000000000,3370562,387.000000000000000,279378.000000000000000,7325,4016128,5578,3649940,12516,7386606
248,8/18/2021 15:00:00,6498,3743248,5299.000000000000000,3375861,470.000000000000000,279848.000000000000000,6968,4023096,5769,3655709,12267,7398873
249,8/19/2021 15:00:00,5970,3749218,5323.000000000000000,3381184,410.000000000000000,280258.000000000000000,6380,4029476,5733,3661442,11703,7410576
250,8/20/2021 15:00:00,7020,3756238,6319.000000000000000,3387503,401.000000000000000,280659.000000000000000,7421,4036897,6720,3668162,13740,7424316
251,8/21/2021 15:00:00,4310,3760548,3922.000000000000000,3391425,225.000000000000000,280884.000000000000000,4535,4041432,4147,3672309,8457,7432773
252,8/22/2021 15:00:00,3061,3763609,3164.000000000000000,3394589,109.000000000000000,280993.000000000000000,3170,4044602,3273,3675582,6334,7439107
253,8/23/2021 15:00:00,6148,3769757,5917.000000000000000,3400506,285.000000000000000,281278.000000000000000,6433,4051035,6202,3681784,12350,7451457
254,8/24/2021 15:00:00,6620,3776377,5875.000000000000000,3406381,423.000000000000000,281701.000000000000000,7043,4058078,6298,3688082,12918,7464375
255,8/25/2021 15:00:00,6884,3783261,6003.000000000000000,3412384,438.000000000000000,282139.000000000000000,7322,4065400,6441,3694523,13325,7477700
256,8/26/2021 15:00:00,7161,3790422,6411.000000000000000,3418795,427.000000000000000,282566.000000000000000,7588,4072988,6838,3701361,13999,7491699
257,8/27/2021 15:00:00,6853,3797275,7007.000000000000000,3425802,315.000000000000000,282881.000000000000000,7168,4080156,7322,3708683,14175,7505874
258,8/28/2021 15:00:00,6900,3804175,6476.000000000000000,3432278,326.000000000000000,283207.000000000000000,7226,4087382,6802,3715485,13702,7519576
259,8/29/2021 15:00:00,3744,3807919,3674.000000000000000,3435952,611.000000000000000,283818.000000000000000,4355,4091737,4285,3719770,8029,7527605
260,8/30/2021 15:00:00,5939,3813858,6092.000000000000000,3442044,959.000000000000000,284777.000000000000000,6898,4098635,7051,3726821,12990,7540595
261,8/31/2021 15:00:00,5688,3819546,5930.000000000000000,3447974,945.000000000000000,285722.000000000000000,6633,4105268,6875,3733696,12563,7553158
262,9/1/2021 15:00:00,5528,3825074,5577.000000000000000,3453551,905.000000000000000,286627.000000000000000,6433,4111701,6482,3740178,12010,7565168
263,9/2/2021 15:00:00,5527,3830601,5880.000000000000000,3459431,700.000000000000000,287327.000000000000000,6227,4117928,6580,3746758,12107,7577275
264,9/3/2021 15:00:00,5974,3836575,6877.000000000000000,3466308,971.000000000000000,288298.000000000000000,6945,4124873,7848,3754606,13822,7591097
265,9/4/2021 15:00:00,3711,3840286,4318.000000000000000,3470626,875.000000000000000,289173.000000000000000,4586,4129459,5193,3759799,8904,7600001
266,9/5/2021 15:00:00,2936,3843222,2800.000000000000000,3473426,104.000000000000000,289277.000000000000000,3040,4132499,2904,3762703,5840,7605841
267,9/6/2021 15:00:00,1050,3844272,1143.000000000000000,3474569,62.000000000000000,289339.000000000000000,1112,4133611,1205,3763908,2255,7608096
268,9/7/2021 15:00:00,5275,3849547,7247.000000000000000,3481816,2303.000000000000000,291642.000000000000000,7578,4141189,9550,3773458,14825,7622921
269,9/8/2021 15:00:00,4652,3854199,5444.000000000000000,3487260,365.000000000000000,292007.000000000000000,5017,4146206,5809,3779267,10461,7633382
270,9/9/2021 15:00:00,5058,3859257,5343.000000000000000,3492603,322.000000000000000,292329.000000000000000,5380,4151586,5665,3784932,10723,7644105
271,9/10/2021 15:00:00,6521,3865778,6587.000000000000000,3499190,1712.000000000000000,294041.000000000000000,8233,4159819,8299,3793231,14820,7658925
272,9/11/2021 15:00:00,4037,3869815,4324.000000000000000,3503514,663.000000000000000,294704.000000000000000,4700,4164519,4987,3798218,9024,7667949
273,9/12/2021 15:00:00,3062,3872877,3231.000000000000000,3506745,435.000000000000000,295139.000000000000000,3497,4168016,3666,3801884,6728,7674677
274,9/13/2021 15:00:00,4663,3877540,4843.000000000000000,3511588,345.000000000000000,295484.000000000000000,5008,4173024,5188,3807072,9851,7684528
275,9/14/2021 15:00:00,4570,3882110,5200.000000000000000,3516788,433.000000000000000,295917.000000000000000,5003,4178027,5633,3812705,10203,7694731
276,9/15/2021 15:00:00,4683,3886793,5598.000000000000000,3522386,387.000000000000000,296304.000000000000000,5070,4183097,5985,3818690,10668,7705399
277,9/16/2021 15:00:00,4581,3891374,5597.000000000000000,3527983,330.000000000000000,296634.000000000000000,4911,4188008,5927,3824617,10508,7715907
278,9/17/2021 15:00:00,5027,3896401,6331.000000000000000,3534314,341.000000000000000,296975.000000000000000,5368,4193376,6672,3831289,11699,7727606
279,9/18/2021 15:00:00,3768,3900169,4562.000000000000000,3538876,184.000000000000000,297159.000000000000000,3952,4197328,4746,3836035,8514,7736120
280,9/19/2021 15:00:00,2721,3902890,3164.000000000000000,3542040,75.000000000000000,297234.000000000000000,2796,4200124,3239,3839274,5960,7742080
281,9/20/2021 15:00:00,3531,3906421,4465.000000000000000,3546505,426.000000000000000,297660.000000000000000,3957,4204081,4891,3844165,8422,7750502
282,9/21/2021 15:00:00,3772,3910193,4808.000000000000000,3551313,324.000000000000000,297984.000000000000000,4096,4208177,5132,3849297,8904,7759406
283,9/22/2021 15:00:00,4179,3914372,4750.000000000000000,3556063,459.000000000000000,298443.000000000000000,4638,4212815,5209,3854506,9388,7768794
284,9/23/2021 15:00:00,4174,3918546,4688.000000000000000,3560751,489.000000000000000,298932.000000000000000,4663,4217478,5177,3859683,9351,7778145
285,9/24/2021 15:00:00,5061,3923607,5563.000000000000000,3566314,422.000000000000000,299354.000000000000000,5483,4222961,5985,3865668,11046,7789191
286,9/25/2021 15:00:00,3590,3927197,3629.000000000000000,3569943,384.000000000000000,299738.000000000000000,3974,4226935,4013,3869681,7603,7796794
287,9/26/2021 15:00:00,2352,3929549,2601.000000000000000,3572544,421.000000000000000,300159.000000000000000,2773,4229708,3022,3872703,5374,7802168
288,9/27/2021 15:00:00,4491,3934040,2693.000000000000000,3575237,507.000000000000000,300666.000000000000000,4998,4234706,3200,3875903,7691,7809859
289,9/28/2021 15:00:00,4387,3938427,4387.000000000000000,3579624,211.000000000000000,300877.000000000000000,4598,4239304,4598,3880501,8985,7818844
290,9/29/2021 15:00:00,4695,3943122,4489.000000000000000,3584113,918.000000000000000,301795.000000000000000,5613,4244917,5407,3885908,10102,7828946
291,9/30/2021 15:00:00,4872,3947994,4567.000000000000000,3588680,791.000000000000000,302586.000000000000000,5663,4250580,5358,3891266,10230,7839176
292,10/1/2021 15:00:00,5401,3953395,5281.000000000000000,3593961,778.000000000000000,303364.000000000000000,6179,4256759,6059,3897325,11460,7850636
293,10/2/2021 15:00:00,2934,3956329,2903.000000000000000,3596864,186.000000000000000,303550.000000000000000,3120,4259879,3089,3900414,6023,7856659
294,10/3/2021 15:00:00,2055,3958384,2186.000000000000000,3599050,87.000000000000000,303637.000000000000000,2142,4262021,2273,3902687,4328,7860987
295,10/4/2021 15:00:00,4141,3962525,3382.000000000000000,3602432,233.000000000000000,303870.000000000000000,4374,4266395,3615,3906302,7756,7868743
296,10/5/2021 15:00:00,4052,3966577,3584.000000000000000,3606016,204.000000000000000,304074.000000000000000,4256,4270651,3788,3910090,7840,7876583
297,10/6/2021 15:00:00,4112,3970689,3476.000000000000000,3609492,263.000000000000000,304337.000000000000000,4375,4275026,3739,3913829,7851,7884434
298,10/7/2021 15:00:00,4344,3975033,3501.000000000000000,3612993,326.000000000000000,304663.000000000000000,4670,4279696,3827,3917656,8171,7892605
299,10/8/2021 15:00:00,4909,3979942,4044.000000000000000,3617037,281.000000000000000,304944.000000000000000,5190,4284886,4325,3921981,9234,7901839
300,10/9/2021 15:00:00,2671,3982613,2673.000000000000000,3619710,270.000000000000000,305214.000000000000000,2941,4287827,2943,3924924,5614,7907453
301,10/10/2021 15:00:00,1866,3984479,1845.000000000000000,3621555,59.000000000000000,305273.000000000000000,1925,4289752,1904,3926828,3770,7911223
302,10/11/2021 15:00:00,4355,3988834,3191.000000000000000,3624746,246.000000000000000,305519.000000000000000,4601,4294353,3437,3930265,7792,7919015
303,10/12/2021 15:00:00,3710,3992544,3273.000000000000000,3628019,268.000000000000000,305787.000000000000000,3978,4298331,3541,3933806,7251,7926266
304,10/13/2021 15:00:00,3957,3996501,3452.000000000000000,3631471,343.000000000000000,306130.000000000000000,4300,4302631,3795,3937601,7752,7934018
305,10/14/2021 15:00:00,5140,4001641,5468.000000000000000,3636939,424.000000000000000,306554.000000000000000,5564,4308195,5892,3943493,11032,7945050
306,10/15/2021 15:00:00,4698,4006339,4565.000000000000000,3641504,344.000000000000000,306898.000000000000000,5042,4313237,4909,3948402,9607,7954657
307,10/16/2021 15:00:00,2489,4008828,2501.000000000000000,3644005,287.000000000000000,307185.000000000000000,2776,4316013,2788,3951190,5277,7959934
308,10/17/2021 15:00:00,1799,4010627,1785.000000000000000,3645790,52.000000000000000,307237.000000000000000,1851,4317864,1837,3953027,3636,7963570
309,10/18/2021 15:00:00,4280,4014907,3602.000000000000000,3649392,266.000000000000000,307503.000000000000000,4546,4322410,3868,3956895,8148,7971718
310,10/19/2021 15:00:00,4306,4019213,4060.000000000000000,3653452,221.000000000000000,307724.000000000000000,4527,4326937,4281,3961176,8587,7980305
311,10/20/2021 15:00:00,3501,4022714,3445.000000000000000,3656897,251.000000000000000,307975.000000000000000,3752,4330689,3696,3964872,7197,7987502
312,10/21/2021 15:00:00,3283,4025997,3336.000000000000000,3660233,289.000000000000000,308264.000000000000000,3572,4334261,3625,3968497,6908,7994410
313,10/22/2021 15:00:00,4686,4030683,5713.000000000000000,3665946,473.000000000000000,308737.000000000000000,5159,4339420,6186,3974683,10872,8005282
314,10/23/2021 15:00:00,2897,4033580,3390.000000000000000,3669336,321.000000000000000,309058.000000000000000,3218,4342638,3711,3978394,6608,8011890
315,10/24/2021 15:00:00,2030,4035610,2456.000000000000000,3671792,76.000000000000000,309134.000000000000000,2106,4344744,2532,3980926,4562,8016452
316,10/25/2021 15:00:00,4492,4040102,5816.000000000000000,3677608,314.000000000000000,309448.000000000000000,4806,4349550,6130,3987056,10622,8027074
317,10/26/2021 15:00:00,4465,4044567,5610.000000000000000,3683218,303.000000000000000,309751.000000000000000,4768,4354318,5913,3992969,10378,8037452
318,10/27/2021 15:00:00,4636,4049203,5825.000000000000000,3689043,421.000000000000000,310172.000000000000000,5057,4359375,6246,3999215,10882,8048334
319,10/28/2021 15:00:00,4486,4053689,5791.000000000000000,3694834,473.000000000000000,310645.000000000000000,4959,4364334,6264,4005479,10750,8059084
320,10/29/2021 15:00:00,4886,4058575,6357.000000000000000,3701191,383.000000000000000,311028.000000000000000,5269,4369603,6740,4012219,11626,8070710
321,10/30/2021 15:00:00,2592,4061167,3127.000000000000000,3704318,305.000000000000000,311333.000000000000000,2897,4372500,3432,4015651,6024,8076734
322,10/31/2021 15:00:00,1912,4063079,2248.000000000000000,3706566,93.000000000000000,311426.000000000000000,2005,4374505,2341,4017992,4253,8080987
323,11/1/2021 15:00:00,4475,4067554,5685.000000000000000,3712251,316.000000000000000,311742.000000000000000,4791,4379296,6001,4023993,10476,8091463
324,11/2/2021 15:00:00,4164,4071718,5176.000000000000000,3717427,391.000000000000000,312133.000000000000000,4555,4383851,5567,4029560,9731,8101194
325,11/3/2021 15:00:00,4297,4076015,5181.000000000000000,3722608,427.000000000000000,312560.000000000000000,4724,4388575,5608,4035168,9905,8111099
326,11/4/2021 15:00:00,3986,4080001,5274.000000000000000,3727882,490.000000000000000,313050.000000000000000,4476,4393051,5764,4040932,9750,8120849
327,11/5/2021 15:00:00,4545,4084546,5741.000000000000000,3733623,366.000000000000000,313416.000000000000000,4911,4397962,6107,4047039,10652,8131501
328,11/6/2021 15:00:00,1734,4086280,2180.000000000000000,3735803,281.000000000000000,313697.000000000000000,2015,4399977,2461,4049500,4195,8135696
329,11/7/2021 15:00:00,411,4086691,371.000000000000000,3736174,35.000000000000000,313732.000000000000000,446,4400423,406,4049906,817,8136513