OBJECTID,VACCINATION_DATE,FirstDailyDose,FirstDoseCumulative,SecondDailyDose,SecondDoseCumulative,SingleDailyDose,SingleDoseCumulative,AtleastOneVaccine,AtleastOneVaccineCumulative,CompletedVax,CompletedVaxCumulative,FirstSecondSingleVaccination_12,FirstSecondSingleVaccination_13
1,12/14/2020 15:00:00,19,1398,,523,,,19,1398,0,523,19,1817
2,12/15/2020 15:00:00,61,1459,3.000000000000000,526,,,61,1459,3,526,64,1881
3,12/16/2020 15:00:00,595,2054,5.000000000000000,531,,,595,2054,5,531,600,2481
4,12/17/2020 15:00:00,1164,3218,8.000000000000000,539,,,1164,3218,8,539,1172,3653
5,12/18/2020 15:00:00,3021,6239,12.000000000000000,551,,,3021,6239,12,551,3033,6686
6,12/19/2020 15:00:00,931,7170,5.000000000000000,556,,,931,7170,5,556,936,7622
7,12/20/2020 15:00:00,364,7534,6.000000000000000,562,,,364,7534,6,562,370,7992
8,12/21/2020 15:00:00,3888,11422,26.000000000000000,588,,,3888,11422,26,588,3914,11906
9,12/22/2020 15:00:00,6323,17745,27.000000000000000,615,,,6323,17745,27,615,6350,18256
10,12/23/2020 15:00:00,5784,23529,36.000000000000000,651,,,5784,23529,36,651,5820,24076
11,12/24/2020 15:00:00,2728,26257,15.000000000000000,666,,,2728,26257,15,666,2743,26819
12,12/25/2020 15:00:00,1035,27292,4.000000000000000,670,,,1035,27292,4,670,1039,27858
13,12/26/2020 15:00:00,1883,29175,9.000000000000000,679,,,1883,29175,9,679,1892,29750
14,12/27/2020 15:00:00,1802,30977,12.000000000000000,691,,,1802,30977,12,691,1814,31564
15,12/28/2020 15:00:00,8983,39960,50.000000000000000,741,,,8983,39960,50,741,9033,40597
16,12/29/2020 15:00:00,10968,50928,53.000000000000000,794,,,10968,50928,53,794,11021,51618
17,12/30/2020 15:00:00,12491,63419,92.000000000000000,886,,,12491,63419,92,886,12583,64201
18,12/31/2020 15:00:00,7552,70971,47.000000000000000,933,,,7552,70971,47,933,7599,71800
19,1/1/2021 15:00:00,3298,74269,140.000000000000000,1073,,,3298,74269,140,1073,3438,75238
20,1/2/2021 15:00:00,3044,77313,34.000000000000000,1107,,,3044,77313,34,1107,3078,78316
21,1/3/2021 15:00:00,3411,80724,82.000000000000000,1189,,,3411,80724,82,1189,3493,81809
22,1/4/2021 15:00:00,13362,94086,336.000000000000000,1525,,,13362,94086,336,1525,13698,95507
23,1/5/2021 15:00:00,12486,106572,548.000000000000000,2073,,,12486,106572,548,2073,13034,108541
24,1/6/2021 15:00:00,15267,121839,864.000000000000000,2937,,,15267,121839,864,2937,16131,124672
25,1/7/2021 15:00:00,15038,136877,1777.000000000000000,4714,,,15038,136877,1777,4714,16815,141487
26,1/8/2021 15:00:00,24013,160890,2785.000000000000000,7499,,,24013,160890,2785,7499,26798,168285
27,1/9/2021 15:00:00,5175,166065,954.000000000000000,8453,,,5175,166065,954,8453,6129,174414
28,1/10/2021 15:00:00,2971,169036,384.000000000000000,8837,,,2971,169036,384,8837,3355,177769
29,1/11/2021 15:00:00,13721,182757,3469.000000000000000,12306,,,13721,182757,3469,12306,17190,194959
30,1/12/2021 15:00:00,17392,200149,5594.000000000000000,17900,,,17392,200149,5594,17900,22986,217945
31,1/13/2021 15:00:00,18620,218769,3928.000000000000000,21828,,,18620,218769,3928,21828,22548,240493
32,1/14/2021 15:00:00,17854,236623,1961.000000000000000,23789,,,17854,236623,1961,23789,19815,260308
33,1/15/2021 15:00:00,19482,256105,2033.000000000000000,25822,,,19482,256105,2033,25822,21515,281823
34,1/16/2021 15:00:00,5837,261942,1617.000000000000000,27439,,,5837,261942,1617,27439,7454,289277
35,1/17/2021 15:00:00,2122,264064,1480.000000000000000,28919,,,2122,264064,1480,28919,3602,292879
36,1/18/2021 15:00:00,7078,271142,3260.000000000000000,32179,,,7078,271142,3260,32179,10338,303217
37,1/19/2021 15:00:00,16956,288098,5405.000000000000000,37584,,,16956,288098,5405,37584,22361,325578
38,1/20/2021 15:00:00,21007,309105,5324.000000000000000,42908,,,21007,309105,5324,42908,26331,351909
39,1/21/2021 15:00:00,23810,332915,3848.000000000000000,46756,,,23810,332915,3848,46756,27658,379567
40,1/22/2021 15:00:00,28658,361573,3757.000000000000000,50513,,,28658,361573,3757,50513,32415,411982
41,1/23/2021 15:00:00,10122,371695,1942.000000000000000,52455,,,10122,371695,1942,52455,12064,424046
42,1/24/2021 15:00:00,3355,375050,1723.000000000000000,54178,,,3355,375050,1723,54178,5078,429124
43,1/25/2021 15:00:00,16307,391357,8604.000000000000000,62782,,,16307,391357,8604,62782,24911,454035
44,1/26/2021 15:00:00,17563,408920,8977.000000000000000,71759,,,17563,408920,8977,71759,26540,480575
45,1/27/2021 15:00:00,24437,433357,12552.000000000000000,84311,,,24437,433357,12552,84311,36989,517564
46,1/28/2021 15:00:00,22656,456013,9330.000000000000000,93641,,,22656,456013,9330,93641,31986,549550
47,1/29/2021 15:00:00,24786,480799,7928.000000000000000,101569,,,24786,480799,7928,101569,32714,582264
48,1/30/2021 15:00:00,17783,498582,2561.000000000000000,104130,,,17783,498582,2561,104130,20344,602608
49,1/31/2021 15:00:00,3765,502347,1370.000000000000000,105500,,,3765,502347,1370,105500,5135,607743
50,2/1/2021 15:00:00,8127,510474,5389.000000000000000,110889,,,8127,510474,5389,110889,13516,621259
51,2/2/2021 15:00:00,12510,522984,13827.000000000000000,124716,,,12510,522984,13827,124716,26337,647596
52,2/3/2021 15:00:00,18260,541244,18134.000000000000000,142850,,,18260,541244,18134,142850,36394,683990
53,2/4/2021 15:00:00,22133,563377,15790.000000000000000,158640,,,22133,563377,15790,158640,37923,721913
54,2/5/2021 15:00:00,20348,583725,17423.000000000000000,176063,,,20348,583725,17423,176063,37771,759684
55,2/6/2021 15:00:00,11332,595057,14478.000000000000000,190541,,,11332,595057,14478,190541,25810,785494
56,2/7/2021 15:00:00,5950,601007,1839.000000000000000,192380,,,5950,601007,1839,192380,7789,793283
57,2/8/2021 15:00:00,12986,613993,12922.000000000000000,205302,,,12986,613993,12922,205302,25908,819191
58,2/9/2021 15:00:00,16651,630644,13878.000000000000000,219180,,,16651,630644,13878,219180,30529,849720
59,2/10/2021 15:00:00,19304,649948,21237.000000000000000,240417,,,19304,649948,21237,240417,40541,890261
60,2/11/2021 15:00:00,22853,672801,17344.000000000000000,257761,,,22853,672801,17344,257761,40197,930458
61,2/12/2021 15:00:00,20399,693200,19639.000000000000000,277400,,,20399,693200,19639,277400,40038,970496
62,2/13/2021 15:00:00,11438,704638,6425.000000000000000,283825,,,11438,704638,6425,283825,17863,988359
63,2/14/2021 15:00:00,7113,711751,2131.000000000000000,285956,,,7113,711751,2131,285956,9244,997603
64,2/15/2021 15:00:00,11764,723515,13336.000000000000000,299292,,,11764,723515,13336,299292,25100,1022703
65,2/16/2021 15:00:00,16612,740127,21020.000000000000000,320312,,,16612,740127,21020,320312,37632,1060335
66,2/17/2021 15:00:00,20662,760789,26380.000000000000000,346692,,,20662,760789,26380,346692,47042,1107377
67,2/18/2021 15:00:00,3200,763989,4621.000000000000000,351313,,,3200,763989,4621,351313,7821,1115198
68,2/19/2021 15:00:00,10256,774245,19927.000000000000000,371240,,,10256,774245,19927,371240,30183,1145381
69,2/20/2021 15:00:00,10315,784560,20293.000000000000000,391533,,,10315,784560,20293,391533,30608,1175989
70,2/21/2021 15:00:00,6183,790743,7660.000000000000000,399193,,,6183,790743,7660,399193,13843,1189832
71,2/22/2021 15:00:00,8034,798777,15478.000000000000000,414671,,,8034,798777,15478,414671,23512,1213344
72,2/23/2021 15:00:00,15537,814314,15992.000000000000000,430663,,,15537,814314,15992,430663,31529,1244873
73,2/24/2021 15:00:00,17956,832270,24741.000000000000000,455404,,,17956,832270,24741,455404,42697,1287570
74,2/25/2021 15:00:00,20396,852666,26558.000000000000000,481962,,,20396,852666,26558,481962,46954,1334524
75,2/26/2021 15:00:00,26721,879387,26229.000000000000000,508191,,,26721,879387,26229,508191,52950,1387474
76,2/27/2021 15:00:00,16009,895396,11159.000000000000000,519350,,,16009,895396,11159,519350,27168,1414642
77,2/28/2021 15:00:00,15496,910892,4885.000000000000000,524235,,,15496,910892,4885,524235,20381,1435023
78,3/1/2021 15:00:00,27044,937936,12643.000000000000000,536878,,,27044,937936,12643,536878,39687,1474710
79,3/2/2021 15:00:00,23935,961871,13280.000000000000000,550158,35.000000000000000,35.000000000000000,23970,961906,13315,550193,37250,1511960
80,3/3/2021 15:00:00,30202,992073,18399.000000000000000,568557,188.000000000000000,223.000000000000000,30390,992296,18587,568780,48789,1560749
81,3/4/2021 15:00:00,30965,1023038,18211.000000000000000,586768,4068.000000000000000,4291.000000000000000,35033,1027329,22279,591059,53244,1613993
82,3/5/2021 15:00:00,30033,1053071,19729.000000000000000,606497,4909.000000000000000,9200.000000000000000,34942,1062271,24638,615697,54671,1668664
83,3/6/2021 15:00:00,18924,1071995,9511.000000000000000,616008,6010.000000000000000,15210.000000000000000,24934,1087205,15521,631218,34445,1703109
84,3/7/2021 15:00:00,12124,1084119,4865.000000000000000,620873,6609.000000000000000,21819.000000000000000,18733,1105938,11474,642692,23598,1726707
85,3/8/2021 15:00:00,25887,1110006,8854.000000000000000,629727,8273.000000000000000,30092.000000000000000,34160,1140098,17127,659819,43014,1769721
86,3/9/2021 15:00:00,26139,1136145,15473.000000000000000,645200,8342.000000000000000,38434.000000000000000,34481,1174579,23815,683634,49954,1819675
87,3/10/2021 15:00:00,29868,1166013,16006.000000000000000,661206,7939.000000000000000,46373.000000000000000,37807,1212386,23945,707579,53813,1873488
88,3/11/2021 15:00:00,35994,1202007,16405.000000000000000,677611,3981.000000000000000,50354.000000000000000,39975,1252361,20386,727965,56380,1929868
89,3/12/2021 15:00:00,36922,1238929,18090.000000000000000,695701,2927.000000000000000,53281.000000000000000,39849,1292210,21017,748982,57939,1987807
90,3/13/2021 15:00:00,22676,1261605,10290.000000000000000,705991,1629.000000000000000,54910.000000000000000,24305,1316515,11919,760901,34595,2022402
91,3/14/2021 15:00:00,17834,1279439,6721.000000000000000,712712,1006.000000000000000,55916.000000000000000,18840,1335355,7727,768628,25561,2047963
92,3/15/2021 15:00:00,29838,1309277,11308.000000000000000,724020,597.000000000000000,56513.000000000000000,30435,1365790,11905,780533,41743,2089706
93,3/16/2021 15:00:00,33422,1342699,13578.000000000000000,737598,770.000000000000000,57283.000000000000000,34192,1399982,14348,794881,47770,2137476
94,3/17/2021 15:00:00,37583,1380282,17062.000000000000000,754660,1181.000000000000000,58464.000000000000000,38764,1438746,18243,813124,55826,2193302
95,3/18/2021 15:00:00,41455,1421737,12659.000000000000000,767319,1348.000000000000000,59812.000000000000000,42803,1481549,14007,827131,55462,2248764
96,3/19/2021 15:00:00,38345,1460082,15423.000000000000000,782742,1044.000000000000000,60856.000000000000000,39389,1520938,16467,843598,54812,2303576
97,3/20/2021 15:00:00,24709,1484791,10168.000000000000000,792910,704.000000000000000,61560.000000000000000,25413,1546351,10872,854470,35581,2339157
98,3/21/2021 15:00:00,19186,1503977,7885.000000000000000,800795,337.000000000000000,61897.000000000000000,19523,1565874,8222,862692,27408,2366565
99,3/22/2021 15:00:00,32599,1536576,11487.000000000000000,812282,835.000000000000000,62732.000000000000000,33434,1599308,12322,875014,44921,2411486
100,3/23/2021 15:00:00,38420,1574996,17814.000000000000000,830096,1556.000000000000000,64288.000000000000000,39976,1639284,19370,894384,57790,2469276
101,3/24/2021 15:00:00,41097,1616093,21222.000000000000000,851318,1388.000000000000000,65676.000000000000000,42485,1681769,22610,916994,63707,2532983
102,3/25/2021 15:00:00,42899,1658992,21699.000000000000000,873017,2457.000000000000000,68133.000000000000000,45356,1727125,24156,941150,67055,2600038
103,3/26/2021 15:00:00,36381,1695373,26686.000000000000000,899703,2495.000000000000000,70628.000000000000000,38876,1766001,29181,970331,65562,2665600
104,3/27/2021 15:00:00,26477,1721850,17286.000000000000000,916989,2491.000000000000000,73119.000000000000000,28968,1794969,19777,990108,46254,2711854
105,3/28/2021 15:00:00,17017,1738867,12647.000000000000000,929636,1616.000000000000000,74735.000000000000000,18633,1813602,14263,1004371,31280,2743134
106,3/29/2021 15:00:00,29727,1768594,26298.000000000000000,955934,1143.000000000000000,75878.000000000000000,30870,1844472,27441,1031812,57168,2800302
107,3/30/2021 15:00:00,40064,1808658,29006.000000000000000,984940,1864.000000000000000,77742.000000000000000,41928,1886400,30870,1062682,70934,2871236
108,3/31/2021 15:00:00,41047,1849705,34699.000000000000000,1019639,5748.000000000000000,83490.000000000000000,46795,1933195,40447,1103129,81494,2952730
109,4/1/2021 15:00:00,42393,1892098,41048.000000000000000,1060687,5747.000000000000000,89237.000000000000000,48140,1981335,46795,1149924,89188,3041918
110,4/2/2021 15:00:00,34937,1927035,32677.000000000000000,1093364,6127.000000000000000,95364.000000000000000,41064,2022399,38804,1188728,73741,3115659
111,4/3/2021 15:00:00,21170,1948205,19192.000000000000000,1112556,4389.000000000000000,99753.000000000000000,25559,2047958,23581,1212309,44751,3160410
112,4/4/2021 15:00:00,8286,1956491,10189.000000000000000,1122745,968.000000000000000,100721.000000000000000,9254,2057212,11157,1223466,19443,3179853
113,4/5/2021 15:00:00,27970,1984461,28931.000000000000000,1151676,6658.000000000000000,107379.000000000000000,34628,2091840,35589,1259055,63559,3243412
114,4/6/2021 15:00:00,39784,2024245,30477.000000000000000,1182153,10494.000000000000000,117873.000000000000000,50278,2142118,40971,1300026,80755,3324167
115,4/7/2021 15:00:00,36098,2060343,34300.000000000000000,1216453,12990.000000000000000,130863.000000000000000,49088,2191206,47290,1347316,83388,3407555
116,4/8/2021 15:00:00,42339,2102682,36108.000000000000000,1252561,13863.000000000000000,144726.000000000000000,56202,2247408,49971,1397287,92310,3499865
117,4/9/2021 15:00:00,34061,2136743,36323.000000000000000,1288884,14528.000000000000000,159254.000000000000000,48589,2295997,50851,1448138,84912,3584777
118,4/10/2021 15:00:00,23472,2160215,23140.000000000000000,1312024,7641.000000000000000,166895.000000000000000,31113,2327110,30781,1478919,54253,3639030
119,4/11/2021 15:00:00,17567,2177782,13277.000000000000000,1325301,10119.000000000000000,177014.000000000000000,27686,2354796,23396,1502315,40963,3679993
120,4/12/2021 15:00:00,24608,2202390,33169.000000000000000,1358470,10896.000000000000000,187910.000000000000000,35504,2390300,44065,1546380,68673,3748666
121,4/13/2021 15:00:00,126199,2328589,91236.000000000000000,1449706,3293.000000000000000,191203.000000000000000,129492,2519792,94529,1640909,220728,3969394
122,4/14/2021 15:00:00,40721,2369310,37831.000000000000000,1487537,213.000000000000000,191416.000000000000000,40934,2560726,38044,1678953,78765,4048159
123,4/15/2021 15:00:00,41417,2410727,39559.000000000000000,1527096,176.000000000000000,191592.000000000000000,41593,2602319,39735,1718688,81152,4129311
124,4/16/2021 15:00:00,37150,2447877,38874.000000000000000,1565970,24.000000000000000,191616.000000000000000,37174,2639493,38898,1757586,76048,4205359
125,4/17/2021 15:00:00,32804,2480681,22031.000000000000000,1588001,12.000000000000000,191628.000000000000000,32816,2672309,22043,1779629,54847,4260206
126,4/18/2021 15:00:00,20068,2500749,16201.000000000000000,1604202,5.000000000000000,191633.000000000000000,20073,2692382,16206,1795835,36274,4296480
127,4/19/2021 15:00:00,29896,2530645,36549.000000000000000,1640751,61.000000000000000,191694.000000000000000,29957,2722339,36610,1832445,66506,4362986
128,4/20/2021 15:00:00,32938,2563583,44459.000000000000000,1685210,58.000000000000000,191752.000000000000000,32996,2755335,44517,1876962,77455,4440441
129,4/21/2021 15:00:00,39839,2603422,47061.000000000000000,1732271,26.000000000000000,191778.000000000000000,39865,2795200,47087,1924049,86926,4527367
130,4/22/2021 15:00:00,35868,2639290,42667.000000000000000,1774938,16.000000000000000,191794.000000000000000,35884,2831084,42683,1966732,78551,4605918
131,4/23/2021 15:00:00,33155,2672445,40154.000000000000000,1815092,14.000000000000000,191808.000000000000000,33169,2864253,40168,2006900,73323,4679241
132,4/24/2021 15:00:00,26415,2698860,27911.000000000000000,1843003,81.000000000000000,191889.000000000000000,26496,2890749,27992,2034892,54407,4733648
133,4/25/2021 15:00:00,20234,2719094,10976.000000000000000,1853979,31.000000000000000,191920.000000000000000,20265,2911014,11007,2045899,31241,4764889
134,4/26/2021 15:00:00,27414,2746508,32715.000000000000000,1886694,201.000000000000000,192121.000000000000000,27615,2938629,32916,2078815,60330,4825219
135,4/27/2021 15:00:00,26689,2773197,33080.000000000000000,1919774,1097.000000000000000,193218.000000000000000,27786,2966415,34177,2112992,60866,4886085
136,4/28/2021 15:00:00,28933,2802130,39545.000000000000000,1959319,1364.000000000000000,194582.000000000000000,30297,2996712,40909,2153901,69842,4955927
137,4/29/2021 15:00:00,27079,2829209,39747.000000000000000,1999066,1463.000000000000000,196045.000000000000000,28542,3025254,41210,2195111,68289,5024216
138,4/30/2021 15:00:00,28211,2857420,32276.000000000000000,2031342,1648.000000000000000,197693.000000000000000,29859,3055113,33924,2229035,62135,5086351
139,5/1/2021 15:00:00,20734,2878154,26698.000000000000000,2058040,1050.000000000000000,198743.000000000000000,21784,3076897,27748,2256783,48482,5134833
140,5/2/2021 15:00:00,10289,2888443,17043.000000000000000,2075083,822.000000000000000,199565.000000000000000,11111,3088008,17865,2274648,28154,5162987
141,5/3/2021 15:00:00,12752,2901195,28588.000000000000000,2103671,1915.000000000000000,201480.000000000000000,14667,3102675,30503,2305151,43255,5206242
142,5/4/2021 15:00:00,13569,2914764,38620.000000000000000,2142291,1739.000000000000000,203219.000000000000000,15308,3117983,40359,2345510,53928,5260170
143,5/5/2021 15:00:00,19326,2934090,37759.000000000000000,2180050,1921.000000000000000,205140.000000000000000,21247,3139230,39680,2385190,59006,5319176
144,5/6/2021 15:00:00,16921,2951011,40593.000000000000000,2220643,1722.000000000000000,206862.000000000000000,18643,3157873,42315,2427505,59236,5378412
145,5/7/2021 15:00:00,17590,2968601,37000.000000000000000,2257643,1959.000000000000000,208821.000000000000000,19549,3177422,38959,2466464,56549,5434961
146,5/8/2021 15:00:00,10795,2979396,31224.000000000000000,2288867,1291.000000000000000,210112.000000000000000,12086,3189508,32515,2498979,43310,5478271
147,5/9/2021 15:00:00,5085,2984481,12242.000000000000000,2301109,695.000000000000000,210807.000000000000000,5780,3195288,12937,2511916,18022,5496293
148,5/10/2021 15:00:00,8955,2993436,31051.000000000000000,2332160,1362.000000000000000,212169.000000000000000,10317,3205605,32413,2544329,41368,5537661
149,5/11/2021 15:00:00,12183,3005619,30286.000000000000000,2362446,1441.000000000000000,213610.000000000000000,13624,3219229,31727,2576056,43910,5581571
150,5/12/2021 15:00:00,13949,3019568,38622.000000000000000,2401068,1919.000000000000000,215529.000000000000000,15868,3235097,40541,2616597,54490,5636061
151,5/13/2021 15:00:00,21841,3041409,33514.000000000000000,2434582,1347.000000000000000,216876.000000000000000,23188,3258285,34861,2651458,56702,5692763
152,5/14/2021 15:00:00,24389,3065798,30059.000000000000000,2464641,1773.000000000000000,218649.000000000000000,26162,3284447,31832,2683290,56221,5748984
153,5/15/2021 15:00:00,21940,3087738,25109.000000000000000,2489750,1489.000000000000000,220138.000000000000000,23429,3307876,26598,2709888,48538,5797522
154,5/16/2021 15:00:00,9091,3096829,17585.000000000000000,2507335,1113.000000000000000,221251.000000000000000,10204,3318080,18698,2728586,27789,5825311
155,5/17/2021 15:00:00,16837,3113666,28411.000000000000000,2535746,1949.000000000000000,223200.000000000000000,18786,3336866,30360,2758946,47197,5872508
156,5/18/2021 15:00:00,21265,3134931,30688.000000000000000,2566434,1942.000000000000000,225142.000000000000000,23207,3360073,32630,2791576,53895,5926403
157,5/19/2021 15:00:00,27664,3162595,32435.000000000000000,2598869,1631.000000000000000,226773.000000000000000,29295,3389368,34066,2825642,61730,5988133
158,5/20/2021 15:00:00,20805,3183400,33277.000000000000000,2632146,1964.000000000000000,228737.000000000000000,22769,3412137,35241,2860883,56046,6044179
159,5/21/2021 15:00:00,19166,3202566,30354.000000000000000,2662500,1608.000000000000000,230345.000000000000000,20774,3432911,31962,2892845,51128,6095307
160,5/22/2021 15:00:00,16937,3219503,20695.000000000000000,2683195,1270.000000000000000,231615.000000000000000,18207,3451118,21965,2914810,38902,6134209
161,5/23/2021 15:00:00,8815,3228318,11448.000000000000000,2694643,965.000000000000000,232580.000000000000000,9780,3460898,12413,2927223,21228,6155437
162,5/24/2021 15:00:00,13568,3241886,17775.000000000000000,2712418,1474.000000000000000,234054.000000000000000,15042,3475940,19249,2946472,32817,6188254
163,5/25/2021 15:00:00,13072,3254958,18720.000000000000000,2731138,1329.000000000000000,235383.000000000000000,14401,3490341,20049,2966521,33121,6221375
164,5/26/2021 15:00:00,18314,3273272,19512.000000000000000,2750650,1512.000000000000000,236895.000000000000000,19826,3510167,21024,2987545,39338,6260713
165,5/27/2021 15:00:00,11686,3284958,18671.000000000000000,2769321,1116.000000000000000,238011.000000000000000,12802,3522969,19787,3007332,31473,6292186
166,5/28/2021 15:00:00,12419,3297377,19849.000000000000000,2789170,1401.000000000000000,239412.000000000000000,13820,3536789,21250,3028582,33669,6325855
167,5/29/2021 15:00:00,9514,3306891,11727.000000000000000,2800897,937.000000000000000,240349.000000000000000,10451,3547240,12664,3041246,22178,6348033
168,5/30/2021 15:00:00,4969,3311860,6434.000000000000000,2807331,596.000000000000000,240945.000000000000000,5565,3552805,7030,3048276,11999,6360032
169,5/31/2021 15:00:00,1779,3313639,3710.000000000000000,2811041,305.000000000000000,241250.000000000000000,2084,3554889,4015,3052291,5794,6365826
170,6/1/2021 15:00:00,9855,3323494,16442.000000000000000,2827483,1160.000000000000000,242410.000000000000000,11015,3565904,17602,3069893,27457,6393283
171,6/2/2021 15:00:00,10233,3333727,16821.000000000000000,2844304,960.000000000000000,243370.000000000000000,11193,3577097,17781,3087674,28014,6421297
172,6/3/2021 15:00:00,7899,3341626,21187.000000000000000,2865491,1087.000000000000000,244457.000000000000000,8986,3586083,22274,3109948,30173,6451470
173,6/4/2021 15:00:00,8198,3349824,22353.000000000000000,2887844,1120.000000000000000,245577.000000000000000,9318,3595401,23473,3133421,31671,6483141
174,6/5/2021 15:00:00,7001,3356825,19471.000000000000000,2907315,720.000000000000000,246297.000000000000000,7721,3603122,20191,3153612,27192,6510333
175,6/6/2021 15:00:00,3454,3360279,7252.000000000000000,2914567,423.000000000000000,246720.000000000000000,3877,3606999,7675,3161287,11129,6521462
176,6/7/2021 15:00:00,6857,3367136,15789.000000000000000,2930356,726.000000000000000,247446.000000000000000,7583,3614582,16515,3177802,23372,6544834
177,6/8/2021 15:00:00,6669,3373805,19735.000000000000000,2950091,830.000000000000000,248276.000000000000000,7499,3622081,20565,3198367,27234,6572068
178,6/9/2021 15:00:00,8200,3382005,23988.000000000000000,2974079,968.000000000000000,249244.000000000000000,9168,3631249,24956,3223323,33156,6605224
179,6/10/2021 15:00:00,7151,3389156,19139.000000000000000,2993218,895.000000000000000,250139.000000000000000,8046,3639295,20034,3243357,27185,6632409
180,6/11/2021 15:00:00,7486,3396642,17724.000000000000000,3010942,1125.000000000000000,251264.000000000000000,8611,3647906,18849,3262206,26335,6658744
181,6/12/2021 15:00:00,5241,3401883,14768.000000000000000,3025710,605.000000000000000,251869.000000000000000,5846,3653752,15373,3277579,20614,6679358
182,6/13/2021 15:00:00,1936,3403819,7633.000000000000000,3033343,427.000000000000000,252296.000000000000000,2363,3656115,8060,3285639,9996,6689354
183,6/14/2021 15:00:00,5656,3409475,11816.000000000000000,3045159,733.000000000000000,253029.000000000000000,6389,3662504,12549,3298188,18205,6707559
184,6/15/2021 15:00:00,5646,3415121,14341.000000000000000,3059500,873.000000000000000,253902.000000000000000,6519,3669023,15214,3313402,20860,6728419
185,6/16/2021 15:00:00,8757,3423878,21594.000000000000000,3081094,757.000000000000000,254659.000000000000000,9514,3678537,22351,3335753,31108,6759527
186,6/17/2021 15:00:00,6689,3430567,12366.000000000000000,3093460,720.000000000000000,255379.000000000000000,7409,3685946,13086,3348839,19775,6779302
187,6/18/2021 15:00:00,6835,3437402,12742.000000000000000,3106202,703.000000000000000,256082.000000000000000,7538,3693484,13445,3362284,20280,6799582
188,6/19/2021 15:00:00,4660,3442062,9380.000000000000000,3115582,615.000000000000000,256697.000000000000000,5275,3698759,9995,3372279,14655,6814237
189,6/20/2021 15:00:00,2504,3444566,5059.000000000000000,3120641,377.000000000000000,257074.000000000000000,2881,3701640,5436,3377715,7940,6822177
190,6/21/2021 15:00:00,5563,3450129,5336.000000000000000,3125977,635.000000000000000,257709.000000000000000,6198,3707838,5971,3383686,11534,6833711
191,6/22/2021 15:00:00,5346,3455475,9053.000000000000000,3135030,693.000000000000000,258402.000000000000000,6039,3713877,9746,3393432,15092,6848803
192,6/23/2021 15:00:00,6077,3461552,10336.000000000000000,3145366,646.000000000000000,259048.000000000000000,6723,3720600,10982,3404414,17059,6865862
193,6/24/2021 15:00:00,5938,3467490,8201.000000000000000,3153567,595.000000000000000,259643.000000000000000,6533,3727133,8796,3413210,14734,6880596
194,6/25/2021 15:00:00,5828,3473318,8667.000000000000000,3162234,620.000000000000000,260263.000000000000000,6448,3733581,9287,3422497,15115,6895711
195,6/26/2021 15:00:00,3704,3477022,6308.000000000000000,3168542,398.000000000000000,260661.000000000000000,4102,3737683,6706,3429203,10410,6906121
196,6/27/2021 15:00:00,2808,3479830,3524.000000000000000,3172066,185.000000000000000,260846.000000000000000,2993,3740676,3709,3432912,6517,6912638
197,6/28/2021 15:00:00,4919,3484749,6388.000000000000000,3178454,539.000000000000000,261385.000000000000000,5458,3746134,6927,3439839,11846,6924484
198,6/29/2021 15:00:00,5063,3489812,6476.000000000000000,3184930,519.000000000000000,261904.000000000000000,5582,3751716,6995,3446834,12058,6936542
199,6/30/2021 15:00:00,5626,3495438,7388.000000000000000,3192318,605.000000000000000,262509.000000000000000,6231,3757947,7993,3454827,13619,6950161
200,7/1/2021 15:00:00,5416,3500854,6987.000000000000000,3199305,500.000000000000000,263009.000000000000000,5916,3763863,7487,3462314,12903,6963064
201,7/2/2021 15:00:00,5293,3506147,6842.000000000000000,3206147,524.000000000000000,263533.000000000000000,5817,3769680,7366,3469680,12659,6975723
202,7/3/2021 15:00:00,3271,3509418,4067.000000000000000,3210214,264.000000000000000,263797.000000000000000,3535,3773215,4331,3474011,7602,6983325
203,7/4/2021 15:00:00,494,3509912,549.000000000000000,3210763,68.000000000000000,263865.000000000000000,562,3773777,617,3474628,1111,6984436
204,7/5/2021 15:00:00,3768,3513680,3955.000000000000000,3214718,287.000000000000000,264152.000000000000000,4055,3777832,4242,3478870,8010,6992446
205,7/6/2021 15:00:00,4492,3518172,6272.000000000000000,3220990,454.000000000000000,264606.000000000000000,4946,3782778,6726,3485596,11218,7003664
206,7/7/2021 15:00:00,4468,3522640,6413.000000000000000,3227403,482.000000000000000,265088.000000000000000,4950,3787728,6895,3492491,11363,7015027
207,7/8/2021 15:00:00,4838,3527478,6177.000000000000000,3233580,564.000000000000000,265652.000000000000000,5402,3793130,6741,3499232,11579,7026606
208,7/9/2021 15:00:00,5368,3532846,6667.000000000000000,3240247,573.000000000000000,266225.000000000000000,5941,3799071,7240,3506472,12608,7039214
209,7/10/2021 15:00:00,3520,3536366,4406.000000000000000,3244653,304.000000000000000,266529.000000000000000,3824,3802895,4710,3511182,8230,7047444
210,7/11/2021 15:00:00,2676,3539042,2574.000000000000000,3247227,226.000000000000000,266755.000000000000000,2902,3805797,2800,3513982,5476,7052920
211,7/12/2021 15:00:00,4422,3543464,5129.000000000000000,3252356,379.000000000000000,267134.000000000000000,4801,3810598,5508,3519490,9930,7062850
212,7/13/2021 15:00:00,4665,3548129,4721.000000000000000,3257077,366.000000000000000,267500.000000000000000,5031,3815629,5087,3524577,9752,7072602
213,7/14/2021 15:00:00,4623,3552752,5285.000000000000000,3262362,422.000000000000000,267922.000000000000000,5045,3820674,5707,3530284,10330,7082932
214,7/15/2021 15:00:00,4907,3557659,5015.000000000000000,3267377,359.000000000000000,268281.000000000000000,5266,3825940,5374,3535658,10281,7093213
215,7/16/2021 15:00:00,6275,3563934,5847.000000000000000,3273224,405.000000000000000,268686.000000000000000,6680,3832620,6252,3541910,12527,7105740
216,7/17/2021 15:00:00,3416,3567350,3551.000000000000000,3276775,303.000000000000000,268989.000000000000000,3719,3836339,3854,3545764,7270,7113010
217,7/18/2021 15:00:00,2309,3569659,2379.000000000000000,3279154,110.000000000000000,269099.000000000000000,2419,3838758,2489,3548253,4798,7117808
218,7/19/2021 15:00:00,5143,3574802,4611.000000000000000,3283765,383.000000000000000,269482.000000000000000,5526,3844284,4994,3553247,10137,7127945
219,7/20/2021 15:00:00,5339,3580141,4716.000000000000000,3288481,366.000000000000000,269848.000000000000000,5705,3849989,5082,3558329,10421,7138366
220,7/21/2021 15:00:00,5664,3585805,4945.000000000000000,3293426,416.000000000000000,270264.000000000000000,6080,3856069,5361,3563690,11025,7149391
221,7/22/2021 15:00:00,6029,3591834,4640.000000000000000,3298066,472.000000000000000,270736.000000000000000,6501,3862570,5112,3568802,11141,7160532
222,7/23/2021 15:00:00,6845,3598679,4846.000000000000000,3302912,498.000000000000000,271234.000000000000000,7343,3869913,5344,3574146,12189,7172721
223,7/24/2021 15:00:00,4284,3602963,3200.000000000000000,3306112,267.000000000000000,271501.000000000000000,4551,3874464,3467,3577613,7751,7180472
224,7/25/2021 15:00:00,3298,3606261,1120.000000000000000,3307232,140.000000000000000,271641.000000000000000,3438,3877902,1260,3578873,4558,7185030
225,7/26/2021 15:00:00,6217,3612478,3908.000000000000000,3311140,419.000000000000000,272060.000000000000000,6636,3884538,4327,3583200,10544,7195574
226,7/27/2021 15:00:00,6603,3619081,4285.000000000000000,3315425,458.000000000000000,272518.000000000000000,7061,3891599,4743,3587943,11346,7206920
227,7/28/2021 15:00:00,7085,3626166,4145.000000000000000,3319570,460.000000000000000,272978.000000000000000,7545,3899144,4605,3592548,11690,7218610
228,7/29/2021 15:00:00,7079,3633245,4302.000000000000000,3323872,419.000000000000000,273397.000000000000000,7498,3906642,4721,3597269,11800,7230410
229,7/30/2021 15:00:00,7819,3641064,4810.000000000000000,3328682,526.000000000000000,273923.000000000000000,8345,3914987,5336,3602605,13155,7243565
230,7/31/2021 15:00:00,4793,3645857,3077.000000000000000,3331759,274.000000000000000,274197.000000000000000,5067,3920054,3351,3605956,8144,7251709
231,8/1/2021 15:00:00,3890,3649747,2164.000000000000000,3333923,163.000000000000000,274360.000000000000000,4053,3924107,2327,3608283,6217,7257926
232,8/2/2021 15:00:00,7269,3657016,3843.000000000000000,3337766,341.000000000000000,274701.000000000000000,7610,3931717,4184,3612467,11453,7269379
233,8/3/2021 15:00:00,7269,3664285,4106.000000000000000,3341872,517.000000000000000,275218.000000000000000,7786,3939503,4623,3617090,11892,7281271
234,8/4/2021 15:00:00,7423,3671708,4121.000000000000000,3345993,535.000000000000000,275753.000000000000000,7958,3947461,4656,3621746,12079,7293350
235,8/5/2021 15:00:00,7945,3679653,4298.000000000000000,3350291,538.000000000000000,276291.000000000000000,8483,3955944,4836,3626582,12781,7306131
236,8/6/2021 15:00:00,8323,3687976,4736.000000000000000,3355027,454.000000000000000,276745.000000000000000,8777,3964721,5190,3631772,13513,7319644
237,8/7/2021 15:00:00,5300,3693276,2840.000000000000000,3357867,263.000000000000000,277008.000000000000000,5563,3970284,3103,3634875,8403,7328047
238,8/8/2021 15:00:00,3974,3697250,2062.000000000000000,3359929,144.000000000000000,277152.000000000000000,4118,3974402,2206,3637081,6180,7334227
239,8/9/2021 15:00:00,6955,3704205,4558.000000000000000,3364487,369.000000000000000,277521.000000000000000,7324,3981726,4927,3642008,11882,7346109
240,8/10/2021 15:00:00,7161,3711366,4479.000000000000000,3368966,339.000000000000000,277860.000000000000000,7500,3989226,4818,3646826,11979,7358088
241,8/11/2021 15:00:00,7077,3718443,4447.000000000000000,3373413,443.000000000000000,278303.000000000000000,7520,3996746,4890,3651716,11967,7370055
242,8/12/2021 15:00:00,8624,3727067,4754.000000000000000,3378167,445.000000000000000,278748.000000000000000,9069,4005815,5199,3656915,13823,7383878
243,8/13/2021 15:00:00,7143,3734210,5379.000000000000000,3383546,397.000000000000000,279145.000000000000000,7540,4013355,5776,3662691,12919,7396797
244,8/14/2021 15:00:00,4915,3739125,3347.000000000000000,3386893,285.000000000000000,279430.000000000000000,5200,4018555,3632,3666323,8547,7405344
245,8/15/2021 15:00:00,3328,3742453,2740.000000000000000,3389633,163.000000000000000,279593.000000000000000,3491,4022046,2903,3669226,6231,7411575
246,8/16/2021 15:00:00,5442,3747895,5096.000000000000000,3394729,354.000000000000000,279947.000000000000000,5796,4027842,5450,3674676,10892,7422467
247,8/17/2021 15:00:00,6813,3754708,5362.000000000000000,3400091,390.000000000000000,280337.000000000000000,7203,4035045,5752,3680428,12565,7435032
248,8/18/2021 15:00:00,6326,3761034,5505.000000000000000,3405596,481.000000000000000,280818.000000000000000,6807,4041852,5986,3686414,12312,7447344
249,8/19/2021 15:00:00,6213,3767247,5555.000000000000000,3411151,417.000000000000000,281235.000000000000000,6630,4048482,5972,3692386,12185,7459529
250,8/20/2021 15:00:00,6839,3774086,6548.000000000000000,3417699,401.000000000000000,281636.000000000000000,7240,4055722,6949,3699335,13788,7473317
251,8/21/2021 15:00:00,4327,3778413,3919.000000000000000,3421618,230.000000000000000,281866.000000000000000,4557,4060279,4149,3703484,8476,7481793
252,8/22/2021 15:00:00,3060,3781473,3173.000000000000000,3424791,110.000000000000000,281976.000000000000000,3170,4063449,3283,3706767,6343,7488136
253,8/23/2021 15:00:00,5986,3787459,6100.000000000000000,3430891,287.000000000000000,282263.000000000000000,6273,4069722,6387,3713154,12373,7500509
254,8/24/2021 15:00:00,6545,3794004,6064.000000000000000,3436955,425.000000000000000,282688.000000000000000,6970,4076692,6489,3719643,13034,7513543
255,8/25/2021 15:00:00,6717,3800721,6222.000000000000000,3443177,441.000000000000000,283129.000000000000000,7158,4083850,6663,3726306,13380,7526923
256,8/26/2021 15:00:00,6965,3807686,6650.000000000000000,3449827,428.000000000000000,283557.000000000000000,7393,4091243,7078,3733384,14043,7540966
257,8/27/2021 15:00:00,6824,3814510,7072.000000000000000,3456899,316.000000000000000,283873.000000000000000,7140,4098383,7388,3740772,14212,7555178
258,8/28/2021 15:00:00,6896,3821406,6519.000000000000000,3463418,326.000000000000000,284199.000000000000000,7222,4105605,6845,3747617,13741,7568919
259,8/29/2021 15:00:00,3733,3825139,3689.000000000000000,3467107,610.000000000000000,284809.000000000000000,4343,4109948,4299,3751916,8032,7576951
260,8/30/2021 15:00:00,5923,3831062,6126.000000000000000,3473233,960.000000000000000,285769.000000000000000,6883,4116831,7086,3759002,13009,7589960
261,8/31/2021 15:00:00,5899,3836961,6070.000000000000000,3479303,946.000000000000000,286715.000000000000000,6845,4123676,7016,3766018,12915,7602875
262,9/1/2021 15:00:00,5589,3842550,5674.000000000000000,3484977,915.000000000000000,287630.000000000000000,6504,4130180,6589,3772607,12178,7615053
263,9/2/2021 15:00:00,5529,3848079,5925.000000000000000,3490902,707.000000000000000,288337.000000000000000,6236,4136416,6632,3779239,12161,7627214
264,9/3/2021 15:00:00,5992,3854071,6930.000000000000000,3497832,973.000000000000000,289310.000000000000000,6965,4143381,7903,3787142,13895,7641109
265,9/4/2021 15:00:00,3726,3857797,4352.000000000000000,3502184,878.000000000000000,290188.000000000000000,4604,4147985,5230,3792372,8956,7650065
266,9/5/2021 15:00:00,2956,3860753,2810.000000000000000,3504994,106.000000000000000,290294.000000000000000,3062,4151047,2916,3795288,5872,7655937
267,9/6/2021 15:00:00,1059,3861812,1156.000000000000000,3506150,65.000000000000000,290359.000000000000000,1124,4152171,1221,3796509,2280,7658217
268,9/7/2021 15:00:00,5343,3867155,7299.000000000000000,3513449,2303.000000000000000,292662.000000000000000,7646,4159817,9602,3806111,14945,7673162
269,9/8/2021 15:00:00,4653,3871808,5474.000000000000000,3518923,364.000000000000000,293026.000000000000000,5017,4164834,5838,3811949,10491,7683653
270,9/9/2021 15:00:00,5017,3876825,5458.000000000000000,3524381,324.000000000000000,293350.000000000000000,5341,4170175,5782,3817731,10799,7694452
271,9/10/2021 15:00:00,6519,3883344,6654.000000000000000,3531035,1719.000000000000000,295069.000000000000000,8238,4178413,8373,3826104,14892,7709344
272,9/11/2021 15:00:00,4173,3887517,4334.000000000000000,3535369,666.000000000000000,295735.000000000000000,4839,4183252,5000,3831104,9173,7718517
273,9/12/2021 15:00:00,3172,3890689,3241.000000000000000,3538610,436.000000000000000,296171.000000000000000,3608,4186860,3677,3834781,6849,7725366
274,9/13/2021 15:00:00,4885,3895574,5067.000000000000000,3543677,346.000000000000000,296517.000000000000000,5231,4192091,5413,3840194,10298,7735664
275,9/14/2021 15:00:00,4776,3900350,5437.000000000000000,3549114,436.000000000000000,296953.000000000000000,5212,4197303,5873,3846067,10649,7746313
276,9/15/2021 15:00:00,5038,3905388,5870.000000000000000,3554984,392.000000000000000,297345.000000000000000,5430,4202733,6262,3852329,11300,7757613
277,9/16/2021 15:00:00,4808,3910196,5844.000000000000000,3560828,336.000000000000000,297681.000000000000000,5144,4207877,6180,3858509,10988,7768601
278,9/17/2021 15:00:00,5258,3915454,6584.000000000000000,3567412,344.000000000000000,298025.000000000000000,5602,4213479,6928,3865437,12186,7780787
279,9/18/2021 15:00:00,3801,3919255,4577.000000000000000,3571989,185.000000000000000,298210.000000000000000,3986,4217465,4762,3870199,8563,7789350
280,9/19/2021 15:00:00,2742,3921997,3167.000000000000000,3575156,75.000000000000000,298285.000000000000000,2817,4220282,3242,3873441,5984,7795334
281,9/20/2021 15:00:00,3750,3925747,4679.000000000000000,3579835,430.000000000000000,298715.000000000000000,4180,4224462,5109,3878550,8859,7804193
282,9/21/2021 15:00:00,4002,3929749,5001.000000000000000,3584836,327.000000000000000,299042.000000000000000,4329,4228791,5328,3883878,9330,7813523
283,9/22/2021 15:00:00,4196,3933945,4775.000000000000000,3589611,458.000000000000000,299500.000000000000000,4654,4233445,5233,3889111,9429,7822952
284,9/23/2021 15:00:00,4175,3938120,4731.000000000000000,3594342,492.000000000000000,299992.000000000000000,4667,4238112,5223,3894334,9398,7832350
285,9/24/2021 15:00:00,5078,3943198,5606.000000000000000,3599948,422.000000000000000,300414.000000000000000,5500,4243612,6028,3900362,11106,7843456
286,9/25/2021 15:00:00,3626,3946824,3633.000000000000000,3603581,384.000000000000000,300798.000000000000000,4010,4247622,4017,3904379,7643,7851099
287,9/26/2021 15:00:00,2354,3949178,2667.000000000000000,3606248,425.000000000000000,301223.000000000000000,2779,4250401,3092,3907471,5446,7856545
288,9/27/2021 15:00:00,4506,3953684,2712.000000000000000,3608960,512.000000000000000,301735.000000000000000,5018,4255419,3224,3910695,7730,7864275
289,9/28/2021 15:00:00,4400,3958084,4455.000000000000000,3613415,211.000000000000000,301946.000000000000000,4611,4260030,4666,3915361,9066,7873341
290,9/29/2021 15:00:00,4696,3962780,4511.000000000000000,3617926,920.000000000000000,302866.000000000000000,5616,4265646,5431,3920792,10127,7883468
291,9/30/2021 15:00:00,4887,3967667,4565.000000000000000,3622491,795.000000000000000,303661.000000000000000,5682,4271328,5360,3926152,10247,7893715
292,10/1/2021 15:00:00,5503,3973170,5340.000000000000000,3627831,785.000000000000000,304446.000000000000000,6288,4277616,6125,3932277,11628,7905343
293,10/2/2021 15:00:00,2937,3976107,2897.000000000000000,3630728,187.000000000000000,304633.000000000000000,3124,4280740,3084,3935361,6021,7911364
294,10/3/2021 15:00:00,2073,3978180,2378.000000000000000,3633106,86.000000000000000,304719.000000000000000,2159,4282899,2464,3937825,4537,7915901
295,10/4/2021 15:00:00,4022,3982202,3501.000000000000000,3636607,232.000000000000000,304951.000000000000000,4254,4287153,3733,3941558,7755,7923656
296,10/5/2021 15:00:00,3958,3986160,3661.000000000000000,3640268,207.000000000000000,305158.000000000000000,4165,4291318,3868,3945426,7826,7931482
297,10/6/2021 15:00:00,4023,3990183,3579.000000000000000,3643847,266.000000000000000,305424.000000000000000,4289,4295607,3845,3949271,7868,7939350
298,10/7/2021 15:00:00,4234,3994417,3627.000000000000000,3647474,331.000000000000000,305755.000000000000000,4565,4300172,3958,3953229,8192,7947542
299,10/8/2021 15:00:00,4770,3999187,4291.000000000000000,3651765,283.000000000000000,306038.000000000000000,5053,4305225,4574,3957803,9344,7956886
300,10/9/2021 15:00:00,2691,4001878,2682.000000000000000,3654447,270.000000000000000,306308.000000000000000,2961,4308186,2952,3960755,5643,7962529
301,10/10/2021 15:00:00,1865,4003743,1850.000000000000000,3656297,59.000000000000000,306367.000000000000000,1924,4310110,1909,3962664,3774,7966303
302,10/11/2021 15:00:00,4213,4007956,3338.000000000000000,3659635,249.000000000000000,306616.000000000000000,4462,4314572,3587,3966251,7800,7974103
303,10/12/2021 15:00:00,3590,4011546,3525.000000000000000,3663160,273.000000000000000,306889.000000000000000,3863,4318435,3798,3970049,7388,7981491
304,10/13/2021 15:00:00,3959,4015505,3458.000000000000000,3666618,346.000000000000000,307235.000000000000000,4305,4322740,3804,3973853,7763,7989254
305,10/14/2021 15:00:00,5161,4020666,5491.000000000000000,3672109,431.000000000000000,307666.000000000000000,5592,4328332,5922,3979775,11083,8000337
306,10/15/2021 15:00:00,4710,4025376,4596.000000000000000,3676705,347.000000000000000,308013.000000000000000,5057,4333389,4943,3984718,9653,8009990
307,10/16/2021 15:00:00,2496,4027872,2507.000000000000000,3679212,291.000000000000000,308304.000000000000000,2787,4336176,2798,3987516,5294,8015284
308,10/17/2021 15:00:00,1806,4029678,1776.000000000000000,3680988,55.000000000000000,308359.000000000000000,1861,4338037,1831,3989347,3637,8018921
309,10/18/2021 15:00:00,4282,4033960,3579.000000000000000,3684567,268.000000000000000,308627.000000000000000,4550,4342587,3847,3993194,8129,8027050
310,10/19/2021 15:00:00,4302,4038262,4031.000000000000000,3688598,223.000000000000000,308850.000000000000000,4525,4347112,4254,3997448,8556,8035606
311,10/20/2021 15:00:00,3526,4041788,3427.000000000000000,3692025,255.000000000000000,309105.000000000000000,3781,4350893,3682,4001130,7208,8042814
312,10/21/2021 15:00:00,3298,4045086,3270.000000000000000,3695295,291.000000000000000,309396.000000000000000,3589,4354482,3561,4004691,6859,8049673
313,10/22/2021 15:00:00,4681,4049767,4034.000000000000000,3699329,477.000000000000000,309873.000000000000000,5158,4359640,4511,4009202,9192,8058865
314,10/23/2021 15:00:00,2886,4052653,2115.000000000000000,3701444,321.000000000000000,310194.000000000000000,3207,4362847,2436,4011638,5322,8064187
315,10/24/2021 15:00:00,2057,4054710,1560.000000000000000,3703004,79.000000000000000,310273.000000000000000,2136,4364983,1639,4013277,3696,8067883
316,10/25/2021 15:00:00,4541,4059251,3082.000000000000000,3706086,319.000000000000000,310592.000000000000000,4860,4369843,3401,4016678,7942,8075825
317,10/26/2021 15:00:00,4506,4063757,3095.000000000000000,3709181,316.000000000000000,310908.000000000000000,4822,4374665,3411,4020089,7917,8083742
318,10/27/2021 15:00:00,4734,4068491,3345.000000000000000,3712526,437.000000000000000,311345.000000000000000,5171,4379836,3782,4023871,8516,8092258
319,10/28/2021 15:00:00,4560,4073051,3365.000000000000000,3715891,501.000000000000000,311846.000000000000000,5061,4384897,3866,4027737,8426,8100684
320,10/29/2021 15:00:00,4979,4078030,3920.000000000000000,3719811,394.000000000000000,312240.000000000000000,5373,4390270,4314,4032051,9293,8109977
321,10/30/2021 15:00:00,2632,4080662,1844.000000000000000,3721655,308.000000000000000,312548.000000000000000,2940,4393210,2152,4034203,4784,8114761
322,10/31/2021 15:00:00,1938,4082600,1522.000000000000000,3723177,93.000000000000000,312641.000000000000000,2031,4395241,1615,4035818,3553,8118314
323,11/1/2021 15:00:00,4709,4087309,3435.000000000000000,3726612,346.000000000000000,312987.000000000000000,5055,4400296,3781,4039599,8490,8126804
324,11/2/2021 15:00:00,4254,4091563,2957.000000000000000,3729569,408.000000000000000,313395.000000000000000,4662,4404958,3365,4042964,7619,8134423
325,11/3/2021 15:00:00,4664,4096227,3062.000000000000000,3732631,463.000000000000000,313858.000000000000000,5127,4410085,3525,4046489,8189,8142612
326,11/4/2021 15:00:00,6311,4102538,3368.000000000000000,3735999,513.000000000000000,314371.000000000000000,6824,4416909,3881,4050370,10192,8152804
327,11/5/2021 15:00:00,8238,4110776,3773.000000000000000,3739772,414.000000000000000,314785.000000000000000,8652,4425561,4187,4054557,12425,8165229
328,11/6/2021 15:00:00,10185,4120961,1979.000000000000000,3741751,308.000000000000000,315093.000000000000000,10493,4436054,2287,4056844,12472,8177701
329,11/7/2021 15:00:00,7732,4128693,1468.000000000000000,3743219,94.000000000000000,315187.000000000000000,7826,4443880,1562,4058406,9294,8186995
330,11/8/2021 15:00:00,11309,4140002,3050.000000000000000,3746269,379.000000000000000,315566.000000000000000,11688,4455568,3429,4061835,14738,8201733
331,11/9/2021 15:00:00,11762,4151764,2665.000000000000000,3748934,269.000000000000000,315835.000000000000000,12031,4467599,2934,4064769,14696,8216429
332,11/10/2021 15:00:00,12584,4164348,2762.000000000000000,3751696,338.000000000000000,316173.000000000000000,12922,4480521,3100,4067869,15684,8232113
333,11/11/2021 15:00:00,11372,4175720,2382.000000000000000,3754078,280.000000000000000,316453.000000000000000,11652,4492173,2662,4070531,14034,8246147
334,11/12/2021 15:00:00,12290,4188010,3360.000000000000000,3757438,547.000000000000000,317000.000000000000000,12837,4505010,3907,4074438,16197,8262344
335,11/13/2021 15:00:00,9885,4197895,1593.000000000000000,3759031,342.000000000000000,317342.000000000000000,10227,4515237,1935,4076373,11820,8274164
336,11/14/2021 15:00:00,3922,4201817,1131.000000000000000,3760162,121.000000000000000,317463.000000000000000,4043,4519280,1252,4077625,5174,8279338
337,11/15/2021 15:00:00,8622,4210439,2529.000000000000000,3762691,205.000000000000000,317668.000000000000000,8827,4528107,2734,4080359,11356,8290694
338,11/16/2021 15:00:00,9227,4219666,2499.000000000000000,3765190,255.000000000000000,317923.000000000000000,9482,4537589,2754,4083113,11981,8302675
339,11/17/2021 15:00:00,9399,4229065,2880.000000000000000,3768070,312.000000000000000,318235.000000000000000,9711,4547300,3192,4086305,12591,8315266
340,11/18/2021 15:00:00,9290,4238355,2637.000000000000000,3770707,482.000000000000000,318717.000000000000000,9772,4557072,3119,4089424,12409,8327675
341,11/19/2021 15:00:00,9796,4248151,2921.000000000000000,3773628,381.000000000000000,319098.000000000000000,10177,4567249,3302,4092726,13098,8340773
342,11/20/2021 15:00:00,10627,4258778,1608.000000000000000,3775236,455.000000000000000,319553.000000000000000,11082,4578331,2063,4094789,12690,8353463
343,11/21/2021 15:00:00,4343,4263121,1203.000000000000000,3776439,99.000000000000000,319652.000000000000000,4442,4582773,1302,4096091,5645,8359108
344,11/22/2021 15:00:00,9823,4272944,2489.000000000000000,3778928,293.000000000000000,319945.000000000000000,10116,4592889,2782,4098873,12605,8371713
345,11/23/2021 15:00:00,9206,4282150,2401.000000000000000,3781329,280.000000000000000,320225.000000000000000,9486,4602375,2681,4101554,11887,8383600
346,11/24/2021 15:00:00,8156,4290306,2447.000000000000000,3783776,216.000000000000000,320441.000000000000000,8372,4610747,2663,4104217,10819,8394419
347,11/25/2021 15:00:00,239,4290545,77.000000000000000,3783853,10.000000000000000,320451.000000000000000,249,4610996,87,4104304,326,8394745
348,11/26/2021 15:00:00,5651,4296196,3959.000000000000000,3787812,153.000000000000000,320604.000000000000000,5804,4616800,4112,4108416,9763,8404508
349,11/27/2021 15:00:00,3782,4299978,5474.000000000000000,3793286,134.000000000000000,320738.000000000000000,3916,4620716,5608,4114024,9390,8413898
350,11/28/2021 15:00:00,2414,4302392,6392.000000000000000,3799678,77.000000000000000,320815.000000000000000,2491,4623207,6469,4120493,8883,8422781
351,11/29/2021 15:00:00,6370,4308762,9285.000000000000000,3808963,379.000000000000000,321194.000000000000000,6749,4629956,9664,4130157,16034,8438815
352,11/30/2021 15:00:00,6253,4315015,9313.000000000000000,3818276,264.000000000000000,321458.000000000000000,6517,4636473,9577,4139734,15830,8454645
353,12/1/2021 15:00:00,7281,4322296,9710.000000000000000,3827986,308.000000000000000,321766.000000000000000,7589,4644062,10018,4149752,17299,8471944
354,12/2/2021 15:00:00,6913,4329209,8787.000000000000000,3836773,451.000000000000000,322217.000000000000000,7364,4651426,9238,4158990,16151,8488095
355,12/3/2021 15:00:00,7595,4336804,9255.000000000000000,3846028,249.000000000000000,322466.000000000000000,7844,4659270,9504,4168494,17099,8505194
356,12/4/2021 15:00:00,5948,4342752,10039.000000000000000,3856067,465.000000000000000,322931.000000000000000,6413,4665683,10504,4178998,16452,8521646
357,12/5/2021 15:00:00,3469,4346221,3287.000000000000000,3859354,78.000000000000000,323009.000000000000000,3547,4669230,3365,4182363,6834,8528480
358,12/6/2021 15:00:00,6751,4352972,7110.000000000000000,3866464,277.000000000000000,323286.000000000000000,7028,4676258,7387,4189750,14138,8542618
359,12/7/2021 15:00:00,6411,4359383,7027.000000000000000,3873491,249.000000000000000,323535.000000000000000,6660,4682918,7276,4197026,13687,8556305
360,12/8/2021 15:00:00,6931,4366314,7423.000000000000000,3880914,315.000000000000000,323850.000000000000000,7246,4690164,7738,4204764,14669,8570974
361,12/9/2021 15:00:00,6520,4372834,7023.000000000000000,3887937,398.000000000000000,324248.000000000000000,6918,4697082,7421,4212185,13941,8584915
362,12/10/2021 15:00:00,7268,4380102,7330.000000000000000,3895267,230.000000000000000,324478.000000000000000,7498,4704580,7560,4219745,14828,8599743
363,12/11/2021 15:00:00,4453,4384555,7666.000000000000000,3902933,333.000000000000000,324811.000000000000000,4786,4709366,7999,4227744,12452,8612195
364,12/12/2021 15:00:00,4002,4388557,2782.000000000000000,3905715,60.000000000000000,324871.000000000000000,4062,4713428,2842,4230586,6844,8619039
365,12/13/2021 15:00:00,5695,4394252,5764.000000000000000,3911479,243.000000000000000,325114.000000000000000,5938,4719366,6007,4236593,11702,8630741
366,12/14/2021 15:00:00,6445,4400697,5931.000000000000000,3917410,221.000000000000000,325335.000000000000000,6666,4726032,6152,4242745,12597,8643338
367,12/15/2021 15:00:00,7141,4407838,5685.000000000000000,3923095,251.000000000000000,325586.000000000000000,7392,4733424,5936,4248681,13077,8656415
368,12/16/2021 15:00:00,7849,4415687,2817.000000000000000,3925912,420.000000000000000,326006.000000000000000,8269,4741693,3237,4251918,11086,8667501
369,12/17/2021 15:00:00,7807,4423494,4155.000000000000000,3930067,195.000000000000000,326201.000000000000000,8002,4749695,4350,4256268,12157,8679658
370,12/18/2021 15:00:00,5824,4429318,3187.000000000000000,3933254,298.000000000000000,326499.000000000000000,6122,4755817,3485,4259753,9309,8688967
371,12/19/2021 15:00:00,3379,4432697,1344.000000000000000,3934598,36.000000000000000,326535.000000000000000,3415,4759232,1380,4261133,4759,8693726
372,12/20/2021 15:00:00,8064,4440761,3753.000000000000000,3938351,173.000000000000000,326708.000000000000000,8237,4767469,3926,4265059,11990,8705716
373,12/21/2021 15:00:00,8993,4449754,4155.000000000000000,3942506,175.000000000000000,326883.000000000000000,9168,4776637,4330,4269389,13323,8719039
374,12/22/2021 15:00:00,8679,4458433,3866.000000000000000,3946372,184.000000000000000,327067.000000000000000,8863,4785500,4050,4273439,12729,8731768
375,12/23/2021 15:00:00,8398,4466831,3558.000000000000000,3949930,359.000000000000000,327426.000000000000000,8757,4794257,3917,4277356,12315,8744083
376,12/24/2021 15:00:00,1634,4468465,1006.000000000000000,3950936,39.000000000000000,327465.000000000000000,1673,4795930,1045,4278401,2679,8746762
377,12/25/2021 15:00:00,50,4468515,36.000000000000000,3950972,1.000000000000000,327466.000000000000000,51,4795981,37,4278438,87,8746849
378,12/26/2021 15:00:00,2519,4471034,1747.000000000000000,3952719,44.000000000000000,327510.000000000000000,2563,4798544,1791,4280229,4310,8751159
379,12/27/2021 15:00:00,7194,4478228,3995.000000000000000,3956714,297.000000000000000,327807.000000000000000,7491,4806035,4292,4284521,11486,8762645
380,12/28/2021 15:00:00,7890,4486118,3845.000000000000000,3960559,177.000000000000000,327984.000000000000000,8067,4814102,4022,4288543,11912,8774557
381,12/29/2021 15:00:00,8210,4494328,4023.000000000000000,3964582,155.000000000000000,328139.000000000000000,8365,4822467,4178,4292721,12388,8786945
382,12/30/2021 15:00:00,7469,4501797,3779.000000000000000,3968361,289.000000000000000,328428.000000000000000,7758,4830225,4068,4296789,11537,8798482
383,12/31/2021 15:00:00,2571,4504368,1525.000000000000000,3969886,90.000000000000000,328518.000000000000000,2661,4832886,1615,4298404,4186,8802668
384,1/1/2022 15:00:00,737,4505105,345.000000000000000,3970231,33.000000000000000,328551.000000000000000,770,4833656,378,4298782,1115,8803783
385,1/2/2022 15:00:00,2210,4507315,1646.000000000000000,3971877,47.000000000000000,328598.000000000000000,2257,4835913,1693,4300475,3903,8807686
386,1/3/2022 15:00:00,3394,4510709,2066.000000000000000,3973943,221.000000000000000,328819.000000000000000,3615,4839528,2287,4302762,5681,8813367
387,1/4/2022 15:00:00,5842,4516551,3467.000000000000000,3977410,162.000000000000000,328981.000000000000000,6004,4845532,3629,4306391,9471,8822838
388,1/5/2022 15:00:00,6826,4523377,4691.000000000000000,3982101,176.000000000000000,329157.000000000000000,7002,4852534,4867,4311258,11693,8834531
389,1/6/2022 15:00:00,6748,4530125,4807.000000000000000,3986908,263.000000000000000,329420.000000000000000,7011,4859545,5070,4316328,11818,8846349
390,1/7/2022 15:00:00,5948,4536073,3753.000000000000000,3990661,159.000000000000000,329579.000000000000000,6107,4865652,3912,4320240,9860,8856209
391,1/8/2022 15:00:00,4803,4540876,3909.000000000000000,3994570,79.000000000000000,329658.000000000000000,4882,4870534,3988,4324228,8791,8865000
392,1/9/2022 15:00:00,2758,4543634,2016.000000000000000,3996586,154.000000000000000,329812.000000000000000,2912,4873446,2170,4326398,4928,8869928
393,1/10/2022 15:00:00,6309,4549943,3838.000000000000000,4000424,155.000000000000000,329967.000000000000000,6464,4879910,3993,4330391,10302,8880230
394,1/11/2022 15:00:00,6539,4556482,4240.000000000000000,4004664,141.000000000000000,330108.000000000000000,6680,4886590,4381,4334772,10920,8891150
395,1/12/2022 15:00:00,6799,4563281,4450.000000000000000,4009114,225.000000000000000,330333.000000000000000,7024,4893614,4675,4339447,11474,8902624
396,1/13/2022 15:00:00,6597,4569878,4374.000000000000000,4013488,150.000000000000000,330483.000000000000000,6747,4900361,4524,4343971,11121,8913745
397,1/14/2022 15:00:00,7193,4577071,3274.000000000000000,4016762,252.000000000000000,330735.000000000000000,7445,4907806,3526,4347497,10719,8924464
398,1/15/2022 15:00:00,4253,4581324,1683.000000000000000,4018445,70.000000000000000,330805.000000000000000,4323,4912129,1753,4349250,6006,8930470
399,1/16/2022 15:00:00,2216,4583540,1318.000000000000000,4019763,116.000000000000000,330921.000000000000000,2332,4914461,1434,4350684,3650,8934120
400,1/17/2022 15:00:00,3609,4587149,2365.000000000000000,4022128,74.000000000000000,330995.000000000000000,3683,4918144,2439,4353123,6048,8940168
401,1/18/2022 15:00:00,5268,4592417,4172.000000000000000,4026300,102.000000000000000,331097.000000000000000,5370,4923514,4274,4357397,9542,8949710
402,1/19/2022 15:00:00,5277,4597694,4461.000000000000000,4030761,99.000000000000000,331196.000000000000000,5376,4928890,4560,4361957,9837,8959547
403,1/20/2022 15:00:00,4511,4602205,3590.000000000000000,4034351,176.000000000000000,331372.000000000000000,4687,4933577,3766,4365723,8277,8967824
404,1/21/2022 15:00:00,5575,4607780,2921.000000000000000,4037272,126.000000000000000,331498.000000000000000,5701,4939278,3047,4368770,8622,8976446
405,1/22/2022 15:00:00,3448,4611228,1722.000000000000000,4038994,134.000000000000000,331632.000000000000000,3582,4942860,1856,4370626,5304,8981750
406,1/23/2022 15:00:00,2032,4613260,1488.000000000000000,4040482,30.000000000000000,331662.000000000000000,2062,4944922,1518,4372144,3550,8985300
407,1/24/2022 15:00:00,4116,4617376,2768.000000000000000,4043250,88.000000000000000,331750.000000000000000,4204,4949126,2856,4375000,6972,8992272
408,1/25/2022 15:00:00,3789,4621165,3299.000000000000000,4046549,93.000000000000000,331843.000000000000000,3882,4953008,3392,4378392,7181,8999453
409,1/26/2022 15:00:00,3835,4625000,3668.000000000000000,4050217,93.000000000000000,331936.000000000000000,3928,4956936,3761,4382153,7596,9007049
410,1/27/2022 15:00:00,3736,4628736,3858.000000000000000,4054075,186.000000000000000,332122.000000000000000,3922,4960858,4044,4386197,7780,9014829
411,1/28/2022 15:00:00,3795,4632531,3209.000000000000000,4057284,75.000000000000000,332197.000000000000000,3870,4964728,3284,4389481,7079,9021908
412,1/29/2022 15:00:00,2253,4634784,2262.000000000000000,4059546,116.000000000000000,332313.000000000000000,2369,4967097,2378,4391859,4631,9026539
413,1/30/2022 15:00:00,1503,4636287,1597.000000000000000,4061143,16.000000000000000,332329.000000000000000,1519,4968616,1613,4393472,3116,9029655
414,1/31/2022 15:00:00,2953,4639240,3112.000000000000000,4064255,58.000000000000000,332387.000000000000000,3011,4971627,3170,4396642,6123,9035778
415,2/1/2022 15:00:00,2604,4641844,3324.000000000000000,4067579,75.000000000000000,332462.000000000000000,2679,4974306,3399,4400041,6003,9041781
416,2/2/2022 15:00:00,2753,4644597,3589.000000000000000,4071168,71.000000000000000,332533.000000000000000,2824,4977130,3660,4403701,6413,9048194
417,2/3/2022 15:00:00,2538,4647135,3429.000000000000000,4074597,40.000000000000000,332573.000000000000000,2578,4979708,3469,4407170,6007,9054201
418,2/4/2022 15:00:00,1302,4648437,2185.000000000000000,4076782,26.000000000000000,332599.000000000000000,1328,4981036,2211,4409381,3513,9057714