OBJECTID,VACCINATION_DATE,FirstDailyDose,FirstDoseCumulative,SecondDailyDose,SecondDoseCumulative,SingleDailyDose,SingleDoseCumulative,AtleastOneVaccine,AtleastOneVaccineCumulative,CompletedVax,CompletedVaxCumulative,FirstSecondSingleVaccination_12,FirstSecondSingleVaccination_13
1,12/14/2020 15:00:00,17,1225,,493,,,17,1225,0,493,17,1608
2,12/15/2020 15:00:00,56,1281,3.000000000000000,496,,,56,1281,3,496,59,1667
3,12/16/2020 15:00:00,585,1866,3.000000000000000,499,,,585,1866,3,499,588,2255
4,12/17/2020 15:00:00,1152,3018,2.000000000000000,501,,,1152,3018,2,501,1154,3409
5,12/18/2020 15:00:00,3002,6020,12.000000000000000,513,,,3002,6020,12,513,3014,6423
6,12/19/2020 15:00:00,927,6947,5.000000000000000,518,,,927,6947,5,518,932,7355
7,12/20/2020 15:00:00,346,7293,4.000000000000000,522,,,346,7293,4,522,350,7705
8,12/21/2020 15:00:00,3874,11167,25.000000000000000,547,,,3874,11167,25,547,3899,11604
9,12/22/2020 15:00:00,6310,17477,23.000000000000000,570,,,6310,17477,23,570,6333,17937
10,12/23/2020 15:00:00,5765,23242,33.000000000000000,603,,,5765,23242,33,603,5798,23735
11,12/24/2020 15:00:00,2718,25960,14.000000000000000,617,,,2718,25960,14,617,2732,26467
12,12/25/2020 15:00:00,1033,26993,4.000000000000000,621,,,1033,26993,4,621,1037,27504
13,12/26/2020 15:00:00,1875,28868,9.000000000000000,630,,,1875,28868,9,630,1884,29388
14,12/27/2020 15:00:00,1799,30667,10.000000000000000,640,,,1799,30667,10,640,1809,31197
15,12/28/2020 15:00:00,8971,39638,41.000000000000000,681,,,8971,39638,41,681,9012,40209
16,12/29/2020 15:00:00,10945,50583,48.000000000000000,729,,,10945,50583,48,729,10993,51202
17,12/30/2020 15:00:00,12483,63066,75.000000000000000,804,,,12483,63066,75,804,12558,63760
18,12/31/2020 15:00:00,7538,70604,41.000000000000000,845,,,7538,70604,41,845,7579,71339
19,1/1/2021 15:00:00,2882,73486,129.000000000000000,974,,,2882,73486,129,974,3011,74350
20,1/2/2021 15:00:00,3017,76503,34.000000000000000,1008,,,3017,76503,34,1008,3051,77401
21,1/3/2021 15:00:00,3390,79893,80.000000000000000,1088,,,3390,79893,80,1088,3470,80871
22,1/4/2021 15:00:00,13320,93213,320.000000000000000,1408,,,13320,93213,320,1408,13640,94511
23,1/5/2021 15:00:00,12443,105656,532.000000000000000,1940,,,12443,105656,532,1940,12975,107486
24,1/6/2021 15:00:00,15215,120871,851.000000000000000,2791,,,15215,120871,851,2791,16066,123552
25,1/7/2021 15:00:00,14994,135865,1749.000000000000000,4540,,,14994,135865,1749,4540,16743,140295
26,1/8/2021 15:00:00,23973,159838,2756.000000000000000,7296,,,23973,159838,2756,7296,26729,167024
27,1/9/2021 15:00:00,5150,164988,945.000000000000000,8241,,,5150,164988,945,8241,6095,173119
28,1/10/2021 15:00:00,2948,167936,375.000000000000000,8616,,,2948,167936,375,8616,3323,176442
29,1/11/2021 15:00:00,13695,181631,3456.000000000000000,12072,,,13695,181631,3456,12072,17151,193593
30,1/12/2021 15:00:00,17354,198985,5573.000000000000000,17645,,,17354,198985,5573,17645,22927,216520
31,1/13/2021 15:00:00,18571,217556,3894.000000000000000,21539,,,18571,217556,3894,21539,22465,238985
32,1/14/2021 15:00:00,17805,235361,1943.000000000000000,23482,,,17805,235361,1943,23482,19748,258733
33,1/15/2021 15:00:00,19417,254778,2002.000000000000000,25484,,,19417,254778,2002,25484,21419,280152
34,1/16/2021 15:00:00,5803,260581,1602.000000000000000,27086,,,5803,260581,1602,27086,7405,287557
35,1/17/2021 15:00:00,2107,262688,1476.000000000000000,28562,,,2107,262688,1476,28562,3583,291140
36,1/18/2021 15:00:00,7061,269749,3241.000000000000000,31803,,,7061,269749,3241,31803,10302,301442
37,1/19/2021 15:00:00,16912,286661,5381.000000000000000,37184,,,16912,286661,5381,37184,22293,323735
38,1/20/2021 15:00:00,20983,307644,5292.000000000000000,42476,,,20983,307644,5292,42476,26275,350010
39,1/21/2021 15:00:00,23759,331403,3797.000000000000000,46273,,,23759,331403,3797,46273,27556,377566
40,1/22/2021 15:00:00,28638,360041,3711.000000000000000,49984,,,28638,360041,3711,49984,32349,409915
41,1/23/2021 15:00:00,10098,370139,1927.000000000000000,51911,,,10098,370139,1927,51911,12025,421940
42,1/24/2021 15:00:00,3338,373477,1720.000000000000000,53631,,,3338,373477,1720,53631,5058,426998
43,1/25/2021 15:00:00,16288,389765,8575.000000000000000,62206,,,16288,389765,8575,62206,24863,451861
44,1/26/2021 15:00:00,17536,407301,8952.000000000000000,71158,,,17536,407301,8952,71158,26488,478349
45,1/27/2021 15:00:00,24441,431742,12517.000000000000000,83675,,,24441,431742,12517,83675,36958,515307
46,1/28/2021 15:00:00,22647,454389,9287.000000000000000,92962,,,22647,454389,9287,92962,31934,547241
47,1/29/2021 15:00:00,24757,479146,7881.000000000000000,100843,,,24757,479146,7881,100843,32638,579879
48,1/30/2021 15:00:00,17762,496908,2530.000000000000000,103373,,,17762,496908,2530,103373,20292,600171
49,1/31/2021 15:00:00,3753,500661,1343.000000000000000,104716,,,3753,500661,1343,104716,5096,605267
50,2/1/2021 15:00:00,7815,508476,5226.000000000000000,109942,,,7815,508476,5226,109942,13041,618308
51,2/2/2021 15:00:00,12458,520934,13793.000000000000000,123735,,,12458,520934,13793,123735,26251,644559
52,2/3/2021 15:00:00,18217,539151,18088.000000000000000,141823,,,18217,539151,18088,141823,36305,680864
53,2/4/2021 15:00:00,22081,561232,15738.000000000000000,157561,,,22081,561232,15738,157561,37819,718683
54,2/5/2021 15:00:00,20329,581561,17371.000000000000000,174932,,,20329,581561,17371,174932,37700,756383
55,2/6/2021 15:00:00,11305,592866,14447.000000000000000,189379,,,11305,592866,14447,189379,25752,782135
56,2/7/2021 15:00:00,5939,598805,1801.000000000000000,191180,,,5939,598805,1801,191180,7740,789875
57,2/8/2021 15:00:00,12944,611749,12902.000000000000000,204082,,,12944,611749,12902,204082,25846,815721
58,2/9/2021 15:00:00,16619,628368,13836.000000000000000,217918,,,16619,628368,13836,217918,30455,846176
59,2/10/2021 15:00:00,19264,647632,21199.000000000000000,239117,,,19264,647632,21199,239117,40463,886639
60,2/11/2021 15:00:00,22850,670482,17294.000000000000000,256411,,,22850,670482,17294,256411,40144,926783
61,2/12/2021 15:00:00,20365,690847,19589.000000000000000,276000,,,20365,690847,19589,276000,39954,966737
62,2/13/2021 15:00:00,11415,702262,6393.000000000000000,282393,,,11415,702262,6393,282393,17808,984545
63,2/14/2021 15:00:00,7108,709370,2103.000000000000000,284496,,,7108,709370,2103,284496,9211,993756
64,2/15/2021 15:00:00,11738,721108,13296.000000000000000,297792,,,11738,721108,13296,297792,25034,1018790
65,2/16/2021 15:00:00,16584,737692,20984.000000000000000,318776,,,16584,737692,20984,318776,37568,1056358
66,2/17/2021 15:00:00,20642,758334,26348.000000000000000,345124,,,20642,758334,26348,345124,46990,1103348
67,2/18/2021 15:00:00,3189,761523,4606.000000000000000,349730,,,3189,761523,4606,349730,7795,1111143
68,2/19/2021 15:00:00,10244,771767,19901.000000000000000,369631,,,10244,771767,19901,369631,30145,1141288
69,2/20/2021 15:00:00,10296,782063,20256.000000000000000,389887,,,10296,782063,20256,389887,30552,1171840
70,2/21/2021 15:00:00,6157,788220,7627.000000000000000,397514,,,6157,788220,7627,397514,13784,1185624
71,2/22/2021 15:00:00,8019,796239,15450.000000000000000,412964,,,8019,796239,15450,412964,23469,1209093
72,2/23/2021 15:00:00,15514,811753,15940.000000000000000,428904,,,15514,811753,15940,428904,31454,1240547
73,2/24/2021 15:00:00,17920,829673,24730.000000000000000,453634,,,17920,829673,24730,453634,42650,1283197
74,2/25/2021 15:00:00,20381,850054,26528.000000000000000,480162,,,20381,850054,26528,480162,46909,1330106
75,2/26/2021 15:00:00,26697,876751,26174.000000000000000,506336,,,26697,876751,26174,506336,52871,1382977
76,2/27/2021 15:00:00,15982,892733,11123.000000000000000,517459,,,15982,892733,11123,517459,27105,1410082
77,2/28/2021 15:00:00,15493,908226,4863.000000000000000,522322,,,15493,908226,4863,522322,20356,1430438
78,3/1/2021 15:00:00,26478,934704,12468.000000000000000,534790,,,26478,934704,12468,534790,38946,1469384
79,3/2/2021 15:00:00,23868,958572,13241.000000000000000,548031,32.000000000000000,32.000000000000000,23900,958604,13273,548063,37141,1506525
80,3/3/2021 15:00:00,30127,988699,18361.000000000000000,566392,182.000000000000000,214.000000000000000,30309,988913,18543,566606,48670,1555195
81,3/4/2021 15:00:00,30937,1019636,18149.000000000000000,584541,4066.000000000000000,4280.000000000000000,35003,1023916,22215,588821,53152,1608347
82,3/5/2021 15:00:00,29415,1049051,19435.000000000000000,603976,4910.000000000000000,9190.000000000000000,34325,1058241,24345,613166,53760,1662107
83,3/6/2021 15:00:00,17852,1066903,8957.000000000000000,612933,6005.000000000000000,15195.000000000000000,23857,1082098,14962,628128,32814,1694921
84,3/7/2021 15:00:00,12111,1079014,4833.000000000000000,617766,6613.000000000000000,21808.000000000000000,18724,1100822,11446,639574,23557,1718478
85,3/8/2021 15:00:00,25830,1104844,8801.000000000000000,626567,8276.000000000000000,30084.000000000000000,34106,1134928,17077,656651,42907,1761385
86,3/9/2021 15:00:00,26081,1130925,15428.000000000000000,641995,8346.000000000000000,38430.000000000000000,34427,1169355,23774,680425,49855,1811240
87,3/10/2021 15:00:00,29814,1160739,15964.000000000000000,657959,7935.000000000000000,46365.000000000000000,37749,1207104,23899,704324,53713,1864953
88,3/11/2021 15:00:00,35939,1196678,16398.000000000000000,674357,3983.000000000000000,50348.000000000000000,39922,1247026,20381,724705,56320,1921273
89,3/12/2021 15:00:00,36880,1233558,18049.000000000000000,692406,2920.000000000000000,53268.000000000000000,39800,1286826,20969,745674,57849,1979122
90,3/13/2021 15:00:00,22643,1256201,10253.000000000000000,702659,1622.000000000000000,54890.000000000000000,24265,1311091,11875,757549,34518,2013640
91,3/14/2021 15:00:00,17838,1274039,6695.000000000000000,709354,999.000000000000000,55889.000000000000000,18837,1329928,7694,765243,25532,2039172
92,3/15/2021 15:00:00,29784,1303823,11260.000000000000000,720614,594.000000000000000,56483.000000000000000,30378,1360306,11854,777097,41638,2080810
93,3/16/2021 15:00:00,33406,1337229,13543.000000000000000,734157,766.000000000000000,57249.000000000000000,34172,1394478,14309,791406,47715,2128525
94,3/17/2021 15:00:00,37539,1374768,17003.000000000000000,751160,1176.000000000000000,58425.000000000000000,38715,1433193,18179,809585,55718,2184243
95,3/18/2021 15:00:00,41407,1416175,12596.000000000000000,763756,1348.000000000000000,59773.000000000000000,42755,1475948,13944,823529,55351,2239594
96,3/19/2021 15:00:00,38290,1454465,15376.000000000000000,779132,1036.000000000000000,60809.000000000000000,39326,1515274,16412,839941,54702,2294296
97,3/20/2021 15:00:00,24666,1479131,10112.000000000000000,789244,699.000000000000000,61508.000000000000000,25365,1540639,10811,850752,35477,2329773
98,3/21/2021 15:00:00,19155,1498286,7837.000000000000000,797081,334.000000000000000,61842.000000000000000,19489,1560128,8171,858923,27326,2357099
99,3/22/2021 15:00:00,32559,1530845,11435.000000000000000,808516,834.000000000000000,62676.000000000000000,33393,1593521,12269,871192,44828,2401927
100,3/23/2021 15:00:00,37729,1568574,17306.000000000000000,825822,1553.000000000000000,64229.000000000000000,39282,1632803,18859,890051,56588,2458515
101,3/24/2021 15:00:00,41055,1609629,21147.000000000000000,846969,1381.000000000000000,65610.000000000000000,42436,1675239,22528,912579,63583,2522098
102,3/25/2021 15:00:00,42329,1651958,21008.000000000000000,867977,2457.000000000000000,68067.000000000000000,44786,1720025,23465,936044,65794,2587892
103,3/26/2021 15:00:00,36590,1688548,26261.000000000000000,894238,2498.000000000000000,70565.000000000000000,39088,1759113,28759,964803,65349,2653241
104,3/27/2021 15:00:00,26915,1715463,16776.000000000000000,911014,2483.000000000000000,73048.000000000000000,29398,1788511,19259,984062,46174,2699415
105,3/28/2021 15:00:00,17009,1732472,12609.000000000000000,923623,1616.000000000000000,74664.000000000000000,18625,1807136,14225,998287,31234,2730649
106,3/29/2021 15:00:00,29703,1762175,26215.000000000000000,949838,1140.000000000000000,75804.000000000000000,30843,1837979,27355,1025642,57058,2787707
107,3/30/2021 15:00:00,40019,1802194,28918.000000000000000,978756,1856.000000000000000,77660.000000000000000,41875,1879854,30774,1056416,70793,2858500
108,3/31/2021 15:00:00,41024,1843218,34599.000000000000000,1013355,5749.000000000000000,83409.000000000000000,46773,1926627,40348,1096764,81372,2939872
109,4/1/2021 15:00:00,41092,1884310,39885.000000000000000,1053240,5668.000000000000000,89077.000000000000000,46760,1973387,45553,1142317,86645,3026517
110,4/2/2021 15:00:00,34993,1919303,32494.000000000000000,1085734,6121.000000000000000,95198.000000000000000,41114,2014501,38615,1180932,73608,3100125
111,4/3/2021 15:00:00,21618,1940921,18662.000000000000000,1104396,4367.000000000000000,99565.000000000000000,25985,2040486,23029,1203961,44647,3144772
112,4/4/2021 15:00:00,8243,1949164,10173.000000000000000,1114569,964.000000000000000,100529.000000000000000,9207,2049693,11137,1215098,19380,3164152
113,4/5/2021 15:00:00,27902,1977066,28848.000000000000000,1143417,6654.000000000000000,107183.000000000000000,34556,2084249,35502,1250600,63404,3227556
114,4/6/2021 15:00:00,39736,2016802,30391.000000000000000,1173808,10490.000000000000000,117673.000000000000000,50226,2134475,40881,1291481,80617,3308173
115,4/7/2021 15:00:00,36024,2052826,34206.000000000000000,1208014,12974.000000000000000,130647.000000000000000,48998,2183473,47180,1338661,83204,3391377
116,4/8/2021 15:00:00,42293,2095119,36007.000000000000000,1244021,13854.000000000000000,144501.000000000000000,56147,2239620,49861,1388522,92154,3483531
117,4/9/2021 15:00:00,34007,2129126,36282.000000000000000,1280303,14521.000000000000000,159022.000000000000000,48528,2288148,50803,1439325,84810,3568341
118,4/10/2021 15:00:00,23443,2152569,23095.000000000000000,1303398,7632.000000000000000,166654.000000000000000,31075,2319223,30727,1470052,54170,3622511
119,4/11/2021 15:00:00,17552,2170121,13267.000000000000000,1316665,10123.000000000000000,176777.000000000000000,27675,2346898,23390,1493442,40942,3663453
120,4/12/2021 15:00:00,24573,2194694,33128.000000000000000,1349793,10895.000000000000000,187672.000000000000000,35468,2382366,44023,1537465,68596,3732049
121,4/13/2021 15:00:00,126766,2321460,90567.000000000000000,1440360,3293.000000000000000,190965.000000000000000,130059,2512425,93860,1631325,220626,3952675
122,4/14/2021 15:00:00,40679,2362139,37755.000000000000000,1478115,210.000000000000000,191175.000000000000000,40889,2553314,37965,1669290,78644,4031319
123,4/15/2021 15:00:00,41661,2403800,39163.000000000000000,1517278,172.000000000000000,191347.000000000000000,41833,2595147,39335,1708625,80996,4112315
124,4/16/2021 15:00:00,37194,2440994,38723.000000000000000,1556001,23.000000000000000,191370.000000000000000,37217,2632364,38746,1747371,75940,4188255
125,4/17/2021 15:00:00,32778,2473772,21982.000000000000000,1577983,12.000000000000000,191382.000000000000000,32790,2665154,21994,1769365,54772,4243027
126,4/18/2021 15:00:00,20056,2493828,16173.000000000000000,1594156,5.000000000000000,191387.000000000000000,20061,2685215,16178,1785543,36234,4279261
127,4/19/2021 15:00:00,29882,2523710,36480.000000000000000,1630636,61.000000000000000,191448.000000000000000,29943,2715158,36541,1822084,66423,4345684
128,4/20/2021 15:00:00,33095,2556805,44175.000000000000000,1674811,56.000000000000000,191504.000000000000000,33151,2748309,44231,1866315,77326,4423010
129,4/21/2021 15:00:00,39795,2596600,46965.000000000000000,1721776,22.000000000000000,191526.000000000000000,39817,2788126,46987,1913302,86782,4509792
130,4/22/2021 15:00:00,36399,2632999,42020.000000000000000,1763796,16.000000000000000,191542.000000000000000,36415,2824541,42036,1955338,78435,4588227
131,4/23/2021 15:00:00,33114,2666113,40060.000000000000000,1803856,14.000000000000000,191556.000000000000000,33128,2857669,40074,1995412,73188,4661415
132,4/24/2021 15:00:00,26400,2692513,27841.000000000000000,1831697,81.000000000000000,191637.000000000000000,26481,2884150,27922,2023334,54322,4715737
133,4/25/2021 15:00:00,20214,2712727,10931.000000000000000,1842628,31.000000000000000,191668.000000000000000,20245,2904395,10962,2034296,31176,4746913
134,4/26/2021 15:00:00,27413,2740140,32649.000000000000000,1875277,202.000000000000000,191870.000000000000000,27615,2932010,32851,2067147,60264,4807177
135,4/27/2021 15:00:00,26687,2766827,32998.000000000000000,1908275,1098.000000000000000,192968.000000000000000,27785,2959795,34096,2101243,60783,4867960
136,4/28/2021 15:00:00,28920,2795747,39468.000000000000000,1947743,1362.000000000000000,194330.000000000000000,30282,2990077,40830,2142073,69750,4937710
137,4/29/2021 15:00:00,27294,2823041,39413.000000000000000,1987156,1465.000000000000000,195795.000000000000000,28759,3018836,40878,2182951,68172,5005882
138,4/30/2021 15:00:00,28189,2851230,32166.000000000000000,2019322,1646.000000000000000,197441.000000000000000,29835,3048671,33812,2216763,62001,5067883
139,5/1/2021 15:00:00,20510,2871740,26476.000000000000000,2045798,1034.000000000000000,198475.000000000000000,21544,3070215,27510,2244273,48020,5115903
140,5/2/2021 15:00:00,10277,2882017,17016.000000000000000,2062814,820.000000000000000,199295.000000000000000,11097,3081312,17836,2262109,28113,5144016
141,5/3/2021 15:00:00,12742,2894759,28516.000000000000000,2091330,1912.000000000000000,201207.000000000000000,14654,3095966,30428,2292537,43170,5187186
142,5/4/2021 15:00:00,13567,2908326,38528.000000000000000,2129858,1736.000000000000000,202943.000000000000000,15303,3111269,40264,2332801,53831,5241017
143,5/5/2021 15:00:00,19324,2927650,37683.000000000000000,2167541,1920.000000000000000,204863.000000000000000,21244,3132513,39603,2372404,58927,5299944
144,5/6/2021 15:00:00,16921,2944571,40542.000000000000000,2208083,1721.000000000000000,206584.000000000000000,18642,3151155,42263,2414667,59184,5359128
145,5/7/2021 15:00:00,17413,2961984,36025.000000000000000,2244108,1958.000000000000000,208542.000000000000000,19371,3170526,37983,2452650,55396,5414524
146,5/8/2021 15:00:00,10785,2972769,31200.000000000000000,2275308,1292.000000000000000,209834.000000000000000,12077,3182603,32492,2485142,43277,5457801
147,5/9/2021 15:00:00,5050,2977819,11908.000000000000000,2287216,695.000000000000000,210529.000000000000000,5745,3188348,12603,2497745,17653,5475454
148,5/10/2021 15:00:00,8950,2986769,31012.000000000000000,2318228,1360.000000000000000,211889.000000000000000,10310,3198658,32372,2530117,41322,5516776
149,5/11/2021 15:00:00,12188,2998957,30246.000000000000000,2348474,1437.000000000000000,213326.000000000000000,13625,3212283,31683,2561800,43871,5560647
150,5/12/2021 15:00:00,13942,3012899,38561.000000000000000,2387035,1919.000000000000000,215245.000000000000000,15861,3228144,40480,2602280,54422,5615069
151,5/13/2021 15:00:00,21851,3034750,33422.000000000000000,2420457,1347.000000000000000,216592.000000000000000,23198,3251342,34769,2637049,56620,5671689
152,5/14/2021 15:00:00,24349,3059099,29980.000000000000000,2450437,1774.000000000000000,218366.000000000000000,26123,3277465,31754,2668803,56103,5727792
153,5/15/2021 15:00:00,21901,3081000,25066.000000000000000,2475503,1490.000000000000000,219856.000000000000000,23391,3300856,26556,2695359,48457,5776249
154,5/16/2021 15:00:00,9076,3090076,17554.000000000000000,2493057,1113.000000000000000,220969.000000000000000,10189,3311045,18667,2714026,27743,5803992
155,5/17/2021 15:00:00,16843,3106919,28360.000000000000000,2521417,1949.000000000000000,222918.000000000000000,18792,3329837,30309,2744335,47152,5851144
156,5/18/2021 15:00:00,21243,3128162,30645.000000000000000,2552062,1941.000000000000000,224859.000000000000000,23184,3353021,32586,2776921,53829,5904973
157,5/19/2021 15:00:00,27621,3155783,32391.000000000000000,2584453,1626.000000000000000,226485.000000000000000,29247,3382268,34017,2810938,61638,5966611
158,5/20/2021 15:00:00,20794,3176577,33219.000000000000000,2617672,1970.000000000000000,228455.000000000000000,22764,3405032,35189,2846127,55983,6022594
159,5/21/2021 15:00:00,19161,3195738,30271.000000000000000,2647943,1608.000000000000000,230063.000000000000000,20769,3425801,31879,2878006,51040,6073634
160,5/22/2021 15:00:00,16918,3212656,20658.000000000000000,2668601,1270.000000000000000,231333.000000000000000,18188,3443989,21928,2899934,38846,6112480
161,5/23/2021 15:00:00,8752,3221408,11423.000000000000000,2680024,964.000000000000000,232297.000000000000000,9716,3453705,12387,2912321,21139,6133619
162,5/24/2021 15:00:00,13560,3234968,17735.000000000000000,2697759,1474.000000000000000,233771.000000000000000,15034,3468739,19209,2931530,32769,6166388
163,5/25/2021 15:00:00,12992,3247960,18660.000000000000000,2716419,1329.000000000000000,235100.000000000000000,14321,3483060,19989,2951519,32981,6199369
164,5/26/2021 15:00:00,18278,3266238,19440.000000000000000,2735859,1512.000000000000000,236612.000000000000000,19790,3502850,20952,2972471,39230,6238599
165,5/27/2021 15:00:00,11681,3277919,18629.000000000000000,2754488,1116.000000000000000,237728.000000000000000,12797,3515647,19745,2992216,31426,6270025
166,5/28/2021 15:00:00,12500,3290419,19713.000000000000000,2774201,1400.000000000000000,239128.000000000000000,13900,3529547,21113,3013329,33613,6303638
167,5/29/2021 15:00:00,9551,3299970,11638.000000000000000,2785839,935.000000000000000,240063.000000000000000,10486,3540033,12573,3025902,22124,6325762
168,5/30/2021 15:00:00,4964,3304934,6416.000000000000000,2792255,596.000000000000000,240659.000000000000000,5560,3545593,7012,3032914,11976,6337738
169,5/31/2021 15:00:00,1773,3306707,3705.000000000000000,2795960,305.000000000000000,240964.000000000000000,2078,3547671,4010,3036924,5783,6343521
170,6/1/2021 15:00:00,9778,3316485,16346.000000000000000,2812306,1153.000000000000000,242117.000000000000000,10931,3558602,17499,3054423,27277,6370798
171,6/2/2021 15:00:00,10226,3326711,16777.000000000000000,2829083,959.000000000000000,243076.000000000000000,11185,3569787,17736,3072159,27962,6398760
172,6/3/2021 15:00:00,7897,3334608,21153.000000000000000,2850236,1086.000000000000000,244162.000000000000000,8983,3578770,22239,3094398,30136,6428896
173,6/4/2021 15:00:00,8201,3342809,22263.000000000000000,2872499,1121.000000000000000,245283.000000000000000,9322,3588092,23384,3117782,31585,6460481
174,6/5/2021 15:00:00,7013,3349822,19412.000000000000000,2891911,720.000000000000000,246003.000000000000000,7733,3595825,20132,3137914,27145,6487626
175,6/6/2021 15:00:00,3464,3353286,7223.000000000000000,2899134,423.000000000000000,246426.000000000000000,3887,3599712,7646,3145560,11110,6498736
176,6/7/2021 15:00:00,6855,3360141,15735.000000000000000,2914869,724.000000000000000,247150.000000000000000,7579,3607291,16459,3162019,23314,6522050
177,6/8/2021 15:00:00,6669,3366810,19670.000000000000000,2934539,829.000000000000000,247979.000000000000000,7498,3614789,20499,3182518,27168,6549218
178,6/9/2021 15:00:00,8193,3375003,23910.000000000000000,2958449,969.000000000000000,248948.000000000000000,9162,3623951,24879,3207397,33072,6582290
179,6/10/2021 15:00:00,7147,3382150,19086.000000000000000,2977535,895.000000000000000,249843.000000000000000,8042,3631993,19981,3227378,27128,6609418
180,6/11/2021 15:00:00,7466,3389616,17700.000000000000000,2995235,1125.000000000000000,250968.000000000000000,8591,3640584,18825,3246203,26291,6635709
181,6/12/2021 15:00:00,5228,3394844,14739.000000000000000,3009974,604.000000000000000,251572.000000000000000,5832,3646416,15343,3261546,20571,6656280
182,6/13/2021 15:00:00,1931,3396775,7558.000000000000000,3017532,427.000000000000000,251999.000000000000000,2358,3648774,7985,3269531,9916,6666196
183,6/14/2021 15:00:00,5654,3402429,11802.000000000000000,3029334,734.000000000000000,252733.000000000000000,6388,3655162,12536,3282067,18190,6684386
184,6/15/2021 15:00:00,5651,3408080,14298.000000000000000,3043632,872.000000000000000,253605.000000000000000,6523,3661685,15170,3297237,20821,6705207
185,6/16/2021 15:00:00,8748,3416828,21556.000000000000000,3065188,757.000000000000000,254362.000000000000000,9505,3671190,22313,3319550,31061,6736268
186,6/17/2021 15:00:00,6683,3423511,12344.000000000000000,3077532,720.000000000000000,255082.000000000000000,7403,3678593,13064,3332614,19747,6756015
187,6/18/2021 15:00:00,6834,3430345,12699.000000000000000,3090231,704.000000000000000,255786.000000000000000,7538,3686131,13403,3346017,20237,6776252
188,6/19/2021 15:00:00,4661,3435006,9354.000000000000000,3099585,613.000000000000000,256399.000000000000000,5274,3691405,9967,3355984,14628,6790880
189,6/20/2021 15:00:00,2505,3437511,5037.000000000000000,3104622,378.000000000000000,256777.000000000000000,2883,3694288,5415,3361399,7920,6798800
190,6/21/2021 15:00:00,5555,3443066,5319.000000000000000,3109941,636.000000000000000,257413.000000000000000,6191,3700479,5955,3367354,11510,6810310
191,6/22/2021 15:00:00,5194,3448260,8850.000000000000000,3118791,682.000000000000000,258095.000000000000000,5876,3706355,9532,3376886,14726,6825036
192,6/23/2021 15:00:00,6063,3454323,10300.000000000000000,3129091,646.000000000000000,258741.000000000000000,6709,3713064,10946,3387832,17009,6842045
193,6/24/2021 15:00:00,5929,3460252,8183.000000000000000,3137274,594.000000000000000,259335.000000000000000,6523,3719587,8777,3396609,14706,6856751
194,6/25/2021 15:00:00,5828,3466080,8620.000000000000000,3145894,620.000000000000000,259955.000000000000000,6448,3726035,9240,3405849,15068,6871819
195,6/26/2021 15:00:00,3700,3469780,6292.000000000000000,3152186,396.000000000000000,260351.000000000000000,4096,3730131,6688,3412537,10388,6882207
196,6/27/2021 15:00:00,2810,3472590,3516.000000000000000,3155702,185.000000000000000,260536.000000000000000,2995,3733126,3701,3416238,6511,6888718
197,6/28/2021 15:00:00,4733,3477323,6084.000000000000000,3161786,523.000000000000000,261059.000000000000000,5256,3738382,6607,3422845,11340,6900058
198,6/29/2021 15:00:00,5058,3482381,6450.000000000000000,3168236,519.000000000000000,261578.000000000000000,5577,3743959,6969,3429814,12027,6912085
199,6/30/2021 15:00:00,5607,3487988,7367.000000000000000,3175603,605.000000000000000,262183.000000000000000,6212,3750171,7972,3437786,13579,6925664
200,7/1/2021 15:00:00,5353,3493341,6923.000000000000000,3182526,495.000000000000000,262678.000000000000000,5848,3756019,7418,3445204,12771,6938435
201,7/2/2021 15:00:00,5282,3498623,6816.000000000000000,3189342,521.000000000000000,263199.000000000000000,5803,3761822,7337,3452541,12619,6951054
202,7/3/2021 15:00:00,3262,3501885,4053.000000000000000,3193395,265.000000000000000,263464.000000000000000,3527,3765349,4318,3456859,7580,6958634
203,7/4/2021 15:00:00,492,3502377,545.000000000000000,3193940,67.000000000000000,263531.000000000000000,559,3765908,612,3457471,1104,6959738
204,7/5/2021 15:00:00,3759,3506136,3945.000000000000000,3197885,287.000000000000000,263818.000000000000000,4046,3769954,4232,3461703,7991,6967729
205,7/6/2021 15:00:00,4479,3510615,6235.000000000000000,3204120,452.000000000000000,264270.000000000000000,4931,3774885,6687,3468390,11166,6978895
206,7/7/2021 15:00:00,4458,3515073,6385.000000000000000,3210505,482.000000000000000,264752.000000000000000,4940,3779825,6867,3475257,11325,6990220
207,7/8/2021 15:00:00,4826,3519899,6144.000000000000000,3216649,564.000000000000000,265316.000000000000000,5390,3785215,6708,3481965,11534,7001754
208,7/9/2021 15:00:00,5347,3525246,6633.000000000000000,3223282,572.000000000000000,265888.000000000000000,5919,3791134,7205,3489170,12552,7014306
209,7/10/2021 15:00:00,3523,3528769,4385.000000000000000,3227667,302.000000000000000,266190.000000000000000,3825,3794959,4687,3493857,8210,7022516
210,7/11/2021 15:00:00,2669,3531438,2564.000000000000000,3230231,224.000000000000000,266414.000000000000000,2893,3797852,2788,3496645,5457,7027973
211,7/12/2021 15:00:00,4414,3535852,5099.000000000000000,3235330,377.000000000000000,266791.000000000000000,4791,3802643,5476,3502121,9890,7037863
212,7/13/2021 15:00:00,4761,3540613,4594.000000000000000,3239924,366.000000000000000,267157.000000000000000,5127,3807770,4960,3507081,9721,7047584
213,7/14/2021 15:00:00,4610,3545223,5251.000000000000000,3245175,421.000000000000000,267578.000000000000000,5031,3812801,5672,3512753,10282,7057866
214,7/15/2021 15:00:00,4883,3550106,4992.000000000000000,3250167,357.000000000000000,267935.000000000000000,5240,3818041,5349,3518102,10232,7068098
215,7/16/2021 15:00:00,6279,3556385,5813.000000000000000,3255980,401.000000000000000,268336.000000000000000,6680,3824721,6214,3524316,12493,7080591
216,7/17/2021 15:00:00,3409,3559794,3541.000000000000000,3259521,300.000000000000000,268636.000000000000000,3709,3828430,3841,3528157,7250,7087841
217,7/18/2021 15:00:00,2305,3562099,2370.000000000000000,3261891,110.000000000000000,268746.000000000000000,2415,3830845,2480,3530637,4785,7092626
218,7/19/2021 15:00:00,5256,3567355,4469.000000000000000,3266360,379.000000000000000,269125.000000000000000,5635,3836480,4848,3535485,10104,7102730
219,7/20/2021 15:00:00,5327,3572682,4685.000000000000000,3271045,366.000000000000000,269491.000000000000000,5693,3842173,5051,3540536,10378,7113108
220,7/21/2021 15:00:00,5637,3578319,4912.000000000000000,3275957,415.000000000000000,269906.000000000000000,6052,3848225,5327,3545863,10964,7124072
221,7/22/2021 15:00:00,6012,3584331,4605.000000000000000,3280562,469.000000000000000,270375.000000000000000,6481,3854706,5074,3550937,11086,7135158
222,7/23/2021 15:00:00,6833,3591164,4820.000000000000000,3285382,491.000000000000000,270866.000000000000000,7324,3862030,5311,3556248,12144,7147302
223,7/24/2021 15:00:00,4277,3595441,3194.000000000000000,3288576,267.000000000000000,271133.000000000000000,4544,3866574,3461,3559709,7738,7155040
224,7/25/2021 15:00:00,3290,3598731,1111.000000000000000,3289687,138.000000000000000,271271.000000000000000,3428,3870002,1249,3560958,4539,7159579
225,7/26/2021 15:00:00,6197,3604928,3888.000000000000000,3293575,418.000000000000000,271689.000000000000000,6615,3876617,4306,3565264,10503,7170082
226,7/27/2021 15:00:00,6347,3611275,4052.000000000000000,3297627,455.000000000000000,272144.000000000000000,6802,3883419,4507,3569771,10854,7180936
227,7/28/2021 15:00:00,6801,3618076,3999.000000000000000,3301626,458.000000000000000,272602.000000000000000,7259,3890678,4457,3574228,11258,7192194
228,7/29/2021 15:00:00,6801,3624877,4141.000000000000000,3305767,416.000000000000000,273018.000000000000000,7217,3897895,4557,3578785,11358,7203552
229,7/30/2021 15:00:00,7537,3632414,4508.000000000000000,3310275,523.000000000000000,273541.000000000000000,8060,3905955,5031,3583816,12568,7216120
230,7/31/2021 15:00:00,4781,3637195,3037.000000000000000,3313312,273.000000000000000,273814.000000000000000,5054,3911009,3310,3587126,8091,7224211
231,8/1/2021 15:00:00,3831,3641026,2118.000000000000000,3315430,160.000000000000000,273974.000000000000000,3991,3915000,2278,3589404,6109,7230320
232,8/2/2021 15:00:00,7021,3648047,3636.000000000000000,3319066,336.000000000000000,274310.000000000000000,7357,3922357,3972,3593376,10993,7241313
233,8/3/2021 15:00:00,7001,3655048,3894.000000000000000,3322960,511.000000000000000,274821.000000000000000,7512,3929869,4405,3597781,11406,7252719
234,8/4/2021 15:00:00,7157,3662205,3894.000000000000000,3326854,528.000000000000000,275349.000000000000000,7685,3937554,4422,3602203,11579,7264298
235,8/5/2021 15:00:00,7678,3669883,4111.000000000000000,3330965,537.000000000000000,275886.000000000000000,8215,3945769,4648,3606851,12326,7276624
236,8/6/2021 15:00:00,8294,3678177,4689.000000000000000,3335654,452.000000000000000,276338.000000000000000,8746,3954515,5141,3611992,13435,7290059
237,8/7/2021 15:00:00,5256,3683433,2803.000000000000000,3338457,264.000000000000000,276602.000000000000000,5520,3960035,3067,3615059,8323,7298382
238,8/8/2021 15:00:00,3944,3687377,2042.000000000000000,3340499,143.000000000000000,276745.000000000000000,4087,3964122,2185,3617244,6129,7304511
239,8/9/2021 15:00:00,6920,3694297,4509.000000000000000,3345008,367.000000000000000,277112.000000000000000,7287,3971409,4876,3622120,11796,7316307
240,8/10/2021 15:00:00,7121,3701418,4440.000000000000000,3349448,338.000000000000000,277450.000000000000000,7459,3978868,4778,3626898,11899,7328206
241,8/11/2021 15:00:00,7043,3708461,4419.000000000000000,3353867,440.000000000000000,277890.000000000000000,7483,3986351,4859,3631757,11902,7340108
242,8/12/2021 15:00:00,8592,3717053,4717.000000000000000,3358584,443.000000000000000,278333.000000000000000,9035,3995386,5160,3636917,13752,7353860
243,8/13/2021 15:00:00,7130,3724183,5352.000000000000000,3363936,394.000000000000000,278727.000000000000000,7524,4002910,5746,3642663,12876,7366736
244,8/14/2021 15:00:00,4911,3729094,3337.000000000000000,3367273,285.000000000000000,279012.000000000000000,5196,4008106,3622,3646285,8533,7375269
245,8/15/2021 15:00:00,3320,3732414,2729.000000000000000,3370002,163.000000000000000,279175.000000000000000,3483,4011589,2892,3649177,6212,7381481
246,8/16/2021 15:00:00,5433,3737847,5070.000000000000000,3375072,352.000000000000000,279527.000000000000000,5785,4017374,5422,3654599,10855,7392336
247,8/17/2021 15:00:00,6959,3744806,5174.000000000000000,3380246,389.000000000000000,279916.000000000000000,7348,4024722,5563,3660162,12522,7404858
248,8/18/2021 15:00:00,6499,3751305,5292.000000000000000,3385538,477.000000000000000,280393.000000000000000,6976,4031698,5769,3665931,12268,7417126
249,8/19/2021 15:00:00,5988,3757293,5314.000000000000000,3390852,415.000000000000000,280808.000000000000000,6403,4038101,5729,3671660,11717,7428843
250,8/20/2021 15:00:00,7029,3764322,6321.000000000000000,3397173,402.000000000000000,281210.000000000000000,7431,4045532,6723,3678383,13752,7442595
251,8/21/2021 15:00:00,4318,3768640,3914.000000000000000,3401087,227.000000000000000,281437.000000000000000,4545,4050077,4141,3682524,8459,7451054
252,8/22/2021 15:00:00,3060,3771700,3158.000000000000000,3404245,110.000000000000000,281547.000000000000000,3170,4053247,3268,3685792,6328,7457382
253,8/23/2021 15:00:00,6167,3777867,5914.000000000000000,3410159,285.000000000000000,281832.000000000000000,6452,4059699,6199,3691991,12366,7469748
254,8/24/2021 15:00:00,6645,3784512,5867.000000000000000,3416026,424.000000000000000,282256.000000000000000,7069,4066768,6291,3698282,12936,7482684
255,8/25/2021 15:00:00,6912,3791424,6013.000000000000000,3422039,439.000000000000000,282695.000000000000000,7351,4074119,6452,3704734,13364,7496048
256,8/26/2021 15:00:00,7179,3798603,6425.000000000000000,3428464,427.000000000000000,283122.000000000000000,7606,4081725,6852,3711586,14031,7510079
257,8/27/2021 15:00:00,6867,3805470,7012.000000000000000,3435476,316.000000000000000,283438.000000000000000,7183,4088908,7328,3718914,14195,7524274
258,8/28/2021 15:00:00,6906,3812376,6494.000000000000000,3441970,325.000000000000000,283763.000000000000000,7231,4096139,6819,3725733,13725,7537999
259,8/29/2021 15:00:00,3736,3816112,3676.000000000000000,3445646,611.000000000000000,284374.000000000000000,4347,4100486,4287,3730020,8023,7546022
260,8/30/2021 15:00:00,5942,3822054,6092.000000000000000,3451738,960.000000000000000,285334.000000000000000,6902,4107388,7052,3737072,12994,7559016
261,8/31/2021 15:00:00,5700,3827754,5914.000000000000000,3457652,945.000000000000000,286279.000000000000000,6645,4114033,6859,3743931,12559,7571575
262,9/1/2021 15:00:00,5560,3833314,5588.000000000000000,3463240,910.000000000000000,287189.000000000000000,6470,4120503,6498,3750429,12058,7583633
263,9/2/2021 15:00:00,5524,3838838,5897.000000000000000,3469137,703.000000000000000,287892.000000000000000,6227,4126730,6600,3757029,12124,7595757
264,9/3/2021 15:00:00,6000,3844838,6880.000000000000000,3476017,971.000000000000000,288863.000000000000000,6971,4133701,7851,3764880,13851,7609608
265,9/4/2021 15:00:00,3716,3848554,4333.000000000000000,3480350,879.000000000000000,289742.000000000000000,4595,4138296,5212,3770092,8928,7618536
266,9/5/2021 15:00:00,2956,3851510,2800.000000000000000,3483150,105.000000000000000,289847.000000000000000,3061,4141357,2905,3772997,5861,7624397
267,9/6/2021 15:00:00,1056,3852566,1148.000000000000000,3484298,63.000000000000000,289910.000000000000000,1119,4142476,1211,3774208,2267,7626664
268,9/7/2021 15:00:00,5343,3857909,7257.000000000000000,3491555,2304.000000000000000,292214.000000000000000,7647,4150123,9561,3783769,14904,7641568
269,9/8/2021 15:00:00,4664,3862573,5439.000000000000000,3496994,365.000000000000000,292579.000000000000000,5029,4155152,5804,3789573,10468,7652036
270,9/9/2021 15:00:00,5085,3867658,5357.000000000000000,3502351,324.000000000000000,292903.000000000000000,5409,4160561,5681,3795254,10766,7662802
271,9/10/2021 15:00:00,6545,3874203,6594.000000000000000,3508945,1716.000000000000000,294619.000000000000000,8261,4168822,8310,3803564,14855,7677657
272,9/11/2021 15:00:00,4167,3878370,4320.000000000000000,3513265,663.000000000000000,295282.000000000000000,4830,4173652,4983,3808547,9150,7686807
273,9/12/2021 15:00:00,3164,3881534,3229.000000000000000,3516494,436.000000000000000,295718.000000000000000,3600,4177252,3665,3812212,6829,7693636
274,9/13/2021 15:00:00,4669,3886203,4844.000000000000000,3521338,346.000000000000000,296064.000000000000000,5015,4182267,5190,3817402,9859,7703495
275,9/14/2021 15:00:00,4584,3890787,5192.000000000000000,3526530,434.000000000000000,296498.000000000000000,5018,4187285,5626,3823028,10210,7713705
276,9/15/2021 15:00:00,4849,3895636,5604.000000000000000,3532134,388.000000000000000,296886.000000000000000,5237,4192522,5992,3829020,10841,7724546
277,9/16/2021 15:00:00,4588,3900224,5613.000000000000000,3537747,335.000000000000000,297221.000000000000000,4923,4197445,5948,3834968,10536,7735082
278,9/17/2021 15:00:00,5042,3905266,6331.000000000000000,3544078,342.000000000000000,297563.000000000000000,5384,4202829,6673,3841641,11715,7746797
279,9/18/2021 15:00:00,3788,3909054,4559.000000000000000,3548637,185.000000000000000,297748.000000000000000,3973,4206802,4744,3846385,8532,7755329
280,9/19/2021 15:00:00,2742,3911796,3157.000000000000000,3551794,75.000000000000000,297823.000000000000000,2817,4209619,3232,3849617,5974,7761303
281,9/20/2021 15:00:00,3559,3915355,4467.000000000000000,3556261,430.000000000000000,298253.000000000000000,3989,4213608,4897,3854514,8456,7769759
282,9/21/2021 15:00:00,3808,3919163,4811.000000000000000,3561072,326.000000000000000,298579.000000000000000,4134,4217742,5137,3859651,8945,7778704
283,9/22/2021 15:00:00,4201,3923364,4750.000000000000000,3565822,459.000000000000000,299038.000000000000000,4660,4222402,5209,3864860,9410,7788114
284,9/23/2021 15:00:00,4184,3927548,4692.000000000000000,3570514,492.000000000000000,299530.000000000000000,4676,4227078,5184,3870044,9368,7797482
285,9/24/2021 15:00:00,5090,3932638,5577.000000000000000,3576091,422.000000000000000,299952.000000000000000,5512,4232590,5999,3876043,11089,7808571
286,9/25/2021 15:00:00,3628,3936266,3623.000000000000000,3579714,385.000000000000000,300337.000000000000000,4013,4236603,4008,3880051,7636,7816207
287,9/26/2021 15:00:00,2360,3938626,2658.000000000000000,3582372,423.000000000000000,300760.000000000000000,2783,4239386,3081,3883132,5441,7821648
288,9/27/2021 15:00:00,4516,3943142,2691.000000000000000,3585063,509.000000000000000,301269.000000000000000,5025,4244411,3200,3886332,7716,7829364
289,9/28/2021 15:00:00,4407,3947549,4439.000000000000000,3589502,211.000000000000000,301480.000000000000000,4618,4249029,4650,3890982,9057,7838421
290,9/29/2021 15:00:00,4708,3952257,4500.000000000000000,3594002,918.000000000000000,302398.000000000000000,5626,4254655,5418,3896400,10126,7848547
291,9/30/2021 15:00:00,4888,3957145,4557.000000000000000,3598559,792.000000000000000,303190.000000000000000,5680,4260335,5349,3901749,10237,7858784
292,10/1/2021 15:00:00,5483,3962628,5291.000000000000000,3603850,779.000000000000000,303969.000000000000000,6262,4266597,6070,3907819,11553,7870337
293,10/2/2021 15:00:00,2939,3965567,2889.000000000000000,3606739,187.000000000000000,304156.000000000000000,3126,4269723,3076,3910895,6015,7876352
294,10/3/2021 15:00:00,2082,3967649,2376.000000000000000,3609115,86.000000000000000,304242.000000000000000,2168,4271891,2462,3913357,4544,7880896
295,10/4/2021 15:00:00,4156,3971805,3370.000000000000000,3612485,232.000000000000000,304474.000000000000000,4388,4276279,3602,3916959,7758,7888654
296,10/5/2021 15:00:00,4058,3975863,3571.000000000000000,3616056,207.000000000000000,304681.000000000000000,4265,4280544,3778,3920737,7836,7896490
297,10/6/2021 15:00:00,4125,3979988,3490.000000000000000,3619546,264.000000000000000,304945.000000000000000,4389,4284933,3754,3924491,7879,7904369
298,10/7/2021 15:00:00,4371,3984359,3508.000000000000000,3623054,331.000000000000000,305276.000000000000000,4702,4289635,3839,3928330,8210,7912579
299,10/8/2021 15:00:00,4949,3989308,4121.000000000000000,3627175,283.000000000000000,305559.000000000000000,5232,4294867,4404,3932734,9353,7921932
300,10/9/2021 15:00:00,2687,3991995,2671.000000000000000,3629846,271.000000000000000,305830.000000000000000,2958,4297825,2942,3935676,5629,7927561
301,10/10/2021 15:00:00,1865,3993860,1845.000000000000000,3631691,59.000000000000000,305889.000000000000000,1924,4299749,1904,3937580,3769,7931330
302,10/11/2021 15:00:00,4372,3998232,3190.000000000000000,3634881,248.000000000000000,306137.000000000000000,4620,4304369,3438,3941018,7810,7939140
303,10/12/2021 15:00:00,3727,4001959,3406.000000000000000,3638287,270.000000000000000,306407.000000000000000,3997,4308366,3676,3944694,7403,7946543
304,10/13/2021 15:00:00,3982,4005941,3444.000000000000000,3641731,347.000000000000000,306754.000000000000000,4329,4312695,3791,3948485,7773,7954316
305,10/14/2021 15:00:00,5188,4011129,5476.000000000000000,3647207,429.000000000000000,307183.000000000000000,5617,4318312,5905,3954390,11093,7965409
306,10/15/2021 15:00:00,4734,4015863,4582.000000000000000,3651789,347.000000000000000,307530.000000000000000,5081,4323393,4929,3959319,9663,7975072
307,10/16/2021 15:00:00,2504,4018367,2502.000000000000000,3654291,291.000000000000000,307821.000000000000000,2795,4326188,2793,3962112,5297,7980369
308,10/17/2021 15:00:00,1809,4020176,1774.000000000000000,3656065,55.000000000000000,307876.000000000000000,1864,4328052,1829,3963941,3638,7984007
309,10/18/2021 15:00:00,4312,4024488,3569.000000000000000,3659634,267.000000000000000,308143.000000000000000,4579,4332631,3836,3967777,8148,7992155
310,10/19/2021 15:00:00,4323,4028811,4033.000000000000000,3663667,222.000000000000000,308365.000000000000000,4545,4337176,4255,3972032,8578,8000733
311,10/20/2021 15:00:00,3546,4032357,3426.000000000000000,3667093,254.000000000000000,308619.000000000000000,3800,4340976,3680,3975712,7226,8007959
312,10/21/2021 15:00:00,3312,4035669,3261.000000000000000,3670354,290.000000000000000,308909.000000000000000,3602,4344578,3551,3979263,6863,8014822
313,10/22/2021 15:00:00,4701,4040370,4041.000000000000000,3674395,475.000000000000000,309384.000000000000000,5176,4349754,4516,3983779,9217,8024039
314,10/23/2021 15:00:00,2905,4043275,2126.000000000000000,3676521,321.000000000000000,309705.000000000000000,3226,4352980,2447,3986226,5352,8029391
315,10/24/2021 15:00:00,2061,4045336,1560.000000000000000,3678081,78.000000000000000,309783.000000000000000,2139,4355119,1638,3987864,3699,8033090
316,10/25/2021 15:00:00,4554,4049890,3116.000000000000000,3681197,317.000000000000000,310100.000000000000000,4871,4359990,3433,3991297,7987,8041077
317,10/26/2021 15:00:00,4521,4054411,3145.000000000000000,3684342,311.000000000000000,310411.000000000000000,4832,4364822,3456,3994753,7977,8049054
318,10/27/2021 15:00:00,4744,4059155,3397.000000000000000,3687739,429.000000000000000,310840.000000000000000,5173,4369995,3826,3998579,8570,8057624
319,10/28/2021 15:00:00,4569,4063724,3433.000000000000000,3691172,495.000000000000000,311335.000000000000000,5064,4375059,3928,4002507,8497,8066121
320,10/29/2021 15:00:00,4980,4068704,3947.000000000000000,3695119,393.000000000000000,311728.000000000000000,5373,4380432,4340,4006847,9320,8075441
321,10/30/2021 15:00:00,2631,4071335,1858.000000000000000,3696977,308.000000000000000,312036.000000000000000,2939,4383371,2166,4009013,4797,8080238
322,10/31/2021 15:00:00,1952,4073287,1515.000000000000000,3698492,93.000000000000000,312129.000000000000000,2045,4385416,1608,4010621,3560,8083798
323,11/1/2021 15:00:00,4654,4077941,3478.000000000000000,3701970,339.000000000000000,312468.000000000000000,4993,4390409,3817,4014438,8471,8092269
324,11/2/2021 15:00:00,4252,4082193,3028.000000000000000,3704998,405.000000000000000,312873.000000000000000,4657,4395066,3433,4017871,7685,8099954
325,11/3/2021 15:00:00,4671,4086864,3132.000000000000000,3708130,460.000000000000000,313333.000000000000000,5131,4400197,3592,4021463,8263,8108217
326,11/4/2021 15:00:00,6293,4093157,3424.000000000000000,3711554,513.000000000000000,313846.000000000000000,6806,4407003,3937,4025400,10230,8118447
327,11/5/2021 15:00:00,8184,4101341,3842.000000000000000,3715396,407.000000000000000,314253.000000000000000,8591,4415594,4249,4029649,12433,8130880
328,11/6/2021 15:00:00,10059,4111400,1994.000000000000000,3717390,305.000000000000000,314558.000000000000000,10364,4425958,2299,4031948,12358,8143238
329,11/7/2021 15:00:00,7693,4119093,1477.000000000000000,3718867,94.000000000000000,314652.000000000000000,7787,4433745,1571,4033519,9264,8152502
330,11/8/2021 15:00:00,11278,4130371,3110.000000000000000,3721977,378.000000000000000,315030.000000000000000,11656,4445401,3488,4037007,14766,8167268
331,11/9/2021 15:00:00,11762,4142133,2713.000000000000000,3724690,268.000000000000000,315298.000000000000000,12030,4457431,2981,4039988,14743,8182011
332,11/10/2021 15:00:00,12553,4154686,2833.000000000000000,3727523,337.000000000000000,315635.000000000000000,12890,4470321,3170,4043158,15723,8197734
333,11/11/2021 15:00:00,11322,4166008,2464.000000000000000,3729987,281.000000000000000,315916.000000000000000,11603,4481924,2745,4045903,14067,8211801
334,11/12/2021 15:00:00,12244,4178252,3440.000000000000000,3733427,548.000000000000000,316464.000000000000000,12792,4494716,3988,4049891,16232,8228033
335,11/13/2021 15:00:00,9728,4187980,1602.000000000000000,3735029,341.000000000000000,316805.000000000000000,10069,4504785,1943,4051834,11671,8239704
336,11/14/2021 15:00:00,3916,4191896,1132.000000000000000,3736161,121.000000000000000,316926.000000000000000,4037,4508822,1253,4053087,5169,8244873
337,11/15/2021 15:00:00,8592,4200488,2620.000000000000000,3738781,205.000000000000000,317131.000000000000000,8797,4517619,2825,4055912,11417,8256290
338,11/16/2021 15:00:00,9220,4209708,2599.000000000000000,3741380,255.000000000000000,317386.000000000000000,9475,4527094,2854,4058766,12074,8268364
339,11/17/2021 15:00:00,9367,4219075,2961.000000000000000,3744341,312.000000000000000,317698.000000000000000,9679,4536773,3273,4062039,12640,8281004
340,11/18/2021 15:00:00,9270,4228345,2710.000000000000000,3747051,480.000000000000000,318178.000000000000000,9750,4546523,3190,4065229,12460,8293464
341,11/19/2021 15:00:00,9781,4238126,3017.000000000000000,3750068,383.000000000000000,318561.000000000000000,10164,4556687,3400,4068629,13181,8306645
342,11/20/2021 15:00:00,10623,4248749,1619.000000000000000,3751687,453.000000000000000,319014.000000000000000,11076,4567763,2072,4070701,12695,8319340
343,11/21/2021 15:00:00,4352,4253101,1207.000000000000000,3752894,99.000000000000000,319113.000000000000000,4451,4572214,1306,4072007,5658,8324998
344,11/22/2021 15:00:00,9769,4262870,2573.000000000000000,3755467,292.000000000000000,319405.000000000000000,10061,4582275,2865,4074872,12634,8337632
345,11/23/2021 15:00:00,9166,4272036,2497.000000000000000,3757964,280.000000000000000,319685.000000000000000,9446,4591721,2777,4077649,11943,8349575
346,11/24/2021 15:00:00,8098,4280134,2539.000000000000000,3760503,216.000000000000000,319901.000000000000000,8314,4600035,2755,4080404,10853,8360428
347,11/25/2021 15:00:00,238,4280372,77.000000000000000,3760580,9.000000000000000,319910.000000000000000,247,4600282,86,4080490,324,8360752
348,11/26/2021 15:00:00,5677,4286049,4049.000000000000000,3764629,152.000000000000000,320062.000000000000000,5829,4606111,4201,4084691,9878,8370630
349,11/27/2021 15:00:00,3784,4289833,5445.000000000000000,3770074,134.000000000000000,320196.000000000000000,3918,4610029,5579,4090270,9363,8379993
350,11/28/2021 15:00:00,2424,4292257,6360.000000000000000,3776434,77.000000000000000,320273.000000000000000,2501,4612530,6437,4096707,8861,8388854
351,11/29/2021 15:00:00,6364,4298621,9311.000000000000000,3785745,379.000000000000000,320652.000000000000000,6743,4619273,9690,4106397,16054,8404908
352,11/30/2021 15:00:00,6181,4304802,9332.000000000000000,3795077,264.000000000000000,320916.000000000000000,6445,4625718,9596,4115993,15777,8420685
353,12/1/2021 15:00:00,7172,4311974,9601.000000000000000,3804678,305.000000000000000,321221.000000000000000,7477,4633195,9906,4125899,17078,8437763
354,12/2/2021 15:00:00,6811,4318785,8746.000000000000000,3813424,447.000000000000000,321668.000000000000000,7258,4640453,9193,4135092,16004,8453767
355,12/3/2021 15:00:00,7445,4326230,9004.000000000000000,3822428,247.000000000000000,321915.000000000000000,7692,4648145,9251,4144343,16696,8470463
356,12/4/2021 15:00:00,5834,4332064,9549.000000000000000,3831977,456.000000000000000,322371.000000000000000,6290,4654435,10005,4154348,15839,8486302
357,12/5/2021 15:00:00,3358,4335422,3066.000000000000000,3835043,74.000000000000000,322445.000000000000000,3432,4657867,3140,4157488,6498,8492800
358,12/6/2021 15:00:00,6490,4341912,6923.000000000000000,3841966,266.000000000000000,322711.000000000000000,6756,4664623,7189,4164677,13679,8506479
359,12/7/2021 15:00:00,6138,4348050,6698.000000000000000,3848664,240.000000000000000,322951.000000000000000,6378,4671001,6938,4171615,13076,8519555
360,12/8/2021 15:00:00,6657,4354707,7107.000000000000000,3855771,309.000000000000000,323260.000000000000000,6966,4677967,7416,4179031,14073,8533628
361,12/9/2021 15:00:00,6223,4360930,6747.000000000000000,3862518,394.000000000000000,323654.000000000000000,6617,4684584,7141,4186172,13364,8546992
362,12/10/2021 15:00:00,6927,4367857,7038.000000000000000,3869556,226.000000000000000,323880.000000000000000,7153,4691737,7264,4193436,14191,8561183
363,12/11/2021 15:00:00,4287,4372144,7170.000000000000000,3876726,330.000000000000000,324210.000000000000000,4617,4696354,7500,4200936,11787,8572970
364,12/12/2021 15:00:00,3949,4376093,2761.000000000000000,3879487,57.000000000000000,324267.000000000000000,4006,4700360,2818,4203754,6767,8579737
365,12/13/2021 15:00:00,5511,4381604,5587.000000000000000,3885074,236.000000000000000,324503.000000000000000,5747,4706107,5823,4209577,11334,8591071
366,12/14/2021 15:00:00,6203,4387807,5773.000000000000000,3890847,203.000000000000000,324706.000000000000000,6406,4712513,5976,4215553,12179,8603250
367,12/15/2021 15:00:00,6820,4394627,5467.000000000000000,3896314,241.000000000000000,324947.000000000000000,7061,4719574,5708,4221261,12528,8615778
368,12/16/2021 15:00:00,7535,4402162,2746.000000000000000,3899060,414.000000000000000,325361.000000000000000,7949,4727523,3160,4224421,10695,8626473
369,12/17/2021 15:00:00,7471,4409633,3999.000000000000000,3903059,174.000000000000000,325535.000000000000000,7645,4735168,4173,4228594,11644,8638117
370,12/18/2021 15:00:00,5614,4415247,3073.000000000000000,3906132,294.000000000000000,325829.000000000000000,5908,4741076,3367,4231961,8981,8647098
371,12/19/2021 15:00:00,3307,4418554,1283.000000000000000,3907415,35.000000000000000,325864.000000000000000,3342,4744418,1318,4233279,4625,8651723
372,12/20/2021 15:00:00,7790,4426344,3667.000000000000000,3911082,149.000000000000000,326013.000000000000000,7939,4752357,3816,4237095,11606,8663329
373,12/21/2021 15:00:00,8617,4434961,4088.000000000000000,3915170,158.000000000000000,326171.000000000000000,8775,4761132,4246,4241341,12863,8676192
374,12/22/2021 15:00:00,8216,4443177,3733.000000000000000,3918903,169.000000000000000,326340.000000000000000,8385,4769517,3902,4245243,12118,8688310
375,12/23/2021 15:00:00,8001,4451178,3429.000000000000000,3922332,350.000000000000000,326690.000000000000000,8351,4777868,3779,4249022,11780,8700090
376,12/24/2021 15:00:00,1547,4452725,984.000000000000000,3923316,36.000000000000000,326726.000000000000000,1583,4779451,1020,4250042,2567,8702657
377,12/25/2021 15:00:00,47,4452772,36.000000000000000,3923352,1.000000000000000,326727.000000000000000,48,4779499,37,4250079,84,8702741
378,12/26/2021 15:00:00,2448,4455220,1677.000000000000000,3925029,44.000000000000000,326771.000000000000000,2492,4781991,1721,4251800,4169,8706910
379,12/27/2021 15:00:00,6906,4462126,3835.000000000000000,3928864,293.000000000000000,327064.000000000000000,7199,4789190,4128,4255928,11034,8717944
380,12/28/2021 15:00:00,7382,4469508,3573.000000000000000,3932437,154.000000000000000,327218.000000000000000,7536,4796726,3727,4259655,11109,8729053
381,12/29/2021 15:00:00,7667,4477175,3768.000000000000000,3936205,149.000000000000000,327367.000000000000000,7816,4804542,3917,4263572,11584,8740637
382,12/30/2021 15:00:00,6928,4484103,3507.000000000000000,3939712,277.000000000000000,327644.000000000000000,7205,4811747,3784,4267356,10712,8751349
383,12/31/2021 15:00:00,2389,4486492,1435.000000000000000,3941147,87.000000000000000,327731.000000000000000,2476,4814223,1522,4268878,3911,8755260
384,1/1/2022 15:00:00,615,4487107,295.000000000000000,3941442,31.000000000000000,327762.000000000000000,646,4814869,326,4269204,941,8756201
385,1/2/2022 15:00:00,2091,4489198,1557.000000000000000,3942999,42.000000000000000,327804.000000000000000,2133,4817002,1599,4270803,3690,8759891
386,1/3/2022 15:00:00,3136,4492334,1883.000000000000000,3944882,216.000000000000000,328020.000000000000000,3352,4820354,2099,4272902,5235,8765126
387,1/4/2022 15:00:00,5276,4497610,3102.000000000000000,3947984,153.000000000000000,328173.000000000000000,5429,4825783,3255,4276157,8531,8773657
388,1/5/2022 15:00:00,3183,4500793,2454.000000000000000,3950438,107.000000000000000,328280.000000000000000,3290,4829073,2561,4278718,5744,8779401