OBJECTID,VACCINATION_DATE,FirstDailyDose,FirstDoseCumulative,SecondDailyDose,SecondDoseCumulative,SingleDailyDose,SingleDoseCumulative,AtleastOneVaccine,AtleastOneVaccineCumulative,CompletedVax,CompletedVaxCumulative,FirstSecondSingleVaccination_12,FirstSecondSingleVaccination_13
1,12/14/2020 15:00:00,19,1455,,533,,,19,1455,0,533,19,1895
2,12/15/2020 15:00:00,62,1517,3.000000000000000,536,,,62,1517,3,536,65,1960
3,12/16/2020 15:00:00,597,2114,5.000000000000000,541,,,597,2114,5,541,602,2562
4,12/17/2020 15:00:00,1165,3279,8.000000000000000,549,,,1165,3279,8,549,1173,3735
5,12/18/2020 15:00:00,3029,6308,12.000000000000000,561,,,3029,6308,12,561,3041,6776
6,12/19/2020 15:00:00,929,7237,7.000000000000000,568,,,929,7237,7,568,936,7712
7,12/20/2020 15:00:00,367,7604,6.000000000000000,574,,,367,7604,6,574,373,8085
8,12/21/2020 15:00:00,3896,11500,26.000000000000000,600,,,3896,11500,26,600,3922,12007
9,12/22/2020 15:00:00,6325,17825,30.000000000000000,630,,,6325,17825,30,630,6355,18362
10,12/23/2020 15:00:00,5791,23616,38.000000000000000,668,,,5791,23616,38,668,5829,24191
11,12/24/2020 15:00:00,2729,26345,15.000000000000000,683,,,2729,26345,15,683,2744,26935
12,12/25/2020 15:00:00,1035,27380,4.000000000000000,687,,,1035,27380,4,687,1039,27974
13,12/26/2020 15:00:00,1885,29265,10.000000000000000,697,,,1885,29265,10,697,1895,29869
14,12/27/2020 15:00:00,1803,31068,12.000000000000000,709,,,1803,31068,12,709,1815,31684
15,12/28/2020 15:00:00,8994,40062,50.000000000000000,759,,,8994,40062,50,759,9044,40728
16,12/29/2020 15:00:00,10978,51040,53.000000000000000,812,,,10978,51040,53,812,11031,51759
17,12/30/2020 15:00:00,12504,63544,93.000000000000000,905,,,12504,63544,93,905,12597,64356
18,12/31/2020 15:00:00,7558,71102,48.000000000000000,953,,,7558,71102,48,953,7606,71962
19,1/1/2021 15:00:00,3361,74463,146.000000000000000,1099,,,3361,74463,146,1099,3507,75469
20,1/2/2021 15:00:00,3057,77520,34.000000000000000,1133,,,3057,77520,34,1133,3091,78560
21,1/3/2021 15:00:00,3414,80934,82.000000000000000,1215,,,3414,80934,82,1215,3496,82056
22,1/4/2021 15:00:00,13371,94305,339.000000000000000,1554,,,13371,94305,339,1554,13710,95766
23,1/5/2021 15:00:00,12494,106799,550.000000000000000,2104,,,12494,106799,550,2104,13044,108810
24,1/6/2021 15:00:00,15274,122073,868.000000000000000,2972,,,15274,122073,868,2972,16142,124952
25,1/7/2021 15:00:00,15048,137121,1786.000000000000000,4758,,,15048,137121,1786,4758,16834,141786
26,1/8/2021 15:00:00,24022,161143,2790.000000000000000,7548,,,24022,161143,2790,7548,26812,168598
27,1/9/2021 15:00:00,5180,166323,956.000000000000000,8504,,,5180,166323,956,8504,6136,174734
28,1/10/2021 15:00:00,2980,169303,387.000000000000000,8891,,,2980,169303,387,8891,3367,178101
29,1/11/2021 15:00:00,13738,183041,3485.000000000000000,12376,,,13738,183041,3485,12376,17223,195324
30,1/12/2021 15:00:00,17404,200445,5600.000000000000000,17976,,,17404,200445,5600,17976,23004,218328
31,1/13/2021 15:00:00,18627,219072,3935.000000000000000,21911,,,18627,219072,3935,21911,22562,240890
32,1/14/2021 15:00:00,17876,236948,1964.000000000000000,23875,,,17876,236948,1964,23875,19840,260730
33,1/15/2021 15:00:00,19497,256445,2035.000000000000000,25910,,,19497,256445,2035,25910,21532,282262
34,1/16/2021 15:00:00,5843,262288,1621.000000000000000,27531,,,5843,262288,1621,27531,7464,289726
35,1/17/2021 15:00:00,2126,264414,1480.000000000000000,29011,,,2126,264414,1480,29011,3606,293332
36,1/18/2021 15:00:00,7081,271495,3269.000000000000000,32280,,,7081,271495,3269,32280,10350,303682
37,1/19/2021 15:00:00,16958,288453,5416.000000000000000,37696,,,16958,288453,5416,37696,22374,326056
38,1/20/2021 15:00:00,21015,309468,5333.000000000000000,43029,,,21015,309468,5333,43029,26348,352404
39,1/21/2021 15:00:00,23832,333300,3864.000000000000000,46893,,,23832,333300,3864,46893,27696,380100
40,1/22/2021 15:00:00,28664,361964,3767.000000000000000,50660,,,28664,361964,3767,50660,32431,412531
41,1/23/2021 15:00:00,10132,372096,1946.000000000000000,52606,,,10132,372096,1946,52606,12078,424609
42,1/24/2021 15:00:00,3360,375456,1724.000000000000000,54330,,,3360,375456,1724,54330,5084,429693
43,1/25/2021 15:00:00,16312,391768,8619.000000000000000,62949,,,16312,391768,8619,62949,24931,454624
44,1/26/2021 15:00:00,17567,409335,8983.000000000000000,71932,,,17567,409335,8983,71932,26550,481174
45,1/27/2021 15:00:00,24445,433780,12571.000000000000000,84503,,,24445,433780,12571,84503,37016,518190
46,1/28/2021 15:00:00,22666,456446,9333.000000000000000,93836,,,22666,456446,9333,93836,31999,550189
47,1/29/2021 15:00:00,24790,481236,7934.000000000000000,101770,,,24790,481236,7934,101770,32724,582913
48,1/30/2021 15:00:00,17782,499018,2572.000000000000000,104342,,,17782,499018,2572,104342,20354,603267
49,1/31/2021 15:00:00,3764,502782,1375.000000000000000,105717,,,3764,502782,1375,105717,5139,608406
50,2/1/2021 15:00:00,8166,510948,5419.000000000000000,111136,,,8166,510948,5419,111136,13585,621991
51,2/2/2021 15:00:00,12523,523471,13835.000000000000000,124971,,,12523,523471,13835,124971,26358,648349
52,2/3/2021 15:00:00,18269,541740,18145.000000000000000,143116,,,18269,541740,18145,143116,36414,684763
53,2/4/2021 15:00:00,22147,563887,15805.000000000000000,158921,,,22147,563887,15805,158921,37952,722715
54,2/5/2021 15:00:00,20417,584304,17449.000000000000000,176370,,,20417,584304,17449,176370,37866,760581
55,2/6/2021 15:00:00,11379,595683,14539.000000000000000,190909,,,11379,595683,14539,190909,25918,786499
56,2/7/2021 15:00:00,5990,601673,1947.000000000000000,192856,,,5990,601673,1947,192856,7937,794436
57,2/8/2021 15:00:00,13016,614689,12984.000000000000000,205840,,,13016,614689,12984,205840,26000,820436
58,2/9/2021 15:00:00,16666,631355,13887.000000000000000,219727,,,16666,631355,13887,219727,30553,850989
59,2/10/2021 15:00:00,19331,650686,21320.000000000000000,241047,,,19331,650686,21320,241047,40651,891640
60,2/11/2021 15:00:00,22944,673630,17394.000000000000000,258441,,,22944,673630,17394,258441,40338,931978
61,2/12/2021 15:00:00,20441,694071,19680.000000000000000,278121,,,20441,694071,19680,278121,40121,972099
62,2/13/2021 15:00:00,11471,705542,6428.000000000000000,284549,,,11471,705542,6428,284549,17899,989998
63,2/14/2021 15:00:00,7122,712664,2137.000000000000000,286686,,,7122,712664,2137,286686,9259,999257
64,2/15/2021 15:00:00,11772,724436,13346.000000000000000,300032,,,11772,724436,13346,300032,25118,1024375
65,2/16/2021 15:00:00,16655,741091,21035.000000000000000,321067,,,16655,741091,21035,321067,37690,1062065
66,2/17/2021 15:00:00,20684,761775,26389.000000000000000,347456,,,20684,761775,26389,347456,47073,1109138
67,2/18/2021 15:00:00,3205,764980,4626.000000000000000,352082,,,3205,764980,4626,352082,7831,1116969
68,2/19/2021 15:00:00,10265,775245,19935.000000000000000,372017,,,10265,775245,19935,372017,30200,1147169
69,2/20/2021 15:00:00,10321,785566,20305.000000000000000,392322,,,10321,785566,20305,392322,30626,1177795
70,2/21/2021 15:00:00,6192,791758,7668.000000000000000,399990,,,6192,791758,7668,399990,13860,1191655
71,2/22/2021 15:00:00,8039,799797,15492.000000000000000,415482,,,8039,799797,15492,415482,23531,1215186
72,2/23/2021 15:00:00,15548,815345,15982.000000000000000,431464,,,15548,815345,15982,431464,31530,1246716
73,2/24/2021 15:00:00,17998,833343,24852.000000000000000,456316,,,17998,833343,24852,456316,42850,1289566
74,2/25/2021 15:00:00,20397,853740,26592.000000000000000,482908,,,20397,853740,26592,482908,46989,1336555
75,2/26/2021 15:00:00,26700,880440,26278.000000000000000,509186,,,26700,880440,26278,509186,52978,1389533
76,2/27/2021 15:00:00,16030,896470,11163.000000000000000,520349,,,16030,896470,11163,520349,27193,1416726
77,2/28/2021 15:00:00,15525,911995,4890.000000000000000,525239,,,15525,911995,4890,525239,20415,1437141
78,3/1/2021 15:00:00,27213,939208,12671.000000000000000,537910,,,27213,939208,12671,537910,39884,1477025
79,3/2/2021 15:00:00,23994,963202,13303.000000000000000,551213,37.000000000000000,37.000000000000000,24031,963239,13340,551250,37334,1514359
80,3/3/2021 15:00:00,30239,993441,18422.000000000000000,569635,191.000000000000000,228.000000000000000,30430,993669,18613,569863,48852,1563211
81,3/4/2021 15:00:00,31005,1024446,18258.000000000000000,587893,4068.000000000000000,4296.000000000000000,35073,1028742,22326,592189,53331,1616542
82,3/5/2021 15:00:00,30093,1054539,19771.000000000000000,607664,4910.000000000000000,9206.000000000000000,35003,1063745,24681,616870,54774,1671316
83,3/6/2021 15:00:00,18994,1073533,9537.000000000000000,617201,6010.000000000000000,15216.000000000000000,25004,1088749,15547,632417,34541,1705857
84,3/7/2021 15:00:00,12153,1085686,4927.000000000000000,622128,6608.000000000000000,21824.000000000000000,18761,1107510,11535,643952,23688,1729545
85,3/8/2021 15:00:00,25931,1111617,8862.000000000000000,630990,8274.000000000000000,30098.000000000000000,34205,1141715,17136,661088,43067,1772612
86,3/9/2021 15:00:00,26147,1137764,15498.000000000000000,646488,8343.000000000000000,38441.000000000000000,34490,1176205,23841,684929,49988,1822600
87,3/10/2021 15:00:00,29891,1167655,16051.000000000000000,662539,7935.000000000000000,46376.000000000000000,37826,1214031,23986,708915,53877,1876477
88,3/11/2021 15:00:00,36013,1203668,16425.000000000000000,678964,3982.000000000000000,50358.000000000000000,39995,1254026,20407,729322,56420,1932897
89,3/12/2021 15:00:00,36909,1240577,18162.000000000000000,697126,2928.000000000000000,53286.000000000000000,39837,1293863,21090,750412,57999,1990896
90,3/13/2021 15:00:00,22668,1263245,10338.000000000000000,707464,1630.000000000000000,54916.000000000000000,24298,1318161,11968,762380,34636,2025532
91,3/14/2021 15:00:00,17839,1281084,6736.000000000000000,714200,1009.000000000000000,55925.000000000000000,18848,1337009,7745,770125,25584,2051116
92,3/15/2021 15:00:00,29886,1310970,11364.000000000000000,725564,599.000000000000000,56524.000000000000000,30485,1367494,11963,782088,41849,2092965
93,3/16/2021 15:00:00,33480,1344450,13587.000000000000000,739151,770.000000000000000,57294.000000000000000,34250,1401744,14357,796445,47837,2140802
94,3/17/2021 15:00:00,37631,1382081,17080.000000000000000,756231,1181.000000000000000,58475.000000000000000,38812,1440556,18261,814706,55892,2196694
95,3/18/2021 15:00:00,41471,1423552,12697.000000000000000,768928,1354.000000000000000,59829.000000000000000,42825,1483381,14051,828757,55522,2252216
96,3/19/2021 15:00:00,38387,1461939,15444.000000000000000,784372,1046.000000000000000,60875.000000000000000,39433,1522814,16490,845247,54877,2307093
97,3/20/2021 15:00:00,24730,1486669,10233.000000000000000,794605,705.000000000000000,61580.000000000000000,25435,1548249,10938,856185,35668,2342761
98,3/21/2021 15:00:00,19197,1505866,7906.000000000000000,802511,341.000000000000000,61921.000000000000000,19538,1567787,8247,864432,27444,2370205
99,3/22/2021 15:00:00,32600,1538466,11514.000000000000000,814025,835.000000000000000,62756.000000000000000,33435,1601222,12349,876781,44949,2415154
100,3/23/2021 15:00:00,38406,1576872,17867.000000000000000,831892,1556.000000000000000,64312.000000000000000,39962,1641184,19423,896204,57829,2472983
101,3/24/2021 15:00:00,41085,1617957,21255.000000000000000,853147,1386.000000000000000,65698.000000000000000,42471,1683655,22641,918845,63726,2536709
102,3/25/2021 15:00:00,42914,1660871,21739.000000000000000,874886,2456.000000000000000,68154.000000000000000,45370,1729025,24195,943040,67109,2603818
103,3/26/2021 15:00:00,36385,1697256,26720.000000000000000,901606,2495.000000000000000,70649.000000000000000,38880,1767905,29215,972255,65600,2669418
104,3/27/2021 15:00:00,26472,1723728,17322.000000000000000,918928,2490.000000000000000,73139.000000000000000,28962,1796867,19812,992067,46284,2715702
105,3/28/2021 15:00:00,17010,1740738,12691.000000000000000,931619,1614.000000000000000,74753.000000000000000,18624,1815491,14305,1006372,31315,2747017
106,3/29/2021 15:00:00,29723,1770461,26394.000000000000000,958013,1141.000000000000000,75894.000000000000000,30864,1846355,27535,1033907,57258,2804275
107,3/30/2021 15:00:00,40062,1810523,29091.000000000000000,987104,1865.000000000000000,77759.000000000000000,41927,1888282,30956,1064863,71018,2875293
108,3/31/2021 15:00:00,41020,1851543,34754.000000000000000,1021858,5750.000000000000000,83509.000000000000000,46770,1935052,40504,1105367,81524,2956817
109,4/1/2021 15:00:00,42470,1894013,41170.000000000000000,1063028,5764.000000000000000,89273.000000000000000,48234,1983286,46934,1152301,89404,3046221
110,4/2/2021 15:00:00,34929,1928942,32736.000000000000000,1095764,6131.000000000000000,95404.000000000000000,41060,2024346,38867,1191168,73796,3120017
111,4/3/2021 15:00:00,21170,1950112,19236.000000000000000,1115000,4394.000000000000000,99798.000000000000000,25564,2049910,23630,1214798,44800,3164817
112,4/4/2021 15:00:00,8297,1958409,10223.000000000000000,1125223,968.000000000000000,100766.000000000000000,9265,2059175,11191,1225989,19488,3184305
113,4/5/2021 15:00:00,27961,1986370,28983.000000000000000,1154206,6663.000000000000000,107429.000000000000000,34624,2093799,35646,1261635,63607,3247912
114,4/6/2021 15:00:00,39799,2026169,30520.000000000000000,1184726,10501.000000000000000,117930.000000000000000,50300,2144099,41021,1302656,80820,3328732
115,4/7/2021 15:00:00,36107,2062276,34368.000000000000000,1219094,13001.000000000000000,130931.000000000000000,49108,2193207,47369,1350025,83476,3412208
116,4/8/2021 15:00:00,42358,2104634,36163.000000000000000,1255257,13873.000000000000000,144804.000000000000000,56231,2249438,50036,1400061,92394,3504602
117,4/9/2021 15:00:00,34097,2138731,36363.000000000000000,1291620,14533.000000000000000,159337.000000000000000,48630,2298068,50896,1450957,84993,3589595
118,4/10/2021 15:00:00,23496,2162227,23183.000000000000000,1314803,7641.000000000000000,166978.000000000000000,31137,2329205,30824,1481781,54320,3643915
119,4/11/2021 15:00:00,17586,2179813,13298.000000000000000,1328101,10122.000000000000000,177100.000000000000000,27708,2356913,23420,1505201,41006,3684921
120,4/12/2021 15:00:00,24604,2204417,33291.000000000000000,1361392,10907.000000000000000,188007.000000000000000,35511,2392424,44198,1549399,68802,3753723
121,4/13/2021 15:00:00,126173,2330590,91356.000000000000000,1452748,3293.000000000000000,191300.000000000000000,129466,2521890,94649,1644048,220822,3974545
122,4/14/2021 15:00:00,40737,2371327,37849.000000000000000,1490597,213.000000000000000,191513.000000000000000,40950,2562840,38062,1682110,78799,4053344
123,4/15/2021 15:00:00,41421,2412748,39575.000000000000000,1530172,176.000000000000000,191689.000000000000000,41597,2604437,39751,1721861,81172,4134516
124,4/16/2021 15:00:00,37149,2449897,38897.000000000000000,1569069,25.000000000000000,191714.000000000000000,37174,2641611,38922,1760783,76071,4210587
125,4/17/2021 15:00:00,32816,2482713,22043.000000000000000,1591112,13.000000000000000,191727.000000000000000,32829,2674440,22056,1782839,54872,4265459
126,4/18/2021 15:00:00,20062,2502775,16211.000000000000000,1607323,5.000000000000000,191732.000000000000000,20067,2694507,16216,1799055,36278,4301737
127,4/19/2021 15:00:00,29888,2532663,36565.000000000000000,1643888,61.000000000000000,191793.000000000000000,29949,2724456,36626,1835681,66514,4368251
128,4/20/2021 15:00:00,32938,2565601,44501.000000000000000,1688389,59.000000000000000,191852.000000000000000,32997,2757453,44560,1880241,77498,4445749
129,4/21/2021 15:00:00,39836,2605437,47084.000000000000000,1735473,26.000000000000000,191878.000000000000000,39862,2797315,47110,1927351,86946,4532695
130,4/22/2021 15:00:00,35856,2641293,42700.000000000000000,1778173,16.000000000000000,191894.000000000000000,35872,2833187,42716,1970067,78572,4611267
131,4/23/2021 15:00:00,33147,2674440,40172.000000000000000,1818345,14.000000000000000,191908.000000000000000,33161,2866348,40186,2010253,73333,4684600
132,4/24/2021 15:00:00,26419,2700859,27930.000000000000000,1846275,81.000000000000000,191989.000000000000000,26500,2892848,28011,2038264,54430,4739030
133,4/25/2021 15:00:00,20218,2721077,10997.000000000000000,1857272,31.000000000000000,192020.000000000000000,20249,2913097,11028,2049292,31246,4770276
134,4/26/2021 15:00:00,27385,2748462,32767.000000000000000,1890039,201.000000000000000,192221.000000000000000,27586,2940683,32968,2082260,60353,4830629
135,4/27/2021 15:00:00,26679,2775141,33106.000000000000000,1923145,1097.000000000000000,193318.000000000000000,27776,2968459,34203,2116463,60882,4891511
136,4/28/2021 15:00:00,28923,2804064,39563.000000000000000,1962708,1367.000000000000000,194685.000000000000000,30290,2998749,40930,2157393,69853,4961364
137,4/29/2021 15:00:00,27064,2831128,39783.000000000000000,2002491,1463.000000000000000,196148.000000000000000,28527,3027276,41246,2198639,68310,5029674
138,4/30/2021 15:00:00,28203,2859331,32313.000000000000000,2034804,1649.000000000000000,197797.000000000000000,29852,3057128,33962,2232601,62165,5091839
139,5/1/2021 15:00:00,20751,2880082,26783.000000000000000,2061587,1056.000000000000000,198853.000000000000000,21807,3078935,27839,2260440,48590,5140429
140,5/2/2021 15:00:00,10269,2890351,17083.000000000000000,2078670,823.000000000000000,199676.000000000000000,11092,3090027,17906,2278346,28175,5168604
141,5/3/2021 15:00:00,12721,2903072,28637.000000000000000,2107307,1916.000000000000000,201592.000000000000000,14637,3104664,30553,2308899,43274,5211878
142,5/4/2021 15:00:00,13556,2916628,38653.000000000000000,2145960,1742.000000000000000,203334.000000000000000,15298,3119962,40395,2349294,53951,5265829
143,5/5/2021 15:00:00,19317,2935945,37787.000000000000000,2183747,1921.000000000000000,205255.000000000000000,21238,3141200,39708,2389002,59025,5324854
144,5/6/2021 15:00:00,16929,2952874,40604.000000000000000,2224351,1721.000000000000000,206976.000000000000000,18650,3159850,42325,2431327,59254,5384108
145,5/7/2021 15:00:00,17587,2970461,37028.000000000000000,2261379,1960.000000000000000,208936.000000000000000,19547,3179397,38988,2470315,56575,5440683
146,5/8/2021 15:00:00,10797,2981258,31236.000000000000000,2292615,1293.000000000000000,210229.000000000000000,12090,3191487,32529,2502844,43326,5484009
147,5/9/2021 15:00:00,5078,2986336,12255.000000000000000,2304870,695.000000000000000,210924.000000000000000,5773,3197260,12950,2515794,18028,5502037
148,5/10/2021 15:00:00,8956,2995292,31064.000000000000000,2335934,1362.000000000000000,212286.000000000000000,10318,3207578,32426,2548220,41382,5543419
149,5/11/2021 15:00:00,12180,3007472,30304.000000000000000,2366238,1442.000000000000000,213728.000000000000000,13622,3221200,31746,2579966,43926,5587345
150,5/12/2021 15:00:00,13947,3021419,38637.000000000000000,2404875,1917.000000000000000,215645.000000000000000,15864,3237064,40554,2620520,54501,5641846
151,5/13/2021 15:00:00,21844,3043263,33525.000000000000000,2438400,1347.000000000000000,216992.000000000000000,23191,3260255,34872,2655392,56716,5698562
152,5/14/2021 15:00:00,24397,3067660,30069.000000000000000,2468469,1774.000000000000000,218766.000000000000000,26171,3286426,31843,2687235,56240,5754802
153,5/15/2021 15:00:00,21953,3089613,25120.000000000000000,2493589,1490.000000000000000,220256.000000000000000,23443,3309869,26610,2713845,48563,5803365
154,5/16/2021 15:00:00,9090,3098703,17583.000000000000000,2511172,1113.000000000000000,221369.000000000000000,10203,3320072,18696,2732541,27786,5831151
155,5/17/2021 15:00:00,16839,3115542,28413.000000000000000,2539585,1949.000000000000000,223318.000000000000000,18788,3338860,30362,2762903,47201,5878352
156,5/18/2021 15:00:00,21263,3136805,30702.000000000000000,2570287,1943.000000000000000,225261.000000000000000,23206,3362066,32645,2795548,53908,5932260
157,5/19/2021 15:00:00,27670,3164475,32440.000000000000000,2602727,1632.000000000000000,226893.000000000000000,29302,3391368,34072,2829620,61742,5994002
158,5/20/2021 15:00:00,20808,3185283,33280.000000000000000,2636007,1965.000000000000000,228858.000000000000000,22773,3414141,35245,2864865,56053,6050055
159,5/21/2021 15:00:00,19164,3204447,30364.000000000000000,2666371,1609.000000000000000,230467.000000000000000,20773,3434914,31973,2896838,51137,6101192
160,5/22/2021 15:00:00,16945,3221392,20699.000000000000000,2687070,1269.000000000000000,231736.000000000000000,18214,3453128,21968,2918806,38913,6140105
161,5/23/2021 15:00:00,8816,3230208,11453.000000000000000,2698523,965.000000000000000,232701.000000000000000,9781,3462909,12418,2931224,21234,6161339
162,5/24/2021 15:00:00,13573,3243781,17781.000000000000000,2716304,1473.000000000000000,234174.000000000000000,15046,3477955,19254,2950478,32827,6194166
163,5/25/2021 15:00:00,13075,3256856,18719.000000000000000,2735023,1328.000000000000000,235502.000000000000000,14403,3492358,20047,2970525,33122,6227288
164,5/26/2021 15:00:00,18309,3275165,19523.000000000000000,2754546,1512.000000000000000,237014.000000000000000,19821,3512179,21035,2991560,39344,6266632
165,5/27/2021 15:00:00,11686,3286851,18675.000000000000000,2773221,1117.000000000000000,238131.000000000000000,12803,3524982,19792,3011352,31478,6298110
166,5/28/2021 15:00:00,12422,3299273,19858.000000000000000,2793079,1402.000000000000000,239533.000000000000000,13824,3538806,21260,3032612,33682,6331792
167,5/29/2021 15:00:00,9515,3308788,11730.000000000000000,2804809,937.000000000000000,240470.000000000000000,10452,3549258,12667,3045279,22182,6353974
168,5/30/2021 15:00:00,4969,3313757,6439.000000000000000,2811248,596.000000000000000,241066.000000000000000,5565,3554823,7035,3052314,12004,6365978
169,5/31/2021 15:00:00,1779,3315536,3713.000000000000000,2814961,305.000000000000000,241371.000000000000000,2084,3556907,4018,3056332,5797,6371775
170,6/1/2021 15:00:00,9877,3325413,16485.000000000000000,2831446,1159.000000000000000,242530.000000000000000,11036,3567943,17644,3073976,27521,6399296
171,6/2/2021 15:00:00,10236,3335649,16825.000000000000000,2848271,961.000000000000000,243491.000000000000000,11197,3579140,17786,3091762,28022,6427318
172,6/3/2021 15:00:00,7897,3343546,21199.000000000000000,2869470,1089.000000000000000,244580.000000000000000,8986,3588126,22288,3114050,30185,6457503
173,6/4/2021 15:00:00,8198,3351744,22363.000000000000000,2891833,1120.000000000000000,245700.000000000000000,9318,3597444,23483,3137533,31681,6489184
174,6/5/2021 15:00:00,7000,3358744,19478.000000000000000,2911311,720.000000000000000,246420.000000000000000,7720,3605164,20198,3157731,27198,6516382
175,6/6/2021 15:00:00,3457,3362201,7258.000000000000000,2918569,426.000000000000000,246846.000000000000000,3883,3609047,7684,3165415,11141,6527523
176,6/7/2021 15:00:00,6859,3369060,15795.000000000000000,2934364,725.000000000000000,247571.000000000000000,7584,3616631,16520,3181935,23379,6550902
177,6/8/2021 15:00:00,6671,3375731,19739.000000000000000,2954103,831.000000000000000,248402.000000000000000,7502,3624133,20570,3202505,27241,6578143
178,6/9/2021 15:00:00,8202,3383933,23995.000000000000000,2978098,969.000000000000000,249371.000000000000000,9171,3633304,24964,3227469,33166,6611309
179,6/10/2021 15:00:00,7153,3391086,19144.000000000000000,2997242,895.000000000000000,250266.000000000000000,8048,3641352,20039,3247508,27192,6638501
180,6/11/2021 15:00:00,7492,3398578,17734.000000000000000,3014976,1125.000000000000000,251391.000000000000000,8617,3649969,18859,3266367,26351,6664852
181,6/12/2021 15:00:00,5242,3403820,14771.000000000000000,3029747,605.000000000000000,251996.000000000000000,5847,3655816,15376,3281743,20618,6685470
182,6/13/2021 15:00:00,1946,3405766,7635.000000000000000,3037382,427.000000000000000,252423.000000000000000,2373,3658189,8062,3289805,10008,6695478
183,6/14/2021 15:00:00,5655,3411421,11827.000000000000000,3049209,733.000000000000000,253156.000000000000000,6388,3664577,12560,3302365,18215,6713693
184,6/15/2021 15:00:00,5647,3417068,14344.000000000000000,3063553,874.000000000000000,254030.000000000000000,6521,3671098,15218,3317583,20865,6734558
185,6/16/2021 15:00:00,8755,3425823,21593.000000000000000,3085146,758.000000000000000,254788.000000000000000,9513,3680611,22351,3339934,31106,6765664
186,6/17/2021 15:00:00,6692,3432515,12368.000000000000000,3097514,720.000000000000000,255508.000000000000000,7412,3688023,13088,3353022,19780,6785444
187,6/18/2021 15:00:00,6834,3439349,12746.000000000000000,3110260,702.000000000000000,256210.000000000000000,7536,3695559,13448,3366470,20282,6805726
188,6/19/2021 15:00:00,4655,3444004,9386.000000000000000,3119646,614.000000000000000,256824.000000000000000,5269,3700828,10000,3376470,14655,6820381
189,6/20/2021 15:00:00,2508,3446512,5067.000000000000000,3124713,377.000000000000000,257201.000000000000000,2885,3703713,5444,3381914,7952,6828333
190,6/21/2021 15:00:00,5568,3452080,5339.000000000000000,3130052,635.000000000000000,257836.000000000000000,6203,3709916,5974,3387888,11542,6839875
191,6/22/2021 15:00:00,5345,3457425,9056.000000000000000,3139108,694.000000000000000,258530.000000000000000,6039,3715955,9750,3397638,15095,6854970
192,6/23/2021 15:00:00,6080,3463505,10340.000000000000000,3149448,646.000000000000000,259176.000000000000000,6726,3722681,10986,3408624,17066,6872036
193,6/24/2021 15:00:00,5936,3469441,8204.000000000000000,3157652,595.000000000000000,259771.000000000000000,6531,3729212,8799,3417423,14735,6886771
194,6/25/2021 15:00:00,5828,3475269,8670.000000000000000,3166322,620.000000000000000,260391.000000000000000,6448,3735660,9290,3426713,15118,6901889
195,6/26/2021 15:00:00,3706,3478975,6306.000000000000000,3172628,398.000000000000000,260789.000000000000000,4104,3739764,6704,3433417,10410,6912299
196,6/27/2021 15:00:00,2810,3481785,3525.000000000000000,3176153,185.000000000000000,260974.000000000000000,2995,3742759,3710,3437127,6520,6918819
197,6/28/2021 15:00:00,4924,3486709,6394.000000000000000,3182547,539.000000000000000,261513.000000000000000,5463,3748222,6933,3444060,11857,6930676
198,6/29/2021 15:00:00,5062,3491771,6483.000000000000000,3189030,523.000000000000000,262036.000000000000000,5585,3753807,7006,3451066,12068,6942744
199,6/30/2021 15:00:00,5630,3497401,7390.000000000000000,3196420,607.000000000000000,262643.000000000000000,6237,3760044,7997,3459063,13627,6956371
200,7/1/2021 15:00:00,5441,3502842,7000.000000000000000,3203420,504.000000000000000,263147.000000000000000,5945,3765989,7504,3466567,12945,6969316
201,7/2/2021 15:00:00,5296,3508138,6848.000000000000000,3210268,527.000000000000000,263674.000000000000000,5823,3771812,7375,3473942,12671,6981987
202,7/3/2021 15:00:00,3274,3511412,4072.000000000000000,3214340,264.000000000000000,263938.000000000000000,3538,3775350,4336,3478278,7610,6989597
203,7/4/2021 15:00:00,494,3511906,551.000000000000000,3214891,69.000000000000000,264007.000000000000000,563,3775913,620,3478898,1114,6990711
204,7/5/2021 15:00:00,3771,3515677,3953.000000000000000,3218844,287.000000000000000,264294.000000000000000,4058,3779971,4240,3483138,8011,6998722
205,7/6/2021 15:00:00,4497,3520174,6285.000000000000000,3225129,455.000000000000000,264749.000000000000000,4952,3784923,6740,3489878,11237,7009959
206,7/7/2021 15:00:00,4473,3524647,6419.000000000000000,3231548,483.000000000000000,265232.000000000000000,4956,3789879,6902,3496780,11375,7021334
207,7/8/2021 15:00:00,4838,3529485,6186.000000000000000,3237734,564.000000000000000,265796.000000000000000,5402,3795281,6750,3503530,11588,7032922
208,7/9/2021 15:00:00,5365,3534850,6678.000000000000000,3244412,573.000000000000000,266369.000000000000000,5938,3801219,7251,3510781,12616,7045538
209,7/10/2021 15:00:00,3522,3538372,4405.000000000000000,3248817,305.000000000000000,266674.000000000000000,3827,3805046,4710,3515491,8232,7053770
210,7/11/2021 15:00:00,2681,3541053,2578.000000000000000,3251395,227.000000000000000,266901.000000000000000,2908,3807954,2805,3518296,5486,7059256
211,7/12/2021 15:00:00,4427,3545480,5133.000000000000000,3256528,379.000000000000000,267280.000000000000000,4806,3812760,5512,3523808,9939,7069195
212,7/13/2021 15:00:00,4669,3550149,4726.000000000000000,3261254,366.000000000000000,267646.000000000000000,5035,3817795,5092,3528900,9761,7078956
213,7/14/2021 15:00:00,4627,3554776,5290.000000000000000,3266544,422.000000000000000,268068.000000000000000,5049,3822844,5712,3534612,10339,7089295
214,7/15/2021 15:00:00,4914,3559690,5019.000000000000000,3271563,358.000000000000000,268426.000000000000000,5272,3828116,5377,3539989,10291,7099586
215,7/16/2021 15:00:00,6276,3565966,5849.000000000000000,3277412,405.000000000000000,268831.000000000000000,6681,3834797,6254,3546243,12530,7112116
216,7/17/2021 15:00:00,3416,3569382,3554.000000000000000,3280966,303.000000000000000,269134.000000000000000,3719,3838516,3857,3550100,7273,7119389
217,7/18/2021 15:00:00,2311,3571693,2384.000000000000000,3283350,110.000000000000000,269244.000000000000000,2421,3840937,2494,3552594,4805,7124194
218,7/19/2021 15:00:00,5145,3576838,4614.000000000000000,3287964,383.000000000000000,269627.000000000000000,5528,3846465,4997,3557591,10142,7134336
219,7/20/2021 15:00:00,5345,3582183,4728.000000000000000,3292692,367.000000000000000,269994.000000000000000,5712,3852177,5095,3562686,10440,7144776
220,7/21/2021 15:00:00,5664,3587847,4958.000000000000000,3297650,416.000000000000000,270410.000000000000000,6080,3858257,5374,3568060,11038,7155814
221,7/22/2021 15:00:00,6033,3593880,4649.000000000000000,3302299,472.000000000000000,270882.000000000000000,6505,3864762,5121,3573181,11154,7166968
222,7/23/2021 15:00:00,6846,3600726,4849.000000000000000,3307148,499.000000000000000,271381.000000000000000,7345,3872107,5348,3578529,12194,7179162
223,7/24/2021 15:00:00,4282,3605008,3209.000000000000000,3310357,267.000000000000000,271648.000000000000000,4549,3876656,3476,3582005,7758,7186920
224,7/25/2021 15:00:00,3299,3608307,1122.000000000000000,3311479,140.000000000000000,271788.000000000000000,3439,3880095,1262,3583267,4561,7191481
225,7/26/2021 15:00:00,6220,3614527,3912.000000000000000,3315391,419.000000000000000,272207.000000000000000,6639,3886734,4331,3587598,10551,7202032
226,7/27/2021 15:00:00,6607,3621134,4291.000000000000000,3319682,458.000000000000000,272665.000000000000000,7065,3893799,4749,3592347,11356,7213388
227,7/28/2021 15:00:00,7091,3628225,4153.000000000000000,3323835,460.000000000000000,273125.000000000000000,7551,3901350,4613,3596960,11704,7225092
228,7/29/2021 15:00:00,7083,3635308,4312.000000000000000,3328147,419.000000000000000,273544.000000000000000,7502,3908852,4731,3601691,11814,7236906
229,7/30/2021 15:00:00,7826,3643134,4813.000000000000000,3332960,527.000000000000000,274071.000000000000000,8353,3917205,5340,3607031,13166,7250072
230,7/31/2021 15:00:00,4793,3647927,3085.000000000000000,3336045,274.000000000000000,274345.000000000000000,5067,3922272,3359,3610390,8152,7258224
231,8/1/2021 15:00:00,3908,3651835,2189.000000000000000,3338234,165.000000000000000,274510.000000000000000,4073,3926345,2354,3612744,6262,7264486
232,8/2/2021 15:00:00,7275,3659110,3852.000000000000000,3342086,342.000000000000000,274852.000000000000000,7617,3933962,4194,3616938,11469,7275955
233,8/3/2021 15:00:00,7275,3666385,4109.000000000000000,3346195,517.000000000000000,275369.000000000000000,7792,3941754,4626,3621564,11901,7287856
234,8/4/2021 15:00:00,7430,3673815,4123.000000000000000,3350318,536.000000000000000,275905.000000000000000,7966,3949720,4659,3626223,12089,7299945
235,8/5/2021 15:00:00,7962,3681777,4304.000000000000000,3354622,539.000000000000000,276444.000000000000000,8501,3958221,4843,3631066,12805,7312750
236,8/6/2021 15:00:00,8341,3690118,4743.000000000000000,3359365,454.000000000000000,276898.000000000000000,8795,3967016,5197,3636263,13538,7326288
237,8/7/2021 15:00:00,5305,3695423,2842.000000000000000,3362207,264.000000000000000,277162.000000000000000,5569,3972585,3106,3639369,8411,7334699
238,8/8/2021 15:00:00,3979,3699402,2063.000000000000000,3364270,146.000000000000000,277308.000000000000000,4125,3976710,2209,3641578,6188,7340887
239,8/9/2021 15:00:00,6959,3706361,4568.000000000000000,3368838,370.000000000000000,277678.000000000000000,7329,3984039,4938,3646516,11897,7352784
240,8/10/2021 15:00:00,7176,3713537,4497.000000000000000,3373335,340.000000000000000,278018.000000000000000,7516,3991555,4837,3651353,12013,7364797
241,8/11/2021 15:00:00,7090,3720627,4448.000000000000000,3377783,443.000000000000000,278461.000000000000000,7533,3999088,4891,3656244,11981,7376778
242,8/12/2021 15:00:00,8642,3729269,4760.000000000000000,3382543,445.000000000000000,278906.000000000000000,9087,4008175,5205,3661449,13847,7390625
243,8/13/2021 15:00:00,7166,3736435,5403.000000000000000,3387946,397.000000000000000,279303.000000000000000,7563,4015738,5800,3667249,12966,7403591
244,8/14/2021 15:00:00,4924,3741359,3343.000000000000000,3391289,285.000000000000000,279588.000000000000000,5209,4020947,3628,3670877,8552,7412143
245,8/15/2021 15:00:00,3328,3744687,2740.000000000000000,3394029,163.000000000000000,279751.000000000000000,3491,4024438,2903,3673780,6231,7418374
246,8/16/2021 15:00:00,5455,3750142,5094.000000000000000,3399123,354.000000000000000,280105.000000000000000,5809,4030247,5448,3679228,10903,7429277
247,8/17/2021 15:00:00,6821,3756963,5365.000000000000000,3404488,391.000000000000000,280496.000000000000000,7212,4037459,5756,3684984,12577,7441854
248,8/18/2021 15:00:00,6335,3763298,5514.000000000000000,3410002,481.000000000000000,280977.000000000000000,6816,4044275,5995,3690979,12330,7454184
249,8/19/2021 15:00:00,6228,3769526,5558.000000000000000,3415560,417.000000000000000,281394.000000000000000,6645,4050920,5975,3696954,12203,7466387
250,8/20/2021 15:00:00,6845,3776371,6556.000000000000000,3422116,401.000000000000000,281795.000000000000000,7246,4058166,6957,3703911,13802,7480189
251,8/21/2021 15:00:00,4340,3780711,3919.000000000000000,3426035,229.000000000000000,282024.000000000000000,4569,4062735,4148,3708059,8488,7488677
252,8/22/2021 15:00:00,3060,3783771,3170.000000000000000,3429205,110.000000000000000,282134.000000000000000,3170,4065905,3280,3711339,6340,7495017
253,8/23/2021 15:00:00,5998,3789769,6108.000000000000000,3435313,287.000000000000000,282421.000000000000000,6285,4072190,6395,3717734,12393,7507410
254,8/24/2021 15:00:00,6548,3796317,6079.000000000000000,3441392,425.000000000000000,282846.000000000000000,6973,4079163,6504,3724238,13052,7520462
255,8/25/2021 15:00:00,6721,3803038,6229.000000000000000,3447621,441.000000000000000,283287.000000000000000,7162,4086325,6670,3730908,13391,7533853
256,8/26/2021 15:00:00,6970,3810008,6661.000000000000000,3454282,428.000000000000000,283715.000000000000000,7398,4093723,7089,3737997,14059,7547912
257,8/27/2021 15:00:00,6832,3816840,7088.000000000000000,3461370,317.000000000000000,284032.000000000000000,7149,4100872,7405,3745402,14237,7562149
258,8/28/2021 15:00:00,6908,3823748,6527.000000000000000,3467897,326.000000000000000,284358.000000000000000,7234,4108106,6853,3752255,13761,7575910
259,8/29/2021 15:00:00,3738,3827486,3693.000000000000000,3471590,610.000000000000000,284968.000000000000000,4348,4112454,4303,3756558,8041,7583951
260,8/30/2021 15:00:00,5932,3833418,6131.000000000000000,3477721,960.000000000000000,285928.000000000000000,6892,4119346,7091,3763649,13023,7596974
261,8/31/2021 15:00:00,5904,3839322,6078.000000000000000,3483799,946.000000000000000,286874.000000000000000,6850,4126196,7024,3770673,12928,7609902
262,9/1/2021 15:00:00,5597,3844919,5706.000000000000000,3489505,918.000000000000000,287792.000000000000000,6515,4132711,6624,3777297,12221,7622123
263,9/2/2021 15:00:00,5540,3850459,5948.000000000000000,3495453,709.000000000000000,288501.000000000000000,6249,4138960,6657,3783954,12197,7634320
264,9/3/2021 15:00:00,6012,3856471,6947.000000000000000,3502400,977.000000000000000,289478.000000000000000,6989,4145949,7924,3791878,13936,7648256
265,9/4/2021 15:00:00,3734,3860205,4356.000000000000000,3506756,878.000000000000000,290356.000000000000000,4612,4150561,5234,3797112,8968,7657224
266,9/5/2021 15:00:00,2957,3863162,2814.000000000000000,3509570,106.000000000000000,290462.000000000000000,3063,4153624,2920,3800032,5877,7663101
267,9/6/2021 15:00:00,1059,3864221,1161.000000000000000,3510731,69.000000000000000,290531.000000000000000,1128,4154752,1230,3801262,2289,7665390
268,9/7/2021 15:00:00,5349,3869570,7306.000000000000000,3518037,2303.000000000000000,292834.000000000000000,7652,4162404,9609,3810871,14958,7680348
269,9/8/2021 15:00:00,4656,3874226,5482.000000000000000,3523519,364.000000000000000,293198.000000000000000,5020,4167424,5846,3816717,10502,7690850
270,9/9/2021 15:00:00,5020,3879246,5467.000000000000000,3528986,325.000000000000000,293523.000000000000000,5345,4172769,5792,3822509,10812,7701662
271,9/10/2021 15:00:00,6527,3885773,6672.000000000000000,3535658,1719.000000000000000,295242.000000000000000,8246,4181015,8391,3830900,14918,7716580
272,9/11/2021 15:00:00,4177,3889950,4345.000000000000000,3540003,666.000000000000000,295908.000000000000000,4843,4185858,5011,3835911,9188,7725768
273,9/12/2021 15:00:00,3171,3893121,3239.000000000000000,3543242,436.000000000000000,296344.000000000000000,3607,4189465,3675,3839586,6846,7732614
274,9/13/2021 15:00:00,4885,3898006,5074.000000000000000,3548316,347.000000000000000,296691.000000000000000,5232,4194697,5421,3845007,10306,7742920
275,9/14/2021 15:00:00,4776,3902782,5447.000000000000000,3553763,437.000000000000000,297128.000000000000000,5213,4199910,5884,3850891,10660,7753580
276,9/15/2021 15:00:00,5047,3907829,5885.000000000000000,3559648,392.000000000000000,297520.000000000000000,5439,4205349,6277,3857168,11324,7764904
277,9/16/2021 15:00:00,4813,3912642,5851.000000000000000,3565499,336.000000000000000,297856.000000000000000,5149,4210498,6187,3863355,11000,7775904
278,9/17/2021 15:00:00,5282,3917924,6584.000000000000000,3572083,344.000000000000000,298200.000000000000000,5626,4216124,6928,3870283,12210,7788114
279,9/18/2021 15:00:00,3823,3921747,4580.000000000000000,3576663,185.000000000000000,298385.000000000000000,4008,4220132,4765,3875048,8588,7796702
280,9/19/2021 15:00:00,2741,3924488,3177.000000000000000,3579840,75.000000000000000,298460.000000000000000,2816,4222948,3252,3878300,5993,7802695
281,9/20/2021 15:00:00,3756,3928244,4678.000000000000000,3584518,429.000000000000000,298889.000000000000000,4185,4227133,5107,3883407,8863,7811558
282,9/21/2021 15:00:00,4005,3932249,5007.000000000000000,3589525,327.000000000000000,299216.000000000000000,4332,4231465,5334,3888741,9339,7820897
283,9/22/2021 15:00:00,4197,3936446,4779.000000000000000,3594304,459.000000000000000,299675.000000000000000,4656,4236121,5238,3893979,9435,7830332
284,9/23/2021 15:00:00,4185,3940631,4732.000000000000000,3599036,492.000000000000000,300167.000000000000000,4677,4240798,5224,3899203,9409,7839741
285,9/24/2021 15:00:00,5087,3945718,5616.000000000000000,3604652,422.000000000000000,300589.000000000000000,5509,4246307,6038,3905241,11125,7850866
286,9/25/2021 15:00:00,3641,3949359,3629.000000000000000,3608281,384.000000000000000,300973.000000000000000,4025,4250332,4013,3909254,7654,7858520
287,9/26/2021 15:00:00,2348,3951707,2666.000000000000000,3610947,431.000000000000000,301404.000000000000000,2779,4253111,3097,3912351,5445,7863965
288,9/27/2021 15:00:00,4509,3956216,2711.000000000000000,3613658,512.000000000000000,301916.000000000000000,5021,4258132,3223,3915574,7732,7871697
289,9/28/2021 15:00:00,4405,3960621,4452.000000000000000,3618110,211.000000000000000,302127.000000000000000,4616,4262748,4663,3920237,9068,7880765
290,9/29/2021 15:00:00,4694,3965315,4512.000000000000000,3622622,920.000000000000000,303047.000000000000000,5614,4268362,5432,3925669,10126,7890891
291,9/30/2021 15:00:00,4893,3970208,4562.000000000000000,3627184,796.000000000000000,303843.000000000000000,5689,4274051,5358,3931027,10251,7901142
292,10/1/2021 15:00:00,5525,3975733,5354.000000000000000,3632538,785.000000000000000,304628.000000000000000,6310,4280361,6139,3937166,11664,7912806
293,10/2/2021 15:00:00,2945,3978678,2898.000000000000000,3635436,187.000000000000000,304815.000000000000000,3132,4283493,3085,3940251,6030,7918836
294,10/3/2021 15:00:00,2075,3980753,2377.000000000000000,3637813,86.000000000000000,304901.000000000000000,2161,4285654,2463,3942714,4538,7923374
295,10/4/2021 15:00:00,4025,3984778,3499.000000000000000,3641312,232.000000000000000,305133.000000000000000,4257,4289911,3731,3946445,7756,7931130
296,10/5/2021 15:00:00,3954,3988732,3661.000000000000000,3644973,207.000000000000000,305340.000000000000000,4161,4294072,3868,3950313,7822,7938952
297,10/6/2021 15:00:00,4023,3992755,3572.000000000000000,3648545,266.000000000000000,305606.000000000000000,4289,4298361,3838,3954151,7861,7946813
298,10/7/2021 15:00:00,4233,3996988,3627.000000000000000,3652172,332.000000000000000,305938.000000000000000,4565,4302926,3959,3958110,8192,7955005
299,10/8/2021 15:00:00,4772,4001760,4291.000000000000000,3656463,283.000000000000000,306221.000000000000000,5055,4307981,4574,3962684,9346,7964351
300,10/9/2021 15:00:00,2692,4004452,2677.000000000000000,3659140,270.000000000000000,306491.000000000000000,2962,4310943,2947,3965631,5639,7969990
301,10/10/2021 15:00:00,1861,4006313,1850.000000000000000,3660990,59.000000000000000,306550.000000000000000,1920,4312863,1909,3967540,3770,7973760
302,10/11/2021 15:00:00,4211,4010524,3315.000000000000000,3664305,250.000000000000000,306800.000000000000000,4461,4317324,3565,3971105,7776,7981536
303,10/12/2021 15:00:00,3599,4014123,3534.000000000000000,3667839,273.000000000000000,307073.000000000000000,3872,4321196,3807,3974912,7406,7988942
304,10/13/2021 15:00:00,3981,4018104,3457.000000000000000,3671296,346.000000000000000,307419.000000000000000,4327,4325523,3803,3978715,7784,7996726
305,10/14/2021 15:00:00,5165,4023269,5496.000000000000000,3676792,431.000000000000000,307850.000000000000000,5596,4331119,5927,3984642,11092,8007818
306,10/15/2021 15:00:00,4759,4028028,4601.000000000000000,3681393,347.000000000000000,308197.000000000000000,5106,4336225,4948,3989590,9707,8017525
307,10/16/2021 15:00:00,2497,4030525,2516.000000000000000,3683909,291.000000000000000,308488.000000000000000,2788,4339013,2807,3992397,5304,8022829
308,10/17/2021 15:00:00,1805,4032330,1774.000000000000000,3685683,55.000000000000000,308543.000000000000000,1860,4340873,1829,3994226,3634,8026463
309,10/18/2021 15:00:00,4281,4036611,3577.000000000000000,3689260,268.000000000000000,308811.000000000000000,4549,4345422,3845,3998071,8126,8034589
310,10/19/2021 15:00:00,4302,4040913,4002.000000000000000,3693262,223.000000000000000,309034.000000000000000,4525,4349947,4225,4002296,8527,8043116
311,10/20/2021 15:00:00,3536,4044449,3420.000000000000000,3696682,255.000000000000000,309289.000000000000000,3791,4353738,3675,4005971,7211,8050327
312,10/21/2021 15:00:00,3302,4047751,3275.000000000000000,3699957,291.000000000000000,309580.000000000000000,3593,4357331,3566,4009537,6868,8057195
313,10/22/2021 15:00:00,4684,4052435,4032.000000000000000,3703989,477.000000000000000,310057.000000000000000,5161,4362492,4509,4014046,9193,8066388
314,10/23/2021 15:00:00,2885,4055320,2112.000000000000000,3706101,321.000000000000000,310378.000000000000000,3206,4365698,2433,4016479,5318,8071706
315,10/24/2021 15:00:00,2056,4057376,1551.000000000000000,3707652,79.000000000000000,310457.000000000000000,2135,4367833,1630,4018109,3686,8075392
316,10/25/2021 15:00:00,4548,4061924,3068.000000000000000,3710720,320.000000000000000,310777.000000000000000,4868,4372701,3388,4021497,7936,8083328
317,10/26/2021 15:00:00,4511,4066435,3075.000000000000000,3713795,316.000000000000000,311093.000000000000000,4827,4377528,3391,4024888,7902,8091230
318,10/27/2021 15:00:00,4735,4071170,3338.000000000000000,3717133,436.000000000000000,311529.000000000000000,5171,4382699,3774,4028662,8509,8099739
319,10/28/2021 15:00:00,4569,4075739,3359.000000000000000,3720492,502.000000000000000,312031.000000000000000,5071,4387770,3861,4032523,8430,8108169
320,10/29/2021 15:00:00,4990,4080729,3917.000000000000000,3724409,395.000000000000000,312426.000000000000000,5385,4393155,4312,4036835,9302,8117471
321,10/30/2021 15:00:00,2632,4083361,1841.000000000000000,3726250,307.000000000000000,312733.000000000000000,2939,4396094,2148,4038983,4780,8122251
322,10/31/2021 15:00:00,1933,4085294,1518.000000000000000,3727768,93.000000000000000,312826.000000000000000,2026,4398120,1611,4040594,3544,8125795
323,11/1/2021 15:00:00,4732,4090026,3432.000000000000000,3731200,349.000000000000000,313175.000000000000000,5081,4403201,3781,4044375,8513,8134308
324,11/2/2021 15:00:00,4261,4094287,2940.000000000000000,3734140,409.000000000000000,313584.000000000000000,4670,4407871,3349,4047724,7610,8141918
325,11/3/2021 15:00:00,4663,4098950,3047.000000000000000,3737187,464.000000000000000,314048.000000000000000,5127,4412998,3511,4051235,8174,8150092
326,11/4/2021 15:00:00,6317,4105267,3365.000000000000000,3740552,513.000000000000000,314561.000000000000000,6830,4419828,3878,4055113,10195,8160287
327,11/5/2021 15:00:00,8243,4113510,3767.000000000000000,3744319,413.000000000000000,314974.000000000000000,8656,4428484,4180,4059293,12423,8172710
328,11/6/2021 15:00:00,10173,4123683,1970.000000000000000,3746289,308.000000000000000,315282.000000000000000,10481,4438965,2278,4061571,12451,8185161
329,11/7/2021 15:00:00,7717,4131400,1461.000000000000000,3747750,95.000000000000000,315377.000000000000000,7812,4446777,1556,4063127,9273,8194434
330,11/8/2021 15:00:00,11306,4142706,3049.000000000000000,3750799,379.000000000000000,315756.000000000000000,11685,4458462,3428,4066555,14734,8209168
331,11/9/2021 15:00:00,11763,4154469,2645.000000000000000,3753444,268.000000000000000,316024.000000000000000,12031,4470493,2913,4069468,14676,8223844
332,11/10/2021 15:00:00,12594,4167063,2759.000000000000000,3756203,339.000000000000000,316363.000000000000000,12933,4483426,3098,4072566,15692,8239536
333,11/11/2021 15:00:00,11372,4178435,2373.000000000000000,3758576,280.000000000000000,316643.000000000000000,11652,4495078,2653,4075219,14025,8253561
334,11/12/2021 15:00:00,12293,4190728,3355.000000000000000,3761931,548.000000000000000,317191.000000000000000,12841,4507919,3903,4079122,16196,8269757
335,11/13/2021 15:00:00,9896,4200624,1592.000000000000000,3763523,342.000000000000000,317533.000000000000000,10238,4518157,1934,4081056,11830,8281587
336,11/14/2021 15:00:00,4199,4204823,1112.000000000000000,3764635,121.000000000000000,317654.000000000000000,4320,4522477,1233,4082289,5432,8287019
337,11/15/2021 15:00:00,8629,4213452,2514.000000000000000,3767149,210.000000000000000,317864.000000000000000,8839,4531316,2724,4085013,11353,8298372
338,11/16/2021 15:00:00,9229,4222681,2506.000000000000000,3769655,257.000000000000000,318121.000000000000000,9486,4540802,2763,4087776,11992,8310364
339,11/17/2021 15:00:00,9388,4232069,2862.000000000000000,3772517,312.000000000000000,318433.000000000000000,9700,4550502,3174,4090950,12562,8322926
340,11/18/2021 15:00:00,9282,4241351,2624.000000000000000,3775141,481.000000000000000,318914.000000000000000,9763,4560265,3105,4094055,12387,8335313
341,11/19/2021 15:00:00,9807,4251158,2918.000000000000000,3778059,381.000000000000000,319295.000000000000000,10188,4570453,3299,4097354,13106,8348419
342,11/20/2021 15:00:00,10630,4261788,1602.000000000000000,3779661,455.000000000000000,319750.000000000000000,11085,4581538,2057,4099411,12687,8361106
343,11/21/2021 15:00:00,4342,4266130,1201.000000000000000,3780862,100.000000000000000,319850.000000000000000,4442,4585980,1301,4100712,5643,8366749
344,11/22/2021 15:00:00,9824,4275954,2489.000000000000000,3783351,293.000000000000000,320143.000000000000000,10117,4596097,2782,4103494,12606,8379355
345,11/23/2021 15:00:00,9211,4285165,2388.000000000000000,3785739,283.000000000000000,320426.000000000000000,9494,4605591,2671,4106165,11882,8391237
346,11/24/2021 15:00:00,8171,4293336,2434.000000000000000,3788173,216.000000000000000,320642.000000000000000,8387,4613978,2650,4108815,10821,8402058
347,11/25/2021 15:00:00,239,4293575,78.000000000000000,3788251,10.000000000000000,320652.000000000000000,249,4614227,88,4108903,327,8402385
348,11/26/2021 15:00:00,5653,4299228,3961.000000000000000,3792212,153.000000000000000,320805.000000000000000,5806,4620033,4114,4113017,9767,8412152
349,11/27/2021 15:00:00,3778,4303006,5480.000000000000000,3797692,134.000000000000000,320939.000000000000000,3912,4623945,5614,4118631,9392,8421544
350,11/28/2021 15:00:00,2415,4305421,6385.000000000000000,3804077,77.000000000000000,321016.000000000000000,2492,4626437,6462,4125093,8877,8430421
351,11/29/2021 15:00:00,6382,4311803,9289.000000000000000,3813366,379.000000000000000,321395.000000000000000,6761,4633198,9668,4134761,16050,8446471
352,11/30/2021 15:00:00,6254,4318057,9322.000000000000000,3822688,264.000000000000000,321659.000000000000000,6518,4639716,9586,4144347,15840,8462311
353,12/1/2021 15:00:00,7321,4325378,9727.000000000000000,3832415,308.000000000000000,321967.000000000000000,7629,4647345,10035,4154382,17356,8479667
354,12/2/2021 15:00:00,6929,4332307,8789.000000000000000,3841204,450.000000000000000,322417.000000000000000,7379,4654724,9239,4163621,16168,8495835
355,12/3/2021 15:00:00,7619,4339926,9263.000000000000000,3850467,251.000000000000000,322668.000000000000000,7870,4662594,9514,4173135,17133,8512968
356,12/4/2021 15:00:00,5953,4345879,10053.000000000000000,3860520,467.000000000000000,323135.000000000000000,6420,4669014,10520,4183655,16473,8529441
357,12/5/2021 15:00:00,3446,4349325,3549.000000000000000,3864069,78.000000000000000,323213.000000000000000,3524,4672538,3627,4187282,7073,8536514
358,12/6/2021 15:00:00,6768,4356093,7098.000000000000000,3871167,281.000000000000000,323494.000000000000000,7049,4679587,7379,4194661,14147,8550661
359,12/7/2021 15:00:00,6419,4362512,7041.000000000000000,3878208,250.000000000000000,323744.000000000000000,6669,4686256,7291,4201952,13710,8564371
360,12/8/2021 15:00:00,6943,4369455,7412.000000000000000,3885620,315.000000000000000,324059.000000000000000,7258,4693514,7727,4209679,14670,8579041
361,12/9/2021 15:00:00,6550,4376005,7028.000000000000000,3892648,398.000000000000000,324457.000000000000000,6948,4700462,7426,4217105,13976,8593017
362,12/10/2021 15:00:00,7293,4383298,7330.000000000000000,3899978,232.000000000000000,324689.000000000000000,7525,4707987,7562,4224667,14855,8607872
363,12/11/2021 15:00:00,4462,4387760,7675.000000000000000,3907653,333.000000000000000,325022.000000000000000,4795,4712782,8008,4232675,12470,8620342
364,12/12/2021 15:00:00,4001,4391761,2771.000000000000000,3910424,60.000000000000000,325082.000000000000000,4061,4716843,2831,4235506,6832,8627174
365,12/13/2021 15:00:00,5698,4397459,5769.000000000000000,3916193,243.000000000000000,325325.000000000000000,5941,4722784,6012,4241518,11710,8638884
366,12/14/2021 15:00:00,6469,4403928,5932.000000000000000,3922125,222.000000000000000,325547.000000000000000,6691,4729475,6154,4247672,12623,8651507
367,12/15/2021 15:00:00,7174,4411102,5720.000000000000000,3927845,258.000000000000000,325805.000000000000000,7432,4736907,5978,4253650,13152,8664659
368,12/16/2021 15:00:00,7899,4419001,2827.000000000000000,3930672,423.000000000000000,326228.000000000000000,8322,4745229,3250,4256900,11149,8675808
369,12/17/2021 15:00:00,7849,4426850,4163.000000000000000,3934835,195.000000000000000,326423.000000000000000,8044,4753273,4358,4261258,12207,8688015
370,12/18/2021 15:00:00,5846,4432696,3182.000000000000000,3938017,298.000000000000000,326721.000000000000000,6144,4759417,3480,4264738,9326,8697341
371,12/19/2021 15:00:00,3377,4436073,1342.000000000000000,3939359,37.000000000000000,326758.000000000000000,3414,4762831,1379,4266117,4756,8702097
372,12/20/2021 15:00:00,8102,4444175,3748.000000000000000,3943107,173.000000000000000,326931.000000000000000,8275,4771106,3921,4270038,12023,8714120
373,12/21/2021 15:00:00,9001,4453176,4160.000000000000000,3947267,175.000000000000000,327106.000000000000000,9176,4780282,4335,4274373,13336,8727456
374,12/22/2021 15:00:00,8698,4461874,3878.000000000000000,3951145,184.000000000000000,327290.000000000000000,8882,4789164,4062,4278435,12760,8740216
375,12/23/2021 15:00:00,8416,4470290,3573.000000000000000,3954718,359.000000000000000,327649.000000000000000,8775,4797939,3932,4282367,12348,8752564
376,12/24/2021 15:00:00,1635,4471925,1010.000000000000000,3955728,39.000000000000000,327688.000000000000000,1674,4799613,1049,4283416,2684,8755248
377,12/25/2021 15:00:00,47,4471972,36.000000000000000,3955764,1.000000000000000,327689.000000000000000,48,4799661,37,4283453,84,8755332
378,12/26/2021 15:00:00,2518,4474490,1746.000000000000000,3957510,44.000000000000000,327733.000000000000000,2562,4802223,1790,4285243,4308,8759640
379,12/27/2021 15:00:00,7220,4481710,4003.000000000000000,3961513,297.000000000000000,328030.000000000000000,7517,4809740,4300,4289543,11520,8771160
380,12/28/2021 15:00:00,7944,4489654,3859.000000000000000,3965372,178.000000000000000,328208.000000000000000,8122,4817862,4037,4293580,11981,8783141
381,12/29/2021 15:00:00,8244,4497898,4021.000000000000000,3969393,156.000000000000000,328364.000000000000000,8400,4826262,4177,4297757,12421,8795562
382,12/30/2021 15:00:00,7485,4505383,3791.000000000000000,3973184,290.000000000000000,328654.000000000000000,7775,4834037,4081,4301838,11566,8807128
383,12/31/2021 15:00:00,2576,4507959,1532.000000000000000,3974716,90.000000000000000,328744.000000000000000,2666,4836703,1622,4303460,4198,8811326
384,1/1/2022 15:00:00,737,4508696,347.000000000000000,3975063,34.000000000000000,328778.000000000000000,771,4837474,381,4303841,1118,8812444
385,1/2/2022 15:00:00,2216,4510912,1650.000000000000000,3976713,48.000000000000000,328826.000000000000000,2264,4839738,1698,4305539,3914,8816358
386,1/3/2022 15:00:00,3399,4514311,2067.000000000000000,3978780,222.000000000000000,329048.000000000000000,3621,4843359,2289,4307828,5688,8822046
387,1/4/2022 15:00:00,5859,4520170,3489.000000000000000,3982269,165.000000000000000,329213.000000000000000,6024,4849383,3654,4311482,9513,8831559
388,1/5/2022 15:00:00,6835,4527005,4697.000000000000000,3986966,175.000000000000000,329388.000000000000000,7010,4856393,4872,4316354,11707,8843266
389,1/6/2022 15:00:00,6783,4533788,4825.000000000000000,3991791,265.000000000000000,329653.000000000000000,7048,4863441,5090,4321444,11873,8855139
390,1/7/2022 15:00:00,6010,4539798,3784.000000000000000,3995575,162.000000000000000,329815.000000000000000,6172,4869613,3946,4325390,9956,8865095
391,1/8/2022 15:00:00,4810,4544608,3911.000000000000000,3999486,78.000000000000000,329893.000000000000000,4888,4874501,3989,4329379,8799,8873894
392,1/9/2022 15:00:00,2764,4547372,2017.000000000000000,4001503,154.000000000000000,330047.000000000000000,2918,4877419,2171,4331550,4935,8878829
393,1/10/2022 15:00:00,6358,4553730,3842.000000000000000,4005345,161.000000000000000,330208.000000000000000,6519,4883938,4003,4335553,10361,8889190
394,1/11/2022 15:00:00,6571,4560301,4256.000000000000000,4009601,142.000000000000000,330350.000000000000000,6713,4890651,4398,4339951,10969,8900159
395,1/12/2022 15:00:00,6828,4567129,4440.000000000000000,4014041,225.000000000000000,330575.000000000000000,7053,4897704,4665,4344616,11493,8911652
396,1/13/2022 15:00:00,6681,4573810,4387.000000000000000,4018428,153.000000000000000,330728.000000000000000,6834,4904538,4540,4349156,11221,8922873
397,1/14/2022 15:00:00,7235,4581045,3295.000000000000000,4021723,252.000000000000000,330980.000000000000000,7487,4912025,3547,4352703,10782,8933655
398,1/15/2022 15:00:00,4275,4585320,1698.000000000000000,4023421,71.000000000000000,331051.000000000000000,4346,4916371,1769,4354472,6044,8939699
399,1/16/2022 15:00:00,2219,4587539,1319.000000000000000,4024740,116.000000000000000,331167.000000000000000,2335,4918706,1435,4355907,3654,8943353
400,1/17/2022 15:00:00,3629,4591168,2372.000000000000000,4027112,74.000000000000000,331241.000000000000000,3703,4922409,2446,4358353,6075,8949428
401,1/18/2022 15:00:00,5298,4596466,4204.000000000000000,4031316,102.000000000000000,331343.000000000000000,5400,4927809,4306,4362659,9604,8959032
402,1/19/2022 15:00:00,5297,4601763,4483.000000000000000,4035799,99.000000000000000,331442.000000000000000,5396,4933205,4582,4367241,9879,8968911
403,1/20/2022 15:00:00,4528,4606291,3628.000000000000000,4039427,176.000000000000000,331618.000000000000000,4704,4937909,3804,4371045,8332,8977243
404,1/21/2022 15:00:00,5601,4611892,2935.000000000000000,4042362,126.000000000000000,331744.000000000000000,5727,4943636,3061,4374106,8662,8985905
405,1/22/2022 15:00:00,3462,4615354,1727.000000000000000,4044089,134.000000000000000,331878.000000000000000,3596,4947232,1861,4375967,5323,8991228
406,1/23/2022 15:00:00,2032,4617386,1496.000000000000000,4045585,30.000000000000000,331908.000000000000000,2062,4949294,1526,4377493,3558,8994786
407,1/24/2022 15:00:00,4126,4621512,2774.000000000000000,4048359,89.000000000000000,331997.000000000000000,4215,4953509,2863,4380356,6989,9001775
408,1/25/2022 15:00:00,3818,4625330,3315.000000000000000,4051674,95.000000000000000,332092.000000000000000,3913,4957422,3410,4383766,7228,9009003
409,1/26/2022 15:00:00,3880,4629210,3696.000000000000000,4055370,94.000000000000000,332186.000000000000000,3974,4961396,3790,4387556,7670,9016673
410,1/27/2022 15:00:00,3778,4632988,3922.000000000000000,4059292,187.000000000000000,332373.000000000000000,3965,4965361,4109,4391665,7887,9024560
411,1/28/2022 15:00:00,3854,4636842,3284.000000000000000,4062576,75.000000000000000,332448.000000000000000,3929,4969290,3359,4395024,7213,9031773
412,1/29/2022 15:00:00,2304,4639146,2294.000000000000000,4064870,117.000000000000000,332565.000000000000000,2421,4971711,2411,4397435,4715,9036488
413,1/30/2022 15:00:00,1560,4640706,1637.000000000000000,4066507,16.000000000000000,332581.000000000000000,1576,4973287,1653,4399088,3213,9039701
414,1/31/2022 15:00:00,2996,4643702,3239.000000000000000,4069746,58.000000000000000,332639.000000000000000,3054,4976341,3297,4402385,6293,9045994
415,2/1/2022 15:00:00,2644,4646346,3411.000000000000000,4073157,75.000000000000000,332714.000000000000000,2719,4979060,3486,4405871,6130,9052124
416,2/2/2022 15:00:00,2820,4649166,3724.000000000000000,4076881,77.000000000000000,332791.000000000000000,2897,4981957,3801,4409672,6621,9058745
417,2/3/2022 15:00:00,2764,4651930,3655.000000000000000,4080536,41.000000000000000,332832.000000000000000,2805,4984762,3696,4413368,6460,9065205
418,2/4/2022 15:00:00,2779,4654709,4382.000000000000000,4084918,128.000000000000000,332960.000000000000000,2907,4987669,4510,4417878,7289,9072494
419,2/5/2022 15:00:00,1927,4656636,2897.000000000000000,4087815,112.000000000000000,333072.000000000000000,2039,4989708,3009,4420887,4936,9077430
420,2/6/2022 15:00:00,1064,4657700,1343.000000000000000,4089158,24.000000000000000,333096.000000000000000,1088,4990796,1367,4422254,2431,9079861
421,2/7/2022 15:00:00,2061,4659761,2692.000000000000000,4091850,47.000000000000000,333143.000000000000000,2108,4992904,2739,4424993,4800,9084661
422,2/8/2022 15:00:00,2082,4661843,3069.000000000000000,4094919,63.000000000000000,333206.000000000000000,2145,4995049,3132,4428125,5214,9089875
423,2/9/2022 15:00:00,2195,4664038,3300.000000000000000,4098219,73.000000000000000,333279.000000000000000,2268,4997317,3373,4431498,5568,9095443
424,2/10/2022 15:00:00,2072,4666110,2846.000000000000000,4101065,55.000000000000000,333334.000000000000000,2127,4999444,2901,4434399,4973,9100416
425,2/11/2022 15:00:00,2465,4668575,3485.000000000000000,4104550,121.000000000000000,333455.000000000000000,2586,5002030,3606,4438005,6071,9106487
426,2/12/2022 15:00:00,1641,4670216,2267.000000000000000,4106817,97.000000000000000,333552.000000000000000,1738,5003768,2364,4440369,4005,9110492
427,2/13/2022 15:00:00,737,4670953,1078.000000000000000,4107895,17.000000000000000,333569.000000000000000,754,5004522,1095,4441464,1832,9112324
428,2/14/2022 15:00:00,1445,4672398,2212.000000000000000,4110107,65.000000000000000,333634.000000000000000,1510,5006032,2277,4443741,3722,9116046
429,2/15/2022 15:00:00,1895,4674293,2407.000000000000000,4112514,47.000000000000000,333681.000000000000000,1942,5007974,2454,4446195,4349,9120395
430,2/16/2022 15:00:00,1601,4675894,2345.000000000000000,4114859,49.000000000000000,333730.000000000000000,1650,5009624,2394,4448589,3995,9124390
431,2/17/2022 15:00:00,865,4676759,1177.000000000000000,4116036,24.000000000000000,333754.000000000000000,889,5010513,1201,4449790,2066,9126456