OBJECTID,VACCINATION_DATE,FirstDailyDose,FirstDoseCumulative,SecondDailyDose,SecondDoseCumulative,SingleDailyDose,SingleDoseCumulative,AtleastOneVaccine,AtleastOneVaccineCumulative,CompletedVax,CompletedVaxCumulative,FirstSecondSingleVaccination_12,FirstSecondSingleVaccination_13
1,12/14/2020 15:00:00,17,1078,,402,,,17,1078,0,402,17,1395
2,12/15/2020 15:00:00,54,1132,3.000000000000000,405,,,54,1132,3,405,57,1452
3,12/16/2020 15:00:00,579,1711,2.000000000000000,407,,,579,1711,2,407,581,2033
4,12/17/2020 15:00:00,1147,2858,2.000000000000000,409,,,1147,2858,2,409,1149,3182
5,12/18/2020 15:00:00,2996,5854,11.000000000000000,420,,,2996,5854,11,420,3007,6189
6,12/19/2020 15:00:00,921,6775,5.000000000000000,425,,,921,6775,5,425,926,7115
7,12/20/2020 15:00:00,341,7116,4.000000000000000,429,,,341,7116,4,429,345,7460
8,12/21/2020 15:00:00,3866,10982,24.000000000000000,453,,,3866,10982,24,453,3890,11350
9,12/22/2020 15:00:00,6294,17276,23.000000000000000,476,,,6294,17276,23,476,6317,17667
10,12/23/2020 15:00:00,5742,23018,33.000000000000000,509,,,5742,23018,33,509,5775,23442
11,12/24/2020 15:00:00,2718,25736,13.000000000000000,522,,,2718,25736,13,522,2731,26173
12,12/25/2020 15:00:00,1035,26771,3.000000000000000,525,,,1035,26771,3,525,1038,27211
13,12/26/2020 15:00:00,1873,28644,9.000000000000000,534,,,1873,28644,9,534,1882,29093
14,12/27/2020 15:00:00,1797,30441,10.000000000000000,544,,,1797,30441,10,544,1807,30900
15,12/28/2020 15:00:00,8961,39402,41.000000000000000,585,,,8961,39402,41,585,9002,39902
16,12/29/2020 15:00:00,10934,50336,44.000000000000000,629,,,10934,50336,44,629,10978,50880
17,12/30/2020 15:00:00,12472,62808,71.000000000000000,700,,,12472,62808,71,700,12543,63423
18,12/31/2020 15:00:00,7528,70336,40.000000000000000,740,,,7528,70336,40,740,7568,70991
19,1/1/2021 15:00:00,2783,73119,124.000000000000000,864,,,2783,73119,124,864,2907,73898
20,1/2/2021 15:00:00,3003,76122,34.000000000000000,898,,,3003,76122,34,898,3037,76935
21,1/3/2021 15:00:00,3383,79505,80.000000000000000,978,,,3383,79505,80,978,3463,80398
22,1/4/2021 15:00:00,13300,92805,320.000000000000000,1298,,,13300,92805,320,1298,13620,94018
23,1/5/2021 15:00:00,12428,105233,523.000000000000000,1821,,,12428,105233,523,1821,12951,106969
24,1/6/2021 15:00:00,15188,120421,846.000000000000000,2667,,,15188,120421,846,2667,16034,123003
25,1/7/2021 15:00:00,14968,135389,1742.000000000000000,4409,,,14968,135389,1742,4409,16710,139713
26,1/8/2021 15:00:00,23954,159343,2741.000000000000000,7150,,,23954,159343,2741,7150,26695,166408
27,1/9/2021 15:00:00,5142,164485,941.000000000000000,8091,,,5142,164485,941,8091,6083,172491
28,1/10/2021 15:00:00,2939,167424,371.000000000000000,8462,,,2939,167424,371,8462,3310,175801
29,1/11/2021 15:00:00,13684,181108,3442.000000000000000,11904,,,13684,181108,3442,11904,17126,192927
30,1/12/2021 15:00:00,17321,198429,5564.000000000000000,17468,,,17321,198429,5564,17468,22885,215812
31,1/13/2021 15:00:00,18542,216971,3876.000000000000000,21344,,,18542,216971,3876,21344,22418,238230
32,1/14/2021 15:00:00,17785,234756,1935.000000000000000,23279,,,17785,234756,1935,23279,19720,257950
33,1/15/2021 15:00:00,19392,254148,1990.000000000000000,25269,,,19392,254148,1990,25269,21382,279332
34,1/16/2021 15:00:00,5789,259937,1600.000000000000000,26869,,,5789,259937,1600,26869,7389,286721
35,1/17/2021 15:00:00,2107,262044,1472.000000000000000,28341,,,2107,262044,1472,28341,3579,290300
36,1/18/2021 15:00:00,7055,269099,3235.000000000000000,31576,,,7055,269099,3235,31576,10290,300590
37,1/19/2021 15:00:00,16890,285989,5372.000000000000000,36948,,,16890,285989,5372,36948,22262,322852
38,1/20/2021 15:00:00,20969,306958,5275.000000000000000,42223,,,20969,306958,5275,42223,26244,349096
39,1/21/2021 15:00:00,23726,330684,3782.000000000000000,46005,,,23726,330684,3782,46005,27508,376604
40,1/22/2021 15:00:00,28616,359300,3698.000000000000000,49703,,,28616,359300,3698,49703,32314,408918
41,1/23/2021 15:00:00,10084,369384,1916.000000000000000,51619,,,10084,369384,1916,51619,12000,420918
42,1/24/2021 15:00:00,3337,372721,1718.000000000000000,53337,,,3337,372721,1718,53337,5055,425973
43,1/25/2021 15:00:00,16277,388998,8562.000000000000000,61899,,,16277,388998,8562,61899,24839,450812
44,1/26/2021 15:00:00,17531,406529,8938.000000000000000,70837,,,17531,406529,8938,70837,26469,477281
45,1/27/2021 15:00:00,24418,430947,12498.000000000000000,83335,,,24418,430947,12498,83335,36916,514197
46,1/28/2021 15:00:00,22622,453569,9266.000000000000000,92601,,,22622,453569,9266,92601,31888,546085
47,1/29/2021 15:00:00,24734,478303,7859.000000000000000,100460,,,24734,478303,7859,100460,32593,578678
48,1/30/2021 15:00:00,17751,496054,2517.000000000000000,102977,,,17751,496054,2517,102977,20268,598946
49,1/31/2021 15:00:00,3747,499801,1332.000000000000000,104309,,,3747,499801,1332,104309,5079,604025
50,2/1/2021 15:00:00,7731,507532,5180.000000000000000,109489,,,7731,507532,5180,109489,12911,616936
51,2/2/2021 15:00:00,12425,519957,13760.000000000000000,123249,,,12425,519957,13760,123249,26185,643121
52,2/3/2021 15:00:00,18188,538145,18071.000000000000000,141320,,,18188,538145,18071,141320,36259,679380
53,2/4/2021 15:00:00,22045,560190,15702.000000000000000,157022,,,22045,560190,15702,157022,37747,717127
54,2/5/2021 15:00:00,20258,580448,17343.000000000000000,174365,,,20258,580448,17343,174365,37601,754728
55,2/6/2021 15:00:00,11275,591723,14430.000000000000000,188795,,,11275,591723,14430,188795,25705,780433
56,2/7/2021 15:00:00,5907,597630,1794.000000000000000,190589,,,5907,597630,1794,190589,7701,788134
57,2/8/2021 15:00:00,12927,610557,12879.000000000000000,203468,,,12927,610557,12879,203468,25806,813940
58,2/9/2021 15:00:00,16595,627152,13815.000000000000000,217283,,,16595,627152,13815,217283,30410,844350
59,2/10/2021 15:00:00,19222,646374,21170.000000000000000,238453,,,19222,646374,21170,238453,40392,884742
60,2/11/2021 15:00:00,22837,669211,17264.000000000000000,255717,,,22837,669211,17264,255717,40101,924843
61,2/12/2021 15:00:00,20332,689543,19559.000000000000000,275276,,,20332,689543,19559,275276,39891,964734
62,2/13/2021 15:00:00,11396,700939,6380.000000000000000,281656,,,11396,700939,6380,281656,17776,982510
63,2/14/2021 15:00:00,7095,708034,2104.000000000000000,283760,,,7095,708034,2104,283760,9199,991709
64,2/15/2021 15:00:00,11730,719764,13272.000000000000000,297032,,,11730,719764,13272,297032,25002,1016711
65,2/16/2021 15:00:00,16559,736323,20966.000000000000000,317998,,,16559,736323,20966,317998,37525,1054236
66,2/17/2021 15:00:00,20621,756944,26328.000000000000000,344326,,,20621,756944,26328,344326,46949,1101185
67,2/18/2021 15:00:00,3177,760121,4593.000000000000000,348919,,,3177,760121,4593,348919,7770,1108955
68,2/19/2021 15:00:00,10231,770352,19885.000000000000000,368804,,,10231,770352,19885,368804,30116,1139071
69,2/20/2021 15:00:00,10283,780635,20242.000000000000000,389046,,,10283,780635,20242,389046,30525,1169596
70,2/21/2021 15:00:00,6155,786790,7622.000000000000000,396668,,,6155,786790,7622,396668,13777,1183373
71,2/22/2021 15:00:00,8001,794791,15431.000000000000000,412099,,,8001,794791,15431,412099,23432,1206805
72,2/23/2021 15:00:00,15497,810288,15910.000000000000000,428009,,,15497,810288,15910,428009,31407,1238212
73,2/24/2021 15:00:00,17897,828185,24701.000000000000000,452710,,,17897,828185,24701,452710,42598,1280810
74,2/25/2021 15:00:00,20372,848557,26474.000000000000000,479184,,,20372,848557,26474,479184,46846,1327656
75,2/26/2021 15:00:00,26682,875239,26125.000000000000000,505309,,,26682,875239,26125,505309,52807,1380463
76,2/27/2021 15:00:00,15958,891197,11103.000000000000000,516412,,,15958,891197,11103,516412,27061,1407524
77,2/28/2021 15:00:00,15483,906680,4850.000000000000000,521262,,,15483,906680,4850,521262,20333,1427857
78,3/1/2021 15:00:00,26328,933008,12402.000000000000000,533664,,,26328,933008,12402,533664,38730,1466587
79,3/2/2021 15:00:00,23812,956820,13212.000000000000000,546876,32.000000000000000,32.000000000000000,23844,956852,13244,546908,37056,1503643
80,3/3/2021 15:00:00,30066,986886,18335.000000000000000,565211,181.000000000000000,213.000000000000000,30247,987099,18516,565424,48582,1552225
81,3/4/2021 15:00:00,30921,1017807,18124.000000000000000,583335,4065.000000000000000,4278.000000000000000,34986,1022085,22189,587613,53110,1605335
82,3/5/2021 15:00:00,29388,1047195,19402.000000000000000,602737,4911.000000000000000,9189.000000000000000,34299,1056384,24313,611926,53701,1659036
83,3/6/2021 15:00:00,17819,1065014,8939.000000000000000,611676,6003.000000000000000,15192.000000000000000,23822,1080206,14942,626868,32761,1691797
84,3/7/2021 15:00:00,12098,1077112,4821.000000000000000,616497,6612.000000000000000,21804.000000000000000,18710,1098916,11433,638301,23531,1715328
85,3/8/2021 15:00:00,25805,1102917,8779.000000000000000,625276,8276.000000000000000,30080.000000000000000,34081,1132997,17055,655356,42860,1758188
86,3/9/2021 15:00:00,26056,1128973,15390.000000000000000,640666,8344.000000000000000,38424.000000000000000,34400,1167397,23734,679090,49790,1807978
87,3/10/2021 15:00:00,29789,1158762,15919.000000000000000,656585,7932.000000000000000,46356.000000000000000,37721,1205118,23851,702941,53640,1861618
88,3/11/2021 15:00:00,35899,1194661,16381.000000000000000,672966,3980.000000000000000,50336.000000000000000,39879,1244997,20361,723302,56260,1917878
89,3/12/2021 15:00:00,36853,1231514,18008.000000000000000,690974,2920.000000000000000,53256.000000000000000,39773,1284770,20928,744230,57781,1975659
90,3/13/2021 15:00:00,22635,1254149,10239.000000000000000,701213,1606.000000000000000,54862.000000000000000,24241,1309011,11845,756075,34480,2010139
91,3/14/2021 15:00:00,17826,1271975,6674.000000000000000,707887,999.000000000000000,55861.000000000000000,18825,1327836,7673,763748,25499,2035638
92,3/15/2021 15:00:00,29743,1301718,11229.000000000000000,719116,593.000000000000000,56454.000000000000000,30336,1358172,11822,775570,41565,2077203
93,3/16/2021 15:00:00,33369,1335087,13507.000000000000000,732623,765.000000000000000,57219.000000000000000,34134,1392306,14272,789842,47641,2124844
94,3/17/2021 15:00:00,37513,1372600,16967.000000000000000,749590,1175.000000000000000,58394.000000000000000,38688,1430994,18142,807984,55655,2180499
95,3/18/2021 15:00:00,41347,1413947,12559.000000000000000,762149,1348.000000000000000,59742.000000000000000,42695,1473689,13907,821891,55254,2235753
96,3/19/2021 15:00:00,38246,1452193,15348.000000000000000,777497,1036.000000000000000,60778.000000000000000,39282,1512971,16384,838275,54630,2290383
97,3/20/2021 15:00:00,24641,1476834,10083.000000000000000,787580,698.000000000000000,61476.000000000000000,25339,1538310,10781,849056,35422,2325805
98,3/21/2021 15:00:00,19136,1495970,7825.000000000000000,795405,333.000000000000000,61809.000000000000000,19469,1557779,8158,857214,27294,2353099
99,3/22/2021 15:00:00,32512,1528482,11412.000000000000000,806817,834.000000000000000,62643.000000000000000,33346,1591125,12246,869460,44758,2397857
100,3/23/2021 15:00:00,37714,1566196,17281.000000000000000,824098,1552.000000000000000,64195.000000000000000,39266,1630391,18833,888293,56547,2454404
101,3/24/2021 15:00:00,41020,1607216,21117.000000000000000,845215,1379.000000000000000,65574.000000000000000,42399,1672790,22496,910789,63516,2517920
102,3/25/2021 15:00:00,42290,1649506,20962.000000000000000,866177,2455.000000000000000,68029.000000000000000,44745,1717535,23417,934206,65707,2583627
103,3/26/2021 15:00:00,36552,1686058,26214.000000000000000,892391,2499.000000000000000,70528.000000000000000,39051,1756586,28713,962919,65265,2648892
104,3/27/2021 15:00:00,26898,1712956,16741.000000000000000,909132,2481.000000000000000,73009.000000000000000,29379,1785965,19222,982141,46120,2695012
105,3/28/2021 15:00:00,17001,1729957,12596.000000000000000,921728,1614.000000000000000,74623.000000000000000,18615,1804580,14210,996351,31211,2726223
106,3/29/2021 15:00:00,29675,1759632,26182.000000000000000,947910,1138.000000000000000,75761.000000000000000,30813,1835393,27320,1023671,56995,2783218
107,3/30/2021 15:00:00,39986,1799618,28886.000000000000000,976796,1855.000000000000000,77616.000000000000000,41841,1877234,30741,1054412,70727,2853945
108,3/31/2021 15:00:00,40989,1840607,34548.000000000000000,1011344,5745.000000000000000,83361.000000000000000,46734,1923968,40293,1094705,81282,2935227
109,4/1/2021 15:00:00,40909,1881516,39770.000000000000000,1051114,5637.000000000000000,88998.000000000000000,46546,1970514,45407,1140112,86316,3021543
110,4/2/2021 15:00:00,34927,1916443,32450.000000000000000,1083564,6111.000000000000000,95109.000000000000000,41038,2011552,38561,1178673,73488,3095031
111,4/3/2021 15:00:00,21593,1938036,18642.000000000000000,1102206,4363.000000000000000,99472.000000000000000,25956,2037508,23005,1201678,44598,3139629
112,4/4/2021 15:00:00,8229,1946265,10158.000000000000000,1112364,961.000000000000000,100433.000000000000000,9190,2046698,11119,1212797,19348,3158977
113,4/5/2021 15:00:00,27860,1974125,28809.000000000000000,1141173,6647.000000000000000,107080.000000000000000,34507,2081205,35456,1248253,63316,3222293
114,4/6/2021 15:00:00,39702,2013827,30357.000000000000000,1171530,10484.000000000000000,117564.000000000000000,50186,2131391,40841,1289094,80543,3302836
115,4/7/2021 15:00:00,35987,2049814,34138.000000000000000,1205668,12965.000000000000000,130529.000000000000000,48952,2180343,47103,1336197,83090,3385926
116,4/8/2021 15:00:00,42246,2092060,35951.000000000000000,1241619,13848.000000000000000,144377.000000000000000,56094,2236437,49799,1385996,92045,3477971
117,4/9/2021 15:00:00,33972,2126032,36233.000000000000000,1277852,14517.000000000000000,158894.000000000000000,48489,2284926,50750,1436746,84722,3562693
118,4/10/2021 15:00:00,23415,2149447,23071.000000000000000,1300923,7618.000000000000000,166512.000000000000000,31033,2315959,30689,1467435,54104,3616797
119,4/11/2021 15:00:00,17546,2166993,13246.000000000000000,1314169,10120.000000000000000,176632.000000000000000,27666,2343625,23366,1490801,40912,3657709
120,4/12/2021 15:00:00,24548,2191541,33096.000000000000000,1347265,10889.000000000000000,187521.000000000000000,35437,2379062,43985,1534786,68533,3726242
121,4/13/2021 15:00:00,126742,2318283,90528.000000000000000,1437793,3292.000000000000000,190813.000000000000000,130034,2509096,93820,1628606,220562,3946804
122,4/14/2021 15:00:00,40662,2358945,37708.000000000000000,1475501,211.000000000000000,191024.000000000000000,40873,2549969,37919,1666525,78581,4025385
123,4/15/2021 15:00:00,41656,2400601,39092.000000000000000,1514593,173.000000000000000,191197.000000000000000,41829,2591798,39265,1705790,80921,4106306
124,4/16/2021 15:00:00,37170,2437771,38670.000000000000000,1553263,23.000000000000000,191220.000000000000000,37193,2628991,38693,1744483,75863,4182169
125,4/17/2021 15:00:00,32755,2470526,21953.000000000000000,1575216,12.000000000000000,191232.000000000000000,32767,2661758,21965,1766448,54720,4236889
126,4/18/2021 15:00:00,20056,2490582,16162.000000000000000,1591378,5.000000000000000,191237.000000000000000,20061,2681819,16167,1782615,36223,4273112
127,4/19/2021 15:00:00,29864,2520446,36449.000000000000000,1627827,61.000000000000000,191298.000000000000000,29925,2711744,36510,1819125,66374,4339486
128,4/20/2021 15:00:00,33074,2553520,44132.000000000000000,1671959,55.000000000000000,191353.000000000000000,33129,2744873,44187,1863312,77261,4416747
129,4/21/2021 15:00:00,39770,2593290,46870.000000000000000,1718829,22.000000000000000,191375.000000000000000,39792,2784665,46892,1910204,86662,4503409
130,4/22/2021 15:00:00,36363,2629653,41934.000000000000000,1760763,16.000000000000000,191391.000000000000000,36379,2821044,41950,1952154,78313,4581722
131,4/23/2021 15:00:00,33073,2662726,39950.000000000000000,1800713,13.000000000000000,191404.000000000000000,33086,2854130,39963,1992117,73036,4654758
132,4/24/2021 15:00:00,26386,2689112,27797.000000000000000,1828510,80.000000000000000,191484.000000000000000,26466,2880596,27877,2019994,54263,4709021
133,4/25/2021 15:00:00,20214,2709326,10913.000000000000000,1839423,30.000000000000000,191514.000000000000000,20244,2900840,10943,2030937,31157,4740178
134,4/26/2021 15:00:00,27398,2736724,32586.000000000000000,1872009,202.000000000000000,191716.000000000000000,27600,2928440,32788,2063725,60186,4800364
135,4/27/2021 15:00:00,26687,2763411,32923.000000000000000,1904932,1096.000000000000000,192812.000000000000000,27783,2956223,34019,2097744,60706,4861070
136,4/28/2021 15:00:00,28905,2792316,39403.000000000000000,1944335,1362.000000000000000,194174.000000000000000,30267,2986490,40765,2138509,69670,4930740
137,4/29/2021 15:00:00,27291,2819607,39343.000000000000000,1983678,1463.000000000000000,195637.000000000000000,28754,3015244,40806,2179315,68097,4998837
138,4/30/2021 15:00:00,28162,2847769,32098.000000000000000,2015776,1644.000000000000000,197281.000000000000000,29806,3045050,33742,2213057,61904,5060741
139,5/1/2021 15:00:00,20452,2868221,26391.000000000000000,2042167,1030.000000000000000,198311.000000000000000,21482,3066532,27421,2240478,47873,5108614
140,5/2/2021 15:00:00,10270,2878491,16994.000000000000000,2059161,819.000000000000000,199130.000000000000000,11089,3077621,17813,2258291,28083,5136697
141,5/3/2021 15:00:00,12723,2891214,28383.000000000000000,2087544,1909.000000000000000,201039.000000000000000,14632,3092253,30292,2288583,43015,5179712
142,5/4/2021 15:00:00,13520,2904734,38379.000000000000000,2125923,1733.000000000000000,202772.000000000000000,15253,3107506,40112,2328695,53632,5233344
143,5/5/2021 15:00:00,19319,2924053,37631.000000000000000,2163554,1920.000000000000000,204692.000000000000000,21239,3128745,39551,2368246,58870,5292214
144,5/6/2021 15:00:00,16921,2940974,40486.000000000000000,2204040,1717.000000000000000,206409.000000000000000,18638,3147383,42203,2410449,59124,5351338
145,5/7/2021 15:00:00,17385,2958359,35962.000000000000000,2240002,1954.000000000000000,208363.000000000000000,19339,3166722,37916,2448365,55301,5406639
146,5/8/2021 15:00:00,10782,2969141,31148.000000000000000,2271150,1291.000000000000000,209654.000000000000000,12073,3178795,32439,2480804,43221,5449860
147,5/9/2021 15:00:00,5051,2974192,11890.000000000000000,2283040,696.000000000000000,210350.000000000000000,5747,3184542,12586,2493390,17637,5467497
148,5/10/2021 15:00:00,8946,2983138,30963.000000000000000,2314003,1356.000000000000000,211706.000000000000000,10302,3194844,32319,2525709,41265,5508762
149,5/11/2021 15:00:00,12188,2995326,30208.000000000000000,2344211,1436.000000000000000,213142.000000000000000,13624,3208468,31644,2557353,43832,5552594
150,5/12/2021 15:00:00,13943,3009269,38522.000000000000000,2382733,1916.000000000000000,215058.000000000000000,15859,3224327,40438,2597791,54381,5606975
151,5/13/2021 15:00:00,21828,3031097,33380.000000000000000,2416113,1346.000000000000000,216404.000000000000000,23174,3247501,34726,2632517,56554,5663529
152,5/14/2021 15:00:00,24323,3055420,29926.000000000000000,2446039,1770.000000000000000,218174.000000000000000,26093,3273594,31696,2664213,56019,5719548
153,5/15/2021 15:00:00,21876,3077296,25027.000000000000000,2471066,1489.000000000000000,219663.000000000000000,23365,3296959,26516,2690729,48392,5767940
154,5/16/2021 15:00:00,9073,3086369,17527.000000000000000,2488593,1112.000000000000000,220775.000000000000000,10185,3307144,18639,2709368,27712,5795652
155,5/17/2021 15:00:00,16826,3103195,28287.000000000000000,2516880,1949.000000000000000,222724.000000000000000,18775,3325919,30236,2739604,47062,5842714
156,5/18/2021 15:00:00,21241,3124436,30615.000000000000000,2547495,1941.000000000000000,224665.000000000000000,23182,3349101,32556,2772160,53797,5896511
157,5/19/2021 15:00:00,27583,3152019,32334.000000000000000,2579829,1625.000000000000000,226290.000000000000000,29208,3378309,33959,2806119,61542,5958053
158,5/20/2021 15:00:00,20773,3172792,33154.000000000000000,2612983,1963.000000000000000,228253.000000000000000,22736,3401045,35117,2841236,55890,6013943
159,5/21/2021 15:00:00,19132,3191924,30204.000000000000000,2643187,1607.000000000000000,229860.000000000000000,20739,3421784,31811,2873047,50943,6064886
160,5/22/2021 15:00:00,16901,3208825,20631.000000000000000,2663818,1269.000000000000000,231129.000000000000000,18170,3439954,21900,2894947,38801,6103687
161,5/23/2021 15:00:00,8749,3217574,11419.000000000000000,2675237,964.000000000000000,232093.000000000000000,9713,3449667,12383,2907330,21132,6124819
162,5/24/2021 15:00:00,13560,3231134,17709.000000000000000,2692946,1475.000000000000000,233568.000000000000000,15035,3464702,19184,2926514,32744,6157563
163,5/25/2021 15:00:00,13001,3244135,18624.000000000000000,2711570,1327.000000000000000,234895.000000000000000,14328,3479030,19951,2946465,32952,6190515
164,5/26/2021 15:00:00,18263,3262398,19410.000000000000000,2730980,1510.000000000000000,236405.000000000000000,19773,3498803,20920,2967385,39183,6229698
165,5/27/2021 15:00:00,11677,3274075,18607.000000000000000,2749587,1115.000000000000000,237520.000000000000000,12792,3511595,19722,2987107,31399,6261097
166,5/28/2021 15:00:00,12505,3286580,19695.000000000000000,2769282,1397.000000000000000,238917.000000000000000,13902,3525497,21092,3008199,33597,6294694
167,5/29/2021 15:00:00,9548,3296128,11615.000000000000000,2780897,934.000000000000000,239851.000000000000000,10482,3535979,12549,3020748,22097,6316791
168,5/30/2021 15:00:00,4967,3301095,6412.000000000000000,2787309,597.000000000000000,240448.000000000000000,5564,3541543,7009,3027757,11976,6328767
169,5/31/2021 15:00:00,1776,3302871,3702.000000000000000,2791011,305.000000000000000,240753.000000000000000,2081,3543624,4007,3031764,5783,6334550
170,6/1/2021 15:00:00,9775,3312646,16274.000000000000000,2807285,1150.000000000000000,241903.000000000000000,10925,3554549,17424,3049188,27199,6361749
171,6/2/2021 15:00:00,10220,3322866,16764.000000000000000,2824049,959.000000000000000,242862.000000000000000,11179,3565728,17723,3066911,27943,6389692
172,6/3/2021 15:00:00,7891,3330757,21130.000000000000000,2845179,1085.000000000000000,243947.000000000000000,8976,3574704,22215,3089126,30106,6419798
173,6/4/2021 15:00:00,8213,3338970,22224.000000000000000,2867403,1121.000000000000000,245068.000000000000000,9334,3584038,23345,3112471,31558,6451356
174,6/5/2021 15:00:00,7009,3345979,19397.000000000000000,2886800,719.000000000000000,245787.000000000000000,7728,3591766,20116,3132587,27125,6478481
175,6/6/2021 15:00:00,3463,3349442,7209.000000000000000,2894009,422.000000000000000,246209.000000000000000,3885,3595651,7631,3140218,11094,6489575
176,6/7/2021 15:00:00,6847,3356289,15719.000000000000000,2909728,725.000000000000000,246934.000000000000000,7572,3603223,16444,3156662,23291,6512866
177,6/8/2021 15:00:00,6668,3362957,19647.000000000000000,2929375,819.000000000000000,247753.000000000000000,7487,3610710,20466,3177128,27134,6540000
178,6/9/2021 15:00:00,8195,3371152,23887.000000000000000,2953262,968.000000000000000,248721.000000000000000,9163,3619873,24855,3201983,33050,6573050
179,6/10/2021 15:00:00,7158,3378310,19064.000000000000000,2972326,893.000000000000000,249614.000000000000000,8051,3627924,19957,3221940,27115,6600165
180,6/11/2021 15:00:00,7464,3385774,17678.000000000000000,2990004,1125.000000000000000,250739.000000000000000,8589,3636513,18803,3240743,26267,6626432
181,6/12/2021 15:00:00,5233,3391007,14710.000000000000000,3004714,604.000000000000000,251343.000000000000000,5837,3642350,15314,3256057,20547,6646979
182,6/13/2021 15:00:00,1932,3392939,7550.000000000000000,3012264,425.000000000000000,251768.000000000000000,2357,3644707,7975,3264032,9907,6656886
183,6/14/2021 15:00:00,5655,3398594,11796.000000000000000,3024060,728.000000000000000,252496.000000000000000,6383,3651090,12524,3276556,18179,6675065
184,6/15/2021 15:00:00,5645,3404239,14278.000000000000000,3038338,870.000000000000000,253366.000000000000000,6515,3657605,15148,3291704,20793,6695858
185,6/16/2021 15:00:00,8752,3412991,21534.000000000000000,3059872,757.000000000000000,254123.000000000000000,9509,3667114,22291,3313995,31043,6726901
186,6/17/2021 15:00:00,6677,3419668,12325.000000000000000,3072197,717.000000000000000,254840.000000000000000,7394,3674508,13042,3327037,19719,6746620
187,6/18/2021 15:00:00,6832,3426500,12691.000000000000000,3084888,703.000000000000000,255543.000000000000000,7535,3682043,13394,3340431,20226,6766846
188,6/19/2021 15:00:00,4658,3431158,9348.000000000000000,3094236,614.000000000000000,256157.000000000000000,5272,3687315,9962,3350393,14620,6781466
189,6/20/2021 15:00:00,2500,3433658,5034.000000000000000,3099270,378.000000000000000,256535.000000000000000,2878,3690193,5412,3355805,7912,6789378
190,6/21/2021 15:00:00,5547,3439205,5312.000000000000000,3104582,636.000000000000000,257171.000000000000000,6183,3696376,5948,3361753,11495,6800873
191,6/22/2021 15:00:00,5190,3444395,8837.000000000000000,3113419,681.000000000000000,257852.000000000000000,5871,3702247,9518,3371271,14708,6815581
192,6/23/2021 15:00:00,6057,3450452,10286.000000000000000,3123705,644.000000000000000,258496.000000000000000,6701,3708948,10930,3382201,16987,6832568
193,6/24/2021 15:00:00,5925,3456377,8177.000000000000000,3131882,593.000000000000000,259089.000000000000000,6518,3715466,8770,3390971,14695,6847263
194,6/25/2021 15:00:00,5824,3462201,8611.000000000000000,3140493,619.000000000000000,259708.000000000000000,6443,3721909,9230,3400201,15054,6862317
195,6/26/2021 15:00:00,3701,3465902,6286.000000000000000,3146779,396.000000000000000,260104.000000000000000,4097,3726006,6682,3406883,10383,6872700
196,6/27/2021 15:00:00,2805,3468707,3508.000000000000000,3150287,184.000000000000000,260288.000000000000000,2989,3728995,3692,3410575,6497,6879197
197,6/28/2021 15:00:00,4728,3473435,6079.000000000000000,3156366,521.000000000000000,260809.000000000000000,5249,3734244,6600,3417175,11328,6890525
198,6/29/2021 15:00:00,5061,3478496,6431.000000000000000,3162797,517.000000000000000,261326.000000000000000,5578,3739822,6948,3424123,12009,6902534
199,6/30/2021 15:00:00,5600,3484096,7358.000000000000000,3170155,602.000000000000000,261928.000000000000000,6202,3746024,7960,3432083,13560,6916094
200,7/1/2021 15:00:00,5334,3489430,6906.000000000000000,3177061,491.000000000000000,262419.000000000000000,5825,3751849,7397,3439480,12731,6928825
201,7/2/2021 15:00:00,5282,3494712,6801.000000000000000,3183862,519.000000000000000,262938.000000000000000,5801,3757650,7320,3446800,12602,6941427
202,7/3/2021 15:00:00,3259,3497971,4047.000000000000000,3187909,260.000000000000000,263198.000000000000000,3519,3761169,4307,3451107,7566,6948993
203,7/4/2021 15:00:00,493,3498464,542.000000000000000,3188451,66.000000000000000,263264.000000000000000,559,3761728,608,3451715,1101,6950094
204,7/5/2021 15:00:00,3751,3502215,3943.000000000000000,3192394,282.000000000000000,263546.000000000000000,4033,3765761,4225,3455940,7976,6958070
205,7/6/2021 15:00:00,4480,3506695,6220.000000000000000,3198614,451.000000000000000,263997.000000000000000,4931,3770692,6671,3462611,11151,6969221
206,7/7/2021 15:00:00,4454,3511149,6371.000000000000000,3204985,482.000000000000000,264479.000000000000000,4936,3775628,6853,3469464,11307,6980528
207,7/8/2021 15:00:00,4829,3515978,6123.000000000000000,3211108,563.000000000000000,265042.000000000000000,5392,3781020,6686,3476150,11515,6992043
208,7/9/2021 15:00:00,5342,3521320,6620.000000000000000,3217728,571.000000000000000,265613.000000000000000,5913,3786933,7191,3483341,12533,7004576
209,7/10/2021 15:00:00,3519,3524839,4375.000000000000000,3222103,301.000000000000000,265914.000000000000000,3820,3790753,4676,3488017,8195,7012771
210,7/11/2021 15:00:00,2669,3527508,2554.000000000000000,3224657,222.000000000000000,266136.000000000000000,2891,3793644,2776,3490793,5445,7018216
211,7/12/2021 15:00:00,4410,3531918,5087.000000000000000,3229744,377.000000000000000,266513.000000000000000,4787,3798431,5464,3496257,9874,7028090
212,7/13/2021 15:00:00,4746,3536664,4584.000000000000000,3234328,365.000000000000000,266878.000000000000000,5111,3803542,4949,3501206,9695,7037785
213,7/14/2021 15:00:00,4601,3541265,5243.000000000000000,3239571,422.000000000000000,267300.000000000000000,5023,3808565,5665,3506871,10266,7048051
214,7/15/2021 15:00:00,4872,3546137,4972.000000000000000,3244543,356.000000000000000,267656.000000000000000,5228,3813793,5328,3512199,10200,7058251
215,7/16/2021 15:00:00,6272,3552409,5799.000000000000000,3250342,401.000000000000000,268057.000000000000000,6673,3820466,6200,3518399,12472,7070723
216,7/17/2021 15:00:00,3403,3555812,3537.000000000000000,3253879,300.000000000000000,268357.000000000000000,3703,3824169,3837,3522236,7240,7077963
217,7/18/2021 15:00:00,2300,3558112,2366.000000000000000,3256245,110.000000000000000,268467.000000000000000,2410,3826579,2476,3524712,4776,7082739
218,7/19/2021 15:00:00,5246,3563358,4463.000000000000000,3260708,377.000000000000000,268844.000000000000000,5623,3832202,4840,3529552,10086,7092825
219,7/20/2021 15:00:00,5328,3568686,4680.000000000000000,3265388,366.000000000000000,269210.000000000000000,5694,3837896,5046,3534598,10374,7103199
220,7/21/2021 15:00:00,5629,3574315,4902.000000000000000,3270290,415.000000000000000,269625.000000000000000,6044,3843940,5317,3539915,10946,7114145
221,7/22/2021 15:00:00,6012,3580327,4596.000000000000000,3274886,469.000000000000000,270094.000000000000000,6481,3850421,5065,3544980,11077,7125222
222,7/23/2021 15:00:00,6823,3587150,4812.000000000000000,3279698,489.000000000000000,270583.000000000000000,7312,3857733,5301,3550281,12124,7137346
223,7/24/2021 15:00:00,4275,3591425,3189.000000000000000,3282887,267.000000000000000,270850.000000000000000,4542,3862275,3456,3553737,7731,7145077
224,7/25/2021 15:00:00,3289,3594714,1109.000000000000000,3283996,138.000000000000000,270988.000000000000000,3427,3865702,1247,3554984,4536,7149613
225,7/26/2021 15:00:00,6196,3600910,3875.000000000000000,3287871,414.000000000000000,271402.000000000000000,6610,3872312,4289,3559273,10485,7160098
226,7/27/2021 15:00:00,6341,3607251,4041.000000000000000,3291912,453.000000000000000,271855.000000000000000,6794,3879106,4494,3563767,10835,7170933
227,7/28/2021 15:00:00,6798,3614049,3992.000000000000000,3295904,458.000000000000000,272313.000000000000000,7256,3886362,4450,3568217,11248,7182181
228,7/29/2021 15:00:00,6804,3620853,4129.000000000000000,3300033,416.000000000000000,272729.000000000000000,7220,3893582,4545,3572762,11349,7193530
229,7/30/2021 15:00:00,7525,3628378,4500.000000000000000,3304533,521.000000000000000,273250.000000000000000,8046,3901628,5021,3577783,12546,7206076
230,7/31/2021 15:00:00,4777,3633155,3033.000000000000000,3307566,272.000000000000000,273522.000000000000000,5049,3906677,3305,3581088,8082,7214158
231,8/1/2021 15:00:00,3812,3636967,2105.000000000000000,3309671,158.000000000000000,273680.000000000000000,3970,3910647,2263,3583351,6075,7220233
232,8/2/2021 15:00:00,7014,3643981,3627.000000000000000,3313298,335.000000000000000,274015.000000000000000,7349,3917996,3962,3587313,10976,7231209
233,8/3/2021 15:00:00,6998,3650979,3888.000000000000000,3317186,510.000000000000000,274525.000000000000000,7508,3925504,4398,3591711,11396,7242605
234,8/4/2021 15:00:00,7157,3658136,3884.000000000000000,3321070,528.000000000000000,275053.000000000000000,7685,3933189,4412,3596123,11569,7254174
235,8/5/2021 15:00:00,7665,3665801,4103.000000000000000,3325173,535.000000000000000,275588.000000000000000,8200,3941389,4638,3600761,12303,7266477
236,8/6/2021 15:00:00,8284,3674085,4678.000000000000000,3329851,451.000000000000000,276039.000000000000000,8735,3950124,5129,3605890,13413,7279890
237,8/7/2021 15:00:00,5247,3679332,2792.000000000000000,3332643,264.000000000000000,276303.000000000000000,5511,3955635,3056,3608946,8303,7288193
238,8/8/2021 15:00:00,3947,3683279,2036.000000000000000,3334679,141.000000000000000,276444.000000000000000,4088,3959723,2177,3611123,6124,7294317
239,8/9/2021 15:00:00,6913,3690192,4499.000000000000000,3339178,364.000000000000000,276808.000000000000000,7277,3967000,4863,3615986,11776,7306093
240,8/10/2021 15:00:00,7118,3697310,4430.000000000000000,3343608,337.000000000000000,277145.000000000000000,7455,3974455,4767,3620753,11885,7317978
241,8/11/2021 15:00:00,7027,3704337,4415.000000000000000,3348023,438.000000000000000,277583.000000000000000,7465,3981920,4853,3625606,11880,7329858
242,8/12/2021 15:00:00,8569,3712906,4709.000000000000000,3352732,441.000000000000000,278024.000000000000000,9010,3990930,5150,3630756,13719,7343577
243,8/13/2021 15:00:00,7111,3720017,5328.000000000000000,3358060,392.000000000000000,278416.000000000000000,7503,3998433,5720,3636476,12831,7356408
244,8/14/2021 15:00:00,4912,3724929,3330.000000000000000,3361390,285.000000000000000,278701.000000000000000,5197,4003630,3615,3640091,8527,7364935
245,8/15/2021 15:00:00,3318,3728247,2723.000000000000000,3364113,163.000000000000000,278864.000000000000000,3481,4007111,2886,3642977,6204,7371139
246,8/16/2021 15:00:00,5422,3733669,5065.000000000000000,3369178,350.000000000000000,279214.000000000000000,5772,4012883,5415,3648392,10837,7381976
247,8/17/2021 15:00:00,6948,3740617,5167.000000000000000,3374345,387.000000000000000,279601.000000000000000,7335,4020218,5554,3653946,12502,7394478
248,8/18/2021 15:00:00,6504,3747121,5279.000000000000000,3379624,476.000000000000000,280077.000000000000000,6980,4027198,5755,3659701,12259,7406737
249,8/19/2021 15:00:00,5979,3753100,5306.000000000000000,3384930,415.000000000000000,280492.000000000000000,6394,4033592,5721,3665422,11700,7418437
250,8/20/2021 15:00:00,7027,3760127,6304.000000000000000,3391234,402.000000000000000,280894.000000000000000,7429,4041021,6706,3672128,13733,7432170
251,8/21/2021 15:00:00,4311,3764438,3901.000000000000000,3395135,225.000000000000000,281119.000000000000000,4536,4045557,4126,3676254,8437,7440607
252,8/22/2021 15:00:00,3060,3767498,3154.000000000000000,3398289,109.000000000000000,281228.000000000000000,3169,4048726,3263,3679517,6323,7446930
253,8/23/2021 15:00:00,6158,3773656,5906.000000000000000,3404195,285.000000000000000,281513.000000000000000,6443,4055169,6191,3685708,12349,7459279
254,8/24/2021 15:00:00,6635,3780291,5859.000000000000000,3410054,424.000000000000000,281937.000000000000000,7059,4062228,6283,3691991,12918,7472197
255,8/25/2021 15:00:00,6888,3787179,5995.000000000000000,3416049,439.000000000000000,282376.000000000000000,7327,4069555,6434,3698425,13322,7485519
256,8/26/2021 15:00:00,7172,3794351,6412.000000000000000,3422461,428.000000000000000,282804.000000000000000,7600,4077155,6840,3705265,14012,7499531
257,8/27/2021 15:00:00,6856,3801207,7006.000000000000000,3429467,316.000000000000000,283120.000000000000000,7172,4084327,7322,3712587,14178,7513709
258,8/28/2021 15:00:00,6899,3808106,6480.000000000000000,3435947,326.000000000000000,283446.000000000000000,7225,4091552,6806,3719393,13705,7527414
259,8/29/2021 15:00:00,3738,3811844,3674.000000000000000,3439621,611.000000000000000,284057.000000000000000,4349,4095901,4285,3723678,8023,7535437
260,8/30/2021 15:00:00,5945,3817789,6078.000000000000000,3445699,960.000000000000000,285017.000000000000000,6905,4102806,7038,3730716,12983,7548420
261,8/31/2021 15:00:00,5692,3823481,5908.000000000000000,3451607,945.000000000000000,285962.000000000000000,6637,4109443,6853,3737569,12545,7560965
262,9/1/2021 15:00:00,5541,3829022,5567.000000000000000,3457174,906.000000000000000,286868.000000000000000,6447,4115890,6473,3744042,12014,7572979
263,9/2/2021 15:00:00,5526,3834548,5881.000000000000000,3463055,702.000000000000000,287570.000000000000000,6228,4122118,6583,3750625,12109,7585088
264,9/3/2021 15:00:00,5993,3840541,6872.000000000000000,3469927,971.000000000000000,288541.000000000000000,6964,4129082,7843,3758468,13836,7598924
265,9/4/2021 15:00:00,3712,3844253,4318.000000000000000,3474245,877.000000000000000,289418.000000000000000,4589,4133671,5195,3763663,8907,7607831
266,9/5/2021 15:00:00,2949,3847202,2796.000000000000000,3477041,105.000000000000000,289523.000000000000000,3054,4136725,2901,3766564,5850,7613681
267,9/6/2021 15:00:00,1052,3848254,1139.000000000000000,3478180,62.000000000000000,289585.000000000000000,1114,4137839,1201,3767765,2253,7615934
268,9/7/2021 15:00:00,5343,3853597,7242.000000000000000,3485422,2304.000000000000000,291889.000000000000000,7647,4145486,9546,3777311,14889,7630823
269,9/8/2021 15:00:00,4660,3858257,5431.000000000000000,3490853,364.000000000000000,292253.000000000000000,5024,4150510,5795,3783106,10455,7641278
270,9/9/2021 15:00:00,5072,3863329,5347.000000000000000,3496200,324.000000000000000,292577.000000000000000,5396,4155906,5671,3788777,10743,7652021
271,9/10/2021 15:00:00,6537,3869866,6581.000000000000000,3502781,1716.000000000000000,294293.000000000000000,8253,4164159,8297,3797074,14834,7666855
272,9/11/2021 15:00:00,4164,3874030,4313.000000000000000,3507094,663.000000000000000,294956.000000000000000,4827,4168986,4976,3802050,9140,7675995
273,9/12/2021 15:00:00,3155,3877185,3227.000000000000000,3510321,436.000000000000000,295392.000000000000000,3591,4172577,3663,3805713,6818,7682813
274,9/13/2021 15:00:00,4662,3881847,4831.000000000000000,3515152,345.000000000000000,295737.000000000000000,5007,4177584,5176,3810889,9838,7692651
275,9/14/2021 15:00:00,4577,3886424,5181.000000000000000,3520333,435.000000000000000,296172.000000000000000,5012,4182596,5616,3816505,10193,7702844
276,9/15/2021 15:00:00,4851,3891275,5585.000000000000000,3525918,387.000000000000000,296559.000000000000000,5238,4187834,5972,3822477,10823,7713667
277,9/16/2021 15:00:00,4585,3895860,5598.000000000000000,3531516,332.000000000000000,296891.000000000000000,4917,4192751,5930,3828407,10515,7724182
278,9/17/2021 15:00:00,5040,3900900,6323.000000000000000,3537839,341.000000000000000,297232.000000000000000,5381,4198132,6664,3835071,11704,7735886
279,9/18/2021 15:00:00,3773,3904673,4554.000000000000000,3542393,185.000000000000000,297417.000000000000000,3958,4202090,4739,3839810,8512,7744398
280,9/19/2021 15:00:00,2744,3907417,3153.000000000000000,3545546,75.000000000000000,297492.000000000000000,2819,4204909,3228,3843038,5972,7750370
281,9/20/2021 15:00:00,3543,3910960,4458.000000000000000,3550004,427.000000000000000,297919.000000000000000,3970,4208879,4885,3847923,8428,7758798
282,9/21/2021 15:00:00,3789,3914749,4804.000000000000000,3554808,325.000000000000000,298244.000000000000000,4114,4212993,5129,3853052,8918,7767716
283,9/22/2021 15:00:00,4190,3918939,4740.000000000000000,3559548,459.000000000000000,298703.000000000000000,4649,4217642,5199,3858251,9389,7777105
284,9/23/2021 15:00:00,4178,3923117,4686.000000000000000,3564234,490.000000000000000,299193.000000000000000,4668,4222310,5176,3863427,9354,7786459
285,9/24/2021 15:00:00,5067,3928184,5571.000000000000000,3569805,422.000000000000000,299615.000000000000000,5489,4227799,5993,3869420,11060,7797519
286,9/25/2021 15:00:00,3622,3931806,3623.000000000000000,3573428,385.000000000000000,300000.000000000000000,4007,4231806,4008,3873428,7630,7805149
287,9/26/2021 15:00:00,2353,3934159,2654.000000000000000,3576082,421.000000000000000,300421.000000000000000,2774,4234580,3075,3876503,5428,7810577
288,9/27/2021 15:00:00,4505,3938664,2680.000000000000000,3578762,508.000000000000000,300929.000000000000000,5013,4239593,3188,3879691,7693,7818270
289,9/28/2021 15:00:00,4402,3943066,4431.000000000000000,3583193,211.000000000000000,301140.000000000000000,4613,4244206,4642,3884333,9044,7827314
290,9/29/2021 15:00:00,4698,3947764,4485.000000000000000,3587678,918.000000000000000,302058.000000000000000,5616,4249822,5403,3889736,10101,7837415
291,9/30/2021 15:00:00,4887,3952651,4548.000000000000000,3592226,791.000000000000000,302849.000000000000000,5678,4255500,5339,3895075,10226,7847641
292,10/1/2021 15:00:00,5437,3958088,5272.000000000000000,3597498,778.000000000000000,303627.000000000000000,6215,4261715,6050,3901125,11487,7859128
293,10/2/2021 15:00:00,2936,3961024,2884.000000000000000,3600382,187.000000000000000,303814.000000000000000,3123,4264838,3071,3904196,6007,7865135
294,10/3/2021 15:00:00,2075,3963099,2373.000000000000000,3602755,86.000000000000000,303900.000000000000000,2161,4266999,2459,3906655,4534,7869669
295,10/4/2021 15:00:00,4144,3967243,3360.000000000000000,3606115,233.000000000000000,304133.000000000000000,4377,4271376,3593,3910248,7737,7877406
296,10/5/2021 15:00:00,4056,3971299,3563.000000000000000,3609678,204.000000000000000,304337.000000000000000,4260,4275636,3767,3914015,7823,7885229
297,10/6/2021 15:00:00,4116,3975415,3482.000000000000000,3613160,264.000000000000000,304601.000000000000000,4380,4280016,3746,3917761,7862,7893091
298,10/7/2021 15:00:00,4354,3979769,3490.000000000000000,3616650,330.000000000000000,304931.000000000000000,4684,4284700,3820,3921581,8174,7901265
299,10/8/2021 15:00:00,4934,3984703,4107.000000000000000,3620757,281.000000000000000,305212.000000000000000,5215,4289915,4388,3925969,9322,7910587
300,10/9/2021 15:00:00,2681,3987384,2666.000000000000000,3623423,270.000000000000000,305482.000000000000000,2951,4292866,2936,3928905,5617,7916204
301,10/10/2021 15:00:00,1863,3989247,1840.000000000000000,3625263,59.000000000000000,305541.000000000000000,1922,4294788,1899,3930804,3762,7919966
302,10/11/2021 15:00:00,4359,3993606,3185.000000000000000,3628448,248.000000000000000,305789.000000000000000,4607,4299395,3433,3934237,7792,7927758
303,10/12/2021 15:00:00,3731,3997337,3386.000000000000000,3631834,269.000000000000000,306058.000000000000000,4000,4303395,3655,3937892,7386,7935144
304,10/13/2021 15:00:00,3970,4001307,3430.000000000000000,3635264,347.000000000000000,306405.000000000000000,4317,4307712,3777,3941669,7747,7942891
305,10/14/2021 15:00:00,5159,4006466,5441.000000000000000,3640705,428.000000000000000,306833.000000000000000,5587,4313299,5869,3947538,11028,7953919
306,10/15/2021 15:00:00,4723,4011189,4552.000000000000000,3645257,347.000000000000000,307180.000000000000000,5070,4318369,4899,3952437,9622,7963541
307,10/16/2021 15:00:00,2499,4013688,2490.000000000000000,3647747,289.000000000000000,307469.000000000000000,2788,4321157,2779,3955216,5278,7968819
308,10/17/2021 15:00:00,1807,4015495,1772.000000000000000,3649519,55.000000000000000,307524.000000000000000,1862,4323019,1827,3957043,3634,7972453
309,10/18/2021 15:00:00,4294,4019789,3558.000000000000000,3653077,266.000000000000000,307790.000000000000000,4560,4327579,3824,3960867,8118,7980571
310,10/19/2021 15:00:00,4308,4024097,4012.000000000000000,3657089,222.000000000000000,308012.000000000000000,4530,4332109,4234,3965101,8542,7989113
311,10/20/2021 15:00:00,3527,4027624,3414.000000000000000,3660503,254.000000000000000,308266.000000000000000,3781,4335890,3668,3968769,7195,7996308
312,10/21/2021 15:00:00,3303,4030927,3244.000000000000000,3663747,290.000000000000000,308556.000000000000000,3593,4339483,3534,3972303,6837,8003145
313,10/22/2021 15:00:00,4698,4035625,4022.000000000000000,3667769,475.000000000000000,309031.000000000000000,5173,4344656,4497,3976800,9195,8012340
314,10/23/2021 15:00:00,2903,4038528,2123.000000000000000,3669892,321.000000000000000,309352.000000000000000,3224,4347880,2444,3979244,5347,8017687
315,10/24/2021 15:00:00,2062,4040590,1553.000000000000000,3671445,77.000000000000000,309429.000000000000000,2139,4350019,1630,3980874,3692,8021379
316,10/25/2021 15:00:00,4549,4045139,3088.000000000000000,3674533,316.000000000000000,309745.000000000000000,4865,4354884,3404,3984278,7953,8029332
317,10/26/2021 15:00:00,4514,4049653,3132.000000000000000,3677665,308.000000000000000,310053.000000000000000,4822,4359706,3440,3987718,7954,8037286
318,10/27/2021 15:00:00,4738,4054391,3366.000000000000000,3681031,428.000000000000000,310481.000000000000000,5166,4364872,3794,3991512,8532,8045818
319,10/28/2021 15:00:00,4551,4058942,3393.000000000000000,3684424,495.000000000000000,310976.000000000000000,5046,4369918,3888,3995400,8439,8054257
320,10/29/2021 15:00:00,4970,4063912,3901.000000000000000,3688325,391.000000000000000,311367.000000000000000,5361,4375279,4292,3999692,9262,8063519
321,10/30/2021 15:00:00,2632,4066544,1854.000000000000000,3690179,308.000000000000000,311675.000000000000000,2940,4378219,2162,4001854,4794,8068313
322,10/31/2021 15:00:00,1947,4068491,1502.000000000000000,3691681,94.000000000000000,311769.000000000000000,2041,4380260,1596,4003450,3543,8071856
323,11/1/2021 15:00:00,4630,4073121,3460.000000000000000,3695141,337.000000000000000,312106.000000000000000,4967,4385227,3797,4007247,8427,8080283
324,11/2/2021 15:00:00,4245,4077366,3014.000000000000000,3698155,404.000000000000000,312510.000000000000000,4649,4389876,3418,4010665,7663,8087946
325,11/3/2021 15:00:00,4613,4081979,3118.000000000000000,3701273,457.000000000000000,312967.000000000000000,5070,4394946,3575,4014240,8188,8096134
326,11/4/2021 15:00:00,6020,4087999,3396.000000000000000,3704669,513.000000000000000,313480.000000000000000,6533,4401479,3909,4018149,9929,8106063
327,11/5/2021 15:00:00,7850,4095849,3830.000000000000000,3708499,407.000000000000000,313887.000000000000000,8257,4409736,4237,4022386,12087,8118150
328,11/6/2021 15:00:00,10002,4105851,1973.000000000000000,3710472,305.000000000000000,314192.000000000000000,10307,4420043,2278,4024664,12280,8130430
329,11/7/2021 15:00:00,7491,4113342,1405.000000000000000,3711877,94.000000000000000,314286.000000000000000,7585,4427628,1499,4026163,8990,8139420
330,11/8/2021 15:00:00,11161,4124503,3082.000000000000000,3714959,375.000000000000000,314661.000000000000000,11536,4439164,3457,4029620,14618,8154038
331,11/9/2021 15:00:00,11529,4136032,2682.000000000000000,3717641,261.000000000000000,314922.000000000000000,11790,4450954,2943,4032563,14472,8168510
332,11/10/2021 15:00:00,12293,4148325,2813.000000000000000,3720454,335.000000000000000,315257.000000000000000,12628,4463582,3148,4035711,15441,8183951
333,11/11/2021 15:00:00,11073,4159398,2422.000000000000000,3722876,279.000000000000000,315536.000000000000000,11352,4474934,2701,4038412,13774,8197725
334,11/12/2021 15:00:00,12079,4171477,3416.000000000000000,3726292,544.000000000000000,316080.000000000000000,12623,4487557,3960,4042372,16039,8213764
335,11/13/2021 15:00:00,9637,4181114,1572.000000000000000,3727864,340.000000000000000,316420.000000000000000,9977,4497534,1912,4044284,11549,8225313
336,11/14/2021 15:00:00,3819,4184933,1119.000000000000000,3728983,119.000000000000000,316539.000000000000000,3938,4501472,1238,4045522,5057,8230370
337,11/15/2021 15:00:00,8461,4193394,2587.000000000000000,3731570,200.000000000000000,316739.000000000000000,8661,4510133,2787,4048309,11248,8241618
338,11/16/2021 15:00:00,8936,4202330,2561.000000000000000,3734131,248.000000000000000,316987.000000000000000,9184,4519317,2809,4051118,11745,8253363
339,11/17/2021 15:00:00,9132,4211462,2861.000000000000000,3736992,308.000000000000000,317295.000000000000000,9440,4528757,3169,4054287,12301,8265664
340,11/18/2021 15:00:00,8951,4220413,2669.000000000000000,3739661,477.000000000000000,317772.000000000000000,9428,4538185,3146,4057433,12097,8277761
341,11/19/2021 15:00:00,9514,4229927,2946.000000000000000,3742607,370.000000000000000,318142.000000000000000,9884,4548069,3316,4060749,12830,8290591
342,11/20/2021 15:00:00,10306,4240233,1560.000000000000000,3744167,438.000000000000000,318580.000000000000000,10744,4558813,1998,4062747,12304,8302895
343,11/21/2021 15:00:00,4212,4244445,1183.000000000000000,3745350,94.000000000000000,318674.000000000000000,4306,4563119,1277,4064024,5489,8308384
344,11/22/2021 15:00:00,9451,4253896,2530.000000000000000,3747880,282.000000000000000,318956.000000000000000,9733,4572852,2812,4066836,12263,8320647
345,11/23/2021 15:00:00,8773,4262669,2421.000000000000000,3750301,267.000000000000000,319223.000000000000000,9040,4581892,2688,4069524,11461,8332108
346,11/24/2021 15:00:00,7544,4270213,2355.000000000000000,3752656,203.000000000000000,319426.000000000000000,7747,4589639,2558,4072082,10102,8342210
347,11/25/2021 15:00:00,166,4270379,66.000000000000000,3752722,7.000000000000000,319433.000000000000000,173,4589812,73,4072155,239,8342449
348,11/26/2021 15:00:00,4488,4274867,3397.000000000000000,3756119,131.000000000000000,319564.000000000000000,4619,4594431,3528,4075683,8016,8350465
349,11/27/2021 15:00:00,2653,4277520,4772.000000000000000,3760891,105.000000000000000,319669.000000000000000,2758,4597189,4877,4080560,7530,8357995
350,11/28/2021 15:00:00,664,4278184,3954.000000000000000,3764845,43.000000000000000,319712.000000000000000,707,4597896,3997,4084557,4661,8362656