OBJECTID,VACCINATION_DATE,FirstDailyDose,FirstDoseCumulative,SecondDailyDose,SecondDoseCumulative,SingleDailyDose,SingleDoseCumulative,AtleastOneVaccine,AtleastOneVaccineCumulative,CompletedVax,CompletedVaxCumulative,FirstSecondSingleVaccination_12,FirstSecondSingleVaccination_13
1,12/14/2020 15:00:00,17,1084,,403,,,17,1084,0,403,17,1402
2,12/15/2020 15:00:00,54,1138,3.000000000000000,406,,,54,1138,3,406,57,1459
3,12/16/2020 15:00:00,580,1718,2.000000000000000,408,,,580,1718,2,408,582,2041
4,12/17/2020 15:00:00,1147,2865,2.000000000000000,410,,,1147,2865,2,410,1149,3190
5,12/18/2020 15:00:00,2996,5861,11.000000000000000,421,,,2996,5861,11,421,3007,6197
6,12/19/2020 15:00:00,921,6782,5.000000000000000,426,,,921,6782,5,426,926,7123
7,12/20/2020 15:00:00,342,7124,4.000000000000000,430,,,342,7124,4,430,346,7469
8,12/21/2020 15:00:00,3866,10990,24.000000000000000,454,,,3866,10990,24,454,3890,11359
9,12/22/2020 15:00:00,6295,17285,23.000000000000000,477,,,6295,17285,23,477,6318,17677
10,12/23/2020 15:00:00,5742,23027,33.000000000000000,510,,,5742,23027,33,510,5775,23452
11,12/24/2020 15:00:00,2718,25745,13.000000000000000,523,,,2718,25745,13,523,2731,26183
12,12/25/2020 15:00:00,1035,26780,3.000000000000000,526,,,1035,26780,3,526,1038,27221
13,12/26/2020 15:00:00,1873,28653,9.000000000000000,535,,,1873,28653,9,535,1882,29103
14,12/27/2020 15:00:00,1798,30451,10.000000000000000,545,,,1798,30451,10,545,1808,30911
15,12/28/2020 15:00:00,8961,39412,42.000000000000000,587,,,8961,39412,42,587,9003,39914
16,12/29/2020 15:00:00,10935,50347,44.000000000000000,631,,,10935,50347,44,631,10979,50893
17,12/30/2020 15:00:00,12472,62819,72.000000000000000,703,,,12472,62819,72,703,12544,63437
18,12/31/2020 15:00:00,7528,70347,40.000000000000000,743,,,7528,70347,40,743,7568,71005
19,1/1/2021 15:00:00,2797,73144,125.000000000000000,868,,,2797,73144,125,868,2922,73927
20,1/2/2021 15:00:00,3005,76149,34.000000000000000,902,,,3005,76149,34,902,3039,76966
21,1/3/2021 15:00:00,3386,79535,80.000000000000000,982,,,3386,79535,80,982,3466,80432
22,1/4/2021 15:00:00,13300,92835,320.000000000000000,1302,,,13300,92835,320,1302,13620,94052
23,1/5/2021 15:00:00,12427,105262,525.000000000000000,1827,,,12427,105262,525,1827,12952,107004
24,1/6/2021 15:00:00,15190,120452,847.000000000000000,2674,,,15190,120452,847,2674,16037,123041
25,1/7/2021 15:00:00,14969,135421,1742.000000000000000,4416,,,14969,135421,1742,4416,16711,139752
26,1/8/2021 15:00:00,23957,159378,2741.000000000000000,7157,,,23957,159378,2741,7157,26698,166450
27,1/9/2021 15:00:00,5142,164520,941.000000000000000,8098,,,5142,164520,941,8098,6083,172533
28,1/10/2021 15:00:00,2938,167458,372.000000000000000,8470,,,2938,167458,372,8470,3310,175843
29,1/11/2021 15:00:00,13685,181143,3444.000000000000000,11914,,,13685,181143,3444,11914,17129,192972
30,1/12/2021 15:00:00,17322,198465,5564.000000000000000,17478,,,17322,198465,5564,17478,22886,215858
31,1/13/2021 15:00:00,18544,217009,3878.000000000000000,21356,,,18544,217009,3878,21356,22422,238280
32,1/14/2021 15:00:00,17785,234794,1935.000000000000000,23291,,,17785,234794,1935,23291,19720,258000
33,1/15/2021 15:00:00,19396,254190,1990.000000000000000,25281,,,19396,254190,1990,25281,21386,279386
34,1/16/2021 15:00:00,5791,259981,1600.000000000000000,26881,,,5791,259981,1600,26881,7391,286777
35,1/17/2021 15:00:00,2107,262088,1472.000000000000000,28353,,,2107,262088,1472,28353,3579,290356
36,1/18/2021 15:00:00,7055,269143,3235.000000000000000,31588,,,7055,269143,3235,31588,10290,300646
37,1/19/2021 15:00:00,16890,286033,5373.000000000000000,36961,,,16890,286033,5373,36961,22263,322909
38,1/20/2021 15:00:00,20973,307006,5277.000000000000000,42238,,,20973,307006,5277,42238,26250,349159
39,1/21/2021 15:00:00,23726,330732,3783.000000000000000,46021,,,23726,330732,3783,46021,27509,376668
40,1/22/2021 15:00:00,28617,359349,3700.000000000000000,49721,,,28617,359349,3700,49721,32317,408985
41,1/23/2021 15:00:00,10083,369432,1919.000000000000000,51640,,,10083,369432,1919,51640,12002,420987
42,1/24/2021 15:00:00,3336,372768,1719.000000000000000,53359,,,3336,372768,1719,53359,5055,426042
43,1/25/2021 15:00:00,16279,389047,8563.000000000000000,61922,,,16279,389047,8563,61922,24842,450884
44,1/26/2021 15:00:00,17532,406579,8936.000000000000000,70858,,,17532,406579,8936,70858,26468,477352
45,1/27/2021 15:00:00,24418,430997,12499.000000000000000,83357,,,24418,430997,12499,83357,36917,514269
46,1/28/2021 15:00:00,22622,453619,9268.000000000000000,92625,,,22622,453619,9268,92625,31890,546159
47,1/29/2021 15:00:00,24735,478354,7861.000000000000000,100486,,,24735,478354,7861,100486,32596,578755
48,1/30/2021 15:00:00,17751,496105,2518.000000000000000,103004,,,17751,496105,2518,103004,20269,599024
49,1/31/2021 15:00:00,3746,499851,1332.000000000000000,104336,,,3746,499851,1332,104336,5078,604102
50,2/1/2021 15:00:00,7740,507591,5182.000000000000000,109518,,,7740,507591,5182,109518,12922,617024
51,2/2/2021 15:00:00,12428,520019,13762.000000000000000,123280,,,12428,520019,13762,123280,26190,643214
52,2/3/2021 15:00:00,18189,538208,18071.000000000000000,141351,,,18189,538208,18071,141351,36260,679474
53,2/4/2021 15:00:00,22048,560256,15702.000000000000000,157053,,,22048,560256,15702,157053,37750,717224
54,2/5/2021 15:00:00,20258,580514,17346.000000000000000,174399,,,20258,580514,17346,174399,37604,754828
55,2/6/2021 15:00:00,11278,591792,14429.000000000000000,188828,,,11278,591792,14429,188828,25707,780535
56,2/7/2021 15:00:00,5907,597699,1794.000000000000000,190622,,,5907,597699,1794,190622,7701,788236
57,2/8/2021 15:00:00,12929,610628,12881.000000000000000,203503,,,12929,610628,12881,203503,25810,814046
58,2/9/2021 15:00:00,16598,627226,13817.000000000000000,217320,,,16598,627226,13817,217320,30415,844461
59,2/10/2021 15:00:00,19223,646449,21172.000000000000000,238492,,,19223,646449,21172,238492,40395,884856
60,2/11/2021 15:00:00,22838,669287,17265.000000000000000,255757,,,22838,669287,17265,255757,40103,924959
61,2/12/2021 15:00:00,20332,689619,19561.000000000000000,275318,,,20332,689619,19561,275318,39893,964852
62,2/13/2021 15:00:00,11397,701016,6381.000000000000000,281699,,,11397,701016,6381,281699,17778,982630
63,2/14/2021 15:00:00,7096,708112,2105.000000000000000,283804,,,7096,708112,2105,283804,9201,991831
64,2/15/2021 15:00:00,11730,719842,13275.000000000000000,297079,,,11730,719842,13275,297079,25005,1016836
65,2/16/2021 15:00:00,16559,736401,20968.000000000000000,318047,,,16559,736401,20968,318047,37527,1054363
66,2/17/2021 15:00:00,20619,757020,26329.000000000000000,344376,,,20619,757020,26329,344376,46948,1101311
67,2/18/2021 15:00:00,3177,760197,4594.000000000000000,348970,,,3177,760197,4594,348970,7771,1109082
68,2/19/2021 15:00:00,10232,770429,19887.000000000000000,368857,,,10232,770429,19887,368857,30119,1139201
69,2/20/2021 15:00:00,10284,780713,20244.000000000000000,389101,,,10284,780713,20244,389101,30528,1169729
70,2/21/2021 15:00:00,6156,786869,7621.000000000000000,396722,,,6156,786869,7621,396722,13777,1183506
71,2/22/2021 15:00:00,8003,794872,15431.000000000000000,412153,,,8003,794872,15431,412153,23434,1206940
72,2/23/2021 15:00:00,15496,810368,15914.000000000000000,428067,,,15496,810368,15914,428067,31410,1238350
73,2/24/2021 15:00:00,17901,828269,24699.000000000000000,452766,,,17901,828269,24699,452766,42600,1280950
74,2/25/2021 15:00:00,20372,848641,26474.000000000000000,479240,,,20372,848641,26474,479240,46846,1327796
75,2/26/2021 15:00:00,26685,875326,26123.000000000000000,505363,,,26685,875326,26123,505363,52808,1380604
76,2/27/2021 15:00:00,15956,891282,11107.000000000000000,516470,,,15956,891282,11107,516470,27063,1407667
77,2/28/2021 15:00:00,15485,906767,4850.000000000000000,521320,,,15485,906767,4850,521320,20335,1428002
78,3/1/2021 15:00:00,26344,933111,12408.000000000000000,533728,,,26344,933111,12408,533728,38752,1466754
79,3/2/2021 15:00:00,23814,956925,13215.000000000000000,546943,32.000000000000000,32.000000000000000,23846,956957,13247,546975,37061,1503815
80,3/3/2021 15:00:00,30070,986995,18336.000000000000000,565279,181.000000000000000,213.000000000000000,30251,987208,18517,565492,48587,1552402
81,3/4/2021 15:00:00,30922,1017917,18125.000000000000000,583404,4065.000000000000000,4278.000000000000000,34987,1022195,22190,587682,53112,1605514
82,3/5/2021 15:00:00,29389,1047306,19402.000000000000000,602806,4913.000000000000000,9191.000000000000000,34302,1056497,24315,611997,53704,1659218
83,3/6/2021 15:00:00,17819,1065125,8940.000000000000000,611746,6004.000000000000000,15195.000000000000000,23823,1080320,14944,626941,32763,1691981
84,3/7/2021 15:00:00,12097,1077222,4822.000000000000000,616568,6612.000000000000000,21807.000000000000000,18709,1099029,11434,638375,23531,1715512
85,3/8/2021 15:00:00,25806,1103028,8779.000000000000000,625347,8277.000000000000000,30084.000000000000000,34083,1133112,17056,655431,42862,1758374
86,3/9/2021 15:00:00,26056,1129084,15393.000000000000000,640740,8344.000000000000000,38428.000000000000000,34400,1167512,23737,679168,49793,1808167
87,3/10/2021 15:00:00,29791,1158875,15919.000000000000000,656659,7932.000000000000000,46360.000000000000000,37723,1205235,23851,703019,53642,1861809
88,3/11/2021 15:00:00,35900,1194775,16382.000000000000000,673041,3980.000000000000000,50340.000000000000000,39880,1245115,20362,723381,56262,1918071
89,3/12/2021 15:00:00,36854,1231629,18008.000000000000000,691049,2920.000000000000000,53260.000000000000000,39774,1284889,20928,744309,57782,1975853
90,3/13/2021 15:00:00,22636,1254265,10240.000000000000000,701289,1607.000000000000000,54867.000000000000000,24243,1309132,11847,756156,34483,2010336
91,3/14/2021 15:00:00,17826,1272091,6674.000000000000000,707963,999.000000000000000,55866.000000000000000,18825,1327957,7673,763829,25499,2035835
92,3/15/2021 15:00:00,29748,1301839,11231.000000000000000,719194,593.000000000000000,56459.000000000000000,30341,1358298,11824,775653,41572,2077407
93,3/16/2021 15:00:00,33371,1335210,13510.000000000000000,732704,765.000000000000000,57224.000000000000000,34136,1392434,14275,789928,47646,2125053
94,3/17/2021 15:00:00,37517,1372727,16971.000000000000000,749675,1175.000000000000000,58399.000000000000000,38692,1431126,18146,808074,55663,2180716
95,3/18/2021 15:00:00,41356,1414083,12557.000000000000000,762232,1348.000000000000000,59747.000000000000000,42704,1473830,13905,821979,55261,2235977
96,3/19/2021 15:00:00,38250,1452333,15349.000000000000000,777581,1036.000000000000000,60783.000000000000000,39286,1513116,16385,838364,54635,2290612
97,3/20/2021 15:00:00,24647,1476980,10084.000000000000000,787665,698.000000000000000,61481.000000000000000,25345,1538461,10782,849146,35429,2326041
98,3/21/2021 15:00:00,19138,1496118,7828.000000000000000,795493,332.000000000000000,61813.000000000000000,19470,1557931,8160,857306,27298,2353339
99,3/22/2021 15:00:00,32513,1528631,11412.000000000000000,806905,834.000000000000000,62647.000000000000000,33347,1591278,12246,869552,44759,2398098
100,3/23/2021 15:00:00,37713,1566344,17279.000000000000000,824184,1552.000000000000000,64199.000000000000000,39265,1630543,18831,888383,56544,2454642
101,3/24/2021 15:00:00,41024,1607368,21117.000000000000000,845301,1380.000000000000000,65579.000000000000000,42404,1672947,22497,910880,63521,2518163
102,3/25/2021 15:00:00,42292,1649660,20965.000000000000000,866266,2455.000000000000000,68034.000000000000000,44747,1717694,23420,934300,65712,2583875
103,3/26/2021 15:00:00,36554,1686214,26218.000000000000000,892484,2499.000000000000000,70533.000000000000000,39053,1756747,28717,963017,65271,2649146
104,3/27/2021 15:00:00,26899,1713113,16742.000000000000000,909226,2481.000000000000000,73014.000000000000000,29380,1786127,19223,982240,46122,2695268
105,3/28/2021 15:00:00,17001,1730114,12596.000000000000000,921822,1614.000000000000000,74628.000000000000000,18615,1804742,14210,996450,31211,2726479
106,3/29/2021 15:00:00,29678,1759792,26182.000000000000000,948004,1138.000000000000000,75766.000000000000000,30816,1835558,27320,1023770,56998,2783477
107,3/30/2021 15:00:00,39987,1799779,28887.000000000000000,976891,1855.000000000000000,77621.000000000000000,41842,1877400,30742,1054512,70729,2854206
108,3/31/2021 15:00:00,40991,1840770,34553.000000000000000,1011444,5745.000000000000000,83366.000000000000000,46736,1924136,40298,1094810,81289,2935495
109,4/1/2021 15:00:00,40927,1881697,39778.000000000000000,1051222,5638.000000000000000,89004.000000000000000,46565,1970701,45416,1140226,86343,3021838
110,4/2/2021 15:00:00,34930,1916627,32451.000000000000000,1083673,6112.000000000000000,95116.000000000000000,41042,2011743,38563,1178789,73493,3095331
111,4/3/2021 15:00:00,21593,1938220,18643.000000000000000,1102316,4363.000000000000000,99479.000000000000000,25956,2037699,23006,1201795,44599,3139930
112,4/4/2021 15:00:00,8230,1946450,10158.000000000000000,1112474,962.000000000000000,100441.000000000000000,9192,2046891,11120,1212915,19350,3159280
113,4/5/2021 15:00:00,27862,1974312,28812.000000000000000,1141286,6646.000000000000000,107087.000000000000000,34508,2081399,35458,1248373,63320,3222600
114,4/6/2021 15:00:00,39700,2014012,30363.000000000000000,1171649,10484.000000000000000,117571.000000000000000,50184,2131583,40847,1289220,80547,3303147
115,4/7/2021 15:00:00,35991,2050003,34141.000000000000000,1205790,12964.000000000000000,130535.000000000000000,48955,2180538,47105,1336325,83096,3386243
116,4/8/2021 15:00:00,42246,2092249,35955.000000000000000,1241745,13848.000000000000000,144383.000000000000000,56094,2236632,49803,1386128,92049,3478292
117,4/9/2021 15:00:00,33973,2126222,36239.000000000000000,1277984,14517.000000000000000,158900.000000000000000,48490,2285122,50756,1436884,84729,3563021
118,4/10/2021 15:00:00,23417,2149639,23074.000000000000000,1301058,7618.000000000000000,166518.000000000000000,31035,2316157,30692,1467576,54109,3617130
119,4/11/2021 15:00:00,17547,2167186,13247.000000000000000,1314305,10120.000000000000000,176638.000000000000000,27667,2343824,23367,1490943,40914,3658044
120,4/12/2021 15:00:00,24549,2191735,33095.000000000000000,1347400,10889.000000000000000,187527.000000000000000,35438,2379262,43984,1534927,68533,3726577
121,4/13/2021 15:00:00,126743,2318478,90531.000000000000000,1437931,3292.000000000000000,190819.000000000000000,130035,2509297,93823,1628750,220566,3947143
122,4/14/2021 15:00:00,40664,2359142,37713.000000000000000,1475644,211.000000000000000,191030.000000000000000,40875,2550172,37924,1666674,78588,4025731
123,4/15/2021 15:00:00,41659,2400801,39105.000000000000000,1514749,173.000000000000000,191203.000000000000000,41832,2592004,39278,1705952,80937,4106668
124,4/16/2021 15:00:00,37170,2437971,38674.000000000000000,1553423,23.000000000000000,191226.000000000000000,37193,2629197,38697,1744649,75867,4182535
125,4/17/2021 15:00:00,32756,2470727,21958.000000000000000,1575381,12.000000000000000,191238.000000000000000,32768,2661965,21970,1766619,54726,4237261
126,4/18/2021 15:00:00,20056,2490783,16162.000000000000000,1591543,5.000000000000000,191243.000000000000000,20061,2682026,16167,1782786,36223,4273484
127,4/19/2021 15:00:00,29866,2520649,36450.000000000000000,1627993,61.000000000000000,191304.000000000000000,29927,2711953,36511,1819297,66377,4339861
128,4/20/2021 15:00:00,33073,2553722,44133.000000000000000,1672126,55.000000000000000,191359.000000000000000,33128,2745081,44188,1863485,77261,4417122
129,4/21/2021 15:00:00,39770,2593492,46876.000000000000000,1719002,22.000000000000000,191381.000000000000000,39792,2784873,46898,1910383,86668,4503790
130,4/22/2021 15:00:00,36364,2629856,41933.000000000000000,1760935,16.000000000000000,191397.000000000000000,36380,2821253,41949,1952332,78313,4582103
131,4/23/2021 15:00:00,33075,2662931,39953.000000000000000,1800888,13.000000000000000,191410.000000000000000,33088,2854341,39966,1992298,73041,4655144
132,4/24/2021 15:00:00,26385,2689316,27798.000000000000000,1828686,80.000000000000000,191490.000000000000000,26465,2880806,27878,2020176,54263,4709407
133,4/25/2021 15:00:00,20211,2709527,10915.000000000000000,1839601,30.000000000000000,191520.000000000000000,20241,2901047,10945,2031121,31156,4740563
134,4/26/2021 15:00:00,27400,2736927,32589.000000000000000,1872190,202.000000000000000,191722.000000000000000,27602,2928649,32791,2063912,60191,4800754
135,4/27/2021 15:00:00,26686,2763613,32926.000000000000000,1905116,1096.000000000000000,192818.000000000000000,27782,2956431,34022,2097934,60708,4861462
136,4/28/2021 15:00:00,28907,2792520,39407.000000000000000,1944523,1362.000000000000000,194180.000000000000000,30269,2986700,40769,2138703,69676,4931138
137,4/29/2021 15:00:00,27291,2819811,39344.000000000000000,1983867,1463.000000000000000,195643.000000000000000,28754,3015454,40807,2179510,68098,4999236
138,4/30/2021 15:00:00,28166,2847977,32099.000000000000000,2015966,1644.000000000000000,197287.000000000000000,29810,3045264,33743,2213253,61909,5061145
139,5/1/2021 15:00:00,20461,2868438,26396.000000000000000,2042362,1030.000000000000000,198317.000000000000000,21491,3066755,27426,2240679,47887,5109032
140,5/2/2021 15:00:00,10270,2878708,16996.000000000000000,2059358,819.000000000000000,199136.000000000000000,11089,3077844,17815,2258494,28085,5137117
141,5/3/2021 15:00:00,12725,2891433,28387.000000000000000,2087745,1909.000000000000000,201045.000000000000000,14634,3092478,30296,2288790,43021,5180138
142,5/4/2021 15:00:00,13521,2904954,38380.000000000000000,2126125,1733.000000000000000,202778.000000000000000,15254,3107732,40113,2328903,53634,5233772
143,5/5/2021 15:00:00,19320,2924274,37634.000000000000000,2163759,1920.000000000000000,204698.000000000000000,21240,3128972,39554,2368457,58874,5292646
144,5/6/2021 15:00:00,16921,2941195,40490.000000000000000,2204249,1717.000000000000000,206415.000000000000000,18638,3147610,42207,2410664,59128,5351774
145,5/7/2021 15:00:00,17385,2958580,35964.000000000000000,2240213,1954.000000000000000,208369.000000000000000,19339,3166949,37918,2448582,55303,5407077
146,5/8/2021 15:00:00,10780,2969360,31149.000000000000000,2271362,1291.000000000000000,209660.000000000000000,12071,3179020,32440,2481022,43220,5450297
147,5/9/2021 15:00:00,5050,2974410,11889.000000000000000,2283251,696.000000000000000,210356.000000000000000,5746,3184766,12585,2493607,17635,5467932
148,5/10/2021 15:00:00,8946,2983356,30965.000000000000000,2314216,1357.000000000000000,211713.000000000000000,10303,3195069,32322,2525929,41268,5509200
149,5/11/2021 15:00:00,12187,2995543,30207.000000000000000,2344423,1437.000000000000000,213150.000000000000000,13624,3208693,31644,2557573,43831,5553031
150,5/12/2021 15:00:00,13944,3009487,38518.000000000000000,2382941,1916.000000000000000,215066.000000000000000,15860,3224553,40434,2598007,54378,5607409
151,5/13/2021 15:00:00,21827,3031314,33382.000000000000000,2416323,1346.000000000000000,216412.000000000000000,23173,3247726,34728,2632735,56555,5663964
152,5/14/2021 15:00:00,24324,3055638,29927.000000000000000,2446250,1771.000000000000000,218183.000000000000000,26095,3273821,31698,2664433,56022,5719986
153,5/15/2021 15:00:00,21874,3077512,25029.000000000000000,2471279,1489.000000000000000,219672.000000000000000,23363,3297184,26518,2690951,48392,5768378
154,5/16/2021 15:00:00,9074,3086586,17527.000000000000000,2488806,1112.000000000000000,220784.000000000000000,10186,3307370,18639,2709590,27713,5796091
155,5/17/2021 15:00:00,16824,3103410,28290.000000000000000,2517096,1949.000000000000000,222733.000000000000000,18773,3326143,30239,2739829,47063,5843154
156,5/18/2021 15:00:00,21241,3124651,30617.000000000000000,2547713,1941.000000000000000,224674.000000000000000,23182,3349325,32558,2772387,53799,5896953
157,5/19/2021 15:00:00,27585,3152236,32333.000000000000000,2580046,1625.000000000000000,226299.000000000000000,29210,3378535,33958,2806345,61543,5958496
158,5/20/2021 15:00:00,20782,3173018,33160.000000000000000,2613206,1963.000000000000000,228262.000000000000000,22745,3401280,35123,2841468,55905,6014401
159,5/21/2021 15:00:00,19133,3192151,30208.000000000000000,2643414,1607.000000000000000,229869.000000000000000,20740,3422020,31815,2873283,50948,6065349
160,5/22/2021 15:00:00,16901,3209052,20630.000000000000000,2664044,1269.000000000000000,231138.000000000000000,18170,3440190,21899,2895182,38800,6104149
161,5/23/2021 15:00:00,8750,3217802,11419.000000000000000,2675463,964.000000000000000,232102.000000000000000,9714,3449904,12383,2907565,21133,6125282
162,5/24/2021 15:00:00,13560,3231362,17709.000000000000000,2693172,1475.000000000000000,233577.000000000000000,15035,3464939,19184,2926749,32744,6158026
163,5/25/2021 15:00:00,13001,3244363,18624.000000000000000,2711796,1327.000000000000000,234904.000000000000000,14328,3479267,19951,2946700,32952,6190978
164,5/26/2021 15:00:00,18262,3262625,19410.000000000000000,2731206,1510.000000000000000,236414.000000000000000,19772,3499039,20920,2967620,39182,6230160
165,5/27/2021 15:00:00,11677,3274302,18607.000000000000000,2749813,1116.000000000000000,237530.000000000000000,12793,3511832,19723,2987343,31400,6261560
166,5/28/2021 15:00:00,12504,3286806,19694.000000000000000,2769507,1397.000000000000000,238927.000000000000000,13901,3525733,21091,3008434,33595,6295155
167,5/29/2021 15:00:00,9548,3296354,11614.000000000000000,2781121,934.000000000000000,239861.000000000000000,10482,3536215,12548,3020982,22096,6317251
168,5/30/2021 15:00:00,4966,3301320,6414.000000000000000,2787535,597.000000000000000,240458.000000000000000,5563,3541778,7011,3027993,11977,6329228
169,5/31/2021 15:00:00,1775,3303095,3704.000000000000000,2791239,305.000000000000000,240763.000000000000000,2080,3543858,4009,3032002,5784,6335012
170,6/1/2021 15:00:00,9774,3312869,16278.000000000000000,2807517,1150.000000000000000,241913.000000000000000,10924,3554782,17428,3049430,27202,6362214
171,6/2/2021 15:00:00,10220,3323089,16764.000000000000000,2824281,959.000000000000000,242872.000000000000000,11179,3565961,17723,3067153,27943,6390157
172,6/3/2021 15:00:00,7891,3330980,21130.000000000000000,2845411,1085.000000000000000,243957.000000000000000,8976,3574937,22215,3089368,30106,6420263
173,6/4/2021 15:00:00,8213,3339193,22224.000000000000000,2867635,1120.000000000000000,245077.000000000000000,9333,3584270,23344,3112712,31557,6451820
174,6/5/2021 15:00:00,7009,3346202,19396.000000000000000,2887031,719.000000000000000,245796.000000000000000,7728,3591998,20115,3132827,27124,6478944
175,6/6/2021 15:00:00,3463,3349665,7209.000000000000000,2894240,422.000000000000000,246218.000000000000000,3885,3595883,7631,3140458,11094,6490038
176,6/7/2021 15:00:00,6847,3356512,15719.000000000000000,2909959,725.000000000000000,246943.000000000000000,7572,3603455,16444,3156902,23291,6513329
177,6/8/2021 15:00:00,6668,3363180,19649.000000000000000,2929608,819.000000000000000,247762.000000000000000,7487,3610942,20468,3177370,27136,6540465
178,6/9/2021 15:00:00,8193,3371373,23891.000000000000000,2953499,968.000000000000000,248730.000000000000000,9161,3620103,24859,3202229,33052,6573517
179,6/10/2021 15:00:00,7157,3378530,19066.000000000000000,2972565,893.000000000000000,249623.000000000000000,8050,3628153,19959,3222188,27116,6600633
180,6/11/2021 15:00:00,7462,3385992,17682.000000000000000,2990247,1125.000000000000000,250748.000000000000000,8587,3636740,18807,3240995,26269,6626902
181,6/12/2021 15:00:00,5234,3391226,14709.000000000000000,3004956,604.000000000000000,251352.000000000000000,5838,3642578,15313,3256308,20547,6647449
182,6/13/2021 15:00:00,1931,3393157,7551.000000000000000,3012507,425.000000000000000,251777.000000000000000,2356,3644934,7976,3264284,9907,6657356
183,6/14/2021 15:00:00,5657,3398814,11796.000000000000000,3024303,728.000000000000000,252505.000000000000000,6385,3651319,12524,3276808,18181,6675537
184,6/15/2021 15:00:00,5641,3404455,14282.000000000000000,3038585,870.000000000000000,253375.000000000000000,6511,3657830,15152,3291960,20793,6696330
185,6/16/2021 15:00:00,8752,3413207,21532.000000000000000,3060117,757.000000000000000,254132.000000000000000,9509,3667339,22289,3314249,31041,6727371
186,6/17/2021 15:00:00,6677,3419884,12325.000000000000000,3072442,717.000000000000000,254849.000000000000000,7394,3674733,13042,3327291,19719,6747090
187,6/18/2021 15:00:00,6832,3426716,12690.000000000000000,3085132,703.000000000000000,255552.000000000000000,7535,3682268,13393,3340684,20225,6767315
188,6/19/2021 15:00:00,4657,3431373,9349.000000000000000,3094481,614.000000000000000,256166.000000000000000,5271,3687539,9963,3350647,14620,6781935
189,6/20/2021 15:00:00,2500,3433873,5033.000000000000000,3099514,378.000000000000000,256544.000000000000000,2878,3690417,5411,3356058,7911,6789846
190,6/21/2021 15:00:00,5547,3439420,5312.000000000000000,3104826,636.000000000000000,257180.000000000000000,6183,3696600,5948,3362006,11495,6801341
191,6/22/2021 15:00:00,5191,3444611,8837.000000000000000,3113663,681.000000000000000,257861.000000000000000,5872,3702472,9518,3371524,14709,6816050
192,6/23/2021 15:00:00,6056,3450667,10286.000000000000000,3123949,644.000000000000000,258505.000000000000000,6700,3709172,10930,3382454,16986,6833036
193,6/24/2021 15:00:00,5925,3456592,8177.000000000000000,3132126,593.000000000000000,259098.000000000000000,6518,3715690,8770,3391224,14695,6847731
194,6/25/2021 15:00:00,5825,3462417,8611.000000000000000,3140737,619.000000000000000,259717.000000000000000,6444,3722134,9230,3400454,15055,6862786
195,6/26/2021 15:00:00,3700,3466117,6287.000000000000000,3147024,396.000000000000000,260113.000000000000000,4096,3726230,6683,3407137,10383,6873169
196,6/27/2021 15:00:00,2805,3468922,3508.000000000000000,3150532,184.000000000000000,260297.000000000000000,2989,3729219,3692,3410829,6497,6879666
197,6/28/2021 15:00:00,4728,3473650,6079.000000000000000,3156611,521.000000000000000,260818.000000000000000,5249,3734468,6600,3417429,11328,6890994
198,6/29/2021 15:00:00,5062,3478712,6432.000000000000000,3163043,517.000000000000000,261335.000000000000000,5579,3740047,6949,3424378,12011,6903005
199,6/30/2021 15:00:00,5601,3484313,7358.000000000000000,3170401,602.000000000000000,261937.000000000000000,6203,3746250,7960,3432338,13561,6916566
200,7/1/2021 15:00:00,5334,3489647,6909.000000000000000,3177310,491.000000000000000,262428.000000000000000,5825,3752075,7400,3439738,12734,6929300
201,7/2/2021 15:00:00,5283,3494930,6800.000000000000000,3184110,519.000000000000000,262947.000000000000000,5802,3757877,7319,3447057,12602,6941902
202,7/3/2021 15:00:00,3260,3498190,4046.000000000000000,3188156,260.000000000000000,263207.000000000000000,3520,3761397,4306,3451363,7566,6949468
203,7/4/2021 15:00:00,493,3498683,542.000000000000000,3188698,66.000000000000000,263273.000000000000000,559,3761956,608,3451971,1101,6950569
204,7/5/2021 15:00:00,3751,3502434,3943.000000000000000,3192641,282.000000000000000,263555.000000000000000,4033,3765989,4225,3456196,7976,6958545
205,7/6/2021 15:00:00,4480,3506914,6220.000000000000000,3198861,451.000000000000000,264006.000000000000000,4931,3770920,6671,3462867,11151,6969696
206,7/7/2021 15:00:00,4454,3511368,6371.000000000000000,3205232,482.000000000000000,264488.000000000000000,4936,3775856,6853,3469720,11307,6981003
207,7/8/2021 15:00:00,4828,3516196,6125.000000000000000,3211357,563.000000000000000,265051.000000000000000,5391,3781247,6688,3476408,11516,6992519
208,7/9/2021 15:00:00,5342,3521538,6620.000000000000000,3217977,571.000000000000000,265622.000000000000000,5913,3787160,7191,3483599,12533,7005052
209,7/10/2021 15:00:00,3520,3525058,4374.000000000000000,3222351,301.000000000000000,265923.000000000000000,3821,3790981,4675,3488274,8195,7013247
210,7/11/2021 15:00:00,2669,3527727,2555.000000000000000,3224906,222.000000000000000,266145.000000000000000,2891,3793872,2777,3491051,5446,7018693
211,7/12/2021 15:00:00,4410,3532137,5087.000000000000000,3229993,377.000000000000000,266522.000000000000000,4787,3798659,5464,3496515,9874,7028567
212,7/13/2021 15:00:00,4747,3536884,4585.000000000000000,3234578,365.000000000000000,266887.000000000000000,5112,3803771,4950,3501465,9697,7038264
213,7/14/2021 15:00:00,4601,3541485,5242.000000000000000,3239820,422.000000000000000,267309.000000000000000,5023,3808794,5664,3507129,10265,7048529
214,7/15/2021 15:00:00,4872,3546357,4972.000000000000000,3244792,356.000000000000000,267665.000000000000000,5228,3814022,5328,3512457,10200,7058729
215,7/16/2021 15:00:00,6271,3552628,5800.000000000000000,3250592,401.000000000000000,268066.000000000000000,6672,3820694,6201,3518658,12472,7071201
216,7/17/2021 15:00:00,3404,3556032,3537.000000000000000,3254129,300.000000000000000,268366.000000000000000,3704,3824398,3837,3522495,7241,7078442
217,7/18/2021 15:00:00,2300,3558332,2366.000000000000000,3256495,110.000000000000000,268476.000000000000000,2410,3826808,2476,3524971,4776,7083218
218,7/19/2021 15:00:00,5247,3563579,4463.000000000000000,3260958,377.000000000000000,268853.000000000000000,5624,3832432,4840,3529811,10087,7093305
219,7/20/2021 15:00:00,5328,3568907,4680.000000000000000,3265638,366.000000000000000,269219.000000000000000,5694,3838126,5046,3534857,10374,7103679
220,7/21/2021 15:00:00,5629,3574536,4902.000000000000000,3270540,415.000000000000000,269634.000000000000000,6044,3844170,5317,3540174,10946,7114625
221,7/22/2021 15:00:00,6013,3580549,4595.000000000000000,3275135,469.000000000000000,270103.000000000000000,6482,3850652,5064,3545238,11077,7125702
222,7/23/2021 15:00:00,6825,3587374,4813.000000000000000,3279948,489.000000000000000,270592.000000000000000,7314,3857966,5302,3550540,12127,7137829
223,7/24/2021 15:00:00,4275,3591649,3189.000000000000000,3283137,267.000000000000000,270859.000000000000000,4542,3862508,3456,3553996,7731,7145560
224,7/25/2021 15:00:00,3290,3594939,1109.000000000000000,3284246,138.000000000000000,270997.000000000000000,3428,3865936,1247,3555243,4537,7150097
225,7/26/2021 15:00:00,6196,3601135,3876.000000000000000,3288122,414.000000000000000,271411.000000000000000,6610,3872546,4290,3559533,10486,7160583
226,7/27/2021 15:00:00,6341,3607476,4041.000000000000000,3292163,453.000000000000000,271864.000000000000000,6794,3879340,4494,3564027,10835,7171418
227,7/28/2021 15:00:00,6798,3614274,3994.000000000000000,3296157,458.000000000000000,272322.000000000000000,7256,3886596,4452,3568479,11250,7182668
228,7/29/2021 15:00:00,6802,3621076,4130.000000000000000,3300287,416.000000000000000,272738.000000000000000,7218,3893814,4546,3573025,11348,7194016
229,7/30/2021 15:00:00,7525,3628601,4501.000000000000000,3304788,521.000000000000000,273259.000000000000000,8046,3901860,5022,3578047,12547,7206563
230,7/31/2021 15:00:00,4776,3633377,3034.000000000000000,3307822,272.000000000000000,273531.000000000000000,5048,3906908,3306,3581353,8082,7214645
231,8/1/2021 15:00:00,3814,3637191,2105.000000000000000,3309927,158.000000000000000,273689.000000000000000,3972,3910880,2263,3583616,6077,7220722
232,8/2/2021 15:00:00,7014,3644205,3626.000000000000000,3313553,335.000000000000000,274024.000000000000000,7349,3918229,3961,3587577,10975,7231697
233,8/3/2021 15:00:00,6998,3651203,3888.000000000000000,3317441,510.000000000000000,274534.000000000000000,7508,3925737,4398,3591975,11396,7243093
234,8/4/2021 15:00:00,7157,3658360,3884.000000000000000,3321325,528.000000000000000,275062.000000000000000,7685,3933422,4412,3596387,11569,7254662
235,8/5/2021 15:00:00,7667,3666027,4103.000000000000000,3325428,535.000000000000000,275597.000000000000000,8202,3941624,4638,3601025,12305,7266967
236,8/6/2021 15:00:00,8284,3674311,4678.000000000000000,3330106,451.000000000000000,276048.000000000000000,8735,3950359,5129,3606154,13413,7280380
237,8/7/2021 15:00:00,5248,3679559,2792.000000000000000,3332898,264.000000000000000,276312.000000000000000,5512,3955871,3056,3609210,8304,7288684
238,8/8/2021 15:00:00,3946,3683505,2037.000000000000000,3334935,141.000000000000000,276453.000000000000000,4087,3959958,2178,3611388,6124,7294808
239,8/9/2021 15:00:00,6913,3690418,4500.000000000000000,3339435,364.000000000000000,276817.000000000000000,7277,3967235,4864,3616252,11777,7306585
240,8/10/2021 15:00:00,7118,3697536,4429.000000000000000,3343864,337.000000000000000,277154.000000000000000,7455,3974690,4766,3621018,11884,7318469
241,8/11/2021 15:00:00,7028,3704564,4415.000000000000000,3348279,438.000000000000000,277592.000000000000000,7466,3982156,4853,3625871,11881,7330350
242,8/12/2021 15:00:00,8569,3713133,4709.000000000000000,3352988,441.000000000000000,278033.000000000000000,9010,3991166,5150,3631021,13719,7344069
243,8/13/2021 15:00:00,7111,3720244,5329.000000000000000,3358317,392.000000000000000,278425.000000000000000,7503,3998669,5721,3636742,12832,7356901
244,8/14/2021 15:00:00,4912,3725156,3329.000000000000000,3361646,285.000000000000000,278710.000000000000000,5197,4003866,3614,3640356,8526,7365427
245,8/15/2021 15:00:00,3318,3728474,2723.000000000000000,3364369,163.000000000000000,278873.000000000000000,3481,4007347,2886,3643242,6204,7371631
246,8/16/2021 15:00:00,5424,3733898,5065.000000000000000,3369434,350.000000000000000,279223.000000000000000,5774,4013121,5415,3648657,10839,7382470
247,8/17/2021 15:00:00,6947,3740845,5168.000000000000000,3374602,387.000000000000000,279610.000000000000000,7334,4020455,5555,3654212,12502,7394972
248,8/18/2021 15:00:00,6503,3747348,5280.000000000000000,3379882,476.000000000000000,280086.000000000000000,6979,4027434,5756,3659968,12259,7407231
249,8/19/2021 15:00:00,5978,3753326,5306.000000000000000,3385188,415.000000000000000,280501.000000000000000,6393,4033827,5721,3665689,11699,7418930
250,8/20/2021 15:00:00,7031,3760357,6304.000000000000000,3391492,402.000000000000000,280903.000000000000000,7433,4041260,6706,3672395,13737,7432667
251,8/21/2021 15:00:00,4310,3764667,3902.000000000000000,3395394,225.000000000000000,281128.000000000000000,4535,4045795,4127,3676522,8437,7441104
252,8/22/2021 15:00:00,3060,3767727,3154.000000000000000,3398548,109.000000000000000,281237.000000000000000,3169,4048964,3263,3679785,6323,7447427
253,8/23/2021 15:00:00,6158,3773885,5908.000000000000000,3404456,285.000000000000000,281522.000000000000000,6443,4055407,6193,3685978,12351,7459778
254,8/24/2021 15:00:00,6636,3780521,5858.000000000000000,3410314,424.000000000000000,281946.000000000000000,7060,4062467,6282,3692260,12918,7472696
255,8/25/2021 15:00:00,6889,3787410,5994.000000000000000,3416308,439.000000000000000,282385.000000000000000,7328,4069795,6433,3698693,13322,7486018
256,8/26/2021 15:00:00,7172,3794582,6412.000000000000000,3422720,427.000000000000000,282812.000000000000000,7599,4077394,6839,3705532,14011,7500029
257,8/27/2021 15:00:00,6856,3801438,7006.000000000000000,3429726,316.000000000000000,283128.000000000000000,7172,4084566,7322,3712854,14178,7514207
258,8/28/2021 15:00:00,6900,3808338,6480.000000000000000,3436206,326.000000000000000,283454.000000000000000,7226,4091792,6806,3719660,13706,7527913
259,8/29/2021 15:00:00,3738,3812076,3674.000000000000000,3439880,611.000000000000000,284065.000000000000000,4349,4096141,4285,3723945,8023,7535936
260,8/30/2021 15:00:00,5944,3818020,6079.000000000000000,3445959,960.000000000000000,285025.000000000000000,6904,4103045,7039,3730984,12983,7548919
261,8/31/2021 15:00:00,5691,3823711,5909.000000000000000,3451868,945.000000000000000,285970.000000000000000,6636,4109681,6854,3737838,12545,7561464
262,9/1/2021 15:00:00,5541,3829252,5569.000000000000000,3457437,906.000000000000000,286876.000000000000000,6447,4116128,6475,3744313,12016,7573480
263,9/2/2021 15:00:00,5526,3834778,5882.000000000000000,3463319,702.000000000000000,287578.000000000000000,6228,4122356,6584,3750897,12110,7585590
264,9/3/2021 15:00:00,5994,3840772,6873.000000000000000,3470192,971.000000000000000,288549.000000000000000,6965,4129321,7844,3758741,13838,7599428
265,9/4/2021 15:00:00,3712,3844484,4319.000000000000000,3474511,877.000000000000000,289426.000000000000000,4589,4133910,5196,3763937,8908,7608336
266,9/5/2021 15:00:00,2949,3847433,2799.000000000000000,3477310,105.000000000000000,289531.000000000000000,3054,4136964,2904,3766841,5853,7614189
267,9/6/2021 15:00:00,1051,3848484,1141.000000000000000,3478451,62.000000000000000,289593.000000000000000,1113,4138077,1203,3768044,2254,7616443
268,9/7/2021 15:00:00,5342,3853826,7243.000000000000000,3485694,2304.000000000000000,291897.000000000000000,7646,4145723,9547,3777591,14889,7631332
269,9/8/2021 15:00:00,4659,3858485,5432.000000000000000,3491126,364.000000000000000,292261.000000000000000,5023,4150746,5796,3783387,10455,7641787
270,9/9/2021 15:00:00,5072,3863557,5347.000000000000000,3496473,324.000000000000000,292585.000000000000000,5396,4156142,5671,3789058,10743,7652530
271,9/10/2021 15:00:00,6541,3870098,6582.000000000000000,3503055,1716.000000000000000,294301.000000000000000,8257,4164399,8298,3797356,14839,7667369
272,9/11/2021 15:00:00,4164,3874262,4313.000000000000000,3507368,663.000000000000000,294964.000000000000000,4827,4169226,4976,3802332,9140,7676509
273,9/12/2021 15:00:00,3155,3877417,3227.000000000000000,3510595,436.000000000000000,295400.000000000000000,3591,4172817,3663,3805995,6818,7683327
274,9/13/2021 15:00:00,4663,3882080,4832.000000000000000,3515427,345.000000000000000,295745.000000000000000,5008,4177825,5177,3811172,9840,7693167
275,9/14/2021 15:00:00,4576,3886656,5183.000000000000000,3520610,435.000000000000000,296180.000000000000000,5011,4182836,5618,3816790,10194,7703361
276,9/15/2021 15:00:00,4850,3891506,5587.000000000000000,3526197,387.000000000000000,296567.000000000000000,5237,4188073,5974,3822764,10824,7714185
277,9/16/2021 15:00:00,4586,3896092,5598.000000000000000,3531795,332.000000000000000,296899.000000000000000,4918,4192991,5930,3828694,10516,7724701
278,9/17/2021 15:00:00,5043,3901135,6323.000000000000000,3538118,341.000000000000000,297240.000000000000000,5384,4198375,6664,3835358,11707,7736408
279,9/18/2021 15:00:00,3773,3904908,4554.000000000000000,3542672,185.000000000000000,297425.000000000000000,3958,4202333,4739,3840097,8512,7744920
280,9/19/2021 15:00:00,2744,3907652,3153.000000000000000,3545825,75.000000000000000,297500.000000000000000,2819,4205152,3228,3843325,5972,7750892
281,9/20/2021 15:00:00,3543,3911195,4458.000000000000000,3550283,427.000000000000000,297927.000000000000000,3970,4209122,4885,3848210,8428,7759320
282,9/21/2021 15:00:00,3789,3914984,4805.000000000000000,3555088,325.000000000000000,298252.000000000000000,4114,4213236,5130,3853340,8919,7768239
283,9/22/2021 15:00:00,4191,3919175,4739.000000000000000,3559827,459.000000000000000,298711.000000000000000,4650,4217886,5198,3858538,9389,7777628
284,9/23/2021 15:00:00,4178,3923353,4685.000000000000000,3564512,490.000000000000000,299201.000000000000000,4668,4222554,5175,3863713,9353,7786981
285,9/24/2021 15:00:00,5067,3928420,5570.000000000000000,3570082,422.000000000000000,299623.000000000000000,5489,4228043,5992,3869705,11059,7798040
286,9/25/2021 15:00:00,3622,3932042,3623.000000000000000,3573705,385.000000000000000,300008.000000000000000,4007,4232050,4008,3873713,7630,7805670
287,9/26/2021 15:00:00,2353,3934395,2654.000000000000000,3576359,421.000000000000000,300429.000000000000000,2774,4234824,3075,3876788,5428,7811098
288,9/27/2021 15:00:00,4505,3938900,2681.000000000000000,3579040,508.000000000000000,300937.000000000000000,5013,4239837,3189,3879977,7694,7818792
289,9/28/2021 15:00:00,4401,3943301,4431.000000000000000,3583471,211.000000000000000,301148.000000000000000,4612,4244449,4642,3884619,9043,7827835
290,9/29/2021 15:00:00,4698,3947999,4486.000000000000000,3587957,918.000000000000000,302066.000000000000000,5616,4250065,5404,3890023,10102,7837937
291,9/30/2021 15:00:00,4887,3952886,4548.000000000000000,3592505,791.000000000000000,302857.000000000000000,5678,4255743,5339,3895362,10226,7848163
292,10/1/2021 15:00:00,5437,3958323,5276.000000000000000,3597781,778.000000000000000,303635.000000000000000,6215,4261958,6054,3901416,11491,7859654
293,10/2/2021 15:00:00,2936,3961259,2884.000000000000000,3600665,187.000000000000000,303822.000000000000000,3123,4265081,3071,3904487,6007,7865661
294,10/3/2021 15:00:00,2075,3963334,2373.000000000000000,3603038,86.000000000000000,303908.000000000000000,2161,4267242,2459,3906946,4534,7870195
295,10/4/2021 15:00:00,4144,3967478,3361.000000000000000,3606399,233.000000000000000,304141.000000000000000,4377,4271619,3594,3910540,7738,7877933
296,10/5/2021 15:00:00,4055,3971533,3563.000000000000000,3609962,204.000000000000000,304345.000000000000000,4259,4275878,3767,3914307,7822,7885755
297,10/6/2021 15:00:00,4116,3975649,3481.000000000000000,3613443,264.000000000000000,304609.000000000000000,4380,4280258,3745,3918052,7861,7893616
298,10/7/2021 15:00:00,4355,3980004,3489.000000000000000,3616932,330.000000000000000,304939.000000000000000,4685,4284943,3819,3921871,8174,7901790
299,10/8/2021 15:00:00,4935,3984939,4110.000000000000000,3621042,281.000000000000000,305220.000000000000000,5216,4290159,4391,3926262,9326,7911116
300,10/9/2021 15:00:00,2682,3987621,2667.000000000000000,3623709,270.000000000000000,305490.000000000000000,2952,4293111,2937,3929199,5619,7916735
301,10/10/2021 15:00:00,1863,3989484,1840.000000000000000,3625549,59.000000000000000,305549.000000000000000,1922,4295033,1899,3931098,3762,7920497
302,10/11/2021 15:00:00,4358,3993842,3187.000000000000000,3628736,248.000000000000000,305797.000000000000000,4606,4299639,3435,3934533,7793,7928290
303,10/12/2021 15:00:00,3731,3997573,3387.000000000000000,3632123,269.000000000000000,306066.000000000000000,4000,4303639,3656,3938189,7387,7935677
304,10/13/2021 15:00:00,3970,4001543,3430.000000000000000,3635553,347.000000000000000,306413.000000000000000,4317,4307956,3777,3941966,7747,7943424
305,10/14/2021 15:00:00,5159,4006702,5456.000000000000000,3641009,428.000000000000000,306841.000000000000000,5587,4313543,5884,3947850,11043,7954467
306,10/15/2021 15:00:00,4724,4011426,4555.000000000000000,3645564,347.000000000000000,307188.000000000000000,5071,4318614,4902,3952752,9626,7964093
307,10/16/2021 15:00:00,2499,4013925,2492.000000000000000,3648056,290.000000000000000,307478.000000000000000,2789,4321403,2782,3955534,5281,7969374
308,10/17/2021 15:00:00,1806,4015731,1772.000000000000000,3649828,55.000000000000000,307533.000000000000000,1861,4323264,1827,3957361,3633,7973007
309,10/18/2021 15:00:00,4294,4020025,3561.000000000000000,3653389,266.000000000000000,307799.000000000000000,4560,4327824,3827,3961188,8121,7981128
310,10/19/2021 15:00:00,4309,4024334,4012.000000000000000,3657401,222.000000000000000,308021.000000000000000,4531,4332355,4234,3965422,8543,7989671
311,10/20/2021 15:00:00,3527,4027861,3415.000000000000000,3660816,254.000000000000000,308275.000000000000000,3781,4336136,3669,3969091,7196,7996867
312,10/21/2021 15:00:00,3304,4031165,3244.000000000000000,3664060,290.000000000000000,308565.000000000000000,3594,4339730,3534,3972625,6838,8003705
313,10/22/2021 15:00:00,4697,4035862,4023.000000000000000,3668083,475.000000000000000,309040.000000000000000,5172,4344902,4498,3977123,9195,8012900
314,10/23/2021 15:00:00,2903,4038765,2124.000000000000000,3670207,321.000000000000000,309361.000000000000000,3224,4348126,2445,3979568,5348,8018248
315,10/24/2021 15:00:00,2061,4040826,1554.000000000000000,3671761,77.000000000000000,309438.000000000000000,2138,4350264,1631,3981199,3692,8021940
316,10/25/2021 15:00:00,4547,4045373,3089.000000000000000,3674850,316.000000000000000,309754.000000000000000,4863,4355127,3405,3984604,7952,8029892
317,10/26/2021 15:00:00,4515,4049888,3132.000000000000000,3677982,311.000000000000000,310065.000000000000000,4826,4359953,3443,3988047,7958,8037850
318,10/27/2021 15:00:00,4739,4054627,3367.000000000000000,3681349,428.000000000000000,310493.000000000000000,5167,4365120,3795,3991842,8534,8046384
319,10/28/2021 15:00:00,4553,4059180,3393.000000000000000,3684742,495.000000000000000,310988.000000000000000,5048,4370168,3888,3995730,8441,8054825
320,10/29/2021 15:00:00,4970,4064150,3902.000000000000000,3688644,391.000000000000000,311379.000000000000000,5361,4375529,4293,4000023,9263,8064088
321,10/30/2021 15:00:00,2631,4066781,1855.000000000000000,3690499,308.000000000000000,311687.000000000000000,2939,4378468,2163,4002186,4794,8068882
322,10/31/2021 15:00:00,1947,4068728,1502.000000000000000,3692001,94.000000000000000,311781.000000000000000,2041,4380509,1596,4003782,3543,8072425
323,11/1/2021 15:00:00,4631,4073359,3461.000000000000000,3695462,337.000000000000000,312118.000000000000000,4968,4385477,3798,4007580,8429,8080854
324,11/2/2021 15:00:00,4244,4077603,3016.000000000000000,3698478,404.000000000000000,312522.000000000000000,4648,4390125,3420,4011000,7664,8088518
325,11/3/2021 15:00:00,4615,4082218,3118.000000000000000,3701596,457.000000000000000,312979.000000000000000,5072,4395197,3575,4014575,8190,8096708
326,11/4/2021 15:00:00,6035,4088253,3406.000000000000000,3705002,513.000000000000000,313492.000000000000000,6548,4401745,3919,4018494,9954,8106662
327,11/5/2021 15:00:00,7869,4096122,3830.000000000000000,3708832,407.000000000000000,313899.000000000000000,8276,4410021,4237,4022731,12106,8118768
328,11/6/2021 15:00:00,10016,4106138,1973.000000000000000,3710805,305.000000000000000,314204.000000000000000,10321,4420342,2278,4025009,12294,8131062
329,11/7/2021 15:00:00,7523,4113661,1409.000000000000000,3712214,95.000000000000000,314299.000000000000000,7618,4427960,1504,4026513,9027,8140089
330,11/8/2021 15:00:00,11166,4124827,3084.000000000000000,3715298,375.000000000000000,314674.000000000000000,11541,4439501,3459,4029972,14625,8154714
331,11/9/2021 15:00:00,11529,4136356,2692.000000000000000,3717990,263.000000000000000,314937.000000000000000,11792,4451293,2955,4032927,14484,8169198
332,11/10/2021 15:00:00,12292,4148648,2819.000000000000000,3720809,335.000000000000000,315272.000000000000000,12627,4463920,3154,4036081,15446,8184644
333,11/11/2021 15:00:00,11073,4159721,2426.000000000000000,3723235,279.000000000000000,315551.000000000000000,11352,4475272,2705,4038786,13778,8198422
334,11/12/2021 15:00:00,12084,4171805,3416.000000000000000,3726651,544.000000000000000,316095.000000000000000,12628,4487900,3960,4042746,16044,8214466
335,11/13/2021 15:00:00,9637,4181442,1574.000000000000000,3728225,340.000000000000000,316435.000000000000000,9977,4497877,1914,4044660,11551,8226017
336,11/14/2021 15:00:00,3834,4185276,1121.000000000000000,3729346,120.000000000000000,316555.000000000000000,3954,4501831,1241,4045901,5075,8231092
337,11/15/2021 15:00:00,8465,4193741,2591.000000000000000,3731937,201.000000000000000,316756.000000000000000,8666,4510497,2792,4048693,11257,8242349
338,11/16/2021 15:00:00,8947,4202688,2564.000000000000000,3734501,248.000000000000000,317004.000000000000000,9195,4519692,2812,4051505,11759,8254108
339,11/17/2021 15:00:00,9151,4211839,2866.000000000000000,3737367,308.000000000000000,317312.000000000000000,9459,4529151,3174,4054679,12325,8266433
340,11/18/2021 15:00:00,9000,4220839,2684.000000000000000,3740051,478.000000000000000,317790.000000000000000,9478,4538629,3162,4057841,12162,8278595
341,11/19/2021 15:00:00,9538,4230377,2955.000000000000000,3743006,371.000000000000000,318161.000000000000000,9909,4548538,3326,4061167,12864,8291459
342,11/20/2021 15:00:00,10360,4240737,1564.000000000000000,3744570,444.000000000000000,318605.000000000000000,10804,4559342,2008,4063175,12368,8303827
343,11/21/2021 15:00:00,4241,4244978,1184.000000000000000,3745754,96.000000000000000,318701.000000000000000,4337,4563679,1280,4064455,5521,8309348
344,11/22/2021 15:00:00,9537,4254515,2533.000000000000000,3748287,285.000000000000000,318986.000000000000000,9822,4573501,2818,4067273,12355,8321703
345,11/23/2021 15:00:00,8844,4263359,2438.000000000000000,3750725,272.000000000000000,319258.000000000000000,9116,4582617,2710,4069983,11554,8333257
346,11/24/2021 15:00:00,7696,4271055,2419.000000000000000,3753144,211.000000000000000,319469.000000000000000,7907,4590524,2630,4072613,10326,8343583
347,11/25/2021 15:00:00,170,4271225,69.000000000000000,3753213,7.000000000000000,319476.000000000000000,177,4590701,76,4072689,246,8343829
348,11/26/2021 15:00:00,4744,4275969,3549.000000000000000,3756762,144.000000000000000,319620.000000000000000,4888,4595589,3693,4076382,8437,8352266
349,11/27/2021 15:00:00,2905,4278874,4980.000000000000000,3761742,126.000000000000000,319746.000000000000000,3031,4598620,5106,4081488,8011,8360277
350,11/28/2021 15:00:00,1539,4280413,5175.000000000000000,3766917,72.000000000000000,319818.000000000000000,1611,4600231,5247,4086735,6786,8367063
351,11/29/2021 15:00:00,3633,4284046,3366.000000000000000,3770283,329.000000000000000,320147.000000000000000,3962,4604193,3695,4090430,7328,8374391