OBJECTID,VACCINATION_DATE,FirstDailyDose,FirstDoseCumulative,SecondDailyDose,SecondDoseCumulative,SingleDailyDose,SingleDoseCumulative,AtleastOneVaccine,AtleastOneVaccineCumulative,CompletedVax,CompletedVaxCumulative,FirstSecondSingleVaccination_12,FirstSecondSingleVaccination_13
1,12/14/2020 15:00:00,19,1361,,519,,,19,1361,0,519,19,1777
2,12/15/2020 15:00:00,61,1422,3.000000000000000,522,,,61,1422,3,522,64,1841
3,12/16/2020 15:00:00,590,2012,5.000000000000000,527,,,590,2012,5,527,595,2436
4,12/17/2020 15:00:00,1157,3169,6.000000000000000,533,,,1157,3169,6,533,1163,3599
5,12/18/2020 15:00:00,3014,6183,13.000000000000000,546,,,3014,6183,13,546,3027,6626
6,12/19/2020 15:00:00,930,7113,5.000000000000000,551,,,930,7113,5,551,935,7561
7,12/20/2020 15:00:00,363,7476,6.000000000000000,557,,,363,7476,6,557,369,7930
8,12/21/2020 15:00:00,3884,11360,26.000000000000000,583,,,3884,11360,26,583,3910,11840
9,12/22/2020 15:00:00,6321,17681,26.000000000000000,609,,,6321,17681,26,609,6347,18187
10,12/23/2020 15:00:00,5777,23458,36.000000000000000,645,,,5777,23458,36,645,5813,24000
11,12/24/2020 15:00:00,2724,26182,16.000000000000000,661,,,2724,26182,16,661,2740,26740
12,12/25/2020 15:00:00,1034,27216,4.000000000000000,665,,,1034,27216,4,665,1038,27778
13,12/26/2020 15:00:00,1882,29098,9.000000000000000,674,,,1882,29098,9,674,1891,29669
14,12/27/2020 15:00:00,1802,30900,12.000000000000000,686,,,1802,30900,12,686,1814,31483
15,12/28/2020 15:00:00,8982,39882,48.000000000000000,734,,,8982,39882,48,734,9030,40513
16,12/29/2020 15:00:00,10962,50844,52.000000000000000,786,,,10962,50844,52,786,11014,51527
17,12/30/2020 15:00:00,12491,63335,88.000000000000000,874,,,12491,63335,88,874,12579,64106
18,12/31/2020 15:00:00,7553,70888,45.000000000000000,919,,,7553,70888,45,919,7598,71704
19,1/1/2021 15:00:00,3237,74125,136.000000000000000,1055,,,3237,74125,136,1055,3373,75077
20,1/2/2021 15:00:00,3039,77164,34.000000000000000,1089,,,3039,77164,34,1089,3073,78150
21,1/3/2021 15:00:00,3406,80570,81.000000000000000,1170,,,3406,80570,81,1170,3487,81637
22,1/4/2021 15:00:00,13355,93925,331.000000000000000,1501,,,13355,93925,331,1501,13686,95323
23,1/5/2021 15:00:00,12478,106403,546.000000000000000,2047,,,12478,106403,546,2047,13024,108347
24,1/6/2021 15:00:00,15255,121658,863.000000000000000,2910,,,15255,121658,863,2910,16118,124465
25,1/7/2021 15:00:00,15028,136686,1769.000000000000000,4679,,,15028,136686,1769,4679,16797,141262
26,1/8/2021 15:00:00,24008,160694,2778.000000000000000,7457,,,24008,160694,2778,7457,26786,168048
27,1/9/2021 15:00:00,5170,165864,953.000000000000000,8410,,,5170,165864,953,8410,6123,174171
28,1/10/2021 15:00:00,2967,168831,384.000000000000000,8794,,,2967,168831,384,8794,3351,177522
29,1/11/2021 15:00:00,13718,182549,3469.000000000000000,12263,,,13718,182549,3469,12263,17187,194709
30,1/12/2021 15:00:00,17383,199932,5589.000000000000000,17852,,,17383,199932,5589,17852,22972,217681
31,1/13/2021 15:00:00,18616,218548,3916.000000000000000,21768,,,18616,218548,3916,21768,22532,240213
32,1/14/2021 15:00:00,17840,236388,1963.000000000000000,23731,,,17840,236388,1963,23731,19803,260016
33,1/15/2021 15:00:00,19474,255862,2028.000000000000000,25759,,,19474,255862,2028,25759,21502,281518
34,1/16/2021 15:00:00,5828,261690,1616.000000000000000,27375,,,5828,261690,1616,27375,7444,288962
35,1/17/2021 15:00:00,2120,263810,1479.000000000000000,28854,,,2120,263810,1479,28854,3599,292561
36,1/18/2021 15:00:00,7074,270884,3257.000000000000000,32111,,,7074,270884,3257,32111,10331,302892
37,1/19/2021 15:00:00,16948,287832,5403.000000000000000,37514,,,16948,287832,5403,37514,22351,325243
38,1/20/2021 15:00:00,21000,308832,5318.000000000000000,42832,,,21000,308832,5318,42832,26318,351561
39,1/21/2021 15:00:00,23802,332634,3837.000000000000000,46669,,,23802,332634,3837,46669,27639,379200
40,1/22/2021 15:00:00,28654,361288,3749.000000000000000,50418,,,28654,361288,3749,50418,32403,411603
41,1/23/2021 15:00:00,10115,371403,1940.000000000000000,52358,,,10115,371403,1940,52358,12055,423658
42,1/24/2021 15:00:00,3353,374756,1722.000000000000000,54080,,,3353,374756,1722,54080,5075,428733
43,1/25/2021 15:00:00,16302,391058,8599.000000000000000,62679,,,16302,391058,8599,62679,24901,453634
44,1/26/2021 15:00:00,17555,408613,8972.000000000000000,71651,,,17555,408613,8972,71651,26527,480161
45,1/27/2021 15:00:00,24433,433046,12543.000000000000000,84194,,,24433,433046,12543,84194,36976,517137
46,1/28/2021 15:00:00,22651,455697,9324.000000000000000,93518,,,22651,455697,9324,93518,31975,549112
47,1/29/2021 15:00:00,24777,480474,7925.000000000000000,101443,,,24777,480474,7925,101443,32702,581814
48,1/30/2021 15:00:00,17779,498253,2556.000000000000000,103999,,,17779,498253,2556,103999,20335,602149
49,1/31/2021 15:00:00,3761,502014,1364.000000000000000,105363,,,3761,502014,1364,105363,5125,607274
50,2/1/2021 15:00:00,8088,510102,5362.000000000000000,110725,,,8088,510102,5362,110725,13450,620724
51,2/2/2021 15:00:00,12496,522598,13820.000000000000000,124545,,,12496,522598,13820,124545,26316,647040
52,2/3/2021 15:00:00,18249,540847,18132.000000000000000,142677,,,18249,540847,18132,142677,36381,683421
53,2/4/2021 15:00:00,22119,562966,15785.000000000000000,158462,,,22119,562966,15785,158462,37904,721325
54,2/5/2021 15:00:00,20345,583311,17410.000000000000000,175872,,,20345,583311,17410,175872,37755,759080
55,2/6/2021 15:00:00,11326,594637,14473.000000000000000,190345,,,11326,594637,14473,190345,25799,784879
56,2/7/2021 15:00:00,5950,600587,1834.000000000000000,192179,,,5950,600587,1834,192179,7784,792663
57,2/8/2021 15:00:00,12975,613562,12922.000000000000000,205101,,,12975,613562,12922,205101,25897,818560
58,2/9/2021 15:00:00,16648,630210,13867.000000000000000,218968,,,16648,630210,13867,218968,30515,849075
59,2/10/2021 15:00:00,19288,649498,21228.000000000000000,240196,,,19288,649498,21228,240196,40516,889591
60,2/11/2021 15:00:00,22845,672343,17341.000000000000000,257537,,,22845,672343,17341,257537,40186,929777
61,2/12/2021 15:00:00,20388,692731,19630.000000000000000,277167,,,20388,692731,19630,277167,40018,969795
62,2/13/2021 15:00:00,11436,704167,6418.000000000000000,283585,,,11436,704167,6418,283585,17854,987649
63,2/14/2021 15:00:00,7109,711276,2126.000000000000000,285711,,,7109,711276,2126,285711,9235,996884
64,2/15/2021 15:00:00,11758,723034,13327.000000000000000,299038,,,11758,723034,13327,299038,25085,1021969
65,2/16/2021 15:00:00,16607,739641,21015.000000000000000,320053,,,16607,739641,21015,320053,37622,1059591
66,2/17/2021 15:00:00,20653,760294,26372.000000000000000,346425,,,20653,760294,26372,346425,47025,1106616
67,2/18/2021 15:00:00,3198,763492,4617.000000000000000,351042,,,3198,763492,4617,351042,7815,1114431
68,2/19/2021 15:00:00,10251,773743,19923.000000000000000,370965,,,10251,773743,19923,370965,30174,1144605
69,2/20/2021 15:00:00,10308,784051,20288.000000000000000,391253,,,10308,784051,20288,391253,30596,1175201
70,2/21/2021 15:00:00,6177,790228,7645.000000000000000,398898,,,6177,790228,7645,398898,13822,1189023
71,2/22/2021 15:00:00,8032,798260,15467.000000000000000,414365,,,8032,798260,15467,414365,23499,1212522
72,2/23/2021 15:00:00,15526,813786,15983.000000000000000,430348,,,15526,813786,15983,430348,31509,1244031
73,2/24/2021 15:00:00,17946,831732,24739.000000000000000,455087,,,17946,831732,24739,455087,42685,1286716
74,2/25/2021 15:00:00,20395,852127,26555.000000000000000,481642,,,20395,852127,26555,481642,46950,1333666
75,2/26/2021 15:00:00,26716,878843,26216.000000000000000,507858,,,26716,878843,26216,507858,52932,1386598
76,2/27/2021 15:00:00,16002,894845,11159.000000000000000,519017,,,16002,894845,11159,519017,27161,1413759
77,2/28/2021 15:00:00,15499,910344,4883.000000000000000,523900,,,15499,910344,4883,523900,20382,1434141
78,3/1/2021 15:00:00,26956,937300,12609.000000000000000,536509,,,26956,937300,12609,536509,39565,1473706
79,3/2/2021 15:00:00,23916,961216,13275.000000000000000,549784,33.000000000000000,33.000000000000000,23949,961249,13308,549817,37224,1510930
80,3/3/2021 15:00:00,30189,991405,18388.000000000000000,568172,188.000000000000000,221.000000000000000,30377,991626,18576,568393,48765,1559695
81,3/4/2021 15:00:00,30956,1022361,18190.000000000000000,586362,4068.000000000000000,4289.000000000000000,35024,1026650,22258,590651,53214,1612909
82,3/5/2021 15:00:00,30020,1052381,19715.000000000000000,606077,4909.000000000000000,9198.000000000000000,34929,1061579,24624,615275,54644,1667553
83,3/6/2021 15:00:00,18911,1071292,9509.000000000000000,615586,6008.000000000000000,15206.000000000000000,24919,1086498,15517,630792,34428,1701981
84,3/7/2021 15:00:00,12121,1083413,4862.000000000000000,620448,6613.000000000000000,21819.000000000000000,18734,1105232,11475,642267,23596,1725577
85,3/8/2021 15:00:00,25878,1109291,8839.000000000000000,629287,8274.000000000000000,30093.000000000000000,34152,1139384,17113,659380,42991,1768568
86,3/9/2021 15:00:00,26118,1135409,15469.000000000000000,644756,8346.000000000000000,38439.000000000000000,34464,1173848,23815,683195,49933,1818501
87,3/10/2021 15:00:00,29855,1165264,15995.000000000000000,660751,7940.000000000000000,46379.000000000000000,37795,1211643,23935,707130,53790,1872291
88,3/11/2021 15:00:00,35986,1201250,16401.000000000000000,677152,3980.000000000000000,50359.000000000000000,39966,1251609,20381,727511,56367,1928658
89,3/12/2021 15:00:00,36915,1238165,18085.000000000000000,695237,2924.000000000000000,53283.000000000000000,39839,1291448,21009,748520,57924,1986582
90,3/13/2021 15:00:00,22666,1260831,10279.000000000000000,705516,1628.000000000000000,54911.000000000000000,24294,1315742,11907,760427,34573,2021155
91,3/14/2021 15:00:00,17831,1278662,6719.000000000000000,712235,1005.000000000000000,55916.000000000000000,18836,1334578,7724,768151,25555,2046710
92,3/15/2021 15:00:00,29823,1308485,11301.000000000000000,723536,597.000000000000000,56513.000000000000000,30420,1364998,11898,780049,41721,2088431
93,3/16/2021 15:00:00,33413,1341898,13573.000000000000000,737109,769.000000000000000,57282.000000000000000,34182,1399180,14342,794391,47755,2136186
94,3/17/2021 15:00:00,37570,1379468,17047.000000000000000,754156,1181.000000000000000,58463.000000000000000,38751,1437931,18228,812619,55798,2191984
95,3/18/2021 15:00:00,41443,1420911,12641.000000000000000,766797,1348.000000000000000,59811.000000000000000,42791,1480722,13989,826608,55432,2247416
96,3/19/2021 15:00:00,38331,1459242,15420.000000000000000,782217,1041.000000000000000,60852.000000000000000,39372,1520094,16461,843069,54792,2302208
97,3/20/2021 15:00:00,24699,1483941,10158.000000000000000,792375,703.000000000000000,61555.000000000000000,25402,1545496,10861,853930,35560,2337768
98,3/21/2021 15:00:00,19176,1503117,7878.000000000000000,800253,336.000000000000000,61891.000000000000000,19512,1565008,8214,862144,27390,2365158
99,3/22/2021 15:00:00,32589,1535706,11475.000000000000000,811728,835.000000000000000,62726.000000000000000,33424,1598432,12310,874454,44899,2410057
100,3/23/2021 15:00:00,38419,1574125,17797.000000000000000,829525,1554.000000000000000,64280.000000000000000,39973,1638405,19351,893805,57770,2467827
101,3/24/2021 15:00:00,41081,1615206,21207.000000000000000,850732,1387.000000000000000,65667.000000000000000,42468,1680873,22594,916399,63675,2531502
102,3/25/2021 15:00:00,42882,1658088,21691.000000000000000,872423,2458.000000000000000,68125.000000000000000,45340,1726213,24149,940548,67031,2598533
103,3/26/2021 15:00:00,36359,1694447,26671.000000000000000,899094,2496.000000000000000,70621.000000000000000,38855,1765068,29167,969715,65526,2664059
104,3/27/2021 15:00:00,26468,1720915,17279.000000000000000,916373,2490.000000000000000,73111.000000000000000,28958,1794026,19769,989484,46237,2710296
105,3/28/2021 15:00:00,17008,1737923,12638.000000000000000,929011,1615.000000000000000,74726.000000000000000,18623,1812649,14253,1003737,31261,2741557
106,3/29/2021 15:00:00,29721,1767644,26282.000000000000000,955293,1140.000000000000000,75866.000000000000000,30861,1843510,27422,1031159,57143,2798700
107,3/30/2021 15:00:00,40055,1807699,28983.000000000000000,984276,1862.000000000000000,77728.000000000000000,41917,1885427,30845,1062004,70900,2869600
108,3/31/2021 15:00:00,41031,1848730,34687.000000000000000,1018963,5748.000000000000000,83476.000000000000000,46779,1932206,40435,1102439,81466,2951066
109,4/1/2021 15:00:00,42313,1891043,40998.000000000000000,1059961,5738.000000000000000,89214.000000000000000,48051,1980257,46736,1149175,89049,3040115
110,4/2/2021 15:00:00,34914,1925957,32670.000000000000000,1092631,6124.000000000000000,95338.000000000000000,41038,2021295,38794,1187969,73708,3113823
111,4/3/2021 15:00:00,21141,1947098,19183.000000000000000,1111814,4388.000000000000000,99726.000000000000000,25529,2046824,23571,1211540,44712,3158535
112,4/4/2021 15:00:00,8276,1955374,10184.000000000000000,1121998,967.000000000000000,100693.000000000000000,9243,2056067,11151,1222691,19427,3177962
113,4/5/2021 15:00:00,27943,1983317,28903.000000000000000,1150901,6657.000000000000000,107350.000000000000000,34600,2090667,35560,1258251,63503,3241465
114,4/6/2021 15:00:00,39767,2023084,30434.000000000000000,1181335,10490.000000000000000,117840.000000000000000,50257,2140924,40924,1299175,80691,3322156
115,4/7/2021 15:00:00,36082,2059166,34272.000000000000000,1215607,12987.000000000000000,130827.000000000000000,49069,2189993,47259,1346434,83341,3405497
116,4/8/2021 15:00:00,42321,2101487,36093.000000000000000,1251700,13867.000000000000000,144694.000000000000000,56188,2246181,49960,1396394,92281,3497778
117,4/9/2021 15:00:00,34053,2135540,36310.000000000000000,1288010,14520.000000000000000,159214.000000000000000,48573,2294754,50830,1447224,84883,3582661
118,4/10/2021 15:00:00,23461,2159001,23127.000000000000000,1311137,7642.000000000000000,166856.000000000000000,31103,2325857,30769,1477993,54230,3636891
119,4/11/2021 15:00:00,17563,2176564,13278.000000000000000,1324415,10120.000000000000000,176976.000000000000000,27683,2353540,23398,1501391,40961,3677852
120,4/12/2021 15:00:00,24603,2201167,33152.000000000000000,1357567,10897.000000000000000,187873.000000000000000,35500,2389040,44049,1545440,68652,3746504
121,4/13/2021 15:00:00,126190,2327357,91225.000000000000000,1448792,3292.000000000000000,191165.000000000000000,129482,2518522,94517,1639957,220707,3967211
122,4/14/2021 15:00:00,40711,2368068,37809.000000000000000,1486601,212.000000000000000,191377.000000000000000,40923,2559445,38021,1677978,78732,4045943
123,4/15/2021 15:00:00,41418,2409486,39534.000000000000000,1526135,174.000000000000000,191551.000000000000000,41592,2601037,39708,1717686,81126,4127069
124,4/16/2021 15:00:00,37143,2446629,38852.000000000000000,1564987,24.000000000000000,191575.000000000000000,37167,2638204,38876,1756562,76019,4203088
125,4/17/2021 15:00:00,32801,2479430,22020.000000000000000,1587007,12.000000000000000,191587.000000000000000,32813,2671017,22032,1778594,54833,4257921
126,4/18/2021 15:00:00,20070,2499500,16194.000000000000000,1603201,5.000000000000000,191592.000000000000000,20075,2691092,16199,1794793,36269,4294190
127,4/19/2021 15:00:00,29888,2529388,36544.000000000000000,1639745,61.000000000000000,191653.000000000000000,29949,2721041,36605,1831398,66493,4360683
128,4/20/2021 15:00:00,32931,2562319,44436.000000000000000,1684181,57.000000000000000,191710.000000000000000,32988,2754029,44493,1875891,77424,4438107
129,4/21/2021 15:00:00,39820,2602139,47039.000000000000000,1731220,26.000000000000000,191736.000000000000000,39846,2793875,47065,1922956,86885,4524992
130,4/22/2021 15:00:00,35847,2637986,42640.000000000000000,1773860,16.000000000000000,191752.000000000000000,35863,2829738,42656,1965612,78503,4603495
131,4/23/2021 15:00:00,33140,2671126,40130.000000000000000,1813990,14.000000000000000,191766.000000000000000,33154,2862892,40144,2005756,73284,4676779
132,4/24/2021 15:00:00,26415,2697541,27886.000000000000000,1841876,81.000000000000000,191847.000000000000000,26496,2889388,27967,2033723,54382,4731161
133,4/25/2021 15:00:00,20232,2717773,10965.000000000000000,1852841,31.000000000000000,191878.000000000000000,20263,2909651,10996,2044719,31228,4762389
134,4/26/2021 15:00:00,27410,2745183,32706.000000000000000,1885547,202.000000000000000,192080.000000000000000,27612,2937263,32908,2077627,60318,4822707
135,4/27/2021 15:00:00,26690,2771873,33061.000000000000000,1918608,1097.000000000000000,193177.000000000000000,27787,2965050,34158,2111785,60848,4883555
136,4/28/2021 15:00:00,28931,2800804,39530.000000000000000,1958138,1362.000000000000000,194539.000000000000000,30293,2995343,40892,2152677,69823,4953378
137,4/29/2021 15:00:00,27073,2827877,39731.000000000000000,1997869,1464.000000000000000,196003.000000000000000,28537,3023880,41195,2193872,68268,5021646
138,4/30/2021 15:00:00,28200,2856077,32256.000000000000000,2030125,1647.000000000000000,197650.000000000000000,29847,3053727,33903,2227775,62103,5083749
139,5/1/2021 15:00:00,20667,2876744,26665.000000000000000,2056790,1047.000000000000000,198697.000000000000000,21714,3075441,27712,2255487,48379,5132128
140,5/2/2021 15:00:00,10286,2887030,17036.000000000000000,2073826,822.000000000000000,199519.000000000000000,11108,3086549,17858,2273345,28144,5160272
141,5/3/2021 15:00:00,12756,2899786,28571.000000000000000,2102397,1915.000000000000000,201434.000000000000000,14671,3101220,30486,2303831,43242,5203514
142,5/4/2021 15:00:00,13569,2913355,38600.000000000000000,2140997,1737.000000000000000,203171.000000000000000,15306,3116526,40337,2344168,53906,5257420
143,5/5/2021 15:00:00,19324,2932679,37744.000000000000000,2178741,1921.000000000000000,205092.000000000000000,21245,3137771,39665,2383833,58989,5316409
144,5/6/2021 15:00:00,16918,2949597,40589.000000000000000,2219330,1720.000000000000000,206812.000000000000000,18638,3156409,42309,2426142,59227,5375636
145,5/7/2021 15:00:00,17585,2967182,36994.000000000000000,2256324,1958.000000000000000,208770.000000000000000,19543,3175952,38952,2465094,56537,5432173
146,5/8/2021 15:00:00,10790,2977972,31215.000000000000000,2287539,1290.000000000000000,210060.000000000000000,12080,3188032,32505,2497599,43295,5475468
147,5/9/2021 15:00:00,5079,2983051,12239.000000000000000,2299778,695.000000000000000,210755.000000000000000,5774,3193806,12934,2510533,18013,5493481
148,5/10/2021 15:00:00,8954,2992005,31049.000000000000000,2330827,1362.000000000000000,212117.000000000000000,10316,3204122,32411,2542944,41365,5534846
149,5/11/2021 15:00:00,12187,3004192,30281.000000000000000,2361108,1440.000000000000000,213557.000000000000000,13627,3217749,31721,2574665,43908,5578754
150,5/12/2021 15:00:00,13952,3018144,38604.000000000000000,2399712,1919.000000000000000,215476.000000000000000,15871,3233620,40523,2615188,54475,5633229
151,5/13/2021 15:00:00,21846,3039990,33495.000000000000000,2433207,1346.000000000000000,216822.000000000000000,23192,3256812,34841,2650029,56687,5689916
152,5/14/2021 15:00:00,24385,3064375,30040.000000000000000,2463247,1775.000000000000000,218597.000000000000000,26160,3282972,31815,2681844,56200,5746116
153,5/15/2021 15:00:00,21932,3086307,25103.000000000000000,2488350,1490.000000000000000,220087.000000000000000,23422,3306394,26593,2708437,48525,5794641
154,5/16/2021 15:00:00,9089,3095396,17580.000000000000000,2505930,1113.000000000000000,221200.000000000000000,10202,3316596,18693,2727130,27782,5822423
155,5/17/2021 15:00:00,16840,3112236,28395.000000000000000,2534325,1949.000000000000000,223149.000000000000000,18789,3335385,30344,2757474,47184,5869607
156,5/18/2021 15:00:00,21268,3133504,30683.000000000000000,2565008,1942.000000000000000,225091.000000000000000,23210,3358595,32625,2790099,53893,5923500
157,5/19/2021 15:00:00,27654,3161158,32424.000000000000000,2597432,1631.000000000000000,226722.000000000000000,29285,3387880,34055,2824154,61709,5985209
158,5/20/2021 15:00:00,20810,3181968,33256.000000000000000,2630688,1965.000000000000000,228687.000000000000000,22775,3410655,35221,2859375,56031,6041240
159,5/21/2021 15:00:00,19155,3201123,30334.000000000000000,2661022,1607.000000000000000,230294.000000000000000,20762,3431417,31941,2891316,51096,6092336
160,5/22/2021 15:00:00,16932,3218055,20680.000000000000000,2681702,1272.000000000000000,231566.000000000000000,18204,3449621,21952,2913268,38884,6131220
161,5/23/2021 15:00:00,8785,3226840,11438.000000000000000,2693140,964.000000000000000,232530.000000000000000,9749,3459370,12402,2925670,21187,6152407
162,5/24/2021 15:00:00,13565,3240405,17765.000000000000000,2710905,1473.000000000000000,234003.000000000000000,15038,3474408,19238,2944908,32803,6185210
163,5/25/2021 15:00:00,13068,3253473,18715.000000000000000,2729620,1329.000000000000000,235332.000000000000000,14397,3488805,20044,2964952,33112,6218322
164,5/26/2021 15:00:00,18311,3271784,19488.000000000000000,2749108,1512.000000000000000,236844.000000000000000,19823,3508628,21000,2985952,39311,6257633
165,5/27/2021 15:00:00,11686,3283470,18655.000000000000000,2767763,1116.000000000000000,237960.000000000000000,12802,3521430,19771,3005723,31457,6289090
166,5/28/2021 15:00:00,12411,3295881,19836.000000000000000,2787599,1401.000000000000000,239361.000000000000000,13812,3535242,21237,3026960,33648,6322738
167,5/29/2021 15:00:00,9530,3305411,11696.000000000000000,2799295,936.000000000000000,240297.000000000000000,10466,3545708,12632,3039592,22162,6344900
168,5/30/2021 15:00:00,4970,3310381,6425.000000000000000,2805720,596.000000000000000,240893.000000000000000,5566,3551274,7021,3046613,11991,6356891
169,5/31/2021 15:00:00,1777,3312158,3713.000000000000000,2809433,305.000000000000000,241198.000000000000000,2082,3553356,4018,3050631,5795,6362686
170,6/1/2021 15:00:00,9838,3321996,16426.000000000000000,2825859,1158.000000000000000,242356.000000000000000,10996,3564352,17584,3068215,27422,6390108
171,6/2/2021 15:00:00,10232,3332228,16811.000000000000000,2842670,959.000000000000000,243315.000000000000000,11191,3575543,17770,3085985,28002,6418110
172,6/3/2021 15:00:00,7902,3340130,21187.000000000000000,2863857,1087.000000000000000,244402.000000000000000,8989,3584532,22274,3108259,30176,6448286
173,6/4/2021 15:00:00,8186,3348316,22348.000000000000000,2886205,1120.000000000000000,245522.000000000000000,9306,3593838,23468,3131727,31654,6479940
174,6/5/2021 15:00:00,7003,3355319,19463.000000000000000,2905668,720.000000000000000,246242.000000000000000,7723,3601561,20183,3151910,27186,6507126
175,6/6/2021 15:00:00,3457,3358776,7246.000000000000000,2912914,423.000000000000000,246665.000000000000000,3880,3605441,7669,3159579,11126,6518252
176,6/7/2021 15:00:00,6854,3365630,15781.000000000000000,2928695,726.000000000000000,247391.000000000000000,7580,3613021,16507,3176086,23361,6541613
177,6/8/2021 15:00:00,6673,3372303,19729.000000000000000,2948424,830.000000000000000,248221.000000000000000,7503,3620524,20559,3196645,27232,6568845
178,6/9/2021 15:00:00,8201,3380504,23973.000000000000000,2972397,970.000000000000000,249191.000000000000000,9171,3629695,24943,3221588,33144,6601989
179,6/10/2021 15:00:00,7148,3387652,19137.000000000000000,2991534,895.000000000000000,250086.000000000000000,8043,3637738,20032,3241620,27180,6629169
180,6/11/2021 15:00:00,7487,3395139,17718.000000000000000,3009252,1125.000000000000000,251211.000000000000000,8612,3646350,18843,3260463,26330,6655499
181,6/12/2021 15:00:00,5237,3400376,14758.000000000000000,3024010,605.000000000000000,251816.000000000000000,5842,3652192,15363,3275826,20600,6676099
182,6/13/2021 15:00:00,1930,3402306,7601.000000000000000,3031611,427.000000000000000,252243.000000000000000,2357,3654549,8028,3283854,9958,6686057
183,6/14/2021 15:00:00,5660,3407966,11810.000000000000000,3043421,733.000000000000000,252976.000000000000000,6393,3660942,12543,3296397,18203,6704260
184,6/15/2021 15:00:00,5641,3413607,14332.000000000000000,3057753,873.000000000000000,253849.000000000000000,6514,3667456,15205,3311602,20846,6725106
185,6/16/2021 15:00:00,8756,3422363,21583.000000000000000,3079336,757.000000000000000,254606.000000000000000,9513,3676969,22340,3333942,31096,6756202
186,6/17/2021 15:00:00,6684,3429047,12363.000000000000000,3091699,720.000000000000000,255326.000000000000000,7404,3684373,13083,3347025,19767,6775969
187,6/18/2021 15:00:00,6836,3435883,12730.000000000000000,3104429,703.000000000000000,256029.000000000000000,7539,3691912,13433,3360458,20269,6796238
188,6/19/2021 15:00:00,4662,3440545,9370.000000000000000,3113799,614.000000000000000,256643.000000000000000,5276,3697188,9984,3370442,14646,6810884
189,6/20/2021 15:00:00,2505,3443050,5052.000000000000000,3118851,377.000000000000000,257020.000000000000000,2882,3700070,5429,3375871,7934,6818818
190,6/21/2021 15:00:00,5560,3448610,5331.000000000000000,3124182,635.000000000000000,257655.000000000000000,6195,3706265,5966,3381837,11526,6830344
191,6/22/2021 15:00:00,5344,3453954,9048.000000000000000,3133230,693.000000000000000,258348.000000000000000,6037,3712302,9741,3391578,15085,6845429
192,6/23/2021 15:00:00,6065,3460019,10323.000000000000000,3143553,646.000000000000000,258994.000000000000000,6711,3719013,10969,3402547,17034,6862463
193,6/24/2021 15:00:00,5933,3465952,8196.000000000000000,3151749,595.000000000000000,259589.000000000000000,6528,3725541,8791,3411338,14724,6877187
194,6/25/2021 15:00:00,5817,3471769,8655.000000000000000,3160404,620.000000000000000,260209.000000000000000,6437,3731978,9275,3420613,15092,6892279
195,6/26/2021 15:00:00,3700,3475469,6303.000000000000000,3166707,398.000000000000000,260607.000000000000000,4098,3736076,6701,3427314,10401,6902680
196,6/27/2021 15:00:00,2808,3478277,3521.000000000000000,3170228,185.000000000000000,260792.000000000000000,2993,3739069,3706,3431020,6514,6909194
197,6/28/2021 15:00:00,4916,3483193,6383.000000000000000,3176611,539.000000000000000,261331.000000000000000,5455,3744524,6922,3437942,11838,6921032
198,6/29/2021 15:00:00,5062,3488255,6471.000000000000000,3183082,519.000000000000000,261850.000000000000000,5581,3750105,6990,3444932,12052,6933084
199,6/30/2021 15:00:00,5614,3493869,7382.000000000000000,3190464,605.000000000000000,262455.000000000000000,6219,3756324,7987,3452919,13601,6946685
200,7/1/2021 15:00:00,5401,3499270,6974.000000000000000,3197438,499.000000000000000,262954.000000000000000,5900,3762224,7473,3460392,12874,6959559
201,7/2/2021 15:00:00,5289,3504559,6835.000000000000000,3204273,523.000000000000000,263477.000000000000000,5812,3768036,7358,3467750,12647,6972206
202,7/3/2021 15:00:00,3268,3507827,4064.000000000000000,3208337,264.000000000000000,263741.000000000000000,3532,3771568,4328,3472078,7596,6979802
203,7/4/2021 15:00:00,492,3508319,545.000000000000000,3208882,67.000000000000000,263808.000000000000000,559,3772127,612,3472690,1104,6980906
204,7/5/2021 15:00:00,3761,3512080,3952.000000000000000,3212834,287.000000000000000,264095.000000000000000,4048,3776175,4239,3476929,8000,6988906
205,7/6/2021 15:00:00,4489,3516569,6266.000000000000000,3219100,452.000000000000000,264547.000000000000000,4941,3781116,6718,3483647,11207,7000113
206,7/7/2021 15:00:00,4466,3521035,6408.000000000000000,3225508,482.000000000000000,265029.000000000000000,4948,3786064,6890,3490537,11356,7011469
207,7/8/2021 15:00:00,4834,3525869,6166.000000000000000,3231674,564.000000000000000,265593.000000000000000,5398,3791462,6730,3497267,11564,7023033
208,7/9/2021 15:00:00,5362,3531231,6659.000000000000000,3238333,572.000000000000000,266165.000000000000000,5934,3797396,7231,3504498,12593,7035626
209,7/10/2021 15:00:00,3521,3534752,4399.000000000000000,3242732,303.000000000000000,266468.000000000000000,3824,3801220,4702,3509200,8223,7043849
210,7/11/2021 15:00:00,2676,3537428,2565.000000000000000,3245297,225.000000000000000,266693.000000000000000,2901,3804121,2790,3511990,5466,7049315
211,7/12/2021 15:00:00,4414,3541842,5115.000000000000000,3250412,379.000000000000000,267072.000000000000000,4793,3808914,5494,3517484,9908,7059223
212,7/13/2021 15:00:00,4657,3546499,4719.000000000000000,3255131,366.000000000000000,267438.000000000000000,5023,3813937,5085,3522569,9742,7068965
213,7/14/2021 15:00:00,4616,3551115,5276.000000000000000,3260407,421.000000000000000,267859.000000000000000,5037,3818974,5697,3528266,10313,7079278
214,7/15/2021 15:00:00,4900,3556015,5015.000000000000000,3265422,359.000000000000000,268218.000000000000000,5259,3824233,5374,3533640,10274,7089552
215,7/16/2021 15:00:00,6275,3562290,5834.000000000000000,3271256,403.000000000000000,268621.000000000000000,6678,3830911,6237,3539877,12512,7102064
216,7/17/2021 15:00:00,3416,3565706,3549.000000000000000,3274805,302.000000000000000,268923.000000000000000,3718,3834629,3851,3543728,7267,7109331
217,7/18/2021 15:00:00,2310,3568016,2374.000000000000000,3277179,110.000000000000000,269033.000000000000000,2420,3837049,2484,3546212,4794,7114125
218,7/19/2021 15:00:00,5139,3573155,4609.000000000000000,3281788,381.000000000000000,269414.000000000000000,5520,3842569,4990,3551202,10129,7124254
219,7/20/2021 15:00:00,5332,3578487,4713.000000000000000,3286501,366.000000000000000,269780.000000000000000,5698,3848267,5079,3556281,10411,7134665
220,7/21/2021 15:00:00,5659,3584146,4939.000000000000000,3291440,416.000000000000000,270196.000000000000000,6075,3854342,5355,3561636,11014,7145679
221,7/22/2021 15:00:00,6022,3590168,4631.000000000000000,3296071,472.000000000000000,270668.000000000000000,6494,3860836,5103,3566739,11125,7156804
222,7/23/2021 15:00:00,6837,3597005,4841.000000000000000,3300912,497.000000000000000,271165.000000000000000,7334,3868170,5338,3572077,12175,7168979
223,7/24/2021 15:00:00,4279,3601284,3199.000000000000000,3304111,267.000000000000000,271432.000000000000000,4546,3872716,3466,3575543,7745,7176724
224,7/25/2021 15:00:00,3297,3604581,1112.000000000000000,3305223,139.000000000000000,271571.000000000000000,3436,3876152,1251,3576794,4548,7181272
225,7/26/2021 15:00:00,6210,3610791,3903.000000000000000,3309126,419.000000000000000,271990.000000000000000,6629,3882781,4322,3581116,10532,7191804
226,7/27/2021 15:00:00,6600,3617391,4275.000000000000000,3313401,457.000000000000000,272447.000000000000000,7057,3889838,4732,3585848,11332,7203136
227,7/28/2021 15:00:00,7075,3624466,4135.000000000000000,3317536,460.000000000000000,272907.000000000000000,7535,3897373,4595,3590443,11670,7214806
228,7/29/2021 15:00:00,7073,3631539,4296.000000000000000,3321832,419.000000000000000,273326.000000000000000,7492,3904865,4715,3595158,11788,7226594
229,7/30/2021 15:00:00,7810,3639349,4798.000000000000000,3326630,525.000000000000000,273851.000000000000000,8335,3913200,5323,3600481,13133,7239727
230,7/31/2021 15:00:00,4791,3644140,3071.000000000000000,3329701,273.000000000000000,274124.000000000000000,5064,3918264,3344,3603825,8135,7247862
231,8/1/2021 15:00:00,3878,3648018,2156.000000000000000,3331857,163.000000000000000,274287.000000000000000,4041,3922305,2319,3606144,6197,7254059
232,8/2/2021 15:00:00,7258,3655276,3836.000000000000000,3335693,340.000000000000000,274627.000000000000000,7598,3929903,4176,3610320,11434,7265493
233,8/3/2021 15:00:00,7259,3662535,4088.000000000000000,3339781,515.000000000000000,275142.000000000000000,7774,3937677,4603,3614923,11862,7277355
234,8/4/2021 15:00:00,7411,3669946,4106.000000000000000,3343887,534.000000000000000,275676.000000000000000,7945,3945622,4640,3619563,12051,7289406
235,8/5/2021 15:00:00,7930,3677876,4276.000000000000000,3348163,537.000000000000000,276213.000000000000000,8467,3954089,4813,3624376,12743,7302149
236,8/6/2021 15:00:00,8301,3686177,4712.000000000000000,3352875,454.000000000000000,276667.000000000000000,8755,3962844,5166,3629542,13467,7315616
237,8/7/2021 15:00:00,5275,3691452,2813.000000000000000,3355688,263.000000000000000,276930.000000000000000,5538,3968382,3076,3632618,8351,7323967
238,8/8/2021 15:00:00,3953,3695405,2051.000000000000000,3357739,143.000000000000000,277073.000000000000000,4096,3972478,2194,3634812,6147,7330114
239,8/9/2021 15:00:00,6928,3702333,4532.000000000000000,3362271,368.000000000000000,277441.000000000000000,7296,3979774,4900,3639712,11828,7341942
240,8/10/2021 15:00:00,7134,3709467,4454.000000000000000,3366725,339.000000000000000,277780.000000000000000,7473,3987247,4793,3644505,11927,7353869
241,8/11/2021 15:00:00,7054,3716521,4435.000000000000000,3371160,442.000000000000000,278222.000000000000000,7496,3994743,4877,3649382,11931,7365800
242,8/12/2021 15:00:00,8605,3725126,4732.000000000000000,3375892,445.000000000000000,278667.000000000000000,9050,4003793,5177,3654559,13782,7379582
243,8/13/2021 15:00:00,7139,3732265,5364.000000000000000,3381256,397.000000000000000,279064.000000000000000,7536,4011329,5761,3660320,12900,7392482
244,8/14/2021 15:00:00,4914,3737179,3341.000000000000000,3384597,285.000000000000000,279349.000000000000000,5199,4016528,3626,3663946,8540,7401022
245,8/15/2021 15:00:00,3326,3740505,2734.000000000000000,3387331,163.000000000000000,279512.000000000000000,3489,4020017,2897,3666843,6223,7407245
246,8/16/2021 15:00:00,5433,3745938,5092.000000000000000,3392423,353.000000000000000,279865.000000000000000,5786,4025803,5445,3672288,10878,7418123
247,8/17/2021 15:00:00,6809,3752747,5359.000000000000000,3397782,390.000000000000000,280255.000000000000000,7199,4033002,5749,3678037,12558,7430681
248,8/18/2021 15:00:00,6320,3759067,5497.000000000000000,3403279,481.000000000000000,280736.000000000000000,6801,4039803,5978,3684015,12298,7442979
249,8/19/2021 15:00:00,6210,3765277,5551.000000000000000,3408830,416.000000000000000,281152.000000000000000,6626,4046429,5967,3689982,12177,7455156
250,8/20/2021 15:00:00,6832,3772109,6544.000000000000000,3415374,401.000000000000000,281553.000000000000000,7233,4053662,6945,3696927,13777,7468933
251,8/21/2021 15:00:00,4322,3776431,3915.000000000000000,3419289,228.000000000000000,281781.000000000000000,4550,4058212,4143,3701070,8465,7477398
252,8/22/2021 15:00:00,3059,3779490,3171.000000000000000,3422460,110.000000000000000,281891.000000000000000,3169,4061381,3281,3704351,6340,7483738
253,8/23/2021 15:00:00,5985,3785475,6088.000000000000000,3428548,285.000000000000000,282176.000000000000000,6270,4067651,6373,3710724,12358,7496096
254,8/24/2021 15:00:00,6544,3792019,6052.000000000000000,3434600,425.000000000000000,282601.000000000000000,6969,4074620,6477,3717201,13021,7509117
255,8/25/2021 15:00:00,6711,3798730,6210.000000000000000,3440810,441.000000000000000,283042.000000000000000,7152,4081772,6651,3723852,13362,7522479
256,8/26/2021 15:00:00,6965,3805695,6642.000000000000000,3447452,428.000000000000000,283470.000000000000000,7393,4089165,7070,3730922,14035,7536514
257,8/27/2021 15:00:00,6826,3812521,7063.000000000000000,3454515,316.000000000000000,283786.000000000000000,7142,4096307,7379,3738301,14205,7550719
258,8/28/2021 15:00:00,6902,3819423,6513.000000000000000,3461028,324.000000000000000,284110.000000000000000,7226,4103533,6837,3745138,13739,7564458
259,8/29/2021 15:00:00,3736,3823159,3686.000000000000000,3464714,610.000000000000000,284720.000000000000000,4346,4107879,4296,3749434,8032,7572490
260,8/30/2021 15:00:00,5927,3829086,6116.000000000000000,3470830,960.000000000000000,285680.000000000000000,6887,4114766,7076,3756510,13003,7585493
261,8/31/2021 15:00:00,5896,3834982,6049.000000000000000,3476879,946.000000000000000,286626.000000000000000,6842,4121608,6995,3763505,12891,7598384
262,9/1/2021 15:00:00,5585,3840567,5649.000000000000000,3482528,915.000000000000000,287541.000000000000000,6500,4128108,6564,3770069,12149,7610533
263,9/2/2021 15:00:00,5529,3846096,5918.000000000000000,3488446,707.000000000000000,288248.000000000000000,6236,4134344,6625,3776694,12154,7622687
264,9/3/2021 15:00:00,5992,3852088,6922.000000000000000,3495368,973.000000000000000,289221.000000000000000,6965,4141309,7895,3784589,13887,7636574
265,9/4/2021 15:00:00,3728,3855816,4344.000000000000000,3499712,879.000000000000000,290100.000000000000000,4607,4145916,5223,3789812,8951,7645525
266,9/5/2021 15:00:00,2955,3858771,2805.000000000000000,3502517,106.000000000000000,290206.000000000000000,3061,4148977,2911,3792723,5866,7651391
267,9/6/2021 15:00:00,1059,3859830,1151.000000000000000,3503668,64.000000000000000,290270.000000000000000,1123,4150100,1215,3793938,2274,7653665
268,9/7/2021 15:00:00,5343,3865173,7298.000000000000000,3510966,2303.000000000000000,292573.000000000000000,7646,4157746,9601,3803539,14944,7668609
269,9/8/2021 15:00:00,4654,3869827,5470.000000000000000,3516436,364.000000000000000,292937.000000000000000,5018,4162764,5834,3809373,10488,7679097
270,9/9/2021 15:00:00,5014,3874841,5454.000000000000000,3521890,324.000000000000000,293261.000000000000000,5338,4168102,5778,3815151,10792,7689889
271,9/10/2021 15:00:00,6520,3881361,6647.000000000000000,3528537,1719.000000000000000,294980.000000000000000,8239,4176341,8366,3823517,14886,7704775
272,9/11/2021 15:00:00,4170,3885531,4332.000000000000000,3532869,666.000000000000000,295646.000000000000000,4836,4181177,4998,3828515,9168,7713943
273,9/12/2021 15:00:00,3171,3888702,3241.000000000000000,3536110,436.000000000000000,296082.000000000000000,3607,4184784,3677,3832192,6848,7720791
274,9/13/2021 15:00:00,4882,3893584,5062.000000000000000,3541172,346.000000000000000,296428.000000000000000,5228,4190012,5408,3837600,10290,7731081
275,9/14/2021 15:00:00,4773,3898357,5433.000000000000000,3546605,436.000000000000000,296864.000000000000000,5209,4195221,5869,3843469,10642,7741723
276,9/15/2021 15:00:00,5032,3903389,5864.000000000000000,3552469,389.000000000000000,297253.000000000000000,5421,4200642,6253,3849722,11285,7753008
277,9/16/2021 15:00:00,4805,3908194,5839.000000000000000,3558308,336.000000000000000,297589.000000000000000,5141,4205783,6175,3855897,10980,7763988
278,9/17/2021 15:00:00,5255,3913449,6580.000000000000000,3564888,344.000000000000000,297933.000000000000000,5599,4211382,6924,3862821,12179,7776167
279,9/18/2021 15:00:00,3802,3917251,4574.000000000000000,3569462,185.000000000000000,298118.000000000000000,3987,4215369,4759,3867580,8561,7784728
280,9/19/2021 15:00:00,2744,3919995,3167.000000000000000,3572629,75.000000000000000,298193.000000000000000,2819,4218188,3242,3870822,5986,7790714
281,9/20/2021 15:00:00,3746,3923741,4678.000000000000000,3577307,430.000000000000000,298623.000000000000000,4176,4222364,5108,3875930,8854,7799568
282,9/21/2021 15:00:00,4004,3927745,4999.000000000000000,3582306,327.000000000000000,298950.000000000000000,4331,4226695,5326,3881256,9330,7808898
283,9/22/2021 15:00:00,4195,3931940,4768.000000000000000,3587074,458.000000000000000,299408.000000000000000,4653,4231348,5226,3886482,9421,7818319
284,9/23/2021 15:00:00,4172,3936112,4731.000000000000000,3591805,492.000000000000000,299900.000000000000000,4664,4236012,5223,3891705,9395,7827714
285,9/24/2021 15:00:00,5076,3941188,5606.000000000000000,3597411,422.000000000000000,300322.000000000000000,5498,4241510,6028,3897733,11104,7838818
286,9/25/2021 15:00:00,3627,3944815,3632.000000000000000,3601043,384.000000000000000,300706.000000000000000,4011,4245521,4016,3901749,7643,7846461
287,9/26/2021 15:00:00,2356,3947171,2666.000000000000000,3603709,425.000000000000000,301131.000000000000000,2781,4248302,3091,3904840,5447,7851908
288,9/27/2021 15:00:00,4504,3951675,2707.000000000000000,3606416,510.000000000000000,301641.000000000000000,5014,4253316,3217,3908057,7721,7859629
289,9/28/2021 15:00:00,4400,3956075,4455.000000000000000,3610871,211.000000000000000,301852.000000000000000,4611,4257927,4666,3912723,9066,7868695
290,9/29/2021 15:00:00,4698,3960773,4509.000000000000000,3615380,920.000000000000000,302772.000000000000000,5618,4263545,5429,3918152,10127,7878822
291,9/30/2021 15:00:00,4889,3965662,4559.000000000000000,3619939,795.000000000000000,303567.000000000000000,5684,4269229,5354,3923506,10243,7889065
292,10/1/2021 15:00:00,5488,3971150,5328.000000000000000,3625267,783.000000000000000,304350.000000000000000,6271,4275500,6111,3929617,11599,7900664
293,10/2/2021 15:00:00,2936,3974086,2895.000000000000000,3628162,187.000000000000000,304537.000000000000000,3123,4278623,3082,3932699,6018,7906682
294,10/3/2021 15:00:00,2076,3976162,2375.000000000000000,3630537,86.000000000000000,304623.000000000000000,2162,4280785,2461,3935160,4537,7911219
295,10/4/2021 15:00:00,4018,3980180,3496.000000000000000,3634033,232.000000000000000,304855.000000000000000,4250,4285035,3728,3938888,7746,7918965
296,10/5/2021 15:00:00,3958,3984138,3661.000000000000000,3637694,207.000000000000000,305062.000000000000000,4165,4289200,3868,3942756,7826,7926791
297,10/6/2021 15:00:00,4025,3988163,3578.000000000000000,3641272,265.000000000000000,305327.000000000000000,4290,4293490,3843,3946599,7868,7934659
298,10/7/2021 15:00:00,4231,3992394,3627.000000000000000,3644899,331.000000000000000,305658.000000000000000,4562,4298052,3958,3950557,8189,7942848
299,10/8/2021 15:00:00,4772,3997166,4288.000000000000000,3649187,282.000000000000000,305940.000000000000000,5054,4303106,4570,3955127,9342,7952190
300,10/9/2021 15:00:00,2686,3999852,2679.000000000000000,3651866,270.000000000000000,306210.000000000000000,2956,4306062,2949,3958076,5635,7957825
301,10/10/2021 15:00:00,1864,4001716,1846.000000000000000,3653712,59.000000000000000,306269.000000000000000,1923,4307985,1905,3959981,3769,7961594
302,10/11/2021 15:00:00,4216,4005932,3333.000000000000000,3657045,249.000000000000000,306518.000000000000000,4465,4312450,3582,3963563,7798,7969392
303,10/12/2021 15:00:00,3589,4009521,3525.000000000000000,3660570,273.000000000000000,306791.000000000000000,3862,4316312,3798,3967361,7387,7976779
304,10/13/2021 15:00:00,3958,4013479,3458.000000000000000,3664028,346.000000000000000,307137.000000000000000,4304,4320616,3804,3971165,7762,7984541
305,10/14/2021 15:00:00,5165,4018644,5486.000000000000000,3669514,429.000000000000000,307566.000000000000000,5594,4326210,5915,3977080,11080,7995621
306,10/15/2021 15:00:00,4702,4023346,4589.000000000000000,3674103,347.000000000000000,307913.000000000000000,5049,4331259,4936,3982016,9638,8005259
307,10/16/2021 15:00:00,2496,4025842,2506.000000000000000,3676609,290.000000000000000,308203.000000000000000,2786,4334045,2796,3984812,5292,8010551
308,10/17/2021 15:00:00,1807,4027649,1775.000000000000000,3678384,55.000000000000000,308258.000000000000000,1862,4335907,1830,3986642,3637,8014188
309,10/18/2021 15:00:00,4284,4031933,3579.000000000000000,3681963,267.000000000000000,308525.000000000000000,4551,4340458,3846,3990488,8130,8022318
310,10/19/2021 15:00:00,4302,4036235,4030.000000000000000,3685993,222.000000000000000,308747.000000000000000,4524,4344982,4252,3994740,8554,8030872
311,10/20/2021 15:00:00,3525,4039760,3425.000000000000000,3689418,254.000000000000000,309001.000000000000000,3779,4348761,3679,3998419,7204,8038076
312,10/21/2021 15:00:00,3298,4043058,3265.000000000000000,3692683,290.000000000000000,309291.000000000000000,3588,4352349,3555,4001974,6853,8044929
313,10/22/2021 15:00:00,4683,4047741,4033.000000000000000,3696716,476.000000000000000,309767.000000000000000,5159,4357508,4509,4006483,9192,8054121
314,10/23/2021 15:00:00,2887,4050628,2116.000000000000000,3698832,321.000000000000000,310088.000000000000000,3208,4360716,2437,4008920,5324,8059445
315,10/24/2021 15:00:00,2057,4052685,1560.000000000000000,3700392,78.000000000000000,310166.000000000000000,2135,4362851,1638,4010558,3695,8063140
316,10/25/2021 15:00:00,4549,4057234,3077.000000000000000,3703469,316.000000000000000,310482.000000000000000,4865,4367716,3393,4013951,7942,8071082
317,10/26/2021 15:00:00,4509,4061743,3094.000000000000000,3706563,310.000000000000000,310792.000000000000000,4819,4372535,3404,4017355,7913,8078995
318,10/27/2021 15:00:00,4737,4066480,3343.000000000000000,3709906,429.000000000000000,311221.000000000000000,5166,4377701,3772,4021127,8509,8087504
319,10/28/2021 15:00:00,4554,4071034,3367.000000000000000,3713273,498.000000000000000,311719.000000000000000,5052,4382753,3865,4024992,8419,8095923
320,10/29/2021 15:00:00,4975,4076009,3920.000000000000000,3717193,393.000000000000000,312112.000000000000000,5368,4388121,4313,4029305,9288,8105211
321,10/30/2021 15:00:00,2630,4078639,1845.000000000000000,3719038,308.000000000000000,312420.000000000000000,2938,4391059,2153,4031458,4783,8109994
322,10/31/2021 15:00:00,1942,4080581,1520.000000000000000,3720558,93.000000000000000,312513.000000000000000,2035,4393094,1613,4033071,3555,8113549
323,11/1/2021 15:00:00,4696,4085277,3425.000000000000000,3723983,342.000000000000000,312855.000000000000000,5038,4398132,3767,4036838,8463,8122012
324,11/2/2021 15:00:00,4259,4089536,2949.000000000000000,3726932,406.000000000000000,313261.000000000000000,4665,4402797,3355,4040193,7614,8129626
325,11/3/2021 15:00:00,4664,4094200,3058.000000000000000,3729990,458.000000000000000,313719.000000000000000,5122,4407919,3516,4043709,8180,8137806
326,11/4/2021 15:00:00,6295,4100495,3362.000000000000000,3733352,512.000000000000000,314231.000000000000000,6807,4414726,3874,4047583,10169,8147975
327,11/5/2021 15:00:00,8226,4108721,3766.000000000000000,3737118,408.000000000000000,314639.000000000000000,8634,4423360,4174,4051757,12400,8160375
328,11/6/2021 15:00:00,10176,4118897,1981.000000000000000,3739099,305.000000000000000,314944.000000000000000,10481,4433841,2286,4054043,12462,8172837
329,11/7/2021 15:00:00,7721,4126618,1469.000000000000000,3740568,94.000000000000000,315038.000000000000000,7815,4441656,1563,4055606,9284,8182121
330,11/8/2021 15:00:00,11288,4137906,3039.000000000000000,3743607,379.000000000000000,315417.000000000000000,11667,4453323,3418,4059024,14706,8196827
331,11/9/2021 15:00:00,11750,4149656,2657.000000000000000,3746264,269.000000000000000,315686.000000000000000,12019,4465342,2926,4061950,14676,8211503
332,11/10/2021 15:00:00,12578,4162234,2762.000000000000000,3749026,337.000000000000000,316023.000000000000000,12915,4478257,3099,4065049,15677,8227180
333,11/11/2021 15:00:00,11352,4173586,2383.000000000000000,3751409,281.000000000000000,316304.000000000000000,11633,4489890,2664,4067713,14016,8241196
334,11/12/2021 15:00:00,12280,4185866,3357.000000000000000,3754766,547.000000000000000,316851.000000000000000,12827,4502717,3904,4071617,16184,8257380
335,11/13/2021 15:00:00,9876,4195742,1590.000000000000000,3756356,342.000000000000000,317193.000000000000000,10218,4512935,1932,4073549,11808,8269188
336,11/14/2021 15:00:00,3920,4199662,1131.000000000000000,3757487,121.000000000000000,317314.000000000000000,4041,4516976,1252,4074801,5172,8274360
337,11/15/2021 15:00:00,8613,4208275,2527.000000000000000,3760014,204.000000000000000,317518.000000000000000,8817,4525793,2731,4077532,11344,8285704
338,11/16/2021 15:00:00,9230,4217505,2493.000000000000000,3762507,255.000000000000000,317773.000000000000000,9485,4535278,2748,4080280,11978,8297682
339,11/17/2021 15:00:00,9399,4226904,2881.000000000000000,3765388,312.000000000000000,318085.000000000000000,9711,4544989,3193,4083473,12592,8310274
340,11/18/2021 15:00:00,9293,4236197,2632.000000000000000,3768020,480.000000000000000,318565.000000000000000,9773,4554762,3112,4086585,12405,8322679
341,11/19/2021 15:00:00,9794,4245991,2919.000000000000000,3770939,381.000000000000000,318946.000000000000000,10175,4564937,3300,4089885,13094,8335773
342,11/20/2021 15:00:00,10630,4256621,1608.000000000000000,3772547,455.000000000000000,319401.000000000000000,11085,4576022,2063,4091948,12693,8348466
343,11/21/2021 15:00:00,4347,4260968,1201.000000000000000,3773748,99.000000000000000,319500.000000000000000,4446,4580468,1300,4093248,5647,8354113
344,11/22/2021 15:00:00,9812,4270780,2495.000000000000000,3776243,292.000000000000000,319792.000000000000000,10104,4590572,2787,4096035,12599,8366712
345,11/23/2021 15:00:00,9172,4279952,2401.000000000000000,3778644,280.000000000000000,320072.000000000000000,9452,4600024,2681,4098716,11853,8378565
346,11/24/2021 15:00:00,8148,4288100,2447.000000000000000,3781091,216.000000000000000,320288.000000000000000,8364,4608388,2663,4101379,10811,8389376
347,11/25/2021 15:00:00,238,4288338,77.000000000000000,3781168,10.000000000000000,320298.000000000000000,248,4608636,87,4101466,325,8389701
348,11/26/2021 15:00:00,5656,4293994,3955.000000000000000,3785123,152.000000000000000,320450.000000000000000,5808,4614444,4107,4105573,9763,8399464
349,11/27/2021 15:00:00,3787,4297781,5449.000000000000000,3790572,134.000000000000000,320584.000000000000000,3921,4618365,5583,4111156,9370,8408834
350,11/28/2021 15:00:00,2415,4300196,6382.000000000000000,3796954,77.000000000000000,320661.000000000000000,2492,4620857,6459,4117615,8874,8417708
351,11/29/2021 15:00:00,6381,4306577,9271.000000000000000,3806225,379.000000000000000,321040.000000000000000,6760,4627617,9650,4127265,16031,8433739
352,11/30/2021 15:00:00,6247,4312824,9297.000000000000000,3815522,264.000000000000000,321304.000000000000000,6511,4634128,9561,4136826,15808,8449547
353,12/1/2021 15:00:00,7272,4320096,9656.000000000000000,3825178,306.000000000000000,321610.000000000000000,7578,4641706,9962,4146788,17234,8466781
354,12/2/2021 15:00:00,6910,4327006,8752.000000000000000,3833930,450.000000000000000,322060.000000000000000,7360,4649066,9202,4155990,16112,8482893
355,12/3/2021 15:00:00,7578,4334584,9244.000000000000000,3843174,250.000000000000000,322310.000000000000000,7828,4656894,9494,4165484,17072,8499965
356,12/4/2021 15:00:00,5958,4340542,10020.000000000000000,3853194,465.000000000000000,322775.000000000000000,6423,4663317,10485,4175969,16443,8516408
357,12/5/2021 15:00:00,3469,4344011,3287.000000000000000,3856481,77.000000000000000,322852.000000000000000,3546,4666863,3364,4179333,6833,8523241
358,12/6/2021 15:00:00,6747,4350758,7089.000000000000000,3863570,276.000000000000000,323128.000000000000000,7023,4673886,7365,4186698,14112,8537353
359,12/7/2021 15:00:00,6404,4357162,7014.000000000000000,3870584,249.000000000000000,323377.000000000000000,6653,4680539,7263,4193961,13667,8551020
360,12/8/2021 15:00:00,6928,4364090,7412.000000000000000,3877996,316.000000000000000,323693.000000000000000,7244,4687783,7728,4201689,14656,8565676
361,12/9/2021 15:00:00,6508,4370598,6973.000000000000000,3884969,396.000000000000000,324089.000000000000000,6904,4694687,7369,4209058,13877,8579553
362,12/10/2021 15:00:00,7244,4377842,7312.000000000000000,3892281,229.000000000000000,324318.000000000000000,7473,4702160,7541,4216599,14785,8594338
363,12/11/2021 15:00:00,4458,4382300,7660.000000000000000,3899941,333.000000000000000,324651.000000000000000,4791,4706951,7993,4224592,12451,8606789
364,12/12/2021 15:00:00,3999,4386299,2783.000000000000000,3902724,60.000000000000000,324711.000000000000000,4059,4711010,2843,4227435,6842,8613631
365,12/13/2021 15:00:00,5695,4391994,5756.000000000000000,3908480,243.000000000000000,324954.000000000000000,5938,4716948,5999,4233434,11694,8625325
366,12/14/2021 15:00:00,6443,4398437,5912.000000000000000,3914392,220.000000000000000,325174.000000000000000,6663,4723611,6132,4239566,12575,8637900
367,12/15/2021 15:00:00,7133,4405570,5673.000000000000000,3920065,252.000000000000000,325426.000000000000000,7385,4730996,5925,4245491,13058,8650958
368,12/16/2021 15:00:00,7845,4413415,2806.000000000000000,3922871,421.000000000000000,325847.000000000000000,8266,4739262,3227,4248718,11072,8662030
369,12/17/2021 15:00:00,7793,4421208,4151.000000000000000,3927022,195.000000000000000,326042.000000000000000,7988,4747250,4346,4253064,12139,8674169
370,12/18/2021 15:00:00,5812,4427020,3180.000000000000000,3930202,298.000000000000000,326340.000000000000000,6110,4753360,3478,4256542,9290,8683459
371,12/19/2021 15:00:00,3381,4430401,1345.000000000000000,3931547,36.000000000000000,326376.000000000000000,3417,4756777,1381,4257923,4762,8688221
372,12/20/2021 15:00:00,8050,4438451,3739.000000000000000,3935286,173.000000000000000,326549.000000000000000,8223,4765000,3912,4261835,11962,8700183
373,12/21/2021 15:00:00,8969,4447420,4139.000000000000000,3939425,172.000000000000000,326721.000000000000000,9141,4774141,4311,4266146,13280,8713463
374,12/22/2021 15:00:00,8669,4456089,3849.000000000000000,3943274,183.000000000000000,326904.000000000000000,8852,4782993,4032,4270178,12701,8726164
375,12/23/2021 15:00:00,8398,4464487,3543.000000000000000,3946817,360.000000000000000,327264.000000000000000,8758,4791751,3903,4274081,12301,8738465
376,12/24/2021 15:00:00,1621,4466108,1003.000000000000000,3947820,39.000000000000000,327303.000000000000000,1660,4793411,1042,4275123,2663,8741128
377,12/25/2021 15:00:00,51,4466159,35.000000000000000,3947855,1.000000000000000,327304.000000000000000,52,4793463,36,4275159,87,8741215
378,12/26/2021 15:00:00,2519,4468678,1748.000000000000000,3949603,44.000000000000000,327348.000000000000000,2563,4796026,1792,4276951,4311,8745526
379,12/27/2021 15:00:00,7171,4475849,3976.000000000000000,3953579,295.000000000000000,327643.000000000000000,7466,4803492,4271,4281222,11442,8756968
380,12/28/2021 15:00:00,7838,4483687,3805.000000000000000,3957384,175.000000000000000,327818.000000000000000,8013,4811505,3980,4285202,11818,8768786
381,12/29/2021 15:00:00,8170,4491857,4007.000000000000000,3961391,155.000000000000000,327973.000000000000000,8325,4819830,4162,4289364,12332,8781118
382,12/30/2021 15:00:00,7456,4499313,3756.000000000000000,3965147,288.000000000000000,328261.000000000000000,7744,4827574,4044,4293408,11500,8792618
383,12/31/2021 15:00:00,2555,4501868,1523.000000000000000,3966670,92.000000000000000,328353.000000000000000,2647,4830221,1615,4295023,4170,8796788
384,1/1/2022 15:00:00,735,4502603,344.000000000000000,3967014,31.000000000000000,328384.000000000000000,766,4830987,375,4295398,1110,8797898
385,1/2/2022 15:00:00,2212,4504815,1643.000000000000000,3968657,47.000000000000000,328431.000000000000000,2259,4833246,1690,4297088,3902,8801800
386,1/3/2022 15:00:00,3390,4508205,2060.000000000000000,3970717,221.000000000000000,328652.000000000000000,3611,4836857,2281,4299369,5671,8807471
387,1/4/2022 15:00:00,5816,4514021,3450.000000000000000,3974167,162.000000000000000,328814.000000000000000,5978,4842835,3612,4302981,9428,8816899
388,1/5/2022 15:00:00,6793,4520814,4683.000000000000000,3978850,175.000000000000000,328989.000000000000000,6968,4849803,4858,4307839,11651,8828550
389,1/6/2022 15:00:00,6729,4527543,4790.000000000000000,3983640,263.000000000000000,329252.000000000000000,6992,4856795,5053,4312892,11782,8840332
390,1/7/2022 15:00:00,5910,4533453,3716.000000000000000,3987356,159.000000000000000,329411.000000000000000,6069,4862864,3875,4316767,9785,8850117
391,1/8/2022 15:00:00,4770,4538223,3887.000000000000000,3991243,78.000000000000000,329489.000000000000000,4848,4867712,3965,4320732,8735,8858852
392,1/9/2022 15:00:00,2755,4540978,2013.000000000000000,3993256,154.000000000000000,329643.000000000000000,2909,4870621,2167,4322899,4922,8863774
393,1/10/2022 15:00:00,6278,4547256,3806.000000000000000,3997062,155.000000000000000,329798.000000000000000,6433,4877054,3961,4326860,10239,8874013
394,1/11/2022 15:00:00,6507,4553763,4249.000000000000000,4001311,141.000000000000000,329939.000000000000000,6648,4883702,4390,4331250,10897,8884910
395,1/12/2022 15:00:00,6742,4560505,4429.000000000000000,4005740,225.000000000000000,330164.000000000000000,6967,4890669,4654,4335904,11396,8896306
396,1/13/2022 15:00:00,6522,4567027,4411.000000000000000,4010151,150.000000000000000,330314.000000000000000,6672,4897341,4561,4340465,11083,8907389
397,1/14/2022 15:00:00,7128,4574155,3244.000000000000000,4013395,252.000000000000000,330566.000000000000000,7380,4904721,3496,4343961,10624,8918013
398,1/15/2022 15:00:00,4120,4578275,1666.000000000000000,4015061,70.000000000000000,330636.000000000000000,4190,4908911,1736,4345697,5856,8923869
399,1/16/2022 15:00:00,2163,4580438,1308.000000000000000,4016369,116.000000000000000,330752.000000000000000,2279,4911190,1424,4347121,3587,8927456
400,1/17/2022 15:00:00,3589,4584027,2333.000000000000000,4018702,74.000000000000000,330826.000000000000000,3663,4914853,2407,4349528,5996,8933452
401,1/18/2022 15:00:00,5190,4589217,4113.000000000000000,4022815,99.000000000000000,330925.000000000000000,5289,4920142,4212,4353740,9402,8942854
402,1/19/2022 15:00:00,5195,4594412,4401.000000000000000,4027216,96.000000000000000,331021.000000000000000,5291,4925433,4497,4358237,9692,8952546
403,1/20/2022 15:00:00,4362,4598774,3519.000000000000000,4030735,175.000000000000000,331196.000000000000000,4537,4929970,3694,4361931,8056,8960602
404,1/21/2022 15:00:00,5384,4604158,2821.000000000000000,4033556,114.000000000000000,331310.000000000000000,5498,4935468,2935,4364866,8319,8968921
405,1/22/2022 15:00:00,3307,4607465,1673.000000000000000,4035229,133.000000000000000,331443.000000000000000,3440,4938908,1806,4366672,5113,8974034
406,1/23/2022 15:00:00,1897,4609362,1444.000000000000000,4036673,22.000000000000000,331465.000000000000000,1919,4940827,1466,4368138,3363,8977397
407,1/24/2022 15:00:00,3982,4613344,2642.000000000000000,4039315,79.000000000000000,331544.000000000000000,4061,4944888,2721,4370859,6703,8984100
408,1/25/2022 15:00:00,3548,4616892,3108.000000000000000,4042423,86.000000000000000,331630.000000000000000,3634,4948522,3194,4374053,6742,8990842
409,1/26/2022 15:00:00,2066,4618958,2020.000000000000000,4044443,53.000000000000000,331683.000000000000000,2119,4950641,2073,4376126,4139,8994981