OBJECTID,VACCINATION_DATE,FirstDailyDose,FirstDoseCumulative,SecondDailyDose,SecondDoseCumulative,SingleDailyDose,SingleDoseCumulative,AtleastOneVaccine,AtleastOneVaccineCumulative,CompletedVax,CompletedVaxCumulative,FirstSecondSingleVaccination_12,FirstSecondSingleVaccination_13
1,12/14/2020 15:00:00,19,1375,,521,,,19,1375,0,521,19,1792
2,12/15/2020 15:00:00,61,1436,3.000000000000000,524,,,61,1436,3,524,64,1856
3,12/16/2020 15:00:00,590,2026,5.000000000000000,529,,,590,2026,5,529,595,2451
4,12/17/2020 15:00:00,1160,3186,7.000000000000000,536,,,1160,3186,7,536,1167,3618
5,12/18/2020 15:00:00,3018,6204,12.000000000000000,548,,,3018,6204,12,548,3030,6648
6,12/19/2020 15:00:00,931,7135,5.000000000000000,553,,,931,7135,5,553,936,7584
7,12/20/2020 15:00:00,364,7499,6.000000000000000,559,,,364,7499,6,559,370,7954
8,12/21/2020 15:00:00,3886,11385,26.000000000000000,585,,,3886,11385,26,585,3912,11866
9,12/22/2020 15:00:00,6323,17708,26.000000000000000,611,,,6323,17708,26,611,6349,18215
10,12/23/2020 15:00:00,5778,23486,36.000000000000000,647,,,5778,23486,36,647,5814,24029
11,12/24/2020 15:00:00,2725,26211,16.000000000000000,663,,,2725,26211,16,663,2741,26770
12,12/25/2020 15:00:00,1035,27246,4.000000000000000,667,,,1035,27246,4,667,1039,27809
13,12/26/2020 15:00:00,1882,29128,9.000000000000000,676,,,1882,29128,9,676,1891,29700
14,12/27/2020 15:00:00,1802,30930,12.000000000000000,688,,,1802,30930,12,688,1814,31514
15,12/28/2020 15:00:00,8981,39911,49.000000000000000,737,,,8981,39911,49,737,9030,40544
16,12/29/2020 15:00:00,10966,50877,53.000000000000000,790,,,10966,50877,53,790,11019,51563
17,12/30/2020 15:00:00,12494,63371,88.000000000000000,878,,,12494,63371,88,878,12582,64145
18,12/31/2020 15:00:00,7551,70922,47.000000000000000,925,,,7551,70922,47,925,7598,71743
19,1/1/2021 15:00:00,3268,74190,138.000000000000000,1063,,,3268,74190,138,1063,3406,75149
20,1/2/2021 15:00:00,3039,77229,34.000000000000000,1097,,,3039,77229,34,1097,3073,78222
21,1/3/2021 15:00:00,3409,80638,81.000000000000000,1178,,,3409,80638,81,1178,3490,81712
22,1/4/2021 15:00:00,13357,93995,332.000000000000000,1510,,,13357,93995,332,1510,13689,95401
23,1/5/2021 15:00:00,12484,106479,547.000000000000000,2057,,,12484,106479,547,2057,13031,108432
24,1/6/2021 15:00:00,15262,121741,863.000000000000000,2920,,,15262,121741,863,2920,16125,124557
25,1/7/2021 15:00:00,15034,136775,1775.000000000000000,4695,,,15034,136775,1775,4695,16809,141366
26,1/8/2021 15:00:00,24009,160784,2781.000000000000000,7476,,,24009,160784,2781,7476,26790,168156
27,1/9/2021 15:00:00,5173,165957,954.000000000000000,8430,,,5173,165957,954,8430,6127,174283
28,1/10/2021 15:00:00,2970,168927,384.000000000000000,8814,,,2970,168927,384,8814,3354,177637
29,1/11/2021 15:00:00,13718,182645,3470.000000000000000,12284,,,13718,182645,3470,12284,17188,194825
30,1/12/2021 15:00:00,17385,200030,5593.000000000000000,17877,,,17385,200030,5593,17877,22978,217803
31,1/13/2021 15:00:00,18619,218649,3920.000000000000000,21797,,,18619,218649,3920,21797,22539,240342
32,1/14/2021 15:00:00,17849,236498,1962.000000000000000,23759,,,17849,236498,1962,23759,19811,260153
33,1/15/2021 15:00:00,19478,255976,2030.000000000000000,25789,,,19478,255976,2030,25789,21508,281661
34,1/16/2021 15:00:00,5831,261807,1616.000000000000000,27405,,,5831,261807,1616,27405,7447,289108
35,1/17/2021 15:00:00,2121,263928,1479.000000000000000,28884,,,2121,263928,1479,28884,3600,292708
36,1/18/2021 15:00:00,7074,271002,3255.000000000000000,32139,,,7074,271002,3255,32139,10329,303037
37,1/19/2021 15:00:00,16953,287955,5404.000000000000000,37543,,,16953,287955,5404,37543,22357,325394
38,1/20/2021 15:00:00,21005,308960,5322.000000000000000,42865,,,21005,308960,5322,42865,26327,351721
39,1/21/2021 15:00:00,23805,332765,3843.000000000000000,46708,,,23805,332765,3843,46708,27648,379369
40,1/22/2021 15:00:00,28656,361421,3752.000000000000000,50460,,,28656,361421,3752,50460,32408,411777
41,1/23/2021 15:00:00,10116,371537,1942.000000000000000,52402,,,10116,371537,1942,52402,12058,423835
42,1/24/2021 15:00:00,3352,374889,1723.000000000000000,54125,,,3352,374889,1723,54125,5075,428910
43,1/25/2021 15:00:00,16305,391194,8602.000000000000000,62727,,,16305,391194,8602,62727,24907,453817
44,1/26/2021 15:00:00,17558,408752,8973.000000000000000,71700,,,17558,408752,8973,71700,26531,480348
45,1/27/2021 15:00:00,24436,433188,12545.000000000000000,84245,,,24436,433188,12545,84245,36981,517329
46,1/28/2021 15:00:00,22652,455840,9330.000000000000000,93575,,,22652,455840,9330,93575,31982,549311
47,1/29/2021 15:00:00,24780,480620,7924.000000000000000,101499,,,24780,480620,7924,101499,32704,582015
48,1/30/2021 15:00:00,17778,498398,2559.000000000000000,104058,,,17778,498398,2559,104058,20337,602352
49,1/31/2021 15:00:00,3762,502160,1367.000000000000000,105425,,,3762,502160,1367,105425,5129,607481
50,2/1/2021 15:00:00,8100,510260,5375.000000000000000,110800,,,8100,510260,5375,110800,13475,620956
51,2/2/2021 15:00:00,12505,522765,13822.000000000000000,124622,,,12505,522765,13822,124622,26327,647283
52,2/3/2021 15:00:00,18249,541014,18133.000000000000000,142755,,,18249,541014,18133,142755,36382,683665
53,2/4/2021 15:00:00,22129,563143,15786.000000000000000,158541,,,22129,563143,15786,158541,37915,721580
54,2/5/2021 15:00:00,20347,583490,17418.000000000000000,175959,,,20347,583490,17418,175959,37765,759345
55,2/6/2021 15:00:00,11331,594821,14474.000000000000000,190433,,,11331,594821,14474,190433,25805,785150
56,2/7/2021 15:00:00,5951,600772,1837.000000000000000,192270,,,5951,600772,1837,192270,7788,792938
57,2/8/2021 15:00:00,12984,613756,12918.000000000000000,205188,,,12984,613756,12918,205188,25902,818840
58,2/9/2021 15:00:00,16650,630406,13874.000000000000000,219062,,,16650,630406,13874,219062,30524,849364
59,2/10/2021 15:00:00,19296,649702,21228.000000000000000,240290,,,19296,649702,21228,240290,40524,889888
60,2/11/2021 15:00:00,22848,672550,17342.000000000000000,257632,,,22848,672550,17342,257632,40190,930078
61,2/12/2021 15:00:00,20394,692944,19637.000000000000000,277269,,,20394,692944,19637,277269,40031,970109
62,2/13/2021 15:00:00,11437,704381,6419.000000000000000,283688,,,11437,704381,6419,283688,17856,987965
63,2/14/2021 15:00:00,7110,711491,2129.000000000000000,285817,,,7110,711491,2129,285817,9239,997204
64,2/15/2021 15:00:00,11764,723255,13328.000000000000000,299145,,,11764,723255,13328,299145,25092,1022296
65,2/16/2021 15:00:00,16607,739862,21021.000000000000000,320166,,,16607,739862,21021,320166,37628,1059924
66,2/17/2021 15:00:00,20657,760519,26377.000000000000000,346543,,,20657,760519,26377,346543,47034,1106958
67,2/18/2021 15:00:00,3198,763717,4619.000000000000000,351162,,,3198,763717,4619,351162,7817,1114775
68,2/19/2021 15:00:00,10253,773970,19927.000000000000000,371089,,,10253,773970,19927,371089,30180,1144955
69,2/20/2021 15:00:00,10310,784280,20288.000000000000000,391377,,,10310,784280,20288,391377,30598,1175553
70,2/21/2021 15:00:00,6180,790460,7649.000000000000000,399026,,,6180,790460,7649,399026,13829,1189382
71,2/22/2021 15:00:00,8033,798493,15474.000000000000000,414500,,,8033,798493,15474,414500,23507,1212889
72,2/23/2021 15:00:00,15534,814027,15986.000000000000000,430486,,,15534,814027,15986,430486,31520,1244409
73,2/24/2021 15:00:00,17953,831980,24740.000000000000000,455226,,,17953,831980,24740,455226,42693,1287102
74,2/25/2021 15:00:00,20391,852371,26558.000000000000000,481784,,,20391,852371,26558,481784,46949,1334051
75,2/26/2021 15:00:00,26720,879091,26220.000000000000000,508004,,,26720,879091,26220,508004,52940,1386991
76,2/27/2021 15:00:00,16005,895096,11160.000000000000000,519164,,,16005,895096,11160,519164,27165,1414156
77,2/28/2021 15:00:00,15495,910591,4884.000000000000000,524048,,,15495,910591,4884,524048,20379,1434535
78,3/1/2021 15:00:00,26992,937583,12619.000000000000000,536667,,,26992,937583,12619,536667,39611,1474146
79,3/2/2021 15:00:00,23924,961507,13278.000000000000000,549945,34.000000000000000,34.000000000000000,23958,961541,13312,549979,37236,1511382
80,3/3/2021 15:00:00,30196,991703,18397.000000000000000,568342,188.000000000000000,222.000000000000000,30384,991925,18585,568564,48781,1560163
81,3/4/2021 15:00:00,30962,1022665,18199.000000000000000,586541,4069.000000000000000,4291.000000000000000,35031,1026956,22268,590832,53230,1613393
82,3/5/2021 15:00:00,30025,1052690,19722.000000000000000,606263,4909.000000000000000,9200.000000000000000,34934,1061890,24631,615463,54656,1668049
83,3/6/2021 15:00:00,18918,1071608,9511.000000000000000,615774,6009.000000000000000,15209.000000000000000,24927,1086817,15520,630983,34438,1702487
84,3/7/2021 15:00:00,12121,1083729,4863.000000000000000,620637,6610.000000000000000,21819.000000000000000,18731,1105548,11473,642456,23594,1726081
85,3/8/2021 15:00:00,25883,1109612,8847.000000000000000,629484,8273.000000000000000,30092.000000000000000,34156,1139704,17120,659576,43003,1769084
86,3/9/2021 15:00:00,26130,1135742,15467.000000000000000,644951,8345.000000000000000,38437.000000000000000,34475,1174179,23812,683388,49942,1819026
87,3/10/2021 15:00:00,29860,1165602,16001.000000000000000,660952,7940.000000000000000,46377.000000000000000,37800,1211979,23941,707329,53801,1872827
88,3/11/2021 15:00:00,35991,1201593,16401.000000000000000,677353,3981.000000000000000,50358.000000000000000,39972,1251951,20382,727711,56373,1929200
89,3/12/2021 15:00:00,36920,1238513,18087.000000000000000,695440,2926.000000000000000,53284.000000000000000,39846,1291797,21013,748724,57933,1987133
90,3/13/2021 15:00:00,22671,1261184,10283.000000000000000,705723,1629.000000000000000,54913.000000000000000,24300,1316097,11912,760636,34583,2021716
91,3/14/2021 15:00:00,17833,1279017,6721.000000000000000,712444,1005.000000000000000,55918.000000000000000,18838,1334935,7726,768362,25559,2047275
92,3/15/2021 15:00:00,29831,1308848,11306.000000000000000,723750,597.000000000000000,56515.000000000000000,30428,1365363,11903,780265,41734,2089009
93,3/16/2021 15:00:00,33417,1342265,13575.000000000000000,737325,769.000000000000000,57284.000000000000000,34186,1399549,14344,794609,47761,2136770
94,3/17/2021 15:00:00,37576,1379841,17057.000000000000000,754382,1181.000000000000000,58465.000000000000000,38757,1438306,18238,812847,55814,2192584
95,3/18/2021 15:00:00,41446,1421287,12651.000000000000000,767033,1348.000000000000000,59813.000000000000000,42794,1481100,13999,826846,55445,2248029
96,3/19/2021 15:00:00,38336,1459623,15419.000000000000000,782452,1042.000000000000000,60855.000000000000000,39378,1520478,16461,843307,54797,2302826
97,3/20/2021 15:00:00,24703,1484326,10160.000000000000000,792612,703.000000000000000,61558.000000000000000,25406,1545884,10863,854170,35566,2338392
98,3/21/2021 15:00:00,19182,1503508,7880.000000000000000,800492,336.000000000000000,61894.000000000000000,19518,1565402,8216,862386,27398,2365790
99,3/22/2021 15:00:00,32597,1536105,11481.000000000000000,811973,835.000000000000000,62729.000000000000000,33432,1598834,12316,874702,44913,2410703
100,3/23/2021 15:00:00,38418,1574523,17809.000000000000000,829782,1554.000000000000000,64283.000000000000000,39972,1638806,19363,894065,57781,2468484
101,3/24/2021 15:00:00,41090,1615613,21218.000000000000000,851000,1388.000000000000000,65671.000000000000000,42478,1681284,22606,916671,63696,2532180
102,3/25/2021 15:00:00,42887,1658500,21691.000000000000000,872691,2458.000000000000000,68129.000000000000000,45345,1726629,24149,940820,67036,2599216
103,3/26/2021 15:00:00,36367,1694867,26678.000000000000000,899369,2496.000000000000000,70625.000000000000000,38863,1765492,29174,969994,65541,2664757
104,3/27/2021 15:00:00,26478,1721345,17277.000000000000000,916646,2490.000000000000000,73115.000000000000000,28968,1794460,19767,989761,46245,2711002
105,3/28/2021 15:00:00,17014,1738359,12645.000000000000000,929291,1615.000000000000000,74730.000000000000000,18629,1813089,14260,1004021,31274,2742276
106,3/29/2021 15:00:00,29719,1768078,26289.000000000000000,955580,1140.000000000000000,75870.000000000000000,30859,1843948,27429,1031450,57148,2799424
107,3/30/2021 15:00:00,40065,1808143,28992.000000000000000,984572,1863.000000000000000,77733.000000000000000,41928,1885876,30855,1062305,70920,2870344
108,3/31/2021 15:00:00,41036,1849179,34694.000000000000000,1019266,5748.000000000000000,83481.000000000000000,46784,1932660,40442,1102747,81478,2951822
109,4/1/2021 15:00:00,42356,1891535,41025.000000000000000,1060291,5743.000000000000000,89224.000000000000000,48099,1980759,46768,1149515,89124,3040946
110,4/2/2021 15:00:00,34929,1926464,32673.000000000000000,1092964,6125.000000000000000,95349.000000000000000,41054,2021813,38798,1188313,73727,3114673
111,4/3/2021 15:00:00,21152,1947616,19187.000000000000000,1112151,4389.000000000000000,99738.000000000000000,25541,2047354,23576,1211889,44728,3159401
112,4/4/2021 15:00:00,8282,1955898,10186.000000000000000,1122337,967.000000000000000,100705.000000000000000,9249,2056603,11153,1223042,19435,3178836
113,4/5/2021 15:00:00,27950,1983848,28909.000000000000000,1151246,6658.000000000000000,107363.000000000000000,34608,2091211,35567,1258609,63517,3242353
114,4/6/2021 15:00:00,39766,2023614,30449.000000000000000,1181695,10493.000000000000000,117856.000000000000000,50259,2141470,40942,1299551,80708,3323061
115,4/7/2021 15:00:00,36095,2059709,34285.000000000000000,1215980,12988.000000000000000,130844.000000000000000,49083,2190553,47273,1346824,83368,3406429
116,4/8/2021 15:00:00,42336,2102045,36101.000000000000000,1252081,13864.000000000000000,144708.000000000000000,56200,2246753,49965,1396789,92301,3498730
117,4/9/2021 15:00:00,34056,2136101,36320.000000000000000,1288401,14525.000000000000000,159233.000000000000000,48581,2295334,50845,1447634,84901,3583631
118,4/10/2021 15:00:00,23469,2159570,23131.000000000000000,1311532,7641.000000000000000,166874.000000000000000,31110,2326444,30772,1478406,54241,3637872
119,4/11/2021 15:00:00,17565,2177135,13280.000000000000000,1324812,10119.000000000000000,176993.000000000000000,27684,2354128,23399,1501805,40964,3678836
120,4/12/2021 15:00:00,24607,2201742,33162.000000000000000,1357974,10895.000000000000000,187888.000000000000000,35502,2389630,44057,1545862,68664,3747500
121,4/13/2021 15:00:00,126195,2327937,91231.000000000000000,1449205,3292.000000000000000,191180.000000000000000,129487,2519117,94523,1640385,220718,3968218
122,4/14/2021 15:00:00,40715,2368652,37826.000000000000000,1487031,212.000000000000000,191392.000000000000000,40927,2560044,38038,1678423,78753,4046971
123,4/15/2021 15:00:00,41417,2410069,39544.000000000000000,1526575,175.000000000000000,191567.000000000000000,41592,2601636,39719,1718142,81136,4128107
124,4/16/2021 15:00:00,37145,2447214,38863.000000000000000,1565438,24.000000000000000,191591.000000000000000,37169,2638805,38887,1757029,76032,4204139
125,4/17/2021 15:00:00,32801,2480015,22029.000000000000000,1587467,12.000000000000000,191603.000000000000000,32813,2671618,22041,1779070,54842,4258981
126,4/18/2021 15:00:00,20067,2500082,16196.000000000000000,1603663,5.000000000000000,191608.000000000000000,20072,2691690,16201,1795271,36268,4295249
127,4/19/2021 15:00:00,29896,2529978,36547.000000000000000,1640210,61.000000000000000,191669.000000000000000,29957,2721647,36608,1831879,66504,4361753
128,4/20/2021 15:00:00,32937,2562915,44442.000000000000000,1684652,57.000000000000000,191726.000000000000000,32994,2754641,44499,1876378,77436,4439189
129,4/21/2021 15:00:00,39831,2602746,47050.000000000000000,1731702,26.000000000000000,191752.000000000000000,39857,2794498,47076,1923454,86907,4526096
130,4/22/2021 15:00:00,35861,2638607,42652.000000000000000,1774354,16.000000000000000,191768.000000000000000,35877,2830375,42668,1966122,78529,4604625
131,4/23/2021 15:00:00,33145,2671752,40144.000000000000000,1814498,14.000000000000000,191782.000000000000000,33159,2863534,40158,2006280,73303,4677928
132,4/24/2021 15:00:00,26414,2698166,27903.000000000000000,1842401,81.000000000000000,191863.000000000000000,26495,2890029,27984,2034264,54398,4732326
133,4/25/2021 15:00:00,20235,2718401,10970.000000000000000,1853371,31.000000000000000,191894.000000000000000,20266,2910295,11001,2045265,31236,4763562
134,4/26/2021 15:00:00,27413,2745814,32709.000000000000000,1886080,201.000000000000000,192095.000000000000000,27614,2937909,32910,2078175,60323,4823885
135,4/27/2021 15:00:00,26690,2772504,33068.000000000000000,1919148,1097.000000000000000,193192.000000000000000,27787,2965696,34165,2112340,60855,4884740
136,4/28/2021 15:00:00,28929,2801433,39541.000000000000000,1958689,1364.000000000000000,194556.000000000000000,30293,2995989,40905,2153245,69834,4954574
137,4/29/2021 15:00:00,27076,2828509,39741.000000000000000,1998430,1463.000000000000000,196019.000000000000000,28539,3024528,41204,2194449,68280,5022854
138,4/30/2021 15:00:00,28211,2856720,32266.000000000000000,2030696,1647.000000000000000,197666.000000000000000,29858,3054386,33913,2228362,62124,5084978
139,5/1/2021 15:00:00,20711,2877431,26684.000000000000000,2057380,1048.000000000000000,198714.000000000000000,21759,3076145,27732,2256094,48443,5133421
140,5/2/2021 15:00:00,10288,2887719,17040.000000000000000,2074420,822.000000000000000,199536.000000000000000,11110,3087255,17862,2273956,28150,5161571
141,5/3/2021 15:00:00,12756,2900475,28578.000000000000000,2102998,1915.000000000000000,201451.000000000000000,14671,3101926,30493,2304449,43249,5204820
142,5/4/2021 15:00:00,13572,2914047,38611.000000000000000,2141609,1739.000000000000000,203190.000000000000000,15311,3117237,40350,2344799,53922,5258742
143,5/5/2021 15:00:00,19324,2933371,37756.000000000000000,2179365,1921.000000000000000,205111.000000000000000,21245,3138482,39677,2384476,59001,5317743
144,5/6/2021 15:00:00,16920,2950291,40592.000000000000000,2219957,1721.000000000000000,206832.000000000000000,18641,3157123,42313,2426789,59233,5376976
145,5/7/2021 15:00:00,17586,2967877,36994.000000000000000,2256951,1959.000000000000000,208791.000000000000000,19545,3176668,38953,2465742,56539,5433515
146,5/8/2021 15:00:00,10793,2978670,31221.000000000000000,2288172,1291.000000000000000,210082.000000000000000,12084,3188752,32512,2498254,43305,5476820
147,5/9/2021 15:00:00,5083,2983753,12240.000000000000000,2300412,695.000000000000000,210777.000000000000000,5778,3194530,12935,2511189,18018,5494838
148,5/10/2021 15:00:00,8953,2992706,31050.000000000000000,2331462,1362.000000000000000,212139.000000000000000,10315,3204845,32412,2543601,41365,5536203
149,5/11/2021 15:00:00,12185,3004891,30288.000000000000000,2361750,1441.000000000000000,213580.000000000000000,13626,3218471,31729,2575330,43914,5580117
150,5/12/2021 15:00:00,13945,3018836,38620.000000000000000,2400370,1919.000000000000000,215499.000000000000000,15864,3234335,40539,2615869,54484,5634601
151,5/13/2021 15:00:00,21839,3040675,33510.000000000000000,2433880,1347.000000000000000,216846.000000000000000,23186,3257521,34857,2650726,56696,5691297
152,5/14/2021 15:00:00,24391,3065066,30048.000000000000000,2463928,1774.000000000000000,218620.000000000000000,26165,3283686,31822,2682548,56213,5747510
153,5/15/2021 15:00:00,21938,3087004,25107.000000000000000,2489035,1489.000000000000000,220109.000000000000000,23427,3307113,26596,2709144,48534,5796044
154,5/16/2021 15:00:00,9093,3096097,17584.000000000000000,2506619,1113.000000000000000,221222.000000000000000,10206,3317319,18697,2727841,27790,5823834
155,5/17/2021 15:00:00,16836,3112933,28402.000000000000000,2535021,1949.000000000000000,223171.000000000000000,18785,3336104,30351,2758192,47187,5871021
156,5/18/2021 15:00:00,21267,3134200,30689.000000000000000,2565710,1942.000000000000000,225113.000000000000000,23209,3359313,32631,2790823,53898,5924919
157,5/19/2021 15:00:00,27665,3161865,32432.000000000000000,2598142,1631.000000000000000,226744.000000000000000,29296,3388609,34063,2824886,61728,5986647
158,5/20/2021 15:00:00,20808,3182673,33268.000000000000000,2631410,1965.000000000000000,228709.000000000000000,22773,3411382,35233,2860119,56041,6042688
159,5/21/2021 15:00:00,19162,3201835,30350.000000000000000,2661760,1607.000000000000000,230316.000000000000000,20769,3432151,31957,2892076,51119,6093807
160,5/22/2021 15:00:00,16939,3218774,20689.000000000000000,2682449,1271.000000000000000,231587.000000000000000,18210,3450361,21960,2914036,38899,6132706
161,5/23/2021 15:00:00,8793,3227567,11445.000000000000000,2693894,965.000000000000000,232552.000000000000000,9758,3460119,12410,2926446,21203,6153909
162,5/24/2021 15:00:00,13566,3241133,17774.000000000000000,2711668,1473.000000000000000,234025.000000000000000,15039,3475158,19247,2945693,32813,6186722
163,5/25/2021 15:00:00,13072,3254205,18717.000000000000000,2730385,1329.000000000000000,235354.000000000000000,14401,3489559,20046,2965739,33118,6219840
164,5/26/2021 15:00:00,18317,3272522,19492.000000000000000,2749877,1512.000000000000000,236866.000000000000000,19829,3509388,21004,2986743,39321,6259161
165,5/27/2021 15:00:00,11686,3284208,18662.000000000000000,2768539,1116.000000000000000,237982.000000000000000,12802,3522190,19778,3006521,31464,6290625
166,5/28/2021 15:00:00,12415,3296623,19838.000000000000000,2788377,1401.000000000000000,239383.000000000000000,13816,3536006,21239,3027760,33654,6324279
167,5/29/2021 15:00:00,9514,3306137,11721.000000000000000,2800098,937.000000000000000,240320.000000000000000,10451,3546457,12658,3040418,22172,6346451
168,5/30/2021 15:00:00,4968,3311105,6430.000000000000000,2806528,596.000000000000000,240916.000000000000000,5564,3552021,7026,3047444,11994,6358445
169,5/31/2021 15:00:00,1778,3312883,3711.000000000000000,2810239,305.000000000000000,241221.000000000000000,2083,3554104,4016,3051460,5794,6364239
170,6/1/2021 15:00:00,9849,3322732,16433.000000000000000,2826672,1159.000000000000000,242380.000000000000000,11008,3565112,17592,3069052,27441,6391680
171,6/2/2021 15:00:00,10231,3332963,16816.000000000000000,2843488,959.000000000000000,243339.000000000000000,11190,3576302,17775,3086827,28006,6419686
172,6/3/2021 15:00:00,7900,3340863,21189.000000000000000,2864677,1087.000000000000000,244426.000000000000000,8987,3585289,22276,3109103,30176,6449862
173,6/4/2021 15:00:00,8197,3349060,22355.000000000000000,2887032,1120.000000000000000,245546.000000000000000,9317,3594606,23475,3132578,31672,6481534
174,6/5/2021 15:00:00,6999,3356059,19470.000000000000000,2906502,720.000000000000000,246266.000000000000000,7719,3602325,20190,3152768,27189,6508723
175,6/6/2021 15:00:00,3456,3359515,7250.000000000000000,2913752,423.000000000000000,246689.000000000000000,3879,3606204,7673,3160441,11129,6519852
176,6/7/2021 15:00:00,6859,3366374,15784.000000000000000,2929536,726.000000000000000,247415.000000000000000,7585,3613789,16510,3176951,23369,6543221
177,6/8/2021 15:00:00,6670,3373044,19734.000000000000000,2949270,830.000000000000000,248245.000000000000000,7500,3621289,20564,3197515,27234,6570455
178,6/9/2021 15:00:00,8199,3381243,23985.000000000000000,2973255,969.000000000000000,249214.000000000000000,9168,3630457,24954,3222469,33153,6603608
179,6/10/2021 15:00:00,7150,3388393,19136.000000000000000,2992391,895.000000000000000,250109.000000000000000,8045,3638502,20031,3242500,27181,6630789
180,6/11/2021 15:00:00,7486,3395879,17725.000000000000000,3010116,1125.000000000000000,251234.000000000000000,8611,3647113,18850,3261350,26336,6657125
181,6/12/2021 15:00:00,5240,3401119,14766.000000000000000,3024882,605.000000000000000,251839.000000000000000,5845,3652958,15371,3276721,20611,6677736
182,6/13/2021 15:00:00,1930,3403049,7612.000000000000000,3032494,427.000000000000000,252266.000000000000000,2357,3655315,8039,3284760,9969,6687705
183,6/14/2021 15:00:00,5657,3408706,11813.000000000000000,3044307,733.000000000000000,252999.000000000000000,6390,3661705,12546,3297306,18203,6705908
184,6/15/2021 15:00:00,5640,3414346,14340.000000000000000,3058647,873.000000000000000,253872.000000000000000,6513,3668218,15213,3312519,20853,6726761
185,6/16/2021 15:00:00,8754,3423100,21597.000000000000000,3080244,757.000000000000000,254629.000000000000000,9511,3677729,22354,3334873,31108,6757869
186,6/17/2021 15:00:00,6687,3429787,12364.000000000000000,3092608,720.000000000000000,255349.000000000000000,7407,3685136,13084,3347957,19771,6777640
187,6/18/2021 15:00:00,6835,3436622,12734.000000000000000,3105342,703.000000000000000,256052.000000000000000,7538,3692674,13437,3361394,20272,6797912
188,6/19/2021 15:00:00,4660,3441282,9375.000000000000000,3114717,615.000000000000000,256667.000000000000000,5275,3697949,9990,3371384,14650,6812562
189,6/20/2021 15:00:00,2505,3443787,5053.000000000000000,3119770,377.000000000000000,257044.000000000000000,2882,3700831,5430,3376814,7935,6820497
190,6/21/2021 15:00:00,5562,3449349,5331.000000000000000,3125101,635.000000000000000,257679.000000000000000,6197,3707028,5966,3382780,11528,6832025
191,6/22/2021 15:00:00,5344,3454693,9050.000000000000000,3134151,693.000000000000000,258372.000000000000000,6037,3713065,9743,3392523,15087,6847112
192,6/23/2021 15:00:00,6070,3460763,10324.000000000000000,3144475,646.000000000000000,259018.000000000000000,6716,3719781,10970,3403493,17040,6864152
193,6/24/2021 15:00:00,5936,3466699,8198.000000000000000,3152673,595.000000000000000,259613.000000000000000,6531,3726312,8793,3412286,14729,6878881
194,6/25/2021 15:00:00,5819,3472518,8657.000000000000000,3161330,620.000000000000000,260233.000000000000000,6439,3732751,9277,3421563,15096,6893977
195,6/26/2021 15:00:00,3701,3476219,6307.000000000000000,3167637,398.000000000000000,260631.000000000000000,4099,3736850,6705,3428268,10406,6904383
196,6/27/2021 15:00:00,2808,3479027,3520.000000000000000,3171157,185.000000000000000,260816.000000000000000,2993,3739843,3705,3431973,6513,6910896
197,6/28/2021 15:00:00,4917,3483944,6387.000000000000000,3177544,539.000000000000000,261355.000000000000000,5456,3745299,6926,3438899,11843,6922739
198,6/29/2021 15:00:00,5061,3489005,6474.000000000000000,3184018,519.000000000000000,261874.000000000000000,5580,3750879,6993,3445892,12054,6934793
199,6/30/2021 15:00:00,5615,3494620,7384.000000000000000,3191402,605.000000000000000,262479.000000000000000,6220,3757099,7989,3453881,13604,6948397
200,7/1/2021 15:00:00,5401,3500021,6986.000000000000000,3198388,500.000000000000000,262979.000000000000000,5901,3763000,7486,3461367,12887,6961284
201,7/2/2021 15:00:00,5292,3505313,6836.000000000000000,3205224,524.000000000000000,263503.000000000000000,5816,3768816,7360,3468727,12652,6973936
202,7/3/2021 15:00:00,3269,3508582,4065.000000000000000,3209289,264.000000000000000,263767.000000000000000,3533,3772349,4329,3473056,7598,6981534
203,7/4/2021 15:00:00,494,3509076,545.000000000000000,3209834,68.000000000000000,263835.000000000000000,562,3772911,613,3473669,1107,6982641
204,7/5/2021 15:00:00,3763,3512839,3952.000000000000000,3213786,287.000000000000000,264122.000000000000000,4050,3776961,4239,3477908,8002,6990643
205,7/6/2021 15:00:00,4491,3517330,6265.000000000000000,3220051,452.000000000000000,264574.000000000000000,4943,3781904,6717,3484625,11208,7001851
206,7/7/2021 15:00:00,4467,3521797,6409.000000000000000,3226460,482.000000000000000,265056.000000000000000,4949,3786853,6891,3491516,11358,7013209
207,7/8/2021 15:00:00,4833,3526630,6168.000000000000000,3232628,564.000000000000000,265620.000000000000000,5397,3792250,6732,3498248,11565,7024774
208,7/9/2021 15:00:00,5365,3531995,6662.000000000000000,3239290,573.000000000000000,266193.000000000000000,5938,3798188,7235,3505483,12600,7037374
209,7/10/2021 15:00:00,3516,3535511,4406.000000000000000,3243696,303.000000000000000,266496.000000000000000,3819,3802007,4709,3510192,8225,7045599
210,7/11/2021 15:00:00,2676,3538187,2565.000000000000000,3246261,225.000000000000000,266721.000000000000000,2901,3804908,2790,3512982,5466,7051065
211,7/12/2021 15:00:00,4416,3542603,5117.000000000000000,3251378,379.000000000000000,267100.000000000000000,4795,3809703,5496,3518478,9912,7060977
212,7/13/2021 15:00:00,4659,3547262,4721.000000000000000,3256099,366.000000000000000,267466.000000000000000,5025,3814728,5087,3523565,9746,7070723
213,7/14/2021 15:00:00,4616,3551878,5281.000000000000000,3261380,422.000000000000000,267888.000000000000000,5038,3819766,5703,3529268,10319,7081042
214,7/15/2021 15:00:00,4902,3556780,5016.000000000000000,3266396,359.000000000000000,268247.000000000000000,5261,3825027,5375,3534643,10277,7091319
215,7/16/2021 15:00:00,6274,3563054,5838.000000000000000,3272234,405.000000000000000,268652.000000000000000,6679,3831706,6243,3540886,12517,7103836
216,7/17/2021 15:00:00,3415,3566469,3548.000000000000000,3275782,303.000000000000000,268955.000000000000000,3718,3835424,3851,3544737,7266,7111102
217,7/18/2021 15:00:00,2311,3568780,2377.000000000000000,3278159,110.000000000000000,269065.000000000000000,2421,3837845,2487,3547224,4798,7115900
218,7/19/2021 15:00:00,5138,3573918,4609.000000000000000,3282768,382.000000000000000,269447.000000000000000,5520,3843365,4991,3552215,10129,7126029
219,7/20/2021 15:00:00,5332,3579250,4714.000000000000000,3287482,366.000000000000000,269813.000000000000000,5698,3849063,5080,3557295,10412,7136441
220,7/21/2021 15:00:00,5658,3584908,4940.000000000000000,3292422,416.000000000000000,270229.000000000000000,6074,3855137,5356,3562651,11014,7147455
221,7/22/2021 15:00:00,6022,3590930,4637.000000000000000,3297059,472.000000000000000,270701.000000000000000,6494,3861631,5109,3567760,11131,7158586
222,7/23/2021 15:00:00,6839,3597769,4844.000000000000000,3301903,497.000000000000000,271198.000000000000000,7336,3868967,5341,3573101,12180,7170766
223,7/24/2021 15:00:00,4280,3602049,3201.000000000000000,3305104,267.000000000000000,271465.000000000000000,4547,3873514,3468,3576569,7748,7178514
224,7/25/2021 15:00:00,3298,3605347,1113.000000000000000,3306217,140.000000000000000,271605.000000000000000,3438,3876952,1253,3577822,4551,7183065
225,7/26/2021 15:00:00,6213,3611560,3907.000000000000000,3310124,419.000000000000000,272024.000000000000000,6632,3883584,4326,3582148,10539,7193604
226,7/27/2021 15:00:00,6602,3618162,4277.000000000000000,3314401,457.000000000000000,272481.000000000000000,7059,3890643,4734,3586882,11336,7204940
227,7/28/2021 15:00:00,7076,3625238,4139.000000000000000,3318540,460.000000000000000,272941.000000000000000,7536,3898179,4599,3591481,11675,7216615
228,7/29/2021 15:00:00,7074,3632312,4302.000000000000000,3322842,419.000000000000000,273360.000000000000000,7493,3905672,4721,3596202,11795,7228410
229,7/30/2021 15:00:00,7814,3640126,4802.000000000000000,3327644,526.000000000000000,273886.000000000000000,8340,3914012,5328,3601530,13142,7241552
230,7/31/2021 15:00:00,4792,3644918,3074.000000000000000,3330718,273.000000000000000,274159.000000000000000,5065,3919077,3347,3604877,8139,7249691
231,8/1/2021 15:00:00,3882,3648800,2157.000000000000000,3332875,163.000000000000000,274322.000000000000000,4045,3923122,2320,3607197,6202,7255893
232,8/2/2021 15:00:00,7265,3656065,3838.000000000000000,3336713,340.000000000000000,274662.000000000000000,7605,3930727,4178,3611375,11443,7267336
233,8/3/2021 15:00:00,7263,3663328,4093.000000000000000,3340806,516.000000000000000,275178.000000000000000,7779,3938506,4609,3615984,11872,7279208
234,8/4/2021 15:00:00,7423,3670751,4117.000000000000000,3344923,535.000000000000000,275713.000000000000000,7958,3946464,4652,3620636,12075,7291283
235,8/5/2021 15:00:00,7941,3678692,4292.000000000000000,3349215,537.000000000000000,276250.000000000000000,8478,3954942,4829,3625465,12770,7304053
236,8/6/2021 15:00:00,8324,3687016,4728.000000000000000,3353943,454.000000000000000,276704.000000000000000,8778,3963720,5182,3630647,13506,7317559
237,8/7/2021 15:00:00,5293,3692309,2833.000000000000000,3356776,263.000000000000000,276967.000000000000000,5556,3969276,3096,3633743,8389,7325948
238,8/8/2021 15:00:00,3972,3696281,2062.000000000000000,3358838,143.000000000000000,277110.000000000000000,4115,3973391,2205,3635948,6177,7332125
239,8/9/2021 15:00:00,6948,3703229,4551.000000000000000,3363389,369.000000000000000,277479.000000000000000,7317,3980708,4920,3640868,11868,7343993
240,8/10/2021 15:00:00,7153,3710382,4476.000000000000000,3367865,339.000000000000000,277818.000000000000000,7492,3988200,4815,3645683,11968,7355961
241,8/11/2021 15:00:00,7071,3717453,4445.000000000000000,3372310,443.000000000000000,278261.000000000000000,7514,3995714,4888,3650571,11959,7367920
242,8/12/2021 15:00:00,8619,3726072,4749.000000000000000,3377059,445.000000000000000,278706.000000000000000,9064,4004778,5194,3655765,13813,7381733
243,8/13/2021 15:00:00,7142,3733214,5368.000000000000000,3382427,397.000000000000000,279103.000000000000000,7539,4012317,5765,3661530,12907,7394640
244,8/14/2021 15:00:00,4914,3738128,3342.000000000000000,3385769,285.000000000000000,279388.000000000000000,5199,4017516,3627,3665157,8541,7403181
245,8/15/2021 15:00:00,3328,3741456,2737.000000000000000,3388506,163.000000000000000,279551.000000000000000,3491,4021007,2900,3668057,6228,7409409
246,8/16/2021 15:00:00,5437,3746893,5093.000000000000000,3393599,354.000000000000000,279905.000000000000000,5791,4026798,5447,3673504,10884,7420293
247,8/17/2021 15:00:00,6811,3753704,5362.000000000000000,3398961,390.000000000000000,280295.000000000000000,7201,4033999,5752,3679256,12563,7432856
248,8/18/2021 15:00:00,6325,3760029,5499.000000000000000,3404460,481.000000000000000,280776.000000000000000,6806,4040805,5980,3685236,12305,7445161
249,8/19/2021 15:00:00,6211,3766240,5553.000000000000000,3410013,416.000000000000000,281192.000000000000000,6627,4047432,5969,3691205,12180,7457341
250,8/20/2021 15:00:00,6832,3773072,6545.000000000000000,3416558,401.000000000000000,281593.000000000000000,7233,4054665,6946,3698151,13778,7471119
251,8/21/2021 15:00:00,4324,3777396,3917.000000000000000,3420475,229.000000000000000,281822.000000000000000,4553,4059218,4146,3702297,8470,7479589
252,8/22/2021 15:00:00,3060,3780456,3171.000000000000000,3423646,110.000000000000000,281932.000000000000000,3170,4062388,3281,3705578,6341,7485930
253,8/23/2021 15:00:00,5986,3786442,6090.000000000000000,3429736,285.000000000000000,282217.000000000000000,6271,4068659,6375,3711953,12361,7498291
254,8/24/2021 15:00:00,6544,3792986,6060.000000000000000,3435796,425.000000000000000,282642.000000000000000,6969,4075628,6485,3718438,13029,7511320
255,8/25/2021 15:00:00,6713,3799699,6219.000000000000000,3442015,441.000000000000000,283083.000000000000000,7154,4082782,6660,3725098,13373,7524693
256,8/26/2021 15:00:00,6966,3806665,6646.000000000000000,3448661,428.000000000000000,283511.000000000000000,7394,4090176,7074,3732172,14040,7538733
257,8/27/2021 15:00:00,6822,3813487,7067.000000000000000,3455728,316.000000000000000,283827.000000000000000,7138,4097314,7383,3739555,14205,7552938
258,8/28/2021 15:00:00,6898,3820385,6516.000000000000000,3462244,324.000000000000000,284151.000000000000000,7222,4104536,6840,3746395,13738,7566676
259,8/29/2021 15:00:00,3734,3824119,3687.000000000000000,3465931,610.000000000000000,284761.000000000000000,4344,4108880,4297,3750692,8031,7574707
260,8/30/2021 15:00:00,5924,3830043,6119.000000000000000,3472050,960.000000000000000,285721.000000000000000,6884,4115764,7079,3757771,13003,7587710
261,8/31/2021 15:00:00,5892,3835935,6054.000000000000000,3478104,946.000000000000000,286667.000000000000000,6838,4122602,7000,3764771,12892,7600602
262,9/1/2021 15:00:00,5585,3841520,5657.000000000000000,3483761,915.000000000000000,287582.000000000000000,6500,4129102,6572,3771343,12157,7612759
263,9/2/2021 15:00:00,5528,3847048,5921.000000000000000,3489682,707.000000000000000,288289.000000000000000,6235,4135337,6628,3777971,12156,7624915
264,9/3/2021 15:00:00,5993,3853041,6926.000000000000000,3496608,973.000000000000000,289262.000000000000000,6966,4142303,7899,3785870,13892,7638807
265,9/4/2021 15:00:00,3727,3856768,4346.000000000000000,3500954,878.000000000000000,290140.000000000000000,4605,4146908,5224,3791094,8951,7647758
266,9/5/2021 15:00:00,2954,3859722,2807.000000000000000,3503761,106.000000000000000,290246.000000000000000,3060,4149968,2913,3794007,5867,7653625
267,9/6/2021 15:00:00,1059,3860781,1154.000000000000000,3504915,65.000000000000000,290311.000000000000000,1124,4151092,1219,3795226,2278,7655903
268,9/7/2021 15:00:00,5343,3866124,7299.000000000000000,3512214,2303.000000000000000,292614.000000000000000,7646,4158738,9602,3804828,14945,7670848
269,9/8/2021 15:00:00,4653,3870777,5470.000000000000000,3517684,364.000000000000000,292978.000000000000000,5017,4163755,5834,3810662,10487,7681335
270,9/9/2021 15:00:00,5016,3875793,5456.000000000000000,3523140,324.000000000000000,293302.000000000000000,5340,4169095,5780,3816442,10796,7692131
271,9/10/2021 15:00:00,6519,3882312,6649.000000000000000,3529789,1719.000000000000000,295021.000000000000000,8238,4177333,8368,3824810,14887,7707018
272,9/11/2021 15:00:00,4172,3886484,4332.000000000000000,3534121,666.000000000000000,295687.000000000000000,4838,4182171,4998,3829808,9170,7716188
273,9/12/2021 15:00:00,3171,3889655,3241.000000000000000,3537362,436.000000000000000,296123.000000000000000,3607,4185778,3677,3833485,6848,7723036
274,9/13/2021 15:00:00,4884,3894539,5065.000000000000000,3542427,346.000000000000000,296469.000000000000000,5230,4191008,5411,3838896,10295,7733331
275,9/14/2021 15:00:00,4773,3899312,5438.000000000000000,3547865,436.000000000000000,296905.000000000000000,5209,4196217,5874,3844770,10647,7743978
276,9/15/2021 15:00:00,5035,3904347,5870.000000000000000,3553735,389.000000000000000,297294.000000000000000,5424,4201641,6259,3851029,11294,7755272
277,9/16/2021 15:00:00,4806,3909153,5843.000000000000000,3559578,336.000000000000000,297630.000000000000000,5142,4206783,6179,3857208,10985,7766257
278,9/17/2021 15:00:00,5258,3914411,6582.000000000000000,3566160,344.000000000000000,297974.000000000000000,5602,4212385,6926,3864134,12184,7778441
279,9/18/2021 15:00:00,3800,3918211,4577.000000000000000,3570737,185.000000000000000,298159.000000000000000,3985,4216370,4762,3868896,8562,7787003
280,9/19/2021 15:00:00,2742,3920953,3167.000000000000000,3573904,75.000000000000000,298234.000000000000000,2817,4219187,3242,3872138,5984,7792987
281,9/20/2021 15:00:00,3749,3924702,4680.000000000000000,3578584,430.000000000000000,298664.000000000000000,4179,4223366,5110,3877248,8859,7801846
282,9/21/2021 15:00:00,4002,3928704,5001.000000000000000,3583585,327.000000000000000,298991.000000000000000,4329,4227695,5328,3882576,9330,7811176
283,9/22/2021 15:00:00,4195,3932899,4772.000000000000000,3588357,458.000000000000000,299449.000000000000000,4653,4232348,5230,3887806,9425,7820601
284,9/23/2021 15:00:00,4174,3937073,4731.000000000000000,3593088,492.000000000000000,299941.000000000000000,4666,4237014,5223,3893029,9397,7829998
285,9/24/2021 15:00:00,5074,3942147,5605.000000000000000,3598693,422.000000000000000,300363.000000000000000,5496,4242510,6027,3899056,11101,7841099
286,9/25/2021 15:00:00,3626,3945773,3633.000000000000000,3602326,384.000000000000000,300747.000000000000000,4010,4246520,4017,3903073,7643,7848742
287,9/26/2021 15:00:00,2355,3948128,2666.000000000000000,3604992,425.000000000000000,301172.000000000000000,2780,4249300,3091,3906164,5446,7854188
288,9/27/2021 15:00:00,4506,3952634,2710.000000000000000,3607702,511.000000000000000,301683.000000000000000,5017,4254317,3221,3909385,7727,7861915
289,9/28/2021 15:00:00,4398,3957032,4455.000000000000000,3612157,211.000000000000000,301894.000000000000000,4609,4258926,4666,3914051,9064,7870979
290,9/29/2021 15:00:00,4700,3961732,4510.000000000000000,3616667,920.000000000000000,302814.000000000000000,5620,4264546,5430,3919481,10130,7881109
291,9/30/2021 15:00:00,4888,3966620,4563.000000000000000,3621230,795.000000000000000,303609.000000000000000,5683,4270229,5358,3924839,10246,7891355
292,10/1/2021 15:00:00,5502,3972122,5336.000000000000000,3626566,784.000000000000000,304393.000000000000000,6286,4276515,6120,3930959,11622,7902977
293,10/2/2021 15:00:00,2936,3975058,2897.000000000000000,3629463,187.000000000000000,304580.000000000000000,3123,4279638,3084,3934043,6020,7908997
294,10/3/2021 15:00:00,2073,3977131,2378.000000000000000,3631841,86.000000000000000,304666.000000000000000,2159,4281797,2464,3936507,4537,7913534
295,10/4/2021 15:00:00,4019,3981150,3499.000000000000000,3635340,232.000000000000000,304898.000000000000000,4251,4286048,3731,3940238,7750,7921284
296,10/5/2021 15:00:00,3958,3985108,3661.000000000000000,3639001,207.000000000000000,305105.000000000000000,4165,4290213,3868,3944106,7826,7929110
297,10/6/2021 15:00:00,4025,3989133,3578.000000000000000,3642579,265.000000000000000,305370.000000000000000,4290,4294503,3843,3947949,7868,7936978
298,10/7/2021 15:00:00,4233,3993366,3626.000000000000000,3646205,331.000000000000000,305701.000000000000000,4564,4299067,3957,3951906,8190,7945168
299,10/8/2021 15:00:00,4772,3998138,4289.000000000000000,3650494,282.000000000000000,305983.000000000000000,5054,4304121,4571,3956477,9343,7954511
300,10/9/2021 15:00:00,2690,4000828,2681.000000000000000,3653175,270.000000000000000,306253.000000000000000,2960,4307081,2951,3959428,5641,7960152
301,10/10/2021 15:00:00,1865,4002693,1849.000000000000000,3655024,59.000000000000000,306312.000000000000000,1924,4309005,1908,3961336,3773,7963925
302,10/11/2021 15:00:00,4216,4006909,3335.000000000000000,3658359,249.000000000000000,306561.000000000000000,4465,4313470,3584,3964920,7800,7971725
303,10/12/2021 15:00:00,3589,4010498,3527.000000000000000,3661886,273.000000000000000,306834.000000000000000,3862,4317332,3800,3968720,7389,7979114
304,10/13/2021 15:00:00,3958,4014456,3458.000000000000000,3665344,346.000000000000000,307180.000000000000000,4304,4321636,3804,3972524,7762,7986876
305,10/14/2021 15:00:00,5166,4019622,5487.000000000000000,3670831,429.000000000000000,307609.000000000000000,5595,4327231,5916,3978440,11082,7997958
306,10/15/2021 15:00:00,4708,4024330,4592.000000000000000,3675423,347.000000000000000,307956.000000000000000,5055,4332286,4939,3983379,9647,8007605
307,10/16/2021 15:00:00,2496,4026826,2506.000000000000000,3677929,290.000000000000000,308246.000000000000000,2786,4335072,2796,3986175,5292,8012897
308,10/17/2021 15:00:00,1805,4028631,1776.000000000000000,3679705,55.000000000000000,308301.000000000000000,1860,4336932,1831,3988006,3636,8016533
309,10/18/2021 15:00:00,4282,4032913,3579.000000000000000,3683284,267.000000000000000,308568.000000000000000,4549,4341481,3846,3991852,8128,8024661
310,10/19/2021 15:00:00,4301,4037214,4030.000000000000000,3687314,222.000000000000000,308790.000000000000000,4523,4346004,4252,3996104,8553,8033214
311,10/20/2021 15:00:00,3527,4040741,3426.000000000000000,3690740,254.000000000000000,309044.000000000000000,3781,4349785,3680,3999784,7207,8040421
312,10/21/2021 15:00:00,3298,4044039,3268.000000000000000,3694008,290.000000000000000,309334.000000000000000,3588,4353373,3558,4003342,6856,8047277
313,10/22/2021 15:00:00,4682,4048721,4036.000000000000000,3698044,476.000000000000000,309810.000000000000000,5158,4358531,4512,4007854,9194,8056471
314,10/23/2021 15:00:00,2887,4051608,2115.000000000000000,3700159,321.000000000000000,310131.000000000000000,3208,4361739,2436,4010290,5323,8061794
315,10/24/2021 15:00:00,2055,4053663,1559.000000000000000,3701718,78.000000000000000,310209.000000000000000,2133,4363872,1637,4011927,3692,8065486
316,10/25/2021 15:00:00,4545,4058208,3081.000000000000000,3704799,316.000000000000000,310525.000000000000000,4861,4368733,3397,4015324,7942,8073428
317,10/26/2021 15:00:00,4505,4062713,3096.000000000000000,3707895,310.000000000000000,310835.000000000000000,4815,4373548,3406,4018730,7911,8081339
318,10/27/2021 15:00:00,4736,4067449,3344.000000000000000,3711239,429.000000000000000,311264.000000000000000,5165,4378713,3773,4022503,8509,8089848
319,10/28/2021 15:00:00,4557,4072006,3368.000000000000000,3714607,498.000000000000000,311762.000000000000000,5055,4383768,3866,4026369,8423,8098271
320,10/29/2021 15:00:00,4978,4076984,3921.000000000000000,3718528,392.000000000000000,312154.000000000000000,5370,4389138,4313,4030682,9291,8107562
321,10/30/2021 15:00:00,2632,4079616,1844.000000000000000,3720372,308.000000000000000,312462.000000000000000,2940,4392078,2152,4032834,4784,8112346
322,10/31/2021 15:00:00,1938,4081554,1523.000000000000000,3721895,93.000000000000000,312555.000000000000000,2031,4394109,1616,4034450,3554,8115900
323,11/1/2021 15:00:00,4704,4086258,3429.000000000000000,3725324,342.000000000000000,312897.000000000000000,5046,4399155,3771,4038221,8475,8124375
324,11/2/2021 15:00:00,4253,4090511,2951.000000000000000,3728275,406.000000000000000,313303.000000000000000,4659,4403814,3357,4041578,7610,8131985
325,11/3/2021 15:00:00,4666,4095177,3063.000000000000000,3731338,458.000000000000000,313761.000000000000000,5124,4408938,3521,4045099,8187,8140172
326,11/4/2021 15:00:00,6311,4101488,3363.000000000000000,3734701,512.000000000000000,314273.000000000000000,6823,4415761,3875,4048974,10186,8150358
327,11/5/2021 15:00:00,8230,4109718,3770.000000000000000,3738471,409.000000000000000,314682.000000000000000,8639,4424400,4179,4053153,12409,8162767
328,11/6/2021 15:00:00,10185,4119903,1981.000000000000000,3740452,306.000000000000000,314988.000000000000000,10491,4434891,2287,4055440,12472,8175239
329,11/7/2021 15:00:00,7722,4127625,1469.000000000000000,3741921,94.000000000000000,315082.000000000000000,7816,4442707,1563,4057003,9285,8184524
330,11/8/2021 15:00:00,11309,4138934,3047.000000000000000,3744968,379.000000000000000,315461.000000000000000,11688,4454395,3426,4060429,14735,8199259
331,11/9/2021 15:00:00,11763,4150697,2660.000000000000000,3747628,269.000000000000000,315730.000000000000000,12032,4466427,2929,4063358,14692,8213951
332,11/10/2021 15:00:00,12580,4163277,2763.000000000000000,3750391,338.000000000000000,316068.000000000000000,12918,4479345,3101,4066459,15681,8229632
333,11/11/2021 15:00:00,11369,4174646,2381.000000000000000,3752772,280.000000000000000,316348.000000000000000,11649,4490994,2661,4069120,14030,8243662
334,11/12/2021 15:00:00,12290,4186936,3359.000000000000000,3756131,547.000000000000000,316895.000000000000000,12837,4503831,3906,4073026,16196,8259858
335,11/13/2021 15:00:00,9880,4196816,1592.000000000000000,3757723,342.000000000000000,317237.000000000000000,10222,4514053,1934,4074960,11814,8271672
336,11/14/2021 15:00:00,3922,4200738,1131.000000000000000,3758854,121.000000000000000,317358.000000000000000,4043,4518096,1252,4076212,5174,8276846
337,11/15/2021 15:00:00,8622,4209360,2529.000000000000000,3761383,204.000000000000000,317562.000000000000000,8826,4526922,2733,4078945,11355,8288201
338,11/16/2021 15:00:00,9228,4218588,2497.000000000000000,3763880,255.000000000000000,317817.000000000000000,9483,4536405,2752,4081697,11980,8300181
339,11/17/2021 15:00:00,9397,4227985,2881.000000000000000,3766761,312.000000000000000,318129.000000000000000,9709,4546114,3193,4084890,12590,8312771
340,11/18/2021 15:00:00,9299,4237284,2633.000000000000000,3769394,481.000000000000000,318610.000000000000000,9780,4555894,3114,4088004,12413,8325184
341,11/19/2021 15:00:00,9797,4247081,2923.000000000000000,3772317,381.000000000000000,318991.000000000000000,10178,4566072,3304,4091308,13101,8338285
342,11/20/2021 15:00:00,10628,4257709,1607.000000000000000,3773924,455.000000000000000,319446.000000000000000,11083,4577155,2062,4093370,12690,8350975
343,11/21/2021 15:00:00,4346,4262055,1200.000000000000000,3775124,99.000000000000000,319545.000000000000000,4445,4581600,1299,4094669,5645,8356620
344,11/22/2021 15:00:00,9818,4271873,2493.000000000000000,3777617,292.000000000000000,319837.000000000000000,10110,4591710,2785,4097454,12603,8369223
345,11/23/2021 15:00:00,9170,4281043,2402.000000000000000,3780019,280.000000000000000,320117.000000000000000,9450,4601160,2682,4100136,11852,8381075
346,11/24/2021 15:00:00,8154,4289197,2446.000000000000000,3782465,216.000000000000000,320333.000000000000000,8370,4609530,2662,4102798,10816,8391891
347,11/25/2021 15:00:00,238,4289435,77.000000000000000,3782542,10.000000000000000,320343.000000000000000,248,4609778,87,4102885,325,8392216
348,11/26/2021 15:00:00,5653,4295088,3961.000000000000000,3786503,152.000000000000000,320495.000000000000000,5805,4615583,4113,4106998,9766,8401982
349,11/27/2021 15:00:00,3771,4298859,5468.000000000000000,3791971,134.000000000000000,320629.000000000000000,3905,4619488,5602,4112600,9373,8411355
350,11/28/2021 15:00:00,2414,4301273,6386.000000000000000,3798357,77.000000000000000,320706.000000000000000,2491,4621979,6463,4119063,8877,8420232
351,11/29/2021 15:00:00,6375,4307648,9283.000000000000000,3807640,379.000000000000000,321085.000000000000000,6754,4628733,9662,4128725,16037,8436269
352,11/30/2021 15:00:00,6246,4313894,9308.000000000000000,3816948,264.000000000000000,321349.000000000000000,6510,4635243,9572,4138297,15818,8452087
353,12/1/2021 15:00:00,7271,4321165,9666.000000000000000,3826614,307.000000000000000,321656.000000000000000,7578,4642821,9973,4148270,17244,8469331
354,12/2/2021 15:00:00,6917,4328082,8776.000000000000000,3835390,451.000000000000000,322107.000000000000000,7368,4650189,9227,4157497,16144,8485475
355,12/3/2021 15:00:00,7583,4335665,9251.000000000000000,3844641,250.000000000000000,322357.000000000000000,7833,4658022,9501,4166998,17084,8502559
356,12/4/2021 15:00:00,5953,4341618,10028.000000000000000,3854669,465.000000000000000,322822.000000000000000,6418,4664440,10493,4177491,16446,8519005
357,12/5/2021 15:00:00,3469,4345087,3287.000000000000000,3857956,78.000000000000000,322900.000000000000000,3547,4667987,3365,4180856,6834,8525839
358,12/6/2021 15:00:00,6754,4351841,7108.000000000000000,3865064,277.000000000000000,323177.000000000000000,7031,4675018,7385,4188241,14139,8539978
359,12/7/2021 15:00:00,6412,4358253,7019.000000000000000,3872083,249.000000000000000,323426.000000000000000,6661,4681679,7268,4195509,13680,8553658
360,12/8/2021 15:00:00,6931,4365184,7420.000000000000000,3879503,315.000000000000000,323741.000000000000000,7246,4688925,7735,4203244,14666,8568324
361,12/9/2021 15:00:00,6512,4371696,7002.000000000000000,3886505,398.000000000000000,324139.000000000000000,6910,4695835,7400,4210644,13912,8582236
362,12/10/2021 15:00:00,7250,4378946,7313.000000000000000,3893818,229.000000000000000,324368.000000000000000,7479,4703314,7542,4218186,14792,8597028
363,12/11/2021 15:00:00,4460,4383406,7662.000000000000000,3901480,333.000000000000000,324701.000000000000000,4793,4708107,7995,4226181,12455,8609483
364,12/12/2021 15:00:00,4002,4387408,2782.000000000000000,3904262,60.000000000000000,324761.000000000000000,4062,4712169,2842,4229023,6844,8616327
365,12/13/2021 15:00:00,5699,4393107,5759.000000000000000,3910021,243.000000000000000,325004.000000000000000,5942,4718111,6002,4235025,11701,8628028
366,12/14/2021 15:00:00,6449,4399556,5923.000000000000000,3915944,221.000000000000000,325225.000000000000000,6670,4724781,6144,4241169,12593,8640621
367,12/15/2021 15:00:00,7142,4406698,5684.000000000000000,3921628,252.000000000000000,325477.000000000000000,7394,4732175,5936,4247105,13078,8653699
368,12/16/2021 15:00:00,7849,4414547,2808.000000000000000,3924436,421.000000000000000,325898.000000000000000,8270,4740445,3229,4250334,11078,8664777
369,12/17/2021 15:00:00,7794,4422341,4153.000000000000000,3928589,195.000000000000000,326093.000000000000000,7989,4748434,4348,4254682,12142,8676919
370,12/18/2021 15:00:00,5827,4428168,3187.000000000000000,3931776,298.000000000000000,326391.000000000000000,6125,4754559,3485,4258167,9312,8686231
371,12/19/2021 15:00:00,3381,4431549,1342.000000000000000,3933118,36.000000000000000,326427.000000000000000,3417,4757976,1378,4259545,4759,8690990
372,12/20/2021 15:00:00,8061,4439610,3754.000000000000000,3936872,173.000000000000000,326600.000000000000000,8234,4766210,3927,4263472,11988,8702978
373,12/21/2021 15:00:00,8983,4448593,4149.000000000000000,3941021,173.000000000000000,326773.000000000000000,9156,4775366,4322,4267794,13305,8716283
374,12/22/2021 15:00:00,8682,4457275,3853.000000000000000,3944874,184.000000000000000,326957.000000000000000,8866,4784232,4037,4271831,12719,8729002
375,12/23/2021 15:00:00,8402,4465677,3551.000000000000000,3948425,359.000000000000000,327316.000000000000000,8761,4792993,3910,4275741,12312,8741314
376,12/24/2021 15:00:00,1632,4467309,1005.000000000000000,3949430,39.000000000000000,327355.000000000000000,1671,4794664,1044,4276785,2676,8743990
377,12/25/2021 15:00:00,51,4467360,35.000000000000000,3949465,1.000000000000000,327356.000000000000000,52,4794716,36,4276821,87,8744077
378,12/26/2021 15:00:00,2521,4469881,1746.000000000000000,3951211,44.000000000000000,327400.000000000000000,2565,4797281,1790,4278611,4311,8748388
379,12/27/2021 15:00:00,7183,4477064,3988.000000000000000,3955199,296.000000000000000,327696.000000000000000,7479,4804760,4284,4282895,11467,8759855
380,12/28/2021 15:00:00,7888,4484952,3836.000000000000000,3959035,175.000000000000000,327871.000000000000000,8063,4812823,4011,4286906,11899,8771754
381,12/29/2021 15:00:00,8180,4493132,4015.000000000000000,3963050,155.000000000000000,328026.000000000000000,8335,4821158,4170,4291076,12350,8784104
382,12/30/2021 15:00:00,7459,4500591,3766.000000000000000,3966816,288.000000000000000,328314.000000000000000,7747,4828905,4054,4295130,11513,8795617
383,12/31/2021 15:00:00,2559,4503150,1524.000000000000000,3968340,92.000000000000000,328406.000000000000000,2651,4831556,1616,4296746,4175,8799792
384,1/1/2022 15:00:00,735,4503885,344.000000000000000,3968684,33.000000000000000,328439.000000000000000,768,4832324,377,4297123,1112,8800904
385,1/2/2022 15:00:00,2210,4506095,1646.000000000000000,3970330,47.000000000000000,328486.000000000000000,2257,4834581,1693,4298816,3903,8804807
386,1/3/2022 15:00:00,3394,4509489,2065.000000000000000,3972395,221.000000000000000,328707.000000000000000,3615,4838196,2286,4301102,5680,8810487
387,1/4/2022 15:00:00,5830,4515319,3454.000000000000000,3975849,162.000000000000000,328869.000000000000000,5992,4844188,3616,4304718,9446,8819933
388,1/5/2022 15:00:00,6820,4522139,4687.000000000000000,3980536,175.000000000000000,329044.000000000000000,6995,4851183,4862,4309580,11682,8831615
389,1/6/2022 15:00:00,6749,4528888,4804.000000000000000,3985340,263.000000000000000,329307.000000000000000,7012,4858195,5067,4314647,11816,8843431
390,1/7/2022 15:00:00,5943,4534831,3744.000000000000000,3989084,159.000000000000000,329466.000000000000000,6102,4864297,3903,4318550,9846,8853277
391,1/8/2022 15:00:00,4795,4539626,3905.000000000000000,3992989,79.000000000000000,329545.000000000000000,4874,4869171,3984,4322534,8779,8862056
392,1/9/2022 15:00:00,2756,4542382,2014.000000000000000,3995003,154.000000000000000,329699.000000000000000,2910,4872081,2168,4324702,4924,8866980
393,1/10/2022 15:00:00,6301,4548683,3839.000000000000000,3998842,155.000000000000000,329854.000000000000000,6456,4878537,3994,4328696,10295,8877275
394,1/11/2022 15:00:00,6532,4555215,4232.000000000000000,4003074,141.000000000000000,329995.000000000000000,6673,4885210,4373,4333069,10905,8888180
395,1/12/2022 15:00:00,6788,4562003,4442.000000000000000,4007516,225.000000000000000,330220.000000000000000,7013,4892223,4667,4337736,11455,8899635
396,1/13/2022 15:00:00,6588,4568591,4374.000000000000000,4011890,150.000000000000000,330370.000000000000000,6738,4898961,4524,4342260,11112,8910747
397,1/14/2022 15:00:00,7169,4575760,3266.000000000000000,4015156,252.000000000000000,330622.000000000000000,7421,4906382,3518,4345778,10687,8921434
398,1/15/2022 15:00:00,4246,4580006,1680.000000000000000,4016836,70.000000000000000,330692.000000000000000,4316,4910698,1750,4347528,5996,8927430
399,1/16/2022 15:00:00,2218,4582224,1315.000000000000000,4018151,116.000000000000000,330808.000000000000000,2334,4913032,1431,4348959,3649,8931079
400,1/17/2022 15:00:00,3605,4585829,2365.000000000000000,4020516,74.000000000000000,330882.000000000000000,3679,4916711,2439,4351398,6044,8937123
401,1/18/2022 15:00:00,5264,4591093,4167.000000000000000,4024683,100.000000000000000,330982.000000000000000,5364,4922075,4267,4355665,9531,8946654
402,1/19/2022 15:00:00,5249,4596342,4447.000000000000000,4029130,96.000000000000000,331078.000000000000000,5345,4927420,4543,4360208,9792,8956446
403,1/20/2022 15:00:00,4474,4600816,3583.000000000000000,4032713,176.000000000000000,331254.000000000000000,4650,4932070,3759,4363967,8233,8964679
404,1/21/2022 15:00:00,5507,4606323,2901.000000000000000,4035614,123.000000000000000,331377.000000000000000,5630,4937700,3024,4366991,8531,8973210
405,1/22/2022 15:00:00,3375,4609698,1707.000000000000000,4037321,133.000000000000000,331510.000000000000000,3508,4941208,1840,4368831,5215,8978425
406,1/23/2022 15:00:00,1950,4611648,1472.000000000000000,4038793,31.000000000000000,331541.000000000000000,1981,4943189,1503,4370334,3453,8981878
407,1/24/2022 15:00:00,4088,4615736,2749.000000000000000,4041542,84.000000000000000,331625.000000000000000,4172,4947361,2833,4373167,6921,8988799
408,1/25/2022 15:00:00,3756,4619492,3274.000000000000000,4044816,92.000000000000000,331717.000000000000000,3848,4951209,3366,4376533,7122,8995921
409,1/26/2022 15:00:00,3793,4623285,3626.000000000000000,4048442,91.000000000000000,331808.000000000000000,3884,4955093,3717,4380250,7510,9003431
410,1/27/2022 15:00:00,3664,4626949,3782.000000000000000,4052224,183.000000000000000,331991.000000000000000,3847,4958940,3965,4384215,7629,9011060
411,1/28/2022 15:00:00,3610,4630559,3040.000000000000000,4055264,74.000000000000000,332065.000000000000000,3684,4962624,3114,4387329,6724,9017784
412,1/29/2022 15:00:00,2143,4632702,2129.000000000000000,4057393,113.000000000000000,332178.000000000000000,2256,4964880,2242,4389571,4385,9022169
413,1/30/2022 15:00:00,1316,4634018,1465.000000000000000,4058858,16.000000000000000,332194.000000000000000,1332,4966212,1481,4391052,2797,9024966
414,1/31/2022 15:00:00,1338,4635356,1607.000000000000000,4060465,31.000000000000000,332225.000000000000000,1369,4967581,1638,4392690,2976,9027942