OBJECTID,VACCINATION_DATE,FirstDailyDose,FirstDoseCumulative,SecondDailyDose,SecondDoseCumulative,SingleDailyDose,SingleDoseCumulative,AtleastOneVaccine,AtleastOneVaccineCumulative,CompletedVax,CompletedVaxCumulative,FirstSecondSingleVaccination_12,FirstSecondSingleVaccination_13
1,12/14/2020 15:00:00,19,1382,,521,,,19,1382,0,521,19,1799
2,12/15/2020 15:00:00,61,1443,3.000000000000000,524,,,61,1443,3,524,64,1863
3,12/16/2020 15:00:00,591,2034,5.000000000000000,529,,,591,2034,5,529,596,2459
4,12/17/2020 15:00:00,1160,3194,7.000000000000000,536,,,1160,3194,7,536,1167,3626
5,12/18/2020 15:00:00,3018,6212,12.000000000000000,548,,,3018,6212,12,548,3030,6656
6,12/19/2020 15:00:00,931,7143,5.000000000000000,553,,,931,7143,5,553,936,7592
7,12/20/2020 15:00:00,363,7506,6.000000000000000,559,,,363,7506,6,559,369,7961
8,12/21/2020 15:00:00,3887,11393,26.000000000000000,585,,,3887,11393,26,585,3913,11874
9,12/22/2020 15:00:00,6322,17715,27.000000000000000,612,,,6322,17715,27,612,6349,18223
10,12/23/2020 15:00:00,5779,23494,36.000000000000000,648,,,5779,23494,36,648,5815,24038
11,12/24/2020 15:00:00,2726,26220,15.000000000000000,663,,,2726,26220,15,663,2741,26779
12,12/25/2020 15:00:00,1035,27255,4.000000000000000,667,,,1035,27255,4,667,1039,27818
13,12/26/2020 15:00:00,1882,29137,9.000000000000000,676,,,1882,29137,9,676,1891,29709
14,12/27/2020 15:00:00,1802,30939,12.000000000000000,688,,,1802,30939,12,688,1814,31523
15,12/28/2020 15:00:00,8982,39921,49.000000000000000,737,,,8982,39921,49,737,9031,40554
16,12/29/2020 15:00:00,10968,50889,53.000000000000000,790,,,10968,50889,53,790,11021,51575
17,12/30/2020 15:00:00,12494,63383,88.000000000000000,878,,,12494,63383,88,878,12582,64157
18,12/31/2020 15:00:00,7552,70935,47.000000000000000,925,,,7552,70935,47,925,7599,71756
19,1/1/2021 15:00:00,3284,74219,138.000000000000000,1063,,,3284,74219,138,1063,3422,75178
20,1/2/2021 15:00:00,3040,77259,34.000000000000000,1097,,,3040,77259,34,1097,3074,78252
21,1/3/2021 15:00:00,3409,80668,81.000000000000000,1178,,,3409,80668,81,1178,3490,81742
22,1/4/2021 15:00:00,13358,94026,333.000000000000000,1511,,,13358,94026,333,1511,13691,95433
23,1/5/2021 15:00:00,12484,106510,547.000000000000000,2058,,,12484,106510,547,2058,13031,108464
24,1/6/2021 15:00:00,15264,121774,864.000000000000000,2922,,,15264,121774,864,2922,16128,124592
25,1/7/2021 15:00:00,15035,136809,1774.000000000000000,4696,,,15035,136809,1774,4696,16809,141401
26,1/8/2021 15:00:00,24011,160820,2781.000000000000000,7477,,,24011,160820,2781,7477,26792,168193
27,1/9/2021 15:00:00,5173,165993,954.000000000000000,8431,,,5173,165993,954,8431,6127,174320
28,1/10/2021 15:00:00,2971,168964,384.000000000000000,8815,,,2971,168964,384,8815,3355,177675
29,1/11/2021 15:00:00,13719,182683,3469.000000000000000,12284,,,13719,182683,3469,12284,17188,194863
30,1/12/2021 15:00:00,17388,200071,5594.000000000000000,17878,,,17388,200071,5594,17878,22982,217845
31,1/13/2021 15:00:00,18620,218691,3921.000000000000000,21799,,,18620,218691,3921,21799,22541,240386
32,1/14/2021 15:00:00,17852,236543,1962.000000000000000,23761,,,17852,236543,1962,23761,19814,260200
33,1/15/2021 15:00:00,19480,256023,2031.000000000000000,25792,,,19480,256023,2031,25792,21511,281711
34,1/16/2021 15:00:00,5832,261855,1617.000000000000000,27409,,,5832,261855,1617,27409,7449,289160
35,1/17/2021 15:00:00,2122,263977,1479.000000000000000,28888,,,2122,263977,1479,28888,3601,292761
36,1/18/2021 15:00:00,7074,271051,3257.000000000000000,32145,,,7074,271051,3257,32145,10331,303092
37,1/19/2021 15:00:00,16954,288005,5404.000000000000000,37549,,,16954,288005,5404,37549,22358,325450
38,1/20/2021 15:00:00,21006,309011,5322.000000000000000,42871,,,21006,309011,5322,42871,26328,351778
39,1/21/2021 15:00:00,23809,332820,3846.000000000000000,46717,,,23809,332820,3846,46717,27655,379433
40,1/22/2021 15:00:00,28656,361476,3753.000000000000000,50470,,,28656,361476,3753,50470,32409,411842
41,1/23/2021 15:00:00,10117,371593,1942.000000000000000,52412,,,10117,371593,1942,52412,12059,423901
42,1/24/2021 15:00:00,3354,374947,1723.000000000000000,54135,,,3354,374947,1723,54135,5077,428978
43,1/25/2021 15:00:00,16306,391253,8602.000000000000000,62737,,,16306,391253,8602,62737,24908,453886
44,1/26/2021 15:00:00,17558,408811,8974.000000000000000,71711,,,17558,408811,8974,71711,26532,480418
45,1/27/2021 15:00:00,24437,433248,12550.000000000000000,84261,,,24437,433248,12550,84261,36987,517405
46,1/28/2021 15:00:00,22653,455901,9330.000000000000000,93591,,,22653,455901,9330,93591,31983,549388
47,1/29/2021 15:00:00,24782,480683,7926.000000000000000,101517,,,24782,480683,7926,101517,32708,582096
48,1/30/2021 15:00:00,17780,498463,2560.000000000000000,104077,,,17780,498463,2560,104077,20340,602436
49,1/31/2021 15:00:00,3764,502227,1367.000000000000000,105444,,,3764,502227,1367,105444,5131,607567
50,2/1/2021 15:00:00,8106,510333,5379.000000000000000,110823,,,8106,510333,5379,110823,13485,621052
51,2/2/2021 15:00:00,12507,522840,13824.000000000000000,124647,,,12507,522840,13824,124647,26331,647383
52,2/3/2021 15:00:00,18252,541092,18134.000000000000000,142781,,,18252,541092,18134,142781,36386,683769
53,2/4/2021 15:00:00,22130,563222,15789.000000000000000,158570,,,22130,563222,15789,158570,37919,721688
54,2/5/2021 15:00:00,20348,583570,17422.000000000000000,175992,,,20348,583570,17422,175992,37770,759458
55,2/6/2021 15:00:00,11332,594902,14475.000000000000000,190467,,,11332,594902,14475,190467,25807,785265
56,2/7/2021 15:00:00,5950,600852,1838.000000000000000,192305,,,5950,600852,1838,192305,7788,793053
57,2/8/2021 15:00:00,12983,613835,12920.000000000000000,205225,,,12983,613835,12920,205225,25903,818956
58,2/9/2021 15:00:00,16650,630485,13877.000000000000000,219102,,,16650,630485,13877,219102,30527,849483
59,2/10/2021 15:00:00,19299,649784,21231.000000000000000,240333,,,19299,649784,21231,240333,40530,890013
60,2/11/2021 15:00:00,22849,672633,17343.000000000000000,257676,,,22849,672633,17343,257676,40192,930205
61,2/12/2021 15:00:00,20395,693028,19637.000000000000000,277313,,,20395,693028,19637,277313,40032,970237
62,2/13/2021 15:00:00,11436,704464,6421.000000000000000,283734,,,11436,704464,6421,283734,17857,988094
63,2/14/2021 15:00:00,7111,711575,2130.000000000000000,285864,,,7111,711575,2130,285864,9241,997335
64,2/15/2021 15:00:00,11765,723340,13328.000000000000000,299192,,,11765,723340,13328,299192,25093,1022428
65,2/16/2021 15:00:00,16608,739948,21020.000000000000000,320212,,,16608,739948,21020,320212,37628,1060056
66,2/17/2021 15:00:00,20659,760607,26379.000000000000000,346591,,,20659,760607,26379,346591,47038,1107094
67,2/18/2021 15:00:00,3200,763807,4620.000000000000000,351211,,,3200,763807,4620,351211,7820,1114914
68,2/19/2021 15:00:00,10254,774061,19928.000000000000000,371139,,,10254,774061,19928,371139,30182,1145096
69,2/20/2021 15:00:00,10311,784372,20290.000000000000000,391429,,,10311,784372,20290,391429,30601,1175697
70,2/21/2021 15:00:00,6180,790552,7653.000000000000000,399082,,,6180,790552,7653,399082,13833,1189530
71,2/22/2021 15:00:00,8033,798585,15477.000000000000000,414559,,,8033,798585,15477,414559,23510,1213040
72,2/23/2021 15:00:00,15535,814120,15984.000000000000000,430543,,,15535,814120,15984,430543,31519,1244559
73,2/24/2021 15:00:00,17953,832073,24741.000000000000000,455284,,,17953,832073,24741,455284,42694,1287253
74,2/25/2021 15:00:00,20391,852464,26557.000000000000000,481841,,,20391,852464,26557,481841,46948,1334201
75,2/26/2021 15:00:00,26721,879185,26224.000000000000000,508065,,,26721,879185,26224,508065,52945,1387146
76,2/27/2021 15:00:00,16007,895192,11161.000000000000000,519226,,,16007,895192,11161,519226,27168,1414314
77,2/28/2021 15:00:00,15495,910687,4885.000000000000000,524111,,,15495,910687,4885,524111,20380,1434694
78,3/1/2021 15:00:00,27009,937696,12626.000000000000000,536737,,,27009,937696,12626,536737,39635,1474329
79,3/2/2021 15:00:00,23925,961621,13279.000000000000000,550016,35.000000000000000,35.000000000000000,23960,961656,13314,550051,37239,1511568
80,3/3/2021 15:00:00,30199,991820,18396.000000000000000,568412,188.000000000000000,223.000000000000000,30387,992043,18584,568635,48783,1560351
81,3/4/2021 15:00:00,30962,1022782,18202.000000000000000,586614,4069.000000000000000,4292.000000000000000,35031,1027074,22271,590906,53233,1613584
82,3/5/2021 15:00:00,30029,1052811,19724.000000000000000,606338,4910.000000000000000,9202.000000000000000,34939,1062013,24634,615540,54663,1668247
83,3/6/2021 15:00:00,18919,1071730,9511.000000000000000,615849,6009.000000000000000,15211.000000000000000,24928,1086941,15520,631060,34439,1702686
84,3/7/2021 15:00:00,12123,1083853,4863.000000000000000,620712,6610.000000000000000,21821.000000000000000,18733,1105674,11473,642533,23596,1726282
85,3/8/2021 15:00:00,25882,1109735,8850.000000000000000,629562,8272.000000000000000,30093.000000000000000,34154,1139828,17122,659655,43004,1769286
86,3/9/2021 15:00:00,26134,1135869,15467.000000000000000,645029,8343.000000000000000,38436.000000000000000,34477,1174305,23810,683465,49944,1819230
87,3/10/2021 15:00:00,29862,1165731,16002.000000000000000,661031,7940.000000000000000,46376.000000000000000,37802,1212107,23942,707407,53804,1873034
88,3/11/2021 15:00:00,35992,1201723,16403.000000000000000,677434,3981.000000000000000,50357.000000000000000,39973,1252080,20384,727791,56376,1929410
89,3/12/2021 15:00:00,36920,1238643,18088.000000000000000,695522,2926.000000000000000,53283.000000000000000,39846,1291926,21014,748805,57934,1987344
90,3/13/2021 15:00:00,22674,1261317,10285.000000000000000,705807,1629.000000000000000,54912.000000000000000,24303,1316229,11914,760719,34588,2021932
91,3/14/2021 15:00:00,17833,1279150,6721.000000000000000,712528,1005.000000000000000,55917.000000000000000,18838,1335067,7726,768445,25559,2047491
92,3/15/2021 15:00:00,29833,1308983,11307.000000000000000,723835,597.000000000000000,56514.000000000000000,30430,1365497,11904,780349,41737,2089228
93,3/16/2021 15:00:00,33417,1342400,13578.000000000000000,737413,770.000000000000000,57284.000000000000000,34187,1399684,14348,794697,47765,2136993
94,3/17/2021 15:00:00,37575,1379975,17057.000000000000000,754470,1181.000000000000000,58465.000000000000000,38756,1438440,18238,812935,55813,2192806
95,3/18/2021 15:00:00,41448,1421423,12653.000000000000000,767123,1348.000000000000000,59813.000000000000000,42796,1481236,14001,826936,55449,2248255
96,3/19/2021 15:00:00,38342,1459765,15421.000000000000000,782544,1042.000000000000000,60855.000000000000000,39384,1520620,16463,843399,54805,2303060
97,3/20/2021 15:00:00,24704,1484469,10160.000000000000000,792704,703.000000000000000,61558.000000000000000,25407,1546027,10863,854262,35567,2338627
98,3/21/2021 15:00:00,19181,1503650,7885.000000000000000,800589,336.000000000000000,61894.000000000000000,19517,1565544,8221,862483,27402,2366029
99,3/22/2021 15:00:00,32596,1536246,11483.000000000000000,812072,834.000000000000000,62728.000000000000000,33430,1598974,12317,874800,44913,2410942
100,3/23/2021 15:00:00,38418,1574664,17810.000000000000000,829882,1554.000000000000000,64282.000000000000000,39972,1638946,19364,894164,57782,2468724
101,3/24/2021 15:00:00,41094,1615758,21216.000000000000000,851098,1388.000000000000000,65670.000000000000000,42482,1681428,22604,916768,63698,2532422
102,3/25/2021 15:00:00,42892,1658650,21693.000000000000000,872791,2458.000000000000000,68128.000000000000000,45350,1726778,24151,940919,67043,2599465
103,3/26/2021 15:00:00,36371,1695021,26678.000000000000000,899469,2496.000000000000000,70624.000000000000000,38867,1765645,29174,970093,65545,2665010
104,3/27/2021 15:00:00,26478,1721499,17279.000000000000000,916748,2491.000000000000000,73115.000000000000000,28969,1794614,19770,989863,46248,2711258
105,3/28/2021 15:00:00,17015,1738514,12644.000000000000000,929392,1615.000000000000000,74730.000000000000000,18630,1813244,14259,1004122,31274,2742532
106,3/29/2021 15:00:00,29721,1768235,26291.000000000000000,955683,1141.000000000000000,75871.000000000000000,30862,1844106,27432,1031554,57153,2799685
107,3/30/2021 15:00:00,40065,1808300,28994.000000000000000,984677,1863.000000000000000,77734.000000000000000,41928,1886034,30857,1062411,70922,2870607
108,3/31/2021 15:00:00,41039,1849339,34693.000000000000000,1019370,5748.000000000000000,83482.000000000000000,46787,1932821,40441,1102852,81480,2952087
109,4/1/2021 15:00:00,42365,1891704,41037.000000000000000,1060407,5743.000000000000000,89225.000000000000000,48108,1980929,46780,1149632,89145,3041232
110,4/2/2021 15:00:00,34933,1926637,32673.000000000000000,1093080,6125.000000000000000,95350.000000000000000,41058,2021987,38798,1188430,73731,3114963
111,4/3/2021 15:00:00,21154,1947791,19185.000000000000000,1112265,4389.000000000000000,99739.000000000000000,25543,2047530,23574,1212004,44728,3159691
112,4/4/2021 15:00:00,8282,1956073,10188.000000000000000,1122453,967.000000000000000,100706.000000000000000,9249,2056779,11155,1223159,19437,3179128
113,4/5/2021 15:00:00,27951,1984024,28910.000000000000000,1151363,6658.000000000000000,107364.000000000000000,34609,2091388,35568,1258727,63519,3242647
114,4/6/2021 15:00:00,39766,2023790,30454.000000000000000,1181817,10493.000000000000000,117857.000000000000000,50259,2141647,40947,1299674,80713,3323360
115,4/7/2021 15:00:00,36095,2059885,34288.000000000000000,1216105,12988.000000000000000,130845.000000000000000,49083,2190730,47276,1346950,83371,3406731
116,4/8/2021 15:00:00,42335,2102220,36101.000000000000000,1252206,13865.000000000000000,144710.000000000000000,56200,2246930,49966,1396916,92301,3499032
117,4/9/2021 15:00:00,34060,2136280,36322.000000000000000,1288528,14526.000000000000000,159236.000000000000000,48586,2295516,50848,1447764,84908,3583940
118,4/10/2021 15:00:00,23469,2159749,23134.000000000000000,1311662,7641.000000000000000,166877.000000000000000,31110,2326626,30775,1478539,54244,3638184
119,4/11/2021 15:00:00,17565,2177314,13279.000000000000000,1324941,10119.000000000000000,176996.000000000000000,27684,2354310,23398,1501937,40963,3679147
120,4/12/2021 15:00:00,24607,2201921,33163.000000000000000,1358104,10895.000000000000000,187891.000000000000000,35502,2389812,44058,1545995,68665,3747812
121,4/13/2021 15:00:00,126198,2328119,91232.000000000000000,1449336,3292.000000000000000,191183.000000000000000,129490,2519302,94524,1640519,220722,3968534
122,4/14/2021 15:00:00,40717,2368836,37824.000000000000000,1487160,212.000000000000000,191395.000000000000000,40929,2560231,38036,1678555,78753,4047287
123,4/15/2021 15:00:00,41419,2410255,39548.000000000000000,1526708,175.000000000000000,191570.000000000000000,41594,2601825,39723,1718278,81142,4128429
124,4/16/2021 15:00:00,37149,2447404,38864.000000000000000,1565572,24.000000000000000,191594.000000000000000,37173,2638998,38888,1757166,76037,4204466
125,4/17/2021 15:00:00,32802,2480206,22028.000000000000000,1587600,12.000000000000000,191606.000000000000000,32814,2671812,22040,1779206,54842,4259308
126,4/18/2021 15:00:00,20065,2500271,16198.000000000000000,1603798,5.000000000000000,191611.000000000000000,20070,2691882,16203,1795409,36268,4295576
127,4/19/2021 15:00:00,29895,2530166,36548.000000000000000,1640346,61.000000000000000,191672.000000000000000,29956,2721838,36609,1832018,66504,4362080
128,4/20/2021 15:00:00,32932,2563098,44445.000000000000000,1684791,58.000000000000000,191730.000000000000000,32990,2754828,44503,1876521,77435,4439515
129,4/21/2021 15:00:00,39831,2602929,47052.000000000000000,1731843,26.000000000000000,191756.000000000000000,39857,2794685,47078,1923599,86909,4526424
130,4/22/2021 15:00:00,35859,2638788,42657.000000000000000,1774500,16.000000000000000,191772.000000000000000,35875,2830560,42673,1966272,78532,4604956
131,4/23/2021 15:00:00,33148,2671936,40150.000000000000000,1814650,14.000000000000000,191786.000000000000000,33162,2863722,40164,2006436,73312,4678268
132,4/24/2021 15:00:00,26412,2698348,27907.000000000000000,1842557,81.000000000000000,191867.000000000000000,26493,2890215,27988,2034424,54400,4732668
133,4/25/2021 15:00:00,20235,2718583,10971.000000000000000,1853528,31.000000000000000,191898.000000000000000,20266,2910481,11002,2045426,31237,4763905
134,4/26/2021 15:00:00,27414,2745997,32710.000000000000000,1886238,201.000000000000000,192099.000000000000000,27615,2938096,32911,2078337,60325,4824230
135,4/27/2021 15:00:00,26691,2772688,33069.000000000000000,1919307,1097.000000000000000,193196.000000000000000,27788,2965884,34166,2112503,60857,4885087
136,4/28/2021 15:00:00,28929,2801617,39543.000000000000000,1958850,1364.000000000000000,194560.000000000000000,30293,2996177,40907,2153410,69836,4954923
137,4/29/2021 15:00:00,27077,2828694,39742.000000000000000,1998592,1463.000000000000000,196023.000000000000000,28540,3024717,41205,2194615,68282,5023205
138,4/30/2021 15:00:00,28212,2856906,32269.000000000000000,2030861,1648.000000000000000,197671.000000000000000,29860,3054577,33917,2228532,62129,5085334
139,5/1/2021 15:00:00,20712,2877618,26685.000000000000000,2057546,1049.000000000000000,198720.000000000000000,21761,3076338,27734,2256266,48446,5133780
140,5/2/2021 15:00:00,10289,2887907,17039.000000000000000,2074585,822.000000000000000,199542.000000000000000,11111,3087449,17861,2274127,28150,5161930
141,5/3/2021 15:00:00,12756,2900663,28581.000000000000000,2103166,1915.000000000000000,201457.000000000000000,14671,3102120,30496,2304623,43252,5205182
142,5/4/2021 15:00:00,13573,2914236,38613.000000000000000,2141779,1739.000000000000000,203196.000000000000000,15312,3117432,40352,2344975,53925,5259107
143,5/5/2021 15:00:00,19325,2933561,37753.000000000000000,2179532,1921.000000000000000,205117.000000000000000,21246,3138678,39674,2384649,58999,5318106
144,5/6/2021 15:00:00,16922,2950483,40592.000000000000000,2220124,1721.000000000000000,206838.000000000000000,18643,3157321,42313,2426962,59235,5377341
145,5/7/2021 15:00:00,17587,2968070,36996.000000000000000,2257120,1959.000000000000000,208797.000000000000000,19546,3176867,38955,2465917,56542,5433883
146,5/8/2021 15:00:00,10793,2978863,31223.000000000000000,2288343,1291.000000000000000,210088.000000000000000,12084,3188951,32514,2498431,43307,5477190
147,5/9/2021 15:00:00,5083,2983946,12240.000000000000000,2300583,695.000000000000000,210783.000000000000000,5778,3194729,12935,2511366,18018,5495208
148,5/10/2021 15:00:00,8956,2992902,31050.000000000000000,2331633,1362.000000000000000,212145.000000000000000,10318,3205047,32412,2543778,41368,5536576
149,5/11/2021 15:00:00,12183,3005085,30288.000000000000000,2361921,1441.000000000000000,213586.000000000000000,13624,3218671,31729,2575507,43912,5580488
150,5/12/2021 15:00:00,13947,3019032,38621.000000000000000,2400542,1919.000000000000000,215505.000000000000000,15866,3234537,40540,2616047,54487,5634975
151,5/13/2021 15:00:00,21840,3040872,33510.000000000000000,2434052,1347.000000000000000,216852.000000000000000,23187,3257724,34857,2650904,56697,5691672
152,5/14/2021 15:00:00,24390,3065262,30053.000000000000000,2464105,1773.000000000000000,218625.000000000000000,26163,3283887,31826,2682730,56216,5747888
153,5/15/2021 15:00:00,21938,3087200,25106.000000000000000,2489211,1489.000000000000000,220114.000000000000000,23427,3307314,26595,2709325,48533,5796421
154,5/16/2021 15:00:00,9093,3096293,17585.000000000000000,2506796,1113.000000000000000,221227.000000000000000,10206,3317520,18698,2728023,27791,5824212
155,5/17/2021 15:00:00,16836,3113129,28401.000000000000000,2535197,1949.000000000000000,223176.000000000000000,18785,3336305,30350,2758373,47186,5871398
156,5/18/2021 15:00:00,21267,3134396,30687.000000000000000,2565884,1942.000000000000000,225118.000000000000000,23209,3359514,32629,2791002,53896,5925294
157,5/19/2021 15:00:00,27666,3162062,32431.000000000000000,2598315,1631.000000000000000,226749.000000000000000,29297,3388811,34062,2825064,61728,5987022
158,5/20/2021 15:00:00,20808,3182870,33267.000000000000000,2631582,1964.000000000000000,228713.000000000000000,22772,3411583,35231,2860295,56039,6043061
159,5/21/2021 15:00:00,19163,3202033,30349.000000000000000,2661931,1607.000000000000000,230320.000000000000000,20770,3432353,31956,2892251,51119,6094180
160,5/22/2021 15:00:00,16939,3218972,20688.000000000000000,2682619,1271.000000000000000,231591.000000000000000,18210,3450563,21959,2914210,38898,6133078
161,5/23/2021 15:00:00,8804,3227776,11445.000000000000000,2694064,965.000000000000000,232556.000000000000000,9769,3460332,12410,2926620,21214,6154292
162,5/24/2021 15:00:00,13567,3241343,17776.000000000000000,2711840,1473.000000000000000,234029.000000000000000,15040,3475372,19249,2945869,32816,6187108
163,5/25/2021 15:00:00,13072,3254415,18719.000000000000000,2730559,1329.000000000000000,235358.000000000000000,14401,3489773,20048,2965917,33120,6220228
164,5/26/2021 15:00:00,18314,3272729,19494.000000000000000,2750053,1512.000000000000000,236870.000000000000000,19826,3509599,21006,2986923,39320,6259548
165,5/27/2021 15:00:00,11685,3284414,18665.000000000000000,2768718,1116.000000000000000,237986.000000000000000,12801,3522400,19781,3006704,31466,6291014
166,5/28/2021 15:00:00,12416,3296830,19837.000000000000000,2788555,1401.000000000000000,239387.000000000000000,13817,3536217,21238,3027942,33654,6324668
167,5/29/2021 15:00:00,9514,3306344,11721.000000000000000,2800276,937.000000000000000,240324.000000000000000,10451,3546668,12658,3040600,22172,6346840
168,5/30/2021 15:00:00,4968,3311312,6430.000000000000000,2806706,596.000000000000000,240920.000000000000000,5564,3552232,7026,3047626,11994,6358834
169,5/31/2021 15:00:00,1778,3313090,3711.000000000000000,2810417,305.000000000000000,241225.000000000000000,2083,3554315,4016,3051642,5794,6364628
170,6/1/2021 15:00:00,9851,3322941,16436.000000000000000,2826853,1159.000000000000000,242384.000000000000000,11010,3565325,17595,3069237,27446,6392074
171,6/2/2021 15:00:00,10230,3333171,16819.000000000000000,2843672,960.000000000000000,243344.000000000000000,11190,3576515,17779,3087016,28009,6420083
172,6/3/2021 15:00:00,7900,3341071,21189.000000000000000,2864861,1087.000000000000000,244431.000000000000000,8987,3585502,22276,3109292,30176,6450259
173,6/4/2021 15:00:00,8197,3349268,22355.000000000000000,2887216,1120.000000000000000,245551.000000000000000,9317,3594819,23475,3132767,31672,6481931
174,6/5/2021 15:00:00,7001,3356269,19470.000000000000000,2906686,720.000000000000000,246271.000000000000000,7721,3602540,20190,3152957,27191,6509122
175,6/6/2021 15:00:00,3456,3359725,7250.000000000000000,2913936,423.000000000000000,246694.000000000000000,3879,3606419,7673,3160630,11129,6520251
176,6/7/2021 15:00:00,6858,3366583,15786.000000000000000,2929722,726.000000000000000,247420.000000000000000,7584,3614003,16512,3177142,23370,6543621
177,6/8/2021 15:00:00,6670,3373253,19733.000000000000000,2949455,830.000000000000000,248250.000000000000000,7500,3621503,20563,3197705,27233,6570854
178,6/9/2021 15:00:00,8200,3381453,23985.000000000000000,2973440,969.000000000000000,249219.000000000000000,9169,3630672,24954,3222659,33154,6604008
179,6/10/2021 15:00:00,7150,3388603,19137.000000000000000,2992577,895.000000000000000,250114.000000000000000,8045,3638717,20032,3242691,27182,6631190
180,6/11/2021 15:00:00,7486,3396089,17726.000000000000000,3010303,1125.000000000000000,251239.000000000000000,8611,3647328,18851,3261542,26337,6657527
181,6/12/2021 15:00:00,5240,3401329,14767.000000000000000,3025070,605.000000000000000,251844.000000000000000,5845,3653173,15372,3276914,20612,6678139
182,6/13/2021 15:00:00,1930,3403259,7623.000000000000000,3032693,427.000000000000000,252271.000000000000000,2357,3655530,8050,3284964,9980,6688119
183,6/14/2021 15:00:00,5657,3408916,11814.000000000000000,3044507,733.000000000000000,253004.000000000000000,6390,3661920,12547,3297511,18204,6706323
184,6/15/2021 15:00:00,5640,3414556,14341.000000000000000,3058848,873.000000000000000,253877.000000000000000,6513,3668433,15214,3312725,20854,6727177
185,6/16/2021 15:00:00,8754,3423310,21596.000000000000000,3080444,757.000000000000000,254634.000000000000000,9511,3677944,22353,3335078,31107,6758284
186,6/17/2021 15:00:00,6688,3429998,12364.000000000000000,3092808,720.000000000000000,255354.000000000000000,7408,3685352,13084,3348162,19772,6778056
187,6/18/2021 15:00:00,6836,3436834,12736.000000000000000,3105544,703.000000000000000,256057.000000000000000,7539,3692891,13439,3361601,20275,6798331
188,6/19/2021 15:00:00,4660,3441494,9377.000000000000000,3114921,615.000000000000000,256672.000000000000000,5275,3698166,9992,3371593,14652,6812983
189,6/20/2021 15:00:00,2505,3443999,5053.000000000000000,3119974,377.000000000000000,257049.000000000000000,2882,3701048,5430,3377023,7935,6820918
190,6/21/2021 15:00:00,5564,3449563,5331.000000000000000,3125305,635.000000000000000,257684.000000000000000,6199,3707247,5966,3382989,11530,6832448
191,6/22/2021 15:00:00,5344,3454907,9052.000000000000000,3134357,693.000000000000000,258377.000000000000000,6037,3713284,9745,3392734,15089,6847537
192,6/23/2021 15:00:00,6072,3460979,10324.000000000000000,3144681,646.000000000000000,259023.000000000000000,6718,3720002,10970,3403704,17042,6864579
193,6/24/2021 15:00:00,5936,3466915,8198.000000000000000,3152879,595.000000000000000,259618.000000000000000,6531,3726533,8793,3412497,14729,6879308
194,6/25/2021 15:00:00,5819,3472734,8659.000000000000000,3161538,620.000000000000000,260238.000000000000000,6439,3732972,9279,3421776,15098,6894406
195,6/26/2021 15:00:00,3701,3476435,6307.000000000000000,3167845,398.000000000000000,260636.000000000000000,4099,3737071,6705,3428481,10406,6904812
196,6/27/2021 15:00:00,2808,3479243,3521.000000000000000,3171366,185.000000000000000,260821.000000000000000,2993,3740064,3706,3432187,6514,6911326
197,6/28/2021 15:00:00,4917,3484160,6387.000000000000000,3177753,539.000000000000000,261360.000000000000000,5456,3745520,6926,3439113,11843,6923169
198,6/29/2021 15:00:00,5061,3489221,6474.000000000000000,3184227,519.000000000000000,261879.000000000000000,5580,3751100,6993,3446106,12054,6935223
199,6/30/2021 15:00:00,5616,3494837,7383.000000000000000,3191610,605.000000000000000,262484.000000000000000,6221,3757321,7988,3454094,13604,6948827
200,7/1/2021 15:00:00,5406,3500243,6986.000000000000000,3198596,500.000000000000000,262984.000000000000000,5906,3763227,7486,3461580,12892,6961719
201,7/2/2021 15:00:00,5292,3505535,6837.000000000000000,3205433,524.000000000000000,263508.000000000000000,5816,3769043,7361,3468941,12653,6974372
202,7/3/2021 15:00:00,3270,3508805,4065.000000000000000,3209498,264.000000000000000,263772.000000000000000,3534,3772577,4329,3473270,7599,6981971
203,7/4/2021 15:00:00,494,3509299,545.000000000000000,3210043,68.000000000000000,263840.000000000000000,562,3773139,613,3473883,1107,6983078
204,7/5/2021 15:00:00,3763,3513062,3952.000000000000000,3213995,287.000000000000000,264127.000000000000000,4050,3777189,4239,3478122,8002,6991080
205,7/6/2021 15:00:00,4491,3517553,6264.000000000000000,3220259,452.000000000000000,264579.000000000000000,4943,3782132,6716,3484838,11207,7002287
206,7/7/2021 15:00:00,4467,3522020,6409.000000000000000,3226668,482.000000000000000,265061.000000000000000,4949,3787081,6891,3491729,11358,7013645
207,7/8/2021 15:00:00,4833,3526853,6168.000000000000000,3232836,564.000000000000000,265625.000000000000000,5397,3792478,6732,3498461,11565,7025210
208,7/9/2021 15:00:00,5365,3532218,6663.000000000000000,3239499,573.000000000000000,266198.000000000000000,5938,3798416,7236,3505697,12601,7037811
209,7/10/2021 15:00:00,3516,3535734,4405.000000000000000,3243904,303.000000000000000,266501.000000000000000,3819,3802235,4708,3510405,8224,7046035
210,7/11/2021 15:00:00,2676,3538410,2565.000000000000000,3246469,225.000000000000000,266726.000000000000000,2901,3805136,2790,3513195,5466,7051501
211,7/12/2021 15:00:00,4415,3542825,5120.000000000000000,3251589,379.000000000000000,267105.000000000000000,4794,3809930,5499,3518694,9914,7061415
212,7/13/2021 15:00:00,4659,3547484,4721.000000000000000,3256310,366.000000000000000,267471.000000000000000,5025,3814955,5087,3523781,9746,7071161
213,7/14/2021 15:00:00,4616,3552100,5281.000000000000000,3261591,422.000000000000000,267893.000000000000000,5038,3819993,5703,3529484,10319,7081480
214,7/15/2021 15:00:00,4902,3557002,5016.000000000000000,3266607,359.000000000000000,268252.000000000000000,5261,3825254,5375,3534859,10277,7091757
215,7/16/2021 15:00:00,6274,3563276,5839.000000000000000,3272446,405.000000000000000,268657.000000000000000,6679,3831933,6244,3541103,12518,7104275
216,7/17/2021 15:00:00,3415,3566691,3548.000000000000000,3275994,303.000000000000000,268960.000000000000000,3718,3835651,3851,3544954,7266,7111541
217,7/18/2021 15:00:00,2310,3569001,2378.000000000000000,3278372,110.000000000000000,269070.000000000000000,2420,3838071,2488,3547442,4798,7116339
218,7/19/2021 15:00:00,5138,3574139,4609.000000000000000,3282981,382.000000000000000,269452.000000000000000,5520,3843591,4991,3552433,10129,7126468
219,7/20/2021 15:00:00,5332,3579471,4715.000000000000000,3287696,366.000000000000000,269818.000000000000000,5698,3849289,5081,3557514,10413,7136881
220,7/21/2021 15:00:00,5658,3585129,4940.000000000000000,3292636,416.000000000000000,270234.000000000000000,6074,3855363,5356,3562870,11014,7147895
221,7/22/2021 15:00:00,6023,3591152,4637.000000000000000,3297273,472.000000000000000,270706.000000000000000,6495,3861858,5109,3567979,11132,7159027
222,7/23/2021 15:00:00,6838,3597990,4845.000000000000000,3302118,497.000000000000000,271203.000000000000000,7335,3869193,5342,3573321,12180,7171207
223,7/24/2021 15:00:00,4281,3602271,3201.000000000000000,3305319,267.000000000000000,271470.000000000000000,4548,3873741,3468,3576789,7749,7178956
224,7/25/2021 15:00:00,3298,3605569,1113.000000000000000,3306432,140.000000000000000,271610.000000000000000,3438,3877179,1253,3578042,4551,7183507
225,7/26/2021 15:00:00,6213,3611782,3908.000000000000000,3310340,419.000000000000000,272029.000000000000000,6632,3883811,4327,3582369,10540,7194047
226,7/27/2021 15:00:00,6601,3618383,4278.000000000000000,3314618,457.000000000000000,272486.000000000000000,7058,3890869,4735,3587104,11336,7205383
227,7/28/2021 15:00:00,7076,3625459,4139.000000000000000,3318757,460.000000000000000,272946.000000000000000,7536,3898405,4599,3591703,11675,7217058
228,7/29/2021 15:00:00,7075,3632534,4302.000000000000000,3323059,419.000000000000000,273365.000000000000000,7494,3905899,4721,3596424,11796,7228854
229,7/30/2021 15:00:00,7815,3640349,4802.000000000000000,3327861,526.000000000000000,273891.000000000000000,8341,3914240,5328,3601752,13143,7241997
230,7/31/2021 15:00:00,4792,3645141,3074.000000000000000,3330935,273.000000000000000,274164.000000000000000,5065,3919305,3347,3605099,8139,7250136
231,8/1/2021 15:00:00,3885,3649026,2159.000000000000000,3333094,163.000000000000000,274327.000000000000000,4048,3923353,2322,3607421,6207,7256343
232,8/2/2021 15:00:00,7263,3656289,3839.000000000000000,3336933,340.000000000000000,274667.000000000000000,7603,3930956,4179,3611600,11442,7267785
233,8/3/2021 15:00:00,7263,3663552,4098.000000000000000,3341031,516.000000000000000,275183.000000000000000,7779,3938735,4614,3616214,11877,7279662
234,8/4/2021 15:00:00,7423,3670975,4117.000000000000000,3345148,535.000000000000000,275718.000000000000000,7958,3946693,4652,3620866,12075,7291737
235,8/5/2021 15:00:00,7941,3678916,4292.000000000000000,3349440,537.000000000000000,276255.000000000000000,8478,3955171,4829,3625695,12770,7304507
236,8/6/2021 15:00:00,8324,3687240,4728.000000000000000,3354168,454.000000000000000,276709.000000000000000,8778,3963949,5182,3630877,13506,7318013
237,8/7/2021 15:00:00,5294,3692534,2833.000000000000000,3357001,263.000000000000000,276972.000000000000000,5557,3969506,3096,3633973,8390,7326403
238,8/8/2021 15:00:00,3972,3696506,2062.000000000000000,3359063,143.000000000000000,277115.000000000000000,4115,3973621,2205,3636178,6177,7332580
239,8/9/2021 15:00:00,6948,3703454,4551.000000000000000,3363614,369.000000000000000,277484.000000000000000,7317,3980938,4920,3641098,11868,7344448
240,8/10/2021 15:00:00,7153,3710607,4476.000000000000000,3368090,339.000000000000000,277823.000000000000000,7492,3988430,4815,3645913,11968,7356416
241,8/11/2021 15:00:00,7071,3717678,4445.000000000000000,3372535,443.000000000000000,278266.000000000000000,7514,3995944,4888,3650801,11959,7368375
242,8/12/2021 15:00:00,8622,3726300,4752.000000000000000,3377287,445.000000000000000,278711.000000000000000,9067,4005011,5197,3655998,13819,7382194
243,8/13/2021 15:00:00,7142,3733442,5368.000000000000000,3382655,397.000000000000000,279108.000000000000000,7539,4012550,5765,3661763,12907,7395101
244,8/14/2021 15:00:00,4914,3738356,3342.000000000000000,3385997,285.000000000000000,279393.000000000000000,5199,4017749,3627,3665390,8541,7403642
245,8/15/2021 15:00:00,3328,3741684,2737.000000000000000,3388734,163.000000000000000,279556.000000000000000,3491,4021240,2900,3668290,6228,7409870
246,8/16/2021 15:00:00,5437,3747121,5092.000000000000000,3393826,354.000000000000000,279910.000000000000000,5791,4027031,5446,3673736,10883,7420753
247,8/17/2021 15:00:00,6812,3753933,5362.000000000000000,3399188,390.000000000000000,280300.000000000000000,7202,4034233,5752,3679488,12564,7433317
248,8/18/2021 15:00:00,6325,3760258,5500.000000000000000,3404688,481.000000000000000,280781.000000000000000,6806,4041039,5981,3685469,12306,7445623
249,8/19/2021 15:00:00,6211,3766469,5553.000000000000000,3410241,417.000000000000000,281198.000000000000000,6628,4047667,5970,3691439,12181,7457804
250,8/20/2021 15:00:00,6833,3773302,6545.000000000000000,3416786,401.000000000000000,281599.000000000000000,7234,4054901,6946,3698385,13779,7471583
251,8/21/2021 15:00:00,4325,3777627,3918.000000000000000,3420704,229.000000000000000,281828.000000000000000,4554,4059455,4147,3702532,8472,7480055
252,8/22/2021 15:00:00,3060,3780687,3172.000000000000000,3423876,110.000000000000000,281938.000000000000000,3170,4062625,3282,3705814,6342,7486397
253,8/23/2021 15:00:00,5986,3786673,6092.000000000000000,3429968,286.000000000000000,282224.000000000000000,6272,4068897,6378,3712192,12364,7498761
254,8/24/2021 15:00:00,6544,3793217,6060.000000000000000,3436028,425.000000000000000,282649.000000000000000,6969,4075866,6485,3718677,13029,7511790
255,8/25/2021 15:00:00,6714,3799931,6220.000000000000000,3442248,441.000000000000000,283090.000000000000000,7155,4083021,6661,3725338,13375,7525165
256,8/26/2021 15:00:00,6966,3806897,6647.000000000000000,3448895,428.000000000000000,283518.000000000000000,7394,4090415,7075,3732413,14041,7539206
257,8/27/2021 15:00:00,6821,3813718,7067.000000000000000,3455962,316.000000000000000,283834.000000000000000,7137,4097552,7383,3739796,14204,7553410
258,8/28/2021 15:00:00,6897,3820615,6517.000000000000000,3462479,324.000000000000000,284158.000000000000000,7221,4104773,6841,3746637,13738,7567148
259,8/29/2021 15:00:00,3734,3824349,3687.000000000000000,3466166,610.000000000000000,284768.000000000000000,4344,4109117,4297,3750934,8031,7575179
260,8/30/2021 15:00:00,5925,3830274,6119.000000000000000,3472285,960.000000000000000,285728.000000000000000,6885,4116002,7079,3758013,13004,7588183
261,8/31/2021 15:00:00,5892,3836166,6055.000000000000000,3478340,946.000000000000000,286674.000000000000000,6838,4122840,7001,3765014,12893,7601076
262,9/1/2021 15:00:00,5585,3841751,5657.000000000000000,3483997,915.000000000000000,287589.000000000000000,6500,4129340,6572,3771586,12157,7613233
263,9/2/2021 15:00:00,5527,3847278,5924.000000000000000,3489921,707.000000000000000,288296.000000000000000,6234,4135574,6631,3778217,12158,7625391
264,9/3/2021 15:00:00,5993,3853271,6926.000000000000000,3496847,973.000000000000000,289269.000000000000000,6966,4142540,7899,3786116,13892,7639283
265,9/4/2021 15:00:00,3727,3856998,4346.000000000000000,3501193,878.000000000000000,290147.000000000000000,4605,4147145,5224,3791340,8951,7648234
266,9/5/2021 15:00:00,2954,3859952,2807.000000000000000,3504000,106.000000000000000,290253.000000000000000,3060,4150205,2913,3794253,5867,7654101
267,9/6/2021 15:00:00,1059,3861011,1154.000000000000000,3505154,65.000000000000000,290318.000000000000000,1124,4151329,1219,3795472,2278,7656379
268,9/7/2021 15:00:00,5343,3866354,7299.000000000000000,3512453,2303.000000000000000,292621.000000000000000,7646,4158975,9602,3805074,14945,7671324
269,9/8/2021 15:00:00,4653,3871007,5469.000000000000000,3517922,364.000000000000000,292985.000000000000000,5017,4163992,5833,3810907,10486,7681810
270,9/9/2021 15:00:00,5016,3876023,5457.000000000000000,3523379,324.000000000000000,293309.000000000000000,5340,4169332,5781,3816688,10797,7692607
271,9/10/2021 15:00:00,6519,3882542,6650.000000000000000,3530029,1719.000000000000000,295028.000000000000000,8238,4177570,8369,3825057,14888,7707495
272,9/11/2021 15:00:00,4172,3886714,4333.000000000000000,3534362,666.000000000000000,295694.000000000000000,4838,4182408,4999,3830056,9171,7716666
273,9/12/2021 15:00:00,3171,3889885,3241.000000000000000,3537603,436.000000000000000,296130.000000000000000,3607,4186015,3677,3833733,6848,7723514
274,9/13/2021 15:00:00,4884,3894769,5066.000000000000000,3542669,346.000000000000000,296476.000000000000000,5230,4191245,5412,3839145,10296,7733810
275,9/14/2021 15:00:00,4773,3899542,5437.000000000000000,3548106,436.000000000000000,296912.000000000000000,5209,4196454,5873,3845018,10646,7744456
276,9/15/2021 15:00:00,5035,3904577,5870.000000000000000,3553976,389.000000000000000,297301.000000000000000,5424,4201878,6259,3851277,11294,7755750
277,9/16/2021 15:00:00,4806,3909383,5843.000000000000000,3559819,336.000000000000000,297637.000000000000000,5142,4207020,6179,3857456,10985,7766735
278,9/17/2021 15:00:00,5258,3914641,6582.000000000000000,3566401,344.000000000000000,297981.000000000000000,5602,4212622,6926,3864382,12184,7778919
279,9/18/2021 15:00:00,3800,3918441,4577.000000000000000,3570978,185.000000000000000,298166.000000000000000,3985,4216607,4762,3869144,8562,7787481
280,9/19/2021 15:00:00,2742,3921183,3167.000000000000000,3574145,75.000000000000000,298241.000000000000000,2817,4219424,3242,3872386,5984,7793465
281,9/20/2021 15:00:00,3749,3924932,4680.000000000000000,3578825,430.000000000000000,298671.000000000000000,4179,4223603,5110,3877496,8859,7802324
282,9/21/2021 15:00:00,4002,3928934,5000.000000000000000,3583825,327.000000000000000,298998.000000000000000,4329,4227932,5327,3882823,9329,7811653
283,9/22/2021 15:00:00,4195,3933129,4772.000000000000000,3588597,458.000000000000000,299456.000000000000000,4653,4232585,5230,3888053,9425,7821078
284,9/23/2021 15:00:00,4174,3937303,4731.000000000000000,3593328,492.000000000000000,299948.000000000000000,4666,4237251,5223,3893276,9397,7830475
285,9/24/2021 15:00:00,5076,3942379,5606.000000000000000,3598934,422.000000000000000,300370.000000000000000,5498,4242749,6028,3899304,11104,7841579
286,9/25/2021 15:00:00,3626,3946005,3633.000000000000000,3602567,384.000000000000000,300754.000000000000000,4010,4246759,4017,3903321,7643,7849222
287,9/26/2021 15:00:00,2355,3948360,2666.000000000000000,3605233,425.000000000000000,301179.000000000000000,2780,4249539,3091,3906412,5446,7854668
288,9/27/2021 15:00:00,4506,3952866,2711.000000000000000,3607944,511.000000000000000,301690.000000000000000,5017,4254556,3222,3909634,7728,7862396
289,9/28/2021 15:00:00,4398,3957264,4455.000000000000000,3612399,211.000000000000000,301901.000000000000000,4609,4259165,4666,3914300,9064,7871460
290,9/29/2021 15:00:00,4698,3961962,4511.000000000000000,3616910,920.000000000000000,302821.000000000000000,5618,4264783,5431,3919731,10129,7881589
291,9/30/2021 15:00:00,4889,3966851,4564.000000000000000,3621474,795.000000000000000,303616.000000000000000,5684,4270467,5359,3925090,10248,7891837
292,10/1/2021 15:00:00,5502,3972353,5337.000000000000000,3626811,784.000000000000000,304400.000000000000000,6286,4276753,6121,3931211,11623,7903460
293,10/2/2021 15:00:00,2936,3975289,2897.000000000000000,3629708,187.000000000000000,304587.000000000000000,3123,4279876,3084,3934295,6020,7909480
294,10/3/2021 15:00:00,2073,3977362,2378.000000000000000,3632086,86.000000000000000,304673.000000000000000,2159,4282035,2464,3936759,4537,7914017
295,10/4/2021 15:00:00,4019,3981381,3499.000000000000000,3635585,232.000000000000000,304905.000000000000000,4251,4286286,3731,3940490,7750,7921767
296,10/5/2021 15:00:00,3958,3985339,3661.000000000000000,3639246,207.000000000000000,305112.000000000000000,4165,4290451,3868,3944358,7826,7929593
297,10/6/2021 15:00:00,4023,3989362,3579.000000000000000,3642825,266.000000000000000,305378.000000000000000,4289,4294740,3845,3948203,7868,7937461
298,10/7/2021 15:00:00,4233,3993595,3626.000000000000000,3646451,331.000000000000000,305709.000000000000000,4564,4299304,3957,3952160,8190,7945651
299,10/8/2021 15:00:00,4771,3998366,4289.000000000000000,3650740,283.000000000000000,305992.000000000000000,5054,4304358,4572,3956732,9343,7954994
300,10/9/2021 15:00:00,2690,4001056,2681.000000000000000,3653421,270.000000000000000,306262.000000000000000,2960,4307318,2951,3959683,5641,7960635
301,10/10/2021 15:00:00,1865,4002921,1849.000000000000000,3655270,59.000000000000000,306321.000000000000000,1924,4309242,1908,3961591,3773,7964408
302,10/11/2021 15:00:00,4215,4007136,3337.000000000000000,3658607,249.000000000000000,306570.000000000000000,4464,4313706,3586,3965177,7801,7972209
303,10/12/2021 15:00:00,3589,4010725,3527.000000000000000,3662134,273.000000000000000,306843.000000000000000,3862,4317568,3800,3968977,7389,7979598
304,10/13/2021 15:00:00,3957,4014682,3458.000000000000000,3665592,346.000000000000000,307189.000000000000000,4303,4321871,3804,3972781,7761,7987359
305,10/14/2021 15:00:00,5164,4019846,5487.000000000000000,3671079,431.000000000000000,307620.000000000000000,5595,4327466,5918,3978699,11082,7998441
306,10/15/2021 15:00:00,4708,4024554,4595.000000000000000,3675674,347.000000000000000,307967.000000000000000,5055,4332521,4942,3983641,9650,8008091
307,10/16/2021 15:00:00,2495,4027049,2506.000000000000000,3678180,291.000000000000000,308258.000000000000000,2786,4335307,2797,3986438,5292,8013383
308,10/17/2021 15:00:00,1805,4028854,1776.000000000000000,3679956,55.000000000000000,308313.000000000000000,1860,4337167,1831,3988269,3636,8017019
309,10/18/2021 15:00:00,4282,4033136,3580.000000000000000,3683536,268.000000000000000,308581.000000000000000,4550,4341717,3848,3992117,8130,8025149
310,10/19/2021 15:00:00,4301,4037437,4031.000000000000000,3687567,222.000000000000000,308803.000000000000000,4523,4346240,4253,3996370,8554,8033703
311,10/20/2021 15:00:00,3526,4040963,3428.000000000000000,3690995,254.000000000000000,309057.000000000000000,3780,4350020,3682,4000052,7208,8040911
312,10/21/2021 15:00:00,3298,4044261,3270.000000000000000,3694265,291.000000000000000,309348.000000000000000,3589,4353609,3561,4003613,6859,8047770
313,10/22/2021 15:00:00,4682,4048943,4036.000000000000000,3698301,477.000000000000000,309825.000000000000000,5159,4358768,4513,4008126,9195,8056965
314,10/23/2021 15:00:00,2886,4051829,2115.000000000000000,3700416,321.000000000000000,310146.000000000000000,3207,4361975,2436,4010562,5322,8062287
315,10/24/2021 15:00:00,2055,4053884,1559.000000000000000,3701975,79.000000000000000,310225.000000000000000,2134,4364109,1638,4012200,3693,8065980
316,10/25/2021 15:00:00,4545,4058429,3080.000000000000000,3705055,319.000000000000000,310544.000000000000000,4864,4368973,3399,4015599,7944,8073924
317,10/26/2021 15:00:00,4505,4062934,3095.000000000000000,3708150,316.000000000000000,310860.000000000000000,4821,4373794,3411,4019010,7916,8081840
318,10/27/2021 15:00:00,4736,4067670,3345.000000000000000,3711495,436.000000000000000,311296.000000000000000,5172,4378966,3781,4022791,8517,8090357
319,10/28/2021 15:00:00,4558,4072228,3364.000000000000000,3714859,501.000000000000000,311797.000000000000000,5059,4384025,3865,4026656,8423,8098780
320,10/29/2021 15:00:00,4978,4077206,3921.000000000000000,3718780,393.000000000000000,312190.000000000000000,5371,4389396,4314,4030970,9292,8108072
321,10/30/2021 15:00:00,2633,4079839,1844.000000000000000,3720624,308.000000000000000,312498.000000000000000,2941,4392337,2152,4033122,4785,8112857
322,10/31/2021 15:00:00,1938,4081777,1522.000000000000000,3722146,93.000000000000000,312591.000000000000000,2031,4394368,1615,4034737,3553,8116410
323,11/1/2021 15:00:00,4706,4086483,3431.000000000000000,3725577,346.000000000000000,312937.000000000000000,5052,4399420,3777,4038514,8483,8124893
324,11/2/2021 15:00:00,4254,4090737,2951.000000000000000,3728528,408.000000000000000,313345.000000000000000,4662,4404082,3359,4041873,7613,8132506
325,11/3/2021 15:00:00,4665,4095402,3063.000000000000000,3731591,463.000000000000000,313808.000000000000000,5128,4409210,3526,4045399,8191,8140697
326,11/4/2021 15:00:00,6310,4101712,3363.000000000000000,3734954,513.000000000000000,314321.000000000000000,6823,4416033,3876,4049275,10186,8150883
327,11/5/2021 15:00:00,8231,4109943,3770.000000000000000,3738724,413.000000000000000,314734.000000000000000,8644,4424677,4183,4053458,12414,8163297
328,11/6/2021 15:00:00,10185,4120128,1980.000000000000000,3740704,308.000000000000000,315042.000000000000000,10493,4435170,2288,4055746,12473,8175770
329,11/7/2021 15:00:00,7728,4127856,1468.000000000000000,3742172,94.000000000000000,315136.000000000000000,7822,4442992,1562,4057308,9290,8185060
330,11/8/2021 15:00:00,11311,4139167,3047.000000000000000,3745219,379.000000000000000,315515.000000000000000,11690,4454682,3426,4060734,14737,8199797
331,11/9/2021 15:00:00,11763,4150930,2661.000000000000000,3747880,269.000000000000000,315784.000000000000000,12032,4466714,2930,4063664,14693,8214490
332,11/10/2021 15:00:00,12580,4163510,2763.000000000000000,3750643,338.000000000000000,316122.000000000000000,12918,4479632,3101,4066765,15681,8230171
333,11/11/2021 15:00:00,11367,4174877,2381.000000000000000,3753024,280.000000000000000,316402.000000000000000,11647,4491279,2661,4069426,14028,8244199
334,11/12/2021 15:00:00,12291,4187168,3359.000000000000000,3756383,547.000000000000000,316949.000000000000000,12838,4504117,3906,4073332,16197,8260396
335,11/13/2021 15:00:00,9883,4197051,1592.000000000000000,3757975,342.000000000000000,317291.000000000000000,10225,4514342,1934,4075266,11817,8272213
336,11/14/2021 15:00:00,3923,4200974,1131.000000000000000,3759106,121.000000000000000,317412.000000000000000,4044,4518386,1252,4076518,5175,8277388
337,11/15/2021 15:00:00,8622,4209596,2528.000000000000000,3761634,204.000000000000000,317616.000000000000000,8826,4527212,2732,4079250,11354,8288742
338,11/16/2021 15:00:00,9227,4218823,2498.000000000000000,3764132,255.000000000000000,317871.000000000000000,9482,4536694,2753,4082003,11980,8300722
339,11/17/2021 15:00:00,9398,4228221,2882.000000000000000,3767014,312.000000000000000,318183.000000000000000,9710,4546404,3194,4085197,12592,8313314
340,11/18/2021 15:00:00,9299,4237520,2633.000000000000000,3769647,481.000000000000000,318664.000000000000000,9780,4556184,3114,4088311,12413,8325727
341,11/19/2021 15:00:00,9798,4247318,2922.000000000000000,3772569,381.000000000000000,319045.000000000000000,10179,4566363,3303,4091614,13101,8338828
342,11/20/2021 15:00:00,10627,4257945,1608.000000000000000,3774177,455.000000000000000,319500.000000000000000,11082,4577445,2063,4093677,12690,8351518
343,11/21/2021 15:00:00,4345,4262290,1201.000000000000000,3775378,99.000000000000000,319599.000000000000000,4444,4581889,1300,4094977,5645,8357163
344,11/22/2021 15:00:00,9819,4272109,2492.000000000000000,3777870,293.000000000000000,319892.000000000000000,10112,4592001,2785,4097762,12604,8369767
345,11/23/2021 15:00:00,9170,4281279,2402.000000000000000,3780272,280.000000000000000,320172.000000000000000,9450,4601451,2682,4100444,11852,8381619
346,11/24/2021 15:00:00,8154,4289433,2446.000000000000000,3782718,216.000000000000000,320388.000000000000000,8370,4609821,2662,4103106,10816,8392435
347,11/25/2021 15:00:00,238,4289671,77.000000000000000,3782795,10.000000000000000,320398.000000000000000,248,4610069,87,4103193,325,8392760
348,11/26/2021 15:00:00,5654,4295325,3960.000000000000000,3786755,152.000000000000000,320550.000000000000000,5806,4615875,4112,4107305,9766,8402526
349,11/27/2021 15:00:00,3774,4299099,5469.000000000000000,3792224,134.000000000000000,320684.000000000000000,3908,4619783,5603,4112908,9377,8411903
350,11/28/2021 15:00:00,2413,4301512,6387.000000000000000,3798611,77.000000000000000,320761.000000000000000,2490,4622273,6464,4119372,8877,8420780
351,11/29/2021 15:00:00,6372,4307884,9284.000000000000000,3807895,379.000000000000000,321140.000000000000000,6751,4629024,9663,4129035,16035,8436815
352,11/30/2021 15:00:00,6247,4314131,9310.000000000000000,3817205,264.000000000000000,321404.000000000000000,6511,4635535,9574,4138609,15821,8452636
353,12/1/2021 15:00:00,7270,4321401,9669.000000000000000,3826874,307.000000000000000,321711.000000000000000,7577,4643112,9976,4148585,17246,8469882
354,12/2/2021 15:00:00,6916,4328317,8780.000000000000000,3835654,451.000000000000000,322162.000000000000000,7367,4650479,9231,4157816,16147,8486029
355,12/3/2021 15:00:00,7582,4335899,9252.000000000000000,3844906,250.000000000000000,322412.000000000000000,7832,4658311,9502,4167318,17084,8503113
356,12/4/2021 15:00:00,5951,4341850,10031.000000000000000,3854937,465.000000000000000,322877.000000000000000,6416,4664727,10496,4177814,16447,8519560
357,12/5/2021 15:00:00,3468,4345318,3287.000000000000000,3858224,78.000000000000000,322955.000000000000000,3546,4668273,3365,4181179,6833,8526393
358,12/6/2021 15:00:00,6754,4352072,7108.000000000000000,3865332,277.000000000000000,323232.000000000000000,7031,4675304,7385,4188564,14139,8540532
359,12/7/2021 15:00:00,6412,4358484,7020.000000000000000,3872352,249.000000000000000,323481.000000000000000,6661,4681965,7269,4195833,13681,8554213
360,12/8/2021 15:00:00,6930,4365414,7421.000000000000000,3879773,315.000000000000000,323796.000000000000000,7245,4689210,7736,4203569,14666,8568879
361,12/9/2021 15:00:00,6512,4371926,7002.000000000000000,3886775,398.000000000000000,324194.000000000000000,6910,4696120,7400,4210969,13912,8582791
362,12/10/2021 15:00:00,7254,4379180,7314.000000000000000,3894089,229.000000000000000,324423.000000000000000,7483,4703603,7543,4218512,14797,8597588
363,12/11/2021 15:00:00,4456,4383636,7663.000000000000000,3901752,333.000000000000000,324756.000000000000000,4789,4708392,7996,4226508,12452,8610040
364,12/12/2021 15:00:00,4002,4387638,2782.000000000000000,3904534,60.000000000000000,324816.000000000000000,4062,4712454,2842,4229350,6844,8616884
365,12/13/2021 15:00:00,5696,4393334,5760.000000000000000,3910294,243.000000000000000,325059.000000000000000,5939,4718393,6003,4235353,11699,8628583
366,12/14/2021 15:00:00,6450,4399784,5924.000000000000000,3916218,221.000000000000000,325280.000000000000000,6671,4725064,6145,4241498,12595,8641178
367,12/15/2021 15:00:00,7141,4406925,5684.000000000000000,3921902,252.000000000000000,325532.000000000000000,7393,4732457,5936,4247434,13077,8654255
368,12/16/2021 15:00:00,7849,4414774,2809.000000000000000,3924711,421.000000000000000,325953.000000000000000,8270,4740727,3230,4250664,11079,8665334
369,12/17/2021 15:00:00,7795,4422569,4153.000000000000000,3928864,195.000000000000000,326148.000000000000000,7990,4748717,4348,4255012,12143,8677477
370,12/18/2021 15:00:00,5824,4428393,3186.000000000000000,3932050,298.000000000000000,326446.000000000000000,6122,4754839,3484,4258496,9308,8686785
371,12/19/2021 15:00:00,3381,4431774,1342.000000000000000,3933392,36.000000000000000,326482.000000000000000,3417,4758256,1378,4259874,4759,8691544
372,12/20/2021 15:00:00,8062,4439836,3755.000000000000000,3937147,173.000000000000000,326655.000000000000000,8235,4766491,3928,4263802,11990,8703534
373,12/21/2021 15:00:00,8985,4448821,4149.000000000000000,3941296,173.000000000000000,326828.000000000000000,9158,4775649,4322,4268124,13307,8716841
374,12/22/2021 15:00:00,8686,4457507,3853.000000000000000,3945149,184.000000000000000,327012.000000000000000,8870,4784519,4037,4272161,12723,8729564
375,12/23/2021 15:00:00,8402,4465909,3554.000000000000000,3948703,359.000000000000000,327371.000000000000000,8761,4793280,3913,4276074,12315,8741879
376,12/24/2021 15:00:00,1632,4467541,1007.000000000000000,3949710,39.000000000000000,327410.000000000000000,1671,4794951,1046,4277120,2678,8744557
377,12/25/2021 15:00:00,50,4467591,36.000000000000000,3949746,1.000000000000000,327411.000000000000000,51,4795002,37,4277157,87,8744644
378,12/26/2021 15:00:00,2521,4470112,1747.000000000000000,3951493,44.000000000000000,327455.000000000000000,2565,4797567,1791,4278948,4312,8748956
379,12/27/2021 15:00:00,7186,4477298,3992.000000000000000,3955485,296.000000000000000,327751.000000000000000,7482,4805049,4288,4283236,11474,8760430
380,12/28/2021 15:00:00,7889,4485187,3838.000000000000000,3959323,175.000000000000000,327926.000000000000000,8064,4813113,4013,4287249,11902,8772332
381,12/29/2021 15:00:00,8182,4493369,4015.000000000000000,3963338,155.000000000000000,328081.000000000000000,8337,4821450,4170,4291419,12352,8784684
382,12/30/2021 15:00:00,7460,4500829,3766.000000000000000,3967104,288.000000000000000,328369.000000000000000,7748,4829198,4054,4295473,11514,8796198
383,12/31/2021 15:00:00,2563,4503392,1525.000000000000000,3968629,90.000000000000000,328459.000000000000000,2653,4831851,1615,4297088,4178,8800376
384,1/1/2022 15:00:00,737,4504129,346.000000000000000,3968975,33.000000000000000,328492.000000000000000,770,4832621,379,4297467,1116,8801492
385,1/2/2022 15:00:00,2210,4506339,1646.000000000000000,3970621,47.000000000000000,328539.000000000000000,2257,4834878,1693,4299160,3903,8805395
386,1/3/2022 15:00:00,3394,4509733,2065.000000000000000,3972686,221.000000000000000,328760.000000000000000,3615,4838493,2286,4301446,5680,8811075
387,1/4/2022 15:00:00,5830,4515563,3456.000000000000000,3976142,162.000000000000000,328922.000000000000000,5992,4844485,3618,4305064,9448,8820523
388,1/5/2022 15:00:00,6822,4522385,4688.000000000000000,3980830,175.000000000000000,329097.000000000000000,6997,4851482,4863,4309927,11685,8832208
389,1/6/2022 15:00:00,6745,4529130,4808.000000000000000,3985638,263.000000000000000,329360.000000000000000,7008,4858490,5071,4314998,11816,8844024
390,1/7/2022 15:00:00,5943,4535073,3746.000000000000000,3989384,159.000000000000000,329519.000000000000000,6102,4864592,3905,4318903,9848,8853872
391,1/8/2022 15:00:00,4800,4539873,3909.000000000000000,3993293,79.000000000000000,329598.000000000000000,4879,4869471,3988,4322891,8788,8862660
392,1/9/2022 15:00:00,2758,4542631,2014.000000000000000,3995307,154.000000000000000,329752.000000000000000,2912,4872383,2168,4325059,4926,8867586
393,1/10/2022 15:00:00,6304,4548935,3839.000000000000000,3999146,155.000000000000000,329907.000000000000000,6459,4878842,3994,4329053,10298,8877884
394,1/11/2022 15:00:00,6535,4555470,4233.000000000000000,4003379,141.000000000000000,330048.000000000000000,6676,4885518,4374,4333427,10909,8888793
395,1/12/2022 15:00:00,6787,4562257,4441.000000000000000,4007820,225.000000000000000,330273.000000000000000,7012,4892530,4666,4338093,11453,8900246
396,1/13/2022 15:00:00,6588,4568845,4373.000000000000000,4012193,150.000000000000000,330423.000000000000000,6738,4899268,4523,4342616,11111,8911357
397,1/14/2022 15:00:00,7173,4576018,3267.000000000000000,4015460,252.000000000000000,330675.000000000000000,7425,4906693,3519,4346135,10692,8922049
398,1/15/2022 15:00:00,4248,4580266,1682.000000000000000,4017142,70.000000000000000,330745.000000000000000,4318,4911011,1752,4347887,6000,8928049
399,1/16/2022 15:00:00,2217,4582483,1318.000000000000000,4018460,116.000000000000000,330861.000000000000000,2333,4913344,1434,4349321,3651,8931700
400,1/17/2022 15:00:00,3607,4586090,2368.000000000000000,4020828,74.000000000000000,330935.000000000000000,3681,4917025,2442,4351763,6049,8937749
401,1/18/2022 15:00:00,5267,4591357,4171.000000000000000,4024999,102.000000000000000,331037.000000000000000,5369,4922394,4273,4356036,9540,8947289
402,1/19/2022 15:00:00,5261,4596618,4451.000000000000000,4029450,99.000000000000000,331136.000000000000000,5360,4927754,4550,4360586,9811,8957100
403,1/20/2022 15:00:00,4488,4601106,3585.000000000000000,4033035,176.000000000000000,331312.000000000000000,4664,4932418,3761,4364347,8249,8965349
404,1/21/2022 15:00:00,5534,4606640,2913.000000000000000,4035948,124.000000000000000,331436.000000000000000,5658,4938076,3037,4367384,8571,8973920
405,1/22/2022 15:00:00,3399,4610039,1711.000000000000000,4037659,133.000000000000000,331569.000000000000000,3532,4941608,1844,4369228,5243,8979163
406,1/23/2022 15:00:00,2009,4612048,1482.000000000000000,4039141,30.000000000000000,331599.000000000000000,2039,4943647,1512,4370740,3521,8982684
407,1/24/2022 15:00:00,4111,4616159,2761.000000000000000,4041902,84.000000000000000,331683.000000000000000,4195,4947842,2845,4373585,6956,8989640
408,1/25/2022 15:00:00,3779,4619938,3284.000000000000000,4045186,92.000000000000000,331775.000000000000000,3871,4951713,3376,4376961,7155,8996795
409,1/26/2022 15:00:00,3802,4623740,3636.000000000000000,4048822,91.000000000000000,331866.000000000000000,3893,4955606,3727,4380688,7529,9004324
410,1/27/2022 15:00:00,3682,4627422,3810.000000000000000,4052632,184.000000000000000,332050.000000000000000,3866,4959472,3994,4384682,7676,9012000
411,1/28/2022 15:00:00,3646,4631068,3083.000000000000000,4055715,74.000000000000000,332124.000000000000000,3720,4963192,3157,4387839,6803,9018803
412,1/29/2022 15:00:00,2161,4633229,2143.000000000000000,4057858,116.000000000000000,332240.000000000000000,2277,4965469,2259,4390098,4420,9023223
413,1/30/2022 15:00:00,1432,4634661,1548.000000000000000,4059406,16.000000000000000,332256.000000000000000,1448,4966917,1564,4391662,2996,9026219
414,1/31/2022 15:00:00,2818,4637479,2973.000000000000000,4062379,53.000000000000000,332309.000000000000000,2871,4969788,3026,4394688,5844,9032063
415,2/1/2022 15:00:00,1334,4638813,1831.000000000000000,4064210,34.000000000000000,332343.000000000000000,1368,4971156,1865,4396553,3199,9035262