OBJECTID,VACCINATION_DATE,FirstDailyDose,FirstDoseCumulative,SecondDailyDose,SecondDoseCumulative,SingleDailyDose,SingleDoseCumulative,AtleastOneVaccine,AtleastOneVaccineCumulative,CompletedVax,CompletedVaxCumulative,FirstSecondSingleVaccination_12,FirstSecondSingleVaccination_13
1,12/14/2020 15:00:00,17,1013,,390,,,17,1013,0,390,17,1319
2,12/15/2020 15:00:00,53,1066,2.000000000000000,392,,,53,1066,2,392,55,1374
3,12/16/2020 15:00:00,577,1643,2.000000000000000,394,,,577,1643,2,394,579,1953
4,12/17/2020 15:00:00,1143,2786,2.000000000000000,396,,,1143,2786,2,396,1145,3098
5,12/18/2020 15:00:00,2989,5775,11.000000000000000,407,,,2989,5775,11,407,3000,6098
6,12/19/2020 15:00:00,919,6694,5.000000000000000,412,,,919,6694,5,412,924,7022
7,12/20/2020 15:00:00,336,7030,4.000000000000000,416,,,336,7030,4,416,340,7362
8,12/21/2020 15:00:00,3860,10890,21.000000000000000,437,,,3860,10890,21,437,3881,11243
9,12/22/2020 15:00:00,6296,17186,18.000000000000000,455,,,6296,17186,18,455,6314,17557
10,12/23/2020 15:00:00,5737,22923,29.000000000000000,484,,,5737,22923,29,484,5766,23323
11,12/24/2020 15:00:00,2717,25640,12.000000000000000,496,,,2717,25640,12,496,2729,26052
12,12/25/2020 15:00:00,1034,26674,3.000000000000000,499,,,1034,26674,3,499,1037,27089
13,12/26/2020 15:00:00,1871,28545,9.000000000000000,508,,,1871,28545,9,508,1880,28969
14,12/27/2020 15:00:00,1792,30337,10.000000000000000,518,,,1792,30337,10,518,1802,30771
15,12/28/2020 15:00:00,8956,39293,39.000000000000000,557,,,8956,39293,39,557,8995,39766
16,12/29/2020 15:00:00,10917,50210,43.000000000000000,600,,,10917,50210,43,600,10960,50726
17,12/30/2020 15:00:00,12457,62667,69.000000000000000,669,,,12457,62667,69,669,12526,63252
18,12/31/2020 15:00:00,7516,70183,35.000000000000000,704,,,7516,70183,35,704,7551,70803
19,1/1/2021 15:00:00,2630,72813,116.000000000000000,820,,,2630,72813,116,820,2746,73549
20,1/2/2021 15:00:00,2986,75799,34.000000000000000,854,,,2986,75799,34,854,3020,76569
21,1/3/2021 15:00:00,3370,79169,79.000000000000000,933,,,3370,79169,79,933,3449,80018
22,1/4/2021 15:00:00,13276,92445,318.000000000000000,1251,,,13276,92445,318,1251,13594,93612
23,1/5/2021 15:00:00,12406,104851,516.000000000000000,1767,,,12406,104851,516,1767,12922,106534
24,1/6/2021 15:00:00,15173,120024,841.000000000000000,2608,,,15173,120024,841,2608,16014,122548
25,1/7/2021 15:00:00,14951,134975,1735.000000000000000,4343,,,14951,134975,1735,4343,16686,139234
26,1/8/2021 15:00:00,23951,158926,2725.000000000000000,7068,,,23951,158926,2725,7068,26676,165910
27,1/9/2021 15:00:00,5133,164059,937.000000000000000,8005,,,5133,164059,937,8005,6070,171980
28,1/10/2021 15:00:00,2924,166983,369.000000000000000,8374,,,2924,166983,369,8374,3293,175273
29,1/11/2021 15:00:00,13677,180660,3433.000000000000000,11807,,,13677,180660,3433,11807,17110,192383
30,1/12/2021 15:00:00,17302,197962,5564.000000000000000,17371,,,17302,197962,5564,17371,22866,215249
31,1/13/2021 15:00:00,18503,216465,3861.000000000000000,21232,,,18503,216465,3861,21232,22364,237613
32,1/14/2021 15:00:00,17778,234243,1922.000000000000000,23154,,,17778,234243,1922,23154,19700,257313
33,1/15/2021 15:00:00,19377,253620,1973.000000000000000,25127,,,19377,253620,1973,25127,21350,278663
34,1/16/2021 15:00:00,5786,259406,1596.000000000000000,26723,,,5786,259406,1596,26723,7382,286045
35,1/17/2021 15:00:00,2102,261508,1468.000000000000000,28191,,,2102,261508,1468,28191,3570,289615
36,1/18/2021 15:00:00,7038,268546,3233.000000000000000,31424,,,7038,268546,3233,31424,10271,299886
37,1/19/2021 15:00:00,16873,285419,5322.000000000000000,36746,,,16873,285419,5322,36746,22195,322081
38,1/20/2021 15:00:00,20960,306379,5200.000000000000000,41946,,,20960,306379,5200,41946,26160,348241
39,1/21/2021 15:00:00,23648,330027,3728.000000000000000,45674,,,23648,330027,3728,45674,27376,375617
40,1/22/2021 15:00:00,28581,358608,3626.000000000000000,49300,,,28581,358608,3626,49300,32207,407824
41,1/23/2021 15:00:00,10061,368669,1884.000000000000000,51184,,,10061,368669,1884,51184,11945,419769
42,1/24/2021 15:00:00,3336,372005,1707.000000000000000,52891,,,3336,372005,1707,52891,5043,424812
43,1/25/2021 15:00:00,16253,388258,8527.000000000000000,61418,,,16253,388258,8527,61418,24780,449592
44,1/26/2021 15:00:00,17507,405765,8904.000000000000000,70322,,,17507,405765,8904,70322,26411,476003
45,1/27/2021 15:00:00,24352,430117,12410.000000000000000,82732,,,24352,430117,12410,82732,36762,512765
46,1/28/2021 15:00:00,22620,452737,9213.000000000000000,91945,,,22620,452737,9213,91945,31833,544598
47,1/29/2021 15:00:00,24718,477455,7761.000000000000000,99706,,,24718,477455,7761,99706,32479,577077
48,1/30/2021 15:00:00,17743,495198,2496.000000000000000,102202,,,17743,495198,2496,102202,20239,597316
49,1/31/2021 15:00:00,3745,498943,1313.000000000000000,103515,,,3745,498943,1313,103515,5058,602374
50,2/1/2021 15:00:00,7623,506566,5087.000000000000000,108602,,,7623,506566,5087,108602,12710,615084
51,2/2/2021 15:00:00,12409,518975,13683.000000000000000,122285,,,12409,518975,13683,122285,26092,641176
52,2/3/2021 15:00:00,18161,537136,18009.000000000000000,140294,,,18161,537136,18009,140294,36170,677346
53,2/4/2021 15:00:00,22028,559164,15681.000000000000000,155975,,,22028,559164,15681,155975,37709,715055
54,2/5/2021 15:00:00,20234,579398,17324.000000000000000,173299,,,20234,579398,17324,173299,37558,752613
55,2/6/2021 15:00:00,11255,590653,14419.000000000000000,187718,,,11255,590653,14419,187718,25674,778287
56,2/7/2021 15:00:00,5902,596555,1769.000000000000000,189487,,,5902,596555,1769,189487,7671,785958
57,2/8/2021 15:00:00,12914,609469,12859.000000000000000,202346,,,12914,609469,12859,202346,25773,811731
58,2/9/2021 15:00:00,16578,626047,13778.000000000000000,216124,,,16578,626047,13778,216124,30356,842087
59,2/10/2021 15:00:00,19218,645265,21138.000000000000000,237262,,,19218,645265,21138,237262,40356,882443
60,2/11/2021 15:00:00,22831,668096,17237.000000000000000,254499,,,22831,668096,17237,254499,40068,922511
61,2/12/2021 15:00:00,20324,688420,19537.000000000000000,274036,,,20324,688420,19537,274036,39861,962372
62,2/13/2021 15:00:00,11380,699800,6358.000000000000000,280394,,,11380,699800,6358,280394,17738,980110
63,2/14/2021 15:00:00,7089,706889,2091.000000000000000,282485,,,7089,706889,2091,282485,9180,989290
64,2/15/2021 15:00:00,11722,718611,13142.000000000000000,295627,,,11722,718611,13142,295627,24864,1014154
65,2/16/2021 15:00:00,16541,735152,20946.000000000000000,316573,,,16541,735152,20946,316573,37487,1051641
66,2/17/2021 15:00:00,20605,755757,26319.000000000000000,342892,,,20605,755757,26319,342892,46924,1098565
67,2/18/2021 15:00:00,3170,758927,4524.000000000000000,347416,,,3170,758927,4524,347416,7694,1106259
68,2/19/2021 15:00:00,10247,769174,19842.000000000000000,367258,,,10247,769174,19842,367258,30089,1136348
69,2/20/2021 15:00:00,10281,779455,20210.000000000000000,387468,,,10281,779455,20210,387468,30491,1166839
70,2/21/2021 15:00:00,6146,785601,7605.000000000000000,395073,,,6146,785601,7605,395073,13751,1180590
71,2/22/2021 15:00:00,7991,793592,15411.000000000000000,410484,,,7991,793592,15411,410484,23402,1203992
72,2/23/2021 15:00:00,15488,809080,15866.000000000000000,426350,,,15488,809080,15866,426350,31354,1235346
73,2/24/2021 15:00:00,17893,826973,24669.000000000000000,451019,,,17893,826973,24669,451019,42562,1277908
74,2/25/2021 15:00:00,20338,847311,26427.000000000000000,477446,,,20338,847311,26427,477446,46765,1324673
75,2/26/2021 15:00:00,26657,873968,26076.000000000000000,503522,,,26657,873968,26076,503522,52733,1377406
76,2/27/2021 15:00:00,15944,889912,11027.000000000000000,514549,,,15944,889912,11027,514549,26971,1404377
77,2/28/2021 15:00:00,15485,905397,4784.000000000000000,519333,,,15485,905397,4784,519333,20269,1424646
78,3/1/2021 15:00:00,26086,931483,12305.000000000000000,531638,,,26086,931483,12305,531638,38391,1463037
79,3/2/2021 15:00:00,23783,955266,13168.000000000000000,544806,31.000000000000000,31.000000000000000,23814,955297,13199,544837,36982,1500019
80,3/3/2021 15:00:00,30007,985273,18297.000000000000000,563103,179.000000000000000,210.000000000000000,30186,985483,18476,563313,48483,1548502
81,3/4/2021 15:00:00,30896,1016169,18091.000000000000000,581194,4063.000000000000000,4273.000000000000000,34959,1020442,22154,585467,53050,1601552
82,3/5/2021 15:00:00,29356,1045525,19356.000000000000000,600550,4911.000000000000000,9184.000000000000000,34267,1054709,24267,609734,53623,1655175
83,3/6/2021 15:00:00,17805,1063330,8914.000000000000000,609464,6003.000000000000000,15187.000000000000000,23808,1078517,14917,624651,32722,1687897
84,3/7/2021 15:00:00,12076,1075406,4789.000000000000000,614253,6611.000000000000000,21798.000000000000000,18687,1097204,11400,636051,23476,1711373
85,3/8/2021 15:00:00,25789,1101195,8761.000000000000000,623014,8280.000000000000000,30078.000000000000000,34069,1131273,17041,653092,42830,1754203
86,3/9/2021 15:00:00,26030,1127225,15347.000000000000000,638361,8341.000000000000000,38419.000000000000000,34371,1165644,23688,676780,49718,1803921
87,3/10/2021 15:00:00,29776,1157001,15886.000000000000000,654247,7937.000000000000000,46356.000000000000000,37713,1203357,23823,700603,53599,1857520
88,3/11/2021 15:00:00,35885,1192886,16362.000000000000000,670609,3979.000000000000000,50335.000000000000000,39864,1243221,20341,720944,56226,1913746
89,3/12/2021 15:00:00,36831,1229717,17978.000000000000000,688587,2924.000000000000000,53259.000000000000000,39755,1282976,20902,741846,57733,1971479
90,3/13/2021 15:00:00,22621,1252338,10225.000000000000000,698812,1603.000000000000000,54862.000000000000000,24224,1307200,11828,753674,34449,2005928
91,3/14/2021 15:00:00,17823,1270161,6664.000000000000000,705476,995.000000000000000,55857.000000000000000,18818,1326018,7659,761333,25482,2031410
92,3/15/2021 15:00:00,29717,1299878,11200.000000000000000,716676,592.000000000000000,56449.000000000000000,30309,1356327,11792,773125,41509,2072919
93,3/16/2021 15:00:00,33343,1333221,13487.000000000000000,730163,762.000000000000000,57211.000000000000000,34105,1390432,14249,787374,47592,2120511
94,3/17/2021 15:00:00,37491,1370712,16939.000000000000000,747102,1174.000000000000000,58385.000000000000000,38665,1429097,18113,805487,55604,2176115
95,3/18/2021 15:00:00,41330,1412042,12492.000000000000000,759594,1348.000000000000000,59733.000000000000000,42678,1471775,13840,819327,55170,2231285
96,3/19/2021 15:00:00,38229,1450271,15324.000000000000000,774918,1034.000000000000000,60767.000000000000000,39263,1511038,16358,835685,54587,2285872
97,3/20/2021 15:00:00,24621,1474892,10061.000000000000000,784979,692.000000000000000,61459.000000000000000,25313,1536351,10753,846438,35374,2321246
98,3/21/2021 15:00:00,19118,1494010,7806.000000000000000,792785,331.000000000000000,61790.000000000000000,19449,1555800,8137,854575,27255,2348501
99,3/22/2021 15:00:00,32497,1526507,11393.000000000000000,804178,833.000000000000000,62623.000000000000000,33330,1589130,12226,866801,44723,2393224
100,3/23/2021 15:00:00,37691,1564198,17245.000000000000000,821423,1551.000000000000000,64174.000000000000000,39242,1628372,18796,885597,56487,2449711
101,3/24/2021 15:00:00,40988,1605186,21085.000000000000000,842508,1376.000000000000000,65550.000000000000000,42364,1670736,22461,908058,63449,2513160
102,3/25/2021 15:00:00,42264,1647450,20913.000000000000000,863421,2455.000000000000000,68005.000000000000000,44719,1715455,23368,931426,65632,2578792
103,3/26/2021 15:00:00,36531,1683981,26189.000000000000000,889610,2499.000000000000000,70504.000000000000000,39030,1754485,28688,960114,65219,2644011
104,3/27/2021 15:00:00,26888,1710869,16719.000000000000000,906329,2482.000000000000000,72986.000000000000000,29370,1783855,19201,979315,46089,2690100
105,3/28/2021 15:00:00,16992,1727861,12587.000000000000000,918916,1614.000000000000000,74600.000000000000000,18606,1802461,14201,993516,31193,2721293
106,3/29/2021 15:00:00,29659,1757520,26166.000000000000000,945082,1139.000000000000000,75739.000000000000000,30798,1833259,27305,1020821,56964,2778257
107,3/30/2021 15:00:00,39960,1797480,28863.000000000000000,973945,1851.000000000000000,77590.000000000000000,41811,1875070,30714,1051535,70674,2848931
108,3/31/2021 15:00:00,40962,1838442,34529.000000000000000,1008474,5745.000000000000000,83335.000000000000000,46707,1921777,40274,1091809,81236,2930167
109,4/1/2021 15:00:00,40740,1879182,39654.000000000000000,1048128,5617.000000000000000,88952.000000000000000,46357,1968134,45271,1137080,86011,3016178
110,4/2/2021 15:00:00,34901,1914083,32430.000000000000000,1080558,6106.000000000000000,95058.000000000000000,41007,2009141,38536,1175616,73437,3089615
111,4/3/2021 15:00:00,21579,1935662,18646.000000000000000,1099204,4363.000000000000000,99421.000000000000000,25942,2035083,23009,1198625,44588,3134203
112,4/4/2021 15:00:00,8222,1943884,10154.000000000000000,1109358,961.000000000000000,100382.000000000000000,9183,2044266,11115,1209740,19337,3153540
113,4/5/2021 15:00:00,27830,1971714,28790.000000000000000,1138148,6645.000000000000000,107027.000000000000000,34475,2078741,35435,1245175,63265,3216805
114,4/6/2021 15:00:00,39687,2011401,30336.000000000000000,1168484,10480.000000000000000,117507.000000000000000,50167,2128908,40816,1285991,80503,3297308
115,4/7/2021 15:00:00,35975,2047376,34119.000000000000000,1202603,12958.000000000000000,130465.000000000000000,48933,2177841,47077,1333068,83052,3380360
116,4/8/2021 15:00:00,42221,2089597,35937.000000000000000,1238540,13843.000000000000000,144308.000000000000000,56064,2233905,49780,1382848,92001,3472361
117,4/9/2021 15:00:00,33952,2123549,36223.000000000000000,1274763,14517.000000000000000,158825.000000000000000,48469,2282374,50740,1433588,84692,3557053
118,4/10/2021 15:00:00,23418,2146967,23057.000000000000000,1297820,7615.000000000000000,166440.000000000000000,31033,2313407,30672,1464260,54090,3611143
119,4/11/2021 15:00:00,17538,2164505,13243.000000000000000,1311063,10118.000000000000000,176558.000000000000000,27656,2341063,23361,1487621,40899,3652042
120,4/12/2021 15:00:00,24531,2189036,33083.000000000000000,1344146,10884.000000000000000,187442.000000000000000,35415,2376478,43967,1531588,68498,3720540
121,4/13/2021 15:00:00,126724,2315760,90515.000000000000000,1434661,3292.000000000000000,190734.000000000000000,130016,2506494,93807,1625395,220531,3941071
122,4/14/2021 15:00:00,40656,2356416,37701.000000000000000,1472362,208.000000000000000,190942.000000000000000,40864,2547358,37909,1663304,78565,4019636
123,4/15/2021 15:00:00,41636,2398052,39081.000000000000000,1511443,172.000000000000000,191114.000000000000000,41808,2589166,39253,1702557,80889,4100525
124,4/16/2021 15:00:00,37165,2435217,38659.000000000000000,1550102,23.000000000000000,191137.000000000000000,37188,2626354,38682,1741239,75847,4176372
125,4/17/2021 15:00:00,32752,2467969,21951.000000000000000,1572053,12.000000000000000,191149.000000000000000,32764,2659118,21963,1763202,54715,4231087
126,4/18/2021 15:00:00,20051,2488020,16131.000000000000000,1588184,5.000000000000000,191154.000000000000000,20056,2679174,16136,1779338,36187,4267274
127,4/19/2021 15:00:00,29852,2517872,36428.000000000000000,1624612,61.000000000000000,191215.000000000000000,29913,2709087,36489,1815827,66341,4333615
128,4/20/2021 15:00:00,33065,2550937,44080.000000000000000,1668692,54.000000000000000,191269.000000000000000,33119,2742206,44134,1859961,77199,4410814
129,4/21/2021 15:00:00,39755,2590692,46831.000000000000000,1715523,21.000000000000000,191290.000000000000000,39776,2781982,46852,1906813,86607,4497421
130,4/22/2021 15:00:00,36355,2627047,41903.000000000000000,1757426,16.000000000000000,191306.000000000000000,36371,2818353,41919,1948732,78274,4575695
131,4/23/2021 15:00:00,33064,2660111,39911.000000000000000,1797337,13.000000000000000,191319.000000000000000,33077,2851430,39924,1988656,72988,4648683
132,4/24/2021 15:00:00,26377,2686488,27787.000000000000000,1825124,80.000000000000000,191399.000000000000000,26457,2877887,27867,2016523,54244,4702927
133,4/25/2021 15:00:00,20206,2706694,10904.000000000000000,1836028,30.000000000000000,191429.000000000000000,20236,2898123,10934,2027457,31140,4734067
134,4/26/2021 15:00:00,27382,2734076,32555.000000000000000,1868583,203.000000000000000,191632.000000000000000,27585,2925708,32758,2060215,60140,4794207
135,4/27/2021 15:00:00,26686,2760762,32890.000000000000000,1901473,1096.000000000000000,192728.000000000000000,27782,2953490,33986,2094201,60672,4854879
136,4/28/2021 15:00:00,28890,2789652,39373.000000000000000,1940846,1362.000000000000000,194090.000000000000000,30252,2983742,40735,2134936,69625,4924504
137,4/29/2021 15:00:00,27279,2816931,39300.000000000000000,1980146,1462.000000000000000,195552.000000000000000,28741,3012483,40762,2175698,68041,4992545
138,4/30/2021 15:00:00,28152,2845083,32034.000000000000000,2012180,1641.000000000000000,197193.000000000000000,29793,3042276,33675,2209373,61827,5054372
139,5/1/2021 15:00:00,20400,2865483,26285.000000000000000,2038465,1024.000000000000000,198217.000000000000000,21424,3063700,27309,2236682,47709,5102081
140,5/2/2021 15:00:00,10262,2875745,16980.000000000000000,2055445,818.000000000000000,199035.000000000000000,11080,3074780,17798,2254480,28060,5130141
141,5/3/2021 15:00:00,12709,2888454,28587.000000000000000,2084032,1908.000000000000000,200943.000000000000000,14617,3089397,30495,2284975,43204,5173345
142,5/4/2021 15:00:00,13502,2901956,38316.000000000000000,2122348,1731.000000000000000,202674.000000000000000,15233,3104630,40047,2325022,53549,5226894
143,5/5/2021 15:00:00,19305,2921261,37608.000000000000000,2159956,1918.000000000000000,204592.000000000000000,21223,3125853,39526,2364548,58831,5285725
144,5/6/2021 15:00:00,16909,2938170,40470.000000000000000,2200426,1715.000000000000000,206307.000000000000000,18624,3144477,42185,2406733,59094,5344819
145,5/7/2021 15:00:00,17366,2955536,35905.000000000000000,2236331,1955.000000000000000,208262.000000000000000,19321,3163798,37860,2444593,55226,5400045
146,5/8/2021 15:00:00,10769,2966305,31134.000000000000000,2267465,1291.000000000000000,209553.000000000000000,12060,3175858,32425,2477018,43194,5443239
147,5/9/2021 15:00:00,5045,2971350,11881.000000000000000,2279346,695.000000000000000,210248.000000000000000,5740,3181598,12576,2489594,17621,5460860
148,5/10/2021 15:00:00,8930,2980280,30945.000000000000000,2310291,1357.000000000000000,211605.000000000000000,10287,3191885,32302,2521896,41232,5502092
149,5/11/2021 15:00:00,12176,2992456,30179.000000000000000,2340470,1434.000000000000000,213039.000000000000000,13610,3205495,31613,2553509,43789,5545881
150,5/12/2021 15:00:00,13921,3006377,38495.000000000000000,2378965,1914.000000000000000,214953.000000000000000,15835,3221330,40409,2593918,54330,5600211
151,5/13/2021 15:00:00,21796,3028173,33363.000000000000000,2412328,1346.000000000000000,216299.000000000000000,23142,3244472,34709,2628627,56505,5656716
152,5/14/2021 15:00:00,24320,3052493,29920.000000000000000,2442248,1770.000000000000000,218069.000000000000000,26090,3270562,31690,2660317,56010,5712726
153,5/15/2021 15:00:00,21870,3074363,25032.000000000000000,2467280,1489.000000000000000,219558.000000000000000,23359,3293921,26521,2686838,48391,5761117
154,5/16/2021 15:00:00,9063,3083426,17517.000000000000000,2484797,1111.000000000000000,220669.000000000000000,10174,3304095,18628,2705466,27691,5788808
155,5/17/2021 15:00:00,16819,3100245,28275.000000000000000,2513072,1948.000000000000000,222617.000000000000000,18767,3322862,30223,2735689,47042,5835850
156,5/18/2021 15:00:00,21229,3121474,30613.000000000000000,2543685,1940.000000000000000,224557.000000000000000,23169,3346031,32553,2768242,53782,5889632
157,5/19/2021 15:00:00,27570,3149044,32317.000000000000000,2576002,1622.000000000000000,226179.000000000000000,29192,3375223,33939,2802181,61509,5951141
158,5/20/2021 15:00:00,20780,3169824,33147.000000000000000,2609149,1963.000000000000000,228142.000000000000000,22743,3397966,35110,2837291,55890,6007031
159,5/21/2021 15:00:00,19115,3188939,30171.000000000000000,2639320,1606.000000000000000,229748.000000000000000,20721,3418687,31777,2869068,50892,6057923
160,5/22/2021 15:00:00,16893,3205832,20615.000000000000000,2659935,1269.000000000000000,231017.000000000000000,18162,3436849,21884,2890952,38777,6096700
161,5/23/2021 15:00:00,8748,3214580,11413.000000000000000,2671348,963.000000000000000,231980.000000000000000,9711,3446560,12376,2903328,21124,6117824
162,5/24/2021 15:00:00,13561,3228141,17689.000000000000000,2689037,1476.000000000000000,233456.000000000000000,15037,3461597,19165,2922493,32726,6150550
163,5/25/2021 15:00:00,13007,3241148,18623.000000000000000,2707660,1327.000000000000000,234783.000000000000000,14334,3475931,19950,2942443,32957,6183507
164,5/26/2021 15:00:00,18262,3259410,19398.000000000000000,2727058,1505.000000000000000,236288.000000000000000,19767,3495698,20903,2963346,39165,6222672
165,5/27/2021 15:00:00,11678,3271088,18599.000000000000000,2745657,1115.000000000000000,237403.000000000000000,12793,3508491,19714,2983060,31392,6254064
166,5/28/2021 15:00:00,12511,3283599,19676.000000000000000,2765333,1395.000000000000000,238798.000000000000000,13906,3522397,21071,3004131,33582,6287646
167,5/29/2021 15:00:00,9547,3293146,11612.000000000000000,2776945,937.000000000000000,239735.000000000000000,10484,3532881,12549,3016680,22096,6309742
168,5/30/2021 15:00:00,4966,3298112,6407.000000000000000,2783352,597.000000000000000,240332.000000000000000,5563,3538444,7004,3023684,11970,6321712
169,5/31/2021 15:00:00,1773,3299885,3701.000000000000000,2787053,305.000000000000000,240637.000000000000000,2078,3540522,4006,3027690,5779,6327491
170,6/1/2021 15:00:00,9745,3309630,16239.000000000000000,2803292,1148.000000000000000,241785.000000000000000,10893,3551415,17387,3045077,27132,6354623
171,6/2/2021 15:00:00,10213,3319843,16757.000000000000000,2820049,958.000000000000000,242743.000000000000000,11171,3562586,17715,3062792,27928,6382551
172,6/3/2021 15:00:00,7896,3327739,21106.000000000000000,2841155,1085.000000000000000,243828.000000000000000,8981,3571567,22191,3084983,30087,6412638
173,6/4/2021 15:00:00,8215,3335954,22213.000000000000000,2863368,1121.000000000000000,244949.000000000000000,9336,3580903,23334,3108317,31549,6444187
174,6/5/2021 15:00:00,7007,3342961,19388.000000000000000,2882756,718.000000000000000,245667.000000000000000,7725,3588628,20106,3128423,27113,6471300
175,6/6/2021 15:00:00,3468,3346429,7189.000000000000000,2889945,421.000000000000000,246088.000000000000000,3889,3592517,7610,3136033,11078,6482378
176,6/7/2021 15:00:00,6847,3353276,15716.000000000000000,2905661,724.000000000000000,246812.000000000000000,7571,3600088,16440,3152473,23287,6505665
177,6/8/2021 15:00:00,6666,3359942,19648.000000000000000,2925309,817.000000000000000,247629.000000000000000,7483,3607571,20465,3172938,27131,6532796
178,6/9/2021 15:00:00,8193,3368135,23870.000000000000000,2949179,968.000000000000000,248597.000000000000000,9161,3616732,24838,3197776,33031,6565827
179,6/10/2021 15:00:00,7163,3375298,19050.000000000000000,2968229,894.000000000000000,249491.000000000000000,8057,3624789,19944,3217720,27107,6592934
180,6/11/2021 15:00:00,7442,3382740,17666.000000000000000,2985895,1124.000000000000000,250615.000000000000000,8566,3633355,18790,3236510,26232,6619166
181,6/12/2021 15:00:00,5236,3387976,14696.000000000000000,3000591,604.000000000000000,251219.000000000000000,5840,3639195,15300,3251810,20536,6639702
182,6/13/2021 15:00:00,1930,3389906,7546.000000000000000,3008137,425.000000000000000,251644.000000000000000,2355,3641550,7971,3259781,9901,6649603
183,6/14/2021 15:00:00,5653,3395559,11793.000000000000000,3019930,728.000000000000000,252372.000000000000000,6381,3647931,12521,3272302,18174,6667777
184,6/15/2021 15:00:00,5634,3401193,14274.000000000000000,3034204,869.000000000000000,253241.000000000000000,6503,3654434,15143,3287445,20777,6688554
185,6/16/2021 15:00:00,8746,3409939,21537.000000000000000,3055741,757.000000000000000,253998.000000000000000,9503,3663937,22294,3309739,31040,6719594
186,6/17/2021 15:00:00,6671,3416610,12330.000000000000000,3068071,718.000000000000000,254716.000000000000000,7389,3671326,13048,3322787,19719,6739313
187,6/18/2021 15:00:00,6847,3423457,12674.000000000000000,3080745,704.000000000000000,255420.000000000000000,7551,3678877,13378,3336165,20225,6759538
188,6/19/2021 15:00:00,4656,3428113,9351.000000000000000,3090096,614.000000000000000,256034.000000000000000,5270,3684147,9965,3346130,14621,6774159
189,6/20/2021 15:00:00,2501,3430614,5027.000000000000000,3095123,378.000000000000000,256412.000000000000000,2879,3687026,5405,3351535,7906,6782065
190,6/21/2021 15:00:00,5543,3436157,5315.000000000000000,3100438,636.000000000000000,257048.000000000000000,6179,3693205,5951,3357486,11494,6793559
191,6/22/2021 15:00:00,5187,3441344,8829.000000000000000,3109267,681.000000000000000,257729.000000000000000,5868,3699073,9510,3366996,14697,6808256
192,6/23/2021 15:00:00,6053,3447397,10289.000000000000000,3119556,641.000000000000000,258370.000000000000000,6694,3705767,10930,3377926,16983,6825239
193,6/24/2021 15:00:00,5921,3453318,8179.000000000000000,3127735,593.000000000000000,258963.000000000000000,6514,3712281,8772,3386698,14693,6839932
194,6/25/2021 15:00:00,5822,3459140,8618.000000000000000,3136353,620.000000000000000,259583.000000000000000,6442,3718723,9238,3395936,15060,6854992
195,6/26/2021 15:00:00,3698,3462838,6291.000000000000000,3142644,396.000000000000000,259979.000000000000000,4094,3722817,6687,3402623,10385,6865377
196,6/27/2021 15:00:00,2797,3465635,3524.000000000000000,3146168,182.000000000000000,260161.000000000000000,2979,3725796,3706,3406329,6503,6871880
197,6/28/2021 15:00:00,4725,3470360,6099.000000000000000,3152267,521.000000000000000,260682.000000000000000,5246,3731042,6620,3412949,11345,6883225
198,6/29/2021 15:00:00,5055,3475415,6466.000000000000000,3158733,517.000000000000000,261199.000000000000000,5572,3736614,6983,3419932,12038,6895263
199,6/30/2021 15:00:00,5596,3481011,7412.000000000000000,3166145,603.000000000000000,261802.000000000000000,6199,3742813,8015,3427947,13611,6908874
200,7/1/2021 15:00:00,5319,3486330,6948.000000000000000,3173093,489.000000000000000,262291.000000000000000,5808,3748621,7437,3435384,12756,6921630
201,7/2/2021 15:00:00,5282,3491612,6840.000000000000000,3179933,519.000000000000000,262810.000000000000000,5801,3754422,7359,3442743,12641,6934271
202,7/3/2021 15:00:00,3257,3494869,4065.000000000000000,3183998,260.000000000000000,263070.000000000000000,3517,3757939,4325,3447068,7582,6941853
203,7/4/2021 15:00:00,493,3495362,541.000000000000000,3184539,66.000000000000000,263136.000000000000000,559,3758498,607,3447675,1100,6942953
204,7/5/2021 15:00:00,3750,3499112,3963.000000000000000,3188502,282.000000000000000,263418.000000000000000,4032,3762530,4245,3451920,7995,6950948
205,7/6/2021 15:00:00,4473,3503585,6229.000000000000000,3194731,450.000000000000000,263868.000000000000000,4923,3767453,6679,3458599,11152,6962100
206,7/7/2021 15:00:00,4451,3508036,6378.000000000000000,3201109,483.000000000000000,264351.000000000000000,4934,3772387,6861,3465460,11312,6973412
207,7/8/2021 15:00:00,4826,3512862,6132.000000000000000,3207241,563.000000000000000,264914.000000000000000,5389,3777776,6695,3472155,11521,6984933
208,7/9/2021 15:00:00,5347,3518209,6619.000000000000000,3213860,572.000000000000000,265486.000000000000000,5919,3783695,7191,3479346,12538,6997471
209,7/10/2021 15:00:00,3518,3521727,4375.000000000000000,3218235,301.000000000000000,265787.000000000000000,3819,3787514,4676,3484022,8194,7005665
210,7/11/2021 15:00:00,2664,3524391,2552.000000000000000,3220787,222.000000000000000,266009.000000000000000,2886,3790400,2774,3486796,5438,7011103
211,7/12/2021 15:00:00,4404,3528795,5108.000000000000000,3225895,374.000000000000000,266383.000000000000000,4778,3795178,5482,3492278,9886,7020989
212,7/13/2021 15:00:00,4742,3533537,4593.000000000000000,3230488,364.000000000000000,266747.000000000000000,5106,3800284,4957,3497235,9699,7030688
213,7/14/2021 15:00:00,4599,3538136,5247.000000000000000,3235735,422.000000000000000,267169.000000000000000,5021,3805305,5669,3502904,10268,7040956
214,7/15/2021 15:00:00,4868,3543004,4979.000000000000000,3240714,356.000000000000000,267525.000000000000000,5224,3810529,5335,3508239,10203,7051159
215,7/16/2021 15:00:00,6267,3549271,5816.000000000000000,3246530,401.000000000000000,267926.000000000000000,6668,3817197,6217,3514456,12484,7063643
216,7/17/2021 15:00:00,3402,3552673,3549.000000000000000,3250079,299.000000000000000,268225.000000000000000,3701,3820898,3848,3518304,7250,7070893
217,7/18/2021 15:00:00,2299,3554972,2367.000000000000000,3252446,110.000000000000000,268335.000000000000000,2409,3823307,2477,3520781,4776,7075669
218,7/19/2021 15:00:00,5245,3560217,4466.000000000000000,3256912,376.000000000000000,268711.000000000000000,5621,3828928,4842,3525623,10087,7085756
219,7/20/2021 15:00:00,5324,3565541,4690.000000000000000,3261602,366.000000000000000,269077.000000000000000,5690,3834618,5056,3530679,10380,7096136
220,7/21/2021 15:00:00,5628,3571169,4937.000000000000000,3266539,415.000000000000000,269492.000000000000000,6043,3840661,5352,3536031,10980,7107116
221,7/22/2021 15:00:00,6003,3577172,4649.000000000000000,3271188,468.000000000000000,269960.000000000000000,6471,3847132,5117,3541148,11120,7118236
222,7/23/2021 15:00:00,6823,3583995,4873.000000000000000,3276061,489.000000000000000,270449.000000000000000,7312,3854444,5362,3546510,12185,7130421
223,7/24/2021 15:00:00,4274,3588269,3208.000000000000000,3279269,267.000000000000000,270716.000000000000000,4541,3858985,3475,3549985,7749,7138170
224,7/25/2021 15:00:00,3291,3591560,1122.000000000000000,3280391,138.000000000000000,270854.000000000000000,3429,3862414,1260,3551245,4551,7142721
225,7/26/2021 15:00:00,6196,3597756,3913.000000000000000,3284304,412.000000000000000,271266.000000000000000,6608,3869022,4325,3555570,10521,7153242
226,7/27/2021 15:00:00,6340,3604096,4072.000000000000000,3288376,453.000000000000000,271719.000000000000000,6793,3875815,4525,3560095,10865,7164107
227,7/28/2021 15:00:00,6793,3610889,4026.000000000000000,3292402,457.000000000000000,272176.000000000000000,7250,3883065,4483,3564578,11276,7175383
228,7/29/2021 15:00:00,6802,3617691,4167.000000000000000,3296569,413.000000000000000,272589.000000000000000,7215,3890280,4580,3569158,11382,7186765
229,7/30/2021 15:00:00,7516,3625207,4553.000000000000000,3301122,521.000000000000000,273110.000000000000000,8037,3898317,5074,3574232,12590,7199355
230,7/31/2021 15:00:00,4774,3629981,3054.000000000000000,3304176,272.000000000000000,273382.000000000000000,5046,3903363,3326,3577558,8100,7207455
231,8/1/2021 15:00:00,3787,3633768,2107.000000000000000,3306283,155.000000000000000,273537.000000000000000,3942,3907305,2262,3579820,6049,7213504
232,8/2/2021 15:00:00,7006,3640774,3659.000000000000000,3309942,335.000000000000000,273872.000000000000000,7341,3914646,3994,3583814,11000,7224504
233,8/3/2021 15:00:00,6984,3647758,3921.000000000000000,3313863,506.000000000000000,274378.000000000000000,7490,3922136,4427,3588241,11411,7235915
234,8/4/2021 15:00:00,7152,3654910,3910.000000000000000,3317773,528.000000000000000,274906.000000000000000,7680,3929816,4438,3592679,11590,7247505
235,8/5/2021 15:00:00,7654,3662564,4119.000000000000000,3321892,535.000000000000000,275441.000000000000000,8189,3938005,4654,3597333,12308,7259813
236,8/6/2021 15:00:00,8275,3670839,4724.000000000000000,3326616,449.000000000000000,275890.000000000000000,8724,3946729,5173,3602506,13448,7273261
237,8/7/2021 15:00:00,5241,3676080,2809.000000000000000,3329425,264.000000000000000,276154.000000000000000,5505,3952234,3073,3605579,8314,7281575
238,8/8/2021 15:00:00,3946,3680026,2049.000000000000000,3331474,141.000000000000000,276295.000000000000000,4087,3956321,2190,3607769,6136,7287711
239,8/9/2021 15:00:00,6908,3686934,4522.000000000000000,3335996,364.000000000000000,276659.000000000000000,7272,3963593,4886,3612655,11794,7299505
240,8/10/2021 15:00:00,7106,3694040,4463.000000000000000,3340459,337.000000000000000,276996.000000000000000,7443,3971036,4800,3617455,11906,7311411
241,8/11/2021 15:00:00,7025,3701065,4435.000000000000000,3344894,439.000000000000000,277435.000000000000000,7464,3978500,4874,3622329,11899,7323310
242,8/12/2021 15:00:00,8561,3709626,4716.000000000000000,3349610,440.000000000000000,277875.000000000000000,9001,3987501,5156,3627485,13717,7337027
243,8/13/2021 15:00:00,7108,3716734,5355.000000000000000,3354965,388.000000000000000,278263.000000000000000,7496,3994997,5743,3633228,12851,7349878
244,8/14/2021 15:00:00,4911,3721645,3348.000000000000000,3358313,285.000000000000000,278548.000000000000000,5196,4000193,3633,3636861,8544,7358422
245,8/15/2021 15:00:00,3316,3724961,2734.000000000000000,3361047,164.000000000000000,278712.000000000000000,3480,4003673,2898,3639759,6214,7364636
246,8/16/2021 15:00:00,5408,3730369,5078.000000000000000,3366125,348.000000000000000,279060.000000000000000,5756,4009429,5426,3645185,10834,7375470
247,8/17/2021 15:00:00,6937,3737306,5193.000000000000000,3371318,387.000000000000000,279447.000000000000000,7324,4016753,5580,3650765,12517,7387987
248,8/18/2021 15:00:00,6499,3743805,5301.000000000000000,3376619,472.000000000000000,279919.000000000000000,6971,4023724,5773,3656538,12272,7400259
249,8/19/2021 15:00:00,5970,3749775,5324.000000000000000,3381943,410.000000000000000,280329.000000000000000,6380,4030104,5734,3662272,11704,7411963
250,8/20/2021 15:00:00,7019,3756794,6320.000000000000000,3388263,401.000000000000000,280730.000000000000000,7420,4037524,6721,3668993,13740,7425703
251,8/21/2021 15:00:00,4310,3761104,3920.000000000000000,3392183,224.000000000000000,280954.000000000000000,4534,4042058,4144,3673137,8454,7434157
252,8/22/2021 15:00:00,3061,3764165,3166.000000000000000,3395349,109.000000000000000,281063.000000000000000,3170,4045228,3275,3676412,6336,7440493
253,8/23/2021 15:00:00,6149,3770314,5920.000000000000000,3401269,285.000000000000000,281348.000000000000000,6434,4051662,6205,3682617,12354,7452847
254,8/24/2021 15:00:00,6624,3776938,5879.000000000000000,3407148,423.000000000000000,281771.000000000000000,7047,4058709,6302,3688919,12926,7465773
255,8/25/2021 15:00:00,6883,3783821,6005.000000000000000,3413153,438.000000000000000,282209.000000000000000,7321,4066030,6443,3695362,13326,7479099
256,8/26/2021 15:00:00,7159,3790980,6412.000000000000000,3419565,427.000000000000000,282636.000000000000000,7586,4073616,6839,3702201,13998,7493097
257,8/27/2021 15:00:00,6853,3797833,7010.000000000000000,3426575,315.000000000000000,282951.000000000000000,7168,4080784,7325,3709526,14178,7507275
258,8/28/2021 15:00:00,6899,3804732,6478.000000000000000,3433053,326.000000000000000,283277.000000000000000,7225,4088009,6804,3716330,13703,7520978
259,8/29/2021 15:00:00,3743,3808475,3675.000000000000000,3436728,611.000000000000000,283888.000000000000000,4354,4092363,4286,3720616,8029,7529007
260,8/30/2021 15:00:00,5942,3814417,6093.000000000000000,3442821,959.000000000000000,284847.000000000000000,6901,4099264,7052,3727668,12994,7542001
261,8/31/2021 15:00:00,5687,3820104,5932.000000000000000,3448753,945.000000000000000,285792.000000000000000,6632,4105896,6877,3734545,12564,7554565
262,9/1/2021 15:00:00,5531,3825635,5580.000000000000000,3454333,905.000000000000000,286697.000000000000000,6436,4112332,6485,3741030,12016,7566581
263,9/2/2021 15:00:00,5527,3831162,5883.000000000000000,3460216,700.000000000000000,287397.000000000000000,6227,4118559,6583,3747613,12110,7578691
264,9/3/2021 15:00:00,5976,3837138,6879.000000000000000,3467095,971.000000000000000,288368.000000000000000,6947,4125506,7850,3755463,13826,7592517
265,9/4/2021 15:00:00,3712,3840850,4319.000000000000000,3471414,875.000000000000000,289243.000000000000000,4587,4130093,5194,3760657,8906,7601423
266,9/5/2021 15:00:00,2944,3843794,2800.000000000000000,3474214,104.000000000000000,289347.000000000000000,3048,4133141,2904,3763561,5848,7607271
267,9/6/2021 15:00:00,1049,3844843,1144.000000000000000,3475358,62.000000000000000,289409.000000000000000,1111,4134252,1206,3764767,2255,7609526
268,9/7/2021 15:00:00,5289,3850132,7247.000000000000000,3482605,2303.000000000000000,291712.000000000000000,7592,4141844,9550,3774317,14839,7624365
269,9/8/2021 15:00:00,4656,3854788,5445.000000000000000,3488050,365.000000000000000,292077.000000000000000,5021,4146865,5810,3780127,10466,7634831
270,9/9/2021 15:00:00,5060,3859848,5343.000000000000000,3493393,322.000000000000000,292399.000000000000000,5382,4152247,5665,3785792,10725,7645556
271,9/10/2021 15:00:00,6524,3866372,6589.000000000000000,3499982,1712.000000000000000,294111.000000000000000,8236,4160483,8301,3794093,14825,7660381
272,9/11/2021 15:00:00,4037,3870409,4327.000000000000000,3504309,663.000000000000000,294774.000000000000000,4700,4165183,4990,3799083,9027,7669408
273,9/12/2021 15:00:00,3064,3873473,3231.000000000000000,3507540,435.000000000000000,295209.000000000000000,3499,4168682,3666,3802749,6730,7676138
274,9/13/2021 15:00:00,4671,3878144,4844.000000000000000,3512384,345.000000000000000,295554.000000000000000,5016,4173698,5189,3807938,9860,7685998
275,9/14/2021 15:00:00,4571,3882715,5202.000000000000000,3517586,432.000000000000000,295986.000000000000000,5003,4178701,5634,3813572,10205,7696203
276,9/15/2021 15:00:00,4697,3887412,5603.000000000000000,3523189,387.000000000000000,296373.000000000000000,5084,4183785,5990,3819562,10687,7706890
277,9/16/2021 15:00:00,4584,3891996,5602.000000000000000,3528791,331.000000000000000,296704.000000000000000,4915,4188700,5933,3825495,10517,7717407
278,9/17/2021 15:00:00,5032,3897028,6334.000000000000000,3535125,341.000000000000000,297045.000000000000000,5373,4194073,6675,3832170,11707,7729114
279,9/18/2021 15:00:00,3769,3900797,4567.000000000000000,3539692,184.000000000000000,297229.000000000000000,3953,4198026,4751,3836921,8520,7737634
280,9/19/2021 15:00:00,2721,3903518,3162.000000000000000,3542854,75.000000000000000,297304.000000000000000,2796,4200822,3237,3840158,5958,7743592
281,9/20/2021 15:00:00,3532,3907050,4466.000000000000000,3547320,426.000000000000000,297730.000000000000000,3958,4204780,4892,3845050,8424,7752016
282,9/21/2021 15:00:00,3777,3910827,4809.000000000000000,3552129,325.000000000000000,298055.000000000000000,4102,4208882,5134,3850184,8911,7760927
283,9/22/2021 15:00:00,4182,3915009,4752.000000000000000,3556881,459.000000000000000,298514.000000000000000,4641,4213523,5211,3855395,9393,7770320
284,9/23/2021 15:00:00,4173,3919182,4694.000000000000000,3561575,489.000000000000000,299003.000000000000000,4662,4218185,5183,3860578,9356,7779676
285,9/24/2021 15:00:00,5062,3924244,5565.000000000000000,3567140,422.000000000000000,299425.000000000000000,5484,4223669,5987,3866565,11049,7790725
286,9/25/2021 15:00:00,3590,3927834,3628.000000000000000,3570768,384.000000000000000,299809.000000000000000,3974,4227643,4012,3870577,7602,7798327
287,9/26/2021 15:00:00,2351,3930185,2599.000000000000000,3573367,421.000000000000000,300230.000000000000000,2772,4230415,3020,3873597,5371,7803698
288,9/27/2021 15:00:00,4492,3934677,2697.000000000000000,3576064,506.000000000000000,300736.000000000000000,4998,4235413,3203,3876800,7695,7811393
289,9/28/2021 15:00:00,4388,3939065,4387.000000000000000,3580451,211.000000000000000,300947.000000000000000,4599,4240012,4598,3881398,8986,7820379
290,9/29/2021 15:00:00,4693,3943758,4488.000000000000000,3584939,918.000000000000000,301865.000000000000000,5611,4245623,5406,3886804,10099,7830478
291,9/30/2021 15:00:00,4870,3948628,4569.000000000000000,3589508,791.000000000000000,302656.000000000000000,5661,4251284,5360,3892164,10230,7840708
292,10/1/2021 15:00:00,5407,3954035,5282.000000000000000,3594790,779.000000000000000,303435.000000000000000,6186,4257470,6061,3898225,11468,7852176
293,10/2/2021 15:00:00,2934,3956969,2903.000000000000000,3597693,186.000000000000000,303621.000000000000000,3120,4260590,3089,3901314,6023,7858199
294,10/3/2021 15:00:00,2055,3959024,2188.000000000000000,3599881,87.000000000000000,303708.000000000000000,2142,4262732,2275,3903589,4330,7862529
295,10/4/2021 15:00:00,4138,3963162,3385.000000000000000,3603266,233.000000000000000,303941.000000000000000,4371,4267103,3618,3907207,7756,7870285
296,10/5/2021 15:00:00,4051,3967213,3583.000000000000000,3606849,204.000000000000000,304145.000000000000000,4255,4271358,3787,3910994,7838,7878123
297,10/6/2021 15:00:00,4114,3971327,3483.000000000000000,3610332,263.000000000000000,304408.000000000000000,4377,4275735,3746,3914740,7860,7885983
298,10/7/2021 15:00:00,4342,3975669,3502.000000000000000,3613834,326.000000000000000,304734.000000000000000,4668,4280403,3828,3918568,8170,7894153
299,10/8/2021 15:00:00,4909,3980578,4063.000000000000000,3617897,281.000000000000000,305015.000000000000000,5190,4285593,4344,3922912,9253,7903406
300,10/9/2021 15:00:00,2675,3983253,2673.000000000000000,3620570,270.000000000000000,305285.000000000000000,2945,4288538,2943,3925855,5618,7909024
301,10/10/2021 15:00:00,1864,3985117,1845.000000000000000,3622415,59.000000000000000,305344.000000000000000,1923,4290461,1904,3927759,3768,7912792
302,10/11/2021 15:00:00,4357,3989474,3192.000000000000000,3625607,246.000000000000000,305590.000000000000000,4603,4295064,3438,3931197,7795,7920587
303,10/12/2021 15:00:00,3708,3993182,3280.000000000000000,3628887,268.000000000000000,305858.000000000000000,3976,4299040,3548,3934745,7256,7927843
304,10/13/2021 15:00:00,3965,3997147,3455.000000000000000,3632342,343.000000000000000,306201.000000000000000,4308,4303348,3798,3938543,7763,7935606
305,10/14/2021 15:00:00,5138,4002285,5467.000000000000000,3637809,424.000000000000000,306625.000000000000000,5562,4308910,5891,3944434,11029,7946635
306,10/15/2021 15:00:00,4700,4006985,4569.000000000000000,3642378,344.000000000000000,306969.000000000000000,5044,4313954,4913,3949347,9613,7956248
307,10/16/2021 15:00:00,2487,4009472,2502.000000000000000,3644880,287.000000000000000,307256.000000000000000,2774,4316728,2789,3952136,5276,7961524
308,10/17/2021 15:00:00,1798,4011270,1785.000000000000000,3646665,52.000000000000000,307308.000000000000000,1850,4318578,1837,3953973,3635,7965159
309,10/18/2021 15:00:00,4282,4015552,3605.000000000000000,3650270,266.000000000000000,307574.000000000000000,4548,4323126,3871,3957844,8153,7973312
310,10/19/2021 15:00:00,4307,4019859,4061.000000000000000,3654331,221.000000000000000,307795.000000000000000,4528,4327654,4282,3962126,8589,7981901
311,10/20/2021 15:00:00,3506,4023365,3448.000000000000000,3657779,251.000000000000000,308046.000000000000000,3757,4331411,3699,3965825,7205,7989106
312,10/21/2021 15:00:00,3288,4026653,3338.000000000000000,3661117,290.000000000000000,308336.000000000000000,3578,4334989,3628,3969453,6916,7996022
313,10/22/2021 15:00:00,4686,4031339,5715.000000000000000,3666832,473.000000000000000,308809.000000000000000,5159,4340148,6188,3975641,10874,8006896
314,10/23/2021 15:00:00,2902,4034241,3393.000000000000000,3670225,321.000000000000000,309130.000000000000000,3223,4343371,3714,3979355,6616,8013512
315,10/24/2021 15:00:00,2035,4036276,2460.000000000000000,3672685,76.000000000000000,309206.000000000000000,2111,4345482,2536,3981891,4571,8018083
316,10/25/2021 15:00:00,4491,4040767,5823.000000000000000,3678508,314.000000000000000,309520.000000000000000,4805,4350287,6137,3988028,10628,8028711
317,10/26/2021 15:00:00,4480,4045247,5635.000000000000000,3684143,306.000000000000000,309826.000000000000000,4786,4355073,5941,3993969,10421,8039132
318,10/27/2021 15:00:00,4656,4049903,5834.000000000000000,3689977,421.000000000000000,310247.000000000000000,5077,4360150,6255,4000224,10911,8050043
319,10/28/2021 15:00:00,4505,4054408,5799.000000000000000,3695776,489.000000000000000,310736.000000000000000,4994,4365144,6288,4006512,10793,8060836
320,10/29/2021 15:00:00,4914,4059322,6389.000000000000000,3702165,386.000000000000000,311122.000000000000000,5300,4370444,6775,4013287,11689,8072525
321,10/30/2021 15:00:00,2602,4061924,3141.000000000000000,3705306,305.000000000000000,311427.000000000000000,2907,4373351,3446,4016733,6048,8078573
322,10/31/2021 15:00:00,1914,4063838,2255.000000000000000,3707561,93.000000000000000,311520.000000000000000,2007,4375358,2348,4019081,4262,8082835
323,11/1/2021 15:00:00,4506,4068344,5729.000000000000000,3713290,325.000000000000000,311845.000000000000000,4831,4380189,6054,4025135,10560,8093395
324,11/2/2021 15:00:00,4183,4072527,5210.000000000000000,3718500,392.000000000000000,312237.000000000000000,4575,4384764,5602,4030737,9785,8103180
325,11/3/2021 15:00:00,4490,4077017,5255.000000000000000,3723755,440.000000000000000,312677.000000000000000,4930,4389694,5695,4036432,10185,8113365
326,11/4/2021 15:00:00,5861,4082878,5362.000000000000000,3729117,500.000000000000000,313177.000000000000000,6361,4396055,5862,4042294,11723,8125088
327,11/5/2021 15:00:00,7489,4090367,5954.000000000000000,3735071,390.000000000000000,313567.000000000000000,7879,4403934,6344,4048638,13833,8138921
328,11/6/2021 15:00:00,9349,4099716,2970.000000000000000,3738041,290.000000000000000,313857.000000000000000,9639,4413573,3260,4051898,12609,8151530
329,11/7/2021 15:00:00,7052,4106768,1970.000000000000000,3740011,79.000000000000000,313936.000000000000000,7131,4420704,2049,4053947,9101,8160631
330,11/8/2021 15:00:00,10381,4117149,4371.000000000000000,3744382,322.000000000000000,314258.000000000000000,10703,4431407,4693,4058640,15074,8175705
331,11/9/2021 15:00:00,5523,4122672,1786.000000000000000,3746168,126.000000000000000,314384.000000000000000,5649,4437056,1912,4060552,7435,8183140