OBJECTID,VACCINATION_DATE,FirstDailyDose,FirstDoseCumulative,SecondDailyDose,SecondDoseCumulative,SingleDailyDose,SingleDoseCumulative,AtleastOneVaccine,AtleastOneVaccineCumulative,CompletedVax,CompletedVaxCumulative,FirstSecondSingleVaccination_12,FirstSecondSingleVaccination_13
1,12/14/2020 15:00:00,17,1067,,400,,,17,1067,0,400,17,1383
2,12/15/2020 15:00:00,54,1121,3.000000000000000,403,,,54,1121,3,403,57,1440
3,12/16/2020 15:00:00,578,1699,2.000000000000000,405,,,578,1699,2,405,580,2020
4,12/17/2020 15:00:00,1147,2846,2.000000000000000,407,,,1147,2846,2,407,1149,3169
5,12/18/2020 15:00:00,2996,5842,10.000000000000000,417,,,2996,5842,10,417,3006,6175
6,12/19/2020 15:00:00,920,6762,5.000000000000000,422,,,920,6762,5,422,925,7100
7,12/20/2020 15:00:00,341,7103,4.000000000000000,426,,,341,7103,4,426,345,7445
8,12/21/2020 15:00:00,3864,10967,23.000000000000000,449,,,3864,10967,23,449,3887,11332
9,12/22/2020 15:00:00,6295,17262,22.000000000000000,471,,,6295,17262,22,471,6317,17649
10,12/23/2020 15:00:00,5741,23003,33.000000000000000,504,,,5741,23003,33,504,5774,23423
11,12/24/2020 15:00:00,2718,25721,13.000000000000000,517,,,2718,25721,13,517,2731,26154
12,12/25/2020 15:00:00,1035,26756,3.000000000000000,520,,,1035,26756,3,520,1038,27192
13,12/26/2020 15:00:00,1873,28629,9.000000000000000,529,,,1873,28629,9,529,1882,29074
14,12/27/2020 15:00:00,1797,30426,10.000000000000000,539,,,1797,30426,10,539,1807,30881
15,12/28/2020 15:00:00,8961,39387,41.000000000000000,580,,,8961,39387,41,580,9002,39883
16,12/29/2020 15:00:00,10932,50319,44.000000000000000,624,,,10932,50319,44,624,10976,50859
17,12/30/2020 15:00:00,12470,62789,71.000000000000000,695,,,12470,62789,71,695,12541,63400
18,12/31/2020 15:00:00,7526,70315,39.000000000000000,734,,,7526,70315,39,734,7565,70965
19,1/1/2021 15:00:00,2738,73053,122.000000000000000,856,,,2738,73053,122,856,2860,73825
20,1/2/2021 15:00:00,3000,76053,34.000000000000000,890,,,3000,76053,34,890,3034,76859
21,1/3/2021 15:00:00,3383,79436,80.000000000000000,970,,,3383,79436,80,970,3463,80322
22,1/4/2021 15:00:00,13297,92733,319.000000000000000,1289,,,13297,92733,319,1289,13616,93938
23,1/5/2021 15:00:00,12424,105157,522.000000000000000,1811,,,12424,105157,522,1811,12946,106884
24,1/6/2021 15:00:00,15183,120340,845.000000000000000,2656,,,15183,120340,845,2656,16028,122912
25,1/7/2021 15:00:00,14963,135303,1742.000000000000000,4398,,,14963,135303,1742,4398,16705,139617
26,1/8/2021 15:00:00,23955,159258,2739.000000000000000,7137,,,23955,159258,2739,7137,26694,166311
27,1/9/2021 15:00:00,5142,164400,940.000000000000000,8077,,,5142,164400,940,8077,6082,172393
28,1/10/2021 15:00:00,2936,167336,371.000000000000000,8448,,,2936,167336,371,8448,3307,175700
29,1/11/2021 15:00:00,13685,181021,3439.000000000000000,11887,,,13685,181021,3439,11887,17124,192824
30,1/12/2021 15:00:00,17319,198340,5562.000000000000000,17449,,,17319,198340,5562,17449,22881,215705
31,1/13/2021 15:00:00,18535,216875,3873.000000000000000,21322,,,18535,216875,3873,21322,22408,238113
32,1/14/2021 15:00:00,17785,234660,1931.000000000000000,23253,,,17785,234660,1931,23253,19716,257829
33,1/15/2021 15:00:00,19388,254048,1987.000000000000000,25240,,,19388,254048,1987,25240,21375,279204
34,1/16/2021 15:00:00,5787,259835,1600.000000000000000,26840,,,5787,259835,1600,26840,7387,286591
35,1/17/2021 15:00:00,2106,261941,1472.000000000000000,28312,,,2106,261941,1472,28312,3578,290169
36,1/18/2021 15:00:00,7051,268992,3237.000000000000000,31549,,,7051,268992,3237,31549,10288,300457
37,1/19/2021 15:00:00,16887,285879,5371.000000000000000,36920,,,16887,285879,5371,36920,22258,322715
38,1/20/2021 15:00:00,20970,306849,5271.000000000000000,42191,,,20970,306849,5271,42191,26241,348956
39,1/21/2021 15:00:00,23725,330574,3778.000000000000000,45969,,,23725,330574,3778,45969,27503,376459
40,1/22/2021 15:00:00,28617,359191,3695.000000000000000,49664,,,28617,359191,3695,49664,32312,408771
41,1/23/2021 15:00:00,10080,369271,1917.000000000000000,51581,,,10080,369271,1917,51581,11997,420768
42,1/24/2021 15:00:00,3338,372609,1717.000000000000000,53298,,,3338,372609,1717,53298,5055,425823
43,1/25/2021 15:00:00,16275,388884,8559.000000000000000,61857,,,16275,388884,8559,61857,24834,450657
44,1/26/2021 15:00:00,17533,406417,8934.000000000000000,70791,,,17533,406417,8934,70791,26467,477124
45,1/27/2021 15:00:00,24414,430831,12492.000000000000000,83283,,,24414,430831,12492,83283,36906,514030
46,1/28/2021 15:00:00,22621,453452,9260.000000000000000,92543,,,22621,453452,9260,92543,31881,545911
47,1/29/2021 15:00:00,24729,478181,7855.000000000000000,100398,,,24729,478181,7855,100398,32584,578495
48,1/30/2021 15:00:00,17750,495931,2516.000000000000000,102914,,,17750,495931,2516,102914,20266,598761
49,1/31/2021 15:00:00,3746,499677,1329.000000000000000,104243,,,3746,499677,1329,104243,5075,603836
50,2/1/2021 15:00:00,7719,507396,5167.000000000000000,109410,,,7719,507396,5167,109410,12886,616722
51,2/2/2021 15:00:00,12424,519820,13756.000000000000000,123166,,,12424,519820,13756,123166,26180,642902
52,2/3/2021 15:00:00,18182,538002,18066.000000000000000,141232,,,18182,538002,18066,141232,36248,679150
53,2/4/2021 15:00:00,22042,560044,15699.000000000000000,156931,,,22042,560044,15699,156931,37741,716891
54,2/5/2021 15:00:00,20256,580300,17339.000000000000000,174270,,,20256,580300,17339,174270,37595,754486
55,2/6/2021 15:00:00,11269,591569,14430.000000000000000,188700,,,11269,591569,14430,188700,25699,780185
56,2/7/2021 15:00:00,5906,597475,1791.000000000000000,190491,,,5906,597475,1791,190491,7697,787882
57,2/8/2021 15:00:00,12927,610402,12875.000000000000000,203366,,,12927,610402,12875,203366,25802,813684
58,2/9/2021 15:00:00,16593,626995,13815.000000000000000,217181,,,16593,626995,13815,217181,30408,844092
59,2/10/2021 15:00:00,19221,646216,21168.000000000000000,238349,,,19221,646216,21168,238349,40389,884481
60,2/11/2021 15:00:00,22833,669049,17265.000000000000000,255614,,,22833,669049,17265,255614,40098,924579
61,2/12/2021 15:00:00,20330,689379,19562.000000000000000,275176,,,20330,689379,19562,275176,39892,964471
62,2/13/2021 15:00:00,11392,700771,6376.000000000000000,281552,,,11392,700771,6376,281552,17768,982239
63,2/14/2021 15:00:00,7094,707865,2104.000000000000000,283656,,,7094,707865,2104,283656,9198,991437
64,2/15/2021 15:00:00,11731,719596,13270.000000000000000,296926,,,11731,719596,13270,296926,25001,1016438
65,2/16/2021 15:00:00,16557,736153,20963.000000000000000,317889,,,16557,736153,20963,317889,37520,1053958
66,2/17/2021 15:00:00,20616,756769,26329.000000000000000,344218,,,20616,756769,26329,344218,46945,1100903
67,2/18/2021 15:00:00,3174,759943,4591.000000000000000,348809,,,3174,759943,4591,348809,7765,1108668
68,2/19/2021 15:00:00,10228,770171,19885.000000000000000,368694,,,10228,770171,19885,368694,30113,1138781
69,2/20/2021 15:00:00,10282,780453,20240.000000000000000,388934,,,10282,780453,20240,388934,30522,1169303
70,2/21/2021 15:00:00,6154,786607,7620.000000000000000,396554,,,6154,786607,7620,396554,13774,1183077
71,2/22/2021 15:00:00,7998,794605,15432.000000000000000,411986,,,7998,794605,15432,411986,23430,1206507
72,2/23/2021 15:00:00,15494,810099,15907.000000000000000,427893,,,15494,810099,15907,427893,31401,1237908
73,2/24/2021 15:00:00,17897,827996,24698.000000000000000,452591,,,17897,827996,24698,452591,42595,1280503
74,2/25/2021 15:00:00,20367,848363,26471.000000000000000,479062,,,20367,848363,26471,479062,46838,1327341
75,2/26/2021 15:00:00,26680,875043,26118.000000000000000,505180,,,26680,875043,26118,505180,52798,1380139
76,2/27/2021 15:00:00,15958,891001,11097.000000000000000,516277,,,15958,891001,11097,516277,27055,1407194
77,2/28/2021 15:00:00,15484,906485,4847.000000000000000,521124,,,15484,906485,4847,521124,20331,1427525
78,3/1/2021 15:00:00,26283,932768,12391.000000000000000,533515,,,26283,932768,12391,533515,38674,1466199
79,3/2/2021 15:00:00,23808,956576,13210.000000000000000,546725,32.000000000000000,32.000000000000000,23840,956608,13242,546757,37050,1503249
80,3/3/2021 15:00:00,30061,986637,18331.000000000000000,565056,180.000000000000000,212.000000000000000,30241,986849,18511,565268,48572,1551821
81,3/4/2021 15:00:00,30918,1017555,18117.000000000000000,583173,4065.000000000000000,4277.000000000000000,34983,1021832,22182,587450,53100,1604921
82,3/5/2021 15:00:00,29384,1046939,19398.000000000000000,602571,4911.000000000000000,9188.000000000000000,34295,1056127,24309,611759,53693,1658614
83,3/6/2021 15:00:00,17815,1064754,8938.000000000000000,611509,6002.000000000000000,15190.000000000000000,23817,1079944,14940,626699,32755,1691369
84,3/7/2021 15:00:00,12095,1076849,4820.000000000000000,616329,6610.000000000000000,21800.000000000000000,18705,1098649,11430,638129,23525,1714894
85,3/8/2021 15:00:00,25803,1102652,8776.000000000000000,625105,8276.000000000000000,30076.000000000000000,34079,1132728,17052,655181,42855,1757749
86,3/9/2021 15:00:00,26052,1128704,15385.000000000000000,640490,8344.000000000000000,38420.000000000000000,34396,1167124,23729,678910,49781,1807530
87,3/10/2021 15:00:00,29784,1158488,15913.000000000000000,656403,7933.000000000000000,46353.000000000000000,37717,1204841,23846,702756,53630,1861160
88,3/11/2021 15:00:00,35899,1194387,16377.000000000000000,672780,3981.000000000000000,50334.000000000000000,39880,1244721,20358,723114,56257,1917417
89,3/12/2021 15:00:00,36851,1231238,18003.000000000000000,690783,2920.000000000000000,53254.000000000000000,39771,1284492,20923,744037,57774,1975191
90,3/13/2021 15:00:00,22630,1253868,10238.000000000000000,701021,1606.000000000000000,54860.000000000000000,24236,1308728,11844,755881,34474,2009665
91,3/14/2021 15:00:00,17823,1271691,6673.000000000000000,707694,997.000000000000000,55857.000000000000000,18820,1327548,7670,763551,25493,2035158
92,3/15/2021 15:00:00,29737,1301428,11224.000000000000000,718918,593.000000000000000,56450.000000000000000,30330,1357878,11817,775368,41554,2076712
93,3/16/2021 15:00:00,33363,1334791,13508.000000000000000,732426,765.000000000000000,57215.000000000000000,34128,1392006,14273,789641,47636,2124348
94,3/17/2021 15:00:00,37507,1372298,16962.000000000000000,749388,1174.000000000000000,58389.000000000000000,38681,1430687,18136,807777,55643,2179991
95,3/18/2021 15:00:00,41349,1413647,12551.000000000000000,761939,1348.000000000000000,59737.000000000000000,42697,1473384,13899,821676,55248,2235239
96,3/19/2021 15:00:00,38245,1451892,15347.000000000000000,777286,1035.000000000000000,60772.000000000000000,39280,1512664,16382,838058,54627,2289866
97,3/20/2021 15:00:00,24635,1476527,10082.000000000000000,787368,694.000000000000000,61466.000000000000000,25329,1537993,10776,848834,35411,2325277
98,3/21/2021 15:00:00,19135,1495662,7819.000000000000000,795187,332.000000000000000,61798.000000000000000,19467,1557460,8151,856985,27286,2352563
99,3/22/2021 15:00:00,32510,1528172,11413.000000000000000,806600,834.000000000000000,62632.000000000000000,33344,1590804,12247,869232,44757,2397320
100,3/23/2021 15:00:00,37715,1565887,17269.000000000000000,823869,1552.000000000000000,64184.000000000000000,39267,1630071,18821,888053,56536,2453856
101,3/24/2021 15:00:00,41016,1606903,21113.000000000000000,844982,1379.000000000000000,65563.000000000000000,42395,1672466,22492,910545,63508,2517364
102,3/25/2021 15:00:00,42290,1649193,20950.000000000000000,865932,2456.000000000000000,68019.000000000000000,44746,1717212,23406,933951,65696,2583060
103,3/26/2021 15:00:00,36547,1685740,26210.000000000000000,892142,2500.000000000000000,70519.000000000000000,39047,1756259,28710,962661,65257,2648317
104,3/27/2021 15:00:00,26892,1712632,16737.000000000000000,908879,2481.000000000000000,73000.000000000000000,29373,1785632,19218,981879,46110,2694427
105,3/28/2021 15:00:00,16998,1729630,12594.000000000000000,921473,1614.000000000000000,74614.000000000000000,18612,1804244,14208,996087,31206,2725633
106,3/29/2021 15:00:00,29669,1759299,26178.000000000000000,947651,1138.000000000000000,75752.000000000000000,30807,1835051,27316,1023403,56985,2782618
107,3/30/2021 15:00:00,39980,1799279,28880.000000000000000,976531,1855.000000000000000,77607.000000000000000,41835,1876886,30735,1054138,70715,2853333
108,3/31/2021 15:00:00,40980,1840259,34551.000000000000000,1011082,5745.000000000000000,83352.000000000000000,46725,1923611,40296,1094434,81276,2934609
109,4/1/2021 15:00:00,40873,1881132,39736.000000000000000,1050818,5633.000000000000000,88985.000000000000000,46506,1970117,45369,1139803,86242,3020851
110,4/2/2021 15:00:00,34920,1916052,32447.000000000000000,1083265,6111.000000000000000,95096.000000000000000,41031,2011148,38558,1178361,73478,3094329
111,4/3/2021 15:00:00,21592,1937644,18639.000000000000000,1101904,4363.000000000000000,99459.000000000000000,25955,2037103,23002,1201363,44594,3138923
112,4/4/2021 15:00:00,8226,1945870,10156.000000000000000,1112060,961.000000000000000,100420.000000000000000,9187,2046290,11117,1212480,19343,3158266
113,4/5/2021 15:00:00,27853,1973723,28801.000000000000000,1140861,6645.000000000000000,107065.000000000000000,34498,2080788,35446,1247926,63299,3221565
114,4/6/2021 15:00:00,39695,2013418,30356.000000000000000,1171217,10485.000000000000000,117550.000000000000000,50180,2130968,40841,1288767,80536,3302101
115,4/7/2021 15:00:00,35986,2049404,34131.000000000000000,1205348,12964.000000000000000,130514.000000000000000,48950,2179918,47095,1335862,83081,3385182
116,4/8/2021 15:00:00,42239,2091643,35952.000000000000000,1241300,13846.000000000000000,144360.000000000000000,56085,2236003,49798,1385660,92037,3477219
117,4/9/2021 15:00:00,33971,2125614,36228.000000000000000,1277528,14517.000000000000000,158877.000000000000000,48488,2284491,50745,1436405,84716,3561935
118,4/10/2021 15:00:00,23414,2149028,23071.000000000000000,1300599,7617.000000000000000,166494.000000000000000,31031,2315522,30688,1467093,54102,3616037
119,4/11/2021 15:00:00,17545,2166573,13246.000000000000000,1313845,10120.000000000000000,176614.000000000000000,27665,2343187,23366,1490459,40911,3656948
120,4/12/2021 15:00:00,24546,2191119,33093.000000000000000,1346938,10888.000000000000000,187502.000000000000000,35434,2378621,43981,1534440,68527,3725475
121,4/13/2021 15:00:00,126734,2317853,90520.000000000000000,1437458,3292.000000000000000,190794.000000000000000,130026,2508647,93812,1628252,220546,3946021
122,4/14/2021 15:00:00,40658,2358511,37704.000000000000000,1475162,210.000000000000000,191004.000000000000000,40868,2549515,37914,1666166,78572,4024593
123,4/15/2021 15:00:00,41655,2400166,39086.000000000000000,1514248,173.000000000000000,191177.000000000000000,41828,2591343,39259,1705425,80914,4105507
124,4/16/2021 15:00:00,37167,2437333,38671.000000000000000,1552919,23.000000000000000,191200.000000000000000,37190,2628533,38694,1744119,75861,4181368
125,4/17/2021 15:00:00,32755,2470088,21945.000000000000000,1574864,12.000000000000000,191212.000000000000000,32767,2661300,21957,1766076,54712,4236080
126,4/18/2021 15:00:00,20054,2490142,16157.000000000000000,1591021,5.000000000000000,191217.000000000000000,20059,2681359,16162,1782238,36216,4272296
127,4/19/2021 15:00:00,29864,2520006,36447.000000000000000,1627468,61.000000000000000,191278.000000000000000,29925,2711284,36508,1818746,66372,4338668
128,4/20/2021 15:00:00,33068,2553074,44127.000000000000000,1671595,54.000000000000000,191332.000000000000000,33122,2744406,44181,1862927,77249,4415917
129,4/21/2021 15:00:00,39767,2592841,46861.000000000000000,1718456,22.000000000000000,191354.000000000000000,39789,2784195,46883,1909810,86650,4502567
130,4/22/2021 15:00:00,36363,2629204,41921.000000000000000,1760377,16.000000000000000,191370.000000000000000,36379,2820574,41937,1951747,78300,4580867
131,4/23/2021 15:00:00,33068,2662272,39948.000000000000000,1800325,13.000000000000000,191383.000000000000000,33081,2853655,39961,1991708,73029,4653896
132,4/24/2021 15:00:00,26383,2688655,27798.000000000000000,1828123,80.000000000000000,191463.000000000000000,26463,2880118,27878,2019586,54261,4708157
133,4/25/2021 15:00:00,20211,2708866,10910.000000000000000,1839033,30.000000000000000,191493.000000000000000,20241,2900359,10940,2030526,31151,4739308
134,4/26/2021 15:00:00,27395,2736261,32577.000000000000000,1871610,202.000000000000000,191695.000000000000000,27597,2927956,32779,2063305,60174,4799482
135,4/27/2021 15:00:00,26688,2762949,32918.000000000000000,1904528,1096.000000000000000,192791.000000000000000,27784,2955740,34014,2097319,60702,4860184
136,4/28/2021 15:00:00,28904,2791853,39394.000000000000000,1943922,1362.000000000000000,194153.000000000000000,30266,2986006,40756,2138075,69660,4929844
137,4/29/2021 15:00:00,27287,2819140,39335.000000000000000,1983257,1462.000000000000000,195615.000000000000000,28749,3014755,40797,2178872,68084,4997928
138,4/30/2021 15:00:00,28159,2847299,32091.000000000000000,2015348,1644.000000000000000,197259.000000000000000,29803,3044558,33735,2212607,61894,5059822
139,5/1/2021 15:00:00,20443,2867742,26378.000000000000000,2041726,1027.000000000000000,198286.000000000000000,21470,3066028,27405,2240012,47848,5107670
140,5/2/2021 15:00:00,10269,2878011,16998.000000000000000,2058724,818.000000000000000,199104.000000000000000,11087,3077115,17816,2257828,28085,5135755
141,5/3/2021 15:00:00,12723,2890734,28377.000000000000000,2087101,1909.000000000000000,201013.000000000000000,14632,3091747,30286,2288114,43009,5178764
142,5/4/2021 15:00:00,13520,2904254,38372.000000000000000,2125473,1732.000000000000000,202745.000000000000000,15252,3106999,40104,2328218,53624,5232388
143,5/5/2021 15:00:00,19316,2923570,37625.000000000000000,2163098,1920.000000000000000,204665.000000000000000,21236,3128235,39545,2367763,58861,5291249
144,5/6/2021 15:00:00,16920,2940490,40486.000000000000000,2203584,1715.000000000000000,206380.000000000000000,18635,3146870,42201,2409964,59121,5350370
145,5/7/2021 15:00:00,17385,2957875,35954.000000000000000,2239538,1954.000000000000000,208334.000000000000000,19339,3166209,37908,2447872,55293,5405663
146,5/8/2021 15:00:00,10782,2968657,31149.000000000000000,2270687,1291.000000000000000,209625.000000000000000,12073,3178282,32440,2480312,43222,5448885
147,5/9/2021 15:00:00,5051,2973708,11889.000000000000000,2282576,695.000000000000000,210320.000000000000000,5746,3184028,12584,2492896,17635,5466520
148,5/10/2021 15:00:00,8944,2982652,30962.000000000000000,2313538,1356.000000000000000,211676.000000000000000,10300,3194328,32318,2525214,41262,5507782
149,5/11/2021 15:00:00,12189,2994841,30203.000000000000000,2343741,1435.000000000000000,213111.000000000000000,13624,3207952,31638,2556852,43827,5551609
150,5/12/2021 15:00:00,13944,3008785,38514.000000000000000,2382255,1914.000000000000000,215025.000000000000000,15858,3223810,40428,2597280,54372,5605981
151,5/13/2021 15:00:00,21827,3030612,33382.000000000000000,2415637,1346.000000000000000,216371.000000000000000,23173,3246983,34728,2632008,56555,5662536
152,5/14/2021 15:00:00,24322,3054934,29926.000000000000000,2445563,1769.000000000000000,218140.000000000000000,26091,3273074,31695,2663703,56017,5718553
153,5/15/2021 15:00:00,21877,3076811,25026.000000000000000,2470589,1489.000000000000000,219629.000000000000000,23366,3296440,26515,2690218,48392,5766945
154,5/16/2021 15:00:00,9074,3085885,17523.000000000000000,2488112,1113.000000000000000,220742.000000000000000,10187,3306627,18636,2708854,27710,5794655
155,5/17/2021 15:00:00,16825,3102710,28284.000000000000000,2516396,1949.000000000000000,222691.000000000000000,18774,3325401,30233,2739087,47058,5841713
156,5/18/2021 15:00:00,21237,3123947,30610.000000000000000,2547006,1942.000000000000000,224633.000000000000000,23179,3348580,32552,2771639,53789,5895502
157,5/19/2021 15:00:00,27574,3151521,32330.000000000000000,2579336,1624.000000000000000,226257.000000000000000,29198,3377778,33954,2805593,61528,5957030
158,5/20/2021 15:00:00,20777,3172298,33147.000000000000000,2612483,1963.000000000000000,228220.000000000000000,22740,3400518,35110,2840703,55887,6012917
159,5/21/2021 15:00:00,19134,3191432,30199.000000000000000,2642682,1607.000000000000000,229827.000000000000000,20741,3421259,31806,2872509,50940,6063857
160,5/22/2021 15:00:00,16901,3208333,20625.000000000000000,2663307,1269.000000000000000,231096.000000000000000,18170,3439429,21894,2894403,38795,6102652
161,5/23/2021 15:00:00,8749,3217082,11418.000000000000000,2674725,964.000000000000000,232060.000000000000000,9713,3449142,12382,2906785,21131,6123783
162,5/24/2021 15:00:00,13560,3230642,17705.000000000000000,2692430,1476.000000000000000,233536.000000000000000,15036,3464178,19181,2925966,32741,6156524
163,5/25/2021 15:00:00,13006,3243648,18617.000000000000000,2711047,1328.000000000000000,234864.000000000000000,14334,3478512,19945,2945911,32951,6189475
164,5/26/2021 15:00:00,18261,3261909,19406.000000000000000,2730453,1509.000000000000000,236373.000000000000000,19770,3498282,20915,2966826,39176,6228651
165,5/27/2021 15:00:00,11677,3273586,18607.000000000000000,2749060,1115.000000000000000,237488.000000000000000,12792,3511074,19722,2986548,31399,6260050
166,5/28/2021 15:00:00,12505,3286091,19693.000000000000000,2768753,1397.000000000000000,238885.000000000000000,13902,3524976,21090,3007638,33595,6293645
167,5/29/2021 15:00:00,9548,3295639,11615.000000000000000,2780368,934.000000000000000,239819.000000000000000,10482,3535458,12549,3020187,22097,6315742
168,5/30/2021 15:00:00,4966,3300605,6411.000000000000000,2786779,597.000000000000000,240416.000000000000000,5563,3541021,7008,3027195,11974,6327716
169,5/31/2021 15:00:00,1775,3302380,3701.000000000000000,2790480,305.000000000000000,240721.000000000000000,2080,3543101,4006,3031201,5781,6333497
170,6/1/2021 15:00:00,9768,3312148,16268.000000000000000,2806748,1150.000000000000000,241871.000000000000000,10918,3554019,17418,3048619,27186,6360683
171,6/2/2021 15:00:00,10221,3322369,16763.000000000000000,2823511,958.000000000000000,242829.000000000000000,11179,3565198,17721,3066340,27942,6388625
172,6/3/2021 15:00:00,7890,3330259,21129.000000000000000,2844640,1085.000000000000000,243914.000000000000000,8975,3574173,22214,3088554,30104,6418729
173,6/4/2021 15:00:00,8215,3338474,22220.000000000000000,2866860,1121.000000000000000,245035.000000000000000,9336,3583509,23341,3111895,31556,6450285
174,6/5/2021 15:00:00,7008,3345482,19398.000000000000000,2886258,718.000000000000000,245753.000000000000000,7726,3591235,20116,3132011,27124,6477409
175,6/6/2021 15:00:00,3463,3348945,7208.000000000000000,2893466,422.000000000000000,246175.000000000000000,3885,3595120,7630,3139641,11093,6488502
176,6/7/2021 15:00:00,6848,3355793,15719.000000000000000,2909185,725.000000000000000,246900.000000000000000,7573,3602693,16444,3156085,23292,6511794
177,6/8/2021 15:00:00,6672,3362465,19646.000000000000000,2928831,818.000000000000000,247718.000000000000000,7490,3610183,20464,3176549,27136,6538930
178,6/9/2021 15:00:00,8198,3370663,23881.000000000000000,2952712,968.000000000000000,248686.000000000000000,9166,3619349,24849,3201398,33047,6571977
179,6/10/2021 15:00:00,7158,3377821,19062.000000000000000,2971774,894.000000000000000,249580.000000000000000,8052,3627401,19956,3221354,27114,6599091
180,6/11/2021 15:00:00,7462,3385283,17679.000000000000000,2989453,1125.000000000000000,250705.000000000000000,8587,3635988,18804,3240158,26266,6625357
181,6/12/2021 15:00:00,5232,3390515,14709.000000000000000,3004162,604.000000000000000,251309.000000000000000,5836,3641824,15313,3255471,20545,6645902
182,6/13/2021 15:00:00,1932,3392447,7550.000000000000000,3011712,425.000000000000000,251734.000000000000000,2357,3644181,7975,3263446,9907,6655809
183,6/14/2021 15:00:00,5654,3398101,11797.000000000000000,3023509,728.000000000000000,252462.000000000000000,6382,3650563,12525,3275971,18179,6673988
184,6/15/2021 15:00:00,5642,3403743,14278.000000000000000,3037787,870.000000000000000,253332.000000000000000,6512,3657075,15148,3291119,20790,6694778
185,6/16/2021 15:00:00,8753,3412496,21531.000000000000000,3059318,757.000000000000000,254089.000000000000000,9510,3666585,22288,3313407,31041,6725819
186,6/17/2021 15:00:00,6676,3419172,12325.000000000000000,3071643,717.000000000000000,254806.000000000000000,7393,3673978,13042,3326449,19718,6745537
187,6/18/2021 15:00:00,6831,3426003,12689.000000000000000,3084332,703.000000000000000,255509.000000000000000,7534,3681512,13392,3339841,20223,6765760
188,6/19/2021 15:00:00,4658,3430661,9347.000000000000000,3093679,614.000000000000000,256123.000000000000000,5272,3686784,9961,3349802,14619,6780379
189,6/20/2021 15:00:00,2500,3433161,5033.000000000000000,3098712,378.000000000000000,256501.000000000000000,2878,3689662,5411,3355213,7911,6788290
190,6/21/2021 15:00:00,5546,3438707,5312.000000000000000,3104024,636.000000000000000,257137.000000000000000,6182,3695844,5948,3361161,11494,6799784
191,6/22/2021 15:00:00,5188,3443895,8835.000000000000000,3112859,681.000000000000000,257818.000000000000000,5869,3701713,9516,3370677,14704,6814488
192,6/23/2021 15:00:00,6058,3449953,10285.000000000000000,3123144,643.000000000000000,258461.000000000000000,6701,3708414,10928,3381605,16986,6831474
193,6/24/2021 15:00:00,5925,3455878,8173.000000000000000,3131317,593.000000000000000,259054.000000000000000,6518,3714932,8766,3390371,14691,6846165
194,6/25/2021 15:00:00,5824,3461702,8609.000000000000000,3139926,620.000000000000000,259674.000000000000000,6444,3721376,9229,3399600,15053,6861218
195,6/26/2021 15:00:00,3702,3465404,6284.000000000000000,3146210,396.000000000000000,260070.000000000000000,4098,3725474,6680,3406280,10382,6871600
196,6/27/2021 15:00:00,2803,3468207,3510.000000000000000,3149720,184.000000000000000,260254.000000000000000,2987,3728461,3694,3409974,6497,6878097
197,6/28/2021 15:00:00,4728,3472935,6080.000000000000000,3155800,521.000000000000000,260775.000000000000000,5249,3733710,6601,3416575,11329,6889426
198,6/29/2021 15:00:00,5058,3477993,6431.000000000000000,3162231,517.000000000000000,261292.000000000000000,5575,3739285,6948,3423523,12006,6901432
199,6/30/2021 15:00:00,5599,3483592,7356.000000000000000,3169587,602.000000000000000,261894.000000000000000,6201,3745486,7958,3431481,13557,6914989
200,7/1/2021 15:00:00,5331,3488923,6906.000000000000000,3176493,491.000000000000000,262385.000000000000000,5822,3751308,7397,3438878,12728,6927717
201,7/2/2021 15:00:00,5282,3494205,6799.000000000000000,3183292,519.000000000000000,262904.000000000000000,5801,3757109,7318,3446196,12600,6940317
202,7/3/2021 15:00:00,3258,3497463,4046.000000000000000,3187338,260.000000000000000,263164.000000000000000,3518,3760627,4306,3450502,7564,6947881
203,7/4/2021 15:00:00,493,3497956,542.000000000000000,3187880,66.000000000000000,263230.000000000000000,559,3761186,608,3451110,1101,6948982
204,7/5/2021 15:00:00,3750,3501706,3941.000000000000000,3191821,282.000000000000000,263512.000000000000000,4032,3765218,4223,3455333,7973,6956955
205,7/6/2021 15:00:00,4479,3506185,6220.000000000000000,3198041,450.000000000000000,263962.000000000000000,4929,3770147,6670,3462003,11149,6968104
206,7/7/2021 15:00:00,4454,3510639,6372.000000000000000,3204413,482.000000000000000,264444.000000000000000,4936,3775083,6854,3468857,11308,6979412
207,7/8/2021 15:00:00,4827,3515466,6123.000000000000000,3210536,563.000000000000000,265007.000000000000000,5390,3780473,6686,3475543,11513,6990925
208,7/9/2021 15:00:00,5341,3520807,6620.000000000000000,3217156,571.000000000000000,265578.000000000000000,5912,3786385,7191,3482734,12532,7003457
209,7/10/2021 15:00:00,3519,3524326,4375.000000000000000,3221531,301.000000000000000,265879.000000000000000,3820,3790205,4676,3487410,8195,7011652
210,7/11/2021 15:00:00,2668,3526994,2554.000000000000000,3224085,222.000000000000000,266101.000000000000000,2890,3793095,2776,3490186,5444,7017096
211,7/12/2021 15:00:00,4411,3531405,5086.000000000000000,3229171,377.000000000000000,266478.000000000000000,4788,3797883,5463,3495649,9874,7026970
212,7/13/2021 15:00:00,4744,3536149,4581.000000000000000,3233752,365.000000000000000,266843.000000000000000,5109,3802992,4946,3500595,9690,7036660
213,7/14/2021 15:00:00,4601,3540750,5243.000000000000000,3238995,422.000000000000000,267265.000000000000000,5023,3808015,5665,3506260,10266,7046926
214,7/15/2021 15:00:00,4872,3545622,4970.000000000000000,3243965,356.000000000000000,267621.000000000000000,5228,3813243,5326,3511586,10198,7057124
215,7/16/2021 15:00:00,6271,3551893,5802.000000000000000,3249767,401.000000000000000,268022.000000000000000,6672,3819915,6203,3517789,12474,7069598
216,7/17/2021 15:00:00,3403,3555296,3537.000000000000000,3253304,300.000000000000000,268322.000000000000000,3703,3823618,3837,3521626,7240,7076838
217,7/18/2021 15:00:00,2302,3557598,2363.000000000000000,3255667,110.000000000000000,268432.000000000000000,2412,3826030,2473,3524099,4775,7081613
218,7/19/2021 15:00:00,5245,3562843,4460.000000000000000,3260127,377.000000000000000,268809.000000000000000,5622,3831652,4837,3528936,10082,7091695
219,7/20/2021 15:00:00,5328,3568171,4680.000000000000000,3264807,366.000000000000000,269175.000000000000000,5694,3837346,5046,3533982,10374,7102069
220,7/21/2021 15:00:00,5627,3573798,4899.000000000000000,3269706,415.000000000000000,269590.000000000000000,6042,3843388,5314,3539296,10941,7113010
221,7/22/2021 15:00:00,6011,3579809,4594.000000000000000,3274300,469.000000000000000,270059.000000000000000,6480,3849868,5063,3544359,11074,7124084
222,7/23/2021 15:00:00,6824,3586633,4809.000000000000000,3279109,489.000000000000000,270548.000000000000000,7313,3857181,5298,3549657,12122,7136206
223,7/24/2021 15:00:00,4276,3590909,3188.000000000000000,3282297,267.000000000000000,270815.000000000000000,4543,3861724,3455,3553112,7731,7143937
224,7/25/2021 15:00:00,3288,3594197,1108.000000000000000,3283405,138.000000000000000,270953.000000000000000,3426,3865150,1246,3554358,4534,7148471
225,7/26/2021 15:00:00,6196,3600393,3876.000000000000000,3287281,414.000000000000000,271367.000000000000000,6610,3871760,4290,3558648,10486,7158957
226,7/27/2021 15:00:00,6340,3606733,4039.000000000000000,3291320,453.000000000000000,271820.000000000000000,6793,3878553,4492,3563140,10832,7169789
227,7/28/2021 15:00:00,6798,3613531,3992.000000000000000,3295312,458.000000000000000,272278.000000000000000,7256,3885809,4450,3567590,11248,7181037
228,7/29/2021 15:00:00,6804,3620335,4127.000000000000000,3299439,416.000000000000000,272694.000000000000000,7220,3893029,4543,3572133,11347,7192384
229,7/30/2021 15:00:00,7523,3627858,4498.000000000000000,3303937,521.000000000000000,273215.000000000000000,8044,3901073,5019,3577152,12542,7204926
230,7/31/2021 15:00:00,4776,3632634,3033.000000000000000,3306970,272.000000000000000,273487.000000000000000,5048,3906121,3305,3580457,8081,7213007
231,8/1/2021 15:00:00,3807,3636441,2101.000000000000000,3309071,158.000000000000000,273645.000000000000000,3965,3910086,2259,3582716,6066,7219073
232,8/2/2021 15:00:00,7013,3643454,3627.000000000000000,3312698,335.000000000000000,273980.000000000000000,7348,3917434,3962,3586678,10975,7230048
233,8/3/2021 15:00:00,6995,3650449,3888.000000000000000,3316586,510.000000000000000,274490.000000000000000,7505,3924939,4398,3591076,11393,7241441
234,8/4/2021 15:00:00,7156,3657605,3885.000000000000000,3320471,528.000000000000000,275018.000000000000000,7684,3932623,4413,3595489,11569,7253010
235,8/5/2021 15:00:00,7665,3665270,4102.000000000000000,3324573,535.000000000000000,275553.000000000000000,8200,3940823,4637,3600126,12302,7265312
236,8/6/2021 15:00:00,8282,3673552,4677.000000000000000,3329250,451.000000000000000,276004.000000000000000,8733,3949556,5128,3605254,13410,7278722
237,8/7/2021 15:00:00,5246,3678798,2792.000000000000000,3332042,264.000000000000000,276268.000000000000000,5510,3955066,3056,3608310,8302,7287024
238,8/8/2021 15:00:00,3946,3682744,2037.000000000000000,3334079,141.000000000000000,276409.000000000000000,4087,3959153,2178,3610488,6124,7293148
239,8/9/2021 15:00:00,6911,3689655,4497.000000000000000,3338576,364.000000000000000,276773.000000000000000,7275,3966428,4861,3615349,11772,7304920
240,8/10/2021 15:00:00,7115,3696770,4428.000000000000000,3343004,336.000000000000000,277109.000000000000000,7451,3973879,4764,3620113,11879,7316799
241,8/11/2021 15:00:00,7027,3703797,4416.000000000000000,3347420,438.000000000000000,277547.000000000000000,7465,3981344,4854,3624967,11881,7328680
242,8/12/2021 15:00:00,8569,3712366,4709.000000000000000,3352129,441.000000000000000,277988.000000000000000,9010,3990354,5150,3630117,13719,7342399
243,8/13/2021 15:00:00,7110,3719476,5328.000000000000000,3357457,392.000000000000000,278380.000000000000000,7502,3997856,5720,3635837,12830,7355229
244,8/14/2021 15:00:00,4913,3724389,3329.000000000000000,3360786,285.000000000000000,278665.000000000000000,5198,4003054,3614,3639451,8527,7363756
245,8/15/2021 15:00:00,3318,3727707,2722.000000000000000,3363508,163.000000000000000,278828.000000000000000,3481,4006535,2885,3642336,6203,7369959
246,8/16/2021 15:00:00,5419,3733126,5066.000000000000000,3368574,349.000000000000000,279177.000000000000000,5768,4012303,5415,3647751,10834,7380793
247,8/17/2021 15:00:00,6946,3740072,5166.000000000000000,3373740,387.000000000000000,279564.000000000000000,7333,4019636,5553,3653304,12499,7393292
248,8/18/2021 15:00:00,6503,3746575,5278.000000000000000,3379018,476.000000000000000,280040.000000000000000,6979,4026615,5754,3659058,12257,7405549
249,8/19/2021 15:00:00,5975,3752550,5305.000000000000000,3384323,415.000000000000000,280455.000000000000000,6390,4033005,5720,3664778,11695,7417244
250,8/20/2021 15:00:00,7028,3759578,6304.000000000000000,3390627,402.000000000000000,280857.000000000000000,7430,4040435,6706,3671484,13734,7430978
251,8/21/2021 15:00:00,4311,3763889,3901.000000000000000,3394528,225.000000000000000,281082.000000000000000,4536,4044971,4126,3675610,8437,7439415
252,8/22/2021 15:00:00,3061,3766950,3153.000000000000000,3397681,109.000000000000000,281191.000000000000000,3170,4048141,3262,3678872,6323,7445738
253,8/23/2021 15:00:00,6155,3773105,5905.000000000000000,3403586,285.000000000000000,281476.000000000000000,6440,4054581,6190,3685062,12345,7458083
254,8/24/2021 15:00:00,6633,3779738,5857.000000000000000,3409443,424.000000000000000,281900.000000000000000,7057,4061638,6281,3691343,12914,7470997
255,8/25/2021 15:00:00,6889,3786627,5992.000000000000000,3415435,438.000000000000000,282338.000000000000000,7327,4068965,6430,3697773,13319,7484316
256,8/26/2021 15:00:00,7167,3793794,6408.000000000000000,3421843,428.000000000000000,282766.000000000000000,7595,4076560,6836,3704609,14003,7498319
257,8/27/2021 15:00:00,6854,3800648,7004.000000000000000,3428847,316.000000000000000,283082.000000000000000,7170,4083730,7320,3711929,14174,7512493
258,8/28/2021 15:00:00,6899,3807547,6478.000000000000000,3435325,326.000000000000000,283408.000000000000000,7225,4090955,6804,3718733,13703,7526196
259,8/29/2021 15:00:00,3737,3811284,3673.000000000000000,3438998,611.000000000000000,284019.000000000000000,4348,4095303,4284,3723017,8021,7534217
260,8/30/2021 15:00:00,5942,3817226,6076.000000000000000,3445074,959.000000000000000,284978.000000000000000,6901,4102204,7035,3730052,12977,7547194
261,8/31/2021 15:00:00,5688,3822914,5907.000000000000000,3450981,945.000000000000000,285923.000000000000000,6633,4108837,6852,3736904,12540,7559734
262,9/1/2021 15:00:00,5543,3828457,5560.000000000000000,3456541,906.000000000000000,286829.000000000000000,6449,4115286,6466,3743370,12009,7571743
263,9/2/2021 15:00:00,5524,3833981,5882.000000000000000,3462423,702.000000000000000,287531.000000000000000,6226,4121512,6584,3749954,12108,7583851
264,9/3/2021 15:00:00,5987,3839968,6873.000000000000000,3469296,971.000000000000000,288502.000000000000000,6958,4128470,7844,3757798,13831,7597682
265,9/4/2021 15:00:00,3712,3843680,4315.000000000000000,3473611,876.000000000000000,289378.000000000000000,4588,4133058,5191,3762989,8903,7606585
266,9/5/2021 15:00:00,2947,3846627,2789.000000000000000,3476400,105.000000000000000,289483.000000000000000,3052,4136110,2894,3765883,5841,7612426
267,9/6/2021 15:00:00,1050,3847677,1138.000000000000000,3477538,62.000000000000000,289545.000000000000000,1112,4137222,1200,3767083,2250,7614676
268,9/7/2021 15:00:00,5331,3853008,7236.000000000000000,3484774,2303.000000000000000,291848.000000000000000,7634,4144856,9539,3776622,14870,7629546
269,9/8/2021 15:00:00,4659,3857667,5432.000000000000000,3490206,365.000000000000000,292213.000000000000000,5024,4149880,5797,3782419,10456,7640002
270,9/9/2021 15:00:00,5068,3862735,5343.000000000000000,3495549,323.000000000000000,292536.000000000000000,5391,4155271,5666,3788085,10734,7650736
271,9/10/2021 15:00:00,6533,3869268,6579.000000000000000,3502128,1716.000000000000000,294252.000000000000000,8249,4163520,8295,3796380,14828,7665564
272,9/11/2021 15:00:00,4046,3873314,4314.000000000000000,3506442,663.000000000000000,294915.000000000000000,4709,4168229,4977,3801357,9023,7674587
273,9/12/2021 15:00:00,3154,3876468,3227.000000000000000,3509669,436.000000000000000,295351.000000000000000,3590,4171819,3663,3805020,6817,7681404
274,9/13/2021 15:00:00,4661,3881129,4829.000000000000000,3514498,345.000000000000000,295696.000000000000000,5006,4176825,5174,3810194,9835,7691239
275,9/14/2021 15:00:00,4575,3885704,5179.000000000000000,3519677,435.000000000000000,296131.000000000000000,5010,4181835,5614,3815808,10189,7701428
276,9/15/2021 15:00:00,4851,3890555,5585.000000000000000,3525262,387.000000000000000,296518.000000000000000,5238,4187073,5972,3821780,10823,7712251
277,9/16/2021 15:00:00,4585,3895140,5596.000000000000000,3530858,332.000000000000000,296850.000000000000000,4917,4191990,5928,3827708,10513,7722764
278,9/17/2021 15:00:00,5039,3900179,6322.000000000000000,3537180,341.000000000000000,297191.000000000000000,5380,4197370,6663,3834371,11702,7734466
279,9/18/2021 15:00:00,3773,3903952,4553.000000000000000,3541733,186.000000000000000,297377.000000000000000,3959,4201329,4739,3839110,8512,7742978
280,9/19/2021 15:00:00,2744,3906696,3153.000000000000000,3544886,75.000000000000000,297452.000000000000000,2819,4204148,3228,3842338,5972,7748950
281,9/20/2021 15:00:00,3541,3910237,4457.000000000000000,3549343,427.000000000000000,297879.000000000000000,3968,4208116,4884,3847222,8425,7757375
282,9/21/2021 15:00:00,3789,3914026,4802.000000000000000,3554145,325.000000000000000,298204.000000000000000,4114,4212230,5127,3852349,8916,7766291
283,9/22/2021 15:00:00,4190,3918216,4739.000000000000000,3558884,459.000000000000000,298663.000000000000000,4649,4216879,5198,3857547,9388,7775679
284,9/23/2021 15:00:00,4178,3922394,4687.000000000000000,3563571,489.000000000000000,299152.000000000000000,4667,4221546,5176,3862723,9354,7785033
285,9/24/2021 15:00:00,5062,3927456,5563.000000000000000,3569134,422.000000000000000,299574.000000000000000,5484,4227030,5985,3868708,11047,7796080
286,9/25/2021 15:00:00,3624,3931080,3623.000000000000000,3572757,385.000000000000000,299959.000000000000000,4009,4231039,4008,3872716,7632,7803712
287,9/26/2021 15:00:00,2357,3933437,2652.000000000000000,3575409,421.000000000000000,300380.000000000000000,2778,4233817,3073,3875789,5430,7809142
288,9/27/2021 15:00:00,4505,3937942,2679.000000000000000,3578088,507.000000000000000,300887.000000000000000,5012,4238829,3186,3878975,7691,7816833
289,9/28/2021 15:00:00,4398,3942340,4419.000000000000000,3582507,211.000000000000000,301098.000000000000000,4609,4243438,4630,3883605,9028,7825861
290,9/29/2021 15:00:00,4696,3947036,4481.000000000000000,3586988,918.000000000000000,302016.000000000000000,5614,4249052,5399,3889004,10095,7835956
291,9/30/2021 15:00:00,4884,3951920,4547.000000000000000,3591535,791.000000000000000,302807.000000000000000,5675,4254727,5338,3894342,10222,7846178
292,10/1/2021 15:00:00,5425,3957345,5266.000000000000000,3596801,778.000000000000000,303585.000000000000000,6203,4260930,6044,3900386,11469,7857647
293,10/2/2021 15:00:00,2938,3960283,2883.000000000000000,3599684,187.000000000000000,303772.000000000000000,3125,4264055,3070,3903456,6008,7863655
294,10/3/2021 15:00:00,2061,3962344,2269.000000000000000,3601953,86.000000000000000,303858.000000000000000,2147,4266202,2355,3905811,4416,7868071
295,10/4/2021 15:00:00,4144,3966488,3355.000000000000000,3605308,233.000000000000000,304091.000000000000000,4377,4270579,3588,3909399,7732,7875803
296,10/5/2021 15:00:00,4052,3970540,3563.000000000000000,3608871,204.000000000000000,304295.000000000000000,4256,4274835,3767,3913166,7819,7883622
297,10/6/2021 15:00:00,4117,3974657,3478.000000000000000,3612349,264.000000000000000,304559.000000000000000,4381,4279216,3742,3916908,7859,7891481
298,10/7/2021 15:00:00,4351,3979008,3491.000000000000000,3615840,329.000000000000000,304888.000000000000000,4680,4283896,3820,3920728,8171,7899652
299,10/8/2021 15:00:00,4917,3983925,4098.000000000000000,3619938,281.000000000000000,305169.000000000000000,5198,4289094,4379,3925107,9296,7908948
300,10/9/2021 15:00:00,2679,3986604,2665.000000000000000,3622603,270.000000000000000,305439.000000000000000,2949,4292043,2935,3928042,5614,7914562
301,10/10/2021 15:00:00,1863,3988467,1840.000000000000000,3624443,59.000000000000000,305498.000000000000000,1922,4293965,1899,3929941,3762,7918324
302,10/11/2021 15:00:00,4362,3992829,3180.000000000000000,3627623,248.000000000000000,305746.000000000000000,4610,4298575,3428,3933369,7790,7926114
303,10/12/2021 15:00:00,3731,3996560,3383.000000000000000,3631006,268.000000000000000,306014.000000000000000,3999,4302574,3651,3937020,7382,7933496
304,10/13/2021 15:00:00,3967,4000527,3427.000000000000000,3634433,346.000000000000000,306360.000000000000000,4313,4306887,3773,3940793,7740,7941236
305,10/14/2021 15:00:00,5149,4005676,5435.000000000000000,3639868,426.000000000000000,306786.000000000000000,5575,4312462,5861,3946654,11010,7952246
306,10/15/2021 15:00:00,4721,4010397,4543.000000000000000,3644411,347.000000000000000,307133.000000000000000,5068,4317530,4890,3951544,9611,7961857
307,10/16/2021 15:00:00,2495,4012892,2486.000000000000000,3646897,289.000000000000000,307422.000000000000000,2784,4320314,2775,3954319,5270,7967127
308,10/17/2021 15:00:00,1805,4014697,1766.000000000000000,3648663,53.000000000000000,307475.000000000000000,1858,4322172,1819,3956138,3624,7970751
309,10/18/2021 15:00:00,4293,4018990,3556.000000000000000,3652219,266.000000000000000,307741.000000000000000,4559,4326731,3822,3959960,8115,7978866
310,10/19/2021 15:00:00,4306,4023296,4013.000000000000000,3656232,221.000000000000000,307962.000000000000000,4527,4331258,4234,3964194,8540,7987406
311,10/20/2021 15:00:00,3523,4026819,3408.000000000000000,3659640,254.000000000000000,308216.000000000000000,3777,4335035,3662,3967856,7185,7994591
312,10/21/2021 15:00:00,3300,4030119,3242.000000000000000,3662882,290.000000000000000,308506.000000000000000,3590,4338625,3532,3971388,6832,8001423
313,10/22/2021 15:00:00,4695,4034814,4012.000000000000000,3666894,475.000000000000000,308981.000000000000000,5170,4343795,4487,3975875,9182,8010605
314,10/23/2021 15:00:00,2904,4037718,2120.000000000000000,3669014,321.000000000000000,309302.000000000000000,3225,4347020,2441,3978316,5345,8015950
315,10/24/2021 15:00:00,2060,4039778,1552.000000000000000,3670566,77.000000000000000,309379.000000000000000,2137,4349157,1629,3979945,3689,8019639
316,10/25/2021 15:00:00,4545,4044323,3087.000000000000000,3673653,315.000000000000000,309694.000000000000000,4860,4354017,3402,3983347,7947,8027586
317,10/26/2021 15:00:00,4518,4048841,3127.000000000000000,3676780,308.000000000000000,310002.000000000000000,4826,4358843,3435,3986782,7953,8035539
318,10/27/2021 15:00:00,4716,4053557,3348.000000000000000,3680128,428.000000000000000,310430.000000000000000,5144,4363987,3776,3990558,8492,8044031
319,10/28/2021 15:00:00,4543,4058100,3383.000000000000000,3683511,494.000000000000000,310924.000000000000000,5037,4369024,3877,3994435,8420,8052451
320,10/29/2021 15:00:00,4947,4063047,3883.000000000000000,3687394,391.000000000000000,311315.000000000000000,5338,4374362,4274,3998709,9221,8061672
321,10/30/2021 15:00:00,2629,4065676,1851.000000000000000,3689245,308.000000000000000,311623.000000000000000,2937,4377299,2159,4000868,4788,8066460
322,10/31/2021 15:00:00,1936,4067612,1498.000000000000000,3690743,93.000000000000000,311716.000000000000000,2029,4379328,1591,4002459,3527,8069987
323,11/1/2021 15:00:00,4581,4072193,3441.000000000000000,3694184,330.000000000000000,312046.000000000000000,4911,4384239,3771,4006230,8352,8078339
324,11/2/2021 15:00:00,4238,4076431,3007.000000000000000,3697191,396.000000000000000,312442.000000000000000,4634,4388873,3403,4009633,7641,8085980
325,11/3/2021 15:00:00,4596,4081027,3109.000000000000000,3700300,454.000000000000000,312896.000000000000000,5050,4393923,3563,4013196,8159,8094139
326,11/4/2021 15:00:00,6001,4087028,3390.000000000000000,3703690,509.000000000000000,313405.000000000000000,6510,4400433,3899,4017095,9900,8104039
327,11/5/2021 15:00:00,7819,4094847,3824.000000000000000,3707514,406.000000000000000,313811.000000000000000,8225,4408658,4230,4021325,12049,8116088
328,11/6/2021 15:00:00,9875,4104722,1971.000000000000000,3709485,302.000000000000000,314113.000000000000000,10177,4418835,2273,4023598,12148,8128236
329,11/7/2021 15:00:00,7480,4112202,1403.000000000000000,3710888,92.000000000000000,314205.000000000000000,7572,4426407,1495,4025093,8975,8137211
330,11/8/2021 15:00:00,11128,4123330,3074.000000000000000,3713962,372.000000000000000,314577.000000000000000,11500,4437907,3446,4028539,14574,8151785
331,11/9/2021 15:00:00,11507,4134837,2674.000000000000000,3716636,258.000000000000000,314835.000000000000000,11765,4449672,2932,4031471,14439,8166224
332,11/10/2021 15:00:00,12272,4147109,2762.000000000000000,3719398,326.000000000000000,315161.000000000000000,12598,4462270,3088,4034559,15360,8181584
333,11/11/2021 15:00:00,10989,4158098,2395.000000000000000,3721793,273.000000000000000,315434.000000000000000,11262,4473532,2668,4037227,13657,8195241
334,11/12/2021 15:00:00,11940,4170038,3397.000000000000000,3725190,538.000000000000000,315972.000000000000000,12478,4486010,3935,4041162,15875,8211116
335,11/13/2021 15:00:00,9542,4179580,1542.000000000000000,3726732,338.000000000000000,316310.000000000000000,9880,4495890,1880,4043042,11422,8222538
336,11/14/2021 15:00:00,3709,4183289,1111.000000000000000,3727843,117.000000000000000,316427.000000000000000,3826,4499716,1228,4044270,4937,8227475
337,11/15/2021 15:00:00,8340,4191629,2570.000000000000000,3730413,200.000000000000000,316627.000000000000000,8540,4508256,2770,4047040,11110,8238585
338,11/16/2021 15:00:00,8806,4200435,2549.000000000000000,3732962,242.000000000000000,316869.000000000000000,9048,4517304,2791,4049831,11597,8250182
339,11/17/2021 15:00:00,8998,4209433,2837.000000000000000,3735799,304.000000000000000,317173.000000000000000,9302,4526606,3141,4052972,12139,8262321
340,11/18/2021 15:00:00,8766,4218199,2637.000000000000000,3738436,473.000000000000000,317646.000000000000000,9239,4535845,3110,4056082,11876,8274197
341,11/19/2021 15:00:00,9227,4227426,2891.000000000000000,3741327,353.000000000000000,317999.000000000000000,9580,4545425,3244,4059326,12471,8286668
342,11/20/2021 15:00:00,9473,4236899,1489.000000000000000,3742816,433.000000000000000,318432.000000000000000,9906,4555331,1922,4061248,11395,8298063
343,11/21/2021 15:00:00,3546,4240445,1123.000000000000000,3743939,92.000000000000000,318524.000000000000000,3638,4558969,1215,4062463,4761,8302824
344,11/22/2021 15:00:00,4922,4245367,992.000000000000000,3744931,199.000000000000000,318723.000000000000000,5121,4564090,1191,4063654,6113,8308937