OBJECTID,VACCINATION_DATE,FirstDailyDose,FirstDoseCumulative,SecondDailyDose,SecondDoseCumulative,SingleDailyDose,SingleDoseCumulative,AtleastOneVaccine,AtleastOneVaccineCumulative,CompletedVax,CompletedVaxCumulative,FirstSecondSingleVaccination_12,FirstSecondSingleVaccination_13
1,12/14/2020 15:00:00,15,909,,378,,,15,909,0,378,15,1200
2,12/15/2020 15:00:00,45,954,2.000000000000000,380,,,45,954,2,380,47,1247
3,12/16/2020 15:00:00,570,1524,2.000000000000000,382,,,570,1524,2,382,572,1819
4,12/17/2020 15:00:00,1133,2657,2.000000000000000,384,,,1133,2657,2,384,1135,2954
5,12/18/2020 15:00:00,3002,5659,11.000000000000000,395,,,3002,5659,11,395,3013,5967
6,12/19/2020 15:00:00,921,6580,4.000000000000000,399,,,921,6580,4,399,925,6892
7,12/20/2020 15:00:00,325,6905,4.000000000000000,403,,,325,6905,4,403,329,7221
8,12/21/2020 15:00:00,3845,10750,17.000000000000000,420,,,3845,10750,17,420,3862,11083
9,12/22/2020 15:00:00,6320,17070,13.000000000000000,433,,,6320,17070,13,433,6333,17416
10,12/23/2020 15:00:00,5732,22802,26.000000000000000,459,,,5732,22802,26,459,5758,23174
11,12/24/2020 15:00:00,2707,25509,9.000000000000000,468,,,2707,25509,9,468,2716,25890
12,12/25/2020 15:00:00,1033,26542,3.000000000000000,471,,,1033,26542,3,471,1036,26926
13,12/26/2020 15:00:00,1864,28406,7.000000000000000,478,,,1864,28406,7,478,1871,28797
14,12/27/2020 15:00:00,1785,30191,10.000000000000000,488,,,1785,30191,10,488,1795,30592
15,12/28/2020 15:00:00,8930,39121,32.000000000000000,520,,,8930,39121,32,520,8962,39554
16,12/29/2020 15:00:00,10902,50023,36.000000000000000,556,,,10902,50023,36,556,10938,50492
17,12/30/2020 15:00:00,12433,62456,63.000000000000000,619,,,12433,62456,63,619,12496,62988
18,12/31/2020 15:00:00,7496,69952,31.000000000000000,650,,,7496,69952,31,650,7527,70515
19,1/1/2021 15:00:00,2421,72373,101.000000000000000,751,,,2421,72373,101,751,2522,73037
20,1/2/2021 15:00:00,2954,75327,33.000000000000000,784,,,2954,75327,33,784,2987,76024
21,1/3/2021 15:00:00,3359,78686,78.000000000000000,862,,,3359,78686,78,862,3437,79461
22,1/4/2021 15:00:00,13235,91921,307.000000000000000,1169,,,13235,91921,307,1169,13542,93003
23,1/5/2021 15:00:00,12362,104283,502.000000000000000,1671,,,12362,104283,502,1671,12864,105867
24,1/6/2021 15:00:00,15134,119417,826.000000000000000,2497,,,15134,119417,826,2497,15960,121827
25,1/7/2021 15:00:00,14929,134346,1717.000000000000000,4214,,,14929,134346,1717,4214,16646,138473
26,1/8/2021 15:00:00,23911,158257,2726.000000000000000,6940,,,23911,158257,2726,6940,26637,165110
27,1/9/2021 15:00:00,5115,163372,938.000000000000000,7878,,,5115,163372,938,7878,6053,171163
28,1/10/2021 15:00:00,2900,166272,366.000000000000000,8244,,,2900,166272,366,8244,3266,174429
29,1/11/2021 15:00:00,13652,179924,3404.000000000000000,11648,,,13652,179924,3404,11648,17056,191485
30,1/12/2021 15:00:00,17249,197173,5565.000000000000000,17213,,,17249,197173,5565,17213,22814,214299
31,1/13/2021 15:00:00,18476,215649,3845.000000000000000,21058,,,18476,215649,3845,21058,22321,236620
32,1/14/2021 15:00:00,17792,233441,1911.000000000000000,22969,,,17792,233441,1911,22969,19703,256323
33,1/15/2021 15:00:00,19429,252870,1945.000000000000000,24914,,,19429,252870,1945,24914,21374,277697
34,1/16/2021 15:00:00,5753,258623,1576.000000000000000,26490,,,5753,258623,1576,26490,7329,285026
35,1/17/2021 15:00:00,2088,260711,1462.000000000000000,27952,,,2088,260711,1462,27952,3550,288576
36,1/18/2021 15:00:00,7015,267726,3222.000000000000000,31174,,,7015,267726,3222,31174,10237,298813
37,1/19/2021 15:00:00,17133,284859,5318.000000000000000,36492,,,17133,284859,5318,36492,22451,321264
38,1/20/2021 15:00:00,21202,306061,5226.000000000000000,41718,,,21202,306061,5226,41718,26428,347692
39,1/21/2021 15:00:00,23772,329833,3664.000000000000000,45382,,,23772,329833,3664,45382,27436,375128
40,1/22/2021 15:00:00,28803,358636,3575.000000000000000,48957,,,28803,358636,3575,48957,32378,407506
41,1/23/2021 15:00:00,10026,368662,1892.000000000000000,50849,,,10026,368662,1892,50849,11918,419424
42,1/24/2021 15:00:00,3318,371980,1703.000000000000000,52552,,,3318,371980,1703,52552,5021,424445
43,1/25/2021 15:00:00,16593,388573,8488.000000000000000,61040,,,16593,388573,8488,61040,25081,449526
44,1/26/2021 15:00:00,17863,406436,8865.000000000000000,69905,,,17863,406436,8865,69905,26728,476254
45,1/27/2021 15:00:00,25019,431455,12369.000000000000000,82274,,,25019,431455,12369,82274,37388,513642
46,1/28/2021 15:00:00,23263,454718,9194.000000000000000,91468,,,23263,454718,9194,91468,32457,546099
47,1/29/2021 15:00:00,25491,480209,7787.000000000000000,99255,,,25491,480209,7787,99255,33278,579377
48,1/30/2021 15:00:00,18410,498619,2476.000000000000000,101731,,,18410,498619,2476,101731,20886,600263
49,1/31/2021 15:00:00,4111,502730,1298.000000000000000,103029,,,4111,502730,1298,103029,5409,605672
50,2/1/2021 15:00:00,7597,510327,4964.000000000000000,107993,,,7597,510327,4964,107993,12561,618233
51,2/2/2021 15:00:00,12776,523103,13701.000000000000000,121694,,,12776,523103,13701,121694,26477,644710
52,2/3/2021 15:00:00,18656,541759,18026.000000000000000,139720,,,18656,541759,18026,139720,36682,681392
53,2/4/2021 15:00:00,22431,564190,15708.000000000000000,155428,,,22431,564190,15708,155428,38139,719531
54,2/5/2021 15:00:00,20498,584688,17383.000000000000000,172811,,,20498,584688,17383,172811,37881,757412
55,2/6/2021 15:00:00,12104,596792,14388.000000000000000,187199,,,12104,596792,14388,187199,26492,783904
56,2/7/2021 15:00:00,5951,602743,1757.000000000000000,188956,,,5951,602743,1757,188956,7708,791612
57,2/8/2021 15:00:00,13263,616006,13075.000000000000000,202031,,,13263,616006,13075,202031,26338,817950
58,2/9/2021 15:00:00,16683,632689,13985.000000000000000,216016,,,16683,632689,13985,216016,30668,848618
59,2/10/2021 15:00:00,19261,651950,21364.000000000000000,237380,,,19261,651950,21364,237380,40625,889243
60,2/11/2021 15:00:00,22852,674802,17482.000000000000000,254862,,,22852,674802,17482,254862,40334,929577
61,2/12/2021 15:00:00,20368,695170,19833.000000000000000,274695,,,20368,695170,19833,274695,40201,969778
62,2/13/2021 15:00:00,11360,706530,6333.000000000000000,281028,,,11360,706530,6333,281028,17693,987471
63,2/14/2021 15:00:00,7076,713606,2062.000000000000000,283090,,,7076,713606,2062,283090,9138,996609
64,2/15/2021 15:00:00,11696,725302,13196.000000000000000,296286,,,11696,725302,13196,296286,24892,1021501
65,2/16/2021 15:00:00,16556,741858,21644.000000000000000,317930,,,16556,741858,21644,317930,38200,1059701
66,2/17/2021 15:00:00,20608,762466,27106.000000000000000,345036,,,20608,762466,27106,345036,47714,1107415
67,2/18/2021 15:00:00,3155,765621,4715.000000000000000,349751,,,3155,765621,4715,349751,7870,1115285
68,2/19/2021 15:00:00,10247,775868,20388.000000000000000,370139,,,10247,775868,20388,370139,30635,1145920
69,2/20/2021 15:00:00,10292,786160,20851.000000000000000,390990,,,10292,786160,20851,390990,31143,1177063
70,2/21/2021 15:00:00,6146,792306,7919.000000000000000,398909,,,6146,792306,7919,398909,14065,1191128
71,2/22/2021 15:00:00,8078,800384,15872.000000000000000,414781,,,8078,800384,15872,414781,23950,1215078
72,2/23/2021 15:00:00,15576,815960,16453.000000000000000,431234,,,15576,815960,16453,431234,32029,1247107
73,2/24/2021 15:00:00,17957,833917,25133.000000000000000,456367,,,17957,833917,25133,456367,43090,1290197
74,2/25/2021 15:00:00,20404,854321,26858.000000000000000,483225,,,20404,854321,26858,483225,47262,1337459
75,2/26/2021 15:00:00,26806,881127,26427.000000000000000,509652,,,26806,881127,26427,509652,53233,1390692
76,2/27/2021 15:00:00,16086,897213,11678.000000000000000,521330,,,16086,897213,11678,521330,27764,1418456
77,2/28/2021 15:00:00,15487,912700,4796.000000000000000,526126,,,15487,912700,4796,526126,20283,1438739
78,3/1/2021 15:00:00,25894,938594,12508.000000000000000,538634,,,25894,938594,12508,538634,38402,1477141
79,3/2/2021 15:00:00,23971,962565,13294.000000000000000,551928,29.000000000000000,29.000000000000000,24000,962594,13323,551957,37294,1514435
80,3/3/2021 15:00:00,30192,992757,18346.000000000000000,570274,171.000000000000000,200.000000000000000,30363,992957,18517,570474,48709,1563144
81,3/4/2021 15:00:00,31066,1023823,18099.000000000000000,588373,4059.000000000000000,4259.000000000000000,35125,1028082,22158,592632,53224,1616368
82,3/5/2021 15:00:00,29546,1053369,19350.000000000000000,607723,4907.000000000000000,9166.000000000000000,34453,1062535,24257,616889,53803,1670171
83,3/6/2021 15:00:00,17757,1071126,8899.000000000000000,616622,5989.000000000000000,15155.000000000000000,23746,1086281,14888,631777,32645,1702816
84,3/7/2021 15:00:00,12062,1083188,4787.000000000000000,621409,6608.000000000000000,21763.000000000000000,18670,1104951,11395,643172,23457,1726273
85,3/8/2021 15:00:00,26164,1109352,8733.000000000000000,630142,8285.000000000000000,30048.000000000000000,34449,1139400,17018,660190,43182,1769455
86,3/9/2021 15:00:00,26364,1135716,15359.000000000000000,645501,8343.000000000000000,38391.000000000000000,34707,1174107,23702,683892,50066,1819521
87,3/10/2021 15:00:00,30113,1165829,15877.000000000000000,661378,7940.000000000000000,46331.000000000000000,38053,1212160,23817,707709,53930,1873451
88,3/11/2021 15:00:00,36190,1202019,16368.000000000000000,677746,4036.000000000000000,50367.000000000000000,40226,1252386,20404,728113,56594,1930045
89,3/12/2021 15:00:00,37174,1239193,17981.000000000000000,695727,2917.000000000000000,53284.000000000000000,40091,1292477,20898,749011,58072,1988117
90,3/13/2021 15:00:00,22596,1261789,10191.000000000000000,705918,1600.000000000000000,54884.000000000000000,24196,1316673,11791,760802,34387,2022504
91,3/14/2021 15:00:00,17833,1279622,6651.000000000000000,712569,994.000000000000000,55878.000000000000000,18827,1335500,7645,768447,25478,2047982
92,3/15/2021 15:00:00,29979,1309601,11296.000000000000000,723865,597.000000000000000,56475.000000000000000,30576,1366076,11893,780340,41872,2089854
93,3/16/2021 15:00:00,33611,1343212,13519.000000000000000,737384,764.000000000000000,57239.000000000000000,34375,1400451,14283,794623,47894,2137748
94,3/17/2021 15:00:00,37730,1380942,16949.000000000000000,754333,1181.000000000000000,58420.000000000000000,38911,1439362,18130,812753,55860,2193608
95,3/18/2021 15:00:00,41476,1422418,12581.000000000000000,766914,1358.000000000000000,59778.000000000000000,42834,1482196,13939,826692,55415,2249023
96,3/19/2021 15:00:00,38304,1460722,15562.000000000000000,782476,1044.000000000000000,60822.000000000000000,39348,1521544,16606,843298,54910,2303933
97,3/20/2021 15:00:00,24524,1485246,10004.000000000000000,792480,1121.000000000000000,61943.000000000000000,25645,1547189,11125,854423,35649,2339582
98,3/21/2021 15:00:00,19127,1504373,7776.000000000000000,800256,329.000000000000000,62272.000000000000000,19456,1566645,8105,862528,27232,2366814
99,3/22/2021 15:00:00,32587,1536960,11608.000000000000000,811864,829.000000000000000,63101.000000000000000,33416,1600061,12437,874965,45024,2411838
100,3/23/2021 15:00:00,37804,1574764,17446.000000000000000,829310,1544.000000000000000,64645.000000000000000,39348,1639409,18990,893955,56794,2468632
101,3/24/2021 15:00:00,41173,1615937,21152.000000000000000,850462,1374.000000000000000,66019.000000000000000,42547,1681956,22526,916481,63699,2532331
102,3/25/2021 15:00:00,42478,1658415,21004.000000000000000,871466,2513.000000000000000,68532.000000000000000,44991,1726947,23517,939998,65995,2598326
103,3/26/2021 15:00:00,36616,1695031,26433.000000000000000,897899,2499.000000000000000,71031.000000000000000,39115,1766062,28932,968930,65548,2663874
104,3/27/2021 15:00:00,27849,1722880,16848.000000000000000,914747,2764.000000000000000,73795.000000000000000,30613,1796675,19612,988542,47461,2711335
105,3/28/2021 15:00:00,17011,1739891,12552.000000000000000,927299,1615.000000000000000,75410.000000000000000,18626,1815301,14167,1002709,31178,2742513
106,3/29/2021 15:00:00,29751,1769642,26485.000000000000000,953784,1134.000000000000000,76544.000000000000000,30885,1846186,27619,1030328,57370,2799883
107,3/30/2021 15:00:00,40064,1809706,29132.000000000000000,982916,1848.000000000000000,78392.000000000000000,41912,1888098,30980,1061308,71044,2870927
108,3/31/2021 15:00:00,41072,1850778,34830.000000000000000,1017746,5742.000000000000000,84134.000000000000000,46814,1934912,40572,1101880,81644,2952571
109,4/1/2021 15:00:00,40632,1891410,39727.000000000000000,1057473,5607.000000000000000,89741.000000000000000,46239,1981151,45334,1147214,85966,3038537
110,4/2/2021 15:00:00,34958,1926368,32702.000000000000000,1090175,6093.000000000000000,95834.000000000000000,41051,2022202,38795,1186009,73753,3112290
111,4/3/2021 15:00:00,21581,1947949,18611.000000000000000,1108786,4421.000000000000000,100255.000000000000000,26002,2048204,23032,1209041,44613,3156903
112,4/4/2021 15:00:00,8274,1956223,10136.000000000000000,1118922,959.000000000000000,101214.000000000000000,9233,2057437,11095,1220136,19369,3176272
113,4/5/2021 15:00:00,27960,1984183,29062.000000000000000,1147984,6636.000000000000000,107850.000000000000000,34596,2092033,35698,1255834,63658,3239930
114,4/6/2021 15:00:00,39898,2024081,30542.000000000000000,1178526,10472.000000000000000,118322.000000000000000,50370,2142403,41014,1296848,80912,3320842
115,4/7/2021 15:00:00,36176,2060257,34260.000000000000000,1212786,12948.000000000000000,131270.000000000000000,49124,2191527,47208,1344056,83384,3404226
116,4/8/2021 15:00:00,42420,2102677,36052.000000000000000,1248838,13857.000000000000000,145127.000000000000000,56277,2247804,49909,1393965,92329,3496555
117,4/9/2021 15:00:00,34122,2136799,36350.000000000000000,1285188,14490.000000000000000,159617.000000000000000,48612,2296416,50840,1444805,84962,3581517
118,4/10/2021 15:00:00,24003,2160802,23001.000000000000000,1308189,7616.000000000000000,167233.000000000000000,31619,2328035,30617,1475422,54620,3636137
119,4/11/2021 15:00:00,17550,2178352,13239.000000000000000,1321428,10623.000000000000000,177856.000000000000000,28173,2356208,23862,1499284,41412,3677549
120,4/12/2021 15:00:00,24691,2203043,33135.000000000000000,1354563,10931.000000000000000,188787.000000000000000,35622,2391830,44066,1543350,68757,3746306
121,4/13/2021 15:00:00,126933,2329976,90660.000000000000000,1445223,3292.000000000000000,192079.000000000000000,130225,2522055,93952,1637302,220885,3967191
122,4/14/2021 15:00:00,40825,2370801,37852.000000000000000,1483075,208.000000000000000,192287.000000000000000,41033,2563088,38060,1675362,78885,4046076
123,4/15/2021 15:00:00,41854,2412655,39230.000000000000000,1522305,169.000000000000000,192456.000000000000000,42023,2605111,39399,1714761,81253,4127329
124,4/16/2021 15:00:00,37366,2450021,38741.000000000000000,1561046,22.000000000000000,192478.000000000000000,37388,2642499,38763,1753524,76129,4203458
125,4/17/2021 15:00:00,32995,2483016,21932.000000000000000,1582978,12.000000000000000,192490.000000000000000,33007,2675506,21944,1775468,54939,4258397
126,4/18/2021 15:00:00,20041,2503057,16156.000000000000000,1599134,4.000000000000000,192494.000000000000000,20045,2695551,16160,1791628,36201,4294598
127,4/19/2021 15:00:00,29955,2533012,36518.000000000000000,1635652,61.000000000000000,192555.000000000000000,30016,2725567,36579,1828207,66534,4361132
128,4/20/2021 15:00:00,33115,2566127,44096.000000000000000,1679748,54.000000000000000,192609.000000000000000,33169,2758736,44150,1872357,77265,4438397
129,4/21/2021 15:00:00,39817,2605944,46863.000000000000000,1726611,21.000000000000000,192630.000000000000000,39838,2798574,46884,1919241,86701,4525098
130,4/22/2021 15:00:00,36415,2642359,41896.000000000000000,1768507,16.000000000000000,192646.000000000000000,36431,2835005,41912,1961153,78327,4603425
131,4/23/2021 15:00:00,33144,2675503,39974.000000000000000,1808481,12.000000000000000,192658.000000000000000,33156,2868161,39986,2001139,73130,4676555
132,4/24/2021 15:00:00,26363,2701866,28573.000000000000000,1837054,80.000000000000000,192738.000000000000000,26443,2894604,28653,2029792,55016,4731571
133,4/25/2021 15:00:00,20202,2722068,10888.000000000000000,1847942,30.000000000000000,192768.000000000000000,20232,2914836,10918,2040710,31120,4762691
134,4/26/2021 15:00:00,27405,2749473,32737.000000000000000,1880679,203.000000000000000,192971.000000000000000,27608,2942444,32940,2073650,60345,4823036
135,4/27/2021 15:00:00,26718,2776191,33017.000000000000000,1913696,1095.000000000000000,194066.000000000000000,27813,2970257,34112,2107762,60830,4883866
136,4/28/2021 15:00:00,28984,2805175,39456.000000000000000,1953152,1361.000000000000000,195427.000000000000000,30345,3000602,40817,2148579,69801,4953667
137,4/29/2021 15:00:00,27385,2832560,39404.000000000000000,1992556,1462.000000000000000,196889.000000000000000,28847,3029449,40866,2189445,68251,5021918
138,4/30/2021 15:00:00,28231,2860791,32097.000000000000000,2024653,1639.000000000000000,198528.000000000000000,29870,3059319,33736,2223181,61967,5083885
139,5/1/2021 15:00:00,20304,2881095,26672.000000000000000,2051325,1015.000000000000000,199543.000000000000000,21319,3080638,27687,2250868,47991,5131876
140,5/2/2021 15:00:00,10257,2891352,16982.000000000000000,2068307,817.000000000000000,200360.000000000000000,11074,3091712,17799,2268667,28056,5159932
141,5/3/2021 15:00:00,13069,2904421,29716.000000000000000,2098023,1914.000000000000000,202274.000000000000000,14983,3106695,31630,2300297,44699,5204631
142,5/4/2021 15:00:00,14216,2918637,39519.000000000000000,2137542,1732.000000000000000,204006.000000000000000,15948,3122643,41251,2341548,55467,5260098
143,5/5/2021 15:00:00,19323,2937960,37752.000000000000000,2175294,1917.000000000000000,205923.000000000000000,21240,3143883,39669,2381217,58992,5319090
144,5/6/2021 15:00:00,16983,2954943,40561.000000000000000,2215855,1711.000000000000000,207634.000000000000000,18694,3162577,42272,2423489,59255,5378345
145,5/7/2021 15:00:00,17402,2972345,36011.000000000000000,2251866,1954.000000000000000,209588.000000000000000,19356,3181933,37965,2461454,55367,5433712
146,5/8/2021 15:00:00,10780,2983125,31127.000000000000000,2282993,1291.000000000000000,210879.000000000000000,12071,3194004,32418,2493872,43198,5476910
147,5/9/2021 15:00:00,5044,2988169,11877.000000000000000,2294870,695.000000000000000,211574.000000000000000,5739,3199743,12572,2506444,17616,5494526
148,5/10/2021 15:00:00,8942,2997111,31096.000000000000000,2325966,1357.000000000000000,212931.000000000000000,10299,3210042,32453,2538897,41395,5535921
149,5/11/2021 15:00:00,12194,3009305,30274.000000000000000,2356240,1443.000000000000000,214374.000000000000000,13637,3223679,31717,2570614,43911,5579832
150,5/12/2021 15:00:00,13911,3023216,38548.000000000000000,2394788,1910.000000000000000,216284.000000000000000,15821,3239500,40458,2611072,54369,5634201
151,5/13/2021 15:00:00,21817,3045033,33376.000000000000000,2428164,1352.000000000000000,217636.000000000000000,23169,3262669,34728,2645800,56545,5690746
152,5/14/2021 15:00:00,24320,3069353,29954.000000000000000,2458118,1771.000000000000000,219407.000000000000000,26091,3288760,31725,2677525,56045,5746791
153,5/15/2021 15:00:00,21842,3091195,24999.000000000000000,2483117,1532.000000000000000,220939.000000000000000,23374,3312134,26531,2704056,48373,5795164
154,5/16/2021 15:00:00,9054,3100249,17510.000000000000000,2500627,1113.000000000000000,222052.000000000000000,10167,3322301,18623,2722679,27677,5822841
155,5/17/2021 15:00:00,16844,3117093,28362.000000000000000,2528989,1948.000000000000000,224000.000000000000000,18792,3341093,30310,2752989,47154,5869995
156,5/18/2021 15:00:00,21250,3138343,30671.000000000000000,2559660,1947.000000000000000,225947.000000000000000,23197,3364290,32618,2785607,53868,5923863
157,5/19/2021 15:00:00,27577,3165920,32363.000000000000000,2592023,1623.000000000000000,227570.000000000000000,29200,3393490,33986,2819593,61563,5985426
158,5/20/2021 15:00:00,20780,3186700,33255.000000000000000,2625278,1965.000000000000000,229535.000000000000000,22745,3416235,35220,2854813,56000,6041426
159,5/21/2021 15:00:00,19124,3205824,30223.000000000000000,2655501,1612.000000000000000,231147.000000000000000,20736,3436971,31835,2886648,50959,6092385
160,5/22/2021 15:00:00,16878,3222702,20592.000000000000000,2676093,1269.000000000000000,232416.000000000000000,18147,3455118,21861,2908509,38739,6131124
161,5/23/2021 15:00:00,8740,3231442,11407.000000000000000,2687500,961.000000000000000,233377.000000000000000,9701,3464819,12368,2920877,21108,6152232
162,5/24/2021 15:00:00,13458,3244900,17850.000000000000000,2705350,1481.000000000000000,234858.000000000000000,14939,3479758,19331,2940208,32789,6185021
163,5/25/2021 15:00:00,12890,3257790,18766.000000000000000,2724116,1328.000000000000000,236186.000000000000000,14218,3493976,20094,2960302,32984,6218005
164,5/26/2021 15:00:00,18260,3276050,19433.000000000000000,2743549,1508.000000000000000,237694.000000000000000,19768,3513744,20941,2981243,39201,6257206
165,5/27/2021 15:00:00,11677,3287727,18626.000000000000000,2762175,1133.000000000000000,238827.000000000000000,12810,3526554,19759,3001002,31436,6288642
166,5/28/2021 15:00:00,12471,3300198,19730.000000000000000,2781905,1402.000000000000000,240229.000000000000000,13873,3540427,21132,3022134,33603,6322245
167,5/29/2021 15:00:00,9532,3309730,11621.000000000000000,2793526,936.000000000000000,241165.000000000000000,10468,3550895,12557,3034691,22089,6344334
168,5/30/2021 15:00:00,4893,3314623,6474.000000000000000,2800000,596.000000000000000,241761.000000000000000,5489,3556384,7070,3041761,11963,6356297
169,5/31/2021 15:00:00,1771,3316394,3685.000000000000000,2803685,304.000000000000000,242065.000000000000000,2075,3558459,3989,3045750,5760,6362057
170,6/1/2021 15:00:00,9372,3325766,16585.000000000000000,2820270,1143.000000000000000,243208.000000000000000,10515,3568974,17728,3063478,27100,6389157
171,6/2/2021 15:00:00,10138,3335904,16801.000000000000000,2837071,959.000000000000000,244167.000000000000000,11097,3580071,17760,3081238,27898,6417055
172,6/3/2021 15:00:00,7890,3343794,21157.000000000000000,2858228,1083.000000000000000,245250.000000000000000,8973,3589044,22240,3103478,30130,6447185
173,6/4/2021 15:00:00,8210,3352004,22164.000000000000000,2880392,1122.000000000000000,246372.000000000000000,9332,3598376,23286,3126764,31496,6478681
174,6/5/2021 15:00:00,6988,3358992,19366.000000000000000,2899758,718.000000000000000,247090.000000000000000,7706,3606082,20084,3146848,27072,6505753
175,6/6/2021 15:00:00,3464,3362456,7181.000000000000000,2906939,420.000000000000000,247510.000000000000000,3884,3609966,7601,3154449,11065,6516818
176,6/7/2021 15:00:00,6821,3369277,15718.000000000000000,2922657,725.000000000000000,248235.000000000000000,7546,3617512,16443,3170892,23264,6540082
177,6/8/2021 15:00:00,6676,3375953,19687.000000000000000,2942344,816.000000000000000,249051.000000000000000,7492,3625004,20503,3191395,27179,6567261
178,6/9/2021 15:00:00,8197,3384150,23837.000000000000000,2966181,968.000000000000000,250019.000000000000000,9165,3634169,24805,3216200,33002,6600263
179,6/10/2021 15:00:00,7164,3391314,19070.000000000000000,2985251,897.000000000000000,250916.000000000000000,8061,3642230,19967,3236167,27131,6627394
180,6/11/2021 15:00:00,7435,3398749,17647.000000000000000,3002898,1125.000000000000000,252041.000000000000000,8560,3650790,18772,3254939,26207,6653601
181,6/12/2021 15:00:00,5234,3403983,14679.000000000000000,3017577,602.000000000000000,252643.000000000000000,5836,3656626,15281,3270220,20515,6674116
182,6/13/2021 15:00:00,1929,3405912,7549.000000000000000,3025126,426.000000000000000,253069.000000000000000,2355,3658981,7975,3278195,9904,6684020
183,6/14/2021 15:00:00,5652,3411564,11772.000000000000000,3036898,727.000000000000000,253796.000000000000000,6379,3665360,12499,3290694,18151,6702171
184,6/15/2021 15:00:00,5636,3417200,14302.000000000000000,3051200,860.000000000000000,254656.000000000000000,6496,3671856,15162,3305856,20798,6722969
185,6/16/2021 15:00:00,8713,3425913,21496.000000000000000,3072696,753.000000000000000,255409.000000000000000,9466,3681322,22249,3328105,30962,6753931
186,6/17/2021 15:00:00,6666,3432579,12361.000000000000000,3085057,720.000000000000000,256129.000000000000000,7386,3688708,13081,3341186,19747,6773678
187,6/18/2021 15:00:00,6833,3439412,12634.000000000000000,3097691,694.000000000000000,256823.000000000000000,7527,3696235,13328,3354514,20161,6793839
188,6/19/2021 15:00:00,4655,3444067,9340.000000000000000,3107031,614.000000000000000,257437.000000000000000,5269,3701504,9954,3364468,14609,6808448
189,6/20/2021 15:00:00,2496,3446563,5022.000000000000000,3112053,377.000000000000000,257814.000000000000000,2873,3704377,5399,3369867,7895,6816343
190,6/21/2021 15:00:00,5542,3452105,5310.000000000000000,3117363,635.000000000000000,258449.000000000000000,6177,3710554,5945,3375812,11487,6827830
191,6/22/2021 15:00:00,5199,3457304,8844.000000000000000,3126207,682.000000000000000,259131.000000000000000,5881,3716435,9526,3385338,14725,6842555
192,6/23/2021 15:00:00,6060,3463364,10264.000000000000000,3136471,641.000000000000000,259772.000000000000000,6701,3723136,10905,3396243,16965,6859520
193,6/24/2021 15:00:00,5920,3469284,8178.000000000000000,3144649,590.000000000000000,260362.000000000000000,6510,3729646,8768,3405011,14688,6874208
194,6/25/2021 15:00:00,5810,3475094,8597.000000000000000,3153246,620.000000000000000,260982.000000000000000,6430,3736076,9217,3414228,15027,6889235
195,6/26/2021 15:00:00,3702,3478796,6267.000000000000000,3159513,393.000000000000000,261375.000000000000000,4095,3740171,6660,3420888,10362,6899597
196,6/27/2021 15:00:00,2794,3481590,3527.000000000000000,3163040,182.000000000000000,261557.000000000000000,2976,3743147,3709,3424597,6503,6906100
197,6/28/2021 15:00:00,4729,3486319,6090.000000000000000,3169130,521.000000000000000,262078.000000000000000,5250,3748397,6611,3431208,11340,6917440
198,6/29/2021 15:00:00,5068,3491387,6484.000000000000000,3175614,517.000000000000000,262595.000000000000000,5585,3753982,7001,3438209,12069,6929509
199,6/30/2021 15:00:00,5589,3496976,7391.000000000000000,3183005,604.000000000000000,263199.000000000000000,6193,3760175,7995,3446204,13584,6943093
200,7/1/2021 15:00:00,5285,3502261,6915.000000000000000,3189920,486.000000000000000,263685.000000000000000,5771,3765946,7401,3453605,12686,6955779
201,7/2/2021 15:00:00,5263,3507524,6815.000000000000000,3196735,518.000000000000000,264203.000000000000000,5781,3771727,7333,3460938,12596,6968375
202,7/3/2021 15:00:00,3256,3510780,4061.000000000000000,3200796,260.000000000000000,264463.000000000000000,3516,3775243,4321,3465259,7577,6975952
203,7/4/2021 15:00:00,490,3511270,540.000000000000000,3201336,66.000000000000000,264529.000000000000000,556,3775799,606,3465865,1096,6977048
204,7/5/2021 15:00:00,3747,3515017,3957.000000000000000,3205293,281.000000000000000,264810.000000000000000,4028,3779827,4238,3470103,7985,6985033
205,7/6/2021 15:00:00,4457,3519474,6204.000000000000000,3211497,450.000000000000000,265260.000000000000000,4907,3784734,6654,3476757,11111,6996144
206,7/7/2021 15:00:00,4460,3523934,6351.000000000000000,3217848,480.000000000000000,265740.000000000000000,4940,3789674,6831,3483588,11291,7007435
207,7/8/2021 15:00:00,4817,3528751,6102.000000000000000,3223950,562.000000000000000,266302.000000000000000,5379,3795053,6664,3490252,11481,7018916
208,7/9/2021 15:00:00,5322,3534073,6604.000000000000000,3230554,571.000000000000000,266873.000000000000000,5893,3800946,7175,3497427,12497,7031413
209,7/10/2021 15:00:00,3509,3537582,4366.000000000000000,3234920,302.000000000000000,267175.000000000000000,3811,3804757,4668,3502095,8177,7039590
210,7/11/2021 15:00:00,2662,3540244,2546.000000000000000,3237466,223.000000000000000,267398.000000000000000,2885,3807642,2769,3504864,5431,7045021
211,7/12/2021 15:00:00,4401,3544645,5099.000000000000000,3242565,374.000000000000000,267772.000000000000000,4775,3812417,5473,3510337,9874,7054895
212,7/13/2021 15:00:00,4738,3549383,4574.000000000000000,3247139,361.000000000000000,268133.000000000000000,5099,3817516,4935,3515272,9673,7064568
213,7/14/2021 15:00:00,4594,3553977,5232.000000000000000,3252371,420.000000000000000,268553.000000000000000,5014,3822530,5652,3520924,10246,7074814
214,7/15/2021 15:00:00,4861,3558838,4962.000000000000000,3257333,357.000000000000000,268910.000000000000000,5218,3827748,5319,3526243,10180,7084994
215,7/16/2021 15:00:00,6261,3565099,5797.000000000000000,3263130,400.000000000000000,269310.000000000000000,6661,3834409,6197,3532440,12458,7097452
216,7/17/2021 15:00:00,3400,3568499,3547.000000000000000,3266677,299.000000000000000,269609.000000000000000,3699,3838108,3846,3536286,7246,7104698
217,7/18/2021 15:00:00,2294,3570793,2368.000000000000000,3269045,109.000000000000000,269718.000000000000000,2403,3840511,2477,3538763,4771,7109469
218,7/19/2021 15:00:00,5222,3576015,4459.000000000000000,3273504,374.000000000000000,270092.000000000000000,5596,3846107,4833,3543596,10055,7119524
219,7/20/2021 15:00:00,5317,3581332,4681.000000000000000,3278185,366.000000000000000,270458.000000000000000,5683,3851790,5047,3548643,10364,7129888
220,7/21/2021 15:00:00,5612,3586944,4919.000000000000000,3283104,412.000000000000000,270870.000000000000000,6024,3857814,5331,3553974,10943,7140831
221,7/22/2021 15:00:00,5983,3592927,4626.000000000000000,3287730,404.000000000000000,271274.000000000000000,6387,3864201,5030,3559004,11013,7151844
222,7/23/2021 15:00:00,6816,3599743,4858.000000000000000,3292588,488.000000000000000,271762.000000000000000,7304,3871505,5346,3564350,12162,7164006
223,7/24/2021 15:00:00,4270,3604013,3196.000000000000000,3295784,264.000000000000000,272026.000000000000000,4534,3876039,3460,3567810,7730,7171736
224,7/25/2021 15:00:00,3288,3607301,1118.000000000000000,3296902,138.000000000000000,272164.000000000000000,3426,3879465,1256,3569066,4544,7176280
225,7/26/2021 15:00:00,6185,3613486,3904.000000000000000,3300806,409.000000000000000,272573.000000000000000,6594,3886059,4313,3573379,10498,7186778
226,7/27/2021 15:00:00,6332,3619818,4059.000000000000000,3304865,450.000000000000000,273023.000000000000000,6782,3892841,4509,3577888,10841,7197619
227,7/28/2021 15:00:00,6778,3626596,4006.000000000000000,3308871,453.000000000000000,273476.000000000000000,7231,3900072,4459,3582347,11237,7208856
228,7/29/2021 15:00:00,6785,3633381,4147.000000000000000,3313018,410.000000000000000,273886.000000000000000,7195,3907267,4557,3586904,11342,7220198
229,7/30/2021 15:00:00,7494,3640875,4517.000000000000000,3317535,518.000000000000000,274404.000000000000000,8012,3915279,5035,3591939,12529,7232727
230,7/31/2021 15:00:00,4777,3645652,3042.000000000000000,3320577,271.000000000000000,274675.000000000000000,5048,3920327,3313,3595252,8090,7240817
231,8/1/2021 15:00:00,3743,3649395,2082.000000000000000,3322659,153.000000000000000,274828.000000000000000,3896,3924223,2235,3597487,5978,7246795
232,8/2/2021 15:00:00,6992,3656387,3655.000000000000000,3326314,332.000000000000000,275160.000000000000000,7324,3931547,3987,3601474,10979,7257774
233,8/3/2021 15:00:00,6960,3663347,3895.000000000000000,3330209,502.000000000000000,275662.000000000000000,7462,3939009,4397,3605871,11357,7269131
234,8/4/2021 15:00:00,7141,3670488,3894.000000000000000,3334103,527.000000000000000,276189.000000000000000,7668,3946677,4421,3610292,11562,7280693
235,8/5/2021 15:00:00,7622,3678110,4109.000000000000000,3338212,534.000000000000000,276723.000000000000000,8156,3954833,4643,3614935,12265,7292958
236,8/6/2021 15:00:00,8245,3686355,4700.000000000000000,3342912,448.000000000000000,277171.000000000000000,8693,3963526,5148,3620083,13393,7306351
237,8/7/2021 15:00:00,5236,3691591,2793.000000000000000,3345705,262.000000000000000,277433.000000000000000,5498,3969024,3055,3623138,8291,7314642
238,8/8/2021 15:00:00,3936,3695527,2044.000000000000000,3347749,140.000000000000000,277573.000000000000000,4076,3973100,2184,3625322,6120,7320762
239,8/9/2021 15:00:00,6893,3702420,4501.000000000000000,3352250,361.000000000000000,277934.000000000000000,7254,3980354,4862,3630184,11755,7332517
240,8/10/2021 15:00:00,7095,3709515,4441.000000000000000,3356691,334.000000000000000,278268.000000000000000,7429,3987783,4775,3634959,11870,7344387
241,8/11/2021 15:00:00,7016,3716531,4419.000000000000000,3361110,438.000000000000000,278706.000000000000000,7454,3995237,4857,3639816,11873,7356260
242,8/12/2021 15:00:00,8541,3725072,4688.000000000000000,3365798,438.000000000000000,279144.000000000000000,8979,4004216,5126,3644942,13667,7369927
243,8/13/2021 15:00:00,7079,3732151,5340.000000000000000,3371138,381.000000000000000,279525.000000000000000,7460,4011676,5721,3650663,12800,7382727
244,8/14/2021 15:00:00,4908,3737059,3336.000000000000000,3374474,282.000000000000000,279807.000000000000000,5190,4016866,3618,3654281,8526,7391253
245,8/15/2021 15:00:00,3315,3740374,2729.000000000000000,3377203,163.000000000000000,279970.000000000000000,3478,4020344,2892,3657173,6207,7397460
246,8/16/2021 15:00:00,5383,3745757,5056.000000000000000,3382259,348.000000000000000,280318.000000000000000,5731,4026075,5404,3662577,10787,7408247
247,8/17/2021 15:00:00,6914,3752671,5178.000000000000000,3387437,386.000000000000000,280704.000000000000000,7300,4033375,5564,3668141,12478,7420725
248,8/18/2021 15:00:00,6483,3759154,5277.000000000000000,3392714,464.000000000000000,281168.000000000000000,6947,4040322,5741,3673882,12224,7432949
249,8/19/2021 15:00:00,5963,3765117,5307.000000000000000,3398021,406.000000000000000,281574.000000000000000,6369,4046691,5713,3679595,11676,7444625
250,8/20/2021 15:00:00,6985,3772102,6297.000000000000000,3404318,400.000000000000000,281974.000000000000000,7385,4054076,6697,3686292,13682,7458307
251,8/21/2021 15:00:00,4304,3776406,3913.000000000000000,3408231,223.000000000000000,282197.000000000000000,4527,4058603,4136,3690428,8440,7466747
252,8/22/2021 15:00:00,3059,3779465,3153.000000000000000,3411384,109.000000000000000,282306.000000000000000,3168,4061771,3262,3693690,6321,7473068
253,8/23/2021 15:00:00,6139,3785604,5898.000000000000000,3417282,284.000000000000000,282590.000000000000000,6423,4068194,6182,3699872,12321,7485389
254,8/24/2021 15:00:00,6610,3792214,5837.000000000000000,3423119,423.000000000000000,283013.000000000000000,7033,4075227,6260,3706132,12870,7498259
255,8/25/2021 15:00:00,6858,3799072,5985.000000000000000,3429104,432.000000000000000,283445.000000000000000,7290,4082517,6417,3712549,13275,7511534
256,8/26/2021 15:00:00,7147,3806219,6379.000000000000000,3435483,425.000000000000000,283870.000000000000000,7572,4090089,6804,3719353,13951,7525485
257,8/27/2021 15:00:00,6814,3813033,6979.000000000000000,3442462,315.000000000000000,284185.000000000000000,7129,4097218,7294,3726647,14108,7539593
258,8/28/2021 15:00:00,6903,3819936,6468.000000000000000,3448930,324.000000000000000,284509.000000000000000,7227,4104445,6792,3733439,13695,7553288
259,8/29/2021 15:00:00,3745,3823681,3670.000000000000000,3452600,611.000000000000000,285120.000000000000000,4356,4108801,4281,3737720,8026,7561314
260,8/30/2021 15:00:00,5912,3829593,6070.000000000000000,3458670,946.000000000000000,286066.000000000000000,6858,4115659,7016,3744736,12928,7574242
261,8/31/2021 15:00:00,5662,3835255,5907.000000000000000,3464577,945.000000000000000,287011.000000000000000,6607,4122266,6852,3751588,12514,7586756
262,9/1/2021 15:00:00,5484,3840739,5551.000000000000000,3470128,895.000000000000000,287906.000000000000000,6379,4128645,6446,3758034,11930,7598686
263,9/2/2021 15:00:00,5514,3846253,5850.000000000000000,3475978,699.000000000000000,288605.000000000000000,6213,4134858,6549,3764583,12063,7610749
264,9/3/2021 15:00:00,5954,3852207,6852.000000000000000,3482830,968.000000000000000,289573.000000000000000,6922,4141780,7820,3772403,13774,7624523
265,9/4/2021 15:00:00,3717,3855924,4306.000000000000000,3487136,875.000000000000000,290448.000000000000000,4592,4146372,5181,3777584,8898,7633421
266,9/5/2021 15:00:00,2879,3858803,2790.000000000000000,3489926,105.000000000000000,290553.000000000000000,2984,4149356,2895,3780479,5774,7639195
267,9/6/2021 15:00:00,1043,3859846,1140.000000000000000,3491066,62.000000000000000,290615.000000000000000,1105,4150461,1202,3781681,2245,7641440
268,9/7/2021 15:00:00,5261,3865107,7223.000000000000000,3498289,2301.000000000000000,292916.000000000000000,7562,4158023,9524,3791205,14785,7656225
269,9/8/2021 15:00:00,4642,3869749,5423.000000000000000,3503712,364.000000000000000,293280.000000000000000,5006,4163029,5787,3796992,10429,7666654
270,9/9/2021 15:00:00,5040,3874789,5315.000000000000000,3509027,321.000000000000000,293601.000000000000000,5361,4168390,5636,3802628,10676,7677330
271,9/10/2021 15:00:00,6490,3881279,6541.000000000000000,3515568,1709.000000000000000,295310.000000000000000,8199,4176589,8250,3810878,14740,7692070
272,9/11/2021 15:00:00,4031,3885310,4317.000000000000000,3519885,663.000000000000000,295973.000000000000000,4694,4181283,4980,3815858,9011,7701081
273,9/12/2021 15:00:00,3053,3888363,3224.000000000000000,3523109,434.000000000000000,296407.000000000000000,3487,4184770,3658,3819516,6711,7707792
274,9/13/2021 15:00:00,4642,3893005,4812.000000000000000,3527921,346.000000000000000,296753.000000000000000,4988,4189758,5158,3824674,9800,7717592
275,9/14/2021 15:00:00,4549,3897554,5183.000000000000000,3533104,430.000000000000000,297183.000000000000000,4979,4194737,5613,3830287,10162,7727754
276,9/15/2021 15:00:00,4660,3902214,5565.000000000000000,3538669,383.000000000000000,297566.000000000000000,5043,4199780,5948,3836235,10608,7738362
277,9/16/2021 15:00:00,4545,3906759,5567.000000000000000,3544236,328.000000000000000,297894.000000000000000,4873,4204653,5895,3842130,10440,7748802
278,9/17/2021 15:00:00,4965,3911724,6276.000000000000000,3550512,333.000000000000000,298227.000000000000000,5298,4209951,6609,3848739,11574,7760376
279,9/18/2021 15:00:00,3750,3915474,4546.000000000000000,3555058,183.000000000000000,298410.000000000000000,3933,4213884,4729,3853468,8479,7768855
280,9/19/2021 15:00:00,2718,3918192,3159.000000000000000,3558217,75.000000000000000,298485.000000000000000,2793,4216677,3234,3856702,5952,7774807
281,9/20/2021 15:00:00,3506,3921698,4429.000000000000000,3562646,426.000000000000000,298911.000000000000000,3932,4220609,4855,3861557,8361,7783168
282,9/21/2021 15:00:00,3747,3925445,4762.000000000000000,3567408,321.000000000000000,299232.000000000000000,4068,4224677,5083,3866640,8830,7791998
283,9/22/2021 15:00:00,4107,3929552,4686.000000000000000,3572094,451.000000000000000,299683.000000000000000,4558,4229235,5137,3871777,9244,7801242
284,9/23/2021 15:00:00,4137,3933689,4658.000000000000000,3576752,486.000000000000000,300169.000000000000000,4623,4233858,5144,3876921,9281,7810523
285,9/24/2021 15:00:00,5015,3938704,5491.000000000000000,3582243,414.000000000000000,300583.000000000000000,5429,4239287,5905,3882826,10920,7821443
286,9/25/2021 15:00:00,3580,3942284,3616.000000000000000,3585859,384.000000000000000,300967.000000000000000,3964,4243251,4000,3886826,7580,7829023
287,9/26/2021 15:00:00,2327,3944611,2595.000000000000000,3588454,421.000000000000000,301388.000000000000000,2748,4245999,3016,3889842,5343,7834366
288,9/27/2021 15:00:00,4260,3948871,2506.000000000000000,3590960,505.000000000000000,301893.000000000000000,4765,4250764,3011,3892853,7271,7841637
289,9/28/2021 15:00:00,4349,3953220,4339.000000000000000,3595299,210.000000000000000,302103.000000000000000,4559,4255323,4549,3897402,8898,7850535
290,9/29/2021 15:00:00,4662,3957882,4453.000000000000000,3599752,915.000000000000000,303018.000000000000000,5577,4260900,5368,3902770,10030,7860565
291,9/30/2021 15:00:00,4821,3962703,4458.000000000000000,3604210,785.000000000000000,303803.000000000000000,5606,4266506,5243,3908013,10064,7870629
292,10/1/2021 15:00:00,5211,3967914,5118.000000000000000,3609328,754.000000000000000,304557.000000000000000,5965,4272471,5872,3913885,11083,7881712
293,10/2/2021 15:00:00,2632,3970546,2620.000000000000000,3611948,168.000000000000000,304725.000000000000000,2800,4275271,2788,3916673,5420,7887132
294,10/3/2021 15:00:00,1836,3972382,1957.000000000000000,3613905,68.000000000000000,304793.000000000000000,1904,4277175,2025,3918698,3861,7890993
295,10/4/2021 15:00:00,3866,3976248,3110.000000000000000,3617015,207.000000000000000,305000.000000000000000,4073,4281248,3317,3922015,7183,7898176
296,10/5/2021 15:00:00,3763,3980011,3315.000000000000000,3620330,185.000000000000000,305185.000000000000000,3948,4285196,3500,3925515,7263,7905439
297,10/6/2021 15:00:00,3728,3983739,3167.000000000000000,3623497,213.000000000000000,305398.000000000000000,3941,4289137,3380,3928895,7108,7912547
298,10/7/2021 15:00:00,3941,3987680,3122.000000000000000,3626619,295.000000000000000,305693.000000000000000,4236,4293373,3417,3932312,7358,7919905
299,10/8/2021 15:00:00,4362,3992042,3565.000000000000000,3630184,234.000000000000000,305927.000000000000000,4596,4297969,3799,3936111,8161,7928066
300,10/9/2021 15:00:00,1453,3993495,1665.000000000000000,3631849,246.000000000000000,306173.000000000000000,1699,4299668,1911,3938022,3364,7931430
301,10/10/2021 15:00:00,155,3993650,150.000000000000000,3631999,28.000000000000000,306201.000000000000000,183,4299851,178,3938200,333,7931763