OBJECTID,VACCINATION_DATE,FirstDailyDose,FirstDoseCumulative,SecondDailyDose,SecondDoseCumulative,SingleDailyDose,SingleDoseCumulative,AtleastOneVaccine,AtleastOneVaccineCumulative,CompletedVax,CompletedVaxCumulative,FirstSecondSingleVaccination_12,FirstSecondSingleVaccination_13
1,12/14/2020 15:00:00,17,1001,,389,,,17,1001,0,389,17,1306
2,12/15/2020 15:00:00,53,1054,2.000000000000000,391,,,53,1054,2,391,55,1361
3,12/16/2020 15:00:00,575,1629,2.000000000000000,393,,,575,1629,2,393,577,1938
4,12/17/2020 15:00:00,1143,2772,2.000000000000000,395,,,1143,2772,2,395,1145,3083
5,12/18/2020 15:00:00,2988,5760,11.000000000000000,406,,,2988,5760,11,406,2999,6082
6,12/19/2020 15:00:00,918,6678,5.000000000000000,411,,,918,6678,5,411,923,7005
7,12/20/2020 15:00:00,333,7011,4.000000000000000,415,,,333,7011,4,415,337,7342
8,12/21/2020 15:00:00,3857,10868,21.000000000000000,436,,,3857,10868,21,436,3878,11220
9,12/22/2020 15:00:00,6293,17161,18.000000000000000,454,,,6293,17161,18,454,6311,17531
10,12/23/2020 15:00:00,5737,22898,27.000000000000000,481,,,5737,22898,27,481,5764,23295
11,12/24/2020 15:00:00,2717,25615,11.000000000000000,492,,,2717,25615,11,492,2728,26023
12,12/25/2020 15:00:00,1034,26649,3.000000000000000,495,,,1034,26649,3,495,1037,27060
13,12/26/2020 15:00:00,1872,28521,9.000000000000000,504,,,1872,28521,9,504,1881,28941
14,12/27/2020 15:00:00,1791,30312,10.000000000000000,514,,,1791,30312,10,514,1801,30742
15,12/28/2020 15:00:00,8952,39264,39.000000000000000,553,,,8952,39264,39,553,8991,39733
16,12/29/2020 15:00:00,10915,50179,42.000000000000000,595,,,10915,50179,42,595,10957,50690
17,12/30/2020 15:00:00,12453,62632,69.000000000000000,664,,,12453,62632,69,664,12522,63212
18,12/31/2020 15:00:00,7515,70147,35.000000000000000,699,,,7515,70147,35,699,7550,70762
19,1/1/2021 15:00:00,2601,72748,115.000000000000000,814,,,2601,72748,115,814,2716,73478
20,1/2/2021 15:00:00,2981,75729,34.000000000000000,848,,,2981,75729,34,848,3015,76493
21,1/3/2021 15:00:00,3370,79099,79.000000000000000,927,,,3370,79099,79,927,3449,79942
22,1/4/2021 15:00:00,13275,92374,316.000000000000000,1243,,,13275,92374,316,1243,13591,93533
23,1/5/2021 15:00:00,12406,104780,514.000000000000000,1757,,,12406,104780,514,1757,12920,106453
24,1/6/2021 15:00:00,15165,119945,841.000000000000000,2598,,,15165,119945,841,2598,16006,122459
25,1/7/2021 15:00:00,14953,134898,1732.000000000000000,4330,,,14953,134898,1732,4330,16685,139144
26,1/8/2021 15:00:00,23946,158844,2724.000000000000000,7054,,,23946,158844,2724,7054,26670,165814
27,1/9/2021 15:00:00,5133,163977,935.000000000000000,7989,,,5133,163977,935,7989,6068,171882
28,1/10/2021 15:00:00,2924,166901,368.000000000000000,8357,,,2924,166901,368,8357,3292,175174
29,1/11/2021 15:00:00,13674,180575,3430.000000000000000,11787,,,13674,180575,3430,11787,17104,192278
30,1/12/2021 15:00:00,17299,197874,5559.000000000000000,17346,,,17299,197874,5559,17346,22858,215136
31,1/13/2021 15:00:00,18494,216368,3859.000000000000000,21205,,,18494,216368,3859,21205,22353,237489
32,1/14/2021 15:00:00,17776,234144,1923.000000000000000,23128,,,17776,234144,1923,23128,19699,257188
33,1/15/2021 15:00:00,19368,253512,1971.000000000000000,25099,,,19368,253512,1971,25099,21339,278527
34,1/16/2021 15:00:00,5789,259301,1589.000000000000000,26688,,,5789,259301,1589,26688,7378,285905
35,1/17/2021 15:00:00,2097,261398,1467.000000000000000,28155,,,2097,261398,1467,28155,3564,289469
36,1/18/2021 15:00:00,7038,268436,3232.000000000000000,31387,,,7038,268436,3232,31387,10270,299739
37,1/19/2021 15:00:00,16871,285307,5316.000000000000000,36703,,,16871,285307,5316,36703,22187,321926
38,1/20/2021 15:00:00,20950,306257,5197.000000000000000,41900,,,20950,306257,5197,41900,26147,348073
39,1/21/2021 15:00:00,23590,329847,3681.000000000000000,45581,,,23590,329847,3681,45581,27271,375344
40,1/22/2021 15:00:00,28561,358408,3603.000000000000000,49184,,,28561,358408,3603,49184,32164,407508
41,1/23/2021 15:00:00,10057,368465,1880.000000000000000,51064,,,10057,368465,1880,51064,11937,419445
42,1/24/2021 15:00:00,3335,371800,1707.000000000000000,52771,,,3335,371800,1707,52771,5042,424487
43,1/25/2021 15:00:00,16253,388053,8523.000000000000000,61294,,,16253,388053,8523,61294,24776,449263
44,1/26/2021 15:00:00,17511,405564,8898.000000000000000,70192,,,17511,405564,8898,70192,26409,475672
45,1/27/2021 15:00:00,24346,429910,12394.000000000000000,82586,,,24346,429910,12394,82586,36740,512412
46,1/28/2021 15:00:00,22621,452531,9208.000000000000000,91794,,,22621,452531,9208,91794,31829,544241
47,1/29/2021 15:00:00,24720,477251,7755.000000000000000,99549,,,24720,477251,7755,99549,32475,576716
48,1/30/2021 15:00:00,17731,494982,2494.000000000000000,102043,,,17731,494982,2494,102043,20225,596941
49,1/31/2021 15:00:00,3744,498726,1311.000000000000000,103354,,,3744,498726,1311,103354,5055,601996
50,2/1/2021 15:00:00,7605,506331,5071.000000000000000,108425,,,7605,506331,5071,108425,12676,614672
51,2/2/2021 15:00:00,12397,518728,13679.000000000000000,122104,,,12397,518728,13679,122104,26076,640748
52,2/3/2021 15:00:00,18158,536886,18005.000000000000000,140109,,,18158,536886,18005,140109,36163,676911
53,2/4/2021 15:00:00,22019,558905,15678.000000000000000,155787,,,22019,558905,15678,155787,37697,714608
54,2/5/2021 15:00:00,20234,579139,17317.000000000000000,173104,,,20234,579139,17317,173104,37551,752159
55,2/6/2021 15:00:00,11250,590389,14416.000000000000000,187520,,,11250,590389,14416,187520,25666,777825
56,2/7/2021 15:00:00,5899,596288,1767.000000000000000,189287,,,5899,596288,1767,189287,7666,785491
57,2/8/2021 15:00:00,12912,609200,12852.000000000000000,202139,,,12912,609200,12852,202139,25764,811255
58,2/9/2021 15:00:00,16572,625772,13773.000000000000000,215912,,,16572,625772,13773,215912,30345,841600
59,2/10/2021 15:00:00,19213,644985,21133.000000000000000,237045,,,19213,644985,21133,237045,40346,881946
60,2/11/2021 15:00:00,22836,667821,17230.000000000000000,254275,,,22836,667821,17230,254275,40066,922012
61,2/12/2021 15:00:00,20313,688134,19537.000000000000000,273812,,,20313,688134,19537,273812,39850,961862
62,2/13/2021 15:00:00,11377,699511,6356.000000000000000,280168,,,11377,699511,6356,280168,17733,979595
63,2/14/2021 15:00:00,7089,706600,2084.000000000000000,282252,,,7089,706600,2084,282252,9173,988768
64,2/15/2021 15:00:00,11720,718320,13133.000000000000000,295385,,,11720,718320,13133,295385,24853,1013621
65,2/16/2021 15:00:00,16536,734856,20947.000000000000000,316332,,,16536,734856,20947,316332,37483,1051104
66,2/17/2021 15:00:00,20601,755457,26313.000000000000000,342645,,,20601,755457,26313,342645,46914,1098018
67,2/18/2021 15:00:00,3167,758624,4519.000000000000000,347164,,,3167,758624,4519,347164,7686,1105704
68,2/19/2021 15:00:00,10243,768867,19846.000000000000000,367010,,,10243,768867,19846,367010,30089,1135793
69,2/20/2021 15:00:00,10293,779160,20195.000000000000000,387205,,,10293,779160,20195,387205,30488,1166281
70,2/21/2021 15:00:00,6146,785306,7606.000000000000000,394811,,,6146,785306,7606,394811,13752,1180033
71,2/22/2021 15:00:00,7991,793297,15409.000000000000000,410220,,,7991,793297,15409,410220,23400,1203433
72,2/23/2021 15:00:00,15489,808786,15860.000000000000000,426080,,,15489,808786,15860,426080,31349,1234782
73,2/24/2021 15:00:00,17890,826676,24666.000000000000000,450746,,,17890,826676,24666,450746,42556,1277338
74,2/25/2021 15:00:00,20332,847008,26418.000000000000000,477164,,,20332,847008,26418,477164,46750,1324088
75,2/26/2021 15:00:00,26656,873664,26072.000000000000000,503236,,,26656,873664,26072,503236,52728,1376816
76,2/27/2021 15:00:00,15944,889608,11026.000000000000000,514262,,,15944,889608,11026,514262,26970,1403786
77,2/28/2021 15:00:00,15484,905092,4781.000000000000000,519043,,,15484,905092,4781,519043,20265,1424051
78,3/1/2021 15:00:00,26038,931130,12286.000000000000000,531329,,,26038,931130,12286,531329,38324,1462375
79,3/2/2021 15:00:00,23765,954895,13155.000000000000000,544484,31.000000000000000,31.000000000000000,23796,954926,13186,544515,36951,1499326
80,3/3/2021 15:00:00,29998,984893,18293.000000000000000,562777,179.000000000000000,210.000000000000000,30177,985103,18472,562987,48470,1547796
81,3/4/2021 15:00:00,30887,1015780,18085.000000000000000,580862,4063.000000000000000,4273.000000000000000,34950,1020053,22148,585135,53035,1600831
82,3/5/2021 15:00:00,29348,1045128,19354.000000000000000,600216,4911.000000000000000,9184.000000000000000,34259,1054312,24265,609400,53613,1654444
83,3/6/2021 15:00:00,17800,1062928,8912.000000000000000,609128,6004.000000000000000,15188.000000000000000,23804,1078116,14916,624316,32716,1687160
84,3/7/2021 15:00:00,12073,1075001,4785.000000000000000,613913,6610.000000000000000,21798.000000000000000,18683,1096799,11395,635711,23468,1710628
85,3/8/2021 15:00:00,25784,1100785,8754.000000000000000,622667,8280.000000000000000,30078.000000000000000,34064,1130863,17034,652745,42818,1753446
86,3/9/2021 15:00:00,26028,1126813,15336.000000000000000,638003,8341.000000000000000,38419.000000000000000,34369,1165232,23677,676422,49705,1803151
87,3/10/2021 15:00:00,29763,1156576,15883.000000000000000,653886,7938.000000000000000,46357.000000000000000,37701,1202933,23821,700243,53584,1856735
88,3/11/2021 15:00:00,35883,1192459,16358.000000000000000,670244,3979.000000000000000,50336.000000000000000,39862,1242795,20337,720580,56220,1912955
89,3/12/2021 15:00:00,36833,1229292,17965.000000000000000,688209,2924.000000000000000,53260.000000000000000,39757,1282552,20889,741469,57722,1970677
90,3/13/2021 15:00:00,22620,1251912,10217.000000000000000,698426,1603.000000000000000,54863.000000000000000,24223,1306775,11820,753289,34440,2005117
91,3/14/2021 15:00:00,17824,1269736,6662.000000000000000,705088,995.000000000000000,55858.000000000000000,18819,1325594,7657,760946,25481,2030598
92,3/15/2021 15:00:00,29712,1299448,11197.000000000000000,716285,592.000000000000000,56450.000000000000000,30304,1355898,11789,772735,41501,2072099
93,3/16/2021 15:00:00,33341,1332789,13478.000000000000000,729763,761.000000000000000,57211.000000000000000,34102,1390000,14239,786974,47580,2119679
94,3/17/2021 15:00:00,37487,1370276,16926.000000000000000,746689,1174.000000000000000,58385.000000000000000,38661,1428661,18100,805074,55587,2175266
95,3/18/2021 15:00:00,41326,1411602,12486.000000000000000,759175,1347.000000000000000,59732.000000000000000,42673,1471334,13833,818907,55159,2230425
96,3/19/2021 15:00:00,38227,1449829,15323.000000000000000,774498,1034.000000000000000,60766.000000000000000,39261,1510595,16357,835264,54584,2285009
97,3/20/2021 15:00:00,24618,1474447,10055.000000000000000,784553,692.000000000000000,61458.000000000000000,25310,1535905,10747,846011,35365,2320374
98,3/21/2021 15:00:00,19115,1493562,7805.000000000000000,792358,331.000000000000000,61789.000000000000000,19446,1555351,8136,854147,27251,2347625
99,3/22/2021 15:00:00,32494,1526056,11385.000000000000000,803743,832.000000000000000,62621.000000000000000,33326,1588677,12217,866364,44711,2392336
100,3/23/2021 15:00:00,37689,1563745,17234.000000000000000,820977,1550.000000000000000,64171.000000000000000,39239,1627916,18784,885148,56473,2448809
101,3/24/2021 15:00:00,40979,1604724,21080.000000000000000,842057,1376.000000000000000,65547.000000000000000,42355,1670271,22456,907604,63435,2512244
102,3/25/2021 15:00:00,42263,1646987,20894.000000000000000,862951,2456.000000000000000,68003.000000000000000,44719,1714990,23350,930954,65613,2577857
103,3/26/2021 15:00:00,36529,1683516,26181.000000000000000,889132,2499.000000000000000,70502.000000000000000,39028,1754018,28680,959634,65209,2643066
104,3/27/2021 15:00:00,26884,1710400,16715.000000000000000,905847,2482.000000000000000,72984.000000000000000,29366,1783384,19197,978831,46081,2689147
105,3/28/2021 15:00:00,16991,1727391,12584.000000000000000,918431,1613.000000000000000,74597.000000000000000,18604,1801988,14197,993028,31188,2720335
106,3/29/2021 15:00:00,29659,1757050,26155.000000000000000,944586,1139.000000000000000,75736.000000000000000,30798,1832786,27294,1020322,56953,2777288
107,3/30/2021 15:00:00,39962,1797012,28856.000000000000000,973442,1851.000000000000000,77587.000000000000000,41813,1874599,30707,1051029,70669,2847957
108,3/31/2021 15:00:00,40961,1837973,34516.000000000000000,1007958,5744.000000000000000,83331.000000000000000,46705,1921304,40260,1091289,81221,2929178
109,4/1/2021 15:00:00,40708,1878681,39642.000000000000000,1047600,5613.000000000000000,88944.000000000000000,46321,1967625,45255,1136544,85963,3015141
110,4/2/2021 15:00:00,34900,1913581,32420.000000000000000,1080020,6106.000000000000000,95050.000000000000000,41006,2008631,38526,1175070,73426,3088567
111,4/3/2021 15:00:00,21576,1935157,18639.000000000000000,1098659,4364.000000000000000,99414.000000000000000,25940,2034571,23003,1198073,44579,3133146
112,4/4/2021 15:00:00,8223,1943380,10152.000000000000000,1108811,961.000000000000000,100375.000000000000000,9184,2043755,11113,1209186,19336,3152482
113,4/5/2021 15:00:00,27829,1971209,28792.000000000000000,1137603,6644.000000000000000,107019.000000000000000,34473,2078228,35436,1244622,63265,3215747
114,4/6/2021 15:00:00,39677,2010886,30331.000000000000000,1167934,10478.000000000000000,117497.000000000000000,50155,2128383,40809,1285431,80486,3296233
115,4/7/2021 15:00:00,35968,2046854,34115.000000000000000,1202049,12956.000000000000000,130453.000000000000000,48924,2177307,47071,1332502,83039,3379272
116,4/8/2021 15:00:00,42209,2089063,35927.000000000000000,1237976,13841.000000000000000,144294.000000000000000,56050,2233357,49768,1382270,91977,3471249
117,4/9/2021 15:00:00,33950,2123013,36219.000000000000000,1274195,14521.000000000000000,158815.000000000000000,48471,2281828,50740,1433010,84690,3555939
118,4/10/2021 15:00:00,23412,2146425,23061.000000000000000,1297256,7616.000000000000000,166431.000000000000000,31028,2312856,30677,1463687,54089,3610028
119,4/11/2021 15:00:00,17535,2163960,13240.000000000000000,1310496,10121.000000000000000,176552.000000000000000,27656,2340512,23361,1487048,40896,3650924
120,4/12/2021 15:00:00,24528,2188488,33075.000000000000000,1343571,10883.000000000000000,187435.000000000000000,35411,2375923,43958,1531006,68486,3719410
121,4/13/2021 15:00:00,126726,2315214,90510.000000000000000,1434081,3292.000000000000000,190727.000000000000000,130018,2505941,93802,1624808,220528,3939938
122,4/14/2021 15:00:00,40652,2355866,37696.000000000000000,1471777,208.000000000000000,190935.000000000000000,40860,2546801,37904,1662712,78556,4018494
123,4/15/2021 15:00:00,41634,2397500,39070.000000000000000,1510847,172.000000000000000,191107.000000000000000,41806,2588607,39242,1701954,80876,4099370
124,4/16/2021 15:00:00,37163,2434663,38652.000000000000000,1549499,23.000000000000000,191130.000000000000000,37186,2625793,38675,1740629,75838,4175208
125,4/17/2021 15:00:00,32752,2467415,21952.000000000000000,1571451,12.000000000000000,191142.000000000000000,32764,2658557,21964,1762593,54716,4229924
126,4/18/2021 15:00:00,20050,2487465,16133.000000000000000,1587584,5.000000000000000,191147.000000000000000,20055,2678612,16138,1778731,36188,4266112
127,4/19/2021 15:00:00,29852,2517317,36425.000000000000000,1624009,61.000000000000000,191208.000000000000000,29913,2708525,36486,1815217,66338,4332450
128,4/20/2021 15:00:00,33064,2550381,44078.000000000000000,1668087,54.000000000000000,191262.000000000000000,33118,2741643,44132,1859349,77196,4409646
129,4/21/2021 15:00:00,39754,2590135,46818.000000000000000,1714905,21.000000000000000,191283.000000000000000,39775,2781418,46839,1906188,86593,4496239
130,4/22/2021 15:00:00,36356,2626491,41897.000000000000000,1756802,16.000000000000000,191299.000000000000000,36372,2817790,41913,1948101,78269,4574508
131,4/23/2021 15:00:00,33065,2659556,39908.000000000000000,1796710,13.000000000000000,191312.000000000000000,33078,2850868,39921,1988022,72986,4647494
132,4/24/2021 15:00:00,26376,2685932,27782.000000000000000,1824492,80.000000000000000,191392.000000000000000,26456,2877324,27862,2015884,54238,4701732
133,4/25/2021 15:00:00,20200,2706132,10903.000000000000000,1835395,30.000000000000000,191422.000000000000000,20230,2897554,10933,2026817,31133,4732865
134,4/26/2021 15:00:00,27376,2733508,32544.000000000000000,1867939,203.000000000000000,191625.000000000000000,27579,2925133,32747,2059564,60123,4792988
135,4/27/2021 15:00:00,26687,2760195,32884.000000000000000,1900823,1096.000000000000000,192721.000000000000000,27783,2952916,33980,2093544,60667,4853655
136,4/28/2021 15:00:00,28891,2789086,39351.000000000000000,1940174,1362.000000000000000,194083.000000000000000,30253,2983169,40713,2134257,69604,4923259
137,4/29/2021 15:00:00,27280,2816366,39290.000000000000000,1979464,1462.000000000000000,195545.000000000000000,28742,3011911,40752,2175009,68032,4991291
138,4/30/2021 15:00:00,28154,2844520,32025.000000000000000,2011489,1641.000000000000000,197186.000000000000000,29795,3041706,33666,2208675,61820,5053111
139,5/1/2021 15:00:00,20393,2864913,26268.000000000000000,2037757,1022.000000000000000,198208.000000000000000,21415,3063121,27290,2235965,47683,5100794
140,5/2/2021 15:00:00,10262,2875175,16980.000000000000000,2054737,818.000000000000000,199026.000000000000000,11080,3074201,17798,2253763,28060,5128854
141,5/3/2021 15:00:00,12707,2887882,28581.000000000000000,2083318,1909.000000000000000,200935.000000000000000,14616,3088817,30490,2284253,43197,5172051
142,5/4/2021 15:00:00,13501,2901383,38315.000000000000000,2121633,1731.000000000000000,202666.000000000000000,15232,3104049,40046,2324299,53547,5225598
143,5/5/2021 15:00:00,19303,2920686,37605.000000000000000,2159238,1918.000000000000000,204584.000000000000000,21221,3125270,39523,2363822,58826,5284424
144,5/6/2021 15:00:00,16910,2937596,40466.000000000000000,2199704,1714.000000000000000,206298.000000000000000,18624,3143894,42180,2406002,59090,5343514
145,5/7/2021 15:00:00,17367,2954963,35902.000000000000000,2235606,1955.000000000000000,208253.000000000000000,19322,3163216,37857,2443859,55224,5398738
146,5/8/2021 15:00:00,10769,2965732,31130.000000000000000,2266736,1291.000000000000000,209544.000000000000000,12060,3175276,32421,2476280,43190,5441928
147,5/9/2021 15:00:00,5045,2970777,11880.000000000000000,2278616,695.000000000000000,210239.000000000000000,5740,3181016,12575,2488855,17620,5459548
148,5/10/2021 15:00:00,8930,2979707,30942.000000000000000,2309558,1357.000000000000000,211596.000000000000000,10287,3191303,32299,2521154,41229,5500777
149,5/11/2021 15:00:00,12176,2991883,30177.000000000000000,2339735,1435.000000000000000,213031.000000000000000,13611,3204914,31612,2552766,43788,5544565
150,5/12/2021 15:00:00,13922,3005805,38496.000000000000000,2378231,1914.000000000000000,214945.000000000000000,15836,3220750,40410,2593176,54332,5598897
151,5/13/2021 15:00:00,21797,3027602,33364.000000000000000,2411595,1346.000000000000000,216291.000000000000000,23143,3243893,34710,2627886,56507,5655404
152,5/14/2021 15:00:00,24310,3051912,29912.000000000000000,2441507,1770.000000000000000,218061.000000000000000,26080,3269973,31682,2659568,55992,5711396
153,5/15/2021 15:00:00,21868,3073780,25031.000000000000000,2466538,1490.000000000000000,219551.000000000000000,23358,3293331,26521,2686089,48389,5759785
154,5/16/2021 15:00:00,9062,3082842,17517.000000000000000,2484055,1111.000000000000000,220662.000000000000000,10173,3303504,18628,2704717,27690,5787475
155,5/17/2021 15:00:00,16819,3099661,28274.000000000000000,2512329,1948.000000000000000,222610.000000000000000,18767,3322271,30222,2734939,47041,5834516
156,5/18/2021 15:00:00,21229,3120890,30616.000000000000000,2542945,1941.000000000000000,224551.000000000000000,23170,3345441,32557,2767496,53786,5888302
157,5/19/2021 15:00:00,27566,3148456,32309.000000000000000,2575254,1622.000000000000000,226173.000000000000000,29188,3374629,33931,2801427,61497,5949799
158,5/20/2021 15:00:00,20776,3169232,33148.000000000000000,2608402,1963.000000000000000,228136.000000000000000,22739,3397368,35111,2836538,55887,6005686
159,5/21/2021 15:00:00,19112,3188344,30166.000000000000000,2638568,1606.000000000000000,229742.000000000000000,20718,3418086,31772,2868310,50884,6056570
160,5/22/2021 15:00:00,16893,3205237,20613.000000000000000,2659181,1269.000000000000000,231011.000000000000000,18162,3436248,21882,2890192,38775,6095345
161,5/23/2021 15:00:00,8746,3213983,11410.000000000000000,2670591,963.000000000000000,231974.000000000000000,9709,3445957,12373,2902565,21119,6116464
162,5/24/2021 15:00:00,13561,3227544,17687.000000000000000,2688278,1476.000000000000000,233450.000000000000000,15037,3460994,19163,2921728,32724,6149188
163,5/25/2021 15:00:00,13006,3240550,18618.000000000000000,2706896,1327.000000000000000,234777.000000000000000,14333,3475327,19945,2941673,32951,6182139
164,5/26/2021 15:00:00,18263,3258813,19400.000000000000000,2726296,1505.000000000000000,236282.000000000000000,19768,3495095,20905,2962578,39168,6221307
165,5/27/2021 15:00:00,11671,3270484,18596.000000000000000,2744892,1115.000000000000000,237397.000000000000000,12786,3507881,19711,2982289,31382,6252689
166,5/28/2021 15:00:00,12512,3282996,19678.000000000000000,2764570,1395.000000000000000,238792.000000000000000,13907,3521788,21073,3003362,33585,6286274
167,5/29/2021 15:00:00,9547,3292543,11612.000000000000000,2776182,936.000000000000000,239728.000000000000000,10483,3532271,12548,3015910,22095,6308369
168,5/30/2021 15:00:00,4967,3297510,6405.000000000000000,2782587,597.000000000000000,240325.000000000000000,5564,3537835,7002,3022912,11969,6320338
169,5/31/2021 15:00:00,1772,3299282,3698.000000000000000,2786285,305.000000000000000,240630.000000000000000,2077,3539912,4003,3026915,5775,6326113
170,6/1/2021 15:00:00,9743,3309025,16234.000000000000000,2802519,1148.000000000000000,241778.000000000000000,10891,3550803,17382,3044297,27125,6353238
171,6/2/2021 15:00:00,10212,3319237,16761.000000000000000,2819280,958.000000000000000,242736.000000000000000,11170,3561973,17719,3062016,27931,6381169
172,6/3/2021 15:00:00,7896,3327133,21106.000000000000000,2840386,1085.000000000000000,243821.000000000000000,8981,3570954,22191,3084207,30087,6411256
173,6/4/2021 15:00:00,8215,3335348,22209.000000000000000,2862595,1121.000000000000000,244942.000000000000000,9336,3580290,23330,3107537,31545,6442801
174,6/5/2021 15:00:00,7007,3342355,19387.000000000000000,2881982,718.000000000000000,245660.000000000000000,7725,3588015,20105,3127642,27112,6469913
175,6/6/2021 15:00:00,3468,3345823,7188.000000000000000,2889170,421.000000000000000,246081.000000000000000,3889,3591904,7609,3135251,11077,6480990
176,6/7/2021 15:00:00,6847,3352670,15715.000000000000000,2904885,725.000000000000000,246806.000000000000000,7572,3599476,16440,3151691,23287,6504277
177,6/8/2021 15:00:00,6667,3359337,19646.000000000000000,2924531,817.000000000000000,247623.000000000000000,7484,3606960,20463,3172154,27130,6531407
178,6/9/2021 15:00:00,8196,3367533,23865.000000000000000,2948396,968.000000000000000,248591.000000000000000,9164,3616124,24833,3196987,33029,6564436
179,6/10/2021 15:00:00,7163,3374696,19051.000000000000000,2967447,894.000000000000000,249485.000000000000000,8057,3624181,19945,3216932,27108,6591544
180,6/11/2021 15:00:00,7447,3382143,17663.000000000000000,2985110,1124.000000000000000,250609.000000000000000,8571,3632752,18787,3235719,26234,6617778
181,6/12/2021 15:00:00,5235,3387378,14695.000000000000000,2999805,604.000000000000000,251213.000000000000000,5839,3638591,15299,3251018,20534,6638312
182,6/13/2021 15:00:00,1930,3389308,7545.000000000000000,3007350,425.000000000000000,251638.000000000000000,2355,3640946,7970,3258988,9900,6648212
183,6/14/2021 15:00:00,5653,3394961,11794.000000000000000,3019144,728.000000000000000,252366.000000000000000,6381,3647327,12522,3271510,18175,6666387
184,6/15/2021 15:00:00,5639,3400600,14271.000000000000000,3033415,869.000000000000000,253235.000000000000000,6508,3653835,15140,3286650,20779,6687166
185,6/16/2021 15:00:00,8745,3409345,21539.000000000000000,3054954,757.000000000000000,253992.000000000000000,9502,3663337,22296,3308946,31041,6718207
186,6/17/2021 15:00:00,6672,3416017,12329.000000000000000,3067283,718.000000000000000,254710.000000000000000,7390,3670727,13047,3321993,19719,6737926
187,6/18/2021 15:00:00,6849,3422866,12671.000000000000000,3079954,704.000000000000000,255414.000000000000000,7553,3678280,13375,3335368,20224,6758150
188,6/19/2021 15:00:00,4655,3427521,9351.000000000000000,3089305,613.000000000000000,256027.000000000000000,5268,3683548,9964,3345332,14619,6772769
189,6/20/2021 15:00:00,2503,3430024,5024.000000000000000,3094329,377.000000000000000,256404.000000000000000,2880,3686428,5401,3350733,7904,6780673
190,6/21/2021 15:00:00,5545,3435569,5314.000000000000000,3099643,636.000000000000000,257040.000000000000000,6181,3692609,5950,3356683,11495,6792168
191,6/22/2021 15:00:00,5186,3440755,8829.000000000000000,3108472,681.000000000000000,257721.000000000000000,5867,3698476,9510,3366193,14696,6806864
192,6/23/2021 15:00:00,6053,3446808,10288.000000000000000,3118760,641.000000000000000,258362.000000000000000,6694,3705170,10929,3377122,16982,6823846
193,6/24/2021 15:00:00,5926,3452734,8172.000000000000000,3126932,593.000000000000000,258955.000000000000000,6519,3711689,8765,3385887,14691,6838537
194,6/25/2021 15:00:00,5822,3458556,8616.000000000000000,3135548,620.000000000000000,259575.000000000000000,6442,3718131,9236,3395123,15058,6853595
195,6/26/2021 15:00:00,3697,3462253,6290.000000000000000,3141838,396.000000000000000,259971.000000000000000,4093,3722224,6686,3401809,10383,6863978
196,6/27/2021 15:00:00,2797,3465050,3524.000000000000000,3145362,182.000000000000000,260153.000000000000000,2979,3725203,3706,3405515,6503,6870481
197,6/28/2021 15:00:00,4724,3469774,6099.000000000000000,3151461,521.000000000000000,260674.000000000000000,5245,3730448,6620,3412135,11344,6881825
198,6/29/2021 15:00:00,5056,3474830,6465.000000000000000,3157926,517.000000000000000,261191.000000000000000,5573,3736021,6982,3419117,12038,6893863
199,6/30/2021 15:00:00,5596,3480426,7411.000000000000000,3165337,603.000000000000000,261794.000000000000000,6199,3742220,8014,3427131,13610,6907473
200,7/1/2021 15:00:00,5315,3485741,6946.000000000000000,3172283,489.000000000000000,262283.000000000000000,5804,3748024,7435,3434566,12750,6920223
201,7/2/2021 15:00:00,5281,3491022,6839.000000000000000,3179122,519.000000000000000,262802.000000000000000,5800,3753824,7358,3441924,12639,6932862
202,7/3/2021 15:00:00,3257,3494279,4063.000000000000000,3183185,260.000000000000000,263062.000000000000000,3517,3757341,4323,3446247,7580,6940442
203,7/4/2021 15:00:00,492,3494771,541.000000000000000,3183726,66.000000000000000,263128.000000000000000,558,3757899,607,3446854,1099,6941541
204,7/5/2021 15:00:00,3750,3498521,3962.000000000000000,3187688,282.000000000000000,263410.000000000000000,4032,3761931,4244,3451098,7994,6949535
205,7/6/2021 15:00:00,4473,3502994,6229.000000000000000,3193917,450.000000000000000,263860.000000000000000,4923,3766854,6679,3457777,11152,6960687
206,7/7/2021 15:00:00,4452,3507446,6375.000000000000000,3200292,482.000000000000000,264342.000000000000000,4934,3771788,6857,3464634,11309,6971996
207,7/8/2021 15:00:00,4826,3512272,6130.000000000000000,3206422,563.000000000000000,264905.000000000000000,5389,3777177,6693,3471327,11519,6983515
208,7/9/2021 15:00:00,5345,3517617,6618.000000000000000,3213040,572.000000000000000,265477.000000000000000,5917,3783094,7190,3478517,12535,6996050
209,7/10/2021 15:00:00,3513,3521130,4374.000000000000000,3217414,301.000000000000000,265778.000000000000000,3814,3786908,4675,3483192,8188,7004238
210,7/11/2021 15:00:00,2664,3523794,2551.000000000000000,3219965,222.000000000000000,266000.000000000000000,2886,3789794,2773,3485965,5437,7009675
211,7/12/2021 15:00:00,4404,3528198,5108.000000000000000,3225073,374.000000000000000,266374.000000000000000,4778,3794572,5482,3491447,9886,7019561
212,7/13/2021 15:00:00,4740,3532938,4592.000000000000000,3229665,364.000000000000000,266738.000000000000000,5104,3799676,4956,3496403,9696,7029257
213,7/14/2021 15:00:00,4596,3537534,5246.000000000000000,3234911,421.000000000000000,267159.000000000000000,5017,3804693,5667,3502070,10263,7039520
214,7/15/2021 15:00:00,4867,3542401,4979.000000000000000,3239890,356.000000000000000,267515.000000000000000,5223,3809916,5335,3507405,10202,7049722
215,7/16/2021 15:00:00,6266,3548667,5816.000000000000000,3245706,401.000000000000000,267916.000000000000000,6667,3816583,6217,3513622,12483,7062205
216,7/17/2021 15:00:00,3402,3552069,3548.000000000000000,3249254,299.000000000000000,268215.000000000000000,3701,3820284,3847,3517469,7249,7069454
217,7/18/2021 15:00:00,2298,3554367,2367.000000000000000,3251621,110.000000000000000,268325.000000000000000,2408,3822692,2477,3519946,4775,7074229
218,7/19/2021 15:00:00,5245,3559612,4466.000000000000000,3256087,376.000000000000000,268701.000000000000000,5621,3828313,4842,3524788,10087,7084316
219,7/20/2021 15:00:00,5324,3564936,4690.000000000000000,3260777,366.000000000000000,269067.000000000000000,5690,3834003,5056,3529844,10380,7094696
220,7/21/2021 15:00:00,5626,3570562,4936.000000000000000,3265713,415.000000000000000,269482.000000000000000,6041,3840044,5351,3535195,10977,7105673
221,7/22/2021 15:00:00,6005,3576567,4649.000000000000000,3270362,407.000000000000000,269889.000000000000000,6412,3846456,5056,3540251,11061,7116734
222,7/23/2021 15:00:00,6824,3583391,4873.000000000000000,3275235,490.000000000000000,270379.000000000000000,7314,3853770,5363,3545614,12187,7128921
223,7/24/2021 15:00:00,4276,3587667,3207.000000000000000,3278442,267.000000000000000,270646.000000000000000,4543,3858313,3474,3549088,7750,7136671
224,7/25/2021 15:00:00,3290,3590957,1122.000000000000000,3279564,138.000000000000000,270784.000000000000000,3428,3861741,1260,3550348,4550,7141221
225,7/26/2021 15:00:00,6197,3597154,3912.000000000000000,3283476,412.000000000000000,271196.000000000000000,6609,3868350,4324,3554672,10521,7151742
226,7/27/2021 15:00:00,6341,3603495,4070.000000000000000,3287546,453.000000000000000,271649.000000000000000,6794,3875144,4523,3559195,10864,7162606
227,7/28/2021 15:00:00,6790,3610285,4025.000000000000000,3291571,458.000000000000000,272107.000000000000000,7248,3882392,4483,3563678,11273,7173879
228,7/29/2021 15:00:00,6801,3617086,4167.000000000000000,3295738,413.000000000000000,272520.000000000000000,7214,3889606,4580,3568258,11381,7185260
229,7/30/2021 15:00:00,7515,3624601,4551.000000000000000,3300289,521.000000000000000,273041.000000000000000,8036,3897642,5072,3573330,12587,7197847
230,7/31/2021 15:00:00,4776,3629377,3050.000000000000000,3303339,273.000000000000000,273314.000000000000000,5049,3902691,3323,3576653,8099,7205946
231,8/1/2021 15:00:00,3780,3633157,2105.000000000000000,3305444,154.000000000000000,273468.000000000000000,3934,3906625,2259,3578912,6039,7211985
232,8/2/2021 15:00:00,7006,3640163,3660.000000000000000,3309104,335.000000000000000,273803.000000000000000,7341,3913966,3995,3582907,11001,7222986
233,8/3/2021 15:00:00,6982,3647145,3920.000000000000000,3313024,506.000000000000000,274309.000000000000000,7488,3921454,4426,3587333,11408,7234394
234,8/4/2021 15:00:00,7149,3654294,3909.000000000000000,3316933,528.000000000000000,274837.000000000000000,7677,3929131,4437,3591770,11586,7245980
235,8/5/2021 15:00:00,7651,3661945,4118.000000000000000,3321051,535.000000000000000,275372.000000000000000,8186,3937317,4653,3596423,12304,7258284
236,8/6/2021 15:00:00,8273,3670218,4723.000000000000000,3325774,449.000000000000000,275821.000000000000000,8722,3946039,5172,3601595,13445,7271729
237,8/7/2021 15:00:00,5242,3675460,2808.000000000000000,3328582,264.000000000000000,276085.000000000000000,5506,3951545,3072,3604667,8314,7280043
238,8/8/2021 15:00:00,3944,3679404,2049.000000000000000,3330631,141.000000000000000,276226.000000000000000,4085,3955630,2190,3606857,6134,7286177
239,8/9/2021 15:00:00,6903,3686307,4520.000000000000000,3335151,364.000000000000000,276590.000000000000000,7267,3962897,4884,3611741,11787,7297964
240,8/10/2021 15:00:00,7107,3693414,4460.000000000000000,3339611,337.000000000000000,276927.000000000000000,7444,3970341,4797,3616538,11904,7309868
241,8/11/2021 15:00:00,7023,3700437,4433.000000000000000,3344044,439.000000000000000,277366.000000000000000,7462,3977803,4872,3621410,11895,7321763
242,8/12/2021 15:00:00,8560,3708997,4717.000000000000000,3348761,440.000000000000000,277806.000000000000000,9000,3986803,5157,3626567,13717,7335480
243,8/13/2021 15:00:00,7107,3716104,5356.000000000000000,3354117,388.000000000000000,278194.000000000000000,7495,3994298,5744,3632311,12851,7348331
244,8/14/2021 15:00:00,4911,3721015,3346.000000000000000,3357463,284.000000000000000,278478.000000000000000,5195,3999493,3630,3635941,8541,7356872
245,8/15/2021 15:00:00,3315,3724330,2734.000000000000000,3360197,164.000000000000000,278642.000000000000000,3479,4002972,2898,3638839,6213,7363085
246,8/16/2021 15:00:00,5407,3729737,5077.000000000000000,3365274,348.000000000000000,278990.000000000000000,5755,4008727,5425,3644264,10832,7373917
247,8/17/2021 15:00:00,6938,3736675,5191.000000000000000,3370465,387.000000000000000,279377.000000000000000,7325,4016052,5578,3649842,12516,7386433
248,8/18/2021 15:00:00,6498,3743173,5299.000000000000000,3375764,470.000000000000000,279847.000000000000000,6968,4023020,5769,3655611,12267,7398700
249,8/19/2021 15:00:00,5970,3749143,5323.000000000000000,3381087,410.000000000000000,280257.000000000000000,6380,4029400,5733,3661344,11703,7410403
250,8/20/2021 15:00:00,7020,3756163,6319.000000000000000,3387406,401.000000000000000,280658.000000000000000,7421,4036821,6720,3668064,13740,7424143
251,8/21/2021 15:00:00,4309,3760472,3922.000000000000000,3391328,225.000000000000000,280883.000000000000000,4534,4041355,4147,3672211,8456,7432599
252,8/22/2021 15:00:00,3062,3763534,3164.000000000000000,3394492,109.000000000000000,280992.000000000000000,3171,4044526,3273,3675484,6335,7438934
253,8/23/2021 15:00:00,6148,3769682,5917.000000000000000,3400409,285.000000000000000,281277.000000000000000,6433,4050959,6202,3681686,12350,7451284
254,8/24/2021 15:00:00,6620,3776302,5875.000000000000000,3406284,423.000000000000000,281700.000000000000000,7043,4058002,6298,3687984,12918,7464202
255,8/25/2021 15:00:00,6884,3783186,6003.000000000000000,3412287,438.000000000000000,282138.000000000000000,7322,4065324,6441,3694425,13325,7477527
256,8/26/2021 15:00:00,7161,3790347,6411.000000000000000,3418698,427.000000000000000,282565.000000000000000,7588,4072912,6838,3701263,13999,7491526
257,8/27/2021 15:00:00,6853,3797200,7007.000000000000000,3425705,315.000000000000000,282880.000000000000000,7168,4080080,7322,3708585,14175,7505701
258,8/28/2021 15:00:00,6900,3804100,6476.000000000000000,3432181,326.000000000000000,283206.000000000000000,7226,4087306,6802,3715387,13702,7519403
259,8/29/2021 15:00:00,3744,3807844,3674.000000000000000,3435855,611.000000000000000,283817.000000000000000,4355,4091661,4285,3719672,8029,7527432
260,8/30/2021 15:00:00,5939,3813783,6093.000000000000000,3441948,959.000000000000000,284776.000000000000000,6898,4098559,7052,3726724,12991,7540423
261,8/31/2021 15:00:00,5688,3819471,5930.000000000000000,3447878,945.000000000000000,285721.000000000000000,6633,4105192,6875,3733599,12563,7552986
262,9/1/2021 15:00:00,5528,3824999,5575.000000000000000,3453453,905.000000000000000,286626.000000000000000,6433,4111625,6480,3740079,12008,7564994
263,9/2/2021 15:00:00,5527,3830526,5880.000000000000000,3459333,700.000000000000000,287326.000000000000000,6227,4117852,6580,3746659,12107,7577101
264,9/3/2021 15:00:00,5974,3836500,6877.000000000000000,3466210,971.000000000000000,288297.000000000000000,6945,4124797,7848,3754507,13822,7590923
265,9/4/2021 15:00:00,3711,3840211,4318.000000000000000,3470528,875.000000000000000,289172.000000000000000,4586,4129383,5193,3759700,8904,7599827
266,9/5/2021 15:00:00,2936,3843147,2800.000000000000000,3473328,104.000000000000000,289276.000000000000000,3040,4132423,2904,3762604,5840,7605667
267,9/6/2021 15:00:00,1050,3844197,1143.000000000000000,3474471,62.000000000000000,289338.000000000000000,1112,4133535,1205,3763809,2255,7607922
268,9/7/2021 15:00:00,5275,3849472,7247.000000000000000,3481718,2303.000000000000000,291641.000000000000000,7578,4141113,9550,3773359,14825,7622747
269,9/8/2021 15:00:00,4652,3854124,5444.000000000000000,3487162,365.000000000000000,292006.000000000000000,5017,4146130,5809,3779168,10461,7633208
270,9/9/2021 15:00:00,5058,3859182,5343.000000000000000,3492505,322.000000000000000,292328.000000000000000,5380,4151510,5665,3784833,10723,7643931
271,9/10/2021 15:00:00,6521,3865703,6587.000000000000000,3499092,1712.000000000000000,294040.000000000000000,8233,4159743,8299,3793132,14820,7658751
272,9/11/2021 15:00:00,4037,3869740,4324.000000000000000,3503416,663.000000000000000,294703.000000000000000,4700,4164443,4987,3798119,9024,7667775
273,9/12/2021 15:00:00,3062,3872802,3232.000000000000000,3506648,435.000000000000000,295138.000000000000000,3497,4167940,3667,3801786,6729,7674504
274,9/13/2021 15:00:00,4663,3877465,4843.000000000000000,3511491,345.000000000000000,295483.000000000000000,5008,4172948,5188,3806974,9851,7684355
275,9/14/2021 15:00:00,4570,3882035,5200.000000000000000,3516691,433.000000000000000,295916.000000000000000,5003,4177951,5633,3812607,10203,7694558
276,9/15/2021 15:00:00,4683,3886718,5597.000000000000000,3522288,387.000000000000000,296303.000000000000000,5070,4183021,5984,3818591,10667,7705225
277,9/16/2021 15:00:00,4581,3891299,5597.000000000000000,3527885,330.000000000000000,296633.000000000000000,4911,4187932,5927,3824518,10508,7715733
278,9/17/2021 15:00:00,5027,3896326,6331.000000000000000,3534216,341.000000000000000,296974.000000000000000,5368,4193300,6672,3831190,11699,7727432
279,9/18/2021 15:00:00,3768,3900094,4562.000000000000000,3538778,184.000000000000000,297158.000000000000000,3952,4197252,4746,3835936,8514,7735946
280,9/19/2021 15:00:00,2721,3902815,3164.000000000000000,3541942,75.000000000000000,297233.000000000000000,2796,4200048,3239,3839175,5960,7741906
281,9/20/2021 15:00:00,3531,3906346,4464.000000000000000,3546406,426.000000000000000,297659.000000000000000,3957,4204005,4890,3844065,8421,7750327
282,9/21/2021 15:00:00,3772,3910118,4808.000000000000000,3551214,324.000000000000000,297983.000000000000000,4096,4208101,5132,3849197,8904,7759231
283,9/22/2021 15:00:00,4179,3914297,4750.000000000000000,3555964,459.000000000000000,298442.000000000000000,4638,4212739,5209,3854406,9388,7768619
284,9/23/2021 15:00:00,4174,3918471,4688.000000000000000,3560652,489.000000000000000,298931.000000000000000,4663,4217402,5177,3859583,9351,7777970
285,9/24/2021 15:00:00,5063,3923534,5563.000000000000000,3566215,422.000000000000000,299353.000000000000000,5485,4222887,5985,3865568,11048,7789018
286,9/25/2021 15:00:00,3590,3927124,3629.000000000000000,3569844,384.000000000000000,299737.000000000000000,3974,4226861,4013,3869581,7603,7796621
287,9/26/2021 15:00:00,2352,3929476,2601.000000000000000,3572445,421.000000000000000,300158.000000000000000,2773,4229634,3022,3872603,5374,7801995
288,9/27/2021 15:00:00,4492,3933968,2693.000000000000000,3575138,507.000000000000000,300665.000000000000000,4999,4234633,3200,3875803,7692,7809687
289,9/28/2021 15:00:00,4390,3938358,4387.000000000000000,3579525,211.000000000000000,300876.000000000000000,4601,4239234,4598,3880401,8988,7818675
290,9/29/2021 15:00:00,4695,3943053,4489.000000000000000,3584014,918.000000000000000,301794.000000000000000,5613,4244847,5407,3885808,10102,7828777
291,9/30/2021 15:00:00,4873,3947926,4567.000000000000000,3588581,791.000000000000000,302585.000000000000000,5664,4250511,5358,3891166,10231,7839008
292,10/1/2021 15:00:00,5401,3953327,5281.000000000000000,3593862,778.000000000000000,303363.000000000000000,6179,4256690,6059,3897225,11460,7850468
293,10/2/2021 15:00:00,2934,3956261,2903.000000000000000,3596765,186.000000000000000,303549.000000000000000,3120,4259810,3089,3900314,6023,7856491
294,10/3/2021 15:00:00,2055,3958316,2186.000000000000000,3598951,87.000000000000000,303636.000000000000000,2142,4261952,2273,3902587,4328,7860819
295,10/4/2021 15:00:00,4141,3962457,3382.000000000000000,3602333,233.000000000000000,303869.000000000000000,4374,4266326,3615,3906202,7756,7868575
296,10/5/2021 15:00:00,4051,3966508,3584.000000000000000,3605917,204.000000000000000,304073.000000000000000,4255,4270581,3788,3909990,7839,7876414
297,10/6/2021 15:00:00,4112,3970620,3476.000000000000000,3609393,263.000000000000000,304336.000000000000000,4375,4274956,3739,3913729,7851,7884265
298,10/7/2021 15:00:00,4344,3974964,3500.000000000000000,3612893,325.000000000000000,304661.000000000000000,4669,4279625,3825,3917554,8169,7892434
299,10/8/2021 15:00:00,4911,3979875,4045.000000000000000,3616938,281.000000000000000,304942.000000000000000,5192,4284817,4326,3921880,9237,7901671
300,10/9/2021 15:00:00,2671,3982546,2673.000000000000000,3619611,270.000000000000000,305212.000000000000000,2941,4287758,2943,3924823,5614,7907285
301,10/10/2021 15:00:00,1865,3984411,1844.000000000000000,3621455,59.000000000000000,305271.000000000000000,1924,4289682,1903,3926726,3768,7911053
302,10/11/2021 15:00:00,4355,3988766,3181.000000000000000,3624636,246.000000000000000,305517.000000000000000,4601,4294283,3427,3930153,7782,7918835
303,10/12/2021 15:00:00,3710,3992476,3270.000000000000000,3627906,268.000000000000000,305785.000000000000000,3978,4298261,3538,3933691,7248,7926083
304,10/13/2021 15:00:00,3956,3996432,3452.000000000000000,3631358,343.000000000000000,306128.000000000000000,4299,4302560,3795,3937486,7751,7933834
305,10/14/2021 15:00:00,5133,4001565,5460.000000000000000,3636818,424.000000000000000,306552.000000000000000,5557,4308117,5884,3943370,11017,7944851
306,10/15/2021 15:00:00,4697,4006262,4555.000000000000000,3641373,344.000000000000000,306896.000000000000000,5041,4313158,4899,3948269,9596,7954447
307,10/16/2021 15:00:00,2488,4008750,2497.000000000000000,3643870,287.000000000000000,307183.000000000000000,2775,4315933,2784,3951053,5272,7959719
308,10/17/2021 15:00:00,1799,4010549,1785.000000000000000,3645655,52.000000000000000,307235.000000000000000,1851,4317784,1837,3952890,3636,7963355
309,10/18/2021 15:00:00,4280,4014829,3603.000000000000000,3649258,266.000000000000000,307501.000000000000000,4546,4322330,3869,3956759,8149,7971504
310,10/19/2021 15:00:00,4303,4019132,4059.000000000000000,3653317,221.000000000000000,307722.000000000000000,4524,4326854,4280,3961039,8583,7980087
311,10/20/2021 15:00:00,3500,4022632,3444.000000000000000,3656761,251.000000000000000,307973.000000000000000,3751,4330605,3695,3964734,7195,7987282
312,10/21/2021 15:00:00,3282,4025914,3335.000000000000000,3660096,288.000000000000000,308261.000000000000000,3570,4334175,3623,3968357,6905,7994187
313,10/22/2021 15:00:00,4686,4030600,5712.000000000000000,3665808,473.000000000000000,308734.000000000000000,5159,4339334,6185,3974542,10871,8005058
314,10/23/2021 15:00:00,2889,4033489,3388.000000000000000,3669196,320.000000000000000,309054.000000000000000,3209,4342543,3708,3978250,6597,8011655
315,10/24/2021 15:00:00,2022,4035511,2453.000000000000000,3671649,76.000000000000000,309130.000000000000000,2098,4344641,2529,3980779,4551,8016206
316,10/25/2021 15:00:00,4491,4040002,5814.000000000000000,3677463,314.000000000000000,309444.000000000000000,4805,4349446,6128,3986907,10619,8026825
317,10/26/2021 15:00:00,4453,4044455,5602.000000000000000,3683065,303.000000000000000,309747.000000000000000,4756,4354202,5905,3992812,10358,8037183
318,10/27/2021 15:00:00,4635,4049090,5818.000000000000000,3688883,421.000000000000000,310168.000000000000000,5056,4359258,6239,3999051,10874,8048057
319,10/28/2021 15:00:00,4480,4053570,5783.000000000000000,3694666,473.000000000000000,310641.000000000000000,4953,4364211,6256,4005307,10736,8058793
320,10/29/2021 15:00:00,4879,4058449,6347.000000000000000,3701013,381.000000000000000,311022.000000000000000,5260,4369471,6728,4012035,11607,8070400
321,10/30/2021 15:00:00,2560,4061009,3108.000000000000000,3704121,301.000000000000000,311323.000000000000000,2861,4372332,3409,4015444,5969,8076369
322,10/31/2021 15:00:00,1874,4062883,2211.000000000000000,3706332,81.000000000000000,311404.000000000000000,1955,4374287,2292,4017736,4166,8080535
323,11/1/2021 15:00:00,4438,4067321,5647.000000000000000,3711979,308.000000000000000,311712.000000000000000,4746,4379033,5955,4023691,10393,8090928
324,11/2/2021 15:00:00,4119,4071440,5138.000000000000000,3717117,388.000000000000000,312100.000000000000000,4507,4383540,5526,4029217,9645,8100573
325,11/3/2021 15:00:00,4242,4075682,5143.000000000000000,3722260,420.000000000000000,312520.000000000000000,4662,4388202,5563,4034780,9805,8110378
326,11/4/2021 15:00:00,3913,4079595,5215.000000000000000,3727475,480.000000000000000,313000.000000000000000,4393,4392595,5695,4040475,9608,8119986
327,11/5/2021 15:00:00,4432,4084027,5596.000000000000000,3733071,356.000000000000000,313356.000000000000000,4788,4397383,5952,4046427,10384,8130370
328,11/6/2021 15:00:00,1110,4085137,1389.000000000000000,3734460,244.000000000000000,313600.000000000000000,1354,4398737,1633,4048060,2743,8133113