OBJECTID,VACCINATION_DATE,FirstDailyDose,FirstDoseCumulative,SecondDailyDose,SecondDoseCumulative,SingleDailyDose,SingleDoseCumulative,AtleastOneVaccine,AtleastOneVaccineCumulative,CompletedVax,CompletedVaxCumulative,FirstSecondSingleVaccination_12,FirstSecondSingleVaccination_13
1,12/14/2020 15:00:00,19,1505,,536,,,19,1505,0,536,19,1977
2,12/15/2020 15:00:00,62,1567,3.000000000000000,539,,,62,1567,3,539,65,2042
3,12/16/2020 15:00:00,597,2164,5.000000000000000,544,,,597,2164,5,544,602,2644
4,12/17/2020 15:00:00,1171,3335,8.000000000000000,552,,,1171,3335,8,552,1179,3823
5,12/18/2020 15:00:00,3033,6368,12.000000000000000,564,,,3033,6368,12,564,3045,6868
6,12/19/2020 15:00:00,930,7298,7.000000000000000,571,,,930,7298,7,571,937,7805
7,12/20/2020 15:00:00,370,7668,6.000000000000000,577,,,370,7668,6,577,376,8181
8,12/21/2020 15:00:00,3902,11570,28.000000000000000,605,,,3902,11570,28,605,3930,12111
9,12/22/2020 15:00:00,6330,17900,30.000000000000000,635,,,6330,17900,30,635,6360,18471
10,12/23/2020 15:00:00,5795,23695,42.000000000000000,677,,,5795,23695,42,677,5837,24308
11,12/24/2020 15:00:00,2730,26425,15.000000000000000,692,,,2730,26425,15,692,2745,27053
12,12/25/2020 15:00:00,1035,27460,4.000000000000000,696,,,1035,27460,4,696,1039,28092
13,12/26/2020 15:00:00,1887,29347,10.000000000000000,706,,,1887,29347,10,706,1897,29989
14,12/27/2020 15:00:00,1805,31152,12.000000000000000,718,,,1805,31152,12,718,1817,31806
15,12/28/2020 15:00:00,8998,40150,53.000000000000000,771,,,8998,40150,53,771,9051,40857
16,12/29/2020 15:00:00,10984,51134,54.000000000000000,825,,,10984,51134,54,825,11038,51895
17,12/30/2020 15:00:00,12512,63646,98.000000000000000,923,,,12512,63646,98,923,12610,64505
18,12/31/2020 15:00:00,7566,71212,49.000000000000000,972,,,7566,71212,49,972,7615,72120
19,1/1/2021 15:00:00,3436,74648,145.000000000000000,1117,,,3436,74648,145,1117,3581,75701
20,1/2/2021 15:00:00,3065,77713,34.000000000000000,1151,,,3065,77713,34,1151,3099,78800
21,1/3/2021 15:00:00,3419,81132,82.000000000000000,1233,,,3419,81132,82,1233,3501,82301
22,1/4/2021 15:00:00,13381,94513,345.000000000000000,1578,,,13381,94513,345,1578,13726,96027
23,1/5/2021 15:00:00,12497,107010,551.000000000000000,2129,,,12497,107010,551,2129,13048,109075
24,1/6/2021 15:00:00,15288,122298,871.000000000000000,3000,,,15288,122298,871,3000,16159,125234
25,1/7/2021 15:00:00,15057,137355,1792.000000000000000,4792,,,15057,137355,1792,4792,16849,142083
26,1/8/2021 15:00:00,24036,161391,2797.000000000000000,7589,,,24036,161391,2797,7589,26833,168916
27,1/9/2021 15:00:00,5190,166581,960.000000000000000,8549,,,5190,166581,960,8549,6150,175066
28,1/10/2021 15:00:00,2990,169571,389.000000000000000,8938,,,2990,169571,389,8938,3379,178445
29,1/11/2021 15:00:00,13756,183327,3490.000000000000000,12428,,,13756,183327,3490,12428,17246,195691
30,1/12/2021 15:00:00,17410,200737,5602.000000000000000,18030,,,17410,200737,5602,18030,23012,218703
31,1/13/2021 15:00:00,18643,219380,3942.000000000000000,21972,,,18643,219380,3942,21972,22585,241288
32,1/14/2021 15:00:00,17884,237264,1974.000000000000000,23946,,,17884,237264,1974,23946,19858,261146
33,1/15/2021 15:00:00,19517,256781,2042.000000000000000,25988,,,19517,256781,2042,25988,21559,282705
34,1/16/2021 15:00:00,5851,262632,1626.000000000000000,27614,,,5851,262632,1626,27614,7477,290182
35,1/17/2021 15:00:00,2130,264762,1480.000000000000000,29094,,,2130,264762,1480,29094,3610,293792
36,1/18/2021 15:00:00,7090,271852,3270.000000000000000,32364,,,7090,271852,3270,32364,10360,304152
37,1/19/2021 15:00:00,16967,288819,5422.000000000000000,37786,,,16967,288819,5422,37786,22389,326541
38,1/20/2021 15:00:00,21027,309846,5344.000000000000000,43130,,,21027,309846,5344,43130,26371,352912
39,1/21/2021 15:00:00,23842,333688,3876.000000000000000,47006,,,23842,333688,3876,47006,27718,380630
40,1/22/2021 15:00:00,28678,362366,3776.000000000000000,50782,,,28678,362366,3776,50782,32454,413084
41,1/23/2021 15:00:00,10133,372499,1950.000000000000000,52732,,,10133,372499,1950,52732,12083,425167
42,1/24/2021 15:00:00,3364,375863,1727.000000000000000,54459,,,3364,375863,1727,54459,5091,430258
43,1/25/2021 15:00:00,16317,392180,8629.000000000000000,63088,,,16317,392180,8629,63088,24946,455204
44,1/26/2021 15:00:00,17572,409752,8991.000000000000000,72079,,,17572,409752,8991,72079,26563,481767
45,1/27/2021 15:00:00,24452,434204,12590.000000000000000,84669,,,24452,434204,12590,84669,37042,518809
46,1/28/2021 15:00:00,22668,456872,9348.000000000000000,94017,,,22668,456872,9348,94017,32016,550825
47,1/29/2021 15:00:00,24800,481672,7944.000000000000000,101961,,,24800,481672,7944,101961,32744,583569
48,1/30/2021 15:00:00,17802,499474,2575.000000000000000,104536,,,17802,499474,2575,104536,20377,603946
49,1/31/2021 15:00:00,3768,503242,1375.000000000000000,105911,,,3768,503242,1375,105911,5143,609089
50,2/1/2021 15:00:00,8230,511472,5453.000000000000000,111364,,,8230,511472,5453,111364,13683,622772
51,2/2/2021 15:00:00,12535,524007,13849.000000000000000,125213,,,12535,524007,13849,125213,26384,649156
52,2/3/2021 15:00:00,18286,542293,18158.000000000000000,143371,,,18286,542293,18158,143371,36444,685600
53,2/4/2021 15:00:00,22155,564448,15810.000000000000000,159181,,,22155,564448,15810,159181,37965,723565
54,2/5/2021 15:00:00,20426,584874,17461.000000000000000,176642,,,20426,584874,17461,176642,37887,761452
55,2/6/2021 15:00:00,11392,596266,14545.000000000000000,191187,,,11392,596266,14545,191187,25937,787389
56,2/7/2021 15:00:00,5995,602261,1954.000000000000000,193141,,,5995,602261,1954,193141,7949,795338
57,2/8/2021 15:00:00,13027,615288,12992.000000000000000,206133,,,13027,615288,12992,206133,26019,821357
58,2/9/2021 15:00:00,16679,631967,13899.000000000000000,220032,,,16679,631967,13899,220032,30578,851935
59,2/10/2021 15:00:00,19344,651311,21335.000000000000000,241367,,,19344,651311,21335,241367,40679,892614
60,2/11/2021 15:00:00,22955,674266,17401.000000000000000,258768,,,22955,674266,17401,258768,40356,932970
61,2/12/2021 15:00:00,20453,694719,19687.000000000000000,278455,,,20453,694719,19687,278455,40140,973110
62,2/13/2021 15:00:00,11480,706199,6433.000000000000000,284888,,,11480,706199,6433,284888,17913,991023
63,2/14/2021 15:00:00,7122,713321,2144.000000000000000,287032,,,7122,713321,2144,287032,9266,1000289
64,2/15/2021 15:00:00,11773,725094,13359.000000000000000,300391,,,11773,725094,13359,300391,25132,1025421
65,2/16/2021 15:00:00,16665,741759,21043.000000000000000,321434,,,16665,741759,21043,321434,37708,1063129
66,2/17/2021 15:00:00,20693,762452,26400.000000000000000,347834,,,20693,762452,26400,347834,47093,1110222
67,2/18/2021 15:00:00,3207,765659,4634.000000000000000,352468,,,3207,765659,4634,352468,7841,1118063
68,2/19/2021 15:00:00,10272,775931,19948.000000000000000,372416,,,10272,775931,19948,372416,30220,1148283
69,2/20/2021 15:00:00,10322,786253,20329.000000000000000,392745,,,10322,786253,20329,392745,30651,1178934
70,2/21/2021 15:00:00,6198,792451,7675.000000000000000,400420,,,6198,792451,7675,400420,13873,1192807
71,2/22/2021 15:00:00,8051,800502,15505.000000000000000,415925,,,8051,800502,15505,415925,23556,1216363
72,2/23/2021 15:00:00,15543,816045,15996.000000000000000,431921,,,15543,816045,15996,431921,31539,1247902
73,2/24/2021 15:00:00,18008,834053,24858.000000000000000,456779,,,18008,834053,24858,456779,42866,1290768
74,2/25/2021 15:00:00,20407,854460,26607.000000000000000,483386,,,20407,854460,26607,483386,47014,1337782
75,2/26/2021 15:00:00,26696,881156,26295.000000000000000,509681,,,26696,881156,26295,509681,52991,1390773
76,2/27/2021 15:00:00,16036,897192,11173.000000000000000,520854,,,16036,897192,11173,520854,27209,1417982
77,2/28/2021 15:00:00,15534,912726,4899.000000000000000,525753,,,15534,912726,4899,525753,20433,1438415
78,3/1/2021 15:00:00,27338,940064,12714.000000000000000,538467,,,27338,940064,12714,538467,40052,1478467
79,3/2/2021 15:00:00,24016,964080,13314.000000000000000,551781,38.000000000000000,38.000000000000000,24054,964118,13352,551819,37368,1515835
80,3/3/2021 15:00:00,30266,994346,18437.000000000000000,570218,195.000000000000000,233.000000000000000,30461,994579,18632,570451,48898,1564733
81,3/4/2021 15:00:00,31021,1025367,18266.000000000000000,588484,4065.000000000000000,4298.000000000000000,35086,1029665,22331,592782,53352,1618085
82,3/5/2021 15:00:00,30124,1055491,19796.000000000000000,608280,4913.000000000000000,9211.000000000000000,35037,1064702,24709,617491,54833,1672918
83,3/6/2021 15:00:00,19007,1074498,9542.000000000000000,617822,6010.000000000000000,15221.000000000000000,25017,1089719,15552,633043,34559,1707477
84,3/7/2021 15:00:00,12156,1086654,4934.000000000000000,622756,6605.000000000000000,21826.000000000000000,18761,1108480,11539,644582,23695,1731172
85,3/8/2021 15:00:00,25938,1112592,8870.000000000000000,631626,8276.000000000000000,30102.000000000000000,34214,1142694,17146,661728,43084,1774256
86,3/9/2021 15:00:00,26163,1138755,15513.000000000000000,647139,8345.000000000000000,38447.000000000000000,34508,1177202,23858,685586,50021,1824277
87,3/10/2021 15:00:00,29898,1168653,16066.000000000000000,663205,7936.000000000000000,46383.000000000000000,37834,1215036,24002,709588,53900,1878177
88,3/11/2021 15:00:00,36032,1204685,16439.000000000000000,679644,3981.000000000000000,50364.000000000000000,40013,1255049,20420,730008,56452,1934629
89,3/12/2021 15:00:00,36928,1241613,18176.000000000000000,697820,2928.000000000000000,53292.000000000000000,39856,1294905,21104,751112,58032,1992661
90,3/13/2021 15:00:00,22675,1264288,10350.000000000000000,708170,1629.000000000000000,54921.000000000000000,24304,1319209,11979,763091,34654,2027315
91,3/14/2021 15:00:00,17846,1282134,6745.000000000000000,714915,1010.000000000000000,55931.000000000000000,18856,1338065,7755,770846,25601,2052916
92,3/15/2021 15:00:00,29910,1312044,11382.000000000000000,726297,599.000000000000000,56530.000000000000000,30509,1368574,11981,782827,41891,2094807
93,3/16/2021 15:00:00,33493,1345537,13603.000000000000000,739900,773.000000000000000,57303.000000000000000,34266,1402840,14376,797203,47869,2142676
94,3/17/2021 15:00:00,37650,1383187,17103.000000000000000,757003,1184.000000000000000,58487.000000000000000,38834,1441674,18287,815490,55937,2198613
95,3/18/2021 15:00:00,41486,1424673,12717.000000000000000,769720,1353.000000000000000,59840.000000000000000,42839,1484513,14070,829560,55556,2254169
96,3/19/2021 15:00:00,38394,1463067,15449.000000000000000,785169,1046.000000000000000,60886.000000000000000,39440,1523953,16495,846055,54889,2309058
97,3/20/2021 15:00:00,24747,1487814,10239.000000000000000,795408,706.000000000000000,61592.000000000000000,25453,1549406,10945,857000,35692,2344750
98,3/21/2021 15:00:00,19208,1507022,7918.000000000000000,803326,342.000000000000000,61934.000000000000000,19550,1568956,8260,865260,27468,2372218
99,3/22/2021 15:00:00,32615,1539637,11523.000000000000000,814849,835.000000000000000,62769.000000000000000,33450,1602406,12358,877618,44973,2417191
100,3/23/2021 15:00:00,38419,1578056,17888.000000000000000,832737,1557.000000000000000,64326.000000000000000,39976,1642382,19445,897063,57864,2475055
101,3/24/2021 15:00:00,41095,1619151,21275.000000000000000,854012,1389.000000000000000,65715.000000000000000,42484,1684866,22664,919727,63759,2538814
102,3/25/2021 15:00:00,42935,1662086,21767.000000000000000,875779,2457.000000000000000,68172.000000000000000,45392,1730258,24224,943951,67159,2605973
103,3/26/2021 15:00:00,36398,1698484,26732.000000000000000,902511,2495.000000000000000,70667.000000000000000,38893,1769151,29227,973178,65625,2671598
104,3/27/2021 15:00:00,26473,1724957,17340.000000000000000,919851,2489.000000000000000,73156.000000000000000,28962,1798113,19829,993007,46302,2717900
105,3/28/2021 15:00:00,17014,1741971,12695.000000000000000,932546,1615.000000000000000,74771.000000000000000,18629,1816742,14310,1007317,31324,2749224
106,3/29/2021 15:00:00,29725,1771696,26417.000000000000000,958963,1142.000000000000000,75913.000000000000000,30867,1847609,27559,1034876,57284,2806508
107,3/30/2021 15:00:00,40084,1811780,29108.000000000000000,988071,1865.000000000000000,77778.000000000000000,41949,1889558,30973,1065849,71057,2877565
108,3/31/2021 15:00:00,41039,1852819,34769.000000000000000,1022840,5748.000000000000000,83526.000000000000000,46787,1936345,40517,1106366,81556,2959121
109,4/1/2021 15:00:00,42555,1895374,41260.000000000000000,1064100,5768.000000000000000,89294.000000000000000,48323,1984668,47028,1153394,89583,3048704
110,4/2/2021 15:00:00,34965,1930339,32755.000000000000000,1096855,6135.000000000000000,95429.000000000000000,41100,2025768,38890,1192284,73855,3122559
111,4/3/2021 15:00:00,21189,1951528,19246.000000000000000,1116101,4395.000000000000000,99824.000000000000000,25584,2051352,23641,1215925,44830,3167389
112,4/4/2021 15:00:00,8308,1959836,10226.000000000000000,1126327,968.000000000000000,100792.000000000000000,9276,2060628,11194,1227119,19502,3186891
113,4/5/2021 15:00:00,27970,1987806,28989.000000000000000,1155316,6664.000000000000000,107456.000000000000000,34634,2095262,35653,1262772,63623,3250514
114,4/6/2021 15:00:00,39818,2027624,30540.000000000000000,1185856,10506.000000000000000,117962.000000000000000,50324,2145586,41046,1303818,80864,3331378
115,4/7/2021 15:00:00,36123,2063747,34384.000000000000000,1220240,12999.000000000000000,130961.000000000000000,49122,2194708,47383,1351201,83506,3414884
116,4/8/2021 15:00:00,42373,2106120,36173.000000000000000,1256413,13876.000000000000000,144837.000000000000000,56249,2250957,50049,1401250,92422,3507306
117,4/9/2021 15:00:00,34104,2140224,36384.000000000000000,1292797,14532.000000000000000,159369.000000000000000,48636,2299593,50916,1452166,85020,3592326
118,4/10/2021 15:00:00,23512,2163736,23197.000000000000000,1315994,7643.000000000000000,167012.000000000000000,31155,2330748,30840,1483006,54352,3646678
119,4/11/2021 15:00:00,17586,2181322,13303.000000000000000,1329297,10123.000000000000000,177135.000000000000000,27709,2358457,23426,1506432,41012,3687690
120,4/12/2021 15:00:00,24613,2205935,33301.000000000000000,1362598,10909.000000000000000,188044.000000000000000,35522,2393979,44210,1550642,68823,3756513
121,4/13/2021 15:00:00,126195,2332130,91384.000000000000000,1453982,3293.000000000000000,191337.000000000000000,129488,2523467,94677,1645319,220872,3977385
122,4/14/2021 15:00:00,40775,2372905,37886.000000000000000,1491868,213.000000000000000,191550.000000000000000,40988,2564455,38099,1683418,78874,4056259
123,4/15/2021 15:00:00,41444,2414349,39633.000000000000000,1531501,176.000000000000000,191726.000000000000000,41620,2606075,39809,1723227,81253,4137512
124,4/16/2021 15:00:00,37162,2451511,38917.000000000000000,1570418,25.000000000000000,191751.000000000000000,37187,2643262,38942,1762169,76104,4213616
125,4/17/2021 15:00:00,32818,2484329,22048.000000000000000,1592466,13.000000000000000,191764.000000000000000,32831,2676093,22061,1784230,54879,4268495
126,4/18/2021 15:00:00,20066,2504395,16218.000000000000000,1608684,5.000000000000000,191769.000000000000000,20071,2696164,16223,1800453,36289,4304784
127,4/19/2021 15:00:00,29893,2534288,36562.000000000000000,1645246,60.000000000000000,191829.000000000000000,29953,2726117,36622,1837075,66515,4371299
128,4/20/2021 15:00:00,32947,2567235,44523.000000000000000,1689769,59.000000000000000,191888.000000000000000,33006,2759123,44582,1881657,77529,4448828
129,4/21/2021 15:00:00,39848,2607083,47111.000000000000000,1736880,26.000000000000000,191914.000000000000000,39874,2798997,47137,1928794,86985,4535813
130,4/22/2021 15:00:00,35870,2642953,42745.000000000000000,1779625,16.000000000000000,191930.000000000000000,35886,2834883,42761,1971555,78631,4614444
131,4/23/2021 15:00:00,33154,2676107,40200.000000000000000,1819825,14.000000000000000,191944.000000000000000,33168,2868051,40214,2011769,73368,4687812
132,4/24/2021 15:00:00,26430,2702537,27940.000000000000000,1847765,81.000000000000000,192025.000000000000000,26511,2894562,28021,2039790,54451,4742263
133,4/25/2021 15:00:00,20221,2722758,11010.000000000000000,1858775,31.000000000000000,192056.000000000000000,20252,2914814,11041,2050831,31262,4773525
134,4/26/2021 15:00:00,27390,2750148,32787.000000000000000,1891562,201.000000000000000,192257.000000000000000,27591,2942405,32988,2083819,60378,4833903
135,4/27/2021 15:00:00,26671,2776819,33133.000000000000000,1924695,1097.000000000000000,193354.000000000000000,27768,2970173,34230,2118049,60901,4894804
136,4/28/2021 15:00:00,28934,2805753,39593.000000000000000,1964288,1367.000000000000000,194721.000000000000000,30301,3000474,40960,2159009,69894,4964698
137,4/29/2021 15:00:00,27074,2832827,39816.000000000000000,2004104,1463.000000000000000,196184.000000000000000,28537,3029011,41279,2200288,68353,5033051
138,4/30/2021 15:00:00,28206,2861033,32338.000000000000000,2036442,1650.000000000000000,197834.000000000000000,29856,3058867,33988,2234276,62194,5095245
139,5/1/2021 15:00:00,20798,2881831,26859.000000000000000,2063301,1057.000000000000000,198891.000000000000000,21855,3080722,27916,2262192,48714,5143959
140,5/2/2021 15:00:00,10271,2892102,17095.000000000000000,2080396,823.000000000000000,199714.000000000000000,11094,3091816,17918,2280110,28189,5172148
141,5/3/2021 15:00:00,12730,2904832,28707.000000000000000,2109103,1917.000000000000000,201631.000000000000000,14647,3106463,30624,2310734,43354,5215502
142,5/4/2021 15:00:00,13561,2918393,38732.000000000000000,2147835,1742.000000000000000,203373.000000000000000,15303,3121766,40474,2351208,54035,5269537
143,5/5/2021 15:00:00,19302,2937695,37818.000000000000000,2185653,1924.000000000000000,205297.000000000000000,21226,3142992,39742,2390950,59044,5328581
144,5/6/2021 15:00:00,16924,2954619,40611.000000000000000,2226264,1722.000000000000000,207019.000000000000000,18646,3161638,42333,2433283,59257,5387838
145,5/7/2021 15:00:00,17585,2972204,37049.000000000000000,2263313,1959.000000000000000,208978.000000000000000,19544,3181182,39008,2472291,56593,5444431
146,5/8/2021 15:00:00,10799,2983003,31247.000000000000000,2294560,1293.000000000000000,210271.000000000000000,12092,3193274,32540,2504831,43339,5487770
147,5/9/2021 15:00:00,5078,2988081,12261.000000000000000,2306821,695.000000000000000,210966.000000000000000,5773,3199047,12956,2517787,18034,5505804
148,5/10/2021 15:00:00,8959,2997040,31067.000000000000000,2337888,1362.000000000000000,212328.000000000000000,10321,3209368,32429,2550216,41388,5547192
149,5/11/2021 15:00:00,12187,3009227,30307.000000000000000,2368195,1442.000000000000000,213770.000000000000000,13629,3222997,31749,2581965,43936,5591128
150,5/12/2021 15:00:00,13949,3023176,38664.000000000000000,2406859,1918.000000000000000,215688.000000000000000,15867,3238864,40582,2622547,54531,5645659
151,5/13/2021 15:00:00,21843,3045019,33541.000000000000000,2440400,1346.000000000000000,217034.000000000000000,23189,3262053,34887,2657434,56730,5702389
152,5/14/2021 15:00:00,24415,3069434,30095.000000000000000,2470495,1775.000000000000000,218809.000000000000000,26190,3288243,31870,2689304,56285,5758674
153,5/15/2021 15:00:00,21971,3091405,25141.000000000000000,2495636,1490.000000000000000,220299.000000000000000,23461,3311704,26631,2715935,48602,5807276
154,5/16/2021 15:00:00,9102,3100507,17585.000000000000000,2513221,1115.000000000000000,221414.000000000000000,10217,3321921,18700,2734635,27802,5835078
155,5/17/2021 15:00:00,16859,3117366,28431.000000000000000,2541652,1951.000000000000000,223365.000000000000000,18810,3340731,30382,2765017,47241,5882319
156,5/18/2021 15:00:00,21274,3138640,30713.000000000000000,2572365,1944.000000000000000,225309.000000000000000,23218,3363949,32657,2797674,53931,5936250
157,5/19/2021 15:00:00,27679,3166319,32462.000000000000000,2604827,1633.000000000000000,226942.000000000000000,29312,3393261,34095,2831769,61774,5998024
158,5/20/2021 15:00:00,20823,3187142,33295.000000000000000,2638122,1965.000000000000000,228907.000000000000000,22788,3416049,35260,2867029,56083,6054107
159,5/21/2021 15:00:00,19168,3206310,30384.000000000000000,2668506,1609.000000000000000,230516.000000000000000,20777,3436826,31993,2899022,51161,6105268
160,5/22/2021 15:00:00,16958,3223268,20711.000000000000000,2689217,1269.000000000000000,231785.000000000000000,18227,3455053,21980,2921002,38938,6144206
161,5/23/2021 15:00:00,8809,3232077,11459.000000000000000,2700676,965.000000000000000,232750.000000000000000,9774,3464827,12424,2933426,21233,6165439
162,5/24/2021 15:00:00,13573,3245650,17793.000000000000000,2718469,1473.000000000000000,234223.000000000000000,15046,3479873,19266,2952692,32839,6198278
163,5/25/2021 15:00:00,13080,3258730,18723.000000000000000,2737192,1328.000000000000000,235551.000000000000000,14408,3494281,20051,2972743,33131,6231409
164,5/26/2021 15:00:00,18372,3277102,19697.000000000000000,2756889,1512.000000000000000,237063.000000000000000,19884,3514165,21209,2993952,39581,6270990
165,5/27/2021 15:00:00,11700,3288802,18718.000000000000000,2775607,1120.000000000000000,238183.000000000000000,12820,3526985,19838,3013790,31538,6302528
166,5/28/2021 15:00:00,12417,3301219,19870.000000000000000,2795477,1402.000000000000000,239585.000000000000000,13819,3540804,21272,3035062,33689,6336217
167,5/29/2021 15:00:00,9516,3310735,11739.000000000000000,2807216,938.000000000000000,240523.000000000000000,10454,3551258,12677,3047739,22193,6358410
168,5/30/2021 15:00:00,4968,3315703,6446.000000000000000,2813662,596.000000000000000,241119.000000000000000,5564,3556822,7042,3054781,12010,6370420
169,5/31/2021 15:00:00,1779,3317482,3715.000000000000000,2817377,305.000000000000000,241424.000000000000000,2084,3558906,4020,3058801,5799,6376219
170,6/1/2021 15:00:00,9888,3327370,16513.000000000000000,2833890,1162.000000000000000,242586.000000000000000,11050,3569956,17675,3076476,27563,6403782
171,6/2/2021 15:00:00,10236,3337606,16838.000000000000000,2850728,963.000000000000000,243549.000000000000000,11199,3581155,17801,3094277,28037,6431819
172,6/3/2021 15:00:00,7897,3345503,21228.000000000000000,2871956,1089.000000000000000,244638.000000000000000,8986,3590141,22317,3116594,30214,6462033
173,6/4/2021 15:00:00,8197,3353700,22385.000000000000000,2894341,1120.000000000000000,245758.000000000000000,9317,3599458,23505,3140099,31702,6493735
174,6/5/2021 15:00:00,6994,3360694,19484.000000000000000,2913825,721.000000000000000,246479.000000000000000,7715,3607173,20205,3160304,27199,6520934
175,6/6/2021 15:00:00,3458,3364152,7265.000000000000000,2921090,426.000000000000000,246905.000000000000000,3884,3611057,7691,3167995,11149,6532083
176,6/7/2021 15:00:00,6856,3371008,15814.000000000000000,2936904,726.000000000000000,247631.000000000000000,7582,3618639,16540,3184535,23396,6555479
177,6/8/2021 15:00:00,6668,3377676,19754.000000000000000,2956658,831.000000000000000,248462.000000000000000,7499,3626138,20585,3205120,27253,6582732
178,6/9/2021 15:00:00,8193,3385869,24032.000000000000000,2980690,971.000000000000000,249433.000000000000000,9164,3635302,25003,3230123,33196,6615928
179,6/10/2021 15:00:00,7157,3393026,19157.000000000000000,2999847,895.000000000000000,250328.000000000000000,8052,3643354,20052,3250175,27209,6643137
180,6/11/2021 15:00:00,7489,3400515,17747.000000000000000,3017594,1126.000000000000000,251454.000000000000000,8615,3651969,18873,3269048,26362,6669499
181,6/12/2021 15:00:00,5243,3405758,14792.000000000000000,3032386,605.000000000000000,252059.000000000000000,5848,3657817,15397,3284445,20640,6690139
182,6/13/2021 15:00:00,1947,3407705,7639.000000000000000,3040025,427.000000000000000,252486.000000000000000,2374,3660191,8066,3292511,10013,6700152
183,6/14/2021 15:00:00,5655,3413360,11839.000000000000000,3051864,734.000000000000000,253220.000000000000000,6389,3666580,12573,3305084,18228,6718380
184,6/15/2021 15:00:00,5652,3419012,14359.000000000000000,3066223,873.000000000000000,254093.000000000000000,6525,3673105,15232,3320316,20884,6739264
185,6/16/2021 15:00:00,8730,3427742,21644.000000000000000,3087867,758.000000000000000,254851.000000000000000,9488,3682593,22402,3342718,31132,6770396
186,6/17/2021 15:00:00,6685,3434427,12387.000000000000000,3100254,720.000000000000000,255571.000000000000000,7405,3689998,13107,3355825,19792,6790188
187,6/18/2021 15:00:00,6839,3441266,12753.000000000000000,3113007,704.000000000000000,256275.000000000000000,7543,3697541,13457,3369282,20296,6810484
188,6/19/2021 15:00:00,4655,3445921,9390.000000000000000,3122397,614.000000000000000,256889.000000000000000,5269,3702810,10004,3379286,14659,6825143
189,6/20/2021 15:00:00,2513,3448434,5068.000000000000000,3127465,377.000000000000000,257266.000000000000000,2890,3705700,5445,3384731,7958,6833101
190,6/21/2021 15:00:00,5568,3454002,5344.000000000000000,3132809,636.000000000000000,257902.000000000000000,6204,3711904,5980,3390711,11548,6844649
191,6/22/2021 15:00:00,5352,3459354,9069.000000000000000,3141878,699.000000000000000,258601.000000000000000,6051,3717955,9768,3400479,15120,6859769
192,6/23/2021 15:00:00,6065,3465419,10361.000000000000000,3152239,645.000000000000000,259246.000000000000000,6710,3724665,11006,3411485,17071,6876840
193,6/24/2021 15:00:00,5932,3471351,8223.000000000000000,3160462,595.000000000000000,259841.000000000000000,6527,3731192,8818,3420303,14750,6891590
194,6/25/2021 15:00:00,5834,3477185,8674.000000000000000,3169136,619.000000000000000,260460.000000000000000,6453,3737645,9293,3429596,15127,6906717
195,6/26/2021 15:00:00,3707,3480892,6305.000000000000000,3175441,398.000000000000000,260858.000000000000000,4105,3741750,6703,3436299,10410,6917127
196,6/27/2021 15:00:00,2810,3483702,3525.000000000000000,3178966,185.000000000000000,261043.000000000000000,2995,3744745,3710,3440009,6520,6923647
197,6/28/2021 15:00:00,4929,3488631,6399.000000000000000,3185365,539.000000000000000,261582.000000000000000,5468,3750213,6938,3446947,11867,6935514
198,6/29/2021 15:00:00,5063,3493694,6491.000000000000000,3191856,524.000000000000000,262106.000000000000000,5587,3755800,7015,3453962,12078,6947592
199,6/30/2021 15:00:00,5639,3499333,7399.000000000000000,3199255,607.000000000000000,262713.000000000000000,6246,3762046,8006,3461968,13645,6961237
200,7/1/2021 15:00:00,5452,3504785,7010.000000000000000,3206265,505.000000000000000,263218.000000000000000,5957,3768003,7515,3469483,12967,6974204
201,7/2/2021 15:00:00,5307,3510092,6865.000000000000000,3213130,527.000000000000000,263745.000000000000000,5834,3773837,7392,3476875,12699,6986903
202,7/3/2021 15:00:00,3278,3513370,4076.000000000000000,3217206,264.000000000000000,264009.000000000000000,3542,3777379,4340,3481215,7618,6994521
203,7/4/2021 15:00:00,494,3513864,551.000000000000000,3217757,70.000000000000000,264079.000000000000000,564,3777943,621,3481836,1115,6995636
204,7/5/2021 15:00:00,3774,3517638,3954.000000000000000,3221711,287.000000000000000,264366.000000000000000,4061,3782004,4241,3486077,8015,7003651
205,7/6/2021 15:00:00,4492,3522130,6298.000000000000000,3228009,455.000000000000000,264821.000000000000000,4947,3786951,6753,3492830,11245,7014896
206,7/7/2021 15:00:00,4467,3526597,6433.000000000000000,3234442,483.000000000000000,265304.000000000000000,4950,3791901,6916,3499746,11383,7026279
207,7/8/2021 15:00:00,4836,3531433,6198.000000000000000,3240640,564.000000000000000,265868.000000000000000,5400,3797301,6762,3506508,11598,7037877
208,7/9/2021 15:00:00,5368,3536801,6698.000000000000000,3247338,573.000000000000000,266441.000000000000000,5941,3803242,7271,3513779,12639,7050516
209,7/10/2021 15:00:00,3528,3540329,4413.000000000000000,3251751,304.000000000000000,266745.000000000000000,3832,3807074,4717,3518496,8245,7058761
210,7/11/2021 15:00:00,2682,3543011,2583.000000000000000,3254334,227.000000000000000,266972.000000000000000,2909,3809983,2810,3521306,5492,7064253
211,7/12/2021 15:00:00,4429,3547440,5133.000000000000000,3259467,379.000000000000000,267351.000000000000000,4808,3814791,5512,3526818,9941,7074194
212,7/13/2021 15:00:00,4673,3552113,4733.000000000000000,3264200,366.000000000000000,267717.000000000000000,5039,3819830,5099,3531917,9772,7083966
213,7/14/2021 15:00:00,4636,3556749,5300.000000000000000,3269500,421.000000000000000,268138.000000000000000,5057,3824887,5721,3537638,10357,7094323
214,7/15/2021 15:00:00,4914,3561663,5030.000000000000000,3274530,359.000000000000000,268497.000000000000000,5273,3830160,5389,3543027,10303,7104626
215,7/16/2021 15:00:00,6283,3567946,5878.000000000000000,3280408,405.000000000000000,268902.000000000000000,6688,3836848,6283,3549310,12566,7117192
216,7/17/2021 15:00:00,3424,3571370,3555.000000000000000,3283963,304.000000000000000,269206.000000000000000,3728,3840576,3859,3553169,7283,7124475
217,7/18/2021 15:00:00,2311,3573681,2385.000000000000000,3286348,110.000000000000000,269316.000000000000000,2421,3842997,2495,3555664,4806,7129281
218,7/19/2021 15:00:00,5154,3578835,4617.000000000000000,3290965,383.000000000000000,269699.000000000000000,5537,3848534,5000,3560664,10154,7139435
219,7/20/2021 15:00:00,5348,3584183,4738.000000000000000,3295703,367.000000000000000,270066.000000000000000,5715,3854249,5105,3565769,10453,7149888
220,7/21/2021 15:00:00,5668,3589851,4972.000000000000000,3300675,415.000000000000000,270481.000000000000000,6083,3860332,5387,3571156,11055,7160943
221,7/22/2021 15:00:00,6032,3595883,4656.000000000000000,3305331,472.000000000000000,270953.000000000000000,6504,3866836,5128,3576284,11160,7172103
222,7/23/2021 15:00:00,6848,3602731,4861.000000000000000,3310192,499.000000000000000,271452.000000000000000,7347,3874183,5360,3581644,12208,7184311
223,7/24/2021 15:00:00,4287,3607018,3210.000000000000000,3313402,267.000000000000000,271719.000000000000000,4554,3878737,3477,3585121,7764,7192075
224,7/25/2021 15:00:00,3302,3610320,1122.000000000000000,3314524,142.000000000000000,271861.000000000000000,3444,3882181,1264,3586385,4566,7196641
225,7/26/2021 15:00:00,6223,3616543,3919.000000000000000,3318443,420.000000000000000,272281.000000000000000,6643,3888824,4339,3590724,10562,7207203
226,7/27/2021 15:00:00,6618,3623161,4307.000000000000000,3322750,459.000000000000000,272740.000000000000000,7077,3895901,4766,3595490,11384,7218587
227,7/28/2021 15:00:00,7097,3630258,4158.000000000000000,3326908,462.000000000000000,273202.000000000000000,7559,3903460,4620,3600110,11717,7230304
228,7/29/2021 15:00:00,7093,3637351,4330.000000000000000,3331238,420.000000000000000,273622.000000000000000,7513,3910973,4750,3604860,11843,7242147
229,7/30/2021 15:00:00,7837,3645188,4841.000000000000000,3336079,527.000000000000000,274149.000000000000000,8364,3919337,5368,3610228,13205,7255352
230,7/31/2021 15:00:00,4793,3649981,3090.000000000000000,3339169,274.000000000000000,274423.000000000000000,5067,3924404,3364,3613592,8157,7263509
231,8/1/2021 15:00:00,3921,3653902,2200.000000000000000,3341369,165.000000000000000,274588.000000000000000,4086,3928490,2365,3615957,6286,7269795
232,8/2/2021 15:00:00,7283,3661185,3853.000000000000000,3345222,342.000000000000000,274930.000000000000000,7625,3936115,4195,3620152,11478,7281273
233,8/3/2021 15:00:00,7282,3668467,4117.000000000000000,3349339,517.000000000000000,275447.000000000000000,7799,3943914,4634,3624786,11916,7293189
234,8/4/2021 15:00:00,7445,3675912,4132.000000000000000,3353471,536.000000000000000,275983.000000000000000,7981,3951895,4668,3629454,12113,7305302
235,8/5/2021 15:00:00,7964,3683876,4348.000000000000000,3357819,541.000000000000000,276524.000000000000000,8505,3960400,4889,3634343,12853,7318155
236,8/6/2021 15:00:00,8335,3692211,4765.000000000000000,3362584,454.000000000000000,276978.000000000000000,8789,3969189,5219,3639562,13554,7331709
237,8/7/2021 15:00:00,5305,3697516,2850.000000000000000,3365434,264.000000000000000,277242.000000000000000,5569,3974758,3114,3642676,8419,7340128
238,8/8/2021 15:00:00,3981,3701497,2061.000000000000000,3367495,146.000000000000000,277388.000000000000000,4127,3978885,2207,3644883,6188,7346316
239,8/9/2021 15:00:00,6961,3708458,4575.000000000000000,3372070,371.000000000000000,277759.000000000000000,7332,3986217,4946,3649829,11907,7358223
240,8/10/2021 15:00:00,7174,3715632,4510.000000000000000,3376580,340.000000000000000,278099.000000000000000,7514,3993731,4850,3654679,12024,7370247
241,8/11/2021 15:00:00,7108,3722740,4463.000000000000000,3381043,443.000000000000000,278542.000000000000000,7551,4001282,4906,3659585,12014,7382261
242,8/12/2021 15:00:00,8669,3731409,4775.000000000000000,3385818,446.000000000000000,278988.000000000000000,9115,4010397,5221,3664806,13890,7396151
243,8/13/2021 15:00:00,7190,3738599,5420.000000000000000,3391238,398.000000000000000,279386.000000000000000,7588,4017985,5818,3670624,13008,7409159
244,8/14/2021 15:00:00,4929,3743528,3357.000000000000000,3394595,288.000000000000000,279674.000000000000000,5217,4023202,3645,3674269,8574,7417733
245,8/15/2021 15:00:00,3332,3746860,2750.000000000000000,3397345,163.000000000000000,279837.000000000000000,3495,4026697,2913,3677182,6245,7423978
246,8/16/2021 15:00:00,5462,3752322,5109.000000000000000,3402454,354.000000000000000,280191.000000000000000,5816,4032513,5463,3682645,10925,7434903
247,8/17/2021 15:00:00,6833,3759155,5383.000000000000000,3407837,391.000000000000000,280582.000000000000000,7224,4039737,5774,3688419,12607,7447510
248,8/18/2021 15:00:00,6353,3765508,5534.000000000000000,3413371,481.000000000000000,281063.000000000000000,6834,4046571,6015,3694434,12368,7459878
249,8/19/2021 15:00:00,6241,3771749,5589.000000000000000,3418960,417.000000000000000,281480.000000000000000,6658,4053229,6006,3700440,12247,7472125
250,8/20/2021 15:00:00,6857,3778606,6580.000000000000000,3425540,401.000000000000000,281881.000000000000000,7258,4060487,6981,3707421,13838,7485963
251,8/21/2021 15:00:00,4349,3782955,3929.000000000000000,3429469,230.000000000000000,282111.000000000000000,4579,4065066,4159,3711580,8508,7494471
252,8/22/2021 15:00:00,3065,3786020,3179.000000000000000,3432648,111.000000000000000,282222.000000000000000,3176,4068242,3290,3714870,6355,7500826
253,8/23/2021 15:00:00,6003,3792023,6143.000000000000000,3438791,287.000000000000000,282509.000000000000000,6290,4074532,6430,3721300,12433,7513259
254,8/24/2021 15:00:00,6558,3798581,6105.000000000000000,3444896,426.000000000000000,282935.000000000000000,6984,4081516,6531,3727831,13089,7526348
255,8/25/2021 15:00:00,6737,3805318,6256.000000000000000,3451152,440.000000000000000,283375.000000000000000,7177,4088693,6696,3734527,13433,7539781
256,8/26/2021 15:00:00,6974,3812292,6690.000000000000000,3457842,428.000000000000000,283803.000000000000000,7402,4096095,7118,3741645,14092,7553873
257,8/27/2021 15:00:00,6849,3819141,7111.000000000000000,3464953,317.000000000000000,284120.000000000000000,7166,4103261,7428,3749073,14277,7568150
258,8/28/2021 15:00:00,6920,3826061,6544.000000000000000,3471497,329.000000000000000,284449.000000000000000,7249,4110510,6873,3755946,13793,7581943
259,8/29/2021 15:00:00,3745,3829806,3709.000000000000000,3475206,610.000000000000000,285059.000000000000000,4355,4114865,4319,3760265,8064,7590007
260,8/30/2021 15:00:00,5936,3835742,6159.000000000000000,3481365,961.000000000000000,286020.000000000000000,6897,4121762,7120,3767385,13056,7603063
261,8/31/2021 15:00:00,5913,3841655,6098.000000000000000,3487463,947.000000000000000,286967.000000000000000,6860,4128622,7045,3774430,12958,7616021
262,9/1/2021 15:00:00,5622,3847277,5746.000000000000000,3493209,918.000000000000000,287885.000000000000000,6540,4135162,6664,3781094,12286,7628307
263,9/2/2021 15:00:00,5531,3852808,5978.000000000000000,3499187,709.000000000000000,288594.000000000000000,6240,4141402,6687,3787781,12218,7640525
264,9/3/2021 15:00:00,6027,3858835,6985.000000000000000,3506172,977.000000000000000,289571.000000000000000,7004,4148406,7962,3795743,13989,7654514
265,9/4/2021 15:00:00,3739,3862574,4367.000000000000000,3510539,878.000000000000000,290449.000000000000000,4617,4153023,5245,3800988,8984,7663498
266,9/5/2021 15:00:00,2959,3865533,2820.000000000000000,3513359,106.000000000000000,290555.000000000000000,3065,4156088,2926,3803914,5885,7669383
267,9/6/2021 15:00:00,1061,3866594,1163.000000000000000,3514522,70.000000000000000,290625.000000000000000,1131,4157219,1233,3805147,2294,7671677
268,9/7/2021 15:00:00,5352,3871946,7325.000000000000000,3521847,2305.000000000000000,292930.000000000000000,7657,4164876,9630,3814777,14982,7686659
269,9/8/2021 15:00:00,4663,3876609,5508.000000000000000,3527355,364.000000000000000,293294.000000000000000,5027,4169903,5872,3820649,10535,7697194
270,9/9/2021 15:00:00,5030,3881639,5482.000000000000000,3532837,325.000000000000000,293619.000000000000000,5355,4175258,5807,3826456,10837,7708031
271,9/10/2021 15:00:00,6537,3888176,6684.000000000000000,3539521,1719.000000000000000,295338.000000000000000,8256,4183514,8403,3834859,14940,7722971
272,9/11/2021 15:00:00,4180,3892356,4357.000000000000000,3543878,666.000000000000000,296004.000000000000000,4846,4188360,5023,3839882,9203,7732174
273,9/12/2021 15:00:00,3179,3895535,3247.000000000000000,3547125,436.000000000000000,296440.000000000000000,3615,4191975,3683,3843565,6862,7739036
274,9/13/2021 15:00:00,4898,3900433,5087.000000000000000,3552212,347.000000000000000,296787.000000000000000,5245,4197220,5434,3848999,10332,7749368
275,9/14/2021 15:00:00,4779,3905212,5468.000000000000000,3557680,438.000000000000000,297225.000000000000000,5217,4202437,5906,3854905,10685,7760053
276,9/15/2021 15:00:00,5049,3910261,5904.000000000000000,3563584,394.000000000000000,297619.000000000000000,5443,4207880,6298,3861203,11347,7771400
277,9/16/2021 15:00:00,4817,3915078,5862.000000000000000,3569446,338.000000000000000,297957.000000000000000,5155,4213035,6200,3867403,11017,7782417
278,9/17/2021 15:00:00,5293,3920371,6600.000000000000000,3576046,344.000000000000000,298301.000000000000000,5637,4218672,6944,3874347,12237,7794654
279,9/18/2021 15:00:00,3826,3924197,4592.000000000000000,3580638,186.000000000000000,298487.000000000000000,4012,4222684,4778,3879125,8604,7803258
280,9/19/2021 15:00:00,2742,3926939,3184.000000000000000,3583822,75.000000000000000,298562.000000000000000,2817,4225501,3259,3882384,6001,7809259
281,9/20/2021 15:00:00,3756,3930695,4692.000000000000000,3588514,429.000000000000000,298991.000000000000000,4185,4229686,5121,3887505,8877,7818136
282,9/21/2021 15:00:00,4005,3934700,5026.000000000000000,3593540,327.000000000000000,299318.000000000000000,4332,4234018,5353,3892858,9358,7827494
283,9/22/2021 15:00:00,4194,3938894,4805.000000000000000,3598345,459.000000000000000,299777.000000000000000,4653,4238671,5264,3898122,9458,7836952
284,9/23/2021 15:00:00,4192,3943086,4738.000000000000000,3603083,492.000000000000000,300269.000000000000000,4684,4243355,5230,3903352,9422,7846374
285,9/24/2021 15:00:00,5099,3948185,5638.000000000000000,3608721,422.000000000000000,300691.000000000000000,5521,4248876,6060,3909412,11159,7857533
286,9/25/2021 15:00:00,3644,3951829,3647.000000000000000,3612368,384.000000000000000,301075.000000000000000,4028,4252904,4031,3913443,7675,7865208
287,9/26/2021 15:00:00,2353,3954182,2672.000000000000000,3615040,433.000000000000000,301508.000000000000000,2786,4255690,3105,3916548,5458,7870666
288,9/27/2021 15:00:00,4512,3958694,2720.000000000000000,3617760,512.000000000000000,302020.000000000000000,5024,4260714,3232,3919780,7744,7878410
289,9/28/2021 15:00:00,4418,3963112,4467.000000000000000,3622227,212.000000000000000,302232.000000000000000,4630,4265344,4679,3924459,9097,7887507
290,9/29/2021 15:00:00,4691,3967803,4538.000000000000000,3626765,920.000000000000000,303152.000000000000000,5611,4270955,5458,3929917,10149,7897656
291,9/30/2021 15:00:00,4894,3972697,4580.000000000000000,3631345,796.000000000000000,303948.000000000000000,5690,4276645,5376,3935293,10270,7907926
292,10/1/2021 15:00:00,5534,3978231,5382.000000000000000,3636727,786.000000000000000,304734.000000000000000,6320,4282965,6168,3941461,11702,7919628
293,10/2/2021 15:00:00,2948,3981179,2906.000000000000000,3639633,187.000000000000000,304921.000000000000000,3135,4286100,3093,3944554,6041,7925669
294,10/3/2021 15:00:00,2078,3983257,2384.000000000000000,3642017,87.000000000000000,305008.000000000000000,2165,4288265,2471,3947025,4549,7930218
295,10/4/2021 15:00:00,4034,3987291,3512.000000000000000,3645529,233.000000000000000,305241.000000000000000,4267,4292532,3745,3950770,7779,7937997
296,10/5/2021 15:00:00,3964,3991255,3676.000000000000000,3649205,206.000000000000000,305447.000000000000000,4170,4296702,3882,3954652,7846,7945843
297,10/6/2021 15:00:00,4035,3995290,3581.000000000000000,3652786,266.000000000000000,305713.000000000000000,4301,4301003,3847,3958499,7882,7953725
298,10/7/2021 15:00:00,4232,3999522,3648.000000000000000,3656434,332.000000000000000,306045.000000000000000,4564,4305567,3980,3962479,8212,7961937
299,10/8/2021 15:00:00,4780,4004302,4311.000000000000000,3660745,283.000000000000000,306328.000000000000000,5063,4310630,4594,3967073,9374,7971311
300,10/9/2021 15:00:00,2693,4006995,2684.000000000000000,3663429,270.000000000000000,306598.000000000000000,2963,4313593,2954,3970027,5647,7976958
301,10/10/2021 15:00:00,1860,4008855,1855.000000000000000,3665284,60.000000000000000,306658.000000000000000,1920,4315513,1915,3971942,3775,7980733
302,10/11/2021 15:00:00,4216,4013071,3321.000000000000000,3668605,251.000000000000000,306909.000000000000000,4467,4319980,3572,3975514,7788,7988521
303,10/12/2021 15:00:00,3604,4016675,3550.000000000000000,3672155,277.000000000000000,307186.000000000000000,3881,4323861,3827,3979341,7431,7995952
304,10/13/2021 15:00:00,3993,4020668,3480.000000000000000,3675635,346.000000000000000,307532.000000000000000,4339,4328200,3826,3983167,7819,8003771
305,10/14/2021 15:00:00,5176,4025844,5510.000000000000000,3681145,430.000000000000000,307962.000000000000000,5606,4333806,5940,3989107,11116,8014887
306,10/15/2021 15:00:00,4769,4030613,4622.000000000000000,3685767,347.000000000000000,308309.000000000000000,5116,4338922,4969,3994076,9738,8024625
307,10/16/2021 15:00:00,2498,4033111,2531.000000000000000,3688298,291.000000000000000,308600.000000000000000,2789,4341711,2822,3996898,5320,8029945
308,10/17/2021 15:00:00,1811,4034922,1782.000000000000000,3690080,55.000000000000000,308655.000000000000000,1866,4343577,1837,3998735,3648,8033593
309,10/18/2021 15:00:00,4280,4039202,3588.000000000000000,3693668,283.000000000000000,308938.000000000000000,4563,4348140,3871,4002606,8151,8041744
310,10/19/2021 15:00:00,4306,4043508,4036.000000000000000,3697704,223.000000000000000,309161.000000000000000,4529,4352669,4259,4006865,8565,8050309
311,10/20/2021 15:00:00,3547,4047055,3435.000000000000000,3701139,259.000000000000000,309420.000000000000000,3806,4356475,3694,4010559,7241,8057550
312,10/21/2021 15:00:00,3311,4050366,3287.000000000000000,3704426,291.000000000000000,309711.000000000000000,3602,4360077,3578,4014137,6889,8064439
313,10/22/2021 15:00:00,4691,4055057,4043.000000000000000,3708469,477.000000000000000,310188.000000000000000,5168,4365245,4520,4018657,9211,8073650
314,10/23/2021 15:00:00,2887,4057944,2120.000000000000000,3710589,322.000000000000000,310510.000000000000000,3209,4368454,2442,4021099,5329,8078979
315,10/24/2021 15:00:00,2058,4060002,1555.000000000000000,3712144,79.000000000000000,310589.000000000000000,2137,4370591,1634,4022733,3692,8082671
316,10/25/2021 15:00:00,4556,4064558,3084.000000000000000,3715228,323.000000000000000,310912.000000000000000,4879,4375470,3407,4026140,7963,8090634
317,10/26/2021 15:00:00,4538,4069096,3091.000000000000000,3718319,316.000000000000000,311228.000000000000000,4854,4380324,3407,4029547,7945,8098579
318,10/27/2021 15:00:00,4730,4073826,3353.000000000000000,3721672,436.000000000000000,311664.000000000000000,5166,4385490,3789,4033336,8519,8107098
319,10/28/2021 15:00:00,4572,4078398,3374.000000000000000,3725046,501.000000000000000,312165.000000000000000,5073,4390563,3875,4037211,8447,8115545
320,10/29/2021 15:00:00,5002,4083400,3934.000000000000000,3728980,395.000000000000000,312560.000000000000000,5397,4395960,4329,4041540,9331,8124876
321,10/30/2021 15:00:00,2632,4086032,1848.000000000000000,3730828,307.000000000000000,312867.000000000000000,2939,4398899,2155,4043695,4787,8129663
322,10/31/2021 15:00:00,1935,4087967,1522.000000000000000,3732350,94.000000000000000,312961.000000000000000,2029,4400928,1616,4045311,3551,8133214
323,11/1/2021 15:00:00,4751,4092718,3455.000000000000000,3735805,351.000000000000000,313312.000000000000000,5102,4406030,3806,4049117,8557,8141771
324,11/2/2021 15:00:00,4282,4097000,2949.000000000000000,3738754,409.000000000000000,313721.000000000000000,4691,4410721,3358,4052475,7640,8149411
325,11/3/2021 15:00:00,4679,4101679,3051.000000000000000,3741805,464.000000000000000,314185.000000000000000,5143,4415864,3515,4055990,8194,8157605
326,11/4/2021 15:00:00,6332,4108011,3385.000000000000000,3745190,530.000000000000000,314715.000000000000000,6862,4422726,3915,4059905,10247,8167852
327,11/5/2021 15:00:00,8264,4116275,3787.000000000000000,3748977,415.000000000000000,315130.000000000000000,8679,4431405,4202,4064107,12466,8180318
328,11/6/2021 15:00:00,10206,4126481,1977.000000000000000,3750954,309.000000000000000,315439.000000000000000,10515,4441920,2286,4066393,12492,8192810
329,11/7/2021 15:00:00,7752,4134233,1463.000000000000000,3752417,95.000000000000000,315534.000000000000000,7847,4449767,1558,4067951,9310,8202120
330,11/8/2021 15:00:00,11362,4145595,3066.000000000000000,3755483,379.000000000000000,315913.000000000000000,11741,4461508,3445,4071396,14807,8216927
331,11/9/2021 15:00:00,11809,4157404,2658.000000000000000,3758141,268.000000000000000,316181.000000000000000,12077,4473585,2926,4074322,14735,8231662
332,11/10/2021 15:00:00,12640,4170044,2775.000000000000000,3760916,339.000000000000000,316520.000000000000000,12979,4486564,3114,4077436,15754,8247416
333,11/11/2021 15:00:00,11446,4181490,2384.000000000000000,3763300,280.000000000000000,316800.000000000000000,11726,4498290,2664,4080100,14110,8261526
334,11/12/2021 15:00:00,12388,4193878,3378.000000000000000,3766678,548.000000000000000,317348.000000000000000,12936,4511226,3926,4084026,16314,8277840
335,11/13/2021 15:00:00,9983,4203861,1603.000000000000000,3768281,342.000000000000000,317690.000000000000000,10325,4521551,1945,4085971,11928,8289768
336,11/14/2021 15:00:00,4248,4208109,1119.000000000000000,3769400,121.000000000000000,317811.000000000000000,4369,4525920,1240,4087211,5488,8295256
337,11/15/2021 15:00:00,8655,4216764,2524.000000000000000,3771924,211.000000000000000,318022.000000000000000,8866,4534786,2735,4089946,11390,8306646
338,11/16/2021 15:00:00,9300,4226064,2516.000000000000000,3774440,258.000000000000000,318280.000000000000000,9558,4544344,2774,4092720,12074,8318720
339,11/17/2021 15:00:00,9420,4235484,2870.000000000000000,3777310,313.000000000000000,318593.000000000000000,9733,4554077,3183,4095903,12603,8331323
340,11/18/2021 15:00:00,9333,4244817,2629.000000000000000,3779939,481.000000000000000,319074.000000000000000,9814,4563891,3110,4099013,12443,8343766
341,11/19/2021 15:00:00,9851,4254668,2930.000000000000000,3782869,382.000000000000000,319456.000000000000000,10233,4574124,3312,4102325,13163,8356929
342,11/20/2021 15:00:00,10667,4265335,1606.000000000000000,3784475,455.000000000000000,319911.000000000000000,11122,4585246,2061,4104386,12728,8369657
343,11/21/2021 15:00:00,4398,4269733,1208.000000000000000,3785683,100.000000000000000,320011.000000000000000,4498,4589744,1308,4105694,5706,8375363
344,11/22/2021 15:00:00,9855,4279588,2516.000000000000000,3788199,293.000000000000000,320304.000000000000000,10148,4599892,2809,4108503,12664,8388027
345,11/23/2021 15:00:00,9258,4288846,2410.000000000000000,3790609,318.000000000000000,320622.000000000000000,9576,4609468,2728,4111231,11986,8400013
346,11/24/2021 15:00:00,8192,4297038,2445.000000000000000,3793054,215.000000000000000,320837.000000000000000,8407,4617875,2660,4113891,10852,8410865
347,11/25/2021 15:00:00,235,4297273,81.000000000000000,3793135,10.000000000000000,320847.000000000000000,245,4618120,91,4113982,326,8411191
348,11/26/2021 15:00:00,5674,4302947,3984.000000000000000,3797119,153.000000000000000,321000.000000000000000,5827,4623947,4137,4118119,9811,8421002
349,11/27/2021 15:00:00,3784,4306731,5499.000000000000000,3802618,134.000000000000000,321134.000000000000000,3918,4627865,5633,4123752,9417,8430419
350,11/28/2021 15:00:00,2410,4309141,6412.000000000000000,3809030,77.000000000000000,321211.000000000000000,2487,4630352,6489,4130241,8899,8439318
351,11/29/2021 15:00:00,6394,4315535,9340.000000000000000,3818370,380.000000000000000,321591.000000000000000,6774,4637126,9720,4139961,16114,8455432
352,11/30/2021 15:00:00,6284,4321819,9376.000000000000000,3827746,264.000000000000000,321855.000000000000000,6548,4643674,9640,4149601,15924,8471356
353,12/1/2021 15:00:00,7362,4329181,9793.000000000000000,3837539,309.000000000000000,322164.000000000000000,7671,4651345,10102,4159703,17464,8488820
354,12/2/2021 15:00:00,6969,4336150,8870.000000000000000,3846409,450.000000000000000,322614.000000000000000,7419,4658764,9320,4169023,16289,8505109
355,12/3/2021 15:00:00,7658,4343808,9381.000000000000000,3855790,253.000000000000000,322867.000000000000000,7911,4666675,9634,4178657,17292,8522401
356,12/4/2021 15:00:00,5962,4349770,10170.000000000000000,3865960,468.000000000000000,323335.000000000000000,6430,4673105,10638,4189295,16600,8539001
357,12/5/2021 15:00:00,3447,4353217,3587.000000000000000,3869547,79.000000000000000,323414.000000000000000,3526,4676631,3666,4192961,7113,8546114
358,12/6/2021 15:00:00,6781,4359998,7122.000000000000000,3876669,281.000000000000000,323695.000000000000000,7062,4683693,7403,4200364,14184,8560298
359,12/7/2021 15:00:00,6464,4366462,7095.000000000000000,3883764,252.000000000000000,323947.000000000000000,6716,4690409,7347,4207711,13811,8574109
360,12/8/2021 15:00:00,6952,4373414,7450.000000000000000,3891214,316.000000000000000,324263.000000000000000,7268,4697677,7766,4215477,14718,8588827
361,12/9/2021 15:00:00,6555,4379969,7079.000000000000000,3898293,399.000000000000000,324662.000000000000000,6954,4704631,7478,4222955,14033,8602860
362,12/10/2021 15:00:00,7313,4387282,7371.000000000000000,3905664,233.000000000000000,324895.000000000000000,7546,4712177,7604,4230559,14917,8617777
363,12/11/2021 15:00:00,4469,4391751,7715.000000000000000,3913379,333.000000000000000,325228.000000000000000,4802,4716979,8048,4238607,12517,8630294
364,12/12/2021 15:00:00,4011,4395762,2817.000000000000000,3916196,60.000000000000000,325288.000000000000000,4071,4721050,2877,4241484,6888,8637182
365,12/13/2021 15:00:00,5792,4401554,5839.000000000000000,3922035,243.000000000000000,325531.000000000000000,6035,4727085,6082,4247566,11874,8649056
366,12/14/2021 15:00:00,6478,4408032,5970.000000000000000,3928005,223.000000000000000,325754.000000000000000,6701,4733786,6193,4253759,12671,8661727
367,12/15/2021 15:00:00,7203,4415235,5742.000000000000000,3933747,259.000000000000000,326013.000000000000000,7462,4741248,6001,4259760,13204,8674931
368,12/16/2021 15:00:00,7918,4423153,2842.000000000000000,3936589,423.000000000000000,326436.000000000000000,8341,4749589,3265,4263025,11183,8686114
369,12/17/2021 15:00:00,7884,4431037,4196.000000000000000,3940785,195.000000000000000,326631.000000000000000,8079,4757668,4391,4267416,12275,8698389
370,12/18/2021 15:00:00,5868,4436905,3211.000000000000000,3943996,298.000000000000000,326929.000000000000000,6166,4763834,3509,4270925,9377,8707766
371,12/19/2021 15:00:00,3392,4440297,1354.000000000000000,3945350,37.000000000000000,326966.000000000000000,3429,4767263,1391,4272316,4783,8712549
372,12/20/2021 15:00:00,8125,4448422,3776.000000000000000,3949126,174.000000000000000,327140.000000000000000,8299,4775562,3950,4276266,12075,8724624
373,12/21/2021 15:00:00,9093,4457515,4233.000000000000000,3953359,177.000000000000000,327317.000000000000000,9270,4784832,4410,4280676,13503,8738127
374,12/22/2021 15:00:00,8729,4466244,3922.000000000000000,3957281,184.000000000000000,327501.000000000000000,8913,4793745,4106,4284782,12835,8750962
375,12/23/2021 15:00:00,8464,4474708,3601.000000000000000,3960882,359.000000000000000,327860.000000000000000,8823,4802568,3960,4288742,12424,8763386
376,12/24/2021 15:00:00,1637,4476345,1017.000000000000000,3961899,39.000000000000000,327899.000000000000000,1676,4804244,1056,4289798,2693,8766079
377,12/25/2021 15:00:00,47,4476392,36.000000000000000,3961935,1.000000000000000,327900.000000000000000,48,4804292,37,4289835,84,8766163
378,12/26/2021 15:00:00,2519,4478911,1758.000000000000000,3963693,44.000000000000000,327944.000000000000000,2563,4806855,1802,4291637,4321,8770484
379,12/27/2021 15:00:00,7266,4486177,4059.000000000000000,3967752,297.000000000000000,328241.000000000000000,7563,4814418,4356,4295993,11622,8782106
380,12/28/2021 15:00:00,7979,4494156,3890.000000000000000,3971642,179.000000000000000,328420.000000000000000,8158,4822576,4069,4300062,12048,8794154
381,12/29/2021 15:00:00,8273,4502429,4042.000000000000000,3975684,157.000000000000000,328577.000000000000000,8430,4831006,4199,4304261,12472,8806626
382,12/30/2021 15:00:00,7513,4509942,3818.000000000000000,3979502,291.000000000000000,328868.000000000000000,7804,4838810,4109,4308370,11622,8818248
383,12/31/2021 15:00:00,2590,4512532,1545.000000000000000,3981047,90.000000000000000,328958.000000000000000,2680,4841490,1635,4310005,4225,8822473
384,1/1/2022 15:00:00,743,4513275,353.000000000000000,3981400,34.000000000000000,328992.000000000000000,777,4842267,387,4310392,1130,8823603
385,1/2/2022 15:00:00,2220,4515495,1655.000000000000000,3983055,48.000000000000000,329040.000000000000000,2268,4844535,1703,4312095,3923,8827526
386,1/3/2022 15:00:00,3393,4518888,2094.000000000000000,3985149,224.000000000000000,329264.000000000000000,3617,4848152,2318,4314413,5711,8833237
387,1/4/2022 15:00:00,5877,4524765,3540.000000000000000,3988689,165.000000000000000,329429.000000000000000,6042,4854194,3705,4318118,9582,8842819
388,1/5/2022 15:00:00,6852,4531617,4720.000000000000000,3993409,176.000000000000000,329605.000000000000000,7028,4861222,4896,4323014,11748,8854567
389,1/6/2022 15:00:00,6834,4538451,4883.000000000000000,3998292,265.000000000000000,329870.000000000000000,7099,4868321,5148,4328162,11982,8866549
390,1/7/2022 15:00:00,6048,4544499,3863.000000000000000,4002155,162.000000000000000,330032.000000000000000,6210,4874531,4025,4332187,10073,8876622
391,1/8/2022 15:00:00,4821,4549320,3941.000000000000000,4006096,78.000000000000000,330110.000000000000000,4899,4879430,4019,4336206,8840,8885462
392,1/9/2022 15:00:00,2766,4552086,2030.000000000000000,4008126,154.000000000000000,330264.000000000000000,2920,4882350,2184,4338390,4950,8890412
393,1/10/2022 15:00:00,6369,4558455,3881.000000000000000,4012007,161.000000000000000,330425.000000000000000,6530,4888880,4042,4342432,10411,8900823
394,1/11/2022 15:00:00,6557,4565012,4313.000000000000000,4016320,143.000000000000000,330568.000000000000000,6700,4895580,4456,4346888,11013,8911836
395,1/12/2022 15:00:00,6845,4571857,4473.000000000000000,4020793,224.000000000000000,330792.000000000000000,7069,4902649,4697,4351585,11542,8923378
396,1/13/2022 15:00:00,6708,4578565,4417.000000000000000,4025210,153.000000000000000,330945.000000000000000,6861,4909510,4570,4356155,11278,8934656
397,1/14/2022 15:00:00,7272,4585837,3316.000000000000000,4028526,253.000000000000000,331198.000000000000000,7525,4917035,3569,4359724,10841,8945497
398,1/15/2022 15:00:00,4299,4590136,1701.000000000000000,4030227,71.000000000000000,331269.000000000000000,4370,4921405,1772,4361496,6071,8951568
399,1/16/2022 15:00:00,2225,4592361,1324.000000000000000,4031551,116.000000000000000,331385.000000000000000,2341,4923746,1440,4362936,3665,8955233
400,1/17/2022 15:00:00,3631,4595992,2392.000000000000000,4033943,75.000000000000000,331460.000000000000000,3706,4927452,2467,4365403,6098,8961331
401,1/18/2022 15:00:00,5304,4601296,4237.000000000000000,4038180,103.000000000000000,331563.000000000000000,5407,4932859,4340,4369743,9644,8970975
402,1/19/2022 15:00:00,5304,4606600,4507.000000000000000,4042687,99.000000000000000,331662.000000000000000,5403,4938262,4606,4374349,9910,8980885
403,1/20/2022 15:00:00,4542,4611142,3648.000000000000000,4046335,176.000000000000000,331838.000000000000000,4718,4942980,3824,4378173,8366,8989251
404,1/21/2022 15:00:00,5614,4616756,2955.000000000000000,4049290,126.000000000000000,331964.000000000000000,5740,4948720,3081,4381254,8695,8997946
405,1/22/2022 15:00:00,3483,4620239,1729.000000000000000,4051019,134.000000000000000,332098.000000000000000,3617,4952337,1863,4383117,5346,9003292
406,1/23/2022 15:00:00,2052,4622291,1502.000000000000000,4052521,30.000000000000000,332128.000000000000000,2082,4954419,1532,4384649,3584,9006876
407,1/24/2022 15:00:00,4138,4626429,2782.000000000000000,4055303,90.000000000000000,332218.000000000000000,4228,4958647,2872,4387521,7010,9013886
408,1/25/2022 15:00:00,3852,4630281,3333.000000000000000,4058636,95.000000000000000,332313.000000000000000,3947,4962594,3428,4390949,7280,9021166
409,1/26/2022 15:00:00,3896,4634177,3725.000000000000000,4062361,95.000000000000000,332408.000000000000000,3991,4966585,3820,4394769,7716,9028882
410,1/27/2022 15:00:00,3767,4637944,3963.000000000000000,4066324,188.000000000000000,332596.000000000000000,3955,4970540,4151,4398920,7918,9036800
411,1/28/2022 15:00:00,3865,4641809,3300.000000000000000,4069624,76.000000000000000,332672.000000000000000,3941,4974481,3376,4402296,7241,9044041
412,1/29/2022 15:00:00,2313,4644122,2303.000000000000000,4071927,117.000000000000000,332789.000000000000000,2430,4976911,2420,4404716,4733,9048774
413,1/30/2022 15:00:00,1566,4645688,1647.000000000000000,4073574,16.000000000000000,332805.000000000000000,1582,4978493,1663,4406379,3229,9052003
414,1/31/2022 15:00:00,3013,4648701,3249.000000000000000,4076823,58.000000000000000,332863.000000000000000,3071,4981564,3307,4409686,6320,9058323
415,2/1/2022 15:00:00,2658,4651359,3417.000000000000000,4080240,75.000000000000000,332938.000000000000000,2733,4984297,3492,4413178,6150,9064473
416,2/2/2022 15:00:00,2838,4654197,3736.000000000000000,4083976,78.000000000000000,333016.000000000000000,2916,4987213,3814,4416992,6652,9071125
417,2/3/2022 15:00:00,2768,4656965,3680.000000000000000,4087656,42.000000000000000,333058.000000000000000,2810,4990023,3722,4420714,6490,9077615
418,2/4/2022 15:00:00,2790,4659755,4412.000000000000000,4092068,128.000000000000000,333186.000000000000000,2918,4992941,4540,4425254,7330,9084945
419,2/5/2022 15:00:00,1926,4661681,2914.000000000000000,4094982,112.000000000000000,333298.000000000000000,2038,4994979,3026,4428280,4952,9089897
420,2/6/2022 15:00:00,1079,4662760,1359.000000000000000,4096341,24.000000000000000,333322.000000000000000,1103,4996082,1383,4429663,2462,9092359
421,2/7/2022 15:00:00,2079,4664839,2715.000000000000000,4099056,51.000000000000000,333373.000000000000000,2130,4998212,2766,4432429,4845,9097204
422,2/8/2022 15:00:00,2102,4666941,3113.000000000000000,4102169,63.000000000000000,333436.000000000000000,2165,5000377,3176,4435605,5278,9102482
423,2/9/2022 15:00:00,2211,4669152,3328.000000000000000,4105497,76.000000000000000,333512.000000000000000,2287,5002664,3404,4439009,5615,9108097
424,2/10/2022 15:00:00,2098,4671250,2885.000000000000000,4108382,55.000000000000000,333567.000000000000000,2153,5004817,2940,4441949,5038,9113135
425,2/11/2022 15:00:00,2521,4673771,3536.000000000000000,4111918,123.000000000000000,333690.000000000000000,2644,5007461,3659,4445608,6180,9119315
426,2/12/2022 15:00:00,1684,4675455,2325.000000000000000,4114243,97.000000000000000,333787.000000000000000,1781,5009242,2422,4448030,4106,9123421
427,2/13/2022 15:00:00,739,4676194,1087.000000000000000,4115330,17.000000000000000,333804.000000000000000,756,5009998,1104,4449134,1843,9125264
428,2/14/2022 15:00:00,1467,4677661,2249.000000000000000,4117579,65.000000000000000,333869.000000000000000,1532,5011530,2314,4451448,3781,9129045
429,2/15/2022 15:00:00,1954,4679615,2477.000000000000000,4120056,47.000000000000000,333916.000000000000000,2001,5013531,2524,4453972,4478,9133523
430,2/16/2022 15:00:00,1697,4681312,2459.000000000000000,4122515,52.000000000000000,333968.000000000000000,1749,5015280,2511,4456483,4208,9137731
431,2/17/2022 15:00:00,16884,4698196,13049.000000000000000,4135564,485.000000000000000,334453.000000000000000,17369,5032649,13534,4470017,30418,9168149
432,2/18/2022 15:00:00,2018,4700214,2622.000000000000000,4138186,49.000000000000000,334502.000000000000000,2067,5034716,2671,4472688,4689,9172838
433,2/19/2022 15:00:00,1241,4701455,1719.000000000000000,4139905,39.000000000000000,334541.000000000000000,1280,5035996,1758,4474446,2999,9175837
434,2/20/2022 15:00:00,722,4702177,855.000000000000000,4140760,15.000000000000000,334556.000000000000000,737,5036733,870,4475316,1592,9177429
435,2/21/2022 15:00:00,1316,4703493,1796.000000000000000,4142556,32.000000000000000,334588.000000000000000,1348,5038081,1828,4477144,3144,9180573
436,2/22/2022 15:00:00,1473,4704966,1935.000000000000000,4144491,37.000000000000000,334625.000000000000000,1510,5039591,1972,4479116,3445,9184018
437,2/23/2022 15:00:00,1590,4706556,1936.000000000000000,4146427,36.000000000000000,334661.000000000000000,1626,5041217,1972,4481088,3562,9187580
438,2/24/2022 15:00:00,1522,4708078,1702.000000000000000,4148129,39.000000000000000,334700.000000000000000,1561,5042778,1741,4482829,3263,9190843
439,2/25/2022 15:00:00,1704,4709782,1880.000000000000000,4150009,72.000000000000000,334772.000000000000000,1776,5044554,1952,4484781,3656,9194499
440,2/26/2022 15:00:00,1208,4710990,1243.000000000000000,4151252,44.000000000000000,334816.000000000000000,1252,5045806,1287,4486068,2495,9196994
441,2/27/2022 15:00:00,580,4711570,523.000000000000000,4151775,14.000000000000000,334830.000000000000000,594,5046400,537,4486605,1117,9198111
442,2/28/2022 15:00:00,1293,4712863,1328.000000000000000,4153103,35.000000000000000,334865.000000000000000,1328,5047728,1363,4487968,2656,9200767
443,3/1/2022 15:00:00,1330,4714193,1328.000000000000000,4154431,26.000000000000000,334891.000000000000000,1356,5049084,1354,4489322,2684,9203451
444,3/2/2022 15:00:00,628,4714821,787.000000000000000,4155218,33.000000000000000,334924.000000000000000,661,5049745,820,4490142,1448,9204899