OBJECTID,VACCINATION_DATE,FirstDailyDose,FirstDoseCumulative,SecondDailyDose,SecondDoseCumulative,SingleDailyDose,SingleDoseCumulative,AtleastOneVaccine,AtleastOneVaccineCumulative,CompletedVax,CompletedVaxCumulative,FirstSecondSingleVaccination_12,FirstSecondSingleVaccination_13
1,12/14/2020 15:00:00,17,1000,,389,,,17,1000,0,389,17,1305
2,12/15/2020 15:00:00,53,1053,2.000000000000000,391,,,53,1053,2,391,55,1360
3,12/16/2020 15:00:00,575,1628,2.000000000000000,393,,,575,1628,2,393,577,1937
4,12/17/2020 15:00:00,1143,2771,2.000000000000000,395,,,1143,2771,2,395,1145,3082
5,12/18/2020 15:00:00,2988,5759,11.000000000000000,406,,,2988,5759,11,406,2999,6081
6,12/19/2020 15:00:00,918,6677,5.000000000000000,411,,,918,6677,5,411,923,7004
7,12/20/2020 15:00:00,333,7010,4.000000000000000,415,,,333,7010,4,415,337,7341
8,12/21/2020 15:00:00,3857,10867,21.000000000000000,436,,,3857,10867,21,436,3878,11219
9,12/22/2020 15:00:00,6293,17160,18.000000000000000,454,,,6293,17160,18,454,6311,17530
10,12/23/2020 15:00:00,5737,22897,27.000000000000000,481,,,5737,22897,27,481,5764,23294
11,12/24/2020 15:00:00,2716,25613,11.000000000000000,492,,,2716,25613,11,492,2727,26021
12,12/25/2020 15:00:00,1034,26647,3.000000000000000,495,,,1034,26647,3,495,1037,27058
13,12/26/2020 15:00:00,1872,28519,9.000000000000000,504,,,1872,28519,9,504,1881,28939
14,12/27/2020 15:00:00,1791,30310,10.000000000000000,514,,,1791,30310,10,514,1801,30740
15,12/28/2020 15:00:00,8952,39262,39.000000000000000,553,,,8952,39262,39,553,8991,39731
16,12/29/2020 15:00:00,10915,50177,42.000000000000000,595,,,10915,50177,42,595,10957,50688
17,12/30/2020 15:00:00,12452,62629,69.000000000000000,664,,,12452,62629,69,664,12521,63209
18,12/31/2020 15:00:00,7515,70144,35.000000000000000,699,,,7515,70144,35,699,7550,70759
19,1/1/2021 15:00:00,2601,72745,115.000000000000000,814,,,2601,72745,115,814,2716,73475
20,1/2/2021 15:00:00,2981,75726,34.000000000000000,848,,,2981,75726,34,848,3015,76490
21,1/3/2021 15:00:00,3368,79094,79.000000000000000,927,,,3368,79094,79,927,3447,79937
22,1/4/2021 15:00:00,13273,92367,316.000000000000000,1243,,,13273,92367,316,1243,13589,93526
23,1/5/2021 15:00:00,12405,104772,514.000000000000000,1757,,,12405,104772,514,1757,12919,106445
24,1/6/2021 15:00:00,15163,119935,841.000000000000000,2598,,,15163,119935,841,2598,16004,122449
25,1/7/2021 15:00:00,14950,134885,1732.000000000000000,4330,,,14950,134885,1732,4330,16682,139131
26,1/8/2021 15:00:00,23946,158831,2723.000000000000000,7053,,,23946,158831,2723,7053,26669,165800
27,1/9/2021 15:00:00,5133,163964,935.000000000000000,7988,,,5133,163964,935,7988,6068,171868
28,1/10/2021 15:00:00,2924,166888,368.000000000000000,8356,,,2924,166888,368,8356,3292,175160
29,1/11/2021 15:00:00,13674,180562,3430.000000000000000,11786,,,13674,180562,3430,11786,17104,192264
30,1/12/2021 15:00:00,17298,197860,5559.000000000000000,17345,,,17298,197860,5559,17345,22857,215121
31,1/13/2021 15:00:00,18494,216354,3857.000000000000000,21202,,,18494,216354,3857,21202,22351,237472
32,1/14/2021 15:00:00,17774,234128,1923.000000000000000,23125,,,17774,234128,1923,23125,19697,257169
33,1/15/2021 15:00:00,19365,253493,1970.000000000000000,25095,,,19365,253493,1970,25095,21335,278504
34,1/16/2021 15:00:00,5788,259281,1589.000000000000000,26684,,,5788,259281,1589,26684,7377,285881
35,1/17/2021 15:00:00,2097,261378,1467.000000000000000,28151,,,2097,261378,1467,28151,3564,289445
36,1/18/2021 15:00:00,7037,268415,3233.000000000000000,31384,,,7037,268415,3233,31384,10270,299715
37,1/19/2021 15:00:00,16868,285283,5316.000000000000000,36700,,,16868,285283,5316,36700,22184,321899
38,1/20/2021 15:00:00,20947,306230,5196.000000000000000,41896,,,20947,306230,5196,41896,26143,348042
39,1/21/2021 15:00:00,23588,329818,3681.000000000000000,45577,,,23588,329818,3681,45577,27269,375311
40,1/22/2021 15:00:00,28562,358380,3601.000000000000000,49178,,,28562,358380,3601,49178,32163,407474
41,1/23/2021 15:00:00,10056,368436,1880.000000000000000,51058,,,10056,368436,1880,51058,11936,419410
42,1/24/2021 15:00:00,3334,371770,1707.000000000000000,52765,,,3334,371770,1707,52765,5041,424451
43,1/25/2021 15:00:00,16256,388026,8518.000000000000000,61283,,,16256,388026,8518,61283,24774,449225
44,1/26/2021 15:00:00,17515,405541,8892.000000000000000,70175,,,17515,405541,8892,70175,26407,475632
45,1/27/2021 15:00:00,24349,429890,12390.000000000000000,82565,,,24349,429890,12390,82565,36739,512371
46,1/28/2021 15:00:00,22623,452513,9202.000000000000000,91767,,,22623,452513,9202,91767,31825,544196
47,1/29/2021 15:00:00,24719,477232,7756.000000000000000,99523,,,24719,477232,7756,99523,32475,576671
48,1/30/2021 15:00:00,17730,494962,2494.000000000000000,102017,,,17730,494962,2494,102017,20224,596895
49,1/31/2021 15:00:00,3744,498706,1311.000000000000000,103328,,,3744,498706,1311,103328,5055,601950
50,2/1/2021 15:00:00,7603,506309,5070.000000000000000,108398,,,7603,506309,5070,108398,12673,614623
51,2/2/2021 15:00:00,12395,518704,13675.000000000000000,122073,,,12395,518704,13675,122073,26070,640693
52,2/3/2021 15:00:00,18159,536863,18005.000000000000000,140078,,,18159,536863,18005,140078,36164,676857
53,2/4/2021 15:00:00,22019,558882,15678.000000000000000,155756,,,22019,558882,15678,155756,37697,714554
54,2/5/2021 15:00:00,20234,579116,17313.000000000000000,173069,,,20234,579116,17313,173069,37547,752101
55,2/6/2021 15:00:00,11250,590366,14414.000000000000000,187483,,,11250,590366,14414,187483,25664,777765
56,2/7/2021 15:00:00,5898,596264,1767.000000000000000,189250,,,5898,596264,1767,189250,7665,785430
57,2/8/2021 15:00:00,12912,609176,12851.000000000000000,202101,,,12912,609176,12851,202101,25763,811193
58,2/9/2021 15:00:00,16570,625746,13772.000000000000000,215873,,,16570,625746,13772,215873,30342,841535
59,2/10/2021 15:00:00,19213,644959,21131.000000000000000,237004,,,19213,644959,21131,237004,40344,881879
60,2/11/2021 15:00:00,22836,667795,17229.000000000000000,254233,,,22836,667795,17229,254233,40065,921944
61,2/12/2021 15:00:00,20309,688104,19538.000000000000000,273771,,,20309,688104,19538,273771,39847,961791
62,2/13/2021 15:00:00,11377,699481,6356.000000000000000,280127,,,11377,699481,6356,280127,17733,979524
63,2/14/2021 15:00:00,7089,706570,2083.000000000000000,282210,,,7089,706570,2083,282210,9172,988696
64,2/15/2021 15:00:00,11722,718292,13131.000000000000000,295341,,,11722,718292,13131,295341,24853,1013549
65,2/16/2021 15:00:00,16536,734828,20950.000000000000000,316291,,,16536,734828,20950,316291,37486,1051035
66,2/17/2021 15:00:00,20600,755428,26314.000000000000000,342605,,,20600,755428,26314,342605,46914,1097949
67,2/18/2021 15:00:00,3167,758595,4518.000000000000000,347123,,,3167,758595,4518,347123,7685,1105634
68,2/19/2021 15:00:00,10241,768836,19844.000000000000000,366967,,,10241,768836,19844,366967,30085,1135719
69,2/20/2021 15:00:00,10292,779128,20197.000000000000000,387164,,,10292,779128,20197,387164,30489,1166208
70,2/21/2021 15:00:00,6144,785272,7606.000000000000000,394770,,,6144,785272,7606,394770,13750,1179958
71,2/22/2021 15:00:00,7991,793263,15410.000000000000000,410180,,,7991,793263,15410,410180,23401,1203359
72,2/23/2021 15:00:00,15488,808751,15863.000000000000000,426043,,,15488,808751,15863,426043,31351,1234710
73,2/24/2021 15:00:00,17888,826639,24666.000000000000000,450709,,,17888,826639,24666,450709,42554,1277264
74,2/25/2021 15:00:00,20329,846968,26419.000000000000000,477128,,,20329,846968,26419,477128,46748,1324012
75,2/26/2021 15:00:00,26657,873625,26074.000000000000000,503202,,,26657,873625,26074,503202,52731,1376743
76,2/27/2021 15:00:00,15944,889569,11026.000000000000000,514228,,,15944,889569,11026,514228,26970,1403713
77,2/28/2021 15:00:00,15484,905053,4777.000000000000000,519005,,,15484,905053,4777,519005,20261,1423974
78,3/1/2021 15:00:00,26037,931090,12282.000000000000000,531287,,,26037,931090,12282,531287,38319,1462293
79,3/2/2021 15:00:00,23763,954853,13151.000000000000000,544438,31.000000000000000,31.000000000000000,23794,954884,13182,544469,36945,1499238
80,3/3/2021 15:00:00,29999,984852,18292.000000000000000,562730,179.000000000000000,210.000000000000000,30178,985062,18471,562940,48470,1547708
81,3/4/2021 15:00:00,30886,1015738,18085.000000000000000,580815,4063.000000000000000,4273.000000000000000,34949,1020011,22148,585088,53034,1600742
82,3/5/2021 15:00:00,29348,1045086,19351.000000000000000,600166,4911.000000000000000,9184.000000000000000,34259,1054270,24262,609350,53610,1654352
83,3/6/2021 15:00:00,17800,1062886,8912.000000000000000,609078,6004.000000000000000,15188.000000000000000,23804,1078074,14916,624266,32716,1687068
84,3/7/2021 15:00:00,12073,1074959,4787.000000000000000,613865,6610.000000000000000,21798.000000000000000,18683,1096757,11397,635663,23470,1710538
85,3/8/2021 15:00:00,25783,1100742,8754.000000000000000,622619,8280.000000000000000,30078.000000000000000,34063,1130820,17034,652697,42817,1753355
86,3/9/2021 15:00:00,26026,1126768,15336.000000000000000,637955,8341.000000000000000,38419.000000000000000,34367,1165187,23677,676374,49703,1803058
87,3/10/2021 15:00:00,29761,1156529,15882.000000000000000,653837,7938.000000000000000,46357.000000000000000,37699,1202886,23820,700194,53581,1856639
88,3/11/2021 15:00:00,35882,1192411,16358.000000000000000,670195,3981.000000000000000,50338.000000000000000,39863,1242749,20339,720533,56221,1912860
89,3/12/2021 15:00:00,36829,1229240,17963.000000000000000,688158,2924.000000000000000,53262.000000000000000,39753,1282502,20887,741420,57716,1970576
90,3/13/2021 15:00:00,22621,1251861,10214.000000000000000,698372,1603.000000000000000,54865.000000000000000,24224,1306726,11817,753237,34438,2005014
91,3/14/2021 15:00:00,17824,1269685,6662.000000000000000,705034,995.000000000000000,55860.000000000000000,18819,1325545,7657,760894,25481,2030495
92,3/15/2021 15:00:00,29716,1299401,11190.000000000000000,716224,592.000000000000000,56452.000000000000000,30308,1355853,11782,772676,41498,2071993
93,3/16/2021 15:00:00,33341,1332742,13475.000000000000000,729699,761.000000000000000,57213.000000000000000,34102,1389955,14236,786912,47577,2119570
94,3/17/2021 15:00:00,37485,1370227,16923.000000000000000,746622,1174.000000000000000,58387.000000000000000,38659,1428614,18097,805009,55582,2175152
95,3/18/2021 15:00:00,41323,1411550,12486.000000000000000,759108,1347.000000000000000,59734.000000000000000,42670,1471284,13833,818842,55156,2230308
96,3/19/2021 15:00:00,38226,1449776,15321.000000000000000,774429,1034.000000000000000,60768.000000000000000,39260,1510544,16355,835197,54581,2284889
97,3/20/2021 15:00:00,24617,1474393,10055.000000000000000,784484,692.000000000000000,61460.000000000000000,25309,1535853,10747,845944,35364,2320253
98,3/21/2021 15:00:00,19115,1493508,7804.000000000000000,792288,331.000000000000000,61791.000000000000000,19446,1555299,8135,854079,27250,2347503
99,3/22/2021 15:00:00,32491,1525999,11385.000000000000000,803673,832.000000000000000,62623.000000000000000,33323,1588622,12217,866296,44708,2392211
100,3/23/2021 15:00:00,37688,1563687,17236.000000000000000,820909,1550.000000000000000,64173.000000000000000,39238,1627860,18786,885082,56474,2448685
101,3/24/2021 15:00:00,40978,1604665,21077.000000000000000,841986,1377.000000000000000,65550.000000000000000,42355,1670215,22454,907536,63432,2512117
102,3/25/2021 15:00:00,42262,1646927,20891.000000000000000,862877,2456.000000000000000,68006.000000000000000,44718,1714933,23347,930883,65609,2577726
103,3/26/2021 15:00:00,36529,1683456,26182.000000000000000,889059,2499.000000000000000,70505.000000000000000,39028,1753961,28681,959564,65210,2642936
104,3/27/2021 15:00:00,26883,1710339,16721.000000000000000,905780,2482.000000000000000,72987.000000000000000,29365,1783326,19203,978767,46086,2689022
105,3/28/2021 15:00:00,16992,1727331,12585.000000000000000,918365,1614.000000000000000,74601.000000000000000,18606,1801932,14199,992966,31191,2720213
106,3/29/2021 15:00:00,29659,1756990,26154.000000000000000,944519,1139.000000000000000,75740.000000000000000,30798,1832730,27293,1020259,56952,2777165
107,3/30/2021 15:00:00,39961,1796951,28853.000000000000000,973372,1851.000000000000000,77591.000000000000000,41812,1874542,30704,1050963,70665,2847830
108,3/31/2021 15:00:00,40960,1837911,34517.000000000000000,1007889,5744.000000000000000,83335.000000000000000,46704,1921246,40261,1091224,81221,2929051
109,4/1/2021 15:00:00,40705,1878616,39640.000000000000000,1047529,5614.000000000000000,88949.000000000000000,46319,1967565,45254,1136478,85959,3015010
110,4/2/2021 15:00:00,34898,1913514,32421.000000000000000,1079950,6106.000000000000000,95055.000000000000000,41004,2008569,38527,1175005,73425,3088435
111,4/3/2021 15:00:00,21576,1935090,18642.000000000000000,1098592,4364.000000000000000,99419.000000000000000,25940,2034509,23006,1198011,44582,3133017
112,4/4/2021 15:00:00,8221,1943311,10152.000000000000000,1108744,961.000000000000000,100380.000000000000000,9182,2043691,11113,1209124,19334,3152351
113,4/5/2021 15:00:00,27827,1971138,28794.000000000000000,1137538,6644.000000000000000,107024.000000000000000,34471,2078162,35438,1244562,63265,3215616
114,4/6/2021 15:00:00,39675,2010813,30331.000000000000000,1167869,10478.000000000000000,117502.000000000000000,50153,2128315,40809,1285371,80484,3296100
115,4/7/2021 15:00:00,35967,2046780,34114.000000000000000,1201983,12956.000000000000000,130458.000000000000000,48923,2177238,47070,1332441,83037,3379137
116,4/8/2021 15:00:00,42209,2088989,35925.000000000000000,1237908,13841.000000000000000,144299.000000000000000,56050,2233288,49766,1382207,91975,3471112
117,4/9/2021 15:00:00,33952,2122941,36219.000000000000000,1274127,14521.000000000000000,158820.000000000000000,48473,2281761,50740,1432947,84692,3555804
118,4/10/2021 15:00:00,23412,2146353,23063.000000000000000,1297190,7616.000000000000000,166436.000000000000000,31028,2312789,30679,1463626,54091,3609895
119,4/11/2021 15:00:00,17535,2163888,13241.000000000000000,1310431,10121.000000000000000,176557.000000000000000,27656,2340445,23362,1486988,40897,3650792
120,4/12/2021 15:00:00,24528,2188416,33076.000000000000000,1343507,10883.000000000000000,187440.000000000000000,35411,2375856,43959,1530947,68487,3719279
121,4/13/2021 15:00:00,126727,2315143,90510.000000000000000,1434017,3292.000000000000000,190732.000000000000000,130019,2505875,93802,1624749,220529,3939808
122,4/14/2021 15:00:00,40652,2355795,37694.000000000000000,1471711,208.000000000000000,190940.000000000000000,40860,2546735,37902,1662651,78554,4018362
123,4/15/2021 15:00:00,41631,2397426,39067.000000000000000,1510778,172.000000000000000,191112.000000000000000,41803,2588538,39239,1701890,80870,4099232
124,4/16/2021 15:00:00,37162,2434588,38651.000000000000000,1549429,23.000000000000000,191135.000000000000000,37185,2625723,38674,1740564,75836,4175068
125,4/17/2021 15:00:00,32752,2467340,21952.000000000000000,1571381,12.000000000000000,191147.000000000000000,32764,2658487,21964,1762528,54716,4229784
126,4/18/2021 15:00:00,20049,2487389,16132.000000000000000,1587513,5.000000000000000,191152.000000000000000,20054,2678541,16137,1778665,36186,4265970
127,4/19/2021 15:00:00,29851,2517240,36424.000000000000000,1623937,61.000000000000000,191213.000000000000000,29912,2708453,36485,1815150,66336,4332306
128,4/20/2021 15:00:00,33064,2550304,44078.000000000000000,1668015,54.000000000000000,191267.000000000000000,33118,2741571,44132,1859282,77196,4409502
129,4/21/2021 15:00:00,39754,2590058,46818.000000000000000,1714833,21.000000000000000,191288.000000000000000,39775,2781346,46839,1906121,86593,4496095
130,4/22/2021 15:00:00,36357,2626415,41896.000000000000000,1756729,16.000000000000000,191304.000000000000000,36373,2817719,41912,1948033,78269,4574364
131,4/23/2021 15:00:00,33066,2659481,39906.000000000000000,1796635,13.000000000000000,191317.000000000000000,33079,2850798,39919,1987952,72985,4647349
132,4/24/2021 15:00:00,26377,2685858,27781.000000000000000,1824416,80.000000000000000,191397.000000000000000,26457,2877255,27861,2015813,54238,4701587
133,4/25/2021 15:00:00,20201,2706059,10901.000000000000000,1835317,30.000000000000000,191427.000000000000000,20231,2897486,10931,2026744,31132,4732719
134,4/26/2021 15:00:00,27375,2733434,32546.000000000000000,1867863,203.000000000000000,191630.000000000000000,27578,2925064,32749,2059493,60124,4792843
135,4/27/2021 15:00:00,26687,2760121,32883.000000000000000,1900746,1096.000000000000000,192726.000000000000000,27783,2952847,33979,2093472,60666,4853509
136,4/28/2021 15:00:00,28890,2789011,39352.000000000000000,1940098,1362.000000000000000,194088.000000000000000,30252,2983099,40714,2134186,69604,4923113
137,4/29/2021 15:00:00,27280,2816291,39290.000000000000000,1979388,1462.000000000000000,195550.000000000000000,28742,3011841,40752,2174938,68032,4991145
138,4/30/2021 15:00:00,28154,2844445,32025.000000000000000,2011413,1641.000000000000000,197191.000000000000000,29795,3041636,33666,2208604,61820,5052965
139,5/1/2021 15:00:00,20391,2864836,26267.000000000000000,2037680,1021.000000000000000,198212.000000000000000,21412,3063048,27288,2235892,47679,5100644
140,5/2/2021 15:00:00,10262,2875098,16980.000000000000000,2054660,818.000000000000000,199030.000000000000000,11080,3074128,17798,2253690,28060,5128704
141,5/3/2021 15:00:00,12707,2887805,28581.000000000000000,2083241,1909.000000000000000,200939.000000000000000,14616,3088744,30490,2284180,43197,5171901
142,5/4/2021 15:00:00,13501,2901306,38317.000000000000000,2121558,1730.000000000000000,202669.000000000000000,15231,3103975,40047,2324227,53548,5225449
143,5/5/2021 15:00:00,19302,2920608,37606.000000000000000,2159164,1918.000000000000000,204587.000000000000000,21220,3125195,39524,2363751,58826,5284275
144,5/6/2021 15:00:00,16912,2937520,40464.000000000000000,2199628,1714.000000000000000,206301.000000000000000,18626,3143821,42178,2405929,59090,5343365
145,5/7/2021 15:00:00,17367,2954887,35903.000000000000000,2235531,1955.000000000000000,208256.000000000000000,19322,3163143,37858,2443787,55225,5398590
146,5/8/2021 15:00:00,10769,2965656,31130.000000000000000,2266661,1291.000000000000000,209547.000000000000000,12060,3175203,32421,2476208,43190,5441780
147,5/9/2021 15:00:00,5045,2970701,11881.000000000000000,2278542,695.000000000000000,210242.000000000000000,5740,3180943,12576,2488784,17621,5459401
148,5/10/2021 15:00:00,8929,2979630,30942.000000000000000,2309484,1357.000000000000000,211599.000000000000000,10286,3191229,32299,2521083,41228,5500629
149,5/11/2021 15:00:00,12177,2991807,30176.000000000000000,2339660,1435.000000000000000,213034.000000000000000,13612,3204841,31611,2552694,43788,5544417
150,5/12/2021 15:00:00,13922,3005729,38495.000000000000000,2378155,1914.000000000000000,214948.000000000000000,15836,3220677,40409,2593103,54331,5598748
151,5/13/2021 15:00:00,21797,3027526,33365.000000000000000,2411520,1347.000000000000000,216295.000000000000000,23144,3243821,34712,2627815,56509,5655257
152,5/14/2021 15:00:00,24310,3051836,29912.000000000000000,2441432,1770.000000000000000,218065.000000000000000,26080,3269901,31682,2659497,55992,5711249
153,5/15/2021 15:00:00,21868,3073704,25032.000000000000000,2466464,1490.000000000000000,219555.000000000000000,23358,3293259,26522,2686019,48390,5759639
154,5/16/2021 15:00:00,9062,3082766,17517.000000000000000,2483981,1111.000000000000000,220666.000000000000000,10173,3303432,18628,2704647,27690,5787329
155,5/17/2021 15:00:00,16819,3099585,28273.000000000000000,2512254,1948.000000000000000,222614.000000000000000,18767,3322199,30221,2734868,47040,5834369
156,5/18/2021 15:00:00,21229,3120814,30616.000000000000000,2542870,1941.000000000000000,224555.000000000000000,23170,3345369,32557,2767425,53786,5888155
157,5/19/2021 15:00:00,27566,3148380,32307.000000000000000,2575177,1622.000000000000000,226177.000000000000000,29188,3374557,33929,2801354,61495,5949650
158,5/20/2021 15:00:00,20776,3169156,33148.000000000000000,2608325,1963.000000000000000,228140.000000000000000,22739,3397296,35111,2836465,55887,6005537
159,5/21/2021 15:00:00,19112,3188268,30166.000000000000000,2638491,1606.000000000000000,229746.000000000000000,20718,3418014,31772,2868237,50884,6056421
160,5/22/2021 15:00:00,16893,3205161,20613.000000000000000,2659104,1269.000000000000000,231015.000000000000000,18162,3436176,21882,2890119,38775,6095196
161,5/23/2021 15:00:00,8746,3213907,11409.000000000000000,2670513,963.000000000000000,231978.000000000000000,9709,3445885,12372,2902491,21118,6116314
162,5/24/2021 15:00:00,13561,3227468,17688.000000000000000,2688201,1476.000000000000000,233454.000000000000000,15037,3460922,19164,2921655,32725,6149039
163,5/25/2021 15:00:00,13006,3240474,18618.000000000000000,2706819,1327.000000000000000,234781.000000000000000,14333,3475255,19945,2941600,32951,6181990
164,5/26/2021 15:00:00,18263,3258737,19400.000000000000000,2726219,1505.000000000000000,236286.000000000000000,19768,3495023,20905,2962505,39168,6221158
165,5/27/2021 15:00:00,11671,3270408,18597.000000000000000,2744816,1115.000000000000000,237401.000000000000000,12786,3507809,19712,2982217,31383,6252541
166,5/28/2021 15:00:00,12512,3282920,19678.000000000000000,2764494,1395.000000000000000,238796.000000000000000,13907,3521716,21073,3003290,33585,6286126
167,5/29/2021 15:00:00,9547,3292467,11611.000000000000000,2776105,936.000000000000000,239732.000000000000000,10483,3532199,12547,3015837,22094,6308220
168,5/30/2021 15:00:00,4967,3297434,6405.000000000000000,2782510,597.000000000000000,240329.000000000000000,5564,3537763,7002,3022839,11969,6320189
169,5/31/2021 15:00:00,1772,3299206,3696.000000000000000,2786206,305.000000000000000,240634.000000000000000,2077,3539840,4001,3026840,5773,6325962
170,6/1/2021 15:00:00,9743,3308949,16235.000000000000000,2802441,1148.000000000000000,241782.000000000000000,10891,3550731,17383,3044223,27126,6353088
171,6/2/2021 15:00:00,10212,3319161,16761.000000000000000,2819202,958.000000000000000,242740.000000000000000,11170,3561901,17719,3061942,27931,6381019
172,6/3/2021 15:00:00,7897,3327058,21105.000000000000000,2840307,1085.000000000000000,243825.000000000000000,8982,3570883,22190,3084132,30087,6411106
173,6/4/2021 15:00:00,8215,3335273,22209.000000000000000,2862516,1121.000000000000000,244946.000000000000000,9336,3580219,23330,3107462,31545,6442651
174,6/5/2021 15:00:00,7007,3342280,19387.000000000000000,2881903,718.000000000000000,245664.000000000000000,7725,3587944,20105,3127567,27112,6469763
175,6/6/2021 15:00:00,3468,3345748,7188.000000000000000,2889091,421.000000000000000,246085.000000000000000,3889,3591833,7609,3135176,11077,6480840
176,6/7/2021 15:00:00,6847,3352595,15715.000000000000000,2904806,725.000000000000000,246810.000000000000000,7572,3599405,16440,3151616,23287,6504127
177,6/8/2021 15:00:00,6667,3359262,19646.000000000000000,2924452,817.000000000000000,247627.000000000000000,7484,3606889,20463,3172079,27130,6531257
178,6/9/2021 15:00:00,8196,3367458,23865.000000000000000,2948317,968.000000000000000,248595.000000000000000,9164,3616053,24833,3196912,33029,6564286
179,6/10/2021 15:00:00,7163,3374621,19051.000000000000000,2967368,894.000000000000000,249489.000000000000000,8057,3624110,19945,3216857,27108,6591394
180,6/11/2021 15:00:00,7447,3382068,17663.000000000000000,2985031,1124.000000000000000,250613.000000000000000,8571,3632681,18787,3235644,26234,6617628
181,6/12/2021 15:00:00,5235,3387303,14695.000000000000000,2999726,604.000000000000000,251217.000000000000000,5839,3638520,15299,3250943,20534,6638162
182,6/13/2021 15:00:00,1930,3389233,7545.000000000000000,3007271,425.000000000000000,251642.000000000000000,2355,3640875,7970,3258913,9900,6648062
183,6/14/2021 15:00:00,5653,3394886,11794.000000000000000,3019065,728.000000000000000,252370.000000000000000,6381,3647256,12522,3271435,18175,6666237
184,6/15/2021 15:00:00,5639,3400525,14271.000000000000000,3033336,869.000000000000000,253239.000000000000000,6508,3653764,15140,3286575,20779,6687016
185,6/16/2021 15:00:00,8745,3409270,21540.000000000000000,3054876,757.000000000000000,253996.000000000000000,9502,3663266,22297,3308872,31042,6718058
186,6/17/2021 15:00:00,6672,3415942,12329.000000000000000,3067205,718.000000000000000,254714.000000000000000,7390,3670656,13047,3321919,19719,6737777
187,6/18/2021 15:00:00,6849,3422791,12671.000000000000000,3079876,704.000000000000000,255418.000000000000000,7553,3678209,13375,3335294,20224,6758001
188,6/19/2021 15:00:00,4655,3427446,9351.000000000000000,3089227,613.000000000000000,256031.000000000000000,5268,3683477,9964,3345258,14619,6772620
189,6/20/2021 15:00:00,2502,3429948,5024.000000000000000,3094251,377.000000000000000,256408.000000000000000,2879,3686356,5401,3350659,7903,6780523
190,6/21/2021 15:00:00,5545,3435493,5314.000000000000000,3099565,636.000000000000000,257044.000000000000000,6181,3692537,5950,3356609,11495,6792018
191,6/22/2021 15:00:00,5185,3440678,8829.000000000000000,3108394,681.000000000000000,257725.000000000000000,5866,3698403,9510,3366119,14695,6806713
192,6/23/2021 15:00:00,6053,3446731,10288.000000000000000,3118682,641.000000000000000,258366.000000000000000,6694,3705097,10929,3377048,16982,6823695
193,6/24/2021 15:00:00,5926,3452657,8173.000000000000000,3126855,593.000000000000000,258959.000000000000000,6519,3711616,8766,3385814,14692,6838387
194,6/25/2021 15:00:00,5822,3458479,8616.000000000000000,3135471,620.000000000000000,259579.000000000000000,6442,3718058,9236,3395050,15058,6853445
195,6/26/2021 15:00:00,3697,3462176,6290.000000000000000,3141761,396.000000000000000,259975.000000000000000,4093,3722151,6686,3401736,10383,6863828
196,6/27/2021 15:00:00,2797,3464973,3524.000000000000000,3145285,182.000000000000000,260157.000000000000000,2979,3725130,3706,3405442,6503,6870331
197,6/28/2021 15:00:00,4724,3469697,6099.000000000000000,3151384,521.000000000000000,260678.000000000000000,5245,3730375,6620,3412062,11344,6881675
198,6/29/2021 15:00:00,5056,3474753,6465.000000000000000,3157849,517.000000000000000,261195.000000000000000,5573,3735948,6982,3419044,12038,6893713
199,6/30/2021 15:00:00,5596,3480349,7411.000000000000000,3165260,603.000000000000000,261798.000000000000000,6199,3742147,8014,3427058,13610,6907323
200,7/1/2021 15:00:00,5314,3485663,6945.000000000000000,3172205,489.000000000000000,262287.000000000000000,5803,3747950,7434,3434492,12748,6920071
201,7/2/2021 15:00:00,5281,3490944,6839.000000000000000,3179044,519.000000000000000,262806.000000000000000,5800,3753750,7358,3441850,12639,6932710
202,7/3/2021 15:00:00,3257,3494201,4063.000000000000000,3183107,260.000000000000000,263066.000000000000000,3517,3757267,4323,3446173,7580,6940290
203,7/4/2021 15:00:00,492,3494693,541.000000000000000,3183648,66.000000000000000,263132.000000000000000,558,3757825,607,3446780,1099,6941389
204,7/5/2021 15:00:00,3750,3498443,3962.000000000000000,3187610,282.000000000000000,263414.000000000000000,4032,3761857,4244,3451024,7994,6949383
205,7/6/2021 15:00:00,4473,3502916,6230.000000000000000,3193840,450.000000000000000,263864.000000000000000,4923,3766780,6680,3457704,11153,6960536
206,7/7/2021 15:00:00,4452,3507368,6376.000000000000000,3200216,482.000000000000000,264346.000000000000000,4934,3771714,6858,3464562,11310,6971846
207,7/8/2021 15:00:00,4826,3512194,6130.000000000000000,3206346,563.000000000000000,264909.000000000000000,5389,3777103,6693,3471255,11519,6983365
208,7/9/2021 15:00:00,5344,3517538,6618.000000000000000,3212964,572.000000000000000,265481.000000000000000,5916,3783019,7190,3478445,12534,6995899
209,7/10/2021 15:00:00,3513,3521051,4374.000000000000000,3217338,301.000000000000000,265782.000000000000000,3814,3786833,4675,3483120,8188,7004087
210,7/11/2021 15:00:00,2664,3523715,2551.000000000000000,3219889,222.000000000000000,266004.000000000000000,2886,3789719,2773,3485893,5437,7009524
211,7/12/2021 15:00:00,4404,3528119,5108.000000000000000,3224997,374.000000000000000,266378.000000000000000,4778,3794497,5482,3491375,9886,7019410
212,7/13/2021 15:00:00,4740,3532859,4592.000000000000000,3229589,364.000000000000000,266742.000000000000000,5104,3799601,4956,3496331,9696,7029106
213,7/14/2021 15:00:00,4596,3537455,5246.000000000000000,3234835,421.000000000000000,267163.000000000000000,5017,3804618,5667,3501998,10263,7039369
214,7/15/2021 15:00:00,4867,3542322,4979.000000000000000,3239814,356.000000000000000,267519.000000000000000,5223,3809841,5335,3507333,10202,7049571
215,7/16/2021 15:00:00,6266,3548588,5816.000000000000000,3245630,401.000000000000000,267920.000000000000000,6667,3816508,6217,3513550,12483,7062054
216,7/17/2021 15:00:00,3402,3551990,3548.000000000000000,3249178,299.000000000000000,268219.000000000000000,3701,3820209,3847,3517397,7249,7069303
217,7/18/2021 15:00:00,2298,3554288,2367.000000000000000,3251545,110.000000000000000,268329.000000000000000,2408,3822617,2477,3519874,4775,7074078
218,7/19/2021 15:00:00,5245,3559533,4466.000000000000000,3256011,376.000000000000000,268705.000000000000000,5621,3828238,4842,3524716,10087,7084165
219,7/20/2021 15:00:00,5324,3564857,4690.000000000000000,3260701,366.000000000000000,269071.000000000000000,5690,3833928,5056,3529772,10380,7094545
220,7/21/2021 15:00:00,5626,3570483,4937.000000000000000,3265638,415.000000000000000,269486.000000000000000,6041,3839969,5352,3535124,10978,7105523
221,7/22/2021 15:00:00,6005,3576488,4649.000000000000000,3270287,407.000000000000000,269893.000000000000000,6412,3846381,5056,3540180,11061,7116584
222,7/23/2021 15:00:00,6824,3583312,4873.000000000000000,3275160,490.000000000000000,270383.000000000000000,7314,3853695,5363,3545543,12187,7128771
223,7/24/2021 15:00:00,4276,3587588,3207.000000000000000,3278367,267.000000000000000,270650.000000000000000,4543,3858238,3474,3549017,7750,7136521
224,7/25/2021 15:00:00,3290,3590878,1122.000000000000000,3279489,138.000000000000000,270788.000000000000000,3428,3861666,1260,3550277,4550,7141071
225,7/26/2021 15:00:00,6197,3597075,3912.000000000000000,3283401,412.000000000000000,271200.000000000000000,6609,3868275,4324,3554601,10521,7151592
226,7/27/2021 15:00:00,6342,3603417,4070.000000000000000,3287471,453.000000000000000,271653.000000000000000,6795,3875070,4523,3559124,10865,7162457
227,7/28/2021 15:00:00,6790,3610207,4025.000000000000000,3291496,458.000000000000000,272111.000000000000000,7248,3882318,4483,3563607,11273,7173730
228,7/29/2021 15:00:00,6801,3617008,4167.000000000000000,3295663,413.000000000000000,272524.000000000000000,7214,3889532,4580,3568187,11381,7185111
229,7/30/2021 15:00:00,7515,3624523,4550.000000000000000,3300213,521.000000000000000,273045.000000000000000,8036,3897568,5071,3573258,12586,7197697
230,7/31/2021 15:00:00,4776,3629299,3050.000000000000000,3303263,273.000000000000000,273318.000000000000000,5049,3902617,3323,3576581,8099,7205796
231,8/1/2021 15:00:00,3780,3633079,2105.000000000000000,3305368,154.000000000000000,273472.000000000000000,3934,3906551,2259,3578840,6039,7211835
232,8/2/2021 15:00:00,7006,3640085,3660.000000000000000,3309028,334.000000000000000,273806.000000000000000,7340,3913891,3994,3582834,11000,7222835
233,8/3/2021 15:00:00,6982,3647067,3920.000000000000000,3312948,506.000000000000000,274312.000000000000000,7488,3921379,4426,3587260,11408,7234243
234,8/4/2021 15:00:00,7148,3654215,3909.000000000000000,3316857,528.000000000000000,274840.000000000000000,7676,3929055,4437,3591697,11585,7245828
235,8/5/2021 15:00:00,7651,3661866,4118.000000000000000,3320975,535.000000000000000,275375.000000000000000,8186,3937241,4653,3596350,12304,7258132
236,8/6/2021 15:00:00,8273,3670139,4723.000000000000000,3325698,449.000000000000000,275824.000000000000000,8722,3945963,5172,3601522,13445,7271577
237,8/7/2021 15:00:00,5242,3675381,2808.000000000000000,3328506,264.000000000000000,276088.000000000000000,5506,3951469,3072,3604594,8314,7279891
238,8/8/2021 15:00:00,3944,3679325,2049.000000000000000,3330555,141.000000000000000,276229.000000000000000,4085,3955554,2190,3606784,6134,7286025
239,8/9/2021 15:00:00,6903,3686228,4520.000000000000000,3335075,364.000000000000000,276593.000000000000000,7267,3962821,4884,3611668,11787,7297812
240,8/10/2021 15:00:00,7107,3693335,4460.000000000000000,3339535,337.000000000000000,276930.000000000000000,7444,3970265,4797,3616465,11904,7309716
241,8/11/2021 15:00:00,7023,3700358,4433.000000000000000,3343968,439.000000000000000,277369.000000000000000,7462,3977727,4872,3621337,11895,7321611
242,8/12/2021 15:00:00,8560,3708918,4717.000000000000000,3348685,440.000000000000000,277809.000000000000000,9000,3986727,5157,3626494,13717,7335328
243,8/13/2021 15:00:00,7107,3716025,5356.000000000000000,3354041,388.000000000000000,278197.000000000000000,7495,3994222,5744,3632238,12851,7348179
244,8/14/2021 15:00:00,4911,3720936,3346.000000000000000,3357387,284.000000000000000,278481.000000000000000,5195,3999417,3630,3635868,8541,7356720
245,8/15/2021 15:00:00,3313,3724249,2734.000000000000000,3360121,164.000000000000000,278645.000000000000000,3477,4002894,2898,3638766,6211,7362931
246,8/16/2021 15:00:00,5406,3729655,5076.000000000000000,3365197,348.000000000000000,278993.000000000000000,5754,4008648,5424,3644190,10830,7373761
247,8/17/2021 15:00:00,6938,3736593,5192.000000000000000,3370389,387.000000000000000,279380.000000000000000,7325,4015973,5579,3649769,12517,7386278
248,8/18/2021 15:00:00,6496,3743089,5299.000000000000000,3375688,470.000000000000000,279850.000000000000000,6966,4022939,5769,3655538,12265,7398543
249,8/19/2021 15:00:00,5970,3749059,5323.000000000000000,3381011,410.000000000000000,280260.000000000000000,6380,4029319,5733,3661271,11703,7410246
250,8/20/2021 15:00:00,7021,3756080,6318.000000000000000,3387329,401.000000000000000,280661.000000000000000,7422,4036741,6719,3667990,13740,7423986
251,8/21/2021 15:00:00,4309,3760389,3922.000000000000000,3391251,225.000000000000000,280886.000000000000000,4534,4041275,4147,3672137,8456,7432442
252,8/22/2021 15:00:00,3061,3763450,3164.000000000000000,3394415,109.000000000000000,280995.000000000000000,3170,4044445,3273,3675410,6334,7438776
253,8/23/2021 15:00:00,6148,3769598,5917.000000000000000,3400332,285.000000000000000,281280.000000000000000,6433,4050878,6202,3681612,12350,7451126
254,8/24/2021 15:00:00,6620,3776218,5875.000000000000000,3406207,423.000000000000000,281703.000000000000000,7043,4057921,6298,3687910,12918,7464044
255,8/25/2021 15:00:00,6881,3783099,6000.000000000000000,3412207,438.000000000000000,282141.000000000000000,7319,4065240,6438,3694348,13319,7477363
256,8/26/2021 15:00:00,7159,3790258,6410.000000000000000,3418617,428.000000000000000,282569.000000000000000,7587,4072827,6838,3701186,13997,7491360
257,8/27/2021 15:00:00,6843,3797101,6996.000000000000000,3425613,315.000000000000000,282884.000000000000000,7158,4079985,7311,3708497,14154,7505514
258,8/28/2021 15:00:00,6901,3804002,6476.000000000000000,3432089,326.000000000000000,283210.000000000000000,7227,4087212,6802,3715299,13703,7519217
259,8/29/2021 15:00:00,3743,3807745,3674.000000000000000,3435763,611.000000000000000,283821.000000000000000,4354,4091566,4285,3719584,8028,7527245
260,8/30/2021 15:00:00,5936,3813681,6087.000000000000000,3441850,959.000000000000000,284780.000000000000000,6895,4098461,7046,3726630,12982,7540227
261,8/31/2021 15:00:00,5687,3819368,5930.000000000000000,3447780,945.000000000000000,285725.000000000000000,6632,4105093,6875,3733505,12562,7552789
262,9/1/2021 15:00:00,5526,3824894,5572.000000000000000,3453352,905.000000000000000,286630.000000000000000,6431,4111524,6477,3739982,12003,7564792
263,9/2/2021 15:00:00,5527,3830421,5878.000000000000000,3459230,700.000000000000000,287330.000000000000000,6227,4117751,6578,3746560,12105,7576897
264,9/3/2021 15:00:00,5969,3836390,6872.000000000000000,3466102,971.000000000000000,288301.000000000000000,6940,4124691,7843,3754403,13812,7590709
265,9/4/2021 15:00:00,3710,3840100,4318.000000000000000,3470420,875.000000000000000,289176.000000000000000,4585,4129276,5193,3759596,8903,7599612
266,9/5/2021 15:00:00,2881,3842981,2799.000000000000000,3473219,104.000000000000000,289280.000000000000000,2985,4132261,2903,3762499,5784,7605396
267,9/6/2021 15:00:00,1048,3844029,1143.000000000000000,3474362,62.000000000000000,289342.000000000000000,1110,4133371,1205,3763704,2253,7607649
268,9/7/2021 15:00:00,5265,3849294,7245.000000000000000,3481607,2303.000000000000000,291645.000000000000000,7568,4140939,9548,3773252,14813,7622462
269,9/8/2021 15:00:00,4651,3853945,5444.000000000000000,3487051,365.000000000000000,292010.000000000000000,5016,4145955,5809,3779061,10460,7632922
270,9/9/2021 15:00:00,5056,3859001,5334.000000000000000,3492385,322.000000000000000,292332.000000000000000,5378,4151333,5656,3784717,10712,7643634
271,9/10/2021 15:00:00,6516,3865517,6585.000000000000000,3498970,1712.000000000000000,294044.000000000000000,8228,4159561,8297,3793014,14813,7658447
272,9/11/2021 15:00:00,4037,3869554,4324.000000000000000,3503294,663.000000000000000,294707.000000000000000,4700,4164261,4987,3798001,9024,7667471
273,9/12/2021 15:00:00,3063,3872617,3230.000000000000000,3506524,435.000000000000000,295142.000000000000000,3498,4167759,3665,3801666,6728,7674199
274,9/13/2021 15:00:00,4663,3877280,4841.000000000000000,3511365,345.000000000000000,295487.000000000000000,5008,4172767,5186,3806852,9849,7684048
275,9/14/2021 15:00:00,4570,3881850,5200.000000000000000,3516565,433.000000000000000,295920.000000000000000,5003,4177770,5633,3812485,10203,7694251
276,9/15/2021 15:00:00,4680,3886530,5593.000000000000000,3522158,386.000000000000000,296306.000000000000000,5066,4182836,5979,3818464,10659,7704910
277,9/16/2021 15:00:00,4579,3891109,5596.000000000000000,3527754,330.000000000000000,296636.000000000000000,4909,4187745,5926,3824390,10505,7715415
278,9/17/2021 15:00:00,5016,3896125,6323.000000000000000,3534077,341.000000000000000,296977.000000000000000,5357,4193102,6664,3831054,11680,7727095
279,9/18/2021 15:00:00,3767,3899892,4562.000000000000000,3538639,184.000000000000000,297161.000000000000000,3951,4197053,4746,3835800,8513,7735608
280,9/19/2021 15:00:00,2721,3902613,3164.000000000000000,3541803,75.000000000000000,297236.000000000000000,2796,4199849,3239,3839039,5960,7741568
281,9/20/2021 15:00:00,3532,3906145,4464.000000000000000,3546267,426.000000000000000,297662.000000000000000,3958,4203807,4890,3843929,8422,7749990
282,9/21/2021 15:00:00,3771,3909916,4807.000000000000000,3551074,324.000000000000000,297986.000000000000000,4095,4207902,5131,3849060,8902,7758892
283,9/22/2021 15:00:00,4172,3914088,4748.000000000000000,3555822,459.000000000000000,298445.000000000000000,4631,4212533,5207,3854267,9379,7768271
284,9/23/2021 15:00:00,4174,3918262,4686.000000000000000,3560508,489.000000000000000,298934.000000000000000,4663,4217196,5175,3859442,9349,7777620
285,9/24/2021 15:00:00,5064,3923326,5561.000000000000000,3566069,422.000000000000000,299356.000000000000000,5486,4222682,5983,3865425,11047,7788667
286,9/25/2021 15:00:00,3592,3926918,3629.000000000000000,3569698,384.000000000000000,299740.000000000000000,3976,4226658,4013,3869438,7605,7796272
287,9/26/2021 15:00:00,2352,3929270,2601.000000000000000,3572299,421.000000000000000,300161.000000000000000,2773,4229431,3022,3872460,5374,7801646
288,9/27/2021 15:00:00,4493,3933763,2692.000000000000000,3574991,507.000000000000000,300668.000000000000000,5000,4234431,3199,3875659,7692,7809338
289,9/28/2021 15:00:00,4390,3938153,4388.000000000000000,3579379,211.000000000000000,300879.000000000000000,4601,4239032,4599,3880258,8989,7818327
290,9/29/2021 15:00:00,4694,3942847,4491.000000000000000,3583870,918.000000000000000,301797.000000000000000,5612,4244644,5409,3885667,10103,7828430
291,9/30/2021 15:00:00,4873,3947720,4567.000000000000000,3588437,790.000000000000000,302587.000000000000000,5663,4250307,5357,3891024,10230,7838660
292,10/1/2021 15:00:00,5397,3953117,5278.000000000000000,3593715,778.000000000000000,303365.000000000000000,6175,4256482,6056,3897080,11453,7850113
293,10/2/2021 15:00:00,2934,3956051,2903.000000000000000,3596618,186.000000000000000,303551.000000000000000,3120,4259602,3089,3900169,6023,7856136
294,10/3/2021 15:00:00,2054,3958105,2182.000000000000000,3598800,87.000000000000000,303638.000000000000000,2141,4261743,2269,3902438,4323,7860459
295,10/4/2021 15:00:00,4143,3962248,3381.000000000000000,3602181,233.000000000000000,303871.000000000000000,4376,4266119,3614,3906052,7757,7868216
296,10/5/2021 15:00:00,4051,3966299,3584.000000000000000,3605765,204.000000000000000,304075.000000000000000,4255,4270374,3788,3909840,7839,7876055
297,10/6/2021 15:00:00,4110,3970409,3477.000000000000000,3609242,263.000000000000000,304338.000000000000000,4373,4274747,3740,3913580,7850,7883905
298,10/7/2021 15:00:00,4343,3974752,3500.000000000000000,3612742,325.000000000000000,304663.000000000000000,4668,4279415,3825,3917405,8168,7892073
299,10/8/2021 15:00:00,4912,3979664,4043.000000000000000,3616785,281.000000000000000,304944.000000000000000,5193,4284608,4324,3921729,9236,7901309
300,10/9/2021 15:00:00,2671,3982335,2673.000000000000000,3619458,270.000000000000000,305214.000000000000000,2941,4287549,2943,3924672,5614,7906923
301,10/10/2021 15:00:00,1865,3984200,1844.000000000000000,3621302,59.000000000000000,305273.000000000000000,1924,4289473,1903,3926575,3768,7910691
302,10/11/2021 15:00:00,4355,3988555,3181.000000000000000,3624483,246.000000000000000,305519.000000000000000,4601,4294074,3427,3930002,7782,7918473
303,10/12/2021 15:00:00,3710,3992265,3269.000000000000000,3627752,268.000000000000000,305787.000000000000000,3978,4298052,3537,3933539,7247,7925720
304,10/13/2021 15:00:00,3955,3996220,3452.000000000000000,3631204,343.000000000000000,306130.000000000000000,4298,4302350,3795,3937334,7750,7933470
305,10/14/2021 15:00:00,5130,4001350,5460.000000000000000,3636664,424.000000000000000,306554.000000000000000,5554,4307904,5884,3943218,11014,7944484
306,10/15/2021 15:00:00,4696,4006046,4553.000000000000000,3641217,344.000000000000000,306898.000000000000000,5040,4312944,4897,3948115,9593,7954077
307,10/16/2021 15:00:00,2483,4008529,2494.000000000000000,3643711,287.000000000000000,307185.000000000000000,2770,4315714,2781,3950896,5264,7959341
308,10/17/2021 15:00:00,1799,4010328,1784.000000000000000,3645495,52.000000000000000,307237.000000000000000,1851,4317565,1836,3952732,3635,7962976
309,10/18/2021 15:00:00,4280,4014608,3602.000000000000000,3649097,266.000000000000000,307503.000000000000000,4546,4322111,3868,3956600,8148,7971124
310,10/19/2021 15:00:00,4302,4018910,4059.000000000000000,3653156,221.000000000000000,307724.000000000000000,4523,4326634,4280,3960880,8582,7979706
311,10/20/2021 15:00:00,3501,4022411,3444.000000000000000,3656600,251.000000000000000,307975.000000000000000,3752,4330386,3695,3964575,7196,7986902
312,10/21/2021 15:00:00,3283,4025694,3334.000000000000000,3659934,288.000000000000000,308263.000000000000000,3571,4333957,3622,3968197,6905,7993807
313,10/22/2021 15:00:00,4668,4030362,5710.000000000000000,3665644,473.000000000000000,308736.000000000000000,5141,4339098,6183,3974380,10851,8004658
314,10/23/2021 15:00:00,2889,4033251,3388.000000000000000,3669032,320.000000000000000,309056.000000000000000,3209,4342307,3708,3978088,6597,8011255
315,10/24/2021 15:00:00,2022,4035273,2452.000000000000000,3671484,76.000000000000000,309132.000000000000000,2098,4344405,2528,3980616,4550,8015805
316,10/25/2021 15:00:00,4483,4039756,5798.000000000000000,3677282,314.000000000000000,309446.000000000000000,4797,4349202,6112,3986728,10595,8026400
317,10/26/2021 15:00:00,4445,4044201,5591.000000000000000,3682873,303.000000000000000,309749.000000000000000,4748,4353950,5894,3992622,10339,8036739
318,10/27/2021 15:00:00,4633,4048834,5811.000000000000000,3688684,421.000000000000000,310170.000000000000000,5054,4359004,6232,3998854,10865,8047604
319,10/28/2021 15:00:00,4466,4053300,5777.000000000000000,3694461,472.000000000000000,310642.000000000000000,4938,4363942,6249,4005103,10715,8058319
320,10/29/2021 15:00:00,4897,4058197,6394.000000000000000,3700855,380.000000000000000,311022.000000000000000,5277,4369219,6774,4011877,11671,8069990
321,10/30/2021 15:00:00,2554,4060751,3133.000000000000000,3703988,298.000000000000000,311320.000000000000000,2852,4372071,3431,4015308,5985,8075975
322,10/31/2021 15:00:00,1874,4062625,2206.000000000000000,3706194,81.000000000000000,311401.000000000000000,1955,4374026,2287,4017595,4161,8080136
323,11/1/2021 15:00:00,4411,4067036,5624.000000000000000,3711818,306.000000000000000,311707.000000000000000,4717,4378743,5930,4023525,10341,8090477
324,11/2/2021 15:00:00,4069,4071105,5120.000000000000000,3716938,388.000000000000000,312095.000000000000000,4457,4383200,5508,4029033,9577,8100054
325,11/3/2021 15:00:00,3499,4074604,4214.000000000000000,3721152,375.000000000000000,312470.000000000000000,3874,4387074,4589,4033622,8088,8108142
326,11/4/2021 15:00:00,3255,4077859,4272.000000000000000,3725424,461.000000000000000,312931.000000000000000,3716,4390790,4733,4038355,7988,8116130
327,11/5/2021 15:00:00,2127,4079986,2682.000000000000000,3728106,241.000000000000000,313172.000000000000000,2368,4393158,2923,4041278,5050,8121180