OBJECTID,VACCINATION_DATE,FirstDailyDose,FirstDoseCumulative,SecondDailyDose,SecondDoseCumulative,SingleDailyDose,SingleDoseCumulative,AtleastOneVaccine,AtleastOneVaccineCumulative,CompletedVax,CompletedVaxCumulative,FirstSecondSingleVaccination_12,FirstSecondSingleVaccination_13
1,12/14/2020 15:00:00,18,961,,386,,,18,961,0,386,18,1260
2,12/15/2020 15:00:00,51,1012,2.000000000000000,388,,,51,1012,2,388,53,1313
3,12/16/2020 15:00:00,574,1586,2.000000000000000,390,,,574,1586,2,390,576,1889
4,12/17/2020 15:00:00,1138,2724,2.000000000000000,392,,,1138,2724,2,392,1140,3029
5,12/18/2020 15:00:00,3010,5734,11.000000000000000,403,,,3010,5734,11,403,3021,6050
6,12/19/2020 15:00:00,927,6661,5.000000000000000,408,,,927,6661,5,408,932,6982
7,12/20/2020 15:00:00,334,6995,4.000000000000000,412,,,334,6995,4,412,338,7320
8,12/21/2020 15:00:00,3850,10845,18.000000000000000,430,,,3850,10845,18,430,3868,11188
9,12/22/2020 15:00:00,6331,17176,17.000000000000000,447,,,6331,17176,17,447,6348,17536
10,12/23/2020 15:00:00,5742,22918,27.000000000000000,474,,,5742,22918,27,474,5769,23305
11,12/24/2020 15:00:00,2710,25628,9.000000000000000,483,,,2710,25628,9,483,2719,26024
12,12/25/2020 15:00:00,1033,26661,3.000000000000000,486,,,1033,26661,3,486,1036,27060
13,12/26/2020 15:00:00,1871,28532,8.000000000000000,494,,,1871,28532,8,494,1879,28939
14,12/27/2020 15:00:00,1786,30318,10.000000000000000,504,,,1786,30318,10,504,1796,30735
15,12/28/2020 15:00:00,8935,39253,38.000000000000000,542,,,8935,39253,38,542,8973,39708
16,12/29/2020 15:00:00,10907,50160,38.000000000000000,580,,,10907,50160,38,580,10945,50653
17,12/30/2020 15:00:00,12444,62604,67.000000000000000,647,,,12444,62604,67,647,12511,63164
18,12/31/2020 15:00:00,7503,70107,34.000000000000000,681,,,7503,70107,34,681,7537,70701
19,1/1/2021 15:00:00,2498,72605,106.000000000000000,787,,,2498,72605,106,787,2604,73305
20,1/2/2021 15:00:00,2966,75571,34.000000000000000,821,,,2966,75571,34,821,3000,76305
21,1/3/2021 15:00:00,3360,78931,79.000000000000000,900,,,3360,78931,79,900,3439,79744
22,1/4/2021 15:00:00,13243,92174,311.000000000000000,1211,,,13243,92174,311,1211,13554,93298
23,1/5/2021 15:00:00,12380,104554,508.000000000000000,1719,,,12380,104554,508,1719,12888,106186
24,1/6/2021 15:00:00,15147,119701,836.000000000000000,2555,,,15147,119701,836,2555,15983,122169
25,1/7/2021 15:00:00,14938,134639,1729.000000000000000,4284,,,14938,134639,1729,4284,16667,138836
26,1/8/2021 15:00:00,23929,158568,2736.000000000000000,7020,,,23929,158568,2736,7020,26665,165501
27,1/9/2021 15:00:00,5124,163692,942.000000000000000,7962,,,5124,163692,942,7962,6066,171567
28,1/10/2021 15:00:00,2912,166604,369.000000000000000,8331,,,2912,166604,369,8331,3281,174848
29,1/11/2021 15:00:00,13663,180267,3415.000000000000000,11746,,,13663,180267,3415,11746,17078,191926
30,1/12/2021 15:00:00,17267,197534,5580.000000000000000,17326,,,17267,197534,5580,17326,22847,214773
31,1/13/2021 15:00:00,18490,216024,3862.000000000000000,21188,,,18490,216024,3862,21188,22352,237125
32,1/14/2021 15:00:00,17819,233843,1915.000000000000000,23103,,,17819,233843,1915,23103,19734,256859
33,1/15/2021 15:00:00,19445,253288,1958.000000000000000,25061,,,19445,253288,1958,25061,21403,278262
34,1/16/2021 15:00:00,5773,259061,1578.000000000000000,26639,,,5773,259061,1578,26639,7351,285613
35,1/17/2021 15:00:00,2093,261154,1462.000000000000000,28101,,,2093,261154,1462,28101,3555,289168
36,1/18/2021 15:00:00,7027,268181,3229.000000000000000,31330,,,7027,268181,3229,31330,10256,299424
37,1/19/2021 15:00:00,17137,285318,5337.000000000000000,36667,,,17137,285318,5337,36667,22474,321898
38,1/20/2021 15:00:00,21219,306537,5244.000000000000000,41911,,,21219,306537,5244,41911,26463,348361
39,1/21/2021 15:00:00,23803,330340,3677.000000000000000,45588,,,23803,330340,3677,45588,27480,375841
40,1/22/2021 15:00:00,28816,359156,3586.000000000000000,49174,,,28816,359156,3586,49174,32402,408243
41,1/23/2021 15:00:00,10037,369193,1896.000000000000000,51070,,,10037,369193,1896,51070,11933,420176
42,1/24/2021 15:00:00,3324,372517,1705.000000000000000,52775,,,3324,372517,1705,52775,5029,425205
43,1/25/2021 15:00:00,16603,389120,8497.000000000000000,61272,,,16603,389120,8497,61272,25100,450305
44,1/26/2021 15:00:00,17865,406985,8883.000000000000000,70155,,,17865,406985,8883,70155,26748,477053
45,1/27/2021 15:00:00,25035,432020,12379.000000000000000,82534,,,25035,432020,12379,82534,37414,514467
46,1/28/2021 15:00:00,23275,455295,9215.000000000000000,91749,,,23275,455295,9215,91749,32490,546957
47,1/29/2021 15:00:00,25505,480800,7803.000000000000000,99552,,,25505,480800,7803,99552,33308,580265
48,1/30/2021 15:00:00,18422,499222,2485.000000000000000,102037,,,18422,499222,2485,102037,20907,601172
49,1/31/2021 15:00:00,4107,503329,1304.000000000000000,103341,,,4107,503329,1304,103341,5411,606583
50,2/1/2021 15:00:00,7666,510995,5014.000000000000000,108355,,,7666,510995,5014,108355,12680,619263
51,2/2/2021 15:00:00,12797,523792,13713.000000000000000,122068,,,12797,523792,13713,122068,26510,645773
52,2/3/2021 15:00:00,18679,542471,18040.000000000000000,140108,,,18679,542471,18040,140108,36719,682492
53,2/4/2021 15:00:00,22455,564926,15724.000000000000000,155832,,,22455,564926,15724,155832,38179,720671
54,2/5/2021 15:00:00,20523,585449,17411.000000000000000,173243,,,20523,585449,17411,173243,37934,758605
55,2/6/2021 15:00:00,12112,597561,14408.000000000000000,187651,,,12112,597561,14408,187651,26520,785125
56,2/7/2021 15:00:00,5956,603517,1772.000000000000000,189423,,,5956,603517,1772,189423,7728,792853
57,2/8/2021 15:00:00,13277,616794,13081.000000000000000,202504,,,13277,616794,13081,202504,26358,819211
58,2/9/2021 15:00:00,16695,633489,14001.000000000000000,216505,,,16695,633489,14001,216505,30696,849907
59,2/10/2021 15:00:00,19289,652778,21374.000000000000000,237879,,,19289,652778,21374,237879,40663,890570
60,2/11/2021 15:00:00,22859,675637,17494.000000000000000,255373,,,22859,675637,17494,255373,40353,930923
61,2/12/2021 15:00:00,20329,695966,19857.000000000000000,275230,,,20329,695966,19857,275230,40186,971109
62,2/13/2021 15:00:00,11363,707329,6341.000000000000000,281571,,,11363,707329,6341,281571,17704,988813
63,2/14/2021 15:00:00,7077,714406,2071.000000000000000,283642,,,7077,714406,2071,283642,9148,997961
64,2/15/2021 15:00:00,11708,726114,13212.000000000000000,296854,,,11708,726114,13212,296854,24920,1022881
65,2/16/2021 15:00:00,16565,742679,21661.000000000000000,318515,,,16565,742679,21661,318515,38226,1061107
66,2/17/2021 15:00:00,20622,763301,27127.000000000000000,345642,,,20622,763301,27127,345642,47749,1108856
67,2/18/2021 15:00:00,3164,766465,4724.000000000000000,350366,,,3164,766465,4724,350366,7888,1116744
68,2/19/2021 15:00:00,10261,776726,20405.000000000000000,370771,,,10261,776726,20405,370771,30666,1147410
69,2/20/2021 15:00:00,10305,787031,20860.000000000000000,391631,,,10305,787031,20860,391631,31165,1178575
70,2/21/2021 15:00:00,6156,793187,7937.000000000000000,399568,,,6156,793187,7937,399568,14093,1192668
71,2/22/2021 15:00:00,8084,801271,15886.000000000000000,415454,,,8084,801271,15886,415454,23970,1216638
72,2/23/2021 15:00:00,15587,816858,16471.000000000000000,431925,,,15587,816858,16471,431925,32058,1248696
73,2/24/2021 15:00:00,17975,834833,25142.000000000000000,457067,,,17975,834833,25142,457067,43117,1291813
74,2/25/2021 15:00:00,20420,855253,26875.000000000000000,483942,,,20420,855253,26875,483942,47295,1339108
75,2/26/2021 15:00:00,26808,882061,26465.000000000000000,510407,,,26808,882061,26465,510407,53273,1392381
76,2/27/2021 15:00:00,16093,898154,11688.000000000000000,522095,,,16093,898154,11688,522095,27781,1420162
77,2/28/2021 15:00:00,15490,913644,4813.000000000000000,526908,,,15490,913644,4813,526908,20303,1440465
78,3/1/2021 15:00:00,26022,939666,12561.000000000000000,539469,,,26022,939666,12561,539469,38583,1479048
79,3/2/2021 15:00:00,24003,963669,13311.000000000000000,552780,31.000000000000000,31.000000000000000,24034,963700,13342,552811,37345,1516393
80,3/3/2021 15:00:00,30225,993894,18366.000000000000000,571146,174.000000000000000,205.000000000000000,30399,994099,18540,571351,48765,1565158
81,3/4/2021 15:00:00,31095,1024989,18121.000000000000000,589267,4061.000000000000000,4266.000000000000000,35156,1029255,22182,593533,53277,1618435
82,3/5/2021 15:00:00,29581,1054570,19373.000000000000000,608640,4907.000000000000000,9173.000000000000000,34488,1063743,24280,617813,53861,1672296
83,3/6/2021 15:00:00,17773,1072343,8902.000000000000000,617542,5992.000000000000000,15165.000000000000000,23765,1087508,14894,632707,32667,1704963
84,3/7/2021 15:00:00,12061,1084404,4799.000000000000000,622341,6609.000000000000000,21774.000000000000000,18670,1106178,11408,644115,23469,1728432
85,3/8/2021 15:00:00,26180,1110584,8761.000000000000000,631102,8282.000000000000000,30056.000000000000000,34462,1140640,17043,661158,43223,1771655
86,3/9/2021 15:00:00,26395,1136979,15382.000000000000000,646484,8339.000000000000000,38395.000000000000000,34734,1175374,23721,684879,50116,1821771
87,3/10/2021 15:00:00,30131,1167110,15908.000000000000000,662392,7938.000000000000000,46333.000000000000000,38069,1213443,23846,708725,53977,1875748
88,3/11/2021 15:00:00,36209,1203319,16386.000000000000000,678778,4036.000000000000000,50369.000000000000000,40245,1253688,20422,729147,56631,1932379
89,3/12/2021 15:00:00,37166,1240485,18003.000000000000000,696781,2920.000000000000000,53289.000000000000000,40086,1293774,20923,750070,58089,1990468
90,3/13/2021 15:00:00,22599,1263084,10202.000000000000000,706983,1601.000000000000000,54890.000000000000000,24200,1317974,11803,761873,34402,2024870
91,3/14/2021 15:00:00,17815,1280899,6652.000000000000000,713635,994.000000000000000,55884.000000000000000,18809,1336783,7646,769519,25461,2050331
92,3/15/2021 15:00:00,29975,1310874,11319.000000000000000,724954,602.000000000000000,56486.000000000000000,30577,1367360,11921,781440,41896,2092227
93,3/16/2021 15:00:00,33607,1344481,13541.000000000000000,738495,765.000000000000000,57251.000000000000000,34372,1401732,14306,795746,47913,2140140
94,3/17/2021 15:00:00,37716,1382197,16972.000000000000000,755467,1180.000000000000000,58431.000000000000000,38896,1440628,18152,813898,55868,2196008
95,3/18/2021 15:00:00,41486,1423683,12598.000000000000000,768065,1359.000000000000000,59790.000000000000000,42845,1483473,13957,827855,55443,2251451
96,3/19/2021 15:00:00,38327,1462010,15575.000000000000000,783640,1044.000000000000000,60834.000000000000000,39371,1522844,16619,844474,54946,2306397
97,3/20/2021 15:00:00,24544,1486554,10027.000000000000000,793667,1122.000000000000000,61956.000000000000000,25666,1548510,11149,855623,35693,2342090
98,3/21/2021 15:00:00,19096,1505650,7791.000000000000000,801458,330.000000000000000,62286.000000000000000,19426,1567936,8121,863744,27217,2369307
99,3/22/2021 15:00:00,32568,1538218,11630.000000000000000,813088,830.000000000000000,63116.000000000000000,33398,1601334,12460,876204,45028,2414335
100,3/23/2021 15:00:00,37782,1576000,17468.000000000000000,830556,1546.000000000000000,64662.000000000000000,39328,1640662,19014,895218,56796,2471131
101,3/24/2021 15:00:00,41160,1617160,21185.000000000000000,851741,1375.000000000000000,66037.000000000000000,42535,1683197,22560,917778,63720,2534851
102,3/25/2021 15:00:00,42477,1659637,21041.000000000000000,872782,2513.000000000000000,68550.000000000000000,44990,1728187,23554,941332,66031,2600882
103,3/26/2021 15:00:00,36618,1696255,26457.000000000000000,899239,2498.000000000000000,71048.000000000000000,39116,1767303,28955,970287,65573,2666455
104,3/27/2021 15:00:00,27742,1723997,16857.000000000000000,916096,2766.000000000000000,73814.000000000000000,30508,1797811,19623,989910,47365,2713820
105,3/28/2021 15:00:00,16984,1740981,12560.000000000000000,928656,1615.000000000000000,75429.000000000000000,18599,1816410,14175,1004085,31159,2744979
106,3/29/2021 15:00:00,29692,1770673,26504.000000000000000,955160,1135.000000000000000,76564.000000000000000,30827,1847237,27639,1031724,57331,2802310
107,3/30/2021 15:00:00,40011,1810684,29166.000000000000000,984326,1848.000000000000000,78412.000000000000000,41859,1889096,31014,1062738,71025,2873335
108,3/31/2021 15:00:00,41020,1851704,34857.000000000000000,1019183,5742.000000000000000,84154.000000000000000,46762,1935858,40599,1103337,81619,2954954
109,4/1/2021 15:00:00,40678,1892382,39832.000000000000000,1059015,5616.000000000000000,89770.000000000000000,46294,1982152,45448,1148785,86126,3041080
110,4/2/2021 15:00:00,34948,1927330,32731.000000000000000,1091746,6099.000000000000000,95869.000000000000000,41047,2023199,38830,1187615,73778,3114858
111,4/3/2021 15:00:00,21558,1948888,18630.000000000000000,1110376,4361.000000000000000,100230.000000000000000,25919,2049118,22991,1210606,44549,3159407
112,4/4/2021 15:00:00,8214,1957102,10139.000000000000000,1120515,960.000000000000000,101190.000000000000000,9174,2058292,11099,1221705,19313,3178720
113,4/5/2021 15:00:00,27922,1985024,29072.000000000000000,1149587,6638.000000000000000,107828.000000000000000,34560,2092852,35710,1257415,63632,3242352
114,4/6/2021 15:00:00,39835,2024859,30555.000000000000000,1180142,10476.000000000000000,118304.000000000000000,50311,2143163,41031,1298446,80866,3323218
115,4/7/2021 15:00:00,36128,2060987,34278.000000000000000,1214420,12951.000000000000000,131255.000000000000000,49079,2192242,47229,1345675,83357,3406575
116,4/8/2021 15:00:00,42362,2103349,36060.000000000000000,1250480,13850.000000000000000,145105.000000000000000,56212,2248454,49910,1395585,92272,3498847
117,4/9/2021 15:00:00,34089,2137438,36342.000000000000000,1286822,14494.000000000000000,159599.000000000000000,48583,2297037,50836,1446421,84925,3583772
118,4/10/2021 15:00:00,23935,2161373,23005.000000000000000,1309827,7614.000000000000000,167213.000000000000000,31549,2328586,30619,1477040,54554,3638326
119,4/11/2021 15:00:00,17535,2178908,13229.000000000000000,1323056,10623.000000000000000,177836.000000000000000,28158,2356744,23852,1500892,41387,3679713
120,4/12/2021 15:00:00,24620,2203528,33127.000000000000000,1356183,10915.000000000000000,188751.000000000000000,35535,2392279,44042,1544934,68662,3748375
121,4/13/2021 15:00:00,126867,2330395,90657.000000000000000,1446840,3292.000000000000000,192043.000000000000000,130159,2522438,93949,1638883,220816,3969191
122,4/14/2021 15:00:00,40773,2371168,37862.000000000000000,1484702,208.000000000000000,192251.000000000000000,40981,2563419,38070,1676953,78843,4048034
123,4/15/2021 15:00:00,41799,2412967,39259.000000000000000,1523961,169.000000000000000,192420.000000000000000,41968,2605387,39428,1716381,81227,4129261
124,4/16/2021 15:00:00,37319,2450286,38769.000000000000000,1562730,22.000000000000000,192442.000000000000000,37341,2642728,38791,1755172,76110,4205371
125,4/17/2021 15:00:00,32906,2483192,21918.000000000000000,1584648,12.000000000000000,192454.000000000000000,32918,2675646,21930,1777102,54836,4260207
126,4/18/2021 15:00:00,20047,2503239,16159.000000000000000,1600807,5.000000000000000,192459.000000000000000,20052,2695698,16164,1793266,36211,4296418
127,4/19/2021 15:00:00,29960,2533199,36534.000000000000000,1637341,61.000000000000000,192520.000000000000000,30021,2725719,36595,1829861,66555,4362973
128,4/20/2021 15:00:00,33131,2566330,44119.000000000000000,1681460,54.000000000000000,192574.000000000000000,33185,2758904,44173,1874034,77304,4440277
129,4/21/2021 15:00:00,39821,2606151,46877.000000000000000,1728337,21.000000000000000,192595.000000000000000,39842,2798746,46898,1920932,86719,4526996
130,4/22/2021 15:00:00,36417,2642568,41933.000000000000000,1770270,16.000000000000000,192611.000000000000000,36433,2835179,41949,1962881,78366,4605362
131,4/23/2021 15:00:00,33147,2675715,40005.000000000000000,1810275,12.000000000000000,192623.000000000000000,33159,2868338,40017,2002898,73164,4678526
132,4/24/2021 15:00:00,26369,2702084,28586.000000000000000,1838861,80.000000000000000,192703.000000000000000,26449,2894787,28666,2031564,55035,4733561
133,4/25/2021 15:00:00,20199,2722283,10898.000000000000000,1849759,30.000000000000000,192733.000000000000000,20229,2915016,10928,2042492,31127,4764688
134,4/26/2021 15:00:00,27410,2749693,32748.000000000000000,1882507,203.000000000000000,192936.000000000000000,27613,2942629,32951,2075443,60361,4825049
135,4/27/2021 15:00:00,26719,2776412,33033.000000000000000,1915540,1096.000000000000000,194032.000000000000000,27815,2970444,34129,2109572,60848,4885897
136,4/28/2021 15:00:00,28982,2805394,39482.000000000000000,1955022,1362.000000000000000,195394.000000000000000,30344,3000788,40844,2150416,69826,4955723
137,4/29/2021 15:00:00,27380,2832774,39444.000000000000000,1994466,1461.000000000000000,196855.000000000000000,28841,3029629,40905,2191321,68285,5024008
138,4/30/2021 15:00:00,28232,2861006,32136.000000000000000,2026602,1641.000000000000000,198496.000000000000000,29873,3059502,33777,2225098,62009,5086017
139,5/1/2021 15:00:00,20332,2881338,26742.000000000000000,2053344,1017.000000000000000,199513.000000000000000,21349,3080851,27759,2252857,48091,5134108
140,5/2/2021 15:00:00,10260,2891598,16984.000000000000000,2070328,818.000000000000000,200331.000000000000000,11078,3091929,17802,2270659,28062,5162170
141,5/3/2021 15:00:00,13082,2904680,29731.000000000000000,2100059,1915.000000000000000,202246.000000000000000,14997,3106926,31646,2302305,44728,5206898
142,5/4/2021 15:00:00,14217,2918897,39531.000000000000000,2139590,1732.000000000000000,203978.000000000000000,15949,3122875,41263,2343568,55480,5262378
143,5/5/2021 15:00:00,19326,2938223,37769.000000000000000,2177359,1918.000000000000000,205896.000000000000000,21244,3144119,39687,2383255,59013,5321391
144,5/6/2021 15:00:00,16979,2955202,40569.000000000000000,2217928,1712.000000000000000,207608.000000000000000,18691,3162810,42281,2425536,59260,5380651
145,5/7/2021 15:00:00,17402,2972604,36030.000000000000000,2253958,1958.000000000000000,209566.000000000000000,19360,3182170,37988,2463524,55390,5436041
146,5/8/2021 15:00:00,10779,2983383,31142.000000000000000,2285100,1292.000000000000000,210858.000000000000000,12071,3194241,32434,2495958,43213,5479254
147,5/9/2021 15:00:00,5046,2988429,11884.000000000000000,2296984,695.000000000000000,211553.000000000000000,5741,3199982,12579,2508537,17625,5496879
148,5/10/2021 15:00:00,8948,2997377,31107.000000000000000,2328091,1356.000000000000000,212909.000000000000000,10304,3210286,32463,2541000,41411,5538290
149,5/11/2021 15:00:00,12194,3009571,30281.000000000000000,2358372,1443.000000000000000,214352.000000000000000,13637,3223923,31724,2572724,43918,5582208
150,5/12/2021 15:00:00,13920,3023491,38556.000000000000000,2396928,1911.000000000000000,216263.000000000000000,15831,3239754,40467,2613191,54387,5636595
151,5/13/2021 15:00:00,21825,3045316,33390.000000000000000,2430318,1351.000000000000000,217614.000000000000000,23176,3262930,34741,2647932,56566,5693161
152,5/14/2021 15:00:00,24331,3069647,29972.000000000000000,2460290,1771.000000000000000,219385.000000000000000,26102,3289032,31743,2679675,56074,5749235
153,5/15/2021 15:00:00,21849,3091496,25012.000000000000000,2485302,1532.000000000000000,220917.000000000000000,23381,3312413,26544,2706219,48393,5797628
154,5/16/2021 15:00:00,9061,3100557,17511.000000000000000,2502813,1113.000000000000000,222030.000000000000000,10174,3322587,18624,2724843,27685,5825313
155,5/17/2021 15:00:00,16849,3117406,28367.000000000000000,2531180,1948.000000000000000,223978.000000000000000,18797,3341384,30315,2755158,47164,5872477
156,5/18/2021 15:00:00,21252,3138658,30687.000000000000000,2561867,1947.000000000000000,225925.000000000000000,23199,3364583,32634,2787792,53886,5926363
157,5/19/2021 15:00:00,27584,3166242,32368.000000000000000,2594235,1624.000000000000000,227549.000000000000000,29208,3393791,33992,2821784,61576,5987939
158,5/20/2021 15:00:00,20787,3187029,33254.000000000000000,2627489,1966.000000000000000,229515.000000000000000,22753,3416544,35220,2857004,56007,6043946
159,5/21/2021 15:00:00,19129,3206158,30227.000000000000000,2657716,1611.000000000000000,231126.000000000000000,20740,3437284,31838,2888842,50967,6094913
160,5/22/2021 15:00:00,16886,3223044,20599.000000000000000,2678315,1268.000000000000000,232394.000000000000000,18154,3455438,21867,2910709,38753,6133666
161,5/23/2021 15:00:00,8742,3231786,11413.000000000000000,2689728,962.000000000000000,233356.000000000000000,9704,3465142,12375,2923084,21117,6154783
162,5/24/2021 15:00:00,13462,3245248,17868.000000000000000,2707596,1481.000000000000000,234837.000000000000000,14943,3480085,19349,2942433,32811,6187594
163,5/25/2021 15:00:00,12890,3258138,18775.000000000000000,2726371,1329.000000000000000,236166.000000000000000,14219,3494304,20104,2962537,32994,6220588
164,5/26/2021 15:00:00,18266,3276404,19442.000000000000000,2745813,1508.000000000000000,237674.000000000000000,19774,3514078,20950,2983487,39216,6259804
165,5/27/2021 15:00:00,11687,3288091,18631.000000000000000,2764444,1133.000000000000000,238807.000000000000000,12820,3526898,19764,3003251,31451,6291255
166,5/28/2021 15:00:00,12470,3300561,19732.000000000000000,2784176,1402.000000000000000,240209.000000000000000,13872,3540770,21134,3024385,33604,6324859
167,5/29/2021 15:00:00,9529,3310090,11631.000000000000000,2795807,936.000000000000000,241145.000000000000000,10465,3551235,12567,3036952,22096,6346955
168,5/30/2021 15:00:00,4895,3314985,6473.000000000000000,2802280,596.000000000000000,241741.000000000000000,5491,3556726,7069,3044021,11964,6358919
169,5/31/2021 15:00:00,1770,3316755,3689.000000000000000,2805969,304.000000000000000,242045.000000000000000,2074,3558800,3993,3048014,5763,6364682
170,6/1/2021 15:00:00,9384,3326139,16601.000000000000000,2822570,1145.000000000000000,243190.000000000000000,10529,3569329,17746,3065760,27130,6391812
171,6/2/2021 15:00:00,10138,3336277,16814.000000000000000,2839384,958.000000000000000,244148.000000000000000,11096,3580425,17772,3083532,27910,6419722
172,6/3/2021 15:00:00,7884,3344161,21171.000000000000000,2860555,1083.000000000000000,245231.000000000000000,8967,3589392,22254,3105786,30138,6449860
173,6/4/2021 15:00:00,8209,3352370,22188.000000000000000,2882743,1123.000000000000000,246354.000000000000000,9332,3598724,23311,3129097,31520,6481380
174,6/5/2021 15:00:00,6983,3359353,19377.000000000000000,2902120,718.000000000000000,247072.000000000000000,7701,3606425,20095,3149192,27078,6508458
175,6/6/2021 15:00:00,3462,3362815,7185.000000000000000,2909305,420.000000000000000,247492.000000000000000,3882,3610307,7605,3156797,11067,6519525
176,6/7/2021 15:00:00,6827,3369642,15722.000000000000000,2925027,725.000000000000000,248217.000000000000000,7552,3617859,16447,3173244,23274,6542799
177,6/8/2021 15:00:00,6682,3376324,19690.000000000000000,2944717,816.000000000000000,249033.000000000000000,7498,3625357,20506,3193750,27188,6569987
178,6/9/2021 15:00:00,8195,3384519,23844.000000000000000,2968561,968.000000000000000,250001.000000000000000,9163,3634520,24812,3218562,33007,6602994
179,6/10/2021 15:00:00,7166,3391685,19081.000000000000000,2987642,897.000000000000000,250898.000000000000000,8063,3642583,19978,3238540,27144,6630138
180,6/11/2021 15:00:00,7435,3399120,17659.000000000000000,3005301,1125.000000000000000,252023.000000000000000,8560,3651143,18784,3257324,26219,6656357
181,6/12/2021 15:00:00,5235,3404355,14687.000000000000000,3019988,603.000000000000000,252626.000000000000000,5838,3656981,15290,3272614,20525,6676882
182,6/13/2021 15:00:00,1928,3406283,7554.000000000000000,3027542,426.000000000000000,253052.000000000000000,2354,3659335,7980,3280594,9908,6686790
183,6/14/2021 15:00:00,5652,3411935,11783.000000000000000,3039325,727.000000000000000,253779.000000000000000,6379,3665714,12510,3293104,18162,6704952
184,6/15/2021 15:00:00,5642,3417577,14314.000000000000000,3053639,861.000000000000000,254640.000000000000000,6503,3672217,15175,3308279,20817,6725769
185,6/16/2021 15:00:00,8717,3426294,21503.000000000000000,3075142,755.000000000000000,255395.000000000000000,9472,3681689,22258,3330537,30975,6756744
186,6/17/2021 15:00:00,6675,3432969,12368.000000000000000,3087510,720.000000000000000,256115.000000000000000,7395,3689084,13088,3343625,19763,6776507
187,6/18/2021 15:00:00,6853,3439822,12653.000000000000000,3100163,703.000000000000000,256818.000000000000000,7556,3696640,13356,3356981,20209,6796716
188,6/19/2021 15:00:00,4655,3444477,9344.000000000000000,3109507,613.000000000000000,257431.000000000000000,5268,3701908,9957,3366938,14612,6811328
189,6/20/2021 15:00:00,2499,3446976,5025.000000000000000,3114532,377.000000000000000,257808.000000000000000,2876,3704784,5402,3372340,7901,6819229
190,6/21/2021 15:00:00,5543,3452519,5316.000000000000000,3119848,636.000000000000000,258444.000000000000000,6179,3710963,5952,3378292,11495,6830724
191,6/22/2021 15:00:00,5201,3457720,8857.000000000000000,3128705,682.000000000000000,259126.000000000000000,5883,3716846,9539,3387831,14740,6845464
192,6/23/2021 15:00:00,6059,3463779,10275.000000000000000,3138980,641.000000000000000,259767.000000000000000,6700,3723546,10916,3398747,16975,6862439
193,6/24/2021 15:00:00,5920,3469699,8186.000000000000000,3147166,593.000000000000000,260360.000000000000000,6513,3730059,8779,3407526,14699,6877138
194,6/25/2021 15:00:00,5815,3475514,8602.000000000000000,3155768,620.000000000000000,260980.000000000000000,6435,3736494,9222,3416748,15037,6892175
195,6/26/2021 15:00:00,3698,3479212,6276.000000000000000,3162044,395.000000000000000,261375.000000000000000,4093,3740587,6671,3423419,10369,6902544
196,6/27/2021 15:00:00,2796,3482008,3530.000000000000000,3165574,182.000000000000000,261557.000000000000000,2978,3743565,3712,3427131,6508,6909052
197,6/28/2021 15:00:00,4727,3486735,6092.000000000000000,3171666,521.000000000000000,262078.000000000000000,5248,3748813,6613,3433744,11340,6920392
198,6/29/2021 15:00:00,5076,3491811,6491.000000000000000,3178157,517.000000000000000,262595.000000000000000,5593,3754406,7008,3440752,12084,6932476
199,6/30/2021 15:00:00,5591,3497402,7396.000000000000000,3185553,604.000000000000000,263199.000000000000000,6195,3760601,8000,3448752,13591,6946067
200,7/1/2021 15:00:00,5304,3502706,6923.000000000000000,3192476,487.000000000000000,263686.000000000000000,5791,3766392,7410,3456162,12714,6958781
201,7/2/2021 15:00:00,5271,3507977,6824.000000000000000,3199300,519.000000000000000,264205.000000000000000,5790,3772182,7343,3463505,12614,6971395
202,7/3/2021 15:00:00,3256,3511233,4062.000000000000000,3203362,260.000000000000000,264465.000000000000000,3516,3775698,4322,3467827,7578,6978973
203,7/4/2021 15:00:00,490,3511723,540.000000000000000,3203902,66.000000000000000,264531.000000000000000,556,3776254,606,3468433,1096,6980069
204,7/5/2021 15:00:00,3750,3515473,3958.000000000000000,3207860,282.000000000000000,264813.000000000000000,4032,3780286,4240,3472673,7990,6988059
205,7/6/2021 15:00:00,4456,3519929,6209.000000000000000,3214069,450.000000000000000,265263.000000000000000,4906,3785192,6659,3479332,11115,6999174
206,7/7/2021 15:00:00,4458,3524387,6360.000000000000000,3220429,481.000000000000000,265744.000000000000000,4939,3790131,6841,3486173,11299,7010473
207,7/8/2021 15:00:00,4818,3529205,6110.000000000000000,3226539,562.000000000000000,266306.000000000000000,5380,3795511,6672,3492845,11490,7021963
208,7/9/2021 15:00:00,5347,3534552,6603.000000000000000,3233142,572.000000000000000,266878.000000000000000,5919,3801430,7175,3500020,12522,7034485
209,7/10/2021 15:00:00,3508,3538060,4368.000000000000000,3237510,302.000000000000000,267180.000000000000000,3810,3805240,4670,3504690,8178,7042663
210,7/11/2021 15:00:00,2664,3540724,2548.000000000000000,3240058,223.000000000000000,267403.000000000000000,2887,3808127,2771,3507461,5435,7048098
211,7/12/2021 15:00:00,4404,3545128,5101.000000000000000,3245159,375.000000000000000,267778.000000000000000,4779,3812906,5476,3512937,9880,7057978
212,7/13/2021 15:00:00,4735,3549863,4582.000000000000000,3249741,363.000000000000000,268141.000000000000000,5098,3818004,4945,3517882,9680,7067658
213,7/14/2021 15:00:00,4594,3554457,5238.000000000000000,3254979,420.000000000000000,268561.000000000000000,5014,3823018,5658,3523540,10252,7077910
214,7/15/2021 15:00:00,4865,3559322,4970.000000000000000,3259949,356.000000000000000,268917.000000000000000,5221,3828239,5326,3528866,10191,7088101
215,7/16/2021 15:00:00,6266,3565588,5807.000000000000000,3265756,401.000000000000000,269318.000000000000000,6667,3834906,6208,3535074,12474,7100575
216,7/17/2021 15:00:00,3401,3568989,3548.000000000000000,3269304,299.000000000000000,269617.000000000000000,3700,3838606,3847,3538921,7248,7107823
217,7/18/2021 15:00:00,2297,3571286,2368.000000000000000,3271672,110.000000000000000,269727.000000000000000,2407,3841013,2478,3541399,4775,7112598
218,7/19/2021 15:00:00,5223,3576509,4460.000000000000000,3276132,375.000000000000000,270102.000000000000000,5598,3846611,4835,3546234,10058,7122656
219,7/20/2021 15:00:00,5322,3581831,4683.000000000000000,3280815,366.000000000000000,270468.000000000000000,5688,3852299,5049,3551283,10371,7133027
220,7/21/2021 15:00:00,5622,3587453,4929.000000000000000,3285744,414.000000000000000,270882.000000000000000,6036,3858335,5343,3556626,10965,7143992
221,7/22/2021 15:00:00,5989,3593442,4635.000000000000000,3290379,407.000000000000000,271289.000000000000000,6396,3864731,5042,3561668,11031,7155023
222,7/23/2021 15:00:00,6820,3600262,4859.000000000000000,3295238,490.000000000000000,271779.000000000000000,7310,3872041,5349,3567017,12169,7167192
223,7/24/2021 15:00:00,4270,3604532,3203.000000000000000,3298441,266.000000000000000,272045.000000000000000,4536,3876577,3469,3570486,7739,7174931
224,7/25/2021 15:00:00,3289,3607821,1120.000000000000000,3299561,138.000000000000000,272183.000000000000000,3427,3880004,1258,3571744,4547,7179478
225,7/26/2021 15:00:00,6190,3614011,3908.000000000000000,3303469,411.000000000000000,272594.000000000000000,6601,3886605,4319,3576063,10509,7189987
226,7/27/2021 15:00:00,6340,3620351,4067.000000000000000,3307536,450.000000000000000,273044.000000000000000,6790,3893395,4517,3580580,10857,7200844
227,7/28/2021 15:00:00,6790,3627141,4016.000000000000000,3311552,458.000000000000000,273502.000000000000000,7248,3900643,4474,3585054,11264,7212108
228,7/29/2021 15:00:00,6792,3633933,4155.000000000000000,3315707,410.000000000000000,273912.000000000000000,7202,3907845,4565,3589619,11357,7223465
229,7/30/2021 15:00:00,7510,3641443,4539.000000000000000,3320246,521.000000000000000,274433.000000000000000,8031,3915876,5060,3594679,12570,7236035
230,7/31/2021 15:00:00,4778,3646221,3046.000000000000000,3323292,272.000000000000000,274705.000000000000000,5050,3920926,3318,3597997,8096,7244131
231,8/1/2021 15:00:00,3762,3649983,2089.000000000000000,3325381,153.000000000000000,274858.000000000000000,3915,3924841,2242,3600239,6004,7250135
232,8/2/2021 15:00:00,7002,3656985,3659.000000000000000,3329040,333.000000000000000,275191.000000000000000,7335,3932176,3992,3604231,10994,7261129
233,8/3/2021 15:00:00,6973,3663958,3907.000000000000000,3332947,503.000000000000000,275694.000000000000000,7476,3939652,4410,3608641,11383,7272512
234,8/4/2021 15:00:00,7145,3671103,3901.000000000000000,3336848,527.000000000000000,276221.000000000000000,7672,3947324,4428,3613069,11573,7284085
235,8/5/2021 15:00:00,7636,3678739,4114.000000000000000,3340962,535.000000000000000,276756.000000000000000,8171,3955495,4649,3617718,12285,7296370
236,8/6/2021 15:00:00,8257,3686996,4713.000000000000000,3345675,449.000000000000000,277205.000000000000000,8706,3964201,5162,3622880,13419,7309789
237,8/7/2021 15:00:00,5237,3692233,2802.000000000000000,3348477,262.000000000000000,277467.000000000000000,5499,3969700,3064,3625944,8301,7318090
238,8/8/2021 15:00:00,3937,3696170,2048.000000000000000,3350525,140.000000000000000,277607.000000000000000,4077,3973777,2188,3628132,6125,7324215
239,8/9/2021 15:00:00,6898,3703068,4511.000000000000000,3355036,362.000000000000000,277969.000000000000000,7260,3981037,4873,3633005,11771,7335986
240,8/10/2021 15:00:00,7099,3710167,4448.000000000000000,3359484,335.000000000000000,278304.000000000000000,7434,3988471,4783,3637788,11882,7347868
241,8/11/2021 15:00:00,7018,3717185,4422.000000000000000,3363906,438.000000000000000,278742.000000000000000,7456,3995927,4860,3642648,11878,7359746
242,8/12/2021 15:00:00,8554,3725739,4697.000000000000000,3368603,438.000000000000000,279180.000000000000000,8992,4004919,5135,3647783,13689,7373435
243,8/13/2021 15:00:00,7097,3732836,5354.000000000000000,3373957,387.000000000000000,279567.000000000000000,7484,4012403,5741,3653524,12838,7386273
244,8/14/2021 15:00:00,4912,3737748,3341.000000000000000,3377298,284.000000000000000,279851.000000000000000,5196,4017599,3625,3657149,8537,7394810
245,8/15/2021 15:00:00,3315,3741063,2732.000000000000000,3380030,163.000000000000000,280014.000000000000000,3478,4021077,2895,3660044,6210,7401020
246,8/16/2021 15:00:00,5397,3746460,5063.000000000000000,3385093,348.000000000000000,280362.000000000000000,5745,4026822,5411,3665455,10808,7411828
247,8/17/2021 15:00:00,6931,3753391,5185.000000000000000,3390278,387.000000000000000,280749.000000000000000,7318,4034140,5572,3671027,12503,7424331
248,8/18/2021 15:00:00,6492,3759883,5284.000000000000000,3395562,465.000000000000000,281214.000000000000000,6957,4041097,5749,3676776,12241,7436572
249,8/19/2021 15:00:00,5965,3765848,5313.000000000000000,3400875,409.000000000000000,281623.000000000000000,6374,4047471,5722,3682498,11687,7448259
250,8/20/2021 15:00:00,7015,3772863,6305.000000000000000,3407180,400.000000000000000,282023.000000000000000,7415,4054886,6705,3689203,13720,7461979
251,8/21/2021 15:00:00,4304,3777167,3915.000000000000000,3411095,223.000000000000000,282246.000000000000000,4527,4059413,4138,3693341,8442,7470421
252,8/22/2021 15:00:00,3059,3780226,3156.000000000000000,3414251,109.000000000000000,282355.000000000000000,3168,4062581,3265,3696606,6324,7476745
253,8/23/2021 15:00:00,6145,3786371,5905.000000000000000,3420156,284.000000000000000,282639.000000000000000,6429,4069010,6189,3702795,12334,7489079
254,8/24/2021 15:00:00,6622,3792993,5856.000000000000000,3426012,424.000000000000000,283063.000000000000000,7046,4076056,6280,3709075,12902,7501981
255,8/25/2021 15:00:00,6873,3799866,5995.000000000000000,3432007,437.000000000000000,283500.000000000000000,7310,4083366,6432,3715507,13305,7515286
256,8/26/2021 15:00:00,7151,3807017,6389.000000000000000,3438396,427.000000000000000,283927.000000000000000,7578,4090944,6816,3722323,13967,7529253
257,8/27/2021 15:00:00,6828,3813845,6983.000000000000000,3445379,315.000000000000000,284242.000000000000000,7143,4098087,7298,3729621,14126,7543379
258,8/28/2021 15:00:00,6899,3820744,6469.000000000000000,3451848,324.000000000000000,284566.000000000000000,7223,4105310,6793,3736414,13692,7557071
259,8/29/2021 15:00:00,3742,3824486,3671.000000000000000,3455519,611.000000000000000,285177.000000000000000,4353,4109663,4282,3740696,8024,7565095
260,8/30/2021 15:00:00,5935,3830421,6076.000000000000000,3461595,947.000000000000000,286124.000000000000000,6882,4116545,7023,3747719,12958,7578053
261,8/31/2021 15:00:00,5670,3836091,5916.000000000000000,3467511,945.000000000000000,287069.000000000000000,6615,4123160,6861,3754580,12531,7590584
262,9/1/2021 15:00:00,5512,3841603,5557.000000000000000,3473068,903.000000000000000,287972.000000000000000,6415,4129575,6460,3761040,11972,7602556
263,9/2/2021 15:00:00,5524,3847127,5865.000000000000000,3478933,700.000000000000000,288672.000000000000000,6224,4135799,6565,3767605,12089,7614645
264,9/3/2021 15:00:00,5967,3853094,6849.000000000000000,3485782,969.000000000000000,289641.000000000000000,6936,4142735,7818,3775423,13785,7628430
265,9/4/2021 15:00:00,3712,3856806,4314.000000000000000,3490096,875.000000000000000,290516.000000000000000,4587,4147322,5189,3780612,8901,7637331
266,9/5/2021 15:00:00,2884,3859690,2792.000000000000000,3492888,105.000000000000000,290621.000000000000000,2989,4150311,2897,3783509,5781,7643112
267,9/6/2021 15:00:00,1049,3860739,1140.000000000000000,3494028,62.000000000000000,290683.000000000000000,1111,4151422,1202,3784711,2251,7645363
268,9/7/2021 15:00:00,5266,3866005,7230.000000000000000,3501258,2301.000000000000000,292984.000000000000000,7567,4158989,9531,3794242,14797,7660160
269,9/8/2021 15:00:00,4643,3870648,5431.000000000000000,3506689,366.000000000000000,293350.000000000000000,5009,4163998,5797,3800039,10440,7670600
270,9/9/2021 15:00:00,5053,3875701,5324.000000000000000,3512013,322.000000000000000,293672.000000000000000,5375,4169373,5646,3805685,10699,7681299
271,9/10/2021 15:00:00,6511,3882212,6575.000000000000000,3518588,1710.000000000000000,295382.000000000000000,8221,4177594,8285,3813970,14796,7696095
272,9/11/2021 15:00:00,4036,3886248,4323.000000000000000,3522911,663.000000000000000,296045.000000000000000,4699,4182293,4986,3818956,9022,7705117
273,9/12/2021 15:00:00,3059,3889307,3227.000000000000000,3526138,434.000000000000000,296479.000000000000000,3493,4185786,3661,3822617,6720,7711837
274,9/13/2021 15:00:00,4660,3893967,4827.000000000000000,3530965,345.000000000000000,296824.000000000000000,5005,4190791,5172,3827789,9832,7721669
275,9/14/2021 15:00:00,4563,3898530,5198.000000000000000,3536163,431.000000000000000,297255.000000000000000,4994,4195785,5629,3833418,10192,7731861
276,9/15/2021 15:00:00,4676,3903206,5577.000000000000000,3541740,385.000000000000000,297640.000000000000000,5061,4200846,5962,3839380,10638,7742499
277,9/16/2021 15:00:00,4570,3907776,5580.000000000000000,3547320,328.000000000000000,297968.000000000000000,4898,4205744,5908,3845288,10478,7752977
278,9/17/2021 15:00:00,5019,3912795,6307.000000000000000,3553627,340.000000000000000,298308.000000000000000,5359,4211103,6647,3851935,11666,7764643
279,9/18/2021 15:00:00,3760,3916555,4558.000000000000000,3558185,184.000000000000000,298492.000000000000000,3944,4215047,4742,3856677,8502,7773145
280,9/19/2021 15:00:00,2721,3919276,3163.000000000000000,3561348,75.000000000000000,298567.000000000000000,2796,4217843,3238,3859915,5959,7779104
281,9/20/2021 15:00:00,3529,3922805,4444.000000000000000,3565792,426.000000000000000,298993.000000000000000,3955,4221798,4870,3864785,8399,7787503
282,9/21/2021 15:00:00,3762,3926567,4793.000000000000000,3570585,324.000000000000000,299317.000000000000000,4086,4225884,5117,3869902,8879,7796382
283,9/22/2021 15:00:00,4161,3930728,4729.000000000000000,3575314,454.000000000000000,299771.000000000000000,4615,4230499,5183,3875085,9344,7805726
284,9/23/2021 15:00:00,4159,3934887,4675.000000000000000,3579989,488.000000000000000,300259.000000000000000,4647,4235146,5163,3880248,9322,7815048
285,9/24/2021 15:00:00,5053,3939940,5530.000000000000000,3585519,416.000000000000000,300675.000000000000000,5469,4240615,5946,3886194,10999,7826047
286,9/25/2021 15:00:00,3594,3943534,3627.000000000000000,3589146,384.000000000000000,301059.000000000000000,3978,4244593,4011,3890205,7605,7833652
287,9/26/2021 15:00:00,2348,3945882,2599.000000000000000,3591745,421.000000000000000,301480.000000000000000,2769,4247362,3020,3893225,5368,7839020
288,9/27/2021 15:00:00,4479,3950361,2688.000000000000000,3594433,507.000000000000000,301987.000000000000000,4986,4252348,3195,3896420,7674,7846694
289,9/28/2021 15:00:00,4391,3954752,4375.000000000000000,3598808,210.000000000000000,302197.000000000000000,4601,4256949,4585,3901005,8976,7855670
290,9/29/2021 15:00:00,4695,3959447,4472.000000000000000,3603280,917.000000000000000,303114.000000000000000,5612,4262561,5389,3906394,10084,7865754
291,9/30/2021 15:00:00,4852,3964299,4503.000000000000000,3607783,789.000000000000000,303903.000000000000000,5641,4268202,5292,3911686,10144,7875898
292,10/1/2021 15:00:00,5368,3969667,5254.000000000000000,3613037,771.000000000000000,304674.000000000000000,6139,4274341,6025,3917711,11393,7887291
293,10/2/2021 15:00:00,2896,3972563,2878.000000000000000,3615915,184.000000000000000,304858.000000000000000,3080,4277421,3062,3920773,5958,7893249
294,10/3/2021 15:00:00,2033,3974596,2167.000000000000000,3618082,71.000000000000000,304929.000000000000000,2104,4279525,2238,3923011,4271,7897520
295,10/4/2021 15:00:00,4122,3978718,3345.000000000000000,3621427,224.000000000000000,305153.000000000000000,4346,4283871,3569,3926580,7691,7905211
296,10/5/2021 15:00:00,4024,3982742,3547.000000000000000,3624974,201.000000000000000,305354.000000000000000,4225,4288096,3748,3930328,7772,7912983
297,10/6/2021 15:00:00,4096,3986838,3440.000000000000000,3628414,258.000000000000000,305612.000000000000000,4354,4292450,3698,3934026,7794,7920777
298,10/7/2021 15:00:00,4311,3991149,3467.000000000000000,3631881,313.000000000000000,305925.000000000000000,4624,4297074,3780,3937806,8091,7928868
299,10/8/2021 15:00:00,4835,3995984,3952.000000000000000,3635833,273.000000000000000,306198.000000000000000,5108,4302182,4225,3942031,9060,7937928
300,10/9/2021 15:00:00,2639,3998623,2595.000000000000000,3638428,266.000000000000000,306464.000000000000000,2905,4305087,2861,3944892,5500,7943428
301,10/10/2021 15:00:00,1813,4000436,1790.000000000000000,3640218,58.000000000000000,306522.000000000000000,1871,4306958,1848,3946740,3661,7947089
302,10/11/2021 15:00:00,4083,4004519,2946.000000000000000,3643164,223.000000000000000,306745.000000000000000,4306,4311264,3169,3949909,7252,7954341
303,10/12/2021 15:00:00,3485,4008004,3086.000000000000000,3646250,258.000000000000000,307003.000000000000000,3743,4315007,3344,3953253,6829,7961170
304,10/13/2021 15:00:00,3730,4011734,3233.000000000000000,3649483,301.000000000000000,307304.000000000000000,4031,4319038,3534,3956787,7264,7968434
305,10/14/2021 15:00:00,4942,4016676,5299.000000000000000,3654782,392.000000000000000,307696.000000000000000,5334,4324372,5691,3962478,10633,7979067
306,10/15/2021 15:00:00,4454,4021130,4325.000000000000000,3659107,325.000000000000000,308021.000000000000000,4779,4329151,4650,3967128,9104,7988171
307,10/16/2021 15:00:00,2264,4023394,2317.000000000000000,3661424,270.000000000000000,308291.000000000000000,2534,4331685,2587,3969715,4851,7993022
308,10/17/2021 15:00:00,1645,4025039,1650.000000000000000,3663074,42.000000000000000,308333.000000000000000,1687,4333372,1692,3971407,3337,7996359
309,10/18/2021 15:00:00,3921,4028960,3337.000000000000000,3666411,216.000000000000000,308549.000000000000000,4137,4337509,3553,3974960,7474,8003833
310,10/19/2021 15:00:00,4061,4033021,3820.000000000000000,3670231,187.000000000000000,308736.000000000000000,4248,4341757,4007,3978967,8068,8011901
311,10/20/2021 15:00:00,3117,4036138,3005.000000000000000,3673236,169.000000000000000,308905.000000000000000,3286,4345043,3174,3982141,6291,8018192
312,10/21/2021 15:00:00,1237,4037375,1344.000000000000000,3674580,150.000000000000000,309055.000000000000000,1387,4346430,1494,3983635,2731,8020923