OBJECTID,VACCINATION_DATE,FirstDailyDose,FirstDoseCumulative,SecondDailyDose,SecondDoseCumulative,SingleDailyDose,SingleDoseCumulative,AtleastOneVaccine,AtleastOneVaccineCumulative,CompletedVax,CompletedVaxCumulative,FirstSecondSingleVaccination_12,FirstSecondSingleVaccination_13
1,12/14/2020 15:00:00,19,1436,,528,,,19,1436,0,528,19,1860
2,12/15/2020 15:00:00,61,1497,3.000000000000000,531,,,61,1497,3,531,64,1924
3,12/16/2020 15:00:00,596,2093,5.000000000000000,536,,,596,2093,5,536,601,2525
4,12/17/2020 15:00:00,1165,3258,8.000000000000000,544,,,1165,3258,8,544,1173,3698
5,12/18/2020 15:00:00,3026,6284,12.000000000000000,556,,,3026,6284,12,556,3038,6736
6,12/19/2020 15:00:00,929,7213,7.000000000000000,563,,,929,7213,7,563,936,7672
7,12/20/2020 15:00:00,365,7578,6.000000000000000,569,,,365,7578,6,569,371,8043
8,12/21/2020 15:00:00,3892,11470,27.000000000000000,596,,,3892,11470,27,596,3919,11962
9,12/22/2020 15:00:00,6325,17795,28.000000000000000,624,,,6325,17795,28,624,6353,18315
10,12/23/2020 15:00:00,5789,23584,37.000000000000000,661,,,5789,23584,37,661,5826,24141
11,12/24/2020 15:00:00,2729,26313,15.000000000000000,676,,,2729,26313,15,676,2744,26885
12,12/25/2020 15:00:00,1035,27348,4.000000000000000,680,,,1035,27348,4,680,1039,27924
13,12/26/2020 15:00:00,1883,29231,10.000000000000000,690,,,1883,29231,10,690,1893,29817
14,12/27/2020 15:00:00,1803,31034,12.000000000000000,702,,,1803,31034,12,702,1815,31632
15,12/28/2020 15:00:00,8987,40021,51.000000000000000,753,,,8987,40021,51,753,9038,40670
16,12/29/2020 15:00:00,10974,50995,53.000000000000000,806,,,10974,50995,53,806,11027,51697
17,12/30/2020 15:00:00,12497,63492,92.000000000000000,898,,,12497,63492,92,898,12589,64286
18,12/31/2020 15:00:00,7558,71050,47.000000000000000,945,,,7558,71050,47,945,7605,71891
19,1/1/2021 15:00:00,3332,74382,145.000000000000000,1090,,,3332,74382,145,1090,3477,75368
20,1/2/2021 15:00:00,3049,77431,34.000000000000000,1124,,,3049,77431,34,1124,3083,78451
21,1/3/2021 15:00:00,3412,80843,82.000000000000000,1206,,,3412,80843,82,1206,3494,81945
22,1/4/2021 15:00:00,13368,94211,337.000000000000000,1543,,,13368,94211,337,1543,13705,95650
23,1/5/2021 15:00:00,12490,106701,550.000000000000000,2093,,,12490,106701,550,2093,13040,108690
24,1/6/2021 15:00:00,15273,121974,867.000000000000000,2960,,,15273,121974,867,2960,16140,124830
25,1/7/2021 15:00:00,15051,137025,1778.000000000000000,4738,,,15051,137025,1778,4738,16829,141659
26,1/8/2021 15:00:00,24019,161044,2787.000000000000000,7525,,,24019,161044,2787,7525,26806,168465
27,1/9/2021 15:00:00,5177,166221,956.000000000000000,8481,,,5177,166221,956,8481,6133,174598
28,1/10/2021 15:00:00,2973,169194,386.000000000000000,8867,,,2973,169194,386,8867,3359,177957
29,1/11/2021 15:00:00,13737,182931,3476.000000000000000,12343,,,13737,182931,3476,12343,17213,195170
30,1/12/2021 15:00:00,17399,200330,5594.000000000000000,17937,,,17399,200330,5594,17937,22993,218163
31,1/13/2021 15:00:00,18626,218956,3934.000000000000000,21871,,,18626,218956,3934,21871,22560,240723
32,1/14/2021 15:00:00,17869,236825,1964.000000000000000,23835,,,17869,236825,1964,23835,19833,260556
33,1/15/2021 15:00:00,19492,256317,2032.000000000000000,25867,,,19492,256317,2032,25867,21524,282080
34,1/16/2021 15:00:00,5841,262158,1618.000000000000000,27485,,,5841,262158,1618,27485,7459,289539
35,1/17/2021 15:00:00,2125,264283,1480.000000000000000,28965,,,2125,264283,1480,28965,3605,293144
36,1/18/2021 15:00:00,7081,271364,3266.000000000000000,32231,,,7081,271364,3266,32231,10347,303491
37,1/19/2021 15:00:00,16957,288321,5411.000000000000000,37642,,,16957,288321,5411,37642,22368,325859
38,1/20/2021 15:00:00,21013,309334,5329.000000000000000,42971,,,21013,309334,5329,42971,26342,352201
39,1/21/2021 15:00:00,23819,333153,3855.000000000000000,46826,,,23819,333153,3855,46826,27674,379875
40,1/22/2021 15:00:00,28662,361815,3762.000000000000000,50588,,,28662,361815,3762,50588,32424,412299
41,1/23/2021 15:00:00,10127,371942,1945.000000000000000,52533,,,10127,371942,1945,52533,12072,424371
42,1/24/2021 15:00:00,3359,375301,1723.000000000000000,54256,,,3359,375301,1723,54256,5082,429453
43,1/25/2021 15:00:00,16311,391612,8613.000000000000000,62869,,,16311,391612,8613,62869,24924,454377
44,1/26/2021 15:00:00,17565,409177,8980.000000000000000,71849,,,17565,409177,8980,71849,26545,480922
45,1/27/2021 15:00:00,24443,433620,12563.000000000000000,84412,,,24443,433620,12563,84412,37006,517928
46,1/28/2021 15:00:00,22664,456284,9333.000000000000000,93745,,,22664,456284,9333,93745,31997,549925
47,1/29/2021 15:00:00,24787,481071,7933.000000000000000,101678,,,24787,481071,7933,101678,32720,582645
48,1/30/2021 15:00:00,17781,498852,2570.000000000000000,104248,,,17781,498852,2570,104248,20351,602996
49,1/31/2021 15:00:00,3765,502617,1372.000000000000000,105620,,,3765,502617,1372,105620,5137,608133
50,2/1/2021 15:00:00,8144,510761,5407.000000000000000,111027,,,8144,510761,5407,111027,13551,621684
51,2/2/2021 15:00:00,12517,523278,13832.000000000000000,124859,,,12517,523278,13832,124859,26349,648033
52,2/3/2021 15:00:00,18264,541542,18144.000000000000000,143003,,,18264,541542,18144,143003,36408,684441
53,2/4/2021 15:00:00,22141,563683,15803.000000000000000,158806,,,22141,563683,15803,158806,37944,722385
54,2/5/2021 15:00:00,20414,584097,17446.000000000000000,176252,,,20414,584097,17446,176252,37860,760245
55,2/6/2021 15:00:00,11377,595474,14535.000000000000000,190787,,,11377,595474,14535,190787,25912,786157
56,2/7/2021 15:00:00,5990,601464,1945.000000000000000,192732,,,5990,601464,1945,192732,7935,794092
57,2/8/2021 15:00:00,13012,614476,12981.000000000000000,205713,,,13012,614476,12981,205713,25993,820085
58,2/9/2021 15:00:00,16665,631141,13883.000000000000000,219596,,,16665,631141,13883,219596,30548,850633
59,2/10/2021 15:00:00,19325,650466,21316.000000000000000,240912,,,19325,650466,21316,240912,40641,891274
60,2/11/2021 15:00:00,22948,673414,17384.000000000000000,258296,,,22948,673414,17384,258296,40332,931606
61,2/12/2021 15:00:00,20439,693853,19672.000000000000000,277968,,,20439,693853,19672,277968,40111,971717
62,2/13/2021 15:00:00,11468,705321,6423.000000000000000,284391,,,11468,705321,6423,284391,17891,989608
63,2/14/2021 15:00:00,7121,712442,2137.000000000000000,286528,,,7121,712442,2137,286528,9258,998866
64,2/15/2021 15:00:00,11771,724213,13345.000000000000000,299873,,,11771,724213,13345,299873,25116,1023982
65,2/16/2021 15:00:00,16653,740866,21030.000000000000000,320903,,,16653,740866,21030,320903,37683,1061665
66,2/17/2021 15:00:00,20681,761547,26386.000000000000000,347289,,,20681,761547,26386,347289,47067,1108732
67,2/18/2021 15:00:00,3201,764748,4624.000000000000000,351913,,,3201,764748,4624,351913,7825,1116557
68,2/19/2021 15:00:00,10260,775008,19930.000000000000000,371843,,,10260,775008,19930,371843,30190,1146747
69,2/20/2021 15:00:00,10320,785328,20302.000000000000000,392145,,,10320,785328,20302,392145,30622,1177369
70,2/21/2021 15:00:00,6190,791518,7664.000000000000000,399809,,,6190,791518,7664,399809,13854,1191223
71,2/22/2021 15:00:00,8037,799555,15488.000000000000000,415297,,,8037,799555,15488,415297,23525,1214748
72,2/23/2021 15:00:00,15544,815099,15980.000000000000000,431277,,,15544,815099,15980,431277,31524,1246272
73,2/24/2021 15:00:00,17999,833098,24846.000000000000000,456123,,,17999,833098,24846,456123,42845,1289117
74,2/25/2021 15:00:00,20390,853488,26584.000000000000000,482707,,,20390,853488,26584,482707,46974,1336091
75,2/26/2021 15:00:00,26700,880188,26277.000000000000000,508984,,,26700,880188,26277,508984,52977,1389068
76,2/27/2021 15:00:00,16031,896219,11162.000000000000000,520146,,,16031,896219,11162,520146,27193,1416261
77,2/28/2021 15:00:00,15523,911742,4891.000000000000000,525037,,,15523,911742,4891,525037,20414,1436675
78,3/1/2021 15:00:00,27152,938894,12652.000000000000000,537689,,,27152,938894,12652,537689,39804,1476479
79,3/2/2021 15:00:00,23988,962882,13298.000000000000000,550987,36.000000000000000,36.000000000000000,24024,962918,13334,551023,37322,1513801
80,3/3/2021 15:00:00,30231,993113,18415.000000000000000,569402,190.000000000000000,226.000000000000000,30421,993339,18605,569628,48836,1562637
81,3/4/2021 15:00:00,31003,1024116,18253.000000000000000,587655,4068.000000000000000,4294.000000000000000,35071,1028410,22321,591949,53324,1615961
82,3/5/2021 15:00:00,30080,1054196,19762.000000000000000,607417,4909.000000000000000,9203.000000000000000,34989,1063399,24671,616620,54751,1670712
83,3/6/2021 15:00:00,18990,1073186,9537.000000000000000,616954,6010.000000000000000,15213.000000000000000,25000,1088399,15547,632167,34537,1705249
84,3/7/2021 15:00:00,12150,1085336,4929.000000000000000,621883,6610.000000000000000,21823.000000000000000,18760,1107159,11539,643706,23689,1728938
85,3/8/2021 15:00:00,25924,1111260,8859.000000000000000,630742,8274.000000000000000,30097.000000000000000,34198,1141357,17133,660839,43057,1771995
86,3/9/2021 15:00:00,26143,1137403,15495.000000000000000,646237,8343.000000000000000,38440.000000000000000,34486,1175843,23838,684677,49981,1821976
87,3/10/2021 15:00:00,29885,1167288,16048.000000000000000,662285,7937.000000000000000,46377.000000000000000,37822,1213665,23985,708662,53870,1875846
88,3/11/2021 15:00:00,36010,1203298,16419.000000000000000,678704,3982.000000000000000,50359.000000000000000,39992,1253657,20401,729063,56411,1932257
89,3/12/2021 15:00:00,36904,1240202,18150.000000000000000,696854,2929.000000000000000,53288.000000000000000,39833,1293490,21079,750142,57983,1990240
90,3/13/2021 15:00:00,22669,1262871,10332.000000000000000,707186,1629.000000000000000,54917.000000000000000,24298,1317788,11961,762103,34630,2024870
91,3/14/2021 15:00:00,17833,1280704,6737.000000000000000,713923,1009.000000000000000,55926.000000000000000,18842,1336630,7746,769849,25579,2050449
92,3/15/2021 15:00:00,29883,1310587,11358.000000000000000,725281,598.000000000000000,56524.000000000000000,30481,1367111,11956,781805,41839,2092288
93,3/16/2021 15:00:00,33474,1344061,13588.000000000000000,738869,770.000000000000000,57294.000000000000000,34244,1401355,14358,796163,47832,2140120
94,3/17/2021 15:00:00,37621,1381682,17077.000000000000000,755946,1181.000000000000000,58475.000000000000000,38802,1440157,18258,814421,55879,2195999
95,3/18/2021 15:00:00,41472,1423154,12687.000000000000000,768633,1354.000000000000000,59829.000000000000000,42826,1482983,14041,828462,55513,2251512
96,3/19/2021 15:00:00,38382,1461536,15436.000000000000000,784069,1045.000000000000000,60874.000000000000000,39427,1522410,16481,844943,54863,2306375
97,3/20/2021 15:00:00,24725,1486261,10227.000000000000000,794296,705.000000000000000,61579.000000000000000,25430,1547840,10932,855875,35657,2342032
98,3/21/2021 15:00:00,19189,1505450,7902.000000000000000,802198,340.000000000000000,61919.000000000000000,19529,1567369,8242,864117,27431,2369463
99,3/22/2021 15:00:00,32603,1538053,11508.000000000000000,813706,835.000000000000000,62754.000000000000000,33438,1600807,12343,876460,44946,2414409
100,3/23/2021 15:00:00,38407,1576460,17855.000000000000000,831561,1556.000000000000000,64310.000000000000000,39963,1640770,19411,895871,57818,2472227
101,3/24/2021 15:00:00,41085,1617545,21251.000000000000000,852812,1387.000000000000000,65697.000000000000000,42472,1683242,22638,918509,63723,2535950
102,3/25/2021 15:00:00,42904,1660449,21728.000000000000000,874540,2456.000000000000000,68153.000000000000000,45360,1728602,24184,942693,67088,2603038
103,3/26/2021 15:00:00,36374,1696823,26715.000000000000000,901255,2495.000000000000000,70648.000000000000000,38869,1767471,29210,971903,65584,2668622
104,3/27/2021 15:00:00,26471,1723294,17322.000000000000000,918577,2491.000000000000000,73139.000000000000000,28962,1796433,19813,991716,46284,2714906
105,3/28/2021 15:00:00,17010,1740304,12685.000000000000000,931262,1615.000000000000000,74754.000000000000000,18625,1815058,14300,1006016,31310,2746216
106,3/29/2021 15:00:00,29719,1770023,26388.000000000000000,957650,1142.000000000000000,75896.000000000000000,30861,1845919,27530,1033546,57249,2803465
107,3/30/2021 15:00:00,40059,1810082,29082.000000000000000,986732,1866.000000000000000,77762.000000000000000,41925,1887844,30948,1064494,71007,2874472
108,3/31/2021 15:00:00,41021,1851103,34745.000000000000000,1021477,5750.000000000000000,83512.000000000000000,46771,1934615,40495,1104989,81516,2955988
109,4/1/2021 15:00:00,42420,1893523,41142.000000000000000,1062619,5753.000000000000000,89265.000000000000000,48173,1982788,46895,1151884,89315,3045303
110,4/2/2021 15:00:00,34921,1928444,32733.000000000000000,1095352,6131.000000000000000,95396.000000000000000,41052,2023840,38864,1190748,73785,3119088
111,4/3/2021 15:00:00,21165,1949609,19233.000000000000000,1114585,4393.000000000000000,99789.000000000000000,25558,2049398,23626,1214374,44791,3163879
112,4/4/2021 15:00:00,8296,1957905,10221.000000000000000,1124806,967.000000000000000,100756.000000000000000,9263,2058661,11188,1225562,19484,3183363
113,4/5/2021 15:00:00,27949,1985854,28977.000000000000000,1153783,6661.000000000000000,107417.000000000000000,34610,2093271,35638,1261200,63587,3246950
114,4/6/2021 15:00:00,39796,2025650,30510.000000000000000,1184293,10502.000000000000000,117919.000000000000000,50298,2143569,41012,1302212,80808,3327758
115,4/7/2021 15:00:00,36104,2061754,34359.000000000000000,1218652,12999.000000000000000,130918.000000000000000,49103,2192672,47358,1349570,83462,3411220
116,4/8/2021 15:00:00,42360,2104114,36156.000000000000000,1254808,13871.000000000000000,144789.000000000000000,56231,2248903,50027,1399597,92387,3503607
117,4/9/2021 15:00:00,34071,2138185,36339.000000000000000,1291147,14533.000000000000000,159322.000000000000000,48604,2297507,50872,1450469,84943,3588550
118,4/10/2021 15:00:00,23475,2161660,23157.000000000000000,1314304,7642.000000000000000,166964.000000000000000,31117,2328624,30799,1481268,54274,3642824
119,4/11/2021 15:00:00,17582,2179242,13288.000000000000000,1327592,10124.000000000000000,177088.000000000000000,27706,2356330,23412,1504680,40994,3683818
120,4/12/2021 15:00:00,24582,2203824,33254.000000000000000,1360846,10904.000000000000000,187992.000000000000000,35486,2391816,44158,1548838,68740,3752558
121,4/13/2021 15:00:00,126153,2329977,91310.000000000000000,1452156,3293.000000000000000,191285.000000000000000,129446,2521262,94603,1643441,220756,3973314
122,4/14/2021 15:00:00,40727,2370704,37842.000000000000000,1489998,213.000000000000000,191498.000000000000000,40940,2562202,38055,1681496,78782,4052096
123,4/15/2021 15:00:00,41413,2412117,39573.000000000000000,1529571,176.000000000000000,191674.000000000000000,41589,2603791,39749,1721245,81162,4133258
124,4/16/2021 15:00:00,37146,2449263,38889.000000000000000,1568460,24.000000000000000,191698.000000000000000,37170,2640961,38913,1760158,76059,4209317
125,4/17/2021 15:00:00,32811,2482074,22037.000000000000000,1590497,13.000000000000000,191711.000000000000000,32824,2673785,22050,1782208,54861,4264178
126,4/18/2021 15:00:00,20066,2502140,16205.000000000000000,1606702,5.000000000000000,191716.000000000000000,20071,2693856,16210,1798418,36276,4300454
127,4/19/2021 15:00:00,29885,2532025,36566.000000000000000,1643268,61.000000000000000,191777.000000000000000,29946,2723802,36627,1835045,66512,4366966
128,4/20/2021 15:00:00,32934,2564959,44489.000000000000000,1687757,58.000000000000000,191835.000000000000000,32992,2756794,44547,1879592,77481,4444447
129,4/21/2021 15:00:00,39834,2604793,47080.000000000000000,1734837,26.000000000000000,191861.000000000000000,39860,2796654,47106,1926698,86940,4531387
130,4/22/2021 15:00:00,35853,2640646,42693.000000000000000,1777530,16.000000000000000,191877.000000000000000,35869,2832523,42709,1969407,78562,4609949
131,4/23/2021 15:00:00,33148,2673794,40168.000000000000000,1817698,14.000000000000000,191891.000000000000000,33162,2865685,40182,2009589,73330,4683279
132,4/24/2021 15:00:00,26415,2700209,27924.000000000000000,1845622,81.000000000000000,191972.000000000000000,26496,2892181,28005,2037594,54420,4737699
133,4/25/2021 15:00:00,20219,2720428,10994.000000000000000,1856616,31.000000000000000,192003.000000000000000,20250,2912431,11025,2048619,31244,4768943
134,4/26/2021 15:00:00,27384,2747812,32754.000000000000000,1889370,201.000000000000000,192204.000000000000000,27585,2940016,32955,2081574,60339,4829282
135,4/27/2021 15:00:00,26677,2774489,33099.000000000000000,1922469,1097.000000000000000,193301.000000000000000,27774,2967790,34196,2115770,60873,4890155
136,4/28/2021 15:00:00,28927,2803416,39559.000000000000000,1962028,1367.000000000000000,194668.000000000000000,30294,2998084,40926,2156696,69853,4960008
137,4/29/2021 15:00:00,27070,2830486,39771.000000000000000,2001799,1463.000000000000000,196131.000000000000000,28533,3026617,41234,2197930,68304,5028312
138,4/30/2021 15:00:00,28201,2858687,32303.000000000000000,2034102,1649.000000000000000,197780.000000000000000,29850,3056467,33952,2231882,62153,5090465
139,5/1/2021 15:00:00,20739,2879426,26739.000000000000000,2060841,1054.000000000000000,198834.000000000000000,21793,3078260,27793,2259675,48532,5138997
140,5/2/2021 15:00:00,10268,2889694,17072.000000000000000,2077913,823.000000000000000,199657.000000000000000,11091,3089351,17895,2277570,28163,5167160
141,5/3/2021 15:00:00,12732,2902426,28617.000000000000000,2106530,1917.000000000000000,201574.000000000000000,14649,3104000,30534,2308104,43266,5210426
142,5/4/2021 15:00:00,13562,2915988,38639.000000000000000,2145169,1741.000000000000000,203315.000000000000000,15303,3119303,40380,2348484,53942,5264368
143,5/5/2021 15:00:00,19319,2935307,37775.000000000000000,2182944,1921.000000000000000,205236.000000000000000,21240,3140543,39696,2388180,59015,5323383
144,5/6/2021 15:00:00,16924,2952231,40598.000000000000000,2223542,1721.000000000000000,206957.000000000000000,18645,3159188,42319,2430499,59243,5382626
145,5/7/2021 15:00:00,17585,2969816,37014.000000000000000,2260556,1959.000000000000000,208916.000000000000000,19544,3178732,38973,2469472,56558,5439184
146,5/8/2021 15:00:00,10796,2980612,31226.000000000000000,2291782,1291.000000000000000,210207.000000000000000,12087,3190819,32517,2501989,43313,5482497
147,5/9/2021 15:00:00,5077,2985689,12252.000000000000000,2304034,695.000000000000000,210902.000000000000000,5772,3196591,12947,2514936,18024,5500521
148,5/10/2021 15:00:00,8955,2994644,31055.000000000000000,2335089,1362.000000000000000,212264.000000000000000,10317,3206908,32417,2547353,41372,5541893
149,5/11/2021 15:00:00,12187,3006831,30291.000000000000000,2365380,1442.000000000000000,213706.000000000000000,13629,3220537,31733,2579086,43920,5585813
150,5/12/2021 15:00:00,13949,3020780,38636.000000000000000,2404016,1917.000000000000000,215623.000000000000000,15866,3236403,40553,2619639,54502,5640315
151,5/13/2021 15:00:00,21840,3042620,33521.000000000000000,2437537,1347.000000000000000,216970.000000000000000,23187,3259590,34868,2654507,56708,5697023
152,5/14/2021 15:00:00,24396,3067016,30063.000000000000000,2467600,1774.000000000000000,218744.000000000000000,26170,3285760,31837,2686344,56233,5753256
153,5/15/2021 15:00:00,21950,3088966,25115.000000000000000,2492715,1490.000000000000000,220234.000000000000000,23440,3309200,26605,2712949,48555,5801811
154,5/16/2021 15:00:00,9091,3098057,17586.000000000000000,2510301,1113.000000000000000,221347.000000000000000,10204,3319404,18699,2731648,27790,5829601
155,5/17/2021 15:00:00,16837,3114894,28415.000000000000000,2538716,1950.000000000000000,223297.000000000000000,18787,3338191,30365,2762013,47202,5876803
156,5/18/2021 15:00:00,21265,3136159,30695.000000000000000,2569411,1943.000000000000000,225240.000000000000000,23208,3361399,32638,2794651,53903,5930706
157,5/19/2021 15:00:00,27666,3163825,32434.000000000000000,2601845,1633.000000000000000,226873.000000000000000,29299,3390698,34067,2828718,61733,5992439
158,5/20/2021 15:00:00,20808,3184633,33278.000000000000000,2635123,1964.000000000000000,228837.000000000000000,22772,3413470,35242,2863960,56050,6048489
159,5/21/2021 15:00:00,19163,3203796,30363.000000000000000,2665486,1609.000000000000000,230446.000000000000000,20772,3434242,31972,2895932,51135,6099624
160,5/22/2021 15:00:00,16941,3220737,20698.000000000000000,2686184,1270.000000000000000,231716.000000000000000,18211,3452453,21968,2917900,38909,6138533
161,5/23/2021 15:00:00,8817,3229554,11451.000000000000000,2697635,965.000000000000000,232681.000000000000000,9782,3462235,12416,2930316,21233,6159766
162,5/24/2021 15:00:00,13571,3243125,17779.000000000000000,2715414,1473.000000000000000,234154.000000000000000,15044,3477279,19252,2949568,32823,6192589
163,5/25/2021 15:00:00,13076,3256201,18721.000000000000000,2734135,1329.000000000000000,235483.000000000000000,14405,3491684,20050,2969618,33126,6225715
164,5/26/2021 15:00:00,18312,3274513,19519.000000000000000,2753654,1512.000000000000000,236995.000000000000000,19824,3511508,21031,2990649,39343,6265058
165,5/27/2021 15:00:00,11688,3286201,18675.000000000000000,2772329,1117.000000000000000,238112.000000000000000,12805,3524313,19792,3010441,31480,6296538
166,5/28/2021 15:00:00,12418,3298619,19853.000000000000000,2792182,1402.000000000000000,239514.000000000000000,13820,3538133,21255,3031696,33673,6330211
167,5/29/2021 15:00:00,9517,3308136,11727.000000000000000,2803909,937.000000000000000,240451.000000000000000,10454,3548587,12664,3044360,22181,6352392
168,5/30/2021 15:00:00,4968,3313104,6438.000000000000000,2810347,596.000000000000000,241047.000000000000000,5564,3554151,7034,3051394,12002,6364394
169,5/31/2021 15:00:00,1779,3314883,3713.000000000000000,2814060,305.000000000000000,241352.000000000000000,2084,3556235,4018,3055412,5797,6370191
170,6/1/2021 15:00:00,9867,3324750,16461.000000000000000,2830521,1160.000000000000000,242512.000000000000000,11027,3567262,17621,3073033,27488,6397679
171,6/2/2021 15:00:00,10236,3334986,16822.000000000000000,2847343,961.000000000000000,243473.000000000000000,11197,3578459,17783,3090816,28019,6425698
172,6/3/2021 15:00:00,7897,3342883,21192.000000000000000,2868535,1088.000000000000000,244561.000000000000000,8985,3587444,22280,3113096,30177,6455875
173,6/4/2021 15:00:00,8198,3351081,22362.000000000000000,2890897,1120.000000000000000,245681.000000000000000,9318,3596762,23482,3136578,31680,6487555
174,6/5/2021 15:00:00,7000,3358081,19477.000000000000000,2910374,720.000000000000000,246401.000000000000000,7720,3604482,20197,3156775,27197,6514752
175,6/6/2021 15:00:00,3455,3361536,7255.000000000000000,2917629,425.000000000000000,246826.000000000000000,3880,3608362,7680,3164455,11135,6525887
176,6/7/2021 15:00:00,6858,3368394,15794.000000000000000,2933423,725.000000000000000,247551.000000000000000,7583,3615945,16519,3180974,23377,6549264
177,6/8/2021 15:00:00,6671,3375065,19735.000000000000000,2953158,831.000000000000000,248382.000000000000000,7502,3623447,20566,3201540,27237,6576501
178,6/9/2021 15:00:00,8202,3383267,23992.000000000000000,2977150,969.000000000000000,249351.000000000000000,9171,3632618,24961,3226501,33163,6609664
179,6/10/2021 15:00:00,7151,3390418,19143.000000000000000,2996293,895.000000000000000,250246.000000000000000,8046,3640664,20038,3246539,27189,6636853
180,6/11/2021 15:00:00,7491,3397909,17726.000000000000000,3014019,1125.000000000000000,251371.000000000000000,8616,3649280,18851,3265390,26342,6663195
181,6/12/2021 15:00:00,5243,3403152,14770.000000000000000,3028789,605.000000000000000,251976.000000000000000,5848,3655128,15375,3280765,20618,6683813
182,6/13/2021 15:00:00,1947,3405099,7634.000000000000000,3036423,427.000000000000000,252403.000000000000000,2374,3657502,8061,3288826,10008,6693821
183,6/14/2021 15:00:00,5656,3410755,11825.000000000000000,3048248,733.000000000000000,253136.000000000000000,6389,3663891,12558,3301384,18214,6712035
184,6/15/2021 15:00:00,5644,3416399,14347.000000000000000,3062595,874.000000000000000,254010.000000000000000,6518,3670409,15221,3316605,20865,6732900
185,6/16/2021 15:00:00,8756,3425155,21595.000000000000000,3084190,757.000000000000000,254767.000000000000000,9513,3679922,22352,3338957,31108,6764008
186,6/17/2021 15:00:00,6690,3431845,12366.000000000000000,3096556,720.000000000000000,255487.000000000000000,7410,3687332,13086,3352043,19776,6783784
187,6/18/2021 15:00:00,6836,3438681,12742.000000000000000,3109298,702.000000000000000,256189.000000000000000,7538,3694870,13444,3365487,20280,6804064
188,6/19/2021 15:00:00,4658,3443339,9387.000000000000000,3118685,615.000000000000000,256804.000000000000000,5273,3700143,10002,3375489,14660,6818724
189,6/20/2021 15:00:00,2503,3445842,5060.000000000000000,3123745,377.000000000000000,257181.000000000000000,2880,3703023,5437,3380926,7940,6826664
190,6/21/2021 15:00:00,5566,3451408,5338.000000000000000,3129083,635.000000000000000,257816.000000000000000,6201,3709224,5973,3386899,11539,6838203
191,6/22/2021 15:00:00,5345,3456753,9057.000000000000000,3138140,693.000000000000000,258509.000000000000000,6038,3715262,9750,3396649,15095,6853298
192,6/23/2021 15:00:00,6079,3462832,10340.000000000000000,3148480,646.000000000000000,259155.000000000000000,6725,3721987,10986,3407635,17065,6870363
193,6/24/2021 15:00:00,5936,3468768,8202.000000000000000,3156682,595.000000000000000,259750.000000000000000,6531,3728518,8797,3416432,14733,6885096
194,6/25/2021 15:00:00,5828,3474596,8669.000000000000000,3165351,620.000000000000000,260370.000000000000000,6448,3734966,9289,3425721,15117,6900213
195,6/26/2021 15:00:00,3707,3478303,6306.000000000000000,3171657,398.000000000000000,260768.000000000000000,4105,3739071,6704,3432425,10411,6910624
196,6/27/2021 15:00:00,2810,3481113,3525.000000000000000,3175182,185.000000000000000,260953.000000000000000,2995,3742066,3710,3436135,6520,6917144
197,6/28/2021 15:00:00,4922,3486035,6391.000000000000000,3181573,539.000000000000000,261492.000000000000000,5461,3747527,6930,3443065,11852,6928996
198,6/29/2021 15:00:00,5062,3491097,6481.000000000000000,3188054,523.000000000000000,262015.000000000000000,5585,3753112,7004,3450069,12066,6941062
199,6/30/2021 15:00:00,5627,3496724,7390.000000000000000,3195444,606.000000000000000,262621.000000000000000,6233,3759345,7996,3458065,13623,6954685
200,7/1/2021 15:00:00,5425,3502149,6994.000000000000000,3202438,504.000000000000000,263125.000000000000000,5929,3765274,7498,3465563,12923,6967608
201,7/2/2021 15:00:00,5295,3507444,6846.000000000000000,3209284,527.000000000000000,263652.000000000000000,5822,3771096,7373,3472936,12668,6980276
202,7/3/2021 15:00:00,3274,3510718,4069.000000000000000,3213353,264.000000000000000,263916.000000000000000,3538,3774634,4333,3477269,7607,6987883
203,7/4/2021 15:00:00,494,3511212,550.000000000000000,3213903,69.000000000000000,263985.000000000000000,563,3775197,619,3477888,1113,6988996
204,7/5/2021 15:00:00,3771,3514983,3954.000000000000000,3217857,287.000000000000000,264272.000000000000000,4058,3779255,4241,3482129,8012,6997008
205,7/6/2021 15:00:00,4497,3519480,6281.000000000000000,3224138,455.000000000000000,264727.000000000000000,4952,3784207,6736,3488865,11233,7008241
206,7/7/2021 15:00:00,4471,3523951,6414.000000000000000,3230552,483.000000000000000,265210.000000000000000,4954,3789161,6897,3495762,11368,7019609
207,7/8/2021 15:00:00,4840,3528791,6181.000000000000000,3236733,564.000000000000000,265774.000000000000000,5404,3794565,6745,3502507,11585,7031194
208,7/9/2021 15:00:00,5368,3534159,6676.000000000000000,3243409,573.000000000000000,266347.000000000000000,5941,3800506,7249,3509756,12617,7043811
209,7/10/2021 15:00:00,3522,3537681,4407.000000000000000,3247816,305.000000000000000,266652.000000000000000,3827,3804333,4712,3514468,8234,7052045
210,7/11/2021 15:00:00,2681,3540362,2574.000000000000000,3250390,226.000000000000000,266878.000000000000000,2907,3807240,2800,3517268,5481,7057526
211,7/12/2021 15:00:00,4426,3544788,5133.000000000000000,3255523,379.000000000000000,267257.000000000000000,4805,3812045,5512,3522780,9938,7067464
212,7/13/2021 15:00:00,4667,3549455,4724.000000000000000,3260247,366.000000000000000,267623.000000000000000,5033,3817078,5090,3527870,9757,7077221
213,7/14/2021 15:00:00,4626,3554081,5287.000000000000000,3265534,422.000000000000000,268045.000000000000000,5048,3822126,5709,3533579,10335,7087556
214,7/15/2021 15:00:00,4912,3558993,5017.000000000000000,3270551,358.000000000000000,268403.000000000000000,5270,3827396,5375,3538954,10287,7097843
215,7/16/2021 15:00:00,6275,3565268,5850.000000000000000,3276401,405.000000000000000,268808.000000000000000,6680,3834076,6255,3545209,12530,7110373
216,7/17/2021 15:00:00,3417,3568685,3552.000000000000000,3279953,303.000000000000000,269111.000000000000000,3720,3837796,3855,3549064,7272,7117645
217,7/18/2021 15:00:00,2311,3570996,2383.000000000000000,3282336,110.000000000000000,269221.000000000000000,2421,3840217,2493,3551557,4804,7122449
218,7/19/2021 15:00:00,5144,3576140,4613.000000000000000,3286949,383.000000000000000,269604.000000000000000,5527,3845744,4996,3556553,10140,7132589
219,7/20/2021 15:00:00,5342,3581482,4725.000000000000000,3291674,367.000000000000000,269971.000000000000000,5709,3851453,5092,3561645,10434,7143023
220,7/21/2021 15:00:00,5666,3587148,4954.000000000000000,3296628,416.000000000000000,270387.000000000000000,6082,3857535,5370,3567015,11036,7154059
221,7/22/2021 15:00:00,6033,3593181,4643.000000000000000,3301271,472.000000000000000,270859.000000000000000,6505,3864040,5115,3572130,11148,7165207
222,7/23/2021 15:00:00,6847,3600028,4848.000000000000000,3306119,499.000000000000000,271358.000000000000000,7346,3871386,5347,3577477,12194,7177401
223,7/24/2021 15:00:00,4283,3604311,3208.000000000000000,3309327,267.000000000000000,271625.000000000000000,4550,3875936,3475,3580952,7758,7185159
224,7/25/2021 15:00:00,3299,3607610,1121.000000000000000,3310448,140.000000000000000,271765.000000000000000,3439,3879375,1261,3582213,4560,7189719
225,7/26/2021 15:00:00,6218,3613828,3912.000000000000000,3314360,419.000000000000000,272184.000000000000000,6637,3886012,4331,3586544,10549,7200268
226,7/27/2021 15:00:00,6605,3620433,4291.000000000000000,3318651,458.000000000000000,272642.000000000000000,7063,3893075,4749,3591293,11354,7211622
227,7/28/2021 15:00:00,7091,3627524,4148.000000000000000,3322799,460.000000000000000,273102.000000000000000,7551,3900626,4608,3595901,11699,7223321
228,7/29/2021 15:00:00,7082,3634606,4312.000000000000000,3327111,419.000000000000000,273521.000000000000000,7501,3908127,4731,3600632,11813,7235134
229,7/30/2021 15:00:00,7823,3642429,4815.000000000000000,3331926,527.000000000000000,274048.000000000000000,8350,3916477,5342,3605974,13165,7248299
230,7/31/2021 15:00:00,4793,3647222,3084.000000000000000,3335010,274.000000000000000,274322.000000000000000,5067,3921544,3358,3609332,8151,7256450
231,8/1/2021 15:00:00,3897,3651119,2174.000000000000000,3337184,164.000000000000000,274486.000000000000000,4061,3925605,2338,3611670,6235,7262685
232,8/2/2021 15:00:00,7273,3658392,3850.000000000000000,3341034,341.000000000000000,274827.000000000000000,7614,3933219,4191,3615861,11464,7274149
233,8/3/2021 15:00:00,7269,3665661,4107.000000000000000,3345141,517.000000000000000,275344.000000000000000,7786,3941005,4624,3620485,11893,7286042
234,8/4/2021 15:00:00,7428,3673089,4124.000000000000000,3349265,536.000000000000000,275880.000000000000000,7964,3948969,4660,3625145,12088,7298130
235,8/5/2021 15:00:00,7958,3681047,4303.000000000000000,3353568,539.000000000000000,276419.000000000000000,8497,3957466,4842,3629987,12800,7310930
236,8/6/2021 15:00:00,8331,3689378,4740.000000000000000,3358308,454.000000000000000,276873.000000000000000,8785,3966251,5194,3635181,13525,7324455
237,8/7/2021 15:00:00,5301,3694679,2844.000000000000000,3361152,264.000000000000000,277137.000000000000000,5565,3971816,3108,3638289,8409,7332864
238,8/8/2021 15:00:00,3977,3698656,2064.000000000000000,3363216,144.000000000000000,277281.000000000000000,4121,3975937,2208,3640497,6185,7339049
239,8/9/2021 15:00:00,6957,3705613,4564.000000000000000,3367780,370.000000000000000,277651.000000000000000,7327,3983264,4934,3645431,11891,7350940
240,8/10/2021 15:00:00,7170,3712783,4486.000000000000000,3372266,339.000000000000000,277990.000000000000000,7509,3990773,4825,3650256,11995,7362935
241,8/11/2021 15:00:00,7082,3719865,4449.000000000000000,3376715,443.000000000000000,278433.000000000000000,7525,3998298,4892,3655148,11974,7374909
242,8/12/2021 15:00:00,8635,3728500,4758.000000000000000,3381473,445.000000000000000,278878.000000000000000,9080,4007378,5203,3660351,13838,7388747
243,8/13/2021 15:00:00,7152,3735652,5387.000000000000000,3386860,397.000000000000000,279275.000000000000000,7549,4014927,5784,3666135,12936,7401683
244,8/14/2021 15:00:00,4920,3740572,3345.000000000000000,3390205,285.000000000000000,279560.000000000000000,5205,4020132,3630,3669765,8550,7410233
245,8/15/2021 15:00:00,3328,3743900,2739.000000000000000,3392944,163.000000000000000,279723.000000000000000,3491,4023623,2902,3672667,6230,7416463
246,8/16/2021 15:00:00,5454,3749354,5096.000000000000000,3398040,354.000000000000000,280077.000000000000000,5808,4029431,5450,3678117,10904,7427367
247,8/17/2021 15:00:00,6822,3756176,5365.000000000000000,3403405,391.000000000000000,280468.000000000000000,7213,4036644,5756,3683873,12578,7439945
248,8/18/2021 15:00:00,6327,3762503,5513.000000000000000,3408918,481.000000000000000,280949.000000000000000,6808,4043452,5994,3689867,12321,7452266
249,8/19/2021 15:00:00,6216,3768719,5556.000000000000000,3414474,417.000000000000000,281366.000000000000000,6633,4050085,5973,3695840,12189,7464455
250,8/20/2021 15:00:00,6845,3775564,6553.000000000000000,3421027,401.000000000000000,281767.000000000000000,7246,4057331,6954,3702794,13799,7478254
251,8/21/2021 15:00:00,4336,3779900,3919.000000000000000,3424946,229.000000000000000,281996.000000000000000,4565,4061896,4148,3706942,8484,7486738
252,8/22/2021 15:00:00,3060,3782960,3172.000000000000000,3428118,110.000000000000000,282106.000000000000000,3170,4065066,3282,3710224,6342,7493080
253,8/23/2021 15:00:00,5995,3788955,6104.000000000000000,3434222,287.000000000000000,282393.000000000000000,6282,4071348,6391,3716615,12386,7505466
254,8/24/2021 15:00:00,6546,3795501,6067.000000000000000,3440289,425.000000000000000,282818.000000000000000,6971,4078319,6492,3723107,13038,7518504
255,8/25/2021 15:00:00,6722,3802223,6224.000000000000000,3446513,441.000000000000000,283259.000000000000000,7163,4085482,6665,3729772,13387,7531891
256,8/26/2021 15:00:00,6967,3809190,6659.000000000000000,3453172,428.000000000000000,283687.000000000000000,7395,4092877,7087,3736859,14054,7545945
257,8/27/2021 15:00:00,6829,3816019,7084.000000000000000,3460256,317.000000000000000,284004.000000000000000,7146,4100023,7401,3744260,14230,7560175
258,8/28/2021 15:00:00,6899,3822918,6527.000000000000000,3466783,326.000000000000000,284330.000000000000000,7225,4107248,6853,3751113,13752,7573927
259,8/29/2021 15:00:00,3733,3826651,3694.000000000000000,3470477,610.000000000000000,284940.000000000000000,4343,4111591,4304,3755417,8037,7581964
260,8/30/2021 15:00:00,5925,3832576,6129.000000000000000,3476606,960.000000000000000,285900.000000000000000,6885,4118476,7089,3762506,13014,7594978
261,8/31/2021 15:00:00,5901,3838477,6072.000000000000000,3482678,946.000000000000000,286846.000000000000000,6847,4125323,7018,3769524,12919,7607897
262,9/1/2021 15:00:00,5590,3844067,5693.000000000000000,3488371,916.000000000000000,287762.000000000000000,6506,4131829,6609,3776133,12199,7620096
263,9/2/2021 15:00:00,5540,3849607,5940.000000000000000,3494311,707.000000000000000,288469.000000000000000,6247,4138076,6647,3782780,12187,7632283
264,9/3/2021 15:00:00,6001,3855608,6935.000000000000000,3501246,973.000000000000000,289442.000000000000000,6974,4145050,7908,3790688,13909,7646192
265,9/4/2021 15:00:00,3732,3859340,4354.000000000000000,3505600,878.000000000000000,290320.000000000000000,4610,4149660,5232,3795920,8964,7655156
266,9/5/2021 15:00:00,2956,3862296,2813.000000000000000,3508413,106.000000000000000,290426.000000000000000,3062,4152722,2919,3798839,5875,7661031
267,9/6/2021 15:00:00,1060,3863356,1158.000000000000000,3509571,65.000000000000000,290491.000000000000000,1125,4153847,1223,3800062,2283,7663314
268,9/7/2021 15:00:00,5346,3868702,7307.000000000000000,3516878,2303.000000000000000,292794.000000000000000,7649,4161496,9610,3809672,14956,7678270
269,9/8/2021 15:00:00,4655,3873357,5479.000000000000000,3522357,364.000000000000000,293158.000000000000000,5019,4166515,5843,3815515,10498,7688768
270,9/9/2021 15:00:00,5018,3878375,5464.000000000000000,3527821,324.000000000000000,293482.000000000000000,5342,4171857,5788,3821303,10806,7699574
271,9/10/2021 15:00:00,6525,3884900,6663.000000000000000,3534484,1719.000000000000000,295201.000000000000000,8244,4180101,8382,3829685,14907,7714481
272,9/11/2021 15:00:00,4176,3889076,4341.000000000000000,3538825,666.000000000000000,295867.000000000000000,4842,4184943,5007,3834692,9183,7723664
273,9/12/2021 15:00:00,3172,3892248,3238.000000000000000,3542063,436.000000000000000,296303.000000000000000,3608,4188551,3674,3838366,6846,7730510
274,9/13/2021 15:00:00,4882,3897130,5068.000000000000000,3547131,346.000000000000000,296649.000000000000000,5228,4193779,5414,3843780,10296,7740806
275,9/14/2021 15:00:00,4775,3901905,5440.000000000000000,3552571,437.000000000000000,297086.000000000000000,5212,4198991,5877,3849657,10652,7751458
276,9/15/2021 15:00:00,5042,3906947,5873.000000000000000,3558444,392.000000000000000,297478.000000000000000,5434,4204425,6265,3855922,11307,7762765
277,9/16/2021 15:00:00,4810,3911757,5847.000000000000000,3564291,336.000000000000000,297814.000000000000000,5146,4209571,6183,3862105,10993,7773758
278,9/17/2021 15:00:00,5258,3917015,6584.000000000000000,3570875,344.000000000000000,298158.000000000000000,5602,4215173,6928,3869033,12186,7785944
279,9/18/2021 15:00:00,3803,3920818,4577.000000000000000,3575452,185.000000000000000,298343.000000000000000,3988,4219161,4762,3873795,8565,7794509
280,9/19/2021 15:00:00,2741,3923559,3167.000000000000000,3578619,75.000000000000000,298418.000000000000000,2816,4221977,3242,3877037,5983,7800492
281,9/20/2021 15:00:00,3752,3927311,4679.000000000000000,3583298,430.000000000000000,298848.000000000000000,4182,4226159,5109,3882146,8861,7809353
282,9/21/2021 15:00:00,3997,3931308,5004.000000000000000,3588302,327.000000000000000,299175.000000000000000,4324,4230483,5331,3887477,9328,7818681
283,9/22/2021 15:00:00,4196,3935504,4775.000000000000000,3593077,459.000000000000000,299634.000000000000000,4655,4235138,5234,3892711,9430,7828111
284,9/23/2021 15:00:00,4175,3939679,4730.000000000000000,3597807,492.000000000000000,300126.000000000000000,4667,4239805,5222,3897933,9397,7837508
285,9/24/2021 15:00:00,5078,3944757,5605.000000000000000,3603412,422.000000000000000,300548.000000000000000,5500,4245305,6027,3903960,11105,7848613
286,9/25/2021 15:00:00,3624,3948381,3629.000000000000000,3607041,384.000000000000000,300932.000000000000000,4008,4249313,4013,3907973,7637,7856250
287,9/26/2021 15:00:00,2352,3950733,2665.000000000000000,3609706,431.000000000000000,301363.000000000000000,2783,4252096,3096,3911069,5448,7861698
288,9/27/2021 15:00:00,4506,3955239,2711.000000000000000,3612417,512.000000000000000,301875.000000000000000,5018,4257114,3223,3914292,7729,7869427
289,9/28/2021 15:00:00,4398,3959637,4450.000000000000000,3616867,211.000000000000000,302086.000000000000000,4609,4261723,4661,3918953,9059,7878486
290,9/29/2021 15:00:00,4691,3964328,4506.000000000000000,3621373,920.000000000000000,303006.000000000000000,5611,4267334,5426,3924379,10117,7888603
291,9/30/2021 15:00:00,4885,3969213,4561.000000000000000,3625934,796.000000000000000,303802.000000000000000,5681,4273015,5357,3929736,10242,7898845
292,10/1/2021 15:00:00,5506,3974719,5341.000000000000000,3631275,785.000000000000000,304587.000000000000000,6291,4279306,6126,3935862,11632,7910477
293,10/2/2021 15:00:00,2934,3977653,2895.000000000000000,3634170,187.000000000000000,304774.000000000000000,3121,4282427,3082,3938944,6016,7916493
294,10/3/2021 15:00:00,2074,3979727,2377.000000000000000,3636547,86.000000000000000,304860.000000000000000,2160,4284587,2463,3941407,4537,7921030
295,10/4/2021 15:00:00,4024,3983751,3498.000000000000000,3640045,232.000000000000000,305092.000000000000000,4256,4288843,3730,3945137,7754,7928784
296,10/5/2021 15:00:00,3951,3987702,3659.000000000000000,3643704,207.000000000000000,305299.000000000000000,4158,4293001,3866,3949003,7817,7936601
297,10/6/2021 15:00:00,4021,3991723,3571.000000000000000,3647275,266.000000000000000,305565.000000000000000,4287,4297288,3837,3952840,7858,7944459
298,10/7/2021 15:00:00,4235,3995958,3623.000000000000000,3650898,331.000000000000000,305896.000000000000000,4566,4301854,3954,3956794,8189,7952648
299,10/8/2021 15:00:00,4771,4000729,4283.000000000000000,3655181,283.000000000000000,306179.000000000000000,5054,4306908,4566,3961360,9337,7961985
300,10/9/2021 15:00:00,2691,4003420,2677.000000000000000,3657858,270.000000000000000,306449.000000000000000,2961,4309869,2947,3964307,5638,7967623
301,10/10/2021 15:00:00,1861,4005281,1850.000000000000000,3659708,59.000000000000000,306508.000000000000000,1920,4311789,1909,3966216,3770,7971393
302,10/11/2021 15:00:00,4205,4009486,3315.000000000000000,3663023,249.000000000000000,306757.000000000000000,4454,4316243,3564,3969780,7769,7979162
303,10/12/2021 15:00:00,3597,4013083,3532.000000000000000,3666555,273.000000000000000,307030.000000000000000,3870,4320113,3805,3973585,7402,7986564
304,10/13/2021 15:00:00,3970,4017053,3456.000000000000000,3670011,346.000000000000000,307376.000000000000000,4316,4324429,3802,3977387,7772,7994336
305,10/14/2021 15:00:00,5158,4022211,5493.000000000000000,3675504,431.000000000000000,307807.000000000000000,5589,4330018,5924,3983311,11082,8005418
306,10/15/2021 15:00:00,4709,4026920,4597.000000000000000,3680101,347.000000000000000,308154.000000000000000,5056,4335074,4944,3988255,9653,8015071
307,10/16/2021 15:00:00,2494,4029414,2507.000000000000000,3682608,291.000000000000000,308445.000000000000000,2785,4337859,2798,3991053,5292,8020363
308,10/17/2021 15:00:00,1805,4031219,1774.000000000000000,3684382,55.000000000000000,308500.000000000000000,1860,4339719,1829,3992882,3634,8023997
309,10/18/2021 15:00:00,4273,4035492,3578.000000000000000,3687960,268.000000000000000,308768.000000000000000,4541,4344260,3846,3996728,8119,8032116
310,10/19/2021 15:00:00,4299,4039791,4000.000000000000000,3691960,223.000000000000000,308991.000000000000000,4522,4348782,4223,4000951,8522,8040638
311,10/20/2021 15:00:00,3529,4043320,3419.000000000000000,3695379,255.000000000000000,309246.000000000000000,3784,4352566,3674,4004625,7203,8047841
312,10/21/2021 15:00:00,3299,4046619,3271.000000000000000,3698650,291.000000000000000,309537.000000000000000,3590,4356156,3562,4008187,6861,8054702
313,10/22/2021 15:00:00,4677,4051296,4024.000000000000000,3702674,477.000000000000000,310014.000000000000000,5154,4361310,4501,4012688,9178,8063880
314,10/23/2021 15:00:00,2884,4054180,2108.000000000000000,3704782,321.000000000000000,310335.000000000000000,3205,4364515,2429,4015117,5313,8069193
315,10/24/2021 15:00:00,2056,4056236,1553.000000000000000,3706335,79.000000000000000,310414.000000000000000,2135,4366650,1632,4016749,3688,8072881
316,10/25/2021 15:00:00,4545,4060781,3068.000000000000000,3709403,320.000000000000000,310734.000000000000000,4865,4371515,3388,4020137,7933,8080814
317,10/26/2021 15:00:00,4511,4065292,3075.000000000000000,3712478,316.000000000000000,311050.000000000000000,4827,4376342,3391,4023528,7902,8088716
318,10/27/2021 15:00:00,4736,4070028,3336.000000000000000,3715814,436.000000000000000,311486.000000000000000,5172,4381514,3772,4027300,8508,8097224
319,10/28/2021 15:00:00,4558,4074586,3351.000000000000000,3719165,502.000000000000000,311988.000000000000000,5060,4386574,3853,4031153,8411,8105635
320,10/29/2021 15:00:00,4978,4079564,3911.000000000000000,3723076,394.000000000000000,312382.000000000000000,5372,4391946,4305,4035458,9283,8114918
321,10/30/2021 15:00:00,2630,4082194,1835.000000000000000,3724911,307.000000000000000,312689.000000000000000,2937,4394883,2142,4037600,4772,8119690
322,10/31/2021 15:00:00,1936,4084130,1519.000000000000000,3726430,93.000000000000000,312782.000000000000000,2029,4396912,1612,4039212,3548,8123238
323,11/1/2021 15:00:00,4713,4088843,3421.000000000000000,3729851,347.000000000000000,313129.000000000000000,5060,4401972,3768,4042980,8481,8131719
324,11/2/2021 15:00:00,4254,4093097,2938.000000000000000,3732789,408.000000000000000,313537.000000000000000,4662,4406634,3346,4046326,7600,8139319
325,11/3/2021 15:00:00,4668,4097765,3042.000000000000000,3735831,464.000000000000000,314001.000000000000000,5132,4411766,3506,4049832,8174,8147493
326,11/4/2021 15:00:00,6315,4104080,3364.000000000000000,3739195,513.000000000000000,314514.000000000000000,6828,4418594,3877,4053709,10192,8157685
327,11/5/2021 15:00:00,8236,4112316,3760.000000000000000,3742955,413.000000000000000,314927.000000000000000,8649,4427243,4173,4057882,12409,8170094
328,11/6/2021 15:00:00,10169,4122485,1965.000000000000000,3744920,308.000000000000000,315235.000000000000000,10477,4437720,2273,4060155,12442,8182536
329,11/7/2021 15:00:00,7714,4130199,1462.000000000000000,3746382,95.000000000000000,315330.000000000000000,7809,4445529,1557,4061712,9271,8191807
330,11/8/2021 15:00:00,11302,4141501,3040.000000000000000,3749422,379.000000000000000,315709.000000000000000,11681,4457210,3419,4065131,14721,8206528
331,11/9/2021 15:00:00,11762,4153263,2642.000000000000000,3752064,269.000000000000000,315978.000000000000000,12031,4469241,2911,4068042,14673,8221201
332,11/10/2021 15:00:00,12587,4165850,2751.000000000000000,3754815,339.000000000000000,316317.000000000000000,12926,4482167,3090,4071132,15677,8236878
333,11/11/2021 15:00:00,11375,4177225,2372.000000000000000,3757187,280.000000000000000,316597.000000000000000,11655,4493822,2652,4073784,14027,8250905
334,11/12/2021 15:00:00,12288,4189513,3350.000000000000000,3760537,548.000000000000000,317145.000000000000000,12836,4506658,3898,4077682,16186,8267091
335,11/13/2021 15:00:00,9893,4199406,1591.000000000000000,3762128,342.000000000000000,317487.000000000000000,10235,4516893,1933,4079615,11826,8278917
336,11/14/2021 15:00:00,3925,4203331,1112.000000000000000,3763240,121.000000000000000,317608.000000000000000,4046,4520939,1233,4080848,5158,8284075
337,11/15/2021 15:00:00,8625,4211956,2512.000000000000000,3765752,208.000000000000000,317816.000000000000000,8833,4529772,2720,4083568,11345,8295420
338,11/16/2021 15:00:00,9225,4221181,2506.000000000000000,3768258,255.000000000000000,318071.000000000000000,9480,4539252,2761,4086329,11986,8307406
339,11/17/2021 15:00:00,9396,4230577,2860.000000000000000,3771118,312.000000000000000,318383.000000000000000,9708,4548960,3172,4089501,12568,8319974
340,11/18/2021 15:00:00,9275,4239852,2623.000000000000000,3773741,481.000000000000000,318864.000000000000000,9756,4558716,3104,4092605,12379,8332353
341,11/19/2021 15:00:00,9805,4249657,2905.000000000000000,3776646,381.000000000000000,319245.000000000000000,10186,4568902,3286,4095891,13091,8345444
342,11/20/2021 15:00:00,10629,4260286,1599.000000000000000,3778245,455.000000000000000,319700.000000000000000,11084,4579986,2054,4097945,12683,8358127
343,11/21/2021 15:00:00,4342,4264628,1199.000000000000000,3779444,100.000000000000000,319800.000000000000000,4442,4584428,1299,4099244,5641,8363768
344,11/22/2021 15:00:00,9821,4274449,2481.000000000000000,3781925,293.000000000000000,320093.000000000000000,10114,4594542,2774,4102018,12595,8376363
345,11/23/2021 15:00:00,9207,4283656,2380.000000000000000,3784305,281.000000000000000,320374.000000000000000,9488,4604030,2661,4104679,11868,8388231
346,11/24/2021 15:00:00,8155,4291811,2437.000000000000000,3786742,216.000000000000000,320590.000000000000000,8371,4612401,2653,4107332,10808,8399039
347,11/25/2021 15:00:00,239,4292050,77.000000000000000,3786819,10.000000000000000,320600.000000000000000,249,4612650,87,4107419,326,8399365
348,11/26/2021 15:00:00,5651,4297701,3950.000000000000000,3790769,153.000000000000000,320753.000000000000000,5804,4618454,4103,4111522,9754,8409119
349,11/27/2021 15:00:00,3776,4301477,5477.000000000000000,3796246,134.000000000000000,320887.000000000000000,3910,4622364,5611,4117133,9387,8418506
350,11/28/2021 15:00:00,2412,4303889,6387.000000000000000,3802633,77.000000000000000,320964.000000000000000,2489,4624853,6464,4123597,8876,8427382
351,11/29/2021 15:00:00,6368,4310257,9281.000000000000000,3811914,379.000000000000000,321343.000000000000000,6747,4631600,9660,4133257,16028,8443410
352,11/30/2021 15:00:00,6252,4316509,9317.000000000000000,3821231,264.000000000000000,321607.000000000000000,6516,4638116,9581,4142838,15833,8459243
353,12/1/2021 15:00:00,7304,4323813,9716.000000000000000,3830947,308.000000000000000,321915.000000000000000,7612,4645728,10024,4152862,17328,8476571
354,12/2/2021 15:00:00,6918,4330731,8793.000000000000000,3839740,450.000000000000000,322365.000000000000000,7368,4653096,9243,4162105,16161,8492732
355,12/3/2021 15:00:00,7605,4338336,9254.000000000000000,3848994,249.000000000000000,322614.000000000000000,7854,4660950,9503,4171608,17108,8509840
356,12/4/2021 15:00:00,5950,4344286,10043.000000000000000,3859037,466.000000000000000,323080.000000000000000,6416,4667366,10509,4182117,16459,8526299
357,12/5/2021 15:00:00,3463,4347749,3285.000000000000000,3862322,78.000000000000000,323158.000000000000000,3541,4670907,3363,4185480,6826,8533125
358,12/6/2021 15:00:00,6755,4354504,7088.000000000000000,3869410,280.000000000000000,323438.000000000000000,7035,4677942,7368,4192848,14123,8547248
359,12/7/2021 15:00:00,6410,4360914,7031.000000000000000,3876441,249.000000000000000,323687.000000000000000,6659,4684601,7280,4200128,13690,8560938
360,12/8/2021 15:00:00,6932,4367846,7414.000000000000000,3883855,315.000000000000000,324002.000000000000000,7247,4691848,7729,4207857,14661,8575599
361,12/9/2021 15:00:00,6547,4374393,7025.000000000000000,3890880,398.000000000000000,324400.000000000000000,6945,4698793,7423,4215280,13970,8589569
362,12/10/2021 15:00:00,7289,4381682,7328.000000000000000,3898208,230.000000000000000,324630.000000000000000,7519,4706312,7558,4222838,14847,8604416
363,12/11/2021 15:00:00,4450,4386132,7670.000000000000000,3905878,333.000000000000000,324963.000000000000000,4783,4711095,8003,4230841,12453,8616869
364,12/12/2021 15:00:00,4000,4390132,2772.000000000000000,3908650,60.000000000000000,325023.000000000000000,4060,4715155,2832,4233673,6832,8623701
365,12/13/2021 15:00:00,5695,4395827,5761.000000000000000,3914411,243.000000000000000,325266.000000000000000,5938,4721093,6004,4239677,11699,8635400
366,12/14/2021 15:00:00,6466,4402293,5935.000000000000000,3920346,222.000000000000000,325488.000000000000000,6688,4727781,6157,4245834,12623,8648023
367,12/15/2021 15:00:00,7160,4409453,5709.000000000000000,3926055,254.000000000000000,325742.000000000000000,7414,4735195,5963,4251797,13123,8661146
368,12/16/2021 15:00:00,7867,4417320,2826.000000000000000,3928881,421.000000000000000,326163.000000000000000,8288,4743483,3247,4255044,11114,8672260
369,12/17/2021 15:00:00,7840,4425160,4150.000000000000000,3933031,195.000000000000000,326358.000000000000000,8035,4751518,4345,4259389,12185,8684445
370,12/18/2021 15:00:00,5838,4430998,3181.000000000000000,3936212,298.000000000000000,326656.000000000000000,6136,4757654,3479,4262868,9317,8693762
371,12/19/2021 15:00:00,3379,4434377,1340.000000000000000,3937552,37.000000000000000,326693.000000000000000,3416,4761070,1377,4264245,4756,8698518
372,12/20/2021 15:00:00,8081,4442458,3741.000000000000000,3941293,173.000000000000000,326866.000000000000000,8254,4769324,3914,4268159,11995,8710513
373,12/21/2021 15:00:00,8992,4451450,4155.000000000000000,3945448,175.000000000000000,327041.000000000000000,9167,4778491,4330,4272489,13322,8723835
374,12/22/2021 15:00:00,8685,4460135,3859.000000000000000,3949307,184.000000000000000,327225.000000000000000,8869,4787360,4043,4276532,12728,8736563
375,12/23/2021 15:00:00,8399,4468534,3571.000000000000000,3952878,359.000000000000000,327584.000000000000000,8758,4796118,3930,4280462,12329,8748892
376,12/24/2021 15:00:00,1632,4470166,1007.000000000000000,3953885,39.000000000000000,327623.000000000000000,1671,4797789,1046,4281508,2678,8751570
377,12/25/2021 15:00:00,50,4470216,36.000000000000000,3953921,1.000000000000000,327624.000000000000000,51,4797840,37,4281545,87,8751657
378,12/26/2021 15:00:00,2518,4472734,1742.000000000000000,3955663,44.000000000000000,327668.000000000000000,2562,4800402,1786,4283331,4304,8755961
379,12/27/2021 15:00:00,7191,4479925,3989.000000000000000,3959652,297.000000000000000,327965.000000000000000,7488,4807890,4286,4287617,11477,8767438
380,12/28/2021 15:00:00,7926,4487851,3850.000000000000000,3963502,178.000000000000000,328143.000000000000000,8104,4815994,4028,4291645,11954,8779392
381,12/29/2021 15:00:00,8230,4496081,4013.000000000000000,3967515,156.000000000000000,328299.000000000000000,8386,4824380,4169,4295814,12399,8791791
382,12/30/2021 15:00:00,7472,4503553,3777.000000000000000,3971292,290.000000000000000,328589.000000000000000,7762,4832142,4067,4299881,11539,8803330
383,12/31/2021 15:00:00,2573,4506126,1526.000000000000000,3972818,90.000000000000000,328679.000000000000000,2663,4834805,1616,4301497,4189,8807519
384,1/1/2022 15:00:00,738,4506864,347.000000000000000,3973165,34.000000000000000,328713.000000000000000,772,4835577,381,4301878,1119,8808638
385,1/2/2022 15:00:00,2216,4509080,1650.000000000000000,3974815,48.000000000000000,328761.000000000000000,2264,4837841,1698,4303576,3914,8812552
386,1/3/2022 15:00:00,3398,4512478,2063.000000000000000,3976878,222.000000000000000,328983.000000000000000,3620,4841461,2285,4305861,5683,8818235
387,1/4/2022 15:00:00,5845,4518323,3481.000000000000000,3980359,165.000000000000000,329148.000000000000000,6010,4847471,3646,4309507,9491,8827726
388,1/5/2022 15:00:00,6820,4525143,4691.000000000000000,3985050,175.000000000000000,329323.000000000000000,6995,4854466,4866,4314373,11686,8839412
389,1/6/2022 15:00:00,6750,4531893,4819.000000000000000,3989869,265.000000000000000,329588.000000000000000,7015,4861481,5084,4319457,11834,8851246
390,1/7/2022 15:00:00,5976,4537869,3772.000000000000000,3993641,162.000000000000000,329750.000000000000000,6138,4867619,3934,4323391,9910,8861156
391,1/8/2022 15:00:00,4801,4542670,3910.000000000000000,3997551,78.000000000000000,329828.000000000000000,4879,4872498,3988,4327379,8789,8869945
392,1/9/2022 15:00:00,2760,4545430,2017.000000000000000,3999568,154.000000000000000,329982.000000000000000,2914,4875412,2171,4329550,4931,8874876
393,1/10/2022 15:00:00,6337,4551767,3834.000000000000000,4003402,160.000000000000000,330142.000000000000000,6497,4881909,3994,4333544,10331,8885207
394,1/11/2022 15:00:00,6551,4558318,4242.000000000000000,4007644,142.000000000000000,330284.000000000000000,6693,4888602,4384,4337928,10935,8896142
395,1/12/2022 15:00:00,6813,4565131,4439.000000000000000,4012083,225.000000000000000,330509.000000000000000,7038,4895640,4664,4342592,11477,8907619
396,1/13/2022 15:00:00,6634,4571765,4380.000000000000000,4016463,153.000000000000000,330662.000000000000000,6787,4902427,4533,4347125,11167,8918786
397,1/14/2022 15:00:00,7206,4578971,3279.000000000000000,4019742,252.000000000000000,330914.000000000000000,7458,4909885,3531,4350656,10737,8929523
398,1/15/2022 15:00:00,4268,4583239,1686.000000000000000,4021428,71.000000000000000,330985.000000000000000,4339,4914224,1757,4352413,6025,8935548
399,1/16/2022 15:00:00,2217,4585456,1319.000000000000000,4022747,116.000000000000000,331101.000000000000000,2333,4916557,1435,4353848,3652,8939200
400,1/17/2022 15:00:00,3614,4589070,2361.000000000000000,4025108,74.000000000000000,331175.000000000000000,3688,4920245,2435,4356283,6049,8945249
401,1/18/2022 15:00:00,5270,4594340,4198.000000000000000,4029306,102.000000000000000,331277.000000000000000,5372,4925617,4300,4360583,9570,8954819
402,1/19/2022 15:00:00,5293,4599633,4467.000000000000000,4033773,99.000000000000000,331376.000000000000000,5392,4931009,4566,4365149,9859,8964678
403,1/20/2022 15:00:00,4525,4604158,3619.000000000000000,4037392,176.000000000000000,331552.000000000000000,4701,4935710,3795,4368944,8320,8972998
404,1/21/2022 15:00:00,5592,4609750,2927.000000000000000,4040319,125.000000000000000,331677.000000000000000,5717,4941427,3052,4371996,8644,8981642
405,1/22/2022 15:00:00,3458,4613208,1721.000000000000000,4042040,134.000000000000000,331811.000000000000000,3592,4945019,1855,4373851,5313,8986955
406,1/23/2022 15:00:00,2034,4615242,1496.000000000000000,4043536,30.000000000000000,331841.000000000000000,2064,4947083,1526,4375377,3560,8990515
407,1/24/2022 15:00:00,4123,4619365,2770.000000000000000,4046306,88.000000000000000,331929.000000000000000,4211,4951294,2858,4378235,6981,8997496
408,1/25/2022 15:00:00,3794,4623159,3306.000000000000000,4049612,95.000000000000000,332024.000000000000000,3889,4955183,3401,4381636,7195,9004691
409,1/26/2022 15:00:00,3861,4627020,3684.000000000000000,4053296,94.000000000000000,332118.000000000000000,3955,4959138,3778,4385414,7639,9012330
410,1/27/2022 15:00:00,3767,4630787,3862.000000000000000,4057158,187.000000000000000,332305.000000000000000,3954,4963092,4049,4389463,7816,9020146
411,1/28/2022 15:00:00,3838,4634625,3214.000000000000000,4060372,75.000000000000000,332380.000000000000000,3913,4967005,3289,4392752,7127,9027273
412,1/29/2022 15:00:00,2295,4636920,2265.000000000000000,4062637,117.000000000000000,332497.000000000000000,2412,4969417,2382,4395134,4677,9031950
413,1/30/2022 15:00:00,1563,4638483,1602.000000000000000,4064239,16.000000000000000,332513.000000000000000,1579,4970996,1618,4396752,3181,9035131
414,1/31/2022 15:00:00,2979,4641462,3156.000000000000000,4067395,58.000000000000000,332571.000000000000000,3037,4974033,3214,4399966,6193,9041324
415,2/1/2022 15:00:00,2634,4644096,3390.000000000000000,4070785,75.000000000000000,332646.000000000000000,2709,4976742,3465,4403431,6099,9047423
416,2/2/2022 15:00:00,2819,4646915,3719.000000000000000,4074504,75.000000000000000,332721.000000000000000,2894,4979636,3794,4407225,6613,9054036
417,2/3/2022 15:00:00,2745,4649660,3632.000000000000000,4078136,41.000000000000000,332762.000000000000000,2786,4982422,3673,4410898,6418,9060454
418,2/4/2022 15:00:00,2759,4652419,4329.000000000000000,4082465,127.000000000000000,332889.000000000000000,2886,4985308,4456,4415354,7215,9067669
419,2/5/2022 15:00:00,1916,4654335,2870.000000000000000,4085335,112.000000000000000,333001.000000000000000,2028,4987336,2982,4418336,4898,9072567
420,2/6/2022 15:00:00,1061,4655396,1338.000000000000000,4086673,24.000000000000000,333025.000000000000000,1085,4988421,1362,4419698,2423,9074990
421,2/7/2022 15:00:00,2030,4657426,2651.000000000000000,4089324,46.000000000000000,333071.000000000000000,2076,4990497,2697,4422395,4727,9079717
422,2/8/2022 15:00:00,2072,4659498,3028.000000000000000,4092352,63.000000000000000,333134.000000000000000,2135,4992632,3091,4425486,5163,9084880
423,2/9/2022 15:00:00,2079,4661577,3085.000000000000000,4095437,73.000000000000000,333207.000000000000000,2152,4994784,3158,4428644,5237,9090117
424,2/10/2022 15:00:00,1971,4663548,2725.000000000000000,4098162,52.000000000000000,333259.000000000000000,2023,4996807,2777,4431421,4748,9094865
425,2/11/2022 15:00:00,2268,4665816,3185.000000000000000,4101347,117.000000000000000,333376.000000000000000,2385,4999192,3302,4434723,5570,9100435
426,2/12/2022 15:00:00,756,4666572,1128.000000000000000,4102475,84.000000000000000,333460.000000000000000,840,5000032,1212,4435935,1968,9102403