OBJECTID,VACCINATION_DATE,FirstDailyDose,FirstDoseCumulative,SecondDailyDose,SecondDoseCumulative,SingleDailyDose,SingleDoseCumulative,AtleastOneVaccine,AtleastOneVaccineCumulative,CompletedVax,CompletedVaxCumulative,FirstSecondSingleVaccination_12,FirstSecondSingleVaccination_13
1,12/14/2020 15:00:00,19,1473,,534,,,19,1473,0,534,19,1930
2,12/15/2020 15:00:00,62,1535,3.000000000000000,537,,,62,1535,3,537,65,1995
3,12/16/2020 15:00:00,597,2132,5.000000000000000,542,,,597,2132,5,542,602,2597
4,12/17/2020 15:00:00,1167,3299,8.000000000000000,550,,,1167,3299,8,550,1175,3772
5,12/18/2020 15:00:00,3031,6330,12.000000000000000,562,,,3031,6330,12,562,3043,6815
6,12/19/2020 15:00:00,930,7260,7.000000000000000,569,,,930,7260,7,569,937,7752
7,12/20/2020 15:00:00,369,7629,6.000000000000000,575,,,369,7629,6,575,375,8127
8,12/21/2020 15:00:00,3898,11527,26.000000000000000,601,,,3898,11527,26,601,3924,12051
9,12/22/2020 15:00:00,6326,17853,30.000000000000000,631,,,6326,17853,30,631,6356,18407
10,12/23/2020 15:00:00,5790,23643,39.000000000000000,670,,,5790,23643,39,670,5829,24236
11,12/24/2020 15:00:00,2729,26372,15.000000000000000,685,,,2729,26372,15,685,2744,26980
12,12/25/2020 15:00:00,1035,27407,4.000000000000000,689,,,1035,27407,4,689,1039,28019
13,12/26/2020 15:00:00,1885,29292,10.000000000000000,699,,,1885,29292,10,699,1895,29914
14,12/27/2020 15:00:00,1803,31095,12.000000000000000,711,,,1803,31095,12,711,1815,31729
15,12/28/2020 15:00:00,8993,40088,51.000000000000000,762,,,8993,40088,51,762,9044,40773
16,12/29/2020 15:00:00,10978,51066,53.000000000000000,815,,,10978,51066,53,815,11031,51804
17,12/30/2020 15:00:00,12507,63573,95.000000000000000,910,,,12507,63573,95,910,12602,64406
18,12/31/2020 15:00:00,7557,71130,49.000000000000000,959,,,7557,71130,49,959,7606,72012
19,1/1/2021 15:00:00,3379,74509,146.000000000000000,1105,,,3379,74509,146,1105,3525,75537
20,1/2/2021 15:00:00,3060,77569,34.000000000000000,1139,,,3060,77569,34,1139,3094,78631
21,1/3/2021 15:00:00,3416,80985,82.000000000000000,1221,,,3416,80985,82,1221,3498,82129
22,1/4/2021 15:00:00,13374,94359,341.000000000000000,1562,,,13374,94359,341,1562,13715,95844
23,1/5/2021 15:00:00,12498,106857,550.000000000000000,2112,,,12498,106857,550,2112,13048,108892
24,1/6/2021 15:00:00,15278,122135,870.000000000000000,2982,,,15278,122135,870,2982,16148,125040
25,1/7/2021 15:00:00,15051,137186,1788.000000000000000,4770,,,15051,137186,1788,4770,16839,141879
26,1/8/2021 15:00:00,24023,161209,2793.000000000000000,7563,,,24023,161209,2793,7563,26816,168695
27,1/9/2021 15:00:00,5182,166391,957.000000000000000,8520,,,5182,166391,957,8520,6139,174834
28,1/10/2021 15:00:00,2982,169373,386.000000000000000,8906,,,2982,169373,386,8906,3368,178202
29,1/11/2021 15:00:00,13744,183117,3486.000000000000000,12392,,,13744,183117,3486,12392,17230,195432
30,1/12/2021 15:00:00,17407,200524,5600.000000000000000,17992,,,17407,200524,5600,17992,23007,218439
31,1/13/2021 15:00:00,18631,219155,3936.000000000000000,21928,,,18631,219155,3936,21928,22567,241006
32,1/14/2021 15:00:00,17876,237031,1967.000000000000000,23895,,,17876,237031,1967,23895,19843,260849
33,1/15/2021 15:00:00,19501,256532,2038.000000000000000,25933,,,19501,256532,2038,25933,21539,282388
34,1/16/2021 15:00:00,5845,262377,1622.000000000000000,27555,,,5845,262377,1622,27555,7467,289855
35,1/17/2021 15:00:00,2127,264504,1480.000000000000000,29035,,,2127,264504,1480,29035,3607,293462
36,1/18/2021 15:00:00,7083,271587,3268.000000000000000,32303,,,7083,271587,3268,32303,10351,303813
37,1/19/2021 15:00:00,16961,288548,5416.000000000000000,37719,,,16961,288548,5416,37719,22377,326190
38,1/20/2021 15:00:00,21021,309569,5336.000000000000000,43055,,,21021,309569,5336,43055,26357,352547
39,1/21/2021 15:00:00,23832,333401,3871.000000000000000,46926,,,23832,333401,3871,46926,27703,380250
40,1/22/2021 15:00:00,28668,362069,3768.000000000000000,50694,,,28668,362069,3768,50694,32436,412686
41,1/23/2021 15:00:00,10132,372201,1949.000000000000000,52643,,,10132,372201,1949,52643,12081,424767
42,1/24/2021 15:00:00,3361,375562,1727.000000000000000,54370,,,3361,375562,1727,54370,5088,429855
43,1/25/2021 15:00:00,16312,391874,8621.000000000000000,62991,,,16312,391874,8621,62991,24933,454788
44,1/26/2021 15:00:00,17568,409442,8984.000000000000000,71975,,,17568,409442,8984,71975,26552,481340
45,1/27/2021 15:00:00,24446,433888,12577.000000000000000,84552,,,24446,433888,12577,84552,37023,518363
46,1/28/2021 15:00:00,22667,456555,9336.000000000000000,93888,,,22667,456555,9336,93888,32003,550366
47,1/29/2021 15:00:00,24789,481344,7941.000000000000000,101829,,,24789,481344,7941,101829,32730,583096
48,1/30/2021 15:00:00,17787,499131,2571.000000000000000,104400,,,17787,499131,2571,104400,20358,603454
49,1/31/2021 15:00:00,3765,502896,1375.000000000000000,105775,,,3765,502896,1375,105775,5140,608594
50,2/1/2021 15:00:00,8177,511073,5428.000000000000000,111203,,,8177,511073,5428,111203,13605,622199
51,2/2/2021 15:00:00,12526,523599,13839.000000000000000,125042,,,12526,523599,13839,125042,26365,648564
52,2/3/2021 15:00:00,18272,541871,18147.000000000000000,143189,,,18272,541871,18147,143189,36419,684983
53,2/4/2021 15:00:00,22150,564021,15807.000000000000000,158996,,,22150,564021,15807,158996,37957,722940
54,2/5/2021 15:00:00,20417,584438,17450.000000000000000,176446,,,20417,584438,17450,176446,37867,760807
55,2/6/2021 15:00:00,11382,595820,14540.000000000000000,190986,,,11382,595820,14540,190986,25922,786729
56,2/7/2021 15:00:00,5990,601810,1949.000000000000000,192935,,,5990,601810,1949,192935,7939,794668
57,2/8/2021 15:00:00,13017,614827,12985.000000000000000,205920,,,13017,614827,12985,205920,26002,820670
58,2/9/2021 15:00:00,16667,631494,13893.000000000000000,219813,,,16667,631494,13893,219813,30560,851230
59,2/10/2021 15:00:00,19333,650827,21325.000000000000000,241138,,,19333,650827,21325,241138,40658,891888
60,2/11/2021 15:00:00,22945,673772,17391.000000000000000,258529,,,22945,673772,17391,258529,40336,932224
61,2/12/2021 15:00:00,20443,694215,19682.000000000000000,278211,,,20443,694215,19682,278211,40125,972349
62,2/13/2021 15:00:00,11472,705687,6429.000000000000000,284640,,,11472,705687,6429,284640,17901,990250
63,2/14/2021 15:00:00,7122,712809,2139.000000000000000,286779,,,7122,712809,2139,286779,9261,999511
64,2/15/2021 15:00:00,11772,724581,13345.000000000000000,300124,,,11772,724581,13345,300124,25117,1024628
65,2/16/2021 15:00:00,16656,741237,21036.000000000000000,321160,,,16656,741237,21036,321160,37692,1062320
66,2/17/2021 15:00:00,20687,761924,26391.000000000000000,347551,,,20687,761924,26391,347551,47078,1109398
67,2/18/2021 15:00:00,3206,765130,4627.000000000000000,352178,,,3206,765130,4627,352178,7833,1117231
68,2/19/2021 15:00:00,10265,775395,19940.000000000000000,372118,,,10265,775395,19940,372118,30205,1147436
69,2/20/2021 15:00:00,10321,785716,20314.000000000000000,392432,,,10321,785716,20314,392432,30635,1178071
70,2/21/2021 15:00:00,6194,791910,7668.000000000000000,400100,,,6194,791910,7668,400100,13862,1191933
71,2/22/2021 15:00:00,8042,799952,15496.000000000000000,415596,,,8042,799952,15496,415596,23538,1215471
72,2/23/2021 15:00:00,15547,815499,15985.000000000000000,431581,,,15547,815499,15985,431581,31532,1247003
73,2/24/2021 15:00:00,17997,833496,24852.000000000000000,456433,,,17997,833496,24852,456433,42849,1289852
74,2/25/2021 15:00:00,20397,853893,26600.000000000000000,483033,,,20397,853893,26600,483033,46997,1336849
75,2/26/2021 15:00:00,26698,880591,26273.000000000000000,509306,,,26698,880591,26273,509306,52971,1389820
76,2/27/2021 15:00:00,16032,896623,11164.000000000000000,520470,,,16032,896623,11164,520470,27196,1417016
77,2/28/2021 15:00:00,15524,912147,4893.000000000000000,525363,,,15524,912147,4893,525363,20417,1437433
78,3/1/2021 15:00:00,27231,939378,12679.000000000000000,538042,,,27231,939378,12679,538042,39910,1477343
79,3/2/2021 15:00:00,24000,963378,13303.000000000000000,551345,38.000000000000000,38.000000000000000,24038,963416,13341,551383,37341,1514684
80,3/3/2021 15:00:00,30248,993626,18422.000000000000000,569767,192.000000000000000,230.000000000000000,30440,993856,18614,569997,48862,1563546
81,3/4/2021 15:00:00,31008,1024634,18262.000000000000000,588029,4068.000000000000000,4298.000000000000000,35076,1028932,22330,592327,53338,1616884
82,3/5/2021 15:00:00,30092,1054726,19779.000000000000000,607808,4912.000000000000000,9210.000000000000000,35004,1063936,24691,617018,54783,1671667
83,3/6/2021 15:00:00,18999,1073725,9538.000000000000000,617346,6010.000000000000000,15220.000000000000000,25009,1088945,15548,632566,34547,1706214
84,3/7/2021 15:00:00,12154,1085879,4928.000000000000000,622274,6606.000000000000000,21826.000000000000000,18760,1107705,11534,644100,23688,1729902
85,3/8/2021 15:00:00,25929,1111808,8863.000000000000000,631137,8274.000000000000000,30100.000000000000000,34203,1141908,17137,661237,43066,1772968
86,3/9/2021 15:00:00,26149,1137957,15501.000000000000000,646638,8343.000000000000000,38443.000000000000000,34492,1176400,23844,685081,49993,1822961
87,3/10/2021 15:00:00,29889,1167846,16055.000000000000000,662693,7936.000000000000000,46379.000000000000000,37825,1214225,23991,709072,53880,1876841
88,3/11/2021 15:00:00,36017,1203863,16427.000000000000000,679120,3982.000000000000000,50361.000000000000000,39999,1254224,20409,729481,56426,1933267
89,3/12/2021 15:00:00,36914,1240777,18165.000000000000000,697285,2928.000000000000000,53289.000000000000000,39842,1294066,21093,750574,58007,1991274
90,3/13/2021 15:00:00,22671,1263448,10338.000000000000000,707623,1630.000000000000000,54919.000000000000000,24301,1318367,11968,762542,34639,2025913
91,3/14/2021 15:00:00,17839,1281287,6738.000000000000000,714361,1010.000000000000000,55929.000000000000000,18849,1337216,7748,770290,25587,2051500
92,3/15/2021 15:00:00,29891,1311178,11368.000000000000000,725729,599.000000000000000,56528.000000000000000,30490,1367706,11967,782257,41858,2093358
93,3/16/2021 15:00:00,33482,1344660,13588.000000000000000,739317,770.000000000000000,57298.000000000000000,34252,1401958,14358,796615,47840,2141198
94,3/17/2021 15:00:00,37637,1382297,17084.000000000000000,756401,1182.000000000000000,58480.000000000000000,38819,1440777,18266,814881,55903,2197101
95,3/18/2021 15:00:00,41482,1423779,12700.000000000000000,769101,1354.000000000000000,59834.000000000000000,42836,1483613,14054,828935,55536,2252637
96,3/19/2021 15:00:00,38389,1462168,15443.000000000000000,784544,1046.000000000000000,60880.000000000000000,39435,1523048,16489,845424,54878,2307515
97,3/20/2021 15:00:00,24732,1486900,10237.000000000000000,794781,704.000000000000000,61584.000000000000000,25436,1548484,10941,856365,35673,2343188
98,3/21/2021 15:00:00,19199,1506099,7909.000000000000000,802690,341.000000000000000,61925.000000000000000,19540,1568024,8250,864615,27449,2370637
99,3/22/2021 15:00:00,32602,1538701,11519.000000000000000,814209,835.000000000000000,62760.000000000000000,33437,1601461,12354,876969,44956,2415593
100,3/23/2021 15:00:00,38409,1577110,17874.000000000000000,832083,1557.000000000000000,64317.000000000000000,39966,1641427,19431,896400,57840,2473433
101,3/24/2021 15:00:00,41092,1618202,21257.000000000000000,853340,1386.000000000000000,65703.000000000000000,42478,1683905,22643,919043,63735,2537168
102,3/25/2021 15:00:00,42919,1661121,21739.000000000000000,875079,2456.000000000000000,68159.000000000000000,45375,1729280,24195,943238,67114,2604282
103,3/26/2021 15:00:00,36387,1697508,26721.000000000000000,901800,2495.000000000000000,70654.000000000000000,38882,1768162,29216,972454,65603,2669885
104,3/27/2021 15:00:00,26474,1723982,17327.000000000000000,919127,2490.000000000000000,73144.000000000000000,28964,1797126,19817,992271,46291,2716176
105,3/28/2021 15:00:00,17010,1740992,12692.000000000000000,931819,1614.000000000000000,74758.000000000000000,18624,1815750,14306,1006577,31316,2747492
106,3/29/2021 15:00:00,29721,1770713,26392.000000000000000,958211,1141.000000000000000,75899.000000000000000,30862,1846612,27533,1034110,57254,2804746
107,3/30/2021 15:00:00,40061,1810774,29091.000000000000000,987302,1865.000000000000000,77764.000000000000000,41926,1888538,30956,1065066,71017,2875763
108,3/31/2021 15:00:00,41021,1851795,34757.000000000000000,1022059,5750.000000000000000,83514.000000000000000,46771,1935309,40507,1105573,81528,2957291
109,4/1/2021 15:00:00,42487,1894282,41189.000000000000000,1063248,5764.000000000000000,89278.000000000000000,48251,1983560,46953,1152526,89440,3046731
110,4/2/2021 15:00:00,34938,1929220,32739.000000000000000,1095987,6131.000000000000000,95409.000000000000000,41069,2024629,38870,1191396,73808,3120539
111,4/3/2021 15:00:00,21177,1950397,19239.000000000000000,1115226,4394.000000000000000,99803.000000000000000,25571,2050200,23633,1215029,44810,3165349
112,4/4/2021 15:00:00,8299,1958696,10223.000000000000000,1125449,968.000000000000000,100771.000000000000000,9267,2059467,11191,1226220,19490,3184839
113,4/5/2021 15:00:00,27967,1986663,28983.000000000000000,1154432,6663.000000000000000,107434.000000000000000,34630,2094097,35646,1261866,63613,3248452
114,4/6/2021 15:00:00,39801,2026464,30524.000000000000000,1184956,10503.000000000000000,117937.000000000000000,50304,2144401,41027,1302893,80828,3329280
115,4/7/2021 15:00:00,36115,2062579,34373.000000000000000,1219329,13002.000000000000000,130939.000000000000000,49117,2193518,47375,1350268,83490,3412770
116,4/8/2021 15:00:00,42365,2104944,36167.000000000000000,1255496,13870.000000000000000,144809.000000000000000,56235,2249753,50037,1400305,92402,3505172
117,4/9/2021 15:00:00,34094,2139038,36367.000000000000000,1291863,14532.000000000000000,159341.000000000000000,48626,2298379,50899,1451204,84993,3590165
118,4/10/2021 15:00:00,23500,2162538,23185.000000000000000,1315048,7641.000000000000000,166982.000000000000000,31141,2329520,30826,1482030,54326,3644491
119,4/11/2021 15:00:00,17586,2180124,13300.000000000000000,1328348,10120.000000000000000,177102.000000000000000,27706,2357226,23420,1505450,41006,3685497
120,4/12/2021 15:00:00,24606,2204730,33295.000000000000000,1361643,10907.000000000000000,188009.000000000000000,35513,2392739,44202,1549652,68808,3754305
121,4/13/2021 15:00:00,126171,2330901,91363.000000000000000,1453006,3293.000000000000000,191302.000000000000000,129464,2522203,94656,1644308,220827,3975132
122,4/14/2021 15:00:00,40741,2371642,37854.000000000000000,1490860,213.000000000000000,191515.000000000000000,40954,2563157,38067,1682375,78808,4053940
123,4/15/2021 15:00:00,41418,2413060,39588.000000000000000,1530448,176.000000000000000,191691.000000000000000,41594,2604751,39764,1722139,81182,4135122
124,4/16/2021 15:00:00,37151,2450211,38899.000000000000000,1569347,25.000000000000000,191716.000000000000000,37176,2641927,38924,1761063,76075,4211197
125,4/17/2021 15:00:00,32818,2483029,22044.000000000000000,1591391,13.000000000000000,191729.000000000000000,32831,2674758,22057,1783120,54875,4266072
126,4/18/2021 15:00:00,20062,2503091,16208.000000000000000,1607599,5.000000000000000,191734.000000000000000,20067,2694825,16213,1799333,36275,4302347
127,4/19/2021 15:00:00,29886,2532977,36562.000000000000000,1644161,61.000000000000000,191795.000000000000000,29947,2724772,36623,1835956,66509,4368856
128,4/20/2021 15:00:00,32936,2565913,44504.000000000000000,1688665,59.000000000000000,191854.000000000000000,32995,2757767,44563,1880519,77499,4446355
129,4/21/2021 15:00:00,39841,2605754,47090.000000000000000,1735755,26.000000000000000,191880.000000000000000,39867,2797634,47116,1927635,86957,4533312
130,4/22/2021 15:00:00,35860,2641614,42706.000000000000000,1778461,16.000000000000000,191896.000000000000000,35876,2833510,42722,1970357,78582,4611894
131,4/23/2021 15:00:00,33146,2674760,40175.000000000000000,1818636,14.000000000000000,191910.000000000000000,33160,2866670,40189,2010546,73335,4685229
132,4/24/2021 15:00:00,26421,2701181,27932.000000000000000,1846568,81.000000000000000,191991.000000000000000,26502,2893172,28013,2038559,54434,4739663
133,4/25/2021 15:00:00,20219,2721400,10999.000000000000000,1857567,31.000000000000000,192022.000000000000000,20250,2913422,11030,2049589,31249,4770912
134,4/26/2021 15:00:00,27384,2748784,32769.000000000000000,1890336,201.000000000000000,192223.000000000000000,27585,2941007,32970,2082559,60354,4831266
135,4/27/2021 15:00:00,26678,2775462,33110.000000000000000,1923446,1097.000000000000000,193320.000000000000000,27775,2968782,34207,2116766,60885,4892151
136,4/28/2021 15:00:00,28922,2804384,39570.000000000000000,1963016,1367.000000000000000,194687.000000000000000,30289,2999071,40937,2157703,69859,4962010
137,4/29/2021 15:00:00,27064,2831448,39787.000000000000000,2002803,1463.000000000000000,196150.000000000000000,28527,3027598,41250,2198953,68314,5030324
138,4/30/2021 15:00:00,28204,2859652,32312.000000000000000,2035115,1649.000000000000000,197799.000000000000000,29853,3057451,33961,2232914,62165,5092489
139,5/1/2021 15:00:00,20755,2880407,26802.000000000000000,2061917,1057.000000000000000,198856.000000000000000,21812,3079263,27859,2260773,48614,5141103
140,5/2/2021 15:00:00,10268,2890675,17084.000000000000000,2079001,823.000000000000000,199679.000000000000000,11091,3090354,17907,2278680,28175,5169278
141,5/3/2021 15:00:00,12722,2903397,28641.000000000000000,2107642,1917.000000000000000,201596.000000000000000,14639,3104993,30558,2309238,43280,5212558
142,5/4/2021 15:00:00,13557,2916954,38653.000000000000000,2146295,1743.000000000000000,203339.000000000000000,15300,3120293,40396,2349634,53953,5266511
143,5/5/2021 15:00:00,19319,2936273,37790.000000000000000,2184085,1921.000000000000000,205260.000000000000000,21240,3141533,39711,2389345,59030,5325541
144,5/6/2021 15:00:00,16931,2953204,40606.000000000000000,2224691,1721.000000000000000,206981.000000000000000,18652,3160185,42327,2431672,59258,5384799
145,5/7/2021 15:00:00,17587,2970791,37029.000000000000000,2261720,1960.000000000000000,208941.000000000000000,19547,3179732,38989,2470661,56576,5441375
146,5/8/2021 15:00:00,10797,2981588,31240.000000000000000,2292960,1292.000000000000000,210233.000000000000000,12089,3191821,32532,2503193,43329,5484704
147,5/9/2021 15:00:00,5078,2986666,12254.000000000000000,2305214,695.000000000000000,210928.000000000000000,5773,3197594,12949,2516142,18027,5502731
148,5/10/2021 15:00:00,8960,2995626,31062.000000000000000,2336276,1362.000000000000000,212290.000000000000000,10322,3207916,32424,2548566,41384,5544115
149,5/11/2021 15:00:00,12182,3007808,30302.000000000000000,2366578,1441.000000000000000,213731.000000000000000,13623,3221539,31743,2580309,43925,5588040
150,5/12/2021 15:00:00,13944,3021752,38642.000000000000000,2405220,1917.000000000000000,215648.000000000000000,15861,3237400,40559,2620868,54503,5642543
151,5/13/2021 15:00:00,21845,3043597,33525.000000000000000,2438745,1347.000000000000000,216995.000000000000000,23192,3260592,34872,2655740,56717,5699260
152,5/14/2021 15:00:00,24397,3067994,30069.000000000000000,2468814,1774.000000000000000,218769.000000000000000,26171,3286763,31843,2687583,56240,5755500
153,5/15/2021 15:00:00,21952,3089946,25124.000000000000000,2493938,1490.000000000000000,220259.000000000000000,23442,3310205,26614,2714197,48566,5804066
154,5/16/2021 15:00:00,9090,3099036,17583.000000000000000,2511521,1113.000000000000000,221372.000000000000000,10203,3320408,18696,2732893,27786,5831852
155,5/17/2021 15:00:00,16838,3115874,28417.000000000000000,2539938,1950.000000000000000,223322.000000000000000,18788,3339196,30367,2763260,47205,5879057
156,5/18/2021 15:00:00,21266,3137140,30699.000000000000000,2570637,1943.000000000000000,225265.000000000000000,23209,3362405,32642,2795902,53908,5932965
157,5/19/2021 15:00:00,27672,3164812,32445.000000000000000,2603082,1632.000000000000000,226897.000000000000000,29304,3391709,34077,2829979,61749,5994714
158,5/20/2021 15:00:00,20805,3185617,33285.000000000000000,2636367,1965.000000000000000,228862.000000000000000,22770,3414479,35250,2865229,56055,6050769
159,5/21/2021 15:00:00,19166,3204783,30366.000000000000000,2666733,1609.000000000000000,230471.000000000000000,20775,3435254,31975,2897204,51141,6101910
160,5/22/2021 15:00:00,16946,3221729,20701.000000000000000,2687434,1269.000000000000000,231740.000000000000000,18215,3453469,21970,2919174,38916,6140826
161,5/23/2021 15:00:00,8816,3230545,11454.000000000000000,2698888,965.000000000000000,232705.000000000000000,9781,3463250,12419,2931593,21235,6162061
162,5/24/2021 15:00:00,13574,3244119,17783.000000000000000,2716671,1473.000000000000000,234178.000000000000000,15047,3478297,19256,2950849,32830,6194891
163,5/25/2021 15:00:00,13076,3257195,18718.000000000000000,2735389,1328.000000000000000,235506.000000000000000,14404,3492701,20046,2970895,33122,6228013
164,5/26/2021 15:00:00,18370,3275565,19695.000000000000000,2755084,1512.000000000000000,237018.000000000000000,19882,3512583,21207,2992102,39577,6267590
165,5/27/2021 15:00:00,11697,3287262,18706.000000000000000,2773790,1117.000000000000000,238135.000000000000000,12814,3525397,19823,3011925,31520,6299110
166,5/28/2021 15:00:00,12419,3299681,19862.000000000000000,2793652,1402.000000000000000,239537.000000000000000,13821,3539218,21264,3033189,33683,6332793
167,5/29/2021 15:00:00,9515,3309196,11731.000000000000000,2805383,937.000000000000000,240474.000000000000000,10452,3549670,12668,3045857,22183,6354976
168,5/30/2021 15:00:00,4968,3314164,6439.000000000000000,2811822,596.000000000000000,241070.000000000000000,5564,3555234,7035,3052892,12003,6366979
169,5/31/2021 15:00:00,1780,3315944,3714.000000000000000,2815536,305.000000000000000,241375.000000000000000,2085,3557319,4019,3056911,5799,6372778
170,6/1/2021 15:00:00,9878,3325822,16491.000000000000000,2832027,1160.000000000000000,242535.000000000000000,11038,3568357,17651,3074562,27529,6400307
171,6/2/2021 15:00:00,10236,3336058,16825.000000000000000,2848852,961.000000000000000,243496.000000000000000,11197,3579554,17786,3092348,28022,6428329
172,6/3/2021 15:00:00,7897,3343955,21213.000000000000000,2870065,1089.000000000000000,244585.000000000000000,8986,3588540,22302,3114650,30199,6458528
173,6/4/2021 15:00:00,8198,3352153,22363.000000000000000,2892428,1120.000000000000000,245705.000000000000000,9318,3597858,23483,3138133,31681,6490209
174,6/5/2021 15:00:00,7000,3359153,19479.000000000000000,2911907,720.000000000000000,246425.000000000000000,7720,3605578,20199,3158332,27199,6517408
175,6/6/2021 15:00:00,3456,3362609,7257.000000000000000,2919164,426.000000000000000,246851.000000000000000,3882,3609460,7683,3166015,11139,6528547
176,6/7/2021 15:00:00,6859,3369468,15795.000000000000000,2934959,726.000000000000000,247577.000000000000000,7585,3617045,16521,3182536,23380,6551927
177,6/8/2021 15:00:00,6671,3376139,19741.000000000000000,2954700,831.000000000000000,248408.000000000000000,7502,3624547,20572,3203108,27243,6579170
178,6/9/2021 15:00:00,8202,3384341,23998.000000000000000,2978698,969.000000000000000,249377.000000000000000,9171,3633718,24967,3228075,33169,6612339
179,6/10/2021 15:00:00,7153,3391494,19143.000000000000000,2997841,895.000000000000000,250272.000000000000000,8048,3641766,20038,3248113,27191,6639530
180,6/11/2021 15:00:00,7492,3398986,17733.000000000000000,3015574,1125.000000000000000,251397.000000000000000,8617,3650383,18858,3266971,26350,6665880
181,6/12/2021 15:00:00,5241,3404227,14770.000000000000000,3030344,605.000000000000000,252002.000000000000000,5846,3656229,15375,3282346,20616,6686496
182,6/13/2021 15:00:00,1946,3406173,7634.000000000000000,3037978,427.000000000000000,252429.000000000000000,2373,3658602,8061,3290407,10007,6696503
183,6/14/2021 15:00:00,5656,3411829,11828.000000000000000,3049806,733.000000000000000,253162.000000000000000,6389,3664991,12561,3302968,18217,6714720
184,6/15/2021 15:00:00,5648,3417477,14345.000000000000000,3064151,874.000000000000000,254036.000000000000000,6522,3671513,15219,3318187,20867,6735587
185,6/16/2021 15:00:00,8726,3426203,21622.000000000000000,3085773,758.000000000000000,254794.000000000000000,9484,3680997,22380,3340567,31106,6766693
186,6/17/2021 15:00:00,6681,3432884,12381.000000000000000,3098154,720.000000000000000,255514.000000000000000,7401,3688398,13101,3353668,19782,6786475
187,6/18/2021 15:00:00,6833,3439717,12747.000000000000000,3110901,702.000000000000000,256216.000000000000000,7535,3695933,13449,3367117,20282,6806757
188,6/19/2021 15:00:00,4655,3444372,9389.000000000000000,3120290,614.000000000000000,256830.000000000000000,5269,3701202,10003,3377120,14658,6821415
189,6/20/2021 15:00:00,2507,3446879,5069.000000000000000,3125359,377.000000000000000,257207.000000000000000,2884,3704086,5446,3382566,7953,6829368
190,6/21/2021 15:00:00,5569,3452448,5340.000000000000000,3130699,636.000000000000000,257843.000000000000000,6205,3710291,5976,3388542,11545,6840913
191,6/22/2021 15:00:00,5346,3457794,9056.000000000000000,3139755,698.000000000000000,258541.000000000000000,6044,3716335,9754,3398296,15100,6856013
192,6/23/2021 15:00:00,6062,3463856,10358.000000000000000,3150113,645.000000000000000,259186.000000000000000,6707,3723042,11003,3409299,17065,6873078
193,6/24/2021 15:00:00,5929,3469785,8214.000000000000000,3158327,595.000000000000000,259781.000000000000000,6524,3729566,8809,3418108,14738,6887816
194,6/25/2021 15:00:00,5828,3475613,8671.000000000000000,3166998,619.000000000000000,260400.000000000000000,6447,3736013,9290,3427398,15118,6902934
195,6/26/2021 15:00:00,3707,3479320,6305.000000000000000,3173303,398.000000000000000,260798.000000000000000,4105,3740118,6703,3434101,10410,6913344
196,6/27/2021 15:00:00,2810,3482130,3524.000000000000000,3176827,185.000000000000000,260983.000000000000000,2995,3743113,3709,3437810,6519,6919863
197,6/28/2021 15:00:00,4925,3487055,6394.000000000000000,3183221,539.000000000000000,261522.000000000000000,5464,3748577,6933,3444743,11858,6931721
198,6/29/2021 15:00:00,5062,3492117,6484.000000000000000,3189705,523.000000000000000,262045.000000000000000,5585,3754162,7007,3451750,12069,6943790
199,6/30/2021 15:00:00,5630,3497747,7391.000000000000000,3197096,607.000000000000000,262652.000000000000000,6237,3760399,7998,3459748,13628,6957418
200,7/1/2021 15:00:00,5445,3503192,7003.000000000000000,3204099,505.000000000000000,263157.000000000000000,5950,3766349,7508,3467256,12953,6970371
201,7/2/2021 15:00:00,5298,3508490,6850.000000000000000,3210949,527.000000000000000,263684.000000000000000,5825,3772174,7377,3474633,12675,6983046
202,7/3/2021 15:00:00,3275,3511765,4071.000000000000000,3215020,264.000000000000000,263948.000000000000000,3539,3775713,4335,3478968,7610,6990656
203,7/4/2021 15:00:00,493,3512258,551.000000000000000,3215571,69.000000000000000,264017.000000000000000,562,3776275,620,3479588,1113,6991769
204,7/5/2021 15:00:00,3771,3516029,3953.000000000000000,3219524,287.000000000000000,264304.000000000000000,4058,3780333,4240,3483828,8011,6999780
205,7/6/2021 15:00:00,4497,3520526,6285.000000000000000,3225809,455.000000000000000,264759.000000000000000,4952,3785285,6740,3490568,11237,7011017
206,7/7/2021 15:00:00,4471,3524997,6419.000000000000000,3232228,483.000000000000000,265242.000000000000000,4954,3790239,6902,3497470,11373,7022390
207,7/8/2021 15:00:00,4837,3529834,6187.000000000000000,3238415,564.000000000000000,265806.000000000000000,5401,3795640,6751,3504221,11588,7033978
208,7/9/2021 15:00:00,5364,3535198,6680.000000000000000,3245095,573.000000000000000,266379.000000000000000,5937,3801577,7253,3511474,12617,7046595
209,7/10/2021 15:00:00,3522,3538720,4407.000000000000000,3249502,305.000000000000000,266684.000000000000000,3827,3805404,4712,3516186,8234,7054829
210,7/11/2021 15:00:00,2681,3541401,2578.000000000000000,3252080,227.000000000000000,266911.000000000000000,2908,3808312,2805,3518991,5486,7060315
211,7/12/2021 15:00:00,4427,3545828,5132.000000000000000,3257212,379.000000000000000,267290.000000000000000,4806,3813118,5511,3524502,9938,7070253
212,7/13/2021 15:00:00,4668,3550496,4727.000000000000000,3261939,366.000000000000000,267656.000000000000000,5034,3818152,5093,3529595,9761,7080014
213,7/14/2021 15:00:00,4626,3555122,5289.000000000000000,3267228,422.000000000000000,268078.000000000000000,5048,3823200,5711,3535306,10337,7090351
214,7/15/2021 15:00:00,4913,3560035,5021.000000000000000,3272249,358.000000000000000,268436.000000000000000,5271,3828471,5379,3540685,10292,7100643
215,7/16/2021 15:00:00,6274,3566309,5853.000000000000000,3278102,405.000000000000000,268841.000000000000000,6679,3835150,6258,3546943,12532,7113175
216,7/17/2021 15:00:00,3417,3569726,3554.000000000000000,3281656,303.000000000000000,269144.000000000000000,3720,3838870,3857,3550800,7274,7120449
217,7/18/2021 15:00:00,2311,3572037,2383.000000000000000,3284039,110.000000000000000,269254.000000000000000,2421,3841291,2493,3553293,4804,7125253
218,7/19/2021 15:00:00,5147,3577184,4616.000000000000000,3288655,383.000000000000000,269637.000000000000000,5530,3846821,4999,3558292,10146,7135399
219,7/20/2021 15:00:00,5346,3582530,4728.000000000000000,3293383,367.000000000000000,270004.000000000000000,5713,3852534,5095,3563387,10441,7145840
220,7/21/2021 15:00:00,5667,3588197,4957.000000000000000,3298340,416.000000000000000,270420.000000000000000,6083,3858617,5373,3568760,11040,7156880
221,7/22/2021 15:00:00,6033,3594230,4651.000000000000000,3302991,472.000000000000000,270892.000000000000000,6505,3865122,5123,3573883,11156,7168036
222,7/23/2021 15:00:00,6849,3601079,4851.000000000000000,3307842,499.000000000000000,271391.000000000000000,7348,3872470,5350,3579233,12199,7180235
223,7/24/2021 15:00:00,4282,3605361,3209.000000000000000,3311051,267.000000000000000,271658.000000000000000,4549,3877019,3476,3582709,7758,7187993
224,7/25/2021 15:00:00,3301,3608662,1122.000000000000000,3312173,140.000000000000000,271798.000000000000000,3441,3880460,1262,3583971,4563,7192556
225,7/26/2021 15:00:00,6220,3614882,3912.000000000000000,3316085,419.000000000000000,272217.000000000000000,6639,3887099,4331,3588302,10551,7203107
226,7/27/2021 15:00:00,6605,3621487,4293.000000000000000,3320378,458.000000000000000,272675.000000000000000,7063,3894162,4751,3593053,11356,7214463
227,7/28/2021 15:00:00,7091,3628578,4153.000000000000000,3324531,460.000000000000000,273135.000000000000000,7551,3901713,4613,3597666,11704,7226167
228,7/29/2021 15:00:00,7086,3635664,4313.000000000000000,3328844,419.000000000000000,273554.000000000000000,7505,3909218,4732,3602398,11818,7237985
229,7/30/2021 15:00:00,7826,3643490,4813.000000000000000,3333657,527.000000000000000,274081.000000000000000,8353,3917571,5340,3607738,13166,7251151
230,7/31/2021 15:00:00,4794,3648284,3083.000000000000000,3336740,274.000000000000000,274355.000000000000000,5068,3922639,3357,3611095,8151,7259302
231,8/1/2021 15:00:00,3911,3652195,2192.000000000000000,3338932,165.000000000000000,274520.000000000000000,4076,3926715,2357,3613452,6268,7265570
232,8/2/2021 15:00:00,7279,3659474,3852.000000000000000,3342784,342.000000000000000,274862.000000000000000,7621,3934336,4194,3617646,11473,7277043
233,8/3/2021 15:00:00,7276,3666750,4109.000000000000000,3346893,517.000000000000000,275379.000000000000000,7793,3942129,4626,3622272,11902,7288945
234,8/4/2021 15:00:00,7442,3674192,4129.000000000000000,3351022,536.000000000000000,275915.000000000000000,7978,3950107,4665,3626937,12107,7301052
235,8/5/2021 15:00:00,7965,3682157,4343.000000000000000,3355365,540.000000000000000,276455.000000000000000,8505,3958612,4883,3631820,12848,7313900
236,8/6/2021 15:00:00,8341,3690498,4743.000000000000000,3360108,454.000000000000000,276909.000000000000000,8795,3967407,5197,3637017,13538,7327438
237,8/7/2021 15:00:00,5304,3695802,2843.000000000000000,3362951,264.000000000000000,277173.000000000000000,5568,3972975,3107,3640124,8411,7335849
238,8/8/2021 15:00:00,3979,3699781,2063.000000000000000,3365014,146.000000000000000,277319.000000000000000,4125,3977100,2209,3642333,6188,7342037
239,8/9/2021 15:00:00,6960,3706741,4568.000000000000000,3369582,370.000000000000000,277689.000000000000000,7330,3984430,4938,3647271,11898,7353935
240,8/10/2021 15:00:00,7176,3713917,4498.000000000000000,3374080,340.000000000000000,278029.000000000000000,7516,3991946,4838,3652109,12014,7365949
241,8/11/2021 15:00:00,7102,3721019,4453.000000000000000,3378533,443.000000000000000,278472.000000000000000,7545,3999491,4896,3657005,11998,7377947
242,8/12/2021 15:00:00,8663,3729682,4768.000000000000000,3383301,445.000000000000000,278917.000000000000000,9108,4008599,5213,3662218,13876,7391823
243,8/13/2021 15:00:00,7182,3736864,5412.000000000000000,3388713,397.000000000000000,279314.000000000000000,7579,4016178,5809,3668027,12991,7404814
244,8/14/2021 15:00:00,4924,3741788,3349.000000000000000,3392062,285.000000000000000,279599.000000000000000,5209,4021387,3634,3671661,8558,7413372
245,8/15/2021 15:00:00,3328,3745116,2741.000000000000000,3394803,163.000000000000000,279762.000000000000000,3491,4024878,2904,3674565,6232,7419604
246,8/16/2021 15:00:00,5456,3750572,5093.000000000000000,3399896,354.000000000000000,280116.000000000000000,5810,4030688,5447,3680012,10903,7430507
247,8/17/2021 15:00:00,6821,3757393,5364.000000000000000,3405260,391.000000000000000,280507.000000000000000,7212,4037900,5755,3685767,12576,7443083
248,8/18/2021 15:00:00,6339,3763732,5515.000000000000000,3410775,481.000000000000000,280988.000000000000000,6820,4044720,5996,3691763,12335,7455418
249,8/19/2021 15:00:00,6231,3769963,5575.000000000000000,3416350,417.000000000000000,281405.000000000000000,6648,4051368,5992,3697755,12223,7467641
250,8/20/2021 15:00:00,6848,3776811,6557.000000000000000,3422907,401.000000000000000,281806.000000000000000,7249,4058617,6958,3704713,13806,7481447
251,8/21/2021 15:00:00,4342,3781153,3920.000000000000000,3426827,229.000000000000000,282035.000000000000000,4571,4063188,4149,3708862,8491,7489938
252,8/22/2021 15:00:00,3060,3784213,3170.000000000000000,3429997,110.000000000000000,282145.000000000000000,3170,4066358,3280,3712142,6340,7496278
253,8/23/2021 15:00:00,5998,3790211,6111.000000000000000,3436108,287.000000000000000,282432.000000000000000,6285,4072643,6398,3718540,12396,7508674
254,8/24/2021 15:00:00,6549,3796760,6079.000000000000000,3442187,425.000000000000000,282857.000000000000000,6974,4079617,6504,3725044,13053,7521727
255,8/25/2021 15:00:00,6731,3803491,6237.000000000000000,3448424,440.000000000000000,283297.000000000000000,7171,4086788,6677,3731721,13408,7535135
256,8/26/2021 15:00:00,6970,3810461,6662.000000000000000,3455086,428.000000000000000,283725.000000000000000,7398,4094186,7090,3738811,14060,7549195
257,8/27/2021 15:00:00,6834,3817295,7088.000000000000000,3462174,317.000000000000000,284042.000000000000000,7151,4101337,7405,3746216,14239,7563434
258,8/28/2021 15:00:00,6909,3824204,6527.000000000000000,3468701,326.000000000000000,284368.000000000000000,7235,4108572,6853,3753069,13762,7577196
259,8/29/2021 15:00:00,3739,3827943,3693.000000000000000,3472394,610.000000000000000,284978.000000000000000,4349,4112921,4303,3757372,8042,7585238
260,8/30/2021 15:00:00,5931,3833874,6135.000000000000000,3478529,960.000000000000000,285938.000000000000000,6891,4119812,7095,3764467,13026,7598264
261,8/31/2021 15:00:00,5903,3839777,6080.000000000000000,3484609,946.000000000000000,286884.000000000000000,6849,4126661,7026,3771493,12929,7611193
262,9/1/2021 15:00:00,5607,3845384,5726.000000000000000,3490335,918.000000000000000,287802.000000000000000,6525,4133186,6644,3778137,12251,7623444
263,9/2/2021 15:00:00,5525,3850909,5963.000000000000000,3496298,709.000000000000000,288511.000000000000000,6234,4139420,6672,3784809,12197,7635641
264,9/3/2021 15:00:00,6013,3856922,6949.000000000000000,3503247,977.000000000000000,289488.000000000000000,6990,4146410,7926,3792735,13939,7649580
265,9/4/2021 15:00:00,3733,3860655,4357.000000000000000,3507604,878.000000000000000,290366.000000000000000,4611,4151021,5235,3797970,8968,7658548
266,9/5/2021 15:00:00,2958,3863613,2813.000000000000000,3510417,106.000000000000000,290472.000000000000000,3064,4154085,2919,3800889,5877,7664425
267,9/6/2021 15:00:00,1059,3864672,1161.000000000000000,3511578,69.000000000000000,290541.000000000000000,1128,4155213,1230,3802119,2289,7666714
268,9/7/2021 15:00:00,5350,3870022,7306.000000000000000,3518884,2303.000000000000000,292844.000000000000000,7653,4162866,9609,3811728,14959,7681673
269,9/8/2021 15:00:00,4657,3874679,5491.000000000000000,3524375,364.000000000000000,293208.000000000000000,5021,4167887,5855,3817583,10512,7692185
270,9/9/2021 15:00:00,5020,3879699,5469.000000000000000,3529844,325.000000000000000,293533.000000000000000,5345,4173232,5794,3823377,10814,7702999
271,9/10/2021 15:00:00,6528,3886227,6673.000000000000000,3536517,1719.000000000000000,295252.000000000000000,8247,4181479,8392,3831769,14920,7717919
272,9/11/2021 15:00:00,4178,3890405,4348.000000000000000,3540865,666.000000000000000,295918.000000000000000,4844,4186323,5014,3836783,9192,7727111
273,9/12/2021 15:00:00,3172,3893577,3239.000000000000000,3544104,436.000000000000000,296354.000000000000000,3608,4189931,3675,3840458,6847,7733958
274,9/13/2021 15:00:00,4886,3898463,5074.000000000000000,3549178,347.000000000000000,296701.000000000000000,5233,4195164,5421,3845879,10307,7744265
275,9/14/2021 15:00:00,4777,3903240,5447.000000000000000,3554625,437.000000000000000,297138.000000000000000,5214,4200378,5884,3851763,10661,7754926
276,9/15/2021 15:00:00,5045,3908285,5891.000000000000000,3560516,392.000000000000000,297530.000000000000000,5437,4205815,6283,3858046,11328,7766254
277,9/16/2021 15:00:00,4811,3913096,5853.000000000000000,3566369,336.000000000000000,297866.000000000000000,5147,4210962,6189,3864235,11000,7777254
278,9/17/2021 15:00:00,5284,3918380,6585.000000000000000,3572954,344.000000000000000,298210.000000000000000,5628,4216590,6929,3871164,12213,7789467
279,9/18/2021 15:00:00,3823,3922203,4582.000000000000000,3577536,186.000000000000000,298396.000000000000000,4009,4220599,4768,3875932,8591,7798058
280,9/19/2021 15:00:00,2741,3924944,3177.000000000000000,3580713,75.000000000000000,298471.000000000000000,2816,4223415,3252,3879184,5993,7804051
281,9/20/2021 15:00:00,3752,3928696,4683.000000000000000,3585396,429.000000000000000,298900.000000000000000,4181,4227596,5112,3884296,8864,7812915
282,9/21/2021 15:00:00,4000,3932696,5013.000000000000000,3590409,327.000000000000000,299227.000000000000000,4327,4231923,5340,3889636,9340,7822255
283,9/22/2021 15:00:00,4190,3936886,4789.000000000000000,3595198,459.000000000000000,299686.000000000000000,4649,4236572,5248,3894884,9438,7831693
284,9/23/2021 15:00:00,4185,3941071,4732.000000000000000,3599930,492.000000000000000,300178.000000000000000,4677,4241249,5224,3900108,9409,7841102
285,9/24/2021 15:00:00,5088,3946159,5618.000000000000000,3605548,422.000000000000000,300600.000000000000000,5510,4246759,6040,3906148,11128,7852230
286,9/25/2021 15:00:00,3640,3949799,3630.000000000000000,3609178,384.000000000000000,300984.000000000000000,4024,4250783,4014,3910162,7654,7859884
287,9/26/2021 15:00:00,2348,3952147,2666.000000000000000,3611844,431.000000000000000,301415.000000000000000,2779,4253562,3097,3913259,5445,7865329
288,9/27/2021 15:00:00,4508,3956655,2712.000000000000000,3614556,512.000000000000000,301927.000000000000000,5020,4258582,3224,3916483,7732,7873061
289,9/28/2021 15:00:00,4405,3961060,4453.000000000000000,3619009,211.000000000000000,302138.000000000000000,4616,4263198,4664,3921147,9069,7882130
290,9/29/2021 15:00:00,4690,3965750,4522.000000000000000,3623531,920.000000000000000,303058.000000000000000,5610,4268808,5442,3926589,10132,7892262
291,9/30/2021 15:00:00,4894,3970644,4569.000000000000000,3628100,796.000000000000000,303854.000000000000000,5690,4274498,5365,3931954,10259,7902521
292,10/1/2021 15:00:00,5522,3976166,5357.000000000000000,3633457,785.000000000000000,304639.000000000000000,6307,4280805,6142,3938096,11664,7914185
293,10/2/2021 15:00:00,2945,3979111,2898.000000000000000,3636355,187.000000000000000,304826.000000000000000,3132,4283937,3085,3941181,6030,7920215
294,10/3/2021 15:00:00,2074,3981185,2379.000000000000000,3638734,86.000000000000000,304912.000000000000000,2160,4286097,2465,3943646,4539,7924754
295,10/4/2021 15:00:00,4027,3985212,3500.000000000000000,3642234,232.000000000000000,305144.000000000000000,4259,4290356,3732,3947378,7759,7932513
296,10/5/2021 15:00:00,3954,3989166,3662.000000000000000,3645896,207.000000000000000,305351.000000000000000,4161,4294517,3869,3951247,7823,7940336
297,10/6/2021 15:00:00,4023,3993189,3572.000000000000000,3649468,266.000000000000000,305617.000000000000000,4289,4298806,3838,3955085,7861,7948197
298,10/7/2021 15:00:00,4233,3997422,3629.000000000000000,3653097,332.000000000000000,305949.000000000000000,4565,4303371,3961,3959046,8194,7956391
299,10/8/2021 15:00:00,4773,4002195,4290.000000000000000,3657387,283.000000000000000,306232.000000000000000,5056,4308427,4573,3963619,9346,7965737
300,10/9/2021 15:00:00,2693,4004888,2677.000000000000000,3660064,270.000000000000000,306502.000000000000000,2963,4311390,2947,3966566,5640,7971377
301,10/10/2021 15:00:00,1860,4006748,1850.000000000000000,3661914,59.000000000000000,306561.000000000000000,1919,4313309,1909,3968475,3769,7975146
302,10/11/2021 15:00:00,4210,4010958,3313.000000000000000,3665227,250.000000000000000,306811.000000000000000,4460,4317769,3563,3972038,7773,7982919
303,10/12/2021 15:00:00,3602,4014560,3534.000000000000000,3668761,274.000000000000000,307085.000000000000000,3876,4321645,3808,3975846,7410,7990329
304,10/13/2021 15:00:00,3983,4018543,3457.000000000000000,3672218,346.000000000000000,307431.000000000000000,4329,4325974,3803,3979649,7786,7998115
305,10/14/2021 15:00:00,5165,4023708,5496.000000000000000,3677714,431.000000000000000,307862.000000000000000,5596,4331570,5927,3985576,11092,8009207
306,10/15/2021 15:00:00,4758,4028466,4604.000000000000000,3682318,347.000000000000000,308209.000000000000000,5105,4336675,4951,3990527,9709,8018916
307,10/16/2021 15:00:00,2496,4030962,2517.000000000000000,3684835,291.000000000000000,308500.000000000000000,2787,4339462,2808,3993335,5304,8024220
308,10/17/2021 15:00:00,1805,4032767,1774.000000000000000,3686609,55.000000000000000,308555.000000000000000,1860,4341322,1829,3995164,3634,8027854
309,10/18/2021 15:00:00,4280,4037047,3577.000000000000000,3690186,268.000000000000000,308823.000000000000000,4548,4345870,3845,3999009,8125,8035979
310,10/19/2021 15:00:00,4303,4041350,4007.000000000000000,3694193,223.000000000000000,309046.000000000000000,4526,4350396,4230,4003239,8533,8044512
311,10/20/2021 15:00:00,3539,4044889,3422.000000000000000,3697615,255.000000000000000,309301.000000000000000,3794,4354190,3677,4006916,7216,8051728
312,10/21/2021 15:00:00,3300,4048189,3275.000000000000000,3700890,291.000000000000000,309592.000000000000000,3591,4357781,3566,4010482,6866,8058594
313,10/22/2021 15:00:00,4681,4052870,4033.000000000000000,3704923,477.000000000000000,310069.000000000000000,5158,4362939,4510,4014992,9191,8067785
314,10/23/2021 15:00:00,2883,4055753,2112.000000000000000,3707035,321.000000000000000,310390.000000000000000,3204,4366143,2433,4017425,5316,8073101
315,10/24/2021 15:00:00,2055,4057808,1551.000000000000000,3708586,79.000000000000000,310469.000000000000000,2134,4368277,1630,4019055,3685,8076786
316,10/25/2021 15:00:00,4547,4062355,3066.000000000000000,3711652,320.000000000000000,310789.000000000000000,4867,4373144,3386,4022441,7933,8084719
317,10/26/2021 15:00:00,4513,4066868,3076.000000000000000,3714728,316.000000000000000,311105.000000000000000,4829,4377973,3392,4025833,7905,8092624
318,10/27/2021 15:00:00,4734,4071602,3338.000000000000000,3718066,436.000000000000000,311541.000000000000000,5170,4383143,3774,4029607,8508,8101132
319,10/28/2021 15:00:00,4570,4076172,3361.000000000000000,3721427,501.000000000000000,312042.000000000000000,5071,4388214,3862,4033469,8432,8109564
320,10/29/2021 15:00:00,4990,4081162,3919.000000000000000,3725346,395.000000000000000,312437.000000000000000,5385,4393599,4314,4037783,9304,8118868
321,10/30/2021 15:00:00,2630,4083792,1841.000000000000000,3727187,307.000000000000000,312744.000000000000000,2937,4396536,2148,4039931,4778,8123646
322,10/31/2021 15:00:00,1933,4085725,1518.000000000000000,3728705,93.000000000000000,312837.000000000000000,2026,4398562,1611,4041542,3544,8127190
323,11/1/2021 15:00:00,4729,4090454,3436.000000000000000,3732141,350.000000000000000,313187.000000000000000,5079,4403641,3786,4045328,8515,8135705
324,11/2/2021 15:00:00,4263,4094717,2941.000000000000000,3735082,409.000000000000000,313596.000000000000000,4672,4408313,3350,4048678,7613,8143318
325,11/3/2021 15:00:00,4666,4099383,3047.000000000000000,3738129,464.000000000000000,314060.000000000000000,5130,4413443,3511,4052189,8177,8151495
326,11/4/2021 15:00:00,6319,4105702,3366.000000000000000,3741495,512.000000000000000,314572.000000000000000,6831,4420274,3878,4056067,10197,8161692
327,11/5/2021 15:00:00,8243,4113945,3769.000000000000000,3745264,413.000000000000000,314985.000000000000000,8656,4428930,4182,4060249,12425,8174117
328,11/6/2021 15:00:00,10179,4124124,1972.000000000000000,3747236,308.000000000000000,315293.000000000000000,10487,4439417,2280,4062529,12459,8186576
329,11/7/2021 15:00:00,7716,4131840,1461.000000000000000,3748697,95.000000000000000,315388.000000000000000,7811,4447228,1556,4064085,9272,8195848
330,11/8/2021 15:00:00,11307,4143147,3049.000000000000000,3751746,379.000000000000000,315767.000000000000000,11686,4458914,3428,4067513,14735,8210583
331,11/9/2021 15:00:00,11761,4154908,2646.000000000000000,3754392,268.000000000000000,316035.000000000000000,12029,4470943,2914,4070427,14675,8225258
332,11/10/2021 15:00:00,12591,4167499,2761.000000000000000,3757153,339.000000000000000,316374.000000000000000,12930,4483873,3100,4073527,15691,8240949
333,11/11/2021 15:00:00,11374,4178873,2373.000000000000000,3759526,280.000000000000000,316654.000000000000000,11654,4495527,2653,4076180,14027,8254976
334,11/12/2021 15:00:00,12297,4191170,3358.000000000000000,3762884,548.000000000000000,317202.000000000000000,12845,4508372,3906,4080086,16203,8271179
335,11/13/2021 15:00:00,9899,4201069,1593.000000000000000,3764477,342.000000000000000,317544.000000000000000,10241,4518613,1935,4082021,11834,8283013
336,11/14/2021 15:00:00,4199,4205268,1114.000000000000000,3765591,121.000000000000000,317665.000000000000000,4320,4522933,1235,4083256,5434,8288447
337,11/15/2021 15:00:00,8629,4213897,2517.000000000000000,3768108,210.000000000000000,317875.000000000000000,8839,4531772,2727,4085983,11356,8299803
338,11/16/2021 15:00:00,9231,4223128,2505.000000000000000,3770613,257.000000000000000,318132.000000000000000,9488,4541260,2762,4088745,11993,8311796
339,11/17/2021 15:00:00,9389,4232517,2861.000000000000000,3773474,312.000000000000000,318444.000000000000000,9701,4550961,3173,4091918,12562,8324358
340,11/18/2021 15:00:00,9281,4241798,2622.000000000000000,3776096,481.000000000000000,318925.000000000000000,9762,4560723,3103,4095021,12384,8336742
341,11/19/2021 15:00:00,9809,4251607,2919.000000000000000,3779015,380.000000000000000,319305.000000000000000,10189,4570912,3299,4098320,13108,8349850
342,11/20/2021 15:00:00,10635,4262242,1602.000000000000000,3780617,455.000000000000000,319760.000000000000000,11090,4582002,2057,4100377,12692,8362542
343,11/21/2021 15:00:00,4341,4266583,1201.000000000000000,3781818,100.000000000000000,319860.000000000000000,4441,4586443,1301,4101678,5642,8368184
344,11/22/2021 15:00:00,9828,4276411,2502.000000000000000,3784320,293.000000000000000,320153.000000000000000,10121,4596564,2795,4104473,12623,8380807
345,11/23/2021 15:00:00,9215,4285626,2394.000000000000000,3786714,283.000000000000000,320436.000000000000000,9498,4606062,2677,4107150,11892,8392699
346,11/24/2021 15:00:00,8173,4293799,2435.000000000000000,3789149,216.000000000000000,320652.000000000000000,8389,4614451,2651,4109801,10824,8403523
347,11/25/2021 15:00:00,239,4294038,78.000000000000000,3789227,10.000000000000000,320662.000000000000000,249,4614700,88,4109889,327,8403850
348,11/26/2021 15:00:00,5649,4299687,3961.000000000000000,3793188,153.000000000000000,320815.000000000000000,5802,4620502,4114,4114003,9763,8413613
349,11/27/2021 15:00:00,3780,4303467,5481.000000000000000,3798669,134.000000000000000,320949.000000000000000,3914,4624416,5615,4119618,9395,8423008
350,11/28/2021 15:00:00,2413,4305880,6384.000000000000000,3805053,77.000000000000000,321026.000000000000000,2490,4626906,6461,4126079,8874,8431882
351,11/29/2021 15:00:00,6382,4312262,9298.000000000000000,3814351,379.000000000000000,321405.000000000000000,6761,4633667,9677,4135756,16059,8447941
352,11/30/2021 15:00:00,6255,4318517,9317.000000000000000,3823668,264.000000000000000,321669.000000000000000,6519,4640186,9581,4145337,15836,8463777
353,12/1/2021 15:00:00,7325,4325842,9731.000000000000000,3833399,308.000000000000000,321977.000000000000000,7633,4647819,10039,4155376,17364,8481141
354,12/2/2021 15:00:00,6930,4332772,8787.000000000000000,3842186,450.000000000000000,322427.000000000000000,7380,4655199,9237,4164613,16167,8497308
355,12/3/2021 15:00:00,7614,4340386,9266.000000000000000,3851452,251.000000000000000,322678.000000000000000,7865,4663064,9517,4174130,17131,8514439
356,12/4/2021 15:00:00,5949,4346335,10055.000000000000000,3861507,467.000000000000000,323145.000000000000000,6416,4669480,10522,4184652,16471,8530910
357,12/5/2021 15:00:00,3445,4349780,3548.000000000000000,3865055,78.000000000000000,323223.000000000000000,3523,4673003,3626,4188278,7071,8537981
358,12/6/2021 15:00:00,6768,4356548,7098.000000000000000,3872153,281.000000000000000,323504.000000000000000,7049,4680052,7379,4195657,14147,8552128
359,12/7/2021 15:00:00,6422,4362970,7043.000000000000000,3879196,250.000000000000000,323754.000000000000000,6672,4686724,7293,4202950,13715,8565843
360,12/8/2021 15:00:00,6943,4369913,7415.000000000000000,3886611,315.000000000000000,324069.000000000000000,7258,4693982,7730,4210680,14673,8580516
361,12/9/2021 15:00:00,6548,4376461,7028.000000000000000,3893639,398.000000000000000,324467.000000000000000,6946,4700928,7426,4218106,13974,8594490
362,12/10/2021 15:00:00,7291,4383752,7327.000000000000000,3900966,232.000000000000000,324699.000000000000000,7523,4708451,7559,4225665,14850,8609340
363,12/11/2021 15:00:00,4462,4388214,7678.000000000000000,3908644,333.000000000000000,325032.000000000000000,4795,4713246,8011,4233676,12473,8621813
364,12/12/2021 15:00:00,4001,4392215,2771.000000000000000,3911415,60.000000000000000,325092.000000000000000,4061,4717307,2831,4236507,6832,8628645
365,12/13/2021 15:00:00,5696,4397911,5768.000000000000000,3917183,243.000000000000000,325335.000000000000000,5939,4723246,6011,4242518,11707,8640352
366,12/14/2021 15:00:00,6467,4404378,5931.000000000000000,3923114,222.000000000000000,325557.000000000000000,6689,4729935,6153,4248671,12620,8652972
367,12/15/2021 15:00:00,7176,4411554,5723.000000000000000,3928837,258.000000000000000,325815.000000000000000,7434,4737369,5981,4254652,13157,8666129
368,12/16/2021 15:00:00,7898,4419452,2824.000000000000000,3931661,423.000000000000000,326238.000000000000000,8321,4745690,3247,4257899,11145,8677274
369,12/17/2021 15:00:00,7853,4427305,4164.000000000000000,3935825,195.000000000000000,326433.000000000000000,8048,4753738,4359,4262258,12212,8689486
370,12/18/2021 15:00:00,5844,4433149,3185.000000000000000,3939010,298.000000000000000,326731.000000000000000,6142,4759880,3483,4265741,9327,8698813
371,12/19/2021 15:00:00,3375,4436524,1342.000000000000000,3940352,37.000000000000000,326768.000000000000000,3412,4763292,1379,4267120,4754,8703567
372,12/20/2021 15:00:00,8101,4444625,3748.000000000000000,3944100,173.000000000000000,326941.000000000000000,8274,4771566,3921,4271041,12022,8715589
373,12/21/2021 15:00:00,8998,4453623,4166.000000000000000,3948266,175.000000000000000,327116.000000000000000,9173,4780739,4341,4275382,13339,8728928
374,12/22/2021 15:00:00,8700,4462323,3877.000000000000000,3952143,184.000000000000000,327300.000000000000000,8884,4789623,4061,4279443,12761,8741689
375,12/23/2021 15:00:00,8418,4470741,3575.000000000000000,3955718,359.000000000000000,327659.000000000000000,8777,4798400,3934,4283377,12352,8754041
376,12/24/2021 15:00:00,1636,4472377,1011.000000000000000,3956729,39.000000000000000,327698.000000000000000,1675,4800075,1050,4284427,2686,8756727
377,12/25/2021 15:00:00,47,4472424,36.000000000000000,3956765,1.000000000000000,327699.000000000000000,48,4800123,37,4284464,84,8756811
378,12/26/2021 15:00:00,2518,4474942,1745.000000000000000,3958510,44.000000000000000,327743.000000000000000,2562,4802685,1789,4286253,4307,8761118
379,12/27/2021 15:00:00,7222,4482164,4007.000000000000000,3962517,297.000000000000000,328040.000000000000000,7519,4810204,4304,4290557,11526,8772644
380,12/28/2021 15:00:00,7952,4490116,3861.000000000000000,3966378,178.000000000000000,328218.000000000000000,8130,4818334,4039,4294596,11991,8784635
381,12/29/2021 15:00:00,8245,4498361,4019.000000000000000,3970397,156.000000000000000,328374.000000000000000,8401,4826735,4175,4298771,12420,8797055
382,12/30/2021 15:00:00,7490,4505851,3794.000000000000000,3974191,290.000000000000000,328664.000000000000000,7780,4834515,4084,4302855,11574,8808629
383,12/31/2021 15:00:00,2579,4508430,1532.000000000000000,3975723,90.000000000000000,328754.000000000000000,2669,4837184,1622,4304477,4201,8812830
384,1/1/2022 15:00:00,737,4509167,349.000000000000000,3976072,34.000000000000000,328788.000000000000000,771,4837955,383,4304860,1120,8813950
385,1/2/2022 15:00:00,2216,4511383,1649.000000000000000,3977721,48.000000000000000,328836.000000000000000,2264,4840219,1697,4306557,3913,8817863
386,1/3/2022 15:00:00,3399,4514782,2067.000000000000000,3979788,222.000000000000000,329058.000000000000000,3621,4843840,2289,4308846,5688,8823551
387,1/4/2022 15:00:00,5855,4520637,3491.000000000000000,3983279,165.000000000000000,329223.000000000000000,6020,4849860,3656,4312502,9511,8833062
388,1/5/2022 15:00:00,6838,4527475,4697.000000000000000,3987976,175.000000000000000,329398.000000000000000,7013,4856873,4872,4317374,11710,8844772
389,1/6/2022 15:00:00,6784,4534259,4825.000000000000000,3992801,265.000000000000000,329663.000000000000000,7049,4863922,5090,4322464,11874,8856646
390,1/7/2022 15:00:00,6010,4540269,3784.000000000000000,3996585,162.000000000000000,329825.000000000000000,6172,4870094,3946,4326410,9956,8866602
391,1/8/2022 15:00:00,4810,4545079,3913.000000000000000,4000498,78.000000000000000,329903.000000000000000,4888,4874982,3991,4330401,8801,8875403
392,1/9/2022 15:00:00,2765,4547844,2017.000000000000000,4002515,154.000000000000000,330057.000000000000000,2919,4877901,2171,4332572,4936,8880339
393,1/10/2022 15:00:00,6358,4554202,3845.000000000000000,4006360,161.000000000000000,330218.000000000000000,6519,4884420,4006,4336578,10364,8890703
394,1/11/2022 15:00:00,6571,4560773,4258.000000000000000,4010618,142.000000000000000,330360.000000000000000,6713,4891133,4400,4340978,10971,8901674
395,1/12/2022 15:00:00,6831,4567604,4444.000000000000000,4015062,225.000000000000000,330585.000000000000000,7056,4898189,4669,4345647,11500,8913174
396,1/13/2022 15:00:00,6680,4574284,4387.000000000000000,4019449,153.000000000000000,330738.000000000000000,6833,4905022,4540,4350187,11220,8924394
397,1/14/2022 15:00:00,7237,4581521,3291.000000000000000,4022740,252.000000000000000,330990.000000000000000,7489,4912511,3543,4353730,10780,8935174
398,1/15/2022 15:00:00,4278,4585799,1696.000000000000000,4024436,71.000000000000000,331061.000000000000000,4349,4916860,1767,4355497,6045,8941219
399,1/16/2022 15:00:00,2219,4588018,1321.000000000000000,4025757,116.000000000000000,331177.000000000000000,2335,4919195,1437,4356934,3656,8944875
400,1/17/2022 15:00:00,3630,4591648,2372.000000000000000,4028129,74.000000000000000,331251.000000000000000,3704,4922899,2446,4359380,6076,8950951
401,1/18/2022 15:00:00,5300,4596948,4202.000000000000000,4032331,102.000000000000000,331353.000000000000000,5402,4928301,4304,4363684,9604,8960555
402,1/19/2022 15:00:00,5299,4602247,4481.000000000000000,4036812,99.000000000000000,331452.000000000000000,5398,4933699,4580,4368264,9879,8970434
403,1/20/2022 15:00:00,4531,4606778,3629.000000000000000,4040441,176.000000000000000,331628.000000000000000,4707,4938406,3805,4372069,8336,8978770
404,1/21/2022 15:00:00,5607,4612385,2938.000000000000000,4043379,126.000000000000000,331754.000000000000000,5733,4944139,3064,4375133,8671,8987441
405,1/22/2022 15:00:00,3465,4615850,1724.000000000000000,4045103,134.000000000000000,331888.000000000000000,3599,4947738,1858,4376991,5323,8992764
406,1/23/2022 15:00:00,2032,4617882,1494.000000000000000,4046597,30.000000000000000,331918.000000000000000,2062,4949800,1524,4378515,3556,8996320
407,1/24/2022 15:00:00,4126,4622008,2770.000000000000000,4049367,89.000000000000000,332007.000000000000000,4215,4954015,2859,4381374,6985,9003305
408,1/25/2022 15:00:00,3819,4625827,3315.000000000000000,4052682,95.000000000000000,332102.000000000000000,3914,4957929,3410,4384784,7229,9010534
409,1/26/2022 15:00:00,3881,4629708,3697.000000000000000,4056379,94.000000000000000,332196.000000000000000,3975,4961904,3791,4388575,7672,9018206
410,1/27/2022 15:00:00,3782,4633490,3923.000000000000000,4060302,187.000000000000000,332383.000000000000000,3969,4965873,4110,4392685,7892,9026098
411,1/28/2022 15:00:00,3865,4637355,3276.000000000000000,4063578,75.000000000000000,332458.000000000000000,3940,4969813,3351,4396036,7216,9033314
412,1/29/2022 15:00:00,2309,4639664,2295.000000000000000,4065873,117.000000000000000,332575.000000000000000,2426,4972239,2412,4398448,4721,9038035
413,1/30/2022 15:00:00,1559,4641223,1638.000000000000000,4067511,16.000000000000000,332591.000000000000000,1575,4973814,1654,4400102,3213,9041248
414,1/31/2022 15:00:00,3002,4644225,3237.000000000000000,4070748,58.000000000000000,332649.000000000000000,3060,4976874,3295,4403397,6297,9047545
415,2/1/2022 15:00:00,2644,4646869,3409.000000000000000,4074157,75.000000000000000,332724.000000000000000,2719,4979593,3484,4406881,6128,9053673
416,2/2/2022 15:00:00,2819,4649688,3722.000000000000000,4077879,77.000000000000000,332801.000000000000000,2896,4982489,3799,4410680,6618,9060291
417,2/3/2022 15:00:00,2762,4652450,3656.000000000000000,4081535,42.000000000000000,332843.000000000000000,2804,4985293,3698,4414378,6460,9066751
418,2/4/2022 15:00:00,2782,4655232,4379.000000000000000,4085914,128.000000000000000,332971.000000000000000,2910,4988203,4507,4418885,7289,9074040
419,2/5/2022 15:00:00,1927,4657159,2898.000000000000000,4088812,112.000000000000000,333083.000000000000000,2039,4990242,3010,4421895,4937,9078977
420,2/6/2022 15:00:00,1081,4658240,1349.000000000000000,4090161,24.000000000000000,333107.000000000000000,1105,4991347,1373,4423268,2454,9081431
421,2/7/2022 15:00:00,2060,4660300,2692.000000000000000,4092853,47.000000000000000,333154.000000000000000,2107,4993454,2739,4426007,4799,9086230
422,2/8/2022 15:00:00,2085,4662385,3072.000000000000000,4095925,63.000000000000000,333217.000000000000000,2148,4995602,3135,4429142,5220,9091450
423,2/9/2022 15:00:00,2206,4664591,3310.000000000000000,4099235,75.000000000000000,333292.000000000000000,2281,4997883,3385,4432527,5591,9097041
424,2/10/2022 15:00:00,2095,4666686,2866.000000000000000,4102101,55.000000000000000,333347.000000000000000,2150,5000033,2921,4435448,5016,9102057
425,2/11/2022 15:00:00,2471,4669157,3490.000000000000000,4105591,121.000000000000000,333468.000000000000000,2592,5002625,3611,4439059,6082,9108139
426,2/12/2022 15:00:00,1659,4670816,2276.000000000000000,4107867,97.000000000000000,333565.000000000000000,1756,5004381,2373,4441432,4032,9112171
427,2/13/2022 15:00:00,738,4671554,1085.000000000000000,4108952,17.000000000000000,333582.000000000000000,755,5005136,1102,4442534,1840,9114011
428,2/14/2022 15:00:00,1467,4673021,2237.000000000000000,4111189,65.000000000000000,333647.000000000000000,1532,5006668,2302,4444836,3769,9117780
429,2/15/2022 15:00:00,1936,4674957,2446.000000000000000,4113635,47.000000000000000,333694.000000000000000,1983,5008651,2493,4447329,4429,9122209
430,2/16/2022 15:00:00,1672,4676629,2416.000000000000000,4116051,52.000000000000000,333746.000000000000000,1724,5010375,2468,4449797,4140,9126349
431,2/17/2022 15:00:00,16829,4693458,12970.000000000000000,4129021,483.000000000000000,334229.000000000000000,17312,5027687,13453,4463250,30282,9156631
432,2/18/2022 15:00:00,1905,4695363,2462.000000000000000,4131483,46.000000000000000,334275.000000000000000,1951,5029638,2508,4465758,4413,9161044
433,2/19/2022 15:00:00,1174,4696537,1601.000000000000000,4133084,39.000000000000000,334314.000000000000000,1213,5030851,1640,4467398,2814,9163858
434,2/20/2022 15:00:00,671,4697208,775.000000000000000,4133859,13.000000000000000,334327.000000000000000,684,5031535,788,4468186,1459,9165317
435,2/21/2022 15:00:00,617,4697825,838.000000000000000,4134697,24.000000000000000,334351.000000000000000,641,5032176,862,4469048,1479,9166796