OBJECTID,VACCINATION_DATE,FirstDailyDose,FirstDoseCumulative,SecondDailyDose,SecondDoseCumulative,SingleDailyDose,SingleDoseCumulative,AtleastOneVaccine,AtleastOneVaccineCumulative,CompletedVax,CompletedVaxCumulative,FirstSecondSingleVaccination_12,FirstSecondSingleVaccination_13
1,12/14/2020 15:00:00,19,1405,,524,,,19,1405,0,524,19,1825
2,12/15/2020 15:00:00,61,1466,3.000000000000000,527,,,61,1466,3,527,64,1889
3,12/16/2020 15:00:00,595,2061,5.000000000000000,532,,,595,2061,5,532,600,2489
4,12/17/2020 15:00:00,1165,3226,8.000000000000000,540,,,1165,3226,8,540,1173,3662
5,12/18/2020 15:00:00,3021,6247,12.000000000000000,552,,,3021,6247,12,552,3033,6695
6,12/19/2020 15:00:00,931,7178,5.000000000000000,557,,,931,7178,5,557,936,7631
7,12/20/2020 15:00:00,364,7542,6.000000000000000,563,,,364,7542,6,563,370,8001
8,12/21/2020 15:00:00,3889,11431,26.000000000000000,589,,,3889,11431,26,589,3915,11916
9,12/22/2020 15:00:00,6324,17755,27.000000000000000,616,,,6324,17755,27,616,6351,18267
10,12/23/2020 15:00:00,5785,23540,36.000000000000000,652,,,5785,23540,36,652,5821,24088
11,12/24/2020 15:00:00,2729,26269,15.000000000000000,667,,,2729,26269,15,667,2744,26832
12,12/25/2020 15:00:00,1035,27304,4.000000000000000,671,,,1035,27304,4,671,1039,27871
13,12/26/2020 15:00:00,1883,29187,9.000000000000000,680,,,1883,29187,9,680,1892,29763
14,12/27/2020 15:00:00,1802,30989,12.000000000000000,692,,,1802,30989,12,692,1814,31577
15,12/28/2020 15:00:00,8983,39972,50.000000000000000,742,,,8983,39972,50,742,9033,40610
16,12/29/2020 15:00:00,10970,50942,53.000000000000000,795,,,10970,50942,53,795,11023,51633
17,12/30/2020 15:00:00,12494,63436,92.000000000000000,887,,,12494,63436,92,887,12586,64219
18,12/31/2020 15:00:00,7553,70989,47.000000000000000,934,,,7553,70989,47,934,7600,71819
19,1/1/2021 15:00:00,3307,74296,141.000000000000000,1075,,,3307,74296,141,1075,3448,75267
20,1/2/2021 15:00:00,3044,77340,34.000000000000000,1109,,,3044,77340,34,1109,3078,78345
21,1/3/2021 15:00:00,3411,80751,82.000000000000000,1191,,,3411,80751,82,1191,3493,81838
22,1/4/2021 15:00:00,13367,94118,336.000000000000000,1527,,,13367,94118,336,1527,13703,95541
23,1/5/2021 15:00:00,12487,106605,549.000000000000000,2076,,,12487,106605,549,2076,13036,108577
24,1/6/2021 15:00:00,15267,121872,864.000000000000000,2940,,,15267,121872,864,2940,16131,124708
25,1/7/2021 15:00:00,15040,136912,1779.000000000000000,4719,,,15040,136912,1779,4719,16819,141527
26,1/8/2021 15:00:00,24014,160926,2785.000000000000000,7504,,,24014,160926,2785,7504,26799,168326
27,1/9/2021 15:00:00,5174,166100,955.000000000000000,8459,,,5174,166100,955,8459,6129,174455
28,1/10/2021 15:00:00,2972,169072,384.000000000000000,8843,,,2972,169072,384,8843,3356,177811
29,1/11/2021 15:00:00,13729,182801,3470.000000000000000,12313,,,13729,182801,3470,12313,17199,195010
30,1/12/2021 15:00:00,17395,200196,5593.000000000000000,17906,,,17395,200196,5593,17906,22988,217998
31,1/13/2021 15:00:00,18621,218817,3930.000000000000000,21836,,,18621,218817,3930,21836,22551,240549
32,1/14/2021 15:00:00,17859,236676,1963.000000000000000,23799,,,17859,236676,1963,23799,19822,260371
33,1/15/2021 15:00:00,19484,256160,2033.000000000000000,25832,,,19484,256160,2033,25832,21517,281888
34,1/16/2021 15:00:00,5839,261999,1617.000000000000000,27449,,,5839,261999,1617,27449,7456,289344
35,1/17/2021 15:00:00,2124,264123,1480.000000000000000,28929,,,2124,264123,1480,28929,3604,292948
36,1/18/2021 15:00:00,7080,271203,3260.000000000000000,32189,,,7080,271203,3260,32189,10340,303288
37,1/19/2021 15:00:00,16958,288161,5406.000000000000000,37595,,,16958,288161,5406,37595,22364,325652
38,1/20/2021 15:00:00,21008,309169,5325.000000000000000,42920,,,21008,309169,5325,42920,26333,351985
39,1/21/2021 15:00:00,23816,332985,3851.000000000000000,46771,,,23816,332985,3851,46771,27667,379652
40,1/22/2021 15:00:00,28657,361642,3759.000000000000000,50530,,,28657,361642,3759,50530,32416,412068
41,1/23/2021 15:00:00,10124,371766,1943.000000000000000,52473,,,10124,371766,1943,52473,12067,424135
42,1/24/2021 15:00:00,3356,375122,1723.000000000000000,54196,,,3356,375122,1723,54196,5079,429214
43,1/25/2021 15:00:00,16307,391429,8606.000000000000000,62802,,,16307,391429,8606,62802,24913,454127
44,1/26/2021 15:00:00,17564,408993,8979.000000000000000,71781,,,17564,408993,8979,71781,26543,480670
45,1/27/2021 15:00:00,24439,433432,12555.000000000000000,84336,,,24439,433432,12555,84336,36994,517664
46,1/28/2021 15:00:00,22659,456091,9331.000000000000000,93667,,,22659,456091,9331,93667,31990,549654
47,1/29/2021 15:00:00,24785,480876,7930.000000000000000,101597,,,24785,480876,7930,101597,32715,582369
48,1/30/2021 15:00:00,17780,498656,2564.000000000000000,104161,,,17780,498656,2564,104161,20344,602713
49,1/31/2021 15:00:00,3765,502421,1371.000000000000000,105532,,,3765,502421,1371,105532,5136,607849
50,2/1/2021 15:00:00,8131,510552,5396.000000000000000,110928,,,8131,510552,5396,110928,13527,621376
51,2/2/2021 15:00:00,12514,523066,13831.000000000000000,124759,,,12514,523066,13831,124759,26345,647721
52,2/3/2021 15:00:00,18261,541327,18137.000000000000000,142896,,,18261,541327,18137,142896,36398,684119
53,2/4/2021 15:00:00,22136,563463,15795.000000000000000,158691,,,22136,563463,15795,158691,37931,722050
54,2/5/2021 15:00:00,20406,583869,17436.000000000000000,176127,,,20406,583869,17436,176127,37842,759892
55,2/6/2021 15:00:00,11370,595239,14534.000000000000000,190661,,,11370,595239,14534,190661,25904,785796
56,2/7/2021 15:00:00,5986,601225,1943.000000000000000,192604,,,5986,601225,1943,192604,7929,793725
57,2/8/2021 15:00:00,13006,614231,12972.000000000000000,205576,,,13006,614231,12972,205576,25978,819703
58,2/9/2021 15:00:00,16663,630894,13879.000000000000000,219455,,,16663,630894,13879,219455,30542,850245
59,2/10/2021 15:00:00,19315,650209,21315.000000000000000,240770,,,19315,650209,21315,240770,40630,890875
60,2/11/2021 15:00:00,22947,673156,17376.000000000000000,258146,,,22947,673156,17376,258146,40323,931198
61,2/12/2021 15:00:00,20423,693579,19667.000000000000000,277813,,,20423,693579,19667,277813,40090,971288
62,2/13/2021 15:00:00,11470,705049,6425.000000000000000,284238,,,11470,705049,6425,284238,17895,989183
63,2/14/2021 15:00:00,7118,712167,2136.000000000000000,286374,,,7118,712167,2136,286374,9254,998437
64,2/15/2021 15:00:00,11767,723934,13343.000000000000000,299717,,,11767,723934,13343,299717,25110,1023547
65,2/16/2021 15:00:00,16657,740591,21028.000000000000000,320745,,,16657,740591,21028,320745,37685,1061232
66,2/17/2021 15:00:00,20673,761264,26380.000000000000000,347125,,,20673,761264,26380,347125,47053,1108285
67,2/18/2021 15:00:00,3204,764468,4623.000000000000000,351748,,,3204,764468,4623,351748,7827,1116112
68,2/19/2021 15:00:00,10258,774726,19927.000000000000000,371675,,,10258,774726,19927,371675,30185,1146297
69,2/20/2021 15:00:00,10322,785048,20297.000000000000000,391972,,,10322,785048,20297,391972,30619,1176916
70,2/21/2021 15:00:00,6186,791234,7662.000000000000000,399634,,,6186,791234,7662,399634,13848,1190764
71,2/22/2021 15:00:00,8034,799268,15481.000000000000000,415115,,,8034,799268,15481,415115,23515,1214279
72,2/23/2021 15:00:00,15542,814810,15976.000000000000000,431091,,,15542,814810,15976,431091,31518,1245797
73,2/24/2021 15:00:00,18000,832810,24846.000000000000000,455937,,,18000,832810,24846,455937,42846,1288643
74,2/25/2021 15:00:00,20386,853196,26582.000000000000000,482519,,,20386,853196,26582,482519,46968,1335611
75,2/26/2021 15:00:00,26693,879889,26272.000000000000000,508791,,,26693,879889,26272,508791,52965,1388576
76,2/27/2021 15:00:00,16031,895920,11159.000000000000000,519950,,,16031,895920,11159,519950,27190,1415766
77,2/28/2021 15:00:00,15520,911440,4887.000000000000000,524837,,,15520,911440,4887,524837,20407,1436173
78,3/1/2021 15:00:00,27100,938540,12643.000000000000000,537480,,,27100,938540,12643,537480,39743,1475916
79,3/2/2021 15:00:00,23981,962521,13296.000000000000000,550776,36.000000000000000,36.000000000000000,24017,962557,13332,550812,37313,1513229
80,3/3/2021 15:00:00,30220,992741,18409.000000000000000,569185,189.000000000000000,225.000000000000000,30409,992966,18598,569410,48818,1562047
81,3/4/2021 15:00:00,31000,1023741,18247.000000000000000,587432,4068.000000000000000,4293.000000000000000,35068,1028034,22315,591725,53315,1615362
82,3/5/2021 15:00:00,30076,1053817,19751.000000000000000,607183,4909.000000000000000,9202.000000000000000,34985,1063019,24660,616385,54736,1670098
83,3/6/2021 15:00:00,18990,1072807,9531.000000000000000,616714,6010.000000000000000,15212.000000000000000,25000,1088019,15541,631926,34531,1704629
84,3/7/2021 15:00:00,12147,1084954,4928.000000000000000,621642,6610.000000000000000,21822.000000000000000,18757,1106776,11538,643464,23685,1728314
85,3/8/2021 15:00:00,25922,1110876,8858.000000000000000,630500,8273.000000000000000,30095.000000000000000,34195,1140971,17131,660595,43053,1771367
86,3/9/2021 15:00:00,26143,1137019,15488.000000000000000,645988,8342.000000000000000,38437.000000000000000,34485,1175456,23830,684425,49973,1821340
87,3/10/2021 15:00:00,29884,1166903,16043.000000000000000,662031,7939.000000000000000,46376.000000000000000,37823,1213279,23982,708407,53866,1875206
88,3/11/2021 15:00:00,36011,1202914,16415.000000000000000,678446,3981.000000000000000,50357.000000000000000,39992,1253271,20396,728803,56407,1931613
89,3/12/2021 15:00:00,36900,1239814,18140.000000000000000,696586,2928.000000000000000,53285.000000000000000,39828,1293099,21068,749871,57968,1989581
90,3/13/2021 15:00:00,22670,1262484,10330.000000000000000,706916,1629.000000000000000,54914.000000000000000,24299,1317398,11959,761830,34629,2024210
91,3/14/2021 15:00:00,17829,1280313,6734.000000000000000,713650,1007.000000000000000,55921.000000000000000,18836,1336234,7741,769571,25570,2049780
92,3/15/2021 15:00:00,29877,1310190,11351.000000000000000,725001,597.000000000000000,56518.000000000000000,30474,1366708,11948,781519,41825,2091605
93,3/16/2021 15:00:00,33472,1343662,13581.000000000000000,738582,770.000000000000000,57288.000000000000000,34242,1400950,14351,795870,47823,2139428
94,3/17/2021 15:00:00,37619,1381281,17071.000000000000000,755653,1181.000000000000000,58469.000000000000000,38800,1439750,18252,814122,55871,2195299
95,3/18/2021 15:00:00,41474,1422755,12679.000000000000000,768332,1354.000000000000000,59823.000000000000000,42828,1482578,14033,828155,55507,2250806
96,3/19/2021 15:00:00,38366,1461121,15429.000000000000000,783761,1045.000000000000000,60868.000000000000000,39411,1521989,16474,844629,54840,2305646
97,3/20/2021 15:00:00,24716,1485837,10227.000000000000000,793988,704.000000000000000,61572.000000000000000,25420,1547409,10931,855560,35647,2341293
98,3/21/2021 15:00:00,19186,1505023,7898.000000000000000,801886,337.000000000000000,61909.000000000000000,19523,1566932,8235,863795,27421,2368714
99,3/22/2021 15:00:00,32599,1537622,11499.000000000000000,813385,835.000000000000000,62744.000000000000000,33434,1600366,12334,876129,44933,2413647
100,3/23/2021 15:00:00,38405,1576027,17847.000000000000000,831232,1556.000000000000000,64300.000000000000000,39961,1640327,19403,895532,57808,2471455
101,3/24/2021 15:00:00,41075,1617102,21246.000000000000000,852478,1388.000000000000000,65688.000000000000000,42463,1682790,22634,918166,63709,2535164
102,3/25/2021 15:00:00,42902,1660004,21719.000000000000000,874197,2457.000000000000000,68145.000000000000000,45359,1728149,24176,942342,67078,2602242
103,3/26/2021 15:00:00,36373,1696377,26710.000000000000000,900907,2495.000000000000000,70640.000000000000000,38868,1767017,29205,971547,65578,2667820
104,3/27/2021 15:00:00,26470,1722847,17317.000000000000000,918224,2491.000000000000000,73131.000000000000000,28961,1795978,19808,991355,46278,2714098
105,3/28/2021 15:00:00,17009,1739856,12686.000000000000000,930910,1615.000000000000000,74746.000000000000000,18624,1814602,14301,1005656,31310,2745408
106,3/29/2021 15:00:00,29719,1769575,26384.000000000000000,957294,1143.000000000000000,75889.000000000000000,30862,1845464,27527,1033183,57246,2802654
107,3/30/2021 15:00:00,40046,1809621,29073.000000000000000,986367,1865.000000000000000,77754.000000000000000,41911,1887375,30938,1064121,70984,2873638
108,3/31/2021 15:00:00,41015,1850636,34738.000000000000000,1021105,5748.000000000000000,83502.000000000000000,46763,1934138,40486,1104607,81501,2955139
109,4/1/2021 15:00:00,42382,1893018,41111.000000000000000,1062216,5748.000000000000000,89250.000000000000000,48130,1982268,46859,1151466,89241,3044380
110,4/2/2021 15:00:00,34917,1927935,32729.000000000000000,1094945,6128.000000000000000,95378.000000000000000,41045,2023313,38857,1190323,73774,3118154
111,4/3/2021 15:00:00,21161,1949096,19226.000000000000000,1114171,4389.000000000000000,99767.000000000000000,25550,2048863,23615,1213938,44776,3162930
112,4/4/2021 15:00:00,8294,1957390,10220.000000000000000,1124391,968.000000000000000,100735.000000000000000,9262,2058125,11188,1225126,19482,3182412
113,4/5/2021 15:00:00,27950,1985340,28972.000000000000000,1153363,6658.000000000000000,107393.000000000000000,34608,2092733,35630,1260756,63580,3245992
114,4/6/2021 15:00:00,39797,2025137,30509.000000000000000,1183872,10496.000000000000000,117889.000000000000000,50293,2143026,41005,1301761,80802,3326794
115,4/7/2021 15:00:00,36092,2061229,34347.000000000000000,1218219,12991.000000000000000,130880.000000000000000,49083,2192109,47338,1349099,83430,3410224
116,4/8/2021 15:00:00,42344,2103573,36118.000000000000000,1254337,13864.000000000000000,144744.000000000000000,56208,2248317,49982,1399081,92326,3502550
117,4/9/2021 15:00:00,34066,2137639,36332.000000000000000,1290669,14528.000000000000000,159272.000000000000000,48594,2296911,50860,1449941,84926,3587476
118,4/10/2021 15:00:00,23468,2161107,23152.000000000000000,1313821,7640.000000000000000,166912.000000000000000,31108,2328019,30792,1480733,54260,3641736
119,4/11/2021 15:00:00,17577,2178684,13285.000000000000000,1327106,10124.000000000000000,177036.000000000000000,27701,2355720,23409,1504142,40986,3682722
120,4/12/2021 15:00:00,24580,2203264,33249.000000000000000,1360355,10899.000000000000000,187935.000000000000000,35479,2391199,44148,1548290,68728,3751450
121,4/13/2021 15:00:00,126144,2329408,91311.000000000000000,1451666,3293.000000000000000,191228.000000000000000,129437,2520636,94604,1642894,220748,3972198
122,4/14/2021 15:00:00,40721,2370129,37838.000000000000000,1489504,213.000000000000000,191441.000000000000000,40934,2561570,38051,1680945,78772,4050970
123,4/15/2021 15:00:00,41410,2411539,39569.000000000000000,1529073,176.000000000000000,191617.000000000000000,41586,2603156,39745,1720690,81155,4132125
124,4/16/2021 15:00:00,37142,2448681,38885.000000000000000,1567958,24.000000000000000,191641.000000000000000,37166,2640322,38909,1759599,76051,4208176
125,4/17/2021 15:00:00,32804,2481485,22033.000000000000000,1589991,12.000000000000000,191653.000000000000000,32816,2673138,22045,1781644,54849,4263025
126,4/18/2021 15:00:00,20064,2501549,16203.000000000000000,1606194,5.000000000000000,191658.000000000000000,20069,2693207,16208,1797852,36272,4299297
127,4/19/2021 15:00:00,29887,2531436,36559.000000000000000,1642753,61.000000000000000,191719.000000000000000,29948,2723155,36620,1834472,66507,4365804
128,4/20/2021 15:00:00,32925,2564361,44476.000000000000000,1687229,58.000000000000000,191777.000000000000000,32983,2756138,44534,1879006,77459,4443263
129,4/21/2021 15:00:00,39832,2604193,47067.000000000000000,1734296,26.000000000000000,191803.000000000000000,39858,2795996,47093,1926099,86925,4530188
130,4/22/2021 15:00:00,35854,2640047,42682.000000000000000,1776978,16.000000000000000,191819.000000000000000,35870,2831866,42698,1968797,78552,4608740
131,4/23/2021 15:00:00,33147,2673194,40163.000000000000000,1817141,14.000000000000000,191833.000000000000000,33161,2865027,40177,2008974,73324,4682064
132,4/24/2021 15:00:00,26412,2699606,27919.000000000000000,1845060,81.000000000000000,191914.000000000000000,26493,2891520,28000,2036974,54412,4736476
133,4/25/2021 15:00:00,20219,2719825,10992.000000000000000,1856052,31.000000000000000,191945.000000000000000,20250,2911770,11023,2047997,31242,4767718
134,4/26/2021 15:00:00,27387,2747212,32745.000000000000000,1888797,201.000000000000000,192146.000000000000000,27588,2939358,32946,2080943,60333,4828051
135,4/27/2021 15:00:00,26678,2773890,33093.000000000000000,1921890,1097.000000000000000,193243.000000000000000,27775,2967133,34190,2115133,60868,4888919
136,4/28/2021 15:00:00,28927,2802817,39556.000000000000000,1961446,1364.000000000000000,194607.000000000000000,30291,2997424,40920,2156053,69847,4958766
137,4/29/2021 15:00:00,27068,2829885,39764.000000000000000,2001210,1463.000000000000000,196070.000000000000000,28531,3025955,41227,2197280,68295,5027061
138,4/30/2021 15:00:00,28200,2858085,32294.000000000000000,2033504,1648.000000000000000,197718.000000000000000,29848,3055803,33942,2231222,62142,5089203
139,5/1/2021 15:00:00,20728,2878813,26714.000000000000000,2060218,1050.000000000000000,198768.000000000000000,21778,3077581,27764,2258986,48492,5137695
140,5/2/2021 15:00:00,10268,2889081,17067.000000000000000,2077285,822.000000000000000,199590.000000000000000,11090,3088671,17889,2276875,28157,5165852
141,5/3/2021 15:00:00,12731,2901812,28612.000000000000000,2105897,1916.000000000000000,201506.000000000000000,14647,3103318,30528,2307403,43259,5209111
142,5/4/2021 15:00:00,13562,2915374,38634.000000000000000,2144531,1740.000000000000000,203246.000000000000000,15302,3118620,40374,2347777,53936,5263047
143,5/5/2021 15:00:00,19321,2934695,37767.000000000000000,2182298,1922.000000000000000,205168.000000000000000,21243,3139863,39689,2387466,59010,5322057
144,5/6/2021 15:00:00,16920,2951615,40596.000000000000000,2222894,1722.000000000000000,206890.000000000000000,18642,3158505,42318,2429784,59238,5381295
145,5/7/2021 15:00:00,17587,2969202,37007.000000000000000,2259901,1959.000000000000000,208849.000000000000000,19546,3178051,38966,2468750,56553,5437848
146,5/8/2021 15:00:00,10794,2979996,31227.000000000000000,2291128,1291.000000000000000,210140.000000000000000,12085,3190136,32518,2501268,43312,5481160
147,5/9/2021 15:00:00,5077,2985073,12249.000000000000000,2303377,695.000000000000000,210835.000000000000000,5772,3195908,12944,2514212,18021,5499181
148,5/10/2021 15:00:00,8951,2994024,31056.000000000000000,2334433,1362.000000000000000,212197.000000000000000,10313,3206221,32418,2546630,41369,5540550
149,5/11/2021 15:00:00,12186,3006210,30286.000000000000000,2364719,1441.000000000000000,213638.000000000000000,13627,3219848,31727,2578357,43913,5584463
150,5/12/2021 15:00:00,13948,3020158,38625.000000000000000,2403344,1918.000000000000000,215556.000000000000000,15866,3235714,40543,2618900,54491,5638954
151,5/13/2021 15:00:00,21839,3041997,33513.000000000000000,2436857,1347.000000000000000,216903.000000000000000,23186,3258900,34860,2653760,56699,5695653
152,5/14/2021 15:00:00,24391,3066388,30062.000000000000000,2466919,1774.000000000000000,218677.000000000000000,26165,3285065,31836,2685596,56227,5751880
153,5/15/2021 15:00:00,21945,3088333,25110.000000000000000,2492029,1489.000000000000000,220166.000000000000000,23434,3308499,26599,2712195,48544,5800424
154,5/16/2021 15:00:00,9091,3097424,17587.000000000000000,2509616,1113.000000000000000,221279.000000000000000,10204,3318703,18700,2730895,27791,5828215
155,5/17/2021 15:00:00,16837,3114261,28414.000000000000000,2538030,1949.000000000000000,223228.000000000000000,18786,3337489,30363,2761258,47200,5875415
156,5/18/2021 15:00:00,21264,3135525,30691.000000000000000,2568721,1942.000000000000000,225170.000000000000000,23206,3360695,32633,2793891,53897,5929312
157,5/19/2021 15:00:00,27664,3163189,32433.000000000000000,2601154,1631.000000000000000,226801.000000000000000,29295,3389990,34064,2827955,61728,5991040
158,5/20/2021 15:00:00,20809,3183998,33276.000000000000000,2634430,1964.000000000000000,228765.000000000000000,22773,3412763,35240,2863195,56049,6047089
159,5/21/2021 15:00:00,19166,3203164,30355.000000000000000,2664785,1608.000000000000000,230373.000000000000000,20774,3433537,31963,2895158,51129,6098218
160,5/22/2021 15:00:00,16937,3220101,20695.000000000000000,2685480,1270.000000000000000,231643.000000000000000,18207,3451744,21965,2917123,38902,6137120
161,5/23/2021 15:00:00,8816,3228917,11450.000000000000000,2696930,965.000000000000000,232608.000000000000000,9781,3461525,12415,2929538,21231,6158351
162,5/24/2021 15:00:00,13568,3242485,17777.000000000000000,2714707,1474.000000000000000,234082.000000000000000,15042,3476567,19251,2948789,32819,6191170
163,5/25/2021 15:00:00,13073,3255558,18720.000000000000000,2733427,1329.000000000000000,235411.000000000000000,14402,3490969,20049,2968838,33122,6224292
164,5/26/2021 15:00:00,18313,3273871,19516.000000000000000,2752943,1512.000000000000000,236923.000000000000000,19825,3510794,21028,2989866,39341,6263633
165,5/27/2021 15:00:00,11689,3285560,18671.000000000000000,2771614,1116.000000000000000,238039.000000000000000,12805,3523599,19787,3009653,31476,6295109
166,5/28/2021 15:00:00,12419,3297979,19854.000000000000000,2791468,1401.000000000000000,239440.000000000000000,13820,3537419,21255,3030908,33674,6328783
167,5/29/2021 15:00:00,9517,3307496,11725.000000000000000,2803193,937.000000000000000,240377.000000000000000,10454,3547873,12662,3043570,22179,6350962
168,5/30/2021 15:00:00,4969,3312465,6435.000000000000000,2809628,596.000000000000000,240973.000000000000000,5565,3553438,7031,3050601,12000,6362962
169,5/31/2021 15:00:00,1779,3314244,3711.000000000000000,2813339,305.000000000000000,241278.000000000000000,2084,3555522,4016,3054617,5795,6368757
170,6/1/2021 15:00:00,9859,3324103,16448.000000000000000,2829787,1160.000000000000000,242438.000000000000000,11019,3566541,17608,3072225,27467,6396224
171,6/2/2021 15:00:00,10234,3334337,16821.000000000000000,2846608,960.000000000000000,243398.000000000000000,11194,3577735,17781,3090006,28015,6424239
172,6/3/2021 15:00:00,7899,3342236,21187.000000000000000,2867795,1087.000000000000000,244485.000000000000000,8986,3586721,22274,3112280,30173,6454412
173,6/4/2021 15:00:00,8195,3350431,22357.000000000000000,2890152,1120.000000000000000,245605.000000000000000,9315,3596036,23477,3135757,31672,6486084
174,6/5/2021 15:00:00,7003,3357434,19472.000000000000000,2909624,720.000000000000000,246325.000000000000000,7723,3603759,20192,3155949,27195,6513279
175,6/6/2021 15:00:00,3454,3360888,7255.000000000000000,2916879,423.000000000000000,246748.000000000000000,3877,3607636,7678,3163627,11132,6524411
176,6/7/2021 15:00:00,6858,3367746,15789.000000000000000,2932668,726.000000000000000,247474.000000000000000,7584,3615220,16515,3180142,23373,6547784
177,6/8/2021 15:00:00,6670,3374416,19734.000000000000000,2952402,830.000000000000000,248304.000000000000000,7500,3622720,20564,3200706,27234,6575018
178,6/9/2021 15:00:00,8202,3382618,23990.000000000000000,2976392,968.000000000000000,249272.000000000000000,9170,3631890,24958,3225664,33160,6608178
179,6/10/2021 15:00:00,7151,3389769,19141.000000000000000,2995533,895.000000000000000,250167.000000000000000,8046,3639936,20036,3245700,27187,6635365
180,6/11/2021 15:00:00,7486,3397255,17727.000000000000000,3013260,1125.000000000000000,251292.000000000000000,8611,3648547,18852,3264552,26338,6661703
181,6/12/2021 15:00:00,5243,3402498,14769.000000000000000,3028029,605.000000000000000,251897.000000000000000,5848,3654395,15374,3279926,20617,6682320
182,6/13/2021 15:00:00,1948,3404446,7633.000000000000000,3035662,427.000000000000000,252324.000000000000000,2375,3656770,8060,3287986,10008,6692328
183,6/14/2021 15:00:00,5654,3410100,11820.000000000000000,3047482,733.000000000000000,253057.000000000000000,6387,3663157,12553,3300539,18207,6710535
184,6/15/2021 15:00:00,5646,3415746,14343.000000000000000,3061825,873.000000000000000,253930.000000000000000,6519,3669676,15216,3315755,20862,6731397
185,6/16/2021 15:00:00,8757,3424503,21594.000000000000000,3083419,757.000000000000000,254687.000000000000000,9514,3679190,22351,3338106,31108,6762505
186,6/17/2021 15:00:00,6689,3431192,12367.000000000000000,3095786,720.000000000000000,255407.000000000000000,7409,3686599,13087,3351193,19776,6782281
187,6/18/2021 15:00:00,6835,3438027,12742.000000000000000,3108528,703.000000000000000,256110.000000000000000,7538,3694137,13445,3364638,20280,6802561
188,6/19/2021 15:00:00,4660,3442687,9382.000000000000000,3117910,615.000000000000000,256725.000000000000000,5275,3699412,9997,3374635,14657,6817218
189,6/20/2021 15:00:00,2503,3445190,5059.000000000000000,3122969,377.000000000000000,257102.000000000000000,2880,3702292,5436,3380071,7939,6825157
190,6/21/2021 15:00:00,5565,3450755,5339.000000000000000,3128308,635.000000000000000,257737.000000000000000,6200,3708492,5974,3386045,11539,6836696
191,6/22/2021 15:00:00,5344,3456099,9055.000000000000000,3137363,693.000000000000000,258430.000000000000000,6037,3714529,9748,3395793,15092,6851788
192,6/23/2021 15:00:00,6079,3462178,10338.000000000000000,3147701,646.000000000000000,259076.000000000000000,6725,3721254,10984,3406777,17063,6868851
193,6/24/2021 15:00:00,5938,3468116,8201.000000000000000,3155902,595.000000000000000,259671.000000000000000,6533,3727787,8796,3415573,14734,6883585
194,6/25/2021 15:00:00,5828,3473944,8668.000000000000000,3164570,620.000000000000000,260291.000000000000000,6448,3734235,9288,3424861,15116,6898701
195,6/26/2021 15:00:00,3705,3477649,6308.000000000000000,3170878,398.000000000000000,260689.000000000000000,4103,3738338,6706,3431567,10411,6909112
196,6/27/2021 15:00:00,2809,3480458,3524.000000000000000,3174402,185.000000000000000,260874.000000000000000,2994,3741332,3709,3435276,6518,6915630
197,6/28/2021 15:00:00,4920,3485378,6388.000000000000000,3180790,539.000000000000000,261413.000000000000000,5459,3746791,6927,3442203,11847,6927477
198,6/29/2021 15:00:00,5065,3490443,6477.000000000000000,3187267,520.000000000000000,261933.000000000000000,5585,3752376,6997,3449200,12062,6939539
199,6/30/2021 15:00:00,5626,3496069,7389.000000000000000,3194656,605.000000000000000,262538.000000000000000,6231,3758607,7994,3457194,13620,6953159
200,7/1/2021 15:00:00,5420,3501489,6989.000000000000000,3201645,500.000000000000000,263038.000000000000000,5920,3764527,7489,3464683,12909,6966068
201,7/2/2021 15:00:00,5294,3506783,6841.000000000000000,3208486,524.000000000000000,263562.000000000000000,5818,3770345,7365,3472048,12659,6978727
202,7/3/2021 15:00:00,3273,3510056,4069.000000000000000,3212555,264.000000000000000,263826.000000000000000,3537,3773882,4333,3476381,7606,6986333
203,7/4/2021 15:00:00,494,3510550,549.000000000000000,3213104,68.000000000000000,263894.000000000000000,562,3774444,617,3476998,1111,6987444
204,7/5/2021 15:00:00,3771,3514321,3955.000000000000000,3217059,287.000000000000000,264181.000000000000000,4058,3778502,4242,3481240,8013,6995457
205,7/6/2021 15:00:00,4494,3518815,6280.000000000000000,3223339,454.000000000000000,264635.000000000000000,4948,3783450,6734,3487974,11228,7006685
206,7/7/2021 15:00:00,4468,3523283,6417.000000000000000,3229756,482.000000000000000,265117.000000000000000,4950,3788400,6899,3494873,11367,7018052
207,7/8/2021 15:00:00,4838,3528121,6179.000000000000000,3235935,564.000000000000000,265681.000000000000000,5402,3793802,6743,3501616,11581,7029633
208,7/9/2021 15:00:00,5369,3533490,6667.000000000000000,3242602,573.000000000000000,266254.000000000000000,5942,3799744,7240,3508856,12609,7042242
209,7/10/2021 15:00:00,3521,3537011,4406.000000000000000,3247008,304.000000000000000,266558.000000000000000,3825,3803569,4710,3513566,8231,7050473
210,7/11/2021 15:00:00,2680,3539691,2574.000000000000000,3249582,226.000000000000000,266784.000000000000000,2906,3806475,2800,3516366,5480,7055953
211,7/12/2021 15:00:00,4423,3544114,5131.000000000000000,3254713,379.000000000000000,267163.000000000000000,4802,3811277,5510,3521876,9933,7065886
212,7/13/2021 15:00:00,4666,3548780,4721.000000000000000,3259434,366.000000000000000,267529.000000000000000,5032,3816309,5087,3526963,9753,7075639
213,7/14/2021 15:00:00,4623,3553403,5287.000000000000000,3264721,422.000000000000000,267951.000000000000000,5045,3821354,5709,3532672,10332,7085971
214,7/15/2021 15:00:00,4907,3558310,5015.000000000000000,3269736,359.000000000000000,268310.000000000000000,5266,3826620,5374,3538046,10281,7096252
215,7/16/2021 15:00:00,6276,3564586,5847.000000000000000,3275583,405.000000000000000,268715.000000000000000,6681,3833301,6252,3544298,12528,7108780
216,7/17/2021 15:00:00,3418,3568004,3552.000000000000000,3279135,303.000000000000000,269018.000000000000000,3721,3837022,3855,3548153,7273,7116053
217,7/18/2021 15:00:00,2311,3570315,2380.000000000000000,3281515,110.000000000000000,269128.000000000000000,2421,3839443,2490,3550643,4801,7120854
218,7/19/2021 15:00:00,5143,3575458,4611.000000000000000,3286126,383.000000000000000,269511.000000000000000,5526,3844969,4994,3555637,10137,7130991
219,7/20/2021 15:00:00,5339,3580797,4717.000000000000000,3290843,366.000000000000000,269877.000000000000000,5705,3850674,5083,3560720,10422,7141413
220,7/21/2021 15:00:00,5663,3586460,4946.000000000000000,3295789,416.000000000000000,270293.000000000000000,6079,3856753,5362,3566082,11025,7152438
221,7/22/2021 15:00:00,6033,3592493,4642.000000000000000,3300431,472.000000000000000,270765.000000000000000,6505,3863258,5114,3571196,11147,7163585
222,7/23/2021 15:00:00,6845,3599338,4849.000000000000000,3305280,498.000000000000000,271263.000000000000000,7343,3870601,5347,3576543,12192,7175777
223,7/24/2021 15:00:00,4284,3603622,3201.000000000000000,3308481,267.000000000000000,271530.000000000000000,4551,3875152,3468,3580011,7752,7183529
224,7/25/2021 15:00:00,3298,3606920,1121.000000000000000,3309602,140.000000000000000,271670.000000000000000,3438,3878590,1261,3581272,4559,7188088
225,7/26/2021 15:00:00,6218,3613138,3908.000000000000000,3313510,419.000000000000000,272089.000000000000000,6637,3885227,4327,3585599,10545,7198633
226,7/27/2021 15:00:00,6603,3619741,4287.000000000000000,3317797,458.000000000000000,272547.000000000000000,7061,3892288,4745,3590344,11348,7209981
227,7/28/2021 15:00:00,7085,3626826,4146.000000000000000,3321943,460.000000000000000,273007.000000000000000,7545,3899833,4606,3594950,11691,7221672
228,7/29/2021 15:00:00,7080,3633906,4303.000000000000000,3326246,419.000000000000000,273426.000000000000000,7499,3907332,4722,3599672,11802,7233474
229,7/30/2021 15:00:00,7820,3641726,4810.000000000000000,3331056,526.000000000000000,273952.000000000000000,8346,3915678,5336,3605008,13156,7246630
230,7/31/2021 15:00:00,4794,3646520,3082.000000000000000,3334138,274.000000000000000,274226.000000000000000,5068,3920746,3356,3608364,8150,7254780
231,8/1/2021 15:00:00,3892,3650412,2168.000000000000000,3336306,164.000000000000000,274390.000000000000000,4056,3924802,2332,3610696,6224,7261004
232,8/2/2021 15:00:00,7273,3657685,3845.000000000000000,3340151,341.000000000000000,274731.000000000000000,7614,3932416,4186,3614882,11459,7272463
233,8/3/2021 15:00:00,7269,3664954,4106.000000000000000,3344257,517.000000000000000,275248.000000000000000,7786,3940202,4623,3619505,11892,7284355
234,8/4/2021 15:00:00,7423,3672377,4122.000000000000000,3348379,535.000000000000000,275783.000000000000000,7958,3948160,4657,3624162,12080,7296435
235,8/5/2021 15:00:00,7947,3680324,4299.000000000000000,3352678,538.000000000000000,276321.000000000000000,8485,3956645,4837,3628999,12784,7309219
236,8/6/2021 15:00:00,8324,3688648,4739.000000000000000,3357417,454.000000000000000,276775.000000000000000,8778,3965423,5193,3634192,13517,7322736
237,8/7/2021 15:00:00,5303,3693951,2841.000000000000000,3360258,264.000000000000000,277039.000000000000000,5567,3970990,3105,3637297,8408,7331144
238,8/8/2021 15:00:00,3975,3697926,2064.000000000000000,3362322,144.000000000000000,277183.000000000000000,4119,3975109,2208,3639505,6183,7337327
239,8/9/2021 15:00:00,6955,3704881,4562.000000000000000,3366884,370.000000000000000,277553.000000000000000,7325,3982434,4932,3644437,11887,7349214
240,8/10/2021 15:00:00,7162,3712043,4480.000000000000000,3371364,339.000000000000000,277892.000000000000000,7501,3989935,4819,3649256,11981,7361195
241,8/11/2021 15:00:00,7077,3719120,4447.000000000000000,3375811,443.000000000000000,278335.000000000000000,7520,3997455,4890,3654146,11967,7373162
242,8/12/2021 15:00:00,8628,3727748,4755.000000000000000,3380566,445.000000000000000,278780.000000000000000,9073,4006528,5200,3659346,13828,7386990
243,8/13/2021 15:00:00,7143,3734891,5379.000000000000000,3385945,397.000000000000000,279177.000000000000000,7540,4014068,5776,3665122,12919,7399909
244,8/14/2021 15:00:00,4916,3739807,3346.000000000000000,3389291,285.000000000000000,279462.000000000000000,5201,4019269,3631,3668753,8547,7408456
245,8/15/2021 15:00:00,3328,3743135,2739.000000000000000,3392030,163.000000000000000,279625.000000000000000,3491,4022760,2902,3671655,6230,7414686
246,8/16/2021 15:00:00,5441,3748576,5096.000000000000000,3397126,354.000000000000000,279979.000000000000000,5795,4028555,5450,3677105,10891,7425577
247,8/17/2021 15:00:00,6814,3755390,5361.000000000000000,3402487,390.000000000000000,280369.000000000000000,7204,4035759,5751,3682856,12565,7438142
248,8/18/2021 15:00:00,6325,3761715,5509.000000000000000,3407996,481.000000000000000,280850.000000000000000,6806,4042565,5990,3688846,12315,7450457
249,8/19/2021 15:00:00,6212,3767927,5554.000000000000000,3413550,417.000000000000000,281267.000000000000000,6629,4049194,5971,3694817,12183,7462640
250,8/20/2021 15:00:00,6838,3774765,6550.000000000000000,3420100,401.000000000000000,281668.000000000000000,7239,4056433,6951,3701768,13789,7476429
251,8/21/2021 15:00:00,4331,3779096,3918.000000000000000,3424018,230.000000000000000,281898.000000000000000,4561,4060994,4148,3705916,8479,7484908
252,8/22/2021 15:00:00,3060,3782156,3171.000000000000000,3427189,110.000000000000000,282008.000000000000000,3170,4064164,3281,3709197,6341,7491249
253,8/23/2021 15:00:00,5987,3788143,6100.000000000000000,3433289,287.000000000000000,282295.000000000000000,6274,4070438,6387,3715584,12374,7503623
254,8/24/2021 15:00:00,6544,3794687,6066.000000000000000,3439355,425.000000000000000,282720.000000000000000,6969,4077407,6491,3722075,13035,7516658
255,8/25/2021 15:00:00,6718,3801405,6222.000000000000000,3445577,441.000000000000000,283161.000000000000000,7159,4084566,6663,3728738,13381,7530039
256,8/26/2021 15:00:00,6964,3808369,6652.000000000000000,3452229,428.000000000000000,283589.000000000000000,7392,4091958,7080,3735818,14044,7544083
257,8/27/2021 15:00:00,6826,3815195,7073.000000000000000,3459302,317.000000000000000,283906.000000000000000,7143,4099101,7390,3743208,14216,7558299
258,8/28/2021 15:00:00,6895,3822090,6523.000000000000000,3465825,326.000000000000000,284232.000000000000000,7221,4106322,6849,3750057,13744,7572043
259,8/29/2021 15:00:00,3734,3825824,3692.000000000000000,3469517,610.000000000000000,284842.000000000000000,4344,4110666,4302,3754359,8036,7580079
260,8/30/2021 15:00:00,5923,3831747,6127.000000000000000,3475644,960.000000000000000,285802.000000000000000,6883,4117549,7087,3761446,13010,7593089
261,8/31/2021 15:00:00,5899,3837646,6069.000000000000000,3481713,946.000000000000000,286748.000000000000000,6845,4124394,7015,3768461,12914,7606003
262,9/1/2021 15:00:00,5589,3843235,5675.000000000000000,3487388,915.000000000000000,287663.000000000000000,6504,4130898,6590,3775051,12179,7618182
263,9/2/2021 15:00:00,5531,3848766,5926.000000000000000,3493314,707.000000000000000,288370.000000000000000,6238,4137136,6633,3781684,12164,7630346
264,9/3/2021 15:00:00,5991,3854757,6929.000000000000000,3500243,973.000000000000000,289343.000000000000000,6964,4144100,7902,3789586,13893,7644239
265,9/4/2021 15:00:00,3726,3858483,4353.000000000000000,3504596,878.000000000000000,290221.000000000000000,4604,4148704,5231,3794817,8957,7653196
266,9/5/2021 15:00:00,2956,3861439,2809.000000000000000,3507405,106.000000000000000,290327.000000000000000,3062,4151766,2915,3797732,5871,7659067
267,9/6/2021 15:00:00,1059,3862498,1155.000000000000000,3508560,65.000000000000000,290392.000000000000000,1124,4152890,1220,3798952,2279,7661346
268,9/7/2021 15:00:00,5344,3867842,7300.000000000000000,3515860,2303.000000000000000,292695.000000000000000,7647,4160537,9603,3808555,14947,7676293
269,9/8/2021 15:00:00,4653,3872495,5475.000000000000000,3521335,364.000000000000000,293059.000000000000000,5017,4165554,5839,3814394,10492,7686785
270,9/9/2021 15:00:00,5017,3877512,5456.000000000000000,3526791,324.000000000000000,293383.000000000000000,5341,4170895,5780,3820174,10797,7697582
271,9/10/2021 15:00:00,6522,3884034,6657.000000000000000,3533448,1719.000000000000000,295102.000000000000000,8241,4179136,8376,3828550,14898,7712480
272,9/11/2021 15:00:00,4173,3888207,4336.000000000000000,3537784,666.000000000000000,295768.000000000000000,4839,4183975,5002,3833552,9175,7721655
273,9/12/2021 15:00:00,3172,3891379,3239.000000000000000,3541023,436.000000000000000,296204.000000000000000,3608,4187583,3675,3837227,6847,7728502
274,9/13/2021 15:00:00,4885,3896264,5066.000000000000000,3546089,346.000000000000000,296550.000000000000000,5231,4192814,5412,3842639,10297,7738799
275,9/14/2021 15:00:00,4776,3901040,5438.000000000000000,3551527,436.000000000000000,296986.000000000000000,5212,4198026,5874,3848513,10650,7749449
276,9/15/2021 15:00:00,5038,3906078,5871.000000000000000,3557398,392.000000000000000,297378.000000000000000,5430,4203456,6263,3854776,11301,7760750
277,9/16/2021 15:00:00,4810,3910888,5844.000000000000000,3563242,336.000000000000000,297714.000000000000000,5146,4208602,6180,3860956,10990,7771740
278,9/17/2021 15:00:00,5259,3916147,6584.000000000000000,3569826,344.000000000000000,298058.000000000000000,5603,4214205,6928,3867884,12187,7783927
279,9/18/2021 15:00:00,3803,3919950,4577.000000000000000,3574403,185.000000000000000,298243.000000000000000,3988,4218193,4762,3872646,8565,7792492
280,9/19/2021 15:00:00,2741,3922691,3167.000000000000000,3577570,75.000000000000000,298318.000000000000000,2816,4221009,3242,3875888,5983,7798475
281,9/20/2021 15:00:00,3751,3926442,4680.000000000000000,3582250,430.000000000000000,298748.000000000000000,4181,4225190,5110,3880998,8861,7807336
282,9/21/2021 15:00:00,4000,3930442,5002.000000000000000,3587252,327.000000000000000,299075.000000000000000,4327,4229517,5329,3886327,9329,7816665
283,9/22/2021 15:00:00,4195,3934637,4773.000000000000000,3592025,458.000000000000000,299533.000000000000000,4653,4234170,5231,3891558,9426,7826091
284,9/23/2021 15:00:00,4176,3938813,4730.000000000000000,3596755,492.000000000000000,300025.000000000000000,4668,4238838,5222,3896780,9398,7835489
285,9/24/2021 15:00:00,5078,3943891,5603.000000000000000,3602358,422.000000000000000,300447.000000000000000,5500,4244338,6025,3902805,11103,7846592
286,9/25/2021 15:00:00,3625,3947516,3629.000000000000000,3605987,384.000000000000000,300831.000000000000000,4009,4248347,4013,3906818,7638,7854230
287,9/26/2021 15:00:00,2354,3949870,2665.000000000000000,3608652,428.000000000000000,301259.000000000000000,2782,4251129,3093,3909911,5447,7859677
288,9/27/2021 15:00:00,4506,3954376,2705.000000000000000,3611357,512.000000000000000,301771.000000000000000,5018,4256147,3217,3913128,7723,7867400
289,9/28/2021 15:00:00,4399,3958775,4448.000000000000000,3615805,211.000000000000000,301982.000000000000000,4610,4260757,4659,3917787,9058,7876458
290,9/29/2021 15:00:00,4694,3963469,4503.000000000000000,3620308,920.000000000000000,302902.000000000000000,5614,4266371,5423,3923210,10117,7886575
291,9/30/2021 15:00:00,4887,3968356,4560.000000000000000,3624868,795.000000000000000,303697.000000000000000,5682,4272053,5355,3928565,10242,7896817
292,10/1/2021 15:00:00,5501,3973857,5339.000000000000000,3630207,785.000000000000000,304482.000000000000000,6286,4278339,6124,3934689,11625,7908442
293,10/2/2021 15:00:00,2937,3976794,2895.000000000000000,3633102,187.000000000000000,304669.000000000000000,3124,4281463,3082,3937771,6019,7914461
294,10/3/2021 15:00:00,2073,3978867,2376.000000000000000,3635478,86.000000000000000,304755.000000000000000,2159,4283622,2462,3940233,4535,7918996
295,10/4/2021 15:00:00,4021,3982888,3497.000000000000000,3638975,232.000000000000000,304987.000000000000000,4253,4287875,3729,3943962,7750,7926746
296,10/5/2021 15:00:00,3951,3986839,3658.000000000000000,3642633,207.000000000000000,305194.000000000000000,4158,4292033,3865,3947827,7816,7934562
297,10/6/2021 15:00:00,4021,3990860,3571.000000000000000,3646204,266.000000000000000,305460.000000000000000,4287,4296320,3837,3951664,7858,7942420
298,10/7/2021 15:00:00,4233,3995093,3620.000000000000000,3649824,331.000000000000000,305791.000000000000000,4564,4300884,3951,3955615,8184,7950604
299,10/8/2021 15:00:00,4772,3999865,4283.000000000000000,3654107,283.000000000000000,306074.000000000000000,5055,4305939,4566,3960181,9338,7959942
300,10/9/2021 15:00:00,2691,4002556,2678.000000000000000,3656785,270.000000000000000,306344.000000000000000,2961,4308900,2948,3963129,5639,7965581
301,10/10/2021 15:00:00,1863,4004419,1850.000000000000000,3658635,59.000000000000000,306403.000000000000000,1922,4310822,1909,3965038,3772,7969353
302,10/11/2021 15:00:00,4207,4008626,3316.000000000000000,3661951,249.000000000000000,306652.000000000000000,4456,4315278,3565,3968603,7772,7977125
303,10/12/2021 15:00:00,3589,4012215,3512.000000000000000,3665463,273.000000000000000,306925.000000000000000,3862,4319140,3785,3972388,7374,7984499
304,10/13/2021 15:00:00,3954,4016169,3447.000000000000000,3668910,346.000000000000000,307271.000000000000000,4300,4323440,3793,3976181,7747,7992246
305,10/14/2021 15:00:00,5162,4021331,5489.000000000000000,3674399,431.000000000000000,307702.000000000000000,5593,4329033,5920,3982101,11082,8003328
306,10/15/2021 15:00:00,4710,4026041,4590.000000000000000,3678989,347.000000000000000,308049.000000000000000,5057,4334090,4937,3987038,9647,8012975
307,10/16/2021 15:00:00,2496,4028537,2504.000000000000000,3681493,291.000000000000000,308340.000000000000000,2787,4336877,2795,3989833,5291,8018266
308,10/17/2021 15:00:00,1805,4030342,1774.000000000000000,3683267,55.000000000000000,308395.000000000000000,1860,4338737,1829,3991662,3634,8021900
309,10/18/2021 15:00:00,4278,4034620,3580.000000000000000,3686847,268.000000000000000,308663.000000000000000,4546,4343283,3848,3995510,8126,8030026
310,10/19/2021 15:00:00,4299,4038919,4001.000000000000000,3690848,223.000000000000000,308886.000000000000000,4522,4347805,4224,3999734,8523,8038549
311,10/20/2021 15:00:00,3525,4042444,3420.000000000000000,3694268,255.000000000000000,309141.000000000000000,3780,4351585,3675,4003409,7200,8045749
312,10/21/2021 15:00:00,3297,4045741,3268.000000000000000,3697536,291.000000000000000,309432.000000000000000,3588,4355173,3559,4006968,6856,8052605
313,10/22/2021 15:00:00,4680,4050421,4022.000000000000000,3701558,477.000000000000000,309909.000000000000000,5157,4360330,4499,4011467,9179,8061784
314,10/23/2021 15:00:00,2886,4053307,2110.000000000000000,3703668,321.000000000000000,310230.000000000000000,3207,4363537,2431,4013898,5317,8067101
315,10/24/2021 15:00:00,2057,4055364,1553.000000000000000,3705221,79.000000000000000,310309.000000000000000,2136,4365673,1632,4015530,3689,8070790
316,10/25/2021 15:00:00,4543,4059907,3067.000000000000000,3708288,320.000000000000000,310629.000000000000000,4863,4370536,3387,4018917,7930,8078720
317,10/26/2021 15:00:00,4504,4064411,3073.000000000000000,3711361,316.000000000000000,310945.000000000000000,4820,4375356,3389,4022306,7893,8086613
318,10/27/2021 15:00:00,4731,4069142,3335.000000000000000,3714696,437.000000000000000,311382.000000000000000,5168,4380524,3772,4026078,8503,8095116
319,10/28/2021 15:00:00,4554,4073696,3347.000000000000000,3718043,501.000000000000000,311883.000000000000000,5055,4385579,3848,4029926,8402,8103518
320,10/29/2021 15:00:00,4979,4078675,3912.000000000000000,3721955,394.000000000000000,312277.000000000000000,5373,4390952,4306,4034232,9285,8112803
321,10/30/2021 15:00:00,2631,4081306,1835.000000000000000,3723790,308.000000000000000,312585.000000000000000,2939,4393891,2143,4036375,4774,8117577
322,10/31/2021 15:00:00,1938,4083244,1519.000000000000000,3725309,93.000000000000000,312678.000000000000000,2031,4395922,1612,4037987,3550,8121127
323,11/1/2021 15:00:00,4712,4087956,3420.000000000000000,3728729,346.000000000000000,313024.000000000000000,5058,4400980,3766,4041753,8478,8129605
324,11/2/2021 15:00:00,4252,4092208,2936.000000000000000,3731665,408.000000000000000,313432.000000000000000,4660,4405640,3344,4045097,7596,8137201
325,11/3/2021 15:00:00,4665,4096873,3041.000000000000000,3734706,463.000000000000000,313895.000000000000000,5128,4410768,3504,4048601,8169,8145370
326,11/4/2021 15:00:00,6308,4103181,3362.000000000000000,3738068,513.000000000000000,314408.000000000000000,6821,4417589,3875,4052476,10183,8155553
327,11/5/2021 15:00:00,8236,4111417,3760.000000000000000,3741828,414.000000000000000,314822.000000000000000,8650,4426239,4174,4056650,12410,8167963
328,11/6/2021 15:00:00,10167,4121584,1965.000000000000000,3743793,308.000000000000000,315130.000000000000000,10475,4436714,2273,4058923,12440,8180403
329,11/7/2021 15:00:00,7706,4129290,1463.000000000000000,3745256,94.000000000000000,315224.000000000000000,7800,4444514,1557,4060480,9263,8189666
330,11/8/2021 15:00:00,11302,4140592,3040.000000000000000,3748296,379.000000000000000,315603.000000000000000,11681,4456195,3419,4063899,14721,8204387
331,11/9/2021 15:00:00,11761,4152353,2640.000000000000000,3750936,269.000000000000000,315872.000000000000000,12030,4468225,2909,4066808,14670,8219057
332,11/10/2021 15:00:00,12585,4164938,2748.000000000000000,3753684,338.000000000000000,316210.000000000000000,12923,4481148,3086,4069894,15671,8234728
333,11/11/2021 15:00:00,11372,4176310,2369.000000000000000,3756053,280.000000000000000,316490.000000000000000,11652,4492800,2649,4072543,14021,8248749
334,11/12/2021 15:00:00,12288,4188598,3344.000000000000000,3759397,548.000000000000000,317038.000000000000000,12836,4505636,3892,4076435,16180,8264929
335,11/13/2021 15:00:00,9888,4198486,1590.000000000000000,3760987,342.000000000000000,317380.000000000000000,10230,4515866,1932,4078367,11820,8276749
336,11/14/2021 15:00:00,3923,4202409,1112.000000000000000,3762099,121.000000000000000,317501.000000000000000,4044,4519910,1233,4079600,5156,8281905
337,11/15/2021 15:00:00,8622,4211031,2513.000000000000000,3764612,205.000000000000000,317706.000000000000000,8827,4528737,2718,4082318,11340,8293245
338,11/16/2021 15:00:00,9225,4220256,2498.000000000000000,3767110,255.000000000000000,317961.000000000000000,9480,4538217,2753,4085071,11978,8305223
339,11/17/2021 15:00:00,9395,4229651,2860.000000000000000,3769970,312.000000000000000,318273.000000000000000,9707,4547924,3172,4088243,12567,8317790
340,11/18/2021 15:00:00,9277,4238928,2622.000000000000000,3772592,482.000000000000000,318755.000000000000000,9759,4557683,3104,4091347,12381,8330171
341,11/19/2021 15:00:00,9792,4248720,2904.000000000000000,3775496,381.000000000000000,319136.000000000000000,10173,4567856,3285,4094632,13077,8343248
342,11/20/2021 15:00:00,10625,4259345,1599.000000000000000,3777095,455.000000000000000,319591.000000000000000,11080,4578936,2054,4096686,12679,8355927
343,11/21/2021 15:00:00,4343,4263688,1198.000000000000000,3778293,99.000000000000000,319690.000000000000000,4442,4583378,1297,4097983,5640,8361567
344,11/22/2021 15:00:00,9821,4273509,2475.000000000000000,3780768,293.000000000000000,319983.000000000000000,10114,4593492,2768,4100751,12589,8374156
345,11/23/2021 15:00:00,9206,4282715,2381.000000000000000,3783149,280.000000000000000,320263.000000000000000,9486,4602978,2661,4103412,11867,8386023
346,11/24/2021 15:00:00,8155,4290870,2430.000000000000000,3785579,216.000000000000000,320479.000000000000000,8371,4611349,2646,4106058,10801,8396824
347,11/25/2021 15:00:00,239,4291109,77.000000000000000,3785656,10.000000000000000,320489.000000000000000,249,4611598,87,4106145,326,8397150
348,11/26/2021 15:00:00,5652,4296761,3949.000000000000000,3789605,153.000000000000000,320642.000000000000000,5805,4617403,4102,4110247,9754,8406904
349,11/27/2021 15:00:00,3779,4300540,5475.000000000000000,3795080,134.000000000000000,320776.000000000000000,3913,4621316,5609,4115856,9388,8416292
350,11/28/2021 15:00:00,2413,4302953,6382.000000000000000,3801462,77.000000000000000,320853.000000000000000,2490,4623806,6459,4122315,8872,8425164
351,11/29/2021 15:00:00,6368,4309321,9275.000000000000000,3810737,379.000000000000000,321232.000000000000000,6747,4630553,9654,4131969,16022,8441186
352,11/30/2021 15:00:00,6252,4315573,9309.000000000000000,3820046,264.000000000000000,321496.000000000000000,6516,4637069,9573,4141542,15825,8457011
353,12/1/2021 15:00:00,7284,4322857,9703.000000000000000,3829749,308.000000000000000,321804.000000000000000,7592,4644661,10011,4151553,17295,8474306
354,12/2/2021 15:00:00,6908,4329765,8782.000000000000000,3838531,451.000000000000000,322255.000000000000000,7359,4652020,9233,4160786,16141,8490447
355,12/3/2021 15:00:00,7593,4337358,9241.000000000000000,3847772,249.000000000000000,322504.000000000000000,7842,4659862,9490,4170276,17083,8507530
356,12/4/2021 15:00:00,5948,4343306,10032.000000000000000,3857804,465.000000000000000,322969.000000000000000,6413,4666275,10497,4180773,16445,8523975
357,12/5/2021 15:00:00,3465,4346771,3281.000000000000000,3861085,78.000000000000000,323047.000000000000000,3543,4669818,3359,4184132,6824,8530799
358,12/6/2021 15:00:00,6748,4353519,7080.000000000000000,3868165,277.000000000000000,323324.000000000000000,7025,4676843,7357,4191489,14105,8544904
359,12/7/2021 15:00:00,6409,4359928,7024.000000000000000,3875189,249.000000000000000,323573.000000000000000,6658,4683501,7273,4198762,13682,8558586
360,12/8/2021 15:00:00,6931,4366859,7409.000000000000000,3882598,315.000000000000000,323888.000000000000000,7246,4690747,7724,4206486,14655,8573241
361,12/9/2021 15:00:00,6524,4373383,7018.000000000000000,3889616,398.000000000000000,324286.000000000000000,6922,4697669,7416,4213902,13940,8587181
362,12/10/2021 15:00:00,7272,4380655,7311.000000000000000,3896927,230.000000000000000,324516.000000000000000,7502,4705171,7541,4221443,14813,8601994
363,12/11/2021 15:00:00,4452,4385107,7666.000000000000000,3904593,333.000000000000000,324849.000000000000000,4785,4709956,7999,4229442,12451,8614445
364,12/12/2021 15:00:00,4001,4389108,2772.000000000000000,3907365,60.000000000000000,324909.000000000000000,4061,4714017,2832,4232274,6833,8621278
365,12/13/2021 15:00:00,5695,4394803,5756.000000000000000,3913121,243.000000000000000,325152.000000000000000,5938,4719955,5999,4238273,11694,8632972
366,12/14/2021 15:00:00,6453,4401256,5918.000000000000000,3919039,221.000000000000000,325373.000000000000000,6674,4726629,6139,4244412,12592,8645564
367,12/15/2021 15:00:00,7142,4408398,5688.000000000000000,3924727,251.000000000000000,325624.000000000000000,7393,4734022,5939,4250351,13081,8658645
368,12/16/2021 15:00:00,7854,4416252,2805.000000000000000,3927532,420.000000000000000,326044.000000000000000,8274,4742296,3225,4253576,11079,8669724
369,12/17/2021 15:00:00,7807,4424059,4139.000000000000000,3931671,195.000000000000000,326239.000000000000000,8002,4750298,4334,4257910,12141,8681865
370,12/18/2021 15:00:00,5821,4429880,3159.000000000000000,3934830,298.000000000000000,326537.000000000000000,6119,4756417,3457,4261367,9278,8691143
371,12/19/2021 15:00:00,3379,4433259,1339.000000000000000,3936169,36.000000000000000,326573.000000000000000,3415,4759832,1375,4262742,4754,8695897
372,12/20/2021 15:00:00,8058,4441317,3739.000000000000000,3939908,173.000000000000000,326746.000000000000000,8231,4768063,3912,4266654,11970,8707867
373,12/21/2021 15:00:00,8990,4450307,4150.000000000000000,3944058,175.000000000000000,326921.000000000000000,9165,4777228,4325,4270979,13315,8721182
374,12/22/2021 15:00:00,8678,4458985,3859.000000000000000,3947917,184.000000000000000,327105.000000000000000,8862,4786090,4043,4275022,12721,8733903
375,12/23/2021 15:00:00,8397,4467382,3548.000000000000000,3951465,359.000000000000000,327464.000000000000000,8756,4794846,3907,4278929,12304,8746207
376,12/24/2021 15:00:00,1634,4469016,1005.000000000000000,3952470,39.000000000000000,327503.000000000000000,1673,4796519,1044,4279973,2678,8748885
377,12/25/2021 15:00:00,50,4469066,36.000000000000000,3952506,1.000000000000000,327504.000000000000000,51,4796570,37,4280010,87,8748972
378,12/26/2021 15:00:00,2519,4471585,1743.000000000000000,3954249,44.000000000000000,327548.000000000000000,2563,4799133,1787,4281797,4306,8753278
379,12/27/2021 15:00:00,7192,4478777,3985.000000000000000,3958234,297.000000000000000,327845.000000000000000,7489,4806622,4282,4286079,11474,8764752
380,12/28/2021 15:00:00,7907,4486684,3843.000000000000000,3962077,177.000000000000000,328022.000000000000000,8084,4814706,4020,4290099,11927,8776679
381,12/29/2021 15:00:00,8218,4494902,4016.000000000000000,3966093,155.000000000000000,328177.000000000000000,8373,4823079,4171,4294270,12389,8789068
382,12/30/2021 15:00:00,7468,4502370,3776.000000000000000,3969869,290.000000000000000,328467.000000000000000,7758,4830837,4066,4298336,11534,8800602
383,12/31/2021 15:00:00,2572,4504942,1525.000000000000000,3971394,90.000000000000000,328557.000000000000000,2662,4833499,1615,4299951,4187,8804789
384,1/1/2022 15:00:00,736,4505678,345.000000000000000,3971739,33.000000000000000,328590.000000000000000,769,4834268,378,4300329,1114,8805903
385,1/2/2022 15:00:00,2209,4507887,1647.000000000000000,3973386,47.000000000000000,328637.000000000000000,2256,4836524,1694,4302023,3903,8809806
386,1/3/2022 15:00:00,3390,4511277,2065.000000000000000,3975451,221.000000000000000,328858.000000000000000,3611,4840135,2286,4304309,5676,8815482
387,1/4/2022 15:00:00,5841,4517118,3470.000000000000000,3978921,162.000000000000000,329020.000000000000000,6003,4846138,3632,4307941,9473,8824955
388,1/5/2022 15:00:00,6825,4523943,4685.000000000000000,3983606,176.000000000000000,329196.000000000000000,7001,4853139,4861,4312802,11686,8836641
389,1/6/2022 15:00:00,6749,4530692,4802.000000000000000,3988408,264.000000000000000,329460.000000000000000,7013,4860152,5066,4317868,11815,8848456
390,1/7/2022 15:00:00,5957,4536649,3751.000000000000000,3992159,159.000000000000000,329619.000000000000000,6116,4866268,3910,4321778,9867,8858323
391,1/8/2022 15:00:00,4802,4541451,3908.000000000000000,3996067,79.000000000000000,329698.000000000000000,4881,4871149,3987,4325765,8789,8867112
392,1/9/2022 15:00:00,2758,4544209,2009.000000000000000,3998076,154.000000000000000,329852.000000000000000,2912,4874061,2163,4327928,4921,8872033
393,1/10/2022 15:00:00,6315,4550524,3830.000000000000000,4001906,156.000000000000000,330008.000000000000000,6471,4880532,3986,4331914,10301,8882334
394,1/11/2022 15:00:00,6536,4557060,4236.000000000000000,4006142,142.000000000000000,330150.000000000000000,6678,4887210,4378,4336292,10914,8893248
395,1/12/2022 15:00:00,6802,4563862,4436.000000000000000,4010578,225.000000000000000,330375.000000000000000,7027,4894237,4661,4340953,11463,8904711
396,1/13/2022 15:00:00,6602,4570464,4372.000000000000000,4014950,150.000000000000000,330525.000000000000000,6752,4900989,4522,4345475,11124,8915835
397,1/14/2022 15:00:00,7201,4577665,3271.000000000000000,4018221,252.000000000000000,330777.000000000000000,7453,4908442,3523,4348998,10724,8926559
398,1/15/2022 15:00:00,4266,4581931,1683.000000000000000,4019904,70.000000000000000,330847.000000000000000,4336,4912778,1753,4350751,6019,8932578
399,1/16/2022 15:00:00,2216,4584147,1317.000000000000000,4021221,116.000000000000000,330963.000000000000000,2332,4915110,1433,4352184,3649,8936227
400,1/17/2022 15:00:00,3608,4587755,2361.000000000000000,4023582,74.000000000000000,331037.000000000000000,3682,4918792,2435,4354619,6043,8942270
401,1/18/2022 15:00:00,5267,4593022,4173.000000000000000,4027755,102.000000000000000,331139.000000000000000,5369,4924161,4275,4358894,9542,8951812
402,1/19/2022 15:00:00,5279,4598301,4458.000000000000000,4032213,99.000000000000000,331238.000000000000000,5378,4929539,4557,4363451,9836,8961648
403,1/20/2022 15:00:00,4521,4602822,3595.000000000000000,4035808,176.000000000000000,331414.000000000000000,4697,4934236,3771,4367222,8292,8969940
404,1/21/2022 15:00:00,5578,4608400,2921.000000000000000,4038729,126.000000000000000,331540.000000000000000,5704,4939940,3047,4370269,8625,8978565
405,1/22/2022 15:00:00,3448,4611848,1721.000000000000000,4040450,134.000000000000000,331674.000000000000000,3582,4943522,1855,4372124,5303,8983868
406,1/23/2022 15:00:00,2031,4613879,1492.000000000000000,4041942,30.000000000000000,331704.000000000000000,2061,4945583,1522,4373646,3553,8987421
407,1/24/2022 15:00:00,4115,4617994,2762.000000000000000,4044704,88.000000000000000,331792.000000000000000,4203,4949786,2850,4376496,6965,8994386
408,1/25/2022 15:00:00,3790,4621784,3302.000000000000000,4048006,93.000000000000000,331885.000000000000000,3883,4953669,3395,4379891,7185,9001571
409,1/26/2022 15:00:00,3837,4625621,3672.000000000000000,4051678,93.000000000000000,331978.000000000000000,3930,4957599,3765,4383656,7602,9009173
410,1/27/2022 15:00:00,3750,4629371,3856.000000000000000,4055534,186.000000000000000,332164.000000000000000,3936,4961535,4042,4387698,7792,9016965
411,1/28/2022 15:00:00,3820,4633191,3208.000000000000000,4058742,75.000000000000000,332239.000000000000000,3895,4965430,3283,4390981,7103,9024068
412,1/29/2022 15:00:00,2287,4635478,2262.000000000000000,4061004,117.000000000000000,332356.000000000000000,2404,4967834,2379,4393360,4666,9028734
413,1/30/2022 15:00:00,1550,4637028,1600.000000000000000,4062604,16.000000000000000,332372.000000000000000,1566,4969400,1616,4394976,3166,9031900
414,1/31/2022 15:00:00,2963,4639991,3140.000000000000000,4065744,58.000000000000000,332430.000000000000000,3021,4972421,3198,4398174,6161,9038061
415,2/1/2022 15:00:00,2631,4642622,3375.000000000000000,4069119,75.000000000000000,332505.000000000000000,2706,4975127,3450,4401624,6081,9044142
416,2/2/2022 15:00:00,2776,4645398,3689.000000000000000,4072808,71.000000000000000,332576.000000000000000,2847,4977974,3760,4405384,6536,9050678
417,2/3/2022 15:00:00,2722,4648120,3601.000000000000000,4076409,41.000000000000000,332617.000000000000000,2763,4980737,3642,4409026,6364,9057042
418,2/4/2022 15:00:00,2702,4650822,4251.000000000000000,4080660,122.000000000000000,332739.000000000000000,2824,4983561,4373,4413399,7075,9064117
419,2/5/2022 15:00:00,1875,4652697,2806.000000000000000,4083466,111.000000000000000,332850.000000000000000,1986,4985547,2917,4416316,4792,9068909
420,2/6/2022 15:00:00,1014,4653711,1287.000000000000000,4084753,19.000000000000000,332869.000000000000000,1033,4986580,1306,4417622,2320,9071229
421,2/7/2022 15:00:00,937,4654648,1074.000000000000000,4085827,26.000000000000000,332895.000000000000000,963,4987543,1100,4418722,2037,9073266