OBJECTID,VACCINATION_DATE,FirstDailyDose,FirstDoseCumulative,SecondDailyDose,SecondDoseCumulative,SingleDailyDose,SingleDoseCumulative,AtleastOneVaccine,AtleastOneVaccineCumulative,CompletedVax,CompletedVaxCumulative,FirstSecondSingleVaccination_12,FirstSecondSingleVaccination_13
1,12/14/2020 15:00:00,15,929,,382,,,15,929,0,382,15,1225
2,12/15/2020 15:00:00,48,977,2.000000000000000,384,,,48,977,2,384,50,1275
3,12/16/2020 15:00:00,571,1548,2.000000000000000,386,,,571,1548,2,386,573,1848
4,12/17/2020 15:00:00,1133,2681,2.000000000000000,388,,,1133,2681,2,388,1135,2983
5,12/18/2020 15:00:00,3006,5687,11.000000000000000,399,,,3006,5687,11,399,3017,6000
6,12/19/2020 15:00:00,923,6610,5.000000000000000,404,,,923,6610,5,404,928,6928
7,12/20/2020 15:00:00,330,6940,4.000000000000000,408,,,330,6940,4,408,334,7262
8,12/21/2020 15:00:00,3848,10788,17.000000000000000,425,,,3848,10788,17,425,3865,11127
9,12/22/2020 15:00:00,6324,17112,13.000000000000000,438,,,6324,17112,13,438,6337,17464
10,12/23/2020 15:00:00,5736,22848,27.000000000000000,465,,,5736,22848,27,465,5763,23227
11,12/24/2020 15:00:00,2708,25556,9.000000000000000,474,,,2708,25556,9,474,2717,25944
12,12/25/2020 15:00:00,1033,26589,3.000000000000000,477,,,1033,26589,3,477,1036,26980
13,12/26/2020 15:00:00,1865,28454,7.000000000000000,484,,,1865,28454,7,484,1872,28852
14,12/27/2020 15:00:00,1785,30239,10.000000000000000,494,,,1785,30239,10,494,1795,30647
15,12/28/2020 15:00:00,8933,39172,33.000000000000000,527,,,8933,39172,33,527,8966,39613
16,12/29/2020 15:00:00,10906,50078,38.000000000000000,565,,,10906,50078,38,565,10944,50557
17,12/30/2020 15:00:00,12438,62516,66.000000000000000,631,,,12438,62516,66,631,12504,63061
18,12/31/2020 15:00:00,7500,70016,31.000000000000000,662,,,7500,70016,31,662,7531,70592
19,1/1/2021 15:00:00,2448,72464,104.000000000000000,766,,,2448,72464,104,766,2552,73144
20,1/2/2021 15:00:00,2959,75423,33.000000000000000,799,,,2959,75423,33,799,2992,76136
21,1/3/2021 15:00:00,3359,78782,79.000000000000000,878,,,3359,78782,79,878,3438,79574
22,1/4/2021 15:00:00,13240,92022,309.000000000000000,1187,,,13240,92022,309,1187,13549,93123
23,1/5/2021 15:00:00,12371,104393,505.000000000000000,1692,,,12371,104393,505,1692,12876,105999
24,1/6/2021 15:00:00,15137,119530,829.000000000000000,2521,,,15137,119530,829,2521,15966,121965
25,1/7/2021 15:00:00,14932,134462,1718.000000000000000,4239,,,14932,134462,1718,4239,16650,138615
26,1/8/2021 15:00:00,23918,158380,2729.000000000000000,6968,,,23918,158380,2729,6968,26647,165262
27,1/9/2021 15:00:00,5120,163500,939.000000000000000,7907,,,5120,163500,939,7907,6059,171321
28,1/10/2021 15:00:00,2905,166405,367.000000000000000,8274,,,2905,166405,367,8274,3272,174593
29,1/11/2021 15:00:00,13655,180060,3414.000000000000000,11688,,,13655,180060,3414,11688,17069,191662
30,1/12/2021 15:00:00,17253,197313,5570.000000000000000,17258,,,17253,197313,5570,17258,22823,214485
31,1/13/2021 15:00:00,18480,215793,3851.000000000000000,21109,,,18480,215793,3851,21109,22331,236816
32,1/14/2021 15:00:00,17803,233596,1912.000000000000000,23021,,,17803,233596,1912,23021,19715,256531
33,1/15/2021 15:00:00,19435,253031,1949.000000000000000,24970,,,19435,253031,1949,24970,21384,277915
34,1/16/2021 15:00:00,5759,258790,1576.000000000000000,26546,,,5759,258790,1576,26546,7335,285250
35,1/17/2021 15:00:00,2088,260878,1462.000000000000000,28008,,,2088,260878,1462,28008,3550,288800
36,1/18/2021 15:00:00,7019,267897,3226.000000000000000,31234,,,7019,267897,3226,31234,10245,299045
37,1/19/2021 15:00:00,17133,285030,5327.000000000000000,36561,,,17133,285030,5327,36561,22460,321505
38,1/20/2021 15:00:00,21208,306238,5229.000000000000000,41790,,,21208,306238,5229,41790,26437,347942
39,1/21/2021 15:00:00,23784,330022,3671.000000000000000,45461,,,23784,330022,3671,45461,27455,375397
40,1/22/2021 15:00:00,28809,358831,3579.000000000000000,49040,,,28809,358831,3579,49040,32388,407785
41,1/23/2021 15:00:00,10030,368861,1893.000000000000000,50933,,,10030,368861,1893,50933,11923,419708
42,1/24/2021 15:00:00,3321,372182,1704.000000000000000,52637,,,3321,372182,1704,52637,5025,424733
43,1/25/2021 15:00:00,16595,388777,8495.000000000000000,61132,,,16595,388777,8495,61132,25090,449823
44,1/26/2021 15:00:00,17862,406639,8873.000000000000000,70005,,,17862,406639,8873,70005,26735,476558
45,1/27/2021 15:00:00,25025,431664,12371.000000000000000,82376,,,25025,431664,12371,82376,37396,513954
46,1/28/2021 15:00:00,23269,454933,9198.000000000000000,91574,,,23269,454933,9198,91574,32467,546421
47,1/29/2021 15:00:00,25499,480432,7794.000000000000000,99368,,,25499,480432,7794,99368,33293,579714
48,1/30/2021 15:00:00,18417,498849,2479.000000000000000,101847,,,18417,498849,2479,101847,20896,600610
49,1/31/2021 15:00:00,4109,502958,1300.000000000000000,103147,,,4109,502958,1300,103147,5409,606019
50,2/1/2021 15:00:00,7621,510579,4987.000000000000000,108134,,,7621,510579,4987,108134,12608,618627
51,2/2/2021 15:00:00,12784,523363,13708.000000000000000,121842,,,12784,523363,13708,121842,26492,645119
52,2/3/2021 15:00:00,18669,542032,18027.000000000000000,139869,,,18669,542032,18027,139869,36696,681815
53,2/4/2021 15:00:00,22435,564467,15716.000000000000000,155585,,,22435,564467,15716,155585,38151,719966
54,2/5/2021 15:00:00,20501,584968,17390.000000000000000,172975,,,20501,584968,17390,172975,37891,757857
55,2/6/2021 15:00:00,12106,597074,14403.000000000000000,187378,,,12106,597074,14403,187378,26509,784366
56,2/7/2021 15:00:00,5954,603028,1762.000000000000000,189140,,,5954,603028,1762,189140,7716,792082
57,2/8/2021 15:00:00,13263,616291,13080.000000000000000,202220,,,13263,616291,13080,202220,26343,818425
58,2/9/2021 15:00:00,16687,632978,13993.000000000000000,216213,,,16687,632978,13993,216213,30680,849105
59,2/10/2021 15:00:00,19273,652251,21366.000000000000000,237579,,,19273,652251,21366,237579,40639,889744
60,2/11/2021 15:00:00,22859,675110,17485.000000000000000,255064,,,22859,675110,17485,255064,40344,930088
61,2/12/2021 15:00:00,20375,695485,19841.000000000000000,274905,,,20375,695485,19841,274905,40216,970304
62,2/13/2021 15:00:00,11362,706847,6336.000000000000000,281241,,,11362,706847,6336,281241,17698,988002
63,2/14/2021 15:00:00,7077,713924,2062.000000000000000,283303,,,7077,713924,2062,283303,9139,997141
64,2/15/2021 15:00:00,11704,725628,13201.000000000000000,296504,,,11704,725628,13201,296504,24905,1022046
65,2/16/2021 15:00:00,16558,742186,21655.000000000000000,318159,,,16558,742186,21655,318159,38213,1060259
66,2/17/2021 15:00:00,20611,762797,27110.000000000000000,345269,,,20611,762797,27110,345269,47721,1107980
67,2/18/2021 15:00:00,3159,765956,4716.000000000000000,349985,,,3159,765956,4716,349985,7875,1115855
68,2/19/2021 15:00:00,10254,776210,20395.000000000000000,370380,,,10254,776210,20395,370380,30649,1146504
69,2/20/2021 15:00:00,10295,786505,20856.000000000000000,391236,,,10295,786505,20856,391236,31151,1177655
70,2/21/2021 15:00:00,6149,792654,7925.000000000000000,399161,,,6149,792654,7925,399161,14074,1191729
71,2/22/2021 15:00:00,8084,800738,15877.000000000000000,415038,,,8084,800738,15877,415038,23961,1215690
72,2/23/2021 15:00:00,15578,816316,16453.000000000000000,431491,,,15578,816316,16453,431491,32031,1247721
73,2/24/2021 15:00:00,17960,834276,25134.000000000000000,456625,,,17960,834276,25134,456625,43094,1290815
74,2/25/2021 15:00:00,20414,854690,26857.000000000000000,483482,,,20414,854690,26857,483482,47271,1338086
75,2/26/2021 15:00:00,26805,881495,26441.000000000000000,509923,,,26805,881495,26441,509923,53246,1391332
76,2/27/2021 15:00:00,16088,897583,11681.000000000000000,521604,,,16088,897583,11681,521604,27769,1419101
77,2/28/2021 15:00:00,15492,913075,4799.000000000000000,526403,,,15492,913075,4799,526403,20291,1439392
78,3/1/2021 15:00:00,25940,939015,12530.000000000000000,538933,,,25940,939015,12530,538933,38470,1477862
79,3/2/2021 15:00:00,23983,962998,13302.000000000000000,552235,31.000000000000000,31.000000000000000,24014,963029,13333,552266,37316,1515178
80,3/3/2021 15:00:00,30203,993201,18355.000000000000000,570590,171.000000000000000,202.000000000000000,30374,993403,18526,570792,48729,1563907
81,3/4/2021 15:00:00,31081,1024282,18107.000000000000000,588697,4059.000000000000000,4261.000000000000000,35140,1028543,22166,592958,53247,1617154
82,3/5/2021 15:00:00,29551,1053833,19358.000000000000000,608055,4906.000000000000000,9167.000000000000000,34457,1063000,24264,617222,53815,1670969
83,3/6/2021 15:00:00,17761,1071594,8902.000000000000000,616957,5992.000000000000000,15159.000000000000000,23753,1086753,14894,632116,32655,1703624
84,3/7/2021 15:00:00,12060,1083654,4793.000000000000000,621750,6608.000000000000000,21767.000000000000000,18668,1105421,11401,643517,23461,1727085
85,3/8/2021 15:00:00,26171,1109825,8742.000000000000000,630492,8285.000000000000000,30052.000000000000000,34456,1139877,17027,660544,43198,1770283
86,3/9/2021 15:00:00,26375,1136200,15370.000000000000000,645862,8343.000000000000000,38395.000000000000000,34718,1174595,23713,684257,50088,1820371
87,3/10/2021 15:00:00,30123,1166323,15893.000000000000000,661755,7939.000000000000000,46334.000000000000000,38062,1212657,23832,708089,53955,1874326
88,3/11/2021 15:00:00,36197,1202520,16373.000000000000000,678128,4039.000000000000000,50373.000000000000000,40236,1252893,20412,728501,56609,1930935
89,3/12/2021 15:00:00,37190,1239710,17991.000000000000000,696119,2918.000000000000000,53291.000000000000000,40108,1293001,20909,749410,58099,1989034
90,3/13/2021 15:00:00,22604,1262314,10191.000000000000000,706310,1600.000000000000000,54891.000000000000000,24204,1317205,11791,761201,34395,2023429
91,3/14/2021 15:00:00,17834,1280148,6652.000000000000000,712962,994.000000000000000,55885.000000000000000,18828,1336033,7646,768847,25480,2048909
92,3/15/2021 15:00:00,29984,1310132,11306.000000000000000,724268,600.000000000000000,56485.000000000000000,30584,1366617,11906,780753,41890,2090799
93,3/16/2021 15:00:00,33622,1343754,13527.000000000000000,737795,765.000000000000000,57250.000000000000000,34387,1401004,14292,795045,47914,2138713
94,3/17/2021 15:00:00,37733,1381487,16956.000000000000000,754751,1180.000000000000000,58430.000000000000000,38913,1439917,18136,813181,55869,2194582
95,3/18/2021 15:00:00,41485,1422972,12593.000000000000000,767344,1358.000000000000000,59788.000000000000000,42843,1482760,13951,827132,55436,2250018
96,3/19/2021 15:00:00,38308,1461280,15565.000000000000000,782909,1044.000000000000000,60832.000000000000000,39352,1522112,16609,843741,54917,2304935
97,3/20/2021 15:00:00,24529,1485809,10010.000000000000000,792919,1122.000000000000000,61954.000000000000000,25651,1547763,11132,854873,35661,2340596
98,3/21/2021 15:00:00,19129,1504938,7786.000000000000000,800705,330.000000000000000,62284.000000000000000,19459,1567222,8116,862989,27245,2367841
99,3/22/2021 15:00:00,32592,1537530,11615.000000000000000,812320,829.000000000000000,63113.000000000000000,33421,1600643,12444,875433,45036,2412877
100,3/23/2021 15:00:00,37813,1575343,17452.000000000000000,829772,1545.000000000000000,64658.000000000000000,39358,1640001,18997,894430,56810,2469687
101,3/24/2021 15:00:00,41171,1616514,21165.000000000000000,850937,1375.000000000000000,66033.000000000000000,42546,1682547,22540,916970,63711,2533398
102,3/25/2021 15:00:00,42487,1659001,21016.000000000000000,871953,2514.000000000000000,68547.000000000000000,45001,1727548,23530,940500,66017,2599415
103,3/26/2021 15:00:00,36623,1695624,26444.000000000000000,898397,2498.000000000000000,71045.000000000000000,39121,1766669,28942,969442,65565,2664980
104,3/27/2021 15:00:00,27853,1723477,16848.000000000000000,915245,2765.000000000000000,73810.000000000000000,30618,1797287,19613,989055,47466,2712446
105,3/28/2021 15:00:00,17010,1740487,12555.000000000000000,927800,1615.000000000000000,75425.000000000000000,18625,1815912,14170,1003225,31180,2743626
106,3/29/2021 15:00:00,29750,1770237,26492.000000000000000,954292,1135.000000000000000,76560.000000000000000,30885,1846797,27627,1030852,57377,2801003
107,3/30/2021 15:00:00,40066,1810303,29142.000000000000000,983434,1848.000000000000000,78408.000000000000000,41914,1888711,30990,1061842,71056,2872059
108,3/31/2021 15:00:00,41074,1851377,34844.000000000000000,1018278,5744.000000000000000,84152.000000000000000,46818,1935529,40588,1102430,81662,2953721
109,4/1/2021 15:00:00,40684,1892061,39770.000000000000000,1058048,5609.000000000000000,89761.000000000000000,46293,1981822,45379,1147809,86063,3039784
110,4/2/2021 15:00:00,34965,1927026,32716.000000000000000,1090764,6097.000000000000000,95858.000000000000000,41062,2022884,38813,1186622,73778,3113562
111,4/3/2021 15:00:00,21586,1948612,18618.000000000000000,1109382,4422.000000000000000,100280.000000000000000,26008,2048892,23040,1209662,44626,3158188
112,4/4/2021 15:00:00,8276,1956888,10138.000000000000000,1119520,960.000000000000000,101240.000000000000000,9236,2058128,11098,1220760,19374,3177562
113,4/5/2021 15:00:00,27975,1984863,29070.000000000000000,1148590,6637.000000000000000,107877.000000000000000,34612,2092740,35707,1256467,63682,3241244
114,4/6/2021 15:00:00,39905,2024768,30546.000000000000000,1179136,10475.000000000000000,118352.000000000000000,50380,2143120,41021,1297488,80926,3322170
115,4/7/2021 15:00:00,36186,2060954,34268.000000000000000,1213404,12949.000000000000000,131301.000000000000000,49135,2192255,47217,1344705,83403,3405573
116,4/8/2021 15:00:00,42424,2103378,36056.000000000000000,1249460,13856.000000000000000,145157.000000000000000,56280,2248535,49912,1394617,92336,3497909
117,4/9/2021 15:00:00,34127,2137505,36357.000000000000000,1285817,14493.000000000000000,159650.000000000000000,48620,2297155,50850,1445467,84977,3582886
118,4/10/2021 15:00:00,24004,2161509,23011.000000000000000,1308828,7614.000000000000000,167264.000000000000000,31618,2328773,30625,1476092,54629,3637515
119,4/11/2021 15:00:00,17550,2179059,13238.000000000000000,1322066,10624.000000000000000,177888.000000000000000,28174,2356947,23862,1499954,41412,3678927
120,4/12/2021 15:00:00,24693,2203752,33137.000000000000000,1355203,10932.000000000000000,188820.000000000000000,35625,2392572,44069,1544023,68762,3747689
121,4/13/2021 15:00:00,126940,2330692,90671.000000000000000,1445874,3292.000000000000000,192112.000000000000000,130232,2522804,93963,1637986,220903,3968592
122,4/14/2021 15:00:00,40831,2371523,37860.000000000000000,1483734,207.000000000000000,192319.000000000000000,41038,2563842,38067,1676053,78898,4047490
123,4/15/2021 15:00:00,41861,2413384,39249.000000000000000,1522983,169.000000000000000,192488.000000000000000,42030,2605872,39418,1715471,81279,4128769
124,4/16/2021 15:00:00,37370,2450754,38745.000000000000000,1561728,22.000000000000000,192510.000000000000000,37392,2643264,38767,1754238,76137,4204906
125,4/17/2021 15:00:00,32997,2483751,21935.000000000000000,1583663,12.000000000000000,192522.000000000000000,33009,2676273,21947,1776185,54944,4259850
126,4/18/2021 15:00:00,20043,2503794,16154.000000000000000,1599817,4.000000000000000,192526.000000000000000,20047,2696320,16158,1792343,36201,4296051
127,4/19/2021 15:00:00,29959,2533753,36520.000000000000000,1636337,61.000000000000000,192587.000000000000000,30020,2726340,36581,1828924,66540,4362591
128,4/20/2021 15:00:00,33122,2566875,44105.000000000000000,1680442,54.000000000000000,192641.000000000000000,33176,2759516,44159,1873083,77281,4439872
129,4/21/2021 15:00:00,39819,2606694,46862.000000000000000,1727304,21.000000000000000,192662.000000000000000,39840,2799356,46883,1919966,86702,4526574
130,4/22/2021 15:00:00,36411,2643105,41909.000000000000000,1769213,16.000000000000000,192678.000000000000000,36427,2835783,41925,1961891,78336,4604910
131,4/23/2021 15:00:00,33149,2676254,39988.000000000000000,1809201,12.000000000000000,192690.000000000000000,33161,2868944,40000,2001891,73149,4678059
132,4/24/2021 15:00:00,26367,2702621,28573.000000000000000,1837774,80.000000000000000,192770.000000000000000,26447,2895391,28653,2030544,55020,4733079
133,4/25/2021 15:00:00,20202,2722823,10892.000000000000000,1848666,30.000000000000000,192800.000000000000000,20232,2915623,10922,2041466,31124,4764203
134,4/26/2021 15:00:00,27407,2750230,32740.000000000000000,1881406,203.000000000000000,193003.000000000000000,27610,2943233,32943,2074409,60350,4824553
135,4/27/2021 15:00:00,26716,2776946,33027.000000000000000,1914433,1096.000000000000000,194099.000000000000000,27812,2971045,34123,2108532,60839,4885392
136,4/28/2021 15:00:00,28981,2805927,39469.000000000000000,1953902,1361.000000000000000,195460.000000000000000,30342,3001387,40830,2149362,69811,4955203
137,4/29/2021 15:00:00,27382,2833309,39423.000000000000000,1993325,1462.000000000000000,196922.000000000000000,28844,3030231,40885,2190247,68267,5023470
138,4/30/2021 15:00:00,28232,2861541,32118.000000000000000,2025443,1639.000000000000000,198561.000000000000000,29871,3060102,33757,2224004,61989,5085459
139,5/1/2021 15:00:00,20315,2881856,26689.000000000000000,2052132,1015.000000000000000,199576.000000000000000,21330,3081432,27704,2251708,48019,5133478
140,5/2/2021 15:00:00,10258,2892114,16982.000000000000000,2069114,817.000000000000000,200393.000000000000000,11075,3092507,17799,2269507,28057,5161535
141,5/3/2021 15:00:00,13074,2905188,29718.000000000000000,2098832,1914.000000000000000,202307.000000000000000,14988,3107495,31632,2301139,44706,5206241
142,5/4/2021 15:00:00,14217,2919405,39526.000000000000000,2138358,1732.000000000000000,204039.000000000000000,15949,3123444,41258,2342397,55475,5261716
143,5/5/2021 15:00:00,19322,2938727,37759.000000000000000,2176117,1917.000000000000000,205956.000000000000000,21239,3144683,39676,2382073,58998,5320714
144,5/6/2021 15:00:00,16981,2955708,40563.000000000000000,2216680,1711.000000000000000,207667.000000000000000,18692,3163375,42274,2424347,59255,5379969
145,5/7/2021 15:00:00,17405,2973113,36018.000000000000000,2252698,1958.000000000000000,209625.000000000000000,19363,3182738,37976,2462323,55381,5435350
146,5/8/2021 15:00:00,10782,2983895,31131.000000000000000,2283829,1292.000000000000000,210917.000000000000000,12074,3194812,32423,2494746,43205,5478555
147,5/9/2021 15:00:00,5044,2988939,11882.000000000000000,2295711,695.000000000000000,211612.000000000000000,5739,3200551,12577,2507323,17621,5496176
148,5/10/2021 15:00:00,8944,2997883,31100.000000000000000,2326811,1357.000000000000000,212969.000000000000000,10301,3210852,32457,2539780,41401,5537577
149,5/11/2021 15:00:00,12195,3010078,30281.000000000000000,2357092,1443.000000000000000,214412.000000000000000,13638,3224490,31724,2571504,43919,5581496
150,5/12/2021 15:00:00,13914,3023992,38556.000000000000000,2395648,1911.000000000000000,216323.000000000000000,15825,3240315,40467,2611971,54381,5635877
151,5/13/2021 15:00:00,21821,3045813,33385.000000000000000,2429033,1353.000000000000000,217676.000000000000000,23174,3263489,34738,2646709,56559,5692436
152,5/14/2021 15:00:00,24321,3070134,29964.000000000000000,2458997,1771.000000000000000,219447.000000000000000,26092,3289581,31735,2678444,56056,5748492
153,5/15/2021 15:00:00,21849,3091983,25002.000000000000000,2483999,1532.000000000000000,220979.000000000000000,23381,3312962,26534,2704978,48383,5796875
154,5/16/2021 15:00:00,9055,3101038,17509.000000000000000,2501508,1113.000000000000000,222092.000000000000000,10168,3323130,18622,2723600,27677,5824552
155,5/17/2021 15:00:00,16845,3117883,28364.000000000000000,2529872,1948.000000000000000,224040.000000000000000,18793,3341923,30312,2753912,47157,5871709
156,5/18/2021 15:00:00,21247,3139130,30679.000000000000000,2560551,1947.000000000000000,225987.000000000000000,23194,3365117,32626,2786538,53873,5925582
157,5/19/2021 15:00:00,27582,3166712,32365.000000000000000,2592916,1624.000000000000000,227611.000000000000000,29206,3394323,33989,2820527,61571,5987153
158,5/20/2021 15:00:00,20779,3187491,33252.000000000000000,2626168,1966.000000000000000,229577.000000000000000,22745,3417068,35218,2855745,55997,6043150
159,5/21/2021 15:00:00,19123,3206614,30226.000000000000000,2656394,1612.000000000000000,231189.000000000000000,20735,3437803,31838,2887583,50961,6094111
160,5/22/2021 15:00:00,16881,3223495,20599.000000000000000,2676993,1269.000000000000000,232458.000000000000000,18150,3455953,21868,2909451,38749,6132860
161,5/23/2021 15:00:00,8740,3232235,11411.000000000000000,2688404,962.000000000000000,233420.000000000000000,9702,3465655,12373,2921824,21113,6153973
162,5/24/2021 15:00:00,13464,3245699,17853.000000000000000,2706257,1481.000000000000000,234901.000000000000000,14945,3480600,19334,2941158,32798,6186771
163,5/25/2021 15:00:00,12893,3258592,18766.000000000000000,2725023,1328.000000000000000,236229.000000000000000,14221,3494821,20094,2961252,32987,6219758
164,5/26/2021 15:00:00,18266,3276858,19437.000000000000000,2744460,1508.000000000000000,237737.000000000000000,19774,3514595,20945,2982197,39211,6258969
165,5/27/2021 15:00:00,11677,3288535,18629.000000000000000,2763089,1133.000000000000000,238870.000000000000000,12810,3527405,19762,3001959,31439,6290408
166,5/28/2021 15:00:00,12470,3301005,19731.000000000000000,2782820,1402.000000000000000,240272.000000000000000,13872,3541277,21133,3023092,33603,6324011
167,5/29/2021 15:00:00,9532,3310537,11626.000000000000000,2794446,936.000000000000000,241208.000000000000000,10468,3551745,12562,3035654,22094,6346105
168,5/30/2021 15:00:00,4895,3315432,6473.000000000000000,2800919,596.000000000000000,241804.000000000000000,5491,3557236,7069,3042723,11964,6358069
169,5/31/2021 15:00:00,1771,3317203,3687.000000000000000,2804606,304.000000000000000,242108.000000000000000,2075,3559311,3991,3046714,5762,6363831
170,6/1/2021 15:00:00,9374,3326577,16592.000000000000000,2821198,1143.000000000000000,243251.000000000000000,10517,3569828,17735,3064449,27109,6390940
171,6/2/2021 15:00:00,10138,3336715,16805.000000000000000,2838003,959.000000000000000,244210.000000000000000,11097,3580925,17764,3082213,27902,6418842
172,6/3/2021 15:00:00,7889,3344604,21164.000000000000000,2859167,1083.000000000000000,245293.000000000000000,8972,3589897,22247,3104460,30136,6448978
173,6/4/2021 15:00:00,8209,3352813,22174.000000000000000,2881341,1123.000000000000000,246416.000000000000000,9332,3599229,23297,3127757,31506,6480484
174,6/5/2021 15:00:00,6985,3359798,19375.000000000000000,2900716,718.000000000000000,247134.000000000000000,7703,3606932,20093,3147850,27078,6507562
175,6/6/2021 15:00:00,3464,3363262,7182.000000000000000,2907898,420.000000000000000,247554.000000000000000,3884,3610816,7602,3155452,11066,6518628
176,6/7/2021 15:00:00,6822,3370084,15720.000000000000000,2923618,725.000000000000000,248279.000000000000000,7547,3618363,16445,3171897,23267,6541895
177,6/8/2021 15:00:00,6678,3376762,19691.000000000000000,2943309,816.000000000000000,249095.000000000000000,7494,3625857,20507,3192404,27185,6569080
178,6/9/2021 15:00:00,8194,3384956,23839.000000000000000,2967148,968.000000000000000,250063.000000000000000,9162,3635019,24807,3217211,33001,6602081
179,6/10/2021 15:00:00,7165,3392121,19075.000000000000000,2986223,897.000000000000000,250960.000000000000000,8062,3643081,19972,3237183,27137,6629218
180,6/11/2021 15:00:00,7434,3399555,17652.000000000000000,3003875,1125.000000000000000,252085.000000000000000,8559,3651640,18777,3255960,26211,6655429
181,6/12/2021 15:00:00,5235,3404790,14686.000000000000000,3018561,602.000000000000000,252687.000000000000000,5837,3657477,15288,3271248,20523,6675952
182,6/13/2021 15:00:00,1928,3406718,7549.000000000000000,3026110,426.000000000000000,253113.000000000000000,2354,3659831,7975,3279223,9903,6685855
183,6/14/2021 15:00:00,5649,3412367,11779.000000000000000,3037889,727.000000000000000,253840.000000000000000,6376,3666207,12506,3291729,18155,6704010
184,6/15/2021 15:00:00,5639,3418006,14309.000000000000000,3052198,860.000000000000000,254700.000000000000000,6499,3672706,15169,3306898,20808,6724818
185,6/16/2021 15:00:00,8715,3426721,21499.000000000000000,3073697,754.000000000000000,255454.000000000000000,9469,3682175,22253,3329151,30968,6755786
186,6/17/2021 15:00:00,6671,3433392,12366.000000000000000,3086063,720.000000000000000,256174.000000000000000,7391,3689566,13086,3342237,19757,6775543
187,6/18/2021 15:00:00,6852,3440244,12649.000000000000000,3098712,703.000000000000000,256877.000000000000000,7555,3697121,13352,3355589,20204,6795747
188,6/19/2021 15:00:00,4654,3444898,9341.000000000000000,3108053,614.000000000000000,257491.000000000000000,5268,3702389,9955,3365544,14609,6810356
189,6/20/2021 15:00:00,2499,3447397,5024.000000000000000,3113077,377.000000000000000,257868.000000000000000,2876,3705265,5401,3370945,7900,6818256
190,6/21/2021 15:00:00,5544,3452941,5311.000000000000000,3118388,635.000000000000000,258503.000000000000000,6179,3711444,5946,3376891,11490,6829746
191,6/22/2021 15:00:00,5200,3458141,8850.000000000000000,3127238,682.000000000000000,259185.000000000000000,5882,3717326,9532,3386423,14732,6844478
192,6/23/2021 15:00:00,6061,3464202,10275.000000000000000,3137513,641.000000000000000,259826.000000000000000,6702,3724028,10916,3397339,16977,6861455
193,6/24/2021 15:00:00,5920,3470122,8185.000000000000000,3145698,592.000000000000000,260418.000000000000000,6512,3730540,8777,3406116,14697,6876152
194,6/25/2021 15:00:00,5811,3475933,8606.000000000000000,3154304,620.000000000000000,261038.000000000000000,6431,3736971,9226,3415342,15037,6891189
195,6/26/2021 15:00:00,3703,3479636,6270.000000000000000,3160574,393.000000000000000,261431.000000000000000,4096,3741067,6663,3422005,10366,6901555
196,6/27/2021 15:00:00,2792,3482428,3528.000000000000000,3164102,182.000000000000000,261613.000000000000000,2974,3744041,3710,3425715,6502,6908057
197,6/28/2021 15:00:00,4728,3487156,6091.000000000000000,3170193,521.000000000000000,262134.000000000000000,5249,3749290,6612,3432327,11340,6919397
198,6/29/2021 15:00:00,5073,3492229,6491.000000000000000,3176684,517.000000000000000,262651.000000000000000,5590,3754880,7008,3439335,12081,6931478
199,6/30/2021 15:00:00,5588,3497817,7395.000000000000000,3184079,604.000000000000000,263255.000000000000000,6192,3761072,7999,3447334,13587,6945065
200,7/1/2021 15:00:00,5297,3503114,6920.000000000000000,3190999,486.000000000000000,263741.000000000000000,5783,3766855,7406,3454740,12703,6957768
201,7/2/2021 15:00:00,5269,3508383,6820.000000000000000,3197819,519.000000000000000,264260.000000000000000,5788,3772643,7339,3462079,12608,6970376
202,7/3/2021 15:00:00,3257,3511640,4061.000000000000000,3201880,260.000000000000000,264520.000000000000000,3517,3776160,4321,3466400,7578,6977954
203,7/4/2021 15:00:00,490,3512130,540.000000000000000,3202420,66.000000000000000,264586.000000000000000,556,3776716,606,3467006,1096,6979050
204,7/5/2021 15:00:00,3748,3515878,3957.000000000000000,3206377,281.000000000000000,264867.000000000000000,4029,3780745,4238,3471244,7986,6987036
205,7/6/2021 15:00:00,4457,3520335,6206.000000000000000,3212583,450.000000000000000,265317.000000000000000,4907,3785652,6656,3477900,11113,6998149
206,7/7/2021 15:00:00,4457,3524792,6358.000000000000000,3218941,480.000000000000000,265797.000000000000000,4937,3790589,6838,3484738,11295,7009444
207,7/8/2021 15:00:00,4818,3529610,6106.000000000000000,3225047,562.000000000000000,266359.000000000000000,5380,3795969,6668,3491406,11486,7020930
208,7/9/2021 15:00:00,5343,3534953,6603.000000000000000,3231650,571.000000000000000,266930.000000000000000,5914,3801883,7174,3498580,12517,7033447
209,7/10/2021 15:00:00,3507,3538460,4367.000000000000000,3236017,302.000000000000000,267232.000000000000000,3809,3805692,4669,3503249,8176,7041623
210,7/11/2021 15:00:00,2663,3541123,2546.000000000000000,3238563,223.000000000000000,267455.000000000000000,2886,3808578,2769,3506018,5432,7047055
211,7/12/2021 15:00:00,4402,3545525,5100.000000000000000,3243663,375.000000000000000,267830.000000000000000,4777,3813355,5475,3511493,9877,7056932
212,7/13/2021 15:00:00,4738,3550263,4577.000000000000000,3248240,361.000000000000000,268191.000000000000000,5099,3818454,4938,3516431,9676,7066608
213,7/14/2021 15:00:00,4594,3554857,5234.000000000000000,3253474,420.000000000000000,268611.000000000000000,5014,3823468,5654,3522085,10248,7076856
214,7/15/2021 15:00:00,4865,3559722,4965.000000000000000,3258439,357.000000000000000,268968.000000000000000,5222,3828690,5322,3527407,10187,7087043
215,7/16/2021 15:00:00,6267,3565989,5803.000000000000000,3264242,402.000000000000000,269370.000000000000000,6669,3835359,6205,3533612,12472,7099515
216,7/17/2021 15:00:00,3400,3569389,3548.000000000000000,3267790,299.000000000000000,269669.000000000000000,3699,3839058,3847,3537459,7247,7106762
217,7/18/2021 15:00:00,2296,3571685,2368.000000000000000,3270158,109.000000000000000,269778.000000000000000,2405,3841463,2477,3539936,4773,7111535
218,7/19/2021 15:00:00,5223,3576908,4458.000000000000000,3274616,375.000000000000000,270153.000000000000000,5598,3847061,4833,3544769,10056,7121591
219,7/20/2021 15:00:00,5317,3582225,4681.000000000000000,3279297,366.000000000000000,270519.000000000000000,5683,3852744,5047,3549816,10364,7131955
220,7/21/2021 15:00:00,5618,3587843,4924.000000000000000,3284221,414.000000000000000,270933.000000000000000,6032,3858776,5338,3555154,10956,7142911
221,7/22/2021 15:00:00,5990,3593833,4631.000000000000000,3288852,407.000000000000000,271340.000000000000000,6397,3865173,5038,3560192,11028,7153939
222,7/23/2021 15:00:00,6820,3600653,4860.000000000000000,3293712,490.000000000000000,271830.000000000000000,7310,3872483,5350,3565542,12170,7166109
223,7/24/2021 15:00:00,4269,3604922,3201.000000000000000,3296913,265.000000000000000,272095.000000000000000,4534,3877017,3466,3569008,7735,7173844
224,7/25/2021 15:00:00,3289,3608211,1119.000000000000000,3298032,138.000000000000000,272233.000000000000000,3427,3880444,1257,3570265,4546,7178390
225,7/26/2021 15:00:00,6186,3614397,3906.000000000000000,3301938,410.000000000000000,272643.000000000000000,6596,3887040,4316,3574581,10502,7188892
226,7/27/2021 15:00:00,6338,3620735,4066.000000000000000,3306004,450.000000000000000,273093.000000000000000,6788,3893828,4516,3579097,10854,7199746
227,7/28/2021 15:00:00,6788,3627523,4015.000000000000000,3310019,458.000000000000000,273551.000000000000000,7246,3901074,4473,3583570,11261,7211007
228,7/29/2021 15:00:00,6792,3634315,4149.000000000000000,3314168,410.000000000000000,273961.000000000000000,7202,3908276,4559,3588129,11351,7222358
229,7/30/2021 15:00:00,7500,3641815,4526.000000000000000,3318694,520.000000000000000,274481.000000000000000,8020,3916296,5046,3593175,12546,7234904
230,7/31/2021 15:00:00,4776,3646591,3047.000000000000000,3321741,271.000000000000000,274752.000000000000000,5047,3921343,3318,3596493,8094,7242998
231,8/1/2021 15:00:00,3748,3650339,2084.000000000000000,3323825,153.000000000000000,274905.000000000000000,3901,3925244,2237,3598730,5985,7248983
232,8/2/2021 15:00:00,6996,3657335,3656.000000000000000,3327481,332.000000000000000,275237.000000000000000,7328,3932572,3988,3602718,10984,7259967
233,8/3/2021 15:00:00,6966,3664301,3898.000000000000000,3331379,502.000000000000000,275739.000000000000000,7468,3940040,4400,3607118,11366,7271333
234,8/4/2021 15:00:00,7142,3671443,3896.000000000000000,3335275,527.000000000000000,276266.000000000000000,7669,3947709,4423,3611541,11565,7282898
235,8/5/2021 15:00:00,7629,3679072,4111.000000000000000,3339386,535.000000000000000,276801.000000000000000,8164,3955873,4646,3616187,12275,7295173
236,8/6/2021 15:00:00,8253,3687325,4708.000000000000000,3344094,448.000000000000000,277249.000000000000000,8701,3964574,5156,3621343,13409,7308582
237,8/7/2021 15:00:00,5238,3692563,2793.000000000000000,3346887,262.000000000000000,277511.000000000000000,5500,3970074,3055,3624398,8293,7316875
238,8/8/2021 15:00:00,3936,3696499,2045.000000000000000,3348932,140.000000000000000,277651.000000000000000,4076,3974150,2185,3626583,6121,7322996
239,8/9/2021 15:00:00,6893,3703392,4501.000000000000000,3353433,360.000000000000000,278011.000000000000000,7253,3981403,4861,3631444,11754,7334750
240,8/10/2021 15:00:00,7095,3710487,4441.000000000000000,3357874,335.000000000000000,278346.000000000000000,7430,3988833,4776,3636220,11871,7346621
241,8/11/2021 15:00:00,7016,3717503,4421.000000000000000,3362295,438.000000000000000,278784.000000000000000,7454,3996287,4859,3641079,11875,7358496
242,8/12/2021 15:00:00,8547,3726050,4691.000000000000000,3366986,438.000000000000000,279222.000000000000000,8985,4005272,5129,3646208,13676,7372172
243,8/13/2021 15:00:00,7094,3733144,5352.000000000000000,3372338,387.000000000000000,279609.000000000000000,7481,4012753,5739,3651947,12833,7385005
244,8/14/2021 15:00:00,4910,3738054,3337.000000000000000,3375675,284.000000000000000,279893.000000000000000,5194,4017947,3621,3655568,8531,7393536
245,8/15/2021 15:00:00,3317,3741371,2730.000000000000000,3378405,163.000000000000000,280056.000000000000000,3480,4021427,2893,3658461,6210,7399746
246,8/16/2021 15:00:00,5389,3746760,5059.000000000000000,3383464,348.000000000000000,280404.000000000000000,5737,4027164,5407,3663868,10796,7410542
247,8/17/2021 15:00:00,6921,3753681,5181.000000000000000,3388645,387.000000000000000,280791.000000000000000,7308,4034472,5568,3669436,12489,7423031
248,8/18/2021 15:00:00,6487,3760168,5280.000000000000000,3393925,465.000000000000000,281256.000000000000000,6952,4041424,5745,3675181,12232,7435263
249,8/19/2021 15:00:00,5964,3766132,5311.000000000000000,3399236,409.000000000000000,281665.000000000000000,6373,4047797,5720,3680901,11684,7446947
250,8/20/2021 15:00:00,7007,3773139,6301.000000000000000,3405537,400.000000000000000,282065.000000000000000,7407,4055204,6701,3687602,13708,7460655
251,8/21/2021 15:00:00,4305,3777444,3913.000000000000000,3409450,223.000000000000000,282288.000000000000000,4528,4059732,4136,3691738,8441,7469096
252,8/22/2021 15:00:00,3060,3780504,3156.000000000000000,3412606,109.000000000000000,282397.000000000000000,3169,4062901,3265,3695003,6325,7475421
253,8/23/2021 15:00:00,6141,3786645,5900.000000000000000,3418506,284.000000000000000,282681.000000000000000,6425,4069326,6184,3701187,12325,7487746
254,8/24/2021 15:00:00,6622,3793267,5847.000000000000000,3424353,425.000000000000000,283106.000000000000000,7047,4076373,6272,3707459,12894,7500640
255,8/25/2021 15:00:00,6870,3800137,5993.000000000000000,3430346,436.000000000000000,283542.000000000000000,7306,4083679,6429,3713888,13299,7513939
256,8/26/2021 15:00:00,7151,3807288,6387.000000000000000,3436733,427.000000000000000,283969.000000000000000,7578,4091257,6814,3720702,13965,7527904
257,8/27/2021 15:00:00,6825,3814113,6979.000000000000000,3443712,315.000000000000000,284284.000000000000000,7140,4098397,7294,3727996,14119,7542023
258,8/28/2021 15:00:00,6904,3821017,6467.000000000000000,3450179,324.000000000000000,284608.000000000000000,7228,4105625,6791,3734787,13695,7555718
259,8/29/2021 15:00:00,3745,3824762,3671.000000000000000,3453850,611.000000000000000,285219.000000000000000,4356,4109981,4282,3739069,8027,7563745
260,8/30/2021 15:00:00,5927,3830689,6066.000000000000000,3459916,947.000000000000000,286166.000000000000000,6874,4116855,7013,3746082,12940,7576685
261,8/31/2021 15:00:00,5667,3836356,5913.000000000000000,3465829,945.000000000000000,287111.000000000000000,6612,4123467,6858,3752940,12525,7589210
262,9/1/2021 15:00:00,5508,3841864,5555.000000000000000,3471384,899.000000000000000,288010.000000000000000,6407,4129874,6454,3759394,11962,7601172
263,9/2/2021 15:00:00,5522,3847386,5861.000000000000000,3477245,699.000000000000000,288709.000000000000000,6221,4136095,6560,3765954,12082,7613254
264,9/3/2021 15:00:00,5961,3853347,6854.000000000000000,3484099,968.000000000000000,289677.000000000000000,6929,4143024,7822,3773776,13783,7627037
265,9/4/2021 15:00:00,3717,3857064,4308.000000000000000,3488407,875.000000000000000,290552.000000000000000,4592,4147616,5183,3778959,8900,7635937
266,9/5/2021 15:00:00,2880,3859944,2790.000000000000000,3491197,105.000000000000000,290657.000000000000000,2985,4150601,2895,3781854,5775,7641712
267,9/6/2021 15:00:00,1045,3860989,1140.000000000000000,3492337,62.000000000000000,290719.000000000000000,1107,4151708,1202,3783056,2247,7643959
268,9/7/2021 15:00:00,5261,3866250,7225.000000000000000,3499562,2301.000000000000000,293020.000000000000000,7562,4159270,9526,3792582,14787,7658746
269,9/8/2021 15:00:00,4642,3870892,5428.000000000000000,3504990,365.000000000000000,293385.000000000000000,5007,4164277,5793,3798375,10435,7669181
270,9/9/2021 15:00:00,5046,3875938,5319.000000000000000,3510309,321.000000000000000,293706.000000000000000,5367,4169644,5640,3804015,10686,7679867
271,9/10/2021 15:00:00,6515,3882453,6567.000000000000000,3516876,1709.000000000000000,295415.000000000000000,8224,4177868,8276,3812291,14791,7694658
272,9/11/2021 15:00:00,4039,3886492,4321.000000000000000,3521197,663.000000000000000,296078.000000000000000,4702,4182570,4984,3817275,9023,7703681
273,9/12/2021 15:00:00,3060,3889552,3226.000000000000000,3524423,434.000000000000000,296512.000000000000000,3494,4186064,3660,3820935,6720,7710401
274,9/13/2021 15:00:00,4654,3894206,4823.000000000000000,3529246,345.000000000000000,296857.000000000000000,4999,4191063,5168,3826103,9822,7720223
275,9/14/2021 15:00:00,4559,3898765,5190.000000000000000,3534436,431.000000000000000,297288.000000000000000,4990,4196053,5621,3831724,10180,7730403
276,9/15/2021 15:00:00,4674,3903439,5570.000000000000000,3540006,385.000000000000000,297673.000000000000000,5059,4201112,5955,3837679,10629,7741032
277,9/16/2021 15:00:00,4556,3907995,5571.000000000000000,3545577,328.000000000000000,298001.000000000000000,4884,4205996,5899,3843578,10455,7751487
278,9/17/2021 15:00:00,4978,3912973,6297.000000000000000,3551874,335.000000000000000,298336.000000000000000,5313,4211309,6632,3850210,11610,7763097
279,9/18/2021 15:00:00,3755,3916728,4561.000000000000000,3556435,183.000000000000000,298519.000000000000000,3938,4215247,4744,3854954,8499,7771596
280,9/19/2021 15:00:00,2720,3919448,3167.000000000000000,3559602,75.000000000000000,298594.000000000000000,2795,4218042,3242,3858196,5962,7777558
281,9/20/2021 15:00:00,3521,3922969,4439.000000000000000,3564041,425.000000000000000,299019.000000000000000,3946,4221988,4864,3863060,8385,7785943
282,9/21/2021 15:00:00,3755,3926724,4778.000000000000000,3568819,323.000000000000000,299342.000000000000000,4078,4226066,5101,3868161,8856,7794799
283,9/22/2021 15:00:00,4149,3930873,4713.000000000000000,3573532,452.000000000000000,299794.000000000000000,4601,4230667,5165,3873326,9314,7804113
284,9/23/2021 15:00:00,4140,3935013,4662.000000000000000,3578194,486.000000000000000,300280.000000000000000,4626,4235293,5148,3878474,9288,7813401
285,9/24/2021 15:00:00,5044,3940057,5519.000000000000000,3583713,414.000000000000000,300694.000000000000000,5458,4240751,5933,3884407,10977,7824378
286,9/25/2021 15:00:00,3583,3943640,3619.000000000000000,3587332,384.000000000000000,301078.000000000000000,3967,4244718,4003,3888410,7586,7831964
287,9/26/2021 15:00:00,2328,3945968,2594.000000000000000,3589926,421.000000000000000,301499.000000000000000,2749,4247467,3015,3891425,5343,7837307
288,9/27/2021 15:00:00,4263,3950231,2521.000000000000000,3592447,505.000000000000000,302004.000000000000000,4768,4252235,3026,3894451,7289,7844596
289,9/28/2021 15:00:00,4363,3954594,4355.000000000000000,3596802,210.000000000000000,302214.000000000000000,4573,4256808,4565,3899016,8928,7853524
290,9/29/2021 15:00:00,4681,3959275,4456.000000000000000,3601258,915.000000000000000,303129.000000000000000,5596,4262404,5371,3904387,10052,7863576
291,9/30/2021 15:00:00,4837,3964112,4482.000000000000000,3605740,786.000000000000000,303915.000000000000000,5623,4268027,5268,3909655,10105,7873681
292,10/1/2021 15:00:00,5320,3969432,5205.000000000000000,3610945,754.000000000000000,304669.000000000000000,6074,4274101,5959,3915614,11279,7884960
293,10/2/2021 15:00:00,2856,3972288,2840.000000000000000,3613785,180.000000000000000,304849.000000000000000,3036,4277137,3020,3918634,5876,7890836
294,10/3/2021 15:00:00,1973,3974261,2108.000000000000000,3615893,68.000000000000000,304917.000000000000000,2041,4279178,2176,3920810,4149,7894985
295,10/4/2021 15:00:00,3890,3978151,3133.000000000000000,3619026,211.000000000000000,305128.000000000000000,4101,4283279,3344,3924154,7234,7902219
296,10/5/2021 15:00:00,3787,3981938,3326.000000000000000,3622352,196.000000000000000,305324.000000000000000,3983,4287262,3522,3927676,7309,7909528
297,10/6/2021 15:00:00,3829,3985767,3186.000000000000000,3625538,232.000000000000000,305556.000000000000000,4061,4291323,3418,3931094,7247,7916775
298,10/7/2021 15:00:00,3989,3989756,3186.000000000000000,3628724,301.000000000000000,305857.000000000000000,4290,4295613,3487,3934581,7476,7924251
299,10/8/2021 15:00:00,4544,3994300,3691.000000000000000,3632415,258.000000000000000,306115.000000000000000,4802,4300415,3949,3938530,8493,7932744
300,10/9/2021 15:00:00,1676,3995976,1824.000000000000000,3634239,251.000000000000000,306366.000000000000000,1927,4302342,2075,3940605,3751,7936495
301,10/10/2021 15:00:00,876,3996852,980.000000000000000,3635219,49.000000000000000,306415.000000000000000,925,4303267,1029,3941634,1905,7938400
302,10/11/2021 15:00:00,3971,4000823,2859.000000000000000,3638078,218.000000000000000,306633.000000000000000,4189,4307456,3077,3944711,7048,7945448
303,10/12/2021 15:00:00,3254,4004077,2854.000000000000000,3640932,220.000000000000000,306853.000000000000000,3474,4310930,3074,3947785,6328,7951776
304,10/13/2021 15:00:00,1360,4005437,1200.000000000000000,3642132,180.000000000000000,307033.000000000000000,1540,4312470,1380,3949165,2740,7954516