OBJECTID,VACCINATION_DATE,FirstDailyDose,FirstDoseCumulative,SecondDailyDose,SecondDoseCumulative,SingleDailyDose,SingleDoseCumulative,AtleastOneVaccine,AtleastOneVaccineCumulative,CompletedVax,CompletedVaxCumulative,FirstSecondSingleVaccination_12,FirstSecondSingleVaccination_13
1,12/14/2020 15:00:00,17,1072,,400,,,17,1072,0,400,17,1388
2,12/15/2020 15:00:00,54,1126,3.000000000000000,403,,,54,1126,3,403,57,1445
3,12/16/2020 15:00:00,578,1704,2.000000000000000,405,,,578,1704,2,405,580,2025
4,12/17/2020 15:00:00,1147,2851,2.000000000000000,407,,,1147,2851,2,407,1149,3174
5,12/18/2020 15:00:00,2997,5848,10.000000000000000,417,,,2997,5848,10,417,3007,6181
6,12/19/2020 15:00:00,921,6769,5.000000000000000,422,,,921,6769,5,422,926,7107
7,12/20/2020 15:00:00,341,7110,4.000000000000000,426,,,341,7110,4,426,345,7452
8,12/21/2020 15:00:00,3864,10974,24.000000000000000,450,,,3864,10974,24,450,3888,11340
9,12/22/2020 15:00:00,6294,17268,23.000000000000000,473,,,6294,17268,23,473,6317,17657
10,12/23/2020 15:00:00,5741,23009,33.000000000000000,506,,,5741,23009,33,506,5774,23431
11,12/24/2020 15:00:00,2718,25727,13.000000000000000,519,,,2718,25727,13,519,2731,26162
12,12/25/2020 15:00:00,1035,26762,3.000000000000000,522,,,1035,26762,3,522,1038,27200
13,12/26/2020 15:00:00,1873,28635,9.000000000000000,531,,,1873,28635,9,531,1882,29082
14,12/27/2020 15:00:00,1797,30432,10.000000000000000,541,,,1797,30432,10,541,1807,30889
15,12/28/2020 15:00:00,8961,39393,41.000000000000000,582,,,8961,39393,41,582,9002,39891
16,12/29/2020 15:00:00,10932,50325,44.000000000000000,626,,,10932,50325,44,626,10976,50867
17,12/30/2020 15:00:00,12470,62795,71.000000000000000,697,,,12470,62795,71,697,12541,63408
18,12/31/2020 15:00:00,7527,70322,39.000000000000000,736,,,7527,70322,39,736,7566,70974
19,1/1/2021 15:00:00,2753,73075,123.000000000000000,859,,,2753,73075,123,859,2876,73850
20,1/2/2021 15:00:00,3000,76075,34.000000000000000,893,,,3000,76075,34,893,3034,76884
21,1/3/2021 15:00:00,3383,79458,80.000000000000000,973,,,3383,79458,80,973,3463,80347
22,1/4/2021 15:00:00,13299,92757,319.000000000000000,1292,,,13299,92757,319,1292,13618,93965
23,1/5/2021 15:00:00,12426,105183,522.000000000000000,1814,,,12426,105183,522,1814,12948,106913
24,1/6/2021 15:00:00,15186,120369,845.000000000000000,2659,,,15186,120369,845,2659,16031,122944
25,1/7/2021 15:00:00,14966,135335,1743.000000000000000,4402,,,14966,135335,1743,4402,16709,139653
26,1/8/2021 15:00:00,23955,159290,2740.000000000000000,7142,,,23955,159290,2740,7142,26695,166348
27,1/9/2021 15:00:00,5142,164432,941.000000000000000,8083,,,5142,164432,941,8083,6083,172431
28,1/10/2021 15:00:00,2937,167369,371.000000000000000,8454,,,2937,167369,371,8454,3308,175739
29,1/11/2021 15:00:00,13684,181053,3440.000000000000000,11894,,,13684,181053,3440,11894,17124,192863
30,1/12/2021 15:00:00,17321,198374,5562.000000000000000,17456,,,17321,198374,5562,17456,22883,215746
31,1/13/2021 15:00:00,18538,216912,3874.000000000000000,21330,,,18538,216912,3874,21330,22412,238158
32,1/14/2021 15:00:00,17784,234696,1933.000000000000000,23263,,,17784,234696,1933,23263,19717,257875
33,1/15/2021 15:00:00,19391,254087,1988.000000000000000,25251,,,19391,254087,1988,25251,21379,279254
34,1/16/2021 15:00:00,5788,259875,1600.000000000000000,26851,,,5788,259875,1600,26851,7388,286642
35,1/17/2021 15:00:00,2106,261981,1472.000000000000000,28323,,,2106,261981,1472,28323,3578,290220
36,1/18/2021 15:00:00,7052,269033,3237.000000000000000,31560,,,7052,269033,3237,31560,10289,300509
37,1/19/2021 15:00:00,16889,285922,5372.000000000000000,36932,,,16889,285922,5372,36932,22261,322770
38,1/20/2021 15:00:00,20968,306890,5275.000000000000000,42207,,,20968,306890,5275,42207,26243,349013
39,1/21/2021 15:00:00,23726,330616,3779.000000000000000,45986,,,23726,330616,3779,45986,27505,376518
40,1/22/2021 15:00:00,28616,359232,3696.000000000000000,49682,,,28616,359232,3696,49682,32312,408830
41,1/23/2021 15:00:00,10084,369316,1917.000000000000000,51599,,,10084,369316,1917,51599,12001,420831
42,1/24/2021 15:00:00,3338,372654,1717.000000000000000,53316,,,3338,372654,1717,53316,5055,425886
43,1/25/2021 15:00:00,16275,388929,8561.000000000000000,61877,,,16275,388929,8561,61877,24836,450722
44,1/26/2021 15:00:00,17532,406461,8935.000000000000000,70812,,,17532,406461,8935,70812,26467,477189
45,1/27/2021 15:00:00,24416,430877,12495.000000000000000,83307,,,24416,430877,12495,83307,36911,514100
46,1/28/2021 15:00:00,22621,453498,9262.000000000000000,92569,,,22621,453498,9262,92569,31883,545983
47,1/29/2021 15:00:00,24732,478230,7857.000000000000000,100426,,,24732,478230,7857,100426,32589,578572
48,1/30/2021 15:00:00,17751,495981,2516.000000000000000,102942,,,17751,495981,2516,102942,20267,598839
49,1/31/2021 15:00:00,3747,499728,1329.000000000000000,104271,,,3747,499728,1329,104271,5076,603915
50,2/1/2021 15:00:00,7726,507454,5174.000000000000000,109445,,,7726,507454,5174,109445,12900,616815
51,2/2/2021 15:00:00,12425,519879,13758.000000000000000,123203,,,12425,519879,13758,123203,26183,642998
52,2/3/2021 15:00:00,18184,538063,18067.000000000000000,141270,,,18184,538063,18067,141270,36251,679249
53,2/4/2021 15:00:00,22041,560104,15701.000000000000000,156971,,,22041,560104,15701,156971,37742,716991
54,2/5/2021 15:00:00,20256,580360,17340.000000000000000,174311,,,20256,580360,17340,174311,37596,754587
55,2/6/2021 15:00:00,11271,591631,14429.000000000000000,188740,,,11271,591631,14429,188740,25700,780287
56,2/7/2021 15:00:00,5906,597537,1791.000000000000000,190531,,,5906,597537,1791,190531,7697,787984
57,2/8/2021 15:00:00,12929,610466,12877.000000000000000,203408,,,12929,610466,12877,203408,25806,813790
58,2/9/2021 15:00:00,16592,627058,13816.000000000000000,217224,,,16592,627058,13816,217224,30408,844198
59,2/10/2021 15:00:00,19221,646279,21169.000000000000000,238393,,,19221,646279,21169,238393,40390,884588
60,2/11/2021 15:00:00,22834,669113,17267.000000000000000,255660,,,22834,669113,17267,255660,40101,924689
61,2/12/2021 15:00:00,20330,689443,19561.000000000000000,275221,,,20330,689443,19561,275221,39891,964580
62,2/13/2021 15:00:00,11395,700838,6378.000000000000000,281599,,,11395,700838,6378,281599,17773,982353
63,2/14/2021 15:00:00,7094,707932,2104.000000000000000,283703,,,7094,707932,2104,283703,9198,991551
64,2/15/2021 15:00:00,11730,719662,13275.000000000000000,296978,,,11730,719662,13275,296978,25005,1016556
65,2/16/2021 15:00:00,16558,736220,20965.000000000000000,317943,,,16558,736220,20965,317943,37523,1054079
66,2/17/2021 15:00:00,20616,756836,26327.000000000000000,344270,,,20616,756836,26327,344270,46943,1101022
67,2/18/2021 15:00:00,3175,760011,4592.000000000000000,348862,,,3175,760011,4592,348862,7767,1108789
68,2/19/2021 15:00:00,10229,770240,19884.000000000000000,368746,,,10229,770240,19884,368746,30113,1138902
69,2/20/2021 15:00:00,10280,780520,20240.000000000000000,388986,,,10280,780520,20240,388986,30520,1169422
70,2/21/2021 15:00:00,6154,786674,7622.000000000000000,396608,,,6154,786674,7622,396608,13776,1183198
71,2/22/2021 15:00:00,8000,794674,15430.000000000000000,412038,,,8000,794674,15430,412038,23430,1206628
72,2/23/2021 15:00:00,15495,810169,15909.000000000000000,427947,,,15495,810169,15909,427947,31404,1238032
73,2/24/2021 15:00:00,17898,828067,24696.000000000000000,452643,,,17898,828067,24696,452643,42594,1280626
74,2/25/2021 15:00:00,20371,848438,26473.000000000000000,479116,,,20371,848438,26473,479116,46844,1327470
75,2/26/2021 15:00:00,26682,875120,26121.000000000000000,505237,,,26682,875120,26121,505237,52803,1380273
76,2/27/2021 15:00:00,15960,891080,11100.000000000000000,516337,,,15960,891080,11100,516337,27060,1407333
77,2/28/2021 15:00:00,15484,906564,4847.000000000000000,521184,,,15484,906564,4847,521184,20331,1427664
78,3/1/2021 15:00:00,26302,932866,12400.000000000000000,533584,,,26302,932866,12400,533584,38702,1466366
79,3/2/2021 15:00:00,23810,956676,13211.000000000000000,546795,32.000000000000000,32.000000000000000,23842,956708,13243,546827,37053,1503419
80,3/3/2021 15:00:00,30063,986739,18334.000000000000000,565129,180.000000000000000,212.000000000000000,30243,986951,18514,565341,48577,1551996
81,3/4/2021 15:00:00,30918,1017657,18120.000000000000000,583249,4065.000000000000000,4277.000000000000000,34983,1021934,22185,587526,53103,1605099
82,3/5/2021 15:00:00,29387,1047044,19399.000000000000000,602648,4911.000000000000000,9188.000000000000000,34298,1056232,24310,611836,53697,1658796
83,3/6/2021 15:00:00,17816,1064860,8939.000000000000000,611587,6003.000000000000000,15191.000000000000000,23819,1080051,14942,626778,32758,1691554
84,3/7/2021 15:00:00,12097,1076957,4820.000000000000000,616407,6611.000000000000000,21802.000000000000000,18708,1098759,11431,638209,23528,1715082
85,3/8/2021 15:00:00,25806,1102763,8779.000000000000000,625186,8276.000000000000000,30078.000000000000000,34082,1132841,17055,655264,42861,1757943
86,3/9/2021 15:00:00,26055,1128818,15387.000000000000000,640573,8344.000000000000000,38422.000000000000000,34399,1167240,23731,678995,49786,1807729
87,3/10/2021 15:00:00,29785,1158603,15913.000000000000000,656486,7932.000000000000000,46354.000000000000000,37717,1204957,23845,702840,53630,1861359
88,3/11/2021 15:00:00,35900,1194503,16377.000000000000000,672863,3980.000000000000000,50334.000000000000000,39880,1244837,20357,723197,56257,1917616
89,3/12/2021 15:00:00,36853,1231356,18005.000000000000000,690868,2920.000000000000000,53254.000000000000000,39773,1284610,20925,744122,57778,1975394
90,3/13/2021 15:00:00,22632,1253988,10239.000000000000000,701107,1606.000000000000000,54860.000000000000000,24238,1308848,11845,755967,34477,2009871
91,3/14/2021 15:00:00,17825,1271813,6673.000000000000000,707780,998.000000000000000,55858.000000000000000,18823,1327671,7671,763638,25496,2035367
92,3/15/2021 15:00:00,29739,1301552,11225.000000000000000,719005,593.000000000000000,56451.000000000000000,30332,1358003,11818,775456,41557,2076924
93,3/16/2021 15:00:00,33367,1334919,13507.000000000000000,732512,765.000000000000000,57216.000000000000000,34132,1392135,14272,789728,47639,2124563
94,3/17/2021 15:00:00,37510,1372429,16964.000000000000000,749476,1175.000000000000000,58391.000000000000000,38685,1430820,18139,807867,55649,2180212
95,3/18/2021 15:00:00,41348,1413777,12555.000000000000000,762031,1348.000000000000000,59739.000000000000000,42696,1473516,13903,821770,55251,2235463
96,3/19/2021 15:00:00,38245,1452022,15348.000000000000000,777379,1036.000000000000000,60775.000000000000000,39281,1512797,16384,838154,54629,2290092
97,3/20/2021 15:00:00,24637,1476659,10082.000000000000000,787461,696.000000000000000,61471.000000000000000,25333,1538130,10778,848932,35415,2325507
98,3/21/2021 15:00:00,19136,1495795,7822.000000000000000,795283,332.000000000000000,61803.000000000000000,19468,1557598,8154,857086,27290,2352797
99,3/22/2021 15:00:00,32511,1528306,11413.000000000000000,806696,834.000000000000000,62637.000000000000000,33345,1590943,12247,869333,44758,2397555
100,3/23/2021 15:00:00,37716,1566022,17272.000000000000000,823968,1552.000000000000000,64189.000000000000000,39268,1630211,18824,888157,56540,2454095
101,3/24/2021 15:00:00,41017,1607039,21117.000000000000000,845085,1379.000000000000000,65568.000000000000000,42396,1672607,22496,910653,63513,2517608
102,3/25/2021 15:00:00,42288,1649327,20958.000000000000000,866043,2455.000000000000000,68023.000000000000000,44743,1717350,23413,934066,65701,2583309
103,3/26/2021 15:00:00,36547,1685874,26211.000000000000000,892254,2500.000000000000000,70523.000000000000000,39047,1756397,28711,962777,65258,2648567
104,3/27/2021 15:00:00,26893,1712767,16739.000000000000000,908993,2481.000000000000000,73004.000000000000000,29374,1785771,19220,981997,46113,2694680
105,3/28/2021 15:00:00,16998,1729765,12596.000000000000000,921589,1614.000000000000000,74618.000000000000000,18612,1804383,14210,996207,31208,2725888
106,3/29/2021 15:00:00,29675,1759440,26177.000000000000000,947766,1138.000000000000000,75756.000000000000000,30813,1835196,27315,1023522,56990,2782878
107,3/30/2021 15:00:00,39983,1799423,28884.000000000000000,976650,1855.000000000000000,77611.000000000000000,41838,1877034,30739,1054261,70722,2853600
108,3/31/2021 15:00:00,40982,1840405,34550.000000000000000,1011200,5745.000000000000000,83356.000000000000000,46727,1923761,40295,1094556,81277,2934877
109,4/1/2021 15:00:00,40886,1881291,39755.000000000000000,1050955,5635.000000000000000,88991.000000000000000,46521,1970282,45390,1139946,86276,3021153
110,4/2/2021 15:00:00,34924,1916215,32447.000000000000000,1083402,6111.000000000000000,95102.000000000000000,41035,2011317,38558,1178504,73482,3094635
111,4/3/2021 15:00:00,21592,1937807,18639.000000000000000,1102041,4363.000000000000000,99465.000000000000000,25955,2037272,23002,1201506,44594,3139229
112,4/4/2021 15:00:00,8225,1946032,10159.000000000000000,1112200,961.000000000000000,100426.000000000000000,9186,2046458,11120,1212626,19345,3158574
113,4/5/2021 15:00:00,27857,1973889,28807.000000000000000,1141007,6646.000000000000000,107072.000000000000000,34503,2080961,35453,1248079,63310,3221884
114,4/6/2021 15:00:00,39699,2013588,30356.000000000000000,1171363,10485.000000000000000,117557.000000000000000,50184,2131145,40841,1288920,80540,3302424
115,4/7/2021 15:00:00,35990,2049578,34131.000000000000000,1205494,12964.000000000000000,130521.000000000000000,48954,2180099,47095,1336015,83085,3385509
116,4/8/2021 15:00:00,42243,2091821,35952.000000000000000,1241446,13847.000000000000000,144368.000000000000000,56090,2236189,49799,1385814,92042,3477551
117,4/9/2021 15:00:00,33972,2125793,36230.000000000000000,1277676,14516.000000000000000,158884.000000000000000,48488,2284677,50746,1436560,84718,3562269
118,4/10/2021 15:00:00,23415,2149208,23067.000000000000000,1300743,7617.000000000000000,166501.000000000000000,31032,2315709,30684,1467244,54099,3616368
119,4/11/2021 15:00:00,17545,2166753,13246.000000000000000,1313989,10119.000000000000000,176620.000000000000000,27664,2343373,23365,1490609,40910,3657278
120,4/12/2021 15:00:00,24547,2191300,33097.000000000000000,1347086,10889.000000000000000,187509.000000000000000,35436,2378809,43986,1534595,68533,3725811
121,4/13/2021 15:00:00,126735,2318035,90525.000000000000000,1437611,3292.000000000000000,190801.000000000000000,130027,2508836,93817,1628412,220552,3946363
122,4/14/2021 15:00:00,40660,2358695,37706.000000000000000,1475317,211.000000000000000,191012.000000000000000,40871,2549707,37917,1666329,78577,4024940
123,4/15/2021 15:00:00,41655,2400350,39088.000000000000000,1514405,173.000000000000000,191185.000000000000000,41828,2591535,39261,1705590,80916,4105856
124,4/16/2021 15:00:00,37167,2437517,38669.000000000000000,1553074,23.000000000000000,191208.000000000000000,37190,2628725,38692,1744282,75859,4181715
125,4/17/2021 15:00:00,32757,2470274,21948.000000000000000,1575022,12.000000000000000,191220.000000000000000,32769,2661494,21960,1766242,54717,4236432
126,4/18/2021 15:00:00,20055,2490329,16160.000000000000000,1591182,5.000000000000000,191225.000000000000000,20060,2681554,16165,1782407,36220,4272652
127,4/19/2021 15:00:00,29864,2520193,36447.000000000000000,1627629,61.000000000000000,191286.000000000000000,29925,2711479,36508,1818915,66372,4339024
128,4/20/2021 15:00:00,33070,2553263,44128.000000000000000,1671757,54.000000000000000,191340.000000000000000,33124,2744603,44182,1863097,77252,4416276
129,4/21/2021 15:00:00,39768,2593031,46867.000000000000000,1718624,22.000000000000000,191362.000000000000000,39790,2784393,46889,1909986,86657,4502933
130,4/22/2021 15:00:00,36366,2629397,41924.000000000000000,1760548,16.000000000000000,191378.000000000000000,36382,2820775,41940,1951926,78306,4581239
131,4/23/2021 15:00:00,33073,2662470,39949.000000000000000,1800497,13.000000000000000,191391.000000000000000,33086,2853861,39962,1991888,73035,4654274
132,4/24/2021 15:00:00,26386,2688856,27797.000000000000000,1828294,80.000000000000000,191471.000000000000000,26466,2880327,27877,2019765,54263,4708537
133,4/25/2021 15:00:00,20211,2709067,10910.000000000000000,1839204,30.000000000000000,191501.000000000000000,20241,2900568,10940,2030705,31151,4739688
134,4/26/2021 15:00:00,27394,2736461,32584.000000000000000,1871788,202.000000000000000,191703.000000000000000,27596,2928164,32786,2063491,60180,4799868
135,4/27/2021 15:00:00,26689,2763150,32919.000000000000000,1904707,1096.000000000000000,192799.000000000000000,27785,2955949,34015,2097506,60704,4860572
136,4/28/2021 15:00:00,28905,2792055,39397.000000000000000,1944104,1362.000000000000000,194161.000000000000000,30267,2986216,40759,2138265,69664,4930236
137,4/29/2021 15:00:00,27291,2819346,39338.000000000000000,1983442,1463.000000000000000,195624.000000000000000,28754,3014970,40801,2179066,68092,4998328
138,4/30/2021 15:00:00,28161,2847507,32095.000000000000000,2015537,1644.000000000000000,197268.000000000000000,29805,3044775,33739,2212805,61900,5060228
139,5/1/2021 15:00:00,20445,2867952,26387.000000000000000,2041924,1027.000000000000000,198295.000000000000000,21472,3066247,27414,2240219,47859,5108087
140,5/2/2021 15:00:00,10270,2878222,16996.000000000000000,2058920,819.000000000000000,199114.000000000000000,11089,3077336,17815,2258034,28085,5136172
141,5/3/2021 15:00:00,12723,2890945,28381.000000000000000,2087301,1909.000000000000000,201023.000000000000000,14632,3091968,30290,2288324,43013,5179185
142,5/4/2021 15:00:00,13521,2904466,38373.000000000000000,2125674,1732.000000000000000,202755.000000000000000,15253,3107221,40105,2328429,53626,5232811
143,5/5/2021 15:00:00,19316,2923782,37632.000000000000000,2163306,1920.000000000000000,204675.000000000000000,21236,3128457,39552,2367981,58868,5291679
144,5/6/2021 15:00:00,16920,2940702,40487.000000000000000,2203793,1715.000000000000000,206390.000000000000000,18635,3147092,42202,2410183,59122,5350801
145,5/7/2021 15:00:00,17387,2958089,35956.000000000000000,2239749,1954.000000000000000,208344.000000000000000,19341,3166433,37910,2448093,55297,5406098
146,5/8/2021 15:00:00,10781,2968870,31148.000000000000000,2270897,1291.000000000000000,209635.000000000000000,12072,3178505,32439,2480532,43220,5449318
147,5/9/2021 15:00:00,5051,2973921,11889.000000000000000,2282786,696.000000000000000,210331.000000000000000,5747,3184252,12585,2493117,17636,5466954
148,5/10/2021 15:00:00,8945,2982866,30964.000000000000000,2313750,1356.000000000000000,211687.000000000000000,10301,3194553,32320,2525437,41265,5508219
149,5/11/2021 15:00:00,12189,2995055,30204.000000000000000,2343954,1435.000000000000000,213122.000000000000000,13624,3208177,31639,2557076,43828,5552047
150,5/12/2021 15:00:00,13944,3008999,38517.000000000000000,2382471,1915.000000000000000,215037.000000000000000,15859,3224036,40432,2597508,54376,5606423
151,5/13/2021 15:00:00,21829,3030828,33382.000000000000000,2415853,1346.000000000000000,216383.000000000000000,23175,3247211,34728,2632236,56557,5662980
152,5/14/2021 15:00:00,24323,3055151,29927.000000000000000,2445780,1770.000000000000000,218153.000000000000000,26093,3273304,31697,2663933,56020,5719000
153,5/15/2021 15:00:00,21877,3077028,25026.000000000000000,2470806,1489.000000000000000,219642.000000000000000,23366,3296670,26515,2690448,48392,5767392
154,5/16/2021 15:00:00,9074,3086102,17524.000000000000000,2488330,1112.000000000000000,220754.000000000000000,10186,3306856,18636,2709084,27710,5795102
155,5/17/2021 15:00:00,16825,3102927,28285.000000000000000,2516615,1949.000000000000000,222703.000000000000000,18774,3325630,30234,2739318,47059,5842161
156,5/18/2021 15:00:00,21236,3124163,30612.000000000000000,2547227,1942.000000000000000,224645.000000000000000,23178,3348808,32554,2771872,53790,5895951
157,5/19/2021 15:00:00,27575,3151738,32329.000000000000000,2579556,1624.000000000000000,226269.000000000000000,29199,3378007,33953,2805825,61528,5957479
158,5/20/2021 15:00:00,20774,3172512,33152.000000000000000,2612708,1963.000000000000000,228232.000000000000000,22737,3400744,35115,2840940,55889,6013368
159,5/21/2021 15:00:00,19133,3191645,30200.000000000000000,2642908,1607.000000000000000,229839.000000000000000,20740,3421484,31807,2872747,50940,6064308
160,5/22/2021 15:00:00,16900,3208545,20628.000000000000000,2663536,1269.000000000000000,231108.000000000000000,18169,3439653,21897,2894644,38797,6103105
161,5/23/2021 15:00:00,8749,3217294,11419.000000000000000,2674955,964.000000000000000,232072.000000000000000,9713,3449366,12383,2907027,21132,6124237
162,5/24/2021 15:00:00,13560,3230854,17706.000000000000000,2692661,1475.000000000000000,233547.000000000000000,15035,3464401,19181,2926208,32741,6156978
163,5/25/2021 15:00:00,12999,3243853,18626.000000000000000,2711287,1327.000000000000000,234874.000000000000000,14326,3478727,19953,2946161,32952,6189930
164,5/26/2021 15:00:00,18261,3262114,19408.000000000000000,2730695,1509.000000000000000,236383.000000000000000,19770,3498497,20917,2967078,39178,6229108
165,5/27/2021 15:00:00,11678,3273792,18607.000000000000000,2749302,1115.000000000000000,237498.000000000000000,12793,3511290,19722,2986800,31400,6260508
166,5/28/2021 15:00:00,12505,3286297,19695.000000000000000,2768997,1397.000000000000000,238895.000000000000000,13902,3525192,21092,3007892,33597,6294105
167,5/29/2021 15:00:00,9548,3295845,11614.000000000000000,2780611,934.000000000000000,239829.000000000000000,10482,3535674,12548,3020440,22096,6316201
168,5/30/2021 15:00:00,4967,3300812,6411.000000000000000,2787022,597.000000000000000,240426.000000000000000,5564,3541238,7008,3027448,11975,6328176
169,5/31/2021 15:00:00,1776,3302588,3701.000000000000000,2790723,305.000000000000000,240731.000000000000000,2081,3543319,4006,3031454,5782,6333958
170,6/1/2021 15:00:00,9773,3312361,16270.000000000000000,2806993,1150.000000000000000,241881.000000000000000,10923,3554242,17420,3048874,27193,6361151
171,6/2/2021 15:00:00,10220,3322581,16764.000000000000000,2823757,959.000000000000000,242840.000000000000000,11179,3565421,17723,3066597,27943,6389094
172,6/3/2021 15:00:00,7890,3330471,21129.000000000000000,2844886,1085.000000000000000,243925.000000000000000,8975,3574396,22214,3088811,30104,6419198
173,6/4/2021 15:00:00,8215,3338686,22220.000000000000000,2867106,1121.000000000000000,245046.000000000000000,9336,3583732,23341,3112152,31556,6450754
174,6/5/2021 15:00:00,7008,3345694,19398.000000000000000,2886504,719.000000000000000,245765.000000000000000,7727,3591459,20117,3132269,27125,6477879
175,6/6/2021 15:00:00,3463,3349157,7207.000000000000000,2893711,422.000000000000000,246187.000000000000000,3885,3595344,7629,3139898,11092,6488971
176,6/7/2021 15:00:00,6848,3356005,15719.000000000000000,2909430,725.000000000000000,246912.000000000000000,7573,3602917,16444,3156342,23292,6512263
177,6/8/2021 15:00:00,6672,3362677,19646.000000000000000,2929076,818.000000000000000,247730.000000000000000,7490,3610407,20464,3176806,27136,6539399
178,6/9/2021 15:00:00,8197,3370874,23882.000000000000000,2952958,968.000000000000000,248698.000000000000000,9165,3619572,24850,3201656,33047,6572446
179,6/10/2021 15:00:00,7158,3378032,19063.000000000000000,2972021,894.000000000000000,249592.000000000000000,8052,3627624,19957,3221613,27115,6599561
180,6/11/2021 15:00:00,7464,3385496,17680.000000000000000,2989701,1125.000000000000000,250717.000000000000000,8589,3636213,18805,3240418,26269,6625830
181,6/12/2021 15:00:00,5233,3390729,14709.000000000000000,3004410,604.000000000000000,251321.000000000000000,5837,3642050,15313,3255731,20546,6646376
182,6/13/2021 15:00:00,1932,3392661,7550.000000000000000,3011960,425.000000000000000,251746.000000000000000,2357,3644407,7975,3263706,9907,6656283
183,6/14/2021 15:00:00,5655,3398316,11796.000000000000000,3023756,728.000000000000000,252474.000000000000000,6383,3650790,12524,3276230,18179,6674462
184,6/15/2021 15:00:00,5645,3403961,14278.000000000000000,3038034,870.000000000000000,253344.000000000000000,6515,3657305,15148,3291378,20793,6695255
185,6/16/2021 15:00:00,8752,3412713,21534.000000000000000,3059568,757.000000000000000,254101.000000000000000,9509,3666814,22291,3313669,31043,6726298
186,6/17/2021 15:00:00,6675,3419388,12326.000000000000000,3071894,717.000000000000000,254818.000000000000000,7392,3674206,13043,3326712,19718,6746016
187,6/18/2021 15:00:00,6831,3426219,12689.000000000000000,3084583,703.000000000000000,255521.000000000000000,7534,3681740,13392,3340104,20223,6766239
188,6/19/2021 15:00:00,4658,3430877,9348.000000000000000,3093931,614.000000000000000,256135.000000000000000,5272,3687012,9962,3350066,14620,6780859
189,6/20/2021 15:00:00,2500,3433377,5033.000000000000000,3098964,378.000000000000000,256513.000000000000000,2878,3689890,5411,3355477,7911,6788770
190,6/21/2021 15:00:00,5547,3438924,5312.000000000000000,3104276,636.000000000000000,257149.000000000000000,6183,3696073,5948,3361425,11495,6800265
191,6/22/2021 15:00:00,5189,3444113,8837.000000000000000,3113113,681.000000000000000,257830.000000000000000,5870,3701943,9518,3370943,14707,6814972
192,6/23/2021 15:00:00,6057,3450170,10286.000000000000000,3123399,643.000000000000000,258473.000000000000000,6700,3708643,10929,3381872,16986,6831958
193,6/24/2021 15:00:00,5925,3456095,8177.000000000000000,3131576,593.000000000000000,259066.000000000000000,6518,3715161,8770,3390642,14695,6846653
194,6/25/2021 15:00:00,5825,3461920,8610.000000000000000,3140186,619.000000000000000,259685.000000000000000,6444,3721605,9229,3399871,15054,6861707
195,6/26/2021 15:00:00,3701,3465621,6286.000000000000000,3146472,396.000000000000000,260081.000000000000000,4097,3725702,6682,3406553,10383,6872090
196,6/27/2021 15:00:00,2805,3468426,3509.000000000000000,3149981,184.000000000000000,260265.000000000000000,2989,3728691,3693,3410246,6498,6878588
197,6/28/2021 15:00:00,4728,3473154,6080.000000000000000,3156061,521.000000000000000,260786.000000000000000,5249,3733940,6601,3416847,11329,6889917
198,6/29/2021 15:00:00,5061,3478215,6431.000000000000000,3162492,517.000000000000000,261303.000000000000000,5578,3739518,6948,3423795,12009,6901926
199,6/30/2021 15:00:00,5599,3483814,7357.000000000000000,3169849,602.000000000000000,261905.000000000000000,6201,3745719,7959,3431754,13558,6915484
200,7/1/2021 15:00:00,5333,3489147,6905.000000000000000,3176754,491.000000000000000,262396.000000000000000,5824,3751543,7396,3439150,12729,6928213
201,7/2/2021 15:00:00,5282,3494429,6800.000000000000000,3183554,519.000000000000000,262915.000000000000000,5801,3757344,7319,3446469,12601,6940814
202,7/3/2021 15:00:00,3259,3497688,4046.000000000000000,3187600,260.000000000000000,263175.000000000000000,3519,3760863,4306,3450775,7565,6948379
203,7/4/2021 15:00:00,493,3498181,542.000000000000000,3188142,66.000000000000000,263241.000000000000000,559,3761422,608,3451383,1101,6949480
204,7/5/2021 15:00:00,3750,3501931,3943.000000000000000,3192085,282.000000000000000,263523.000000000000000,4032,3765454,4225,3455608,7975,6957455
205,7/6/2021 15:00:00,4480,3506411,6220.000000000000000,3198305,450.000000000000000,263973.000000000000000,4930,3770384,6670,3462278,11150,6968605
206,7/7/2021 15:00:00,4454,3510865,6371.000000000000000,3204676,482.000000000000000,264455.000000000000000,4936,3775320,6853,3469131,11307,6979912
207,7/8/2021 15:00:00,4828,3515693,6122.000000000000000,3210798,563.000000000000000,265018.000000000000000,5391,3780711,6685,3475816,11513,6991425
208,7/9/2021 15:00:00,5341,3521034,6620.000000000000000,3217418,571.000000000000000,265589.000000000000000,5912,3786623,7191,3483007,12532,7003957
209,7/10/2021 15:00:00,3519,3524553,4375.000000000000000,3221793,301.000000000000000,265890.000000000000000,3820,3790443,4676,3487683,8195,7012152
210,7/11/2021 15:00:00,2668,3527221,2554.000000000000000,3224347,222.000000000000000,266112.000000000000000,2890,3793333,2776,3490459,5444,7017596
211,7/12/2021 15:00:00,4410,3531631,5087.000000000000000,3229434,377.000000000000000,266489.000000000000000,4787,3798120,5464,3495923,9874,7027470
212,7/13/2021 15:00:00,4745,3536376,4582.000000000000000,3234016,365.000000000000000,266854.000000000000000,5110,3803230,4947,3500870,9692,7037162
213,7/14/2021 15:00:00,4601,3540977,5243.000000000000000,3239259,422.000000000000000,267276.000000000000000,5023,3808253,5665,3506535,10266,7047428
214,7/15/2021 15:00:00,4872,3545849,4970.000000000000000,3244229,356.000000000000000,267632.000000000000000,5228,3813481,5326,3511861,10198,7057626
215,7/16/2021 15:00:00,6272,3552121,5800.000000000000000,3250029,401.000000000000000,268033.000000000000000,6673,3820154,6201,3518062,12473,7070099
216,7/17/2021 15:00:00,3403,3555524,3537.000000000000000,3253566,300.000000000000000,268333.000000000000000,3703,3823857,3837,3521899,7240,7077339
217,7/18/2021 15:00:00,2301,3557825,2365.000000000000000,3255931,110.000000000000000,268443.000000000000000,2411,3826268,2475,3524374,4776,7082115
218,7/19/2021 15:00:00,5245,3563070,4462.000000000000000,3260393,377.000000000000000,268820.000000000000000,5622,3831890,4839,3529213,10084,7092199
219,7/20/2021 15:00:00,5328,3568398,4680.000000000000000,3265073,366.000000000000000,269186.000000000000000,5694,3837584,5046,3534259,10374,7102573
220,7/21/2021 15:00:00,5628,3574026,4901.000000000000000,3269974,415.000000000000000,269601.000000000000000,6043,3843627,5316,3539575,10944,7113517
221,7/22/2021 15:00:00,6011,3580037,4595.000000000000000,3274569,469.000000000000000,270070.000000000000000,6480,3850107,5064,3544639,11075,7124592
222,7/23/2021 15:00:00,6822,3586859,4812.000000000000000,3279381,489.000000000000000,270559.000000000000000,7311,3857418,5301,3549940,12123,7136715
223,7/24/2021 15:00:00,4276,3591135,3188.000000000000000,3282569,267.000000000000000,270826.000000000000000,4543,3861961,3455,3553395,7731,7144446
224,7/25/2021 15:00:00,3289,3594424,1108.000000000000000,3283677,138.000000000000000,270964.000000000000000,3427,3865388,1246,3554641,4535,7148981
225,7/26/2021 15:00:00,6196,3600620,3875.000000000000000,3287552,414.000000000000000,271378.000000000000000,6610,3871998,4289,3558930,10485,7159466
226,7/27/2021 15:00:00,6340,3606960,4039.000000000000000,3291591,453.000000000000000,271831.000000000000000,6793,3878791,4492,3563422,10832,7170298
227,7/28/2021 15:00:00,6798,3613758,3992.000000000000000,3295583,458.000000000000000,272289.000000000000000,7256,3886047,4450,3567872,11248,7181546
228,7/29/2021 15:00:00,6804,3620562,4129.000000000000000,3299712,416.000000000000000,272705.000000000000000,7220,3893267,4545,3572417,11349,7192895
229,7/30/2021 15:00:00,7524,3628086,4498.000000000000000,3304210,521.000000000000000,273226.000000000000000,8045,3901312,5019,3577436,12543,7205438
230,7/31/2021 15:00:00,4777,3632863,3033.000000000000000,3307243,272.000000000000000,273498.000000000000000,5049,3906361,3305,3580741,8082,7213520
231,8/1/2021 15:00:00,3808,3636671,2103.000000000000000,3309346,158.000000000000000,273656.000000000000000,3966,3910327,2261,3583002,6069,7219589
232,8/2/2021 15:00:00,7013,3643684,3627.000000000000000,3312973,335.000000000000000,273991.000000000000000,7348,3917675,3962,3586964,10975,7230564
233,8/3/2021 15:00:00,6996,3650680,3888.000000000000000,3316861,510.000000000000000,274501.000000000000000,7506,3925181,4398,3591362,11394,7241958
234,8/4/2021 15:00:00,7157,3657837,3885.000000000000000,3320746,528.000000000000000,275029.000000000000000,7685,3932866,4413,3595775,11570,7253528
235,8/5/2021 15:00:00,7665,3665502,4102.000000000000000,3324848,535.000000000000000,275564.000000000000000,8200,3941066,4637,3600412,12302,7265830
236,8/6/2021 15:00:00,8283,3673785,4677.000000000000000,3329525,451.000000000000000,276015.000000000000000,8734,3949800,5128,3605540,13411,7279241
237,8/7/2021 15:00:00,5246,3679031,2792.000000000000000,3332317,264.000000000000000,276279.000000000000000,5510,3955310,3056,3608596,8302,7287543
238,8/8/2021 15:00:00,3946,3682977,2036.000000000000000,3334353,141.000000000000000,276420.000000000000000,4087,3959397,2177,3610773,6123,7293666
239,8/9/2021 15:00:00,6913,3689890,4498.000000000000000,3338851,364.000000000000000,276784.000000000000000,7277,3966674,4862,3615635,11775,7305441
240,8/10/2021 15:00:00,7117,3697007,4430.000000000000000,3343281,337.000000000000000,277121.000000000000000,7454,3974128,4767,3620402,11884,7317325
241,8/11/2021 15:00:00,7028,3704035,4415.000000000000000,3347696,438.000000000000000,277559.000000000000000,7466,3981594,4853,3625255,11881,7329206
242,8/12/2021 15:00:00,8568,3712603,4709.000000000000000,3352405,441.000000000000000,278000.000000000000000,9009,3990603,5150,3630405,13718,7342924
243,8/13/2021 15:00:00,7110,3719713,5327.000000000000000,3357732,392.000000000000000,278392.000000000000000,7502,3998105,5719,3636124,12829,7355753
244,8/14/2021 15:00:00,4913,3724626,3329.000000000000000,3361061,285.000000000000000,278677.000000000000000,5198,4003303,3614,3639738,8527,7364280
245,8/15/2021 15:00:00,3318,3727944,2723.000000000000000,3363784,163.000000000000000,278840.000000000000000,3481,4006784,2886,3642624,6204,7370484
246,8/16/2021 15:00:00,5421,3733365,5065.000000000000000,3368849,349.000000000000000,279189.000000000000000,5770,4012554,5414,3648038,10835,7381319
247,8/17/2021 15:00:00,6947,3740312,5166.000000000000000,3374015,387.000000000000000,279576.000000000000000,7334,4019888,5553,3653591,12500,7393819
248,8/18/2021 15:00:00,6503,3746815,5278.000000000000000,3379293,476.000000000000000,280052.000000000000000,6979,4026867,5754,3659345,12257,7406076
249,8/19/2021 15:00:00,5977,3752792,5305.000000000000000,3384598,415.000000000000000,280467.000000000000000,6392,4033259,5720,3665065,11697,7417773
250,8/20/2021 15:00:00,7028,3759820,6303.000000000000000,3390901,402.000000000000000,280869.000000000000000,7430,4040689,6705,3671770,13733,7431506
251,8/21/2021 15:00:00,4311,3764131,3901.000000000000000,3394802,225.000000000000000,281094.000000000000000,4536,4045225,4126,3675896,8437,7439943
252,8/22/2021 15:00:00,3060,3767191,3154.000000000000000,3397956,109.000000000000000,281203.000000000000000,3169,4048394,3263,3679159,6323,7446266
253,8/23/2021 15:00:00,6157,3773348,5905.000000000000000,3403861,285.000000000000000,281488.000000000000000,6442,4054836,6190,3685349,12347,7458613
254,8/24/2021 15:00:00,6634,3779982,5858.000000000000000,3409719,424.000000000000000,281912.000000000000000,7058,4061894,6282,3691631,12916,7471529
255,8/25/2021 15:00:00,6890,3786872,5994.000000000000000,3415713,439.000000000000000,282351.000000000000000,7329,4069223,6433,3698064,13323,7484852
256,8/26/2021 15:00:00,7172,3794044,6410.000000000000000,3422123,428.000000000000000,282779.000000000000000,7600,4076823,6838,3704902,14010,7498862
257,8/27/2021 15:00:00,6856,3800900,7006.000000000000000,3429129,316.000000000000000,283095.000000000000000,7172,4083995,7322,3712224,14178,7513040
258,8/28/2021 15:00:00,6900,3807800,6479.000000000000000,3435608,326.000000000000000,283421.000000000000000,7226,4091221,6805,3719029,13705,7526745
259,8/29/2021 15:00:00,3739,3811539,3673.000000000000000,3439281,611.000000000000000,284032.000000000000000,4350,4095571,4284,3723313,8023,7534768
260,8/30/2021 15:00:00,5942,3817481,6077.000000000000000,3445358,960.000000000000000,284992.000000000000000,6902,4102473,7037,3730350,12979,7547747
261,8/31/2021 15:00:00,5692,3823173,5909.000000000000000,3451267,945.000000000000000,285937.000000000000000,6637,4109110,6854,3737204,12546,7560293
262,9/1/2021 15:00:00,5541,3828714,5564.000000000000000,3456831,906.000000000000000,286843.000000000000000,6447,4115557,6470,3743674,12011,7572304
263,9/2/2021 15:00:00,5526,3834240,5881.000000000000000,3462712,702.000000000000000,287545.000000000000000,6228,4121785,6583,3750257,12109,7584413
264,9/3/2021 15:00:00,5991,3840231,6872.000000000000000,3469584,971.000000000000000,288516.000000000000000,6962,4128747,7843,3758100,13834,7598247
265,9/4/2021 15:00:00,3712,3843943,4316.000000000000000,3473900,876.000000000000000,289392.000000000000000,4588,4133335,5192,3763292,8904,7607151
266,9/5/2021 15:00:00,2947,3846890,2790.000000000000000,3476690,105.000000000000000,289497.000000000000000,3052,4136387,2895,3766187,5842,7612993
267,9/6/2021 15:00:00,1050,3847940,1138.000000000000000,3477828,62.000000000000000,289559.000000000000000,1112,4137499,1200,3767387,2250,7615243
268,9/7/2021 15:00:00,5343,3853283,7239.000000000000000,3485067,2304.000000000000000,291863.000000000000000,7647,4145146,9543,3776930,14886,7630129
269,9/8/2021 15:00:00,4660,3857943,5431.000000000000000,3490498,364.000000000000000,292227.000000000000000,5024,4150170,5795,3782725,10455,7640584
270,9/9/2021 15:00:00,5069,3863012,5345.000000000000000,3495843,323.000000000000000,292550.000000000000000,5392,4155562,5668,3788393,10737,7651321
271,9/10/2021 15:00:00,6533,3869545,6579.000000000000000,3502422,1716.000000000000000,294266.000000000000000,8249,4163811,8295,3796688,14828,7666149
272,9/11/2021 15:00:00,4070,3873615,4314.000000000000000,3506736,663.000000000000000,294929.000000000000000,4733,4168544,4977,3801665,9047,7675196
273,9/12/2021 15:00:00,3155,3876770,3227.000000000000000,3509963,436.000000000000000,295365.000000000000000,3591,4172135,3663,3805328,6818,7682014
274,9/13/2021 15:00:00,4661,3881431,4830.000000000000000,3514793,345.000000000000000,295710.000000000000000,5006,4177141,5175,3810503,9836,7691850
275,9/14/2021 15:00:00,4576,3886007,5180.000000000000000,3519973,435.000000000000000,296145.000000000000000,5011,4182152,5615,3816118,10191,7702041
276,9/15/2021 15:00:00,4850,3890857,5584.000000000000000,3525557,387.000000000000000,296532.000000000000000,5237,4187389,5971,3822089,10821,7712862
277,9/16/2021 15:00:00,4585,3895442,5598.000000000000000,3531155,332.000000000000000,296864.000000000000000,4917,4192306,5930,3828019,10515,7723377
278,9/17/2021 15:00:00,5039,3900481,6322.000000000000000,3537477,341.000000000000000,297205.000000000000000,5380,4197686,6663,3834682,11702,7735079
279,9/18/2021 15:00:00,3773,3904254,4553.000000000000000,3542030,186.000000000000000,297391.000000000000000,3959,4201645,4739,3839421,8512,7743591
280,9/19/2021 15:00:00,2744,3906998,3153.000000000000000,3545183,75.000000000000000,297466.000000000000000,2819,4204464,3228,3842649,5972,7749563
281,9/20/2021 15:00:00,3541,3910539,4458.000000000000000,3549641,427.000000000000000,297893.000000000000000,3968,4208432,4885,3847534,8426,7757989
282,9/21/2021 15:00:00,3788,3914327,4804.000000000000000,3554445,325.000000000000000,298218.000000000000000,4113,4212545,5129,3852663,8917,7766906
283,9/22/2021 15:00:00,4189,3918516,4740.000000000000000,3559185,459.000000000000000,298677.000000000000000,4648,4217193,5199,3857862,9388,7776294
284,9/23/2021 15:00:00,4177,3922693,4687.000000000000000,3563872,489.000000000000000,299166.000000000000000,4666,4221859,5176,3863038,9353,7785647
285,9/24/2021 15:00:00,5062,3927755,5567.000000000000000,3569439,422.000000000000000,299588.000000000000000,5484,4227343,5989,3869027,11051,7796698
286,9/25/2021 15:00:00,3623,3931378,3623.000000000000000,3573062,385.000000000000000,299973.000000000000000,4008,4231351,4008,3873035,7631,7804329
287,9/26/2021 15:00:00,2357,3933735,2652.000000000000000,3575714,421.000000000000000,300394.000000000000000,2778,4234129,3073,3876108,5430,7809759
288,9/27/2021 15:00:00,4505,3938240,2680.000000000000000,3578394,507.000000000000000,300901.000000000000000,5012,4239141,3187,3879295,7692,7817451
289,9/28/2021 15:00:00,4401,3942641,4431.000000000000000,3582825,211.000000000000000,301112.000000000000000,4612,4243753,4642,3883937,9043,7826494
290,9/29/2021 15:00:00,4698,3947339,4481.000000000000000,3587306,918.000000000000000,302030.000000000000000,5616,4249369,5399,3889336,10097,7836591
291,9/30/2021 15:00:00,4885,3952224,4547.000000000000000,3591853,791.000000000000000,302821.000000000000000,5676,4255045,5338,3894674,10223,7846814
292,10/1/2021 15:00:00,5429,3957653,5269.000000000000000,3597122,778.000000000000000,303599.000000000000000,6207,4261252,6047,3900721,11476,7858290
293,10/2/2021 15:00:00,2937,3960590,2884.000000000000000,3600006,187.000000000000000,303786.000000000000000,3124,4264376,3071,3903792,6008,7864298
294,10/3/2021 15:00:00,2063,3962653,2292.000000000000000,3602298,86.000000000000000,303872.000000000000000,2149,4266525,2378,3906170,4441,7868739
295,10/4/2021 15:00:00,4143,3966796,3356.000000000000000,3605654,233.000000000000000,304105.000000000000000,4376,4270901,3589,3909759,7732,7876471
296,10/5/2021 15:00:00,4054,3970850,3562.000000000000000,3609216,204.000000000000000,304309.000000000000000,4258,4275159,3766,3913525,7820,7884291
297,10/6/2021 15:00:00,4116,3974966,3481.000000000000000,3612697,264.000000000000000,304573.000000000000000,4380,4279539,3745,3917270,7861,7892152
298,10/7/2021 15:00:00,4352,3979318,3490.000000000000000,3616187,330.000000000000000,304903.000000000000000,4682,4284221,3820,3921090,8172,7900324
299,10/8/2021 15:00:00,4926,3984244,4103.000000000000000,3620290,281.000000000000000,305184.000000000000000,5207,4289428,4384,3925474,9310,7909634
300,10/9/2021 15:00:00,2680,3986924,2666.000000000000000,3622956,270.000000000000000,305454.000000000000000,2950,4292378,2936,3928410,5616,7915250
301,10/10/2021 15:00:00,1863,3988787,1840.000000000000000,3624796,59.000000000000000,305513.000000000000000,1922,4294300,1899,3930309,3762,7919012
302,10/11/2021 15:00:00,4362,3993149,3184.000000000000000,3627980,248.000000000000000,305761.000000000000000,4610,4298910,3432,3933741,7794,7926806
303,10/12/2021 15:00:00,3731,3996880,3385.000000000000000,3631365,269.000000000000000,306030.000000000000000,4000,4302910,3654,3937395,7385,7934191
304,10/13/2021 15:00:00,3969,4000849,3429.000000000000000,3634794,347.000000000000000,306377.000000000000000,4316,4307226,3776,3941171,7745,7941936
305,10/14/2021 15:00:00,5155,4006004,5440.000000000000000,3640234,428.000000000000000,306805.000000000000000,5583,4312809,5868,3947039,11023,7952959
306,10/15/2021 15:00:00,4719,4010723,4548.000000000000000,3644782,347.000000000000000,307152.000000000000000,5066,4317875,4895,3951934,9614,7962573
307,10/16/2021 15:00:00,2499,4013222,2489.000000000000000,3647271,289.000000000000000,307441.000000000000000,2788,4320663,2778,3954712,5277,7967850
308,10/17/2021 15:00:00,1807,4015029,1771.000000000000000,3649042,55.000000000000000,307496.000000000000000,1862,4322525,1826,3956538,3633,7971483
309,10/18/2021 15:00:00,4294,4019323,3556.000000000000000,3652598,266.000000000000000,307762.000000000000000,4560,4327085,3822,3960360,8116,7979599
310,10/19/2021 15:00:00,4306,4023629,4013.000000000000000,3656611,221.000000000000000,307983.000000000000000,4527,4331612,4234,3964594,8540,7988139
311,10/20/2021 15:00:00,3522,4027151,3410.000000000000000,3660021,254.000000000000000,308237.000000000000000,3776,4335388,3664,3968258,7186,7995325
312,10/21/2021 15:00:00,3299,4030450,3243.000000000000000,3663264,290.000000000000000,308527.000000000000000,3589,4338977,3533,3971791,6832,8002157
313,10/22/2021 15:00:00,4694,4035144,4012.000000000000000,3667276,475.000000000000000,309002.000000000000000,5169,4344146,4487,3976278,9181,8011338
314,10/23/2021 15:00:00,2904,4038048,2124.000000000000000,3669400,321.000000000000000,309323.000000000000000,3225,4347371,2445,3978723,5349,8016687
315,10/24/2021 15:00:00,2060,4040108,1552.000000000000000,3670952,77.000000000000000,309400.000000000000000,2137,4349508,1629,3980352,3689,8020376
316,10/25/2021 15:00:00,4545,4044653,3087.000000000000000,3674039,315.000000000000000,309715.000000000000000,4860,4354368,3402,3983754,7947,8028323
317,10/26/2021 15:00:00,4514,4049167,3127.000000000000000,3677166,308.000000000000000,310023.000000000000000,4822,4359190,3435,3987189,7949,8036272
318,10/27/2021 15:00:00,4720,4053887,3349.000000000000000,3680515,428.000000000000000,310451.000000000000000,5148,4364338,3777,3990966,8497,8044769
319,10/28/2021 15:00:00,4540,4058427,3385.000000000000000,3683900,494.000000000000000,310945.000000000000000,5034,4369372,3879,3994845,8419,8053188
320,10/29/2021 15:00:00,4951,4063378,3887.000000000000000,3687787,391.000000000000000,311336.000000000000000,5342,4374714,4278,3999123,9229,8062417
321,10/30/2021 15:00:00,2629,4066007,1851.000000000000000,3689638,308.000000000000000,311644.000000000000000,2937,4377651,2159,4001282,4788,8067205
322,10/31/2021 15:00:00,1936,4067943,1499.000000000000000,3691137,93.000000000000000,311737.000000000000000,2029,4379680,1592,4002874,3528,8070733
323,11/1/2021 15:00:00,4586,4072529,3442.000000000000000,3694579,330.000000000000000,312067.000000000000000,4916,4384596,3772,4006646,8358,8079091
324,11/2/2021 15:00:00,4239,4076768,3006.000000000000000,3697585,396.000000000000000,312463.000000000000000,4635,4389231,3402,4010048,7641,8086732
325,11/3/2021 15:00:00,4595,4081363,3110.000000000000000,3700695,454.000000000000000,312917.000000000000000,5049,4394280,3564,4013612,8159,8094891
326,11/4/2021 15:00:00,6004,4087367,3391.000000000000000,3704086,509.000000000000000,313426.000000000000000,6513,4400793,3900,4017512,9904,8104795
327,11/5/2021 15:00:00,7825,4095192,3825.000000000000000,3707911,406.000000000000000,313832.000000000000000,8231,4409024,4231,4021743,12056,8116851
328,11/6/2021 15:00:00,9881,4105073,1971.000000000000000,3709882,303.000000000000000,314135.000000000000000,10184,4419208,2274,4024017,12155,8129006
329,11/7/2021 15:00:00,7482,4112555,1404.000000000000000,3711286,92.000000000000000,314227.000000000000000,7574,4426782,1496,4025513,8978,8137984
330,11/8/2021 15:00:00,11130,4123685,3074.000000000000000,3714360,374.000000000000000,314601.000000000000000,11504,4438286,3448,4028961,14578,8152562
331,11/9/2021 15:00:00,11509,4135194,2676.000000000000000,3717036,258.000000000000000,314859.000000000000000,11767,4450053,2934,4031895,14443,8167005
332,11/10/2021 15:00:00,12277,4147471,2762.000000000000000,3719798,327.000000000000000,315186.000000000000000,12604,4462657,3089,4034984,15366,8182371
333,11/11/2021 15:00:00,11021,4158492,2408.000000000000000,3722206,278.000000000000000,315464.000000000000000,11299,4473956,2686,4037670,13707,8196078
334,11/12/2021 15:00:00,11963,4170455,3402.000000000000000,3725608,539.000000000000000,316003.000000000000000,12502,4486458,3941,4041611,15904,8211982
335,11/13/2021 15:00:00,9574,4180029,1549.000000000000000,3727157,338.000000000000000,316341.000000000000000,9912,4496370,1887,4043498,11461,8223443
336,11/14/2021 15:00:00,3714,4183743,1115.000000000000000,3728272,117.000000000000000,316458.000000000000000,3831,4500201,1232,4044730,4946,8228389
337,11/15/2021 15:00:00,8348,4192091,2577.000000000000000,3730849,200.000000000000000,316658.000000000000000,8548,4508749,2777,4047507,11125,8239514
338,11/16/2021 15:00:00,8851,4200942,2558.000000000000000,3733407,247.000000000000000,316905.000000000000000,9098,4517847,2805,4050312,11656,8251170
339,11/17/2021 15:00:00,9055,4209997,2849.000000000000000,3736256,307.000000000000000,317212.000000000000000,9362,4527209,3156,4053468,12211,8263381
340,11/18/2021 15:00:00,8821,4218818,2662.000000000000000,3738918,474.000000000000000,317686.000000000000000,9295,4536504,3136,4056604,11957,8275338
341,11/19/2021 15:00:00,9409,4228227,2922.000000000000000,3741840,361.000000000000000,318047.000000000000000,9770,4546274,3283,4059887,12692,8288030
342,11/20/2021 15:00:00,10123,4238350,1548.000000000000000,3743388,436.000000000000000,318483.000000000000000,10559,4556833,1984,4061871,12107,8300137
343,11/21/2021 15:00:00,4050,4242400,1157.000000000000000,3744545,93.000000000000000,318576.000000000000000,4143,4560976,1250,4063121,5300,8305437
344,11/22/2021 15:00:00,9026,4251426,2436.000000000000000,3746981,268.000000000000000,318844.000000000000000,9294,4570270,2704,4065825,11730,8317167
345,11/23/2021 15:00:00,4221,4255647,1107.000000000000000,3748088,189.000000000000000,319033.000000000000000,4410,4574680,1296,4067121,5517,8322684