OBJECTID,VACCINATION_DATE,FirstDailyDose,FirstDoseCumulative,SecondDailyDose,SecondDoseCumulative,SingleDailyDose,SingleDoseCumulative,AtleastOneVaccine,AtleastOneVaccineCumulative,CompletedVax,CompletedVaxCumulative,FirstSecondSingleVaccination_12,FirstSecondSingleVaccination_13
1,12/14/2020 15:00:00,13,610,,208,,,13,610,0,208,13,765
2,12/15/2020 15:00:00,35,645,2.000000000000000,210,,,35,645,2,210,37,802
3,12/16/2020 15:00:00,567,1212,1.000000000000000,211,,,567,1212,1,211,568,1370
4,12/17/2020 15:00:00,1113,2325,2.000000000000000,213,,,1113,2325,2,213,1115,2485
5,12/18/2020 15:00:00,2973,5298,6.000000000000000,219,,,2973,5298,6,219,2979,5464
6,12/19/2020 15:00:00,912,6210,3.000000000000000,222,,,912,6210,3,222,915,6379
7,12/20/2020 15:00:00,310,6520,3.000000000000000,225,,,310,6520,3,225,313,6692
8,12/21/2020 15:00:00,3822,10342,10.000000000000000,235,,,3822,10342,10,235,3832,10524
9,12/22/2020 15:00:00,6287,16629,9.000000000000000,244,,,6287,16629,9,244,6296,16820
10,12/23/2020 15:00:00,5693,22322,19.000000000000000,263,,,5693,22322,19,263,5712,22532
11,12/24/2020 15:00:00,2689,25011,7.000000000000000,270,,,2689,25011,7,270,2696,25228
12,12/25/2020 15:00:00,1032,26043,3.000000000000000,273,,,1032,26043,3,273,1035,26263
13,12/26/2020 15:00:00,1847,27890,5.000000000000000,278,,,1847,27890,5,278,1852,28115
14,12/27/2020 15:00:00,1781,29671,7.000000000000000,285,,,1781,29671,7,285,1788,29903
15,12/28/2020 15:00:00,8884,38555,28.000000000000000,313,,,8884,38555,28,313,8912,38815
16,12/29/2020 15:00:00,10877,49432,18.000000000000000,331,,,10877,49432,18,331,10895,49710
17,12/30/2020 15:00:00,12398,61830,46.000000000000000,377,,,12398,61830,46,377,12444,62154
18,12/31/2020 15:00:00,7478,69308,22.000000000000000,399,,,7478,69308,22,399,7500,69654
19,1/1/2021 15:00:00,2109,71417,67.000000000000000,466,,,2109,71417,67,466,2176,71830
20,1/2/2021 15:00:00,2910,74327,28.000000000000000,494,,,2910,74327,28,494,2938,74768
21,1/3/2021 15:00:00,3333,77660,74.000000000000000,568,,,3333,77660,74,568,3407,78175
22,1/4/2021 15:00:00,13167,90827,285.000000000000000,853,,,13167,90827,285,853,13452,91627
23,1/5/2021 15:00:00,12318,103145,488.000000000000000,1341,,,12318,103145,488,1341,12806,104433
24,1/6/2021 15:00:00,15067,118212,808.000000000000000,2149,,,15067,118212,808,2149,15875,120308
25,1/7/2021 15:00:00,14868,133080,1683.000000000000000,3832,,,14868,133080,1683,3832,16551,136859
26,1/8/2021 15:00:00,23844,156924,2693.000000000000000,6525,,,23844,156924,2693,6525,26537,163396
27,1/9/2021 15:00:00,5075,161999,923.000000000000000,7448,,,5075,161999,923,7448,5998,169394
28,1/10/2021 15:00:00,2867,164866,358.000000000000000,7806,,,2867,164866,358,7806,3225,172619
29,1/11/2021 15:00:00,13592,178458,3360.000000000000000,11166,,,13592,178458,3360,11166,16952,189571
30,1/12/2021 15:00:00,17193,195651,5525.000000000000000,16691,,,17193,195651,5525,16691,22718,212289
31,1/13/2021 15:00:00,18397,214048,3809.000000000000000,20500,,,18397,214048,3809,20500,22206,234495
32,1/14/2021 15:00:00,17709,231757,1883.000000000000000,22383,,,17709,231757,1883,22383,19592,254087
33,1/15/2021 15:00:00,19343,251100,1893.000000000000000,24276,,,19343,251100,1893,24276,21236,275323
34,1/16/2021 15:00:00,5717,256817,1555.000000000000000,25831,,,5717,256817,1555,25831,7272,282595
35,1/17/2021 15:00:00,2070,258887,1457.000000000000000,27288,,,2070,258887,1457,27288,3527,286122
36,1/18/2021 15:00:00,6983,265870,3202.000000000000000,30490,,,6983,265870,3202,30490,10185,296307
37,1/19/2021 15:00:00,17079,282949,5265.000000000000000,35755,,,17079,282949,5265,35755,22344,318651
38,1/20/2021 15:00:00,21145,304094,5177.000000000000000,40932,,,21145,304094,5177,40932,26322,344973
39,1/21/2021 15:00:00,23709,327803,3602.000000000000000,44534,,,23709,327803,3602,44534,27311,372284
40,1/22/2021 15:00:00,28742,356545,3517.000000000000000,48051,,,28742,356545,3517,48051,32259,404543
41,1/23/2021 15:00:00,9969,366514,1872.000000000000000,49923,,,9969,366514,1872,49923,11841,416384
42,1/24/2021 15:00:00,3297,369811,1687.000000000000000,51610,,,3297,369811,1687,51610,4984,421368
43,1/25/2021 15:00:00,16550,386361,8408.000000000000000,60018,,,16550,386361,8408,60018,24958,446326
44,1/26/2021 15:00:00,17814,404175,8829.000000000000000,68847,,,17814,404175,8829,68847,26643,472969
45,1/27/2021 15:00:00,24981,429156,12298.000000000000000,81145,,,24981,429156,12298,81145,37279,510248
46,1/28/2021 15:00:00,23229,452385,9125.000000000000000,90270,,,23229,452385,9125,90270,32354,542602
47,1/29/2021 15:00:00,25455,477840,7691.000000000000000,97961,,,25455,477840,7691,97961,33146,575748
48,1/30/2021 15:00:00,18370,496210,2430.000000000000000,100391,,,18370,496210,2430,100391,20800,596548
49,1/31/2021 15:00:00,4089,500299,1268.000000000000000,101659,,,4089,500299,1268,101659,5357,601905
50,2/1/2021 15:00:00,7289,507588,4755.000000000000000,106414,,,7289,507588,4755,106414,12044,613949
51,2/2/2021 15:00:00,12707,520295,13621.000000000000000,120035,,,12707,520295,13621,120035,26328,640277
52,2/3/2021 15:00:00,18588,538883,17981.000000000000000,138016,,,18588,538883,17981,138016,36569,676846
53,2/4/2021 15:00:00,22373,561256,15593.000000000000000,153609,,,22373,561256,15593,153609,37966,714812
54,2/5/2021 15:00:00,20451,581707,17295.000000000000000,170904,,,20451,581707,17295,170904,37746,752558
55,2/6/2021 15:00:00,12055,593762,14327.000000000000000,185231,,,12055,593762,14327,185231,26382,778940
56,2/7/2021 15:00:00,5932,599694,1730.000000000000000,186961,,,5932,599694,1730,186961,7662,786602
57,2/8/2021 15:00:00,13212,612906,12990.000000000000000,199951,,,13212,612906,12990,199951,26202,812804
58,2/9/2021 15:00:00,16608,629514,13914.000000000000000,213865,,,16608,629514,13914,213865,30522,843326
59,2/10/2021 15:00:00,19190,648704,21279.000000000000000,235144,,,19190,648704,21279,235144,40469,883795
60,2/11/2021 15:00:00,22797,671501,17414.000000000000000,252558,,,22797,671501,17414,252558,40211,924006
61,2/12/2021 15:00:00,20298,691799,19769.000000000000000,272327,,,20298,691799,19769,272327,40067,964073
62,2/13/2021 15:00:00,11325,703124,6298.000000000000000,278625,,,11325,703124,6298,278625,17623,981696
63,2/14/2021 15:00:00,7050,710174,2032.000000000000000,280657,,,7050,710174,2032,280657,9082,990778
64,2/15/2021 15:00:00,11656,721830,13125.000000000000000,293782,,,11656,721830,13125,293782,24781,1015559
65,2/16/2021 15:00:00,16520,738350,21587.000000000000000,315369,,,16520,738350,21587,315369,38107,1053666
66,2/17/2021 15:00:00,20564,758914,27047.000000000000000,342416,,,20564,758914,27047,342416,47611,1101277
67,2/18/2021 15:00:00,3137,762051,4678.000000000000000,347094,,,3137,762051,4678,347094,7815,1109092
68,2/19/2021 15:00:00,10230,772281,20321.000000000000000,367415,,,10230,772281,20321,367415,30551,1139643
69,2/20/2021 15:00:00,10272,782553,20764.000000000000000,388179,,,10272,782553,20764,388179,31036,1170679
70,2/21/2021 15:00:00,6134,788687,7872.000000000000000,396051,,,6134,788687,7872,396051,14006,1184685
71,2/22/2021 15:00:00,8045,796732,15790.000000000000000,411841,,,8045,796732,15790,411841,23835,1208520
72,2/23/2021 15:00:00,15534,812266,16389.000000000000000,428230,,,15534,812266,16389,428230,31923,1240443
73,2/24/2021 15:00:00,17916,830182,25086.000000000000000,453316,,,17916,830182,25086,453316,43002,1283445
74,2/25/2021 15:00:00,20348,850530,26787.000000000000000,480103,,,20348,850530,26787,480103,47135,1330580
75,2/26/2021 15:00:00,26758,877288,26342.000000000000000,506445,,,26758,877288,26342,506445,53100,1383680
76,2/27/2021 15:00:00,16048,893336,11634.000000000000000,518079,,,16048,893336,11634,518079,27682,1411362
77,2/28/2021 15:00:00,15459,908795,4752.000000000000000,522831,,,15459,908795,4752,522831,20211,1431573
78,3/1/2021 15:00:00,25262,934057,12223.000000000000000,535054,,,25262,934057,12223,535054,37485,1469058
79,3/2/2021 15:00:00,23866,957923,13213.000000000000000,548267,28.000000000000000,28.000000000000000,23894,957951,13241,548295,37107,1506165
80,3/3/2021 15:00:00,30036,987959,18224.000000000000000,566491,164.000000000000000,192.000000000000000,30200,988151,18388,566683,48424,1554589
81,3/4/2021 15:00:00,30971,1018930,18008.000000000000000,584499,4063.000000000000000,4255.000000000000000,35034,1023185,22071,588754,53042,1607631
82,3/5/2021 15:00:00,29426,1048356,19232.000000000000000,603731,4901.000000000000000,9156.000000000000000,34327,1057512,24133,612887,53559,1661190
83,3/6/2021 15:00:00,17702,1066058,8848.000000000000000,612579,5981.000000000000000,15137.000000000000000,23683,1081195,14829,627716,32531,1693721
84,3/7/2021 15:00:00,12036,1078094,4753.000000000000000,617332,6609.000000000000000,21746.000000000000000,18645,1099840,11362,639078,23398,1717119
85,3/8/2021 15:00:00,26100,1104194,8645.000000000000000,625977,8281.000000000000000,30027.000000000000000,34381,1134221,16926,656004,43026,1760145
86,3/9/2021 15:00:00,26297,1130491,15268.000000000000000,641245,8341.000000000000000,38368.000000000000000,34638,1168859,23609,679613,49906,1810051
87,3/10/2021 15:00:00,30027,1160518,15808.000000000000000,657053,7940.000000000000000,46308.000000000000000,37967,1206826,23748,703361,53775,1863826
88,3/11/2021 15:00:00,36110,1196628,16297.000000000000000,673350,4031.000000000000000,50339.000000000000000,40141,1246967,20328,723689,56438,1920264
89,3/12/2021 15:00:00,37085,1233713,17918.000000000000000,691268,2911.000000000000000,53250.000000000000000,39996,1286963,20829,744518,57914,1978178
90,3/13/2021 15:00:00,22540,1256253,10130.000000000000000,701398,1588.000000000000000,54838.000000000000000,24128,1311091,11718,756236,34258,2012436
91,3/14/2021 15:00:00,17827,1274080,6612.000000000000000,708010,987.000000000000000,55825.000000000000000,18814,1329905,7599,763835,25426,2037862
92,3/15/2021 15:00:00,29862,1303942,11220.000000000000000,719230,587.000000000000000,56412.000000000000000,30449,1360354,11807,775642,41669,2079531
93,3/16/2021 15:00:00,33520,1337462,13430.000000000000000,732660,763.000000000000000,57175.000000000000000,34283,1394637,14193,789835,47713,2127244
94,3/17/2021 15:00:00,37633,1375095,16852.000000000000000,749512,1177.000000000000000,58352.000000000000000,38810,1433447,18029,807864,55662,2182906
95,3/18/2021 15:00:00,41399,1416494,12493.000000000000000,762005,1349.000000000000000,59701.000000000000000,42748,1476195,13842,821706,55241,2238147
96,3/19/2021 15:00:00,38214,1454708,15473.000000000000000,777478,1039.000000000000000,60740.000000000000000,39253,1515448,16512,838218,54726,2292873
97,3/20/2021 15:00:00,24435,1479143,9921.000000000000000,787399,1116.000000000000000,61856.000000000000000,25551,1540999,11037,849255,35472,2328345
98,3/21/2021 15:00:00,19088,1498231,7728.000000000000000,795127,323.000000000000000,62179.000000000000000,19411,1560410,8051,857306,27139,2355484
99,3/22/2021 15:00:00,32551,1530782,11493.000000000000000,806620,826.000000000000000,63005.000000000000000,33377,1593787,12319,869625,44870,2400354
100,3/23/2021 15:00:00,37726,1568508,17338.000000000000000,823958,1537.000000000000000,64542.000000000000000,39263,1633050,18875,888500,56601,2456955
101,3/24/2021 15:00:00,41073,1609581,21002.000000000000000,844960,1371.000000000000000,65913.000000000000000,42444,1675494,22373,910873,63446,2520401
102,3/25/2021 15:00:00,42409,1651990,20874.000000000000000,865834,2514.000000000000000,68427.000000000000000,44923,1720417,23388,934261,65797,2586198
103,3/26/2021 15:00:00,36538,1688528,26216.000000000000000,892050,2499.000000000000000,70926.000000000000000,39037,1759454,28715,962976,65253,2651451
104,3/27/2021 15:00:00,27798,1716326,16785.000000000000000,908835,2765.000000000000000,73691.000000000000000,30563,1790017,19550,982526,47348,2698799
105,3/28/2021 15:00:00,16996,1733322,12519.000000000000000,921354,1611.000000000000000,75302.000000000000000,18607,1808624,14130,996656,31126,2729925
106,3/29/2021 15:00:00,29724,1763046,26373.000000000000000,947727,1133.000000000000000,76435.000000000000000,30857,1839481,27506,1024162,57230,2787155
107,3/30/2021 15:00:00,40015,1803061,29003.000000000000000,976730,1845.000000000000000,78280.000000000000000,41860,1881341,30848,1055010,70863,2858018
108,3/31/2021 15:00:00,41011,1844072,34692.000000000000000,1011422,5739.000000000000000,84019.000000000000000,46750,1928091,40431,1095441,81442,2939460
109,4/1/2021 15:00:00,40052,1884124,39277.000000000000000,1050699,5557.000000000000000,89576.000000000000000,45609,1973700,44834,1140275,84886,3024346
110,4/2/2021 15:00:00,34806,1918930,32585.000000000000000,1083284,6079.000000000000000,95655.000000000000000,40885,2014585,38664,1178939,73470,3097816
111,4/3/2021 15:00:00,21530,1940460,18553.000000000000000,1101837,4423.000000000000000,100078.000000000000000,25953,2040538,22976,1201915,44506,3142322
112,4/4/2021 15:00:00,8251,1948711,10109.000000000000000,1111946,953.000000000000000,101031.000000000000000,9204,2049742,11062,1212977,19313,3161635
113,4/5/2021 15:00:00,27890,1976601,28936.000000000000000,1140882,6631.000000000000000,107662.000000000000000,34521,2084263,35567,1248544,63457,3225092
114,4/6/2021 15:00:00,39845,2016446,30455.000000000000000,1171337,10466.000000000000000,118128.000000000000000,50311,2134574,40921,1289465,80766,3305858
115,4/7/2021 15:00:00,36103,2052549,34097.000000000000000,1205434,12923.000000000000000,131051.000000000000000,49026,2183600,47020,1336485,83123,3388981
116,4/8/2021 15:00:00,42367,2094916,35931.000000000000000,1241365,13844.000000000000000,144895.000000000000000,56211,2239811,49775,1386260,92142,3481123
117,4/9/2021 15:00:00,34096,2129012,36225.000000000000000,1277590,14468.000000000000000,159363.000000000000000,48564,2288375,50693,1436953,84789,3565912
118,4/10/2021 15:00:00,23972,2152984,22911.000000000000000,1300501,7615.000000000000000,166978.000000000000000,31587,2319962,30526,1467479,54498,3620410
119,4/11/2021 15:00:00,17536,2170520,13221.000000000000000,1313722,10619.000000000000000,177597.000000000000000,28155,2348117,23840,1491319,41376,3661786
120,4/12/2021 15:00:00,24682,2195202,33034.000000000000000,1346756,10930.000000000000000,188527.000000000000000,35612,2383729,43964,1535283,68646,3730432
121,4/13/2021 15:00:00,126911,2322113,90561.000000000000000,1437317,3293.000000000000000,191820.000000000000000,130204,2513933,93854,1629137,220765,3951197
122,4/14/2021 15:00:00,40780,2362893,37709.000000000000000,1475026,207.000000000000000,192027.000000000000000,40987,2554920,37916,1667053,78696,4029893
123,4/15/2021 15:00:00,41821,2404714,39061.000000000000000,1514087,169.000000000000000,192196.000000000000000,41990,2596910,39230,1706283,81051,4110944
124,4/16/2021 15:00:00,37354,2442068,38634.000000000000000,1552721,22.000000000000000,192218.000000000000000,37376,2634286,38656,1744939,76010,4186954
125,4/17/2021 15:00:00,32967,2475035,21865.000000000000000,1574586,11.000000000000000,192229.000000000000000,32978,2667264,21876,1766815,54843,4241797
126,4/18/2021 15:00:00,20001,2495036,16122.000000000000000,1590708,4.000000000000000,192233.000000000000000,20005,2687269,16126,1782941,36127,4277924
127,4/19/2021 15:00:00,29960,2524996,36424.000000000000000,1627132,61.000000000000000,192294.000000000000000,30021,2717290,36485,1819426,66445,4344369
128,4/20/2021 15:00:00,33081,2558077,43972.000000000000000,1671104,54.000000000000000,192348.000000000000000,33135,2750425,44026,1863452,77107,4421476
129,4/21/2021 15:00:00,39762,2597839,46721.000000000000000,1717825,19.000000000000000,192367.000000000000000,39781,2790206,46740,1910192,86502,4507978
130,4/22/2021 15:00:00,36413,2634252,41711.000000000000000,1759536,14.000000000000000,192381.000000000000000,36427,2826633,41725,1951917,78138,4586116
131,4/23/2021 15:00:00,33123,2667375,39825.000000000000000,1799361,12.000000000000000,192393.000000000000000,33135,2859768,39837,1991754,72960,4659076
132,4/24/2021 15:00:00,26350,2693725,28500.000000000000000,1827861,79.000000000000000,192472.000000000000000,26429,2886197,28579,2020333,54929,4714005
133,4/25/2021 15:00:00,20177,2713902,10851.000000000000000,1838712,30.000000000000000,192502.000000000000000,20207,2906404,10881,2031214,31058,4745063
134,4/26/2021 15:00:00,27399,2741301,32626.000000000000000,1871338,202.000000000000000,192704.000000000000000,27601,2934005,32828,2064042,60227,4805290
135,4/27/2021 15:00:00,26696,2767997,32897.000000000000000,1904235,1096.000000000000000,193800.000000000000000,27792,2961797,33993,2098035,60689,4865979
136,4/28/2021 15:00:00,28976,2796973,39371.000000000000000,1943606,1359.000000000000000,195159.000000000000000,30335,2992132,40730,2138765,69706,4935685
137,4/29/2021 15:00:00,27390,2824363,39206.000000000000000,1982812,1461.000000000000000,196620.000000000000000,28851,3020983,40667,2179432,68057,5003742
138,4/30/2021 15:00:00,28135,2852498,31913.000000000000000,2014725,1633.000000000000000,198253.000000000000000,29768,3050751,33546,2212978,61681,5065423
139,5/1/2021 15:00:00,20076,2872574,26081.000000000000000,2040806,1002.000000000000000,199255.000000000000000,21078,3071829,27083,2240061,47159,5112582
140,5/2/2021 15:00:00,10235,2882809,16958.000000000000000,2057764,818.000000000000000,200073.000000000000000,11053,3082882,17776,2257837,28011,5140593
141,5/3/2021 15:00:00,13020,2895829,29627.000000000000000,2087391,1907.000000000000000,201980.000000000000000,14927,3097809,31534,2289371,44554,5185147
142,5/4/2021 15:00:00,14183,2910012,39394.000000000000000,2126785,1726.000000000000000,203706.000000000000000,15909,3113718,41120,2330491,55303,5240450
143,5/5/2021 15:00:00,19276,2929288,37651.000000000000000,2164436,1911.000000000000000,205617.000000000000000,21187,3134905,39562,2370053,58838,5299288
144,5/6/2021 15:00:00,16985,2946273,40459.000000000000000,2204895,1709.000000000000000,207326.000000000000000,18694,3153599,42168,2412221,59153,5358441
145,5/7/2021 15:00:00,17381,2963654,35930.000000000000000,2240825,1945.000000000000000,209271.000000000000000,19326,3172925,37875,2450096,55256,5413697
146,5/8/2021 15:00:00,10786,2974440,31074.000000000000000,2271899,1290.000000000000000,210561.000000000000000,12076,3185001,32364,2482460,43150,5456847
147,5/9/2021 15:00:00,5052,2979492,11850.000000000000000,2283749,694.000000000000000,211255.000000000000000,5746,3190747,12544,2495004,17596,5474443
148,5/10/2021 15:00:00,8931,2988423,31061.000000000000000,2314810,1355.000000000000000,212610.000000000000000,10286,3201033,32416,2527420,41347,5515790
149,5/11/2021 15:00:00,12162,3000585,30201.000000000000000,2345011,1446.000000000000000,214056.000000000000000,13608,3214641,31647,2559067,43809,5559599
150,5/12/2021 15:00:00,13922,3014507,38459.000000000000000,2383470,1905.000000000000000,215961.000000000000000,15827,3230468,40364,2599431,54286,5613885
151,5/13/2021 15:00:00,21786,3036293,33335.000000000000000,2416805,1351.000000000000000,217312.000000000000000,23137,3253605,34686,2634117,56472,5670357
152,5/14/2021 15:00:00,24300,3060593,29847.000000000000000,2446652,1769.000000000000000,219081.000000000000000,26069,3279674,31616,2665733,55916,5726273
153,5/15/2021 15:00:00,21830,3082423,24935.000000000000000,2471587,1528.000000000000000,220609.000000000000000,23358,3303032,26463,2692196,48293,5774566
154,5/16/2021 15:00:00,9038,3091461,17459.000000000000000,2489046,1110.000000000000000,221719.000000000000000,10148,3313180,18569,2710765,27607,5802173
155,5/17/2021 15:00:00,16837,3108298,28302.000000000000000,2517348,1947.000000000000000,223666.000000000000000,18784,3331964,30249,2741014,47086,5849259
156,5/18/2021 15:00:00,21236,3129534,30619.000000000000000,2547967,1939.000000000000000,225605.000000000000000,23175,3355139,32558,2773572,53794,5903053
157,5/19/2021 15:00:00,27575,3157109,32272.000000000000000,2580239,1620.000000000000000,227225.000000000000000,29195,3384334,33892,2807464,61467,5964520
158,5/20/2021 15:00:00,20769,3177878,33191.000000000000000,2613430,1961.000000000000000,229186.000000000000000,22730,3407064,35152,2842616,55921,6020441
159,5/21/2021 15:00:00,19137,3197015,30133.000000000000000,2643563,1611.000000000000000,230797.000000000000000,20748,3427812,31744,2874360,50881,6071322
160,5/22/2021 15:00:00,16866,3213881,20525.000000000000000,2664088,1271.000000000000000,232068.000000000000000,18137,3445949,21796,2896156,38662,6109984
161,5/23/2021 15:00:00,8732,3222613,11359.000000000000000,2675447,957.000000000000000,233025.000000000000000,9689,3455638,12316,2908472,21048,6131032
162,5/24/2021 15:00:00,13435,3236048,17812.000000000000000,2693259,1479.000000000000000,234504.000000000000000,14914,3470552,19291,2927763,32726,6163758
163,5/25/2021 15:00:00,12888,3248936,18735.000000000000000,2711994,1328.000000000000000,235832.000000000000000,14216,3484768,20063,2947826,32951,6196709
164,5/26/2021 15:00:00,18183,3267119,19392.000000000000000,2731386,1507.000000000000000,237339.000000000000000,19690,3504458,20899,2968725,39082,6235791
165,5/27/2021 15:00:00,11678,3278797,18575.000000000000000,2749961,1131.000000000000000,238470.000000000000000,12809,3517267,19706,2988431,31384,6267175
166,5/28/2021 15:00:00,12535,3291332,19619.000000000000000,2769580,1401.000000000000000,239871.000000000000000,13936,3531203,21020,3009451,33555,6300730
167,5/29/2021 15:00:00,9542,3300874,11579.000000000000000,2781159,937.000000000000000,240808.000000000000000,10479,3541682,12516,3021967,22058,6322788
168,5/30/2021 15:00:00,4891,3305765,6453.000000000000000,2787612,596.000000000000000,241404.000000000000000,5487,3547169,7049,3029016,11940,6334728
169,5/31/2021 15:00:00,1774,3307539,3659.000000000000000,2791271,305.000000000000000,241709.000000000000000,2079,3549248,3964,3032980,5738,6340466
170,6/1/2021 15:00:00,9339,3316878,16429.000000000000000,2807700,1133.000000000000000,242842.000000000000000,10472,3559720,17562,3050542,26901,6367367
171,6/2/2021 15:00:00,10059,3326937,16729.000000000000000,2824429,955.000000000000000,243797.000000000000000,11014,3570734,17684,3068226,27743,6395110
172,6/3/2021 15:00:00,7895,3334832,21125.000000000000000,2845554,1079.000000000000000,244876.000000000000000,8974,3579708,22204,3090430,30099,6425209
173,6/4/2021 15:00:00,8195,3343027,22077.000000000000000,2867631,1125.000000000000000,246001.000000000000000,9320,3589028,23202,3113632,31397,6456606
174,6/5/2021 15:00:00,6997,3350024,19311.000000000000000,2886942,717.000000000000000,246718.000000000000000,7714,3596742,20028,3133660,27025,6483631
175,6/6/2021 15:00:00,3467,3353491,7147.000000000000000,2894089,417.000000000000000,247135.000000000000000,3884,3600626,7564,3141224,11031,6494662
176,6/7/2021 15:00:00,6823,3360314,15669.000000000000000,2909758,725.000000000000000,247860.000000000000000,7548,3608174,16394,3157618,23217,6517879
177,6/8/2021 15:00:00,6694,3367008,19612.000000000000000,2929370,816.000000000000000,248676.000000000000000,7510,3615684,20428,3178046,27122,6545001
178,6/9/2021 15:00:00,8111,3375119,23793.000000000000000,2953163,967.000000000000000,249643.000000000000000,9078,3624762,24760,3202806,32871,6577872
179,6/10/2021 15:00:00,7165,3382284,19004.000000000000000,2972167,895.000000000000000,250538.000000000000000,8060,3632822,19899,3222705,27064,6604936
180,6/11/2021 15:00:00,7378,3389662,17530.000000000000000,2989697,1118.000000000000000,251656.000000000000000,8496,3641318,18648,3241353,26026,6630962
181,6/12/2021 15:00:00,5228,3394890,14620.000000000000000,3004317,603.000000000000000,252259.000000000000000,5831,3647149,15223,3256576,20451,6651413
182,6/13/2021 15:00:00,1935,3396825,7516.000000000000000,3011833,425.000000000000000,252684.000000000000000,2360,3649509,7941,3264517,9876,6661289
183,6/14/2021 15:00:00,5643,3402468,11721.000000000000000,3023554,718.000000000000000,253402.000000000000000,6361,3655870,12439,3276956,18082,6679371
184,6/15/2021 15:00:00,5599,3408067,14225.000000000000000,3037779,841.000000000000000,254243.000000000000000,6440,3662310,15066,3292022,20665,6700036
185,6/16/2021 15:00:00,8684,3416751,21357.000000000000000,3059136,744.000000000000000,254987.000000000000000,9428,3671738,22101,3314123,30785,6730821
186,6/17/2021 15:00:00,6663,3423414,12290.000000000000000,3071426,717.000000000000000,255704.000000000000000,7380,3679118,13007,3327130,19670,6750491
187,6/18/2021 15:00:00,6797,3430211,12518.000000000000000,3083944,692.000000000000000,256396.000000000000000,7489,3686607,13210,3340340,20007,6770498
188,6/19/2021 15:00:00,4654,3434865,9318.000000000000000,3093262,614.000000000000000,257010.000000000000000,5268,3691875,9932,3350272,14586,6785084
189,6/20/2021 15:00:00,2505,3437370,5006.000000000000000,3098268,376.000000000000000,257386.000000000000000,2881,3694756,5382,3355654,7887,6792971
190,6/21/2021 15:00:00,5527,3442897,5261.000000000000000,3103529,632.000000000000000,258018.000000000000000,6159,3700915,5893,3361547,11420,6804391
191,6/22/2021 15:00:00,5165,3448062,8801.000000000000000,3112330,677.000000000000000,258695.000000000000000,5842,3706757,9478,3371025,14643,6819034
192,6/23/2021 15:00:00,6009,3454071,10165.000000000000000,3122495,629.000000000000000,259324.000000000000000,6638,3713395,10794,3381819,16803,6835837
193,6/24/2021 15:00:00,5904,3459975,8138.000000000000000,3130633,588.000000000000000,259912.000000000000000,6492,3719887,8726,3390545,14630,6850467
194,6/25/2021 15:00:00,5779,3465754,8517.000000000000000,3139150,619.000000000000000,260531.000000000000000,6398,3726285,9136,3399681,14915,6865382
195,6/26/2021 15:00:00,3695,3469449,6233.000000000000000,3145383,392.000000000000000,260923.000000000000000,4087,3730372,6625,3406306,10320,6875702
196,6/27/2021 15:00:00,2790,3472239,3518.000000000000000,3148901,182.000000000000000,261105.000000000000000,2972,3733344,3700,3410006,6490,6882192
197,6/28/2021 15:00:00,4705,3476944,6034.000000000000000,3154935,521.000000000000000,261626.000000000000000,5226,3738570,6555,3416561,11260,6893452
198,6/29/2021 15:00:00,5036,3481980,6457.000000000000000,3161392,506.000000000000000,262132.000000000000000,5542,3744112,6963,3423524,11999,6905451
199,6/30/2021 15:00:00,5558,3487538,7320.000000000000000,3168712,595.000000000000000,262727.000000000000000,6153,3750265,7915,3431439,13473,6918924
200,7/1/2021 15:00:00,5214,3492752,6849.000000000000000,3175561,474.000000000000000,263201.000000000000000,5688,3755953,7323,3438762,12537,6931461
201,7/2/2021 15:00:00,5238,3497990,6739.000000000000000,3182300,514.000000000000000,263715.000000000000000,5752,3761705,7253,3446015,12491,6943952
202,7/3/2021 15:00:00,3244,3501234,4045.000000000000000,3186345,260.000000000000000,263975.000000000000000,3504,3765209,4305,3450320,7549,6951501
203,7/4/2021 15:00:00,494,3501728,537.000000000000000,3186882,65.000000000000000,264040.000000000000000,559,3765768,602,3450922,1096,6952597
204,7/5/2021 15:00:00,3725,3505453,3936.000000000000000,3190818,279.000000000000000,264319.000000000000000,4004,3769772,4215,3455137,7940,6960537
205,7/6/2021 15:00:00,4452,3509905,6170.000000000000000,3196988,440.000000000000000,264759.000000000000000,4892,3774664,6610,3461747,11062,6971599
206,7/7/2021 15:00:00,4405,3514310,6286.000000000000000,3203274,476.000000000000000,265235.000000000000000,4881,3779545,6762,3468509,11167,6982766
207,7/8/2021 15:00:00,4813,3519123,6081.000000000000000,3209355,558.000000000000000,265793.000000000000000,5371,3784916,6639,3475148,11452,6994218
208,7/9/2021 15:00:00,5308,3524431,6550.000000000000000,3215905,565.000000000000000,266358.000000000000000,5873,3790789,7115,3482263,12423,7006641
209,7/10/2021 15:00:00,3533,3527964,4341.000000000000000,3220246,301.000000000000000,266659.000000000000000,3834,3794623,4642,3486905,8175,7014816
210,7/11/2021 15:00:00,2650,3530614,2546.000000000000000,3222792,220.000000000000000,266879.000000000000000,2870,3797493,2766,3489671,5416,7020232
211,7/12/2021 15:00:00,4390,3535004,5073.000000000000000,3227865,371.000000000000000,267250.000000000000000,4761,3802254,5444,3495115,9834,7030066
212,7/13/2021 15:00:00,4726,3539730,4522.000000000000000,3232387,354.000000000000000,267604.000000000000000,5080,3807334,4876,3499991,9602,7039668
213,7/14/2021 15:00:00,4569,3544299,5167.000000000000000,3237554,413.000000000000000,268017.000000000000000,4982,3812316,5580,3505571,10149,7049817
214,7/15/2021 15:00:00,4832,3549131,4914.000000000000000,3242468,354.000000000000000,268371.000000000000000,5186,3817502,5268,3510839,10100,7059917
215,7/16/2021 15:00:00,6230,3555361,5744.000000000000000,3248212,396.000000000000000,268767.000000000000000,6626,3824128,6140,3516979,12370,7072287
216,7/17/2021 15:00:00,3398,3558759,3525.000000000000000,3251737,297.000000000000000,269064.000000000000000,3695,3827823,3822,3520801,7220,7079507
217,7/18/2021 15:00:00,2298,3561057,2360.000000000000000,3254097,107.000000000000000,269171.000000000000000,2405,3830228,2467,3523268,4765,7084272
218,7/19/2021 15:00:00,5205,3566262,4430.000000000000000,3258527,369.000000000000000,269540.000000000000000,5574,3835802,4799,3528067,10004,7094276
219,7/20/2021 15:00:00,5298,3571560,4646.000000000000000,3263173,354.000000000000000,269894.000000000000000,5652,3841454,5000,3533067,10298,7104574
220,7/21/2021 15:00:00,5545,3577105,4877.000000000000000,3268050,405.000000000000000,270299.000000000000000,5950,3847404,5282,3538349,10827,7115401
221,7/22/2021 15:00:00,5903,3583008,4571.000000000000000,3272621,387.000000000000000,270686.000000000000000,6290,3853694,4958,3543307,10861,7126262
222,7/23/2021 15:00:00,6769,3589777,4803.000000000000000,3277424,482.000000000000000,271168.000000000000000,7251,3860945,5285,3548592,12054,7138316
223,7/24/2021 15:00:00,4246,3594023,3169.000000000000000,3280593,256.000000000000000,271424.000000000000000,4502,3865447,3425,3552017,7671,7145987
224,7/25/2021 15:00:00,3275,3597298,1132.000000000000000,3281725,138.000000000000000,271562.000000000000000,3413,3868860,1270,3553287,4545,7150532
225,7/26/2021 15:00:00,6166,3603464,3866.000000000000000,3285591,408.000000000000000,271970.000000000000000,6574,3875434,4274,3557561,10440,7160972
226,7/27/2021 15:00:00,6313,3609777,4025.000000000000000,3289616,435.000000000000000,272405.000000000000000,6748,3882182,4460,3562021,10773,7171745
227,7/28/2021 15:00:00,6723,3616500,3956.000000000000000,3293572,451.000000000000000,272856.000000000000000,7174,3889356,4407,3566428,11130,7182875
228,7/29/2021 15:00:00,6748,3623248,4103.000000000000000,3297675,406.000000000000000,273262.000000000000000,7154,3896510,4509,3570937,11257,7194132
229,7/30/2021 15:00:00,7417,3630665,4446.000000000000000,3302121,512.000000000000000,273774.000000000000000,7929,3904439,4958,3575895,12375,7206507
230,7/31/2021 15:00:00,4650,3635315,2994.000000000000000,3305115,266.000000000000000,274040.000000000000000,4916,3909355,3260,3579155,7910,7214417
231,8/1/2021 15:00:00,3681,3638996,2053.000000000000000,3307168,148.000000000000000,274188.000000000000000,3829,3913184,2201,3581356,5882,7220299
232,8/2/2021 15:00:00,6917,3645913,3609.000000000000000,3310777,327.000000000000000,274515.000000000000000,7244,3920428,3936,3585292,10853,7231152
233,8/3/2021 15:00:00,6864,3652777,3838.000000000000000,3314615,498.000000000000000,275013.000000000000000,7362,3927790,4336,3589628,11200,7242352
234,8/4/2021 15:00:00,7083,3659860,3840.000000000000000,3318455,516.000000000000000,275529.000000000000000,7599,3935389,4356,3593984,11439,7253791
235,8/5/2021 15:00:00,7563,3667423,4078.000000000000000,3322533,530.000000000000000,276059.000000000000000,8093,3943482,4608,3598592,12171,7265962
236,8/6/2021 15:00:00,8203,3675626,4618.000000000000000,3327151,437.000000000000000,276496.000000000000000,8640,3952122,5055,3603647,13258,7279220
237,8/7/2021 15:00:00,5112,3680738,2749.000000000000000,3329900,254.000000000000000,276750.000000000000000,5366,3957488,3003,3606650,8115,7287335
238,8/8/2021 15:00:00,3852,3684590,2013.000000000000000,3331913,139.000000000000000,276889.000000000000000,3991,3961479,2152,3608802,6004,7293339
239,8/9/2021 15:00:00,6832,3691422,4437.000000000000000,3336350,356.000000000000000,277245.000000000000000,7188,3968667,4793,3613595,11625,7304964
240,8/10/2021 15:00:00,7004,3698426,4389.000000000000000,3340739,330.000000000000000,277575.000000000000000,7334,3976001,4719,3618314,11723,7316687
241,8/11/2021 15:00:00,6922,3705348,4329.000000000000000,3345068,426.000000000000000,278001.000000000000000,7348,3983349,4755,3623069,11677,7328364
242,8/12/2021 15:00:00,8445,3713793,4583.000000000000000,3349651,394.000000000000000,278395.000000000000000,8839,3992188,4977,3628046,13422,7341786
243,8/13/2021 15:00:00,6956,3720749,5209.000000000000000,3354860,334.000000000000000,278729.000000000000000,7290,3999478,5543,3633589,12499,7354285
244,8/14/2021 15:00:00,4749,3725498,3249.000000000000000,3358109,240.000000000000000,278969.000000000000000,4989,4004467,3489,3637078,8238,7362523
245,8/15/2021 15:00:00,3154,3728652,2670.000000000000000,3360779,139.000000000000000,279108.000000000000000,3293,4007760,2809,3639887,5963,7368486
246,8/16/2021 15:00:00,5160,3733812,4895.000000000000000,3365674,317.000000000000000,279425.000000000000000,5477,4013237,5212,3645099,10372,7378858
247,8/17/2021 15:00:00,6173,3739985,4673.000000000000000,3370347,326.000000000000000,279751.000000000000000,6499,4019736,4999,3650098,11172,7390030
248,8/18/2021 15:00:00,2290,3742275,2125.000000000000000,3372472,263.000000000000000,280014.000000000000000,2553,4022289,2388,3652486,4678,7394708