OBJECTID,VACCINATION_DATE,FirstDailyDose,FirstDoseCumulative,SecondDailyDose,SecondDoseCumulative,SingleDailyDose,SingleDoseCumulative,AtleastOneVaccine,AtleastOneVaccineCumulative,CompletedVax,CompletedVaxCumulative,FirstSecondSingleVaccination_12,FirstSecondSingleVaccination_13
1,12/14/2020 15:00:00,19,1358,,519,,,19,1358,0,519,19,1774
2,12/15/2020 15:00:00,61,1419,3.000000000000000,522,,,61,1419,3,522,64,1838
3,12/16/2020 15:00:00,589,2008,5.000000000000000,527,,,589,2008,5,527,594,2432
4,12/17/2020 15:00:00,1156,3164,6.000000000000000,533,,,1156,3164,6,533,1162,3594
5,12/18/2020 15:00:00,3013,6177,13.000000000000000,546,,,3013,6177,13,546,3026,6620
6,12/19/2020 15:00:00,930,7107,5.000000000000000,551,,,930,7107,5,551,935,7555
7,12/20/2020 15:00:00,362,7469,5.000000000000000,556,,,362,7469,5,556,367,7922
8,12/21/2020 15:00:00,3883,11352,26.000000000000000,582,,,3883,11352,26,582,3909,11831
9,12/22/2020 15:00:00,6318,17670,26.000000000000000,608,,,6318,17670,26,608,6344,18175
10,12/23/2020 15:00:00,5777,23447,35.000000000000000,643,,,5777,23447,35,643,5812,23987
11,12/24/2020 15:00:00,2723,26170,16.000000000000000,659,,,2723,26170,16,659,2739,26726
12,12/25/2020 15:00:00,1034,27204,4.000000000000000,663,,,1034,27204,4,663,1038,27764
13,12/26/2020 15:00:00,1882,29086,9.000000000000000,672,,,1882,29086,9,672,1891,29655
14,12/27/2020 15:00:00,1803,30889,11.000000000000000,683,,,1803,30889,11,683,1814,31469
15,12/28/2020 15:00:00,8982,39871,48.000000000000000,731,,,8982,39871,48,731,9030,40499
16,12/29/2020 15:00:00,10963,50834,50.000000000000000,781,,,10963,50834,50,781,11013,51512
17,12/30/2020 15:00:00,12491,63325,87.000000000000000,868,,,12491,63325,87,868,12578,64090
18,12/31/2020 15:00:00,7551,70876,45.000000000000000,913,,,7551,70876,45,913,7596,71686
19,1/1/2021 15:00:00,3235,74111,136.000000000000000,1049,,,3235,74111,136,1049,3371,75057
20,1/2/2021 15:00:00,3037,77148,34.000000000000000,1083,,,3037,77148,34,1083,3071,78128
21,1/3/2021 15:00:00,3406,80554,81.000000000000000,1164,,,3406,80554,81,1164,3487,81615
22,1/4/2021 15:00:00,13353,93907,331.000000000000000,1495,,,13353,93907,331,1495,13684,95299
23,1/5/2021 15:00:00,12476,106383,546.000000000000000,2041,,,12476,106383,546,2041,13022,108321
24,1/6/2021 15:00:00,15250,121633,863.000000000000000,2904,,,15250,121633,863,2904,16113,124434
25,1/7/2021 15:00:00,15026,136659,1768.000000000000000,4672,,,15026,136659,1768,4672,16794,141228
26,1/8/2021 15:00:00,24008,160667,2777.000000000000000,7449,,,24008,160667,2777,7449,26785,168013
27,1/9/2021 15:00:00,5168,165835,952.000000000000000,8401,,,5168,165835,952,8401,6120,174133
28,1/10/2021 15:00:00,2967,168802,383.000000000000000,8784,,,2967,168802,383,8784,3350,177483
29,1/11/2021 15:00:00,13718,182520,3468.000000000000000,12252,,,13718,182520,3468,12252,17186,194669
30,1/12/2021 15:00:00,17379,199899,5588.000000000000000,17840,,,17379,199899,5588,17840,22967,217636
31,1/13/2021 15:00:00,18611,218510,3916.000000000000000,21756,,,18611,218510,3916,21756,22527,240163
32,1/14/2021 15:00:00,17834,236344,1963.000000000000000,23719,,,17834,236344,1963,23719,19797,259960
33,1/15/2021 15:00:00,19471,255815,2027.000000000000000,25746,,,19471,255815,2027,25746,21498,281458
34,1/16/2021 15:00:00,5823,261638,1615.000000000000000,27361,,,5823,261638,1615,27361,7438,288896
35,1/17/2021 15:00:00,2119,263757,1479.000000000000000,28840,,,2119,263757,1479,28840,3598,292494
36,1/18/2021 15:00:00,7073,270830,3256.000000000000000,32096,,,7073,270830,3256,32096,10329,302823
37,1/19/2021 15:00:00,16943,287773,5402.000000000000000,37498,,,16943,287773,5402,37498,22345,325168
38,1/20/2021 15:00:00,21000,308773,5320.000000000000000,42818,,,21000,308773,5320,42818,26320,351488
39,1/21/2021 15:00:00,23799,332572,3837.000000000000000,46655,,,23799,332572,3837,46655,27636,379124
40,1/22/2021 15:00:00,28653,361225,3748.000000000000000,50403,,,28653,361225,3748,50403,32401,411525
41,1/23/2021 15:00:00,10113,371338,1939.000000000000000,52342,,,10113,371338,1939,52342,12052,423577
42,1/24/2021 15:00:00,3351,374689,1722.000000000000000,54064,,,3351,374689,1722,54064,5073,428650
43,1/25/2021 15:00:00,16301,390990,8599.000000000000000,62663,,,16301,390990,8599,62663,24900,453550
44,1/26/2021 15:00:00,17550,408540,8970.000000000000000,71633,,,17550,408540,8970,71633,26520,480070
45,1/27/2021 15:00:00,24432,432972,12544.000000000000000,84177,,,24432,432972,12544,84177,36976,517046
46,1/28/2021 15:00:00,22650,455622,9324.000000000000000,93501,,,22650,455622,9324,93501,31974,549020
47,1/29/2021 15:00:00,24772,480394,7923.000000000000000,101424,,,24772,480394,7923,101424,32695,581715
48,1/30/2021 15:00:00,17774,498168,2555.000000000000000,103979,,,17774,498168,2555,103979,20329,602044
49,1/31/2021 15:00:00,3761,501929,1363.000000000000000,105342,,,3761,501929,1363,105342,5124,607168
50,2/1/2021 15:00:00,8082,510011,5359.000000000000000,110701,,,8082,510011,5359,110701,13441,620609
51,2/2/2021 15:00:00,12493,522504,13819.000000000000000,124520,,,12493,522504,13819,124520,26312,646921
52,2/3/2021 15:00:00,18249,540753,18128.000000000000000,142648,,,18249,540753,18128,142648,36377,683298
53,2/4/2021 15:00:00,22113,562866,15780.000000000000000,158428,,,22113,562866,15780,158428,37893,721191
54,2/5/2021 15:00:00,20344,583210,17410.000000000000000,175838,,,20344,583210,17410,175838,37754,758945
55,2/6/2021 15:00:00,11323,594533,14470.000000000000000,190308,,,11323,594533,14470,190308,25793,784738
56,2/7/2021 15:00:00,5949,600482,1832.000000000000000,192140,,,5949,600482,1832,192140,7781,792519
57,2/8/2021 15:00:00,12973,613455,12921.000000000000000,205061,,,12973,613455,12921,205061,25894,818413
58,2/9/2021 15:00:00,16645,630100,13865.000000000000000,218926,,,16645,630100,13865,218926,30510,848923
59,2/10/2021 15:00:00,19284,649384,21224.000000000000000,240150,,,19284,649384,21224,240150,40508,889431
60,2/11/2021 15:00:00,22845,672229,17338.000000000000000,257488,,,22845,672229,17338,257488,40183,929614
61,2/12/2021 15:00:00,20384,692613,19623.000000000000000,277111,,,20384,692613,19623,277111,40007,969621
62,2/13/2021 15:00:00,11434,704047,6417.000000000000000,283528,,,11434,704047,6417,283528,17851,987472
63,2/14/2021 15:00:00,7109,711156,2124.000000000000000,285652,,,7109,711156,2124,285652,9233,996705
64,2/15/2021 15:00:00,11757,722913,13327.000000000000000,298979,,,11757,722913,13327,298979,25084,1021789
65,2/16/2021 15:00:00,16604,739517,21013.000000000000000,319992,,,16604,739517,21013,319992,37617,1059406
66,2/17/2021 15:00:00,20654,760171,26367.000000000000000,346359,,,20654,760171,26367,346359,47021,1106427
67,2/18/2021 15:00:00,3196,763367,4617.000000000000000,350976,,,3196,763367,4617,350976,7813,1114240
68,2/19/2021 15:00:00,10251,773618,19920.000000000000000,370896,,,10251,773618,19920,370896,30171,1144411
69,2/20/2021 15:00:00,10307,783925,20287.000000000000000,391183,,,10307,783925,20287,391183,30594,1175005
70,2/21/2021 15:00:00,6176,790101,7641.000000000000000,398824,,,6176,790101,7641,398824,13817,1188822
71,2/22/2021 15:00:00,8032,798133,15466.000000000000000,414290,,,8032,798133,15466,414290,23498,1212320
72,2/23/2021 15:00:00,15526,813659,15978.000000000000000,430268,,,15526,813659,15978,430268,31504,1243824
73,2/24/2021 15:00:00,17945,831604,24737.000000000000000,455005,,,17945,831604,24737,455005,42682,1286506
74,2/25/2021 15:00:00,20392,851996,26552.000000000000000,481557,,,20392,851996,26552,481557,46944,1333450
75,2/26/2021 15:00:00,26713,878709,26212.000000000000000,507769,,,26713,878709,26212,507769,52925,1386375
76,2/27/2021 15:00:00,16000,894709,11159.000000000000000,518928,,,16000,894709,11159,518928,27159,1413534
77,2/28/2021 15:00:00,15500,910209,4883.000000000000000,523811,,,15500,910209,4883,523811,20383,1433917
78,3/1/2021 15:00:00,26943,937152,12605.000000000000000,536416,,,26943,937152,12605,536416,39548,1473465
79,3/2/2021 15:00:00,23913,961065,13272.000000000000000,549688,33.000000000000000,33.000000000000000,23946,961098,13305,549721,37218,1510683
80,3/3/2021 15:00:00,30186,991251,18388.000000000000000,568076,187.000000000000000,220.000000000000000,30373,991471,18575,568296,48761,1559444
81,3/4/2021 15:00:00,30954,1022205,18184.000000000000000,586260,4068.000000000000000,4288.000000000000000,35022,1026493,22252,590548,53206,1612650
82,3/5/2021 15:00:00,30018,1052223,19712.000000000000000,605972,4909.000000000000000,9197.000000000000000,34927,1061420,24621,615169,54639,1667289
83,3/6/2021 15:00:00,18909,1071132,9506.000000000000000,615478,6007.000000000000000,15204.000000000000000,24916,1086336,15513,630682,34422,1701711
84,3/7/2021 15:00:00,12122,1083254,4855.000000000000000,620333,6613.000000000000000,21817.000000000000000,18735,1105071,11468,642150,23590,1725301
85,3/8/2021 15:00:00,25871,1109125,8838.000000000000000,629171,8274.000000000000000,30091.000000000000000,34145,1139216,17112,659262,42983,1768284
86,3/9/2021 15:00:00,26117,1135242,15468.000000000000000,644639,8347.000000000000000,38438.000000000000000,34464,1173680,23815,683077,49932,1818216
87,3/10/2021 15:00:00,29848,1165090,15992.000000000000000,660631,7940.000000000000000,46378.000000000000000,37788,1211468,23932,707009,53780,1871996
88,3/11/2021 15:00:00,35979,1201069,16401.000000000000000,677032,3981.000000000000000,50359.000000000000000,39960,1251428,20382,727391,56361,1928357
89,3/12/2021 15:00:00,36912,1237981,18085.000000000000000,695117,2924.000000000000000,53283.000000000000000,39836,1291264,21009,748400,57921,1986278
90,3/13/2021 15:00:00,22665,1260646,10278.000000000000000,705395,1626.000000000000000,54909.000000000000000,24291,1315555,11904,760304,34569,2020847
91,3/14/2021 15:00:00,17831,1278477,6717.000000000000000,712112,1005.000000000000000,55914.000000000000000,18836,1334391,7722,768026,25553,2046400
92,3/15/2021 15:00:00,29822,1308299,11300.000000000000000,723412,597.000000000000000,56511.000000000000000,30419,1364810,11897,779923,41719,2088119
93,3/16/2021 15:00:00,33410,1341709,13572.000000000000000,736984,769.000000000000000,57280.000000000000000,34179,1398989,14341,794264,47751,2135870
94,3/17/2021 15:00:00,37564,1379273,17041.000000000000000,754025,1181.000000000000000,58461.000000000000000,38745,1437734,18222,812486,55786,2191656
95,3/18/2021 15:00:00,41441,1420714,12640.000000000000000,766665,1348.000000000000000,59809.000000000000000,42789,1480523,13988,826474,55429,2247085
96,3/19/2021 15:00:00,38329,1459043,15420.000000000000000,782085,1039.000000000000000,60848.000000000000000,39368,1519891,16459,842933,54788,2301873
97,3/20/2021 15:00:00,24695,1483738,10155.000000000000000,792240,703.000000000000000,61551.000000000000000,25398,1545289,10858,853791,35553,2337426
98,3/21/2021 15:00:00,19173,1502911,7876.000000000000000,800116,336.000000000000000,61887.000000000000000,19509,1564798,8212,862003,27385,2364811
99,3/22/2021 15:00:00,32584,1535495,11474.000000000000000,811590,835.000000000000000,62722.000000000000000,33419,1598217,12309,874312,44893,2409704
100,3/23/2021 15:00:00,38419,1573914,17795.000000000000000,829385,1554.000000000000000,64276.000000000000000,39973,1638190,19349,893661,57768,2467472
101,3/24/2021 15:00:00,41077,1614991,21202.000000000000000,850587,1387.000000000000000,65663.000000000000000,42464,1680654,22589,916250,63666,2531138
102,3/25/2021 15:00:00,42880,1657871,21689.000000000000000,872276,2458.000000000000000,68121.000000000000000,45338,1725992,24147,940397,67027,2598165
103,3/26/2021 15:00:00,36354,1694225,26666.000000000000000,898942,2496.000000000000000,70617.000000000000000,38850,1764842,29162,969559,65516,2663681
104,3/27/2021 15:00:00,26466,1720691,17279.000000000000000,916221,2490.000000000000000,73107.000000000000000,28956,1793798,19769,989328,46235,2709916
105,3/28/2021 15:00:00,17007,1737698,12639.000000000000000,928860,1615.000000000000000,74722.000000000000000,18622,1812420,14254,1003582,31261,2741177
106,3/29/2021 15:00:00,29719,1767417,26274.000000000000000,955134,1140.000000000000000,75862.000000000000000,30859,1843279,27414,1030996,57133,2798310
107,3/30/2021 15:00:00,40053,1807470,28980.000000000000000,984114,1862.000000000000000,77724.000000000000000,41915,1885194,30842,1061838,70895,2869205
108,3/31/2021 15:00:00,41031,1848501,34682.000000000000000,1018796,5749.000000000000000,83473.000000000000000,46780,1931974,40431,1102269,81462,2950667
109,4/1/2021 15:00:00,42300,1890801,40992.000000000000000,1059788,5735.000000000000000,89208.000000000000000,48035,1980009,46727,1148996,89027,3039694
110,4/2/2021 15:00:00,34912,1925713,32666.000000000000000,1092454,6123.000000000000000,95331.000000000000000,41035,2021044,38789,1187785,73701,3113395
111,4/3/2021 15:00:00,21139,1946852,19181.000000000000000,1111635,4388.000000000000000,99719.000000000000000,25527,2046571,23569,1211354,44708,3158103
112,4/4/2021 15:00:00,8274,1955126,10185.000000000000000,1121820,967.000000000000000,100686.000000000000000,9241,2055812,11152,1222506,19426,3177529
113,4/5/2021 15:00:00,27940,1983066,28900.000000000000000,1150720,6657.000000000000000,107343.000000000000000,34597,2090409,35557,1258063,63497,3241026
114,4/6/2021 15:00:00,39767,2022833,30433.000000000000000,1181153,10490.000000000000000,117833.000000000000000,50257,2140666,40923,1298986,80690,3321716
115,4/7/2021 15:00:00,36077,2058910,34267.000000000000000,1215420,12985.000000000000000,130818.000000000000000,49062,2189728,47252,1346238,83329,3405045
116,4/8/2021 15:00:00,42319,2101229,36086.000000000000000,1251506,13868.000000000000000,144686.000000000000000,56187,2245915,49954,1396192,92273,3497318
117,4/9/2021 15:00:00,34053,2135282,36307.000000000000000,1287813,14520.000000000000000,159206.000000000000000,48573,2294488,50827,1447019,84880,3582198
118,4/10/2021 15:00:00,23460,2158742,23123.000000000000000,1310936,7642.000000000000000,166848.000000000000000,31102,2325590,30765,1477784,54225,3636423
119,4/11/2021 15:00:00,17560,2176302,13277.000000000000000,1324213,10121.000000000000000,176969.000000000000000,27681,2353271,23398,1501182,40958,3677381
120,4/12/2021 15:00:00,24599,2200901,33149.000000000000000,1357362,10898.000000000000000,187867.000000000000000,35497,2388768,44047,1545229,68646,3746027
121,4/13/2021 15:00:00,126187,2327088,91224.000000000000000,1448586,3292.000000000000000,191159.000000000000000,129479,2518247,94516,1639745,220703,3966730
122,4/14/2021 15:00:00,40707,2367795,37801.000000000000000,1486387,212.000000000000000,191371.000000000000000,40919,2559166,38013,1677758,78720,4045450
123,4/15/2021 15:00:00,41415,2409210,39529.000000000000000,1525916,174.000000000000000,191545.000000000000000,41589,2600755,39703,1717461,81118,4126568
124,4/16/2021 15:00:00,37143,2446353,38844.000000000000000,1564760,24.000000000000000,191569.000000000000000,37167,2637922,38868,1756329,76011,4202579
125,4/17/2021 15:00:00,32800,2479153,22021.000000000000000,1586781,12.000000000000000,191581.000000000000000,32812,2670734,22033,1778362,54833,4257412
126,4/18/2021 15:00:00,20070,2499223,16193.000000000000000,1602974,5.000000000000000,191586.000000000000000,20075,2690809,16198,1794560,36268,4293680
127,4/19/2021 15:00:00,29886,2529109,36539.000000000000000,1639513,61.000000000000000,191647.000000000000000,29947,2720756,36600,1831160,66486,4360166
128,4/20/2021 15:00:00,32929,2562038,44431.000000000000000,1683944,57.000000000000000,191704.000000000000000,32986,2753742,44488,1875648,77417,4437583
129,4/21/2021 15:00:00,39819,2601857,47034.000000000000000,1730978,26.000000000000000,191730.000000000000000,39845,2793587,47060,1922708,86879,4524462
130,4/22/2021 15:00:00,35848,2637705,42638.000000000000000,1773616,16.000000000000000,191746.000000000000000,35864,2829451,42654,1965362,78502,4602964
131,4/23/2021 15:00:00,33141,2670846,40125.000000000000000,1813741,14.000000000000000,191760.000000000000000,33155,2862606,40139,2005501,73280,4676244
132,4/24/2021 15:00:00,26414,2697260,27880.000000000000000,1841621,81.000000000000000,191841.000000000000000,26495,2889101,27961,2033462,54375,4730619
133,4/25/2021 15:00:00,20230,2717490,10963.000000000000000,1852584,31.000000000000000,191872.000000000000000,20261,2909362,10994,2044456,31224,4761843
134,4/26/2021 15:00:00,27411,2744901,32699.000000000000000,1885283,202.000000000000000,192074.000000000000000,27613,2936975,32901,2077357,60312,4822155
135,4/27/2021 15:00:00,26692,2771593,33062.000000000000000,1918345,1097.000000000000000,193171.000000000000000,27789,2964764,34159,2111516,60851,4883006
136,4/28/2021 15:00:00,28931,2800524,39522.000000000000000,1957867,1362.000000000000000,194533.000000000000000,30293,2995057,40884,2152400,69815,4952821
137,4/29/2021 15:00:00,27073,2827597,39725.000000000000000,1997592,1464.000000000000000,195997.000000000000000,28537,3023594,41189,2193589,68262,5021083
138,4/30/2021 15:00:00,28199,2855796,32254.000000000000000,2029846,1647.000000000000000,197644.000000000000000,29846,3053440,33901,2227490,62100,5083183
139,5/1/2021 15:00:00,20663,2876459,26656.000000000000000,2056502,1047.000000000000000,198691.000000000000000,21710,3075150,27703,2255193,48366,5131549
140,5/2/2021 15:00:00,10285,2886744,17037.000000000000000,2073539,822.000000000000000,199513.000000000000000,11107,3086257,17859,2273052,28144,5159693
141,5/3/2021 15:00:00,12757,2899501,28572.000000000000000,2102111,1915.000000000000000,201428.000000000000000,14672,3100929,30487,2303539,43244,5202937
142,5/4/2021 15:00:00,13570,2913071,38592.000000000000000,2140703,1737.000000000000000,203165.000000000000000,15307,3116236,40329,2343868,53899,5256836
143,5/5/2021 15:00:00,19325,2932396,37739.000000000000000,2178442,1921.000000000000000,205086.000000000000000,21246,3137482,39660,2383528,58985,5315821
144,5/6/2021 15:00:00,16916,2949312,40589.000000000000000,2219031,1720.000000000000000,206806.000000000000000,18636,3156118,42309,2425837,59225,5375046
145,5/7/2021 15:00:00,17585,2966897,36993.000000000000000,2256024,1957.000000000000000,208763.000000000000000,19542,3175660,38950,2464787,56535,5431581
146,5/8/2021 15:00:00,10790,2977687,31213.000000000000000,2287237,1290.000000000000000,210053.000000000000000,12080,3187740,32503,2497290,43293,5474874
147,5/9/2021 15:00:00,5079,2982766,12238.000000000000000,2299475,695.000000000000000,210748.000000000000000,5774,3193514,12933,2510223,18012,5492886
148,5/10/2021 15:00:00,8954,2991720,31050.000000000000000,2330525,1362.000000000000000,212110.000000000000000,10316,3203830,32412,2542635,41366,5534252
149,5/11/2021 15:00:00,12186,3003906,30278.000000000000000,2360803,1440.000000000000000,213550.000000000000000,13626,3217456,31718,2574353,43904,5578156
150,5/12/2021 15:00:00,13951,3017857,38603.000000000000000,2399406,1919.000000000000000,215469.000000000000000,15870,3233326,40522,2614875,54473,5632629
151,5/13/2021 15:00:00,21844,3039701,33491.000000000000000,2432897,1345.000000000000000,216814.000000000000000,23189,3256515,34836,2649711,56680,5689309
152,5/14/2021 15:00:00,24383,3064084,30035.000000000000000,2462932,1775.000000000000000,218589.000000000000000,26158,3282673,31810,2681521,56193,5745502
153,5/15/2021 15:00:00,21927,3086011,25105.000000000000000,2488037,1490.000000000000000,220079.000000000000000,23417,3306090,26595,2708116,48522,5794024
154,5/16/2021 15:00:00,9085,3095096,17581.000000000000000,2505618,1113.000000000000000,221192.000000000000000,10198,3316288,18694,2726810,27779,5821803
155,5/17/2021 15:00:00,16837,3111933,28393.000000000000000,2534011,1949.000000000000000,223141.000000000000000,18786,3335074,30342,2757152,47179,5868982
156,5/18/2021 15:00:00,21259,3133192,30674.000000000000000,2564685,1942.000000000000000,225083.000000000000000,23201,3358275,32616,2789768,53875,5922857
157,5/19/2021 15:00:00,27649,3160841,32420.000000000000000,2597105,1631.000000000000000,226714.000000000000000,29280,3387555,34051,2823819,61700,5984557
158,5/20/2021 15:00:00,20808,3181649,33255.000000000000000,2630360,1965.000000000000000,228679.000000000000000,22773,3410328,35220,2859039,56028,6040585
159,5/21/2021 15:00:00,19157,3200806,30332.000000000000000,2660692,1607.000000000000000,230286.000000000000000,20764,3431092,31939,2890978,51096,6091681
160,5/22/2021 15:00:00,16931,3217737,20680.000000000000000,2681372,1271.000000000000000,231557.000000000000000,18202,3449294,21951,2912929,38882,6130563
161,5/23/2021 15:00:00,8776,3226513,11438.000000000000000,2692810,964.000000000000000,232521.000000000000000,9740,3459034,12402,2925331,21178,6151741
162,5/24/2021 15:00:00,13563,3240076,17765.000000000000000,2710575,1473.000000000000000,233994.000000000000000,15036,3474070,19238,2944569,32801,6184542
163,5/25/2021 15:00:00,13068,3253144,18715.000000000000000,2729290,1329.000000000000000,235323.000000000000000,14397,3488467,20044,2964613,33112,6217654
164,5/26/2021 15:00:00,18311,3271455,19489.000000000000000,2748779,1512.000000000000000,236835.000000000000000,19823,3508290,21001,2985614,39312,6256966
165,5/27/2021 15:00:00,11685,3283140,18655.000000000000000,2767434,1116.000000000000000,237951.000000000000000,12801,3521091,19771,3005385,31456,6288422
166,5/28/2021 15:00:00,12411,3295551,19834.000000000000000,2787268,1401.000000000000000,239352.000000000000000,13812,3534903,21235,3026620,33646,6322068
167,5/29/2021 15:00:00,9529,3305080,11695.000000000000000,2798963,936.000000000000000,240288.000000000000000,10465,3545368,12631,3039251,22160,6344228
168,5/30/2021 15:00:00,4970,3310050,6424.000000000000000,2805387,595.000000000000000,240883.000000000000000,5565,3550933,7019,3046270,11989,6356217
169,5/31/2021 15:00:00,1777,3311827,3713.000000000000000,2809100,305.000000000000000,241188.000000000000000,2082,3553015,4018,3050288,5795,6362012
170,6/1/2021 15:00:00,9834,3321661,16425.000000000000000,2825525,1158.000000000000000,242346.000000000000000,10992,3564007,17583,3067871,27417,6389429
171,6/2/2021 15:00:00,10231,3331892,16811.000000000000000,2842336,959.000000000000000,243305.000000000000000,11190,3575197,17770,3085641,28001,6417430
172,6/3/2021 15:00:00,7902,3339794,21186.000000000000000,2863522,1087.000000000000000,244392.000000000000000,8989,3584186,22273,3107914,30175,6447605
173,6/4/2021 15:00:00,8186,3347980,22347.000000000000000,2885869,1120.000000000000000,245512.000000000000000,9306,3593492,23467,3131381,31653,6479258
174,6/5/2021 15:00:00,7003,3354983,19462.000000000000000,2905331,720.000000000000000,246232.000000000000000,7723,3601215,20182,3151563,27185,6506443
175,6/6/2021 15:00:00,3459,3358442,7242.000000000000000,2912573,423.000000000000000,246655.000000000000000,3882,3605097,7665,3159228,11124,6517567
176,6/7/2021 15:00:00,6856,3365298,15778.000000000000000,2928351,726.000000000000000,247381.000000000000000,7582,3612679,16504,3175732,23360,6540927
177,6/8/2021 15:00:00,6678,3371976,19724.000000000000000,2948075,830.000000000000000,248211.000000000000000,7508,3620187,20554,3196286,27232,6568159
178,6/9/2021 15:00:00,8200,3380176,23970.000000000000000,2972045,970.000000000000000,249181.000000000000000,9170,3629357,24940,3221226,33140,6601299
179,6/10/2021 15:00:00,7146,3387322,19133.000000000000000,2991178,895.000000000000000,250076.000000000000000,8041,3637398,20028,3241254,27174,6628473
180,6/11/2021 15:00:00,7486,3394808,17719.000000000000000,3008897,1125.000000000000000,251201.000000000000000,8611,3646009,18844,3260098,26330,6654803
181,6/12/2021 15:00:00,5238,3400046,14758.000000000000000,3023655,605.000000000000000,251806.000000000000000,5843,3651852,15363,3275461,20601,6675404
182,6/13/2021 15:00:00,1929,3401975,7589.000000000000000,3031244,427.000000000000000,252233.000000000000000,2356,3654208,8016,3283477,9945,6685349
183,6/14/2021 15:00:00,5659,3407634,11808.000000000000000,3043052,733.000000000000000,252966.000000000000000,6392,3660600,12541,3296018,18200,6703549
184,6/15/2021 15:00:00,5641,3413275,14331.000000000000000,3057383,873.000000000000000,253839.000000000000000,6514,3667114,15204,3311222,20845,6724394
185,6/16/2021 15:00:00,8756,3422031,21581.000000000000000,3078964,757.000000000000000,254596.000000000000000,9513,3676627,22338,3333560,31094,6755488
186,6/17/2021 15:00:00,6684,3428715,12363.000000000000000,3091327,720.000000000000000,255316.000000000000000,7404,3684031,13083,3346643,19767,6775255
187,6/18/2021 15:00:00,6836,3435551,12729.000000000000000,3104056,703.000000000000000,256019.000000000000000,7539,3691570,13432,3360075,20268,6795523
188,6/19/2021 15:00:00,4660,3440211,9369.000000000000000,3113425,614.000000000000000,256633.000000000000000,5274,3696844,9983,3370058,14643,6810166
189,6/20/2021 15:00:00,2505,3442716,5052.000000000000000,3118477,377.000000000000000,257010.000000000000000,2882,3699726,5429,3375487,7934,6818100
190,6/21/2021 15:00:00,5559,3448275,5332.000000000000000,3123809,635.000000000000000,257645.000000000000000,6194,3705920,5967,3381454,11526,6829626
191,6/22/2021 15:00:00,5344,3453619,9046.000000000000000,3132855,693.000000000000000,258338.000000000000000,6037,3711957,9739,3391193,15083,6844709
192,6/23/2021 15:00:00,6065,3459684,10323.000000000000000,3143178,646.000000000000000,258984.000000000000000,6711,3718668,10969,3402162,17034,6861743
193,6/24/2021 15:00:00,5934,3465618,8195.000000000000000,3151373,595.000000000000000,259579.000000000000000,6529,3725197,8790,3410952,14724,6876467
194,6/25/2021 15:00:00,5817,3471435,8655.000000000000000,3160028,620.000000000000000,260199.000000000000000,6437,3731634,9275,3420227,15092,6891559
195,6/26/2021 15:00:00,3701,3475136,6302.000000000000000,3166330,398.000000000000000,260597.000000000000000,4099,3735733,6700,3426927,10401,6901960
196,6/27/2021 15:00:00,2808,3477944,3521.000000000000000,3169851,185.000000000000000,260782.000000000000000,2993,3738726,3706,3430633,6514,6908474
197,6/28/2021 15:00:00,4916,3482860,6381.000000000000000,3176232,539.000000000000000,261321.000000000000000,5455,3744181,6920,3437553,11836,6920310
198,6/29/2021 15:00:00,5062,3487922,6472.000000000000000,3182704,519.000000000000000,261840.000000000000000,5581,3749762,6991,3444544,12053,6932363
199,6/30/2021 15:00:00,5616,3493538,7381.000000000000000,3190085,605.000000000000000,262445.000000000000000,6221,3755983,7986,3452530,13602,6945965
200,7/1/2021 15:00:00,5401,3498939,6974.000000000000000,3197059,499.000000000000000,262944.000000000000000,5900,3761883,7473,3460003,12874,6958839
201,7/2/2021 15:00:00,5288,3504227,6835.000000000000000,3203894,523.000000000000000,263467.000000000000000,5811,3767694,7358,3467361,12646,6971485
202,7/3/2021 15:00:00,3267,3507494,4064.000000000000000,3207958,264.000000000000000,263731.000000000000000,3531,3771225,4328,3471689,7595,6979080
203,7/4/2021 15:00:00,492,3507986,545.000000000000000,3208503,67.000000000000000,263798.000000000000000,559,3771784,612,3472301,1104,6980184
204,7/5/2021 15:00:00,3762,3511748,3951.000000000000000,3212454,287.000000000000000,264085.000000000000000,4049,3775833,4238,3476539,8000,6988184
205,7/6/2021 15:00:00,4490,3516238,6265.000000000000000,3218719,452.000000000000000,264537.000000000000000,4942,3780775,6717,3483256,11207,6999391
206,7/7/2021 15:00:00,4466,3520704,6409.000000000000000,3225128,482.000000000000000,265019.000000000000000,4948,3785723,6891,3490147,11357,7010748
207,7/8/2021 15:00:00,4834,3525538,6165.000000000000000,3231293,564.000000000000000,265583.000000000000000,5398,3791121,6729,3496876,11563,7022311
208,7/9/2021 15:00:00,5362,3530900,6658.000000000000000,3237951,572.000000000000000,266155.000000000000000,5934,3797055,7230,3504106,12592,7034903
209,7/10/2021 15:00:00,3521,3534421,4398.000000000000000,3242349,303.000000000000000,266458.000000000000000,3824,3800879,4701,3508807,8222,7043125
210,7/11/2021 15:00:00,2676,3537097,2565.000000000000000,3244914,225.000000000000000,266683.000000000000000,2901,3803780,2790,3511597,5466,7048591
211,7/12/2021 15:00:00,4414,3541511,5115.000000000000000,3250029,379.000000000000000,267062.000000000000000,4793,3808573,5494,3517091,9908,7058499
212,7/13/2021 15:00:00,4657,3546168,4719.000000000000000,3254748,366.000000000000000,267428.000000000000000,5023,3813596,5085,3522176,9742,7068241
213,7/14/2021 15:00:00,4616,3550784,5276.000000000000000,3260024,421.000000000000000,267849.000000000000000,5037,3818633,5697,3527873,10313,7078554
214,7/15/2021 15:00:00,4899,3555683,5015.000000000000000,3265039,359.000000000000000,268208.000000000000000,5258,3823891,5374,3533247,10273,7088827
215,7/16/2021 15:00:00,6275,3561958,5834.000000000000000,3270873,403.000000000000000,268611.000000000000000,6678,3830569,6237,3539484,12512,7101339
216,7/17/2021 15:00:00,3416,3565374,3551.000000000000000,3274424,301.000000000000000,268912.000000000000000,3717,3834286,3852,3543336,7268,7108607
217,7/18/2021 15:00:00,2310,3567684,2374.000000000000000,3276798,110.000000000000000,269022.000000000000000,2420,3836706,2484,3545820,4794,7113401
218,7/19/2021 15:00:00,5137,3572821,4609.000000000000000,3281407,381.000000000000000,269403.000000000000000,5518,3842224,4990,3550810,10127,7123528
219,7/20/2021 15:00:00,5332,3578153,4713.000000000000000,3286120,366.000000000000000,269769.000000000000000,5698,3847922,5079,3555889,10411,7133939
220,7/21/2021 15:00:00,5658,3583811,4939.000000000000000,3291059,416.000000000000000,270185.000000000000000,6074,3853996,5355,3561244,11013,7144952
221,7/22/2021 15:00:00,6022,3589833,4631.000000000000000,3295690,472.000000000000000,270657.000000000000000,6494,3860490,5103,3566347,11125,7156077
222,7/23/2021 15:00:00,6837,3596670,4840.000000000000000,3300530,497.000000000000000,271154.000000000000000,7334,3867824,5337,3571684,12174,7168251
223,7/24/2021 15:00:00,4277,3600947,3200.000000000000000,3303730,267.000000000000000,271421.000000000000000,4544,3872368,3467,3575151,7744,7175995
224,7/25/2021 15:00:00,3292,3604239,1112.000000000000000,3304842,139.000000000000000,271560.000000000000000,3431,3875799,1251,3576402,4543,7180538
225,7/26/2021 15:00:00,6210,3610449,3902.000000000000000,3308744,419.000000000000000,271979.000000000000000,6629,3882428,4321,3580723,10531,7191069
226,7/27/2021 15:00:00,6599,3617048,4275.000000000000000,3313019,457.000000000000000,272436.000000000000000,7056,3889484,4732,3585455,11331,7202400
227,7/28/2021 15:00:00,7073,3624121,4135.000000000000000,3317154,460.000000000000000,272896.000000000000000,7533,3897017,4595,3590050,11668,7214068
228,7/29/2021 15:00:00,7073,3631194,4296.000000000000000,3321450,419.000000000000000,273315.000000000000000,7492,3904509,4715,3594765,11788,7225856
229,7/30/2021 15:00:00,7809,3639003,4798.000000000000000,3326248,525.000000000000000,273840.000000000000000,8334,3912843,5323,3600088,13132,7238988
230,7/31/2021 15:00:00,4791,3643794,3070.000000000000000,3329318,273.000000000000000,274113.000000000000000,5064,3917907,3343,3603431,8134,7247122
231,8/1/2021 15:00:00,3876,3647670,2154.000000000000000,3331472,163.000000000000000,274276.000000000000000,4039,3921946,2317,3605748,6193,7253315
232,8/2/2021 15:00:00,7257,3654927,3836.000000000000000,3335308,340.000000000000000,274616.000000000000000,7597,3929543,4176,3609924,11433,7264748
233,8/3/2021 15:00:00,7259,3662186,4088.000000000000000,3339396,515.000000000000000,275131.000000000000000,7774,3937317,4603,3614527,11862,7276610
234,8/4/2021 15:00:00,7411,3669597,4106.000000000000000,3343502,532.000000000000000,275663.000000000000000,7943,3945260,4638,3619165,12049,7288659
235,8/5/2021 15:00:00,7931,3677528,4275.000000000000000,3347777,537.000000000000000,276200.000000000000000,8468,3953728,4812,3623977,12743,7301402
236,8/6/2021 15:00:00,8300,3685828,4712.000000000000000,3352489,454.000000000000000,276654.000000000000000,8754,3962482,5166,3629143,13466,7314868
237,8/7/2021 15:00:00,5275,3691103,2813.000000000000000,3355302,263.000000000000000,276917.000000000000000,5538,3968020,3076,3632219,8351,7323219
238,8/8/2021 15:00:00,3953,3695056,2051.000000000000000,3357353,143.000000000000000,277060.000000000000000,4096,3972116,2194,3634413,6147,7329366
239,8/9/2021 15:00:00,6927,3701983,4531.000000000000000,3361884,368.000000000000000,277428.000000000000000,7295,3979411,4899,3639312,11826,7341192
240,8/10/2021 15:00:00,7134,3709117,4454.000000000000000,3366338,338.000000000000000,277766.000000000000000,7472,3986883,4792,3644104,11926,7353118
241,8/11/2021 15:00:00,7054,3716171,4435.000000000000000,3370773,442.000000000000000,278208.000000000000000,7496,3994379,4877,3648981,11931,7365049
242,8/12/2021 15:00:00,8603,3724774,4732.000000000000000,3375505,445.000000000000000,278653.000000000000000,9048,4003427,5177,3654158,13780,7378829
243,8/13/2021 15:00:00,7138,3731912,5364.000000000000000,3380869,397.000000000000000,279050.000000000000000,7535,4010962,5761,3659919,12899,7391728
244,8/14/2021 15:00:00,4914,3736826,3340.000000000000000,3384209,285.000000000000000,279335.000000000000000,5199,4016161,3625,3663544,8539,7400267
245,8/15/2021 15:00:00,3325,3740151,2734.000000000000000,3386943,163.000000000000000,279498.000000000000000,3488,4019649,2897,3666441,6222,7406489
246,8/16/2021 15:00:00,5433,3745584,5092.000000000000000,3392035,353.000000000000000,279851.000000000000000,5786,4025435,5445,3671886,10878,7417367
247,8/17/2021 15:00:00,6809,3752393,5359.000000000000000,3397394,390.000000000000000,280241.000000000000000,7199,4032634,5749,3677635,12558,7429925
248,8/18/2021 15:00:00,6320,3758713,5495.000000000000000,3402889,479.000000000000000,280720.000000000000000,6799,4039433,5974,3683609,12294,7442219
249,8/19/2021 15:00:00,6210,3764923,5550.000000000000000,3408439,416.000000000000000,281136.000000000000000,6626,4046059,5966,3689575,12176,7454395
250,8/20/2021 15:00:00,6831,3771754,6542.000000000000000,3414981,401.000000000000000,281537.000000000000000,7232,4053291,6943,3696518,13774,7468169
251,8/21/2021 15:00:00,4323,3776077,3914.000000000000000,3418895,228.000000000000000,281765.000000000000000,4551,4057842,4142,3700660,8465,7476634
252,8/22/2021 15:00:00,3059,3779136,3171.000000000000000,3422066,110.000000000000000,281875.000000000000000,3169,4061011,3281,3703941,6340,7482974
253,8/23/2021 15:00:00,5985,3785121,6086.000000000000000,3428152,285.000000000000000,282160.000000000000000,6270,4067281,6371,3710312,12356,7495330
254,8/24/2021 15:00:00,6543,3791664,6051.000000000000000,3434203,425.000000000000000,282585.000000000000000,6968,4074249,6476,3716788,13019,7508349
255,8/25/2021 15:00:00,6711,3798375,6209.000000000000000,3440412,440.000000000000000,283025.000000000000000,7151,4081400,6649,3723437,13360,7521709
256,8/26/2021 15:00:00,6965,3805340,6642.000000000000000,3447054,428.000000000000000,283453.000000000000000,7393,4088793,7070,3730507,14035,7535744
257,8/27/2021 15:00:00,6826,3812166,7063.000000000000000,3454117,316.000000000000000,283769.000000000000000,7142,4095935,7379,3737886,14205,7549949
258,8/28/2021 15:00:00,6902,3819068,6513.000000000000000,3460630,324.000000000000000,284093.000000000000000,7226,4103161,6837,3744723,13739,7563688
259,8/29/2021 15:00:00,3736,3822804,3686.000000000000000,3464316,610.000000000000000,284703.000000000000000,4346,4107507,4296,3749019,8032,7571720
260,8/30/2021 15:00:00,5927,3828731,6116.000000000000000,3470432,960.000000000000000,285663.000000000000000,6887,4114394,7076,3756095,13003,7584723
261,8/31/2021 15:00:00,5897,3834628,6047.000000000000000,3476479,946.000000000000000,286609.000000000000000,6843,4121237,6993,3763088,12890,7597613
262,9/1/2021 15:00:00,5582,3840210,5648.000000000000000,3482127,915.000000000000000,287524.000000000000000,6497,4127734,6563,3769651,12145,7609758
263,9/2/2021 15:00:00,5529,3845739,5917.000000000000000,3488044,707.000000000000000,288231.000000000000000,6236,4133970,6624,3776275,12153,7621911
264,9/3/2021 15:00:00,5990,3851729,6920.000000000000000,3494964,973.000000000000000,289204.000000000000000,6963,4140933,7893,3784168,13883,7635794
265,9/4/2021 15:00:00,3728,3855457,4344.000000000000000,3499308,879.000000000000000,290083.000000000000000,4607,4145540,5223,3789391,8951,7644745
266,9/5/2021 15:00:00,2953,3858410,2805.000000000000000,3502113,106.000000000000000,290189.000000000000000,3059,4148599,2911,3792302,5864,7650609
267,9/6/2021 15:00:00,1059,3859469,1151.000000000000000,3503264,64.000000000000000,290253.000000000000000,1123,4149722,1215,3793517,2274,7652883
268,9/7/2021 15:00:00,5340,3864809,7294.000000000000000,3510558,2303.000000000000000,292556.000000000000000,7643,4157365,9597,3803114,14937,7667820
269,9/8/2021 15:00:00,4654,3869463,5469.000000000000000,3516027,364.000000000000000,292920.000000000000000,5018,4162383,5833,3808947,10487,7678307
270,9/9/2021 15:00:00,5012,3874475,5450.000000000000000,3521477,324.000000000000000,293244.000000000000000,5336,4167719,5774,3814721,10786,7689093
271,9/10/2021 15:00:00,6516,3880991,6647.000000000000000,3528124,1719.000000000000000,294963.000000000000000,8235,4175954,8366,3823087,14882,7703975
272,9/11/2021 15:00:00,4170,3885161,4330.000000000000000,3532454,666.000000000000000,295629.000000000000000,4836,4180790,4996,3828083,9166,7713141
273,9/12/2021 15:00:00,3170,3888331,3241.000000000000000,3535695,436.000000000000000,296065.000000000000000,3606,4184396,3677,3831760,6847,7719988
274,9/13/2021 15:00:00,4880,3893211,5060.000000000000000,3540755,346.000000000000000,296411.000000000000000,5226,4189622,5406,3837166,10286,7730274
275,9/14/2021 15:00:00,4771,3897982,5432.000000000000000,3546187,435.000000000000000,296846.000000000000000,5206,4194828,5867,3843033,10638,7740912
276,9/15/2021 15:00:00,5032,3903014,5863.000000000000000,3552050,389.000000000000000,297235.000000000000000,5421,4200249,6252,3849285,11284,7752196
277,9/16/2021 15:00:00,4805,3907819,5837.000000000000000,3557887,336.000000000000000,297571.000000000000000,5141,4205390,6173,3855458,10978,7763174
278,9/17/2021 15:00:00,5252,3913071,6579.000000000000000,3564466,343.000000000000000,297914.000000000000000,5595,4210985,6922,3862380,12174,7775348
279,9/18/2021 15:00:00,3802,3916873,4572.000000000000000,3569038,185.000000000000000,298099.000000000000000,3987,4214972,4757,3867137,8559,7783907
280,9/19/2021 15:00:00,2743,3919616,3167.000000000000000,3572205,75.000000000000000,298174.000000000000000,2818,4217790,3242,3870379,5985,7789892
281,9/20/2021 15:00:00,3745,3923361,4678.000000000000000,3576883,430.000000000000000,298604.000000000000000,4175,4221965,5108,3875487,8853,7798745
282,9/21/2021 15:00:00,4004,3927365,5000.000000000000000,3581883,327.000000000000000,298931.000000000000000,4331,4226296,5327,3880814,9331,7808076
283,9/22/2021 15:00:00,4196,3931561,4768.000000000000000,3586651,458.000000000000000,299389.000000000000000,4654,4230950,5226,3886040,9422,7817498
284,9/23/2021 15:00:00,4170,3935731,4731.000000000000000,3591382,492.000000000000000,299881.000000000000000,4662,4235612,5223,3891263,9393,7826891
285,9/24/2021 15:00:00,5073,3940804,5603.000000000000000,3596985,422.000000000000000,300303.000000000000000,5495,4241107,6025,3897288,11098,7837989
286,9/25/2021 15:00:00,3627,3944431,3632.000000000000000,3600617,384.000000000000000,300687.000000000000000,4011,4245118,4016,3901304,7643,7845632
287,9/26/2021 15:00:00,2356,3946787,2666.000000000000000,3603283,425.000000000000000,301112.000000000000000,2781,4247899,3091,3904395,5447,7851079
288,9/27/2021 15:00:00,4504,3951291,2706.000000000000000,3605989,510.000000000000000,301622.000000000000000,5014,4252913,3216,3907611,7720,7858799
289,9/28/2021 15:00:00,4398,3955689,4447.000000000000000,3610436,211.000000000000000,301833.000000000000000,4609,4257522,4658,3912269,9056,7867855
290,9/29/2021 15:00:00,4695,3960384,4507.000000000000000,3614943,919.000000000000000,302752.000000000000000,5614,4263136,5426,3917695,10121,7877976
291,9/30/2021 15:00:00,4887,3965271,4558.000000000000000,3619501,794.000000000000000,303546.000000000000000,5681,4268817,5352,3923047,10239,7888215
292,10/1/2021 15:00:00,5485,3970756,5320.000000000000000,3624821,782.000000000000000,304328.000000000000000,6267,4275084,6102,3929149,11587,7899802
293,10/2/2021 15:00:00,2937,3973693,2894.000000000000000,3627715,187.000000000000000,304515.000000000000000,3124,4278208,3081,3932230,6018,7905820
294,10/3/2021 15:00:00,2078,3975771,2375.000000000000000,3630090,86.000000000000000,304601.000000000000000,2164,4280372,2461,3934691,4539,7910359
295,10/4/2021 15:00:00,4020,3979791,3496.000000000000000,3633586,233.000000000000000,304834.000000000000000,4253,4284625,3729,3938420,7749,7918108
296,10/5/2021 15:00:00,3956,3983747,3661.000000000000000,3637247,207.000000000000000,305041.000000000000000,4163,4288788,3868,3942288,7824,7925932
297,10/6/2021 15:00:00,4026,3987773,3578.000000000000000,3640825,264.000000000000000,305305.000000000000000,4290,4293078,3842,3946130,7868,7933800
298,10/7/2021 15:00:00,4231,3992004,3627.000000000000000,3644452,331.000000000000000,305636.000000000000000,4562,4297640,3958,3950088,8189,7941989
299,10/8/2021 15:00:00,4773,3996777,4280.000000000000000,3648732,282.000000000000000,305918.000000000000000,5055,4302695,4562,3954650,9335,7951324
300,10/9/2021 15:00:00,2686,3999463,2679.000000000000000,3651411,270.000000000000000,306188.000000000000000,2956,4305651,2949,3957599,5635,7956959
301,10/10/2021 15:00:00,1864,4001327,1846.000000000000000,3653257,59.000000000000000,306247.000000000000000,1923,4307574,1905,3959504,3769,7960728
302,10/11/2021 15:00:00,4217,4005544,3331.000000000000000,3656588,249.000000000000000,306496.000000000000000,4466,4312040,3580,3963084,7797,7968525
303,10/12/2021 15:00:00,3590,4009134,3525.000000000000000,3660113,273.000000000000000,306769.000000000000000,3863,4315903,3798,3966882,7388,7975913
304,10/13/2021 15:00:00,3957,4013091,3456.000000000000000,3663569,346.000000000000000,307115.000000000000000,4303,4320206,3802,3970684,7759,7983672
305,10/14/2021 15:00:00,5165,4018256,5484.000000000000000,3669053,429.000000000000000,307544.000000000000000,5594,4325800,5913,3976597,11078,7994750
306,10/15/2021 15:00:00,4703,4022959,4585.000000000000000,3673638,347.000000000000000,307891.000000000000000,5050,4330850,4932,3981529,9635,8004385
307,10/16/2021 15:00:00,2494,4025453,2506.000000000000000,3676144,290.000000000000000,308181.000000000000000,2784,4333634,2796,3984325,5290,8009675
308,10/17/2021 15:00:00,1807,4027260,1776.000000000000000,3677920,55.000000000000000,308236.000000000000000,1862,4335496,1831,3986156,3638,8013313
309,10/18/2021 15:00:00,4282,4031542,3578.000000000000000,3681498,267.000000000000000,308503.000000000000000,4549,4340045,3845,3990001,8127,8021440
310,10/19/2021 15:00:00,4302,4035844,4029.000000000000000,3685527,222.000000000000000,308725.000000000000000,4524,4344569,4251,3994252,8553,8029993
311,10/20/2021 15:00:00,3527,4039371,3424.000000000000000,3688951,254.000000000000000,308979.000000000000000,3781,4348350,3678,3997930,7205,8037198
312,10/21/2021 15:00:00,3298,4042669,3265.000000000000000,3692216,290.000000000000000,309269.000000000000000,3588,4351938,3555,4001485,6853,8044051
313,10/22/2021 15:00:00,4678,4047347,4028.000000000000000,3696244,476.000000000000000,309745.000000000000000,5154,4357092,4504,4005989,9182,8053233
314,10/23/2021 15:00:00,2888,4050235,2115.000000000000000,3698359,321.000000000000000,310066.000000000000000,3209,4360301,2436,4008425,5324,8058557
315,10/24/2021 15:00:00,2057,4052292,1559.000000000000000,3699918,78.000000000000000,310144.000000000000000,2135,4362436,1637,4010062,3694,8062251
316,10/25/2021 15:00:00,4549,4056841,3076.000000000000000,3702994,316.000000000000000,310460.000000000000000,4865,4367301,3392,4013454,7941,8070192
317,10/26/2021 15:00:00,4506,4061347,3093.000000000000000,3706087,310.000000000000000,310770.000000000000000,4816,4372117,3403,4016857,7909,8078101
318,10/27/2021 15:00:00,4739,4066086,3344.000000000000000,3709431,429.000000000000000,311199.000000000000000,5168,4377285,3773,4020630,8512,8086613
319,10/28/2021 15:00:00,4553,4070639,3367.000000000000000,3712798,498.000000000000000,311697.000000000000000,5051,4382336,3865,4024495,8418,8095031
320,10/29/2021 15:00:00,4973,4075612,3919.000000000000000,3716717,393.000000000000000,312090.000000000000000,5366,4387702,4312,4028807,9285,8104316
321,10/30/2021 15:00:00,2631,4078243,1845.000000000000000,3718562,308.000000000000000,312398.000000000000000,2939,4390641,2153,4030960,4784,8109100
322,10/31/2021 15:00:00,1943,4080186,1520.000000000000000,3720082,93.000000000000000,312491.000000000000000,2036,4392677,1613,4032573,3556,8112656
323,11/1/2021 15:00:00,4696,4084882,3426.000000000000000,3723508,342.000000000000000,312833.000000000000000,5038,4397715,3768,4036341,8464,8121120
324,11/2/2021 15:00:00,4257,4089139,2949.000000000000000,3726457,406.000000000000000,313239.000000000000000,4663,4402378,3355,4039696,7612,8128732
325,11/3/2021 15:00:00,4665,4093804,3060.000000000000000,3729517,458.000000000000000,313697.000000000000000,5123,4407501,3518,4043214,8183,8136915
326,11/4/2021 15:00:00,6296,4100100,3361.000000000000000,3732878,512.000000000000000,314209.000000000000000,6808,4414309,3873,4047087,10169,8147084
327,11/5/2021 15:00:00,8226,4108326,3763.000000000000000,3736641,408.000000000000000,314617.000000000000000,8634,4422943,4171,4051258,12397,8159481
328,11/6/2021 15:00:00,10176,4118502,1979.000000000000000,3738620,305.000000000000000,314922.000000000000000,10481,4433424,2284,4053542,12460,8171941
329,11/7/2021 15:00:00,7721,4126223,1469.000000000000000,3740089,94.000000000000000,315016.000000000000000,7815,4441239,1563,4055105,9284,8181225
330,11/8/2021 15:00:00,11288,4137511,3039.000000000000000,3743128,379.000000000000000,315395.000000000000000,11667,4452906,3418,4058523,14706,8195931
331,11/9/2021 15:00:00,11751,4149262,2656.000000000000000,3745784,269.000000000000000,315664.000000000000000,12020,4464926,2925,4061448,14676,8210607
332,11/10/2021 15:00:00,12578,4161840,2763.000000000000000,3748547,337.000000000000000,316001.000000000000000,12915,4477841,3100,4064548,15678,8226285
333,11/11/2021 15:00:00,11346,4173186,2384.000000000000000,3750931,281.000000000000000,316282.000000000000000,11627,4489468,2665,4067213,14011,8240296
334,11/12/2021 15:00:00,12278,4185464,3351.000000000000000,3754282,547.000000000000000,316829.000000000000000,12825,4502293,3898,4071111,16176,8256472
335,11/13/2021 15:00:00,9787,4195251,1588.000000000000000,3755870,342.000000000000000,317171.000000000000000,10129,4512422,1930,4073041,11717,8268189
336,11/14/2021 15:00:00,3920,4199171,1130.000000000000000,3757000,121.000000000000000,317292.000000000000000,4041,4516463,1251,4074292,5171,8273360
337,11/15/2021 15:00:00,8604,4207775,2527.000000000000000,3759527,204.000000000000000,317496.000000000000000,8808,4525271,2731,4077023,11335,8284695
338,11/16/2021 15:00:00,9224,4216999,2491.000000000000000,3762018,255.000000000000000,317751.000000000000000,9479,4534750,2746,4079769,11970,8296665
339,11/17/2021 15:00:00,9394,4226393,2880.000000000000000,3764898,312.000000000000000,318063.000000000000000,9706,4544456,3192,4082961,12586,8309251
340,11/18/2021 15:00:00,9285,4235678,2631.000000000000000,3767529,480.000000000000000,318543.000000000000000,9765,4554221,3111,4086072,12396,8321647
341,11/19/2021 15:00:00,9791,4245469,2917.000000000000000,3770446,381.000000000000000,318924.000000000000000,10172,4564393,3298,4089370,13089,8334736
342,11/20/2021 15:00:00,10624,4256093,1607.000000000000000,3772053,455.000000000000000,319379.000000000000000,11079,4575472,2062,4091432,12686,8347422
343,11/21/2021 15:00:00,4346,4260439,1200.000000000000000,3773253,99.000000000000000,319478.000000000000000,4445,4579917,1299,4092731,5645,8353067
344,11/22/2021 15:00:00,9796,4270235,2492.000000000000000,3775745,292.000000000000000,319770.000000000000000,10088,4590005,2784,4095515,12580,8365647
345,11/23/2021 15:00:00,9166,4279401,2398.000000000000000,3778143,280.000000000000000,320050.000000000000000,9446,4599451,2678,4098193,11844,8377491
346,11/24/2021 15:00:00,8148,4287549,2446.000000000000000,3780589,215.000000000000000,320265.000000000000000,8363,4607814,2661,4100854,10809,8388300
347,11/25/2021 15:00:00,238,4287787,76.000000000000000,3780665,10.000000000000000,320275.000000000000000,248,4608062,86,4100940,324,8388624
348,11/26/2021 15:00:00,5657,4293444,3954.000000000000000,3784619,152.000000000000000,320427.000000000000000,5809,4613871,4106,4105046,9763,8398387
349,11/27/2021 15:00:00,3786,4297230,5448.000000000000000,3790067,134.000000000000000,320561.000000000000000,3920,4617791,5582,4110628,9368,8407755
350,11/28/2021 15:00:00,2415,4299645,6381.000000000000000,3796448,77.000000000000000,320638.000000000000000,2492,4620283,6458,4117086,8873,8416628
351,11/29/2021 15:00:00,6378,4306023,9267.000000000000000,3805715,379.000000000000000,321017.000000000000000,6757,4627040,9646,4126732,16024,8432652
352,11/30/2021 15:00:00,6241,4312264,9278.000000000000000,3814993,264.000000000000000,321281.000000000000000,6505,4633545,9542,4136274,15783,8448435
353,12/1/2021 15:00:00,7260,4319524,9653.000000000000000,3824646,305.000000000000000,321586.000000000000000,7565,4641110,9958,4146232,17218,8465653
354,12/2/2021 15:00:00,6903,4326427,8744.000000000000000,3833390,450.000000000000000,322036.000000000000000,7353,4648463,9194,4155426,16097,8481750
355,12/3/2021 15:00:00,7578,4334005,9245.000000000000000,3842635,250.000000000000000,322286.000000000000000,7828,4656291,9495,4164921,17073,8498823
356,12/4/2021 15:00:00,5960,4339965,9913.000000000000000,3852548,465.000000000000000,322751.000000000000000,6425,4662716,10378,4175299,16338,8515161
357,12/5/2021 15:00:00,3469,4343434,3286.000000000000000,3855834,77.000000000000000,322828.000000000000000,3546,4666262,3363,4178662,6832,8521993
358,12/6/2021 15:00:00,6740,4350174,7080.000000000000000,3862914,276.000000000000000,323104.000000000000000,7016,4673278,7356,4186018,14096,8536089
359,12/7/2021 15:00:00,6401,4356575,7003.000000000000000,3869917,249.000000000000000,323353.000000000000000,6650,4679928,7252,4193270,13653,8549742
360,12/8/2021 15:00:00,6927,4363502,7400.000000000000000,3877317,316.000000000000000,323669.000000000000000,7243,4687171,7716,4200986,14643,8564385
361,12/9/2021 15:00:00,6510,4370012,6958.000000000000000,3884275,396.000000000000000,324065.000000000000000,6906,4694077,7354,4208340,13864,8578249
362,12/10/2021 15:00:00,7244,4377256,7305.000000000000000,3891580,229.000000000000000,324294.000000000000000,7473,4701550,7534,4215874,14778,8593027
363,12/11/2021 15:00:00,4457,4381713,7652.000000000000000,3899232,333.000000000000000,324627.000000000000000,4790,4706340,7985,4223859,12442,8605469
364,12/12/2021 15:00:00,3993,4385706,2783.000000000000000,3902015,60.000000000000000,324687.000000000000000,4053,4710393,2843,4226702,6836,8612305
365,12/13/2021 15:00:00,5697,4391403,5738.000000000000000,3907753,243.000000000000000,324930.000000000000000,5940,4716333,5981,4232683,11678,8623983
366,12/14/2021 15:00:00,6444,4397847,5897.000000000000000,3913650,220.000000000000000,325150.000000000000000,6664,4722997,6117,4238800,12561,8636544
367,12/15/2021 15:00:00,7128,4404975,5668.000000000000000,3919318,252.000000000000000,325402.000000000000000,7380,4730377,5920,4244720,13048,8649592
368,12/16/2021 15:00:00,7839,4412814,2804.000000000000000,3922122,421.000000000000000,325823.000000000000000,8260,4738637,3225,4247945,11064,8660656
369,12/17/2021 15:00:00,7792,4420606,4147.000000000000000,3926269,195.000000000000000,326018.000000000000000,7987,4746624,4342,4252287,12134,8672790
370,12/18/2021 15:00:00,5808,4426414,3175.000000000000000,3929444,298.000000000000000,326316.000000000000000,6106,4752730,3473,4255760,9281,8682071
371,12/19/2021 15:00:00,3381,4429795,1344.000000000000000,3930788,36.000000000000000,326352.000000000000000,3417,4756147,1380,4257140,4761,8686832
372,12/20/2021 15:00:00,8042,4437837,3732.000000000000000,3934520,173.000000000000000,326525.000000000000000,8215,4764362,3905,4261045,11947,8698779
373,12/21/2021 15:00:00,8951,4446788,4110.000000000000000,3938630,172.000000000000000,326697.000000000000000,9123,4773485,4282,4265327,13233,8712012
374,12/22/2021 15:00:00,8666,4455454,3836.000000000000000,3942466,183.000000000000000,326880.000000000000000,8849,4782334,4019,4269346,12685,8724697
375,12/23/2021 15:00:00,8393,4463847,3533.000000000000000,3945999,360.000000000000000,327240.000000000000000,8753,4791087,3893,4273239,12286,8736983
376,12/24/2021 15:00:00,1622,4465469,1002.000000000000000,3947001,39.000000000000000,327279.000000000000000,1661,4792748,1041,4274280,2663,8739646
377,12/25/2021 15:00:00,51,4465520,35.000000000000000,3947036,1.000000000000000,327280.000000000000000,52,4792800,36,4274316,87,8739733
378,12/26/2021 15:00:00,2518,4468038,1749.000000000000000,3948785,44.000000000000000,327324.000000000000000,2562,4795362,1793,4276109,4311,8744044
379,12/27/2021 15:00:00,7172,4475210,3969.000000000000000,3952754,295.000000000000000,327619.000000000000000,7467,4802829,4264,4280373,11436,8755480
380,12/28/2021 15:00:00,7834,4483044,3804.000000000000000,3956558,175.000000000000000,327794.000000000000000,8009,4810838,3979,4284352,11813,8767293
381,12/29/2021 15:00:00,8161,4491205,4003.000000000000000,3960561,155.000000000000000,327949.000000000000000,8316,4819154,4158,4288510,12319,8779612
382,12/30/2021 15:00:00,7453,4498658,3755.000000000000000,3964316,288.000000000000000,328237.000000000000000,7741,4826895,4043,4292553,11496,8791108
383,12/31/2021 15:00:00,2555,4501213,1521.000000000000000,3965837,92.000000000000000,328329.000000000000000,2647,4829542,1613,4294166,4168,8795276
384,1/1/2022 15:00:00,734,4501947,344.000000000000000,3966181,31.000000000000000,328360.000000000000000,765,4830307,375,4294541,1109,8796385
385,1/2/2022 15:00:00,2213,4504160,1642.000000000000000,3967823,47.000000000000000,328407.000000000000000,2260,4832567,1689,4296230,3902,8800287
386,1/3/2022 15:00:00,3383,4507543,2061.000000000000000,3969884,221.000000000000000,328628.000000000000000,3604,4836171,2282,4298512,5665,8805952
387,1/4/2022 15:00:00,5784,4513327,3429.000000000000000,3973313,162.000000000000000,328790.000000000000000,5946,4842117,3591,4302103,9375,8815327
388,1/5/2022 15:00:00,6789,4520116,4676.000000000000000,3977989,175.000000000000000,328965.000000000000000,6964,4849081,4851,4306954,11640,8826967
389,1/6/2022 15:00:00,6698,4526814,4771.000000000000000,3982760,262.000000000000000,329227.000000000000000,6960,4856041,5033,4311987,11731,8838698
390,1/7/2022 15:00:00,5907,4532721,3713.000000000000000,3986473,159.000000000000000,329386.000000000000000,6066,4862107,3872,4315859,9779,8848477
391,1/8/2022 15:00:00,4770,4537491,3881.000000000000000,3990354,78.000000000000000,329464.000000000000000,4848,4866955,3959,4319818,8729,8857206
392,1/9/2022 15:00:00,2755,4540246,2012.000000000000000,3992366,154.000000000000000,329618.000000000000000,2909,4869864,2166,4321984,4921,8862127
393,1/10/2022 15:00:00,6278,4546524,3797.000000000000000,3996163,155.000000000000000,329773.000000000000000,6433,4876297,3952,4325936,10230,8872357
394,1/11/2022 15:00:00,6500,4553024,4249.000000000000000,4000412,141.000000000000000,329914.000000000000000,6641,4882938,4390,4330326,10890,8883247
395,1/12/2022 15:00:00,6737,4559761,4425.000000000000000,4004837,225.000000000000000,330139.000000000000000,6962,4889900,4650,4334976,11387,8894634
396,1/13/2022 15:00:00,6522,4566283,4397.000000000000000,4009234,150.000000000000000,330289.000000000000000,6672,4896572,4547,4339523,11069,8905703
397,1/14/2022 15:00:00,7123,4573406,3238.000000000000000,4012472,252.000000000000000,330541.000000000000000,7375,4903947,3490,4343013,10613,8916316
398,1/15/2022 15:00:00,4113,4577519,1663.000000000000000,4014135,70.000000000000000,330611.000000000000000,4183,4908130,1733,4344746,5846,8922162
399,1/16/2022 15:00:00,2162,4579681,1305.000000000000000,4015440,116.000000000000000,330727.000000000000000,2278,4910408,1421,4346167,3583,8925745
400,1/17/2022 15:00:00,3586,4583267,2325.000000000000000,4017765,73.000000000000000,330800.000000000000000,3659,4914067,2398,4348565,5984,8931729
401,1/18/2022 15:00:00,5166,4588433,4091.000000000000000,4021856,99.000000000000000,330899.000000000000000,5265,4919332,4190,4352755,9356,8941085
402,1/19/2022 15:00:00,5165,4593598,4345.000000000000000,4026201,96.000000000000000,330995.000000000000000,5261,4924593,4441,4357196,9606,8950691
403,1/20/2022 15:00:00,4323,4597921,3477.000000000000000,4029678,175.000000000000000,331170.000000000000000,4498,4929091,3652,4360848,7975,8958666
404,1/21/2022 15:00:00,5310,4603231,2737.000000000000000,4032415,113.000000000000000,331283.000000000000000,5423,4934514,2850,4363698,8160,8966826
405,1/22/2022 15:00:00,3305,4606536,1656.000000000000000,4034071,133.000000000000000,331416.000000000000000,3438,4937952,1789,4365487,5094,8971920
406,1/23/2022 15:00:00,1869,4608405,1438.000000000000000,4035509,22.000000000000000,331438.000000000000000,1891,4939843,1460,4366947,3329,8975249
407,1/24/2022 15:00:00,3918,4612323,2582.000000000000000,4038091,79.000000000000000,331517.000000000000000,3997,4943840,2661,4369608,6579,8981828
408,1/25/2022 15:00:00,1776,4614099,1573.000000000000000,4039664,56.000000000000000,331573.000000000000000,1832,4945672,1629,4371237,3405,8985233