OBJECTID,VACCINATION_DATE,FirstDailyDose,FirstDoseCumulative,SecondDailyDose,SecondDoseCumulative,SingleDailyDose,SingleDoseCumulative,AtleastOneVaccine,AtleastOneVaccineCumulative,CompletedVax,CompletedVaxCumulative,FirstSecondSingleVaccination_12,FirstSecondSingleVaccination_13
1,12/14/2020 15:00:00,19,1386,,521,,,19,1386,0,521,19,1803
2,12/15/2020 15:00:00,61,1447,3.000000000000000,524,,,61,1447,3,524,64,1867
3,12/16/2020 15:00:00,592,2039,5.000000000000000,529,,,592,2039,5,529,597,2464
4,12/17/2020 15:00:00,1162,3201,7.000000000000000,536,,,1162,3201,7,536,1169,3633
5,12/18/2020 15:00:00,3020,6221,12.000000000000000,548,,,3020,6221,12,548,3032,6665
6,12/19/2020 15:00:00,931,7152,5.000000000000000,553,,,931,7152,5,553,936,7601
7,12/20/2020 15:00:00,363,7515,6.000000000000000,559,,,363,7515,6,559,369,7970
8,12/21/2020 15:00:00,3887,11402,26.000000000000000,585,,,3887,11402,26,585,3913,11883
9,12/22/2020 15:00:00,6322,17724,27.000000000000000,612,,,6322,17724,27,612,6349,18232
10,12/23/2020 15:00:00,5781,23505,36.000000000000000,648,,,5781,23505,36,648,5817,24049
11,12/24/2020 15:00:00,2727,26232,15.000000000000000,663,,,2727,26232,15,663,2742,26791
12,12/25/2020 15:00:00,1035,27267,4.000000000000000,667,,,1035,27267,4,667,1039,27830
13,12/26/2020 15:00:00,1882,29149,9.000000000000000,676,,,1882,29149,9,676,1891,29721
14,12/27/2020 15:00:00,1802,30951,12.000000000000000,688,,,1802,30951,12,688,1814,31535
15,12/28/2020 15:00:00,8981,39932,50.000000000000000,738,,,8981,39932,50,738,9031,40566
16,12/29/2020 15:00:00,10969,50901,52.000000000000000,790,,,10969,50901,52,790,11021,51587
17,12/30/2020 15:00:00,12493,63394,90.000000000000000,880,,,12493,63394,90,880,12583,64170
18,12/31/2020 15:00:00,7553,70947,47.000000000000000,927,,,7553,70947,47,927,7600,71770
19,1/1/2021 15:00:00,3286,74233,138.000000000000000,1065,,,3286,74233,138,1065,3424,75194
20,1/2/2021 15:00:00,3041,77274,34.000000000000000,1099,,,3041,77274,34,1099,3075,78269
21,1/3/2021 15:00:00,3411,80685,82.000000000000000,1181,,,3411,80685,82,1181,3493,81762
22,1/4/2021 15:00:00,13360,94045,333.000000000000000,1514,,,13360,94045,333,1514,13693,95455
23,1/5/2021 15:00:00,12484,106529,547.000000000000000,2061,,,12484,106529,547,2061,13031,108486
24,1/6/2021 15:00:00,15264,121793,864.000000000000000,2925,,,15264,121793,864,2925,16128,124614
25,1/7/2021 15:00:00,15037,136830,1776.000000000000000,4701,,,15037,136830,1776,4701,16813,141427
26,1/8/2021 15:00:00,24013,160843,2783.000000000000000,7484,,,24013,160843,2783,7484,26796,168223
27,1/9/2021 15:00:00,5173,166016,954.000000000000000,8438,,,5173,166016,954,8438,6127,174350
28,1/10/2021 15:00:00,2971,168987,384.000000000000000,8822,,,2971,168987,384,8822,3355,177705
29,1/11/2021 15:00:00,13723,182710,3469.000000000000000,12291,,,13723,182710,3469,12291,17192,194897
30,1/12/2021 15:00:00,17390,200100,5593.000000000000000,17884,,,17390,200100,5593,17884,22983,217880
31,1/13/2021 15:00:00,18620,218720,3924.000000000000000,21808,,,18620,218720,3924,21808,22544,240424
32,1/14/2021 15:00:00,17852,236572,1962.000000000000000,23770,,,17852,236572,1962,23770,19814,260238
33,1/15/2021 15:00:00,19480,256052,2031.000000000000000,25801,,,19480,256052,2031,25801,21511,281749
34,1/16/2021 15:00:00,5833,261885,1617.000000000000000,27418,,,5833,261885,1617,27418,7450,289199
35,1/17/2021 15:00:00,2122,264007,1479.000000000000000,28897,,,2122,264007,1479,28897,3601,292800
36,1/18/2021 15:00:00,7075,271082,3257.000000000000000,32154,,,7075,271082,3257,32154,10332,303132
37,1/19/2021 15:00:00,16954,288036,5404.000000000000000,37558,,,16954,288036,5404,37558,22358,325490
38,1/20/2021 15:00:00,21006,309042,5323.000000000000000,42881,,,21006,309042,5323,42881,26329,351819
39,1/21/2021 15:00:00,23811,332853,3846.000000000000000,46727,,,23811,332853,3846,46727,27657,379476
40,1/22/2021 15:00:00,28657,361510,3755.000000000000000,50482,,,28657,361510,3755,50482,32412,411888
41,1/23/2021 15:00:00,10117,371627,1942.000000000000000,52424,,,10117,371627,1942,52424,12059,423947
42,1/24/2021 15:00:00,3354,374981,1723.000000000000000,54147,,,3354,374981,1723,54147,5077,429024
43,1/25/2021 15:00:00,16306,391287,8603.000000000000000,62750,,,16306,391287,8603,62750,24909,453933
44,1/26/2021 15:00:00,17559,408846,8976.000000000000000,71726,,,17559,408846,8976,71726,26535,480468
45,1/27/2021 15:00:00,24436,433282,12551.000000000000000,84277,,,24436,433282,12551,84277,36987,517455
46,1/28/2021 15:00:00,22654,455936,9331.000000000000000,93608,,,22654,455936,9331,93608,31985,549440
47,1/29/2021 15:00:00,24782,480718,7927.000000000000000,101535,,,24782,480718,7927,101535,32709,582149
48,1/30/2021 15:00:00,17780,498498,2561.000000000000000,104096,,,17780,498498,2561,104096,20341,602490
49,1/31/2021 15:00:00,3764,502262,1369.000000000000000,105465,,,3764,502262,1369,105465,5133,607623
50,2/1/2021 15:00:00,8115,510377,5383.000000000000000,110848,,,8115,510377,5383,110848,13498,621121
51,2/2/2021 15:00:00,12510,522887,13823.000000000000000,124671,,,12510,522887,13823,124671,26333,647454
52,2/3/2021 15:00:00,18255,541142,18135.000000000000000,142806,,,18255,541142,18135,142806,36390,683844
53,2/4/2021 15:00:00,22133,563275,15788.000000000000000,158594,,,22133,563275,15788,158594,37921,721765
54,2/5/2021 15:00:00,20348,583623,17423.000000000000000,176017,,,20348,583623,17423,176017,37771,759536
55,2/6/2021 15:00:00,11332,594955,14476.000000000000000,190493,,,11332,594955,14476,190493,25808,785344
56,2/7/2021 15:00:00,5950,600905,1838.000000000000000,192331,,,5950,600905,1838,192331,7788,793132
57,2/8/2021 15:00:00,12984,613889,12921.000000000000000,205252,,,12984,613889,12921,205252,25905,819037
58,2/9/2021 15:00:00,16650,630539,13878.000000000000000,219130,,,16650,630539,13878,219130,30528,849565
59,2/10/2021 15:00:00,19300,649839,21233.000000000000000,240363,,,19300,649839,21233,240363,40533,890098
60,2/11/2021 15:00:00,22852,672691,17343.000000000000000,257706,,,22852,672691,17343,257706,40195,930293
61,2/12/2021 15:00:00,20395,693086,19640.000000000000000,277346,,,20395,693086,19640,277346,40035,970328
62,2/13/2021 15:00:00,11436,704522,6421.000000000000000,283767,,,11436,704522,6421,283767,17857,988185
63,2/14/2021 15:00:00,7111,711633,2131.000000000000000,285898,,,7111,711633,2131,285898,9242,997427
64,2/15/2021 15:00:00,11765,723398,13327.000000000000000,299225,,,11765,723398,13327,299225,25092,1022519
65,2/16/2021 15:00:00,16610,740008,21020.000000000000000,320245,,,16610,740008,21020,320245,37630,1060149
66,2/17/2021 15:00:00,20659,760667,26380.000000000000000,346625,,,20659,760667,26380,346625,47039,1107188
67,2/18/2021 15:00:00,3200,763867,4621.000000000000000,351246,,,3200,763867,4621,351246,7821,1115009
68,2/19/2021 15:00:00,10254,774121,19928.000000000000000,371174,,,10254,774121,19928,371174,30182,1145191
69,2/20/2021 15:00:00,10314,784435,20289.000000000000000,391463,,,10314,784435,20289,391463,30603,1175794
70,2/21/2021 15:00:00,6182,790617,7655.000000000000000,399118,,,6182,790617,7655,399118,13837,1189631
71,2/22/2021 15:00:00,8034,798651,15479.000000000000000,414597,,,8034,798651,15479,414597,23513,1213144
72,2/23/2021 15:00:00,15535,814186,15985.000000000000000,430582,,,15535,814186,15985,430582,31520,1244664
73,2/24/2021 15:00:00,17952,832138,24739.000000000000000,455321,,,17952,832138,24739,455321,42691,1287355
74,2/25/2021 15:00:00,20392,852530,26560.000000000000000,481881,,,20392,852530,26560,481881,46952,1334307
75,2/26/2021 15:00:00,26720,879250,26225.000000000000000,508106,,,26720,879250,26225,508106,52945,1387252
76,2/27/2021 15:00:00,16009,895259,11160.000000000000000,519266,,,16009,895259,11160,519266,27169,1414421
77,2/28/2021 15:00:00,15496,910755,4885.000000000000000,524151,,,15496,910755,4885,524151,20381,1434802
78,3/1/2021 15:00:00,27021,937776,12630.000000000000000,536781,,,27021,937776,12630,536781,39651,1474453
79,3/2/2021 15:00:00,23928,961704,13279.000000000000000,550060,35.000000000000000,35.000000000000000,23963,961739,13314,550095,37242,1511695
80,3/3/2021 15:00:00,30200,991904,18398.000000000000000,568458,188.000000000000000,223.000000000000000,30388,992127,18586,568681,48786,1560481
81,3/4/2021 15:00:00,30963,1022867,18206.000000000000000,586664,4069.000000000000000,4292.000000000000000,35032,1027159,22275,590956,53238,1613719
82,3/5/2021 15:00:00,30033,1052900,19722.000000000000000,606386,4910.000000000000000,9202.000000000000000,34943,1062102,24632,615588,54665,1668384
83,3/6/2021 15:00:00,18919,1071819,9510.000000000000000,615896,6010.000000000000000,15212.000000000000000,24929,1087031,15520,631108,34439,1702823
84,3/7/2021 15:00:00,12123,1083942,4863.000000000000000,620759,6610.000000000000000,21822.000000000000000,18733,1105764,11473,642581,23596,1726419
85,3/8/2021 15:00:00,25884,1109826,8851.000000000000000,629610,8272.000000000000000,30094.000000000000000,34156,1139920,17123,659704,43007,1769426
86,3/9/2021 15:00:00,26135,1135961,15467.000000000000000,645077,8343.000000000000000,38437.000000000000000,34478,1174398,23810,683514,49945,1819371
87,3/10/2021 15:00:00,29865,1165826,16003.000000000000000,661080,7939.000000000000000,46376.000000000000000,37804,1212202,23942,707456,53807,1873178
88,3/11/2021 15:00:00,35993,1201819,16403.000000000000000,677483,3981.000000000000000,50357.000000000000000,39974,1252176,20384,727840,56377,1929555
89,3/12/2021 15:00:00,36920,1238739,18089.000000000000000,695572,2927.000000000000000,53284.000000000000000,39847,1292023,21016,748856,57936,1987491
90,3/13/2021 15:00:00,22675,1261414,10288.000000000000000,705860,1629.000000000000000,54913.000000000000000,24304,1316327,11917,760773,34592,2022083
91,3/14/2021 15:00:00,17833,1279247,6722.000000000000000,712582,1006.000000000000000,55919.000000000000000,18839,1335166,7728,768501,25561,2047644
92,3/15/2021 15:00:00,29835,1309082,11308.000000000000000,723890,597.000000000000000,56516.000000000000000,30432,1365598,11905,780406,41740,2089384
93,3/16/2021 15:00:00,33419,1342501,13578.000000000000000,737468,770.000000000000000,57286.000000000000000,34189,1399787,14348,794754,47767,2137151
94,3/17/2021 15:00:00,37577,1380078,17059.000000000000000,754527,1181.000000000000000,58467.000000000000000,38758,1438545,18240,812994,55817,2192968
95,3/18/2021 15:00:00,41449,1421527,12656.000000000000000,767183,1348.000000000000000,59815.000000000000000,42797,1481342,14004,826998,55453,2248421
96,3/19/2021 15:00:00,38341,1459868,15423.000000000000000,782606,1043.000000000000000,60858.000000000000000,39384,1520726,16466,843464,54807,2303228
97,3/20/2021 15:00:00,24707,1484575,10164.000000000000000,792770,703.000000000000000,61561.000000000000000,25410,1546136,10867,854331,35574,2338802
98,3/21/2021 15:00:00,19181,1503756,7887.000000000000000,800657,336.000000000000000,61897.000000000000000,19517,1565653,8223,862554,27404,2366206
99,3/22/2021 15:00:00,32597,1536353,11484.000000000000000,812141,835.000000000000000,62732.000000000000000,33432,1599085,12319,874873,44916,2411122
100,3/23/2021 15:00:00,38419,1574772,17810.000000000000000,829951,1555.000000000000000,64287.000000000000000,39974,1639059,19365,894238,57784,2468906
101,3/24/2021 15:00:00,41094,1615866,21215.000000000000000,851166,1388.000000000000000,65675.000000000000000,42482,1681541,22603,916841,63697,2532603
102,3/25/2021 15:00:00,42894,1658760,21695.000000000000000,872861,2458.000000000000000,68133.000000000000000,45352,1726893,24153,940994,67047,2599650
103,3/26/2021 15:00:00,36373,1695133,26682.000000000000000,899543,2496.000000000000000,70629.000000000000000,38869,1765762,29178,970172,65551,2665201
104,3/27/2021 15:00:00,26477,1721610,17284.000000000000000,916827,2491.000000000000000,73120.000000000000000,28968,1794730,19775,989947,46252,2711453
105,3/28/2021 15:00:00,17017,1738627,12645.000000000000000,929472,1615.000000000000000,74735.000000000000000,18632,1813362,14260,1004207,31277,2742730
106,3/29/2021 15:00:00,29726,1768353,26292.000000000000000,955764,1141.000000000000000,75876.000000000000000,30867,1844229,27433,1031640,57159,2799889
107,3/30/2021 15:00:00,40065,1808418,28997.000000000000000,984761,1863.000000000000000,77739.000000000000000,41928,1886157,30860,1062500,70925,2870814
108,3/31/2021 15:00:00,41043,1849461,34695.000000000000000,1019456,5748.000000000000000,83487.000000000000000,46791,1932948,40443,1102943,81486,2952300
109,4/1/2021 15:00:00,42378,1891839,41042.000000000000000,1060498,5743.000000000000000,89230.000000000000000,48121,1981069,46785,1149728,89163,3041463
110,4/2/2021 15:00:00,34937,1926776,32675.000000000000000,1093173,6125.000000000000000,95355.000000000000000,41062,2022131,38800,1188528,73737,3115200
111,4/3/2021 15:00:00,21155,1947931,19186.000000000000000,1112359,4389.000000000000000,99744.000000000000000,25544,2047675,23575,1212103,44730,3159930
112,4/4/2021 15:00:00,8284,1956215,10189.000000000000000,1122548,968.000000000000000,100712.000000000000000,9252,2056927,11157,1223260,19441,3179371
113,4/5/2021 15:00:00,27952,1984167,28911.000000000000000,1151459,6658.000000000000000,107370.000000000000000,34610,2091537,35569,1258829,63521,3242892
114,4/6/2021 15:00:00,39766,2023933,30456.000000000000000,1181915,10493.000000000000000,117863.000000000000000,50259,2141796,40949,1299778,80715,3323607
115,4/7/2021 15:00:00,36096,2060029,34292.000000000000000,1216207,12990.000000000000000,130853.000000000000000,49086,2190882,47282,1347060,83378,3406985
116,4/8/2021 15:00:00,42335,2102364,36103.000000000000000,1252310,13865.000000000000000,144718.000000000000000,56200,2247082,49968,1397028,92303,3499288
117,4/9/2021 15:00:00,34058,2136422,36323.000000000000000,1288633,14527.000000000000000,159245.000000000000000,48585,2295667,50850,1447878,84908,3584196
118,4/10/2021 15:00:00,23470,2159892,23135.000000000000000,1311768,7641.000000000000000,166886.000000000000000,31111,2326778,30776,1478654,54246,3638442
119,4/11/2021 15:00:00,17565,2177457,13278.000000000000000,1325046,10119.000000000000000,177005.000000000000000,27684,2354462,23397,1502051,40962,3679404
120,4/12/2021 15:00:00,24607,2202064,33165.000000000000000,1358211,10896.000000000000000,187901.000000000000000,35503,2389965,44061,1546112,68668,3748072
121,4/13/2021 15:00:00,126199,2328263,91233.000000000000000,1449444,3292.000000000000000,191193.000000000000000,129491,2519456,94525,1640637,220724,3968796
122,4/14/2021 15:00:00,40721,2368984,37827.000000000000000,1487271,212.000000000000000,191405.000000000000000,40933,2560389,38039,1678676,78760,4047556
123,4/15/2021 15:00:00,41416,2410400,39550.000000000000000,1526821,176.000000000000000,191581.000000000000000,41592,2601981,39726,1718402,81142,4128698
124,4/16/2021 15:00:00,37150,2447550,38865.000000000000000,1565686,24.000000000000000,191605.000000000000000,37174,2639155,38889,1757291,76039,4204737
125,4/17/2021 15:00:00,32803,2480353,22028.000000000000000,1587714,12.000000000000000,191617.000000000000000,32815,2671970,22040,1779331,54843,4259580
126,4/18/2021 15:00:00,20066,2500419,16198.000000000000000,1603912,5.000000000000000,191622.000000000000000,20071,2692041,16203,1795534,36269,4295849
127,4/19/2021 15:00:00,29896,2530315,36548.000000000000000,1640460,61.000000000000000,191683.000000000000000,29957,2721998,36609,1832143,66505,4362354
128,4/20/2021 15:00:00,32933,2563248,44451.000000000000000,1684911,58.000000000000000,191741.000000000000000,32991,2754989,44509,1876652,77442,4439796
129,4/21/2021 15:00:00,39831,2603079,47056.000000000000000,1731967,26.000000000000000,191767.000000000000000,39857,2794846,47082,1923734,86913,4526709
130,4/22/2021 15:00:00,35859,2638938,42658.000000000000000,1774625,16.000000000000000,191783.000000000000000,35875,2830721,42674,1966408,78533,4605242
131,4/23/2021 15:00:00,33151,2672089,40151.000000000000000,1814776,14.000000000000000,191797.000000000000000,33165,2863886,40165,2006573,73316,4678558
132,4/24/2021 15:00:00,26414,2698503,27909.000000000000000,1842685,81.000000000000000,191878.000000000000000,26495,2890381,27990,2034563,54404,4732962
133,4/25/2021 15:00:00,20234,2718737,10974.000000000000000,1853659,31.000000000000000,191909.000000000000000,20265,2910646,11005,2045568,31239,4764201
134,4/26/2021 15:00:00,27414,2746151,32709.000000000000000,1886368,201.000000000000000,192110.000000000000000,27615,2938261,32910,2078478,60324,4824525
135,4/27/2021 15:00:00,26692,2772843,33072.000000000000000,1919440,1097.000000000000000,193207.000000000000000,27789,2966050,34169,2112647,60861,4885386
136,4/28/2021 15:00:00,28932,2801775,39545.000000000000000,1958985,1364.000000000000000,194571.000000000000000,30296,2996346,40909,2153556,69841,4955227
137,4/29/2021 15:00:00,27079,2828854,39743.000000000000000,1998728,1464.000000000000000,196035.000000000000000,28543,3024889,41207,2194763,68286,5023513
138,4/30/2021 15:00:00,28211,2857065,32271.000000000000000,2030999,1648.000000000000000,197683.000000000000000,29859,3054748,33919,2228682,62130,5085643
139,5/1/2021 15:00:00,20726,2877791,26690.000000000000000,2057689,1049.000000000000000,198732.000000000000000,21775,3076523,27739,2256421,48465,5134108
140,5/2/2021 15:00:00,10289,2888080,17040.000000000000000,2074729,822.000000000000000,199554.000000000000000,11111,3087634,17862,2274283,28151,5162259
141,5/3/2021 15:00:00,12756,2900836,28583.000000000000000,2103312,1915.000000000000000,201469.000000000000000,14671,3102305,30498,2304781,43254,5205513
142,5/4/2021 15:00:00,13573,2914409,38613.000000000000000,2141925,1739.000000000000000,203208.000000000000000,15312,3117617,40352,2345133,53925,5259438
143,5/5/2021 15:00:00,19325,2933734,37758.000000000000000,2179683,1921.000000000000000,205129.000000000000000,21246,3138863,39679,2384812,59004,5318442
144,5/6/2021 15:00:00,16921,2950655,40592.000000000000000,2220275,1721.000000000000000,206850.000000000000000,18642,3157505,42313,2427125,59234,5377676
145,5/7/2021 15:00:00,17589,2968244,36994.000000000000000,2257269,1959.000000000000000,208809.000000000000000,19548,3177053,38953,2466078,56542,5434218
146,5/8/2021 15:00:00,10793,2979037,31225.000000000000000,2288494,1291.000000000000000,210100.000000000000000,12084,3189137,32516,2498594,43309,5477527
147,5/9/2021 15:00:00,5083,2984120,12242.000000000000000,2300736,695.000000000000000,210795.000000000000000,5778,3194915,12937,2511531,18020,5495547
148,5/10/2021 15:00:00,8955,2993075,31051.000000000000000,2331787,1362.000000000000000,212157.000000000000000,10317,3205232,32413,2543944,41368,5536915
149,5/11/2021 15:00:00,12183,3005258,30289.000000000000000,2362076,1441.000000000000000,213598.000000000000000,13624,3218856,31730,2575674,43913,5580828
150,5/12/2021 15:00:00,13947,3019205,38622.000000000000000,2400698,1919.000000000000000,215517.000000000000000,15866,3234722,40541,2616215,54488,5635316
151,5/13/2021 15:00:00,21839,3041044,33511.000000000000000,2434209,1347.000000000000000,216864.000000000000000,23186,3257908,34858,2651073,56697,5692013
152,5/14/2021 15:00:00,24388,3065432,30056.000000000000000,2464265,1773.000000000000000,218637.000000000000000,26161,3284069,31829,2682902,56217,5748230
153,5/15/2021 15:00:00,21940,3087372,25108.000000000000000,2489373,1489.000000000000000,220126.000000000000000,23429,3307498,26597,2709499,48537,5796767
154,5/16/2021 15:00:00,9093,3096465,17584.000000000000000,2506957,1113.000000000000000,221239.000000000000000,10206,3317704,18697,2728196,27790,5824557
155,5/17/2021 15:00:00,16838,3113303,28403.000000000000000,2535360,1949.000000000000000,223188.000000000000000,18787,3336491,30352,2758548,47190,5871747
156,5/18/2021 15:00:00,21266,3134569,30686.000000000000000,2566046,1942.000000000000000,225130.000000000000000,23208,3359699,32628,2791176,53894,5925641
157,5/19/2021 15:00:00,27665,3162234,32431.000000000000000,2598477,1631.000000000000000,226761.000000000000000,29296,3388995,34062,2825238,61727,5987368
158,5/20/2021 15:00:00,20808,3183042,33269.000000000000000,2631746,1964.000000000000000,228725.000000000000000,22772,3411767,35233,2860471,56041,6043409
159,5/21/2021 15:00:00,19165,3202207,30349.000000000000000,2662095,1608.000000000000000,230333.000000000000000,20773,3432540,31957,2892428,51122,6094531
160,5/22/2021 15:00:00,16938,3219145,20692.000000000000000,2682787,1271.000000000000000,231604.000000000000000,18209,3450749,21963,2914391,38901,6133432
161,5/23/2021 15:00:00,8814,3227959,11447.000000000000000,2694234,965.000000000000000,232569.000000000000000,9779,3460528,12412,2926803,21226,6154658
162,5/24/2021 15:00:00,13568,3241527,17776.000000000000000,2712010,1474.000000000000000,234043.000000000000000,15042,3475570,19250,2946053,32818,6187476
163,5/25/2021 15:00:00,13073,3254600,18719.000000000000000,2730729,1329.000000000000000,235372.000000000000000,14402,3489972,20048,2966101,33121,6220597
164,5/26/2021 15:00:00,18313,3272913,19495.000000000000000,2750224,1512.000000000000000,236884.000000000000000,19825,3509797,21007,2987108,39320,6259917
165,5/27/2021 15:00:00,11684,3284597,18665.000000000000000,2768889,1116.000000000000000,238000.000000000000000,12800,3522597,19781,3006889,31465,6291382
166,5/28/2021 15:00:00,12416,3297013,19836.000000000000000,2788725,1401.000000000000000,239401.000000000000000,13817,3536414,21237,3028126,33653,6325035
167,5/29/2021 15:00:00,9513,3306526,11727.000000000000000,2800452,937.000000000000000,240338.000000000000000,10450,3546864,12664,3040790,22177,6347212
168,5/30/2021 15:00:00,4968,3311494,6431.000000000000000,2806883,596.000000000000000,240934.000000000000000,5564,3552428,7027,3047817,11995,6359207
169,5/31/2021 15:00:00,1779,3313273,3710.000000000000000,2810593,305.000000000000000,241239.000000000000000,2084,3554512,4015,3051832,5794,6365001
170,6/1/2021 15:00:00,9852,3323125,16438.000000000000000,2827031,1160.000000000000000,242399.000000000000000,11012,3565524,17598,3069430,27450,6392451
171,6/2/2021 15:00:00,10231,3333356,16821.000000000000000,2843852,960.000000000000000,243359.000000000000000,11191,3576715,17781,3087211,28012,6420463
172,6/3/2021 15:00:00,7900,3341256,21188.000000000000000,2865040,1087.000000000000000,244446.000000000000000,8987,3585702,22275,3109486,30175,6450638
173,6/4/2021 15:00:00,8197,3349453,22353.000000000000000,2887393,1120.000000000000000,245566.000000000000000,9317,3595019,23473,3132959,31670,6482308
174,6/5/2021 15:00:00,7001,3356454,19470.000000000000000,2906863,720.000000000000000,246286.000000000000000,7721,3602740,20190,3153149,27191,6509499
175,6/6/2021 15:00:00,3456,3359910,7250.000000000000000,2914113,423.000000000000000,246709.000000000000000,3879,3606619,7673,3160822,11129,6520628
176,6/7/2021 15:00:00,6857,3366767,15788.000000000000000,2929901,726.000000000000000,247435.000000000000000,7583,3614202,16514,3177336,23371,6543999
177,6/8/2021 15:00:00,6670,3373437,19733.000000000000000,2949634,830.000000000000000,248265.000000000000000,7500,3621702,20563,3197899,27233,6571232
178,6/9/2021 15:00:00,8201,3381638,23984.000000000000000,2973618,968.000000000000000,249233.000000000000000,9169,3630871,24952,3222851,33153,6604385
179,6/10/2021 15:00:00,7150,3388788,19137.000000000000000,2992755,895.000000000000000,250128.000000000000000,8045,3638916,20032,3242883,27182,6631567
180,6/11/2021 15:00:00,7486,3396274,17725.000000000000000,3010480,1125.000000000000000,251253.000000000000000,8611,3647527,18850,3261733,26336,6657903
181,6/12/2021 15:00:00,5240,3401514,14767.000000000000000,3025247,605.000000000000000,251858.000000000000000,5845,3653372,15372,3277105,20612,6678515
182,6/13/2021 15:00:00,1930,3403444,7631.000000000000000,3032878,427.000000000000000,252285.000000000000000,2357,3655729,8058,3285163,9988,6688503
183,6/14/2021 15:00:00,5657,3409101,11814.000000000000000,3044692,733.000000000000000,253018.000000000000000,6390,3662119,12547,3297710,18204,6706707
184,6/15/2021 15:00:00,5642,3414743,14340.000000000000000,3059032,873.000000000000000,253891.000000000000000,6515,3668634,15213,3312923,20855,6727562
185,6/16/2021 15:00:00,8755,3423498,21596.000000000000000,3080628,757.000000000000000,254648.000000000000000,9512,3678146,22353,3335276,31108,6758670
186,6/17/2021 15:00:00,6689,3430187,12364.000000000000000,3092992,720.000000000000000,255368.000000000000000,7409,3685555,13084,3348360,19773,6778443
187,6/18/2021 15:00:00,6836,3437023,12739.000000000000000,3105731,703.000000000000000,256071.000000000000000,7539,3693094,13442,3361802,20278,6798721
188,6/19/2021 15:00:00,4660,3441683,9377.000000000000000,3115108,615.000000000000000,256686.000000000000000,5275,3698369,9992,3371794,14652,6813373
189,6/20/2021 15:00:00,2505,3444188,5053.000000000000000,3120161,377.000000000000000,257063.000000000000000,2882,3701251,5430,3377224,7935,6821308
190,6/21/2021 15:00:00,5564,3449752,5333.000000000000000,3125494,635.000000000000000,257698.000000000000000,6199,3707450,5968,3383192,11532,6832840
191,6/22/2021 15:00:00,5345,3455097,9053.000000000000000,3134547,693.000000000000000,258391.000000000000000,6038,3713488,9746,3392938,15091,6847931
192,6/23/2021 15:00:00,6077,3461174,10329.000000000000000,3144876,646.000000000000000,259037.000000000000000,6723,3720211,10975,3403913,17052,6864983
193,6/24/2021 15:00:00,5936,3467110,8198.000000000000000,3153074,595.000000000000000,259632.000000000000000,6531,3726742,8793,3412706,14729,6879712
194,6/25/2021 15:00:00,5825,3472935,8661.000000000000000,3161735,620.000000000000000,260252.000000000000000,6445,3733187,9281,3421987,15106,6894818
195,6/26/2021 15:00:00,3701,3476636,6308.000000000000000,3168043,398.000000000000000,260650.000000000000000,4099,3737286,6706,3428693,10407,6905225
196,6/27/2021 15:00:00,2808,3479444,3521.000000000000000,3171564,185.000000000000000,260835.000000000000000,2993,3740279,3706,3432399,6514,6911739
197,6/28/2021 15:00:00,4917,3484361,6386.000000000000000,3177950,539.000000000000000,261374.000000000000000,5456,3745735,6925,3439324,11842,6923581
198,6/29/2021 15:00:00,5062,3489423,6476.000000000000000,3184426,519.000000000000000,261893.000000000000000,5581,3751316,6995,3446319,12057,6935638
199,6/30/2021 15:00:00,5619,3495042,7388.000000000000000,3191814,605.000000000000000,262498.000000000000000,6224,3757540,7993,3454312,13612,6949250
200,7/1/2021 15:00:00,5406,3500448,6986.000000000000000,3198800,500.000000000000000,262998.000000000000000,5906,3763446,7486,3461798,12892,6962142
201,7/2/2021 15:00:00,5292,3505740,6837.000000000000000,3205637,524.000000000000000,263522.000000000000000,5816,3769262,7361,3469159,12653,6974795
202,7/3/2021 15:00:00,3270,3509010,4066.000000000000000,3209703,264.000000000000000,263786.000000000000000,3534,3772796,4330,3473489,7600,6982395
203,7/4/2021 15:00:00,494,3509504,546.000000000000000,3210249,68.000000000000000,263854.000000000000000,562,3773358,614,3474103,1108,6983503
204,7/5/2021 15:00:00,3762,3513266,3952.000000000000000,3214201,287.000000000000000,264141.000000000000000,4049,3777407,4239,3478342,8001,6991504
205,7/6/2021 15:00:00,4491,3517757,6266.000000000000000,3220467,453.000000000000000,264594.000000000000000,4944,3782351,6719,3485061,11210,7002714
206,7/7/2021 15:00:00,4467,3522224,6410.000000000000000,3226877,482.000000000000000,265076.000000000000000,4949,3787300,6892,3491953,11359,7014073
207,7/8/2021 15:00:00,4833,3527057,6168.000000000000000,3233045,564.000000000000000,265640.000000000000000,5397,3792697,6732,3498685,11565,7025638
208,7/9/2021 15:00:00,5365,3532422,6662.000000000000000,3239707,573.000000000000000,266213.000000000000000,5938,3798635,7235,3505920,12600,7038238
209,7/10/2021 15:00:00,3517,3535939,4405.000000000000000,3244112,304.000000000000000,266517.000000000000000,3821,3802456,4709,3510629,8226,7046464
210,7/11/2021 15:00:00,2676,3538615,2565.000000000000000,3246677,225.000000000000000,266742.000000000000000,2901,3805357,2790,3513419,5466,7051930
211,7/12/2021 15:00:00,4415,3543030,5120.000000000000000,3251797,379.000000000000000,267121.000000000000000,4794,3810151,5499,3518918,9914,7061844
212,7/13/2021 15:00:00,4660,3547690,4721.000000000000000,3256518,366.000000000000000,267487.000000000000000,5026,3815177,5087,3524005,9747,7071591
213,7/14/2021 15:00:00,4616,3552306,5282.000000000000000,3261800,422.000000000000000,267909.000000000000000,5038,3820215,5704,3529709,10320,7081911
214,7/15/2021 15:00:00,4902,3557208,5016.000000000000000,3266816,359.000000000000000,268268.000000000000000,5261,3825476,5375,3535084,10277,7092188
215,7/16/2021 15:00:00,6275,3563483,5841.000000000000000,3272657,405.000000000000000,268673.000000000000000,6680,3832156,6246,3541330,12521,7104709
216,7/17/2021 15:00:00,3415,3566898,3548.000000000000000,3276205,303.000000000000000,268976.000000000000000,3718,3835874,3851,3545181,7266,7111975
217,7/18/2021 15:00:00,2310,3569208,2378.000000000000000,3278583,110.000000000000000,269086.000000000000000,2420,3838294,2488,3547669,4798,7116773
218,7/19/2021 15:00:00,5138,3574346,4609.000000000000000,3283192,382.000000000000000,269468.000000000000000,5520,3843814,4991,3552660,10129,7126902
219,7/20/2021 15:00:00,5333,3579679,4715.000000000000000,3287907,366.000000000000000,269834.000000000000000,5699,3849513,5081,3557741,10414,7137316
220,7/21/2021 15:00:00,5659,3585338,4939.000000000000000,3292846,416.000000000000000,270250.000000000000000,6075,3855588,5355,3563096,11014,7148330
221,7/22/2021 15:00:00,6024,3591362,4637.000000000000000,3297483,472.000000000000000,270722.000000000000000,6496,3862084,5109,3568205,11133,7159463
222,7/23/2021 15:00:00,6838,3598200,4845.000000000000000,3302328,498.000000000000000,271220.000000000000000,7336,3869420,5343,3573548,12181,7171644
223,7/24/2021 15:00:00,4281,3602481,3201.000000000000000,3305529,267.000000000000000,271487.000000000000000,4548,3873968,3468,3577016,7749,7179393
224,7/25/2021 15:00:00,3299,3605780,1113.000000000000000,3306642,140.000000000000000,271627.000000000000000,3439,3877407,1253,3578269,4552,7183945
225,7/26/2021 15:00:00,6213,3611993,3907.000000000000000,3310549,419.000000000000000,272046.000000000000000,6632,3884039,4326,3582595,10539,7194484
226,7/27/2021 15:00:00,6601,3618594,4278.000000000000000,3314827,458.000000000000000,272504.000000000000000,7059,3891098,4736,3587331,11337,7205821
227,7/28/2021 15:00:00,7077,3625671,4139.000000000000000,3318966,460.000000000000000,272964.000000000000000,7537,3898635,4599,3591930,11676,7217497
228,7/29/2021 15:00:00,7076,3632747,4302.000000000000000,3323268,420.000000000000000,273384.000000000000000,7496,3906131,4722,3596652,11798,7229295
229,7/30/2021 15:00:00,7815,3640562,4802.000000000000000,3328070,526.000000000000000,273910.000000000000000,8341,3914472,5328,3601980,13143,7242438
230,7/31/2021 15:00:00,4792,3645354,3075.000000000000000,3331145,274.000000000000000,274184.000000000000000,5066,3919538,3349,3605329,8141,7250579
231,8/1/2021 15:00:00,3886,3649240,2160.000000000000000,3333305,163.000000000000000,274347.000000000000000,4049,3923587,2323,3607652,6209,7256788
232,8/2/2021 15:00:00,7263,3656503,3840.000000000000000,3337145,340.000000000000000,274687.000000000000000,7603,3931190,4180,3611832,11443,7268231
233,8/3/2021 15:00:00,7264,3663767,4098.000000000000000,3341243,517.000000000000000,275204.000000000000000,7781,3938971,4615,3616447,11879,7280110
234,8/4/2021 15:00:00,7422,3671189,4118.000000000000000,3345361,535.000000000000000,275739.000000000000000,7957,3946928,4653,3621100,12075,7292185
235,8/5/2021 15:00:00,7943,3679132,4292.000000000000000,3349653,537.000000000000000,276276.000000000000000,8480,3955408,4829,3625929,12772,7304957
236,8/6/2021 15:00:00,8324,3687456,4728.000000000000000,3354381,454.000000000000000,276730.000000000000000,8778,3964186,5182,3631111,13506,7318463
237,8/7/2021 15:00:00,5296,3692752,2833.000000000000000,3357214,263.000000000000000,276993.000000000000000,5559,3969745,3096,3634207,8392,7326855
238,8/8/2021 15:00:00,3973,3696725,2062.000000000000000,3359276,143.000000000000000,277136.000000000000000,4116,3973861,2205,3636412,6178,7333033
239,8/9/2021 15:00:00,6949,3703674,4552.000000000000000,3363828,369.000000000000000,277505.000000000000000,7318,3981179,4921,3641333,11870,7344903
240,8/10/2021 15:00:00,7156,3710830,4477.000000000000000,3368305,339.000000000000000,277844.000000000000000,7495,3988674,4816,3646149,11972,7356875
241,8/11/2021 15:00:00,7071,3717901,4445.000000000000000,3372750,443.000000000000000,278287.000000000000000,7514,3996188,4888,3651037,11959,7368834
242,8/12/2021 15:00:00,8622,3726523,4752.000000000000000,3377502,445.000000000000000,278732.000000000000000,9067,4005255,5197,3656234,13819,7382653
243,8/13/2021 15:00:00,7142,3733665,5368.000000000000000,3382870,397.000000000000000,279129.000000000000000,7539,4012794,5765,3661999,12907,7395560
244,8/14/2021 15:00:00,4914,3738579,3343.000000000000000,3386213,285.000000000000000,279414.000000000000000,5199,4017993,3628,3665627,8542,7404102
245,8/15/2021 15:00:00,3328,3741907,2738.000000000000000,3388951,163.000000000000000,279577.000000000000000,3491,4021484,2901,3668528,6229,7410331
246,8/16/2021 15:00:00,5438,3747345,5092.000000000000000,3394043,354.000000000000000,279931.000000000000000,5792,4027276,5446,3673974,10884,7421215
247,8/17/2021 15:00:00,6812,3754157,5362.000000000000000,3399405,390.000000000000000,280321.000000000000000,7202,4034478,5752,3679726,12564,7433779
248,8/18/2021 15:00:00,6324,3760481,5503.000000000000000,3404908,481.000000000000000,280802.000000000000000,6805,4041283,5984,3685710,12308,7446087
249,8/19/2021 15:00:00,6211,3766692,5553.000000000000000,3410461,417.000000000000000,281219.000000000000000,6628,4047911,5970,3691680,12181,7458268
250,8/20/2021 15:00:00,6833,3773525,6545.000000000000000,3417006,401.000000000000000,281620.000000000000000,7234,4055145,6946,3698626,13779,7472047
251,8/21/2021 15:00:00,4326,3777851,3917.000000000000000,3420923,230.000000000000000,281850.000000000000000,4556,4059701,4147,3702773,8473,7480520
252,8/22/2021 15:00:00,3060,3780911,3172.000000000000000,3424095,110.000000000000000,281960.000000000000000,3170,4062871,3282,3706055,6342,7486862
253,8/23/2021 15:00:00,5986,3786897,6092.000000000000000,3430187,287.000000000000000,282247.000000000000000,6273,4069144,6379,3712434,12365,7499227
254,8/24/2021 15:00:00,6544,3793441,6062.000000000000000,3436249,425.000000000000000,282672.000000000000000,6969,4076113,6487,3718921,13031,7512258
255,8/25/2021 15:00:00,6717,3800158,6220.000000000000000,3442469,441.000000000000000,283113.000000000000000,7158,4083271,6661,3725582,13378,7525636
256,8/26/2021 15:00:00,6966,3807124,6648.000000000000000,3449117,428.000000000000000,283541.000000000000000,7394,4090665,7076,3732658,14042,7539678
257,8/27/2021 15:00:00,6821,3813945,7067.000000000000000,3456184,316.000000000000000,283857.000000000000000,7137,4097802,7383,3740041,14204,7553882
258,8/28/2021 15:00:00,6897,3820842,6517.000000000000000,3462701,325.000000000000000,284182.000000000000000,7222,4105024,6842,3746883,13739,7567621
259,8/29/2021 15:00:00,3733,3824575,3688.000000000000000,3466389,610.000000000000000,284792.000000000000000,4343,4109367,4298,3751181,8031,7575652
260,8/30/2021 15:00:00,5924,3830499,6122.000000000000000,3472511,960.000000000000000,285752.000000000000000,6884,4116251,7082,3758263,13006,7588658
261,8/31/2021 15:00:00,5894,3836393,6055.000000000000000,3478566,946.000000000000000,286698.000000000000000,6840,4123091,7001,3765264,12895,7601553
262,9/1/2021 15:00:00,5587,3841980,5657.000000000000000,3484223,915.000000000000000,287613.000000000000000,6502,4129593,6572,3771836,12159,7613712
263,9/2/2021 15:00:00,5529,3847509,5924.000000000000000,3490147,707.000000000000000,288320.000000000000000,6236,4135829,6631,3778467,12160,7625872
264,9/3/2021 15:00:00,5992,3853501,6926.000000000000000,3497073,973.000000000000000,289293.000000000000000,6965,4142794,7899,3786366,13891,7639763
265,9/4/2021 15:00:00,3726,3857227,4349.000000000000000,3501422,878.000000000000000,290171.000000000000000,4604,4147398,5227,3791593,8953,7648716
266,9/5/2021 15:00:00,2956,3860183,2807.000000000000000,3504229,106.000000000000000,290277.000000000000000,3062,4150460,2913,3794506,5869,7654585
267,9/6/2021 15:00:00,1059,3861242,1156.000000000000000,3505385,65.000000000000000,290342.000000000000000,1124,4151584,1221,3795727,2280,7656865
268,9/7/2021 15:00:00,5343,3866585,7297.000000000000000,3512682,2303.000000000000000,292645.000000000000000,7646,4159230,9600,3805327,14943,7671808
269,9/8/2021 15:00:00,4653,3871238,5469.000000000000000,3518151,364.000000000000000,293009.000000000000000,5017,4164247,5833,3811160,10486,7682294
270,9/9/2021 15:00:00,5016,3876254,5457.000000000000000,3523608,324.000000000000000,293333.000000000000000,5340,4169587,5781,3816941,10797,7693091
271,9/10/2021 15:00:00,6518,3882772,6651.000000000000000,3530259,1719.000000000000000,295052.000000000000000,8237,4177824,8370,3825311,14888,7707979
272,9/11/2021 15:00:00,4173,3886945,4334.000000000000000,3534593,666.000000000000000,295718.000000000000000,4839,4182663,5000,3830311,9173,7717152
273,9/12/2021 15:00:00,3171,3890116,3241.000000000000000,3537834,436.000000000000000,296154.000000000000000,3607,4186270,3677,3833988,6848,7724000
274,9/13/2021 15:00:00,4884,3895000,5066.000000000000000,3542900,346.000000000000000,296500.000000000000000,5230,4191500,5412,3839400,10296,7734296
275,9/14/2021 15:00:00,4774,3899774,5436.000000000000000,3548336,436.000000000000000,296936.000000000000000,5210,4196710,5872,3845272,10646,7744942
276,9/15/2021 15:00:00,5037,3904811,5870.000000000000000,3554206,392.000000000000000,297328.000000000000000,5429,4202139,6262,3851534,11299,7756241
277,9/16/2021 15:00:00,4807,3909618,5844.000000000000000,3560050,336.000000000000000,297664.000000000000000,5143,4207282,6180,3857714,10987,7767228
278,9/17/2021 15:00:00,5257,3914875,6583.000000000000000,3566633,344.000000000000000,298008.000000000000000,5601,4212883,6927,3864641,12184,7779412
279,9/18/2021 15:00:00,3801,3918676,4577.000000000000000,3571210,185.000000000000000,298193.000000000000000,3986,4216869,4762,3869403,8563,7787975
280,9/19/2021 15:00:00,2742,3921418,3167.000000000000000,3574377,75.000000000000000,298268.000000000000000,2817,4219686,3242,3872645,5984,7793959
281,9/20/2021 15:00:00,3750,3925168,4680.000000000000000,3579057,430.000000000000000,298698.000000000000000,4180,4223866,5110,3877755,8860,7802819
282,9/21/2021 15:00:00,4002,3929170,5002.000000000000000,3584059,327.000000000000000,299025.000000000000000,4329,4228195,5329,3883084,9331,7812150
283,9/22/2021 15:00:00,4196,3933366,4772.000000000000000,3588831,458.000000000000000,299483.000000000000000,4654,4232849,5230,3888314,9426,7821576
284,9/23/2021 15:00:00,4174,3937540,4731.000000000000000,3593562,492.000000000000000,299975.000000000000000,4666,4237515,5223,3893537,9397,7830973
285,9/24/2021 15:00:00,5076,3942616,5607.000000000000000,3599169,422.000000000000000,300397.000000000000000,5498,4243013,6029,3899566,11105,7842078
286,9/25/2021 15:00:00,3626,3946242,3633.000000000000000,3602802,384.000000000000000,300781.000000000000000,4010,4247023,4017,3903583,7643,7849721
287,9/26/2021 15:00:00,2355,3948597,2666.000000000000000,3605468,425.000000000000000,301206.000000000000000,2780,4249803,3091,3906674,5446,7855167
288,9/27/2021 15:00:00,4506,3953103,2712.000000000000000,3608180,512.000000000000000,301718.000000000000000,5018,4254821,3224,3909898,7730,7862897
289,9/28/2021 15:00:00,4399,3957502,4454.000000000000000,3612634,211.000000000000000,301929.000000000000000,4610,4259431,4665,3914563,9064,7871961
290,9/29/2021 15:00:00,4696,3962198,4512.000000000000000,3617146,920.000000000000000,302849.000000000000000,5616,4265047,5432,3919995,10128,7882089
291,9/30/2021 15:00:00,4889,3967087,4564.000000000000000,3621710,795.000000000000000,303644.000000000000000,5684,4270731,5359,3925354,10248,7892337
292,10/1/2021 15:00:00,5502,3972589,5338.000000000000000,3627048,784.000000000000000,304428.000000000000000,6286,4277017,6122,3931476,11624,7903961
293,10/2/2021 15:00:00,2936,3975525,2897.000000000000000,3629945,187.000000000000000,304615.000000000000000,3123,4280140,3084,3934560,6020,7909981
294,10/3/2021 15:00:00,2073,3977598,2378.000000000000000,3632323,86.000000000000000,304701.000000000000000,2159,4282299,2464,3937024,4537,7914518
295,10/4/2021 15:00:00,4020,3981618,3499.000000000000000,3635822,232.000000000000000,304933.000000000000000,4252,4286551,3731,3940755,7751,7922269
296,10/5/2021 15:00:00,3959,3985577,3661.000000000000000,3639483,207.000000000000000,305140.000000000000000,4166,4290717,3868,3944623,7827,7930096
297,10/6/2021 15:00:00,4023,3989600,3580.000000000000000,3643063,266.000000000000000,305406.000000000000000,4289,4295006,3846,3948469,7869,7937965
298,10/7/2021 15:00:00,4234,3993834,3627.000000000000000,3646690,331.000000000000000,305737.000000000000000,4565,4299571,3958,3952427,8192,7946157
299,10/8/2021 15:00:00,4771,3998605,4290.000000000000000,3650980,283.000000000000000,306020.000000000000000,5054,4304625,4573,3957000,9344,7955501
300,10/9/2021 15:00:00,2691,4001296,2681.000000000000000,3653661,270.000000000000000,306290.000000000000000,2961,4307586,2951,3959951,5642,7961143
301,10/10/2021 15:00:00,1865,4003161,1849.000000000000000,3655510,59.000000000000000,306349.000000000000000,1924,4309510,1908,3961859,3773,7964916
302,10/11/2021 15:00:00,4215,4007376,3338.000000000000000,3658848,249.000000000000000,306598.000000000000000,4464,4313974,3587,3965446,7802,7972718
303,10/12/2021 15:00:00,3590,4010966,3527.000000000000000,3662375,273.000000000000000,306871.000000000000000,3863,4317837,3800,3969246,7390,7980108
304,10/13/2021 15:00:00,3958,4014924,3457.000000000000000,3665832,346.000000000000000,307217.000000000000000,4304,4322141,3803,3973049,7761,7987869
305,10/14/2021 15:00:00,5164,4020088,5488.000000000000000,3671320,431.000000000000000,307648.000000000000000,5595,4327736,5919,3978968,11083,7998952
306,10/15/2021 15:00:00,4711,4024799,4595.000000000000000,3675915,347.000000000000000,307995.000000000000000,5058,4332794,4942,3983910,9653,8008605
307,10/16/2021 15:00:00,2495,4027294,2507.000000000000000,3678422,291.000000000000000,308286.000000000000000,2786,4335580,2798,3986708,5293,8013898
308,10/17/2021 15:00:00,1806,4029100,1776.000000000000000,3680198,55.000000000000000,308341.000000000000000,1861,4337441,1831,3988539,3637,8017535
309,10/18/2021 15:00:00,4282,4033382,3580.000000000000000,3683778,268.000000000000000,308609.000000000000000,4550,4341991,3848,3992387,8130,8025665
310,10/19/2021 15:00:00,4301,4037683,4031.000000000000000,3687809,223.000000000000000,308832.000000000000000,4524,4346515,4254,3996641,8555,8034220
311,10/20/2021 15:00:00,3526,4041209,3427.000000000000000,3691236,254.000000000000000,309086.000000000000000,3780,4350295,3681,4000322,7207,8041427
312,10/21/2021 15:00:00,3298,4044507,3271.000000000000000,3694507,291.000000000000000,309377.000000000000000,3589,4353884,3562,4003884,6860,8048287
313,10/22/2021 15:00:00,4682,4049189,4035.000000000000000,3698542,477.000000000000000,309854.000000000000000,5159,4359043,4512,4008396,9194,8057481
314,10/23/2021 15:00:00,2885,4052074,2115.000000000000000,3700657,321.000000000000000,310175.000000000000000,3206,4362249,2436,4010832,5321,8062802
315,10/24/2021 15:00:00,2057,4054131,1560.000000000000000,3702217,79.000000000000000,310254.000000000000000,2136,4364385,1639,4012471,3696,8066498
316,10/25/2021 15:00:00,4545,4058676,3080.000000000000000,3705297,319.000000000000000,310573.000000000000000,4864,4369249,3399,4015870,7944,8074442
317,10/26/2021 15:00:00,4507,4063183,3094.000000000000000,3708391,317.000000000000000,310890.000000000000000,4824,4374073,3411,4019281,7918,8082360
318,10/27/2021 15:00:00,4736,4067919,3344.000000000000000,3711735,437.000000000000000,311327.000000000000000,5173,4379246,3781,4023062,8517,8090877
319,10/28/2021 15:00:00,4558,4072477,3364.000000000000000,3715099,501.000000000000000,311828.000000000000000,5059,4384305,3865,4026927,8423,8099300
320,10/29/2021 15:00:00,4977,4077454,3920.000000000000000,3719019,394.000000000000000,312222.000000000000000,5371,4389676,4314,4031241,9291,8108591
321,10/30/2021 15:00:00,2633,4080087,1845.000000000000000,3720864,308.000000000000000,312530.000000000000000,2941,4392617,2153,4033394,4786,8113377
322,10/31/2021 15:00:00,1938,4082025,1522.000000000000000,3722386,93.000000000000000,312623.000000000000000,2031,4394648,1615,4035009,3553,8116930
323,11/1/2021 15:00:00,4706,4086731,3431.000000000000000,3725817,346.000000000000000,312969.000000000000000,5052,4399700,3777,4038786,8483,8125413
324,11/2/2021 15:00:00,4255,4090986,2954.000000000000000,3728771,408.000000000000000,313377.000000000000000,4663,4404363,3362,4042148,7617,8133030
325,11/3/2021 15:00:00,4666,4095652,3063.000000000000000,3731834,463.000000000000000,313840.000000000000000,5129,4409492,3526,4045674,8192,8141222
326,11/4/2021 15:00:00,6307,4101959,3364.000000000000000,3735198,513.000000000000000,314353.000000000000000,6820,4416312,3877,4049551,10184,8151406
327,11/5/2021 15:00:00,8235,4110194,3772.000000000000000,3738970,414.000000000000000,314767.000000000000000,8649,4424961,4186,4053737,12421,8163827
328,11/6/2021 15:00:00,10185,4120379,1980.000000000000000,3740950,308.000000000000000,315075.000000000000000,10493,4435454,2288,4056025,12473,8176300
329,11/7/2021 15:00:00,7729,4128108,1468.000000000000000,3742418,94.000000000000000,315169.000000000000000,7823,4443277,1562,4057587,9291,8185591
330,11/8/2021 15:00:00,11311,4139419,3048.000000000000000,3745466,379.000000000000000,315548.000000000000000,11690,4454967,3427,4061014,14738,8200329
331,11/9/2021 15:00:00,11762,4151181,2664.000000000000000,3748130,269.000000000000000,315817.000000000000000,12031,4466998,2933,4063947,14695,8215024
332,11/10/2021 15:00:00,12583,4163764,2761.000000000000000,3750891,338.000000000000000,316155.000000000000000,12921,4479919,3099,4067046,15682,8230706
333,11/11/2021 15:00:00,11370,4175134,2383.000000000000000,3753274,280.000000000000000,316435.000000000000000,11650,4491569,2663,4069709,14033,8244739
334,11/12/2021 15:00:00,12291,4187425,3359.000000000000000,3756633,547.000000000000000,316982.000000000000000,12838,4504407,3906,4073615,16197,8260936
335,11/13/2021 15:00:00,9882,4197307,1593.000000000000000,3758226,342.000000000000000,317324.000000000000000,10224,4514631,1935,4075550,11817,8272753
336,11/14/2021 15:00:00,3925,4201232,1131.000000000000000,3759357,121.000000000000000,317445.000000000000000,4046,4518677,1252,4076802,5177,8277930
337,11/15/2021 15:00:00,8622,4209854,2529.000000000000000,3761886,205.000000000000000,317650.000000000000000,8827,4527504,2734,4079536,11356,8289286
338,11/16/2021 15:00:00,9227,4219081,2499.000000000000000,3764385,255.000000000000000,317905.000000000000000,9482,4536986,2754,4082290,11981,8301267
339,11/17/2021 15:00:00,9398,4228479,2881.000000000000000,3767266,312.000000000000000,318217.000000000000000,9710,4546696,3193,4085483,12591,8313858
340,11/18/2021 15:00:00,9296,4237775,2634.000000000000000,3769900,482.000000000000000,318699.000000000000000,9778,4556474,3116,4088599,12412,8326270
341,11/19/2021 15:00:00,9796,4247571,2922.000000000000000,3772822,381.000000000000000,319080.000000000000000,10177,4566651,3303,4091902,13099,8339369
342,11/20/2021 15:00:00,10626,4258197,1608.000000000000000,3774430,455.000000000000000,319535.000000000000000,11081,4577732,2063,4093965,12689,8352058
343,11/21/2021 15:00:00,4344,4262541,1202.000000000000000,3775632,99.000000000000000,319634.000000000000000,4443,4582175,1301,4095266,5645,8357703
344,11/22/2021 15:00:00,9821,4272362,2492.000000000000000,3778124,293.000000000000000,319927.000000000000000,10114,4592289,2785,4098051,12606,8370309
345,11/23/2021 15:00:00,9204,4281566,2403.000000000000000,3780527,280.000000000000000,320207.000000000000000,9484,4601773,2683,4100734,11887,8382196
346,11/24/2021 15:00:00,8155,4289721,2447.000000000000000,3782974,216.000000000000000,320423.000000000000000,8371,4610144,2663,4103397,10818,8393014
347,11/25/2021 15:00:00,239,4289960,77.000000000000000,3783051,10.000000000000000,320433.000000000000000,249,4610393,87,4103484,326,8393340
348,11/26/2021 15:00:00,5653,4295613,3959.000000000000000,3787010,152.000000000000000,320585.000000000000000,5805,4616198,4111,4107595,9764,8403104
349,11/27/2021 15:00:00,3784,4299397,5472.000000000000000,3792482,134.000000000000000,320719.000000000000000,3918,4620116,5606,4113201,9390,8412494
350,11/28/2021 15:00:00,2413,4301810,6387.000000000000000,3798869,77.000000000000000,320796.000000000000000,2490,4622606,6464,4119665,8877,8421371
351,11/29/2021 15:00:00,6371,4308181,9283.000000000000000,3808152,379.000000000000000,321175.000000000000000,6750,4629356,9662,4129327,16033,8437404
352,11/30/2021 15:00:00,6253,4314434,9311.000000000000000,3817463,264.000000000000000,321439.000000000000000,6517,4635873,9575,4138902,15828,8453232
353,12/1/2021 15:00:00,7268,4321702,9669.000000000000000,3827132,308.000000000000000,321747.000000000000000,7576,4643449,9977,4148879,17245,8470477
354,12/2/2021 15:00:00,6915,4328617,8785.000000000000000,3835917,451.000000000000000,322198.000000000000000,7366,4650815,9236,4158115,16151,8486628
355,12/3/2021 15:00:00,7580,4336197,9253.000000000000000,3845170,249.000000000000000,322447.000000000000000,7829,4658644,9502,4167617,17082,8503710
356,12/4/2021 15:00:00,5948,4342145,10035.000000000000000,3855205,465.000000000000000,322912.000000000000000,6413,4665057,10500,4178117,16448,8520158
357,12/5/2021 15:00:00,3468,4345613,3287.000000000000000,3858492,78.000000000000000,322990.000000000000000,3546,4668603,3365,4181482,6833,8526991
358,12/6/2021 15:00:00,6755,4352368,7109.000000000000000,3865601,277.000000000000000,323267.000000000000000,7032,4675635,7386,4188868,14141,8541132
359,12/7/2021 15:00:00,6412,4358780,7022.000000000000000,3872623,249.000000000000000,323516.000000000000000,6661,4682296,7271,4196139,13683,8554815
360,12/8/2021 15:00:00,6930,4365710,7421.000000000000000,3880044,315.000000000000000,323831.000000000000000,7245,4689541,7736,4203875,14666,8569481
361,12/9/2021 15:00:00,6512,4372222,7002.000000000000000,3887046,398.000000000000000,324229.000000000000000,6910,4696451,7400,4211275,13912,8583393
362,12/10/2021 15:00:00,7266,4379488,7315.000000000000000,3894361,229.000000000000000,324458.000000000000000,7495,4703946,7544,4218819,14810,8598203
363,12/11/2021 15:00:00,4455,4383943,7664.000000000000000,3902025,333.000000000000000,324791.000000000000000,4788,4708734,7997,4226816,12452,8610655
364,12/12/2021 15:00:00,4002,4387945,2782.000000000000000,3904807,60.000000000000000,324851.000000000000000,4062,4712796,2842,4229658,6844,8617499
365,12/13/2021 15:00:00,5697,4393642,5761.000000000000000,3910568,243.000000000000000,325094.000000000000000,5940,4718736,6004,4235662,11701,8629200
366,12/14/2021 15:00:00,6449,4400091,5925.000000000000000,3916493,221.000000000000000,325315.000000000000000,6670,4725406,6146,4241808,12595,8641795
367,12/15/2021 15:00:00,7138,4407229,5685.000000000000000,3922178,252.000000000000000,325567.000000000000000,7390,4732796,5937,4247745,13075,8654870
368,12/16/2021 15:00:00,7848,4415077,2811.000000000000000,3924989,420.000000000000000,325987.000000000000000,8268,4741064,3231,4250976,11079,8665949
369,12/17/2021 15:00:00,7799,4422876,4152.000000000000000,3929141,195.000000000000000,326182.000000000000000,7994,4749058,4347,4255323,12146,8678095
370,12/18/2021 15:00:00,5824,4428700,3189.000000000000000,3932330,298.000000000000000,326480.000000000000000,6122,4755180,3487,4258810,9311,8687406
371,12/19/2021 15:00:00,3381,4432081,1342.000000000000000,3933672,36.000000000000000,326516.000000000000000,3417,4758597,1378,4260188,4759,8692165
372,12/20/2021 15:00:00,8061,4440142,3754.000000000000000,3937426,173.000000000000000,326689.000000000000000,8234,4766831,3927,4264115,11988,8704153
373,12/21/2021 15:00:00,8985,4449127,4148.000000000000000,3941574,173.000000000000000,326862.000000000000000,9158,4775989,4321,4268436,13306,8717459
374,12/22/2021 15:00:00,8681,4457808,3856.000000000000000,3945430,184.000000000000000,327046.000000000000000,8865,4784854,4040,4272476,12721,8730180
375,12/23/2021 15:00:00,8398,4466206,3556.000000000000000,3948986,359.000000000000000,327405.000000000000000,8757,4793611,3915,4276391,12313,8742493
376,12/24/2021 15:00:00,1633,4467839,1007.000000000000000,3949993,39.000000000000000,327444.000000000000000,1672,4795283,1046,4277437,2679,8745172
377,12/25/2021 15:00:00,50,4467889,36.000000000000000,3950029,1.000000000000000,327445.000000000000000,51,4795334,37,4277474,87,8745259
378,12/26/2021 15:00:00,2521,4470410,1746.000000000000000,3951775,44.000000000000000,327489.000000000000000,2565,4797899,1790,4279264,4311,8749570
379,12/27/2021 15:00:00,7186,4477596,3991.000000000000000,3955766,296.000000000000000,327785.000000000000000,7482,4805381,4287,4283551,11473,8761043
380,12/28/2021 15:00:00,7886,4485482,3841.000000000000000,3959607,175.000000000000000,327960.000000000000000,8061,4813442,4016,4287567,11902,8772945
381,12/29/2021 15:00:00,8190,4493672,4018.000000000000000,3963625,155.000000000000000,328115.000000000000000,8345,4821787,4173,4291740,12363,8785308
382,12/30/2021 15:00:00,7457,4501129,3771.000000000000000,3967396,288.000000000000000,328403.000000000000000,7745,4829532,4059,4295799,11516,8796824
383,12/31/2021 15:00:00,2564,4503693,1524.000000000000000,3968920,90.000000000000000,328493.000000000000000,2654,4832186,1614,4297413,4178,8801002
384,1/1/2022 15:00:00,737,4504430,346.000000000000000,3969266,33.000000000000000,328526.000000000000000,770,4832956,379,4297792,1116,8802118
385,1/2/2022 15:00:00,2210,4506640,1646.000000000000000,3970912,47.000000000000000,328573.000000000000000,2257,4835213,1693,4299485,3903,8806021
386,1/3/2022 15:00:00,3394,4510034,2066.000000000000000,3972978,221.000000000000000,328794.000000000000000,3615,4838828,2287,4301772,5681,8811702
387,1/4/2022 15:00:00,5830,4515864,3460.000000000000000,3976438,162.000000000000000,328956.000000000000000,5992,4844820,3622,4305394,9452,8821154
388,1/5/2022 15:00:00,6824,4522688,4688.000000000000000,3981126,175.000000000000000,329131.000000000000000,6999,4851819,4863,4310257,11687,8832841
389,1/6/2022 15:00:00,6744,4529432,4807.000000000000000,3985933,263.000000000000000,329394.000000000000000,7007,4858826,5070,4315327,11814,8844655
390,1/7/2022 15:00:00,5942,4535374,3749.000000000000000,3989682,159.000000000000000,329553.000000000000000,6101,4864927,3908,4319235,9850,8854505
391,1/8/2022 15:00:00,4803,4540177,3910.000000000000000,3993592,79.000000000000000,329632.000000000000000,4882,4869809,3989,4323224,8792,8863297
392,1/9/2022 15:00:00,2757,4542934,2015.000000000000000,3995607,154.000000000000000,329786.000000000000000,2911,4872720,2169,4325393,4926,8868223
393,1/10/2022 15:00:00,6305,4549239,3836.000000000000000,3999443,155.000000000000000,329941.000000000000000,6460,4879180,3991,4329384,10296,8878519
394,1/11/2022 15:00:00,6537,4555776,4236.000000000000000,4003679,141.000000000000000,330082.000000000000000,6678,4885858,4377,4333761,10914,8889433
395,1/12/2022 15:00:00,6794,4562570,4443.000000000000000,4008122,225.000000000000000,330307.000000000000000,7019,4892877,4668,4338429,11462,8900895
396,1/13/2022 15:00:00,6589,4569159,4376.000000000000000,4012498,150.000000000000000,330457.000000000000000,6739,4899616,4526,4342955,11115,8912010
397,1/14/2022 15:00:00,7173,4576332,3269.000000000000000,4015767,252.000000000000000,330709.000000000000000,7425,4907041,3521,4346476,10694,8922704
398,1/15/2022 15:00:00,4251,4580583,1682.000000000000000,4017449,70.000000000000000,330779.000000000000000,4321,4911362,1752,4348228,6003,8928707
399,1/16/2022 15:00:00,2216,4582799,1318.000000000000000,4018767,116.000000000000000,330895.000000000000000,2332,4913694,1434,4349662,3650,8932357
400,1/17/2022 15:00:00,3608,4586407,2367.000000000000000,4021134,74.000000000000000,330969.000000000000000,3682,4917376,2441,4352103,6049,8938406
401,1/18/2022 15:00:00,5268,4591675,4170.000000000000000,4025304,102.000000000000000,331071.000000000000000,5370,4922746,4272,4356375,9540,8947946
402,1/19/2022 15:00:00,5272,4596947,4452.000000000000000,4029756,99.000000000000000,331170.000000000000000,5371,4928117,4551,4360926,9823,8957769
403,1/20/2022 15:00:00,4499,4601446,3587.000000000000000,4033343,176.000000000000000,331346.000000000000000,4675,4932792,3763,4364689,8262,8966031
404,1/21/2022 15:00:00,5558,4607004,2916.000000000000000,4036259,124.000000000000000,331470.000000000000000,5682,4938474,3040,4367729,8598,8974629
405,1/22/2022 15:00:00,3429,4610433,1716.000000000000000,4037975,134.000000000000000,331604.000000000000000,3563,4942037,1850,4369579,5279,8979908
406,1/23/2022 15:00:00,2029,4612462,1486.000000000000000,4039461,30.000000000000000,331634.000000000000000,2059,4944096,1516,4371095,3545,8983453
407,1/24/2022 15:00:00,4112,4616574,2765.000000000000000,4042226,88.000000000000000,331722.000000000000000,4200,4948296,2853,4373948,6965,8990418
408,1/25/2022 15:00:00,3781,4620355,3290.000000000000000,4045516,93.000000000000000,331815.000000000000000,3874,4952170,3383,4377331,7164,8997582
409,1/26/2022 15:00:00,3810,4624165,3648.000000000000000,4049164,93.000000000000000,331908.000000000000000,3903,4956073,3741,4381072,7551,9005133
410,1/27/2022 15:00:00,3698,4627863,3824.000000000000000,4052988,186.000000000000000,332094.000000000000000,3884,4959957,4010,4385082,7708,9012841
411,1/28/2022 15:00:00,3676,4631539,3113.000000000000000,4056101,74.000000000000000,332168.000000000000000,3750,4963707,3187,4388269,6863,9019704
412,1/29/2022 15:00:00,2189,4633728,2175.000000000000000,4058276,116.000000000000000,332284.000000000000000,2305,4966012,2291,4390560,4480,9024184
413,1/30/2022 15:00:00,1458,4635186,1567.000000000000000,4059843,16.000000000000000,332300.000000000000000,1474,4967486,1583,4392143,3041,9027225
414,1/31/2022 15:00:00,2883,4638069,3050.000000000000000,4062893,56.000000000000000,332356.000000000000000,2939,4970425,3106,4395249,5989,9033214
415,2/1/2022 15:00:00,2545,4640614,3243.000000000000000,4066136,70.000000000000000,332426.000000000000000,2615,4973040,3313,4398562,5858,9039072
416,2/2/2022 15:00:00,1519,4642133,2121.000000000000000,4068257,49.000000000000000,332475.000000000000000,1568,4974608,2170,4400732,3689,9042761