OBJECTID,VACCINATION_DATE,FirstDailyDose,FirstDoseCumulative,SecondDailyDose,SecondDoseCumulative,SingleDailyDose,SingleDoseCumulative,AtleastOneVaccine,AtleastOneVaccineCumulative,CompletedVax,CompletedVaxCumulative,FirstSecondSingleVaccination_12,FirstSecondSingleVaccination_13
1,12/14/2020 15:00:00,17,1029,,389,,,17,1029,0,389,17,1335
2,12/15/2020 15:00:00,54,1083,2.000000000000000,391,,,54,1083,2,391,56,1391
3,12/16/2020 15:00:00,577,1660,2.000000000000000,393,,,577,1660,2,393,579,1970
4,12/17/2020 15:00:00,1144,2804,2.000000000000000,395,,,1144,2804,2,395,1146,3116
5,12/18/2020 15:00:00,2992,5796,10.000000000000000,405,,,2992,5796,10,405,3002,6118
6,12/19/2020 15:00:00,919,6715,5.000000000000000,410,,,919,6715,5,410,924,7042
7,12/20/2020 15:00:00,339,7054,4.000000000000000,414,,,339,7054,4,414,343,7385
8,12/21/2020 15:00:00,3863,10917,21.000000000000000,435,,,3863,10917,21,435,3884,11269
9,12/22/2020 15:00:00,6296,17213,20.000000000000000,455,,,6296,17213,20,455,6316,17585
10,12/23/2020 15:00:00,5737,22950,31.000000000000000,486,,,5737,22950,31,486,5768,23353
11,12/24/2020 15:00:00,2716,25666,12.000000000000000,498,,,2716,25666,12,498,2728,26081
12,12/25/2020 15:00:00,1034,26700,3.000000000000000,501,,,1034,26700,3,501,1037,27118
13,12/26/2020 15:00:00,1872,28572,9.000000000000000,510,,,1872,28572,9,510,1881,28999
14,12/27/2020 15:00:00,1794,30366,10.000000000000000,520,,,1794,30366,10,520,1804,30803
15,12/28/2020 15:00:00,8956,39322,39.000000000000000,559,,,8956,39322,39,559,8995,39798
16,12/29/2020 15:00:00,10922,50244,44.000000000000000,603,,,10922,50244,44,603,10966,50764
17,12/30/2020 15:00:00,12461,62705,68.000000000000000,671,,,12461,62705,68,671,12529,63293
18,12/31/2020 15:00:00,7516,70221,35.000000000000000,706,,,7516,70221,35,706,7551,70844
19,1/1/2021 15:00:00,2665,72886,117.000000000000000,823,,,2665,72886,117,823,2782,73626
20,1/2/2021 15:00:00,2990,75876,34.000000000000000,857,,,2990,75876,34,857,3024,76650
21,1/3/2021 15:00:00,3373,79249,79.000000000000000,936,,,3373,79249,79,936,3452,80102
22,1/4/2021 15:00:00,13283,92532,320.000000000000000,1256,,,13283,92532,320,1256,13603,93705
23,1/5/2021 15:00:00,12412,104944,518.000000000000000,1774,,,12412,104944,518,1774,12930,106635
24,1/6/2021 15:00:00,15178,120122,842.000000000000000,2616,,,15178,120122,842,2616,16020,122655
25,1/7/2021 15:00:00,14953,135075,1735.000000000000000,4351,,,14953,135075,1735,4351,16688,139343
26,1/8/2021 15:00:00,23955,159030,2731.000000000000000,7082,,,23955,159030,2731,7082,26686,166029
27,1/9/2021 15:00:00,5134,164164,938.000000000000000,8020,,,5134,164164,938,8020,6072,172101
28,1/10/2021 15:00:00,2930,167094,370.000000000000000,8390,,,2930,167094,370,8390,3300,175401
29,1/11/2021 15:00:00,13678,180772,3438.000000000000000,11828,,,13678,180772,3438,11828,17116,192517
30,1/12/2021 15:00:00,17306,198078,5559.000000000000000,17387,,,17306,198078,5559,17387,22865,215382
31,1/13/2021 15:00:00,18507,216585,3864.000000000000000,21251,,,18507,216585,3864,21251,22371,237753
32,1/14/2021 15:00:00,17779,234364,1924.000000000000000,23175,,,17779,234364,1924,23175,19703,257456
33,1/15/2021 15:00:00,19384,253748,1975.000000000000000,25150,,,19384,253748,1975,25150,21359,278815
34,1/16/2021 15:00:00,5789,259537,1597.000000000000000,26747,,,5789,259537,1597,26747,7386,286201
35,1/17/2021 15:00:00,2104,261641,1470.000000000000000,28217,,,2104,261641,1470,28217,3574,289775
36,1/18/2021 15:00:00,7039,268680,3234.000000000000000,31451,,,7039,268680,3234,31451,10273,300048
37,1/19/2021 15:00:00,16880,285560,5370.000000000000000,36821,,,16880,285560,5370,36821,22250,322298
38,1/20/2021 15:00:00,20963,306523,5257.000000000000000,42078,,,20963,306523,5257,42078,26220,348518
39,1/21/2021 15:00:00,23712,330235,3772.000000000000000,45850,,,23712,330235,3772,45850,27484,376002
40,1/22/2021 15:00:00,28615,358850,3680.000000000000000,49530,,,28615,358850,3680,49530,32295,408297
41,1/23/2021 15:00:00,10069,368919,1909.000000000000000,51439,,,10069,368919,1909,51439,11978,420275
42,1/24/2021 15:00:00,3339,372258,1707.000000000000000,53146,,,3339,372258,1707,53146,5046,425321
43,1/25/2021 15:00:00,16259,388517,8527.000000000000000,61673,,,16259,388517,8527,61673,24786,450107
44,1/26/2021 15:00:00,17522,406039,8923.000000000000000,70596,,,17522,406039,8923,70596,26445,476552
45,1/27/2021 15:00:00,24410,430449,12487.000000000000000,83083,,,24410,430449,12487,83083,36897,513449
46,1/28/2021 15:00:00,22619,453068,9247.000000000000000,92330,,,22619,453068,9247,92330,31866,545315
47,1/29/2021 15:00:00,24723,477791,7839.000000000000000,100169,,,24723,477791,7839,100169,32562,577877
48,1/30/2021 15:00:00,17746,495537,2504.000000000000000,102673,,,17746,495537,2504,102673,20250,598127
49,1/31/2021 15:00:00,3746,499283,1320.000000000000000,103993,,,3746,499283,1320,103993,5066,603193
50,2/1/2021 15:00:00,7651,506934,5125.000000000000000,109118,,,7651,506934,5125,109118,12776,615969
51,2/2/2021 15:00:00,12416,519350,13736.000000000000000,122854,,,12416,519350,13736,122854,26152,642121
52,2/3/2021 15:00:00,18172,537522,18055.000000000000000,140909,,,18172,537522,18055,140909,36227,678348
53,2/4/2021 15:00:00,22035,559557,15685.000000000000000,156594,,,22035,559557,15685,156594,37720,716068
54,2/5/2021 15:00:00,20242,579799,17333.000000000000000,173927,,,20242,579799,17333,173927,37575,753643
55,2/6/2021 15:00:00,11261,591060,14421.000000000000000,188348,,,11261,591060,14421,188348,25682,779325
56,2/7/2021 15:00:00,5906,596966,1787.000000000000000,190135,,,5906,596966,1787,190135,7693,787018
57,2/8/2021 15:00:00,12922,609888,12862.000000000000000,202997,,,12922,609888,12862,202997,25784,812802
58,2/9/2021 15:00:00,16579,626467,13800.000000000000000,216797,,,16579,626467,13800,216797,30379,843181
59,2/10/2021 15:00:00,19221,645688,21158.000000000000000,237955,,,19221,645688,21158,237955,40379,883560
60,2/11/2021 15:00:00,22829,668517,17259.000000000000000,255214,,,22829,668517,17259,255214,40088,923648
61,2/12/2021 15:00:00,20331,688848,19559.000000000000000,274773,,,20331,688848,19559,274773,39890,963538
62,2/13/2021 15:00:00,11383,700231,6366.000000000000000,281139,,,11383,700231,6366,281139,17749,981287
63,2/14/2021 15:00:00,7092,707323,2092.000000000000000,283231,,,7092,707323,2092,283231,9184,990471
64,2/15/2021 15:00:00,11723,719046,13251.000000000000000,296482,,,11723,719046,13251,296482,24974,1015445
65,2/16/2021 15:00:00,16548,735594,20955.000000000000000,317437,,,16548,735594,20955,317437,37503,1052948
66,2/17/2021 15:00:00,20606,756200,26320.000000000000000,343757,,,20606,756200,26320,343757,46926,1099874
67,2/18/2021 15:00:00,3171,759371,4580.000000000000000,348337,,,3171,759371,4580,348337,7751,1107625
68,2/19/2021 15:00:00,10217,769588,19880.000000000000000,368217,,,10217,769588,19880,368217,30097,1137722
69,2/20/2021 15:00:00,10277,779865,20236.000000000000000,388453,,,10277,779865,20236,388453,30513,1168235
70,2/21/2021 15:00:00,6147,786012,7611.000000000000000,396064,,,6147,786012,7611,396064,13758,1181993
71,2/22/2021 15:00:00,7993,794005,15421.000000000000000,411485,,,7993,794005,15421,411485,23414,1205407
72,2/23/2021 15:00:00,15492,809497,15895.000000000000000,427380,,,15492,809497,15895,427380,31387,1236794
73,2/24/2021 15:00:00,17896,827393,24689.000000000000000,452069,,,17896,827393,24689,452069,42585,1279379
74,2/25/2021 15:00:00,20361,847754,26463.000000000000000,478532,,,20361,847754,26463,478532,46824,1326203
75,2/26/2021 15:00:00,26674,874428,26103.000000000000000,504635,,,26674,874428,26103,504635,52777,1378980
76,2/27/2021 15:00:00,15946,890374,11083.000000000000000,515718,,,15946,890374,11083,515718,27029,1406009
77,2/28/2021 15:00:00,15484,905858,4833.000000000000000,520551,,,15484,905858,4833,520551,20317,1426326
78,3/1/2021 15:00:00,26157,932015,12358.000000000000000,532909,,,26157,932015,12358,532909,38515,1464841
79,3/2/2021 15:00:00,23795,955810,13197.000000000000000,546106,31.000000000000000,31.000000000000000,23826,955841,13228,546137,37023,1501864
80,3/3/2021 15:00:00,30019,985829,18317.000000000000000,564423,179.000000000000000,210.000000000000000,30198,986039,18496,564633,48515,1550379
81,3/4/2021 15:00:00,30906,1016735,18107.000000000000000,582530,4064.000000000000000,4274.000000000000000,34970,1021009,22171,586804,53077,1603456
82,3/5/2021 15:00:00,29367,1046102,19388.000000000000000,601918,4911.000000000000000,9185.000000000000000,34278,1055287,24299,611103,53666,1657122
83,3/6/2021 15:00:00,17807,1063909,8927.000000000000000,610845,6004.000000000000000,15189.000000000000000,23811,1079098,14931,626034,32738,1689860
84,3/7/2021 15:00:00,12090,1075999,4817.000000000000000,615662,6610.000000000000000,21799.000000000000000,18700,1097798,11427,637461,23517,1713377
85,3/8/2021 15:00:00,25798,1101797,8762.000000000000000,624424,8278.000000000000000,30077.000000000000000,34076,1131874,17040,654501,42838,1756215
86,3/9/2021 15:00:00,26044,1127841,15376.000000000000000,639800,8342.000000000000000,38419.000000000000000,34386,1166260,23718,678219,49762,1805977
87,3/10/2021 15:00:00,29778,1157619,15899.000000000000000,655699,7935.000000000000000,46354.000000000000000,37713,1203973,23834,702053,53612,1859589
88,3/11/2021 15:00:00,35886,1193505,16366.000000000000000,672065,3982.000000000000000,50336.000000000000000,39868,1243841,20348,722401,56234,1915823
89,3/12/2021 15:00:00,36841,1230346,17996.000000000000000,690061,2924.000000000000000,53260.000000000000000,39765,1283606,20920,743321,57761,1973584
90,3/13/2021 15:00:00,22624,1252970,10224.000000000000000,700285,1604.000000000000000,54864.000000000000000,24228,1307834,11828,755149,34452,2008036
91,3/14/2021 15:00:00,17822,1270792,6665.000000000000000,706950,996.000000000000000,55860.000000000000000,18818,1326652,7661,762810,25483,2033519
92,3/15/2021 15:00:00,29729,1300521,11210.000000000000000,718160,593.000000000000000,56453.000000000000000,30322,1356974,11803,774613,41532,2075051
93,3/16/2021 15:00:00,33347,1333868,13494.000000000000000,731654,762.000000000000000,57215.000000000000000,34109,1391083,14256,788869,47603,2122654
94,3/17/2021 15:00:00,37499,1371367,16942.000000000000000,748596,1174.000000000000000,58389.000000000000000,38673,1429756,18116,806985,55615,2178269
95,3/18/2021 15:00:00,41335,1412702,12536.000000000000000,761132,1348.000000000000000,59737.000000000000000,42683,1472439,13884,820869,55219,2233488
96,3/19/2021 15:00:00,38231,1450933,15334.000000000000000,776466,1034.000000000000000,60771.000000000000000,39265,1511704,16368,837237,54599,2288087
97,3/20/2021 15:00:00,24630,1475563,10058.000000000000000,786524,692.000000000000000,61463.000000000000000,25322,1537026,10750,847987,35380,2323467
98,3/21/2021 15:00:00,19119,1494682,7808.000000000000000,794332,332.000000000000000,61795.000000000000000,19451,1556477,8140,856127,27259,2350726
99,3/22/2021 15:00:00,32502,1527184,11406.000000000000000,805738,833.000000000000000,62628.000000000000000,33335,1589812,12239,868366,44741,2395467
100,3/23/2021 15:00:00,37696,1564880,17254.000000000000000,822992,1552.000000000000000,64180.000000000000000,39248,1629060,18806,887172,56502,2451969
101,3/24/2021 15:00:00,40996,1605876,21096.000000000000000,844088,1378.000000000000000,65558.000000000000000,42374,1671434,22474,909646,63470,2515439
102,3/25/2021 15:00:00,42272,1648148,20932.000000000000000,865020,2456.000000000000000,68014.000000000000000,44728,1716162,23388,933034,65660,2581099
103,3/26/2021 15:00:00,36539,1684687,26191.000000000000000,891211,2500.000000000000000,70514.000000000000000,39039,1755201,28691,961725,65230,2646329
104,3/27/2021 15:00:00,26887,1711574,16728.000000000000000,907939,2482.000000000000000,72996.000000000000000,29369,1784570,19210,980935,46097,2692426
105,3/28/2021 15:00:00,16995,1728569,12586.000000000000000,920525,1613.000000000000000,74609.000000000000000,18608,1803178,14199,995134,31194,2723620
106,3/29/2021 15:00:00,29663,1758232,26169.000000000000000,946694,1138.000000000000000,75747.000000000000000,30801,1833979,27307,1022441,56970,2780590
107,3/30/2021 15:00:00,39968,1798200,28873.000000000000000,975567,1853.000000000000000,77600.000000000000000,41821,1875800,30726,1053167,70694,2851284
108,3/31/2021 15:00:00,40975,1839175,34531.000000000000000,1010098,5746.000000000000000,83346.000000000000000,46721,1922521,40277,1093444,81252,2932536
109,4/1/2021 15:00:00,40785,1879960,39659.000000000000000,1049757,5618.000000000000000,88964.000000000000000,46403,1968924,45277,1138721,86062,3018598
110,4/2/2021 15:00:00,34906,1914866,32430.000000000000000,1082187,6107.000000000000000,95071.000000000000000,41013,2009937,38537,1177258,73443,3092041
111,4/3/2021 15:00:00,21584,1936450,18638.000000000000000,1100825,4364.000000000000000,99435.000000000000000,25948,2035885,23002,1200260,44586,3136627
112,4/4/2021 15:00:00,8227,1944677,10149.000000000000000,1110974,961.000000000000000,100396.000000000000000,9188,2045073,11110,1211370,19337,3155964
113,4/5/2021 15:00:00,27836,1972513,28787.000000000000000,1139761,6644.000000000000000,107040.000000000000000,34480,2079553,35431,1246801,63267,3219231
114,4/6/2021 15:00:00,39695,2012208,30336.000000000000000,1170097,10481.000000000000000,117521.000000000000000,50176,2129729,40817,1287618,80512,3299743
115,4/7/2021 15:00:00,35979,2048187,34113.000000000000000,1204210,12961.000000000000000,130482.000000000000000,48940,2178669,47074,1334692,83053,3382796
116,4/8/2021 15:00:00,42224,2090411,35931.000000000000000,1240141,13843.000000000000000,144325.000000000000000,56067,2234736,49774,1384466,91998,3474794
117,4/9/2021 15:00:00,33959,2124370,36217.000000000000000,1276358,14517.000000000000000,158842.000000000000000,48476,2283212,50734,1435200,84693,3559487
118,4/10/2021 15:00:00,23415,2147785,23063.000000000000000,1299421,7616.000000000000000,166458.000000000000000,31031,2314243,30679,1465879,54094,3613581
119,4/11/2021 15:00:00,17542,2165327,13245.000000000000000,1312666,10122.000000000000000,176580.000000000000000,27664,2341907,23367,1489246,40909,3654490
120,4/12/2021 15:00:00,24537,2189864,33074.000000000000000,1345740,10885.000000000000000,187465.000000000000000,35422,2377329,43959,1533205,68496,3722986
121,4/13/2021 15:00:00,126733,2316597,90508.000000000000000,1436248,3292.000000000000000,190757.000000000000000,130025,2507354,93800,1627005,220533,3943519
122,4/14/2021 15:00:00,40659,2357256,37688.000000000000000,1473936,209.000000000000000,190966.000000000000000,40868,2548222,37897,1664902,78556,4022075
123,4/15/2021 15:00:00,41642,2398898,39075.000000000000000,1513011,173.000000000000000,191139.000000000000000,41815,2590037,39248,1704150,80890,4102965
124,4/16/2021 15:00:00,37164,2436062,38654.000000000000000,1551665,23.000000000000000,191162.000000000000000,37187,2627224,38677,1742827,75841,4178806
125,4/17/2021 15:00:00,32755,2468817,21944.000000000000000,1573609,12.000000000000000,191174.000000000000000,32767,2659991,21956,1764783,54711,4233517
126,4/18/2021 15:00:00,20053,2488870,16156.000000000000000,1589765,5.000000000000000,191179.000000000000000,20058,2680049,16161,1780944,36214,4269731
127,4/19/2021 15:00:00,29856,2518726,36443.000000000000000,1626208,61.000000000000000,191240.000000000000000,29917,2709966,36504,1817448,66360,4336091
128,4/20/2021 15:00:00,33067,2551793,44102.000000000000000,1670310,54.000000000000000,191294.000000000000000,33121,2743087,44156,1861604,77223,4413314
129,4/21/2021 15:00:00,39753,2591546,46847.000000000000000,1717157,22.000000000000000,191316.000000000000000,39775,2782862,46869,1908473,86622,4499936
130,4/22/2021 15:00:00,36356,2627902,41907.000000000000000,1759064,16.000000000000000,191332.000000000000000,36372,2819234,41923,1950396,78279,4578215
131,4/23/2021 15:00:00,33064,2660966,39934.000000000000000,1798998,13.000000000000000,191345.000000000000000,33077,2852311,39947,1990343,73011,4651226
132,4/24/2021 15:00:00,26377,2687343,27793.000000000000000,1826791,80.000000000000000,191425.000000000000000,26457,2878768,27873,2018216,54250,4705476
133,4/25/2021 15:00:00,20209,2707552,10905.000000000000000,1837696,30.000000000000000,191455.000000000000000,20239,2899007,10935,2029151,31144,4736620
134,4/26/2021 15:00:00,27384,2734936,32561.000000000000000,1870257,203.000000000000000,191658.000000000000000,27587,2926594,32764,2061915,60148,4796768
135,4/27/2021 15:00:00,26687,2761623,32906.000000000000000,1903163,1096.000000000000000,192754.000000000000000,27783,2954377,34002,2095917,60689,4857457
136,4/28/2021 15:00:00,28897,2790520,39378.000000000000000,1942541,1362.000000000000000,194116.000000000000000,30259,2984636,40740,2136657,69637,4927094
137,4/29/2021 15:00:00,27285,2817805,39315.000000000000000,1981856,1462.000000000000000,195578.000000000000000,28747,3013383,40777,2177434,68062,4995156
138,4/30/2021 15:00:00,28156,2845961,32069.000000000000000,2013925,1642.000000000000000,197220.000000000000000,29798,3043181,33711,2211145,61867,5057023
139,5/1/2021 15:00:00,20414,2866375,26337.000000000000000,2040262,1024.000000000000000,198244.000000000000000,21438,3064619,27361,2238506,47775,5104798
140,5/2/2021 15:00:00,10266,2876641,16994.000000000000000,2057256,818.000000000000000,199062.000000000000000,11084,3075703,17812,2256318,28078,5132876
141,5/3/2021 15:00:00,12717,2889358,28367.000000000000000,2085623,1908.000000000000000,200970.000000000000000,14625,3090328,30275,2286593,42992,5175868
142,5/4/2021 15:00:00,13523,2902881,38351.000000000000000,2123974,1732.000000000000000,202702.000000000000000,15255,3105583,40083,2326676,53606,5229474
143,5/5/2021 15:00:00,19305,2922186,37621.000000000000000,2161595,1919.000000000000000,204621.000000000000000,21224,3126807,39540,2366216,58845,5288319
144,5/6/2021 15:00:00,16909,2939095,40478.000000000000000,2202073,1714.000000000000000,206335.000000000000000,18623,3145430,42192,2408408,59101,5347420
145,5/7/2021 15:00:00,17368,2956463,35933.000000000000000,2238006,1955.000000000000000,208290.000000000000000,19323,3164753,37888,2446296,55256,5402676
146,5/8/2021 15:00:00,10771,2967234,31139.000000000000000,2269145,1291.000000000000000,209581.000000000000000,12062,3176815,32430,2478726,43201,5445877
147,5/9/2021 15:00:00,5046,2972280,11883.000000000000000,2281028,695.000000000000000,210276.000000000000000,5741,3182556,12578,2491304,17624,5463501
148,5/10/2021 15:00:00,8931,2981211,30955.000000000000000,2311983,1357.000000000000000,211633.000000000000000,10288,3192844,32312,2523616,41243,5504744
149,5/11/2021 15:00:00,12176,2993387,30189.000000000000000,2342172,1435.000000000000000,213068.000000000000000,13611,3206455,31624,2555240,43800,5548544
150,5/12/2021 15:00:00,13927,3007314,38501.000000000000000,2380673,1914.000000000000000,214982.000000000000000,15841,3222296,40415,2595655,54342,5602886
151,5/13/2021 15:00:00,21804,3029118,33364.000000000000000,2414037,1346.000000000000000,216328.000000000000000,23150,3245446,34710,2630365,56514,5659400
152,5/14/2021 15:00:00,24323,3053441,29916.000000000000000,2443953,1770.000000000000000,218098.000000000000000,26093,3271539,31686,2662051,56009,5715409
153,5/15/2021 15:00:00,21874,3075315,25025.000000000000000,2468978,1489.000000000000000,219587.000000000000000,23363,3294902,26514,2688565,48388,5763797
154,5/16/2021 15:00:00,9065,3084380,17517.000000000000000,2486495,1111.000000000000000,220698.000000000000000,10176,3305078,18628,2707193,27693,5791490
155,5/17/2021 15:00:00,16821,3101201,28270.000000000000000,2514765,1948.000000000000000,222646.000000000000000,18769,3323847,30218,2737411,47039,5838529
156,5/18/2021 15:00:00,21233,3122434,30607.000000000000000,2545372,1942.000000000000000,224588.000000000000000,23175,3347022,32549,2769960,53782,5892311
157,5/19/2021 15:00:00,27571,3150005,32320.000000000000000,2577692,1622.000000000000000,226210.000000000000000,29193,3376215,33942,2803902,61513,5953824
158,5/20/2021 15:00:00,20781,3170786,33147.000000000000000,2610839,1963.000000000000000,228173.000000000000000,22744,3398959,35110,2839012,55891,6009715
159,5/21/2021 15:00:00,19137,3189923,30180.000000000000000,2641019,1606.000000000000000,229779.000000000000000,20743,3419702,31786,2870798,50923,6060638
160,5/22/2021 15:00:00,16897,3206820,20618.000000000000000,2661637,1269.000000000000000,231048.000000000000000,18166,3437868,21887,2892685,38784,6099422
161,5/23/2021 15:00:00,8749,3215569,11415.000000000000000,2673052,963.000000000000000,232011.000000000000000,9712,3447580,12378,2905063,21127,6120549
162,5/24/2021 15:00:00,13561,3229130,17695.000000000000000,2690747,1476.000000000000000,233487.000000000000000,15037,3462617,19171,2924234,32732,6153281
163,5/25/2021 15:00:00,13007,3242137,18618.000000000000000,2709365,1327.000000000000000,234814.000000000000000,14334,3476951,19945,2944179,32952,6186233
164,5/26/2021 15:00:00,18262,3260399,19399.000000000000000,2728764,1507.000000000000000,236321.000000000000000,19769,3496720,20906,2965085,39168,6225401
165,5/27/2021 15:00:00,11682,3272081,18599.000000000000000,2747363,1115.000000000000000,237436.000000000000000,12797,3509517,19714,2984799,31396,6256797
166,5/28/2021 15:00:00,12514,3284595,19684.000000000000000,2767047,1395.000000000000000,238831.000000000000000,13909,3523426,21079,3005878,33593,6290390
167,5/29/2021 15:00:00,9549,3294144,11614.000000000000000,2778661,934.000000000000000,239765.000000000000000,10483,3533909,12548,3018426,22097,6312487
168,5/30/2021 15:00:00,4969,3299113,6407.000000000000000,2785068,597.000000000000000,240362.000000000000000,5566,3539475,7004,3025430,11973,6324460
169,5/31/2021 15:00:00,1773,3300886,3699.000000000000000,2788767,305.000000000000000,240667.000000000000000,2078,3541553,4004,3029434,5777,6330237
170,6/1/2021 15:00:00,9762,3310648,16244.000000000000000,2805011,1149.000000000000000,241816.000000000000000,10911,3552464,17393,3046827,27155,6357392
171,6/2/2021 15:00:00,10220,3320868,16760.000000000000000,2821771,958.000000000000000,242774.000000000000000,11178,3563642,17718,3064545,27938,6385330
172,6/3/2021 15:00:00,7896,3328764,21118.000000000000000,2842889,1085.000000000000000,243859.000000000000000,8981,3572623,22203,3086748,30099,6415429
173,6/4/2021 15:00:00,8216,3336980,22218.000000000000000,2865107,1121.000000000000000,244980.000000000000000,9337,3581960,23339,3110087,31555,6446984
174,6/5/2021 15:00:00,7010,3343990,19393.000000000000000,2884500,718.000000000000000,245698.000000000000000,7728,3589688,20111,3130198,27121,6474105
175,6/6/2021 15:00:00,3468,3347458,7199.000000000000000,2891699,422.000000000000000,246120.000000000000000,3890,3593578,7621,3137819,11089,6485194
176,6/7/2021 15:00:00,6847,3354305,15716.000000000000000,2907415,724.000000000000000,246844.000000000000000,7571,3601149,16440,3154259,23287,6508481
177,6/8/2021 15:00:00,6672,3360977,19646.000000000000000,2927061,817.000000000000000,247661.000000000000000,7489,3608638,20463,3174722,27135,6535616
178,6/9/2021 15:00:00,8196,3369173,23877.000000000000000,2950938,968.000000000000000,248629.000000000000000,9164,3617802,24845,3199567,33041,6568657
179,6/10/2021 15:00:00,7164,3376337,19053.000000000000000,2969991,894.000000000000000,249523.000000000000000,8058,3625860,19947,3219514,27111,6595768
180,6/11/2021 15:00:00,7444,3383781,17669.000000000000000,2987660,1125.000000000000000,250648.000000000000000,8569,3634429,18794,3238308,26238,6622006
181,6/12/2021 15:00:00,5236,3389017,14706.000000000000000,3002366,604.000000000000000,251252.000000000000000,5840,3640269,15310,3253618,20546,6642552
182,6/13/2021 15:00:00,1932,3390949,7551.000000000000000,3009917,425.000000000000000,251677.000000000000000,2357,3642626,7976,3261594,9908,6652460
183,6/14/2021 15:00:00,5653,3396602,11801.000000000000000,3021718,728.000000000000000,252405.000000000000000,6381,3649007,12529,3274123,18182,6670642
184,6/15/2021 15:00:00,5639,3402241,14275.000000000000000,3035993,869.000000000000000,253274.000000000000000,6508,3655515,15144,3289267,20783,6691425
185,6/16/2021 15:00:00,8747,3410988,21531.000000000000000,3057524,757.000000000000000,254031.000000000000000,9504,3665019,22288,3311555,31035,6722460
186,6/17/2021 15:00:00,6675,3417663,12322.000000000000000,3069846,718.000000000000000,254749.000000000000000,7393,3672412,13040,3324595,19715,6742175
187,6/18/2021 15:00:00,6829,3424492,12689.000000000000000,3082535,704.000000000000000,255453.000000000000000,7533,3679945,13393,3337988,20222,6762397
188,6/19/2021 15:00:00,4656,3429148,9348.000000000000000,3091883,614.000000000000000,256067.000000000000000,5270,3685215,9962,3347950,14618,6777015
189,6/20/2021 15:00:00,2499,3431647,5031.000000000000000,3096914,378.000000000000000,256445.000000000000000,2877,3688092,5409,3353359,7908,6784923
190,6/21/2021 15:00:00,5546,3437193,5305.000000000000000,3102219,636.000000000000000,257081.000000000000000,6182,3694274,5941,3359300,11487,6796410
191,6/22/2021 15:00:00,5189,3442382,8828.000000000000000,3111047,681.000000000000000,257762.000000000000000,5870,3700144,9509,3368809,14698,6811108
192,6/23/2021 15:00:00,6055,3448437,10282.000000000000000,3121329,642.000000000000000,258404.000000000000000,6697,3706841,10924,3379733,16979,6828087
193,6/24/2021 15:00:00,5920,3454357,8170.000000000000000,3129499,593.000000000000000,258997.000000000000000,6513,3713354,8763,3388496,14683,6842770
194,6/25/2021 15:00:00,5825,3460182,8603.000000000000000,3138102,620.000000000000000,259617.000000000000000,6445,3719799,9223,3397719,15048,6857818
195,6/26/2021 15:00:00,3699,3463881,6284.000000000000000,3144386,396.000000000000000,260013.000000000000000,4095,3723894,6680,3404399,10379,6868197
196,6/27/2021 15:00:00,2798,3466679,3509.000000000000000,3147895,183.000000000000000,260196.000000000000000,2981,3726875,3692,3408091,6490,6874687
197,6/28/2021 15:00:00,4728,3471407,6074.000000000000000,3153969,521.000000000000000,260717.000000000000000,5249,3732124,6595,3414686,11323,6886010
198,6/29/2021 15:00:00,5055,3476462,6427.000000000000000,3160396,517.000000000000000,261234.000000000000000,5572,3737696,6944,3421630,11999,6898009
199,6/30/2021 15:00:00,5597,3482059,7354.000000000000000,3167750,602.000000000000000,261836.000000000000000,6199,3743895,7956,3429586,13553,6911562
200,7/1/2021 15:00:00,5323,3487382,6897.000000000000000,3174647,489.000000000000000,262325.000000000000000,5812,3749707,7386,3436972,12709,6924271
201,7/2/2021 15:00:00,5283,3492665,6795.000000000000000,3181442,519.000000000000000,262844.000000000000000,5802,3755509,7314,3444286,12597,6936868
202,7/3/2021 15:00:00,3258,3495923,4044.000000000000000,3185486,260.000000000000000,263104.000000000000000,3518,3759027,4304,3448590,7562,6944430
203,7/4/2021 15:00:00,494,3496417,541.000000000000000,3186027,66.000000000000000,263170.000000000000000,560,3759587,607,3449197,1101,6945531
204,7/5/2021 15:00:00,3749,3500166,3939.000000000000000,3189966,282.000000000000000,263452.000000000000000,4031,3763618,4221,3453418,7970,6953501
205,7/6/2021 15:00:00,4473,3504639,6218.000000000000000,3196184,450.000000000000000,263902.000000000000000,4923,3768541,6668,3460086,11141,6964642
206,7/7/2021 15:00:00,4451,3509090,6366.000000000000000,3202550,483.000000000000000,264385.000000000000000,4934,3773475,6849,3466935,11300,6975942
207,7/8/2021 15:00:00,4827,3513917,6118.000000000000000,3208668,563.000000000000000,264948.000000000000000,5390,3778865,6681,3473616,11508,6987450
208,7/9/2021 15:00:00,5348,3519265,6601.000000000000000,3215269,572.000000000000000,265520.000000000000000,5920,3784785,7173,3480789,12521,6999971
209,7/10/2021 15:00:00,3516,3522781,4368.000000000000000,3219637,301.000000000000000,265821.000000000000000,3817,3788602,4669,3485458,8185,7008156
210,7/11/2021 15:00:00,2663,3525444,2551.000000000000000,3222188,222.000000000000000,266043.000000000000000,2885,3791487,2773,3488231,5436,7013592
211,7/12/2021 15:00:00,4406,3529850,5087.000000000000000,3227275,374.000000000000000,266417.000000000000000,4780,3796267,5461,3493692,9867,7023459
212,7/13/2021 15:00:00,4743,3534593,4580.000000000000000,3231855,364.000000000000000,266781.000000000000000,5107,3801374,4944,3498636,9687,7033146
213,7/14/2021 15:00:00,4600,3539193,5239.000000000000000,3237094,422.000000000000000,267203.000000000000000,5022,3806396,5661,3504297,10261,7043407
214,7/15/2021 15:00:00,4870,3544063,4963.000000000000000,3242057,356.000000000000000,267559.000000000000000,5226,3811622,5319,3509616,10189,7053596
215,7/16/2021 15:00:00,6270,3550333,5801.000000000000000,3247858,401.000000000000000,267960.000000000000000,6671,3818293,6202,3515818,12472,7066068
216,7/17/2021 15:00:00,3403,3553736,3538.000000000000000,3251396,299.000000000000000,268259.000000000000000,3702,3821995,3837,3519655,7240,7073308
217,7/18/2021 15:00:00,2299,3556035,2363.000000000000000,3253759,110.000000000000000,268369.000000000000000,2409,3824404,2473,3522128,4772,7078080
218,7/19/2021 15:00:00,5243,3561278,4458.000000000000000,3258217,376.000000000000000,268745.000000000000000,5619,3830023,4834,3526962,10077,7088157
219,7/20/2021 15:00:00,5323,3566601,4679.000000000000000,3262896,366.000000000000000,269111.000000000000000,5689,3835712,5045,3532007,10368,7098525
220,7/21/2021 15:00:00,5629,3572230,4890.000000000000000,3267786,415.000000000000000,269526.000000000000000,6044,3841756,5305,3537312,10934,7109459
221,7/22/2021 15:00:00,6005,3578235,4595.000000000000000,3272381,468.000000000000000,269994.000000000000000,6473,3848229,5063,3542375,11068,7120527
222,7/23/2021 15:00:00,6825,3585060,4805.000000000000000,3277186,489.000000000000000,270483.000000000000000,7314,3855543,5294,3547669,12119,7132646
223,7/24/2021 15:00:00,4276,3589336,3187.000000000000000,3280373,267.000000000000000,270750.000000000000000,4543,3860086,3454,3551123,7730,7140376
224,7/25/2021 15:00:00,3291,3592627,1105.000000000000000,3281478,138.000000000000000,270888.000000000000000,3429,3863515,1243,3552366,4534,7144910
225,7/26/2021 15:00:00,6196,3598823,3877.000000000000000,3285355,413.000000000000000,271301.000000000000000,6609,3870124,4290,3556656,10486,7155396
226,7/27/2021 15:00:00,6340,3605163,4034.000000000000000,3289389,453.000000000000000,271754.000000000000000,6793,3876917,4487,3561143,10827,7166223
227,7/28/2021 15:00:00,6796,3611959,3987.000000000000000,3293376,458.000000000000000,272212.000000000000000,7254,3884171,4445,3565588,11241,7177464
228,7/29/2021 15:00:00,6804,3618763,4126.000000000000000,3297502,414.000000000000000,272626.000000000000000,7218,3891389,4540,3570128,11344,7188808
229,7/30/2021 15:00:00,7519,3626282,4495.000000000000000,3301997,521.000000000000000,273147.000000000000000,8040,3899429,5016,3575144,12535,7201343
230,7/31/2021 15:00:00,4778,3631060,3026.000000000000000,3305023,272.000000000000000,273419.000000000000000,5050,3904479,3298,3578442,8076,7209419
231,8/1/2021 15:00:00,3794,3634854,2094.000000000000000,3307117,157.000000000000000,273576.000000000000000,3951,3908430,2251,3580693,6045,7215464
232,8/2/2021 15:00:00,7005,3641859,3619.000000000000000,3310736,335.000000000000000,273911.000000000000000,7340,3915770,3954,3584647,10959,7226423
233,8/3/2021 15:00:00,6988,3648847,3889.000000000000000,3314625,506.000000000000000,274417.000000000000000,7494,3923264,4395,3589042,11383,7237806
234,8/4/2021 15:00:00,7155,3656002,3879.000000000000000,3318504,528.000000000000000,274945.000000000000000,7683,3930947,4407,3593449,11562,7249368
235,8/5/2021 15:00:00,7661,3663663,4093.000000000000000,3322597,535.000000000000000,275480.000000000000000,8196,3939143,4628,3598077,12289,7261657
236,8/6/2021 15:00:00,8281,3671944,4674.000000000000000,3327271,449.000000000000000,275929.000000000000000,8730,3947873,5123,3603200,13404,7275061
237,8/7/2021 15:00:00,5240,3677184,2785.000000000000000,3330056,264.000000000000000,276193.000000000000000,5504,3953377,3049,3606249,8289,7283350
238,8/8/2021 15:00:00,3948,3681132,2033.000000000000000,3332089,141.000000000000000,276334.000000000000000,4089,3957466,2174,3608423,6122,7289472
239,8/9/2021 15:00:00,6909,3688041,4491.000000000000000,3336580,364.000000000000000,276698.000000000000000,7273,3964739,4855,3613278,11764,7301236
240,8/10/2021 15:00:00,7110,3695151,4424.000000000000000,3341004,336.000000000000000,277034.000000000000000,7446,3972185,4760,3618038,11870,7313106
241,8/11/2021 15:00:00,7024,3702175,4411.000000000000000,3345415,438.000000000000000,277472.000000000000000,7462,3979647,4849,3622887,11873,7324979
242,8/12/2021 15:00:00,8560,3710735,4693.000000000000000,3350108,441.000000000000000,277913.000000000000000,9001,3988648,5134,3628021,13694,7338673
243,8/13/2021 15:00:00,7108,3717843,5319.000000000000000,3355427,389.000000000000000,278302.000000000000000,7497,3996145,5708,3633729,12816,7351489
244,8/14/2021 15:00:00,4914,3722757,3325.000000000000000,3358752,285.000000000000000,278587.000000000000000,5199,4001344,3610,3637339,8524,7360013
245,8/15/2021 15:00:00,3314,3726071,2722.000000000000000,3361474,164.000000000000000,278751.000000000000000,3478,4004822,2886,3640225,6200,7366213
246,8/16/2021 15:00:00,5413,3731484,5058.000000000000000,3366532,349.000000000000000,279100.000000000000000,5762,4010584,5407,3645632,10820,7377033
247,8/17/2021 15:00:00,6936,3738420,5162.000000000000000,3371694,387.000000000000000,279487.000000000000000,7323,4017907,5549,3651181,12485,7389518
248,8/18/2021 15:00:00,6502,3744922,5268.000000000000000,3376962,472.000000000000000,279959.000000000000000,6974,4024881,5740,3656921,12242,7401760
249,8/19/2021 15:00:00,5973,3750895,5301.000000000000000,3382263,410.000000000000000,280369.000000000000000,6383,4031264,5711,3662632,11684,7413444
250,8/20/2021 15:00:00,7024,3757919,6292.000000000000000,3388555,401.000000000000000,280770.000000000000000,7425,4038689,6693,3669325,13717,7427161
251,8/21/2021 15:00:00,4311,3762230,3898.000000000000000,3392453,225.000000000000000,280995.000000000000000,4536,4043225,4123,3673448,8434,7435595
252,8/22/2021 15:00:00,3061,3765291,3154.000000000000000,3395607,109.000000000000000,281104.000000000000000,3170,4046395,3263,3676711,6324,7441919
253,8/23/2021 15:00:00,6151,3771442,5898.000000000000000,3401505,285.000000000000000,281389.000000000000000,6436,4052831,6183,3682894,12334,7454253
254,8/24/2021 15:00:00,6633,3778075,5850.000000000000000,3407355,423.000000000000000,281812.000000000000000,7056,4059887,6273,3689167,12906,7467159
255,8/25/2021 15:00:00,6882,3784957,5987.000000000000000,3413342,438.000000000000000,282250.000000000000000,7320,4067207,6425,3695592,13307,7480466
256,8/26/2021 15:00:00,7163,3792120,6405.000000000000000,3419747,427.000000000000000,282677.000000000000000,7590,4074797,6832,3702424,13995,7494461
257,8/27/2021 15:00:00,6849,3798969,6997.000000000000000,3426744,315.000000000000000,282992.000000000000000,7164,4081961,7312,3709736,14161,7508622
258,8/28/2021 15:00:00,6897,3805866,6470.000000000000000,3433214,326.000000000000000,283318.000000000000000,7223,4089184,6796,3716532,13693,7522315
259,8/29/2021 15:00:00,3741,3809607,3668.000000000000000,3436882,611.000000000000000,283929.000000000000000,4352,4093536,4279,3720811,8020,7530335
260,8/30/2021 15:00:00,5940,3815547,6073.000000000000000,3442955,959.000000000000000,284888.000000000000000,6899,4100435,7032,3727843,12972,7543307
261,8/31/2021 15:00:00,5685,3821232,5902.000000000000000,3448857,945.000000000000000,285833.000000000000000,6630,4107065,6847,3734690,12532,7555839
262,9/1/2021 15:00:00,5533,3826765,5556.000000000000000,3454413,905.000000000000000,286738.000000000000000,6438,4113503,6461,3741151,11994,7567833
263,9/2/2021 15:00:00,5535,3832300,5865.000000000000000,3460278,700.000000000000000,287438.000000000000000,6235,4119738,6565,3747716,12100,7579933
264,9/3/2021 15:00:00,5984,3838284,6865.000000000000000,3467143,971.000000000000000,288409.000000000000000,6955,4126693,7836,3755552,13820,7593753
265,9/4/2021 15:00:00,3713,3841997,4313.000000000000000,3471456,875.000000000000000,289284.000000000000000,4588,4131281,5188,3760740,8901,7602654
266,9/5/2021 15:00:00,2948,3844945,2789.000000000000000,3474245,104.000000000000000,289388.000000000000000,3052,4134333,2893,3763633,5841,7608495
267,9/6/2021 15:00:00,1048,3845993,1137.000000000000000,3475382,62.000000000000000,289450.000000000000000,1110,4135443,1199,3764832,2247,7610742
268,9/7/2021 15:00:00,5293,3851286,7233.000000000000000,3482615,2303.000000000000000,291753.000000000000000,7596,4143039,9536,3774368,14829,7625571
269,9/8/2021 15:00:00,4658,3855944,5429.000000000000000,3488044,365.000000000000000,292118.000000000000000,5023,4148062,5794,3780162,10452,7636023
270,9/9/2021 15:00:00,5064,3861008,5336.000000000000000,3493380,322.000000000000000,292440.000000000000000,5386,4153448,5658,3785820,10722,7646745
271,9/10/2021 15:00:00,6526,3867534,6574.000000000000000,3499954,1712.000000000000000,294152.000000000000000,8238,4161686,8286,3794106,14812,7661557
272,9/11/2021 15:00:00,4041,3871575,4308.000000000000000,3504262,663.000000000000000,294815.000000000000000,4704,4166390,4971,3799077,9012,7670569
273,9/12/2021 15:00:00,3065,3874640,3225.000000000000000,3507487,436.000000000000000,295251.000000000000000,3501,4169891,3661,3802738,6726,7677295
274,9/13/2021 15:00:00,4663,3879303,4816.000000000000000,3512303,345.000000000000000,295596.000000000000000,5008,4174899,5161,3807899,9824,7687119
275,9/14/2021 15:00:00,4575,3883878,5177.000000000000000,3517480,432.000000000000000,296028.000000000000000,5007,4179906,5609,3813508,10184,7697303
276,9/15/2021 15:00:00,4821,3888699,5580.000000000000000,3523060,387.000000000000000,296415.000000000000000,5208,4185114,5967,3819475,10788,7708091
277,9/16/2021 15:00:00,4587,3893286,5583.000000000000000,3528643,331.000000000000000,296746.000000000000000,4918,4190032,5914,3825389,10501,7718592
278,9/17/2021 15:00:00,5035,3898321,6311.000000000000000,3534954,341.000000000000000,297087.000000000000000,5376,4195408,6652,3832041,11687,7730279
279,9/18/2021 15:00:00,3772,3902093,4554.000000000000000,3539508,185.000000000000000,297272.000000000000000,3957,4199365,4739,3836780,8511,7738790
280,9/19/2021 15:00:00,2728,3904821,3150.000000000000000,3542658,75.000000000000000,297347.000000000000000,2803,4202168,3225,3840005,5953,7744743
281,9/20/2021 15:00:00,3537,3908358,4452.000000000000000,3547110,427.000000000000000,297774.000000000000000,3964,4206132,4879,3844884,8416,7753159
282,9/21/2021 15:00:00,3781,3912139,4792.000000000000000,3551902,325.000000000000000,298099.000000000000000,4106,4210238,5117,3850001,8898,7762057
283,9/22/2021 15:00:00,4187,3916326,4733.000000000000000,3556635,459.000000000000000,298558.000000000000000,4646,4214884,5192,3855193,9379,7771436
284,9/23/2021 15:00:00,4171,3920497,4681.000000000000000,3561316,489.000000000000000,299047.000000000000000,4660,4219544,5170,3860363,9341,7780777
285,9/24/2021 15:00:00,5058,3925555,5552.000000000000000,3566868,422.000000000000000,299469.000000000000000,5480,4225024,5974,3866337,11032,7791809
286,9/25/2021 15:00:00,3623,3929178,3620.000000000000000,3570488,384.000000000000000,299853.000000000000000,4007,4229031,4004,3870341,7627,7799436
287,9/26/2021 15:00:00,2359,3931537,2634.000000000000000,3573122,421.000000000000000,300274.000000000000000,2780,4231811,3055,3873396,5414,7804850
288,9/27/2021 15:00:00,4494,3936031,2674.000000000000000,3575796,507.000000000000000,300781.000000000000000,5001,4236812,3181,3876577,7675,7812525
289,9/28/2021 15:00:00,4384,3940415,4367.000000000000000,3580163,211.000000000000000,300992.000000000000000,4595,4241407,4578,3881155,8962,7821487
290,9/29/2021 15:00:00,4693,3945108,4474.000000000000000,3584637,918.000000000000000,301910.000000000000000,5611,4247018,5392,3886547,10085,7831572
291,9/30/2021 15:00:00,4867,3949975,4524.000000000000000,3589161,791.000000000000000,302701.000000000000000,5658,4252676,5315,3891862,10182,7841754
292,10/1/2021 15:00:00,5412,3955387,5253.000000000000000,3594414,778.000000000000000,303479.000000000000000,6190,4258866,6031,3897893,11443,7853197
293,10/2/2021 15:00:00,2936,3958323,2882.000000000000000,3597296,187.000000000000000,303666.000000000000000,3123,4261989,3069,3900962,6005,7859202
294,10/3/2021 15:00:00,2053,3960376,2176.000000000000000,3599472,86.000000000000000,303752.000000000000000,2139,4264128,2262,3903224,4315,7863517
295,10/4/2021 15:00:00,4144,3964520,3355.000000000000000,3602827,233.000000000000000,303985.000000000000000,4377,4268505,3588,3906812,7732,7871249
296,10/5/2021 15:00:00,4050,3968570,3553.000000000000000,3606380,204.000000000000000,304189.000000000000000,4254,4272759,3757,3910569,7807,7879056
297,10/6/2021 15:00:00,4114,3972684,3464.000000000000000,3609844,263.000000000000000,304452.000000000000000,4377,4277136,3727,3914296,7841,7886897
298,10/7/2021 15:00:00,4348,3977032,3487.000000000000000,3613331,329.000000000000000,304781.000000000000000,4677,4281813,3816,3918112,8164,7895061
299,10/8/2021 15:00:00,4909,3981941,4093.000000000000000,3617424,281.000000000000000,305062.000000000000000,5190,4287003,4374,3922486,9283,7904344
300,10/9/2021 15:00:00,2678,3984619,2662.000000000000000,3620086,270.000000000000000,305332.000000000000000,2948,4289951,2932,3925418,5610,7909954
301,10/10/2021 15:00:00,1862,3986481,1839.000000000000000,3621925,59.000000000000000,305391.000000000000000,1921,4291872,1898,3927316,3760,7913714
302,10/11/2021 15:00:00,4358,3990839,3177.000000000000000,3625102,246.000000000000000,305637.000000000000000,4604,4296476,3423,3930739,7781,7921495
303,10/12/2021 15:00:00,3717,3994556,3279.000000000000000,3628381,268.000000000000000,305905.000000000000000,3985,4300461,3547,3934286,7264,7928759
304,10/13/2021 15:00:00,3965,3998521,3418.000000000000000,3631799,343.000000000000000,306248.000000000000000,4308,4304769,3761,3938047,7726,7936485
305,10/14/2021 15:00:00,5143,4003664,5432.000000000000000,3637231,424.000000000000000,306672.000000000000000,5567,4310336,5856,3943903,10999,7947484
306,10/15/2021 15:00:00,4703,4008367,4536.000000000000000,3641767,345.000000000000000,307017.000000000000000,5048,4315384,4881,3948784,9584,7957068
307,10/16/2021 15:00:00,2487,4010854,2481.000000000000000,3644248,287.000000000000000,307304.000000000000000,2774,4318158,2768,3951552,5255,7962323
308,10/17/2021 15:00:00,1799,4012653,1767.000000000000000,3646015,53.000000000000000,307357.000000000000000,1852,4320010,1820,3953372,3619,7965942
309,10/18/2021 15:00:00,4289,4016942,3540.000000000000000,3649555,266.000000000000000,307623.000000000000000,4555,4324565,3806,3957178,8095,7974037
310,10/19/2021 15:00:00,4304,4021246,4012.000000000000000,3653567,221.000000000000000,307844.000000000000000,4525,4329090,4233,3961411,8537,7982574
311,10/20/2021 15:00:00,3510,4024756,3396.000000000000000,3656963,253.000000000000000,308097.000000000000000,3763,4332853,3649,3965060,7159,7989733
312,10/21/2021 15:00:00,3292,4028048,3228.000000000000000,3660191,290.000000000000000,308387.000000000000000,3582,4336435,3518,3968578,6810,7996543
313,10/22/2021 15:00:00,4687,4032735,3994.000000000000000,3664185,475.000000000000000,308862.000000000000000,5162,4341597,4469,3973047,9156,8005699
314,10/23/2021 15:00:00,2901,4035636,2117.000000000000000,3666302,321.000000000000000,309183.000000000000000,3222,4344819,2438,3975485,5339,8011038
315,10/24/2021 15:00:00,2043,4037679,1548.000000000000000,3667850,77.000000000000000,309260.000000000000000,2120,4346939,1625,3977110,3668,8014706
316,10/25/2021 15:00:00,4511,4042190,3063.000000000000000,3670913,314.000000000000000,309574.000000000000000,4825,4351764,3377,3980487,7888,8022594
317,10/26/2021 15:00:00,4491,4046681,3110.000000000000000,3674023,308.000000000000000,309882.000000000000000,4799,4356563,3418,3983905,7909,8030503
318,10/27/2021 15:00:00,4681,4051362,3333.000000000000000,3677356,427.000000000000000,310309.000000000000000,5108,4361671,3760,3987665,8441,8038944
319,10/28/2021 15:00:00,4518,4055880,3372.000000000000000,3680728,493.000000000000000,310802.000000000000000,5011,4366682,3865,3991530,8383,8047327
320,10/29/2021 15:00:00,4925,4060805,3861.000000000000000,3684589,388.000000000000000,311190.000000000000000,5313,4371995,4249,3995779,9174,8056501
321,10/30/2021 15:00:00,2617,4063422,1826.000000000000000,3686415,306.000000000000000,311496.000000000000000,2923,4374918,2132,3997911,4749,8061250
322,10/31/2021 15:00:00,1928,4065350,1490.000000000000000,3687905,93.000000000000000,311589.000000000000000,2021,4376939,1583,3999494,3511,8064761
323,11/1/2021 15:00:00,4521,4069871,3406.000000000000000,3691311,329.000000000000000,311918.000000000000000,4850,4381789,3735,4003229,8256,8073017
324,11/2/2021 15:00:00,4202,4074073,2986.000000000000000,3694297,393.000000000000000,312311.000000000000000,4595,4386384,3379,4006608,7581,8080598
325,11/3/2021 15:00:00,4540,4078613,3089.000000000000000,3697386,447.000000000000000,312758.000000000000000,4987,4391371,3536,4010144,8076,8088674
326,11/4/2021 15:00:00,5933,4084546,3371.000000000000000,3700757,506.000000000000000,313264.000000000000000,6439,4397810,3877,4014021,9810,8098484
327,11/5/2021 15:00:00,7710,4092256,3783.000000000000000,3704540,401.000000000000000,313665.000000000000000,8111,4405921,4184,4018205,11894,8110378
328,11/6/2021 15:00:00,9770,4102026,1949.000000000000000,3706489,297.000000000000000,313962.000000000000000,10067,4415988,2246,4020451,12016,8122394
329,11/7/2021 15:00:00,7338,4109364,1385.000000000000000,3707874,90.000000000000000,314052.000000000000000,7428,4423416,1475,4021926,8813,8131207
330,11/8/2021 15:00:00,10985,4120349,3028.000000000000000,3710902,355.000000000000000,314407.000000000000000,11340,4434756,3383,4025309,14368,8145575
331,11/9/2021 15:00:00,11196,4131545,2609.000000000000000,3713511,244.000000000000000,314651.000000000000000,11440,4446196,2853,4028162,14049,8159624
332,11/10/2021 15:00:00,11890,4143435,2689.000000000000000,3716200,312.000000000000000,314963.000000000000000,12202,4458398,3001,4031163,14891,8174515
333,11/11/2021 15:00:00,10508,4153943,2316.000000000000000,3718516,262.000000000000000,315225.000000000000000,10770,4469168,2578,4033741,13086,8187601
334,11/12/2021 15:00:00,10570,4164513,3200.000000000000000,3721716,506.000000000000000,315731.000000000000000,11076,4480244,3706,4037447,14276,8201877
335,11/13/2021 15:00:00,7861,4172374,1431.000000000000000,3723147,318.000000000000000,316049.000000000000000,8179,4488423,1749,4039196,9610,8211487
336,11/14/2021 15:00:00,1220,4173594,402.000000000000000,3723549,79.000000000000000,316128.000000000000000,1299,4489722,481,4039677,1701,8213188