OBJECTID,VACCINATION_DATE,FirstDailyDose,FirstDoseCumulative,SecondDailyDose,SecondDoseCumulative,SingleDailyDose,SingleDoseCumulative,AtleastOneVaccine,AtleastOneVaccineCumulative,CompletedVax,CompletedVaxCumulative,FirstSecondSingleVaccination_12,FirstSecondSingleVaccination_13
1,12/14/2020 15:00:00,14,691,,262,,,14,691,0,262,14,876
2,12/15/2020 15:00:00,39,730,2.000000000000000,264,,,39,730,2,264,41,917
3,12/16/2020 15:00:00,568,1298,1.000000000000000,265,,,568,1298,1,265,569,1486
4,12/17/2020 15:00:00,1116,2414,2.000000000000000,267,,,1116,2414,2,267,1118,2604
5,12/18/2020 15:00:00,2978,5392,8.000000000000000,275,,,2978,5392,8,275,2986,5590
6,12/19/2020 15:00:00,912,6304,4.000000000000000,279,,,912,6304,4,279,916,6506
7,12/20/2020 15:00:00,311,6615,3.000000000000000,282,,,311,6615,3,282,314,6820
8,12/21/2020 15:00:00,3829,10444,11.000000000000000,293,,,3829,10444,11,293,3840,10660
9,12/22/2020 15:00:00,6295,16739,9.000000000000000,302,,,6295,16739,9,302,6304,16964
10,12/23/2020 15:00:00,5699,22438,21.000000000000000,323,,,5699,22438,21,323,5720,22684
11,12/24/2020 15:00:00,2695,25133,8.000000000000000,331,,,2695,25133,8,331,2703,25387
12,12/25/2020 15:00:00,1032,26165,3.000000000000000,334,,,1032,26165,3,334,1035,26422
13,12/26/2020 15:00:00,1848,28013,6.000000000000000,340,,,1848,28013,6,340,1854,28276
14,12/27/2020 15:00:00,1780,29793,8.000000000000000,348,,,1780,29793,8,348,1788,30064
15,12/28/2020 15:00:00,8897,38690,29.000000000000000,377,,,8897,38690,29,377,8926,38990
16,12/29/2020 15:00:00,10883,49573,21.000000000000000,398,,,10883,49573,21,398,10904,49894
17,12/30/2020 15:00:00,12410,61983,48.000000000000000,446,,,12410,61983,48,446,12458,62352
18,12/31/2020 15:00:00,7481,69464,24.000000000000000,470,,,7481,69464,24,470,7505,69857
19,1/1/2021 15:00:00,2174,71638,76.000000000000000,546,,,2174,71638,76,546,2250,72107
20,1/2/2021 15:00:00,2922,74560,29.000000000000000,575,,,2922,74560,29,575,2951,75058
21,1/3/2021 15:00:00,3337,77897,75.000000000000000,650,,,3337,77897,75,650,3412,78470
22,1/4/2021 15:00:00,13183,91080,289.000000000000000,939,,,13183,91080,289,939,13472,91942
23,1/5/2021 15:00:00,12327,103407,489.000000000000000,1428,,,12327,103407,489,1428,12816,104758
24,1/6/2021 15:00:00,15079,118486,814.000000000000000,2242,,,15079,118486,814,2242,15893,120651
25,1/7/2021 15:00:00,14888,133374,1689.000000000000000,3931,,,14888,133374,1689,3931,16577,137228
26,1/8/2021 15:00:00,23864,157238,2700.000000000000000,6631,,,23864,157238,2700,6631,26564,163792
27,1/9/2021 15:00:00,5088,162326,924.000000000000000,7555,,,5088,162326,924,7555,6012,169804
28,1/10/2021 15:00:00,2874,165200,361.000000000000000,7916,,,2874,165200,361,7916,3235,173039
29,1/11/2021 15:00:00,13612,178812,3370.000000000000000,11286,,,13612,178812,3370,11286,16982,190021
30,1/12/2021 15:00:00,17202,196014,5537.000000000000000,16823,,,17202,196014,5537,16823,22739,212760
31,1/13/2021 15:00:00,18414,214428,3817.000000000000000,20640,,,18414,214428,3817,20640,22231,234991
32,1/14/2021 15:00:00,17728,232156,1886.000000000000000,22526,,,17728,232156,1886,22526,19614,254605
33,1/15/2021 15:00:00,19369,251525,1900.000000000000000,24426,,,19369,251525,1900,24426,21269,275874
34,1/16/2021 15:00:00,5729,257254,1561.000000000000000,25987,,,5729,257254,1561,25987,7290,283164
35,1/17/2021 15:00:00,2074,259328,1457.000000000000000,27444,,,2074,259328,1457,27444,3531,286695
36,1/18/2021 15:00:00,6985,266313,3210.000000000000000,30654,,,6985,266313,3210,30654,10195,296890
37,1/19/2021 15:00:00,17090,283403,5285.000000000000000,35939,,,17090,283403,5285,35939,22375,319265
38,1/20/2021 15:00:00,21157,304560,5195.000000000000000,41134,,,21157,304560,5195,41134,26352,345617
39,1/21/2021 15:00:00,23724,328284,3619.000000000000000,44753,,,23724,328284,3619,44753,27343,372960
40,1/22/2021 15:00:00,28762,357046,3530.000000000000000,48283,,,28762,357046,3530,48283,32292,405252
41,1/23/2021 15:00:00,9980,367026,1879.000000000000000,50162,,,9980,367026,1879,50162,11859,417111
42,1/24/2021 15:00:00,3297,370323,1688.000000000000000,51850,,,3297,370323,1688,51850,4985,422096
43,1/25/2021 15:00:00,16565,386888,8426.000000000000000,60276,,,16565,386888,8426,60276,24991,447087
44,1/26/2021 15:00:00,17827,404715,8839.000000000000000,69115,,,17827,404715,8839,69115,26666,473753
45,1/27/2021 15:00:00,24995,429710,12313.000000000000000,81428,,,24995,429710,12313,81428,37308,511061
46,1/28/2021 15:00:00,23237,452947,9147.000000000000000,90575,,,23237,452947,9147,90575,32384,543445
47,1/29/2021 15:00:00,25476,478423,7720.000000000000000,98295,,,25476,478423,7720,98295,33196,576641
48,1/30/2021 15:00:00,18381,496804,2445.000000000000000,100740,,,18381,496804,2445,100740,20826,597467
49,1/31/2021 15:00:00,4097,500901,1272.000000000000000,102012,,,4097,500901,1272,102012,5369,602836
50,2/1/2021 15:00:00,7364,508265,4798.000000000000000,106810,,,7364,508265,4798,106810,12162,614998
51,2/2/2021 15:00:00,12725,520990,13637.000000000000000,120447,,,12725,520990,13637,120447,26362,641360
52,2/3/2021 15:00:00,18604,539594,17991.000000000000000,138438,,,18604,539594,17991,138438,36595,677955
53,2/4/2021 15:00:00,22383,561977,15625.000000000000000,154063,,,22383,561977,15625,154063,38008,715963
54,2/5/2021 15:00:00,20464,582441,17311.000000000000000,171374,,,20464,582441,17311,171374,37775,753738
55,2/6/2021 15:00:00,12065,594506,14341.000000000000000,185715,,,12065,594506,14341,185715,26406,780144
56,2/7/2021 15:00:00,5934,600440,1738.000000000000000,187453,,,5934,600440,1738,187453,7672,787816
57,2/8/2021 15:00:00,13222,613662,13023.000000000000000,200476,,,13222,613662,13023,200476,26245,814061
58,2/9/2021 15:00:00,16624,630286,13930.000000000000000,214406,,,16624,630286,13930,214406,30554,844615
59,2/10/2021 15:00:00,19206,649492,21292.000000000000000,235698,,,19206,649492,21292,235698,40498,885113
60,2/11/2021 15:00:00,22814,672306,17432.000000000000000,253130,,,22814,672306,17432,253130,40246,925359
61,2/12/2021 15:00:00,20310,692616,19779.000000000000000,272909,,,20310,692616,19779,272909,40089,965448
62,2/13/2021 15:00:00,11333,703949,6308.000000000000000,279217,,,11333,703949,6308,279217,17641,983089
63,2/14/2021 15:00:00,7055,711004,2045.000000000000000,281262,,,7055,711004,2045,281262,9100,992189
64,2/15/2021 15:00:00,11659,722663,13139.000000000000000,294401,,,11659,722663,13139,294401,24798,1016987
65,2/16/2021 15:00:00,16527,739190,21600.000000000000000,316001,,,16527,739190,21600,316001,38127,1055114
66,2/17/2021 15:00:00,20573,759763,27063.000000000000000,343064,,,20573,759763,27063,343064,47636,1102750
67,2/18/2021 15:00:00,3139,762902,4695.000000000000000,347759,,,3139,762902,4695,347759,7834,1110584
68,2/19/2021 15:00:00,10230,773132,20336.000000000000000,368095,,,10230,773132,20336,368095,30566,1141150
69,2/20/2021 15:00:00,10277,783409,20783.000000000000000,388878,,,10277,783409,20783,388878,31060,1172210
70,2/21/2021 15:00:00,6137,789546,7883.000000000000000,396761,,,6137,789546,7883,396761,14020,1186230
71,2/22/2021 15:00:00,8057,797603,15803.000000000000000,412564,,,8057,797603,15803,412564,23860,1210090
72,2/23/2021 15:00:00,15540,813143,16412.000000000000000,428976,,,15540,813143,16412,428976,31952,1242042
73,2/24/2021 15:00:00,17929,831072,25096.000000000000000,454072,,,17929,831072,25096,454072,43025,1285067
74,2/25/2021 15:00:00,20355,851427,26813.000000000000000,480885,,,20355,851427,26813,480885,47168,1332235
75,2/26/2021 15:00:00,26767,878194,26370.000000000000000,507255,,,26767,878194,26370,507255,53137,1385372
76,2/27/2021 15:00:00,16060,894254,11646.000000000000000,518901,,,16060,894254,11646,518901,27706,1413078
77,2/28/2021 15:00:00,15466,909720,4766.000000000000000,523667,,,15466,909720,4766,523667,20232,1433310
78,3/1/2021 15:00:00,25416,935136,12284.000000000000000,535951,,,25416,935136,12284,535951,37700,1471010
79,3/2/2021 15:00:00,23890,959026,13223.000000000000000,549174,29.000000000000000,29.000000000000000,23919,959055,13252,549203,37142,1508152
80,3/3/2021 15:00:00,30069,989095,18260.000000000000000,567434,164.000000000000000,193.000000000000000,30233,989288,18424,567627,48493,1556645
81,3/4/2021 15:00:00,30996,1020091,18030.000000000000000,585464,4061.000000000000000,4254.000000000000000,35057,1024345,22091,589718,53087,1609732
82,3/5/2021 15:00:00,29461,1049552,19266.000000000000000,604730,4901.000000000000000,9155.000000000000000,34362,1058707,24167,613885,53628,1663360
83,3/6/2021 15:00:00,17713,1067265,8856.000000000000000,613586,5985.000000000000000,15140.000000000000000,23698,1082405,14841,628726,32554,1695914
84,3/7/2021 15:00:00,12043,1079308,4758.000000000000000,618344,6608.000000000000000,21748.000000000000000,18651,1101056,11366,640092,23409,1719323
85,3/8/2021 15:00:00,26108,1105416,8669.000000000000000,627013,8280.000000000000000,30028.000000000000000,34388,1135444,16949,657041,43057,1762380
86,3/9/2021 15:00:00,26319,1131735,15292.000000000000000,642305,8338.000000000000000,38366.000000000000000,34657,1170101,23630,680671,49949,1812329
87,3/10/2021 15:00:00,30050,1161785,15819.000000000000000,658124,7938.000000000000000,46304.000000000000000,37988,1208089,23757,704428,53807,1866136
88,3/11/2021 15:00:00,36123,1197908,16318.000000000000000,674442,4034.000000000000000,50338.000000000000000,40157,1248246,20352,724780,56475,1922611
89,3/12/2021 15:00:00,37110,1235018,17931.000000000000000,692373,2912.000000000000000,53250.000000000000000,40022,1288268,20843,745623,57953,1980564
90,3/13/2021 15:00:00,22552,1257570,10143.000000000000000,702516,1591.000000000000000,54841.000000000000000,24143,1312411,11734,757357,34286,2014850
91,3/14/2021 15:00:00,17831,1275401,6623.000000000000000,709139,990.000000000000000,55831.000000000000000,18821,1331232,7613,764970,25444,2040294
92,3/15/2021 15:00:00,29892,1305293,11243.000000000000000,720382,589.000000000000000,56420.000000000000000,30481,1361713,11832,776802,41724,2082018
93,3/16/2021 15:00:00,33550,1338843,13447.000000000000000,733829,764.000000000000000,57184.000000000000000,34314,1396027,14211,791013,47761,2129779
94,3/17/2021 15:00:00,37667,1376510,16872.000000000000000,750701,1179.000000000000000,58363.000000000000000,38846,1434873,18051,809064,55718,2185497
95,3/18/2021 15:00:00,41410,1417920,12516.000000000000000,763217,1349.000000000000000,59712.000000000000000,42759,1477632,13865,822929,55275,2240772
96,3/19/2021 15:00:00,38229,1456149,15509.000000000000000,778726,1039.000000000000000,60751.000000000000000,39268,1516900,16548,839477,54777,2295549
97,3/20/2021 15:00:00,24450,1480599,9941.000000000000000,788667,1117.000000000000000,61868.000000000000000,25567,1542467,11058,850535,35508,2331057
98,3/21/2021 15:00:00,19101,1499700,7742.000000000000000,796409,325.000000000000000,62193.000000000000000,19426,1561893,8067,858602,27168,2358225
99,3/22/2021 15:00:00,32571,1532271,11517.000000000000000,807926,825.000000000000000,63018.000000000000000,33396,1595289,12342,870944,44913,2403138
100,3/23/2021 15:00:00,37750,1570021,17363.000000000000000,825289,1538.000000000000000,64556.000000000000000,39288,1634577,18901,889845,56651,2459789
101,3/24/2021 15:00:00,41121,1611142,21036.000000000000000,846325,1371.000000000000000,65927.000000000000000,42492,1677069,22407,912252,63528,2523317
102,3/25/2021 15:00:00,42437,1653579,20911.000000000000000,867236,2514.000000000000000,68441.000000000000000,44951,1722020,23425,935677,65862,2589179
103,3/26/2021 15:00:00,36561,1690140,26240.000000000000000,893476,2498.000000000000000,70939.000000000000000,39059,1761079,28738,964415,65299,2654478
104,3/27/2021 15:00:00,27800,1717940,16804.000000000000000,910280,2763.000000000000000,73702.000000000000000,30563,1791642,19567,983982,47367,2701845
105,3/28/2021 15:00:00,16998,1734938,12525.000000000000000,922805,1611.000000000000000,75313.000000000000000,18609,1810251,14136,998118,31134,2732979
106,3/29/2021 15:00:00,29729,1764667,26400.000000000000000,949205,1134.000000000000000,76447.000000000000000,30863,1841114,27534,1025652,57263,2790242
107,3/30/2021 15:00:00,40031,1804698,29036.000000000000000,978241,1848.000000000000000,78295.000000000000000,41879,1882993,30884,1056536,70915,2861157
108,3/31/2021 15:00:00,41033,1845731,34727.000000000000000,1012968,5736.000000000000000,84031.000000000000000,46769,1929762,40463,1096999,81496,2942653
109,4/1/2021 15:00:00,40198,1885929,39392.000000000000000,1052360,5574.000000000000000,89605.000000000000000,45772,1975534,44966,1141965,85164,3027817
110,4/2/2021 15:00:00,34825,1920754,32622.000000000000000,1084982,6078.000000000000000,95683.000000000000000,40903,2016437,38700,1180665,73525,3101342
111,4/3/2021 15:00:00,21552,1942306,18566.000000000000000,1103548,4423.000000000000000,100106.000000000000000,25975,2042412,22989,1203654,44541,3145883
112,4/4/2021 15:00:00,8256,1950562,10121.000000000000000,1113669,954.000000000000000,101060.000000000000000,9210,2051622,11075,1214729,19331,3165214
113,4/5/2021 15:00:00,27913,1978475,28965.000000000000000,1142634,6631.000000000000000,107691.000000000000000,34544,2086166,35596,1250325,63509,3228723
114,4/6/2021 15:00:00,39854,2018329,30474.000000000000000,1173108,10468.000000000000000,118159.000000000000000,50322,2136488,40942,1291267,80796,3309519
115,4/7/2021 15:00:00,36126,2054455,34121.000000000000000,1207229,12931.000000000000000,131090.000000000000000,49057,2185545,47052,1338319,83178,3392697
116,4/8/2021 15:00:00,42383,2096838,35957.000000000000000,1243186,13849.000000000000000,144939.000000000000000,56232,2241777,49806,1388125,92189,3484886
117,4/9/2021 15:00:00,34090,2130928,36261.000000000000000,1279447,14482.000000000000000,159421.000000000000000,48572,2290349,50743,1438868,84833,3569719
118,4/10/2021 15:00:00,23986,2154914,22932.000000000000000,1302379,7614.000000000000000,167035.000000000000000,31600,2321949,30546,1469414,54532,3624251
119,4/11/2021 15:00:00,17538,2172452,13230.000000000000000,1315609,10620.000000000000000,177655.000000000000000,28158,2350107,23850,1493264,41388,3665639
120,4/12/2021 15:00:00,24679,2197131,33068.000000000000000,1348677,10933.000000000000000,188588.000000000000000,35612,2385719,44001,1537265,68680,3734319
121,4/13/2021 15:00:00,126910,2324041,90599.000000000000000,1439276,3292.000000000000000,191880.000000000000000,130202,2515921,93891,1631156,220801,3955120
122,4/14/2021 15:00:00,40792,2364833,37765.000000000000000,1477041,207.000000000000000,192087.000000000000000,40999,2556920,37972,1669128,78764,4033884
123,4/15/2021 15:00:00,41823,2406656,39101.000000000000000,1516142,168.000000000000000,192255.000000000000000,41991,2598911,39269,1708397,81092,4114976
124,4/16/2021 15:00:00,37347,2444003,38662.000000000000000,1554804,22.000000000000000,192277.000000000000000,37369,2636280,38684,1747081,76031,4191007
125,4/17/2021 15:00:00,32976,2476979,21880.000000000000000,1576684,11.000000000000000,192288.000000000000000,32987,2669267,21891,1768972,54867,4245874
126,4/18/2021 15:00:00,20007,2496986,16122.000000000000000,1592806,4.000000000000000,192292.000000000000000,20011,2689278,16126,1785098,36133,4282007
127,4/19/2021 15:00:00,29952,2526938,36479.000000000000000,1629285,61.000000000000000,192353.000000000000000,30013,2719291,36540,1821638,66492,4348499
128,4/20/2021 15:00:00,33083,2560021,44019.000000000000000,1673304,54.000000000000000,192407.000000000000000,33137,2752428,44073,1865711,77156,4425655
129,4/21/2021 15:00:00,39786,2599807,46785.000000000000000,1720089,19.000000000000000,192426.000000000000000,39805,2792233,46804,1912515,86590,4512245
130,4/22/2021 15:00:00,36416,2636223,41754.000000000000000,1761843,16.000000000000000,192442.000000000000000,36432,2828665,41770,1954285,78186,4590431
131,4/23/2021 15:00:00,33124,2669347,39860.000000000000000,1801703,12.000000000000000,192454.000000000000000,33136,2861801,39872,1994157,72996,4663427
132,4/24/2021 15:00:00,26349,2695696,28522.000000000000000,1830225,79.000000000000000,192533.000000000000000,26428,2888229,28601,2022758,54950,4718377
133,4/25/2021 15:00:00,20183,2715879,10858.000000000000000,1841083,30.000000000000000,192563.000000000000000,20213,2908442,10888,2033646,31071,4749448
134,4/26/2021 15:00:00,27404,2743283,32668.000000000000000,1873751,203.000000000000000,192766.000000000000000,27607,2936049,32871,2066517,60275,4809723
135,4/27/2021 15:00:00,26702,2769985,32924.000000000000000,1906675,1096.000000000000000,193862.000000000000000,27798,2963847,34020,2100537,60722,4870445
136,4/28/2021 15:00:00,28981,2798966,39411.000000000000000,1946086,1359.000000000000000,195221.000000000000000,30340,2994187,40770,2141307,69751,4940196
137,4/29/2021 15:00:00,27386,2826352,39254.000000000000000,1985340,1462.000000000000000,196683.000000000000000,28848,3023035,40716,2182023,68102,5008298
138,4/30/2021 15:00:00,28135,2854487,31947.000000000000000,2017287,1636.000000000000000,198319.000000000000000,29771,3052806,33583,2215606,61718,5070016
139,5/1/2021 15:00:00,20170,2874657,26467.000000000000000,2043754,1004.000000000000000,199323.000000000000000,21174,3073980,27471,2243077,47641,5117657
140,5/2/2021 15:00:00,10238,2884895,16967.000000000000000,2060721,818.000000000000000,200141.000000000000000,11056,3085036,17785,2260862,28023,5145680
141,5/3/2021 15:00:00,13040,2897935,29645.000000000000000,2090366,1913.000000000000000,202054.000000000000000,14953,3099989,31558,2292420,44598,5190278
142,5/4/2021 15:00:00,14184,2912119,39415.000000000000000,2129781,1727.000000000000000,203781.000000000000000,15911,3115900,41142,2333562,55326,5245604
143,5/5/2021 15:00:00,19286,2931405,37671.000000000000000,2167452,1912.000000000000000,205693.000000000000000,21198,3137098,39583,2373145,58869,5304473
144,5/6/2021 15:00:00,16974,2948379,40479.000000000000000,2207931,1709.000000000000000,207402.000000000000000,18683,3155781,42188,2415333,59162,5363635
145,5/7/2021 15:00:00,17395,2965774,35942.000000000000000,2243873,1946.000000000000000,209348.000000000000000,19341,3175122,37888,2453221,55283,5418918
146,5/8/2021 15:00:00,10774,2976548,31092.000000000000000,2274965,1289.000000000000000,210637.000000000000000,12063,3187185,32381,2485602,43155,5462073
147,5/9/2021 15:00:00,5051,2981599,11850.000000000000000,2286815,695.000000000000000,211332.000000000000000,5746,3192931,12545,2498147,17596,5479669
148,5/10/2021 15:00:00,8932,2990531,31074.000000000000000,2317889,1356.000000000000000,212688.000000000000000,10288,3203219,32430,2530577,41362,5521031
149,5/11/2021 15:00:00,12162,3002693,30219.000000000000000,2348108,1443.000000000000000,214131.000000000000000,13605,3216824,31662,2562239,43824,5564855
150,5/12/2021 15:00:00,13921,3016614,38491.000000000000000,2386599,1908.000000000000000,216039.000000000000000,15829,3232653,40399,2602638,54320,5619175
151,5/13/2021 15:00:00,21810,3038424,33353.000000000000000,2419952,1351.000000000000000,217390.000000000000000,23161,3255814,34704,2637342,56514,5675689
152,5/14/2021 15:00:00,24308,3062732,29872.000000000000000,2449824,1770.000000000000000,219160.000000000000000,26078,3281892,31642,2668984,55950,5731639
153,5/15/2021 15:00:00,21839,3084571,24957.000000000000000,2474781,1530.000000000000000,220690.000000000000000,23369,3305261,26487,2695471,48326,5779965
154,5/16/2021 15:00:00,9045,3093616,17475.000000000000000,2492256,1111.000000000000000,221801.000000000000000,10156,3315417,18586,2714057,27631,5807596
155,5/17/2021 15:00:00,16830,3110446,28323.000000000000000,2520579,1947.000000000000000,223748.000000000000000,18777,3334194,30270,2744327,47100,5854696
156,5/18/2021 15:00:00,21234,3131680,30644.000000000000000,2551223,1940.000000000000000,225688.000000000000000,23174,3357368,32584,2776911,53818,5908514
157,5/19/2021 15:00:00,27572,3159252,32300.000000000000000,2583523,1621.000000000000000,227309.000000000000000,29193,3386561,33921,2810832,61493,5970007
158,5/20/2021 15:00:00,20782,3180034,33203.000000000000000,2616726,1962.000000000000000,229271.000000000000000,22744,3409305,35165,2845997,55947,6025954
159,5/21/2021 15:00:00,19141,3199175,30162.000000000000000,2646888,1611.000000000000000,230882.000000000000000,20752,3430057,31773,2877770,50914,6076868
160,5/22/2021 15:00:00,16873,3216048,20552.000000000000000,2667440,1271.000000000000000,232153.000000000000000,18144,3448201,21823,2899593,38696,6115564
161,5/23/2021 15:00:00,8739,3224787,11378.000000000000000,2678818,957.000000000000000,233110.000000000000000,9696,3457897,12335,2911928,21074,6136638
162,5/24/2021 15:00:00,13438,3238225,17819.000000000000000,2696637,1479.000000000000000,234589.000000000000000,14917,3472814,19298,2931226,32736,6169374
163,5/25/2021 15:00:00,12885,3251110,18747.000000000000000,2715384,1328.000000000000000,235917.000000000000000,14213,3487027,20075,2951301,32960,6202334
164,5/26/2021 15:00:00,18179,3269289,19402.000000000000000,2734786,1509.000000000000000,237426.000000000000000,19688,3506715,20911,2972212,39090,6241424
165,5/27/2021 15:00:00,11676,3280965,18589.000000000000000,2753375,1131.000000000000000,238557.000000000000000,12807,3519522,19720,2991932,31396,6272820
166,5/28/2021 15:00:00,12526,3293491,19634.000000000000000,2773009,1401.000000000000000,239958.000000000000000,13927,3533449,21035,3012967,33561,6306381
167,5/29/2021 15:00:00,9538,3303029,11585.000000000000000,2784594,937.000000000000000,240895.000000000000000,10475,3543924,12522,3025489,22060,6328441
168,5/30/2021 15:00:00,4890,3307919,6456.000000000000000,2791050,596.000000000000000,241491.000000000000000,5486,3549410,7052,3032541,11942,6340383
169,5/31/2021 15:00:00,1770,3309689,3672.000000000000000,2794722,305.000000000000000,241796.000000000000000,2075,3551485,3977,3036518,5747,6346130
170,6/1/2021 15:00:00,9348,3319037,16469.000000000000000,2811191,1139.000000000000000,242935.000000000000000,10487,3561972,17608,3054126,26956,6373086
171,6/2/2021 15:00:00,10062,3329099,16747.000000000000000,2827938,957.000000000000000,243892.000000000000000,11019,3572991,17704,3071830,27766,6400852
172,6/3/2021 15:00:00,7886,3336985,21146.000000000000000,2849084,1082.000000000000000,244974.000000000000000,8968,3581959,22228,3094058,30114,6430966
173,6/4/2021 15:00:00,8193,3345178,22095.000000000000000,2871179,1123.000000000000000,246097.000000000000000,9316,3591275,23218,3117276,31411,6462377
174,6/5/2021 15:00:00,6988,3352166,19333.000000000000000,2890512,717.000000000000000,246814.000000000000000,7705,3598980,20050,3137326,27038,6489415
175,6/6/2021 15:00:00,3466,3355632,7156.000000000000000,2897668,417.000000000000000,247231.000000000000000,3883,3602863,7573,3144899,11039,6500454
176,6/7/2021 15:00:00,6815,3362447,15681.000000000000000,2913349,725.000000000000000,247956.000000000000000,7540,3610403,16406,3161305,23221,6523675
177,6/8/2021 15:00:00,6694,3369141,19633.000000000000000,2932982,815.000000000000000,248771.000000000000000,7509,3617912,20448,3181753,27142,6550817
178,6/9/2021 15:00:00,8114,3377255,23803.000000000000000,2956785,967.000000000000000,249738.000000000000000,9081,3626993,24770,3206523,32884,6583701
179,6/10/2021 15:00:00,7166,3384421,19024.000000000000000,2975809,896.000000000000000,250634.000000000000000,8062,3635055,19920,3226443,27086,6610787
180,6/11/2021 15:00:00,7388,3391809,17552.000000000000000,2993361,1123.000000000000000,251757.000000000000000,8511,3643566,18675,3245118,26063,6636850
181,6/12/2021 15:00:00,5237,3397046,14638.000000000000000,3007999,603.000000000000000,252360.000000000000000,5840,3649406,15241,3260359,20478,6657328
182,6/13/2021 15:00:00,1927,3398973,7527.000000000000000,3015526,426.000000000000000,252786.000000000000000,2353,3651759,7953,3268312,9880,6667208
183,6/14/2021 15:00:00,5653,3404626,11759.000000000000000,3027285,725.000000000000000,253511.000000000000000,6378,3658137,12484,3280796,18137,6685345
184,6/15/2021 15:00:00,5613,3410239,14265.000000000000000,3041550,857.000000000000000,254368.000000000000000,6470,3664607,15122,3295918,20735,6706080
185,6/16/2021 15:00:00,8676,3418915,21376.000000000000000,3062926,750.000000000000000,255118.000000000000000,9426,3674033,22126,3318044,30802,6736882
186,6/17/2021 15:00:00,6663,3425578,12317.000000000000000,3075243,720.000000000000000,255838.000000000000000,7383,3681416,13037,3331081,19700,6756582
187,6/18/2021 15:00:00,6804,3432382,12538.000000000000000,3087781,694.000000000000000,256532.000000000000000,7498,3688914,13232,3344313,20036,6776618
188,6/19/2021 15:00:00,4655,3437037,9326.000000000000000,3097107,614.000000000000000,257146.000000000000000,5269,3694183,9940,3354253,14595,6791213
189,6/20/2021 15:00:00,2502,3439539,5012.000000000000000,3102119,377.000000000000000,257523.000000000000000,2879,3697062,5389,3359642,7891,6799104
190,6/21/2021 15:00:00,5533,3445072,5279.000000000000000,3107398,635.000000000000000,258158.000000000000000,6168,3703230,5914,3365556,11447,6810551
191,6/22/2021 15:00:00,5173,3450245,8820.000000000000000,3116218,681.000000000000000,258839.000000000000000,5854,3709084,9501,3375057,14674,6825225
192,6/23/2021 15:00:00,6018,3456263,10181.000000000000000,3126399,639.000000000000000,259478.000000000000000,6657,3715741,10820,3385877,16838,6842063
193,6/24/2021 15:00:00,5907,3462170,8156.000000000000000,3134555,589.000000000000000,260067.000000000000000,6496,3722237,8745,3394622,14652,6856715
194,6/25/2021 15:00:00,5785,3467955,8531.000000000000000,3143086,619.000000000000000,260686.000000000000000,6404,3728641,9150,3403772,14935,6871650
195,6/26/2021 15:00:00,3693,3471648,6241.000000000000000,3149327,392.000000000000000,261078.000000000000000,4085,3732726,6633,3410405,10326,6881976
196,6/27/2021 15:00:00,2792,3474440,3520.000000000000000,3152847,182.000000000000000,261260.000000000000000,2974,3735700,3702,3414107,6494,6888470
197,6/28/2021 15:00:00,4705,3479145,6043.000000000000000,3158890,521.000000000000000,261781.000000000000000,5226,3740926,6564,3420671,11269,6899739
198,6/29/2021 15:00:00,5042,3484187,6465.000000000000000,3165355,517.000000000000000,262298.000000000000000,5559,3746485,6982,3427653,12024,6911763
199,6/30/2021 15:00:00,5564,3489751,7330.000000000000000,3172685,595.000000000000000,262893.000000000000000,6159,3752644,7925,3435578,13489,6925252
200,7/1/2021 15:00:00,5229,3494980,6862.000000000000000,3179547,481.000000000000000,263374.000000000000000,5710,3758354,7343,3442921,12572,6937824
201,7/2/2021 15:00:00,5237,3500217,6746.000000000000000,3186293,515.000000000000000,263889.000000000000000,5752,3764106,7261,3450182,12498,6950322
202,7/3/2021 15:00:00,3248,3503465,4052.000000000000000,3190345,260.000000000000000,264149.000000000000000,3508,3767614,4312,3454494,7560,6957882
203,7/4/2021 15:00:00,498,3503963,537.000000000000000,3190882,65.000000000000000,264214.000000000000000,563,3768177,602,3455096,1100,6958982
204,7/5/2021 15:00:00,3727,3507690,3940.000000000000000,3194822,279.000000000000000,264493.000000000000000,4006,3772183,4219,3459315,7946,6966928
205,7/6/2021 15:00:00,4452,3512142,6184.000000000000000,3201006,447.000000000000000,264940.000000000000000,4899,3777082,6631,3465946,11083,6978011
206,7/7/2021 15:00:00,4420,3516562,6299.000000000000000,3207305,476.000000000000000,265416.000000000000000,4896,3781978,6775,3472721,11195,6989206
207,7/8/2021 15:00:00,4819,3521381,6089.000000000000000,3213394,558.000000000000000,265974.000000000000000,5377,3787355,6647,3479368,11466,7000672
208,7/9/2021 15:00:00,5309,3526690,6560.000000000000000,3219954,567.000000000000000,266541.000000000000000,5876,3793231,7127,3486495,12436,7013108
209,7/10/2021 15:00:00,3516,3530206,4361.000000000000000,3224315,301.000000000000000,266842.000000000000000,3817,3797048,4662,3491157,8178,7021286
210,7/11/2021 15:00:00,2654,3532860,2546.000000000000000,3226861,220.000000000000000,267062.000000000000000,2874,3799922,2766,3493923,5420,7026706
211,7/12/2021 15:00:00,4391,3537251,5082.000000000000000,3231943,373.000000000000000,267435.000000000000000,4764,3804686,5455,3499378,9846,7036552
212,7/13/2021 15:00:00,4723,3541974,4533.000000000000000,3236476,357.000000000000000,267792.000000000000000,5080,3809766,4890,3504268,9613,7046165
213,7/14/2021 15:00:00,4572,3546546,5175.000000000000000,3241651,413.000000000000000,268205.000000000000000,4985,3814751,5588,3509856,10160,7056325
214,7/15/2021 15:00:00,4854,3551400,4926.000000000000000,3246577,355.000000000000000,268560.000000000000000,5209,3819960,5281,3515137,10135,7066460
215,7/16/2021 15:00:00,6239,3557639,5757.000000000000000,3252334,396.000000000000000,268956.000000000000000,6635,3826595,6153,3521290,12392,7078852
216,7/17/2021 15:00:00,3397,3561036,3530.000000000000000,3255864,297.000000000000000,269253.000000000000000,3694,3830289,3827,3525117,7224,7086076
217,7/18/2021 15:00:00,2301,3563337,2361.000000000000000,3258225,107.000000000000000,269360.000000000000000,2408,3832697,2468,3527585,4769,7090845
218,7/19/2021 15:00:00,5202,3568539,4448.000000000000000,3262673,370.000000000000000,269730.000000000000000,5572,3838269,4818,3532403,10020,7100865
219,7/20/2021 15:00:00,5304,3573843,4653.000000000000000,3267326,355.000000000000000,270085.000000000000000,5659,3843928,5008,3537411,10312,7111177
220,7/21/2021 15:00:00,5563,3579406,4881.000000000000000,3272207,405.000000000000000,270490.000000000000000,5968,3849896,5286,3542697,10849,7122026
221,7/22/2021 15:00:00,5972,3585378,4590.000000000000000,3276797,394.000000000000000,270884.000000000000000,6366,3856262,4984,3547681,10956,7132982
222,7/23/2021 15:00:00,6804,3592182,4829.000000000000000,3281626,482.000000000000000,271366.000000000000000,7286,3863548,5311,3552992,12115,7145097
223,7/24/2021 15:00:00,4259,3596441,3178.000000000000000,3284804,264.000000000000000,271630.000000000000000,4523,3868071,3442,3556434,7701,7152798
224,7/25/2021 15:00:00,3278,3599719,1133.000000000000000,3285937,138.000000000000000,271768.000000000000000,3416,3871487,1271,3557705,4549,7157347
225,7/26/2021 15:00:00,6174,3605893,3876.000000000000000,3289813,409.000000000000000,272177.000000000000000,6583,3878070,4285,3561990,10459,7167806
226,7/27/2021 15:00:00,6324,3612217,4028.000000000000000,3293841,448.000000000000000,272625.000000000000000,6772,3884842,4476,3566466,10800,7178606
227,7/28/2021 15:00:00,6735,3618952,3968.000000000000000,3297809,451.000000000000000,273076.000000000000000,7186,3892028,4419,3570885,11154,7189760
228,7/29/2021 15:00:00,6766,3625718,4117.000000000000000,3301926,408.000000000000000,273484.000000000000000,7174,3899202,4525,3575410,11291,7201051
229,7/30/2021 15:00:00,7436,3633154,4466.000000000000000,3306392,513.000000000000000,273997.000000000000000,7949,3907151,4979,3580389,12415,7213466
230,7/31/2021 15:00:00,4665,3637819,2999.000000000000000,3309391,266.000000000000000,274263.000000000000000,4931,3912082,3265,3583654,7930,7221396
231,8/1/2021 15:00:00,3693,3641512,2057.000000000000000,3311448,148.000000000000000,274411.000000000000000,3841,3915923,2205,3585859,5898,7227294
232,8/2/2021 15:00:00,6941,3648453,3616.000000000000000,3315064,329.000000000000000,274740.000000000000000,7270,3923193,3945,3589804,10886,7238180
233,8/3/2021 15:00:00,6900,3655353,3845.000000000000000,3318909,499.000000000000000,275239.000000000000000,7399,3930592,4344,3594148,11244,7249424
234,8/4/2021 15:00:00,7117,3662470,3860.000000000000000,3322769,516.000000000000000,275755.000000000000000,7633,3938225,4376,3598524,11493,7260917
235,8/5/2021 15:00:00,7571,3670041,4096.000000000000000,3326865,533.000000000000000,276288.000000000000000,8104,3946329,4629,3603153,12200,7273117
236,8/6/2021 15:00:00,8235,3678276,4637.000000000000000,3331502,437.000000000000000,276725.000000000000000,8672,3955001,5074,3608227,13309,7286426
237,8/7/2021 15:00:00,5179,3683455,2768.000000000000000,3334270,259.000000000000000,276984.000000000000000,5438,3960439,3027,3611254,8206,7294632
238,8/8/2021 15:00:00,3866,3687321,2022.000000000000000,3336292,139.000000000000000,277123.000000000000000,4005,3964444,2161,3613415,6027,7300659
239,8/9/2021 15:00:00,6872,3694193,4485.000000000000000,3340777,356.000000000000000,277479.000000000000000,7228,3971672,4841,3618256,11713,7312372
240,8/10/2021 15:00:00,7012,3701205,4396.000000000000000,3345173,334.000000000000000,277813.000000000000000,7346,3979018,4730,3622986,11742,7324114
241,8/11/2021 15:00:00,6950,3708155,4361.000000000000000,3349534,447.000000000000000,278260.000000000000000,7397,3986415,4808,3627794,11758,7335872
242,8/12/2021 15:00:00,8495,3716650,4656.000000000000000,3354190,432.000000000000000,278692.000000000000000,8927,3995342,5088,3632882,13583,7349455
243,8/13/2021 15:00:00,7014,3723664,5270.000000000000000,3359460,352.000000000000000,279044.000000000000000,7366,4002708,5622,3638504,12636,7362091
244,8/14/2021 15:00:00,4828,3728492,3293.000000000000000,3362753,256.000000000000000,279300.000000000000000,5084,4007792,3549,3642053,8377,7370468
245,8/15/2021 15:00:00,3251,3731743,2698.000000000000000,3365451,161.000000000000000,279461.000000000000000,3412,4011204,2859,3644912,6110,7376578
246,8/16/2021 15:00:00,5335,3737078,5024.000000000000000,3370475,335.000000000000000,279796.000000000000000,5670,4016874,5359,3650271,10694,7387272
247,8/17/2021 15:00:00,6853,3743931,5125.000000000000000,3375600,378.000000000000000,280174.000000000000000,7231,4024105,5503,3655774,12356,7399628
248,8/18/2021 15:00:00,6383,3750314,5179.000000000000000,3380779,464.000000000000000,280638.000000000000000,6847,4030952,5643,3661417,12026,7411654
249,8/19/2021 15:00:00,5875,3756189,5243.000000000000000,3386022,407.000000000000000,281045.000000000000000,6282,4037234,5650,3667067,11525,7423179
250,8/20/2021 15:00:00,6869,3763058,6212.000000000000000,3392234,399.000000000000000,281444.000000000000000,7268,4044502,6611,3673678,13480,7436659
251,8/21/2021 15:00:00,4213,3767271,3833.000000000000000,3396067,219.000000000000000,281663.000000000000000,4432,4048934,4052,3677730,8265,7444924
252,8/22/2021 15:00:00,2980,3770251,3062.000000000000000,3399129,108.000000000000000,281771.000000000000000,3088,4052022,3170,3680900,6150,7451074
253,8/23/2021 15:00:00,6102,3776353,5813.000000000000000,3404942,279.000000000000000,282050.000000000000000,6381,4058403,6092,3686992,12194,7463268
254,8/24/2021 15:00:00,6466,3782819,5736.000000000000000,3410678,430.000000000000000,282480.000000000000000,6896,4065299,6166,3693158,12632,7475900
255,8/25/2021 15:00:00,6679,3789498,5778.000000000000000,3416456,405.000000000000000,282885.000000000000000,7084,4072383,6183,3699341,12862,7488762
256,8/26/2021 15:00:00,6915,3796413,6169.000000000000000,3422625,390.000000000000000,283275.000000000000000,7305,4079688,6559,3705900,13474,7502236
257,8/27/2021 15:00:00,6533,3802946,6663.000000000000000,3429288,277.000000000000000,283552.000000000000000,6810,4086498,6940,3712840,13473,7515709
258,8/28/2021 15:00:00,6713,3809659,6310.000000000000000,3435598,307.000000000000000,283859.000000000000000,7020,4093518,6617,3719457,13330,7529039
259,8/29/2021 15:00:00,3523,3813182,3488.000000000000000,3439086,606.000000000000000,284465.000000000000000,4129,4097647,4094,3723551,7617,7536656
260,8/30/2021 15:00:00,5249,3818431,5420.000000000000000,3444506,920.000000000000000,285385.000000000000000,6169,4103816,6340,3729891,11589,7548245
261,8/31/2021 15:00:00,2071,3820502,2127.000000000000000,3446633,831.000000000000000,286216.000000000000000,2902,4106718,2958,3732849,5029,7553274