OBJECTID,VACCINATION_DATE,FirstDailyDose,FirstDoseCumulative,SecondDailyDose,SecondDoseCumulative,SingleDailyDose,SingleDoseCumulative,AtleastOneVaccine,AtleastOneVaccineCumulative,CompletedVax,CompletedVaxCumulative,FirstSecondSingleVaccination_12,FirstSecondSingleVaccination_13
1,12/14/2020 15:00:00,19,1402,,523,,,19,1402,0,523,19,1821
2,12/15/2020 15:00:00,61,1463,3.000000000000000,526,,,61,1463,3,526,64,1885
3,12/16/2020 15:00:00,595,2058,5.000000000000000,531,,,595,2058,5,531,600,2485
4,12/17/2020 15:00:00,1164,3222,8.000000000000000,539,,,1164,3222,8,539,1172,3657
5,12/18/2020 15:00:00,3021,6243,12.000000000000000,551,,,3021,6243,12,551,3033,6690
6,12/19/2020 15:00:00,931,7174,5.000000000000000,556,,,931,7174,5,556,936,7626
7,12/20/2020 15:00:00,364,7538,6.000000000000000,562,,,364,7538,6,562,370,7996
8,12/21/2020 15:00:00,3889,11427,26.000000000000000,588,,,3889,11427,26,588,3915,11911
9,12/22/2020 15:00:00,6323,17750,27.000000000000000,615,,,6323,17750,27,615,6350,18261
10,12/23/2020 15:00:00,5784,23534,36.000000000000000,651,,,5784,23534,36,651,5820,24081
11,12/24/2020 15:00:00,2728,26262,15.000000000000000,666,,,2728,26262,15,666,2743,26824
12,12/25/2020 15:00:00,1035,27297,4.000000000000000,670,,,1035,27297,4,670,1039,27863
13,12/26/2020 15:00:00,1883,29180,9.000000000000000,679,,,1883,29180,9,679,1892,29755
14,12/27/2020 15:00:00,1802,30982,12.000000000000000,691,,,1802,30982,12,691,1814,31569
15,12/28/2020 15:00:00,8983,39965,50.000000000000000,741,,,8983,39965,50,741,9033,40602
16,12/29/2020 15:00:00,10968,50933,53.000000000000000,794,,,10968,50933,53,794,11021,51623
17,12/30/2020 15:00:00,12491,63424,92.000000000000000,886,,,12491,63424,92,886,12583,64206
18,12/31/2020 15:00:00,7552,70976,47.000000000000000,933,,,7552,70976,47,933,7599,71805
19,1/1/2021 15:00:00,3301,74277,141.000000000000000,1074,,,3301,74277,141,1074,3442,75247
20,1/2/2021 15:00:00,3044,77321,34.000000000000000,1108,,,3044,77321,34,1108,3078,78325
21,1/3/2021 15:00:00,3411,80732,82.000000000000000,1190,,,3411,80732,82,1190,3493,81818
22,1/4/2021 15:00:00,13363,94095,336.000000000000000,1526,,,13363,94095,336,1526,13699,95517
23,1/5/2021 15:00:00,12486,106581,548.000000000000000,2074,,,12486,106581,548,2074,13034,108551
24,1/6/2021 15:00:00,15267,121848,864.000000000000000,2938,,,15267,121848,864,2938,16131,124682
25,1/7/2021 15:00:00,15038,136886,1777.000000000000000,4715,,,15038,136886,1777,4715,16815,141497
26,1/8/2021 15:00:00,24013,160899,2785.000000000000000,7500,,,24013,160899,2785,7500,26798,168295
27,1/9/2021 15:00:00,5175,166074,954.000000000000000,8454,,,5175,166074,954,8454,6129,174424
28,1/10/2021 15:00:00,2971,169045,384.000000000000000,8838,,,2971,169045,384,8838,3355,177779
29,1/11/2021 15:00:00,13722,182767,3470.000000000000000,12308,,,13722,182767,3470,12308,17192,194971
30,1/12/2021 15:00:00,17392,200159,5593.000000000000000,17901,,,17392,200159,5593,17901,22985,217956
31,1/13/2021 15:00:00,18619,218778,3928.000000000000000,21829,,,18619,218778,3928,21829,22547,240503
32,1/14/2021 15:00:00,17853,236631,1962.000000000000000,23791,,,17853,236631,1962,23791,19815,260318
33,1/15/2021 15:00:00,19482,256113,2033.000000000000000,25824,,,19482,256113,2033,25824,21515,281833
34,1/16/2021 15:00:00,5837,261950,1617.000000000000000,27441,,,5837,261950,1617,27441,7454,289287
35,1/17/2021 15:00:00,2122,264072,1480.000000000000000,28921,,,2122,264072,1480,28921,3602,292889
36,1/18/2021 15:00:00,7079,271151,3260.000000000000000,32181,,,7079,271151,3260,32181,10339,303228
37,1/19/2021 15:00:00,16956,288107,5405.000000000000000,37586,,,16956,288107,5405,37586,22361,325589
38,1/20/2021 15:00:00,21007,309114,5324.000000000000000,42910,,,21007,309114,5324,42910,26331,351920
39,1/21/2021 15:00:00,23811,332925,3848.000000000000000,46758,,,23811,332925,3848,46758,27659,379579
40,1/22/2021 15:00:00,28658,361583,3757.000000000000000,50515,,,28658,361583,3757,50515,32415,411994
41,1/23/2021 15:00:00,10122,371705,1943.000000000000000,52458,,,10122,371705,1943,52458,12065,424059
42,1/24/2021 15:00:00,3355,375060,1723.000000000000000,54181,,,3355,375060,1723,54181,5078,429137
43,1/25/2021 15:00:00,16307,391367,8605.000000000000000,62786,,,16307,391367,8605,62786,24912,454049
44,1/26/2021 15:00:00,17564,408931,8977.000000000000000,71763,,,17564,408931,8977,71763,26541,480590
45,1/27/2021 15:00:00,24437,433368,12552.000000000000000,84315,,,24437,433368,12552,84315,36989,517579
46,1/28/2021 15:00:00,22656,456024,9330.000000000000000,93645,,,22656,456024,9330,93645,31986,549565
47,1/29/2021 15:00:00,24786,480810,7928.000000000000000,101573,,,24786,480810,7928,101573,32714,582279
48,1/30/2021 15:00:00,17783,498593,2561.000000000000000,104134,,,17783,498593,2561,104134,20344,602623
49,1/31/2021 15:00:00,3765,502358,1370.000000000000000,105504,,,3765,502358,1370,105504,5135,607758
50,2/1/2021 15:00:00,8128,510486,5390.000000000000000,110894,,,8128,510486,5390,110894,13518,621276
51,2/2/2021 15:00:00,12510,522996,13827.000000000000000,124721,,,12510,522996,13827,124721,26337,647613
52,2/3/2021 15:00:00,18260,541256,18134.000000000000000,142855,,,18260,541256,18134,142855,36394,684007
53,2/4/2021 15:00:00,22133,563389,15790.000000000000000,158645,,,22133,563389,15790,158645,37923,721930
54,2/5/2021 15:00:00,20347,583736,17424.000000000000000,176069,,,20347,583736,17424,176069,37771,759701
55,2/6/2021 15:00:00,11333,595069,14478.000000000000000,190547,,,11333,595069,14478,190547,25811,785512
56,2/7/2021 15:00:00,5950,601019,1839.000000000000000,192386,,,5950,601019,1839,192386,7789,793301
57,2/8/2021 15:00:00,12986,614005,12924.000000000000000,205310,,,12986,614005,12924,205310,25910,819211
58,2/9/2021 15:00:00,16651,630656,13878.000000000000000,219188,,,16651,630656,13878,219188,30529,849740
59,2/10/2021 15:00:00,19304,649960,21235.000000000000000,240423,,,19304,649960,21235,240423,40539,890279
60,2/11/2021 15:00:00,22853,672813,17344.000000000000000,257767,,,22853,672813,17344,257767,40197,930476
61,2/12/2021 15:00:00,20399,693212,19639.000000000000000,277406,,,20399,693212,19639,277406,40038,970514
62,2/13/2021 15:00:00,11438,704650,6425.000000000000000,283831,,,11438,704650,6425,283831,17863,988377
63,2/14/2021 15:00:00,7113,711763,2131.000000000000000,285962,,,7113,711763,2131,285962,9244,997621
64,2/15/2021 15:00:00,11763,723526,13337.000000000000000,299299,,,11763,723526,13337,299299,25100,1022721
65,2/16/2021 15:00:00,16612,740138,21020.000000000000000,320319,,,16612,740138,21020,320319,37632,1060353
66,2/17/2021 15:00:00,20663,760801,26380.000000000000000,346699,,,20663,760801,26380,346699,47043,1107396
67,2/18/2021 15:00:00,3200,764001,4621.000000000000000,351320,,,3200,764001,4621,351320,7821,1115217
68,2/19/2021 15:00:00,10256,774257,19928.000000000000000,371248,,,10256,774257,19928,371248,30184,1145401
69,2/20/2021 15:00:00,10315,784572,20292.000000000000000,391540,,,10315,784572,20292,391540,30607,1176008
70,2/21/2021 15:00:00,6183,790755,7660.000000000000000,399200,,,6183,790755,7660,399200,13843,1189851
71,2/22/2021 15:00:00,8034,798789,15478.000000000000000,414678,,,8034,798789,15478,414678,23512,1213363
72,2/23/2021 15:00:00,15537,814326,15992.000000000000000,430670,,,15537,814326,15992,430670,31529,1244892
73,2/24/2021 15:00:00,17956,832282,24741.000000000000000,455411,,,17956,832282,24741,455411,42697,1287589
74,2/25/2021 15:00:00,20397,852679,26558.000000000000000,481969,,,20397,852679,26558,481969,46955,1334544
75,2/26/2021 15:00:00,26722,879401,26229.000000000000000,508198,,,26722,879401,26229,508198,52951,1387495
76,2/27/2021 15:00:00,16009,895410,11159.000000000000000,519357,,,16009,895410,11159,519357,27168,1414663
77,2/28/2021 15:00:00,15496,910906,4885.000000000000000,524242,,,15496,910906,4885,524242,20381,1435044
78,3/1/2021 15:00:00,27046,937952,12644.000000000000000,536886,,,27046,937952,12644,536886,39690,1474734
79,3/2/2021 15:00:00,23936,961888,13280.000000000000000,550166,35.000000000000000,35.000000000000000,23971,961923,13315,550201,37251,1511985
80,3/3/2021 15:00:00,30202,992090,18400.000000000000000,568566,188.000000000000000,223.000000000000000,30390,992313,18588,568789,48790,1560775
81,3/4/2021 15:00:00,30965,1023055,18211.000000000000000,586777,4068.000000000000000,4291.000000000000000,35033,1027346,22279,591068,53244,1614019
82,3/5/2021 15:00:00,30033,1053088,19729.000000000000000,606506,4909.000000000000000,9200.000000000000000,34942,1062288,24638,615706,54671,1668690
83,3/6/2021 15:00:00,18924,1072012,9512.000000000000000,616018,6010.000000000000000,15210.000000000000000,24934,1087222,15522,631228,34446,1703136
84,3/7/2021 15:00:00,12124,1084136,4865.000000000000000,620883,6609.000000000000000,21819.000000000000000,18733,1105955,11474,642702,23598,1726734
85,3/8/2021 15:00:00,25887,1110023,8854.000000000000000,629737,8273.000000000000000,30092.000000000000000,34160,1140115,17127,659829,43014,1769748
86,3/9/2021 15:00:00,26139,1136162,15473.000000000000000,645210,8342.000000000000000,38434.000000000000000,34481,1174596,23815,683644,49954,1819702
87,3/10/2021 15:00:00,29869,1166031,16007.000000000000000,661217,7939.000000000000000,46373.000000000000000,37808,1212404,23946,707590,53815,1873517
88,3/11/2021 15:00:00,35993,1202024,16406.000000000000000,677623,3981.000000000000000,50354.000000000000000,39974,1252378,20387,727977,56380,1929897
89,3/12/2021 15:00:00,36922,1238946,18091.000000000000000,695714,2927.000000000000000,53281.000000000000000,39849,1292227,21018,748995,57940,1987837
90,3/13/2021 15:00:00,22676,1261622,10290.000000000000000,706004,1629.000000000000000,54910.000000000000000,24305,1316532,11919,760914,34595,2022432
91,3/14/2021 15:00:00,17834,1279456,6720.000000000000000,712724,1007.000000000000000,55917.000000000000000,18841,1335373,7727,768641,25561,2047993
92,3/15/2021 15:00:00,29837,1309293,11308.000000000000000,724032,597.000000000000000,56514.000000000000000,30434,1365807,11905,780546,41742,2089735
93,3/16/2021 15:00:00,33422,1342715,13578.000000000000000,737610,770.000000000000000,57284.000000000000000,34192,1399999,14348,794894,47770,2137505
94,3/17/2021 15:00:00,37584,1380299,17062.000000000000000,754672,1181.000000000000000,58465.000000000000000,38765,1438764,18243,813137,55827,2193332
95,3/18/2021 15:00:00,41456,1421755,12659.000000000000000,767331,1348.000000000000000,59813.000000000000000,42804,1481568,14007,827144,55463,2248795
96,3/19/2021 15:00:00,38347,1460102,15423.000000000000000,782754,1044.000000000000000,60857.000000000000000,39391,1520959,16467,843611,54814,2303609
97,3/20/2021 15:00:00,24709,1484811,10169.000000000000000,792923,704.000000000000000,61561.000000000000000,25413,1546372,10873,854484,35582,2339191
98,3/21/2021 15:00:00,19185,1503996,7886.000000000000000,800809,337.000000000000000,61898.000000000000000,19522,1565894,8223,862707,27408,2366599
99,3/22/2021 15:00:00,32599,1536595,11487.000000000000000,812296,835.000000000000000,62733.000000000000000,33434,1599328,12322,875029,44921,2411520
100,3/23/2021 15:00:00,38422,1575017,17814.000000000000000,830110,1556.000000000000000,64289.000000000000000,39978,1639306,19370,894399,57792,2469312
101,3/24/2021 15:00:00,41097,1616114,21222.000000000000000,851332,1388.000000000000000,65677.000000000000000,42485,1681791,22610,917009,63707,2533019
102,3/25/2021 15:00:00,42900,1659014,21699.000000000000000,873031,2457.000000000000000,68134.000000000000000,45357,1727148,24156,941165,67056,2600075
103,3/26/2021 15:00:00,36381,1695395,26687.000000000000000,899718,2495.000000000000000,70629.000000000000000,38876,1766024,29182,970347,65563,2665638
104,3/27/2021 15:00:00,26477,1721872,17287.000000000000000,917005,2491.000000000000000,73120.000000000000000,28968,1794992,19778,990125,46255,2711893
105,3/28/2021 15:00:00,17016,1738888,12647.000000000000000,929652,1616.000000000000000,74736.000000000000000,18632,1813624,14263,1004388,31279,2743172
106,3/29/2021 15:00:00,29727,1768615,26299.000000000000000,955951,1143.000000000000000,75879.000000000000000,30870,1844494,27442,1031830,57169,2800341
107,3/30/2021 15:00:00,40064,1808679,29006.000000000000000,984957,1864.000000000000000,77743.000000000000000,41928,1886422,30870,1062700,70934,2871275
108,3/31/2021 15:00:00,41047,1849726,34699.000000000000000,1019656,5748.000000000000000,83491.000000000000000,46795,1933217,40447,1103147,81494,2952769
109,4/1/2021 15:00:00,42393,1892119,41049.000000000000000,1060705,5748.000000000000000,89239.000000000000000,48141,1981358,46797,1149944,89190,3041959
110,4/2/2021 15:00:00,34937,1927056,32677.000000000000000,1093382,6128.000000000000000,95367.000000000000000,41065,2022423,38805,1188749,73742,3115701
111,4/3/2021 15:00:00,21170,1948226,19192.000000000000000,1112574,4389.000000000000000,99756.000000000000000,25559,2047982,23581,1212330,44751,3160452
112,4/4/2021 15:00:00,8287,1956513,10189.000000000000000,1122763,968.000000000000000,100724.000000000000000,9255,2057237,11157,1223487,19444,3179896
113,4/5/2021 15:00:00,27970,1984483,28931.000000000000000,1151694,6658.000000000000000,107382.000000000000000,34628,2091865,35589,1259076,63559,3243455
114,4/6/2021 15:00:00,39784,2024267,30477.000000000000000,1182171,10494.000000000000000,117876.000000000000000,50278,2142143,40971,1300047,80755,3324210
115,4/7/2021 15:00:00,36098,2060365,34300.000000000000000,1216471,12989.000000000000000,130865.000000000000000,49087,2191230,47289,1347336,83387,3407597
116,4/8/2021 15:00:00,42340,2102705,36109.000000000000000,1252580,13863.000000000000000,144728.000000000000000,56203,2247433,49972,1397308,92312,3499909
117,4/9/2021 15:00:00,34062,2136767,36326.000000000000000,1288906,14528.000000000000000,159256.000000000000000,48590,2296023,50854,1448162,84916,3584825
118,4/10/2021 15:00:00,23473,2160240,23140.000000000000000,1312046,7640.000000000000000,166896.000000000000000,31113,2327136,30780,1478942,54253,3639078
119,4/11/2021 15:00:00,17567,2177807,13277.000000000000000,1325323,10119.000000000000000,177015.000000000000000,27686,2354822,23396,1502338,40963,3680041
120,4/12/2021 15:00:00,24609,2202416,33168.000000000000000,1358491,10896.000000000000000,187911.000000000000000,35505,2390327,44064,1546402,68673,3748714
121,4/13/2021 15:00:00,126198,2328614,91238.000000000000000,1449729,3293.000000000000000,191204.000000000000000,129491,2519818,94531,1640933,220729,3969443
122,4/14/2021 15:00:00,40722,2369336,37831.000000000000000,1487560,213.000000000000000,191417.000000000000000,40935,2560753,38044,1678977,78766,4048209
123,4/15/2021 15:00:00,41417,2410753,39560.000000000000000,1527120,176.000000000000000,191593.000000000000000,41593,2602346,39736,1718713,81153,4129362
124,4/16/2021 15:00:00,37151,2447904,38873.000000000000000,1565993,24.000000000000000,191617.000000000000000,37175,2639521,38897,1757610,76048,4205410
125,4/17/2021 15:00:00,32804,2480708,22031.000000000000000,1588024,12.000000000000000,191629.000000000000000,32816,2672337,22043,1779653,54847,4260257
126,4/18/2021 15:00:00,20068,2500776,16200.000000000000000,1604224,5.000000000000000,191634.000000000000000,20073,2692410,16205,1795858,36273,4296530
127,4/19/2021 15:00:00,29896,2530672,36548.000000000000000,1640772,61.000000000000000,191695.000000000000000,29957,2722367,36609,1832467,66505,4363035
128,4/20/2021 15:00:00,32938,2563610,44460.000000000000000,1685232,58.000000000000000,191753.000000000000000,32996,2755363,44518,1876985,77456,4440491
129,4/21/2021 15:00:00,39839,2603449,47062.000000000000000,1732294,26.000000000000000,191779.000000000000000,39865,2795228,47088,1924073,86927,4527418
130,4/22/2021 15:00:00,35868,2639317,42667.000000000000000,1774961,16.000000000000000,191795.000000000000000,35884,2831112,42683,1966756,78551,4605969
131,4/23/2021 15:00:00,33155,2672472,40154.000000000000000,1815115,14.000000000000000,191809.000000000000000,33169,2864281,40168,2006924,73323,4679292
132,4/24/2021 15:00:00,26417,2698889,27912.000000000000000,1843027,81.000000000000000,191890.000000000000000,26498,2890779,27993,2034917,54410,4733702
133,4/25/2021 15:00:00,20234,2719123,10976.000000000000000,1854003,31.000000000000000,191921.000000000000000,20265,2911044,11007,2045924,31241,4764943
134,4/26/2021 15:00:00,27414,2746537,32715.000000000000000,1886718,201.000000000000000,192122.000000000000000,27615,2938659,32916,2078840,60330,4825273
135,4/27/2021 15:00:00,26689,2773226,33080.000000000000000,1919798,1097.000000000000000,193219.000000000000000,27786,2966445,34177,2113017,60866,4886139
136,4/28/2021 15:00:00,28932,2802158,39546.000000000000000,1959344,1364.000000000000000,194583.000000000000000,30296,2996741,40910,2153927,69842,4955981
137,4/29/2021 15:00:00,27080,2829238,39748.000000000000000,1999092,1463.000000000000000,196046.000000000000000,28543,3025284,41211,2195138,68291,5024272
138,4/30/2021 15:00:00,28211,2857449,32277.000000000000000,2031369,1648.000000000000000,197694.000000000000000,29859,3055143,33925,2229063,62136,5086408
139,5/1/2021 15:00:00,20736,2878185,26702.000000000000000,2058071,1050.000000000000000,198744.000000000000000,21786,3076929,27752,2256815,48488,5134896
140,5/2/2021 15:00:00,10289,2888474,17044.000000000000000,2075115,822.000000000000000,199566.000000000000000,11111,3088040,17866,2274681,28155,5163051
141,5/3/2021 15:00:00,12752,2901226,28589.000000000000000,2103704,1915.000000000000000,201481.000000000000000,14667,3102707,30504,2305185,43256,5206307
142,5/4/2021 15:00:00,13569,2914795,38620.000000000000000,2142324,1739.000000000000000,203220.000000000000000,15308,3118015,40359,2345544,53928,5260235
143,5/5/2021 15:00:00,19326,2934121,37760.000000000000000,2180084,1921.000000000000000,205141.000000000000000,21247,3139262,39681,2385225,59007,5319242
144,5/6/2021 15:00:00,16921,2951042,40594.000000000000000,2220678,1722.000000000000000,206863.000000000000000,18643,3157905,42316,2427541,59237,5378479
145,5/7/2021 15:00:00,17590,2968632,37001.000000000000000,2257679,1959.000000000000000,208822.000000000000000,19549,3177454,38960,2466501,56550,5435029
146,5/8/2021 15:00:00,10795,2979427,31224.000000000000000,2288903,1291.000000000000000,210113.000000000000000,12086,3189540,32515,2499016,43310,5478339
147,5/9/2021 15:00:00,5085,2984512,12242.000000000000000,2301145,695.000000000000000,210808.000000000000000,5780,3195320,12937,2511953,18022,5496361
148,5/10/2021 15:00:00,8955,2993467,31051.000000000000000,2332196,1362.000000000000000,212170.000000000000000,10317,3205637,32413,2544366,41368,5537729
149,5/11/2021 15:00:00,12183,3005650,30285.000000000000000,2362481,1441.000000000000000,213611.000000000000000,13624,3219261,31726,2576092,43909,5581638
150,5/12/2021 15:00:00,13949,3019599,38622.000000000000000,2401103,1919.000000000000000,215530.000000000000000,15868,3235129,40541,2616633,54490,5636128
151,5/13/2021 15:00:00,21841,3041440,33514.000000000000000,2434617,1347.000000000000000,216877.000000000000000,23188,3258317,34861,2651494,56702,5692830
152,5/14/2021 15:00:00,24389,3065829,30059.000000000000000,2464676,1773.000000000000000,218650.000000000000000,26162,3284479,31832,2683326,56221,5749051
153,5/15/2021 15:00:00,21941,3087770,25109.000000000000000,2489785,1489.000000000000000,220139.000000000000000,23430,3307909,26598,2709924,48539,5797590
154,5/16/2021 15:00:00,9091,3096861,17585.000000000000000,2507370,1113.000000000000000,221252.000000000000000,10204,3318113,18698,2728622,27789,5825379
155,5/17/2021 15:00:00,16837,3113698,28411.000000000000000,2535781,1949.000000000000000,223201.000000000000000,18786,3336899,30360,2758982,47197,5872576
156,5/18/2021 15:00:00,21264,3134962,30689.000000000000000,2566470,1942.000000000000000,225143.000000000000000,23206,3360105,32631,2791613,53895,5926471
157,5/19/2021 15:00:00,27664,3162626,32435.000000000000000,2598905,1631.000000000000000,226774.000000000000000,29295,3389400,34066,2825679,61730,5988201
158,5/20/2021 15:00:00,20805,3183431,33278.000000000000000,2632183,1964.000000000000000,228738.000000000000000,22769,3412169,35242,2860921,56047,6044248
159,5/21/2021 15:00:00,19166,3202597,30354.000000000000000,2662537,1608.000000000000000,230346.000000000000000,20774,3432943,31962,2892883,51128,6095376
160,5/22/2021 15:00:00,16937,3219534,20695.000000000000000,2683232,1270.000000000000000,231616.000000000000000,18207,3451150,21965,2914848,38902,6134278
161,5/23/2021 15:00:00,8815,3228349,11448.000000000000000,2694680,965.000000000000000,232581.000000000000000,9780,3460930,12413,2927261,21228,6155506
162,5/24/2021 15:00:00,13568,3241917,17774.000000000000000,2712454,1474.000000000000000,234055.000000000000000,15042,3475972,19248,2946509,32816,6188322
163,5/25/2021 15:00:00,13072,3254989,18720.000000000000000,2731174,1329.000000000000000,235384.000000000000000,14401,3490373,20049,2966558,33121,6221443
164,5/26/2021 15:00:00,18314,3273303,19512.000000000000000,2750686,1512.000000000000000,236896.000000000000000,19826,3510199,21024,2987582,39338,6260781
165,5/27/2021 15:00:00,11687,3284990,18671.000000000000000,2769357,1116.000000000000000,238012.000000000000000,12803,3523002,19787,3007369,31474,6292255
166,5/28/2021 15:00:00,12419,3297409,19849.000000000000000,2789206,1401.000000000000000,239413.000000000000000,13820,3536822,21250,3028619,33669,6325924
167,5/29/2021 15:00:00,9516,3306925,11727.000000000000000,2800933,937.000000000000000,240350.000000000000000,10453,3547275,12664,3041283,22180,6348104
168,5/30/2021 15:00:00,4969,3311894,6434.000000000000000,2807367,596.000000000000000,240946.000000000000000,5565,3552840,7030,3048313,11999,6360103
169,5/31/2021 15:00:00,1779,3313673,3710.000000000000000,2811077,305.000000000000000,241251.000000000000000,2084,3554924,4015,3052328,5794,6365897
170,6/1/2021 15:00:00,9855,3323528,16443.000000000000000,2827520,1160.000000000000000,242411.000000000000000,11015,3565939,17603,3069931,27458,6393355
171,6/2/2021 15:00:00,10233,3333761,16821.000000000000000,2844341,960.000000000000000,243371.000000000000000,11193,3577132,17781,3087712,28014,6421369
172,6/3/2021 15:00:00,7899,3341660,21187.000000000000000,2865528,1087.000000000000000,244458.000000000000000,8986,3586118,22274,3109986,30173,6451542
173,6/4/2021 15:00:00,8198,3349858,22353.000000000000000,2887881,1120.000000000000000,245578.000000000000000,9318,3595436,23473,3133459,31671,6483213
174,6/5/2021 15:00:00,7001,3356859,19471.000000000000000,2907352,720.000000000000000,246298.000000000000000,7721,3603157,20191,3153650,27192,6510405
175,6/6/2021 15:00:00,3454,3360313,7253.000000000000000,2914605,423.000000000000000,246721.000000000000000,3877,3607034,7676,3161326,11130,6521535
176,6/7/2021 15:00:00,6857,3367170,15789.000000000000000,2930394,726.000000000000000,247447.000000000000000,7583,3614617,16515,3177841,23372,6544907
177,6/8/2021 15:00:00,6669,3373839,19735.000000000000000,2950129,830.000000000000000,248277.000000000000000,7499,3622116,20565,3198406,27234,6572141
178,6/9/2021 15:00:00,8200,3382039,23988.000000000000000,2974117,968.000000000000000,249245.000000000000000,9168,3631284,24956,3223362,33156,6605297
179,6/10/2021 15:00:00,7151,3389190,19139.000000000000000,2993256,895.000000000000000,250140.000000000000000,8046,3639330,20034,3243396,27185,6632482
180,6/11/2021 15:00:00,7487,3396677,17725.000000000000000,3010981,1125.000000000000000,251265.000000000000000,8612,3647942,18850,3262246,26337,6658819
181,6/12/2021 15:00:00,5241,3401918,14768.000000000000000,3025749,605.000000000000000,251870.000000000000000,5846,3653788,15373,3277619,20614,6679433
182,6/13/2021 15:00:00,1936,3403854,7633.000000000000000,3033382,427.000000000000000,252297.000000000000000,2363,3656151,8060,3285679,9996,6689429
183,6/14/2021 15:00:00,5656,3409510,11816.000000000000000,3045198,733.000000000000000,253030.000000000000000,6389,3662540,12549,3298228,18205,6707634
184,6/15/2021 15:00:00,5646,3415156,14341.000000000000000,3059539,873.000000000000000,253903.000000000000000,6519,3669059,15214,3313442,20860,6728494
185,6/16/2021 15:00:00,8757,3423913,21594.000000000000000,3081133,757.000000000000000,254660.000000000000000,9514,3678573,22351,3335793,31108,6759602
186,6/17/2021 15:00:00,6689,3430602,12367.000000000000000,3093500,720.000000000000000,255380.000000000000000,7409,3685982,13087,3348880,19776,6779378
187,6/18/2021 15:00:00,6835,3437437,12742.000000000000000,3106242,703.000000000000000,256083.000000000000000,7538,3693520,13445,3362325,20280,6799658
188,6/19/2021 15:00:00,4660,3442097,9382.000000000000000,3115624,615.000000000000000,256698.000000000000000,5275,3698795,9997,3372322,14657,6814315
189,6/20/2021 15:00:00,2504,3444601,5059.000000000000000,3120683,377.000000000000000,257075.000000000000000,2881,3701676,5436,3377758,7940,6822255
190,6/21/2021 15:00:00,5565,3450166,5338.000000000000000,3126021,635.000000000000000,257710.000000000000000,6200,3707876,5973,3383731,11538,6833793
191,6/22/2021 15:00:00,5346,3455512,9053.000000000000000,3135074,693.000000000000000,258403.000000000000000,6039,3713915,9746,3393477,15092,6848885
192,6/23/2021 15:00:00,6077,3461589,10336.000000000000000,3145410,646.000000000000000,259049.000000000000000,6723,3720638,10982,3404459,17059,6865944
193,6/24/2021 15:00:00,5937,3467526,8201.000000000000000,3153611,595.000000000000000,259644.000000000000000,6532,3727170,8796,3413255,14733,6880677
194,6/25/2021 15:00:00,5828,3473354,8667.000000000000000,3162278,620.000000000000000,260264.000000000000000,6448,3733618,9287,3422542,15115,6895792
195,6/26/2021 15:00:00,3704,3477058,6308.000000000000000,3168586,398.000000000000000,260662.000000000000000,4102,3737720,6706,3429248,10410,6906202
196,6/27/2021 15:00:00,2808,3479866,3524.000000000000000,3172110,185.000000000000000,260847.000000000000000,2993,3740713,3709,3432957,6517,6912719
197,6/28/2021 15:00:00,4920,3484786,6388.000000000000000,3178498,539.000000000000000,261386.000000000000000,5459,3746172,6927,3439884,11847,6924566
198,6/29/2021 15:00:00,5063,3489849,6476.000000000000000,3184974,519.000000000000000,261905.000000000000000,5582,3751754,6995,3446879,12058,6936624
199,6/30/2021 15:00:00,5626,3495475,7388.000000000000000,3192362,605.000000000000000,262510.000000000000000,6231,3757985,7993,3454872,13619,6950243
200,7/1/2021 15:00:00,5416,3500891,6989.000000000000000,3199351,500.000000000000000,263010.000000000000000,5916,3763901,7489,3462361,12905,6963148
201,7/2/2021 15:00:00,5293,3506184,6842.000000000000000,3206193,524.000000000000000,263534.000000000000000,5817,3769718,7366,3469727,12659,6975807
202,7/3/2021 15:00:00,3271,3509455,4067.000000000000000,3210260,264.000000000000000,263798.000000000000000,3535,3773253,4331,3474058,7602,6983409
203,7/4/2021 15:00:00,494,3509949,549.000000000000000,3210809,68.000000000000000,263866.000000000000000,562,3773815,617,3474675,1111,6984520
204,7/5/2021 15:00:00,3768,3513717,3955.000000000000000,3214764,287.000000000000000,264153.000000000000000,4055,3777870,4242,3478917,8010,6992530
205,7/6/2021 15:00:00,4492,3518209,6272.000000000000000,3221036,454.000000000000000,264607.000000000000000,4946,3782816,6726,3485643,11218,7003748
206,7/7/2021 15:00:00,4468,3522677,6413.000000000000000,3227449,482.000000000000000,265089.000000000000000,4950,3787766,6895,3492538,11363,7015111
207,7/8/2021 15:00:00,4838,3527515,6177.000000000000000,3233626,564.000000000000000,265653.000000000000000,5402,3793168,6741,3499279,11579,7026690
208,7/9/2021 15:00:00,5369,3532884,6667.000000000000000,3240293,573.000000000000000,266226.000000000000000,5942,3799110,7240,3506519,12609,7039299
209,7/10/2021 15:00:00,3520,3536404,4406.000000000000000,3244699,304.000000000000000,266530.000000000000000,3824,3802934,4710,3511229,8230,7047529
210,7/11/2021 15:00:00,2678,3539082,2574.000000000000000,3247273,226.000000000000000,266756.000000000000000,2904,3805838,2800,3514029,5478,7053007
211,7/12/2021 15:00:00,4422,3543504,5130.000000000000000,3252403,379.000000000000000,267135.000000000000000,4801,3810639,5509,3519538,9931,7062938
212,7/13/2021 15:00:00,4665,3548169,4721.000000000000000,3257124,366.000000000000000,267501.000000000000000,5031,3815670,5087,3524625,9752,7072690
213,7/14/2021 15:00:00,4623,3552792,5285.000000000000000,3262409,422.000000000000000,267923.000000000000000,5045,3820715,5707,3530332,10330,7083020
214,7/15/2021 15:00:00,4907,3557699,5015.000000000000000,3267424,359.000000000000000,268282.000000000000000,5266,3825981,5374,3535706,10281,7093301
215,7/16/2021 15:00:00,6275,3563974,5847.000000000000000,3273271,405.000000000000000,268687.000000000000000,6680,3832661,6252,3541958,12527,7105828
216,7/17/2021 15:00:00,3416,3567390,3551.000000000000000,3276822,303.000000000000000,268990.000000000000000,3719,3836380,3854,3545812,7270,7113098
217,7/18/2021 15:00:00,2309,3569699,2379.000000000000000,3279201,110.000000000000000,269100.000000000000000,2419,3838799,2489,3548301,4798,7117896
218,7/19/2021 15:00:00,5143,3574842,4611.000000000000000,3283812,383.000000000000000,269483.000000000000000,5526,3844325,4994,3553295,10137,7128033
219,7/20/2021 15:00:00,5339,3580181,4716.000000000000000,3288528,366.000000000000000,269849.000000000000000,5705,3850030,5082,3558377,10421,7138454
220,7/21/2021 15:00:00,5664,3585845,4945.000000000000000,3293473,416.000000000000000,270265.000000000000000,6080,3856110,5361,3563738,11025,7149479
221,7/22/2021 15:00:00,6029,3591874,4640.000000000000000,3298113,472.000000000000000,270737.000000000000000,6501,3862611,5112,3568850,11141,7160620
222,7/23/2021 15:00:00,6845,3598719,4846.000000000000000,3302959,498.000000000000000,271235.000000000000000,7343,3869954,5344,3574194,12189,7172809
223,7/24/2021 15:00:00,4284,3603003,3200.000000000000000,3306159,267.000000000000000,271502.000000000000000,4551,3874505,3467,3577661,7751,7180560
224,7/25/2021 15:00:00,3298,3606301,1120.000000000000000,3307279,140.000000000000000,271642.000000000000000,3438,3877943,1260,3578921,4558,7185118
225,7/26/2021 15:00:00,6217,3612518,3908.000000000000000,3311187,419.000000000000000,272061.000000000000000,6636,3884579,4327,3583248,10544,7195662
226,7/27/2021 15:00:00,6603,3619121,4285.000000000000000,3315472,458.000000000000000,272519.000000000000000,7061,3891640,4743,3587991,11346,7207008
227,7/28/2021 15:00:00,7085,3626206,4145.000000000000000,3319617,460.000000000000000,272979.000000000000000,7545,3899185,4605,3592596,11690,7218698
228,7/29/2021 15:00:00,7080,3633286,4302.000000000000000,3323919,419.000000000000000,273398.000000000000000,7499,3906684,4721,3597317,11801,7230499
229,7/30/2021 15:00:00,7820,3641106,4810.000000000000000,3328729,526.000000000000000,273924.000000000000000,8346,3915030,5336,3602653,13156,7243655
230,7/31/2021 15:00:00,4793,3645899,3078.000000000000000,3331807,274.000000000000000,274198.000000000000000,5067,3920097,3352,3606005,8145,7251800
231,8/1/2021 15:00:00,3890,3649789,2166.000000000000000,3333973,163.000000000000000,274361.000000000000000,4053,3924150,2329,3608334,6219,7258019
232,8/2/2021 15:00:00,7271,3657060,3843.000000000000000,3337816,341.000000000000000,274702.000000000000000,7612,3931762,4184,3612518,11455,7269474
233,8/3/2021 15:00:00,7269,3664329,4106.000000000000000,3341922,517.000000000000000,275219.000000000000000,7786,3939548,4623,3617141,11892,7281366
234,8/4/2021 15:00:00,7423,3671752,4121.000000000000000,3346043,535.000000000000000,275754.000000000000000,7958,3947506,4656,3621797,12079,7293445
235,8/5/2021 15:00:00,7945,3679697,4298.000000000000000,3350341,538.000000000000000,276292.000000000000000,8483,3955989,4836,3626633,12781,7306226
236,8/6/2021 15:00:00,8323,3688020,4736.000000000000000,3355077,454.000000000000000,276746.000000000000000,8777,3964766,5190,3631823,13513,7319739
237,8/7/2021 15:00:00,5303,3693323,2840.000000000000000,3357917,264.000000000000000,277010.000000000000000,5567,3970333,3104,3634927,8407,7328146
238,8/8/2021 15:00:00,3974,3697297,2062.000000000000000,3359979,144.000000000000000,277154.000000000000000,4118,3974451,2206,3637133,6180,7334326
239,8/9/2021 15:00:00,6955,3704252,4558.000000000000000,3364537,369.000000000000000,277523.000000000000000,7324,3981775,4927,3642060,11882,7346208
240,8/10/2021 15:00:00,7161,3711413,4479.000000000000000,3369016,339.000000000000000,277862.000000000000000,7500,3989275,4818,3646878,11979,7358187
241,8/11/2021 15:00:00,7077,3718490,4448.000000000000000,3373464,443.000000000000000,278305.000000000000000,7520,3996795,4891,3651769,11968,7370155
242,8/12/2021 15:00:00,8625,3727115,4754.000000000000000,3378218,445.000000000000000,278750.000000000000000,9070,4005865,5199,3656968,13824,7383979
243,8/13/2021 15:00:00,7143,3734258,5379.000000000000000,3383597,397.000000000000000,279147.000000000000000,7540,4013405,5776,3662744,12919,7396898
244,8/14/2021 15:00:00,4915,3739173,3347.000000000000000,3386944,285.000000000000000,279432.000000000000000,5200,4018605,3632,3666376,8547,7405445
245,8/15/2021 15:00:00,3328,3742501,2740.000000000000000,3389684,163.000000000000000,279595.000000000000000,3491,4022096,2903,3669279,6231,7411676
246,8/16/2021 15:00:00,5442,3747943,5097.000000000000000,3394781,354.000000000000000,279949.000000000000000,5796,4027892,5451,3674730,10893,7422569
247,8/17/2021 15:00:00,6813,3754756,5362.000000000000000,3400143,390.000000000000000,280339.000000000000000,7203,4035095,5752,3680482,12565,7435134
248,8/18/2021 15:00:00,6326,3761082,5506.000000000000000,3405649,481.000000000000000,280820.000000000000000,6807,4041902,5987,3686469,12313,7447447
249,8/19/2021 15:00:00,6213,3767295,5555.000000000000000,3411204,417.000000000000000,281237.000000000000000,6630,4048532,5972,3692441,12185,7459632
250,8/20/2021 15:00:00,6839,3774134,6550.000000000000000,3417754,401.000000000000000,281638.000000000000000,7240,4055772,6951,3699392,13790,7473422
251,8/21/2021 15:00:00,4327,3778461,3919.000000000000000,3421673,230.000000000000000,281868.000000000000000,4557,4060329,4149,3703541,8476,7481898
252,8/22/2021 15:00:00,3060,3781521,3173.000000000000000,3424846,110.000000000000000,281978.000000000000000,3170,4063499,3283,3706824,6343,7488241
253,8/23/2021 15:00:00,5986,3787507,6099.000000000000000,3430945,287.000000000000000,282265.000000000000000,6273,4069772,6386,3713210,12372,7500613
254,8/24/2021 15:00:00,6545,3794052,6064.000000000000000,3437009,425.000000000000000,282690.000000000000000,6970,4076742,6489,3719699,13034,7513647
255,8/25/2021 15:00:00,6717,3800769,6222.000000000000000,3443231,441.000000000000000,283131.000000000000000,7158,4083900,6663,3726362,13380,7527027
256,8/26/2021 15:00:00,6965,3807734,6650.000000000000000,3449881,428.000000000000000,283559.000000000000000,7393,4091293,7078,3733440,14043,7541070
257,8/27/2021 15:00:00,6825,3814559,7072.000000000000000,3456953,316.000000000000000,283875.000000000000000,7141,4098434,7388,3740828,14213,7555283
258,8/28/2021 15:00:00,6895,3821454,6522.000000000000000,3463475,326.000000000000000,284201.000000000000000,7221,4105655,6848,3747676,13743,7569026
259,8/29/2021 15:00:00,3733,3825187,3689.000000000000000,3467164,610.000000000000000,284811.000000000000000,4343,4109998,4299,3751975,8032,7577058
260,8/30/2021 15:00:00,5923,3831110,6127.000000000000000,3473291,960.000000000000000,285771.000000000000000,6883,4116881,7087,3759062,13010,7590068
261,8/31/2021 15:00:00,5899,3837009,6070.000000000000000,3479361,946.000000000000000,286717.000000000000000,6845,4123726,7016,3766078,12915,7602983
262,9/1/2021 15:00:00,5589,3842598,5675.000000000000000,3485036,915.000000000000000,287632.000000000000000,6504,4130230,6590,3772668,12179,7615162
263,9/2/2021 15:00:00,5529,3848127,5925.000000000000000,3490961,707.000000000000000,288339.000000000000000,6236,4136466,6632,3779300,12161,7627323
264,9/3/2021 15:00:00,5992,3854119,6930.000000000000000,3497891,973.000000000000000,289312.000000000000000,6965,4143431,7903,3787203,13895,7641218
265,9/4/2021 15:00:00,3726,3857845,4352.000000000000000,3502243,878.000000000000000,290190.000000000000000,4604,4148035,5230,3792433,8956,7650174
266,9/5/2021 15:00:00,2956,3860801,2809.000000000000000,3505052,106.000000000000000,290296.000000000000000,3062,4151097,2915,3795348,5871,7656045
267,9/6/2021 15:00:00,1059,3861860,1156.000000000000000,3506208,65.000000000000000,290361.000000000000000,1124,4152221,1221,3796569,2280,7658325
268,9/7/2021 15:00:00,5343,3867203,7299.000000000000000,3513507,2303.000000000000000,292664.000000000000000,7646,4159867,9602,3806171,14945,7673270
269,9/8/2021 15:00:00,4653,3871856,5475.000000000000000,3518982,364.000000000000000,293028.000000000000000,5017,4164884,5839,3812010,10492,7683762
270,9/9/2021 15:00:00,5017,3876873,5458.000000000000000,3524440,324.000000000000000,293352.000000000000000,5341,4170225,5782,3817792,10799,7694561
271,9/10/2021 15:00:00,6519,3883392,6655.000000000000000,3531095,1719.000000000000000,295071.000000000000000,8238,4178463,8374,3826166,14893,7709454
272,9/11/2021 15:00:00,4173,3887565,4334.000000000000000,3535429,666.000000000000000,295737.000000000000000,4839,4183302,5000,3831166,9173,7718627
273,9/12/2021 15:00:00,3172,3890737,3241.000000000000000,3538670,436.000000000000000,296173.000000000000000,3608,4186910,3677,3834843,6849,7725476
274,9/13/2021 15:00:00,4885,3895622,5067.000000000000000,3543737,346.000000000000000,296519.000000000000000,5231,4192141,5413,3840256,10298,7735774
275,9/14/2021 15:00:00,4776,3900398,5437.000000000000000,3549174,436.000000000000000,296955.000000000000000,5212,4197353,5873,3846129,10649,7746423
276,9/15/2021 15:00:00,5039,3905437,5870.000000000000000,3555044,392.000000000000000,297347.000000000000000,5431,4202784,6262,3852391,11301,7757724
277,9/16/2021 15:00:00,4808,3910245,5844.000000000000000,3560888,336.000000000000000,297683.000000000000000,5144,4207928,6180,3858571,10988,7768712
278,9/17/2021 15:00:00,5258,3915503,6584.000000000000000,3567472,344.000000000000000,298027.000000000000000,5602,4213530,6928,3865499,12186,7780898
279,9/18/2021 15:00:00,3801,3919304,4577.000000000000000,3572049,185.000000000000000,298212.000000000000000,3986,4217516,4762,3870261,8563,7789461
280,9/19/2021 15:00:00,2741,3922045,3167.000000000000000,3575216,75.000000000000000,298287.000000000000000,2816,4220332,3242,3873503,5983,7795444
281,9/20/2021 15:00:00,3750,3925795,4680.000000000000000,3579896,430.000000000000000,298717.000000000000000,4180,4224512,5110,3878613,8860,7804304
282,9/21/2021 15:00:00,4002,3929797,5001.000000000000000,3584897,327.000000000000000,299044.000000000000000,4329,4228841,5328,3883941,9330,7813634
283,9/22/2021 15:00:00,4196,3933993,4775.000000000000000,3589672,458.000000000000000,299502.000000000000000,4654,4233495,5233,3889174,9429,7823063
284,9/23/2021 15:00:00,4175,3938168,4731.000000000000000,3594403,492.000000000000000,299994.000000000000000,4667,4238162,5223,3894397,9398,7832461
285,9/24/2021 15:00:00,5078,3943246,5606.000000000000000,3600009,422.000000000000000,300416.000000000000000,5500,4243662,6028,3900425,11106,7843567
286,9/25/2021 15:00:00,3626,3946872,3632.000000000000000,3603641,384.000000000000000,300800.000000000000000,4010,4247672,4016,3904441,7642,7851209
287,9/26/2021 15:00:00,2354,3949226,2667.000000000000000,3606308,425.000000000000000,301225.000000000000000,2779,4250451,3092,3907533,5446,7856655
288,9/27/2021 15:00:00,4506,3953732,2712.000000000000000,3609020,512.000000000000000,301737.000000000000000,5018,4255469,3224,3910757,7730,7864385
289,9/28/2021 15:00:00,4400,3958132,4455.000000000000000,3613475,211.000000000000000,301948.000000000000000,4611,4260080,4666,3915423,9066,7873451
290,9/29/2021 15:00:00,4696,3962828,4511.000000000000000,3617986,920.000000000000000,302868.000000000000000,5616,4265696,5431,3920854,10127,7883578
291,9/30/2021 15:00:00,4887,3967715,4566.000000000000000,3622552,795.000000000000000,303663.000000000000000,5682,4271378,5361,3926215,10248,7893826
292,10/1/2021 15:00:00,5503,3973218,5340.000000000000000,3627892,785.000000000000000,304448.000000000000000,6288,4277666,6125,3932340,11628,7905454
293,10/2/2021 15:00:00,2937,3976155,2897.000000000000000,3630789,187.000000000000000,304635.000000000000000,3124,4280790,3084,3935424,6021,7911475
294,10/3/2021 15:00:00,2073,3978228,2378.000000000000000,3633167,86.000000000000000,304721.000000000000000,2159,4282949,2464,3937888,4537,7916012
295,10/4/2021 15:00:00,4022,3982250,3501.000000000000000,3636668,232.000000000000000,304953.000000000000000,4254,4287203,3733,3941621,7755,7923767
296,10/5/2021 15:00:00,3958,3986208,3661.000000000000000,3640329,207.000000000000000,305160.000000000000000,4165,4291368,3868,3945489,7826,7931593
297,10/6/2021 15:00:00,4023,3990231,3579.000000000000000,3643908,266.000000000000000,305426.000000000000000,4289,4295657,3845,3949334,7868,7939461
298,10/7/2021 15:00:00,4234,3994465,3627.000000000000000,3647535,331.000000000000000,305757.000000000000000,4565,4300222,3958,3953292,8192,7947653
299,10/8/2021 15:00:00,4770,3999235,4290.000000000000000,3651825,283.000000000000000,306040.000000000000000,5053,4305275,4573,3957865,9343,7956996
300,10/9/2021 15:00:00,2691,4001926,2682.000000000000000,3654507,270.000000000000000,306310.000000000000000,2961,4308236,2952,3960817,5643,7962639
301,10/10/2021 15:00:00,1865,4003791,1850.000000000000000,3656357,59.000000000000000,306369.000000000000000,1924,4310160,1909,3962726,3774,7966413
302,10/11/2021 15:00:00,4213,4008004,3338.000000000000000,3659695,249.000000000000000,306618.000000000000000,4462,4314622,3587,3966313,7800,7974213
303,10/12/2021 15:00:00,3590,4011594,3525.000000000000000,3663220,273.000000000000000,306891.000000000000000,3863,4318485,3798,3970111,7388,7981601
304,10/13/2021 15:00:00,3959,4015553,3458.000000000000000,3666678,346.000000000000000,307237.000000000000000,4305,4322790,3804,3973915,7763,7989364
305,10/14/2021 15:00:00,5161,4020714,5492.000000000000000,3672170,431.000000000000000,307668.000000000000000,5592,4328382,5923,3979838,11084,8000448
306,10/15/2021 15:00:00,4710,4025424,4596.000000000000000,3676766,347.000000000000000,308015.000000000000000,5057,4333439,4943,3984781,9653,8010101
307,10/16/2021 15:00:00,2496,4027920,2507.000000000000000,3679273,291.000000000000000,308306.000000000000000,2787,4336226,2798,3987579,5294,8015395
308,10/17/2021 15:00:00,1806,4029726,1776.000000000000000,3681049,55.000000000000000,308361.000000000000000,1861,4338087,1831,3989410,3637,8019032
309,10/18/2021 15:00:00,4283,4034009,3581.000000000000000,3684630,268.000000000000000,308629.000000000000000,4551,4342638,3849,3993259,8132,8027164
310,10/19/2021 15:00:00,4301,4038310,4031.000000000000000,3688661,223.000000000000000,308852.000000000000000,4524,4347162,4254,3997513,8555,8035719
311,10/20/2021 15:00:00,3526,4041836,3427.000000000000000,3692088,255.000000000000000,309107.000000000000000,3781,4350943,3682,4001195,7208,8042927
312,10/21/2021 15:00:00,3298,4045134,3270.000000000000000,3695358,291.000000000000000,309398.000000000000000,3589,4354532,3561,4004756,6859,8049786
313,10/22/2021 15:00:00,4681,4049815,4034.000000000000000,3699392,477.000000000000000,309875.000000000000000,5158,4359690,4511,4009267,9192,8058978
314,10/23/2021 15:00:00,2886,4052701,2115.000000000000000,3701507,321.000000000000000,310196.000000000000000,3207,4362897,2436,4011703,5322,8064300
315,10/24/2021 15:00:00,2057,4054758,1560.000000000000000,3703067,79.000000000000000,310275.000000000000000,2136,4365033,1639,4013342,3696,8067996
316,10/25/2021 15:00:00,4541,4059299,3082.000000000000000,3706149,319.000000000000000,310594.000000000000000,4860,4369893,3401,4016743,7942,8075938
317,10/26/2021 15:00:00,4506,4063805,3095.000000000000000,3709244,316.000000000000000,310910.000000000000000,4822,4374715,3411,4020154,7917,8083855
318,10/27/2021 15:00:00,4734,4068539,3345.000000000000000,3712589,437.000000000000000,311347.000000000000000,5171,4379886,3782,4023936,8516,8092371
319,10/28/2021 15:00:00,4559,4073098,3365.000000000000000,3715954,501.000000000000000,311848.000000000000000,5060,4384946,3866,4027802,8425,8100796
320,10/29/2021 15:00:00,4979,4078077,3921.000000000000000,3719875,394.000000000000000,312242.000000000000000,5373,4390319,4315,4032117,9294,8110090
321,10/30/2021 15:00:00,2632,4080709,1844.000000000000000,3721719,308.000000000000000,312550.000000000000000,2940,4393259,2152,4034269,4784,8114874
322,10/31/2021 15:00:00,1938,4082647,1522.000000000000000,3723241,93.000000000000000,312643.000000000000000,2031,4395290,1615,4035884,3553,8118427
323,11/1/2021 15:00:00,4709,4087356,3437.000000000000000,3726678,346.000000000000000,312989.000000000000000,5055,4400345,3783,4039667,8492,8126919
324,11/2/2021 15:00:00,4255,4091611,2956.000000000000000,3729634,408.000000000000000,313397.000000000000000,4663,4405008,3364,4043031,7619,8134538
325,11/3/2021 15:00:00,4665,4096276,3062.000000000000000,3732696,463.000000000000000,313860.000000000000000,5128,4410136,3525,4046556,8190,8142728
326,11/4/2021 15:00:00,6312,4102588,3368.000000000000000,3736064,513.000000000000000,314373.000000000000000,6825,4416961,3881,4050437,10193,8152921
327,11/5/2021 15:00:00,8238,4110826,3773.000000000000000,3739837,414.000000000000000,314787.000000000000000,8652,4425613,4187,4054624,12425,8165346
328,11/6/2021 15:00:00,10185,4121011,1979.000000000000000,3741816,308.000000000000000,315095.000000000000000,10493,4436106,2287,4056911,12472,8177818
329,11/7/2021 15:00:00,7732,4128743,1468.000000000000000,3743284,94.000000000000000,315189.000000000000000,7826,4443932,1562,4058473,9294,8187112
330,11/8/2021 15:00:00,11309,4140052,3050.000000000000000,3746334,379.000000000000000,315568.000000000000000,11688,4455620,3429,4061902,14738,8201850
331,11/9/2021 15:00:00,11763,4151815,2665.000000000000000,3748999,269.000000000000000,315837.000000000000000,12032,4467652,2934,4064836,14697,8216547
332,11/10/2021 15:00:00,12585,4164400,2762.000000000000000,3751761,338.000000000000000,316175.000000000000000,12923,4480575,3100,4067936,15685,8232232
333,11/11/2021 15:00:00,11373,4175773,2382.000000000000000,3754143,280.000000000000000,316455.000000000000000,11653,4492228,2662,4070598,14035,8246267
334,11/12/2021 15:00:00,12290,4188063,3360.000000000000000,3757503,548.000000000000000,317003.000000000000000,12838,4505066,3908,4074506,16198,8262465
335,11/13/2021 15:00:00,9886,4197949,1593.000000000000000,3759096,342.000000000000000,317345.000000000000000,10228,4515294,1935,4076441,11821,8274286
336,11/14/2021 15:00:00,3922,4201871,1131.000000000000000,3760227,121.000000000000000,317466.000000000000000,4043,4519337,1252,4077693,5174,8279460
337,11/15/2021 15:00:00,8622,4210493,2529.000000000000000,3762756,205.000000000000000,317671.000000000000000,8827,4528164,2734,4080427,11356,8290816
338,11/16/2021 15:00:00,9227,4219720,2502.000000000000000,3765258,255.000000000000000,317926.000000000000000,9482,4537646,2757,4083184,11984,8302800
339,11/17/2021 15:00:00,9399,4229119,2880.000000000000000,3768138,312.000000000000000,318238.000000000000000,9711,4547357,3192,4086376,12591,8315391
340,11/18/2021 15:00:00,9290,4238409,2637.000000000000000,3770775,482.000000000000000,318720.000000000000000,9772,4557129,3119,4089495,12409,8327800
341,11/19/2021 15:00:00,9795,4248204,2921.000000000000000,3773696,381.000000000000000,319101.000000000000000,10176,4567305,3302,4092797,13097,8340897
342,11/20/2021 15:00:00,10627,4258831,1608.000000000000000,3775304,455.000000000000000,319556.000000000000000,11082,4578387,2063,4094860,12690,8353587
343,11/21/2021 15:00:00,4343,4263174,1203.000000000000000,3776507,99.000000000000000,319655.000000000000000,4442,4582829,1302,4096162,5645,8359232
344,11/22/2021 15:00:00,9824,4272998,2489.000000000000000,3778996,293.000000000000000,319948.000000000000000,10117,4592946,2782,4098944,12606,8371838
345,11/23/2021 15:00:00,9206,4282204,2401.000000000000000,3781397,280.000000000000000,320228.000000000000000,9486,4602432,2681,4101625,11887,8383725
346,11/24/2021 15:00:00,8156,4290360,2447.000000000000000,3783844,216.000000000000000,320444.000000000000000,8372,4610804,2663,4104288,10819,8394544
347,11/25/2021 15:00:00,239,4290599,77.000000000000000,3783921,10.000000000000000,320454.000000000000000,249,4611053,87,4104375,326,8394870
348,11/26/2021 15:00:00,5652,4296251,3959.000000000000000,3787880,153.000000000000000,320607.000000000000000,5805,4616858,4112,4108487,9764,8404634
349,11/27/2021 15:00:00,3783,4300034,5475.000000000000000,3793355,134.000000000000000,320741.000000000000000,3917,4620775,5609,4114096,9392,8414026
350,11/28/2021 15:00:00,2414,4302448,6392.000000000000000,3799747,77.000000000000000,320818.000000000000000,2491,4623266,6469,4120565,8883,8422909
351,11/29/2021 15:00:00,6370,4308818,9285.000000000000000,3809032,379.000000000000000,321197.000000000000000,6749,4630015,9664,4130229,16034,8438943
352,11/30/2021 15:00:00,6253,4315071,9314.000000000000000,3818346,264.000000000000000,321461.000000000000000,6517,4636532,9578,4139807,15831,8454774
353,12/1/2021 15:00:00,7284,4322355,9711.000000000000000,3828057,308.000000000000000,321769.000000000000000,7592,4644124,10019,4149826,17303,8472077
354,12/2/2021 15:00:00,6910,4329265,8791.000000000000000,3836848,451.000000000000000,322220.000000000000000,7361,4651485,9242,4159068,16152,8488229
355,12/3/2021 15:00:00,7596,4336861,9256.000000000000000,3846104,249.000000000000000,322469.000000000000000,7845,4659330,9505,4168573,17101,8505330
356,12/4/2021 15:00:00,5949,4342810,10040.000000000000000,3856144,465.000000000000000,322934.000000000000000,6414,4665744,10505,4179078,16454,8521784
357,12/5/2021 15:00:00,3469,4346279,3287.000000000000000,3859431,78.000000000000000,323012.000000000000000,3547,4669291,3365,4182443,6834,8528618
358,12/6/2021 15:00:00,6751,4353030,7110.000000000000000,3866541,277.000000000000000,323289.000000000000000,7028,4676319,7387,4189830,14138,8542756
359,12/7/2021 15:00:00,6410,4359440,7027.000000000000000,3873568,249.000000000000000,323538.000000000000000,6659,4682978,7276,4197106,13686,8556442
360,12/8/2021 15:00:00,6931,4366371,7423.000000000000000,3880991,315.000000000000000,323853.000000000000000,7246,4690224,7738,4204844,14669,8571111
361,12/9/2021 15:00:00,6528,4372899,7036.000000000000000,3888027,398.000000000000000,324251.000000000000000,6926,4697150,7434,4212278,13962,8585073
362,12/10/2021 15:00:00,7272,4380171,7334.000000000000000,3895361,230.000000000000000,324481.000000000000000,7502,4704652,7564,4219842,14836,8599909
363,12/11/2021 15:00:00,4455,4384626,7668.000000000000000,3903029,333.000000000000000,324814.000000000000000,4788,4709440,8001,4227843,12456,8612365
364,12/12/2021 15:00:00,4002,4388628,2782.000000000000000,3905811,60.000000000000000,324874.000000000000000,4062,4713502,2842,4230685,6844,8619209
365,12/13/2021 15:00:00,5696,4394324,5763.000000000000000,3911574,243.000000000000000,325117.000000000000000,5939,4719441,6006,4236691,11702,8630911
366,12/14/2021 15:00:00,6454,4400778,5933.000000000000000,3917507,221.000000000000000,325338.000000000000000,6675,4726116,6154,4242845,12608,8643519
367,12/15/2021 15:00:00,7140,4407918,5686.000000000000000,3923193,251.000000000000000,325589.000000000000000,7391,4733507,5937,4248782,13077,8656596
368,12/16/2021 15:00:00,7850,4415768,2817.000000000000000,3926010,420.000000000000000,326009.000000000000000,8270,4741777,3237,4252019,11087,8667683
369,12/17/2021 15:00:00,7808,4423576,4155.000000000000000,3930165,195.000000000000000,326204.000000000000000,8003,4749780,4350,4256369,12158,8679841
370,12/18/2021 15:00:00,5824,4429400,3187.000000000000000,3933352,298.000000000000000,326502.000000000000000,6122,4755902,3485,4259854,9309,8689150
371,12/19/2021 15:00:00,3379,4432779,1344.000000000000000,3934696,36.000000000000000,326538.000000000000000,3415,4759317,1380,4261234,4759,8693909
372,12/20/2021 15:00:00,8063,4440842,3754.000000000000000,3938450,173.000000000000000,326711.000000000000000,8236,4767553,3927,4265161,11990,8705899
373,12/21/2021 15:00:00,8993,4449835,4162.000000000000000,3942612,175.000000000000000,326886.000000000000000,9168,4776721,4337,4269498,13330,8719229
374,12/22/2021 15:00:00,8678,4458513,3867.000000000000000,3946479,184.000000000000000,327070.000000000000000,8862,4785583,4051,4273549,12729,8731958
375,12/23/2021 15:00:00,8397,4466910,3559.000000000000000,3950038,359.000000000000000,327429.000000000000000,8756,4794339,3918,4277467,12315,8744273
376,12/24/2021 15:00:00,1634,4468544,1006.000000000000000,3951044,39.000000000000000,327468.000000000000000,1673,4796012,1045,4278512,2679,8746952
377,12/25/2021 15:00:00,50,4468594,36.000000000000000,3951080,1.000000000000000,327469.000000000000000,51,4796063,37,4278549,87,8747039
378,12/26/2021 15:00:00,2519,4471113,1747.000000000000000,3952827,44.000000000000000,327513.000000000000000,2563,4798626,1791,4280340,4310,8751349
379,12/27/2021 15:00:00,7195,4478308,3995.000000000000000,3956822,297.000000000000000,327810.000000000000000,7492,4806118,4292,4284632,11487,8762836
380,12/28/2021 15:00:00,7890,4486198,3845.000000000000000,3960667,177.000000000000000,327987.000000000000000,8067,4814185,4022,4288654,11912,8774748
381,12/29/2021 15:00:00,8210,4494408,4023.000000000000000,3964690,155.000000000000000,328142.000000000000000,8365,4822550,4178,4292832,12388,8787136
382,12/30/2021 15:00:00,7467,4501875,3781.000000000000000,3968471,289.000000000000000,328431.000000000000000,7756,4830306,4070,4296902,11537,8798673
383,12/31/2021 15:00:00,2571,4504446,1525.000000000000000,3969996,90.000000000000000,328521.000000000000000,2661,4832967,1615,4298517,4186,8802859
384,1/1/2022 15:00:00,737,4505183,345.000000000000000,3970341,33.000000000000000,328554.000000000000000,770,4833737,378,4298895,1115,8803974
385,1/2/2022 15:00:00,2210,4507393,1646.000000000000000,3971987,47.000000000000000,328601.000000000000000,2257,4835994,1693,4300588,3903,8807877
386,1/3/2022 15:00:00,3393,4510786,2067.000000000000000,3974054,221.000000000000000,328822.000000000000000,3614,4839608,2288,4302876,5681,8813558
387,1/4/2022 15:00:00,5841,4516627,3471.000000000000000,3977525,162.000000000000000,328984.000000000000000,6003,4845611,3633,4306509,9474,8823032
388,1/5/2022 15:00:00,6827,4523454,4690.000000000000000,3982215,176.000000000000000,329160.000000000000000,7003,4852614,4866,4311375,11693,8834725
389,1/6/2022 15:00:00,6748,4530202,4807.000000000000000,3987022,264.000000000000000,329424.000000000000000,7012,4859626,5071,4316446,11819,8846544
390,1/7/2022 15:00:00,5957,4536159,3753.000000000000000,3990775,159.000000000000000,329583.000000000000000,6116,4865742,3912,4320358,9869,8856413
391,1/8/2022 15:00:00,4804,4540963,3910.000000000000000,3994685,79.000000000000000,329662.000000000000000,4883,4870625,3989,4324347,8793,8865206
392,1/9/2022 15:00:00,2758,4543721,2016.000000000000000,3996701,154.000000000000000,329816.000000000000000,2912,4873537,2170,4326517,4928,8870134
393,1/10/2022 15:00:00,6310,4550031,3838.000000000000000,4000539,156.000000000000000,329972.000000000000000,6466,4880003,3994,4330511,10304,8880438
394,1/11/2022 15:00:00,6539,4556570,4242.000000000000000,4004781,142.000000000000000,330114.000000000000000,6681,4886684,4384,4334895,10923,8891361
395,1/12/2022 15:00:00,6804,4563374,4451.000000000000000,4009232,225.000000000000000,330339.000000000000000,7029,4893713,4676,4339571,11480,8902841
396,1/13/2022 15:00:00,6604,4569978,4376.000000000000000,4013608,150.000000000000000,330489.000000000000000,6754,4900467,4526,4344097,11130,8913971
397,1/14/2022 15:00:00,7199,4577177,3274.000000000000000,4016882,252.000000000000000,330741.000000000000000,7451,4907918,3526,4347623,10725,8924696
398,1/15/2022 15:00:00,4265,4581442,1685.000000000000000,4018567,70.000000000000000,330811.000000000000000,4335,4912253,1755,4349378,6020,8930716
399,1/16/2022 15:00:00,2216,4583658,1318.000000000000000,4019885,116.000000000000000,330927.000000000000000,2332,4914585,1434,4350812,3650,8934366
400,1/17/2022 15:00:00,3609,4587267,2365.000000000000000,4022250,74.000000000000000,331001.000000000000000,3683,4918268,2439,4353251,6048,8940414
401,1/18/2022 15:00:00,5267,4592534,4175.000000000000000,4026425,102.000000000000000,331103.000000000000000,5369,4923637,4277,4357528,9544,8949958
402,1/19/2022 15:00:00,5278,4597812,4462.000000000000000,4030887,99.000000000000000,331202.000000000000000,5377,4929014,4561,4362089,9839,8959797
403,1/20/2022 15:00:00,4520,4602332,3598.000000000000000,4034485,176.000000000000000,331378.000000000000000,4696,4933710,3774,4365863,8294,8968091
404,1/21/2022 15:00:00,5575,4607907,2921.000000000000000,4037406,126.000000000000000,331504.000000000000000,5701,4939411,3047,4368910,8622,8976713
405,1/22/2022 15:00:00,3448,4611355,1722.000000000000000,4039128,134.000000000000000,331638.000000000000000,3582,4942993,1856,4370766,5304,8982017
406,1/23/2022 15:00:00,2033,4613388,1489.000000000000000,4040617,30.000000000000000,331668.000000000000000,2063,4945056,1519,4372285,3552,8985569
407,1/24/2022 15:00:00,4117,4617505,2768.000000000000000,4043385,88.000000000000000,331756.000000000000000,4205,4949261,2856,4375141,6973,8992542
408,1/25/2022 15:00:00,3791,4621296,3302.000000000000000,4046687,93.000000000000000,331849.000000000000000,3884,4953145,3395,4378536,7186,8999728
409,1/26/2022 15:00:00,3841,4625137,3668.000000000000000,4050355,93.000000000000000,331942.000000000000000,3934,4957079,3761,4382297,7602,9007330
410,1/27/2022 15:00:00,3753,4628890,3855.000000000000000,4054210,186.000000000000000,332128.000000000000000,3939,4961018,4041,4386338,7794,9015124
411,1/28/2022 15:00:00,3816,4632706,3211.000000000000000,4057421,75.000000000000000,332203.000000000000000,3891,4964909,3286,4389624,7102,9022226
412,1/29/2022 15:00:00,2264,4634970,2263.000000000000000,4059684,117.000000000000000,332320.000000000000000,2381,4967290,2380,4392004,4644,9026870
413,1/30/2022 15:00:00,1507,4636477,1600.000000000000000,4061284,16.000000000000000,332336.000000000000000,1523,4968813,1616,4393620,3123,9029993
414,1/31/2022 15:00:00,2966,4639443,3133.000000000000000,4064417,58.000000000000000,332394.000000000000000,3024,4971837,3191,4396811,6157,9036150
415,2/1/2022 15:00:00,2615,4642058,3348.000000000000000,4067765,75.000000000000000,332469.000000000000000,2690,4974527,3423,4400234,6038,9042188
416,2/2/2022 15:00:00,2766,4644824,3614.000000000000000,4071379,71.000000000000000,332540.000000000000000,2837,4977364,3685,4403919,6451,9048639
417,2/3/2022 15:00:00,2681,4647505,3551.000000000000000,4074930,42.000000000000000,332582.000000000000000,2723,4980087,3593,4407512,6274,9054913
418,2/4/2022 15:00:00,2580,4650085,4046.000000000000000,4078976,115.000000000000000,332697.000000000000000,2695,4982782,4161,4411673,6741,9061654
419,2/5/2022 15:00:00,1803,4651888,2468.000000000000000,4081444,110.000000000000000,332807.000000000000000,1913,4984695,2578,4414251,4381,9066035
420,2/6/2022 15:00:00,298,4652186,381.000000000000000,4081825,5.000000000000000,332812.000000000000000,303,4984998,386,4414637,684,9066719