OBJECTID,VACCINATION_DATE,FirstDailyDose,FirstDoseCumulative,SecondDailyDose,SecondDoseCumulative,SingleDailyDose,SingleDoseCumulative,AtleastOneVaccine,AtleastOneVaccineCumulative,CompletedVax,CompletedVaxCumulative,FirstSecondSingleVaccination_12,FirstSecondSingleVaccination_13
1,12/14/2020 15:00:00,14,771,,311,,,14,771,0,311,14,994
2,12/15/2020 15:00:00,39,810,2.000000000000000,313,,,39,810,2,313,41,1035
3,12/16/2020 15:00:00,568,1378,2.000000000000000,315,,,568,1378,2,315,570,1605
4,12/17/2020 15:00:00,1121,2499,2.000000000000000,317,,,1121,2499,2,317,1123,2728
5,12/18/2020 15:00:00,2987,5486,9.000000000000000,326,,,2987,5486,9,326,2996,5724
6,12/19/2020 15:00:00,916,6402,5.000000000000000,331,,,916,6402,5,331,921,6645
7,12/20/2020 15:00:00,320,6722,3.000000000000000,334,,,320,6722,3,334,323,6968
8,12/21/2020 15:00:00,3833,10555,12.000000000000000,346,,,3833,10555,12,346,3845,10813
9,12/22/2020 15:00:00,6302,16857,9.000000000000000,355,,,6302,16857,9,355,6311,17124
10,12/23/2020 15:00:00,5708,22565,22.000000000000000,377,,,5708,22565,22,377,5730,22854
11,12/24/2020 15:00:00,2703,25268,8.000000000000000,385,,,2703,25268,8,385,2711,25565
12,12/25/2020 15:00:00,1032,26300,3.000000000000000,388,,,1032,26300,3,388,1035,26600
13,12/26/2020 15:00:00,1853,28153,6.000000000000000,394,,,1853,28153,6,394,1859,28459
14,12/27/2020 15:00:00,1783,29936,9.000000000000000,403,,,1783,29936,9,403,1792,30251
15,12/28/2020 15:00:00,8904,38840,31.000000000000000,434,,,8904,38840,31,434,8935,39186
16,12/29/2020 15:00:00,10889,49729,26.000000000000000,460,,,10889,49729,26,460,10915,50101
17,12/30/2020 15:00:00,12412,62141,55.000000000000000,515,,,12412,62141,55,515,12467,62568
18,12/31/2020 15:00:00,7487,69628,26.000000000000000,541,,,7487,69628,26,541,7513,70081
19,1/1/2021 15:00:00,2259,71887,85.000000000000000,626,,,2259,71887,85,626,2344,72425
20,1/2/2021 15:00:00,2929,74816,32.000000000000000,658,,,2929,74816,32,658,2961,75386
21,1/3/2021 15:00:00,3347,78163,76.000000000000000,734,,,3347,78163,76,734,3423,78809
22,1/4/2021 15:00:00,13198,91361,297.000000000000000,1031,,,13198,91361,297,1031,13495,92304
23,1/5/2021 15:00:00,12333,103694,494.000000000000000,1525,,,12333,103694,494,1525,12827,105131
24,1/6/2021 15:00:00,15095,118789,818.000000000000000,2343,,,15095,118789,818,2343,15913,121044
25,1/7/2021 15:00:00,14902,133691,1702.000000000000000,4045,,,14902,133691,1702,4045,16604,137648
26,1/8/2021 15:00:00,23882,157573,2707.000000000000000,6752,,,23882,157573,2707,6752,26589,164237
27,1/9/2021 15:00:00,5092,162665,934.000000000000000,7686,,,5092,162665,934,7686,6026,170263
28,1/10/2021 15:00:00,2886,165551,360.000000000000000,8046,,,2886,165551,360,8046,3246,173509
29,1/11/2021 15:00:00,13627,179178,3382.000000000000000,11428,,,13627,179178,3382,11428,17009,190518
30,1/12/2021 15:00:00,17216,196394,5545.000000000000000,16973,,,17216,196394,5545,16973,22761,213279
31,1/13/2021 15:00:00,18441,214835,3825.000000000000000,20798,,,18441,214835,3825,20798,22266,235545
32,1/14/2021 15:00:00,17752,232587,1895.000000000000000,22693,,,17752,232587,1895,22693,19647,255192
33,1/15/2021 15:00:00,19401,251988,1919.000000000000000,24612,,,19401,251988,1919,24612,21320,276512
34,1/16/2021 15:00:00,5737,257725,1567.000000000000000,26179,,,5737,257725,1567,26179,7304,283816
35,1/17/2021 15:00:00,2082,259807,1459.000000000000000,27638,,,2082,259807,1459,27638,3541,287357
36,1/18/2021 15:00:00,6995,266802,3209.000000000000000,30847,,,6995,266802,3209,30847,10204,297561
37,1/19/2021 15:00:00,17098,283900,5293.000000000000000,36140,,,17098,283900,5293,36140,22391,319952
38,1/20/2021 15:00:00,21170,305070,5210.000000000000000,41350,,,21170,305070,5210,41350,26380,346332
39,1/21/2021 15:00:00,23732,328802,3635.000000000000000,44985,,,23732,328802,3635,44985,27367,373699
40,1/22/2021 15:00:00,28785,357587,3538.000000000000000,48523,,,28785,357587,3538,48523,32323,406022
41,1/23/2021 15:00:00,9991,367578,1886.000000000000000,50409,,,9991,367578,1886,50409,11877,417899
42,1/24/2021 15:00:00,3302,370880,1694.000000000000000,52103,,,3302,370880,1694,52103,4996,422895
43,1/25/2021 15:00:00,16577,387457,8452.000000000000000,60555,,,16577,387457,8452,60555,25029,447924
44,1/26/2021 15:00:00,17834,405291,8848.000000000000000,69403,,,17834,405291,8848,69403,26682,474606
45,1/27/2021 15:00:00,25002,430293,12330.000000000000000,81733,,,25002,430293,12330,81733,37332,511938
46,1/28/2021 15:00:00,23240,453533,9166.000000000000000,90899,,,23240,453533,9166,90899,32406,544344
47,1/29/2021 15:00:00,25479,479012,7736.000000000000000,98635,,,25479,479012,7736,98635,33215,577559
48,1/30/2021 15:00:00,18391,497403,2453.000000000000000,101088,,,18391,497403,2453,101088,20844,598403
49,1/31/2021 15:00:00,4106,501509,1275.000000000000000,102363,,,4106,501509,1275,102363,5381,603784
50,2/1/2021 15:00:00,7447,508956,4863.000000000000000,107226,,,7447,508956,4863,107226,12310,616094
51,2/2/2021 15:00:00,12737,521693,13660.000000000000000,120886,,,12737,521693,13660,120886,26397,642491
52,2/3/2021 15:00:00,18622,540315,18007.000000000000000,138893,,,18622,540315,18007,138893,36629,679120
53,2/4/2021 15:00:00,22403,562718,15652.000000000000000,154545,,,22403,562718,15652,154545,38055,717175
54,2/5/2021 15:00:00,20477,583195,17338.000000000000000,171883,,,20477,583195,17338,171883,37815,754990
55,2/6/2021 15:00:00,12081,595276,14355.000000000000000,186238,,,12081,595276,14355,186238,26436,781426
56,2/7/2021 15:00:00,5942,601218,1744.000000000000000,187982,,,5942,601218,1744,187982,7686,789112
57,2/8/2021 15:00:00,13241,614459,13048.000000000000000,201030,,,13241,614459,13048,201030,26289,815401
58,2/9/2021 15:00:00,16642,631101,13950.000000000000000,214980,,,16642,631101,13950,214980,30592,845993
59,2/10/2021 15:00:00,19228,650329,21325.000000000000000,236305,,,19228,650329,21325,236305,40553,886546
60,2/11/2021 15:00:00,22833,673162,17453.000000000000000,253758,,,22833,673162,17453,253758,40286,926832
61,2/12/2021 15:00:00,20334,693496,19803.000000000000000,273561,,,20334,693496,19803,273561,40137,966969
62,2/13/2021 15:00:00,11345,704841,6313.000000000000000,279874,,,11345,704841,6313,279874,17658,984627
63,2/14/2021 15:00:00,7059,711900,2053.000000000000000,281927,,,7059,711900,2053,281927,9112,993739
64,2/15/2021 15:00:00,11666,723566,13164.000000000000000,295091,,,11666,723566,13164,295091,24830,1018569
65,2/16/2021 15:00:00,16537,740103,21611.000000000000000,316702,,,16537,740103,21611,316702,38148,1056717
66,2/17/2021 15:00:00,20586,760689,27084.000000000000000,343786,,,20586,760689,27084,343786,47670,1104387
67,2/18/2021 15:00:00,3145,763834,4700.000000000000000,348486,,,3145,763834,4700,348486,7845,1112232
68,2/19/2021 15:00:00,10231,774065,20351.000000000000000,368837,,,10231,774065,20351,368837,30582,1142814
69,2/20/2021 15:00:00,10279,784344,20811.000000000000000,389648,,,10279,784344,20811,389648,31090,1173904
70,2/21/2021 15:00:00,6139,790483,7899.000000000000000,397547,,,6139,790483,7899,397547,14038,1187942
71,2/22/2021 15:00:00,8051,798534,15834.000000000000000,413381,,,8051,798534,15834,413381,23885,1211827
72,2/23/2021 15:00:00,15551,814085,16423.000000000000000,429804,,,15551,814085,16423,429804,31974,1243801
73,2/24/2021 15:00:00,17934,832019,25119.000000000000000,454923,,,17934,832019,25119,454923,43053,1286854
74,2/25/2021 15:00:00,20369,852388,26835.000000000000000,481758,,,20369,852388,26835,481758,47204,1334058
75,2/26/2021 15:00:00,26778,879166,26387.000000000000000,508145,,,26778,879166,26387,508145,53165,1387223
76,2/27/2021 15:00:00,16071,895237,11658.000000000000000,519803,,,16071,895237,11658,519803,27729,1414952
77,2/28/2021 15:00:00,15478,910715,4780.000000000000000,524583,,,15478,910715,4780,524583,20258,1435210
78,3/1/2021 15:00:00,25582,936297,12358.000000000000000,536941,,,25582,936297,12358,536941,37940,1473150
79,3/2/2021 15:00:00,23927,960224,13247.000000000000000,550188,29.000000000000000,29.000000000000000,23956,960253,13276,550217,37203,1510353
80,3/3/2021 15:00:00,30118,990342,18305.000000000000000,568493,169.000000000000000,198.000000000000000,30287,990540,18474,568691,48592,1558945
81,3/4/2021 15:00:00,31011,1021353,18062.000000000000000,586555,4061.000000000000000,4259.000000000000000,35072,1025612,22123,590814,53134,1612079
82,3/5/2021 15:00:00,29483,1050836,19301.000000000000000,605856,4901.000000000000000,9160.000000000000000,34384,1059996,24202,615016,53685,1665764
83,3/6/2021 15:00:00,17719,1068555,8882.000000000000000,614738,5983.000000000000000,15143.000000000000000,23702,1083698,14865,629881,32584,1698348
84,3/7/2021 15:00:00,12049,1080604,4772.000000000000000,619510,6609.000000000000000,21752.000000000000000,18658,1102356,11381,641262,23430,1721778
85,3/8/2021 15:00:00,26130,1106734,8694.000000000000000,628204,8282.000000000000000,30034.000000000000000,34412,1136768,16976,658238,43106,1764884
86,3/9/2021 15:00:00,26347,1133081,15313.000000000000000,643517,8340.000000000000000,38374.000000000000000,34687,1171455,23653,681891,50000,1814884
87,3/10/2021 15:00:00,30068,1163149,15840.000000000000000,659357,7937.000000000000000,46311.000000000000000,38005,1209460,23777,705668,53845,1868729
88,3/11/2021 15:00:00,36150,1199299,16334.000000000000000,675691,4032.000000000000000,50343.000000000000000,40182,1249642,20366,726034,56516,1925245
89,3/12/2021 15:00:00,37127,1236426,17945.000000000000000,693636,2917.000000000000000,53260.000000000000000,40044,1289686,20862,746896,57989,1983234
90,3/13/2021 15:00:00,22564,1258990,10165.000000000000000,703801,1594.000000000000000,54854.000000000000000,24158,1313844,11759,758655,34323,2017557
91,3/14/2021 15:00:00,17830,1276820,6631.000000000000000,710432,990.000000000000000,55844.000000000000000,18820,1332664,7621,766276,25451,2043008
92,3/15/2021 15:00:00,29927,1306747,11262.000000000000000,721694,591.000000000000000,56435.000000000000000,30518,1363182,11853,778129,41780,2084788
93,3/16/2021 15:00:00,33567,1340314,13479.000000000000000,735173,764.000000000000000,57199.000000000000000,34331,1397513,14243,792372,47810,2132598
94,3/17/2021 15:00:00,37686,1378000,16913.000000000000000,752086,1179.000000000000000,58378.000000000000000,38865,1436378,18092,810464,55778,2188376
95,3/18/2021 15:00:00,41425,1419425,12545.000000000000000,764631,1353.000000000000000,59731.000000000000000,42778,1479156,13898,824362,55323,2243699
96,3/19/2021 15:00:00,38252,1457677,15530.000000000000000,780161,1041.000000000000000,60772.000000000000000,39293,1518449,16571,840933,54823,2298522
97,3/20/2021 15:00:00,24477,1482154,9969.000000000000000,790130,1117.000000000000000,61889.000000000000000,25594,1544043,11086,852019,35563,2334085
98,3/21/2021 15:00:00,19103,1501257,7755.000000000000000,797885,326.000000000000000,62215.000000000000000,19429,1563472,8081,860100,27184,2361269
99,3/22/2021 15:00:00,32569,1533826,11554.000000000000000,809439,826.000000000000000,63041.000000000000000,33395,1596867,12380,872480,44949,2406218
100,3/23/2021 15:00:00,37770,1571596,17388.000000000000000,826827,1540.000000000000000,64581.000000000000000,39310,1636177,18928,891408,56698,2462916
101,3/24/2021 15:00:00,41142,1612738,21085.000000000000000,847912,1371.000000000000000,65952.000000000000000,42513,1678690,22456,913864,63598,2526514
102,3/25/2021 15:00:00,42452,1655190,20950.000000000000000,868862,2515.000000000000000,68467.000000000000000,44967,1723657,23465,937329,65917,2592431
103,3/26/2021 15:00:00,36580,1691770,26401.000000000000000,895263,2498.000000000000000,70965.000000000000000,39078,1762735,28899,966228,65479,2657910
104,3/27/2021 15:00:00,27816,1719586,16821.000000000000000,912084,2765.000000000000000,73730.000000000000000,30581,1793316,19586,985814,47402,2705312
105,3/28/2021 15:00:00,17001,1736587,12544.000000000000000,924628,1612.000000000000000,75342.000000000000000,18613,1811929,14156,999970,31157,2736469
106,3/29/2021 15:00:00,29733,1766320,26445.000000000000000,951073,1134.000000000000000,76476.000000000000000,30867,1842796,27579,1027549,57312,2793781
107,3/30/2021 15:00:00,40055,1806375,29077.000000000000000,980150,1848.000000000000000,78324.000000000000000,41903,1884699,30925,1058474,70980,2864761
108,3/31/2021 15:00:00,41047,1847422,34763.000000000000000,1014913,5739.000000000000000,84063.000000000000000,46786,1931485,40502,1098976,81549,2946310
109,4/1/2021 15:00:00,40361,1887783,39510.000000000000000,1054423,5585.000000000000000,89648.000000000000000,45946,1977431,45095,1144071,85456,3031766
110,4/2/2021 15:00:00,34903,1922686,32648.000000000000000,1087071,6080.000000000000000,95728.000000000000000,40983,2018414,38728,1182799,73631,3105397
111,4/3/2021 15:00:00,21557,1944243,18588.000000000000000,1105659,4425.000000000000000,100153.000000000000000,25982,2044396,23013,1205812,44570,3149967
112,4/4/2021 15:00:00,8263,1952506,10126.000000000000000,1115785,956.000000000000000,101109.000000000000000,9219,2053615,11082,1216894,19345,3169312
113,4/5/2021 15:00:00,27935,1980441,28997.000000000000000,1144782,6631.000000000000000,107740.000000000000000,34566,2088181,35628,1252522,63563,3232875
114,4/6/2021 15:00:00,39858,2020299,30504.000000000000000,1175286,10467.000000000000000,118207.000000000000000,50325,2138506,40971,1293493,80829,3313704
115,4/7/2021 15:00:00,36142,2056441,34170.000000000000000,1209456,12937.000000000000000,131144.000000000000000,49079,2187585,47107,1340600,83249,3396953
116,4/8/2021 15:00:00,42405,2098846,35988.000000000000000,1245444,13853.000000000000000,144997.000000000000000,56258,2243843,49841,1390441,92246,3489199
117,4/9/2021 15:00:00,34099,2132945,36299.000000000000000,1281743,14487.000000000000000,159484.000000000000000,48586,2292429,50786,1441227,84885,3574084
118,4/10/2021 15:00:00,23994,2156939,22960.000000000000000,1304703,7616.000000000000000,167100.000000000000000,31610,2324039,30576,1471803,54570,3628654
119,4/11/2021 15:00:00,17544,2174483,13229.000000000000000,1317932,10618.000000000000000,177718.000000000000000,28162,2352201,23847,1495650,41391,3670045
120,4/12/2021 15:00:00,24679,2199162,33106.000000000000000,1351038,10933.000000000000000,188651.000000000000000,35612,2387813,44039,1539689,68718,3738763
121,4/13/2021 15:00:00,126916,2326078,90626.000000000000000,1441664,3292.000000000000000,191943.000000000000000,130208,2518021,93918,1633607,220834,3959597
122,4/14/2021 15:00:00,40805,2366883,37806.000000000000000,1479470,207.000000000000000,192150.000000000000000,41012,2559033,38013,1671620,78818,4038415
123,4/15/2021 15:00:00,41831,2408714,39155.000000000000000,1518625,169.000000000000000,192319.000000000000000,42000,2601033,39324,1710944,81155,4119570
124,4/16/2021 15:00:00,37342,2446056,38709.000000000000000,1557334,22.000000000000000,192341.000000000000000,37364,2638397,38731,1749675,76073,4195643
125,4/17/2021 15:00:00,32983,2479039,21902.000000000000000,1579236,11.000000000000000,192352.000000000000000,32994,2671391,21913,1771588,54896,4250539
126,4/18/2021 15:00:00,20007,2499046,16122.000000000000000,1595358,4.000000000000000,192356.000000000000000,20011,2691402,16126,1787714,36133,4286672
127,4/19/2021 15:00:00,29952,2528998,36499.000000000000000,1631857,61.000000000000000,192417.000000000000000,30013,2721415,36560,1824274,66512,4353184
128,4/20/2021 15:00:00,33099,2562097,44051.000000000000000,1675908,54.000000000000000,192471.000000000000000,33153,2754568,44105,1868379,77204,4430388
129,4/21/2021 15:00:00,39790,2601887,46827.000000000000000,1722735,20.000000000000000,192491.000000000000000,39810,2794378,46847,1915226,86637,4517025
130,4/22/2021 15:00:00,36403,2638290,41841.000000000000000,1764576,16.000000000000000,192507.000000000000000,36419,2830797,41857,1957083,78260,4595285
131,4/23/2021 15:00:00,33129,2671419,39915.000000000000000,1804491,12.000000000000000,192519.000000000000000,33141,2863938,39927,1997010,73056,4668341
132,4/24/2021 15:00:00,26349,2697768,28540.000000000000000,1833031,80.000000000000000,192599.000000000000000,26429,2890367,28620,2025630,54969,4723310
133,4/25/2021 15:00:00,20190,2717958,10878.000000000000000,1843909,30.000000000000000,192629.000000000000000,20220,2910587,10908,2036538,31098,4754408
134,4/26/2021 15:00:00,27404,2745362,32697.000000000000000,1876606,203.000000000000000,192832.000000000000000,27607,2938194,32900,2069438,60304,4814712
135,4/27/2021 15:00:00,26712,2772074,32968.000000000000000,1909574,1094.000000000000000,193926.000000000000000,27806,2966000,34062,2103500,60774,4875486
136,4/28/2021 15:00:00,28974,2801048,39452.000000000000000,1949026,1359.000000000000000,195285.000000000000000,30333,2996333,40811,2144311,69785,4945271
137,4/29/2021 15:00:00,27386,2828434,39329.000000000000000,1988355,1463.000000000000000,196748.000000000000000,28849,3025182,40792,2185103,68178,5013449
138,4/30/2021 15:00:00,28208,2856642,32039.000000000000000,2020394,1637.000000000000000,198385.000000000000000,29845,3055027,33676,2218779,61884,5075333
139,5/1/2021 15:00:00,20213,2876855,26535.000000000000000,2046929,1007.000000000000000,199392.000000000000000,21220,3076247,27542,2246321,47755,5123088
140,5/2/2021 15:00:00,10247,2887102,16974.000000000000000,2063903,818.000000000000000,200210.000000000000000,11065,3087312,17792,2264113,28039,5151127
141,5/3/2021 15:00:00,13054,2900156,29682.000000000000000,2093585,1914.000000000000000,202124.000000000000000,14968,3102280,31596,2295709,44650,5195777
142,5/4/2021 15:00:00,14206,2914362,39445.000000000000000,2133030,1730.000000000000000,203854.000000000000000,15936,3118216,41175,2336884,55381,5251158
143,5/5/2021 15:00:00,19296,2933658,37706.000000000000000,2170736,1913.000000000000000,205767.000000000000000,21209,3139425,39619,2376503,58915,5310073
144,5/6/2021 15:00:00,16975,2950633,40509.000000000000000,2211245,1710.000000000000000,207477.000000000000000,18685,3158110,42219,2418722,59194,5369267
145,5/7/2021 15:00:00,17401,2968034,35964.000000000000000,2247209,1952.000000000000000,209429.000000000000000,19353,3177463,37916,2456638,55317,5424584
146,5/8/2021 15:00:00,10774,2978808,31114.000000000000000,2278323,1291.000000000000000,210720.000000000000000,12065,3189528,32405,2489043,43179,5467763
147,5/9/2021 15:00:00,5047,2983855,11854.000000000000000,2290177,695.000000000000000,211415.000000000000000,5742,3195270,12549,2501592,17596,5485359
148,5/10/2021 15:00:00,8936,2992791,31088.000000000000000,2321265,1358.000000000000000,212773.000000000000000,10294,3205564,32446,2534038,41382,5526741
149,5/11/2021 15:00:00,12187,3004978,30255.000000000000000,2351520,1443.000000000000000,214216.000000000000000,13630,3219194,31698,2565736,43885,5570626
150,5/12/2021 15:00:00,13915,3018893,38513.000000000000000,2390033,1909.000000000000000,216125.000000000000000,15824,3235018,40422,2606158,54337,5624963
151,5/13/2021 15:00:00,21806,3040699,33364.000000000000000,2423397,1353.000000000000000,217478.000000000000000,23159,3258177,34717,2640875,56523,5681486
152,5/14/2021 15:00:00,24315,3065014,29933.000000000000000,2453330,1770.000000000000000,219248.000000000000000,26085,3284262,31703,2672578,56018,5737504
153,5/15/2021 15:00:00,21840,3086854,24976.000000000000000,2478306,1531.000000000000000,220779.000000000000000,23371,3307633,26507,2699085,48347,5785851
154,5/16/2021 15:00:00,9051,3095905,17489.000000000000000,2495795,1113.000000000000000,221892.000000000000000,10164,3317797,18602,2717687,27653,5813504
155,5/17/2021 15:00:00,16834,3112739,28347.000000000000000,2524142,1947.000000000000000,223839.000000000000000,18781,3336578,30294,2747981,47128,5860632
156,5/18/2021 15:00:00,21247,3133986,30665.000000000000000,2554807,1943.000000000000000,225782.000000000000000,23190,3359768,32608,2780589,53855,5914487
157,5/19/2021 15:00:00,27567,3161553,32335.000000000000000,2587142,1622.000000000000000,227404.000000000000000,29189,3388957,33957,2814546,61524,5976011
158,5/20/2021 15:00:00,20776,3182329,33230.000000000000000,2620372,1962.000000000000000,229366.000000000000000,22738,3411695,35192,2849738,55968,6031979
159,5/21/2021 15:00:00,19146,3201475,30184.000000000000000,2650556,1611.000000000000000,230977.000000000000000,20757,3432452,31795,2881533,50941,6082920
160,5/22/2021 15:00:00,16879,3218354,20574.000000000000000,2671130,1270.000000000000000,232247.000000000000000,18149,3450601,21844,2903377,38723,6121643
161,5/23/2021 15:00:00,8743,3227097,11391.000000000000000,2682521,959.000000000000000,233206.000000000000000,9702,3460303,12350,2915727,21093,6142736
162,5/24/2021 15:00:00,13454,3240551,17837.000000000000000,2700358,1479.000000000000000,234685.000000000000000,14933,3475236,19316,2935043,32770,6175506
163,5/25/2021 15:00:00,12886,3253437,18757.000000000000000,2719115,1328.000000000000000,236013.000000000000000,14214,3489450,20085,2955128,32971,6208477
164,5/26/2021 15:00:00,18254,3271691,19411.000000000000000,2738526,1510.000000000000000,237523.000000000000000,19764,3509214,20921,2976049,39175,6247652
165,5/27/2021 15:00:00,11669,3283360,18606.000000000000000,2757132,1131.000000000000000,238654.000000000000000,12800,3522014,19737,2995786,31406,6279058
166,5/28/2021 15:00:00,12467,3295827,19721.000000000000000,2776853,1401.000000000000000,240055.000000000000000,13868,3535882,21122,3016908,33589,6312647
167,5/29/2021 15:00:00,9535,3305362,11594.000000000000000,2788447,936.000000000000000,240991.000000000000000,10471,3546353,12530,3029438,22065,6334712
168,5/30/2021 15:00:00,4891,3310253,6459.000000000000000,2794906,596.000000000000000,241587.000000000000000,5487,3551840,7055,3036493,11946,6346658
169,5/31/2021 15:00:00,1768,3312021,3678.000000000000000,2798584,305.000000000000000,241892.000000000000000,2073,3553913,3983,3040476,5751,6352409
170,6/1/2021 15:00:00,9341,3321362,16525.000000000000000,2815109,1140.000000000000000,243032.000000000000000,10481,3564394,17665,3058141,27006,6379415
171,6/2/2021 15:00:00,10132,3331494,16780.000000000000000,2831889,958.000000000000000,243990.000000000000000,11090,3575484,17738,3075879,27870,6407285
172,6/3/2021 15:00:00,7888,3339382,21145.000000000000000,2853034,1083.000000000000000,245073.000000000000000,8971,3584455,22228,3098107,30116,6437401
173,6/4/2021 15:00:00,8214,3347596,22140.000000000000000,2875174,1124.000000000000000,246197.000000000000000,9338,3593793,23264,3121371,31478,6468879
174,6/5/2021 15:00:00,6980,3354576,19355.000000000000000,2894529,718.000000000000000,246915.000000000000000,7698,3601491,20073,3141444,27053,6495932
175,6/6/2021 15:00:00,3469,3358045,7167.000000000000000,2901696,418.000000000000000,247333.000000000000000,3887,3605378,7585,3149029,11054,6506986
176,6/7/2021 15:00:00,6818,3364863,15693.000000000000000,2917389,726.000000000000000,248059.000000000000000,7544,3612922,16419,3165448,23237,6530223
177,6/8/2021 15:00:00,6676,3371539,19677.000000000000000,2937066,816.000000000000000,248875.000000000000000,7492,3620414,20493,3185941,27169,6557392
178,6/9/2021 15:00:00,8195,3379734,23824.000000000000000,2960890,968.000000000000000,249843.000000000000000,9163,3629577,24792,3210733,32987,6590379
179,6/10/2021 15:00:00,7161,3386895,19051.000000000000000,2979941,897.000000000000000,250740.000000000000000,8058,3637635,19948,3230681,27109,6617488
180,6/11/2021 15:00:00,7434,3394329,17651.000000000000000,2997592,1125.000000000000000,251865.000000000000000,8559,3646194,18776,3249457,26210,6643698
181,6/12/2021 15:00:00,5229,3399558,14669.000000000000000,3012261,602.000000000000000,252467.000000000000000,5831,3652025,15271,3264728,20500,6664198
182,6/13/2021 15:00:00,1928,3401486,7548.000000000000000,3019809,426.000000000000000,252893.000000000000000,2354,3654379,7974,3272702,9902,6674100
183,6/14/2021 15:00:00,5653,3407139,11766.000000000000000,3031575,724.000000000000000,253617.000000000000000,6377,3660756,12490,3285192,18143,6692243
184,6/15/2021 15:00:00,5630,3412769,14292.000000000000000,3045867,857.000000000000000,254474.000000000000000,6487,3667243,15149,3300341,20779,6713022
185,6/16/2021 15:00:00,8707,3421476,21471.000000000000000,3067338,752.000000000000000,255226.000000000000000,9459,3676702,22223,3322564,30930,6743952
186,6/17/2021 15:00:00,6665,3428141,12344.000000000000000,3079682,720.000000000000000,255946.000000000000000,7385,3684087,13064,3335628,19729,6763681
187,6/18/2021 15:00:00,6831,3434972,12618.000000000000000,3092300,695.000000000000000,256641.000000000000000,7526,3691613,13313,3348941,20144,6783825
188,6/19/2021 15:00:00,4659,3439631,9334.000000000000000,3101634,614.000000000000000,257255.000000000000000,5273,3696886,9948,3358889,14607,6798432
189,6/20/2021 15:00:00,2499,3442130,5017.000000000000000,3106651,377.000000000000000,257632.000000000000000,2876,3699762,5394,3364283,7893,6806325
190,6/21/2021 15:00:00,5534,3447664,5293.000000000000000,3111944,635.000000000000000,258267.000000000000000,6169,3705931,5928,3370211,11462,6817787
191,6/22/2021 15:00:00,5184,3452848,8835.000000000000000,3120779,681.000000000000000,258948.000000000000000,5865,3711796,9516,3379727,14700,6832487
192,6/23/2021 15:00:00,6048,3458896,10251.000000000000000,3131030,641.000000000000000,259589.000000000000000,6689,3718485,10892,3390619,16940,6849427
193,6/24/2021 15:00:00,5917,3464813,8164.000000000000000,3139194,589.000000000000000,260178.000000000000000,6506,3724991,8753,3399372,14670,6864097
194,6/25/2021 15:00:00,5805,3470618,8570.000000000000000,3147764,620.000000000000000,260798.000000000000000,6425,3731416,9190,3408562,14995,6879092
195,6/26/2021 15:00:00,3694,3474312,6252.000000000000000,3154016,393.000000000000000,261191.000000000000000,4087,3735503,6645,3415207,10339,6889431
196,6/27/2021 15:00:00,2788,3477100,3526.000000000000000,3157542,182.000000000000000,261373.000000000000000,2970,3738473,3708,3418915,6496,6895927
197,6/28/2021 15:00:00,4719,3481819,6065.000000000000000,3163607,521.000000000000000,261894.000000000000000,5240,3743713,6586,3425501,11305,6907232
198,6/29/2021 15:00:00,5047,3486866,6479.000000000000000,3170086,517.000000000000000,262411.000000000000000,5564,3749277,6996,3432497,12043,6919275
199,6/30/2021 15:00:00,5587,3492453,7382.000000000000000,3177468,603.000000000000000,263014.000000000000000,6190,3755467,7985,3440482,13572,6932847
200,7/1/2021 15:00:00,5246,3497699,6885.000000000000000,3184353,484.000000000000000,263498.000000000000000,5730,3761197,7369,3447851,12615,6945462
201,7/2/2021 15:00:00,5258,3502957,6804.000000000000000,3191157,515.000000000000000,264013.000000000000000,5773,3766970,7319,3455170,12577,6958039
202,7/3/2021 15:00:00,3256,3506213,4056.000000000000000,3195213,260.000000000000000,264273.000000000000000,3516,3770486,4316,3459486,7572,6965611
203,7/4/2021 15:00:00,492,3506705,536.000000000000000,3195749,66.000000000000000,264339.000000000000000,558,3771044,602,3460088,1094,6966705
204,7/5/2021 15:00:00,3743,3510448,3952.000000000000000,3199701,280.000000000000000,264619.000000000000000,4023,3775067,4232,3464320,7975,6974680
205,7/6/2021 15:00:00,4456,3514904,6198.000000000000000,3205899,447.000000000000000,265066.000000000000000,4903,3779970,6645,3470965,11101,6985781
206,7/7/2021 15:00:00,4445,3519349,6338.000000000000000,3212237,477.000000000000000,265543.000000000000000,4922,3784892,6815,3477780,11260,6997041
207,7/8/2021 15:00:00,4824,3524173,6094.000000000000000,3218331,561.000000000000000,266104.000000000000000,5385,3790277,6655,3484435,11479,7008520
208,7/9/2021 15:00:00,5321,3529494,6598.000000000000000,3224929,569.000000000000000,266673.000000000000000,5890,3796167,7167,3491602,12488,7021008
209,7/10/2021 15:00:00,3519,3533013,4361.000000000000000,3229290,301.000000000000000,266974.000000000000000,3820,3799987,4662,3496264,8181,7029189
210,7/11/2021 15:00:00,2656,3535669,2545.000000000000000,3231835,221.000000000000000,267195.000000000000000,2877,3802864,2766,3499030,5422,7034611
211,7/12/2021 15:00:00,4396,3540065,5094.000000000000000,3236929,373.000000000000000,267568.000000000000000,4769,3807633,5467,3504497,9863,7044474
212,7/13/2021 15:00:00,4730,3544795,4561.000000000000000,3241490,358.000000000000000,267926.000000000000000,5088,3812721,4919,3509416,9649,7054123
213,7/14/2021 15:00:00,4591,3549386,5209.000000000000000,3246699,417.000000000000000,268343.000000000000000,5008,3817729,5626,3515042,10217,7064340
214,7/15/2021 15:00:00,4861,3554247,4939.000000000000000,3251638,355.000000000000000,268698.000000000000000,5216,3822945,5294,3520336,10155,7074495
215,7/16/2021 15:00:00,6257,3560504,5786.000000000000000,3257424,399.000000000000000,269097.000000000000000,6656,3829601,6185,3526521,12442,7086937
216,7/17/2021 15:00:00,3402,3563906,3535.000000000000000,3260959,298.000000000000000,269395.000000000000000,3700,3833301,3833,3530354,7235,7094172
217,7/18/2021 15:00:00,2302,3566208,2363.000000000000000,3263322,107.000000000000000,269502.000000000000000,2409,3835710,2470,3532824,4772,7098944
218,7/19/2021 15:00:00,5211,3571419,4451.000000000000000,3267773,371.000000000000000,269873.000000000000000,5582,3841292,4822,3537646,10033,7108977
219,7/20/2021 15:00:00,5316,3576735,4661.000000000000000,3272434,365.000000000000000,270238.000000000000000,5681,3846973,5026,3542672,10342,7119319
220,7/21/2021 15:00:00,5598,3582333,4901.000000000000000,3277335,410.000000000000000,270648.000000000000000,6008,3852981,5311,3547983,10909,7130228
221,7/22/2021 15:00:00,5980,3588313,4612.000000000000000,3281947,401.000000000000000,271049.000000000000000,6381,3859362,5013,3552996,10993,7141221
222,7/23/2021 15:00:00,6811,3595124,4837.000000000000000,3286784,484.000000000000000,271533.000000000000000,7295,3866657,5321,3558317,12132,7153353
223,7/24/2021 15:00:00,4258,3599382,3188.000000000000000,3289972,265.000000000000000,271798.000000000000000,4523,3871180,3453,3561770,7711,7161064
224,7/25/2021 15:00:00,3283,3602665,1122.000000000000000,3291094,139.000000000000000,271937.000000000000000,3422,3874602,1261,3563031,4544,7165608
225,7/26/2021 15:00:00,6173,3608838,3891.000000000000000,3294985,410.000000000000000,272347.000000000000000,6583,3881185,4301,3567332,10474,7176082
226,7/27/2021 15:00:00,6328,3615166,4045.000000000000000,3299030,449.000000000000000,272796.000000000000000,6777,3887962,4494,3571826,10822,7186904
227,7/28/2021 15:00:00,6750,3621916,3988.000000000000000,3303018,453.000000000000000,273249.000000000000000,7203,3895165,4441,3576267,11191,7198095
228,7/29/2021 15:00:00,6772,3628688,4128.000000000000000,3307146,409.000000000000000,273658.000000000000000,7181,3902346,4537,3580804,11309,7209404
229,7/30/2021 15:00:00,7442,3636130,4489.000000000000000,3311635,515.000000000000000,274173.000000000000000,7957,3910303,5004,3585808,12446,7221850
230,7/31/2021 15:00:00,4688,3640818,3006.000000000000000,3314641,269.000000000000000,274442.000000000000000,4957,3915260,3275,3589083,7963,7229813
231,8/1/2021 15:00:00,3706,3644524,2067.000000000000000,3316708,151.000000000000000,274593.000000000000000,3857,3919117,2218,3591301,5924,7235737
232,8/2/2021 15:00:00,6952,3651476,3624.000000000000000,3320332,332.000000000000000,274925.000000000000000,7284,3926401,3956,3595257,10908,7246645
233,8/3/2021 15:00:00,6931,3658407,3865.000000000000000,3324197,501.000000000000000,275426.000000000000000,7432,3933833,4366,3599623,11297,7257942
234,8/4/2021 15:00:00,7143,3665550,3880.000000000000000,3328077,521.000000000000000,275947.000000000000000,7664,3941497,4401,3604024,11544,7269486
235,8/5/2021 15:00:00,7607,3673157,4104.000000000000000,3332181,533.000000000000000,276480.000000000000000,8140,3949637,4637,3608661,12244,7281730
236,8/6/2021 15:00:00,8232,3681389,4676.000000000000000,3336857,439.000000000000000,276919.000000000000000,8671,3958308,5115,3613776,13347,7295077
237,8/7/2021 15:00:00,5210,3686599,2778.000000000000000,3339635,260.000000000000000,277179.000000000000000,5470,3963778,3038,3616814,8248,7303325
238,8/8/2021 15:00:00,3911,3690510,2043.000000000000000,3341678,140.000000000000000,277319.000000000000000,4051,3967829,2183,3618997,6094,7309419
239,8/9/2021 15:00:00,6891,3697401,4484.000000000000000,3346162,358.000000000000000,277677.000000000000000,7249,3975078,4842,3623839,11733,7321152
240,8/10/2021 15:00:00,7043,3704444,4417.000000000000000,3350579,334.000000000000000,278011.000000000000000,7377,3982455,4751,3628590,11794,7332946
241,8/11/2021 15:00:00,6975,3711419,4390.000000000000000,3354969,456.000000000000000,278467.000000000000000,7431,3989886,4846,3633436,11821,7344767
242,8/12/2021 15:00:00,8525,3719944,4670.000000000000000,3359639,436.000000000000000,278903.000000000000000,8961,3998847,5106,3638542,13631,7358398
243,8/13/2021 15:00:00,7031,3726975,5301.000000000000000,3364940,356.000000000000000,279259.000000000000000,7387,4006234,5657,3644199,12688,7371086
244,8/14/2021 15:00:00,4844,3731819,3306.000000000000000,3368246,256.000000000000000,279515.000000000000000,5100,4011334,3562,3647761,8406,7379492
245,8/15/2021 15:00:00,3262,3735081,2702.000000000000000,3370948,161.000000000000000,279676.000000000000000,3423,4014757,2863,3650624,6125,7385617
246,8/16/2021 15:00:00,5354,3740435,5042.000000000000000,3375990,341.000000000000000,280017.000000000000000,5695,4020452,5383,3656007,10737,7396354
247,8/17/2021 15:00:00,6882,3747317,5156.000000000000000,3381146,381.000000000000000,280398.000000000000000,7263,4027715,5537,3661544,12419,7408773
248,8/18/2021 15:00:00,6423,3753740,5234.000000000000000,3386380,469.000000000000000,280867.000000000000000,6892,4034607,5703,3667247,12126,7420899
249,8/19/2021 15:00:00,5926,3759666,5273.000000000000000,3391653,408.000000000000000,281275.000000000000000,6334,4040941,5681,3672928,11607,7432506
250,8/20/2021 15:00:00,6902,3766568,6262.000000000000000,3397915,402.000000000000000,281677.000000000000000,7304,4048245,6664,3679592,13566,7446072
251,8/21/2021 15:00:00,4255,3770823,3880.000000000000000,3401795,223.000000000000000,281900.000000000000000,4478,4052723,4103,3683695,8358,7454430
252,8/22/2021 15:00:00,3008,3773831,3093.000000000000000,3404888,108.000000000000000,282008.000000000000000,3116,4055839,3201,3686896,6209,7460639
253,8/23/2021 15:00:00,6114,3779945,5849.000000000000000,3410737,281.000000000000000,282289.000000000000000,6395,4062234,6130,3693026,12244,7472883
254,8/24/2021 15:00:00,6525,3786470,5787.000000000000000,3416524,434.000000000000000,282723.000000000000000,6959,4069193,6221,3699247,12746,7485629
255,8/25/2021 15:00:00,6792,3793262,5908.000000000000000,3422432,412.000000000000000,283135.000000000000000,7204,4076397,6320,3705567,13112,7498741
256,8/26/2021 15:00:00,7065,3800327,6295.000000000000000,3428727,412.000000000000000,283547.000000000000000,7477,4083874,6707,3712274,13772,7512513
257,8/27/2021 15:00:00,6716,3807043,6877.000000000000000,3435604,305.000000000000000,283852.000000000000000,7021,4090895,7182,3719456,13898,7526411
258,8/28/2021 15:00:00,6817,3813860,6413.000000000000000,3442017,313.000000000000000,284165.000000000000000,7130,4098025,6726,3726182,13543,7539954
259,8/29/2021 15:00:00,3697,3817557,3612.000000000000000,3445629,608.000000000000000,284773.000000000000000,4305,4102330,4220,3730402,7917,7547871
260,8/30/2021 15:00:00,5869,3823426,6020.000000000000000,3451649,947.000000000000000,285720.000000000000000,6816,4109146,6967,3737369,12836,7560707
261,8/31/2021 15:00:00,5622,3829048,5841.000000000000000,3457490,941.000000000000000,286661.000000000000000,6563,4115709,6782,3744151,12404,7573111
262,9/1/2021 15:00:00,5386,3834434,5499.000000000000000,3462989,875.000000000000000,287536.000000000000000,6261,4121970,6374,3750525,11760,7584871
263,9/2/2021 15:00:00,5431,3839865,5768.000000000000000,3468757,694.000000000000000,288230.000000000000000,6125,4128095,6462,3756987,11893,7596764
264,9/3/2021 15:00:00,5893,3845758,6790.000000000000000,3475547,961.000000000000000,289191.000000000000000,6854,4134949,7751,3764738,13644,7610408
265,9/4/2021 15:00:00,3674,3849432,4248.000000000000000,3479795,874.000000000000000,290065.000000000000000,4548,4139497,5122,3769860,8796,7619204
266,9/5/2021 15:00:00,2815,3852247,2732.000000000000000,3482527,105.000000000000000,290170.000000000000000,2920,4142417,2837,3772697,5652,7624856
267,9/6/2021 15:00:00,1019,3853266,1098.000000000000000,3483625,55.000000000000000,290225.000000000000000,1074,4143491,1153,3773850,2172,7627028
268,9/7/2021 15:00:00,5194,3858460,7120.000000000000000,3490745,2289.000000000000000,292514.000000000000000,7483,4150974,9409,3783259,14603,7641631
269,9/8/2021 15:00:00,4588,3863048,5359.000000000000000,3496104,361.000000000000000,292875.000000000000000,4949,4155923,5720,3788979,10308,7651939
270,9/9/2021 15:00:00,4944,3867992,5225.000000000000000,3501329,313.000000000000000,293188.000000000000000,5257,4161180,5538,3794517,10482,7662421
271,9/10/2021 15:00:00,6279,3874271,6352.000000000000000,3507681,1671.000000000000000,294859.000000000000000,7950,4169130,8023,3802540,14302,7676723
272,9/11/2021 15:00:00,3943,3878214,4236.000000000000000,3511917,651.000000000000000,295510.000000000000000,4594,4173724,4887,3807427,8830,7685553
273,9/12/2021 15:00:00,2945,3881159,3120.000000000000000,3515037,429.000000000000000,295939.000000000000000,3374,4177098,3549,3810976,6494,7692047
274,9/13/2021 15:00:00,4505,3885664,4643.000000000000000,3519680,323.000000000000000,296262.000000000000000,4828,4181926,4966,3815942,9471,7701518
275,9/14/2021 15:00:00,4019,3889683,4626.000000000000000,3524306,384.000000000000000,296646.000000000000000,4403,4186329,5010,3820952,9029,7710547
276,9/15/2021 15:00:00,1875,3891558,2113.000000000000000,3526419,260.000000000000000,296906.000000000000000,2135,4188464,2373,3823325,4248,7714795