OBJECTID,VACCINATION_DATE,FirstDailyDose,FirstDoseCumulative,SecondDailyDose,SecondDoseCumulative,SingleDailyDose,SingleDoseCumulative,AtleastOneVaccine,AtleastOneVaccineCumulative,CompletedVax,CompletedVaxCumulative,FirstSecondSingleVaccination_12,FirstSecondSingleVaccination_13
1,12/14/2020 15:00:00,19,1484,,535,,,19,1484,0,535,19,1956
2,12/15/2020 15:00:00,62,1546,3.000000000000000,538,,,62,1546,3,538,65,2021
3,12/16/2020 15:00:00,597,2143,5.000000000000000,543,,,597,2143,5,543,602,2623
4,12/17/2020 15:00:00,1169,3312,8.000000000000000,551,,,1169,3312,8,551,1177,3800
5,12/18/2020 15:00:00,3032,6344,12.000000000000000,563,,,3032,6344,12,563,3044,6844
6,12/19/2020 15:00:00,930,7274,7.000000000000000,570,,,930,7274,7,570,937,7781
7,12/20/2020 15:00:00,370,7644,6.000000000000000,576,,,370,7644,6,576,376,8157
8,12/21/2020 15:00:00,3900,11544,26.000000000000000,602,,,3900,11544,26,602,3926,12083
9,12/22/2020 15:00:00,6328,17872,30.000000000000000,632,,,6328,17872,30,632,6358,18441
10,12/23/2020 15:00:00,5794,23666,39.000000000000000,671,,,5794,23666,39,671,5833,24274
11,12/24/2020 15:00:00,2729,26395,15.000000000000000,686,,,2729,26395,15,686,2744,27018
12,12/25/2020 15:00:00,1035,27430,4.000000000000000,690,,,1035,27430,4,690,1039,28057
13,12/26/2020 15:00:00,1887,29317,10.000000000000000,700,,,1887,29317,10,700,1897,29954
14,12/27/2020 15:00:00,1804,31121,12.000000000000000,712,,,1804,31121,12,712,1816,31770
15,12/28/2020 15:00:00,8996,40117,51.000000000000000,763,,,8996,40117,51,763,9047,40817
16,12/29/2020 15:00:00,10979,51096,53.000000000000000,816,,,10979,51096,53,816,11032,51849
17,12/30/2020 15:00:00,12507,63603,98.000000000000000,914,,,12507,63603,98,914,12605,64454
18,12/31/2020 15:00:00,7558,71161,48.000000000000000,962,,,7558,71161,48,962,7606,72060
19,1/1/2021 15:00:00,3406,74567,146.000000000000000,1108,,,3406,74567,146,1108,3552,75612
20,1/2/2021 15:00:00,3062,77629,34.000000000000000,1142,,,3062,77629,34,1142,3096,78708
21,1/3/2021 15:00:00,3416,81045,82.000000000000000,1224,,,3416,81045,82,1224,3498,82206
22,1/4/2021 15:00:00,13375,94420,343.000000000000000,1567,,,13375,94420,343,1567,13718,95924
23,1/5/2021 15:00:00,12497,106917,550.000000000000000,2117,,,12497,106917,550,2117,13047,108971
24,1/6/2021 15:00:00,15282,122199,871.000000000000000,2988,,,15282,122199,871,2988,16153,125124
25,1/7/2021 15:00:00,15052,137251,1789.000000000000000,4777,,,15052,137251,1789,4777,16841,141965
26,1/8/2021 15:00:00,24029,161280,2794.000000000000000,7571,,,24029,161280,2794,7571,26823,168788
27,1/9/2021 15:00:00,5187,166467,959.000000000000000,8530,,,5187,166467,959,8530,6146,174934
28,1/10/2021 15:00:00,2988,169455,387.000000000000000,8917,,,2988,169455,387,8917,3375,178309
29,1/11/2021 15:00:00,13745,183200,3488.000000000000000,12405,,,13745,183200,3488,12405,17233,195542
30,1/12/2021 15:00:00,17409,200609,5600.000000000000000,18005,,,17409,200609,5600,18005,23009,218551
31,1/13/2021 15:00:00,18634,219243,3941.000000000000000,21946,,,18634,219243,3941,21946,22575,241126
32,1/14/2021 15:00:00,17878,237121,1968.000000000000000,23914,,,17878,237121,1968,23914,19846,260972
33,1/15/2021 15:00:00,19508,256629,2040.000000000000000,25954,,,19508,256629,2040,25954,21548,282520
34,1/16/2021 15:00:00,5849,262478,1624.000000000000000,27578,,,5849,262478,1624,27578,7473,289993
35,1/17/2021 15:00:00,2128,264606,1480.000000000000000,29058,,,2128,264606,1480,29058,3608,293601
36,1/18/2021 15:00:00,7088,271694,3269.000000000000000,32327,,,7088,271694,3269,32327,10357,303958
37,1/19/2021 15:00:00,16963,288657,5418.000000000000000,37745,,,16963,288657,5418,37745,22381,326339
38,1/20/2021 15:00:00,21026,309683,5339.000000000000000,43084,,,21026,309683,5339,43084,26365,352704
39,1/21/2021 15:00:00,23834,333517,3874.000000000000000,46958,,,23834,333517,3874,46958,27708,380412
40,1/22/2021 15:00:00,28676,362193,3772.000000000000000,50730,,,28676,362193,3772,50730,32448,412860
41,1/23/2021 15:00:00,10132,372325,1949.000000000000000,52679,,,10132,372325,1949,52679,12081,424941
42,1/24/2021 15:00:00,3361,375686,1727.000000000000000,54406,,,3361,375686,1727,54406,5088,430029
43,1/25/2021 15:00:00,16311,391997,8623.000000000000000,63029,,,16311,391997,8623,63029,24934,454963
44,1/26/2021 15:00:00,17572,409569,8984.000000000000000,72013,,,17572,409569,8984,72013,26556,481519
45,1/27/2021 15:00:00,24448,434017,12580.000000000000000,84593,,,24448,434017,12580,84593,37028,518547
46,1/28/2021 15:00:00,22669,456686,9342.000000000000000,93935,,,22669,456686,9342,93935,32011,550558
47,1/29/2021 15:00:00,24795,481481,7943.000000000000000,101878,,,24795,481481,7943,101878,32738,583296
48,1/30/2021 15:00:00,17791,499272,2572.000000000000000,104450,,,17791,499272,2572,104450,20363,603659
49,1/31/2021 15:00:00,3766,503038,1375.000000000000000,105825,,,3766,503038,1375,105825,5141,608800
50,2/1/2021 15:00:00,8197,511235,5435.000000000000000,111260,,,8197,511235,5435,111260,13632,622432
51,2/2/2021 15:00:00,12528,523763,13846.000000000000000,125106,,,12528,523763,13846,125106,26374,648806
52,2/3/2021 15:00:00,18278,542041,18152.000000000000000,143258,,,18278,542041,18152,143258,36430,685236
53,2/4/2021 15:00:00,22152,564193,15806.000000000000000,159064,,,22152,564193,15806,159064,37958,723194
54,2/5/2021 15:00:00,20421,584614,17450.000000000000000,176514,,,20421,584614,17450,176514,37871,761065
55,2/6/2021 15:00:00,11385,595999,14541.000000000000000,191055,,,11385,595999,14541,191055,25926,786991
56,2/7/2021 15:00:00,5993,601992,1953.000000000000000,193008,,,5993,601992,1953,193008,7946,794937
57,2/8/2021 15:00:00,13021,615013,12987.000000000000000,205995,,,13021,615013,12987,205995,26008,820945
58,2/9/2021 15:00:00,16672,631685,13895.000000000000000,219890,,,16672,631685,13895,219890,30567,851512
59,2/10/2021 15:00:00,19338,651023,21327.000000000000000,241217,,,19338,651023,21327,241217,40665,892177
60,2/11/2021 15:00:00,22949,673972,17393.000000000000000,258610,,,22949,673972,17393,258610,40342,932519
61,2/12/2021 15:00:00,20448,694420,19685.000000000000000,278295,,,20448,694420,19685,278295,40133,972652
62,2/13/2021 15:00:00,11475,705895,6433.000000000000000,284728,,,11475,705895,6433,284728,17908,990560
63,2/14/2021 15:00:00,7123,713018,2141.000000000000000,286869,,,7123,713018,2141,286869,9264,999824
64,2/15/2021 15:00:00,11772,724790,13351.000000000000000,300220,,,11772,724790,13351,300220,25123,1024947
65,2/16/2021 15:00:00,16657,741447,21040.000000000000000,321260,,,16657,741447,21040,321260,37697,1062644
66,2/17/2021 15:00:00,20689,762136,26398.000000000000000,347658,,,20689,762136,26398,347658,47087,1109731
67,2/18/2021 15:00:00,3207,765343,4628.000000000000000,352286,,,3207,765343,4628,352286,7835,1117566
68,2/19/2021 15:00:00,10268,775611,19947.000000000000000,372233,,,10268,775611,19947,372233,30215,1147781
69,2/20/2021 15:00:00,10320,785931,20320.000000000000000,392553,,,10320,785931,20320,392553,30640,1178421
70,2/21/2021 15:00:00,6196,792127,7671.000000000000000,400224,,,6196,792127,7671,400224,13867,1192288
71,2/22/2021 15:00:00,8046,800173,15499.000000000000000,415723,,,8046,800173,15499,415723,23545,1215833
72,2/23/2021 15:00:00,15547,815720,15989.000000000000000,431712,,,15547,815720,15989,431712,31536,1247369
73,2/24/2021 15:00:00,18001,833721,24854.000000000000000,456566,,,18001,833721,24854,456566,42855,1290224
74,2/25/2021 15:00:00,20406,854127,26603.000000000000000,483169,,,20406,854127,26603,483169,47009,1337233
75,2/26/2021 15:00:00,26701,880828,26284.000000000000000,509453,,,26701,880828,26284,509453,52985,1390218
76,2/27/2021 15:00:00,16032,896860,11166.000000000000000,520619,,,16032,896860,11166,520619,27198,1417416
77,2/28/2021 15:00:00,15524,912384,4895.000000000000000,525514,,,15524,912384,4895,525514,20419,1437835
78,3/1/2021 15:00:00,27271,939655,12694.000000000000000,538208,,,27271,939655,12694,538208,39965,1477800
79,3/2/2021 15:00:00,24008,963663,13307.000000000000000,551515,38.000000000000000,38.000000000000000,24046,963701,13345,551553,37353,1515153
80,3/3/2021 15:00:00,30255,993918,18428.000000000000000,569943,194.000000000000000,232.000000000000000,30449,994150,18622,570175,48877,1564030
81,3/4/2021 15:00:00,31019,1024937,18266.000000000000000,588209,4068.000000000000000,4300.000000000000000,35087,1029237,22334,592509,53353,1617383
82,3/5/2021 15:00:00,30097,1055034,19792.000000000000000,608001,4913.000000000000000,9213.000000000000000,35010,1064247,24705,617214,54802,1672185
83,3/6/2021 15:00:00,19005,1074039,9538.000000000000000,617539,6009.000000000000000,15222.000000000000000,25014,1089261,15547,632761,34552,1706737
84,3/7/2021 15:00:00,12158,1086197,4930.000000000000000,622469,6606.000000000000000,21828.000000000000000,18764,1108025,11536,644297,23694,1730431
85,3/8/2021 15:00:00,25932,1112129,8867.000000000000000,631336,8276.000000000000000,30104.000000000000000,34208,1142233,17143,661440,43075,1773506
86,3/9/2021 15:00:00,26157,1138286,15502.000000000000000,646838,8345.000000000000000,38449.000000000000000,34502,1176735,23847,685287,50004,1823510
87,3/10/2021 15:00:00,29896,1168182,16058.000000000000000,662896,7936.000000000000000,46385.000000000000000,37832,1214567,23994,709281,53890,1877400
88,3/11/2021 15:00:00,36026,1204208,16434.000000000000000,679330,3982.000000000000000,50367.000000000000000,40008,1254575,20416,729697,56442,1933842
89,3/12/2021 15:00:00,36926,1241134,18164.000000000000000,697494,2929.000000000000000,53296.000000000000000,39855,1294430,21093,750790,58019,1991861
90,3/13/2021 15:00:00,22674,1263808,10345.000000000000000,707839,1630.000000000000000,54926.000000000000000,24304,1318734,11975,762765,34649,2026510
91,3/14/2021 15:00:00,17842,1281650,6738.000000000000000,714577,1010.000000000000000,55936.000000000000000,18852,1337586,7748,770513,25590,2052100
92,3/15/2021 15:00:00,29902,1311552,11372.000000000000000,725949,599.000000000000000,56535.000000000000000,30501,1368087,11971,782484,41873,2093973
93,3/16/2021 15:00:00,33491,1345043,13594.000000000000000,739543,772.000000000000000,57307.000000000000000,34263,1402350,14366,796850,47857,2141830
94,3/17/2021 15:00:00,37644,1382687,17087.000000000000000,756630,1183.000000000000000,58490.000000000000000,38827,1441177,18270,815120,55914,2197744
95,3/18/2021 15:00:00,41483,1424170,12712.000000000000000,769342,1353.000000000000000,59843.000000000000000,42836,1484013,14065,829185,55548,2253292
96,3/19/2021 15:00:00,38390,1462560,15447.000000000000000,784789,1046.000000000000000,60889.000000000000000,39436,1523449,16493,845678,54883,2308175
97,3/20/2021 15:00:00,24741,1487301,10235.000000000000000,795024,705.000000000000000,61594.000000000000000,25446,1548895,10940,856618,35681,2343856
98,3/21/2021 15:00:00,19204,1506505,7911.000000000000000,802935,342.000000000000000,61936.000000000000000,19546,1568441,8253,864871,27457,2371313
99,3/22/2021 15:00:00,32609,1539114,11524.000000000000000,814459,835.000000000000000,62771.000000000000000,33444,1601885,12359,877230,44968,2416281
100,3/23/2021 15:00:00,38417,1577531,17880.000000000000000,832339,1557.000000000000000,64328.000000000000000,39974,1641859,19437,896667,57854,2474135
101,3/24/2021 15:00:00,41094,1618625,21263.000000000000000,853602,1388.000000000000000,65716.000000000000000,42482,1684341,22651,919318,63745,2537880
102,3/25/2021 15:00:00,42928,1661553,21753.000000000000000,875355,2455.000000000000000,68171.000000000000000,45383,1729724,24208,943526,67136,2605016
103,3/26/2021 15:00:00,36395,1697948,26727.000000000000000,902082,2495.000000000000000,70666.000000000000000,38890,1768614,29222,972748,65617,2670633
104,3/27/2021 15:00:00,26476,1724424,17332.000000000000000,919414,2490.000000000000000,73156.000000000000000,28966,1797580,19822,992570,46298,2716931
105,3/28/2021 15:00:00,17013,1741437,12693.000000000000000,932107,1614.000000000000000,74770.000000000000000,18627,1816207,14307,1006877,31320,2748251
106,3/29/2021 15:00:00,29725,1771162,26398.000000000000000,958505,1142.000000000000000,75912.000000000000000,30867,1847074,27540,1034417,57265,2805516
107,3/30/2021 15:00:00,40067,1811229,29102.000000000000000,987607,1865.000000000000000,77777.000000000000000,41932,1889006,30967,1065384,71034,2876550
108,3/31/2021 15:00:00,41027,1852256,34766.000000000000000,1022373,5750.000000000000000,83527.000000000000000,46777,1935783,40516,1105900,81543,2958093
109,4/1/2021 15:00:00,42510,1894766,41222.000000000000000,1063595,5766.000000000000000,89293.000000000000000,48276,1984059,46988,1152888,89498,3047591
110,4/2/2021 15:00:00,34950,1929716,32749.000000000000000,1096344,6132.000000000000000,95425.000000000000000,41082,2025141,38881,1191769,73831,3121422
111,4/3/2021 15:00:00,21183,1950899,19246.000000000000000,1115590,4394.000000000000000,99819.000000000000000,25577,2050718,23640,1215409,44823,3166245
112,4/4/2021 15:00:00,8303,1959202,10226.000000000000000,1125816,968.000000000000000,100787.000000000000000,9271,2059989,11194,1226603,19497,3185742
113,4/5/2021 15:00:00,27969,1987171,28984.000000000000000,1154800,6663.000000000000000,107450.000000000000000,34632,2094621,35647,1262250,63616,3249358
114,4/6/2021 15:00:00,39805,2026976,30531.000000000000000,1185331,10504.000000000000000,117954.000000000000000,50309,2144930,41035,1303285,80840,3330198
115,4/7/2021 15:00:00,36118,2063094,34378.000000000000000,1219709,13003.000000000000000,130957.000000000000000,49121,2194051,47381,1350666,83499,3413697
116,4/8/2021 15:00:00,42365,2105459,36170.000000000000000,1255879,13874.000000000000000,144831.000000000000000,56239,2250290,50044,1400710,92409,3506106
117,4/9/2021 15:00:00,34099,2139558,36377.000000000000000,1292256,14532.000000000000000,159363.000000000000000,48631,2298921,50909,1451619,85008,3591114
118,4/10/2021 15:00:00,23506,2163064,23189.000000000000000,1315445,7640.000000000000000,167003.000000000000000,31146,2330067,30829,1482448,54335,3645449
119,4/11/2021 15:00:00,17588,2180652,13299.000000000000000,1328744,10122.000000000000000,177125.000000000000000,27710,2357777,23421,1505869,41009,3686458
120,4/12/2021 15:00:00,24611,2205263,33298.000000000000000,1362042,10907.000000000000000,188032.000000000000000,35518,2393295,44205,1550074,68816,3755274
121,4/13/2021 15:00:00,126179,2331442,91369.000000000000000,1453411,3293.000000000000000,191325.000000000000000,129472,2522767,94662,1644736,220841,3976115
122,4/14/2021 15:00:00,40748,2372190,37860.000000000000000,1491271,213.000000000000000,191538.000000000000000,40961,2563728,38073,1682809,78821,4054936
123,4/15/2021 15:00:00,41426,2413616,39593.000000000000000,1530864,176.000000000000000,191714.000000000000000,41602,2605330,39769,1722578,81195,4136131
124,4/16/2021 15:00:00,37149,2450765,38905.000000000000000,1569769,25.000000000000000,191739.000000000000000,37174,2642504,38930,1761508,76079,4212210
125,4/17/2021 15:00:00,32816,2483581,22049.000000000000000,1591818,13.000000000000000,191752.000000000000000,32829,2675333,22062,1783570,54878,4267088
126,4/18/2021 15:00:00,20067,2503648,16213.000000000000000,1608031,5.000000000000000,191757.000000000000000,20072,2695405,16218,1799788,36285,4303373
127,4/19/2021 15:00:00,29891,2533539,36563.000000000000000,1644594,60.000000000000000,191817.000000000000000,29951,2725356,36623,1836411,66514,4369887
128,4/20/2021 15:00:00,32939,2566478,44519.000000000000000,1689113,59.000000000000000,191876.000000000000000,32998,2758354,44578,1880989,77517,4447404
129,4/21/2021 15:00:00,39844,2606322,47101.000000000000000,1736214,26.000000000000000,191902.000000000000000,39870,2798224,47127,1928116,86971,4534375
130,4/22/2021 15:00:00,35868,2642190,42723.000000000000000,1778937,16.000000000000000,191918.000000000000000,35884,2834108,42739,1970855,78607,4612982
131,4/23/2021 15:00:00,33150,2675340,40189.000000000000000,1819126,14.000000000000000,191932.000000000000000,33164,2867272,40203,2011058,73353,4686335
132,4/24/2021 15:00:00,26427,2701767,27936.000000000000000,1847062,81.000000000000000,192013.000000000000000,26508,2893780,28017,2039075,54444,4740779
133,4/25/2021 15:00:00,20219,2721986,11003.000000000000000,1858065,31.000000000000000,192044.000000000000000,20250,2914030,11034,2050109,31253,4772032
134,4/26/2021 15:00:00,27387,2749373,32776.000000000000000,1890841,201.000000000000000,192245.000000000000000,27588,2941618,32977,2083086,60364,4832396
135,4/27/2021 15:00:00,26677,2776050,33116.000000000000000,1923957,1097.000000000000000,193342.000000000000000,27774,2969392,34213,2117299,60890,4893286
136,4/28/2021 15:00:00,28928,2804978,39578.000000000000000,1963535,1367.000000000000000,194709.000000000000000,30295,2999687,40945,2158244,69873,4963159
137,4/29/2021 15:00:00,27067,2832045,39798.000000000000000,2003333,1463.000000000000000,196172.000000000000000,28530,3028217,41261,2199505,68328,5031487
138,4/30/2021 15:00:00,28206,2860251,32320.000000000000000,2035653,1649.000000000000000,197821.000000000000000,29855,3058072,33969,2233474,62175,5093662
139,5/1/2021 15:00:00,20771,2881022,26823.000000000000000,2062476,1057.000000000000000,198878.000000000000000,21828,3079900,27880,2261354,48651,5142313
140,5/2/2021 15:00:00,10272,2891294,17091.000000000000000,2079567,823.000000000000000,199701.000000000000000,11095,3090995,17914,2279268,28186,5170499
141,5/3/2021 15:00:00,12729,2904023,28701.000000000000000,2108268,1917.000000000000000,201618.000000000000000,14646,3105641,30618,2309886,43347,5213846
142,5/4/2021 15:00:00,13563,2917586,38710.000000000000000,2146978,1742.000000000000000,203360.000000000000000,15305,3120946,40452,2350338,54015,5267861
143,5/5/2021 15:00:00,19319,2936905,37797.000000000000000,2184775,1921.000000000000000,205281.000000000000000,21240,3142186,39718,2390056,59037,5326898
144,5/6/2021 15:00:00,16932,2953837,40606.000000000000000,2225381,1722.000000000000000,207003.000000000000000,18654,3160840,42328,2432384,59260,5386158
145,5/7/2021 15:00:00,17586,2971423,37034.000000000000000,2262415,1960.000000000000000,208963.000000000000000,19546,3180386,38994,2471378,56580,5442738
146,5/8/2021 15:00:00,10797,2982220,31239.000000000000000,2293654,1293.000000000000000,210256.000000000000000,12090,3192476,32532,2503910,43329,5486067
147,5/9/2021 15:00:00,5077,2987297,12256.000000000000000,2305910,695.000000000000000,210951.000000000000000,5772,3198248,12951,2516861,18028,5504095
148,5/10/2021 15:00:00,8960,2996257,31064.000000000000000,2336974,1362.000000000000000,212313.000000000000000,10322,3208570,32426,2549287,41386,5545481
149,5/11/2021 15:00:00,12185,3008442,30305.000000000000000,2367279,1441.000000000000000,213754.000000000000000,13626,3222196,31746,2581033,43931,5589412
150,5/12/2021 15:00:00,13946,3022388,38645.000000000000000,2405924,1917.000000000000000,215671.000000000000000,15863,3238059,40562,2621595,54508,5643920
151,5/13/2021 15:00:00,21846,3044234,33530.000000000000000,2439454,1347.000000000000000,217018.000000000000000,23193,3261252,34877,2656472,56723,5700643
152,5/14/2021 15:00:00,24393,3068627,30078.000000000000000,2469532,1775.000000000000000,218793.000000000000000,26168,3287420,31853,2688325,56246,5756889
153,5/15/2021 15:00:00,21951,3090578,25128.000000000000000,2494660,1490.000000000000000,220283.000000000000000,23441,3310861,26618,2714943,48569,5805458
154,5/16/2021 15:00:00,9091,3099669,17582.000000000000000,2512242,1115.000000000000000,221398.000000000000000,10206,3321067,18697,2733640,27788,5833246
155,5/17/2021 15:00:00,16840,3116509,28422.000000000000000,2540664,1950.000000000000000,223348.000000000000000,18790,3339857,30372,2764012,47212,5880458
156,5/18/2021 15:00:00,21265,3137774,30702.000000000000000,2571366,1943.000000000000000,225291.000000000000000,23208,3363065,32645,2796657,53910,5934368
157,5/19/2021 15:00:00,27674,3165448,32449.000000000000000,2603815,1632.000000000000000,226923.000000000000000,29306,3392371,34081,2830738,61755,5996123
158,5/20/2021 15:00:00,20810,3186258,33288.000000000000000,2637103,1965.000000000000000,228888.000000000000000,22775,3415146,35253,2865991,56063,6052186
159,5/21/2021 15:00:00,19167,3205425,30372.000000000000000,2667475,1609.000000000000000,230497.000000000000000,20776,3435922,31981,2897972,51148,6103334
160,5/22/2021 15:00:00,16950,3222375,20704.000000000000000,2688179,1269.000000000000000,231766.000000000000000,18219,3454141,21973,2919945,38923,6142257
161,5/23/2021 15:00:00,8815,3231190,11453.000000000000000,2699632,965.000000000000000,232731.000000000000000,9780,3463921,12418,2932363,21233,6163490
162,5/24/2021 15:00:00,13572,3244762,17789.000000000000000,2717421,1473.000000000000000,234204.000000000000000,15045,3478966,19262,2951625,32834,6196324
163,5/25/2021 15:00:00,13077,3257839,18724.000000000000000,2736145,1328.000000000000000,235532.000000000000000,14405,3493371,20052,2971677,33129,6229453
164,5/26/2021 15:00:00,18366,3276205,19700.000000000000000,2755845,1512.000000000000000,237044.000000000000000,19878,3513249,21212,2992889,39578,6269031
165,5/27/2021 15:00:00,11696,3287901,18708.000000000000000,2774553,1117.000000000000000,238161.000000000000000,12813,3526062,19825,3012714,31521,6300552
166,5/28/2021 15:00:00,12415,3300316,19864.000000000000000,2794417,1402.000000000000000,239563.000000000000000,13817,3539879,21266,3033980,33681,6334233
167,5/29/2021 15:00:00,9516,3309832,11733.000000000000000,2806150,937.000000000000000,240500.000000000000000,10453,3550332,12670,3046650,22186,6356419
168,5/30/2021 15:00:00,4967,3314799,6443.000000000000000,2812593,596.000000000000000,241096.000000000000000,5563,3555895,7039,3053689,12006,6368425
169,5/31/2021 15:00:00,1780,3316579,3714.000000000000000,2816307,305.000000000000000,241401.000000000000000,2085,3557980,4019,3057708,5799,6374224
170,6/1/2021 15:00:00,9883,3326462,16500.000000000000000,2832807,1162.000000000000000,242563.000000000000000,11045,3569025,17662,3075370,27545,6401769
171,6/2/2021 15:00:00,10232,3336694,16831.000000000000000,2849638,962.000000000000000,243525.000000000000000,11194,3580219,17793,3093163,28025,6429794
172,6/3/2021 15:00:00,7898,3344592,21218.000000000000000,2870856,1089.000000000000000,244614.000000000000000,8987,3589206,22307,3115470,30205,6459999
173,6/4/2021 15:00:00,8198,3352790,22366.000000000000000,2893222,1120.000000000000000,245734.000000000000000,9318,3598524,23486,3138956,31684,6491683
174,6/5/2021 15:00:00,6998,3359788,19480.000000000000000,2912702,720.000000000000000,246454.000000000000000,7718,3606242,20200,3159156,27198,6518881
175,6/6/2021 15:00:00,3456,3363244,7260.000000000000000,2919962,426.000000000000000,246880.000000000000000,3882,3610124,7686,3166842,11142,6530023
176,6/7/2021 15:00:00,6860,3370104,15796.000000000000000,2935758,726.000000000000000,247606.000000000000000,7586,3617710,16522,3183364,23382,6553405
177,6/8/2021 15:00:00,6670,3376774,19742.000000000000000,2955500,831.000000000000000,248437.000000000000000,7501,3625211,20573,3203937,27243,6580648
178,6/9/2021 15:00:00,8197,3384971,24005.000000000000000,2979505,969.000000000000000,249406.000000000000000,9166,3634377,24974,3228911,33171,6613819
179,6/10/2021 15:00:00,7154,3392125,19144.000000000000000,2998649,895.000000000000000,250301.000000000000000,8049,3642426,20039,3248950,27193,6641012
180,6/11/2021 15:00:00,7492,3399617,17734.000000000000000,3016383,1125.000000000000000,251426.000000000000000,8617,3651043,18859,3267809,26351,6667363
181,6/12/2021 15:00:00,5240,3404857,14777.000000000000000,3031160,605.000000000000000,252031.000000000000000,5845,3656888,15382,3283191,20622,6687985
182,6/13/2021 15:00:00,1944,3406801,7637.000000000000000,3038797,427.000000000000000,252458.000000000000000,2371,3659259,8064,3291255,10008,6697993
183,6/14/2021 15:00:00,5656,3412457,11830.000000000000000,3050627,733.000000000000000,253191.000000000000000,6389,3665648,12563,3303818,18219,6716212
184,6/15/2021 15:00:00,5650,3418107,14348.000000000000000,3064975,873.000000000000000,254064.000000000000000,6523,3672171,15221,3319039,20871,6737083
185,6/16/2021 15:00:00,8728,3426835,21622.000000000000000,3086597,758.000000000000000,254822.000000000000000,9486,3681657,22380,3341419,31108,6768191
186,6/17/2021 15:00:00,6682,3433517,12380.000000000000000,3098977,720.000000000000000,255542.000000000000000,7402,3689059,13100,3354519,19782,6787973
187,6/18/2021 15:00:00,6834,3440351,12752.000000000000000,3111729,702.000000000000000,256244.000000000000000,7536,3696595,13454,3367973,20288,6808261
188,6/19/2021 15:00:00,4655,3445006,9389.000000000000000,3121118,614.000000000000000,256858.000000000000000,5269,3701864,10003,3377976,14658,6822919
189,6/20/2021 15:00:00,2509,3447515,5068.000000000000000,3126186,377.000000000000000,257235.000000000000000,2886,3704750,5445,3383421,7954,6830873
190,6/21/2021 15:00:00,5568,3453083,5342.000000000000000,3131528,636.000000000000000,257871.000000000000000,6204,3710954,5978,3389399,11546,6842419
191,6/22/2021 15:00:00,5349,3458432,9062.000000000000000,3140590,698.000000000000000,258569.000000000000000,6047,3717001,9760,3399159,15109,6857528
192,6/23/2021 15:00:00,6062,3464494,10358.000000000000000,3150948,645.000000000000000,259214.000000000000000,6707,3723708,11003,3410162,17065,6874593
193,6/24/2021 15:00:00,5930,3470424,8215.000000000000000,3159163,595.000000000000000,259809.000000000000000,6525,3730233,8810,3418972,14740,6889333
194,6/25/2021 15:00:00,5829,3476253,8673.000000000000000,3167836,619.000000000000000,260428.000000000000000,6448,3736681,9292,3428264,15121,6904454
195,6/26/2021 15:00:00,3707,3479960,6303.000000000000000,3174139,398.000000000000000,260826.000000000000000,4105,3740786,6701,3434965,10408,6914862
196,6/27/2021 15:00:00,2810,3482770,3525.000000000000000,3177664,185.000000000000000,261011.000000000000000,2995,3743781,3710,3438675,6520,6921382
197,6/28/2021 15:00:00,4925,3487695,6396.000000000000000,3184060,539.000000000000000,261550.000000000000000,5464,3749245,6935,3445610,11860,6933242
198,6/29/2021 15:00:00,5063,3492758,6484.000000000000000,3190544,524.000000000000000,262074.000000000000000,5587,3754832,7008,3452618,12071,6945313
199,6/30/2021 15:00:00,5633,3498391,7391.000000000000000,3197935,607.000000000000000,262681.000000000000000,6240,3761072,7998,3460616,13631,6958944
200,7/1/2021 15:00:00,5449,3503840,7003.000000000000000,3204938,505.000000000000000,263186.000000000000000,5954,3767026,7508,3468124,12957,6971901
201,7/2/2021 15:00:00,5305,3509145,6862.000000000000000,3211800,527.000000000000000,263713.000000000000000,5832,3772858,7389,3475513,12694,6984595
202,7/3/2021 15:00:00,3277,3512422,4073.000000000000000,3215873,264.000000000000000,263977.000000000000000,3541,3776399,4337,3479850,7614,6992209
203,7/4/2021 15:00:00,493,3512915,551.000000000000000,3216424,69.000000000000000,264046.000000000000000,562,3776961,620,3480470,1113,6993322
204,7/5/2021 15:00:00,3773,3516688,3953.000000000000000,3220377,287.000000000000000,264333.000000000000000,4060,3781021,4240,3484710,8013,7001335
205,7/6/2021 15:00:00,4498,3521186,6288.000000000000000,3226665,455.000000000000000,264788.000000000000000,4953,3785974,6743,3491453,11241,7012576
206,7/7/2021 15:00:00,4471,3525657,6422.000000000000000,3233087,483.000000000000000,265271.000000000000000,4954,3790928,6905,3498358,11376,7023952
207,7/8/2021 15:00:00,4838,3530495,6191.000000000000000,3239278,564.000000000000000,265835.000000000000000,5402,3796330,6755,3505113,11593,7035545
208,7/9/2021 15:00:00,5368,3535863,6681.000000000000000,3245959,574.000000000000000,266409.000000000000000,5942,3802272,7255,3512368,12623,7048168
209,7/10/2021 15:00:00,3526,3539389,4408.000000000000000,3250367,305.000000000000000,266714.000000000000000,3831,3806103,4713,3517081,8239,7056407
210,7/11/2021 15:00:00,2683,3542072,2580.000000000000000,3252947,227.000000000000000,266941.000000000000000,2910,3809013,2807,3519888,5490,7061897
211,7/12/2021 15:00:00,4430,3546502,5132.000000000000000,3258079,379.000000000000000,267320.000000000000000,4809,3813822,5511,3525399,9941,7071838
212,7/13/2021 15:00:00,4672,3551174,4727.000000000000000,3262806,366.000000000000000,267686.000000000000000,5038,3818860,5093,3530492,9765,7081603
213,7/14/2021 15:00:00,4633,3555807,5296.000000000000000,3268102,422.000000000000000,268108.000000000000000,5055,3823915,5718,3536210,10351,7091954
214,7/15/2021 15:00:00,4914,3560721,5026.000000000000000,3273128,359.000000000000000,268467.000000000000000,5273,3829188,5385,3541595,10299,7102253
215,7/16/2021 15:00:00,6281,3567002,5864.000000000000000,3278992,405.000000000000000,268872.000000000000000,6686,3835874,6269,3547864,12550,7114803
216,7/17/2021 15:00:00,3421,3570423,3555.000000000000000,3282547,304.000000000000000,269176.000000000000000,3725,3839599,3859,3551723,7280,7122083
217,7/18/2021 15:00:00,2312,3572735,2385.000000000000000,3284932,110.000000000000000,269286.000000000000000,2422,3842021,2495,3554218,4807,7126890
218,7/19/2021 15:00:00,5150,3577885,4618.000000000000000,3289550,383.000000000000000,269669.000000000000000,5533,3847554,5001,3559219,10151,7137041
219,7/20/2021 15:00:00,5352,3583237,4731.000000000000000,3294281,367.000000000000000,270036.000000000000000,5719,3853273,5098,3564317,10450,7147491
220,7/21/2021 15:00:00,5672,3588909,4962.000000000000000,3299243,416.000000000000000,270452.000000000000000,6088,3859361,5378,3569695,11050,7158541
221,7/22/2021 15:00:00,6034,3594943,4650.000000000000000,3303893,472.000000000000000,270924.000000000000000,6506,3865867,5122,3574817,11156,7169697
222,7/23/2021 15:00:00,6847,3601790,4855.000000000000000,3308748,499.000000000000000,271423.000000000000000,7346,3873213,5354,3580171,12201,7181898
223,7/24/2021 15:00:00,4286,3606076,3209.000000000000000,3311957,267.000000000000000,271690.000000000000000,4553,3877766,3476,3583647,7762,7189660
224,7/25/2021 15:00:00,3301,3609377,1122.000000000000000,3313079,140.000000000000000,271830.000000000000000,3441,3881207,1262,3584909,4563,7194223
225,7/26/2021 15:00:00,6224,3615601,3915.000000000000000,3316994,420.000000000000000,272250.000000000000000,6644,3887851,4335,3589244,10559,7204782
226,7/27/2021 15:00:00,6614,3622215,4299.000000000000000,3321293,459.000000000000000,272709.000000000000000,7073,3894924,4758,3594002,11372,7216154
227,7/28/2021 15:00:00,7094,3629309,4156.000000000000000,3325449,462.000000000000000,273171.000000000000000,7556,3902480,4618,3598620,11712,7227866
228,7/29/2021 15:00:00,7092,3636401,4326.000000000000000,3329775,420.000000000000000,273591.000000000000000,7512,3909992,4746,3603366,11838,7239704
229,7/30/2021 15:00:00,7836,3644237,4832.000000000000000,3334607,527.000000000000000,274118.000000000000000,8363,3918355,5359,3608725,13195,7252899
230,7/31/2021 15:00:00,4792,3649029,3087.000000000000000,3337694,274.000000000000000,274392.000000000000000,5066,3923421,3361,3612086,8153,7261052
231,8/1/2021 15:00:00,3915,3652944,2198.000000000000000,3339892,165.000000000000000,274557.000000000000000,4080,3927501,2363,3614449,6278,7267330
232,8/2/2021 15:00:00,7280,3660224,3853.000000000000000,3343745,342.000000000000000,274899.000000000000000,7622,3935123,4195,3618644,11475,7278805
233,8/3/2021 15:00:00,7277,3667501,4108.000000000000000,3347853,517.000000000000000,275416.000000000000000,7794,3942917,4625,3623269,11902,7290707
234,8/4/2021 15:00:00,7442,3674943,4130.000000000000000,3351983,536.000000000000000,275952.000000000000000,7978,3950895,4666,3627935,12108,7302815
235,8/5/2021 15:00:00,7962,3682905,4346.000000000000000,3356329,541.000000000000000,276493.000000000000000,8503,3959398,4887,3632822,12849,7315664
236,8/6/2021 15:00:00,8335,3691240,4755.000000000000000,3361084,454.000000000000000,276947.000000000000000,8789,3968187,5209,3638031,13544,7329208
237,8/7/2021 15:00:00,5305,3696545,2849.000000000000000,3363933,264.000000000000000,277211.000000000000000,5569,3973756,3113,3641144,8418,7337626
238,8/8/2021 15:00:00,3980,3700525,2063.000000000000000,3365996,146.000000000000000,277357.000000000000000,4126,3977882,2209,3643353,6189,7343815
239,8/9/2021 15:00:00,6961,3707486,4569.000000000000000,3370565,371.000000000000000,277728.000000000000000,7332,3985214,4940,3648293,11901,7355716
240,8/10/2021 15:00:00,7175,3714661,4505.000000000000000,3375070,340.000000000000000,278068.000000000000000,7515,3992729,4845,3653138,12020,7367736
241,8/11/2021 15:00:00,7108,3721769,4462.000000000000000,3379532,443.000000000000000,278511.000000000000000,7551,4000280,4905,3658043,12013,7379749
242,8/12/2021 15:00:00,8668,3730437,4773.000000000000000,3384305,446.000000000000000,278957.000000000000000,9114,4009394,5219,3663262,13887,7393636
243,8/13/2021 15:00:00,7190,3737627,5416.000000000000000,3389721,397.000000000000000,279354.000000000000000,7587,4016981,5813,3669075,13003,7406639
244,8/14/2021 15:00:00,4929,3742556,3354.000000000000000,3393075,286.000000000000000,279640.000000000000000,5215,4022196,3640,3672715,8569,7415208
245,8/15/2021 15:00:00,3333,3745889,2749.000000000000000,3395824,163.000000000000000,279803.000000000000000,3496,4025692,2912,3675627,6245,7421453
246,8/16/2021 15:00:00,5461,3751350,5109.000000000000000,3400933,354.000000000000000,280157.000000000000000,5815,4031507,5463,3681090,10924,7432377
247,8/17/2021 15:00:00,6830,3758180,5379.000000000000000,3406312,391.000000000000000,280548.000000000000000,7221,4038728,5770,3686860,12600,7444977
248,8/18/2021 15:00:00,6350,3764530,5531.000000000000000,3411843,481.000000000000000,281029.000000000000000,6831,4045559,6012,3692872,12362,7457339
249,8/19/2021 15:00:00,6241,3770771,5585.000000000000000,3417428,417.000000000000000,281446.000000000000000,6658,4052217,6002,3698874,12243,7469582
250,8/20/2021 15:00:00,6856,3777627,6576.000000000000000,3424004,401.000000000000000,281847.000000000000000,7257,4059474,6977,3705851,13833,7483415
251,8/21/2021 15:00:00,4348,3781975,3928.000000000000000,3427932,229.000000000000000,282076.000000000000000,4577,4064051,4157,3710008,8505,7491920
252,8/22/2021 15:00:00,3066,3785041,3177.000000000000000,3431109,111.000000000000000,282187.000000000000000,3177,4067228,3288,3713296,6354,7498274
253,8/23/2021 15:00:00,6005,3791046,6135.000000000000000,3437244,287.000000000000000,282474.000000000000000,6292,4073520,6422,3719718,12427,7510701
254,8/24/2021 15:00:00,6557,3797603,6099.000000000000000,3443343,426.000000000000000,282900.000000000000000,6983,4080503,6525,3726243,13082,7523783
255,8/25/2021 15:00:00,6739,3804342,6255.000000000000000,3449598,440.000000000000000,283340.000000000000000,7179,4087682,6695,3732938,13434,7537217
256,8/26/2021 15:00:00,6975,3811317,6686.000000000000000,3456284,428.000000000000000,283768.000000000000000,7403,4095085,7114,3740052,14089,7551306
257,8/27/2021 15:00:00,6848,3818165,7109.000000000000000,3463393,317.000000000000000,284085.000000000000000,7165,4102250,7426,3747478,14274,7565580
258,8/28/2021 15:00:00,6920,3825085,6542.000000000000000,3469935,326.000000000000000,284411.000000000000000,7246,4109496,6868,3754346,13788,7579368
259,8/29/2021 15:00:00,3746,3828831,3709.000000000000000,3473644,610.000000000000000,285021.000000000000000,4356,4113852,4319,3758665,8065,7587433
260,8/30/2021 15:00:00,5935,3834766,6157.000000000000000,3479801,960.000000000000000,285981.000000000000000,6895,4120747,7117,3765782,13052,7600485
261,8/31/2021 15:00:00,5907,3840673,6095.000000000000000,3485896,947.000000000000000,286928.000000000000000,6854,4127601,7042,3772824,12949,7613434
262,9/1/2021 15:00:00,5614,3846287,5741.000000000000000,3491637,918.000000000000000,287846.000000000000000,6532,4134133,6659,3779483,12273,7625707
263,9/2/2021 15:00:00,5531,3851818,5978.000000000000000,3497615,709.000000000000000,288555.000000000000000,6240,4140373,6687,3786170,12218,7637925
264,9/3/2021 15:00:00,6018,3857836,6981.000000000000000,3504596,977.000000000000000,289532.000000000000000,6995,4147368,7958,3794128,13976,7651901
265,9/4/2021 15:00:00,3734,3861570,4369.000000000000000,3508965,878.000000000000000,290410.000000000000000,4612,4151980,5247,3799375,8981,7660882
266,9/5/2021 15:00:00,2961,3864531,2818.000000000000000,3511783,106.000000000000000,290516.000000000000000,3067,4155047,2924,3802299,5885,7666767
267,9/6/2021 15:00:00,1059,3865590,1163.000000000000000,3512946,69.000000000000000,290585.000000000000000,1128,4156175,1232,3803531,2291,7669058
268,9/7/2021 15:00:00,5353,3870943,7323.000000000000000,3520269,2304.000000000000000,292889.000000000000000,7657,4163832,9627,3813158,14980,7684038
269,9/8/2021 15:00:00,4661,3875604,5507.000000000000000,3525776,364.000000000000000,293253.000000000000000,5025,4168857,5871,3819029,10532,7694570
270,9/9/2021 15:00:00,5027,3880631,5480.000000000000000,3531256,325.000000000000000,293578.000000000000000,5352,4174209,5805,3824834,10832,7705402
271,9/10/2021 15:00:00,6534,3887165,6681.000000000000000,3537937,1719.000000000000000,295297.000000000000000,8253,4182462,8400,3833234,14934,7720336
272,9/11/2021 15:00:00,4182,3891347,4354.000000000000000,3542291,666.000000000000000,295963.000000000000000,4848,4187310,5020,3838254,9202,7729538
273,9/12/2021 15:00:00,3175,3894522,3247.000000000000000,3545538,436.000000000000000,296399.000000000000000,3611,4190921,3683,3841937,6858,7736396
274,9/13/2021 15:00:00,4897,3899419,5085.000000000000000,3550623,347.000000000000000,296746.000000000000000,5244,4196165,5432,3847369,10329,7746725
275,9/14/2021 15:00:00,4777,3904196,5464.000000000000000,3556087,437.000000000000000,297183.000000000000000,5214,4201379,5901,3853270,10678,7757403
276,9/15/2021 15:00:00,5047,3909243,5906.000000000000000,3561993,392.000000000000000,297575.000000000000000,5439,4206818,6298,3859568,11345,7768748
277,9/16/2021 15:00:00,4816,3914059,5861.000000000000000,3567854,337.000000000000000,297912.000000000000000,5153,4211971,6198,3865766,11014,7779762
278,9/17/2021 15:00:00,5290,3919349,6600.000000000000000,3574454,344.000000000000000,298256.000000000000000,5634,4217605,6944,3872710,12234,7791996
279,9/18/2021 15:00:00,3824,3923173,4591.000000000000000,3579045,186.000000000000000,298442.000000000000000,4010,4221615,4777,3877487,8601,7800597
280,9/19/2021 15:00:00,2742,3925915,3183.000000000000000,3582228,75.000000000000000,298517.000000000000000,2817,4224432,3258,3880745,6000,7806597
281,9/20/2021 15:00:00,3754,3929669,4690.000000000000000,3586918,429.000000000000000,298946.000000000000000,4183,4228615,5119,3885864,8873,7815470
282,9/21/2021 15:00:00,4002,3933671,5024.000000000000000,3591942,327.000000000000000,299273.000000000000000,4329,4232944,5351,3891215,9353,7824823
283,9/22/2021 15:00:00,4194,3937865,4803.000000000000000,3596745,459.000000000000000,299732.000000000000000,4653,4237597,5262,3896477,9456,7834279
284,9/23/2021 15:00:00,4191,3942056,4739.000000000000000,3601484,492.000000000000000,300224.000000000000000,4683,4242280,5231,3901708,9422,7843701
285,9/24/2021 15:00:00,5097,3947153,5631.000000000000000,3607115,422.000000000000000,300646.000000000000000,5519,4247799,6053,3907761,11150,7854851
286,9/25/2021 15:00:00,3644,3950797,3640.000000000000000,3610755,384.000000000000000,301030.000000000000000,4028,4251827,4024,3911785,7668,7862519
287,9/26/2021 15:00:00,2354,3953151,2672.000000000000000,3613427,433.000000000000000,301463.000000000000000,2787,4254614,3105,3914890,5459,7867978
288,9/27/2021 15:00:00,4509,3957660,2720.000000000000000,3616147,512.000000000000000,301975.000000000000000,5021,4259635,3232,3918122,7741,7875719
289,9/28/2021 15:00:00,4414,3962074,4464.000000000000000,3620611,211.000000000000000,302186.000000000000000,4625,4264260,4675,3922797,9089,7884808
290,9/29/2021 15:00:00,4697,3966771,4536.000000000000000,3625147,920.000000000000000,303106.000000000000000,5617,4269877,5456,3928253,10153,7894961
291,9/30/2021 15:00:00,4894,3971665,4580.000000000000000,3629727,796.000000000000000,303902.000000000000000,5690,4275567,5376,3933629,10270,7905231
292,10/1/2021 15:00:00,5529,3977194,5374.000000000000000,3635101,785.000000000000000,304687.000000000000000,6314,4281881,6159,3939788,11688,7916919
293,10/2/2021 15:00:00,2950,3980144,2907.000000000000000,3638008,187.000000000000000,304874.000000000000000,3137,4285018,3094,3942882,6044,7922963
294,10/3/2021 15:00:00,2079,3982223,2383.000000000000000,3640391,87.000000000000000,304961.000000000000000,2166,4287184,2470,3945352,4549,7927512
295,10/4/2021 15:00:00,4033,3986256,3509.000000000000000,3643900,233.000000000000000,305194.000000000000000,4266,4291450,3742,3949094,7775,7935287
296,10/5/2021 15:00:00,3960,3990216,3676.000000000000000,3647576,206.000000000000000,305400.000000000000000,4166,4295616,3882,3952976,7842,7943129
297,10/6/2021 15:00:00,4035,3994251,3579.000000000000000,3651155,266.000000000000000,305666.000000000000000,4301,4299917,3845,3956821,7880,7951009
298,10/7/2021 15:00:00,4235,3998486,3641.000000000000000,3654796,332.000000000000000,305998.000000000000000,4567,4304484,3973,3960794,8208,7959217
299,10/8/2021 15:00:00,4786,4003272,4303.000000000000000,3659099,283.000000000000000,306281.000000000000000,5069,4309553,4586,3965380,9372,7968589
300,10/9/2021 15:00:00,2693,4005965,2683.000000000000000,3661782,270.000000000000000,306551.000000000000000,2963,4312516,2953,3968333,5646,7974235
301,10/10/2021 15:00:00,1860,4007825,1855.000000000000000,3663637,59.000000000000000,306610.000000000000000,1919,4314435,1914,3970247,3774,7978009
302,10/11/2021 15:00:00,4213,4012038,3318.000000000000000,3666955,250.000000000000000,306860.000000000000000,4463,4318898,3568,3973815,7781,7985790
303,10/12/2021 15:00:00,3604,4015642,3546.000000000000000,3670501,275.000000000000000,307135.000000000000000,3879,4322777,3821,3977636,7425,7993215
304,10/13/2021 15:00:00,3981,4019623,3467.000000000000000,3673968,346.000000000000000,307481.000000000000000,4327,4327104,3813,3981449,7794,8001009
305,10/14/2021 15:00:00,5174,4024797,5506.000000000000000,3679474,430.000000000000000,307911.000000000000000,5604,4332708,5936,3987385,11110,8012119
306,10/15/2021 15:00:00,4772,4029569,4618.000000000000000,3684092,347.000000000000000,308258.000000000000000,5119,4337827,4965,3992350,9737,8021856
307,10/16/2021 15:00:00,2496,4032065,2530.000000000000000,3686622,291.000000000000000,308549.000000000000000,2787,4340614,2821,3995171,5317,8027173
308,10/17/2021 15:00:00,1809,4033874,1780.000000000000000,3688402,55.000000000000000,308604.000000000000000,1864,4342478,1835,3997006,3644,8030817
309,10/18/2021 15:00:00,4283,4038157,3588.000000000000000,3691990,283.000000000000000,308887.000000000000000,4566,4347044,3871,4000877,8154,8038971
310,10/19/2021 15:00:00,4303,4042460,4024.000000000000000,3696014,224.000000000000000,309111.000000000000000,4527,4351571,4248,4005125,8551,8047522
311,10/20/2021 15:00:00,3544,4046004,3433.000000000000000,3699447,259.000000000000000,309370.000000000000000,3803,4355374,3692,4008817,7236,8054758
312,10/21/2021 15:00:00,3309,4049313,3288.000000000000000,3702735,291.000000000000000,309661.000000000000000,3600,4358974,3579,4012396,6888,8061646
313,10/22/2021 15:00:00,4686,4053999,4040.000000000000000,3706775,477.000000000000000,310138.000000000000000,5163,4364137,4517,4016913,9203,8070849
314,10/23/2021 15:00:00,2879,4056878,2114.000000000000000,3708889,321.000000000000000,310459.000000000000000,3200,4367337,2435,4019348,5314,8076163
315,10/24/2021 15:00:00,2054,4058932,1552.000000000000000,3710441,79.000000000000000,310538.000000000000000,2133,4369470,1631,4020979,3685,8079848
316,10/25/2021 15:00:00,4543,4063475,3071.000000000000000,3713512,320.000000000000000,310858.000000000000000,4863,4374333,3391,4024370,7934,8087782
317,10/26/2021 15:00:00,4518,4067993,3079.000000000000000,3716591,316.000000000000000,311174.000000000000000,4834,4379167,3395,4027765,7913,8095695
318,10/27/2021 15:00:00,4731,4072724,3341.000000000000000,3719932,436.000000000000000,311610.000000000000000,5167,4384334,3777,4031542,8508,8104203
319,10/28/2021 15:00:00,4565,4077289,3364.000000000000000,3723296,501.000000000000000,312111.000000000000000,5066,4389400,3865,4035407,8430,8112633
320,10/29/2021 15:00:00,4985,4082274,3920.000000000000000,3727216,395.000000000000000,312506.000000000000000,5380,4394780,4315,4039722,9300,8121933
321,10/30/2021 15:00:00,2627,4084901,1842.000000000000000,3729058,307.000000000000000,312813.000000000000000,2934,4397714,2149,4041871,4776,8126709
322,10/31/2021 15:00:00,1931,4086832,1520.000000000000000,3730578,93.000000000000000,312906.000000000000000,2024,4399738,1613,4043484,3544,8130253
323,11/1/2021 15:00:00,4731,4091563,3438.000000000000000,3734016,350.000000000000000,313256.000000000000000,5081,4404819,3788,4047272,8519,8138772
324,11/2/2021 15:00:00,4261,4095824,2943.000000000000000,3736959,409.000000000000000,313665.000000000000000,4670,4409489,3352,4050624,7613,8146385
325,11/3/2021 15:00:00,4663,4100487,3048.000000000000000,3740007,464.000000000000000,314129.000000000000000,5127,4414616,3512,4054136,8175,8154560
326,11/4/2021 15:00:00,6317,4106804,3378.000000000000000,3743385,529.000000000000000,314658.000000000000000,6846,4421462,3907,4058043,10224,8164784
327,11/5/2021 15:00:00,8239,4115043,3771.000000000000000,3747156,413.000000000000000,315071.000000000000000,8652,4430114,4184,4062227,12423,8177207
328,11/6/2021 15:00:00,10178,4125221,1971.000000000000000,3749127,308.000000000000000,315379.000000000000000,10486,4440600,2279,4064506,12457,8189664
329,11/7/2021 15:00:00,7728,4132949,1458.000000000000000,3750585,95.000000000000000,315474.000000000000000,7823,4448423,1553,4066059,9281,8198945
330,11/8/2021 15:00:00,11308,4144257,3050.000000000000000,3753635,379.000000000000000,315853.000000000000000,11687,4460110,3429,4069488,14737,8213682
331,11/9/2021 15:00:00,11768,4156025,2646.000000000000000,3756281,268.000000000000000,316121.000000000000000,12036,4472146,2914,4072402,14682,8228364
332,11/10/2021 15:00:00,12593,4168618,2760.000000000000000,3759041,339.000000000000000,316460.000000000000000,12932,4485078,3099,4075501,15692,8244056
333,11/11/2021 15:00:00,11371,4179989,2376.000000000000000,3761417,280.000000000000000,316740.000000000000000,11651,4496729,2656,4078157,14027,8258083
334,11/12/2021 15:00:00,12298,4192287,3364.000000000000000,3764781,548.000000000000000,317288.000000000000000,12846,4509575,3912,4082069,16210,8274293
335,11/13/2021 15:00:00,9899,4202186,1592.000000000000000,3766373,342.000000000000000,317630.000000000000000,10241,4519816,1934,4084003,11833,8286126
336,11/14/2021 15:00:00,4198,4206384,1113.000000000000000,3767486,121.000000000000000,317751.000000000000000,4319,4524135,1234,4085237,5432,8291558
337,11/15/2021 15:00:00,8631,4215015,2517.000000000000000,3770003,210.000000000000000,317961.000000000000000,8841,4532976,2727,4087964,11358,8302916
338,11/16/2021 15:00:00,9234,4224249,2502.000000000000000,3772505,257.000000000000000,318218.000000000000000,9491,4542467,2759,4090723,11993,8314909
339,11/17/2021 15:00:00,9389,4233638,2858.000000000000000,3775363,312.000000000000000,318530.000000000000000,9701,4552168,3170,4093893,12559,8327468
340,11/18/2021 15:00:00,9283,4242921,2622.000000000000000,3777985,481.000000000000000,319011.000000000000000,9764,4561932,3103,4096996,12386,8339854
341,11/19/2021 15:00:00,9806,4252727,2915.000000000000000,3780900,380.000000000000000,319391.000000000000000,10186,4572118,3295,4100291,13101,8352955
342,11/20/2021 15:00:00,10635,4263362,1603.000000000000000,3782503,455.000000000000000,319846.000000000000000,11090,4583208,2058,4102349,12693,8365648
343,11/21/2021 15:00:00,4344,4267706,1202.000000000000000,3783705,100.000000000000000,319946.000000000000000,4444,4587652,1302,4103651,5646,8371294
344,11/22/2021 15:00:00,9823,4277529,2501.000000000000000,3786206,293.000000000000000,320239.000000000000000,10116,4597768,2794,4106445,12617,8383911
345,11/23/2021 15:00:00,9211,4286740,2398.000000000000000,3788604,283.000000000000000,320522.000000000000000,9494,4607262,2681,4109126,11892,8395803
346,11/24/2021 15:00:00,8171,4294911,2435.000000000000000,3791039,216.000000000000000,320738.000000000000000,8387,4615649,2651,4111777,10822,8406625
347,11/25/2021 15:00:00,234,4295145,79.000000000000000,3791118,10.000000000000000,320748.000000000000000,244,4615893,89,4111866,323,8406948
348,11/26/2021 15:00:00,5646,4300791,3964.000000000000000,3795082,153.000000000000000,320901.000000000000000,5799,4621692,4117,4115983,9763,8416711
349,11/27/2021 15:00:00,3780,4304571,5478.000000000000000,3800560,134.000000000000000,321035.000000000000000,3914,4625606,5612,4121595,9392,8426103
350,11/28/2021 15:00:00,2408,4306979,6391.000000000000000,3806951,77.000000000000000,321112.000000000000000,2485,4628091,6468,4128063,8876,8434979
351,11/29/2021 15:00:00,6383,4313362,9301.000000000000000,3816252,379.000000000000000,321491.000000000000000,6762,4634853,9680,4137743,16063,8451042
352,11/30/2021 15:00:00,6256,4319618,9321.000000000000000,3825573,264.000000000000000,321755.000000000000000,6520,4641373,9585,4147328,15841,8466883
353,12/1/2021 15:00:00,7322,4326940,9735.000000000000000,3835308,309.000000000000000,322064.000000000000000,7631,4649004,10044,4157372,17366,8484249
354,12/2/2021 15:00:00,6928,4333868,8786.000000000000000,3844094,450.000000000000000,322514.000000000000000,7378,4656382,9236,4166608,16164,8500413
355,12/3/2021 15:00:00,7605,4341473,9272.000000000000000,3853366,251.000000000000000,322765.000000000000000,7856,4664238,9523,4176131,17128,8517541
356,12/4/2021 15:00:00,5946,4347419,10054.000000000000000,3863420,467.000000000000000,323232.000000000000000,6413,4670651,10521,4186652,16467,8534008
357,12/5/2021 15:00:00,3445,4350864,3549.000000000000000,3866969,78.000000000000000,323310.000000000000000,3523,4674174,3627,4190279,7072,8541080
358,12/6/2021 15:00:00,6771,4357635,7104.000000000000000,3874073,281.000000000000000,323591.000000000000000,7052,4681226,7385,4197664,14156,8555236
359,12/7/2021 15:00:00,6426,4364061,7042.000000000000000,3881115,250.000000000000000,323841.000000000000000,6676,4687902,7292,4204956,13718,8568954
360,12/8/2021 15:00:00,6943,4371004,7412.000000000000000,3888527,316.000000000000000,324157.000000000000000,7259,4695161,7728,4212684,14671,8583625
361,12/9/2021 15:00:00,6543,4377547,7030.000000000000000,3895557,399.000000000000000,324556.000000000000000,6942,4702103,7429,4220113,13972,8597597
362,12/10/2021 15:00:00,7292,4384839,7325.000000000000000,3902882,232.000000000000000,324788.000000000000000,7524,4709627,7557,4227670,14849,8612446
363,12/11/2021 15:00:00,4462,4389301,7678.000000000000000,3910560,333.000000000000000,325121.000000000000000,4795,4714422,8011,4235681,12473,8624919
364,12/12/2021 15:00:00,4001,4393302,2773.000000000000000,3913333,60.000000000000000,325181.000000000000000,4061,4718483,2833,4238514,6834,8631753
365,12/13/2021 15:00:00,5695,4398997,5770.000000000000000,3919103,243.000000000000000,325424.000000000000000,5938,4724421,6013,4244527,11708,8643461
366,12/14/2021 15:00:00,6463,4405460,5937.000000000000000,3925040,223.000000000000000,325647.000000000000000,6686,4731107,6160,4250687,12623,8656084
367,12/15/2021 15:00:00,7179,4412639,5721.000000000000000,3930761,258.000000000000000,325905.000000000000000,7437,4738544,5979,4256666,13158,8669242
368,12/16/2021 15:00:00,7896,4420535,2825.000000000000000,3933586,423.000000000000000,326328.000000000000000,8319,4746863,3248,4259914,11144,8680386
369,12/17/2021 15:00:00,7851,4428386,4165.000000000000000,3937751,195.000000000000000,326523.000000000000000,8046,4754909,4360,4264274,12211,8692597
370,12/18/2021 15:00:00,5840,4434226,3186.000000000000000,3940937,298.000000000000000,326821.000000000000000,6138,4761047,3484,4267758,9324,8701921
371,12/19/2021 15:00:00,3375,4437601,1342.000000000000000,3942279,37.000000000000000,326858.000000000000000,3412,4764459,1379,4269137,4754,8706675
372,12/20/2021 15:00:00,8098,4445699,3749.000000000000000,3946028,173.000000000000000,327031.000000000000000,8271,4772730,3922,4273059,12020,8718695
373,12/21/2021 15:00:00,8995,4454694,4166.000000000000000,3950194,175.000000000000000,327206.000000000000000,9170,4781900,4341,4277400,13336,8732031
374,12/22/2021 15:00:00,8703,4463397,3881.000000000000000,3954075,184.000000000000000,327390.000000000000000,8887,4790787,4065,4281465,12768,8744799
375,12/23/2021 15:00:00,8418,4471815,3572.000000000000000,3957647,359.000000000000000,327749.000000000000000,8777,4799564,3931,4285396,12349,8757148
376,12/24/2021 15:00:00,1637,4473452,1011.000000000000000,3958658,39.000000000000000,327788.000000000000000,1676,4801240,1050,4286446,2687,8759835
377,12/25/2021 15:00:00,47,4473499,36.000000000000000,3958694,1.000000000000000,327789.000000000000000,48,4801288,37,4286483,84,8759919
378,12/26/2021 15:00:00,2517,4476016,1745.000000000000000,3960439,44.000000000000000,327833.000000000000000,2561,4803849,1789,4288272,4306,8764225
379,12/27/2021 15:00:00,7220,4483236,4010.000000000000000,3964449,297.000000000000000,328130.000000000000000,7517,4811366,4307,4292579,11527,8775752
380,12/28/2021 15:00:00,7946,4491182,3863.000000000000000,3968312,178.000000000000000,328308.000000000000000,8124,4819490,4041,4296620,11987,8787739
381,12/29/2021 15:00:00,8250,4499432,4020.000000000000000,3972332,156.000000000000000,328464.000000000000000,8406,4827896,4176,4300796,12426,8800165
382,12/30/2021 15:00:00,7491,4506923,3793.000000000000000,3976125,290.000000000000000,328754.000000000000000,7781,4835677,4083,4304879,11574,8811739
383,12/31/2021 15:00:00,2579,4509502,1534.000000000000000,3977659,90.000000000000000,328844.000000000000000,2669,4838346,1624,4306503,4203,8815942
384,1/1/2022 15:00:00,738,4510240,350.000000000000000,3978009,34.000000000000000,328878.000000000000000,772,4839118,384,4306887,1122,8817064
385,1/2/2022 15:00:00,2216,4512456,1648.000000000000000,3979657,48.000000000000000,328926.000000000000000,2264,4841382,1696,4308583,3912,8820976
386,1/3/2022 15:00:00,3398,4515854,2068.000000000000000,3981725,223.000000000000000,329149.000000000000000,3621,4845003,2291,4310874,5689,8826665
387,1/4/2022 15:00:00,5858,4521712,3487.000000000000000,3985212,165.000000000000000,329314.000000000000000,6023,4851026,3652,4314526,9510,8836175
388,1/5/2022 15:00:00,6835,4528547,4701.000000000000000,3989913,175.000000000000000,329489.000000000000000,7010,4858036,4876,4319402,11711,8847886
389,1/6/2022 15:00:00,6784,4535331,4829.000000000000000,3994742,265.000000000000000,329754.000000000000000,7049,4865085,5094,4324496,11878,8859764
390,1/7/2022 15:00:00,6010,4541341,3792.000000000000000,3998534,162.000000000000000,329916.000000000000000,6172,4871257,3954,4328450,9964,8869728
391,1/8/2022 15:00:00,4810,4546151,3912.000000000000000,4002446,78.000000000000000,329994.000000000000000,4888,4876145,3990,4332440,8800,8878528
392,1/9/2022 15:00:00,2764,4548915,2017.000000000000000,4004463,154.000000000000000,330148.000000000000000,2918,4879063,2171,4334611,4935,8883463
393,1/10/2022 15:00:00,6358,4555273,3841.000000000000000,4008304,161.000000000000000,330309.000000000000000,6519,4885582,4002,4338613,10360,8893823
394,1/11/2022 15:00:00,6572,4561845,4264.000000000000000,4012568,142.000000000000000,330451.000000000000000,6714,4892296,4406,4343019,10978,8904801
395,1/12/2022 15:00:00,6835,4568680,4442.000000000000000,4017010,225.000000000000000,330676.000000000000000,7060,4899356,4667,4347686,11502,8916303
396,1/13/2022 15:00:00,6691,4575371,4386.000000000000000,4021396,153.000000000000000,330829.000000000000000,6844,4906200,4539,4352225,11230,8927533
397,1/14/2022 15:00:00,7237,4582608,3288.000000000000000,4024684,252.000000000000000,331081.000000000000000,7489,4913689,3540,4355765,10777,8938310
398,1/15/2022 15:00:00,4283,4586891,1698.000000000000000,4026382,71.000000000000000,331152.000000000000000,4354,4918043,1769,4357534,6052,8944362
399,1/16/2022 15:00:00,2219,4589110,1321.000000000000000,4027703,116.000000000000000,331268.000000000000000,2335,4920378,1437,4358971,3656,8948018
400,1/17/2022 15:00:00,3629,4592739,2370.000000000000000,4030073,74.000000000000000,331342.000000000000000,3703,4924081,2444,4361415,6073,8954091
401,1/18/2022 15:00:00,5304,4598043,4204.000000000000000,4034277,102.000000000000000,331444.000000000000000,5406,4929487,4306,4365721,9610,8963701
402,1/19/2022 15:00:00,5302,4603345,4480.000000000000000,4038757,99.000000000000000,331543.000000000000000,5401,4934888,4579,4370300,9881,8973582
403,1/20/2022 15:00:00,4530,4607875,3628.000000000000000,4042385,176.000000000000000,331719.000000000000000,4706,4939594,3804,4374104,8334,8981916
404,1/21/2022 15:00:00,5615,4613490,2938.000000000000000,4045323,126.000000000000000,331845.000000000000000,5741,4945335,3064,4377168,8679,8990595
405,1/22/2022 15:00:00,3467,4616957,1721.000000000000000,4047044,134.000000000000000,331979.000000000000000,3601,4948936,1855,4379023,5322,8995917
406,1/23/2022 15:00:00,2050,4619007,1498.000000000000000,4048542,30.000000000000000,332009.000000000000000,2080,4951016,1528,4380551,3578,8999495
407,1/24/2022 15:00:00,4126,4623133,2766.000000000000000,4051308,89.000000000000000,332098.000000000000000,4215,4955231,2855,4383406,6981,9006476
408,1/25/2022 15:00:00,3823,4626956,3316.000000000000000,4054624,95.000000000000000,332193.000000000000000,3918,4959149,3411,4386817,7234,9013710
409,1/26/2022 15:00:00,3881,4630837,3696.000000000000000,4058320,94.000000000000000,332287.000000000000000,3975,4963124,3790,4390607,7671,9021381
410,1/27/2022 15:00:00,3779,4634616,3924.000000000000000,4062244,186.000000000000000,332473.000000000000000,3965,4967089,4110,4394717,7889,9029270
411,1/28/2022 15:00:00,3861,4638477,3279.000000000000000,4065523,75.000000000000000,332548.000000000000000,3936,4971025,3354,4398071,7215,9036485
412,1/29/2022 15:00:00,2310,4640787,2294.000000000000000,4067817,117.000000000000000,332665.000000000000000,2427,4973452,2411,4400482,4721,9041206
413,1/30/2022 15:00:00,1565,4642352,1638.000000000000000,4069455,16.000000000000000,332681.000000000000000,1581,4975033,1654,4402136,3219,9044425
414,1/31/2022 15:00:00,3004,4645356,3238.000000000000000,4072693,58.000000000000000,332739.000000000000000,3062,4978095,3296,4405432,6300,9050725
415,2/1/2022 15:00:00,2653,4648009,3407.000000000000000,4076100,75.000000000000000,332814.000000000000000,2728,4980823,3482,4408914,6135,9056860
416,2/2/2022 15:00:00,2830,4650839,3723.000000000000000,4079823,77.000000000000000,332891.000000000000000,2907,4983730,3800,4412714,6630,9063490
417,2/3/2022 15:00:00,2768,4653607,3655.000000000000000,4083478,42.000000000000000,332933.000000000000000,2810,4986540,3697,4416411,6465,9069955
418,2/4/2022 15:00:00,2783,4656390,4378.000000000000000,4087856,128.000000000000000,333061.000000000000000,2911,4989451,4506,4420917,7289,9077244
419,2/5/2022 15:00:00,1927,4658317,2900.000000000000000,4090756,112.000000000000000,333173.000000000000000,2039,4991490,3012,4423929,4939,9082183
420,2/6/2022 15:00:00,1081,4659398,1353.000000000000000,4092109,24.000000000000000,333197.000000000000000,1105,4992595,1377,4425306,2458,9084641
421,2/7/2022 15:00:00,2070,4661468,2694.000000000000000,4094803,51.000000000000000,333248.000000000000000,2121,4994716,2745,4428051,4815,9089456
422,2/8/2022 15:00:00,2096,4663564,3093.000000000000000,4097896,63.000000000000000,333311.000000000000000,2159,4996875,3156,4431207,5252,9094708
423,2/9/2022 15:00:00,2212,4665776,3311.000000000000000,4101207,75.000000000000000,333386.000000000000000,2287,4999162,3386,4434593,5598,9100306
424,2/10/2022 15:00:00,2098,4667874,2868.000000000000000,4104075,55.000000000000000,333441.000000000000000,2153,5001315,2923,4437516,5021,9105327
425,2/11/2022 15:00:00,2515,4670389,3514.000000000000000,4107589,122.000000000000000,333563.000000000000000,2637,5003952,3636,4441152,6151,9111478
426,2/12/2022 15:00:00,1662,4672051,2294.000000000000000,4109883,97.000000000000000,333660.000000000000000,1759,5005711,2391,4443543,4053,9115531
427,2/13/2022 15:00:00,736,4672787,1086.000000000000000,4110969,17.000000000000000,333677.000000000000000,753,5006464,1103,4444646,1839,9117370
428,2/14/2022 15:00:00,1467,4674254,2237.000000000000000,4113206,65.000000000000000,333742.000000000000000,1532,5007996,2302,4446948,3769,9121139
429,2/15/2022 15:00:00,1944,4676198,2457.000000000000000,4115663,48.000000000000000,333790.000000000000000,1992,5009988,2505,4449453,4449,9125588
430,2/16/2022 15:00:00,1690,4677888,2427.000000000000000,4118090,52.000000000000000,333842.000000000000000,1742,5011730,2479,4451932,4169,9129757
431,2/17/2022 15:00:00,16869,4694757,13023.000000000000000,4131113,485.000000000000000,334327.000000000000000,17354,5029084,13508,4465440,30377,9160134
432,2/18/2022 15:00:00,1978,4696735,2550.000000000000000,4133663,49.000000000000000,334376.000000000000000,2027,5031111,2599,4468039,4577,9164711
433,2/19/2022 15:00:00,1226,4697961,1673.000000000000000,4135336,39.000000000000000,334415.000000000000000,1265,5032376,1712,4469751,2938,9167649
434,2/20/2022 15:00:00,705,4698666,848.000000000000000,4136184,15.000000000000000,334430.000000000000000,720,5033096,863,4470614,1568,9169217
435,2/21/2022 15:00:00,1290,4699956,1752.000000000000000,4137936,32.000000000000000,334462.000000000000000,1322,5034418,1784,4472398,3074,9172291
436,2/22/2022 15:00:00,1446,4701402,1866.000000000000000,4139802,36.000000000000000,334498.000000000000000,1482,5035900,1902,4474300,3348,9175639
437,2/23/2022 15:00:00,1448,4702850,1775.000000000000000,4141577,33.000000000000000,334531.000000000000000,1481,5037381,1808,4476108,3256,9178895
438,2/24/2022 15:00:00,780,4703630,993.000000000000000,4142570,15.000000000000000,334546.000000000000000,795,5038176,1008,4477116,1788,9180683