OBJECTID,VACCINATION_DATE,FirstDailyDose,FirstDoseCumulative,SecondDailyDose,SecondDoseCumulative,SingleDailyDose,SingleDoseCumulative,AtleastOneVaccine,AtleastOneVaccineCumulative,CompletedVax,CompletedVaxCumulative,FirstSecondSingleVaccination_12,FirstSecondSingleVaccination_13
1,12/14/2020 15:00:00,19,1327,,514,,,19,1327,0,514,19,1737
2,12/15/2020 15:00:00,59,1386,3.000000000000000,517,,,59,1386,3,517,62,1799
3,12/16/2020 15:00:00,587,1973,5.000000000000000,522,,,587,1973,5,522,592,2391
4,12/17/2020 15:00:00,1154,3127,5.000000000000000,527,,,1154,3127,5,527,1159,3550
5,12/18/2020 15:00:00,3010,6137,13.000000000000000,540,,,3010,6137,13,540,3023,6573
6,12/19/2020 15:00:00,928,7065,5.000000000000000,545,,,928,7065,5,545,933,7506
7,12/20/2020 15:00:00,360,7425,5.000000000000000,550,,,360,7425,5,550,365,7871
8,12/21/2020 15:00:00,3883,11308,26.000000000000000,576,,,3883,11308,26,576,3909,11780
9,12/22/2020 15:00:00,6318,17626,25.000000000000000,601,,,6318,17626,25,601,6343,18123
10,12/23/2020 15:00:00,5773,23399,35.000000000000000,636,,,5773,23399,35,636,5808,23931
11,12/24/2020 15:00:00,2722,26121,16.000000000000000,652,,,2722,26121,16,652,2738,26669
12,12/25/2020 15:00:00,1034,27155,4.000000000000000,656,,,1034,27155,4,656,1038,27707
13,12/26/2020 15:00:00,1881,29036,9.000000000000000,665,,,1881,29036,9,665,1890,29597
14,12/27/2020 15:00:00,1803,30839,10.000000000000000,675,,,1803,30839,10,675,1813,31410
15,12/28/2020 15:00:00,8979,39818,47.000000000000000,722,,,8979,39818,47,722,9026,40436
16,12/29/2020 15:00:00,10957,50775,50.000000000000000,772,,,10957,50775,50,772,11007,51443
17,12/30/2020 15:00:00,12484,63259,87.000000000000000,859,,,12484,63259,87,859,12571,64014
18,12/31/2020 15:00:00,7550,70809,45.000000000000000,904,,,7550,70809,45,904,7595,71609
19,1/1/2021 15:00:00,3181,73990,136.000000000000000,1040,,,3181,73990,136,1040,3317,74926
20,1/2/2021 15:00:00,3035,77025,34.000000000000000,1074,,,3035,77025,34,1074,3069,77995
21,1/3/2021 15:00:00,3403,80428,81.000000000000000,1155,,,3403,80428,81,1155,3484,81479
22,1/4/2021 15:00:00,13349,93777,331.000000000000000,1486,,,13349,93777,331,1486,13680,95159
23,1/5/2021 15:00:00,12463,106240,542.000000000000000,2028,,,12463,106240,542,2028,13005,108164
24,1/6/2021 15:00:00,15240,121480,858.000000000000000,2886,,,15240,121480,858,2886,16098,124262
25,1/7/2021 15:00:00,15013,136493,1761.000000000000000,4647,,,15013,136493,1761,4647,16774,141036
26,1/8/2021 15:00:00,24003,160496,2773.000000000000000,7420,,,24003,160496,2773,7420,26776,167812
27,1/9/2021 15:00:00,5162,165658,951.000000000000000,8371,,,5162,165658,951,8371,6113,173925
28,1/10/2021 15:00:00,2964,168622,380.000000000000000,8751,,,2964,168622,380,8751,3344,177269
29,1/11/2021 15:00:00,13711,182333,3465.000000000000000,12216,,,13711,182333,3465,12216,17176,194445
30,1/12/2021 15:00:00,17376,199709,5586.000000000000000,17802,,,17376,199709,5586,17802,22962,217407
31,1/13/2021 15:00:00,18600,218309,3909.000000000000000,21711,,,18600,218309,3909,21711,22509,239916
32,1/14/2021 15:00:00,17835,236144,1957.000000000000000,23668,,,17835,236144,1957,23668,19792,259708
33,1/15/2021 15:00:00,19455,255599,2023.000000000000000,25691,,,19455,255599,2023,25691,21478,281186
34,1/16/2021 15:00:00,5819,261418,1612.000000000000000,27303,,,5819,261418,1612,27303,7431,288617
35,1/17/2021 15:00:00,2117,263535,1478.000000000000000,28781,,,2117,263535,1478,28781,3595,292212
36,1/18/2021 15:00:00,7069,270604,3256.000000000000000,32037,,,7069,270604,3256,32037,10325,302537
37,1/19/2021 15:00:00,16933,287537,5398.000000000000000,37435,,,16933,287537,5398,37435,22331,324868
38,1/20/2021 15:00:00,20994,308531,5316.000000000000000,42751,,,20994,308531,5316,42751,26310,351178
39,1/21/2021 15:00:00,23785,332316,3831.000000000000000,46582,,,23785,332316,3831,46582,27616,378794
40,1/22/2021 15:00:00,28650,360966,3740.000000000000000,50322,,,28650,360966,3740,50322,32390,411184
41,1/23/2021 15:00:00,10112,371078,1934.000000000000000,52256,,,10112,371078,1934,52256,12046,423230
42,1/24/2021 15:00:00,3349,374427,1722.000000000000000,53978,,,3349,374427,1722,53978,5071,428301
43,1/25/2021 15:00:00,16299,390726,8593.000000000000000,62571,,,16299,390726,8593,62571,24892,453193
44,1/26/2021 15:00:00,17549,408275,8965.000000000000000,71536,,,17549,408275,8965,71536,26514,479707
45,1/27/2021 15:00:00,24434,432709,12539.000000000000000,84075,,,24434,432709,12539,84075,36973,516680
46,1/28/2021 15:00:00,22646,455355,9318.000000000000000,93393,,,22646,455355,9318,93393,31964,548644
47,1/29/2021 15:00:00,24767,480122,7918.000000000000000,101311,,,24767,480122,7918,101311,32685,581329
48,1/30/2021 15:00:00,17771,497893,2550.000000000000000,103861,,,17771,497893,2550,103861,20321,601650
49,1/31/2021 15:00:00,3760,501653,1360.000000000000000,105221,,,3760,501653,1360,105221,5120,606770
50,2/1/2021 15:00:00,8046,509699,5329.000000000000000,110550,,,8046,509699,5329,110550,13375,620145
51,2/2/2021 15:00:00,12483,522182,13818.000000000000000,124368,,,12483,522182,13818,124368,26301,646446
52,2/3/2021 15:00:00,18242,540424,18116.000000000000000,142484,,,18242,540424,18116,142484,36358,682804
53,2/4/2021 15:00:00,22106,562530,15765.000000000000000,158249,,,22106,562530,15765,158249,37871,720675
54,2/5/2021 15:00:00,20337,582867,17404.000000000000000,175653,,,20337,582867,17404,175653,37741,758416
55,2/6/2021 15:00:00,11317,594184,14463.000000000000000,190116,,,11317,594184,14463,190116,25780,784196
56,2/7/2021 15:00:00,5946,600130,1831.000000000000000,191947,,,5946,600130,1831,191947,7777,791973
57,2/8/2021 15:00:00,12966,613096,12913.000000000000000,204860,,,12966,613096,12913,204860,25879,817852
58,2/9/2021 15:00:00,16642,629738,13862.000000000000000,218722,,,16642,629738,13862,218722,30504,848356
59,2/10/2021 15:00:00,19276,649014,21223.000000000000000,239945,,,19276,649014,21223,239945,40499,888855
60,2/11/2021 15:00:00,22839,671853,17329.000000000000000,257274,,,22839,671853,17329,257274,40168,929023
61,2/12/2021 15:00:00,20385,692238,19607.000000000000000,276881,,,20385,692238,19607,276881,39992,969015
62,2/13/2021 15:00:00,11435,703673,6411.000000000000000,283292,,,11435,703673,6411,283292,17846,986861
63,2/14/2021 15:00:00,7107,710780,2119.000000000000000,285411,,,7107,710780,2119,285411,9226,996087
64,2/15/2021 15:00:00,11757,722537,13320.000000000000000,298731,,,11757,722537,13320,298731,25077,1021164
65,2/16/2021 15:00:00,16597,739134,21003.000000000000000,319734,,,16597,739134,21003,319734,37600,1058764
66,2/17/2021 15:00:00,20649,759783,26363.000000000000000,346097,,,20649,759783,26363,346097,47012,1105776
67,2/18/2021 15:00:00,3194,762977,4615.000000000000000,350712,,,3194,762977,4615,350712,7809,1113585
68,2/19/2021 15:00:00,10254,773231,19919.000000000000000,370631,,,10254,773231,19919,370631,30173,1143758
69,2/20/2021 15:00:00,10307,783538,20276.000000000000000,390907,,,10307,783538,20276,390907,30583,1174341
70,2/21/2021 15:00:00,6169,789707,7638.000000000000000,398545,,,6169,789707,7638,398545,13807,1188148
71,2/22/2021 15:00:00,8031,797738,15465.000000000000000,414010,,,8031,797738,15465,414010,23496,1211644
72,2/23/2021 15:00:00,15517,813255,15971.000000000000000,429981,,,15517,813255,15971,429981,31488,1243132
73,2/24/2021 15:00:00,17939,831194,24739.000000000000000,454720,,,17939,831194,24739,454720,42678,1285810
74,2/25/2021 15:00:00,20390,851584,26547.000000000000000,481267,,,20390,851584,26547,481267,46937,1332747
75,2/26/2021 15:00:00,26714,878298,26198.000000000000000,507465,,,26714,878298,26198,507465,52912,1385659
76,2/27/2021 15:00:00,15999,894297,11150.000000000000000,518615,,,15999,894297,11150,518615,27149,1412808
77,2/28/2021 15:00:00,15497,909794,4872.000000000000000,523487,,,15497,909794,4872,523487,20369,1433177
78,3/1/2021 15:00:00,26866,936660,12576.000000000000000,536063,,,26866,936660,12576,536063,39442,1472619
79,3/2/2021 15:00:00,23904,960564,13263.000000000000000,549326,33.000000000000000,33.000000000000000,23937,960597,13296,549359,37200,1509819
80,3/3/2021 15:00:00,30177,990741,18384.000000000000000,567710,186.000000000000000,219.000000000000000,30363,990960,18570,567929,48747,1558566
81,3/4/2021 15:00:00,30950,1021691,18180.000000000000000,585890,4067.000000000000000,4286.000000000000000,35017,1025977,22247,590176,53197,1611763
82,3/5/2021 15:00:00,30007,1051698,19706.000000000000000,605596,4910.000000000000000,9196.000000000000000,34917,1060894,24616,614792,54623,1666386
83,3/6/2021 15:00:00,18905,1070603,9500.000000000000000,615096,6006.000000000000000,15202.000000000000000,24911,1085805,15506,630298,34411,1700797
84,3/7/2021 15:00:00,12117,1082720,4848.000000000000000,619944,6613.000000000000000,21815.000000000000000,18730,1104535,11461,641759,23578,1724375
85,3/8/2021 15:00:00,25865,1108585,8831.000000000000000,628775,8277.000000000000000,30092.000000000000000,34142,1138677,17108,658867,42973,1767348
86,3/9/2021 15:00:00,26111,1134696,15458.000000000000000,644233,8348.000000000000000,38440.000000000000000,34459,1173136,23806,682673,49917,1817265
87,3/10/2021 15:00:00,29842,1164538,15984.000000000000000,660217,7939.000000000000000,46379.000000000000000,37781,1210917,23923,706596,53765,1871030
88,3/11/2021 15:00:00,35976,1200514,16395.000000000000000,676612,3980.000000000000000,50359.000000000000000,39956,1250873,20375,726971,56351,1927381
89,3/12/2021 15:00:00,36901,1237415,18084.000000000000000,694696,2923.000000000000000,53282.000000000000000,39824,1290697,21007,747978,57908,1985289
90,3/13/2021 15:00:00,22656,1260071,10276.000000000000000,704972,1626.000000000000000,54908.000000000000000,24282,1314979,11902,759880,34558,2019847
91,3/14/2021 15:00:00,17833,1277904,6712.000000000000000,711684,1004.000000000000000,55912.000000000000000,18837,1333816,7716,767596,25549,2045396
92,3/15/2021 15:00:00,29808,1307712,11291.000000000000000,722975,596.000000000000000,56508.000000000000000,30404,1364220,11887,779483,41695,2087091
93,3/16/2021 15:00:00,33408,1341120,13564.000000000000000,736539,769.000000000000000,57277.000000000000000,34177,1398397,14333,793816,47741,2134832
94,3/17/2021 15:00:00,37554,1378674,17035.000000000000000,753574,1181.000000000000000,58458.000000000000000,38735,1437132,18216,812032,55770,2190602
95,3/18/2021 15:00:00,41431,1420105,12631.000000000000000,766205,1348.000000000000000,59806.000000000000000,42779,1479911,13979,826011,55410,2246012
96,3/19/2021 15:00:00,38327,1458432,15414.000000000000000,781619,1036.000000000000000,60842.000000000000000,39363,1519274,16450,842461,54777,2300789
97,3/20/2021 15:00:00,24689,1483121,10146.000000000000000,791765,702.000000000000000,61544.000000000000000,25391,1544665,10848,853309,35537,2336326
98,3/21/2021 15:00:00,19168,1502289,7867.000000000000000,799632,336.000000000000000,61880.000000000000000,19504,1564169,8203,861512,27371,2363697
99,3/22/2021 15:00:00,32583,1534872,11465.000000000000000,811097,835.000000000000000,62715.000000000000000,33418,1597587,12300,873812,44883,2408580
100,3/23/2021 15:00:00,38415,1573287,17785.000000000000000,828882,1554.000000000000000,64269.000000000000000,39969,1637556,19339,893151,57754,2466334
101,3/24/2021 15:00:00,41071,1614358,21193.000000000000000,850075,1386.000000000000000,65655.000000000000000,42457,1680013,22579,915730,63650,2529984
102,3/25/2021 15:00:00,42865,1657223,21672.000000000000000,871747,2458.000000000000000,68113.000000000000000,45323,1725336,24130,939860,66995,2596979
103,3/26/2021 15:00:00,36335,1693558,26660.000000000000000,898407,2496.000000000000000,70609.000000000000000,38831,1764167,29156,969016,65491,2662470
104,3/27/2021 15:00:00,26459,1720017,17273.000000000000000,915680,2490.000000000000000,73099.000000000000000,28949,1793116,19763,988779,46222,2708692
105,3/28/2021 15:00:00,17005,1737022,12630.000000000000000,928310,1616.000000000000000,74715.000000000000000,18621,1811737,14246,1003025,31251,2739943
106,3/29/2021 15:00:00,29712,1766734,26269.000000000000000,954579,1140.000000000000000,75855.000000000000000,30852,1842589,27409,1030434,57121,2797064
107,3/30/2021 15:00:00,40040,1806774,28974.000000000000000,983553,1860.000000000000000,77715.000000000000000,41900,1884489,30834,1061268,70874,2867938
108,3/31/2021 15:00:00,41031,1847805,34668.000000000000000,1018221,5748.000000000000000,83463.000000000000000,46779,1931268,40416,1101684,81447,2949385
109,4/1/2021 15:00:00,42247,1890052,40953.000000000000000,1059174,5723.000000000000000,89186.000000000000000,47970,1979238,46676,1148360,88923,3038308
110,4/2/2021 15:00:00,34903,1924955,32650.000000000000000,1091824,6121.000000000000000,95307.000000000000000,41024,2020262,38771,1187131,73674,3111982
111,4/3/2021 15:00:00,21128,1946083,19178.000000000000000,1111002,4385.000000000000000,99692.000000000000000,25513,2045775,23563,1210694,44691,3156673
112,4/4/2021 15:00:00,8265,1954348,10182.000000000000000,1121184,967.000000000000000,100659.000000000000000,9232,2055007,11149,1221843,19414,3176087
113,4/5/2021 15:00:00,27932,1982280,28889.000000000000000,1150073,6652.000000000000000,107311.000000000000000,34584,2089591,35541,1257384,63473,3239560
114,4/6/2021 15:00:00,39755,2022035,30423.000000000000000,1180496,10488.000000000000000,117799.000000000000000,50243,2139834,40911,1298295,80666,3320226
115,4/7/2021 15:00:00,36059,2058094,34252.000000000000000,1214748,12982.000000000000000,130781.000000000000000,49041,2188875,47234,1345529,83293,3403519
116,4/8/2021 15:00:00,42278,2100372,36075.000000000000000,1250823,13864.000000000000000,144645.000000000000000,56142,2245017,49939,1395468,92217,3495736
117,4/9/2021 15:00:00,34041,2134413,36305.000000000000000,1287128,14520.000000000000000,159165.000000000000000,48561,2293578,50825,1446293,84866,3580602
118,4/10/2021 15:00:00,23454,2157867,23116.000000000000000,1310244,7642.000000000000000,166807.000000000000000,31096,2324674,30758,1477051,54212,3634814
119,4/11/2021 15:00:00,17558,2175425,13273.000000000000000,1323517,10122.000000000000000,176929.000000000000000,27680,2352354,23395,1500446,40953,3675767
120,4/12/2021 15:00:00,24593,2200018,33144.000000000000000,1356661,10897.000000000000000,187826.000000000000000,35490,2387844,44041,1544487,68634,3744401
121,4/13/2021 15:00:00,126176,2326194,91213.000000000000000,1447874,3292.000000000000000,191118.000000000000000,129468,2517312,94505,1638992,220681,3965082
122,4/14/2021 15:00:00,40702,2366896,37787.000000000000000,1485661,211.000000000000000,191329.000000000000000,40913,2558225,37998,1676990,78700,4043782
123,4/15/2021 15:00:00,41409,2408305,39504.000000000000000,1525165,174.000000000000000,191503.000000000000000,41583,2599808,39678,1716668,81087,4124869
124,4/16/2021 15:00:00,37144,2445449,38825.000000000000000,1563990,23.000000000000000,191526.000000000000000,37167,2636975,38848,1755516,75992,4200861
125,4/17/2021 15:00:00,32792,2478241,22016.000000000000000,1586006,12.000000000000000,191538.000000000000000,32804,2669779,22028,1777544,54820,4255681
126,4/18/2021 15:00:00,20066,2498307,16187.000000000000000,1602193,5.000000000000000,191543.000000000000000,20071,2689850,16192,1793736,36258,4291939
127,4/19/2021 15:00:00,29868,2528175,36533.000000000000000,1638726,61.000000000000000,191604.000000000000000,29929,2719779,36594,1830330,66462,4358401
128,4/20/2021 15:00:00,32917,2561092,44416.000000000000000,1683142,57.000000000000000,191661.000000000000000,32974,2752753,44473,1874803,77390,4435791
129,4/21/2021 15:00:00,39803,2600895,47022.000000000000000,1730164,25.000000000000000,191686.000000000000000,39828,2792581,47047,1921850,86850,4522641
130,4/22/2021 15:00:00,35809,2636704,42632.000000000000000,1772796,16.000000000000000,191702.000000000000000,35825,2828406,42648,1964498,78457,4601098
131,4/23/2021 15:00:00,33121,2669825,40115.000000000000000,1812911,14.000000000000000,191716.000000000000000,33135,2861541,40129,2004627,73250,4674348
132,4/24/2021 15:00:00,26400,2696225,27870.000000000000000,1840781,81.000000000000000,191797.000000000000000,26481,2888022,27951,2032578,54351,4728699
133,4/25/2021 15:00:00,20226,2716451,10957.000000000000000,1851738,31.000000000000000,191828.000000000000000,20257,2908279,10988,2043566,31214,4759913
134,4/26/2021 15:00:00,27398,2743849,32690.000000000000000,1884428,202.000000000000000,192030.000000000000000,27600,2935879,32892,2076458,60290,4820203
135,4/27/2021 15:00:00,26694,2770543,33042.000000000000000,1917470,1098.000000000000000,193128.000000000000000,27792,2963671,34140,2110598,60834,4881037
136,4/28/2021 15:00:00,28926,2799469,39500.000000000000000,1956970,1362.000000000000000,194490.000000000000000,30288,2993959,40862,2151460,69788,4950825
137,4/29/2021 15:00:00,27083,2826552,39683.000000000000000,1996653,1463.000000000000000,195953.000000000000000,28546,3022505,41146,2192606,68229,5019054
138,4/30/2021 15:00:00,28201,2854753,32246.000000000000000,2028899,1647.000000000000000,197600.000000000000000,29848,3052353,33893,2226499,62094,5081148
139,5/1/2021 15:00:00,20614,2875367,26618.000000000000000,2055517,1045.000000000000000,198645.000000000000000,21659,3074012,27663,2254162,48277,5129425
140,5/2/2021 15:00:00,10282,2885649,17033.000000000000000,2072550,822.000000000000000,199467.000000000000000,11104,3085116,17855,2272017,28137,5157562
141,5/3/2021 15:00:00,12750,2898399,28561.000000000000000,2101111,1915.000000000000000,201382.000000000000000,14665,3099781,30476,2302493,43226,5200788
142,5/4/2021 15:00:00,13568,2911967,38574.000000000000000,2139685,1737.000000000000000,203119.000000000000000,15305,3115086,40311,2342804,53879,5254667
143,5/5/2021 15:00:00,19321,2931288,37725.000000000000000,2177410,1921.000000000000000,205040.000000000000000,21242,3136328,39646,2382450,58967,5313634
144,5/6/2021 15:00:00,16918,2948206,40571.000000000000000,2217981,1720.000000000000000,206760.000000000000000,18638,3154966,42291,2424741,59209,5372843
145,5/7/2021 15:00:00,17580,2965786,36986.000000000000000,2254967,1957.000000000000000,208717.000000000000000,19537,3174503,38943,2463684,56523,5429366
146,5/8/2021 15:00:00,10784,2976570,31214.000000000000000,2286181,1291.000000000000000,210008.000000000000000,12075,3186578,32505,2496189,43289,5472655
147,5/9/2021 15:00:00,5078,2981648,12234.000000000000000,2298415,695.000000000000000,210703.000000000000000,5773,3192351,12929,2509118,18007,5490662
148,5/10/2021 15:00:00,8954,2990602,31037.000000000000000,2329452,1362.000000000000000,212065.000000000000000,10316,3202667,32399,2541517,41353,5532015
149,5/11/2021 15:00:00,12183,3002785,30262.000000000000000,2359714,1440.000000000000000,213505.000000000000000,13623,3216290,31702,2573219,43885,5575900
150,5/12/2021 15:00:00,13948,3016733,38561.000000000000000,2398275,1919.000000000000000,215424.000000000000000,15867,3232157,40480,2613699,54428,5630328
151,5/13/2021 15:00:00,21858,3038591,33438.000000000000000,2431713,1345.000000000000000,216769.000000000000000,23203,3255360,34783,2648482,56641,5686969
152,5/14/2021 15:00:00,24367,3062958,30016.000000000000000,2461729,1775.000000000000000,218544.000000000000000,26142,3281502,31791,2680273,56158,5743127
153,5/15/2021 15:00:00,21915,3084873,25096.000000000000000,2486825,1490.000000000000000,220034.000000000000000,23405,3304907,26586,2706859,48501,5791628
154,5/16/2021 15:00:00,9081,3093954,17575.000000000000000,2504400,1113.000000000000000,221147.000000000000000,10194,3315101,18688,2725547,27769,5819397
155,5/17/2021 15:00:00,16839,3110793,28372.000000000000000,2532772,1949.000000000000000,223096.000000000000000,18788,3333889,30321,2755868,47160,5866557
156,5/18/2021 15:00:00,21245,3132038,30667.000000000000000,2563439,1942.000000000000000,225038.000000000000000,23187,3357076,32609,2788477,53854,5920411
157,5/19/2021 15:00:00,27631,3159669,32403.000000000000000,2595842,1628.000000000000000,226666.000000000000000,29259,3386335,34031,2822508,61662,5982073
158,5/20/2021 15:00:00,20801,3180470,33238.000000000000000,2629080,1966.000000000000000,228632.000000000000000,22767,3409102,35204,2857712,56005,6038078
159,5/21/2021 15:00:00,19155,3199625,30320.000000000000000,2659400,1607.000000000000000,230239.000000000000000,20762,3429864,31927,2889639,51082,6089160
160,5/22/2021 15:00:00,16926,3216551,20660.000000000000000,2680060,1270.000000000000000,231509.000000000000000,18196,3448060,21930,2911569,38856,6128016
161,5/23/2021 15:00:00,8759,3225310,11433.000000000000000,2691493,964.000000000000000,232473.000000000000000,9723,3457783,12397,2923966,21156,6149172
162,5/24/2021 15:00:00,13559,3238869,17755.000000000000000,2709248,1473.000000000000000,233946.000000000000000,15032,3472815,19228,2943194,32787,6181959
163,5/25/2021 15:00:00,13061,3251930,18706.000000000000000,2727954,1329.000000000000000,235275.000000000000000,14390,3487205,20035,2963229,33096,6215055
164,5/26/2021 15:00:00,18301,3270231,19482.000000000000000,2747436,1511.000000000000000,236786.000000000000000,19812,3507017,20993,2984222,39294,6254349
165,5/27/2021 15:00:00,11684,3281915,18640.000000000000000,2766076,1116.000000000000000,237902.000000000000000,12800,3519817,19756,3003978,31440,6285789
166,5/28/2021 15:00:00,12406,3294321,19831.000000000000000,2785907,1399.000000000000000,239301.000000000000000,13805,3533622,21230,3025208,33636,6319425
167,5/29/2021 15:00:00,9548,3303869,11663.000000000000000,2797570,935.000000000000000,240236.000000000000000,10483,3544105,12598,3037806,22146,6341571
168,5/30/2021 15:00:00,4965,3308834,6422.000000000000000,2803992,595.000000000000000,240831.000000000000000,5560,3549665,7017,3044823,11982,6353553
169,5/31/2021 15:00:00,1777,3310611,3712.000000000000000,2807704,305.000000000000000,241136.000000000000000,2082,3551747,4017,3048840,5794,6359347
170,6/1/2021 15:00:00,9827,3320438,16407.000000000000000,2824111,1157.000000000000000,242293.000000000000000,10984,3562731,17564,3066404,27391,6386738
171,6/2/2021 15:00:00,10230,3330668,16798.000000000000000,2840909,959.000000000000000,243252.000000000000000,11189,3573920,17757,3084161,27987,6414725
172,6/3/2021 15:00:00,7892,3338560,21175.000000000000000,2862084,1086.000000000000000,244338.000000000000000,8978,3582898,22261,3106422,30153,6444878
173,6/4/2021 15:00:00,8167,3346727,22328.000000000000000,2884412,1120.000000000000000,245458.000000000000000,9287,3592185,23448,3129870,31615,6476493
174,6/5/2021 15:00:00,7003,3353730,19452.000000000000000,2903864,720.000000000000000,246178.000000000000000,7723,3599908,20172,3150042,27175,6503668
175,6/6/2021 15:00:00,3459,3357189,7234.000000000000000,2911098,423.000000000000000,246601.000000000000000,3882,3603790,7657,3157699,11116,6514784
176,6/7/2021 15:00:00,6848,3364037,15749.000000000000000,2926847,726.000000000000000,247327.000000000000000,7574,3611364,16475,3174174,23323,6538107
177,6/8/2021 15:00:00,6669,3370706,19688.000000000000000,2946535,830.000000000000000,248157.000000000000000,7499,3618863,20518,3194692,27187,6565294
178,6/9/2021 15:00:00,8194,3378900,23923.000000000000000,2970458,970.000000000000000,249127.000000000000000,9164,3628027,24893,3219585,33087,6598381
179,6/10/2021 15:00:00,7144,3386044,19106.000000000000000,2989564,894.000000000000000,250021.000000000000000,8038,3636065,20000,3239585,27144,6625525
180,6/11/2021 15:00:00,7474,3393518,17702.000000000000000,3007266,1125.000000000000000,251146.000000000000000,8599,3644664,18827,3258412,26301,6651826
181,6/12/2021 15:00:00,5230,3398748,14748.000000000000000,3022014,605.000000000000000,251751.000000000000000,5835,3650499,15353,3273765,20583,6672409
182,6/13/2021 15:00:00,1930,3400678,7565.000000000000000,3029579,427.000000000000000,252178.000000000000000,2357,3652856,7992,3281757,9922,6682331
183,6/14/2021 15:00:00,5657,3406335,11802.000000000000000,3041381,734.000000000000000,252912.000000000000000,6391,3659247,12536,3294293,18193,6700524
184,6/15/2021 15:00:00,5631,3411966,14322.000000000000000,3055703,873.000000000000000,253785.000000000000000,6504,3665751,15195,3309488,20826,6721350
185,6/16/2021 15:00:00,8752,3420718,21566.000000000000000,3077269,757.000000000000000,254542.000000000000000,9509,3675260,22323,3331811,31075,6752425
186,6/17/2021 15:00:00,6681,3427399,12352.000000000000000,3089621,720.000000000000000,255262.000000000000000,7401,3682661,13072,3344883,19753,6772178
187,6/18/2021 15:00:00,6831,3434230,12727.000000000000000,3102348,703.000000000000000,255965.000000000000000,7534,3690195,13430,3358313,20261,6792439
188,6/19/2021 15:00:00,4659,3438889,9362.000000000000000,3111710,614.000000000000000,256579.000000000000000,5273,3695468,9976,3368289,14635,6807074
189,6/20/2021 15:00:00,2505,3441394,5048.000000000000000,3116758,377.000000000000000,256956.000000000000000,2882,3698350,5425,3373714,7930,6815004
190,6/21/2021 15:00:00,5557,3446951,5330.000000000000000,3122088,635.000000000000000,257591.000000000000000,6192,3704542,5965,3379679,11522,6826526
191,6/22/2021 15:00:00,5345,3452296,9039.000000000000000,3131127,692.000000000000000,258283.000000000000000,6037,3710579,9731,3389410,15076,6841602
192,6/23/2021 15:00:00,6061,3458357,10313.000000000000000,3141440,646.000000000000000,258929.000000000000000,6707,3717286,10959,3400369,17020,6858622
193,6/24/2021 15:00:00,5930,3464287,8189.000000000000000,3149629,595.000000000000000,259524.000000000000000,6525,3723811,8784,3409153,14714,6873336
194,6/25/2021 15:00:00,5804,3470091,8647.000000000000000,3158276,620.000000000000000,260144.000000000000000,6424,3730235,9267,3418420,15071,6888407
195,6/26/2021 15:00:00,3699,3473790,6297.000000000000000,3164573,396.000000000000000,260540.000000000000000,4095,3734330,6693,3425113,10392,6898799
196,6/27/2021 15:00:00,2808,3476598,3518.000000000000000,3168091,185.000000000000000,260725.000000000000000,2993,3737323,3703,3428816,6511,6905310
197,6/28/2021 15:00:00,4914,3481512,6374.000000000000000,3174465,539.000000000000000,261264.000000000000000,5453,3742776,6913,3435729,11827,6917137
198,6/29/2021 15:00:00,5059,3486571,6462.000000000000000,3180927,520.000000000000000,261784.000000000000000,5579,3748355,6982,3442711,12041,6929178
199,6/30/2021 15:00:00,5616,3492187,7377.000000000000000,3188304,605.000000000000000,262389.000000000000000,6221,3754576,7982,3450693,13598,6942776
200,7/1/2021 15:00:00,5398,3497585,6961.000000000000000,3195265,498.000000000000000,262887.000000000000000,5896,3760472,7459,3458152,12857,6955633
201,7/2/2021 15:00:00,5285,3502870,6825.000000000000000,3202090,523.000000000000000,263410.000000000000000,5808,3766280,7348,3465500,12633,6968266
202,7/3/2021 15:00:00,3266,3506136,4059.000000000000000,3206149,264.000000000000000,263674.000000000000000,3530,3769810,4323,3469823,7589,6975855
203,7/4/2021 15:00:00,492,3506628,544.000000000000000,3206693,67.000000000000000,263741.000000000000000,559,3770369,611,3470434,1103,6976958
204,7/5/2021 15:00:00,3760,3510388,3950.000000000000000,3210643,287.000000000000000,264028.000000000000000,4047,3774416,4237,3474671,7997,6984955
205,7/6/2021 15:00:00,4489,3514877,6254.000000000000000,3216897,452.000000000000000,264480.000000000000000,4941,3779357,6706,3481377,11195,6996150
206,7/7/2021 15:00:00,4466,3519343,6400.000000000000000,3223297,482.000000000000000,264962.000000000000000,4948,3784305,6882,3488259,11348,7007498
207,7/8/2021 15:00:00,4830,3524173,6153.000000000000000,3229450,563.000000000000000,265525.000000000000000,5393,3789698,6716,3494975,11546,7019044
208,7/9/2021 15:00:00,5356,3529529,6649.000000000000000,3236099,572.000000000000000,266097.000000000000000,5928,3795626,7221,3502196,12577,7031621
209,7/10/2021 15:00:00,3526,3533055,4384.000000000000000,3240483,302.000000000000000,266399.000000000000000,3828,3799454,4686,3506882,8212,7039833
210,7/11/2021 15:00:00,2674,3535729,2563.000000000000000,3243046,225.000000000000000,266624.000000000000000,2899,3802353,2788,3509670,5462,7045295
211,7/12/2021 15:00:00,4408,3540137,5108.000000000000000,3248154,378.000000000000000,267002.000000000000000,4786,3807139,5486,3515156,9894,7055189
212,7/13/2021 15:00:00,4657,3544794,4714.000000000000000,3252868,366.000000000000000,267368.000000000000000,5023,3812162,5080,3520236,9737,7064926
213,7/14/2021 15:00:00,4610,3549404,5267.000000000000000,3258135,421.000000000000000,267789.000000000000000,5031,3817193,5688,3525924,10298,7075224
214,7/15/2021 15:00:00,4895,3554299,5006.000000000000000,3263141,358.000000000000000,268147.000000000000000,5253,3822446,5364,3531288,10259,7085483
215,7/16/2021 15:00:00,6272,3560571,5827.000000000000000,3268968,402.000000000000000,268549.000000000000000,6674,3829120,6229,3537517,12501,7097984
216,7/17/2021 15:00:00,3413,3563984,3544.000000000000000,3272512,299.000000000000000,268848.000000000000000,3712,3832832,3843,3541360,7256,7105240
217,7/18/2021 15:00:00,2306,3566290,2370.000000000000000,3274882,110.000000000000000,268958.000000000000000,2416,3835248,2480,3543840,4786,7110026
218,7/19/2021 15:00:00,5130,3571420,4604.000000000000000,3279486,379.000000000000000,269337.000000000000000,5509,3840757,4983,3548823,10113,7120139
219,7/20/2021 15:00:00,5312,3576732,4704.000000000000000,3284190,366.000000000000000,269703.000000000000000,5678,3846435,5070,3553893,10382,7130521
220,7/21/2021 15:00:00,5635,3582367,4922.000000000000000,3289112,416.000000000000000,270119.000000000000000,6051,3852486,5338,3559231,10973,7141494
221,7/22/2021 15:00:00,6009,3588376,4617.000000000000000,3293729,469.000000000000000,270588.000000000000000,6478,3858964,5086,3564317,11095,7152589
222,7/23/2021 15:00:00,6828,3595204,4826.000000000000000,3298555,493.000000000000000,271081.000000000000000,7321,3866285,5319,3569636,12147,7164736
223,7/24/2021 15:00:00,4278,3599482,3195.000000000000000,3301750,267.000000000000000,271348.000000000000000,4545,3870830,3462,3573098,7740,7172476
224,7/25/2021 15:00:00,3290,3602772,1111.000000000000000,3302861,138.000000000000000,271486.000000000000000,3428,3874258,1249,3574347,4539,7177015
225,7/26/2021 15:00:00,6199,3608971,3892.000000000000000,3306753,419.000000000000000,271905.000000000000000,6618,3880876,4311,3578658,10510,7187525
226,7/27/2021 15:00:00,6587,3615558,4264.000000000000000,3311017,457.000000000000000,272362.000000000000000,7044,3887920,4721,3583379,11308,7198833
227,7/28/2021 15:00:00,7063,3622621,4129.000000000000000,3315146,460.000000000000000,272822.000000000000000,7523,3895443,4589,3587968,11652,7210485
228,7/29/2021 15:00:00,7057,3629678,4289.000000000000000,3319435,419.000000000000000,273241.000000000000000,7476,3902919,4708,3592676,11765,7222250
229,7/30/2021 15:00:00,7797,3637475,4784.000000000000000,3324219,525.000000000000000,273766.000000000000000,8322,3911241,5309,3597985,13106,7235356
230,7/31/2021 15:00:00,4789,3642264,3056.000000000000000,3327275,273.000000000000000,274039.000000000000000,5062,3916303,3329,3601314,8118,7243474
231,8/1/2021 15:00:00,3870,3646134,2152.000000000000000,3329427,161.000000000000000,274200.000000000000000,4031,3920334,2313,3603627,6183,7249657
232,8/2/2021 15:00:00,7246,3653380,3835.000000000000000,3333262,339.000000000000000,274539.000000000000000,7585,3927919,4174,3607801,11420,7261077
233,8/3/2021 15:00:00,7242,3660622,4083.000000000000000,3337345,515.000000000000000,275054.000000000000000,7757,3935676,4598,3612399,11840,7272917
234,8/4/2021 15:00:00,7401,3668023,4089.000000000000000,3341434,532.000000000000000,275586.000000000000000,7933,3943609,4621,3617020,12022,7284939
235,8/5/2021 15:00:00,7928,3675951,4272.000000000000000,3345706,537.000000000000000,276123.000000000000000,8465,3952074,4809,3621829,12737,7297676
236,8/6/2021 15:00:00,8291,3684242,4707.000000000000000,3350413,453.000000000000000,276576.000000000000000,8744,3960818,5160,3626989,13451,7311127
237,8/7/2021 15:00:00,5269,3689511,2807.000000000000000,3353220,263.000000000000000,276839.000000000000000,5532,3966350,3070,3630059,8339,7319466
238,8/8/2021 15:00:00,3951,3693462,2048.000000000000000,3355268,143.000000000000000,276982.000000000000000,4094,3970444,2191,3632250,6142,7325608
239,8/9/2021 15:00:00,6922,3700384,4519.000000000000000,3359787,368.000000000000000,277350.000000000000000,7290,3977734,4887,3637137,11809,7337417
240,8/10/2021 15:00:00,7130,3707514,4446.000000000000000,3364233,338.000000000000000,277688.000000000000000,7468,3985202,4784,3641921,11914,7349331
241,8/11/2021 15:00:00,7051,3714565,4425.000000000000000,3368658,441.000000000000000,278129.000000000000000,7492,3992694,4866,3646787,11917,7361248
242,8/12/2021 15:00:00,8599,3723164,4719.000000000000000,3373377,444.000000000000000,278573.000000000000000,9043,4001737,5163,3651950,13762,7375010
243,8/13/2021 15:00:00,7137,3730301,5358.000000000000000,3378735,396.000000000000000,278969.000000000000000,7533,4009270,5754,3657704,12891,7387901
244,8/14/2021 15:00:00,4913,3735214,3337.000000000000000,3382072,285.000000000000000,279254.000000000000000,5198,4014468,3622,3661326,8535,7396436
245,8/15/2021 15:00:00,3324,3738538,2729.000000000000000,3384801,163.000000000000000,279417.000000000000000,3487,4017955,2892,3664218,6216,7402652
246,8/16/2021 15:00:00,5428,3743966,5083.000000000000000,3389884,352.000000000000000,279769.000000000000000,5780,4023735,5435,3669653,10863,7413515
247,8/17/2021 15:00:00,6809,3750775,5347.000000000000000,3395231,390.000000000000000,280159.000000000000000,7199,4030934,5737,3675390,12546,7426061
248,8/18/2021 15:00:00,6319,3757094,5481.000000000000000,3400712,478.000000000000000,280637.000000000000000,6797,4037731,5959,3681349,12278,7438339
249,8/19/2021 15:00:00,6205,3763299,5536.000000000000000,3406248,416.000000000000000,281053.000000000000000,6621,4044352,5952,3687301,12157,7450496
250,8/20/2021 15:00:00,6829,3770128,6531.000000000000000,3412779,401.000000000000000,281454.000000000000000,7230,4051582,6932,3694233,13761,7464257
251,8/21/2021 15:00:00,4320,3774448,3913.000000000000000,3416692,228.000000000000000,281682.000000000000000,4548,4056130,4141,3698374,8461,7472718
252,8/22/2021 15:00:00,3057,3777505,3167.000000000000000,3419859,110.000000000000000,281792.000000000000000,3167,4059297,3277,3701651,6334,7479052
253,8/23/2021 15:00:00,5981,3783486,6082.000000000000000,3425941,285.000000000000000,282077.000000000000000,6266,4065563,6367,3708018,12348,7491400
254,8/24/2021 15:00:00,6544,3790030,6045.000000000000000,3431986,424.000000000000000,282501.000000000000000,6968,4072531,6469,3714487,13013,7504413
255,8/25/2021 15:00:00,6713,3796743,6199.000000000000000,3438185,440.000000000000000,282941.000000000000000,7153,4079684,6639,3721126,13352,7517765
256,8/26/2021 15:00:00,6963,3803706,6640.000000000000000,3444825,427.000000000000000,283368.000000000000000,7390,4087074,7067,3728193,14030,7531795
257,8/27/2021 15:00:00,6827,3810533,7055.000000000000000,3451880,316.000000000000000,283684.000000000000000,7143,4094217,7371,3735564,14198,7545993
258,8/28/2021 15:00:00,6896,3817429,6502.000000000000000,3458382,324.000000000000000,284008.000000000000000,7220,4101437,6826,3742390,13722,7559715
259,8/29/2021 15:00:00,3732,3821161,3681.000000000000000,3462063,610.000000000000000,284618.000000000000000,4342,4105779,4291,3746681,8023,7567738
260,8/30/2021 15:00:00,5924,3827085,6113.000000000000000,3468176,960.000000000000000,285578.000000000000000,6884,4112663,7073,3753754,12997,7580735
261,8/31/2021 15:00:00,5892,3832977,6038.000000000000000,3474214,946.000000000000000,286524.000000000000000,6838,4119501,6984,3760738,12876,7593611
262,9/1/2021 15:00:00,5575,3838552,5632.000000000000000,3479846,914.000000000000000,287438.000000000000000,6489,4125990,6546,3767284,12121,7605732
263,9/2/2021 15:00:00,5516,3844068,5910.000000000000000,3485756,703.000000000000000,288141.000000000000000,6219,4132209,6613,3773897,12129,7617861
264,9/3/2021 15:00:00,5986,3850054,6900.000000000000000,3492656,973.000000000000000,289114.000000000000000,6959,4139168,7873,3781770,13859,7631720
265,9/4/2021 15:00:00,3717,3853771,4335.000000000000000,3496991,879.000000000000000,289993.000000000000000,4596,4143764,5214,3786984,8931,7640651
266,9/5/2021 15:00:00,2952,3856723,2806.000000000000000,3499797,106.000000000000000,290099.000000000000000,3058,4146822,2912,3789896,5864,7646515
267,9/6/2021 15:00:00,1058,3857781,1149.000000000000000,3500946,63.000000000000000,290162.000000000000000,1121,4147943,1212,3791108,2270,7648785
268,9/7/2021 15:00:00,5333,3863114,7276.000000000000000,3508222,2304.000000000000000,292466.000000000000000,7637,4155580,9580,3800688,14913,7663698
269,9/8/2021 15:00:00,4644,3867758,5461.000000000000000,3513683,364.000000000000000,292830.000000000000000,5008,4160588,5825,3806513,10469,7674167
270,9/9/2021 15:00:00,5000,3872758,5438.000000000000000,3519121,324.000000000000000,293154.000000000000000,5324,4165912,5762,3812275,10762,7684929
271,9/10/2021 15:00:00,6507,3879265,6640.000000000000000,3525761,1718.000000000000000,294872.000000000000000,8225,4174137,8358,3820633,14865,7699794
272,9/11/2021 15:00:00,4169,3883434,4325.000000000000000,3530086,666.000000000000000,295538.000000000000000,4835,4178972,4991,3825624,9160,7708954
273,9/12/2021 15:00:00,3163,3886597,3237.000000000000000,3533323,436.000000000000000,295974.000000000000000,3599,4182571,3673,3829297,6836,7715790
274,9/13/2021 15:00:00,4877,3891474,5044.000000000000000,3538367,346.000000000000000,296320.000000000000000,5223,4187794,5390,3834687,10267,7726057
275,9/14/2021 15:00:00,4760,3896234,5422.000000000000000,3543789,435.000000000000000,296755.000000000000000,5195,4192989,5857,3840544,10617,7736674
276,9/15/2021 15:00:00,5023,3901257,5855.000000000000000,3549644,388.000000000000000,297143.000000000000000,5411,4198400,6243,3846787,11266,7747940
277,9/16/2021 15:00:00,4798,3906055,5822.000000000000000,3555466,336.000000000000000,297479.000000000000000,5134,4203534,6158,3852945,10956,7758896
278,9/17/2021 15:00:00,5241,3911296,6572.000000000000000,3562038,343.000000000000000,297822.000000000000000,5584,4209118,6915,3859860,12156,7771052
279,9/18/2021 15:00:00,3791,3915087,4563.000000000000000,3566601,185.000000000000000,298007.000000000000000,3976,4213094,4748,3864608,8539,7779591
280,9/19/2021 15:00:00,2741,3917828,3158.000000000000000,3569759,75.000000000000000,298082.000000000000000,2816,4215910,3233,3867841,5974,7785565
281,9/20/2021 15:00:00,3747,3921575,4670.000000000000000,3574429,430.000000000000000,298512.000000000000000,4177,4220087,5100,3872941,8847,7794412
282,9/21/2021 15:00:00,3999,3925574,4992.000000000000000,3579421,326.000000000000000,298838.000000000000000,4325,4224412,5318,3878259,9317,7803729
283,9/22/2021 15:00:00,4190,3929764,4760.000000000000000,3584181,458.000000000000000,299296.000000000000000,4648,4229060,5218,3883477,9408,7813137
284,9/23/2021 15:00:00,4165,3933929,4721.000000000000000,3588902,492.000000000000000,299788.000000000000000,4657,4233717,5213,3888690,9378,7822515
285,9/24/2021 15:00:00,5068,3938997,5596.000000000000000,3594498,422.000000000000000,300210.000000000000000,5490,4239207,6018,3894708,11086,7833601
286,9/25/2021 15:00:00,3627,3942624,3623.000000000000000,3598121,385.000000000000000,300595.000000000000000,4012,4243219,4008,3898716,7635,7841236
287,9/26/2021 15:00:00,2358,3944982,2658.000000000000000,3600779,424.000000000000000,301019.000000000000000,2782,4246001,3082,3901798,5440,7846676
288,9/27/2021 15:00:00,4500,3949482,2697.000000000000000,3603476,509.000000000000000,301528.000000000000000,5009,4251010,3206,3905004,7706,7854382
289,9/28/2021 15:00:00,4396,3953878,4441.000000000000000,3607917,211.000000000000000,301739.000000000000000,4607,4255617,4652,3909656,9048,7863430
290,9/29/2021 15:00:00,4697,3958575,4502.000000000000000,3612419,919.000000000000000,302658.000000000000000,5616,4261233,5421,3915077,10118,7873548
291,9/30/2021 15:00:00,4880,3963455,4553.000000000000000,3616972,792.000000000000000,303450.000000000000000,5672,4266905,5345,3920422,10225,7883773
292,10/1/2021 15:00:00,5476,3968931,5312.000000000000000,3622284,782.000000000000000,304232.000000000000000,6258,4273163,6094,3926516,11570,7895343
293,10/2/2021 15:00:00,2937,3971868,2889.000000000000000,3625173,187.000000000000000,304419.000000000000000,3124,4276287,3076,3929592,6013,7901356
294,10/3/2021 15:00:00,2078,3973946,2373.000000000000000,3627546,86.000000000000000,304505.000000000000000,2164,4278451,2459,3932051,4537,7905893
295,10/4/2021 15:00:00,4018,3977964,3495.000000000000000,3631041,232.000000000000000,304737.000000000000000,4250,4282701,3727,3935778,7745,7913638
296,10/5/2021 15:00:00,3953,3981917,3657.000000000000000,3634698,207.000000000000000,304944.000000000000000,4160,4286861,3864,3939642,7817,7921455
297,10/6/2021 15:00:00,4026,3985943,3574.000000000000000,3638272,264.000000000000000,305208.000000000000000,4290,4291151,3838,3943480,7864,7929319
298,10/7/2021 15:00:00,4230,3990173,3623.000000000000000,3641895,331.000000000000000,305539.000000000000000,4561,4295712,3954,3947434,8184,7937503
299,10/8/2021 15:00:00,4777,3994950,4275.000000000000000,3646170,282.000000000000000,305821.000000000000000,5059,4300771,4557,3951991,9334,7946837
300,10/9/2021 15:00:00,2685,3997635,2673.000000000000000,3648843,270.000000000000000,306091.000000000000000,2955,4303726,2943,3954934,5628,7952465
301,10/10/2021 15:00:00,1864,3999499,1844.000000000000000,3650687,59.000000000000000,306150.000000000000000,1923,4305649,1903,3956837,3767,7956232
302,10/11/2021 15:00:00,4216,4003715,3331.000000000000000,3654018,249.000000000000000,306399.000000000000000,4465,4310114,3580,3960417,7796,7964028
303,10/12/2021 15:00:00,3591,4007306,3525.000000000000000,3657543,271.000000000000000,306670.000000000000000,3862,4313976,3796,3964213,7387,7971415
304,10/13/2021 15:00:00,3956,4011262,3447.000000000000000,3660990,346.000000000000000,307016.000000000000000,4302,4318278,3793,3968006,7749,7979164
305,10/14/2021 15:00:00,5162,4016424,5483.000000000000000,3666473,429.000000000000000,307445.000000000000000,5591,4323869,5912,3973918,11074,7990238
306,10/15/2021 15:00:00,4703,4021127,4586.000000000000000,3671059,347.000000000000000,307792.000000000000000,5050,4328919,4933,3978851,9636,7999874
307,10/16/2021 15:00:00,2494,4023621,2501.000000000000000,3673560,290.000000000000000,308082.000000000000000,2784,4331703,2791,3981642,5285,8005159
308,10/17/2021 15:00:00,1808,4025429,1774.000000000000000,3675334,55.000000000000000,308137.000000000000000,1863,4333566,1829,3983471,3637,8008796
309,10/18/2021 15:00:00,4286,4029715,3570.000000000000000,3678904,266.000000000000000,308403.000000000000000,4552,4338118,3836,3987307,8122,8016918
310,10/19/2021 15:00:00,4300,4034015,4024.000000000000000,3682928,222.000000000000000,308625.000000000000000,4522,4342640,4246,3991553,8546,8025464
311,10/20/2021 15:00:00,3527,4037542,3420.000000000000000,3686348,254.000000000000000,308879.000000000000000,3781,4346421,3674,3995227,7201,8032665
312,10/21/2021 15:00:00,3301,4040843,3255.000000000000000,3689603,290.000000000000000,309169.000000000000000,3591,4350012,3545,3998772,6846,8039511
313,10/22/2021 15:00:00,4682,4045525,4023.000000000000000,3693626,475.000000000000000,309644.000000000000000,5157,4355169,4498,4003270,9180,8048691
314,10/23/2021 15:00:00,2891,4048416,2112.000000000000000,3695738,321.000000000000000,309965.000000000000000,3212,4358381,2433,4005703,5324,8054015
315,10/24/2021 15:00:00,2063,4050479,1556.000000000000000,3697294,78.000000000000000,310043.000000000000000,2141,4360522,1634,4007337,3697,8057712
316,10/25/2021 15:00:00,4545,4055024,3074.000000000000000,3700368,316.000000000000000,310359.000000000000000,4861,4365383,3390,4010727,7935,8065647
317,10/26/2021 15:00:00,4510,4059534,3087.000000000000000,3703455,311.000000000000000,310670.000000000000000,4821,4370204,3398,4014125,7908,8073555
318,10/27/2021 15:00:00,4735,4064269,3343.000000000000000,3706798,429.000000000000000,311099.000000000000000,5164,4375368,3772,4017897,8507,8082062
319,10/28/2021 15:00:00,4553,4068822,3364.000000000000000,3710162,496.000000000000000,311595.000000000000000,5049,4380417,3860,4021757,8413,8090475
320,10/29/2021 15:00:00,4970,4073792,3912.000000000000000,3714074,393.000000000000000,311988.000000000000000,5363,4385780,4305,4026062,9275,8099750
321,10/30/2021 15:00:00,2632,4076424,1842.000000000000000,3715916,308.000000000000000,312296.000000000000000,2940,4388720,2150,4028212,4782,8104532
322,10/31/2021 15:00:00,1943,4078367,1517.000000000000000,3717433,93.000000000000000,312389.000000000000000,2036,4390756,1610,4029822,3553,8108085
323,11/1/2021 15:00:00,4690,4083057,3422.000000000000000,3720855,341.000000000000000,312730.000000000000000,5031,4395787,3763,4033585,8453,8116538
324,11/2/2021 15:00:00,4252,4087309,2947.000000000000000,3723802,406.000000000000000,313136.000000000000000,4658,4400445,3353,4036938,7605,8124143
325,11/3/2021 15:00:00,4672,4091981,3055.000000000000000,3726857,458.000000000000000,313594.000000000000000,5130,4405575,3513,4040451,8185,8132328
326,11/4/2021 15:00:00,6290,4098271,3359.000000000000000,3730216,512.000000000000000,314106.000000000000000,6802,4412377,3871,4044322,10161,8142489
327,11/5/2021 15:00:00,8214,4106485,3759.000000000000000,3733975,408.000000000000000,314514.000000000000000,8622,4420999,4167,4048489,12381,8154870
328,11/6/2021 15:00:00,10070,4116555,1974.000000000000000,3735949,305.000000000000000,314819.000000000000000,10375,4431374,2279,4050768,12349,8167219
329,11/7/2021 15:00:00,7718,4124273,1469.000000000000000,3737418,94.000000000000000,314913.000000000000000,7812,4439186,1563,4052331,9281,8176500
330,11/8/2021 15:00:00,11283,4135556,3041.000000000000000,3740459,379.000000000000000,315292.000000000000000,11662,4450848,3420,4055751,14703,8191203
331,11/9/2021 15:00:00,11749,4147305,2655.000000000000000,3743114,268.000000000000000,315560.000000000000000,12017,4462865,2923,4058674,14672,8205875
332,11/10/2021 15:00:00,12564,4159869,2763.000000000000000,3745877,337.000000000000000,315897.000000000000000,12901,4475766,3100,4061774,15664,8221539
333,11/11/2021 15:00:00,11329,4171198,2382.000000000000000,3748259,282.000000000000000,316179.000000000000000,11611,4487377,2664,4064438,13993,8235532
334,11/12/2021 15:00:00,12272,4183470,3353.000000000000000,3751612,547.000000000000000,316726.000000000000000,12819,4500196,3900,4068338,16172,8251704
335,11/13/2021 15:00:00,9774,4193244,1587.000000000000000,3753199,342.000000000000000,317068.000000000000000,10116,4510312,1929,4070267,11703,8263407
336,11/14/2021 15:00:00,3922,4197166,1129.000000000000000,3754328,121.000000000000000,317189.000000000000000,4043,4514355,1250,4071517,5172,8268579
337,11/15/2021 15:00:00,8594,4205760,2522.000000000000000,3756850,205.000000000000000,317394.000000000000000,8799,4523154,2727,4074244,11321,8279900
338,11/16/2021 15:00:00,9211,4214971,2491.000000000000000,3759341,255.000000000000000,317649.000000000000000,9466,4532620,2746,4076990,11957,8291857
339,11/17/2021 15:00:00,9374,4224345,2876.000000000000000,3762217,312.000000000000000,317961.000000000000000,9686,4542306,3188,4080178,12562,8304419
340,11/18/2021 15:00:00,9285,4233630,2629.000000000000000,3764846,479.000000000000000,318440.000000000000000,9764,4552070,3108,4083286,12393,8316812
341,11/19/2021 15:00:00,9782,4243412,2915.000000000000000,3767761,381.000000000000000,318821.000000000000000,10163,4562233,3296,4086582,13078,8329890
342,11/20/2021 15:00:00,10624,4254036,1606.000000000000000,3769367,454.000000000000000,319275.000000000000000,11078,4573311,2060,4088642,12684,8342574
343,11/21/2021 15:00:00,4349,4258385,1200.000000000000000,3770567,99.000000000000000,319374.000000000000000,4448,4577759,1299,4089941,5648,8348222
344,11/22/2021 15:00:00,9776,4268161,2490.000000000000000,3773057,292.000000000000000,319666.000000000000000,10068,4587827,2782,4092723,12558,8360780
345,11/23/2021 15:00:00,9168,4277329,2397.000000000000000,3775454,280.000000000000000,319946.000000000000000,9448,4597275,2677,4095400,11845,8372625
346,11/24/2021 15:00:00,8101,4285430,2443.000000000000000,3777897,215.000000000000000,320161.000000000000000,8316,4605591,2658,4098058,10759,8383384
347,11/25/2021 15:00:00,239,4285669,75.000000000000000,3777972,10.000000000000000,320171.000000000000000,249,4605840,85,4098143,324,8383708
348,11/26/2021 15:00:00,5655,4291324,3952.000000000000000,3781924,152.000000000000000,320323.000000000000000,5807,4611647,4104,4102247,9759,8393467
349,11/27/2021 15:00:00,3789,4295113,5441.000000000000000,3787365,134.000000000000000,320457.000000000000000,3923,4615570,5575,4107822,9364,8402831
350,11/28/2021 15:00:00,2418,4297531,6375.000000000000000,3793740,77.000000000000000,320534.000000000000000,2495,4618065,6452,4114274,8870,8411701
351,11/29/2021 15:00:00,6360,4303891,9243.000000000000000,3802983,379.000000000000000,320913.000000000000000,6739,4624804,9622,4123896,15982,8427683
352,11/30/2021 15:00:00,6226,4310117,9243.000000000000000,3812226,264.000000000000000,321177.000000000000000,6490,4631294,9507,4133403,15733,8443416
353,12/1/2021 15:00:00,7231,4317348,9568.000000000000000,3821794,305.000000000000000,321482.000000000000000,7536,4638830,9873,4143276,17104,8460520
354,12/2/2021 15:00:00,6868,4324216,8686.000000000000000,3830480,450.000000000000000,321932.000000000000000,7318,4646148,9136,4152412,16004,8476524
355,12/3/2021 15:00:00,7554,4331770,9196.000000000000000,3839676,249.000000000000000,322181.000000000000000,7803,4653951,9445,4161857,16999,8493523
356,12/4/2021 15:00:00,5857,4337627,9725.000000000000000,3849401,457.000000000000000,322638.000000000000000,6314,4660265,10182,4172039,16039,8509562
357,12/5/2021 15:00:00,3463,4341090,3275.000000000000000,3852676,77.000000000000000,322715.000000000000000,3540,4663805,3352,4175391,6815,8516377
358,12/6/2021 15:00:00,6728,4347818,7065.000000000000000,3859741,276.000000000000000,322991.000000000000000,7004,4670809,7341,4182732,14069,8530446
359,12/7/2021 15:00:00,6381,4354199,6986.000000000000000,3866727,249.000000000000000,323240.000000000000000,6630,4677439,7235,4189967,13616,8544062
360,12/8/2021 15:00:00,6894,4361093,7313.000000000000000,3874040,314.000000000000000,323554.000000000000000,7208,4684647,7627,4197594,14521,8558583
361,12/9/2021 15:00:00,6508,4367601,6947.000000000000000,3880987,396.000000000000000,323950.000000000000000,6904,4691551,7343,4204937,13851,8572434
362,12/10/2021 15:00:00,7220,4374821,7287.000000000000000,3888274,228.000000000000000,324178.000000000000000,7448,4698999,7515,4212452,14735,8587169
363,12/11/2021 15:00:00,4448,4379269,7620.000000000000000,3895894,333.000000000000000,324511.000000000000000,4781,4703780,7953,4220405,12401,8599570
364,12/12/2021 15:00:00,3992,4383261,2782.000000000000000,3898676,60.000000000000000,324571.000000000000000,4052,4707832,2842,4223247,6834,8606404
365,12/13/2021 15:00:00,5692,4388953,5724.000000000000000,3904400,243.000000000000000,324814.000000000000000,5935,4713767,5967,4229214,11659,8618063
366,12/14/2021 15:00:00,6432,4395385,5887.000000000000000,3910287,214.000000000000000,325028.000000000000000,6646,4720413,6101,4235315,12533,8630596
367,12/15/2021 15:00:00,7099,4402484,5615.000000000000000,3915902,248.000000000000000,325276.000000000000000,7347,4727760,5863,4241178,12962,8643558
368,12/16/2021 15:00:00,7822,4410306,2795.000000000000000,3918697,422.000000000000000,325698.000000000000000,8244,4736004,3217,4244395,11039,8654597
369,12/17/2021 15:00:00,7778,4418084,4130.000000000000000,3922827,193.000000000000000,325891.000000000000000,7971,4743975,4323,4248718,12101,8666698
370,12/18/2021 15:00:00,5785,4423869,3170.000000000000000,3925997,297.000000000000000,326188.000000000000000,6082,4750057,3467,4252185,9252,8675950
371,12/19/2021 15:00:00,3382,4427251,1341.000000000000000,3927338,34.000000000000000,326222.000000000000000,3416,4753473,1375,4253560,4757,8680707
372,12/20/2021 15:00:00,8020,4435271,3715.000000000000000,3931053,172.000000000000000,326394.000000000000000,8192,4761665,3887,4257447,11907,8692614
373,12/21/2021 15:00:00,8904,4444175,4091.000000000000000,3935144,169.000000000000000,326563.000000000000000,9073,4770738,4260,4261707,13164,8705778
374,12/22/2021 15:00:00,8614,4452789,3814.000000000000000,3938958,172.000000000000000,326735.000000000000000,8786,4779524,3986,4265693,12600,8718378
375,12/23/2021 15:00:00,8331,4461120,3497.000000000000000,3942455,355.000000000000000,327090.000000000000000,8686,4788210,3852,4269545,12183,8730561
376,12/24/2021 15:00:00,1610,4462730,1002.000000000000000,3943457,39.000000000000000,327129.000000000000000,1649,4789859,1041,4270586,2651,8733212
377,12/25/2021 15:00:00,50,4462780,35.000000000000000,3943492,1.000000000000000,327130.000000000000000,51,4789910,36,4270622,86,8733298
378,12/26/2021 15:00:00,2519,4465299,1746.000000000000000,3945238,44.000000000000000,327174.000000000000000,2563,4792473,1790,4272412,4309,8737607
379,12/27/2021 15:00:00,7142,4472441,3946.000000000000000,3949184,295.000000000000000,327469.000000000000000,7437,4799910,4241,4276653,11383,8748990
380,12/28/2021 15:00:00,7788,4480229,3751.000000000000000,3952935,166.000000000000000,327635.000000000000000,7954,4807864,3917,4280570,11705,8760695
381,12/29/2021 15:00:00,8132,4488361,3970.000000000000000,3956905,154.000000000000000,327789.000000000000000,8286,4816150,4124,4284694,12256,8772951
382,12/30/2021 15:00:00,7416,4495777,3747.000000000000000,3960652,287.000000000000000,328076.000000000000000,7703,4823853,4034,4288728,11450,8784401
383,12/31/2021 15:00:00,2552,4498329,1513.000000000000000,3962165,92.000000000000000,328168.000000000000000,2644,4826497,1605,4290333,4157,8788558
384,1/1/2022 15:00:00,707,4499036,337.000000000000000,3962502,31.000000000000000,328199.000000000000000,738,4827235,368,4290701,1075,8789633
385,1/2/2022 15:00:00,2181,4501217,1632.000000000000000,3964134,44.000000000000000,328243.000000000000000,2225,4829460,1676,4292377,3857,8793490
386,1/3/2022 15:00:00,3378,4504595,2054.000000000000000,3966188,221.000000000000000,328464.000000000000000,3599,4833059,2275,4294652,5653,8799143
387,1/4/2022 15:00:00,5722,4510317,3396.000000000000000,3969584,162.000000000000000,328626.000000000000000,5884,4838943,3558,4298210,9280,8808423
388,1/5/2022 15:00:00,6743,4517060,4636.000000000000000,3974220,173.000000000000000,328799.000000000000000,6916,4845859,4809,4303019,11552,8819975
389,1/6/2022 15:00:00,6625,4523685,4718.000000000000000,3978938,259.000000000000000,329058.000000000000000,6884,4852743,4977,4307996,11602,8831577
390,1/7/2022 15:00:00,5803,4529488,3685.000000000000000,3982623,159.000000000000000,329217.000000000000000,5962,4858705,3844,4311840,9647,8841224
391,1/8/2022 15:00:00,4532,4534020,3810.000000000000000,3986433,73.000000000000000,329290.000000000000000,4605,4863310,3883,4315723,8415,8849639
392,1/9/2022 15:00:00,2731,4536751,2012.000000000000000,3988445,154.000000000000000,329444.000000000000000,2885,4866195,2166,4317889,4897,8854536
393,1/10/2022 15:00:00,6239,4542990,3787.000000000000000,3992232,155.000000000000000,329599.000000000000000,6394,4872589,3942,4321831,10181,8864717
394,1/11/2022 15:00:00,6457,4549447,4209.000000000000000,3996441,140.000000000000000,329739.000000000000000,6597,4879186,4349,4326180,10806,8875523
395,1/12/2022 15:00:00,6627,4556074,4341.000000000000000,4000782,223.000000000000000,329962.000000000000000,6850,4886036,4564,4330744,11191,8886714
396,1/13/2022 15:00:00,6442,4562516,4322.000000000000000,4005104,145.000000000000000,330107.000000000000000,6587,4892623,4467,4335211,10909,8897623
397,1/14/2022 15:00:00,6824,4569340,3051.000000000000000,4008155,246.000000000000000,330353.000000000000000,7070,4899693,3297,4338508,10121,8907744
398,1/15/2022 15:00:00,4056,4573396,1627.000000000000000,4009782,68.000000000000000,330421.000000000000000,4124,4903817,1695,4340203,5751,8913495
399,1/16/2022 15:00:00,2075,4575471,1259.000000000000000,4011041,116.000000000000000,330537.000000000000000,2191,4906008,1375,4341578,3450,8916945
400,1/17/2022 15:00:00,3472,4578943,2240.000000000000000,4013281,70.000000000000000,330607.000000000000000,3542,4909550,2310,4343888,5782,8922727
401,1/18/2022 15:00:00,2489,4581432,2247.000000000000000,4015528,62.000000000000000,330669.000000000000000,2551,4912101,2309,4346197,4798,8927525