OBJECTID,VACCINATION_DATE,FirstDailyDose,FirstDoseCumulative,SecondDailyDose,SecondDoseCumulative,SingleDailyDose,SingleDoseCumulative,AtleastOneVaccine,AtleastOneVaccineCumulative,CompletedVax,CompletedVaxCumulative,FirstSecondSingleVaccination_12,FirstSecondSingleVaccination_13
1,12/14/2020 15:00:00,19,1488,,535,,,19,1488,0,535,19,1960
2,12/15/2020 15:00:00,62,1550,3.000000000000000,538,,,62,1550,3,538,65,2025
3,12/16/2020 15:00:00,597,2147,5.000000000000000,543,,,597,2147,5,543,602,2627
4,12/17/2020 15:00:00,1169,3316,8.000000000000000,551,,,1169,3316,8,551,1177,3804
5,12/18/2020 15:00:00,3032,6348,12.000000000000000,563,,,3032,6348,12,563,3044,6848
6,12/19/2020 15:00:00,930,7278,7.000000000000000,570,,,930,7278,7,570,937,7785
7,12/20/2020 15:00:00,370,7648,6.000000000000000,576,,,370,7648,6,576,376,8161
8,12/21/2020 15:00:00,3901,11549,26.000000000000000,602,,,3901,11549,26,602,3927,12088
9,12/22/2020 15:00:00,6328,17877,30.000000000000000,632,,,6328,17877,30,632,6358,18446
10,12/23/2020 15:00:00,5796,23673,40.000000000000000,672,,,5796,23673,40,672,5836,24282
11,12/24/2020 15:00:00,2730,26403,15.000000000000000,687,,,2730,26403,15,687,2745,27027
12,12/25/2020 15:00:00,1035,27438,4.000000000000000,691,,,1035,27438,4,691,1039,28066
13,12/26/2020 15:00:00,1887,29325,10.000000000000000,701,,,1887,29325,10,701,1897,29963
14,12/27/2020 15:00:00,1804,31129,12.000000000000000,713,,,1804,31129,12,713,1816,31779
15,12/28/2020 15:00:00,8996,40125,52.000000000000000,765,,,8996,40125,52,765,9048,40827
16,12/29/2020 15:00:00,10980,51105,54.000000000000000,819,,,10980,51105,54,819,11034,51861
17,12/30/2020 15:00:00,12509,63614,98.000000000000000,917,,,12509,63614,98,917,12607,64468
18,12/31/2020 15:00:00,7563,71177,48.000000000000000,965,,,7563,71177,48,965,7611,72079
19,1/1/2021 15:00:00,3417,74594,145.000000000000000,1110,,,3417,74594,145,1110,3562,75641
20,1/2/2021 15:00:00,3062,77656,34.000000000000000,1144,,,3062,77656,34,1144,3096,78737
21,1/3/2021 15:00:00,3416,81072,82.000000000000000,1226,,,3416,81072,82,1226,3498,82235
22,1/4/2021 15:00:00,13378,94450,343.000000000000000,1569,,,13378,94450,343,1569,13721,95956
23,1/5/2021 15:00:00,12495,106945,550.000000000000000,2119,,,12495,106945,550,2119,13045,109001
24,1/6/2021 15:00:00,15285,122230,871.000000000000000,2990,,,15285,122230,871,2990,16156,125157
25,1/7/2021 15:00:00,15053,137283,1789.000000000000000,4779,,,15053,137283,1789,4779,16842,141999
26,1/8/2021 15:00:00,24032,161315,2794.000000000000000,7573,,,24032,161315,2794,7573,26826,168825
27,1/9/2021 15:00:00,5188,166503,959.000000000000000,8532,,,5188,166503,959,8532,6147,174972
28,1/10/2021 15:00:00,2988,169491,389.000000000000000,8921,,,2988,169491,389,8921,3377,178349
29,1/11/2021 15:00:00,13747,183238,3488.000000000000000,12409,,,13747,183238,3488,12409,17235,195584
30,1/12/2021 15:00:00,17410,200648,5600.000000000000000,18009,,,17410,200648,5600,18009,23010,218594
31,1/13/2021 15:00:00,18637,219285,3942.000000000000000,21951,,,18637,219285,3942,21951,22579,241173
32,1/14/2021 15:00:00,17882,237167,1968.000000000000000,23919,,,17882,237167,1968,23919,19850,261023
33,1/15/2021 15:00:00,19511,256678,2040.000000000000000,25959,,,19511,256678,2040,25959,21551,282574
34,1/16/2021 15:00:00,5848,262526,1625.000000000000000,27584,,,5848,262526,1625,27584,7473,290047
35,1/17/2021 15:00:00,2129,264655,1480.000000000000000,29064,,,2129,264655,1480,29064,3609,293656
36,1/18/2021 15:00:00,7089,271744,3269.000000000000000,32333,,,7089,271744,3269,32333,10358,304014
37,1/19/2021 15:00:00,16963,288707,5420.000000000000000,37753,,,16963,288707,5420,37753,22383,326397
38,1/20/2021 15:00:00,21026,309733,5339.000000000000000,43092,,,21026,309733,5339,43092,26365,352762
39,1/21/2021 15:00:00,23837,333570,3875.000000000000000,46967,,,23837,333570,3875,46967,27712,380474
40,1/22/2021 15:00:00,28679,362249,3773.000000000000000,50740,,,28679,362249,3773,50740,32452,412926
41,1/23/2021 15:00:00,10133,372382,1949.000000000000000,52689,,,10133,372382,1949,52689,12082,425008
42,1/24/2021 15:00:00,3362,375744,1727.000000000000000,54416,,,3362,375744,1727,54416,5089,430097
43,1/25/2021 15:00:00,16314,392058,8625.000000000000000,63041,,,16314,392058,8625,63041,24939,455036
44,1/26/2021 15:00:00,17574,409632,8985.000000000000000,72026,,,17574,409632,8985,72026,26559,481595
45,1/27/2021 15:00:00,24448,434080,12583.000000000000000,84609,,,24448,434080,12583,84609,37031,518626
46,1/28/2021 15:00:00,22669,456749,9344.000000000000000,93953,,,22669,456749,9344,93953,32013,550639
47,1/29/2021 15:00:00,24798,481547,7944.000000000000000,101897,,,24798,481547,7944,101897,32742,583381
48,1/30/2021 15:00:00,17794,499341,2572.000000000000000,104469,,,17794,499341,2572,104469,20366,603747
49,1/31/2021 15:00:00,3766,503107,1375.000000000000000,105844,,,3766,503107,1375,105844,5141,608888
50,2/1/2021 15:00:00,8202,511309,5441.000000000000000,111285,,,8202,511309,5441,111285,13643,622531
51,2/2/2021 15:00:00,12528,523837,13848.000000000000000,125133,,,12528,523837,13848,125133,26376,648907
52,2/3/2021 15:00:00,18280,542117,18155.000000000000000,143288,,,18280,542117,18155,143288,36435,685342
53,2/4/2021 15:00:00,22155,564272,15805.000000000000000,159093,,,22155,564272,15805,159093,37960,723302
54,2/5/2021 15:00:00,20424,584696,17453.000000000000000,176546,,,20424,584696,17453,176546,37877,761179
55,2/6/2021 15:00:00,11387,596083,14543.000000000000000,191089,,,11387,596083,14543,191089,25930,787109
56,2/7/2021 15:00:00,5994,602077,1953.000000000000000,193042,,,5994,602077,1953,193042,7947,795056
57,2/8/2021 15:00:00,13022,615099,12990.000000000000000,206032,,,13022,615099,12990,206032,26012,821068
58,2/9/2021 15:00:00,16672,631771,13896.000000000000000,219928,,,16672,631771,13896,219928,30568,851636
59,2/10/2021 15:00:00,19338,651109,21328.000000000000000,241256,,,19338,651109,21328,241256,40666,892302
60,2/11/2021 15:00:00,22950,674059,17396.000000000000000,258652,,,22950,674059,17396,258652,40346,932648
61,2/12/2021 15:00:00,20448,694507,19688.000000000000000,278340,,,20448,694507,19688,278340,40136,972784
62,2/13/2021 15:00:00,11476,705983,6433.000000000000000,284773,,,11476,705983,6433,284773,17909,990693
63,2/14/2021 15:00:00,7123,713106,2142.000000000000000,286915,,,7123,713106,2142,286915,9265,999958
64,2/15/2021 15:00:00,11772,724878,13351.000000000000000,300266,,,11772,724878,13351,300266,25123,1025081
65,2/16/2021 15:00:00,16658,741536,21045.000000000000000,321311,,,16658,741536,21045,321311,37703,1062784
66,2/17/2021 15:00:00,20690,762226,26399.000000000000000,347710,,,20690,762226,26399,347710,47089,1109873
67,2/18/2021 15:00:00,3207,765433,4632.000000000000000,352342,,,3207,765433,4632,352342,7839,1117712
68,2/19/2021 15:00:00,10268,775701,19948.000000000000000,372290,,,10268,775701,19948,372290,30216,1147928
69,2/20/2021 15:00:00,10321,786022,20325.000000000000000,392615,,,10321,786022,20325,392615,30646,1178574
70,2/21/2021 15:00:00,6196,792218,7672.000000000000000,400287,,,6196,792218,7672,400287,13868,1192442
71,2/22/2021 15:00:00,8049,800267,15500.000000000000000,415787,,,8049,800267,15500,415787,23549,1215991
72,2/23/2021 15:00:00,15547,815814,15990.000000000000000,431777,,,15547,815814,15990,431777,31537,1247528
73,2/24/2021 15:00:00,18005,833819,24855.000000000000000,456632,,,18005,833819,24855,456632,42860,1290388
74,2/25/2021 15:00:00,20406,854225,26605.000000000000000,483237,,,20406,854225,26605,483237,47011,1337399
75,2/26/2021 15:00:00,26701,880926,26286.000000000000000,509523,,,26701,880926,26286,509523,52987,1390386
76,2/27/2021 15:00:00,16034,896960,11167.000000000000000,520690,,,16034,896960,11167,520690,27201,1417587
77,2/28/2021 15:00:00,15526,912486,4896.000000000000000,525586,,,15526,912486,4896,525586,20422,1438009
78,3/1/2021 15:00:00,27288,939774,12698.000000000000000,538284,,,27288,939774,12698,538284,39986,1477995
79,3/2/2021 15:00:00,24010,963784,13309.000000000000000,551593,38.000000000000000,38.000000000000000,24048,963822,13347,551631,37357,1515352
80,3/3/2021 15:00:00,30257,994041,18432.000000000000000,570025,194.000000000000000,232.000000000000000,30451,994273,18626,570257,48883,1564235
81,3/4/2021 15:00:00,31021,1025062,18261.000000000000000,588286,4068.000000000000000,4300.000000000000000,35089,1029362,22329,592586,53350,1617585
82,3/5/2021 15:00:00,30105,1055167,19795.000000000000000,608081,4913.000000000000000,9213.000000000000000,35018,1064380,24708,617294,54813,1672398
83,3/6/2021 15:00:00,19010,1074177,9539.000000000000000,617620,6009.000000000000000,15222.000000000000000,25019,1089399,15548,632842,34558,1706956
84,3/7/2021 15:00:00,12157,1086334,4931.000000000000000,622551,6605.000000000000000,21827.000000000000000,18762,1108161,11536,644378,23693,1730649
85,3/8/2021 15:00:00,25934,1112268,8868.000000000000000,631419,8276.000000000000000,30103.000000000000000,34210,1142371,17144,661522,43078,1773727
86,3/9/2021 15:00:00,26157,1138425,15506.000000000000000,646925,8345.000000000000000,38448.000000000000000,34502,1176873,23851,685373,50008,1823735
87,3/10/2021 15:00:00,29897,1168322,16062.000000000000000,662987,7937.000000000000000,46385.000000000000000,37834,1214707,23999,709372,53896,1877631
88,3/11/2021 15:00:00,36026,1204348,16435.000000000000000,679422,3982.000000000000000,50367.000000000000000,40008,1254715,20417,729789,56443,1934074
89,3/12/2021 15:00:00,36925,1241273,18166.000000000000000,697588,2929.000000000000000,53296.000000000000000,39854,1294569,21095,750884,58020,1992094
90,3/13/2021 15:00:00,22674,1263947,10347.000000000000000,707935,1630.000000000000000,54926.000000000000000,24304,1318873,11977,762861,34651,2026745
91,3/14/2021 15:00:00,17843,1281790,6740.000000000000000,714675,1010.000000000000000,55936.000000000000000,18853,1337726,7750,770611,25593,2052338
92,3/15/2021 15:00:00,29904,1311694,11375.000000000000000,726050,599.000000000000000,56535.000000000000000,30503,1368229,11974,782585,41878,2094216
93,3/16/2021 15:00:00,33491,1345185,13598.000000000000000,739648,772.000000000000000,57307.000000000000000,34263,1402492,14370,796955,47861,2142077
94,3/17/2021 15:00:00,37648,1382833,17089.000000000000000,756737,1183.000000000000000,58490.000000000000000,38831,1441323,18272,815227,55920,2197997
95,3/18/2021 15:00:00,41483,1424316,12712.000000000000000,769449,1353.000000000000000,59843.000000000000000,42836,1484159,14065,829292,55548,2253545
96,3/19/2021 15:00:00,38393,1462709,15448.000000000000000,784897,1046.000000000000000,60889.000000000000000,39439,1523598,16494,845786,54887,2308432
97,3/20/2021 15:00:00,24743,1487452,10236.000000000000000,795133,705.000000000000000,61594.000000000000000,25448,1549046,10941,856727,35684,2344116
98,3/21/2021 15:00:00,19205,1506657,7912.000000000000000,803045,342.000000000000000,61936.000000000000000,19547,1568593,8254,864981,27459,2371575
99,3/22/2021 15:00:00,32611,1539268,11527.000000000000000,814572,835.000000000000000,62771.000000000000000,33446,1602039,12362,877343,44973,2416548
100,3/23/2021 15:00:00,38418,1577686,17881.000000000000000,832453,1557.000000000000000,64328.000000000000000,39975,1642014,19438,896781,57856,2474404
101,3/24/2021 15:00:00,41094,1618780,21267.000000000000000,853720,1388.000000000000000,65716.000000000000000,42482,1684496,22655,919436,63749,2538153
102,3/25/2021 15:00:00,42932,1661712,21757.000000000000000,875477,2455.000000000000000,68171.000000000000000,45387,1729883,24212,943648,67144,2605297
103,3/26/2021 15:00:00,36394,1698106,26728.000000000000000,902205,2495.000000000000000,70666.000000000000000,38889,1768772,29223,972871,65617,2670914
104,3/27/2021 15:00:00,26476,1724582,17336.000000000000000,919541,2489.000000000000000,73155.000000000000000,28965,1797737,19825,992696,46301,2717215
105,3/28/2021 15:00:00,17014,1741596,12694.000000000000000,932235,1615.000000000000000,74770.000000000000000,18629,1816366,14309,1007005,31323,2748538
106,3/29/2021 15:00:00,29728,1771324,26403.000000000000000,958638,1142.000000000000000,75912.000000000000000,30870,1847236,27545,1034550,57273,2805811
107,3/30/2021 15:00:00,40071,1811395,29105.000000000000000,987743,1865.000000000000000,77777.000000000000000,41936,1889172,30970,1065520,71041,2876852
108,3/31/2021 15:00:00,41028,1852423,34768.000000000000000,1022511,5749.000000000000000,83526.000000000000000,46777,1935949,40517,1106037,81545,2958397
109,4/1/2021 15:00:00,42521,1894944,41228.000000000000000,1063739,5766.000000000000000,89292.000000000000000,48287,1984236,46994,1153031,89515,3047912
110,4/2/2021 15:00:00,34953,1929897,32751.000000000000000,1096490,6132.000000000000000,95424.000000000000000,41085,2025321,38883,1191914,73836,3121748
111,4/3/2021 15:00:00,21184,1951081,19246.000000000000000,1115736,4395.000000000000000,99819.000000000000000,25579,2050900,23641,1215555,44825,3166573
112,4/4/2021 15:00:00,8303,1959384,10227.000000000000000,1125963,968.000000000000000,100787.000000000000000,9271,2060171,11195,1226750,19498,3186071
113,4/5/2021 15:00:00,27969,1987353,28988.000000000000000,1154951,6663.000000000000000,107450.000000000000000,34632,2094803,35651,1262401,63620,3249691
114,4/6/2021 15:00:00,39805,2027158,30533.000000000000000,1185484,10504.000000000000000,117954.000000000000000,50309,2145112,41037,1303438,80842,3330533
115,4/7/2021 15:00:00,36120,2063278,34380.000000000000000,1219864,13001.000000000000000,130955.000000000000000,49121,2194233,47381,1350819,83501,3414034
116,4/8/2021 15:00:00,42366,2105644,36170.000000000000000,1256034,13876.000000000000000,144831.000000000000000,56242,2250475,50046,1400865,92412,3506446
117,4/9/2021 15:00:00,34098,2139742,36377.000000000000000,1292411,14532.000000000000000,159363.000000000000000,48630,2299105,50909,1451774,85007,3591453
118,4/10/2021 15:00:00,23507,2163249,23189.000000000000000,1315600,7641.000000000000000,167004.000000000000000,31148,2330253,30830,1482604,54337,3645790
119,4/11/2021 15:00:00,17587,2180836,13300.000000000000000,1328900,10123.000000000000000,177127.000000000000000,27710,2357963,23423,1506027,41010,3686800
120,4/12/2021 15:00:00,24612,2205448,33299.000000000000000,1362199,10906.000000000000000,188033.000000000000000,35518,2393481,44205,1550232,68817,3755617
121,4/13/2021 15:00:00,126185,2331633,91368.000000000000000,1453567,3293.000000000000000,191326.000000000000000,129478,2522959,94661,1644893,220846,3976463
122,4/14/2021 15:00:00,40751,2372384,37863.000000000000000,1491430,213.000000000000000,191539.000000000000000,40964,2563923,38076,1682969,78827,4055290
123,4/15/2021 15:00:00,41427,2413811,39596.000000000000000,1531026,176.000000000000000,191715.000000000000000,41603,2605526,39772,1722741,81199,4136489
124,4/16/2021 15:00:00,37152,2450963,38908.000000000000000,1569934,25.000000000000000,191740.000000000000000,37177,2642703,38933,1761674,76085,4212574
125,4/17/2021 15:00:00,32815,2483778,22049.000000000000000,1591983,13.000000000000000,191753.000000000000000,32828,2675531,22062,1783736,54877,4267451
126,4/18/2021 15:00:00,20065,2503843,16216.000000000000000,1608199,5.000000000000000,191758.000000000000000,20070,2695601,16221,1799957,36286,4303737
127,4/19/2021 15:00:00,29892,2533735,36565.000000000000000,1644764,60.000000000000000,191818.000000000000000,29952,2725553,36625,1836582,66517,4370254
128,4/20/2021 15:00:00,32942,2566677,44518.000000000000000,1689282,59.000000000000000,191877.000000000000000,33001,2758554,44577,1881159,77519,4447773
129,4/21/2021 15:00:00,39844,2606521,47104.000000000000000,1736386,26.000000000000000,191903.000000000000000,39870,2798424,47130,1928289,86974,4534747
130,4/22/2021 15:00:00,35868,2642389,42733.000000000000000,1779119,16.000000000000000,191919.000000000000000,35884,2834308,42749,1971038,78617,4613364
131,4/23/2021 15:00:00,33150,2675539,40192.000000000000000,1819311,14.000000000000000,191933.000000000000000,33164,2867472,40206,2011244,73356,4686720
132,4/24/2021 15:00:00,26431,2701970,27937.000000000000000,1847248,81.000000000000000,192014.000000000000000,26512,2893984,28018,2039262,54449,4741169
133,4/25/2021 15:00:00,20219,2722189,11004.000000000000000,1858252,31.000000000000000,192045.000000000000000,20250,2914234,11035,2050297,31254,4772423
134,4/26/2021 15:00:00,27388,2749577,32784.000000000000000,1891036,201.000000000000000,192246.000000000000000,27589,2941823,32985,2083282,60373,4832796
135,4/27/2021 15:00:00,26677,2776254,33120.000000000000000,1924156,1097.000000000000000,193343.000000000000000,27774,2969597,34217,2117499,60894,4893690
136,4/28/2021 15:00:00,28929,2805183,39581.000000000000000,1963737,1367.000000000000000,194710.000000000000000,30296,2999893,40948,2158447,69877,4963567
137,4/29/2021 15:00:00,27069,2832252,39798.000000000000000,2003535,1463.000000000000000,196173.000000000000000,28532,3028425,41261,2199708,68330,5031897
138,4/30/2021 15:00:00,28207,2860459,32320.000000000000000,2035855,1650.000000000000000,197823.000000000000000,29857,3058282,33970,2233678,62177,5094074
139,5/1/2021 15:00:00,20781,2881240,26832.000000000000000,2062687,1057.000000000000000,198880.000000000000000,21838,3080120,27889,2261567,48670,5142744
140,5/2/2021 15:00:00,10274,2891514,17092.000000000000000,2079779,823.000000000000000,199703.000000000000000,11097,3091217,17915,2279482,28189,5170933
141,5/3/2021 15:00:00,12729,2904243,28704.000000000000000,2108483,1917.000000000000000,201620.000000000000000,14646,3105863,30621,2310103,43350,5214283
142,5/4/2021 15:00:00,13564,2917807,38713.000000000000000,2147196,1742.000000000000000,203362.000000000000000,15306,3121169,40455,2350558,54019,5268302
143,5/5/2021 15:00:00,19316,2937123,37801.000000000000000,2184997,1922.000000000000000,205284.000000000000000,21238,3142407,39723,2390281,59039,5327341
144,5/6/2021 15:00:00,16932,2954055,40603.000000000000000,2225600,1722.000000000000000,207006.000000000000000,18654,3161061,42325,2432606,59257,5386598
145,5/7/2021 15:00:00,17589,2971644,37039.000000000000000,2262639,1960.000000000000000,208966.000000000000000,19549,3180610,38999,2471605,56588,5443186
146,5/8/2021 15:00:00,10801,2982445,31240.000000000000000,2293879,1293.000000000000000,210259.000000000000000,12094,3192704,32533,2504138,43334,5486520
147,5/9/2021 15:00:00,5077,2987522,12258.000000000000000,2306137,695.000000000000000,210954.000000000000000,5772,3198476,12953,2517091,18030,5504550
148,5/10/2021 15:00:00,8961,2996483,31063.000000000000000,2337200,1362.000000000000000,212316.000000000000000,10323,3208799,32425,2549516,41386,5545936
149,5/11/2021 15:00:00,12186,3008669,30308.000000000000000,2367508,1441.000000000000000,213757.000000000000000,13627,3222426,31749,2581265,43935,5589871
150,5/12/2021 15:00:00,13947,3022616,38650.000000000000000,2406158,1917.000000000000000,215674.000000000000000,15864,3238290,40567,2621832,54514,5644385
151,5/13/2021 15:00:00,21847,3044463,33530.000000000000000,2439688,1347.000000000000000,217021.000000000000000,23194,3261484,34877,2656709,56724,5701109
152,5/14/2021 15:00:00,24394,3068857,30080.000000000000000,2469768,1775.000000000000000,218796.000000000000000,26169,3287653,31855,2688564,56249,5757358
153,5/15/2021 15:00:00,21953,3090810,25132.000000000000000,2494900,1490.000000000000000,220286.000000000000000,23443,3311096,26622,2715186,48575,5805933
154,5/16/2021 15:00:00,9093,3099903,17582.000000000000000,2512482,1115.000000000000000,221401.000000000000000,10208,3321304,18697,2733883,27790,5833723
155,5/17/2021 15:00:00,16841,3116744,28423.000000000000000,2540905,1950.000000000000000,223351.000000000000000,18791,3340095,30373,2764256,47214,5880937
156,5/18/2021 15:00:00,21263,3138007,30705.000000000000000,2571610,1943.000000000000000,225294.000000000000000,23206,3363301,32648,2796904,53911,5934848
157,5/19/2021 15:00:00,27677,3165684,32452.000000000000000,2604062,1632.000000000000000,226926.000000000000000,29309,3392610,34084,2830988,61761,5996609
158,5/20/2021 15:00:00,20810,3186494,33289.000000000000000,2637351,1965.000000000000000,228891.000000000000000,22775,3415385,35254,2866242,56064,6052673
159,5/21/2021 15:00:00,19166,3205660,30378.000000000000000,2667729,1609.000000000000000,230500.000000000000000,20775,3436160,31987,2898229,51153,6103826
160,5/22/2021 15:00:00,16952,3222612,20707.000000000000000,2688436,1269.000000000000000,231769.000000000000000,18221,3454381,21976,2920205,38928,6142754
161,5/23/2021 15:00:00,8815,3231427,11454.000000000000000,2699890,965.000000000000000,232734.000000000000000,9780,3464161,12419,2932624,21234,6163988
162,5/24/2021 15:00:00,13573,3245000,17789.000000000000000,2717679,1473.000000000000000,234207.000000000000000,15046,3479207,19262,2951886,32835,6196823
163,5/25/2021 15:00:00,13078,3258078,18723.000000000000000,2736402,1328.000000000000000,235535.000000000000000,14406,3493613,20051,2971937,33129,6229952
164,5/26/2021 15:00:00,18368,3276446,19699.000000000000000,2756101,1512.000000000000000,237047.000000000000000,19880,3513493,21211,2993148,39579,6269531
165,5/27/2021 15:00:00,11697,3288143,18708.000000000000000,2774809,1117.000000000000000,238164.000000000000000,12814,3526307,19825,3012973,31522,6301053
166,5/28/2021 15:00:00,12418,3300561,19868.000000000000000,2794677,1402.000000000000000,239566.000000000000000,13820,3540127,21270,3034243,33688,6334741
167,5/29/2021 15:00:00,9516,3310077,11737.000000000000000,2806414,937.000000000000000,240503.000000000000000,10453,3550580,12674,3046917,22190,6356931
168,5/30/2021 15:00:00,4967,3315044,6444.000000000000000,2812858,596.000000000000000,241099.000000000000000,5563,3556143,7040,3053957,12007,6368938
169,5/31/2021 15:00:00,1780,3316824,3715.000000000000000,2816573,305.000000000000000,241404.000000000000000,2085,3558228,4020,3057977,5800,6374738
170,6/1/2021 15:00:00,9887,3326711,16504.000000000000000,2833077,1162.000000000000000,242566.000000000000000,11049,3569277,17666,3075643,27553,6402291
171,6/2/2021 15:00:00,10236,3336947,16837.000000000000000,2849914,962.000000000000000,243528.000000000000000,11198,3580475,17799,3093442,28035,6430326
172,6/3/2021 15:00:00,7899,3344846,21223.000000000000000,2871137,1089.000000000000000,244617.000000000000000,8988,3589463,22312,3115754,30211,6460537
173,6/4/2021 15:00:00,8198,3353044,22377.000000000000000,2893514,1121.000000000000000,245738.000000000000000,9319,3598782,23498,3139252,31696,6492233
174,6/5/2021 15:00:00,6998,3360042,19478.000000000000000,2912992,720.000000000000000,246458.000000000000000,7718,3606500,20198,3159450,27196,6519429
175,6/6/2021 15:00:00,3456,3363498,7264.000000000000000,2920256,426.000000000000000,246884.000000000000000,3882,3610382,7690,3167140,11146,6530575
176,6/7/2021 15:00:00,6862,3370360,15804.000000000000000,2936060,726.000000000000000,247610.000000000000000,7588,3617970,16530,3183670,23392,6553967
177,6/8/2021 15:00:00,6670,3377030,19746.000000000000000,2955806,831.000000000000000,248441.000000000000000,7501,3625471,20577,3204247,27247,6581214
178,6/9/2021 15:00:00,8198,3385228,24026.000000000000000,2979832,969.000000000000000,249410.000000000000000,9167,3634638,24995,3229242,33193,6614407
179,6/10/2021 15:00:00,7157,3392385,19151.000000000000000,2998983,895.000000000000000,250305.000000000000000,8052,3642690,20046,3249288,27203,6641610
180,6/11/2021 15:00:00,7492,3399877,17741.000000000000000,3016724,1126.000000000000000,251431.000000000000000,8618,3651308,18867,3268155,26359,6667969
181,6/12/2021 15:00:00,5244,3405121,14788.000000000000000,3031512,605.000000000000000,252036.000000000000000,5849,3657157,15393,3283548,20637,6688606
182,6/13/2021 15:00:00,1947,3407068,7640.000000000000000,3039152,427.000000000000000,252463.000000000000000,2374,3659531,8067,3291615,10014,6698620
183,6/14/2021 15:00:00,5656,3412724,11840.000000000000000,3050992,734.000000000000000,253197.000000000000000,6390,3665921,12574,3304189,18230,6716850
184,6/15/2021 15:00:00,5652,3418376,14357.000000000000000,3065349,873.000000000000000,254070.000000000000000,6525,3672446,15230,3319419,20882,6737732
185,6/16/2021 15:00:00,8731,3427107,21639.000000000000000,3086988,758.000000000000000,254828.000000000000000,9489,3681935,22397,3341816,31128,6768860
186,6/17/2021 15:00:00,6686,3433793,12387.000000000000000,3099375,720.000000000000000,255548.000000000000000,7406,3689341,13107,3354923,19793,6788653
187,6/18/2021 15:00:00,6836,3440629,12754.000000000000000,3112129,703.000000000000000,256251.000000000000000,7539,3696880,13457,3368380,20293,6808946
188,6/19/2021 15:00:00,4655,3445284,9390.000000000000000,3121519,614.000000000000000,256865.000000000000000,5269,3702149,10004,3378384,14659,6823605
189,6/20/2021 15:00:00,2511,3447795,5068.000000000000000,3126587,377.000000000000000,257242.000000000000000,2888,3705037,5445,3383829,7956,6831561
190,6/21/2021 15:00:00,5568,3453363,5343.000000000000000,3131930,636.000000000000000,257878.000000000000000,6204,3711241,5979,3389808,11547,6843108
191,6/22/2021 15:00:00,5350,3458713,9064.000000000000000,3140994,699.000000000000000,258577.000000000000000,6049,3717290,9763,3399571,15113,6858221
192,6/23/2021 15:00:00,6066,3464779,10362.000000000000000,3151356,645.000000000000000,259222.000000000000000,6711,3724001,11007,3410578,17073,6875294
193,6/24/2021 15:00:00,5934,3470713,8219.000000000000000,3159575,595.000000000000000,259817.000000000000000,6529,3730530,8814,3419392,14748,6890042
194,6/25/2021 15:00:00,5831,3476544,8673.000000000000000,3168248,619.000000000000000,260436.000000000000000,6450,3736980,9292,3428684,15123,6905165
195,6/26/2021 15:00:00,3707,3480251,6305.000000000000000,3174553,398.000000000000000,260834.000000000000000,4105,3741085,6703,3435387,10410,6915575
196,6/27/2021 15:00:00,2810,3483061,3525.000000000000000,3178078,185.000000000000000,261019.000000000000000,2995,3744080,3710,3439097,6520,6922095
197,6/28/2021 15:00:00,4928,3487989,6400.000000000000000,3184478,539.000000000000000,261558.000000000000000,5467,3749547,6939,3446036,11867,6933962
198,6/29/2021 15:00:00,5064,3493053,6488.000000000000000,3190966,524.000000000000000,262082.000000000000000,5588,3755135,7012,3453048,12076,6946038
199,6/30/2021 15:00:00,5638,3498691,7396.000000000000000,3198362,607.000000000000000,262689.000000000000000,6245,3761380,8003,3461051,13641,6959679
200,7/1/2021 15:00:00,5451,3504142,7009.000000000000000,3205371,505.000000000000000,263194.000000000000000,5956,3767336,7514,3468565,12965,6972644
201,7/2/2021 15:00:00,5306,3509448,6862.000000000000000,3212233,527.000000000000000,263721.000000000000000,5833,3773169,7389,3475954,12695,6985339
202,7/3/2021 15:00:00,3277,3512725,4075.000000000000000,3216308,264.000000000000000,263985.000000000000000,3541,3776710,4339,3480293,7616,6992955
203,7/4/2021 15:00:00,493,3513218,551.000000000000000,3216859,69.000000000000000,264054.000000000000000,562,3777272,620,3480913,1113,6994068
204,7/5/2021 15:00:00,3773,3516991,3955.000000000000000,3220814,287.000000000000000,264341.000000000000000,4060,3781332,4242,3485155,8015,7002083
205,7/6/2021 15:00:00,4493,3521484,6296.000000000000000,3227110,455.000000000000000,264796.000000000000000,4948,3786280,6751,3491906,11244,7013327
206,7/7/2021 15:00:00,4469,3525953,6430.000000000000000,3233540,483.000000000000000,265279.000000000000000,4952,3791232,6913,3498819,11382,7024709
207,7/8/2021 15:00:00,4837,3530790,6195.000000000000000,3239735,564.000000000000000,265843.000000000000000,5401,3796633,6759,3505578,11596,7036305
208,7/9/2021 15:00:00,5367,3536157,6694.000000000000000,3246429,574.000000000000000,266417.000000000000000,5941,3802574,7268,3512846,12635,7048940
209,7/10/2021 15:00:00,3528,3539685,4412.000000000000000,3250841,305.000000000000000,266722.000000000000000,3833,3806407,4717,3517563,8245,7057185
210,7/11/2021 15:00:00,2683,3542368,2581.000000000000000,3253422,227.000000000000000,266949.000000000000000,2910,3809317,2808,3520371,5491,7062676
211,7/12/2021 15:00:00,4430,3546798,5132.000000000000000,3258554,379.000000000000000,267328.000000000000000,4809,3814126,5511,3525882,9941,7072617
212,7/13/2021 15:00:00,4672,3551470,4733.000000000000000,3263287,366.000000000000000,267694.000000000000000,5038,3819164,5099,3530981,9771,7082388
213,7/14/2021 15:00:00,4633,3556103,5300.000000000000000,3268587,421.000000000000000,268115.000000000000000,5054,3824218,5721,3536702,10354,7092742
214,7/15/2021 15:00:00,4912,3561015,5029.000000000000000,3273616,359.000000000000000,268474.000000000000000,5271,3829489,5388,3542090,10300,7103042
215,7/16/2021 15:00:00,6283,3567298,5876.000000000000000,3279492,405.000000000000000,268879.000000000000000,6688,3836177,6281,3548371,12564,7115606
216,7/17/2021 15:00:00,3422,3570720,3555.000000000000000,3283047,304.000000000000000,269183.000000000000000,3726,3839903,3859,3552230,7281,7122887
217,7/18/2021 15:00:00,2312,3573032,2385.000000000000000,3285432,110.000000000000000,269293.000000000000000,2422,3842325,2495,3554725,4807,7127694
218,7/19/2021 15:00:00,5151,3578183,4618.000000000000000,3290050,383.000000000000000,269676.000000000000000,5534,3847859,5001,3559726,10152,7137846
219,7/20/2021 15:00:00,5349,3583532,4737.000000000000000,3294787,367.000000000000000,270043.000000000000000,5716,3853575,5104,3564830,10453,7148299
220,7/21/2021 15:00:00,5668,3589200,4968.000000000000000,3299755,416.000000000000000,270459.000000000000000,6084,3859659,5384,3570214,11052,7159351
221,7/22/2021 15:00:00,6034,3595234,4653.000000000000000,3304408,472.000000000000000,270931.000000000000000,6506,3866165,5125,3575339,11159,7170510
222,7/23/2021 15:00:00,6849,3602083,4856.000000000000000,3309264,499.000000000000000,271430.000000000000000,7348,3873513,5355,3580694,12204,7182714
223,7/24/2021 15:00:00,4286,3606369,3209.000000000000000,3312473,267.000000000000000,271697.000000000000000,4553,3878066,3476,3584170,7762,7190476
224,7/25/2021 15:00:00,3302,3609671,1122.000000000000000,3313595,140.000000000000000,271837.000000000000000,3442,3881508,1262,3585432,4564,7195040
225,7/26/2021 15:00:00,6223,3615894,3917.000000000000000,3317512,420.000000000000000,272257.000000000000000,6643,3888151,4337,3589769,10560,7205600
226,7/27/2021 15:00:00,6616,3622510,4307.000000000000000,3321819,459.000000000000000,272716.000000000000000,7075,3895226,4766,3594535,11382,7216982
227,7/28/2021 15:00:00,7095,3629605,4158.000000000000000,3325977,462.000000000000000,273178.000000000000000,7557,3902783,4620,3599155,11715,7228697
228,7/29/2021 15:00:00,7093,3636698,4330.000000000000000,3330307,420.000000000000000,273598.000000000000000,7513,3910296,4750,3603905,11843,7240540
229,7/30/2021 15:00:00,7837,3644535,4840.000000000000000,3335147,527.000000000000000,274125.000000000000000,8364,3918660,5367,3609272,13204,7253744
230,7/31/2021 15:00:00,4792,3649327,3089.000000000000000,3338236,274.000000000000000,274399.000000000000000,5066,3923726,3363,3612635,8155,7261899
231,8/1/2021 15:00:00,3916,3653243,2198.000000000000000,3340434,165.000000000000000,274564.000000000000000,4081,3927807,2363,3614998,6279,7268178
232,8/2/2021 15:00:00,7282,3660525,3853.000000000000000,3344287,342.000000000000000,274906.000000000000000,7624,3935431,4195,3619193,11477,7279655
233,8/3/2021 15:00:00,7280,3667805,4117.000000000000000,3348404,517.000000000000000,275423.000000000000000,7797,3943228,4634,3623827,11914,7291569
234,8/4/2021 15:00:00,7442,3675247,4131.000000000000000,3352535,536.000000000000000,275959.000000000000000,7978,3951206,4667,3628494,12109,7303678
235,8/5/2021 15:00:00,7962,3683209,4348.000000000000000,3356883,541.000000000000000,276500.000000000000000,8503,3959709,4889,3633383,12851,7316529
236,8/6/2021 15:00:00,8335,3691544,4762.000000000000000,3361645,454.000000000000000,276954.000000000000000,8789,3968498,5216,3638599,13551,7330080
237,8/7/2021 15:00:00,5305,3696849,2849.000000000000000,3364494,264.000000000000000,277218.000000000000000,5569,3974067,3113,3641712,8418,7338498
238,8/8/2021 15:00:00,3981,3700830,2063.000000000000000,3366557,146.000000000000000,277364.000000000000000,4127,3978194,2209,3643921,6190,7344688
239,8/9/2021 15:00:00,6963,3707793,4569.000000000000000,3371126,371.000000000000000,277735.000000000000000,7334,3985528,4940,3648861,11903,7356591
240,8/10/2021 15:00:00,7176,3714969,4507.000000000000000,3375633,340.000000000000000,278075.000000000000000,7516,3993044,4847,3653708,12023,7368614
241,8/11/2021 15:00:00,7108,3722077,4461.000000000000000,3380094,443.000000000000000,278518.000000000000000,7551,4000595,4904,3658612,12012,7380626
242,8/12/2021 15:00:00,8668,3730745,4775.000000000000000,3384869,446.000000000000000,278964.000000000000000,9114,4009709,5221,3663833,13889,7394515
243,8/13/2021 15:00:00,7191,3737936,5419.000000000000000,3390288,397.000000000000000,279361.000000000000000,7588,4017297,5816,3669649,13007,7407522
244,8/14/2021 15:00:00,4929,3742865,3357.000000000000000,3393645,286.000000000000000,279647.000000000000000,5215,4022512,3643,3673292,8572,7416094
245,8/15/2021 15:00:00,3332,3746197,2750.000000000000000,3396395,163.000000000000000,279810.000000000000000,3495,4026007,2913,3676205,6245,7422339
246,8/16/2021 15:00:00,5462,3751659,5107.000000000000000,3401502,354.000000000000000,280164.000000000000000,5816,4031823,5461,3681666,10923,7433262
247,8/17/2021 15:00:00,6832,3758491,5381.000000000000000,3406883,391.000000000000000,280555.000000000000000,7223,4039046,5772,3687438,12604,7445866
248,8/18/2021 15:00:00,6351,3764842,5532.000000000000000,3412415,481.000000000000000,281036.000000000000000,6832,4045878,6013,3693451,12364,7458230
249,8/19/2021 15:00:00,6241,3771083,5587.000000000000000,3418002,417.000000000000000,281453.000000000000000,6658,4052536,6004,3699455,12245,7470475
250,8/20/2021 15:00:00,6858,3777941,6578.000000000000000,3424580,401.000000000000000,281854.000000000000000,7259,4059795,6979,3706434,13837,7484312
251,8/21/2021 15:00:00,4349,3782290,3929.000000000000000,3428509,229.000000000000000,282083.000000000000000,4578,4064373,4158,3710592,8507,7492819
252,8/22/2021 15:00:00,3066,3785356,3179.000000000000000,3431688,111.000000000000000,282194.000000000000000,3177,4067550,3290,3713882,6356,7499175
253,8/23/2021 15:00:00,6005,3791361,6140.000000000000000,3437828,287.000000000000000,282481.000000000000000,6292,4073842,6427,3720309,12432,7511607
254,8/24/2021 15:00:00,6558,3797919,6102.000000000000000,3443930,426.000000000000000,282907.000000000000000,6984,4080826,6528,3726837,13086,7524693
255,8/25/2021 15:00:00,6739,3804658,6254.000000000000000,3450184,440.000000000000000,283347.000000000000000,7179,4088005,6694,3733531,13433,7538126
256,8/26/2021 15:00:00,6974,3811632,6687.000000000000000,3456871,428.000000000000000,283775.000000000000000,7402,4095407,7115,3740646,14089,7552215
257,8/27/2021 15:00:00,6850,3818482,7110.000000000000000,3463981,317.000000000000000,284092.000000000000000,7167,4102574,7427,3748073,14277,7566492
258,8/28/2021 15:00:00,6920,3825402,6544.000000000000000,3470525,329.000000000000000,284421.000000000000000,7249,4109823,6873,3754946,13793,7580285
259,8/29/2021 15:00:00,3746,3829148,3709.000000000000000,3474234,610.000000000000000,285031.000000000000000,4356,4114179,4319,3759265,8065,7588350
260,8/30/2021 15:00:00,5934,3835082,6158.000000000000000,3480392,960.000000000000000,285991.000000000000000,6894,4121073,7118,3766383,13052,7601402
261,8/31/2021 15:00:00,5908,3840990,6095.000000000000000,3486487,947.000000000000000,286938.000000000000000,6855,4127928,7042,3773425,12950,7614352
262,9/1/2021 15:00:00,5616,3846606,5742.000000000000000,3492229,918.000000000000000,287856.000000000000000,6534,4134462,6660,3780085,12276,7626628
263,9/2/2021 15:00:00,5531,3852137,5978.000000000000000,3498207,709.000000000000000,288565.000000000000000,6240,4140702,6687,3786772,12218,7638846
264,9/3/2021 15:00:00,6023,3858160,6985.000000000000000,3505192,977.000000000000000,289542.000000000000000,7000,4147702,7962,3794734,13985,7652831
265,9/4/2021 15:00:00,3734,3861894,4370.000000000000000,3509562,878.000000000000000,290420.000000000000000,4612,4152314,5248,3799982,8982,7661813
266,9/5/2021 15:00:00,2961,3864855,2818.000000000000000,3512380,106.000000000000000,290526.000000000000000,3067,4155381,2924,3802906,5885,7667698
267,9/6/2021 15:00:00,1060,3865915,1163.000000000000000,3513543,70.000000000000000,290596.000000000000000,1130,4156511,1233,3804139,2293,7669991
268,9/7/2021 15:00:00,5353,3871268,7324.000000000000000,3520867,2304.000000000000000,292900.000000000000000,7657,4164168,9628,3813767,14981,7684972
269,9/8/2021 15:00:00,4663,3875931,5507.000000000000000,3526374,364.000000000000000,293264.000000000000000,5027,4169195,5871,3819638,10534,7695506
270,9/9/2021 15:00:00,5027,3880958,5480.000000000000000,3531854,325.000000000000000,293589.000000000000000,5352,4174547,5805,3825443,10832,7706338
271,9/10/2021 15:00:00,6536,3887494,6682.000000000000000,3538536,1719.000000000000000,295308.000000000000000,8255,4182802,8401,3833844,14937,7721275
272,9/11/2021 15:00:00,4182,3891676,4354.000000000000000,3542890,666.000000000000000,295974.000000000000000,4848,4187650,5020,3838864,9202,7730477
273,9/12/2021 15:00:00,3175,3894851,3247.000000000000000,3546137,436.000000000000000,296410.000000000000000,3611,4191261,3683,3842547,6858,7737335
274,9/13/2021 15:00:00,4896,3899747,5087.000000000000000,3551224,347.000000000000000,296757.000000000000000,5243,4196504,5434,3847981,10330,7747665
275,9/14/2021 15:00:00,4778,3904525,5468.000000000000000,3556692,437.000000000000000,297194.000000000000000,5215,4201719,5905,3853886,10683,7758348
276,9/15/2021 15:00:00,5046,3909571,5906.000000000000000,3562598,392.000000000000000,297586.000000000000000,5438,4207157,6298,3860184,11344,7769692
277,9/16/2021 15:00:00,4817,3914388,5861.000000000000000,3568459,337.000000000000000,297923.000000000000000,5154,4212311,6198,3866382,11015,7780707
278,9/17/2021 15:00:00,5292,3919680,6601.000000000000000,3575060,344.000000000000000,298267.000000000000000,5636,4217947,6945,3873327,12237,7792944
279,9/18/2021 15:00:00,3825,3923505,4591.000000000000000,3579651,186.000000000000000,298453.000000000000000,4011,4221958,4777,3878104,8602,7801546
280,9/19/2021 15:00:00,2742,3926247,3183.000000000000000,3582834,75.000000000000000,298528.000000000000000,2817,4224775,3258,3881362,6000,7807546
281,9/20/2021 15:00:00,3755,3930002,4691.000000000000000,3587525,429.000000000000000,298957.000000000000000,4184,4228959,5120,3886482,8875,7816421
282,9/21/2021 15:00:00,4004,3934006,5024.000000000000000,3592549,327.000000000000000,299284.000000000000000,4331,4233290,5351,3891833,9355,7825776
283,9/22/2021 15:00:00,4195,3938201,4803.000000000000000,3597352,459.000000000000000,299743.000000000000000,4654,4237944,5262,3897095,9457,7835233
284,9/23/2021 15:00:00,4191,3942392,4739.000000000000000,3602091,492.000000000000000,300235.000000000000000,4683,4242627,5231,3902326,9422,7844655
285,9/24/2021 15:00:00,5098,3947490,5637.000000000000000,3607728,422.000000000000000,300657.000000000000000,5520,4248147,6059,3908385,11157,7855812
286,9/25/2021 15:00:00,3644,3951134,3642.000000000000000,3611370,384.000000000000000,301041.000000000000000,4028,4252175,4026,3912411,7670,7863482
287,9/26/2021 15:00:00,2353,3953487,2672.000000000000000,3614042,433.000000000000000,301474.000000000000000,2786,4254961,3105,3915516,5458,7868940
288,9/27/2021 15:00:00,4510,3957997,2720.000000000000000,3616762,512.000000000000000,301986.000000000000000,5022,4259983,3232,3918748,7742,7876682
289,9/28/2021 15:00:00,4415,3962412,4466.000000000000000,3621228,211.000000000000000,302197.000000000000000,4626,4264609,4677,3923425,9092,7885774
290,9/29/2021 15:00:00,4696,3967108,4537.000000000000000,3625765,920.000000000000000,303117.000000000000000,5616,4270225,5457,3928882,10153,7895927
291,9/30/2021 15:00:00,4894,3972002,4580.000000000000000,3630345,796.000000000000000,303913.000000000000000,5690,4275915,5376,3934258,10270,7906197
292,10/1/2021 15:00:00,5531,3977533,5378.000000000000000,3635723,785.000000000000000,304698.000000000000000,6316,4282231,6163,3940421,11694,7917891
293,10/2/2021 15:00:00,2950,3980483,2907.000000000000000,3638630,187.000000000000000,304885.000000000000000,3137,4285368,3094,3943515,6044,7923935
294,10/3/2021 15:00:00,2079,3982562,2384.000000000000000,3641014,87.000000000000000,304972.000000000000000,2166,4287534,2471,3945986,4550,7928485
295,10/4/2021 15:00:00,4032,3986594,3511.000000000000000,3644525,233.000000000000000,305205.000000000000000,4265,4291799,3744,3949730,7776,7936261
296,10/5/2021 15:00:00,3962,3990556,3675.000000000000000,3648200,206.000000000000000,305411.000000000000000,4168,4295967,3881,3953611,7843,7944104
297,10/6/2021 15:00:00,4035,3994591,3580.000000000000000,3651780,266.000000000000000,305677.000000000000000,4301,4300268,3846,3957457,7881,7951985
298,10/7/2021 15:00:00,4233,3998824,3642.000000000000000,3655422,332.000000000000000,306009.000000000000000,4565,4304833,3974,3961431,8207,7960192
299,10/8/2021 15:00:00,4784,4003608,4309.000000000000000,3659731,283.000000000000000,306292.000000000000000,5067,4309900,4592,3966023,9376,7969568
300,10/9/2021 15:00:00,2693,4006301,2683.000000000000000,3662414,270.000000000000000,306562.000000000000000,2963,4312863,2953,3968976,5646,7975214
301,10/10/2021 15:00:00,1860,4008161,1855.000000000000000,3664269,59.000000000000000,306621.000000000000000,1919,4314782,1914,3970890,3774,7978988
302,10/11/2021 15:00:00,4213,4012374,3319.000000000000000,3667588,250.000000000000000,306871.000000000000000,4463,4319245,3569,3974459,7782,7986770
303,10/12/2021 15:00:00,3605,4015979,3549.000000000000000,3671137,275.000000000000000,307146.000000000000000,3880,4323125,3824,3978283,7429,7994199
304,10/13/2021 15:00:00,3980,4019959,3471.000000000000000,3674608,346.000000000000000,307492.000000000000000,4326,4327451,3817,3982100,7797,8001996
305,10/14/2021 15:00:00,5175,4025134,5507.000000000000000,3680115,430.000000000000000,307922.000000000000000,5605,4333056,5937,3988037,11112,8013108
306,10/15/2021 15:00:00,4771,4029905,4620.000000000000000,3684735,347.000000000000000,308269.000000000000000,5118,4338174,4967,3993004,9738,8022846
307,10/16/2021 15:00:00,2497,4032402,2530.000000000000000,3687265,291.000000000000000,308560.000000000000000,2788,4340962,2821,3995825,5318,8028164
308,10/17/2021 15:00:00,1809,4034211,1782.000000000000000,3689047,55.000000000000000,308615.000000000000000,1864,4342826,1837,3997662,3646,8031810
309,10/18/2021 15:00:00,4281,4038492,3588.000000000000000,3692635,283.000000000000000,308898.000000000000000,4564,4347390,3871,4001533,8152,8039962
310,10/19/2021 15:00:00,4301,4042793,4030.000000000000000,3696665,224.000000000000000,309122.000000000000000,4525,4351915,4254,4005787,8555,8048517
311,10/20/2021 15:00:00,3546,4046339,3435.000000000000000,3700100,259.000000000000000,309381.000000000000000,3805,4355720,3694,4009481,7240,8055757
312,10/21/2021 15:00:00,3312,4049651,3288.000000000000000,3703388,291.000000000000000,309672.000000000000000,3603,4359323,3579,4013060,6891,8062648
313,10/22/2021 15:00:00,4693,4054344,4042.000000000000000,3707430,477.000000000000000,310149.000000000000000,5170,4364493,4519,4017579,9212,8071860
314,10/23/2021 15:00:00,2888,4057232,2119.000000000000000,3709549,322.000000000000000,310471.000000000000000,3210,4367703,2441,4020020,5329,8077189
315,10/24/2021 15:00:00,2057,4059289,1556.000000000000000,3711105,79.000000000000000,310550.000000000000000,2136,4369839,1635,4021655,3692,8080881
316,10/25/2021 15:00:00,4558,4063847,3083.000000000000000,3714188,322.000000000000000,310872.000000000000000,4880,4374719,3405,4025060,7963,8088844
317,10/26/2021 15:00:00,4534,4068381,3089.000000000000000,3717277,316.000000000000000,311188.000000000000000,4850,4379569,3405,4028465,7939,8096783
318,10/27/2021 15:00:00,4735,4073116,3354.000000000000000,3720631,436.000000000000000,311624.000000000000000,5171,4384740,3790,4032255,8525,8105308
319,10/28/2021 15:00:00,4577,4077693,3373.000000000000000,3724004,501.000000000000000,312125.000000000000000,5078,4389818,3874,4036129,8451,8113759
320,10/29/2021 15:00:00,4998,4082691,3931.000000000000000,3727935,395.000000000000000,312520.000000000000000,5393,4395211,4326,4040455,9324,8123083
321,10/30/2021 15:00:00,2631,4085322,1848.000000000000000,3729783,307.000000000000000,312827.000000000000000,2938,4398149,2155,4042610,4786,8127869
322,10/31/2021 15:00:00,1936,4087258,1522.000000000000000,3731305,94.000000000000000,312921.000000000000000,2030,4400179,1616,4044226,3552,8131421
323,11/1/2021 15:00:00,4745,4092003,3446.000000000000000,3734751,350.000000000000000,313271.000000000000000,5095,4405274,3796,4048022,8541,8139962
324,11/2/2021 15:00:00,4281,4096284,2950.000000000000000,3737701,409.000000000000000,313680.000000000000000,4690,4409964,3359,4051381,7640,8147602
325,11/3/2021 15:00:00,4682,4100966,3053.000000000000000,3740754,464.000000000000000,314144.000000000000000,5146,4415110,3517,4054898,8199,8155801
326,11/4/2021 15:00:00,6329,4107295,3385.000000000000000,3744139,529.000000000000000,314673.000000000000000,6858,4421968,3914,4058812,10243,8166044
327,11/5/2021 15:00:00,8263,4115558,3786.000000000000000,3747925,415.000000000000000,315088.000000000000000,8678,4430646,4201,4063013,12464,8178508
328,11/6/2021 15:00:00,10201,4125759,1977.000000000000000,3749902,309.000000000000000,315397.000000000000000,10510,4441156,2286,4065299,12487,8190995
329,11/7/2021 15:00:00,7748,4133507,1463.000000000000000,3751365,95.000000000000000,315492.000000000000000,7843,4448999,1558,4066857,9306,8200301
330,11/8/2021 15:00:00,11350,4144857,3057.000000000000000,3754422,379.000000000000000,315871.000000000000000,11729,4460728,3436,4070293,14786,8215087
331,11/9/2021 15:00:00,11811,4156668,2653.000000000000000,3757075,269.000000000000000,316140.000000000000000,12080,4472808,2922,4073215,14733,8229820
332,11/10/2021 15:00:00,12636,4169304,2775.000000000000000,3759850,339.000000000000000,316479.000000000000000,12975,4485783,3114,4076329,15750,8245570
333,11/11/2021 15:00:00,11448,4180752,2384.000000000000000,3762234,280.000000000000000,316759.000000000000000,11728,4497511,2664,4078993,14112,8259682
334,11/12/2021 15:00:00,12385,4193137,3377.000000000000000,3765611,548.000000000000000,317307.000000000000000,12933,4510444,3925,4082918,16310,8275992
335,11/13/2021 15:00:00,9982,4203119,1602.000000000000000,3767213,342.000000000000000,317649.000000000000000,10324,4520768,1944,4084862,11926,8287918
336,11/14/2021 15:00:00,4245,4207364,1119.000000000000000,3768332,121.000000000000000,317770.000000000000000,4366,4525134,1240,4086102,5485,8293403
337,11/15/2021 15:00:00,8655,4216019,2524.000000000000000,3770856,211.000000000000000,317981.000000000000000,8866,4534000,2735,4088837,11390,8304793
338,11/16/2021 15:00:00,9297,4225316,2513.000000000000000,3773369,258.000000000000000,318239.000000000000000,9555,4543555,2771,4091608,12068,8316861
339,11/17/2021 15:00:00,9423,4234739,2867.000000000000000,3776236,313.000000000000000,318552.000000000000000,9736,4553291,3180,4094788,12603,8329464
340,11/18/2021 15:00:00,9330,4244069,2631.000000000000000,3778867,481.000000000000000,319033.000000000000000,9811,4563102,3112,4097900,12442,8341906
341,11/19/2021 15:00:00,9851,4253920,2926.000000000000000,3781793,381.000000000000000,319414.000000000000000,10232,4573334,3307,4101207,13158,8355064
342,11/20/2021 15:00:00,10666,4264586,1608.000000000000000,3783401,455.000000000000000,319869.000000000000000,11121,4584455,2063,4103270,12729,8367793
343,11/21/2021 15:00:00,4397,4268983,1208.000000000000000,3784609,100.000000000000000,319969.000000000000000,4497,4588952,1308,4104578,5705,8373498
344,11/22/2021 15:00:00,9860,4278843,2513.000000000000000,3787122,293.000000000000000,320262.000000000000000,10153,4599105,2806,4107384,12666,8386164
345,11/23/2021 15:00:00,9256,4288099,2409.000000000000000,3789531,317.000000000000000,320579.000000000000000,9573,4608678,2726,4110110,11982,8398146
346,11/24/2021 15:00:00,8192,4296291,2444.000000000000000,3791975,216.000000000000000,320795.000000000000000,8408,4617086,2660,4112770,10852,8408998
347,11/25/2021 15:00:00,235,4296526,81.000000000000000,3792056,10.000000000000000,320805.000000000000000,245,4617331,91,4112861,326,8409324
348,11/26/2021 15:00:00,5672,4302198,3981.000000000000000,3796037,153.000000000000000,320958.000000000000000,5825,4623156,4134,4116995,9806,8419130
349,11/27/2021 15:00:00,3787,4305985,5496.000000000000000,3801533,134.000000000000000,321092.000000000000000,3921,4627077,5630,4122625,9417,8428547
350,11/28/2021 15:00:00,2408,4308393,6407.000000000000000,3807940,77.000000000000000,321169.000000000000000,2485,4629562,6484,4129109,8892,8437439
351,11/29/2021 15:00:00,6393,4314786,9332.000000000000000,3817272,380.000000000000000,321549.000000000000000,6773,4636335,9712,4138821,16105,8453544
352,11/30/2021 15:00:00,6262,4321048,9358.000000000000000,3826630,264.000000000000000,321813.000000000000000,6526,4642861,9622,4148443,15884,8469428
353,12/1/2021 15:00:00,7344,4328392,9758.000000000000000,3836388,309.000000000000000,322122.000000000000000,7653,4650514,10067,4158510,17411,8486839
354,12/2/2021 15:00:00,6948,4335340,8843.000000000000000,3845231,450.000000000000000,322572.000000000000000,7398,4657912,9293,4167803,16241,8503080
355,12/3/2021 15:00:00,7633,4342973,9359.000000000000000,3854590,253.000000000000000,322825.000000000000000,7886,4665798,9612,4177415,17245,8520325
356,12/4/2021 15:00:00,5966,4348939,10147.000000000000000,3864737,468.000000000000000,323293.000000000000000,6434,4672232,10615,4188030,16581,8536906
357,12/5/2021 15:00:00,3451,4352390,3587.000000000000000,3868324,78.000000000000000,323371.000000000000000,3529,4675761,3665,4191695,7116,8544022
358,12/6/2021 15:00:00,6784,4359174,7119.000000000000000,3875443,281.000000000000000,323652.000000000000000,7065,4682826,7400,4199095,14184,8558206
359,12/7/2021 15:00:00,6458,4365632,7090.000000000000000,3882533,252.000000000000000,323904.000000000000000,6710,4689536,7342,4206437,13800,8572006
360,12/8/2021 15:00:00,6954,4372586,7449.000000000000000,3889982,316.000000000000000,324220.000000000000000,7270,4696806,7765,4214202,14719,8586725
361,12/9/2021 15:00:00,6554,4379140,7081.000000000000000,3897063,399.000000000000000,324619.000000000000000,6953,4703759,7480,4221682,14034,8600759
362,12/10/2021 15:00:00,7310,4386450,7368.000000000000000,3904431,233.000000000000000,324852.000000000000000,7543,4711302,7601,4229283,14911,8615670
363,12/11/2021 15:00:00,4468,4390918,7716.000000000000000,3912147,333.000000000000000,325185.000000000000000,4801,4716103,8049,4237332,12517,8628187
364,12/12/2021 15:00:00,4012,4394930,2815.000000000000000,3914962,60.000000000000000,325245.000000000000000,4072,4720175,2875,4240207,6887,8635074
365,12/13/2021 15:00:00,5731,4400661,5785.000000000000000,3920747,243.000000000000000,325488.000000000000000,5974,4726149,6028,4246235,11759,8646833
366,12/14/2021 15:00:00,6477,4407138,5967.000000000000000,3926714,223.000000000000000,325711.000000000000000,6700,4732849,6190,4252425,12667,8659500
367,12/15/2021 15:00:00,7199,4414337,5741.000000000000000,3932455,259.000000000000000,325970.000000000000000,7458,4740307,6000,4258425,13199,8672699
368,12/16/2021 15:00:00,7913,4422250,2842.000000000000000,3935297,423.000000000000000,326393.000000000000000,8336,4748643,3265,4261690,11178,8683877
369,12/17/2021 15:00:00,7884,4430134,4196.000000000000000,3939493,195.000000000000000,326588.000000000000000,8079,4756722,4391,4266081,12275,8696152
370,12/18/2021 15:00:00,5858,4435992,3204.000000000000000,3942697,298.000000000000000,326886.000000000000000,6156,4762878,3502,4269583,9360,8705512
371,12/19/2021 15:00:00,3391,4439383,1353.000000000000000,3944050,37.000000000000000,326923.000000000000000,3428,4766306,1390,4270973,4781,8710293
372,12/20/2021 15:00:00,8126,4447509,3762.000000000000000,3947812,174.000000000000000,327097.000000000000000,8300,4774606,3936,4274909,12062,8722355
373,12/21/2021 15:00:00,9030,4456539,4176.000000000000000,3951988,177.000000000000000,327274.000000000000000,9207,4783813,4353,4279262,13383,8735738
374,12/22/2021 15:00:00,8744,4465283,3910.000000000000000,3955898,184.000000000000000,327458.000000000000000,8928,4792741,4094,4283356,12838,8748576
375,12/23/2021 15:00:00,8437,4473720,3590.000000000000000,3959488,359.000000000000000,327817.000000000000000,8796,4801537,3949,4287305,12386,8760962
376,12/24/2021 15:00:00,1639,4475359,1017.000000000000000,3960505,39.000000000000000,327856.000000000000000,1678,4803215,1056,4288361,2695,8763657
377,12/25/2021 15:00:00,47,4475406,36.000000000000000,3960541,1.000000000000000,327857.000000000000000,48,4803263,37,4288398,84,8763741
378,12/26/2021 15:00:00,2519,4477925,1757.000000000000000,3962298,44.000000000000000,327901.000000000000000,2563,4805826,1801,4290199,4320,8768061
379,12/27/2021 15:00:00,7234,4485159,4031.000000000000000,3966329,297.000000000000000,328198.000000000000000,7531,4813357,4328,4294527,11562,8779623
380,12/28/2021 15:00:00,7973,4493132,3886.000000000000000,3970215,179.000000000000000,328377.000000000000000,8152,4821509,4065,4298592,12038,8791661
381,12/29/2021 15:00:00,8271,4501403,4041.000000000000000,3974256,156.000000000000000,328533.000000000000000,8427,4829936,4197,4302789,12468,8804129
382,12/30/2021 15:00:00,7511,4508914,3811.000000000000000,3978067,291.000000000000000,328824.000000000000000,7802,4837738,4102,4306891,11613,8815742
383,12/31/2021 15:00:00,2585,4511499,1541.000000000000000,3979608,90.000000000000000,328914.000000000000000,2675,4840413,1631,4308522,4216,8819958
384,1/1/2022 15:00:00,741,4512240,353.000000000000000,3979961,34.000000000000000,328948.000000000000000,775,4841188,387,4308909,1128,8821086
385,1/2/2022 15:00:00,2220,4514460,1655.000000000000000,3981616,48.000000000000000,328996.000000000000000,2268,4843456,1703,4310612,3923,8825009
386,1/3/2022 15:00:00,3405,4517865,2080.000000000000000,3983696,224.000000000000000,329220.000000000000000,3629,4847085,2304,4312916,5709,8830718
387,1/4/2022 15:00:00,5880,4523745,3507.000000000000000,3987203,165.000000000000000,329385.000000000000000,6045,4853130,3672,4316588,9552,8840270
388,1/5/2022 15:00:00,6859,4530604,4716.000000000000000,3991919,176.000000000000000,329561.000000000000000,7035,4860165,4892,4321480,11751,8852021
389,1/6/2022 15:00:00,6808,4537412,4844.000000000000000,3996763,265.000000000000000,329826.000000000000000,7073,4867238,5109,4326589,11917,8863938
390,1/7/2022 15:00:00,6033,4543445,3810.000000000000000,4000573,162.000000000000000,329988.000000000000000,6195,4873433,3972,4330561,10005,8873943
391,1/8/2022 15:00:00,4826,4548271,3930.000000000000000,4004503,78.000000000000000,330066.000000000000000,4904,4878337,4008,4334569,8834,8882777
392,1/9/2022 15:00:00,2767,4551038,2030.000000000000000,4006533,154.000000000000000,330220.000000000000000,2921,4881258,2184,4336753,4951,8887728
393,1/10/2022 15:00:00,6375,4557413,3864.000000000000000,4010397,161.000000000000000,330381.000000000000000,6536,4887794,4025,4340778,10400,8898128
394,1/11/2022 15:00:00,6580,4563993,4285.000000000000000,4014682,143.000000000000000,330524.000000000000000,6723,4894517,4428,4345206,11008,8909136
395,1/12/2022 15:00:00,6849,4570842,4461.000000000000000,4019143,225.000000000000000,330749.000000000000000,7074,4901591,4686,4349892,11535,8920671
396,1/13/2022 15:00:00,6713,4577555,4403.000000000000000,4023546,153.000000000000000,330902.000000000000000,6866,4908457,4556,4354448,11269,8931940
397,1/14/2022 15:00:00,7262,4584817,3300.000000000000000,4026846,253.000000000000000,331155.000000000000000,7515,4915972,3553,4358001,10815,8942755
398,1/15/2022 15:00:00,4299,4589116,1700.000000000000000,4028546,71.000000000000000,331226.000000000000000,4370,4920342,1771,4359772,6070,8948825
399,1/16/2022 15:00:00,2225,4591341,1323.000000000000000,4029869,116.000000000000000,331342.000000000000000,2341,4922683,1439,4361211,3664,8952489
400,1/17/2022 15:00:00,3644,4594985,2379.000000000000000,4032248,75.000000000000000,331417.000000000000000,3719,4926402,2454,4363665,6098,8958587
401,1/18/2022 15:00:00,5309,4600294,4231.000000000000000,4036479,103.000000000000000,331520.000000000000000,5412,4931814,4334,4367999,9643,8968230
402,1/19/2022 15:00:00,5307,4605601,4501.000000000000000,4040980,99.000000000000000,331619.000000000000000,5406,4937220,4600,4372599,9907,8978137
403,1/20/2022 15:00:00,4544,4610145,3641.000000000000000,4044621,176.000000000000000,331795.000000000000000,4720,4941940,3817,4376416,8361,8986498
404,1/21/2022 15:00:00,5623,4615768,2949.000000000000000,4047570,126.000000000000000,331921.000000000000000,5749,4947689,3075,4379491,8698,8995196
405,1/22/2022 15:00:00,3473,4619241,1730.000000000000000,4049300,134.000000000000000,332055.000000000000000,3607,4951296,1864,4381355,5337,9000533
406,1/23/2022 15:00:00,2052,4621293,1504.000000000000000,4050804,30.000000000000000,332085.000000000000000,2082,4953378,1534,4382889,3586,9004119
407,1/24/2022 15:00:00,4134,4625427,2781.000000000000000,4053585,90.000000000000000,332175.000000000000000,4224,4957602,2871,4385760,7005,9011124
408,1/25/2022 15:00:00,3835,4629262,3327.000000000000000,4056912,95.000000000000000,332270.000000000000000,3930,4961532,3422,4389182,7257,9018381
409,1/26/2022 15:00:00,3885,4633147,3709.000000000000000,4060621,95.000000000000000,332365.000000000000000,3980,4965512,3804,4392986,7689,9026070
410,1/27/2022 15:00:00,3784,4636931,3945.000000000000000,4064566,188.000000000000000,332553.000000000000000,3972,4969484,4133,4397119,7917,9033987
411,1/28/2022 15:00:00,3875,4640806,3286.000000000000000,4067852,76.000000000000000,332629.000000000000000,3951,4973435,3362,4400481,7237,9041224
412,1/29/2022 15:00:00,2314,4643120,2301.000000000000000,4070153,117.000000000000000,332746.000000000000000,2431,4975866,2418,4402899,4732,9045956
413,1/30/2022 15:00:00,1565,4644685,1645.000000000000000,4071798,16.000000000000000,332762.000000000000000,1581,4977447,1661,4404560,3226,9049182
414,1/31/2022 15:00:00,3012,4647697,3246.000000000000000,4075044,58.000000000000000,332820.000000000000000,3070,4980517,3304,4407864,6316,9055498
415,2/1/2022 15:00:00,2659,4650356,3411.000000000000000,4078455,75.000000000000000,332895.000000000000000,2734,4983251,3486,4411350,6145,9061643
416,2/2/2022 15:00:00,2834,4653190,3733.000000000000000,4082188,78.000000000000000,332973.000000000000000,2912,4986163,3811,4415161,6645,9068288
417,2/3/2022 15:00:00,2770,4655960,3668.000000000000000,4085856,42.000000000000000,333015.000000000000000,2812,4988975,3710,4418871,6480,9074768
418,2/4/2022 15:00:00,2787,4658747,4399.000000000000000,4090255,128.000000000000000,333143.000000000000000,2915,4991890,4527,4423398,7314,9082082
419,2/5/2022 15:00:00,1923,4660670,2911.000000000000000,4093166,112.000000000000000,333255.000000000000000,2035,4993925,3023,4426421,4946,9087028
420,2/6/2022 15:00:00,1081,4661751,1356.000000000000000,4094522,24.000000000000000,333279.000000000000000,1105,4995030,1380,4427801,2461,9089489
421,2/7/2022 15:00:00,2064,4663815,2710.000000000000000,4097232,51.000000000000000,333330.000000000000000,2115,4997145,2761,4430562,4825,9094314
422,2/8/2022 15:00:00,2096,4665911,3104.000000000000000,4100336,63.000000000000000,333393.000000000000000,2159,4999304,3167,4433729,5263,9099577
423,2/9/2022 15:00:00,2216,4668127,3320.000000000000000,4103656,75.000000000000000,333468.000000000000000,2291,5001595,3395,4437124,5611,9105188
424,2/10/2022 15:00:00,2098,4670225,2880.000000000000000,4106536,55.000000000000000,333523.000000000000000,2153,5003748,2935,4440059,5033,9110221
425,2/11/2022 15:00:00,2520,4672745,3523.000000000000000,4110059,122.000000000000000,333645.000000000000000,2642,5006390,3645,4443704,6165,9116386
426,2/12/2022 15:00:00,1688,4674433,2309.000000000000000,4112368,97.000000000000000,333742.000000000000000,1785,5008175,2406,4446110,4094,9120480
427,2/13/2022 15:00:00,736,4675169,1085.000000000000000,4113453,17.000000000000000,333759.000000000000000,753,5008928,1102,4447212,1838,9122318
428,2/14/2022 15:00:00,1466,4676635,2244.000000000000000,4115697,65.000000000000000,333824.000000000000000,1531,5010459,2309,4449521,3775,9126093
429,2/15/2022 15:00:00,1947,4678582,2463.000000000000000,4118160,47.000000000000000,333871.000000000000000,1994,5012453,2510,4452031,4457,9130550
430,2/16/2022 15:00:00,1692,4680274,2443.000000000000000,4120603,52.000000000000000,333923.000000000000000,1744,5014197,2495,4454526,4187,9134737
431,2/17/2022 15:00:00,16880,4697154,13040.000000000000000,4133643,485.000000000000000,334408.000000000000000,17365,5031562,13525,4468051,30405,9165142
432,2/18/2022 15:00:00,2000,4699154,2586.000000000000000,4136229,49.000000000000000,334457.000000000000000,2049,5033611,2635,4470686,4635,9169777
433,2/19/2022 15:00:00,1236,4700390,1704.000000000000000,4137933,39.000000000000000,334496.000000000000000,1275,5034886,1743,4472429,2979,9172756
434,2/20/2022 15:00:00,705,4701095,850.000000000000000,4138783,15.000000000000000,334511.000000000000000,720,5035606,865,4473294,1570,9174326
435,2/21/2022 15:00:00,1298,4702393,1775.000000000000000,4140558,32.000000000000000,334543.000000000000000,1330,5036936,1807,4475101,3105,9177431
436,2/22/2022 15:00:00,1454,4703847,1888.000000000000000,4142446,36.000000000000000,334579.000000000000000,1490,5038426,1924,4477025,3378,9180809
437,2/23/2022 15:00:00,1568,4705415,1876.000000000000000,4144322,35.000000000000000,334614.000000000000000,1603,5040029,1911,4478936,3479,9184288
438,2/24/2022 15:00:00,1438,4706853,1614.000000000000000,4145936,37.000000000000000,334651.000000000000000,1475,5041504,1651,4480587,3089,9187377
439,2/25/2022 15:00:00,1511,4708364,1701.000000000000000,4147637,63.000000000000000,334714.000000000000000,1574,5043078,1764,4482351,3275,9190652
440,2/26/2022 15:00:00,536,4708900,678.000000000000000,4148315,37.000000000000000,334751.000000000000000,573,5043651,715,4483066,1251,9191903