OBJECTID,VACCINATION_DATE,FirstDailyDose,FirstDoseCumulative,SecondDailyDose,SecondDoseCumulative,SingleDailyDose,SingleDoseCumulative,AtleastOneVaccine,AtleastOneVaccineCumulative,CompletedVax,CompletedVaxCumulative,FirstSecondSingleVaccination_12,FirstSecondSingleVaccination_13
1,12/14/2020 15:00:00,17,1090,,404,,,17,1090,0,404,17,1411
2,12/15/2020 15:00:00,54,1144,3.000000000000000,407,,,54,1144,3,407,57,1468
3,12/16/2020 15:00:00,580,1724,2.000000000000000,409,,,580,1724,2,409,582,2050
4,12/17/2020 15:00:00,1147,2871,2.000000000000000,411,,,1147,2871,2,411,1149,3199
5,12/18/2020 15:00:00,2997,5868,12.000000000000000,423,,,2997,5868,12,423,3009,6208
6,12/19/2020 15:00:00,922,6790,5.000000000000000,428,,,922,6790,5,428,927,7135
7,12/20/2020 15:00:00,342,7132,4.000000000000000,432,,,342,7132,4,432,346,7481
8,12/21/2020 15:00:00,3867,10999,25.000000000000000,457,,,3867,10999,25,457,3892,11373
9,12/22/2020 15:00:00,6297,17296,23.000000000000000,480,,,6297,17296,23,480,6320,17693
10,12/23/2020 15:00:00,5742,23038,33.000000000000000,513,,,5742,23038,33,513,5775,23468
11,12/24/2020 15:00:00,2719,25757,13.000000000000000,526,,,2719,25757,13,526,2732,26200
12,12/25/2020 15:00:00,1034,26791,4.000000000000000,530,,,1034,26791,4,530,1038,27238
13,12/26/2020 15:00:00,1874,28665,9.000000000000000,539,,,1874,28665,9,539,1883,29121
14,12/27/2020 15:00:00,1798,30463,10.000000000000000,549,,,1798,30463,10,549,1808,30929
15,12/28/2020 15:00:00,8966,39429,41.000000000000000,590,,,8966,39429,41,590,9007,39936
16,12/29/2020 15:00:00,10939,50368,44.000000000000000,634,,,10939,50368,44,634,10983,50919
17,12/30/2020 15:00:00,12476,62844,72.000000000000000,706,,,12476,62844,72,706,12548,63467
18,12/31/2020 15:00:00,7530,70374,40.000000000000000,746,,,7530,70374,40,746,7570,71037
19,1/1/2021 15:00:00,2816,73190,125.000000000000000,871,,,2816,73190,125,871,2941,73978
20,1/2/2021 15:00:00,3007,76197,34.000000000000000,905,,,3007,76197,34,905,3041,77019
21,1/3/2021 15:00:00,3388,79585,80.000000000000000,985,,,3388,79585,80,985,3468,80487
22,1/4/2021 15:00:00,13303,92888,320.000000000000000,1305,,,13303,92888,320,1305,13623,94110
23,1/5/2021 15:00:00,12429,105317,525.000000000000000,1830,,,12429,105317,525,1830,12954,107064
24,1/6/2021 15:00:00,15194,120511,847.000000000000000,2677,,,15194,120511,847,2677,16041,123105
25,1/7/2021 15:00:00,14972,135483,1743.000000000000000,4420,,,14972,135483,1743,4420,16715,139820
26,1/8/2021 15:00:00,23956,159439,2744.000000000000000,7164,,,23956,159439,2744,7164,26700,166520
27,1/9/2021 15:00:00,5143,164582,941.000000000000000,8105,,,5143,164582,941,8105,6084,172604
28,1/10/2021 15:00:00,2940,167522,372.000000000000000,8477,,,2940,167522,372,8477,3312,175916
29,1/11/2021 15:00:00,13684,181206,3445.000000000000000,11922,,,13684,181206,3445,11922,17129,193045
30,1/12/2021 15:00:00,17330,198536,5566.000000000000000,17488,,,17330,198536,5566,17488,22896,215941
31,1/13/2021 15:00:00,18547,217083,3878.000000000000000,21366,,,18547,217083,3878,21366,22425,238366
32,1/14/2021 15:00:00,17788,234871,1936.000000000000000,23302,,,17788,234871,1936,23302,19724,258090
33,1/15/2021 15:00:00,19398,254269,1991.000000000000000,25293,,,19398,254269,1991,25293,21389,279479
34,1/16/2021 15:00:00,5795,260064,1599.000000000000000,26892,,,5795,260064,1599,26892,7394,286873
35,1/17/2021 15:00:00,2106,262170,1473.000000000000000,28365,,,2106,262170,1473,28365,3579,290452
36,1/18/2021 15:00:00,7055,269225,3237.000000000000000,31602,,,7055,269225,3237,31602,10292,300744
37,1/19/2021 15:00:00,16893,286118,5376.000000000000000,36978,,,16893,286118,5376,36978,22269,323013
38,1/20/2021 15:00:00,20975,307093,5281.000000000000000,42259,,,20975,307093,5281,42259,26256,349269
39,1/21/2021 15:00:00,23729,330822,3786.000000000000000,46045,,,23729,330822,3786,46045,27515,376784
40,1/22/2021 15:00:00,28623,359445,3701.000000000000000,49746,,,28623,359445,3701,49746,32324,409108
41,1/23/2021 15:00:00,10086,369531,1920.000000000000000,51666,,,10086,369531,1920,51666,12006,421114
42,1/24/2021 15:00:00,3336,372867,1719.000000000000000,53385,,,3336,372867,1719,53385,5055,426169
43,1/25/2021 15:00:00,16282,389149,8564.000000000000000,61949,,,16282,389149,8564,61949,24846,451015
44,1/26/2021 15:00:00,17534,406683,8937.000000000000000,70886,,,17534,406683,8937,70886,26471,477486
45,1/27/2021 15:00:00,24418,431101,12503.000000000000000,83389,,,24418,431101,12503,83389,36921,514407
46,1/28/2021 15:00:00,22625,453726,9270.000000000000000,92659,,,22625,453726,9270,92659,31895,546302
47,1/29/2021 15:00:00,24740,478466,7862.000000000000000,100521,,,24740,478466,7862,100521,32602,578904
48,1/30/2021 15:00:00,17751,496217,2520.000000000000000,103041,,,17751,496217,2520,103041,20271,599175
49,1/31/2021 15:00:00,3747,499964,1337.000000000000000,104378,,,3747,499964,1337,104378,5084,604259
50,2/1/2021 15:00:00,7759,507723,5193.000000000000000,109571,,,7759,507723,5193,109571,12952,617211
51,2/2/2021 15:00:00,12435,520158,13764.000000000000000,123335,,,12435,520158,13764,123335,26199,643410
52,2/3/2021 15:00:00,18193,538351,18073.000000000000000,141408,,,18193,538351,18073,141408,36266,679676
53,2/4/2021 15:00:00,22049,560400,15707.000000000000000,157115,,,22049,560400,15707,157115,37756,717432
54,2/5/2021 15:00:00,20264,580664,17347.000000000000000,174462,,,20264,580664,17347,174462,37611,755043
55,2/6/2021 15:00:00,11278,591942,14431.000000000000000,188893,,,11278,591942,14431,188893,25709,780752
56,2/7/2021 15:00:00,5906,597848,1795.000000000000000,190688,,,5906,597848,1795,190688,7701,788453
57,2/8/2021 15:00:00,12934,610782,12883.000000000000000,203571,,,12934,610782,12883,203571,25817,814270
58,2/9/2021 15:00:00,16600,627382,13820.000000000000000,217391,,,16600,627382,13820,217391,30420,844690
59,2/10/2021 15:00:00,19227,646609,21178.000000000000000,238569,,,19227,646609,21178,238569,40405,885095
60,2/11/2021 15:00:00,22835,669444,17271.000000000000000,255840,,,22835,669444,17271,255840,40106,925201
61,2/12/2021 15:00:00,20336,689780,19567.000000000000000,275407,,,20336,689780,19567,275407,39903,965104
62,2/13/2021 15:00:00,11397,701177,6387.000000000000000,281794,,,11397,701177,6387,281794,17784,982888
63,2/14/2021 15:00:00,7095,708272,2106.000000000000000,283900,,,7095,708272,2106,283900,9201,992089
64,2/15/2021 15:00:00,11730,720002,13280.000000000000000,297180,,,11730,720002,13280,297180,25010,1017099
65,2/16/2021 15:00:00,16566,736568,20969.000000000000000,318149,,,16566,736568,20969,318149,37535,1054634
66,2/17/2021 15:00:00,20617,757185,26335.000000000000000,344484,,,20617,757185,26335,344484,46952,1101586
67,2/18/2021 15:00:00,3180,760365,4597.000000000000000,349081,,,3180,760365,4597,349081,7777,1109363
68,2/19/2021 15:00:00,10234,770599,19887.000000000000000,368968,,,10234,770599,19887,368968,30121,1139484
69,2/20/2021 15:00:00,10289,780888,20244.000000000000000,389212,,,10289,780888,20244,389212,30533,1170017
70,2/21/2021 15:00:00,6158,787046,7621.000000000000000,396833,,,6158,787046,7621,396833,13779,1183796
71,2/22/2021 15:00:00,8005,795051,15433.000000000000000,412266,,,8005,795051,15433,412266,23438,1207234
72,2/23/2021 15:00:00,15500,810551,15915.000000000000000,428181,,,15500,810551,15915,428181,31415,1238649
73,2/24/2021 15:00:00,17903,828454,24704.000000000000000,452885,,,17903,828454,24704,452885,42607,1281256
74,2/25/2021 15:00:00,20378,848832,26481.000000000000000,479366,,,20378,848832,26481,479366,46859,1328115
75,2/26/2021 15:00:00,26688,875520,26131.000000000000000,505497,,,26688,875520,26131,505497,52819,1380934
76,2/27/2021 15:00:00,15959,891479,11109.000000000000000,516606,,,15959,891479,11109,516606,27068,1408002
77,2/28/2021 15:00:00,15485,906964,4852.000000000000000,521458,,,15485,906964,4852,521458,20337,1428339
78,3/1/2021 15:00:00,26370,933334,12420.000000000000000,533878,,,26370,933334,12420,533878,38790,1467129
79,3/2/2021 15:00:00,23821,957155,13216.000000000000000,547094,32.000000000000000,32.000000000000000,23853,957187,13248,547126,37069,1504198
80,3/3/2021 15:00:00,30085,987240,18340.000000000000000,565434,181.000000000000000,213.000000000000000,30266,987453,18521,565647,48606,1552804
81,3/4/2021 15:00:00,30924,1018164,18125.000000000000000,583559,4066.000000000000000,4279.000000000000000,34990,1022443,22191,587838,53115,1605919
82,3/5/2021 15:00:00,29390,1047554,19408.000000000000000,602967,4912.000000000000000,9191.000000000000000,34302,1056745,24320,612158,53710,1659629
83,3/6/2021 15:00:00,17821,1065375,8941.000000000000000,611908,6004.000000000000000,15195.000000000000000,23825,1080570,14945,627103,32766,1692395
84,3/7/2021 15:00:00,12100,1077475,4823.000000000000000,616731,6613.000000000000000,21808.000000000000000,18713,1099283,11436,638539,23536,1715931
85,3/8/2021 15:00:00,25812,1103287,8780.000000000000000,625511,8277.000000000000000,30085.000000000000000,34089,1133372,17057,655596,42869,1758800
86,3/9/2021 15:00:00,26060,1129347,15400.000000000000000,640911,8343.000000000000000,38428.000000000000000,34403,1167775,23743,679339,49803,1808603
87,3/10/2021 15:00:00,29806,1159153,15921.000000000000000,656832,7933.000000000000000,46361.000000000000000,37739,1205514,23854,703193,53660,1862263
88,3/11/2021 15:00:00,35900,1195053,16384.000000000000000,673216,3982.000000000000000,50343.000000000000000,39882,1245396,20366,723559,56266,1918529
89,3/12/2021 15:00:00,36854,1231907,18013.000000000000000,691229,2919.000000000000000,53262.000000000000000,39773,1285169,20932,744491,57786,1976315
90,3/13/2021 15:00:00,22637,1254544,10239.000000000000000,701468,1609.000000000000000,54871.000000000000000,24246,1309415,11848,756339,34485,2010800
91,3/14/2021 15:00:00,17829,1272373,6676.000000000000000,708144,999.000000000000000,55870.000000000000000,18828,1328243,7675,764014,25504,2036304
92,3/15/2021 15:00:00,29750,1302123,11239.000000000000000,719383,593.000000000000000,56463.000000000000000,30343,1358586,11832,775846,41582,2077886
93,3/16/2021 15:00:00,33377,1335500,13518.000000000000000,732901,764.000000000000000,57227.000000000000000,34141,1392727,14282,790128,47659,2125545
94,3/17/2021 15:00:00,37525,1373025,16973.000000000000000,749874,1175.000000000000000,58402.000000000000000,38700,1431427,18148,808276,55673,2181218
95,3/18/2021 15:00:00,41365,1414390,12558.000000000000000,762432,1347.000000000000000,59749.000000000000000,42712,1474139,13905,822181,55270,2236488
96,3/19/2021 15:00:00,38257,1452647,15353.000000000000000,777785,1036.000000000000000,60785.000000000000000,39293,1513432,16389,838570,54646,2291134
97,3/20/2021 15:00:00,24654,1477301,10086.000000000000000,787871,698.000000000000000,61483.000000000000000,25352,1538784,10784,849354,35438,2326572
98,3/21/2021 15:00:00,19142,1496443,7829.000000000000000,795700,332.000000000000000,61815.000000000000000,19474,1558258,8161,857515,27303,2353875
99,3/22/2021 15:00:00,32521,1528964,11411.000000000000000,807111,834.000000000000000,62649.000000000000000,33355,1591613,12245,869760,44766,2398641
100,3/23/2021 15:00:00,37716,1566680,17289.000000000000000,824400,1553.000000000000000,64202.000000000000000,39269,1630882,18842,888602,56558,2455199
101,3/24/2021 15:00:00,41035,1607715,21120.000000000000000,845520,1382.000000000000000,65584.000000000000000,42417,1673299,22502,911104,63537,2518736
102,3/25/2021 15:00:00,42295,1650010,20977.000000000000000,866497,2455.000000000000000,68039.000000000000000,44750,1718049,23432,934536,65727,2584463
103,3/26/2021 15:00:00,36556,1686566,26227.000000000000000,892724,2499.000000000000000,70538.000000000000000,39055,1757104,28726,963262,65282,2649745
104,3/27/2021 15:00:00,26905,1713471,16744.000000000000000,909468,2481.000000000000000,73019.000000000000000,29386,1786490,19225,982487,46130,2695875
105,3/28/2021 15:00:00,17002,1730473,12595.000000000000000,922063,1614.000000000000000,74633.000000000000000,18616,1805106,14209,996696,31211,2727086
106,3/29/2021 15:00:00,29682,1760155,26186.000000000000000,948249,1138.000000000000000,75771.000000000000000,30820,1835926,27324,1024020,57006,2784092
107,3/30/2021 15:00:00,39995,1800150,28889.000000000000000,977138,1856.000000000000000,77627.000000000000000,41851,1877777,30745,1054765,70740,2854832
108,3/31/2021 15:00:00,40992,1841142,34563.000000000000000,1011701,5745.000000000000000,83372.000000000000000,46737,1924514,40308,1095073,81300,2936132
109,4/1/2021 15:00:00,40960,1882102,39793.000000000000000,1051494,5648.000000000000000,89020.000000000000000,46608,1971122,45441,1140514,86401,3022533
110,4/2/2021 15:00:00,34939,1917041,32453.000000000000000,1083947,6113.000000000000000,95133.000000000000000,41052,2012174,38566,1179080,73505,3096038
111,4/3/2021 15:00:00,21596,1938637,18641.000000000000000,1102588,4363.000000000000000,99496.000000000000000,25959,2038133,23004,1202084,44600,3140638
112,4/4/2021 15:00:00,8233,1946870,10158.000000000000000,1112746,962.000000000000000,100458.000000000000000,9195,2047328,11120,1213204,19353,3159991
113,4/5/2021 15:00:00,27870,1974740,28817.000000000000000,1141563,6648.000000000000000,107106.000000000000000,34518,2081846,35465,1248669,63335,3223326
114,4/6/2021 15:00:00,39708,2014448,30371.000000000000000,1171934,10483.000000000000000,117589.000000000000000,50191,2132037,40854,1289523,80562,3303888
115,4/7/2021 15:00:00,35990,2050438,34158.000000000000000,1206092,12966.000000000000000,130555.000000000000000,48956,2180993,47124,1336647,83114,3387002
116,4/8/2021 15:00:00,42250,2092688,35959.000000000000000,1242051,13847.000000000000000,144402.000000000000000,56097,2237090,49806,1386453,92056,3479058
117,4/9/2021 15:00:00,33975,2126663,36251.000000000000000,1278302,14515.000000000000000,158917.000000000000000,48490,2285580,50766,1437219,84741,3563799
118,4/10/2021 15:00:00,23419,2150082,23081.000000000000000,1301383,7619.000000000000000,166536.000000000000000,31038,2316618,30700,1467919,54119,3617918
119,4/11/2021 15:00:00,17548,2167630,13250.000000000000000,1314633,10121.000000000000000,176657.000000000000000,27669,2344287,23371,1491290,40919,3658837
120,4/12/2021 15:00:00,24552,2192182,33100.000000000000000,1347733,10889.000000000000000,187546.000000000000000,35441,2379728,43989,1535279,68541,3727378
121,4/13/2021 15:00:00,126744,2318926,90538.000000000000000,1438271,3292.000000000000000,190838.000000000000000,130036,2509764,93830,1629109,220574,3947952
122,4/14/2021 15:00:00,40674,2359600,37716.000000000000000,1475987,211.000000000000000,191049.000000000000000,40885,2550649,37927,1667036,78601,4026553
123,4/15/2021 15:00:00,41658,2401258,39115.000000000000000,1515102,172.000000000000000,191221.000000000000000,41830,2592479,39287,1706323,80945,4107498
124,4/16/2021 15:00:00,37169,2438427,38685.000000000000000,1553787,23.000000000000000,191244.000000000000000,37192,2629671,38708,1745031,75877,4183375
125,4/17/2021 15:00:00,32758,2471185,21961.000000000000000,1575748,12.000000000000000,191256.000000000000000,32770,2662441,21973,1767004,54731,4238106
126,4/18/2021 15:00:00,20055,2491240,16166.000000000000000,1591914,5.000000000000000,191261.000000000000000,20060,2682501,16171,1783175,36226,4274332
127,4/19/2021 15:00:00,29868,2521108,36452.000000000000000,1628366,61.000000000000000,191322.000000000000000,29929,2712430,36513,1819688,66381,4340713
128,4/20/2021 15:00:00,33073,2554181,44136.000000000000000,1672502,55.000000000000000,191377.000000000000000,33128,2745558,44191,1863879,77264,4417977
129,4/21/2021 15:00:00,39771,2593952,46890.000000000000000,1719392,22.000000000000000,191399.000000000000000,39793,2785351,46912,1910791,86683,4504660
130,4/22/2021 15:00:00,36364,2630316,41949.000000000000000,1761341,16.000000000000000,191415.000000000000000,36380,2821731,41965,1952756,78329,4582989
131,4/23/2021 15:00:00,33074,2663390,39966.000000000000000,1801307,13.000000000000000,191428.000000000000000,33087,2854818,39979,1992735,73053,4656042
132,4/24/2021 15:00:00,26385,2689775,27804.000000000000000,1829111,80.000000000000000,191508.000000000000000,26465,2881283,27884,2020619,54269,4710311
133,4/25/2021 15:00:00,20212,2709987,10915.000000000000000,1840026,30.000000000000000,191538.000000000000000,20242,2901525,10945,2031564,31157,4741468
134,4/26/2021 15:00:00,27402,2737389,32595.000000000000000,1872621,202.000000000000000,191740.000000000000000,27604,2929129,32797,2064361,60199,4801667
135,4/27/2021 15:00:00,26681,2764070,32936.000000000000000,1905557,1096.000000000000000,192836.000000000000000,27777,2956906,34032,2098393,60713,4862380
136,4/28/2021 15:00:00,28910,2792980,39410.000000000000000,1944967,1362.000000000000000,194198.000000000000000,30272,2987178,40772,2139165,69682,4932062
137,4/29/2021 15:00:00,27293,2820273,39354.000000000000000,1984321,1464.000000000000000,195662.000000000000000,28757,3015935,40818,2179983,68111,5000173
138,4/30/2021 15:00:00,28169,2848442,32123.000000000000000,2016444,1644.000000000000000,197306.000000000000000,29813,3045748,33767,2213750,61936,5062109
139,5/1/2021 15:00:00,20470,2868912,26411.000000000000000,2042855,1031.000000000000000,198337.000000000000000,21501,3067249,27442,2241192,47912,5110021
140,5/2/2021 15:00:00,10273,2879185,17001.000000000000000,2059856,819.000000000000000,199156.000000000000000,11092,3078341,17820,2259012,28093,5138114
141,5/3/2021 15:00:00,12732,2891917,28409.000000000000000,2088265,1910.000000000000000,201066.000000000000000,14642,3092983,30319,2289331,43051,5181165
142,5/4/2021 15:00:00,13539,2905456,38398.000000000000000,2126663,1734.000000000000000,202800.000000000000000,15273,3108256,40132,2329463,53671,5234836
143,5/5/2021 15:00:00,19321,2924777,37649.000000000000000,2164312,1920.000000000000000,204720.000000000000000,21241,3129497,39569,2369032,58890,5293726
144,5/6/2021 15:00:00,16919,2941696,40500.000000000000000,2204812,1719.000000000000000,206439.000000000000000,18638,3148135,42219,2411251,59138,5352864
145,5/7/2021 15:00:00,17396,2959092,35976.000000000000000,2240788,1955.000000000000000,208394.000000000000000,19351,3167486,37931,2449182,55327,5408191
146,5/8/2021 15:00:00,10782,2969874,31151.000000000000000,2271939,1291.000000000000000,209685.000000000000000,12073,3179559,32442,2481624,43224,5451415
147,5/9/2021 15:00:00,5050,2974924,11890.000000000000000,2283829,696.000000000000000,210381.000000000000000,5746,3185305,12586,2494210,17636,5469051
148,5/10/2021 15:00:00,8948,2983872,30977.000000000000000,2314806,1357.000000000000000,211738.000000000000000,10305,3195610,32334,2526544,41282,5510333
149,5/11/2021 15:00:00,12187,2996059,30212.000000000000000,2345018,1437.000000000000000,213175.000000000000000,13624,3209234,31649,2558193,43836,5554169
150,5/12/2021 15:00:00,13945,3010004,38522.000000000000000,2383540,1916.000000000000000,215091.000000000000000,15861,3225095,40438,2598631,54383,5608552
151,5/13/2021 15:00:00,21832,3031836,33386.000000000000000,2416926,1346.000000000000000,216437.000000000000000,23178,3248273,34732,2633363,56564,5665116
152,5/14/2021 15:00:00,24330,3056166,29949.000000000000000,2446875,1772.000000000000000,218209.000000000000000,26102,3274375,31721,2665084,56051,5721167
153,5/15/2021 15:00:00,21875,3078041,25034.000000000000000,2471909,1489.000000000000000,219698.000000000000000,23364,3297739,26523,2691607,48398,5769565
154,5/16/2021 15:00:00,9074,3087115,17530.000000000000000,2489439,1112.000000000000000,220810.000000000000000,10186,3307925,18642,2710249,27716,5797281
155,5/17/2021 15:00:00,16829,3103944,28315.000000000000000,2517754,1949.000000000000000,222759.000000000000000,18778,3326703,30264,2740513,47093,5844374
156,5/18/2021 15:00:00,21240,3125184,30618.000000000000000,2548372,1941.000000000000000,224700.000000000000000,23181,3349884,32559,2773072,53799,5898173
157,5/19/2021 15:00:00,27585,3152769,32339.000000000000000,2580711,1626.000000000000000,226326.000000000000000,29211,3379095,33965,2807037,61550,5959723
158,5/20/2021 15:00:00,20783,3173552,33164.000000000000000,2613875,1964.000000000000000,228290.000000000000000,22747,3401842,35128,2842165,55911,6015634
159,5/21/2021 15:00:00,19144,3192696,30215.000000000000000,2644090,1607.000000000000000,229897.000000000000000,20751,3422593,31822,2873987,50966,6066600
160,5/22/2021 15:00:00,16912,3209608,20633.000000000000000,2664723,1269.000000000000000,231166.000000000000000,18181,3440774,21902,2895889,38814,6105414
161,5/23/2021 15:00:00,8753,3218361,11421.000000000000000,2676144,964.000000000000000,232130.000000000000000,9717,3450491,12385,2908274,21138,6126552
162,5/24/2021 15:00:00,13562,3231923,17708.000000000000000,2693852,1475.000000000000000,233605.000000000000000,15037,3465528,19183,2927457,32745,6159297
163,5/25/2021 15:00:00,13003,3244926,18633.000000000000000,2712485,1327.000000000000000,234932.000000000000000,14330,3479858,19960,2947417,32963,6192260
164,5/26/2021 15:00:00,18266,3263192,19414.000000000000000,2731899,1510.000000000000000,236442.000000000000000,19776,3499634,20924,2968341,39190,6231450
165,5/27/2021 15:00:00,11679,3274871,18608.000000000000000,2750507,1116.000000000000000,237558.000000000000000,12795,3512429,19724,2988065,31403,6262853
166,5/28/2021 15:00:00,12499,3287370,19697.000000000000000,2770204,1398.000000000000000,238956.000000000000000,13897,3526326,21095,3009160,33594,6296447
167,5/29/2021 15:00:00,9551,3296921,11622.000000000000000,2781826,934.000000000000000,239890.000000000000000,10485,3536811,12556,3021716,22107,6318554
168,5/30/2021 15:00:00,4966,3301887,6413.000000000000000,2788239,597.000000000000000,240487.000000000000000,5563,3542374,7010,3028726,11976,6330530
169,5/31/2021 15:00:00,1774,3303661,3706.000000000000000,2791945,305.000000000000000,240792.000000000000000,2079,3544453,4011,3032737,5785,6336315
170,6/1/2021 15:00:00,9781,3313442,16289.000000000000000,2808234,1150.000000000000000,241942.000000000000000,10931,3555384,17439,3050176,27220,6363535
171,6/2/2021 15:00:00,10221,3323663,16762.000000000000000,2824996,959.000000000000000,242901.000000000000000,11180,3566564,17721,3067897,27942,6391477
172,6/3/2021 15:00:00,7893,3331556,21135.000000000000000,2846131,1085.000000000000000,243986.000000000000000,8978,3575542,22220,3090117,30113,6421590
173,6/4/2021 15:00:00,8200,3339756,22241.000000000000000,2868372,1121.000000000000000,245107.000000000000000,9321,3584863,23362,3113479,31562,6453152
174,6/5/2021 15:00:00,7013,3346769,19394.000000000000000,2887766,719.000000000000000,245826.000000000000000,7732,3592595,20113,3133592,27126,6480278
175,6/6/2021 15:00:00,3464,3350233,7210.000000000000000,2894976,423.000000000000000,246249.000000000000000,3887,3596482,7633,3141225,11097,6491375
176,6/7/2021 15:00:00,6847,3357080,15720.000000000000000,2910696,725.000000000000000,246974.000000000000000,7572,3604054,16445,3157670,23292,6514667
177,6/8/2021 15:00:00,6666,3363746,19653.000000000000000,2930349,829.000000000000000,247803.000000000000000,7495,3611549,20482,3178152,27148,6541815
178,6/9/2021 15:00:00,8195,3371941,23893.000000000000000,2954242,968.000000000000000,248771.000000000000000,9163,3620712,24861,3203013,33056,6574871
179,6/10/2021 15:00:00,7154,3379095,19067.000000000000000,2973309,893.000000000000000,249664.000000000000000,8047,3628759,19960,3222973,27114,6601985
180,6/11/2021 15:00:00,7460,3386555,17686.000000000000000,2990995,1125.000000000000000,250789.000000000000000,8585,3637344,18811,3241784,26271,6628256
181,6/12/2021 15:00:00,5230,3391785,14716.000000000000000,3005711,604.000000000000000,251393.000000000000000,5834,3643178,15320,3257104,20550,6648806
182,6/13/2021 15:00:00,1930,3393715,7552.000000000000000,3013263,425.000000000000000,251818.000000000000000,2355,3645533,7977,3265081,9907,6658713
183,6/14/2021 15:00:00,5656,3399371,11797.000000000000000,3025060,730.000000000000000,252548.000000000000000,6386,3651919,12527,3277608,18183,6676896
184,6/15/2021 15:00:00,5641,3405012,14285.000000000000000,3039345,870.000000000000000,253418.000000000000000,6511,3658430,15155,3292763,20796,6697692
185,6/16/2021 15:00:00,8751,3413763,21534.000000000000000,3060879,756.000000000000000,254174.000000000000000,9507,3667937,22290,3315053,31041,6728733
186,6/17/2021 15:00:00,6675,3420438,12326.000000000000000,3073205,717.000000000000000,254891.000000000000000,7392,3675329,13043,3328096,19718,6748451
187,6/18/2021 15:00:00,6832,3427270,12691.000000000000000,3085896,703.000000000000000,255594.000000000000000,7535,3682864,13394,3341490,20226,6768677
188,6/19/2021 15:00:00,4661,3431931,9350.000000000000000,3095246,614.000000000000000,256208.000000000000000,5275,3688139,9964,3351454,14625,6783302
189,6/20/2021 15:00:00,2500,3434431,5033.000000000000000,3100279,378.000000000000000,256586.000000000000000,2878,3691017,5411,3356865,7911,6791213
190,6/21/2021 15:00:00,5552,3439983,5313.000000000000000,3105592,636.000000000000000,257222.000000000000000,6188,3697205,5949,3362814,11501,6802714
191,6/22/2021 15:00:00,5193,3445176,8842.000000000000000,3114434,681.000000000000000,257903.000000000000000,5874,3703079,9523,3372337,14716,6817430
192,6/23/2021 15:00:00,6059,3451235,10289.000000000000000,3124723,644.000000000000000,258547.000000000000000,6703,3709782,10933,3383270,16992,6834422
193,6/24/2021 15:00:00,5927,3457162,8177.000000000000000,3132900,593.000000000000000,259140.000000000000000,6520,3716302,8770,3392040,14697,6849119
194,6/25/2021 15:00:00,5826,3462988,8610.000000000000000,3141510,619.000000000000000,259759.000000000000000,6445,3722747,9229,3401269,15055,6864174
195,6/26/2021 15:00:00,3700,3466688,6288.000000000000000,3147798,396.000000000000000,260155.000000000000000,4096,3726843,6684,3407953,10384,6874558
196,6/27/2021 15:00:00,2805,3469493,3509.000000000000000,3151307,185.000000000000000,260340.000000000000000,2990,3729833,3694,3411647,6499,6881057
197,6/28/2021 15:00:00,4730,3474223,6079.000000000000000,3157386,521.000000000000000,260861.000000000000000,5251,3735084,6600,3418247,11330,6892387
198,6/29/2021 15:00:00,5062,3479285,6431.000000000000000,3163817,517.000000000000000,261378.000000000000000,5579,3740663,6948,3425195,12010,6904397
199,6/30/2021 15:00:00,5601,3484886,7359.000000000000000,3171176,602.000000000000000,261980.000000000000000,6203,3746866,7961,3433156,13562,6917959
200,7/1/2021 15:00:00,5336,3490222,6910.000000000000000,3178086,492.000000000000000,262472.000000000000000,5828,3752694,7402,3440558,12738,6930697
201,7/2/2021 15:00:00,5283,3495505,6801.000000000000000,3184887,519.000000000000000,262991.000000000000000,5802,3758496,7320,3447878,12603,6943300
202,7/3/2021 15:00:00,3260,3498765,4046.000000000000000,3188933,260.000000000000000,263251.000000000000000,3520,3762016,4306,3452184,7566,6950866
203,7/4/2021 15:00:00,493,3499258,542.000000000000000,3189475,66.000000000000000,263317.000000000000000,559,3762575,608,3452792,1101,6951967
204,7/5/2021 15:00:00,3752,3503010,3942.000000000000000,3193417,282.000000000000000,263599.000000000000000,4034,3766609,4224,3457016,7976,6959943
205,7/6/2021 15:00:00,4481,3507491,6222.000000000000000,3199639,451.000000000000000,264050.000000000000000,4932,3771541,6673,3463689,11154,6971097
206,7/7/2021 15:00:00,4455,3511946,6370.000000000000000,3206009,482.000000000000000,264532.000000000000000,4937,3776478,6852,3470541,11307,6982404
207,7/8/2021 15:00:00,4828,3516774,6125.000000000000000,3212134,563.000000000000000,265095.000000000000000,5391,3781869,6688,3477229,11516,6993920
208,7/9/2021 15:00:00,5343,3522117,6622.000000000000000,3218756,571.000000000000000,265666.000000000000000,5914,3787783,7193,3484422,12536,7006456
209,7/10/2021 15:00:00,3520,3525637,4378.000000000000000,3223134,301.000000000000000,265967.000000000000000,3821,3791604,4679,3489101,8199,7014655
210,7/11/2021 15:00:00,2669,3528306,2558.000000000000000,3225692,222.000000000000000,266189.000000000000000,2891,3794495,2780,3491881,5449,7020104
211,7/12/2021 15:00:00,4413,3532719,5093.000000000000000,3230785,377.000000000000000,266566.000000000000000,4790,3799285,5470,3497351,9883,7029987
212,7/13/2021 15:00:00,4754,3537473,4592.000000000000000,3235377,365.000000000000000,266931.000000000000000,5119,3804404,4957,3502308,9711,7039698
213,7/14/2021 15:00:00,4600,3542073,5246.000000000000000,3240623,421.000000000000000,267352.000000000000000,5021,3809425,5667,3507975,10267,7049965
214,7/15/2021 15:00:00,4873,3546946,4975.000000000000000,3245598,356.000000000000000,267708.000000000000000,5229,3814654,5331,3513306,10204,7060169
215,7/16/2021 15:00:00,6272,3553218,5803.000000000000000,3251401,401.000000000000000,268109.000000000000000,6673,3821327,6204,3519510,12476,7072645
216,7/17/2021 15:00:00,3404,3556622,3537.000000000000000,3254938,300.000000000000000,268409.000000000000000,3704,3825031,3837,3523347,7241,7079886
217,7/18/2021 15:00:00,2300,3558922,2366.000000000000000,3257304,110.000000000000000,268519.000000000000000,2410,3827441,2476,3525823,4776,7084662
218,7/19/2021 15:00:00,5249,3564171,4464.000000000000000,3261768,377.000000000000000,268896.000000000000000,5626,3833067,4841,3530664,10090,7094752
219,7/20/2021 15:00:00,5326,3569497,4682.000000000000000,3266450,366.000000000000000,269262.000000000000000,5692,3838759,5048,3535712,10374,7105126
220,7/21/2021 15:00:00,5631,3575128,4906.000000000000000,3271356,415.000000000000000,269677.000000000000000,6046,3844805,5321,3541033,10952,7116078
221,7/22/2021 15:00:00,6013,3581141,4596.000000000000000,3275952,469.000000000000000,270146.000000000000000,6482,3851287,5065,3546098,11078,7127156
222,7/23/2021 15:00:00,6829,3587970,4814.000000000000000,3280766,489.000000000000000,270635.000000000000000,7318,3858605,5303,3551401,12132,7139288
223,7/24/2021 15:00:00,4274,3592244,3190.000000000000000,3283956,267.000000000000000,270902.000000000000000,4541,3863146,3457,3554858,7731,7147019
224,7/25/2021 15:00:00,3291,3595535,1109.000000000000000,3285065,138.000000000000000,271040.000000000000000,3429,3866575,1247,3556105,4538,7151557
225,7/26/2021 15:00:00,6196,3601731,3877.000000000000000,3288942,415.000000000000000,271455.000000000000000,6611,3873186,4292,3560397,10488,7162045
226,7/27/2021 15:00:00,6343,3608074,4043.000000000000000,3292985,453.000000000000000,271908.000000000000000,6796,3879982,4496,3564893,10839,7172884
227,7/28/2021 15:00:00,6798,3614872,3994.000000000000000,3296979,458.000000000000000,272366.000000000000000,7256,3887238,4452,3569345,11250,7184134
228,7/29/2021 15:00:00,6802,3621674,4130.000000000000000,3301109,416.000000000000000,272782.000000000000000,7218,3894456,4546,3573891,11348,7195482
229,7/30/2021 15:00:00,7530,3629204,4501.000000000000000,3305610,521.000000000000000,273303.000000000000000,8051,3902507,5022,3578913,12552,7208034
230,7/31/2021 15:00:00,4778,3633982,3034.000000000000000,3308644,272.000000000000000,273575.000000000000000,5050,3907557,3306,3582219,8084,7216118
231,8/1/2021 15:00:00,3817,3637799,2106.000000000000000,3310750,158.000000000000000,273733.000000000000000,3975,3911532,2264,3584483,6081,7222199
232,8/2/2021 15:00:00,7015,3644814,3628.000000000000000,3314378,335.000000000000000,274068.000000000000000,7350,3918882,3963,3588446,10978,7233177
233,8/3/2021 15:00:00,6995,3651809,3890.000000000000000,3318268,510.000000000000000,274578.000000000000000,7505,3926387,4400,3592846,11395,7244572
234,8/4/2021 15:00:00,7158,3658967,3885.000000000000000,3322153,528.000000000000000,275106.000000000000000,7686,3934073,4413,3597259,11571,7256143
235,8/5/2021 15:00:00,7673,3666640,4106.000000000000000,3326259,537.000000000000000,275643.000000000000000,8210,3942283,4643,3601902,12316,7268459
236,8/6/2021 15:00:00,8286,3674926,4680.000000000000000,3330939,451.000000000000000,276094.000000000000000,8737,3951020,5131,3607033,13417,7281876
237,8/7/2021 15:00:00,5248,3680174,2792.000000000000000,3333731,264.000000000000000,276358.000000000000000,5512,3956532,3056,3610089,8304,7290180
238,8/8/2021 15:00:00,3946,3684120,2037.000000000000000,3335768,141.000000000000000,276499.000000000000000,4087,3960619,2178,3612267,6124,7296304
239,8/9/2021 15:00:00,6915,3691035,4504.000000000000000,3340272,366.000000000000000,276865.000000000000000,7281,3967900,4870,3617137,11785,7308089
240,8/10/2021 15:00:00,7120,3698155,4430.000000000000000,3344702,337.000000000000000,277202.000000000000000,7457,3975357,4767,3621904,11887,7319976
241,8/11/2021 15:00:00,7034,3705189,4416.000000000000000,3349118,439.000000000000000,277641.000000000000000,7473,3982830,4855,3626759,11889,7331865
242,8/12/2021 15:00:00,8573,3713762,4710.000000000000000,3353828,444.000000000000000,278085.000000000000000,9017,3991847,5154,3631913,13727,7345592
243,8/13/2021 15:00:00,7118,3720880,5336.000000000000000,3359164,394.000000000000000,278479.000000000000000,7512,3999359,5730,3637643,12848,7358440
244,8/14/2021 15:00:00,4911,3725791,3329.000000000000000,3362493,285.000000000000000,278764.000000000000000,5196,4004555,3614,3641257,8525,7366965
245,8/15/2021 15:00:00,3319,3729110,2724.000000000000000,3365217,163.000000000000000,278927.000000000000000,3482,4008037,2887,3644144,6206,7373171
246,8/16/2021 15:00:00,5426,3734536,5065.000000000000000,3370282,353.000000000000000,279280.000000000000000,5779,4013816,5418,3649562,10844,7384015
247,8/17/2021 15:00:00,6948,3741484,5168.000000000000000,3375450,388.000000000000000,279668.000000000000000,7336,4021152,5556,3655118,12504,7396519
248,8/18/2021 15:00:00,6502,3747986,5284.000000000000000,3380734,476.000000000000000,280144.000000000000000,6978,4028130,5760,3660878,12262,7408781
249,8/19/2021 15:00:00,5980,3753966,5309.000000000000000,3386043,415.000000000000000,280559.000000000000000,6395,4034525,5724,3666602,11704,7420485
250,8/20/2021 15:00:00,7030,3760996,6311.000000000000000,3392354,402.000000000000000,280961.000000000000000,7432,4041957,6713,3673315,13743,7434228
251,8/21/2021 15:00:00,4310,3765306,3902.000000000000000,3396256,226.000000000000000,281187.000000000000000,4536,4046493,4128,3677443,8438,7442666
252,8/22/2021 15:00:00,3061,3768367,3156.000000000000000,3399412,109.000000000000000,281296.000000000000000,3170,4049663,3265,3680708,6326,7448992
253,8/23/2021 15:00:00,6158,3774525,5908.000000000000000,3405320,285.000000000000000,281581.000000000000000,6443,4056106,6193,3686901,12351,7461343
254,8/24/2021 15:00:00,6638,3781163,5856.000000000000000,3411176,424.000000000000000,282005.000000000000000,7062,4063168,6280,3693181,12918,7474261
255,8/25/2021 15:00:00,6894,3788057,5996.000000000000000,3417172,439.000000000000000,282444.000000000000000,7333,4070501,6435,3699616,13329,7487590
256,8/26/2021 15:00:00,7171,3795228,6417.000000000000000,3423589,427.000000000000000,282871.000000000000000,7598,4078099,6844,3706460,14015,7501605
257,8/27/2021 15:00:00,6861,3802089,7008.000000000000000,3430597,316.000000000000000,283187.000000000000000,7177,4085276,7324,3713784,14185,7515790
258,8/28/2021 15:00:00,6902,3808991,6480.000000000000000,3437077,326.000000000000000,283513.000000000000000,7228,4092504,6806,3720590,13708,7529498
259,8/29/2021 15:00:00,3737,3812728,3675.000000000000000,3440752,611.000000000000000,284124.000000000000000,4348,4096852,4286,3724876,8023,7537521
260,8/30/2021 15:00:00,5942,3818670,6081.000000000000000,3446833,960.000000000000000,285084.000000000000000,6902,4103754,7041,3731917,12983,7550504
261,8/31/2021 15:00:00,5691,3824361,5911.000000000000000,3452744,945.000000000000000,286029.000000000000000,6636,4110390,6856,3738773,12547,7563051
262,9/1/2021 15:00:00,5543,3829904,5575.000000000000000,3458319,906.000000000000000,286935.000000000000000,6449,4116839,6481,3745254,12024,7575075
263,9/2/2021 15:00:00,5530,3835434,5884.000000000000000,3464203,702.000000000000000,287637.000000000000000,6232,4123071,6586,3751840,12116,7587191
264,9/3/2021 15:00:00,5995,3841429,6876.000000000000000,3471079,971.000000000000000,288608.000000000000000,6966,4130037,7847,3759687,13842,7601033
265,9/4/2021 15:00:00,3710,3845139,4319.000000000000000,3475398,877.000000000000000,289485.000000000000000,4587,4134624,5196,3764883,8906,7609939
266,9/5/2021 15:00:00,2951,3848090,2799.000000000000000,3478197,105.000000000000000,289590.000000000000000,3056,4137680,2904,3767787,5855,7615794
267,9/6/2021 15:00:00,1051,3849141,1144.000000000000000,3479341,62.000000000000000,289652.000000000000000,1113,4138793,1206,3768993,2257,7618051
268,9/7/2021 15:00:00,5341,3854482,7246.000000000000000,3486587,2304.000000000000000,291956.000000000000000,7645,4146438,9550,3778543,14891,7632942
269,9/8/2021 15:00:00,4659,3859141,5434.000000000000000,3492021,365.000000000000000,292321.000000000000000,5024,4151462,5799,3784342,10458,7643400
270,9/9/2021 15:00:00,5073,3864214,5347.000000000000000,3497368,324.000000000000000,292645.000000000000000,5397,4156859,5671,3790013,10744,7654144
271,9/10/2021 15:00:00,6541,3870755,6590.000000000000000,3503958,1716.000000000000000,294361.000000000000000,8257,4165116,8306,3798319,14847,7668991
272,9/11/2021 15:00:00,4165,3874920,4315.000000000000000,3508273,663.000000000000000,295024.000000000000000,4828,4169944,4978,3803297,9143,7678134
273,9/12/2021 15:00:00,3157,3878077,3228.000000000000000,3511501,436.000000000000000,295460.000000000000000,3593,4173537,3664,3806961,6821,7684955
274,9/13/2021 15:00:00,4666,3882743,4834.000000000000000,3516335,345.000000000000000,295805.000000000000000,5011,4178548,5179,3812140,9845,7694800
275,9/14/2021 15:00:00,4577,3887320,5189.000000000000000,3521524,435.000000000000000,296240.000000000000000,5012,4183560,5624,3817764,10201,7705001
276,9/15/2021 15:00:00,4851,3892171,5589.000000000000000,3527113,387.000000000000000,296627.000000000000000,5238,4188798,5976,3823740,10827,7715828
277,9/16/2021 15:00:00,4586,3896757,5602.000000000000000,3532715,332.000000000000000,296959.000000000000000,4918,4193716,5934,3829674,10520,7726348
278,9/17/2021 15:00:00,5042,3901799,6324.000000000000000,3539039,341.000000000000000,297300.000000000000000,5383,4199099,6665,3836339,11707,7738055
279,9/18/2021 15:00:00,3777,3905576,4554.000000000000000,3543593,185.000000000000000,297485.000000000000000,3962,4203061,4739,3841078,8516,7746571
280,9/19/2021 15:00:00,2743,3908319,3152.000000000000000,3546745,75.000000000000000,297560.000000000000000,2818,4205879,3227,3844305,5970,7752541
281,9/20/2021 15:00:00,3545,3911864,4460.000000000000000,3551205,428.000000000000000,297988.000000000000000,3973,4209852,4888,3849193,8433,7760974
282,9/21/2021 15:00:00,3788,3915652,4805.000000000000000,3556010,325.000000000000000,298313.000000000000000,4113,4213965,5130,3854323,8918,7769892
283,9/22/2021 15:00:00,4190,3919842,4740.000000000000000,3560750,459.000000000000000,298772.000000000000000,4649,4218614,5199,3859522,9389,7779281
284,9/23/2021 15:00:00,4181,3924023,4687.000000000000000,3565437,490.000000000000000,299262.000000000000000,4671,4223285,5177,3864699,9358,7788639
285,9/24/2021 15:00:00,5069,3929092,5572.000000000000000,3571009,422.000000000000000,299684.000000000000000,5491,4228776,5994,3870693,11063,7799702
286,9/25/2021 15:00:00,3621,3932713,3622.000000000000000,3574631,385.000000000000000,300069.000000000000000,4006,4232782,4007,3874700,7628,7807330
287,9/26/2021 15:00:00,2352,3935065,2653.000000000000000,3577284,421.000000000000000,300490.000000000000000,2773,4235555,3074,3877774,5426,7812756
288,9/27/2021 15:00:00,4502,3939567,2683.000000000000000,3579967,508.000000000000000,300998.000000000000000,5010,4240565,3191,3880965,7693,7820449
289,9/28/2021 15:00:00,4400,3943967,4437.000000000000000,3584404,211.000000000000000,301209.000000000000000,4611,4245176,4648,3885613,9048,7829497
290,9/29/2021 15:00:00,4704,3948671,4495.000000000000000,3588899,918.000000000000000,302127.000000000000000,5622,4250798,5413,3891026,10117,7839614
291,9/30/2021 15:00:00,4885,3953556,4552.000000000000000,3593451,792.000000000000000,302919.000000000000000,5677,4256475,5344,3896370,10229,7849843
292,10/1/2021 15:00:00,5441,3958997,5277.000000000000000,3598728,778.000000000000000,303697.000000000000000,6219,4262694,6055,3902425,11496,7861339
293,10/2/2021 15:00:00,2936,3961933,2884.000000000000000,3601612,187.000000000000000,303884.000000000000000,3123,4265817,3071,3905496,6007,7867346
294,10/3/2021 15:00:00,2074,3964007,2374.000000000000000,3603986,86.000000000000000,303970.000000000000000,2160,4267977,2460,3907956,4534,7871880
295,10/4/2021 15:00:00,4144,3968151,3361.000000000000000,3607347,233.000000000000000,304203.000000000000000,4377,4272354,3594,3911550,7738,7879618
296,10/5/2021 15:00:00,4052,3972203,3562.000000000000000,3610909,207.000000000000000,304410.000000000000000,4259,4276613,3769,3915319,7821,7887439
297,10/6/2021 15:00:00,4117,3976320,3483.000000000000000,3614392,264.000000000000000,304674.000000000000000,4381,4280994,3747,3919066,7864,7895303
298,10/7/2021 15:00:00,4366,3980686,3491.000000000000000,3617883,331.000000000000000,305005.000000000000000,4697,4285691,3822,3922888,8188,7903491
299,10/8/2021 15:00:00,4938,3985624,4116.000000000000000,3621999,283.000000000000000,305288.000000000000000,5221,4290912,4399,3927287,9337,7912828
300,10/9/2021 15:00:00,2685,3988309,2672.000000000000000,3624671,271.000000000000000,305559.000000000000000,2956,4293868,2943,3930230,5628,7918456
301,10/10/2021 15:00:00,1860,3990169,1843.000000000000000,3626514,59.000000000000000,305618.000000000000000,1919,4295787,1902,3932132,3762,7922218
302,10/11/2021 15:00:00,4358,3994527,3186.000000000000000,3629700,248.000000000000000,305866.000000000000000,4606,4300393,3434,3935566,7792,7930010
303,10/12/2021 15:00:00,3730,3998257,3386.000000000000000,3633086,270.000000000000000,306136.000000000000000,4000,4304393,3656,3939222,7386,7937396
304,10/13/2021 15:00:00,3972,4002229,3431.000000000000000,3636517,347.000000000000000,306483.000000000000000,4319,4308712,3778,3943000,7750,7945146
305,10/14/2021 15:00:00,5159,4007388,5459.000000000000000,3641976,429.000000000000000,306912.000000000000000,5588,4314300,5888,3948888,11047,7956193
306,10/15/2021 15:00:00,4724,4012112,4558.000000000000000,3646534,347.000000000000000,307259.000000000000000,5071,4319371,4905,3953793,9629,7965822
307,10/16/2021 15:00:00,2500,4014612,2493.000000000000000,3649027,290.000000000000000,307549.000000000000000,2790,4322161,2783,3956576,5283,7971105
308,10/17/2021 15:00:00,1806,4016418,1772.000000000000000,3650799,55.000000000000000,307604.000000000000000,1861,4324022,1827,3958403,3633,7974738
309,10/18/2021 15:00:00,4294,4020712,3562.000000000000000,3654361,266.000000000000000,307870.000000000000000,4560,4328582,3828,3962231,8122,7982860
310,10/19/2021 15:00:00,4308,4025020,4013.000000000000000,3658374,222.000000000000000,308092.000000000000000,4530,4333112,4235,3966466,8543,7991403
311,10/20/2021 15:00:00,3530,4028550,3417.000000000000000,3661791,254.000000000000000,308346.000000000000000,3784,4336896,3671,3970137,7201,7998604
312,10/21/2021 15:00:00,3305,4031855,3251.000000000000000,3665042,290.000000000000000,308636.000000000000000,3595,4340491,3541,3973678,6846,8005450
313,10/22/2021 15:00:00,4697,4036552,4025.000000000000000,3669067,475.000000000000000,309111.000000000000000,5172,4345663,4500,3978178,9197,8014647
314,10/23/2021 15:00:00,2904,4039456,2123.000000000000000,3671190,321.000000000000000,309432.000000000000000,3225,4348888,2444,3980622,5348,8019995
315,10/24/2021 15:00:00,2060,4041516,1554.000000000000000,3672744,77.000000000000000,309509.000000000000000,2137,4351025,1631,3982253,3691,8023686
316,10/25/2021 15:00:00,4547,4046063,3089.000000000000000,3675833,316.000000000000000,309825.000000000000000,4863,4355888,3405,3985658,7952,8031638
317,10/26/2021 15:00:00,4516,4050579,3135.000000000000000,3678968,311.000000000000000,310136.000000000000000,4827,4360715,3446,3989104,7962,8039600
318,10/27/2021 15:00:00,4738,4055317,3368.000000000000000,3682336,427.000000000000000,310563.000000000000000,5165,4365880,3795,3992899,8533,8048133
319,10/28/2021 15:00:00,4554,4059871,3414.000000000000000,3685750,495.000000000000000,311058.000000000000000,5049,4370929,3909,3996808,8463,8056596
320,10/29/2021 15:00:00,4968,4064839,3906.000000000000000,3689656,393.000000000000000,311451.000000000000000,5361,4376290,4299,4001107,9267,8065863
321,10/30/2021 15:00:00,2632,4067471,1857.000000000000000,3691513,308.000000000000000,311759.000000000000000,2940,4379230,2165,4003272,4797,8070660
322,10/31/2021 15:00:00,1948,4069419,1505.000000000000000,3693018,94.000000000000000,311853.000000000000000,2042,4381272,1599,4004871,3547,8074207
323,11/1/2021 15:00:00,4632,4074051,3464.000000000000000,3696482,338.000000000000000,312191.000000000000000,4970,4386242,3802,4008673,8434,8082641
324,11/2/2021 15:00:00,4247,4078298,3021.000000000000000,3699503,405.000000000000000,312596.000000000000000,4652,4390894,3426,4012099,7673,8090314
325,11/3/2021 15:00:00,4620,4082918,3117.000000000000000,3702620,457.000000000000000,313053.000000000000000,5077,4395971,3574,4015673,8194,8098508
326,11/4/2021 15:00:00,6048,4088966,3410.000000000000000,3706030,513.000000000000000,313566.000000000000000,6561,4402532,3923,4019596,9971,8108479
327,11/5/2021 15:00:00,7879,4096845,3834.000000000000000,3709864,407.000000000000000,313973.000000000000000,8286,4410818,4241,4023837,12120,8120599
328,11/6/2021 15:00:00,10022,4106867,1976.000000000000000,3711840,305.000000000000000,314278.000000000000000,10327,4421145,2281,4026118,12303,8132902
329,11/7/2021 15:00:00,7525,4114392,1408.000000000000000,3713248,95.000000000000000,314373.000000000000000,7620,4428765,1503,4027621,9028,8141930
330,11/8/2021 15:00:00,11205,4125597,3093.000000000000000,3716341,376.000000000000000,314749.000000000000000,11581,4440346,3469,4031090,14674,8156604
331,11/9/2021 15:00:00,11585,4137182,2695.000000000000000,3719036,267.000000000000000,315016.000000000000000,11852,4452198,2962,4034052,14547,8171151
332,11/10/2021 15:00:00,12345,4149527,2823.000000000000000,3721859,335.000000000000000,315351.000000000000000,12680,4464878,3158,4037210,15503,8186654
333,11/11/2021 15:00:00,11123,4160650,2441.000000000000000,3724300,280.000000000000000,315631.000000000000000,11403,4476281,2721,4039931,13844,8200498
334,11/12/2021 15:00:00,12097,4172747,3418.000000000000000,3727718,546.000000000000000,316177.000000000000000,12643,4488924,3964,4043895,16061,8216559
335,11/13/2021 15:00:00,9638,4182385,1584.000000000000000,3729302,341.000000000000000,316518.000000000000000,9979,4498903,1925,4045820,11563,8228122
336,11/14/2021 15:00:00,3835,4186220,1123.000000000000000,3730425,120.000000000000000,316638.000000000000000,3955,4502858,1243,4047063,5078,8233200
337,11/15/2021 15:00:00,8485,4194705,2594.000000000000000,3733019,201.000000000000000,316839.000000000000000,8686,4511544,2795,4049858,11280,8244480
338,11/16/2021 15:00:00,8967,4203672,2575.000000000000000,3735594,249.000000000000000,317088.000000000000000,9216,4520760,2824,4052682,11791,8256271
339,11/17/2021 15:00:00,9184,4212856,2885.000000000000000,3738479,309.000000000000000,317397.000000000000000,9493,4530253,3194,4055876,12378,8268649
340,11/18/2021 15:00:00,9056,4221912,2692.000000000000000,3741171,478.000000000000000,317875.000000000000000,9534,4539787,3170,4059046,12226,8280875
341,11/19/2021 15:00:00,9582,4231494,2985.000000000000000,3744156,375.000000000000000,318250.000000000000000,9957,4549744,3360,4062406,12942,8293817
342,11/20/2021 15:00:00,10484,4241978,1590.000000000000000,3745746,450.000000000000000,318700.000000000000000,10934,4560678,2040,4064446,12524,8306341
343,11/21/2021 15:00:00,4330,4246308,1189.000000000000000,3746935,97.000000000000000,318797.000000000000000,4427,4565105,1286,4065732,5616,8311957
344,11/22/2021 15:00:00,9635,4255943,2542.000000000000000,3749477,288.000000000000000,319085.000000000000000,9923,4575028,2830,4068562,12465,8324422
345,11/23/2021 15:00:00,8940,4264883,2467.000000000000000,3751944,274.000000000000000,319359.000000000000000,9214,4584242,2741,4071303,11681,8336103
346,11/24/2021 15:00:00,7912,4272795,2465.000000000000000,3754409,212.000000000000000,319571.000000000000000,8124,4592366,2677,4073980,10589,8346692
347,11/25/2021 15:00:00,181,4272976,70.000000000000000,3754479,9.000000000000000,319580.000000000000000,190,4592556,79,4074059,260,8346952
348,11/26/2021 15:00:00,5330,4278306,3866.000000000000000,3758345,147.000000000000000,319727.000000000000000,5477,4598033,4013,4078072,9343,8356295
349,11/27/2021 15:00:00,3384,4281690,5247.000000000000000,3763592,128.000000000000000,319855.000000000000000,3512,4601545,5375,4083447,8759,8365054
350,11/28/2021 15:00:00,2083,4283773,5827.000000000000000,3769419,73.000000000000000,319928.000000000000000,2156,4603701,5900,4089347,7983,8373037
351,11/29/2021 15:00:00,5939,4289712,8770.000000000000000,3778189,359.000000000000000,320287.000000000000000,6298,4609999,9129,4098476,15068,8388105
352,11/30/2021 15:00:00,5572,4295284,8495.000000000000000,3786684,237.000000000000000,320524.000000000000000,5809,4615808,8732,4107208,14304,8402409
353,12/1/2021 15:00:00,6002,4301286,7863.000000000000000,3794547,274.000000000000000,320798.000000000000000,6276,4622084,8137,4115345,14139,8416548
354,12/2/2021 15:00:00,2911,4304197,2937.000000000000000,3797484,348.000000000000000,321146.000000000000000,3259,4625343,3285,4118630,6196,8422744