OBJECTID,VACCINATION_DATE,FirstDailyDose,FirstDoseCumulative,SecondDailyDose,SecondDoseCumulative,SingleDailyDose,SingleDoseCumulative,AtleastOneVaccine,AtleastOneVaccineCumulative,CompletedVax,CompletedVaxCumulative,FirstSecondSingleVaccination_12,FirstSecondSingleVaccination_13
1,12/14/2020 15:00:00,19,1481,,534,,,19,1481,0,534,19,1939
2,12/15/2020 15:00:00,62,1543,3.000000000000000,537,,,62,1543,3,537,65,2004
3,12/16/2020 15:00:00,597,2140,5.000000000000000,542,,,597,2140,5,542,602,2606
4,12/17/2020 15:00:00,1167,3307,8.000000000000000,550,,,1167,3307,8,550,1175,3781
5,12/18/2020 15:00:00,3031,6338,12.000000000000000,562,,,3031,6338,12,562,3043,6824
6,12/19/2020 15:00:00,930,7268,7.000000000000000,569,,,930,7268,7,569,937,7761
7,12/20/2020 15:00:00,370,7638,6.000000000000000,575,,,370,7638,6,575,376,8137
8,12/21/2020 15:00:00,3900,11538,26.000000000000000,601,,,3900,11538,26,601,3926,12063
9,12/22/2020 15:00:00,6328,17866,30.000000000000000,631,,,6328,17866,30,631,6358,18421
10,12/23/2020 15:00:00,5793,23659,39.000000000000000,670,,,5793,23659,39,670,5832,24253
11,12/24/2020 15:00:00,2729,26388,15.000000000000000,685,,,2729,26388,15,685,2744,26997
12,12/25/2020 15:00:00,1035,27423,4.000000000000000,689,,,1035,27423,4,689,1039,28036
13,12/26/2020 15:00:00,1887,29310,10.000000000000000,699,,,1887,29310,10,699,1897,29933
14,12/27/2020 15:00:00,1803,31113,12.000000000000000,711,,,1803,31113,12,711,1815,31748
15,12/28/2020 15:00:00,8995,40108,51.000000000000000,762,,,8995,40108,51,762,9046,40794
16,12/29/2020 15:00:00,10979,51087,53.000000000000000,815,,,10979,51087,53,815,11032,51826
17,12/30/2020 15:00:00,12508,63595,96.000000000000000,911,,,12508,63595,96,911,12604,64430
18,12/31/2020 15:00:00,7557,71152,49.000000000000000,960,,,7557,71152,49,960,7606,72036
19,1/1/2021 15:00:00,3395,74547,146.000000000000000,1106,,,3395,74547,146,1106,3541,75577
20,1/2/2021 15:00:00,3062,77609,34.000000000000000,1140,,,3062,77609,34,1140,3096,78673
21,1/3/2021 15:00:00,3416,81025,82.000000000000000,1222,,,3416,81025,82,1222,3498,82171
22,1/4/2021 15:00:00,13376,94401,342.000000000000000,1564,,,13376,94401,342,1564,13718,95889
23,1/5/2021 15:00:00,12497,106898,550.000000000000000,2114,,,12497,106898,550,2114,13047,108936
24,1/6/2021 15:00:00,15278,122176,871.000000000000000,2985,,,15278,122176,871,2985,16149,125085
25,1/7/2021 15:00:00,15051,137227,1788.000000000000000,4773,,,15051,137227,1788,4773,16839,141924
26,1/8/2021 15:00:00,24028,161255,2793.000000000000000,7566,,,24028,161255,2793,7566,26821,168745
27,1/9/2021 15:00:00,5185,166440,958.000000000000000,8524,,,5185,166440,958,8524,6143,174888
28,1/10/2021 15:00:00,2986,169426,387.000000000000000,8911,,,2986,169426,387,8911,3373,178261
29,1/11/2021 15:00:00,13745,183171,3488.000000000000000,12399,,,13745,183171,3488,12399,17233,195494
30,1/12/2021 15:00:00,17409,200580,5600.000000000000000,17999,,,17409,200580,5600,17999,23009,218503
31,1/13/2021 15:00:00,18634,219214,3940.000000000000000,21939,,,18634,219214,3940,21939,22574,241077
32,1/14/2021 15:00:00,17878,237092,1967.000000000000000,23906,,,17878,237092,1967,23906,19845,260922
33,1/15/2021 15:00:00,19507,256599,2039.000000000000000,25945,,,19507,256599,2039,25945,21546,282468
34,1/16/2021 15:00:00,5849,262448,1624.000000000000000,27569,,,5849,262448,1624,27569,7473,289941
35,1/17/2021 15:00:00,2128,264576,1480.000000000000000,29049,,,2128,264576,1480,29049,3608,293549
36,1/18/2021 15:00:00,7087,271663,3268.000000000000000,32317,,,7087,271663,3268,32317,10355,303904
37,1/19/2021 15:00:00,16963,288626,5418.000000000000000,37735,,,16963,288626,5418,37735,22381,326285
38,1/20/2021 15:00:00,21024,309650,5339.000000000000000,43074,,,21024,309650,5339,43074,26363,352648
39,1/21/2021 15:00:00,23834,333484,3871.000000000000000,46945,,,23834,333484,3871,46945,27705,380353
40,1/22/2021 15:00:00,28674,362158,3771.000000000000000,50716,,,28674,362158,3771,50716,32445,412798
41,1/23/2021 15:00:00,10132,372290,1949.000000000000000,52665,,,10132,372290,1949,52665,12081,424879
42,1/24/2021 15:00:00,3361,375651,1727.000000000000000,54392,,,3361,375651,1727,54392,5088,429967
43,1/25/2021 15:00:00,16311,391962,8623.000000000000000,63015,,,16311,391962,8623,63015,24934,454901
44,1/26/2021 15:00:00,17573,409535,8983.000000000000000,71998,,,17573,409535,8983,71998,26556,481457
45,1/27/2021 15:00:00,24447,433982,12581.000000000000000,84579,,,24447,433982,12581,84579,37028,518485
46,1/28/2021 15:00:00,22667,456649,9339.000000000000000,93918,,,22667,456649,9339,93918,32006,550491
47,1/29/2021 15:00:00,24794,481443,7944.000000000000000,101862,,,24794,481443,7944,101862,32738,583229
48,1/30/2021 15:00:00,17789,499232,2571.000000000000000,104433,,,17789,499232,2571,104433,20360,603589
49,1/31/2021 15:00:00,3765,502997,1375.000000000000000,105808,,,3765,502997,1375,105808,5140,608729
50,2/1/2021 15:00:00,8190,511187,5432.000000000000000,111240,,,8190,511187,5432,111240,13622,622351
51,2/2/2021 15:00:00,12528,523715,13845.000000000000000,125085,,,12528,523715,13845,125085,26373,648724
52,2/3/2021 15:00:00,18276,541991,18151.000000000000000,143236,,,18276,541991,18151,143236,36427,685151
53,2/4/2021 15:00:00,22151,564142,15804.000000000000000,159040,,,22151,564142,15804,159040,37955,723106
54,2/5/2021 15:00:00,20418,584560,17451.000000000000000,176491,,,20418,584560,17451,176491,37869,760975
55,2/6/2021 15:00:00,11385,595945,14541.000000000000000,191032,,,11385,595945,14541,191032,25926,786901
56,2/7/2021 15:00:00,5992,601937,1952.000000000000000,192984,,,5992,601937,1952,192984,7944,794845
57,2/8/2021 15:00:00,13019,614956,12989.000000000000000,205973,,,13019,614956,12989,205973,26008,820853
58,2/9/2021 15:00:00,16669,631625,13895.000000000000000,219868,,,16669,631625,13895,219868,30564,851417
59,2/10/2021 15:00:00,19334,650959,21327.000000000000000,241195,,,19334,650959,21327,241195,40661,892078
60,2/11/2021 15:00:00,22948,673907,17393.000000000000000,258588,,,22948,673907,17393,258588,40341,932419
61,2/12/2021 15:00:00,20447,694354,19685.000000000000000,278273,,,20447,694354,19685,278273,40132,972551
62,2/13/2021 15:00:00,11476,705830,6431.000000000000000,284704,,,11476,705830,6431,284704,17907,990458
63,2/14/2021 15:00:00,7122,712952,2140.000000000000000,286844,,,7122,712952,2140,286844,9262,999720
64,2/15/2021 15:00:00,11772,724724,13349.000000000000000,300193,,,11772,724724,13349,300193,25121,1024841
65,2/16/2021 15:00:00,16657,741381,21040.000000000000000,321233,,,16657,741381,21040,321233,37697,1062538
66,2/17/2021 15:00:00,20688,762069,26393.000000000000000,347626,,,20688,762069,26393,347626,47081,1109619
67,2/18/2021 15:00:00,3206,765275,4627.000000000000000,352253,,,3206,765275,4627,352253,7833,1117452
68,2/19/2021 15:00:00,10265,775540,19947.000000000000000,372200,,,10265,775540,19947,372200,30212,1147664
69,2/20/2021 15:00:00,10322,785862,20318.000000000000000,392518,,,10322,785862,20318,392518,30640,1178304
70,2/21/2021 15:00:00,6195,792057,7670.000000000000000,400188,,,6195,792057,7670,400188,13865,1192169
71,2/22/2021 15:00:00,8044,800101,15498.000000000000000,415686,,,8044,800101,15498,415686,23542,1215711
72,2/23/2021 15:00:00,15547,815648,15989.000000000000000,431675,,,15547,815648,15989,431675,31536,1247247
73,2/24/2021 15:00:00,18001,833649,24853.000000000000000,456528,,,18001,833649,24853,456528,42854,1290101
74,2/25/2021 15:00:00,20404,854053,26602.000000000000000,483130,,,20404,854053,26602,483130,47006,1337107
75,2/26/2021 15:00:00,26702,880755,26278.000000000000000,509408,,,26702,880755,26278,509408,52980,1390087
76,2/27/2021 15:00:00,16033,896788,11165.000000000000000,520573,,,16033,896788,11165,520573,27198,1417285
77,2/28/2021 15:00:00,15524,912312,4895.000000000000000,525468,,,15524,912312,4895,525468,20419,1437704
78,3/1/2021 15:00:00,27249,939561,12685.000000000000000,538153,,,27249,939561,12685,538153,39934,1477638
79,3/2/2021 15:00:00,24005,963566,13305.000000000000000,551458,38.000000000000000,38.000000000000000,24043,963604,13343,551496,37348,1514986
80,3/3/2021 15:00:00,30252,993818,18425.000000000000000,569883,193.000000000000000,231.000000000000000,30445,994049,18618,570114,48870,1563856
81,3/4/2021 15:00:00,31014,1024832,18265.000000000000000,588148,4068.000000000000000,4299.000000000000000,35082,1029131,22333,592447,53347,1617203
82,3/5/2021 15:00:00,30095,1054927,19783.000000000000000,607931,4913.000000000000000,9212.000000000000000,35008,1064139,24696,617143,54791,1671994
83,3/6/2021 15:00:00,19001,1073928,9539.000000000000000,617470,6009.000000000000000,15221.000000000000000,25010,1089149,15548,632691,34549,1706543
84,3/7/2021 15:00:00,12157,1086085,4930.000000000000000,622400,6606.000000000000000,21827.000000000000000,18763,1107912,11536,644227,23693,1730236
85,3/8/2021 15:00:00,25933,1112018,8866.000000000000000,631266,8276.000000000000000,30103.000000000000000,34209,1142121,17142,661369,43075,1773311
86,3/9/2021 15:00:00,26151,1138169,15502.000000000000000,646768,8345.000000000000000,38448.000000000000000,34496,1176617,23847,685216,49998,1823309
87,3/10/2021 15:00:00,29893,1168062,16054.000000000000000,662822,7936.000000000000000,46384.000000000000000,37829,1214446,23990,709206,53883,1877192
88,3/11/2021 15:00:00,36018,1204080,16431.000000000000000,679253,3982.000000000000000,50366.000000000000000,40000,1254446,20413,729619,56431,1933623
89,3/12/2021 15:00:00,36921,1241001,18164.000000000000000,697417,2929.000000000000000,53295.000000000000000,39850,1294296,21093,750712,58014,1991637
90,3/13/2021 15:00:00,22674,1263675,10342.000000000000000,707759,1630.000000000000000,54925.000000000000000,24304,1318600,11972,762684,34646,2026283
91,3/14/2021 15:00:00,17841,1281516,6738.000000000000000,714497,1010.000000000000000,55935.000000000000000,18851,1337451,7748,770432,25589,2051872
92,3/15/2021 15:00:00,29897,1311413,11371.000000000000000,725868,599.000000000000000,56534.000000000000000,30496,1367947,11970,782402,41867,2093739
93,3/16/2021 15:00:00,33486,1344899,13591.000000000000000,739459,770.000000000000000,57304.000000000000000,34256,1402203,14361,796763,47847,2141586
94,3/17/2021 15:00:00,37641,1382540,17088.000000000000000,756547,1183.000000000000000,58487.000000000000000,38824,1441027,18271,815034,55912,2197498
95,3/18/2021 15:00:00,41484,1424024,12705.000000000000000,769252,1354.000000000000000,59841.000000000000000,42838,1483865,14059,829093,55543,2253041
96,3/19/2021 15:00:00,38390,1462414,15449.000000000000000,784701,1046.000000000000000,60887.000000000000000,39436,1523301,16495,845588,54885,2307926
97,3/20/2021 15:00:00,24737,1487151,10235.000000000000000,794936,705.000000000000000,61592.000000000000000,25442,1548743,10940,856528,35677,2343603
98,3/21/2021 15:00:00,19201,1506352,7910.000000000000000,802846,342.000000000000000,61934.000000000000000,19543,1568286,8252,864780,27453,2371056
99,3/22/2021 15:00:00,32606,1538958,11522.000000000000000,814368,835.000000000000000,62769.000000000000000,33441,1601727,12357,877137,44963,2416019
100,3/23/2021 15:00:00,38412,1577370,17878.000000000000000,832246,1557.000000000000000,64326.000000000000000,39969,1641696,19435,896572,57847,2473866
101,3/24/2021 15:00:00,41095,1618465,21260.000000000000000,853506,1387.000000000000000,65713.000000000000000,42482,1684178,22647,919219,63742,2537608
102,3/25/2021 15:00:00,42921,1661386,21746.000000000000000,875252,2455.000000000000000,68168.000000000000000,45376,1729554,24201,943420,67122,2604730
103,3/26/2021 15:00:00,36388,1697774,26725.000000000000000,901977,2495.000000000000000,70663.000000000000000,38883,1768437,29220,972640,65608,2670338
104,3/27/2021 15:00:00,26475,1724249,17328.000000000000000,919305,2490.000000000000000,73153.000000000000000,28965,1797402,19818,992458,46293,2716631
105,3/28/2021 15:00:00,17012,1741261,12694.000000000000000,931999,1614.000000000000000,74767.000000000000000,18626,1816028,14308,1006766,31320,2747951
106,3/29/2021 15:00:00,29724,1770985,26398.000000000000000,958397,1142.000000000000000,75909.000000000000000,30866,1846894,27540,1034306,57264,2805215
107,3/30/2021 15:00:00,40066,1811051,29098.000000000000000,987495,1865.000000000000000,77774.000000000000000,41931,1888825,30963,1065269,71029,2876244
108,3/31/2021 15:00:00,41022,1852073,34763.000000000000000,1022258,5751.000000000000000,83525.000000000000000,46773,1935598,40514,1105783,81536,2957780
109,4/1/2021 15:00:00,42498,1894571,41209.000000000000000,1063467,5766.000000000000000,89291.000000000000000,48264,1983862,46975,1152758,89473,3047253
110,4/2/2021 15:00:00,34945,1929516,32746.000000000000000,1096213,6132.000000000000000,95423.000000000000000,41077,2024939,38878,1191636,73823,3121076
111,4/3/2021 15:00:00,21183,1950699,19241.000000000000000,1115454,4394.000000000000000,99817.000000000000000,25577,2050516,23635,1215271,44818,3165894
112,4/4/2021 15:00:00,8302,1959001,10225.000000000000000,1125679,968.000000000000000,100785.000000000000000,9270,2059786,11193,1226464,19495,3185389
113,4/5/2021 15:00:00,27967,1986968,28986.000000000000000,1154665,6663.000000000000000,107448.000000000000000,34630,2094416,35649,1262113,63616,3249005
114,4/6/2021 15:00:00,39803,2026771,30530.000000000000000,1185195,10505.000000000000000,117953.000000000000000,50308,2144724,41035,1303148,80838,3329843
115,4/7/2021 15:00:00,36118,2062889,34376.000000000000000,1219571,13003.000000000000000,130956.000000000000000,49121,2193845,47379,1350527,83497,3413340
116,4/8/2021 15:00:00,42366,2105255,36167.000000000000000,1255738,13873.000000000000000,144829.000000000000000,56239,2250084,50040,1400567,92406,3505746
117,4/9/2021 15:00:00,34098,2139353,36369.000000000000000,1292107,14532.000000000000000,159361.000000000000000,48630,2298714,50901,1451468,84999,3590745
118,4/10/2021 15:00:00,23502,2162855,23187.000000000000000,1315294,7640.000000000000000,167001.000000000000000,31142,2329856,30827,1482295,54329,3645074
119,4/11/2021 15:00:00,17586,2180441,13300.000000000000000,1328594,10122.000000000000000,177123.000000000000000,27708,2357564,23422,1505717,41008,3686082
120,4/12/2021 15:00:00,24610,2205051,33297.000000000000000,1361891,10907.000000000000000,188030.000000000000000,35517,2393081,44204,1549921,68814,3754896
121,4/13/2021 15:00:00,126174,2331225,91366.000000000000000,1453257,3293.000000000000000,191323.000000000000000,129467,2522548,94659,1644580,220833,3975729
122,4/14/2021 15:00:00,40742,2371967,37860.000000000000000,1491117,213.000000000000000,191536.000000000000000,40955,2563503,38073,1682653,78815,4054544
123,4/15/2021 15:00:00,41424,2413391,39591.000000000000000,1530708,176.000000000000000,191712.000000000000000,41600,2605103,39767,1722420,81191,4135735
124,4/16/2021 15:00:00,37148,2450539,38905.000000000000000,1569613,25.000000000000000,191737.000000000000000,37173,2642276,38930,1761350,76078,4211813
125,4/17/2021 15:00:00,32817,2483356,22047.000000000000000,1591660,13.000000000000000,191750.000000000000000,32830,2675106,22060,1783410,54877,4266690
126,4/18/2021 15:00:00,20064,2503420,16209.000000000000000,1607869,5.000000000000000,191755.000000000000000,20069,2695175,16214,1799624,36278,4302968
127,4/19/2021 15:00:00,29887,2533307,36561.000000000000000,1644430,61.000000000000000,191816.000000000000000,29948,2725123,36622,1836246,66509,4369477
128,4/20/2021 15:00:00,32936,2566243,44515.000000000000000,1688945,59.000000000000000,191875.000000000000000,32995,2758118,44574,1880820,77510,4446987
129,4/21/2021 15:00:00,39842,2606085,47096.000000000000000,1736041,26.000000000000000,191901.000000000000000,39868,2797986,47122,1927942,86964,4533951
130,4/22/2021 15:00:00,35865,2641950,42710.000000000000000,1778751,16.000000000000000,191917.000000000000000,35881,2833867,42726,1970668,78591,4612542
131,4/23/2021 15:00:00,33146,2675096,40182.000000000000000,1818933,14.000000000000000,191931.000000000000000,33160,2867027,40196,2010864,73342,4685884
132,4/24/2021 15:00:00,26425,2701521,27936.000000000000000,1846869,81.000000000000000,192012.000000000000000,26506,2893533,28017,2038881,54442,4740326
133,4/25/2021 15:00:00,20219,2721740,11002.000000000000000,1857871,31.000000000000000,192043.000000000000000,20250,2913783,11033,2049914,31252,4771578
134,4/26/2021 15:00:00,27382,2749122,32774.000000000000000,1890645,201.000000000000000,192244.000000000000000,27583,2941366,32975,2082889,60357,4831935
135,4/27/2021 15:00:00,26677,2775799,33115.000000000000000,1923760,1098.000000000000000,193342.000000000000000,27775,2969141,34213,2117102,60890,4892825
136,4/28/2021 15:00:00,28926,2804725,39575.000000000000000,1963335,1367.000000000000000,194709.000000000000000,30293,2999434,40942,2158044,69868,4962693
137,4/29/2021 15:00:00,27065,2831790,39794.000000000000000,2003129,1463.000000000000000,196172.000000000000000,28528,3027962,41257,2199301,68322,5031015
138,4/30/2021 15:00:00,28203,2859993,32314.000000000000000,2035443,1649.000000000000000,197821.000000000000000,29852,3057814,33963,2233264,62166,5093181
139,5/1/2021 15:00:00,20755,2880748,26812.000000000000000,2062255,1057.000000000000000,198878.000000000000000,21812,3079626,27869,2261133,48624,5141805
140,5/2/2021 15:00:00,10271,2891019,17087.000000000000000,2079342,823.000000000000000,199701.000000000000000,11094,3090720,17910,2279043,28181,5169986
141,5/3/2021 15:00:00,12725,2903744,28644.000000000000000,2107986,1917.000000000000000,201618.000000000000000,14642,3105362,30561,2309604,43286,5213272
142,5/4/2021 15:00:00,13558,2917302,38657.000000000000000,2146643,1742.000000000000000,203360.000000000000000,15300,3120662,40399,2350003,53957,5267229
143,5/5/2021 15:00:00,19318,2936620,37794.000000000000000,2184437,1921.000000000000000,205281.000000000000000,21239,3141901,39715,2389718,59033,5326262
144,5/6/2021 15:00:00,16933,2953553,40607.000000000000000,2225044,1721.000000000000000,207002.000000000000000,18654,3160555,42328,2432046,59261,5385523
145,5/7/2021 15:00:00,17587,2971140,37032.000000000000000,2262076,1960.000000000000000,208962.000000000000000,19547,3180102,38992,2471038,56579,5442102
146,5/8/2021 15:00:00,10797,2981937,31237.000000000000000,2293313,1293.000000000000000,210255.000000000000000,12090,3192192,32530,2503568,43327,5485429
147,5/9/2021 15:00:00,5078,2987015,12254.000000000000000,2305567,695.000000000000000,210950.000000000000000,5773,3197965,12949,2516517,18027,5503456
148,5/10/2021 15:00:00,8960,2995975,31063.000000000000000,2336630,1362.000000000000000,212312.000000000000000,10322,3208287,32425,2548942,41385,5544841
149,5/11/2021 15:00:00,12185,3008160,30303.000000000000000,2366933,1441.000000000000000,213753.000000000000000,13626,3221913,31744,2580686,43929,5588770
150,5/12/2021 15:00:00,13944,3022104,38645.000000000000000,2405578,1917.000000000000000,215670.000000000000000,15861,3237774,40562,2621248,54506,5643276
151,5/13/2021 15:00:00,21847,3043951,33529.000000000000000,2439107,1347.000000000000000,217017.000000000000000,23194,3260968,34876,2656124,56723,5699999
152,5/14/2021 15:00:00,24395,3068346,30073.000000000000000,2469180,1774.000000000000000,218791.000000000000000,26169,3287137,31847,2687971,56242,5756241
153,5/15/2021 15:00:00,21952,3090298,25127.000000000000000,2494307,1490.000000000000000,220281.000000000000000,23442,3310579,26617,2714588,48569,5804810
154,5/16/2021 15:00:00,9092,3099390,17581.000000000000000,2511888,1115.000000000000000,221396.000000000000000,10207,3320786,18696,2733284,27788,5832598
155,5/17/2021 15:00:00,16840,3116230,28419.000000000000000,2540307,1950.000000000000000,223346.000000000000000,18790,3339576,30369,2763653,47209,5879807
156,5/18/2021 15:00:00,21265,3137495,30701.000000000000000,2571008,1943.000000000000000,225289.000000000000000,23208,3362784,32644,2796297,53909,5933716
157,5/19/2021 15:00:00,27672,3165167,32449.000000000000000,2603457,1632.000000000000000,226921.000000000000000,29304,3392088,34081,2830378,61753,5995469
158,5/20/2021 15:00:00,20810,3185977,33288.000000000000000,2636745,1965.000000000000000,228886.000000000000000,22775,3414863,35253,2865631,56063,6051532
159,5/21/2021 15:00:00,19168,3205145,30369.000000000000000,2667114,1609.000000000000000,230495.000000000000000,20777,3435640,31978,2897609,51146,6102678
160,5/22/2021 15:00:00,16949,3222094,20702.000000000000000,2687816,1269.000000000000000,231764.000000000000000,18218,3453858,21971,2919580,38920,6141598
161,5/23/2021 15:00:00,8814,3230908,11454.000000000000000,2699270,965.000000000000000,232729.000000000000000,9779,3463637,12419,2931999,21233,6162831
162,5/24/2021 15:00:00,13574,3244482,17786.000000000000000,2717056,1473.000000000000000,234202.000000000000000,15047,3478684,19259,2951258,32833,6195664
163,5/25/2021 15:00:00,13077,3257559,18721.000000000000000,2735777,1328.000000000000000,235530.000000000000000,14405,3493089,20049,2971307,33126,6228790
164,5/26/2021 15:00:00,18369,3275928,19698.000000000000000,2755475,1512.000000000000000,237042.000000000000000,19881,3512970,21210,2992517,39579,6268369
165,5/27/2021 15:00:00,11697,3287625,18708.000000000000000,2774183,1117.000000000000000,238159.000000000000000,12814,3525784,19825,3012342,31522,6299891
166,5/28/2021 15:00:00,12418,3300043,19862.000000000000000,2794045,1402.000000000000000,239561.000000000000000,13820,3539604,21264,3033606,33682,6333573
167,5/29/2021 15:00:00,9516,3309559,11732.000000000000000,2805777,937.000000000000000,240498.000000000000000,10453,3550057,12669,3046275,22185,6355758
168,5/30/2021 15:00:00,4967,3314526,6440.000000000000000,2812217,596.000000000000000,241094.000000000000000,5563,3555620,7036,3053311,12003,6367761
169,5/31/2021 15:00:00,1780,3316306,3715.000000000000000,2815932,305.000000000000000,241399.000000000000000,2085,3557705,4020,3057331,5800,6373561
170,6/1/2021 15:00:00,9880,3326186,16494.000000000000000,2832426,1161.000000000000000,242560.000000000000000,11041,3568746,17655,3074986,27535,6401096
171,6/2/2021 15:00:00,10235,3336421,16827.000000000000000,2849253,961.000000000000000,243521.000000000000000,11196,3579942,17788,3092774,28023,6429119
172,6/3/2021 15:00:00,7897,3344318,21218.000000000000000,2870471,1089.000000000000000,244610.000000000000000,8986,3588928,22307,3115081,30204,6459323
173,6/4/2021 15:00:00,8199,3352517,22364.000000000000000,2892835,1120.000000000000000,245730.000000000000000,9319,3598247,23484,3138565,31683,6491006
174,6/5/2021 15:00:00,6999,3359516,19479.000000000000000,2912314,720.000000000000000,246450.000000000000000,7719,3605966,20199,3158764,27198,6518204
175,6/6/2021 15:00:00,3456,3362972,7260.000000000000000,2919574,426.000000000000000,246876.000000000000000,3882,3609848,7686,3166450,11142,6529346
176,6/7/2021 15:00:00,6859,3369831,15796.000000000000000,2935370,726.000000000000000,247602.000000000000000,7585,3617433,16522,3182972,23381,6552727
177,6/8/2021 15:00:00,6670,3376501,19743.000000000000000,2955113,831.000000000000000,248433.000000000000000,7501,3624934,20574,3203546,27244,6579971
178,6/9/2021 15:00:00,8199,3384700,24002.000000000000000,2979115,969.000000000000000,249402.000000000000000,9168,3634102,24971,3228517,33170,6613141
179,6/10/2021 15:00:00,7153,3391853,19144.000000000000000,2998259,895.000000000000000,250297.000000000000000,8048,3642150,20039,3248556,27192,6640333
180,6/11/2021 15:00:00,7491,3399344,17733.000000000000000,3015992,1125.000000000000000,251422.000000000000000,8616,3650766,18858,3267414,26349,6666682
181,6/12/2021 15:00:00,5242,3404586,14774.000000000000000,3030766,605.000000000000000,252027.000000000000000,5847,3656613,15379,3282793,20621,6687303
182,6/13/2021 15:00:00,1945,3406531,7635.000000000000000,3038401,427.000000000000000,252454.000000000000000,2372,3658985,8062,3290855,10007,6697310
183,6/14/2021 15:00:00,5656,3412187,11830.000000000000000,3050231,733.000000000000000,253187.000000000000000,6389,3665374,12563,3303418,18219,6715529
184,6/15/2021 15:00:00,5650,3417837,14346.000000000000000,3064577,873.000000000000000,254060.000000000000000,6523,3671897,15219,3318637,20869,6736398
185,6/16/2021 15:00:00,8727,3426564,21622.000000000000000,3086199,758.000000000000000,254818.000000000000000,9485,3681382,22380,3341017,31107,6767505
186,6/17/2021 15:00:00,6680,3433244,12381.000000000000000,3098580,720.000000000000000,255538.000000000000000,7400,3688782,13101,3354118,19781,6787286
187,6/18/2021 15:00:00,6834,3440078,12747.000000000000000,3111327,702.000000000000000,256240.000000000000000,7536,3696318,13449,3367567,20283,6807569
188,6/19/2021 15:00:00,4655,3444733,9391.000000000000000,3120718,614.000000000000000,256854.000000000000000,5269,3701587,10005,3377572,14660,6822229
189,6/20/2021 15:00:00,2509,3447242,5068.000000000000000,3125786,377.000000000000000,257231.000000000000000,2886,3704473,5445,3383017,7954,6830183
190,6/21/2021 15:00:00,5568,3452810,5341.000000000000000,3131127,636.000000000000000,257867.000000000000000,6204,3710677,5977,3388994,11545,6841728
191,6/22/2021 15:00:00,5348,3458158,9060.000000000000000,3140187,698.000000000000000,258565.000000000000000,6046,3716723,9758,3398752,15106,6856834
192,6/23/2021 15:00:00,6062,3464220,10358.000000000000000,3150545,645.000000000000000,259210.000000000000000,6707,3723430,11003,3409755,17065,6873899
193,6/24/2021 15:00:00,5930,3470150,8215.000000000000000,3158760,595.000000000000000,259805.000000000000000,6525,3729955,8810,3418565,14740,6888639
194,6/25/2021 15:00:00,5828,3475978,8672.000000000000000,3167432,619.000000000000000,260424.000000000000000,6447,3736402,9291,3427856,15119,6903758
195,6/26/2021 15:00:00,3707,3479685,6305.000000000000000,3173737,398.000000000000000,260822.000000000000000,4105,3740507,6703,3434559,10410,6914168
196,6/27/2021 15:00:00,2810,3482495,3524.000000000000000,3177261,185.000000000000000,261007.000000000000000,2995,3743502,3709,3438268,6519,6920687
197,6/28/2021 15:00:00,4925,3487420,6395.000000000000000,3183656,539.000000000000000,261546.000000000000000,5464,3748966,6934,3445202,11859,6932546
198,6/29/2021 15:00:00,5063,3492483,6483.000000000000000,3190139,524.000000000000000,262070.000000000000000,5587,3754553,7007,3452209,12070,6944616
199,6/30/2021 15:00:00,5632,3498115,7392.000000000000000,3197531,607.000000000000000,262677.000000000000000,6239,3760792,7999,3460208,13631,6958247
200,7/1/2021 15:00:00,5448,3503563,7004.000000000000000,3204535,505.000000000000000,263182.000000000000000,5953,3766745,7509,3467717,12957,6971204
201,7/2/2021 15:00:00,5304,3508867,6861.000000000000000,3211396,527.000000000000000,263709.000000000000000,5831,3772576,7388,3475105,12692,6983896
202,7/3/2021 15:00:00,3277,3512144,4072.000000000000000,3215468,264.000000000000000,263973.000000000000000,3541,3776117,4336,3479441,7613,6991509
203,7/4/2021 15:00:00,493,3512637,551.000000000000000,3216019,69.000000000000000,264042.000000000000000,562,3776679,620,3480061,1113,6992622
204,7/5/2021 15:00:00,3771,3516408,3953.000000000000000,3219972,287.000000000000000,264329.000000000000000,4058,3780737,4240,3484301,8011,7000633
205,7/6/2021 15:00:00,4499,3520907,6288.000000000000000,3226260,455.000000000000000,264784.000000000000000,4954,3785691,6743,3491044,11242,7011875
206,7/7/2021 15:00:00,4471,3525378,6422.000000000000000,3232682,483.000000000000000,265267.000000000000000,4954,3790645,6905,3497949,11376,7023251
207,7/8/2021 15:00:00,4838,3530216,6190.000000000000000,3238872,564.000000000000000,265831.000000000000000,5402,3796047,6754,3504703,11592,7034843
208,7/9/2021 15:00:00,5369,3535585,6680.000000000000000,3245552,573.000000000000000,266404.000000000000000,5942,3801989,7253,3511956,12622,7047465
209,7/10/2021 15:00:00,3526,3539111,4408.000000000000000,3249960,305.000000000000000,266709.000000000000000,3831,3805820,4713,3516669,8239,7055704
210,7/11/2021 15:00:00,2683,3541794,2580.000000000000000,3252540,227.000000000000000,266936.000000000000000,2910,3808730,2807,3519476,5490,7061194
211,7/12/2021 15:00:00,4429,3546223,5132.000000000000000,3257672,379.000000000000000,267315.000000000000000,4808,3813538,5511,3524987,9940,7071134
212,7/13/2021 15:00:00,4673,3550896,4727.000000000000000,3262399,366.000000000000000,267681.000000000000000,5039,3818577,5093,3530080,9766,7080900
213,7/14/2021 15:00:00,4633,3555529,5296.000000000000000,3267695,422.000000000000000,268103.000000000000000,5055,3823632,5718,3535798,10351,7091251
214,7/15/2021 15:00:00,4916,3560445,5024.000000000000000,3272719,359.000000000000000,268462.000000000000000,5275,3828907,5383,3541181,10299,7101550
215,7/16/2021 15:00:00,6283,3566728,5860.000000000000000,3278579,405.000000000000000,268867.000000000000000,6688,3835595,6265,3547446,12548,7114098
216,7/17/2021 15:00:00,3421,3570149,3555.000000000000000,3282134,304.000000000000000,269171.000000000000000,3725,3839320,3859,3551305,7280,7121378
217,7/18/2021 15:00:00,2312,3572461,2385.000000000000000,3284519,110.000000000000000,269281.000000000000000,2422,3841742,2495,3553800,4807,7126185
218,7/19/2021 15:00:00,5149,3577610,4618.000000000000000,3289137,383.000000000000000,269664.000000000000000,5532,3847274,5001,3558801,10150,7136335
219,7/20/2021 15:00:00,5350,3582960,4730.000000000000000,3293867,367.000000000000000,270031.000000000000000,5717,3852991,5097,3563898,10447,7146782
220,7/21/2021 15:00:00,5672,3588632,4961.000000000000000,3298828,416.000000000000000,270447.000000000000000,6088,3859079,5377,3569275,11049,7157831
221,7/22/2021 15:00:00,6035,3594667,4650.000000000000000,3303478,472.000000000000000,270919.000000000000000,6507,3865586,5122,3574397,11157,7168988
222,7/23/2021 15:00:00,6847,3601514,4855.000000000000000,3308333,499.000000000000000,271418.000000000000000,7346,3872932,5354,3579751,12201,7181189
223,7/24/2021 15:00:00,4286,3605800,3209.000000000000000,3311542,267.000000000000000,271685.000000000000000,4553,3877485,3476,3583227,7762,7188951
224,7/25/2021 15:00:00,3301,3609101,1122.000000000000000,3312664,140.000000000000000,271825.000000000000000,3441,3880926,1262,3584489,4563,7193514
225,7/26/2021 15:00:00,6224,3615325,3913.000000000000000,3316577,420.000000000000000,272245.000000000000000,6644,3887570,4333,3588822,10557,7204071
226,7/27/2021 15:00:00,6614,3621939,4298.000000000000000,3320875,458.000000000000000,272703.000000000000000,7072,3894642,4756,3593578,11370,7215441
227,7/28/2021 15:00:00,7094,3629033,4156.000000000000000,3325031,462.000000000000000,273165.000000000000000,7556,3902198,4618,3598196,11712,7227153
228,7/29/2021 15:00:00,7091,3636124,4326.000000000000000,3329357,419.000000000000000,273584.000000000000000,7510,3909708,4745,3602941,11836,7238989
229,7/30/2021 15:00:00,7835,3643959,4831.000000000000000,3334188,527.000000000000000,274111.000000000000000,8362,3918070,5358,3608299,13193,7252182
230,7/31/2021 15:00:00,4792,3648751,3087.000000000000000,3337275,274.000000000000000,274385.000000000000000,5066,3923136,3361,3611660,8153,7260335
231,8/1/2021 15:00:00,3915,3652666,2196.000000000000000,3339471,165.000000000000000,274550.000000000000000,4080,3927216,2361,3614021,6276,7266611
232,8/2/2021 15:00:00,7280,3659946,3852.000000000000000,3343323,342.000000000000000,274892.000000000000000,7622,3934838,4194,3618215,11474,7278085
233,8/3/2021 15:00:00,7277,3667223,4109.000000000000000,3347432,517.000000000000000,275409.000000000000000,7794,3942632,4626,3622841,11903,7289988
234,8/4/2021 15:00:00,7441,3674664,4130.000000000000000,3351562,536.000000000000000,275945.000000000000000,7977,3950609,4666,3627507,12107,7302095
235,8/5/2021 15:00:00,7961,3682625,4346.000000000000000,3355908,541.000000000000000,276486.000000000000000,8502,3959111,4887,3632394,12848,7314943
236,8/6/2021 15:00:00,8335,3690960,4755.000000000000000,3360663,454.000000000000000,276940.000000000000000,8789,3967900,5209,3637603,13544,7328487
237,8/7/2021 15:00:00,5304,3696264,2848.000000000000000,3363511,264.000000000000000,277204.000000000000000,5568,3973468,3112,3640715,8416,7336903
238,8/8/2021 15:00:00,3980,3700244,2063.000000000000000,3365574,146.000000000000000,277350.000000000000000,4126,3977594,2209,3642924,6189,7343092
239,8/9/2021 15:00:00,6961,3707205,4569.000000000000000,3370143,371.000000000000000,277721.000000000000000,7332,3984926,4940,3647864,11901,7354993
240,8/10/2021 15:00:00,7176,3714381,4504.000000000000000,3374647,340.000000000000000,278061.000000000000000,7516,3992442,4844,3652708,12020,7367013
241,8/11/2021 15:00:00,7107,3721488,4462.000000000000000,3379109,443.000000000000000,278504.000000000000000,7550,3999992,4905,3657613,12012,7379025
242,8/12/2021 15:00:00,8668,3730156,4773.000000000000000,3383882,446.000000000000000,278950.000000000000000,9114,4009106,5219,3662832,13887,7392912
243,8/13/2021 15:00:00,7189,3737345,5416.000000000000000,3389298,397.000000000000000,279347.000000000000000,7586,4016692,5813,3668645,13002,7405914
244,8/14/2021 15:00:00,4929,3742274,3354.000000000000000,3392652,286.000000000000000,279633.000000000000000,5215,4021907,3640,3672285,8569,7414483
245,8/15/2021 15:00:00,3333,3745607,2749.000000000000000,3395401,163.000000000000000,279796.000000000000000,3496,4025403,2912,3675197,6245,7420728
246,8/16/2021 15:00:00,5459,3751066,5109.000000000000000,3400510,354.000000000000000,280150.000000000000000,5813,4031216,5463,3680660,10922,7431650
247,8/17/2021 15:00:00,6829,3757895,5377.000000000000000,3405887,391.000000000000000,280541.000000000000000,7220,4038436,5768,3686428,12597,7444247
248,8/18/2021 15:00:00,6351,3764246,5531.000000000000000,3411418,481.000000000000000,281022.000000000000000,6832,4045268,6012,3692440,12363,7456610
249,8/19/2021 15:00:00,6241,3770487,5585.000000000000000,3417003,417.000000000000000,281439.000000000000000,6658,4051926,6002,3698442,12243,7468853
250,8/20/2021 15:00:00,6855,3777342,6575.000000000000000,3423578,401.000000000000000,281840.000000000000000,7256,4059182,6976,3705418,13831,7482684
251,8/21/2021 15:00:00,4347,3781689,3927.000000000000000,3427505,229.000000000000000,282069.000000000000000,4576,4063758,4156,3709574,8503,7491187
252,8/22/2021 15:00:00,3066,3784755,3178.000000000000000,3430683,111.000000000000000,282180.000000000000000,3177,4066935,3289,3712863,6355,7497542
253,8/23/2021 15:00:00,6004,3790759,6135.000000000000000,3436818,287.000000000000000,282467.000000000000000,6291,4073226,6422,3719285,12426,7509968
254,8/24/2021 15:00:00,6556,3797315,6098.000000000000000,3442916,426.000000000000000,282893.000000000000000,6982,4080208,6524,3725809,13080,7523048
255,8/25/2021 15:00:00,6739,3804054,6252.000000000000000,3449168,440.000000000000000,283333.000000000000000,7179,4087387,6692,3732501,13431,7536479
256,8/26/2021 15:00:00,6974,3811028,6682.000000000000000,3455850,428.000000000000000,283761.000000000000000,7402,4094789,7110,3739611,14084,7550563
257,8/27/2021 15:00:00,6843,3817871,7106.000000000000000,3462956,317.000000000000000,284078.000000000000000,7160,4101949,7423,3747034,14266,7564829
258,8/28/2021 15:00:00,6912,3824783,6530.000000000000000,3469486,326.000000000000000,284404.000000000000000,7238,4109187,6856,3753890,13768,7578597
259,8/29/2021 15:00:00,3738,3828521,3694.000000000000000,3473180,610.000000000000000,285014.000000000000000,4348,4113535,4304,3758194,8042,7586639
260,8/30/2021 15:00:00,5929,3834450,6136.000000000000000,3479316,960.000000000000000,285974.000000000000000,6889,4120424,7096,3765290,13025,7599664
261,8/31/2021 15:00:00,5901,3840351,6082.000000000000000,3485398,946.000000000000000,286920.000000000000000,6847,4127271,7028,3772318,12929,7612593
262,9/1/2021 15:00:00,5607,3845958,5733.000000000000000,3491131,918.000000000000000,287838.000000000000000,6525,4133796,6651,3778969,12258,7624851
263,9/2/2021 15:00:00,5525,3851483,5965.000000000000000,3497096,709.000000000000000,288547.000000000000000,6234,4140030,6674,3785643,12199,7637050
264,9/3/2021 15:00:00,6009,3857492,6954.000000000000000,3504050,977.000000000000000,289524.000000000000000,6986,4147016,7931,3793574,13940,7650990
265,9/4/2021 15:00:00,3730,3861222,4359.000000000000000,3508409,878.000000000000000,290402.000000000000000,4608,4151624,5237,3798811,8967,7659957
266,9/5/2021 15:00:00,2957,3864179,2813.000000000000000,3511222,106.000000000000000,290508.000000000000000,3063,4154687,2919,3801730,5876,7665833
267,9/6/2021 15:00:00,1059,3865238,1161.000000000000000,3512383,69.000000000000000,290577.000000000000000,1128,4155815,1230,3802960,2289,7668122
268,9/7/2021 15:00:00,5344,3870582,7311.000000000000000,3519694,2304.000000000000000,292881.000000000000000,7648,4163463,9615,3812575,14959,7683081
269,9/8/2021 15:00:00,4654,3875236,5495.000000000000000,3525189,364.000000000000000,293245.000000000000000,5018,4168481,5859,3818434,10513,7693594
270,9/9/2021 15:00:00,5019,3880255,5473.000000000000000,3530662,325.000000000000000,293570.000000000000000,5344,4173825,5798,3824232,10817,7704411
271,9/10/2021 15:00:00,6525,3886780,6676.000000000000000,3537338,1719.000000000000000,295289.000000000000000,8244,4182069,8395,3832627,14920,7719331
272,9/11/2021 15:00:00,4175,3890955,4352.000000000000000,3541690,666.000000000000000,295955.000000000000000,4841,4186910,5018,3837645,9193,7728524
273,9/12/2021 15:00:00,3171,3894126,3240.000000000000000,3544930,436.000000000000000,296391.000000000000000,3607,4190517,3676,3841321,6847,7735371
274,9/13/2021 15:00:00,4891,3899017,5078.000000000000000,3550008,347.000000000000000,296738.000000000000000,5238,4195755,5425,3846746,10316,7745687
275,9/14/2021 15:00:00,4773,3903790,5454.000000000000000,3555462,437.000000000000000,297175.000000000000000,5210,4200965,5891,3852637,10664,7756351
276,9/15/2021 15:00:00,5043,3908833,5894.000000000000000,3561356,392.000000000000000,297567.000000000000000,5435,4206400,6286,3858923,11329,7767680
277,9/16/2021 15:00:00,4810,3913643,5855.000000000000000,3567211,337.000000000000000,297904.000000000000000,5147,4211547,6192,3865115,11002,7778682
278,9/17/2021 15:00:00,5281,3918924,6589.000000000000000,3573800,344.000000000000000,298248.000000000000000,5625,4217172,6933,3872048,12214,7790896
279,9/18/2021 15:00:00,3823,3922747,4581.000000000000000,3578381,186.000000000000000,298434.000000000000000,4009,4221181,4767,3876815,8590,7799486
280,9/19/2021 15:00:00,2740,3925487,3177.000000000000000,3581558,75.000000000000000,298509.000000000000000,2815,4223996,3252,3880067,5992,7805478
281,9/20/2021 15:00:00,3750,3929237,4684.000000000000000,3586242,429.000000000000000,298938.000000000000000,4179,4228175,5113,3885180,8863,7814341
282,9/21/2021 15:00:00,4001,3933238,5015.000000000000000,3591257,327.000000000000000,299265.000000000000000,4328,4232503,5342,3890522,9343,7823684
283,9/22/2021 15:00:00,4190,3937428,4790.000000000000000,3596047,459.000000000000000,299724.000000000000000,4649,4237152,5249,3895771,9439,7833123
284,9/23/2021 15:00:00,4185,3941613,4732.000000000000000,3600779,492.000000000000000,300216.000000000000000,4677,4241829,5224,3900995,9409,7842532
285,9/24/2021 15:00:00,5089,3946702,5619.000000000000000,3606398,422.000000000000000,300638.000000000000000,5511,4247340,6041,3907036,11130,7853662
286,9/25/2021 15:00:00,3639,3950341,3631.000000000000000,3610029,384.000000000000000,301022.000000000000000,4023,4251363,4015,3911051,7654,7861316
287,9/26/2021 15:00:00,2348,3952689,2665.000000000000000,3612694,433.000000000000000,301455.000000000000000,2781,4254144,3098,3914149,5446,7866762
288,9/27/2021 15:00:00,4505,3957194,2713.000000000000000,3615407,512.000000000000000,301967.000000000000000,5017,4259161,3225,3917374,7730,7874492
289,9/28/2021 15:00:00,4407,3961601,4454.000000000000000,3619861,211.000000000000000,302178.000000000000000,4618,4263779,4665,3922039,9072,7883564
290,9/29/2021 15:00:00,4693,3966294,4522.000000000000000,3624383,920.000000000000000,303098.000000000000000,5613,4269392,5442,3927481,10135,7893699
291,9/30/2021 15:00:00,4891,3971185,4570.000000000000000,3628953,796.000000000000000,303894.000000000000000,5687,4275079,5366,3932847,10257,7903956
292,10/1/2021 15:00:00,5521,3976706,5358.000000000000000,3634311,785.000000000000000,304679.000000000000000,6306,4281385,6143,3938990,11664,7915620
293,10/2/2021 15:00:00,2946,3979652,2898.000000000000000,3637209,187.000000000000000,304866.000000000000000,3133,4284518,3085,3942075,6031,7921651
294,10/3/2021 15:00:00,2073,3981725,2379.000000000000000,3639588,86.000000000000000,304952.000000000000000,2159,4286677,2465,3944540,4538,7926189
295,10/4/2021 15:00:00,4028,3985753,3500.000000000000000,3643088,232.000000000000000,305184.000000000000000,4260,4290937,3732,3948272,7760,7933949
296,10/5/2021 15:00:00,3953,3989706,3663.000000000000000,3646751,206.000000000000000,305390.000000000000000,4159,4295096,3869,3952141,7822,7941771
297,10/6/2021 15:00:00,4023,3993729,3571.000000000000000,3650322,266.000000000000000,305656.000000000000000,4289,4299385,3837,3955978,7860,7949631
298,10/7/2021 15:00:00,4229,3997958,3632.000000000000000,3653954,332.000000000000000,305988.000000000000000,4561,4303946,3964,3959942,8193,7957824
299,10/8/2021 15:00:00,4776,4002734,4290.000000000000000,3658244,283.000000000000000,306271.000000000000000,5059,4309005,4573,3964515,9349,7967173
300,10/9/2021 15:00:00,2693,4005427,2678.000000000000000,3660922,270.000000000000000,306541.000000000000000,2963,4311968,2948,3967463,5641,7972814
301,10/10/2021 15:00:00,1860,4007287,1849.000000000000000,3662771,59.000000000000000,306600.000000000000000,1919,4313887,1908,3969371,3768,7976582
302,10/11/2021 15:00:00,4207,4011494,3313.000000000000000,3666084,250.000000000000000,306850.000000000000000,4457,4318344,3563,3972934,7770,7984352
303,10/12/2021 15:00:00,3601,4015095,3538.000000000000000,3669622,274.000000000000000,307124.000000000000000,3875,4322219,3812,3976746,7413,7991765
304,10/13/2021 15:00:00,3983,4019078,3458.000000000000000,3673080,346.000000000000000,307470.000000000000000,4329,4326548,3804,3980550,7787,7999552
305,10/14/2021 15:00:00,5167,4024245,5497.000000000000000,3678577,430.000000000000000,307900.000000000000000,5597,4332145,5927,3986477,11094,8010646
306,10/15/2021 15:00:00,4759,4029004,4605.000000000000000,3683182,347.000000000000000,308247.000000000000000,5106,4337251,4952,3991429,9711,8020357
307,10/16/2021 15:00:00,2493,4031497,2517.000000000000000,3685699,291.000000000000000,308538.000000000000000,2784,4340035,2808,3994237,5301,8025658
308,10/17/2021 15:00:00,1805,4033302,1774.000000000000000,3687473,55.000000000000000,308593.000000000000000,1860,4341895,1829,3996066,3634,8029292
309,10/18/2021 15:00:00,4279,4037581,3577.000000000000000,3691050,268.000000000000000,308861.000000000000000,4547,4346442,3845,3999911,8124,8037416
310,10/19/2021 15:00:00,4300,4041881,4010.000000000000000,3695060,223.000000000000000,309084.000000000000000,4523,4350965,4233,4004144,8533,8045949
311,10/20/2021 15:00:00,3540,4045421,3422.000000000000000,3698482,255.000000000000000,309339.000000000000000,3795,4354760,3677,4007821,7217,8053166
312,10/21/2021 15:00:00,3300,4048721,3275.000000000000000,3701757,291.000000000000000,309630.000000000000000,3591,4358351,3566,4011387,6866,8060032
313,10/22/2021 15:00:00,4684,4053405,4034.000000000000000,3705791,477.000000000000000,310107.000000000000000,5161,4363512,4511,4015898,9195,8069227
314,10/23/2021 15:00:00,2878,4056283,2114.000000000000000,3707905,321.000000000000000,310428.000000000000000,3199,4366711,2435,4018333,5313,8074540
315,10/24/2021 15:00:00,2056,4058339,1551.000000000000000,3709456,79.000000000000000,310507.000000000000000,2135,4368846,1630,4019963,3686,8078226
316,10/25/2021 15:00:00,4545,4062884,3070.000000000000000,3712526,320.000000000000000,310827.000000000000000,4865,4373711,3390,4023353,7935,8086161
317,10/26/2021 15:00:00,4515,4067399,3076.000000000000000,3715602,316.000000000000000,311143.000000000000000,4831,4378542,3392,4026745,7907,8094068
318,10/27/2021 15:00:00,4733,4072132,3338.000000000000000,3718940,436.000000000000000,311579.000000000000000,5169,4383711,3774,4030519,8507,8102575
319,10/28/2021 15:00:00,4567,4076699,3360.000000000000000,3722300,501.000000000000000,312080.000000000000000,5068,4388779,3861,4034380,8428,8111003
320,10/29/2021 15:00:00,4988,4081687,3920.000000000000000,3726220,395.000000000000000,312475.000000000000000,5383,4394162,4315,4038695,9303,8120306
321,10/30/2021 15:00:00,2628,4084315,1841.000000000000000,3728061,307.000000000000000,312782.000000000000000,2935,4397097,2148,4040843,4776,8125082
322,10/31/2021 15:00:00,1932,4086247,1519.000000000000000,3729580,93.000000000000000,312875.000000000000000,2025,4399122,1612,4042455,3544,8128626
323,11/1/2021 15:00:00,4729,4090976,3437.000000000000000,3733017,350.000000000000000,313225.000000000000000,5079,4404201,3787,4046242,8516,8137142
324,11/2/2021 15:00:00,4262,4095238,2942.000000000000000,3735959,409.000000000000000,313634.000000000000000,4671,4408872,3351,4049593,7613,8144755
325,11/3/2021 15:00:00,4665,4099903,3045.000000000000000,3739004,464.000000000000000,314098.000000000000000,5129,4414001,3509,4053102,8174,8152929
326,11/4/2021 15:00:00,6315,4106218,3368.000000000000000,3742372,512.000000000000000,314610.000000000000000,6827,4420828,3880,4056982,10195,8163124
327,11/5/2021 15:00:00,8243,4114461,3771.000000000000000,3746143,413.000000000000000,315023.000000000000000,8656,4429484,4184,4061166,12427,8175551
328,11/6/2021 15:00:00,10178,4124639,1971.000000000000000,3748114,308.000000000000000,315331.000000000000000,10486,4439970,2279,4063445,12457,8188008
329,11/7/2021 15:00:00,7718,4132357,1460.000000000000000,3749574,95.000000000000000,315426.000000000000000,7813,4447783,1555,4065000,9273,8197281
330,11/8/2021 15:00:00,11309,4143666,3048.000000000000000,3752622,379.000000000000000,315805.000000000000000,11688,4459471,3427,4068427,14736,8212017
331,11/9/2021 15:00:00,11766,4155432,2647.000000000000000,3755269,268.000000000000000,316073.000000000000000,12034,4471505,2915,4071342,14681,8226698
332,11/10/2021 15:00:00,12594,4168026,2761.000000000000000,3758030,339.000000000000000,316412.000000000000000,12933,4484438,3100,4074442,15694,8242392
333,11/11/2021 15:00:00,11373,4179399,2375.000000000000000,3760405,280.000000000000000,316692.000000000000000,11653,4496091,2655,4077097,14028,8256420
334,11/12/2021 15:00:00,12298,4191697,3362.000000000000000,3763767,548.000000000000000,317240.000000000000000,12846,4508937,3910,4081007,16208,8272628
335,11/13/2021 15:00:00,9900,4201597,1592.000000000000000,3765359,342.000000000000000,317582.000000000000000,10242,4519179,1934,4082941,11834,8284462
336,11/14/2021 15:00:00,4198,4205795,1114.000000000000000,3766473,121.000000000000000,317703.000000000000000,4319,4523498,1235,4084176,5433,8289895
337,11/15/2021 15:00:00,8630,4214425,2517.000000000000000,3768990,210.000000000000000,317913.000000000000000,8840,4532338,2727,4086903,11357,8301252
338,11/16/2021 15:00:00,9232,4223657,2502.000000000000000,3771492,257.000000000000000,318170.000000000000000,9489,4541827,2759,4089662,11991,8313243
339,11/17/2021 15:00:00,9390,4233047,2860.000000000000000,3774352,312.000000000000000,318482.000000000000000,9702,4551529,3172,4092834,12562,8325805
340,11/18/2021 15:00:00,9282,4242329,2622.000000000000000,3776974,481.000000000000000,318963.000000000000000,9763,4561292,3103,4095937,12385,8338190
341,11/19/2021 15:00:00,9808,4252137,2917.000000000000000,3779891,380.000000000000000,319343.000000000000000,10188,4571480,3297,4099234,13105,8351295
342,11/20/2021 15:00:00,10634,4262771,1603.000000000000000,3781494,455.000000000000000,319798.000000000000000,11089,4582569,2058,4101292,12692,8363987
343,11/21/2021 15:00:00,4342,4267113,1202.000000000000000,3782696,100.000000000000000,319898.000000000000000,4442,4587011,1302,4102594,5644,8369631
344,11/22/2021 15:00:00,9826,4276939,2502.000000000000000,3785198,293.000000000000000,320191.000000000000000,10119,4597130,2795,4105389,12621,8382252
345,11/23/2021 15:00:00,9216,4286155,2395.000000000000000,3787593,283.000000000000000,320474.000000000000000,9499,4606629,2678,4108067,11894,8394146
346,11/24/2021 15:00:00,8173,4294328,2435.000000000000000,3790028,216.000000000000000,320690.000000000000000,8389,4615018,2651,4110718,10824,8404970
347,11/25/2021 15:00:00,238,4294566,79.000000000000000,3790107,10.000000000000000,320700.000000000000000,248,4615266,89,4110807,327,8405297
348,11/26/2021 15:00:00,5646,4300212,3965.000000000000000,3794072,153.000000000000000,320853.000000000000000,5799,4621065,4118,4114925,9764,8415061
349,11/27/2021 15:00:00,3780,4303992,5480.000000000000000,3799552,134.000000000000000,320987.000000000000000,3914,4624979,5614,4120539,9394,8424455
350,11/28/2021 15:00:00,2413,4306405,6383.000000000000000,3805935,77.000000000000000,321064.000000000000000,2490,4627469,6460,4126999,8873,8433328
351,11/29/2021 15:00:00,6380,4312785,9298.000000000000000,3815233,379.000000000000000,321443.000000000000000,6759,4634228,9677,4136676,16057,8449385
352,11/30/2021 15:00:00,6257,4319042,9320.000000000000000,3824553,264.000000000000000,321707.000000000000000,6521,4640749,9584,4146260,15841,8465226
353,12/1/2021 15:00:00,7322,4326364,9735.000000000000000,3834288,309.000000000000000,322016.000000000000000,7631,4648380,10044,4156304,17366,8482592
354,12/2/2021 15:00:00,6928,4333292,8787.000000000000000,3843075,450.000000000000000,322466.000000000000000,7378,4655758,9237,4165541,16165,8498757
355,12/3/2021 15:00:00,7606,4340898,9273.000000000000000,3852348,251.000000000000000,322717.000000000000000,7857,4663615,9524,4175065,17130,8515887
356,12/4/2021 15:00:00,5948,4346846,10055.000000000000000,3862403,467.000000000000000,323184.000000000000000,6415,4670030,10522,4185587,16470,8532357
357,12/5/2021 15:00:00,3445,4350291,3548.000000000000000,3865951,78.000000000000000,323262.000000000000000,3523,4673553,3626,4189213,7071,8539428
358,12/6/2021 15:00:00,6766,4357057,7101.000000000000000,3873052,281.000000000000000,323543.000000000000000,7047,4680600,7382,4196595,14148,8553576
359,12/7/2021 15:00:00,6423,4363480,7044.000000000000000,3880096,250.000000000000000,323793.000000000000000,6673,4687273,7294,4203889,13717,8567293
360,12/8/2021 15:00:00,6942,4370422,7413.000000000000000,3887509,316.000000000000000,324109.000000000000000,7258,4694531,7729,4211618,14671,8581964
361,12/9/2021 15:00:00,6545,4376967,7028.000000000000000,3894537,399.000000000000000,324508.000000000000000,6944,4701475,7427,4219045,13972,8595936
362,12/10/2021 15:00:00,7290,4384257,7328.000000000000000,3901865,232.000000000000000,324740.000000000000000,7522,4708997,7560,4226605,14850,8610786
363,12/11/2021 15:00:00,4462,4388719,7678.000000000000000,3909543,333.000000000000000,325073.000000000000000,4795,4713792,8011,4234616,12473,8623259
364,12/12/2021 15:00:00,4002,4392721,2772.000000000000000,3912315,60.000000000000000,325133.000000000000000,4062,4717854,2832,4237448,6834,8630093
365,12/13/2021 15:00:00,5696,4398417,5768.000000000000000,3918083,243.000000000000000,325376.000000000000000,5939,4723793,6011,4243459,11707,8641800
366,12/14/2021 15:00:00,6464,4404881,5933.000000000000000,3924016,223.000000000000000,325599.000000000000000,6687,4730480,6156,4249615,12620,8654420
367,12/15/2021 15:00:00,7179,4412060,5723.000000000000000,3929739,258.000000000000000,325857.000000000000000,7437,4737917,5981,4255596,13160,8667580
368,12/16/2021 15:00:00,7899,4419959,2826.000000000000000,3932565,423.000000000000000,326280.000000000000000,8322,4746239,3249,4258845,11148,8678728
369,12/17/2021 15:00:00,7852,4427811,4163.000000000000000,3936728,195.000000000000000,326475.000000000000000,8047,4754286,4358,4263203,12210,8690938
370,12/18/2021 15:00:00,5842,4433653,3186.000000000000000,3939914,298.000000000000000,326773.000000000000000,6140,4760426,3484,4266687,9326,8700264
371,12/19/2021 15:00:00,3375,4437028,1342.000000000000000,3941256,37.000000000000000,326810.000000000000000,3412,4763838,1379,4268066,4754,8705018
372,12/20/2021 15:00:00,8099,4445127,3750.000000000000000,3945006,173.000000000000000,326983.000000000000000,8272,4772110,3923,4271989,12022,8717040
373,12/21/2021 15:00:00,8996,4454123,4166.000000000000000,3949172,175.000000000000000,327158.000000000000000,9171,4781281,4341,4276330,13337,8730377
374,12/22/2021 15:00:00,8703,4462826,3880.000000000000000,3953052,184.000000000000000,327342.000000000000000,8887,4790168,4064,4280394,12767,8743144
375,12/23/2021 15:00:00,8418,4471244,3575.000000000000000,3956627,359.000000000000000,327701.000000000000000,8777,4798945,3934,4284328,12352,8755496
376,12/24/2021 15:00:00,1637,4472881,1011.000000000000000,3957638,39.000000000000000,327740.000000000000000,1676,4800621,1050,4285378,2687,8758183
377,12/25/2021 15:00:00,47,4472928,36.000000000000000,3957674,1.000000000000000,327741.000000000000000,48,4800669,37,4285415,84,8758267
378,12/26/2021 15:00:00,2517,4475445,1745.000000000000000,3959419,44.000000000000000,327785.000000000000000,2561,4803230,1789,4287204,4306,8762573
379,12/27/2021 15:00:00,7221,4482666,4011.000000000000000,3963430,297.000000000000000,328082.000000000000000,7518,4810748,4308,4291512,11529,8774102
380,12/28/2021 15:00:00,7949,4490615,3863.000000000000000,3967293,178.000000000000000,328260.000000000000000,8127,4818875,4041,4295553,11990,8786092
381,12/29/2021 15:00:00,8248,4498863,4020.000000000000000,3971313,156.000000000000000,328416.000000000000000,8404,4827279,4176,4299729,12424,8798516
382,12/30/2021 15:00:00,7490,4506353,3796.000000000000000,3975109,290.000000000000000,328706.000000000000000,7780,4835059,4086,4303815,11576,8810092
383,12/31/2021 15:00:00,2579,4508932,1532.000000000000000,3976641,90.000000000000000,328796.000000000000000,2669,4837728,1622,4305437,4201,8814293
384,1/1/2022 15:00:00,739,4509671,349.000000000000000,3976990,34.000000000000000,328830.000000000000000,773,4838501,383,4305820,1122,8815415
385,1/2/2022 15:00:00,2216,4511887,1648.000000000000000,3978638,48.000000000000000,328878.000000000000000,2264,4840765,1696,4307516,3912,8819327
386,1/3/2022 15:00:00,3398,4515285,2068.000000000000000,3980706,222.000000000000000,329100.000000000000000,3620,4844385,2290,4309806,5688,8825015
387,1/4/2022 15:00:00,5858,4521143,3490.000000000000000,3984196,165.000000000000000,329265.000000000000000,6023,4850408,3655,4313461,9513,8834528
388,1/5/2022 15:00:00,6838,4527981,4700.000000000000000,3988896,175.000000000000000,329440.000000000000000,7013,4857421,4875,4318336,11713,8846241
389,1/6/2022 15:00:00,6787,4534768,4829.000000000000000,3993725,265.000000000000000,329705.000000000000000,7052,4864473,5094,4323430,11881,8858122
390,1/7/2022 15:00:00,6008,4540776,3789.000000000000000,3997514,162.000000000000000,329867.000000000000000,6170,4870643,3951,4327381,9959,8868081
391,1/8/2022 15:00:00,4810,4545586,3913.000000000000000,4001427,78.000000000000000,329945.000000000000000,4888,4875531,3991,4331372,8801,8876882
392,1/9/2022 15:00:00,2765,4548351,2017.000000000000000,4003444,154.000000000000000,330099.000000000000000,2919,4878450,2171,4333543,4936,8881818
393,1/10/2022 15:00:00,6358,4554709,3844.000000000000000,4007288,161.000000000000000,330260.000000000000000,6519,4884969,4005,4337548,10363,8892181
394,1/11/2022 15:00:00,6570,4561279,4263.000000000000000,4011551,142.000000000000000,330402.000000000000000,6712,4891681,4405,4341953,10975,8903156
395,1/12/2022 15:00:00,6834,4568113,4442.000000000000000,4015993,225.000000000000000,330627.000000000000000,7059,4898740,4667,4346620,11501,8914657
396,1/13/2022 15:00:00,6690,4574803,4387.000000000000000,4020380,153.000000000000000,330780.000000000000000,6843,4905583,4540,4351160,11230,8925887
397,1/14/2022 15:00:00,7237,4582040,3289.000000000000000,4023669,252.000000000000000,331032.000000000000000,7489,4913072,3541,4354701,10778,8936665
398,1/15/2022 15:00:00,4279,4586319,1696.000000000000000,4025365,71.000000000000000,331103.000000000000000,4350,4917422,1767,4356468,6046,8942711
399,1/16/2022 15:00:00,2219,4588538,1321.000000000000000,4026686,116.000000000000000,331219.000000000000000,2335,4919757,1437,4357905,3656,8946367
400,1/17/2022 15:00:00,3630,4592168,2370.000000000000000,4029056,74.000000000000000,331293.000000000000000,3704,4923461,2444,4360349,6074,8952441
401,1/18/2022 15:00:00,5302,4597470,4204.000000000000000,4033260,102.000000000000000,331395.000000000000000,5404,4928865,4306,4364655,9608,8962049
402,1/19/2022 15:00:00,5303,4602773,4479.000000000000000,4037739,99.000000000000000,331494.000000000000000,5402,4934267,4578,4369233,9881,8971930
403,1/20/2022 15:00:00,4531,4607304,3628.000000000000000,4041367,176.000000000000000,331670.000000000000000,4707,4938974,3804,4373037,8335,8980265
404,1/21/2022 15:00:00,5612,4612916,2937.000000000000000,4044304,126.000000000000000,331796.000000000000000,5738,4944712,3063,4376100,8675,8988940
405,1/22/2022 15:00:00,3465,4616381,1723.000000000000000,4046027,134.000000000000000,331930.000000000000000,3599,4948311,1857,4377957,5322,8994262
406,1/23/2022 15:00:00,2032,4618413,1493.000000000000000,4047520,30.000000000000000,331960.000000000000000,2062,4950373,1523,4379480,3555,8997817
407,1/24/2022 15:00:00,4125,4622538,2767.000000000000000,4050287,89.000000000000000,332049.000000000000000,4214,4954587,2856,4382336,6981,9004798
408,1/25/2022 15:00:00,3824,4626362,3314.000000000000000,4053601,95.000000000000000,332144.000000000000000,3919,4958506,3409,4385745,7233,9012031
409,1/26/2022 15:00:00,3881,4630243,3696.000000000000000,4057297,94.000000000000000,332238.000000000000000,3975,4962481,3790,4389535,7671,9019702
410,1/27/2022 15:00:00,3781,4634024,3924.000000000000000,4061221,186.000000000000000,332424.000000000000000,3967,4966448,4110,4393645,7891,9027593
411,1/28/2022 15:00:00,3862,4637886,3279.000000000000000,4064500,75.000000000000000,332499.000000000000000,3937,4970385,3354,4396999,7216,9034809
412,1/29/2022 15:00:00,2309,4640195,2295.000000000000000,4066795,117.000000000000000,332616.000000000000000,2426,4972811,2412,4399411,4721,9039530
413,1/30/2022 15:00:00,1565,4641760,1638.000000000000000,4068433,16.000000000000000,332632.000000000000000,1581,4974392,1654,4401065,3219,9042749
414,1/31/2022 15:00:00,3004,4644764,3238.000000000000000,4071671,58.000000000000000,332690.000000000000000,3062,4977454,3296,4404361,6300,9049049
415,2/1/2022 15:00:00,2652,4647416,3408.000000000000000,4075079,75.000000000000000,332765.000000000000000,2727,4980181,3483,4407844,6135,9055184
416,2/2/2022 15:00:00,2828,4650244,3723.000000000000000,4078802,77.000000000000000,332842.000000000000000,2905,4983086,3800,4411644,6628,9061812
417,2/3/2022 15:00:00,2764,4653008,3655.000000000000000,4082457,42.000000000000000,332884.000000000000000,2806,4985892,3697,4415341,6461,9068273
418,2/4/2022 15:00:00,2784,4655792,4378.000000000000000,4086835,128.000000000000000,333012.000000000000000,2912,4988804,4506,4419847,7290,9075563
419,2/5/2022 15:00:00,1926,4657718,2898.000000000000000,4089733,112.000000000000000,333124.000000000000000,2038,4990842,3010,4422857,4936,9080499
420,2/6/2022 15:00:00,1082,4658800,1353.000000000000000,4091086,24.000000000000000,333148.000000000000000,1106,4991948,1377,4424234,2459,9082958
421,2/7/2022 15:00:00,2070,4660870,2694.000000000000000,4093780,51.000000000000000,333199.000000000000000,2121,4994069,2745,4426979,4815,9087773
422,2/8/2022 15:00:00,2097,4662967,3092.000000000000000,4096872,63.000000000000000,333262.000000000000000,2160,4996229,3155,4430134,5252,9093025
423,2/9/2022 15:00:00,2213,4665180,3315.000000000000000,4100187,75.000000000000000,333337.000000000000000,2288,4998517,3390,4433524,5603,9098628
424,2/10/2022 15:00:00,2098,4667278,2868.000000000000000,4103055,55.000000000000000,333392.000000000000000,2153,5000670,2923,4436447,5021,9103649
425,2/11/2022 15:00:00,2486,4669764,3506.000000000000000,4106561,121.000000000000000,333513.000000000000000,2607,5003277,3627,4440074,6113,9109762
426,2/12/2022 15:00:00,1658,4671422,2284.000000000000000,4108845,97.000000000000000,333610.000000000000000,1755,5005032,2381,4442455,4039,9113801
427,2/13/2022 15:00:00,737,4672159,1085.000000000000000,4109930,17.000000000000000,333627.000000000000000,754,5005786,1102,4443557,1839,9115640
428,2/14/2022 15:00:00,1466,4673625,2239.000000000000000,4112169,65.000000000000000,333692.000000000000000,1531,5007317,2304,4445861,3770,9119410
429,2/15/2022 15:00:00,1943,4675568,2458.000000000000000,4114627,48.000000000000000,333740.000000000000000,1991,5009308,2506,4448367,4449,9123859
430,2/16/2022 15:00:00,1688,4677256,2423.000000000000000,4117050,52.000000000000000,333792.000000000000000,1740,5011048,2475,4450842,4163,9128022
431,2/17/2022 15:00:00,16857,4694113,13020.000000000000000,4130070,485.000000000000000,334277.000000000000000,17342,5028390,13505,4464347,30362,9158384
432,2/18/2022 15:00:00,1971,4696084,2546.000000000000000,4132616,49.000000000000000,334326.000000000000000,2020,5030410,2595,4466942,4566,9162950
433,2/19/2022 15:00:00,1223,4697307,1659.000000000000000,4134275,39.000000000000000,334365.000000000000000,1262,5031672,1698,4468640,2921,9165871
434,2/20/2022 15:00:00,705,4698012,846.000000000000000,4135121,15.000000000000000,334380.000000000000000,720,5032392,861,4469501,1566,9167437
435,2/21/2022 15:00:00,1278,4699290,1746.000000000000000,4136867,32.000000000000000,334412.000000000000000,1310,5033702,1778,4471279,3056,9170493
436,2/22/2022 15:00:00,1414,4700704,1821.000000000000000,4138688,34.000000000000000,334446.000000000000000,1448,5035150,1855,4473134,3269,9173762
437,2/23/2022 15:00:00,792,4701496,1045.000000000000000,4139733,26.000000000000000,334472.000000000000000,818,5035968,1071,4474205,1863,9175625