OBJECTID,VACCINATION_DATE,FirstDailyDose,FirstDoseCumulative,SecondDailyDose,SecondDoseCumulative,SingleDailyDose,SingleDoseCumulative,AtleastOneVaccine,AtleastOneVaccineCumulative,CompletedVax,CompletedVaxCumulative,FirstSecondSingleVaccination_12,FirstSecondSingleVaccination_13
1,12/14/2020 15:00:00,17,1077,,402,,,17,1077,0,402,17,1394
2,12/15/2020 15:00:00,54,1131,3.000000000000000,405,,,54,1131,3,405,57,1451
3,12/16/2020 15:00:00,579,1710,2.000000000000000,407,,,579,1710,2,407,581,2032
4,12/17/2020 15:00:00,1147,2857,2.000000000000000,409,,,1147,2857,2,409,1149,3181
5,12/18/2020 15:00:00,2996,5853,11.000000000000000,420,,,2996,5853,11,420,3007,6188
6,12/19/2020 15:00:00,921,6774,5.000000000000000,425,,,921,6774,5,425,926,7114
7,12/20/2020 15:00:00,341,7115,4.000000000000000,429,,,341,7115,4,429,345,7459
8,12/21/2020 15:00:00,3866,10981,24.000000000000000,453,,,3866,10981,24,453,3890,11349
9,12/22/2020 15:00:00,6294,17275,23.000000000000000,476,,,6294,17275,23,476,6317,17666
10,12/23/2020 15:00:00,5742,23017,33.000000000000000,509,,,5742,23017,33,509,5775,23441
11,12/24/2020 15:00:00,2718,25735,13.000000000000000,522,,,2718,25735,13,522,2731,26172
12,12/25/2020 15:00:00,1035,26770,3.000000000000000,525,,,1035,26770,3,525,1038,27210
13,12/26/2020 15:00:00,1873,28643,9.000000000000000,534,,,1873,28643,9,534,1882,29092
14,12/27/2020 15:00:00,1797,30440,10.000000000000000,544,,,1797,30440,10,544,1807,30899
15,12/28/2020 15:00:00,8961,39401,41.000000000000000,585,,,8961,39401,41,585,9002,39901
16,12/29/2020 15:00:00,10934,50335,44.000000000000000,629,,,10934,50335,44,629,10978,50879
17,12/30/2020 15:00:00,12472,62807,71.000000000000000,700,,,12472,62807,71,700,12543,63422
18,12/31/2020 15:00:00,7528,70335,40.000000000000000,740,,,7528,70335,40,740,7568,70990
19,1/1/2021 15:00:00,2783,73118,124.000000000000000,864,,,2783,73118,124,864,2907,73897
20,1/2/2021 15:00:00,3003,76121,34.000000000000000,898,,,3003,76121,34,898,3037,76934
21,1/3/2021 15:00:00,3383,79504,80.000000000000000,978,,,3383,79504,80,978,3463,80397
22,1/4/2021 15:00:00,13300,92804,320.000000000000000,1298,,,13300,92804,320,1298,13620,94017
23,1/5/2021 15:00:00,12429,105233,522.000000000000000,1820,,,12429,105233,522,1820,12951,106968
24,1/6/2021 15:00:00,15188,120421,846.000000000000000,2666,,,15188,120421,846,2666,16034,123002
25,1/7/2021 15:00:00,14968,135389,1742.000000000000000,4408,,,14968,135389,1742,4408,16710,139712
26,1/8/2021 15:00:00,23954,159343,2741.000000000000000,7149,,,23954,159343,2741,7149,26695,166407
27,1/9/2021 15:00:00,5142,164485,941.000000000000000,8090,,,5142,164485,941,8090,6083,172490
28,1/10/2021 15:00:00,2939,167424,371.000000000000000,8461,,,2939,167424,371,8461,3310,175800
29,1/11/2021 15:00:00,13684,181108,3442.000000000000000,11903,,,13684,181108,3442,11903,17126,192926
30,1/12/2021 15:00:00,17321,198429,5564.000000000000000,17467,,,17321,198429,5564,17467,22885,215811
31,1/13/2021 15:00:00,18542,216971,3876.000000000000000,21343,,,18542,216971,3876,21343,22418,238229
32,1/14/2021 15:00:00,17785,234756,1935.000000000000000,23278,,,17785,234756,1935,23278,19720,257949
33,1/15/2021 15:00:00,19392,254148,1990.000000000000000,25268,,,19392,254148,1990,25268,21382,279331
34,1/16/2021 15:00:00,5789,259937,1600.000000000000000,26868,,,5789,259937,1600,26868,7389,286720
35,1/17/2021 15:00:00,2107,262044,1472.000000000000000,28340,,,2107,262044,1472,28340,3579,290299
36,1/18/2021 15:00:00,7055,269099,3235.000000000000000,31575,,,7055,269099,3235,31575,10290,300589
37,1/19/2021 15:00:00,16890,285989,5372.000000000000000,36947,,,16890,285989,5372,36947,22262,322851
38,1/20/2021 15:00:00,20969,306958,5275.000000000000000,42222,,,20969,306958,5275,42222,26244,349095
39,1/21/2021 15:00:00,23726,330684,3782.000000000000000,46004,,,23726,330684,3782,46004,27508,376603
40,1/22/2021 15:00:00,28616,359300,3698.000000000000000,49702,,,28616,359300,3698,49702,32314,408917
41,1/23/2021 15:00:00,10084,369384,1916.000000000000000,51618,,,10084,369384,1916,51618,12000,420917
42,1/24/2021 15:00:00,3337,372721,1718.000000000000000,53336,,,3337,372721,1718,53336,5055,425972
43,1/25/2021 15:00:00,16276,388997,8562.000000000000000,61898,,,16276,388997,8562,61898,24838,450810
44,1/26/2021 15:00:00,17531,406528,8938.000000000000000,70836,,,17531,406528,8938,70836,26469,477279
45,1/27/2021 15:00:00,24418,430946,12498.000000000000000,83334,,,24418,430946,12498,83334,36916,514195
46,1/28/2021 15:00:00,22622,453568,9266.000000000000000,92600,,,22622,453568,9266,92600,31888,546083
47,1/29/2021 15:00:00,24734,478302,7859.000000000000000,100459,,,24734,478302,7859,100459,32593,578676
48,1/30/2021 15:00:00,17751,496053,2517.000000000000000,102976,,,17751,496053,2517,102976,20268,598944
49,1/31/2021 15:00:00,3747,499800,1332.000000000000000,104308,,,3747,499800,1332,104308,5079,604023
50,2/1/2021 15:00:00,7731,507531,5180.000000000000000,109488,,,7731,507531,5180,109488,12911,616934
51,2/2/2021 15:00:00,12425,519956,13760.000000000000000,123248,,,12425,519956,13760,123248,26185,643119
52,2/3/2021 15:00:00,18188,538144,18072.000000000000000,141320,,,18188,538144,18072,141320,36260,679379
53,2/4/2021 15:00:00,22044,560188,15702.000000000000000,157022,,,22044,560188,15702,157022,37746,717125
54,2/5/2021 15:00:00,20258,580446,17343.000000000000000,174365,,,20258,580446,17343,174365,37601,754726
55,2/6/2021 15:00:00,11275,591721,14430.000000000000000,188795,,,11275,591721,14430,188795,25705,780431
56,2/7/2021 15:00:00,5907,597628,1794.000000000000000,190589,,,5907,597628,1794,190589,7701,788132
57,2/8/2021 15:00:00,12927,610555,12879.000000000000000,203468,,,12927,610555,12879,203468,25806,813938
58,2/9/2021 15:00:00,16595,627150,13815.000000000000000,217283,,,16595,627150,13815,217283,30410,844348
59,2/10/2021 15:00:00,19222,646372,21170.000000000000000,238453,,,19222,646372,21170,238453,40392,884740
60,2/11/2021 15:00:00,22837,669209,17264.000000000000000,255717,,,22837,669209,17264,255717,40101,924841
61,2/12/2021 15:00:00,20332,689541,19559.000000000000000,275276,,,20332,689541,19559,275276,39891,964732
62,2/13/2021 15:00:00,11396,700937,6380.000000000000000,281656,,,11396,700937,6380,281656,17776,982508
63,2/14/2021 15:00:00,7095,708032,2104.000000000000000,283760,,,7095,708032,2104,283760,9199,991707
64,2/15/2021 15:00:00,11730,719762,13272.000000000000000,297032,,,11730,719762,13272,297032,25002,1016709
65,2/16/2021 15:00:00,16559,736321,20965.000000000000000,317997,,,16559,736321,20965,317997,37524,1054233
66,2/17/2021 15:00:00,20621,756942,26328.000000000000000,344325,,,20621,756942,26328,344325,46949,1101182
67,2/18/2021 15:00:00,3176,760118,4593.000000000000000,348918,,,3176,760118,4593,348918,7769,1108951
68,2/19/2021 15:00:00,10231,770349,19885.000000000000000,368803,,,10231,770349,19885,368803,30116,1139067
69,2/20/2021 15:00:00,10283,780632,20242.000000000000000,389045,,,10283,780632,20242,389045,30525,1169592
70,2/21/2021 15:00:00,6155,786787,7622.000000000000000,396667,,,6155,786787,7622,396667,13777,1183369
71,2/22/2021 15:00:00,8001,794788,15431.000000000000000,412098,,,8001,794788,15431,412098,23432,1206801
72,2/23/2021 15:00:00,15497,810285,15910.000000000000000,428008,,,15497,810285,15910,428008,31407,1238208
73,2/24/2021 15:00:00,17897,828182,24701.000000000000000,452709,,,17897,828182,24701,452709,42598,1280806
74,2/25/2021 15:00:00,20372,848554,26474.000000000000000,479183,,,20372,848554,26474,479183,46846,1327652
75,2/26/2021 15:00:00,26682,875236,26124.000000000000000,505307,,,26682,875236,26124,505307,52806,1380458
76,2/27/2021 15:00:00,15958,891194,11103.000000000000000,516410,,,15958,891194,11103,516410,27061,1407519
77,2/28/2021 15:00:00,15483,906677,4850.000000000000000,521260,,,15483,906677,4850,521260,20333,1427852
78,3/1/2021 15:00:00,26325,933002,12402.000000000000000,533662,,,26325,933002,12402,533662,38727,1466579
79,3/2/2021 15:00:00,23812,956814,13212.000000000000000,546874,32.000000000000000,32.000000000000000,23844,956846,13244,546906,37056,1503635
80,3/3/2021 15:00:00,30066,986880,18335.000000000000000,565209,181.000000000000000,213.000000000000000,30247,987093,18516,565422,48582,1552217
81,3/4/2021 15:00:00,30921,1017801,18123.000000000000000,583332,4065.000000000000000,4278.000000000000000,34986,1022079,22188,587610,53109,1605326
82,3/5/2021 15:00:00,29387,1047188,19402.000000000000000,602734,4911.000000000000000,9189.000000000000000,34298,1056377,24313,611923,53700,1659026
83,3/6/2021 15:00:00,17819,1065007,8939.000000000000000,611673,6003.000000000000000,15192.000000000000000,23822,1080199,14942,626865,32761,1691787
84,3/7/2021 15:00:00,12098,1077105,4821.000000000000000,616494,6612.000000000000000,21804.000000000000000,18710,1098909,11433,638298,23531,1715318
85,3/8/2021 15:00:00,25806,1102911,8778.000000000000000,625272,8276.000000000000000,30080.000000000000000,34082,1132991,17054,655352,42860,1758178
86,3/9/2021 15:00:00,26056,1128967,15390.000000000000000,640662,8344.000000000000000,38424.000000000000000,34400,1167391,23734,679086,49790,1807968
87,3/10/2021 15:00:00,29788,1158755,15919.000000000000000,656581,7932.000000000000000,46356.000000000000000,37720,1205111,23851,702937,53639,1861607
88,3/11/2021 15:00:00,35898,1194653,16381.000000000000000,672962,3980.000000000000000,50336.000000000000000,39878,1244989,20361,723298,56259,1917866
89,3/12/2021 15:00:00,36853,1231506,18008.000000000000000,690970,2920.000000000000000,53256.000000000000000,39773,1284762,20928,744226,57781,1975647
90,3/13/2021 15:00:00,22634,1254140,10239.000000000000000,701209,1606.000000000000000,54862.000000000000000,24240,1309002,11845,756071,34479,2010126
91,3/14/2021 15:00:00,17826,1271966,6674.000000000000000,707883,999.000000000000000,55861.000000000000000,18825,1327827,7673,763744,25499,2035625
92,3/15/2021 15:00:00,29744,1301710,11228.000000000000000,719111,593.000000000000000,56454.000000000000000,30337,1358164,11821,775565,41565,2077190
93,3/16/2021 15:00:00,33366,1335076,13507.000000000000000,732618,765.000000000000000,57219.000000000000000,34131,1392295,14272,789837,47638,2124828
94,3/17/2021 15:00:00,37512,1372588,16967.000000000000000,749585,1175.000000000000000,58394.000000000000000,38687,1430982,18142,807979,55654,2180482
95,3/18/2021 15:00:00,41347,1413935,12559.000000000000000,762144,1348.000000000000000,59742.000000000000000,42695,1473677,13907,821886,55254,2235736
96,3/19/2021 15:00:00,38247,1452182,15348.000000000000000,777492,1036.000000000000000,60778.000000000000000,39283,1512960,16384,838270,54631,2290367
97,3/20/2021 15:00:00,24641,1476823,10082.000000000000000,787574,698.000000000000000,61476.000000000000000,25339,1538299,10780,849050,35421,2325788
98,3/21/2021 15:00:00,19136,1495959,7824.000000000000000,795398,333.000000000000000,61809.000000000000000,19469,1557768,8157,857207,27293,2353081
99,3/22/2021 15:00:00,32512,1528471,11413.000000000000000,806811,834.000000000000000,62643.000000000000000,33346,1591114,12247,869454,44759,2397840
100,3/23/2021 15:00:00,37714,1566185,17281.000000000000000,824092,1552.000000000000000,64195.000000000000000,39266,1630380,18833,888287,56547,2454387
101,3/24/2021 15:00:00,41020,1607205,21117.000000000000000,845209,1379.000000000000000,65574.000000000000000,42399,1672779,22496,910783,63516,2517903
102,3/25/2021 15:00:00,42289,1649494,20962.000000000000000,866171,2455.000000000000000,68029.000000000000000,44744,1717523,23417,934200,65706,2583609
103,3/26/2021 15:00:00,36552,1686046,26214.000000000000000,892385,2499.000000000000000,70528.000000000000000,39051,1756574,28713,962913,65265,2648874
104,3/27/2021 15:00:00,26898,1712944,16741.000000000000000,909126,2481.000000000000000,73009.000000000000000,29379,1785953,19222,982135,46120,2694994
105,3/28/2021 15:00:00,17001,1729945,12596.000000000000000,921722,1614.000000000000000,74623.000000000000000,18615,1804568,14210,996345,31211,2726205
106,3/29/2021 15:00:00,29675,1759620,26182.000000000000000,947904,1138.000000000000000,75761.000000000000000,30813,1835381,27320,1023665,56995,2783200
107,3/30/2021 15:00:00,39986,1799606,28886.000000000000000,976790,1855.000000000000000,77616.000000000000000,41841,1877222,30741,1054406,70727,2853927
108,3/31/2021 15:00:00,40989,1840595,34548.000000000000000,1011338,5745.000000000000000,83361.000000000000000,46734,1923956,40293,1094699,81282,2935209
109,4/1/2021 15:00:00,40908,1881503,39767.000000000000000,1051105,5637.000000000000000,88998.000000000000000,46545,1970501,45404,1140103,86312,3021521
110,4/2/2021 15:00:00,34926,1916429,32450.000000000000000,1083555,6111.000000000000000,95109.000000000000000,41037,2011538,38561,1178664,73487,3095008
111,4/3/2021 15:00:00,21593,1938022,18641.000000000000000,1102196,4363.000000000000000,99472.000000000000000,25956,2037494,23004,1201668,44597,3139605
112,4/4/2021 15:00:00,8229,1946251,10158.000000000000000,1112354,961.000000000000000,100433.000000000000000,9190,2046684,11119,1212787,19348,3158953
113,4/5/2021 15:00:00,27860,1974111,28810.000000000000000,1141164,6647.000000000000000,107080.000000000000000,34507,2081191,35457,1248244,63317,3222270
114,4/6/2021 15:00:00,39702,2013813,30355.000000000000000,1171519,10484.000000000000000,117564.000000000000000,50186,2131377,40839,1289083,80541,3302811
115,4/7/2021 15:00:00,35987,2049800,34138.000000000000000,1205657,12965.000000000000000,130529.000000000000000,48952,2180329,47103,1336186,83090,3385901
116,4/8/2021 15:00:00,42246,2092046,35951.000000000000000,1241608,13848.000000000000000,144377.000000000000000,56094,2236423,49799,1385985,92045,3477946
117,4/9/2021 15:00:00,33972,2126018,36232.000000000000000,1277840,14517.000000000000000,158894.000000000000000,48489,2284912,50749,1436734,84721,3562667
118,4/10/2021 15:00:00,23415,2149433,23071.000000000000000,1300911,7618.000000000000000,166512.000000000000000,31033,2315945,30689,1467423,54104,3616771
119,4/11/2021 15:00:00,17546,2166979,13246.000000000000000,1314157,10120.000000000000000,176632.000000000000000,27666,2343611,23366,1490789,40912,3657683
120,4/12/2021 15:00:00,24548,2191527,33096.000000000000000,1347253,10889.000000000000000,187521.000000000000000,35437,2379048,43985,1534774,68533,3726216
121,4/13/2021 15:00:00,126740,2318267,90529.000000000000000,1437782,3292.000000000000000,190813.000000000000000,130032,2509080,93821,1628595,220561,3946777
122,4/14/2021 15:00:00,40661,2358928,37707.000000000000000,1475489,211.000000000000000,191024.000000000000000,40872,2549952,37918,1666513,78579,4025356
123,4/15/2021 15:00:00,41656,2400584,39090.000000000000000,1514579,173.000000000000000,191197.000000000000000,41829,2591781,39263,1705776,80919,4106275
124,4/16/2021 15:00:00,37170,2437754,38670.000000000000000,1553249,23.000000000000000,191220.000000000000000,37193,2628974,38693,1744469,75863,4182138
125,4/17/2021 15:00:00,32755,2470509,21953.000000000000000,1575202,12.000000000000000,191232.000000000000000,32767,2661741,21965,1766434,54720,4236858
126,4/18/2021 15:00:00,20056,2490565,16162.000000000000000,1591364,5.000000000000000,191237.000000000000000,20061,2681802,16167,1782601,36223,4273081
127,4/19/2021 15:00:00,29865,2520430,36448.000000000000000,1627812,61.000000000000000,191298.000000000000000,29926,2711728,36509,1819110,66374,4339455
128,4/20/2021 15:00:00,33074,2553504,44132.000000000000000,1671944,55.000000000000000,191353.000000000000000,33129,2744857,44187,1863297,77261,4416716
129,4/21/2021 15:00:00,39770,2593274,46870.000000000000000,1718814,22.000000000000000,191375.000000000000000,39792,2784649,46892,1910189,86662,4503378
130,4/22/2021 15:00:00,36363,2629637,41934.000000000000000,1760748,16.000000000000000,191391.000000000000000,36379,2821028,41950,1952139,78313,4581691
131,4/23/2021 15:00:00,33073,2662710,39951.000000000000000,1800699,13.000000000000000,191404.000000000000000,33086,2854114,39964,1992103,73037,4654728
132,4/24/2021 15:00:00,26386,2689096,27797.000000000000000,1828496,80.000000000000000,191484.000000000000000,26466,2880580,27877,2019980,54263,4708991
133,4/25/2021 15:00:00,20212,2709308,10913.000000000000000,1839409,30.000000000000000,191514.000000000000000,20242,2900822,10943,2030923,31155,4740146
134,4/26/2021 15:00:00,27398,2736706,32586.000000000000000,1871995,202.000000000000000,191716.000000000000000,27600,2928422,32788,2063711,60186,4800332
135,4/27/2021 15:00:00,26687,2763393,32923.000000000000000,1904918,1096.000000000000000,192812.000000000000000,27783,2956205,34019,2097730,60706,4861038
136,4/28/2021 15:00:00,28905,2792298,39403.000000000000000,1944321,1362.000000000000000,194174.000000000000000,30267,2986472,40765,2138495,69670,4930708
137,4/29/2021 15:00:00,27291,2819589,39343.000000000000000,1983664,1463.000000000000000,195637.000000000000000,28754,3015226,40806,2179301,68097,4998805
138,4/30/2021 15:00:00,28163,2847752,32098.000000000000000,2015762,1644.000000000000000,197281.000000000000000,29807,3045033,33742,2213043,61905,5060710
139,5/1/2021 15:00:00,20453,2868205,26390.000000000000000,2042152,1030.000000000000000,198311.000000000000000,21483,3066516,27420,2240463,47873,5108583
140,5/2/2021 15:00:00,10270,2878475,16993.000000000000000,2059145,819.000000000000000,199130.000000000000000,11089,3077605,17812,2258275,28082,5136665
141,5/3/2021 15:00:00,12723,2891198,28383.000000000000000,2087528,1909.000000000000000,201039.000000000000000,14632,3092237,30292,2288567,43015,5179680
142,5/4/2021 15:00:00,13520,2904718,38377.000000000000000,2125905,1733.000000000000000,202772.000000000000000,15253,3107490,40110,2328677,53630,5233310
143,5/5/2021 15:00:00,19319,2924037,37631.000000000000000,2163536,1920.000000000000000,204692.000000000000000,21239,3128729,39551,2368228,58870,5292180
144,5/6/2021 15:00:00,16921,2940958,40486.000000000000000,2204022,1717.000000000000000,206409.000000000000000,18638,3147367,42203,2410431,59124,5351304
145,5/7/2021 15:00:00,17385,2958343,35962.000000000000000,2239984,1954.000000000000000,208363.000000000000000,19339,3166706,37916,2448347,55301,5406605
146,5/8/2021 15:00:00,10782,2969125,31148.000000000000000,2271132,1291.000000000000000,209654.000000000000000,12073,3178779,32439,2480786,43221,5449826
147,5/9/2021 15:00:00,5051,2974176,11890.000000000000000,2283022,696.000000000000000,210350.000000000000000,5747,3184526,12586,2493372,17637,5467463
148,5/10/2021 15:00:00,8946,2983122,30964.000000000000000,2313986,1356.000000000000000,211706.000000000000000,10302,3194828,32320,2525692,41266,5508729
149,5/11/2021 15:00:00,12188,2995310,30207.000000000000000,2344193,1436.000000000000000,213142.000000000000000,13624,3208452,31643,2557335,43831,5552560
150,5/12/2021 15:00:00,13943,3009253,38522.000000000000000,2382715,1916.000000000000000,215058.000000000000000,15859,3224311,40438,2597773,54381,5606941
151,5/13/2021 15:00:00,21828,3031081,33380.000000000000000,2416095,1346.000000000000000,216404.000000000000000,23174,3247485,34726,2632499,56554,5663495
152,5/14/2021 15:00:00,24323,3055404,29926.000000000000000,2446021,1770.000000000000000,218174.000000000000000,26093,3273578,31696,2664195,56019,5719514
153,5/15/2021 15:00:00,21876,3077280,25027.000000000000000,2471048,1489.000000000000000,219663.000000000000000,23365,3296943,26516,2690711,48392,5767906
154,5/16/2021 15:00:00,9074,3086354,17526.000000000000000,2488574,1112.000000000000000,220775.000000000000000,10186,3307129,18638,2709349,27712,5795618
155,5/17/2021 15:00:00,16826,3103180,28287.000000000000000,2516861,1949.000000000000000,222724.000000000000000,18775,3325904,30236,2739585,47062,5842680
156,5/18/2021 15:00:00,21241,3124421,30615.000000000000000,2547476,1941.000000000000000,224665.000000000000000,23182,3349086,32556,2772141,53797,5896477
157,5/19/2021 15:00:00,27583,3152004,32334.000000000000000,2579810,1625.000000000000000,226290.000000000000000,29208,3378294,33959,2806100,61542,5958019
158,5/20/2021 15:00:00,20773,3172777,33154.000000000000000,2612964,1963.000000000000000,228253.000000000000000,22736,3401030,35117,2841217,55890,6013909
159,5/21/2021 15:00:00,19132,3191909,30205.000000000000000,2643169,1607.000000000000000,229860.000000000000000,20739,3421769,31812,2873029,50944,6064853
160,5/22/2021 15:00:00,16901,3208810,20631.000000000000000,2663800,1269.000000000000000,231129.000000000000000,18170,3439939,21900,2894929,38801,6103654
161,5/23/2021 15:00:00,8749,3217559,11419.000000000000000,2675219,964.000000000000000,232093.000000000000000,9713,3449652,12383,2907312,21132,6124786
162,5/24/2021 15:00:00,13560,3231119,17709.000000000000000,2692928,1475.000000000000000,233568.000000000000000,15035,3464687,19184,2926496,32744,6157530
163,5/25/2021 15:00:00,13001,3244120,18624.000000000000000,2711552,1327.000000000000000,234895.000000000000000,14328,3479015,19951,2946447,32952,6190482
164,5/26/2021 15:00:00,18263,3262383,19410.000000000000000,2730962,1510.000000000000000,236405.000000000000000,19773,3498788,20920,2967367,39183,6229665
165,5/27/2021 15:00:00,11677,3274060,18607.000000000000000,2749569,1115.000000000000000,237520.000000000000000,12792,3511580,19722,2987089,31399,6261064
166,5/28/2021 15:00:00,12505,3286565,19695.000000000000000,2769264,1397.000000000000000,238917.000000000000000,13902,3525482,21092,3008181,33597,6294661
167,5/29/2021 15:00:00,9548,3296113,11615.000000000000000,2780879,934.000000000000000,239851.000000000000000,10482,3535964,12549,3020730,22097,6316758
168,5/30/2021 15:00:00,4967,3301080,6412.000000000000000,2787291,597.000000000000000,240448.000000000000000,5564,3541528,7009,3027739,11976,6328734
169,5/31/2021 15:00:00,1776,3302856,3702.000000000000000,2790993,305.000000000000000,240753.000000000000000,2081,3543609,4007,3031746,5783,6334517
170,6/1/2021 15:00:00,9773,3312629,16274.000000000000000,2807267,1150.000000000000000,241903.000000000000000,10923,3554532,17424,3049170,27197,6361714
171,6/2/2021 15:00:00,10220,3322849,16764.000000000000000,2824031,959.000000000000000,242862.000000000000000,11179,3565711,17723,3066893,27943,6389657
172,6/3/2021 15:00:00,7891,3330740,21130.000000000000000,2845161,1085.000000000000000,243947.000000000000000,8976,3574687,22215,3089108,30106,6419763
173,6/4/2021 15:00:00,8213,3338953,22224.000000000000000,2867385,1121.000000000000000,245068.000000000000000,9334,3584021,23345,3112453,31558,6451321
174,6/5/2021 15:00:00,7009,3345962,19397.000000000000000,2886782,719.000000000000000,245787.000000000000000,7728,3591749,20116,3132569,27125,6478446
175,6/6/2021 15:00:00,3463,3349425,7209.000000000000000,2893991,422.000000000000000,246209.000000000000000,3885,3595634,7631,3140200,11094,6489540
176,6/7/2021 15:00:00,6847,3356272,15719.000000000000000,2909710,725.000000000000000,246934.000000000000000,7572,3603206,16444,3156644,23291,6512831
177,6/8/2021 15:00:00,6668,3362940,19647.000000000000000,2929357,819.000000000000000,247753.000000000000000,7487,3610693,20466,3177110,27134,6539965
178,6/9/2021 15:00:00,8195,3371135,23887.000000000000000,2953244,968.000000000000000,248721.000000000000000,9163,3619856,24855,3201965,33050,6573015
179,6/10/2021 15:00:00,7158,3378293,19064.000000000000000,2972308,893.000000000000000,249614.000000000000000,8051,3627907,19957,3221922,27115,6600130
180,6/11/2021 15:00:00,7464,3385757,17678.000000000000000,2989986,1125.000000000000000,250739.000000000000000,8589,3636496,18803,3240725,26267,6626397
181,6/12/2021 15:00:00,5233,3390990,14710.000000000000000,3004696,604.000000000000000,251343.000000000000000,5837,3642333,15314,3256039,20547,6646944
182,6/13/2021 15:00:00,1932,3392922,7550.000000000000000,3012246,425.000000000000000,251768.000000000000000,2357,3644690,7975,3264014,9907,6656851
183,6/14/2021 15:00:00,5655,3398577,11796.000000000000000,3024042,728.000000000000000,252496.000000000000000,6383,3651073,12524,3276538,18179,6675030
184,6/15/2021 15:00:00,5645,3404222,14278.000000000000000,3038320,870.000000000000000,253366.000000000000000,6515,3657588,15148,3291686,20793,6695823
185,6/16/2021 15:00:00,8752,3412974,21534.000000000000000,3059854,757.000000000000000,254123.000000000000000,9509,3667097,22291,3313977,31043,6726866
186,6/17/2021 15:00:00,6676,3419650,12325.000000000000000,3072179,717.000000000000000,254840.000000000000000,7393,3674490,13042,3327019,19718,6746584
187,6/18/2021 15:00:00,6832,3426482,12691.000000000000000,3084870,703.000000000000000,255543.000000000000000,7535,3682025,13394,3340413,20226,6766810
188,6/19/2021 15:00:00,4658,3431140,9348.000000000000000,3094218,614.000000000000000,256157.000000000000000,5272,3687297,9962,3350375,14620,6781430
189,6/20/2021 15:00:00,2500,3433640,5034.000000000000000,3099252,378.000000000000000,256535.000000000000000,2878,3690175,5412,3355787,7912,6789342
190,6/21/2021 15:00:00,5547,3439187,5312.000000000000000,3104564,636.000000000000000,257171.000000000000000,6183,3696358,5948,3361735,11495,6800837
191,6/22/2021 15:00:00,5190,3444377,8837.000000000000000,3113401,681.000000000000000,257852.000000000000000,5871,3702229,9518,3371253,14708,6815545
192,6/23/2021 15:00:00,6057,3450434,10286.000000000000000,3123687,644.000000000000000,258496.000000000000000,6701,3708930,10930,3382183,16987,6832532
193,6/24/2021 15:00:00,5925,3456359,8177.000000000000000,3131864,593.000000000000000,259089.000000000000000,6518,3715448,8770,3390953,14695,6847227
194,6/25/2021 15:00:00,5824,3462183,8611.000000000000000,3140475,619.000000000000000,259708.000000000000000,6443,3721891,9230,3400183,15054,6862281
195,6/26/2021 15:00:00,3701,3465884,6286.000000000000000,3146761,396.000000000000000,260104.000000000000000,4097,3725988,6682,3406865,10383,6872664
196,6/27/2021 15:00:00,2805,3468689,3508.000000000000000,3150269,184.000000000000000,260288.000000000000000,2989,3728977,3692,3410557,6497,6879161
197,6/28/2021 15:00:00,4728,3473417,6079.000000000000000,3156348,521.000000000000000,260809.000000000000000,5249,3734226,6600,3417157,11328,6890489
198,6/29/2021 15:00:00,5061,3478478,6431.000000000000000,3162779,517.000000000000000,261326.000000000000000,5578,3739804,6948,3424105,12009,6902498
199,6/30/2021 15:00:00,5599,3484077,7358.000000000000000,3170137,602.000000000000000,261928.000000000000000,6201,3746005,7960,3432065,13559,6916057
200,7/1/2021 15:00:00,5334,3489411,6905.000000000000000,3177042,491.000000000000000,262419.000000000000000,5825,3751830,7396,3439461,12730,6928787
201,7/2/2021 15:00:00,5282,3494693,6801.000000000000000,3183843,519.000000000000000,262938.000000000000000,5801,3757631,7320,3446781,12602,6941389
202,7/3/2021 15:00:00,3259,3497952,4047.000000000000000,3187890,260.000000000000000,263198.000000000000000,3519,3761150,4307,3451088,7566,6948955
203,7/4/2021 15:00:00,493,3498445,542.000000000000000,3188432,66.000000000000000,263264.000000000000000,559,3761709,608,3451696,1101,6950056
204,7/5/2021 15:00:00,3751,3502196,3943.000000000000000,3192375,282.000000000000000,263546.000000000000000,4033,3765742,4225,3455921,7976,6958032
205,7/6/2021 15:00:00,4480,3506676,6220.000000000000000,3198595,451.000000000000000,263997.000000000000000,4931,3770673,6671,3462592,11151,6969183
206,7/7/2021 15:00:00,4454,3511130,6371.000000000000000,3204966,482.000000000000000,264479.000000000000000,4936,3775609,6853,3469445,11307,6980490
207,7/8/2021 15:00:00,4829,3515959,6123.000000000000000,3211089,563.000000000000000,265042.000000000000000,5392,3781001,6686,3476131,11515,6992005
208,7/9/2021 15:00:00,5342,3521301,6620.000000000000000,3217709,571.000000000000000,265613.000000000000000,5913,3786914,7191,3483322,12533,7004538
209,7/10/2021 15:00:00,3519,3524820,4375.000000000000000,3222084,301.000000000000000,265914.000000000000000,3820,3790734,4676,3487998,8195,7012733
210,7/11/2021 15:00:00,2669,3527489,2554.000000000000000,3224638,222.000000000000000,266136.000000000000000,2891,3793625,2776,3490774,5445,7018178
211,7/12/2021 15:00:00,4410,3531899,5087.000000000000000,3229725,377.000000000000000,266513.000000000000000,4787,3798412,5464,3496238,9874,7028052
212,7/13/2021 15:00:00,4746,3536645,4584.000000000000000,3234309,365.000000000000000,266878.000000000000000,5111,3803523,4949,3501187,9695,7037747
213,7/14/2021 15:00:00,4601,3541246,5243.000000000000000,3239552,422.000000000000000,267300.000000000000000,5023,3808546,5665,3506852,10266,7048013
214,7/15/2021 15:00:00,4873,3546119,4971.000000000000000,3244523,356.000000000000000,267656.000000000000000,5229,3813775,5327,3512179,10200,7058213
215,7/16/2021 15:00:00,6272,3552391,5799.000000000000000,3250322,401.000000000000000,268057.000000000000000,6673,3820448,6200,3518379,12472,7070685
216,7/17/2021 15:00:00,3403,3555794,3537.000000000000000,3253859,300.000000000000000,268357.000000000000000,3703,3824151,3837,3522216,7240,7077925
217,7/18/2021 15:00:00,2300,3558094,2366.000000000000000,3256225,110.000000000000000,268467.000000000000000,2410,3826561,2476,3524692,4776,7082701
218,7/19/2021 15:00:00,5246,3563340,4463.000000000000000,3260688,377.000000000000000,268844.000000000000000,5623,3832184,4840,3529532,10086,7092787
219,7/20/2021 15:00:00,5328,3568668,4680.000000000000000,3265368,366.000000000000000,269210.000000000000000,5694,3837878,5046,3534578,10374,7103161
220,7/21/2021 15:00:00,5629,3574297,4902.000000000000000,3270270,415.000000000000000,269625.000000000000000,6044,3843922,5317,3539895,10946,7114107
221,7/22/2021 15:00:00,6012,3580309,4596.000000000000000,3274866,469.000000000000000,270094.000000000000000,6481,3850403,5065,3544960,11077,7125184
222,7/23/2021 15:00:00,6823,3587132,4812.000000000000000,3279678,489.000000000000000,270583.000000000000000,7312,3857715,5301,3550261,12124,7137308
223,7/24/2021 15:00:00,4275,3591407,3189.000000000000000,3282867,267.000000000000000,270850.000000000000000,4542,3862257,3456,3553717,7731,7145039
224,7/25/2021 15:00:00,3289,3594696,1108.000000000000000,3283975,138.000000000000000,270988.000000000000000,3427,3865684,1246,3554963,4535,7149574
225,7/26/2021 15:00:00,6196,3600892,3875.000000000000000,3287850,414.000000000000000,271402.000000000000000,6610,3872294,4289,3559252,10485,7160059
226,7/27/2021 15:00:00,6341,3607233,4041.000000000000000,3291891,453.000000000000000,271855.000000000000000,6794,3879088,4494,3563746,10835,7170894
227,7/28/2021 15:00:00,6798,3614031,3992.000000000000000,3295883,458.000000000000000,272313.000000000000000,7256,3886344,4450,3568196,11248,7182142
228,7/29/2021 15:00:00,6804,3620835,4129.000000000000000,3300012,416.000000000000000,272729.000000000000000,7220,3893564,4545,3572741,11349,7193491
229,7/30/2021 15:00:00,7525,3628360,4500.000000000000000,3304512,521.000000000000000,273250.000000000000000,8046,3901610,5021,3577762,12546,7206037
230,7/31/2021 15:00:00,4777,3633137,3033.000000000000000,3307545,272.000000000000000,273522.000000000000000,5049,3906659,3305,3581067,8082,7214119
231,8/1/2021 15:00:00,3812,3636949,2105.000000000000000,3309650,158.000000000000000,273680.000000000000000,3970,3910629,2263,3583330,6075,7220194
232,8/2/2021 15:00:00,7013,3643962,3627.000000000000000,3313277,335.000000000000000,274015.000000000000000,7348,3917977,3962,3587292,10975,7231169
233,8/3/2021 15:00:00,6998,3650960,3888.000000000000000,3317165,510.000000000000000,274525.000000000000000,7508,3925485,4398,3591690,11396,7242565
234,8/4/2021 15:00:00,7157,3658117,3884.000000000000000,3321049,528.000000000000000,275053.000000000000000,7685,3933170,4412,3596102,11569,7254134
235,8/5/2021 15:00:00,7665,3665782,4103.000000000000000,3325152,535.000000000000000,275588.000000000000000,8200,3941370,4638,3600740,12303,7266437
236,8/6/2021 15:00:00,8284,3674066,4678.000000000000000,3329830,451.000000000000000,276039.000000000000000,8735,3950105,5129,3605869,13413,7279850
237,8/7/2021 15:00:00,5247,3679313,2792.000000000000000,3332622,264.000000000000000,276303.000000000000000,5511,3955616,3056,3608925,8303,7288153
238,8/8/2021 15:00:00,3946,3683259,2036.000000000000000,3334658,141.000000000000000,276444.000000000000000,4087,3959703,2177,3611102,6123,7294276
239,8/9/2021 15:00:00,6913,3690172,4499.000000000000000,3339157,364.000000000000000,276808.000000000000000,7277,3966980,4863,3615965,11776,7306052
240,8/10/2021 15:00:00,7118,3697290,4430.000000000000000,3343587,337.000000000000000,277145.000000000000000,7455,3974435,4767,3620732,11885,7317937
241,8/11/2021 15:00:00,7027,3704317,4415.000000000000000,3348002,438.000000000000000,277583.000000000000000,7465,3981900,4853,3625585,11880,7329817
242,8/12/2021 15:00:00,8569,3712886,4709.000000000000000,3352711,441.000000000000000,278024.000000000000000,9010,3990910,5150,3630735,13719,7343536
243,8/13/2021 15:00:00,7111,3719997,5328.000000000000000,3358039,392.000000000000000,278416.000000000000000,7503,3998413,5720,3636455,12831,7356367
244,8/14/2021 15:00:00,4912,3724909,3330.000000000000000,3361369,285.000000000000000,278701.000000000000000,5197,4003610,3615,3640070,8527,7364894
245,8/15/2021 15:00:00,3318,3728227,2723.000000000000000,3364092,163.000000000000000,278864.000000000000000,3481,4007091,2886,3642956,6204,7371098
246,8/16/2021 15:00:00,5422,3733649,5065.000000000000000,3369157,350.000000000000000,279214.000000000000000,5772,4012863,5415,3648371,10837,7381935
247,8/17/2021 15:00:00,6948,3740597,5167.000000000000000,3374324,387.000000000000000,279601.000000000000000,7335,4020198,5554,3653925,12502,7394437
248,8/18/2021 15:00:00,6505,3747102,5278.000000000000000,3379602,476.000000000000000,280077.000000000000000,6981,4027179,5754,3659679,12259,7406696
249,8/19/2021 15:00:00,5977,3753079,5306.000000000000000,3384908,415.000000000000000,280492.000000000000000,6392,4033571,5721,3665400,11698,7418394
250,8/20/2021 15:00:00,7028,3760107,6304.000000000000000,3391212,402.000000000000000,280894.000000000000000,7430,4041001,6706,3672106,13734,7432128
251,8/21/2021 15:00:00,4311,3764418,3901.000000000000000,3395113,225.000000000000000,281119.000000000000000,4536,4045537,4126,3676232,8437,7440565
252,8/22/2021 15:00:00,3060,3767478,3154.000000000000000,3398267,109.000000000000000,281228.000000000000000,3169,4048706,3263,3679495,6323,7446888
253,8/23/2021 15:00:00,6158,3773636,5905.000000000000000,3404172,285.000000000000000,281513.000000000000000,6443,4055149,6190,3685685,12348,7459236
254,8/24/2021 15:00:00,6635,3780271,5859.000000000000000,3410031,424.000000000000000,281937.000000000000000,7059,4062208,6283,3691968,12918,7472154
255,8/25/2021 15:00:00,6888,3787159,5995.000000000000000,3416026,439.000000000000000,282376.000000000000000,7327,4069535,6434,3698402,13322,7485476
256,8/26/2021 15:00:00,7172,3794331,6412.000000000000000,3422438,428.000000000000000,282804.000000000000000,7600,4077135,6840,3705242,14012,7499488
257,8/27/2021 15:00:00,6856,3801187,7006.000000000000000,3429444,316.000000000000000,283120.000000000000000,7172,4084307,7322,3712564,14178,7513666
258,8/28/2021 15:00:00,6899,3808086,6480.000000000000000,3435924,326.000000000000000,283446.000000000000000,7225,4091532,6806,3719370,13705,7527371
259,8/29/2021 15:00:00,3738,3811824,3674.000000000000000,3439598,611.000000000000000,284057.000000000000000,4349,4095881,4285,3723655,8023,7535394
260,8/30/2021 15:00:00,5945,3817769,6078.000000000000000,3445676,960.000000000000000,285017.000000000000000,6905,4102786,7038,3730693,12983,7548377
261,8/31/2021 15:00:00,5692,3823461,5908.000000000000000,3451584,945.000000000000000,285962.000000000000000,6637,4109423,6853,3737546,12545,7560922
262,9/1/2021 15:00:00,5541,3829002,5567.000000000000000,3457151,906.000000000000000,286868.000000000000000,6447,4115870,6473,3744019,12014,7572936
263,9/2/2021 15:00:00,5526,3834528,5881.000000000000000,3463032,702.000000000000000,287570.000000000000000,6228,4122098,6583,3750602,12109,7585045
264,9/3/2021 15:00:00,5993,3840521,6872.000000000000000,3469904,971.000000000000000,288541.000000000000000,6964,4129062,7843,3758445,13836,7598881
265,9/4/2021 15:00:00,3711,3844232,4318.000000000000000,3474222,877.000000000000000,289418.000000000000000,4588,4133650,5195,3763640,8906,7607787
266,9/5/2021 15:00:00,2949,3847181,2796.000000000000000,3477018,105.000000000000000,289523.000000000000000,3054,4136704,2901,3766541,5850,7613637
267,9/6/2021 15:00:00,1052,3848233,1139.000000000000000,3478157,62.000000000000000,289585.000000000000000,1114,4137818,1201,3767742,2253,7615890
268,9/7/2021 15:00:00,5343,3853576,7242.000000000000000,3485399,2304.000000000000000,291889.000000000000000,7647,4145465,9546,3777288,14889,7630779
269,9/8/2021 15:00:00,4660,3858236,5430.000000000000000,3490829,364.000000000000000,292253.000000000000000,5024,4150489,5794,3783082,10454,7641233
270,9/9/2021 15:00:00,5070,3863306,5345.000000000000000,3496174,323.000000000000000,292576.000000000000000,5393,4155882,5668,3788750,10738,7651971
271,9/10/2021 15:00:00,6534,3869840,6579.000000000000000,3502753,1716.000000000000000,294292.000000000000000,8250,4164132,8295,3797045,14829,7666800
272,9/11/2021 15:00:00,4162,3874002,4313.000000000000000,3507066,663.000000000000000,294955.000000000000000,4825,4168957,4976,3802021,9138,7675938
273,9/12/2021 15:00:00,3155,3877157,3227.000000000000000,3510293,436.000000000000000,295391.000000000000000,3591,4172548,3663,3805684,6818,7682756
274,9/13/2021 15:00:00,4662,3881819,4831.000000000000000,3515124,345.000000000000000,295736.000000000000000,5007,4177555,5176,3810860,9838,7692594
275,9/14/2021 15:00:00,4577,3886396,5181.000000000000000,3520305,435.000000000000000,296171.000000000000000,5012,4182567,5616,3816476,10193,7702787
276,9/15/2021 15:00:00,4851,3891247,5585.000000000000000,3525890,387.000000000000000,296558.000000000000000,5238,4187805,5972,3822448,10823,7713610
277,9/16/2021 15:00:00,4585,3895832,5598.000000000000000,3531488,332.000000000000000,296890.000000000000000,4917,4192722,5930,3828378,10515,7724125
278,9/17/2021 15:00:00,5040,3900872,6323.000000000000000,3537811,341.000000000000000,297231.000000000000000,5381,4198103,6664,3835042,11704,7735829
279,9/18/2021 15:00:00,3773,3904645,4554.000000000000000,3542365,185.000000000000000,297416.000000000000000,3958,4202061,4739,3839781,8512,7744341
280,9/19/2021 15:00:00,2744,3907389,3153.000000000000000,3545518,75.000000000000000,297491.000000000000000,2819,4204880,3228,3843009,5972,7750313
281,9/20/2021 15:00:00,3543,3910932,4458.000000000000000,3549976,427.000000000000000,297918.000000000000000,3970,4208850,4885,3847894,8428,7758741
282,9/21/2021 15:00:00,3789,3914721,4804.000000000000000,3554780,325.000000000000000,298243.000000000000000,4114,4212964,5129,3853023,8918,7767659
283,9/22/2021 15:00:00,4190,3918911,4740.000000000000000,3559520,459.000000000000000,298702.000000000000000,4649,4217613,5199,3858222,9389,7777048
284,9/23/2021 15:00:00,4178,3923089,4686.000000000000000,3564206,490.000000000000000,299192.000000000000000,4668,4222281,5176,3863398,9354,7786402
285,9/24/2021 15:00:00,5067,3928156,5571.000000000000000,3569777,422.000000000000000,299614.000000000000000,5489,4227770,5993,3869391,11060,7797462
286,9/25/2021 15:00:00,3622,3931778,3623.000000000000000,3573400,385.000000000000000,299999.000000000000000,4007,4231777,4008,3873399,7630,7805092
287,9/26/2021 15:00:00,2353,3934131,2654.000000000000000,3576054,421.000000000000000,300420.000000000000000,2774,4234551,3075,3876474,5428,7810520
288,9/27/2021 15:00:00,4505,3938636,2680.000000000000000,3578734,508.000000000000000,300928.000000000000000,5013,4239564,3188,3879662,7693,7818213
289,9/28/2021 15:00:00,4402,3943038,4431.000000000000000,3583165,211.000000000000000,301139.000000000000000,4613,4244177,4642,3884304,9044,7827257
290,9/29/2021 15:00:00,4698,3947736,4485.000000000000000,3587650,918.000000000000000,302057.000000000000000,5616,4249793,5403,3889707,10101,7837358
291,9/30/2021 15:00:00,4887,3952623,4548.000000000000000,3592198,791.000000000000000,302848.000000000000000,5678,4255471,5339,3895046,10226,7847584
292,10/1/2021 15:00:00,5437,3958060,5272.000000000000000,3597470,778.000000000000000,303626.000000000000000,6215,4261686,6050,3901096,11487,7859071
293,10/2/2021 15:00:00,2936,3960996,2884.000000000000000,3600354,187.000000000000000,303813.000000000000000,3123,4264809,3071,3904167,6007,7865078
294,10/3/2021 15:00:00,2075,3963071,2373.000000000000000,3602727,86.000000000000000,303899.000000000000000,2161,4266970,2459,3906626,4534,7869612
295,10/4/2021 15:00:00,4143,3967214,3359.000000000000000,3606086,233.000000000000000,304132.000000000000000,4376,4271346,3592,3910218,7735,7877347
296,10/5/2021 15:00:00,4056,3971270,3563.000000000000000,3609649,204.000000000000000,304336.000000000000000,4260,4275606,3767,3913985,7823,7885170
297,10/6/2021 15:00:00,4116,3975386,3482.000000000000000,3613131,264.000000000000000,304600.000000000000000,4380,4279986,3746,3917731,7862,7893032
298,10/7/2021 15:00:00,4353,3979739,3490.000000000000000,3616621,330.000000000000000,304930.000000000000000,4683,4284669,3820,3921551,8173,7901205
299,10/8/2021 15:00:00,4932,3984671,4107.000000000000000,3620728,281.000000000000000,305211.000000000000000,5213,4289882,4388,3925939,9320,7910525
300,10/9/2021 15:00:00,2681,3987352,2666.000000000000000,3623394,270.000000000000000,305481.000000000000000,2951,4292833,2936,3928875,5617,7916142
301,10/10/2021 15:00:00,1863,3989215,1840.000000000000000,3625234,59.000000000000000,305540.000000000000000,1922,4294755,1899,3930774,3762,7919904
302,10/11/2021 15:00:00,4360,3993575,3184.000000000000000,3628418,248.000000000000000,305788.000000000000000,4608,4299363,3432,3934206,7792,7927696
303,10/12/2021 15:00:00,3731,3997306,3386.000000000000000,3631804,269.000000000000000,306057.000000000000000,4000,4303363,3655,3937861,7386,7935082
304,10/13/2021 15:00:00,3971,4001277,3430.000000000000000,3635234,347.000000000000000,306404.000000000000000,4318,4307681,3777,3941638,7748,7942830
305,10/14/2021 15:00:00,5158,4006435,5441.000000000000000,3640675,428.000000000000000,306832.000000000000000,5586,4313267,5869,3947507,11027,7953857
306,10/15/2021 15:00:00,4720,4011155,4551.000000000000000,3645226,347.000000000000000,307179.000000000000000,5067,4318334,4898,3952405,9618,7963475
307,10/16/2021 15:00:00,2499,4013654,2490.000000000000000,3647716,289.000000000000000,307468.000000000000000,2788,4321122,2779,3955184,5278,7968753
308,10/17/2021 15:00:00,1807,4015461,1772.000000000000000,3649488,55.000000000000000,307523.000000000000000,1862,4322984,1827,3957011,3634,7972387
309,10/18/2021 15:00:00,4294,4019755,3558.000000000000000,3653046,266.000000000000000,307789.000000000000000,4560,4327544,3824,3960835,8118,7980505
310,10/19/2021 15:00:00,4308,4024063,4012.000000000000000,3657058,222.000000000000000,308011.000000000000000,4530,4332074,4234,3965069,8542,7989047
311,10/20/2021 15:00:00,3527,4027590,3414.000000000000000,3660472,254.000000000000000,308265.000000000000000,3781,4335855,3668,3968737,7195,7996242
312,10/21/2021 15:00:00,3303,4030893,3244.000000000000000,3663716,290.000000000000000,308555.000000000000000,3593,4339448,3534,3972271,6837,8003079
313,10/22/2021 15:00:00,4696,4035589,4021.000000000000000,3667737,475.000000000000000,309030.000000000000000,5171,4344619,4496,3976767,9192,8012271
314,10/23/2021 15:00:00,2904,4038493,2123.000000000000000,3669860,321.000000000000000,309351.000000000000000,3225,4347844,2444,3979211,5348,8017619
315,10/24/2021 15:00:00,2062,4040555,1553.000000000000000,3671413,77.000000000000000,309428.000000000000000,2139,4349983,1630,3980841,3692,8021311
316,10/25/2021 15:00:00,4549,4045104,3088.000000000000000,3674501,316.000000000000000,309744.000000000000000,4865,4354848,3404,3984245,7953,8029264
317,10/26/2021 15:00:00,4514,4049618,3132.000000000000000,3677633,308.000000000000000,310052.000000000000000,4822,4359670,3440,3987685,7954,8037218
318,10/27/2021 15:00:00,4735,4054353,3353.000000000000000,3680986,428.000000000000000,310480.000000000000000,5163,4364833,3781,3991466,8516,8045734
319,10/28/2021 15:00:00,4551,4058904,3391.000000000000000,3684377,495.000000000000000,310975.000000000000000,5046,4369879,3886,3995352,8437,8054171
320,10/29/2021 15:00:00,4970,4063874,3901.000000000000000,3688278,391.000000000000000,311366.000000000000000,5361,4375240,4292,3999644,9262,8063433
321,10/30/2021 15:00:00,2632,4066506,1854.000000000000000,3690132,308.000000000000000,311674.000000000000000,2940,4378180,2162,4001806,4794,8068227
322,10/31/2021 15:00:00,1946,4068452,1502.000000000000000,3691634,94.000000000000000,311768.000000000000000,2040,4380220,1596,4003402,3542,8071769
323,11/1/2021 15:00:00,4628,4073080,3460.000000000000000,3695094,337.000000000000000,312105.000000000000000,4965,4385185,3797,4007199,8425,8080194
324,11/2/2021 15:00:00,4246,4077326,3014.000000000000000,3698108,404.000000000000000,312509.000000000000000,4650,4389835,3418,4010617,7664,8087858
325,11/3/2021 15:00:00,4613,4081939,3118.000000000000000,3701226,457.000000000000000,312966.000000000000000,5070,4394905,3575,4014192,8188,8096046
326,11/4/2021 15:00:00,6020,4087959,3396.000000000000000,3704622,513.000000000000000,313479.000000000000000,6533,4401438,3909,4018101,9929,8105975
327,11/5/2021 15:00:00,7844,4095803,3828.000000000000000,3708450,406.000000000000000,313885.000000000000000,8250,4409688,4234,4022335,12078,8118053
328,11/6/2021 15:00:00,9955,4105758,1973.000000000000000,3710423,303.000000000000000,314188.000000000000000,10258,4419946,2276,4024611,12231,8130284
329,11/7/2021 15:00:00,7487,4113245,1405.000000000000000,3711828,94.000000000000000,314282.000000000000000,7581,4427527,1499,4026110,8986,8139270
330,11/8/2021 15:00:00,11154,4124399,3082.000000000000000,3714910,375.000000000000000,314657.000000000000000,11529,4439056,3457,4029567,14611,8153881
331,11/9/2021 15:00:00,11529,4135928,2682.000000000000000,3717592,261.000000000000000,314918.000000000000000,11790,4450846,2943,4032510,14472,8168353
332,11/10/2021 15:00:00,12332,4148260,2774.000000000000000,3720366,335.000000000000000,315253.000000000000000,12667,4463513,3109,4035619,15441,8183794
333,11/11/2021 15:00:00,11073,4159333,2422.000000000000000,3722788,279.000000000000000,315532.000000000000000,11352,4474865,2701,4038320,13774,8197568
334,11/12/2021 15:00:00,12080,4171413,3415.000000000000000,3726203,543.000000000000000,316075.000000000000000,12623,4487488,3958,4042278,16038,8213606
335,11/13/2021 15:00:00,9634,4181047,1566.000000000000000,3727769,340.000000000000000,316415.000000000000000,9974,4497462,1906,4044184,11540,8225146
336,11/14/2021 15:00:00,3763,4184810,1118.000000000000000,3728887,119.000000000000000,316534.000000000000000,3882,4501344,1237,4045421,5000,8230146
337,11/15/2021 15:00:00,8458,4193268,2587.000000000000000,3731474,200.000000000000000,316734.000000000000000,8658,4510002,2787,4048208,11245,8241391
338,11/16/2021 15:00:00,8923,4202191,2561.000000000000000,3734035,248.000000000000000,316982.000000000000000,9171,4519173,2809,4051017,11732,8253123
339,11/17/2021 15:00:00,9132,4211323,2861.000000000000000,3736896,308.000000000000000,317290.000000000000000,9440,4528613,3169,4054186,12301,8265424
340,11/18/2021 15:00:00,8950,4220273,2670.000000000000000,3739566,477.000000000000000,317767.000000000000000,9427,4538040,3147,4057333,12097,8277521
341,11/19/2021 15:00:00,9512,4229785,2946.000000000000000,3742512,370.000000000000000,318137.000000000000000,9882,4547922,3316,4060649,12828,8290349
342,11/20/2021 15:00:00,10249,4240034,1559.000000000000000,3744071,438.000000000000000,318575.000000000000000,10687,4558609,1997,4062646,12246,8302595
343,11/21/2021 15:00:00,4199,4244233,1175.000000000000000,3745246,94.000000000000000,318669.000000000000000,4293,4562902,1269,4063915,5468,8308063
344,11/22/2021 15:00:00,9422,4253655,2522.000000000000000,3747768,281.000000000000000,318950.000000000000000,9703,4572605,2803,4066718,12225,8320288
345,11/23/2021 15:00:00,8747,4262402,2415.000000000000000,3750183,266.000000000000000,319216.000000000000000,9013,4581618,2681,4069399,11428,8331716
346,11/24/2021 15:00:00,7500,4269902,2342.000000000000000,3752525,200.000000000000000,319416.000000000000000,7700,4589318,2542,4071941,10042,8341758
347,11/25/2021 15:00:00,145,4270047,59.000000000000000,3752584,7.000000000000000,319423.000000000000000,152,4589470,66,4072007,211,8341969
348,11/26/2021 15:00:00,4399,4274446,3345.000000000000000,3755929,128.000000000000000,319551.000000000000000,4527,4593997,3473,4075480,7872,8349841
349,11/27/2021 15:00:00,1452,4275898,1933.000000000000000,3757862,80.000000000000000,319631.000000000000000,1532,4595529,2013,4077493,3465,8353306