OBJECTID,VACCINATION_DATE,FirstDailyDose,FirstDoseCumulative,SecondDailyDose,SecondDoseCumulative,SingleDailyDose,SingleDoseCumulative,AtleastOneVaccine,AtleastOneVaccineCumulative,CompletedVax,CompletedVaxCumulative,FirstSecondSingleVaccination_12,FirstSecondSingleVaccination_13
1,12/14/2020 15:00:00,17,1063,,400,,,17,1063,0,400,17,1379
2,12/15/2020 15:00:00,54,1117,3.000000000000000,403,,,54,1117,3,403,57,1436
3,12/16/2020 15:00:00,578,1695,2.000000000000000,405,,,578,1695,2,405,580,2016
4,12/17/2020 15:00:00,1147,2842,2.000000000000000,407,,,1147,2842,2,407,1149,3165
5,12/18/2020 15:00:00,2995,5837,10.000000000000000,417,,,2995,5837,10,417,3005,6170
6,12/19/2020 15:00:00,919,6756,5.000000000000000,422,,,919,6756,5,422,924,7094
7,12/20/2020 15:00:00,341,7097,4.000000000000000,426,,,341,7097,4,426,345,7439
8,12/21/2020 15:00:00,3865,10962,22.000000000000000,448,,,3865,10962,22,448,3887,11326
9,12/22/2020 15:00:00,6294,17256,22.000000000000000,470,,,6294,17256,22,470,6316,17642
10,12/23/2020 15:00:00,5738,22994,33.000000000000000,503,,,5738,22994,33,503,5771,23413
11,12/24/2020 15:00:00,2718,25712,13.000000000000000,516,,,2718,25712,13,516,2731,26144
12,12/25/2020 15:00:00,1035,26747,3.000000000000000,519,,,1035,26747,3,519,1038,27182
13,12/26/2020 15:00:00,1873,28620,9.000000000000000,528,,,1873,28620,9,528,1882,29064
14,12/27/2020 15:00:00,1795,30415,10.000000000000000,538,,,1795,30415,10,538,1805,30869
15,12/28/2020 15:00:00,8962,39377,40.000000000000000,578,,,8962,39377,40,578,9002,39871
16,12/29/2020 15:00:00,10931,50308,44.000000000000000,622,,,10931,50308,44,622,10975,50846
17,12/30/2020 15:00:00,12469,62777,70.000000000000000,692,,,12469,62777,70,692,12539,63385
18,12/31/2020 15:00:00,7525,70302,39.000000000000000,731,,,7525,70302,39,731,7564,70949
19,1/1/2021 15:00:00,2720,73022,122.000000000000000,853,,,2720,73022,122,853,2842,73791
20,1/2/2021 15:00:00,2996,76018,34.000000000000000,887,,,2996,76018,34,887,3030,76821
21,1/3/2021 15:00:00,3377,79395,80.000000000000000,967,,,3377,79395,80,967,3457,80278
22,1/4/2021 15:00:00,13289,92684,319.000000000000000,1286,,,13289,92684,319,1286,13608,93886
23,1/5/2021 15:00:00,12422,105106,522.000000000000000,1808,,,12422,105106,522,1808,12944,106830
24,1/6/2021 15:00:00,15181,120287,844.000000000000000,2652,,,15181,120287,844,2652,16025,122855
25,1/7/2021 15:00:00,14961,135248,1741.000000000000000,4393,,,14961,135248,1741,4393,16702,139557
26,1/8/2021 15:00:00,23955,159203,2738.000000000000000,7131,,,23955,159203,2738,7131,26693,166250
27,1/9/2021 15:00:00,5141,164344,940.000000000000000,8071,,,5141,164344,940,8071,6081,172331
28,1/10/2021 15:00:00,2936,167280,371.000000000000000,8442,,,2936,167280,371,8442,3307,175638
29,1/11/2021 15:00:00,13682,180962,3439.000000000000000,11881,,,13682,180962,3439,11881,17121,192759
30,1/12/2021 15:00:00,17318,198280,5560.000000000000000,17441,,,17318,198280,5560,17441,22878,215637
31,1/13/2021 15:00:00,18521,216801,3868.000000000000000,21309,,,18521,216801,3868,21309,22389,238026
32,1/14/2021 15:00:00,17786,234587,1931.000000000000000,23240,,,17786,234587,1931,23240,19717,257743
33,1/15/2021 15:00:00,19388,253975,1985.000000000000000,25225,,,19388,253975,1985,25225,21373,279116
34,1/16/2021 15:00:00,5789,259764,1598.000000000000000,26823,,,5789,259764,1598,26823,7387,286503
35,1/17/2021 15:00:00,2102,261866,1471.000000000000000,28294,,,2102,261866,1471,28294,3573,290076
36,1/18/2021 15:00:00,7050,268916,3237.000000000000000,31531,,,7050,268916,3237,31531,10287,300363
37,1/19/2021 15:00:00,16887,285803,5371.000000000000000,36902,,,16887,285803,5371,36902,22258,322621
38,1/20/2021 15:00:00,20969,306772,5268.000000000000000,42170,,,20969,306772,5268,42170,26237,348858
39,1/21/2021 15:00:00,23725,330497,3776.000000000000000,45946,,,23725,330497,3776,45946,27501,376359
40,1/22/2021 15:00:00,28621,359118,3687.000000000000000,49633,,,28621,359118,3687,49633,32308,408667
41,1/23/2021 15:00:00,10078,369196,1912.000000000000000,51545,,,10078,369196,1912,51545,11990,420657
42,1/24/2021 15:00:00,3342,372538,1708.000000000000000,53253,,,3342,372538,1708,53253,5050,425707
43,1/25/2021 15:00:00,16266,388804,8536.000000000000000,61789,,,16266,388804,8536,61789,24802,450509
44,1/26/2021 15:00:00,17532,406336,8932.000000000000000,70721,,,17532,406336,8932,70721,26464,476973
45,1/27/2021 15:00:00,24412,430748,12492.000000000000000,83213,,,24412,430748,12492,83213,36904,513877
46,1/28/2021 15:00:00,22622,453370,9259.000000000000000,92472,,,22622,453370,9259,92472,31881,545758
47,1/29/2021 15:00:00,24730,478100,7852.000000000000000,100324,,,24730,478100,7852,100324,32582,578340
48,1/30/2021 15:00:00,17747,495847,2512.000000000000000,102836,,,17747,495847,2512,102836,20259,598599
49,1/31/2021 15:00:00,3746,499593,1327.000000000000000,104163,,,3746,499593,1327,104163,5073,603672
50,2/1/2021 15:00:00,7706,507299,5160.000000000000000,109323,,,7706,507299,5160,109323,12866,616538
51,2/2/2021 15:00:00,12427,519726,13749.000000000000000,123072,,,12427,519726,13749,123072,26176,642714
52,2/3/2021 15:00:00,18182,537908,18063.000000000000000,141135,,,18182,537908,18063,141135,36245,678959
53,2/4/2021 15:00:00,22040,559948,15695.000000000000000,156830,,,22040,559948,15695,156830,37735,716694
54,2/5/2021 15:00:00,20250,580198,17340.000000000000000,174170,,,20250,580198,17340,174170,37590,754284
55,2/6/2021 15:00:00,11271,591469,14424.000000000000000,188594,,,11271,591469,14424,188594,25695,779979
56,2/7/2021 15:00:00,5906,597375,1791.000000000000000,190385,,,5906,597375,1791,190385,7697,787676
57,2/8/2021 15:00:00,12922,610297,12873.000000000000000,203258,,,12922,610297,12873,203258,25795,813471
58,2/9/2021 15:00:00,16591,626888,13811.000000000000000,217069,,,16591,626888,13811,217069,30402,843873
59,2/10/2021 15:00:00,19221,646109,21165.000000000000000,238234,,,19221,646109,21165,238234,40386,884259
60,2/11/2021 15:00:00,22835,668944,17263.000000000000000,255497,,,22835,668944,17263,255497,40098,924357
61,2/12/2021 15:00:00,20333,689277,19562.000000000000000,275059,,,20333,689277,19562,275059,39895,964252
62,2/13/2021 15:00:00,11389,700666,6370.000000000000000,281429,,,11389,700666,6370,281429,17759,982011
63,2/14/2021 15:00:00,7092,707758,2097.000000000000000,283526,,,7092,707758,2097,283526,9189,991200
64,2/15/2021 15:00:00,11734,719492,13263.000000000000000,296789,,,11734,719492,13263,296789,24997,1016197
65,2/16/2021 15:00:00,16554,736046,20959.000000000000000,317748,,,16554,736046,20959,317748,37513,1053710
66,2/17/2021 15:00:00,20610,756656,26326.000000000000000,344074,,,20610,756656,26326,344074,46936,1100646
67,2/18/2021 15:00:00,3173,759829,4589.000000000000000,348663,,,3173,759829,4589,348663,7762,1108408
68,2/19/2021 15:00:00,10224,770053,19887.000000000000000,368550,,,10224,770053,19887,368550,30111,1138519
69,2/20/2021 15:00:00,10279,780332,20239.000000000000000,388789,,,10279,780332,20239,388789,30518,1169037
70,2/21/2021 15:00:00,6153,786485,7618.000000000000000,396407,,,6153,786485,7618,396407,13771,1182808
71,2/22/2021 15:00:00,7998,794483,15430.000000000000000,411837,,,7998,794483,15430,411837,23428,1206236
72,2/23/2021 15:00:00,15494,809977,15907.000000000000000,427744,,,15494,809977,15907,427744,31401,1237637
73,2/24/2021 15:00:00,17899,827876,24696.000000000000000,452440,,,17899,827876,24696,452440,42595,1280232
74,2/25/2021 15:00:00,20367,848243,26471.000000000000000,478911,,,20367,848243,26471,478911,46838,1327070
75,2/26/2021 15:00:00,26680,874923,26114.000000000000000,505025,,,26680,874923,26114,505025,52794,1379864
76,2/27/2021 15:00:00,15954,890877,11095.000000000000000,516120,,,15954,890877,11095,516120,27049,1406913
77,2/28/2021 15:00:00,15485,906362,4844.000000000000000,520964,,,15485,906362,4844,520964,20329,1427242
78,3/1/2021 15:00:00,26263,932625,12387.000000000000000,533351,,,26263,932625,12387,533351,38650,1465892
79,3/2/2021 15:00:00,23804,956429,13207.000000000000000,546558,32.000000000000000,32.000000000000000,23836,956461,13239,546590,37043,1502935
80,3/3/2021 15:00:00,30057,986486,18326.000000000000000,564884,180.000000000000000,212.000000000000000,30237,986698,18506,565096,48563,1551498
81,3/4/2021 15:00:00,30914,1017400,18118.000000000000000,583002,4065.000000000000000,4277.000000000000000,34979,1021677,22183,587279,53097,1604595
82,3/5/2021 15:00:00,29379,1046779,19396.000000000000000,602398,4911.000000000000000,9188.000000000000000,34290,1055967,24307,611586,53686,1658281
83,3/6/2021 15:00:00,17811,1064590,8937.000000000000000,611335,6001.000000000000000,15189.000000000000000,23812,1079779,14938,626524,32749,1691030
84,3/7/2021 15:00:00,12093,1076683,4821.000000000000000,616156,6610.000000000000000,21799.000000000000000,18703,1098482,11431,637955,23524,1714554
85,3/8/2021 15:00:00,25801,1102484,8777.000000000000000,624933,8276.000000000000000,30075.000000000000000,34077,1132559,17053,655008,42854,1757408
86,3/9/2021 15:00:00,26052,1128536,15384.000000000000000,640317,8343.000000000000000,38418.000000000000000,34395,1166954,23727,678735,49779,1807187
87,3/10/2021 15:00:00,29785,1158321,15913.000000000000000,656230,7934.000000000000000,46352.000000000000000,37719,1204673,23847,702582,53632,1860819
88,3/11/2021 15:00:00,35896,1194217,16376.000000000000000,672606,3981.000000000000000,50333.000000000000000,39877,1244550,20357,722939,56253,1917072
89,3/12/2021 15:00:00,36850,1231067,17999.000000000000000,690605,2921.000000000000000,53254.000000000000000,39771,1284321,20920,743859,57770,1974842
90,3/13/2021 15:00:00,22630,1253697,10233.000000000000000,700838,1607.000000000000000,54861.000000000000000,24237,1308558,11840,755699,34470,2009312
91,3/14/2021 15:00:00,17824,1271521,6671.000000000000000,707509,996.000000000000000,55857.000000000000000,18820,1327378,7667,763366,25491,2034803
92,3/15/2021 15:00:00,29736,1301257,11223.000000000000000,718732,593.000000000000000,56450.000000000000000,30329,1357707,11816,775182,41552,2076355
93,3/16/2021 15:00:00,33354,1334611,13506.000000000000000,732238,765.000000000000000,57215.000000000000000,34119,1391826,14271,789453,47625,2123980
94,3/17/2021 15:00:00,37507,1372118,16956.000000000000000,749194,1174.000000000000000,58389.000000000000000,38681,1430507,18130,807583,55637,2179617
95,3/18/2021 15:00:00,41346,1413464,12547.000000000000000,761741,1348.000000000000000,59737.000000000000000,42694,1473201,13895,821478,55241,2234858
96,3/19/2021 15:00:00,38242,1451706,15343.000000000000000,777084,1035.000000000000000,60772.000000000000000,39277,1512478,16378,837856,54620,2289478
97,3/20/2021 15:00:00,24635,1476341,10075.000000000000000,787159,694.000000000000000,61466.000000000000000,25329,1537807,10769,848625,35404,2324882
98,3/21/2021 15:00:00,19135,1495476,7815.000000000000000,794974,332.000000000000000,61798.000000000000000,19467,1557274,8147,856772,27282,2352164
99,3/22/2021 15:00:00,32512,1527988,11410.000000000000000,806384,834.000000000000000,62632.000000000000000,33346,1590620,12244,869016,44756,2396920
100,3/23/2021 15:00:00,37714,1565702,17267.000000000000000,823651,1552.000000000000000,64184.000000000000000,39266,1629886,18819,887835,56533,2453453
101,3/24/2021 15:00:00,41011,1606713,21111.000000000000000,844762,1379.000000000000000,65563.000000000000000,42390,1672276,22490,910325,63501,2516954
102,3/25/2021 15:00:00,42290,1649003,20948.000000000000000,865710,2456.000000000000000,68019.000000000000000,44746,1717022,23404,933729,65694,2582648
103,3/26/2021 15:00:00,36547,1685550,26206.000000000000000,891916,2500.000000000000000,70519.000000000000000,39047,1756069,28706,962435,65253,2647901
104,3/27/2021 15:00:00,26893,1712443,16734.000000000000000,908650,2481.000000000000000,73000.000000000000000,29374,1785443,19215,981650,46108,2694009
105,3/28/2021 15:00:00,16999,1729442,12593.000000000000000,921243,1613.000000000000000,74613.000000000000000,18612,1804055,14206,995856,31205,2725214
106,3/29/2021 15:00:00,29668,1759110,26176.000000000000000,947419,1138.000000000000000,75751.000000000000000,30806,1834861,27314,1023170,56982,2782196
107,3/30/2021 15:00:00,39977,1799087,28878.000000000000000,976297,1855.000000000000000,77606.000000000000000,41832,1876693,30733,1053903,70710,2852906
108,3/31/2021 15:00:00,40974,1840061,34547.000000000000000,1010844,5745.000000000000000,83351.000000000000000,46719,1923412,40292,1094195,81266,2934172
109,4/1/2021 15:00:00,40860,1880921,39721.000000000000000,1050565,5631.000000000000000,88982.000000000000000,46491,1969903,45352,1139547,86212,3020384
110,4/2/2021 15:00:00,34916,1915837,32442.000000000000000,1083007,6110.000000000000000,95092.000000000000000,41026,2010929,38552,1178099,73468,3093852
111,4/3/2021 15:00:00,21589,1937426,18638.000000000000000,1101645,4363.000000000000000,99455.000000000000000,25952,2036881,23001,1201100,44590,3138442
112,4/4/2021 15:00:00,8226,1945652,10154.000000000000000,1111799,961.000000000000000,100416.000000000000000,9187,2046068,11115,1212215,19341,3157783
113,4/5/2021 15:00:00,27849,1973501,28801.000000000000000,1140600,6645.000000000000000,107061.000000000000000,34494,2080562,35446,1247661,63295,3221078
114,4/6/2021 15:00:00,39694,2013195,30355.000000000000000,1170955,10482.000000000000000,117543.000000000000000,50176,2130738,40837,1288498,80531,3301609
115,4/7/2021 15:00:00,35982,2049177,34131.000000000000000,1205086,12962.000000000000000,130505.000000000000000,48944,2179682,47093,1335591,83075,3384684
116,4/8/2021 15:00:00,42235,2091412,35949.000000000000000,1241035,13845.000000000000000,144350.000000000000000,56080,2235762,49794,1385385,92029,3476713
117,4/9/2021 15:00:00,33966,2125378,36227.000000000000000,1277262,14517.000000000000000,158867.000000000000000,48483,2284245,50744,1436129,84710,3561423
118,4/10/2021 15:00:00,23416,2148794,23070.000000000000000,1300332,7619.000000000000000,166486.000000000000000,31035,2315280,30689,1466818,54105,3615528
119,4/11/2021 15:00:00,17543,2166337,13248.000000000000000,1313580,10119.000000000000000,176605.000000000000000,27662,2342942,23367,1490185,40910,3656438
120,4/12/2021 15:00:00,24544,2190881,33092.000000000000000,1346672,10888.000000000000000,187493.000000000000000,35432,2378374,43980,1534165,68524,3724962
121,4/13/2021 15:00:00,126732,2317613,90517.000000000000000,1437189,3292.000000000000000,190785.000000000000000,130024,2508398,93809,1627974,220541,3945503
122,4/14/2021 15:00:00,40657,2358270,37705.000000000000000,1474894,210.000000000000000,190995.000000000000000,40867,2549265,37915,1665889,78572,4024075
123,4/15/2021 15:00:00,41650,2399920,39087.000000000000000,1513981,173.000000000000000,191168.000000000000000,41823,2591088,39260,1705149,80910,4104985
124,4/16/2021 15:00:00,37167,2437087,38669.000000000000000,1552650,23.000000000000000,191191.000000000000000,37190,2628278,38692,1743841,75859,4180844
125,4/17/2021 15:00:00,32757,2469844,21945.000000000000000,1574595,12.000000000000000,191203.000000000000000,32769,2661047,21957,1765798,54714,4235558
126,4/18/2021 15:00:00,20053,2489897,16158.000000000000000,1590753,5.000000000000000,191208.000000000000000,20058,2681105,16163,1781961,36216,4271774
127,4/19/2021 15:00:00,29863,2519760,36445.000000000000000,1627198,61.000000000000000,191269.000000000000000,29924,2711029,36506,1818467,66369,4338143
128,4/20/2021 15:00:00,33071,2552831,44121.000000000000000,1671319,54.000000000000000,191323.000000000000000,33125,2744154,44175,1862642,77246,4415389
129,4/21/2021 15:00:00,39766,2592597,46857.000000000000000,1718176,22.000000000000000,191345.000000000000000,39788,2783942,46879,1909521,86645,4502034
130,4/22/2021 15:00:00,36362,2628959,41915.000000000000000,1760091,16.000000000000000,191361.000000000000000,36378,2820320,41931,1951452,78293,4580327
131,4/23/2021 15:00:00,33068,2662027,39947.000000000000000,1800038,13.000000000000000,191374.000000000000000,33081,2853401,39960,1991412,73028,4653355
132,4/24/2021 15:00:00,26382,2688409,27800.000000000000000,1827838,80.000000000000000,191454.000000000000000,26462,2879863,27880,2019292,54262,4707617
133,4/25/2021 15:00:00,20211,2708620,10910.000000000000000,1838748,30.000000000000000,191484.000000000000000,20241,2900104,10940,2030232,31151,4738768
134,4/26/2021 15:00:00,27394,2736014,32572.000000000000000,1871320,202.000000000000000,191686.000000000000000,27596,2927700,32774,2063006,60168,4798936
135,4/27/2021 15:00:00,26687,2762701,32914.000000000000000,1904234,1096.000000000000000,192782.000000000000000,27783,2955483,34010,2097016,60697,4859633
136,4/28/2021 15:00:00,28901,2791602,39388.000000000000000,1943622,1362.000000000000000,194144.000000000000000,30263,2985746,40750,2137766,69651,4929284
137,4/29/2021 15:00:00,27288,2818890,39332.000000000000000,1982954,1462.000000000000000,195606.000000000000000,28750,3014496,40794,2178560,68082,4997366
138,4/30/2021 15:00:00,28159,2847049,32083.000000000000000,2015037,1643.000000000000000,197249.000000000000000,29802,3044298,33726,2212286,61885,5059251
139,5/1/2021 15:00:00,20438,2867487,26370.000000000000000,2041407,1027.000000000000000,198276.000000000000000,21465,3065763,27397,2239683,47835,5107086
140,5/2/2021 15:00:00,10269,2877756,16996.000000000000000,2058403,818.000000000000000,199094.000000000000000,11087,3076850,17814,2257497,28083,5135169
141,5/3/2021 15:00:00,12721,2890477,28373.000000000000000,2086776,1909.000000000000000,201003.000000000000000,14630,3091480,30282,2287779,43003,5178172
142,5/4/2021 15:00:00,13522,2903999,38367.000000000000000,2125143,1732.000000000000000,202735.000000000000000,15254,3106734,40099,2327878,53621,5231793
143,5/5/2021 15:00:00,19317,2923316,37620.000000000000000,2162763,1921.000000000000000,204656.000000000000000,21238,3127972,39541,2367419,58858,5290651
144,5/6/2021 15:00:00,16919,2940235,40482.000000000000000,2203245,1715.000000000000000,206371.000000000000000,18634,3146606,42197,2409616,59116,5349767
145,5/7/2021 15:00:00,17385,2957620,35953.000000000000000,2239198,1955.000000000000000,208326.000000000000000,19340,3165946,37908,2447524,55293,5405060
146,5/8/2021 15:00:00,10782,2968402,31148.000000000000000,2270346,1291.000000000000000,209617.000000000000000,12073,3178019,32439,2479963,43221,5448281
147,5/9/2021 15:00:00,5049,2973451,11889.000000000000000,2282235,695.000000000000000,210312.000000000000000,5744,3183763,12584,2492547,17633,5465914
148,5/10/2021 15:00:00,8944,2982395,30963.000000000000000,2313198,1356.000000000000000,211668.000000000000000,10300,3194063,32319,2524866,41263,5507177
149,5/11/2021 15:00:00,12189,2994584,30204.000000000000000,2343402,1435.000000000000000,213103.000000000000000,13624,3207687,31639,2556505,43828,5551005
150,5/12/2021 15:00:00,13937,3008521,38512.000000000000000,2381914,1914.000000000000000,215017.000000000000000,15851,3223538,40426,2596931,54363,5605368
151,5/13/2021 15:00:00,21810,3030331,33374.000000000000000,2415288,1346.000000000000000,216363.000000000000000,23156,3246694,34720,2631651,56530,5661898
152,5/14/2021 15:00:00,24322,3054653,29922.000000000000000,2445210,1769.000000000000000,218132.000000000000000,26091,3272785,31691,2663342,56013,5717911
153,5/15/2021 15:00:00,21874,3076527,25026.000000000000000,2470236,1489.000000000000000,219621.000000000000000,23363,3296148,26515,2689857,48389,5766300
154,5/16/2021 15:00:00,9074,3085601,17520.000000000000000,2487756,1113.000000000000000,220734.000000000000000,10187,3306335,18633,2708490,27707,5794007
155,5/17/2021 15:00:00,16824,3102425,28282.000000000000000,2516038,1949.000000000000000,222683.000000000000000,18773,3325108,30231,2738721,47055,5841062
156,5/18/2021 15:00:00,21238,3123663,30608.000000000000000,2546646,1942.000000000000000,224625.000000000000000,23180,3348288,32550,2771271,53788,5894850
157,5/19/2021 15:00:00,27574,3151237,32328.000000000000000,2578974,1624.000000000000000,226249.000000000000000,29198,3377486,33952,2805223,61526,5956376
158,5/20/2021 15:00:00,20778,3172015,33146.000000000000000,2612120,1963.000000000000000,228212.000000000000000,22741,3400227,35109,2840332,55887,6012263
159,5/21/2021 15:00:00,19133,3191148,30199.000000000000000,2642319,1607.000000000000000,229819.000000000000000,20740,3420967,31806,2872138,50939,6063202
160,5/22/2021 15:00:00,16903,3208051,20622.000000000000000,2662941,1269.000000000000000,231088.000000000000000,18172,3439139,21891,2894029,38794,6101996
161,5/23/2021 15:00:00,8749,3216800,11418.000000000000000,2674359,964.000000000000000,232052.000000000000000,9713,3448852,12382,2906411,21131,6123127
162,5/24/2021 15:00:00,13563,3230363,17701.000000000000000,2692060,1476.000000000000000,233528.000000000000000,15039,3463891,19177,2925588,32740,6155867
163,5/25/2021 15:00:00,13006,3243369,18616.000000000000000,2710676,1328.000000000000000,234856.000000000000000,14334,3478225,19944,2945532,32950,6188817
164,5/26/2021 15:00:00,18261,3261630,19405.000000000000000,2730081,1508.000000000000000,236364.000000000000000,19769,3497994,20913,2966445,39174,6227991
165,5/27/2021 15:00:00,11676,3273306,18607.000000000000000,2748688,1115.000000000000000,237479.000000000000000,12791,3510785,19722,2986167,31398,6259389
166,5/28/2021 15:00:00,12505,3285811,19694.000000000000000,2768382,1397.000000000000000,238876.000000000000000,13902,3524687,21091,3007258,33596,6292985
167,5/29/2021 15:00:00,9549,3295360,11616.000000000000000,2779998,934.000000000000000,239810.000000000000000,10483,3535170,12550,3019808,22099,6315084
168,5/30/2021 15:00:00,4966,3300326,6409.000000000000000,2786407,597.000000000000000,240407.000000000000000,5563,3540733,7006,3026814,11972,6327056
169,5/31/2021 15:00:00,1775,3302101,3701.000000000000000,2790108,305.000000000000000,240712.000000000000000,2080,3542813,4006,3030820,5781,6332837
170,6/1/2021 15:00:00,9764,3311865,16266.000000000000000,2806374,1150.000000000000000,241862.000000000000000,10914,3553727,17416,3048236,27180,6360017
171,6/2/2021 15:00:00,10223,3322088,16760.000000000000000,2823134,958.000000000000000,242820.000000000000000,11181,3564908,17718,3065954,27941,6387958
172,6/3/2021 15:00:00,7893,3329981,21125.000000000000000,2844259,1085.000000000000000,243905.000000000000000,8978,3573886,22210,3088164,30103,6418061
173,6/4/2021 15:00:00,8216,3338197,22219.000000000000000,2866478,1121.000000000000000,245026.000000000000000,9337,3583223,23340,3111504,31556,6449617
174,6/5/2021 15:00:00,7008,3345205,19398.000000000000000,2885876,718.000000000000000,245744.000000000000000,7726,3590949,20116,3131620,27124,6476741
175,6/6/2021 15:00:00,3462,3348667,7208.000000000000000,2893084,422.000000000000000,246166.000000000000000,3884,3594833,7630,3139250,11092,6487833
176,6/7/2021 15:00:00,6848,3355515,15716.000000000000000,2908800,725.000000000000000,246891.000000000000000,7573,3602406,16441,3155691,23289,6511122
177,6/8/2021 15:00:00,6672,3362187,19647.000000000000000,2928447,817.000000000000000,247708.000000000000000,7489,3609895,20464,3176155,27136,6538258
178,6/9/2021 15:00:00,8198,3370385,23881.000000000000000,2952328,968.000000000000000,248676.000000000000000,9166,3619061,24849,3201004,33047,6571305
179,6/10/2021 15:00:00,7161,3377546,19059.000000000000000,2971387,894.000000000000000,249570.000000000000000,8055,3627116,19953,3220957,27114,6598419
180,6/11/2021 15:00:00,7448,3384994,17671.000000000000000,2989058,1125.000000000000000,250695.000000000000000,8573,3635689,18796,3239753,26244,6624663
181,6/12/2021 15:00:00,5233,3390227,14710.000000000000000,3003768,604.000000000000000,251299.000000000000000,5837,3641526,15314,3255067,20547,6645210
182,6/13/2021 15:00:00,1932,3392159,7550.000000000000000,3011318,425.000000000000000,251724.000000000000000,2357,3643883,7975,3263042,9907,6655117
183,6/14/2021 15:00:00,5654,3397813,11800.000000000000000,3023118,728.000000000000000,252452.000000000000000,6382,3650265,12528,3275570,18182,6673299
184,6/15/2021 15:00:00,5642,3403455,14276.000000000000000,3037394,869.000000000000000,253321.000000000000000,6511,3656776,15145,3290715,20787,6694086
185,6/16/2021 15:00:00,8752,3412207,21532.000000000000000,3058926,757.000000000000000,254078.000000000000000,9509,3666285,22289,3313004,31041,6725127
186,6/17/2021 15:00:00,6673,3418880,12323.000000000000000,3071249,717.000000000000000,254795.000000000000000,7390,3673675,13040,3326044,19713,6744840
187,6/18/2021 15:00:00,6831,3425711,12689.000000000000000,3083938,703.000000000000000,255498.000000000000000,7534,3681209,13392,3339436,20223,6765063
188,6/19/2021 15:00:00,4657,3430368,9348.000000000000000,3093286,614.000000000000000,256112.000000000000000,5271,3686480,9962,3349398,14619,6779682
189,6/20/2021 15:00:00,2500,3432868,5033.000000000000000,3098319,378.000000000000000,256490.000000000000000,2878,3689358,5411,3354809,7911,6787593
190,6/21/2021 15:00:00,5546,3438414,5310.000000000000000,3103629,636.000000000000000,257126.000000000000000,6182,3695540,5946,3360755,11492,6799085
191,6/22/2021 15:00:00,5188,3443602,8832.000000000000000,3112461,681.000000000000000,257807.000000000000000,5869,3701409,9513,3370268,14701,6813786
192,6/23/2021 15:00:00,6058,3449660,10285.000000000000000,3122746,643.000000000000000,258450.000000000000000,6701,3708110,10928,3381196,16986,6830772
193,6/24/2021 15:00:00,5924,3455584,8171.000000000000000,3130917,593.000000000000000,259043.000000000000000,6517,3714627,8764,3389960,14688,6845460
194,6/25/2021 15:00:00,5824,3461408,8609.000000000000000,3139526,620.000000000000000,259663.000000000000000,6444,3721071,9229,3399189,15053,6860513
195,6/26/2021 15:00:00,3698,3465106,6284.000000000000000,3145810,396.000000000000000,260059.000000000000000,4094,3725165,6680,3405869,10378,6870891
196,6/27/2021 15:00:00,2802,3467908,3510.000000000000000,3149320,183.000000000000000,260242.000000000000000,2985,3728150,3693,3409562,6495,6877386
197,6/28/2021 15:00:00,4727,3472635,6077.000000000000000,3155397,521.000000000000000,260763.000000000000000,5248,3733398,6598,3416160,11325,6888711
198,6/29/2021 15:00:00,5056,3477691,6429.000000000000000,3161826,517.000000000000000,261280.000000000000000,5573,3738971,6946,3423106,12002,6900713
199,6/30/2021 15:00:00,5598,3483289,7357.000000000000000,3169183,602.000000000000000,261882.000000000000000,6200,3745171,7959,3431065,13557,6914270
200,7/1/2021 15:00:00,5331,3488620,6906.000000000000000,3176089,491.000000000000000,262373.000000000000000,5822,3750993,7397,3438462,12728,6926998
201,7/2/2021 15:00:00,5282,3493902,6799.000000000000000,3182888,519.000000000000000,262892.000000000000000,5801,3756794,7318,3445780,12600,6939598
202,7/3/2021 15:00:00,3258,3497160,4046.000000000000000,3186934,260.000000000000000,263152.000000000000000,3518,3760312,4306,3450086,7564,6947162
203,7/4/2021 15:00:00,493,3497653,542.000000000000000,3187476,66.000000000000000,263218.000000000000000,559,3760871,608,3450694,1101,6948263
204,7/5/2021 15:00:00,3749,3501402,3941.000000000000000,3191417,282.000000000000000,263500.000000000000000,4031,3764902,4223,3454917,7972,6956235
205,7/6/2021 15:00:00,4478,3505880,6221.000000000000000,3197638,450.000000000000000,263950.000000000000000,4928,3769830,6671,3461588,11149,6967384
206,7/7/2021 15:00:00,4453,3510333,6371.000000000000000,3204009,482.000000000000000,264432.000000000000000,4935,3774765,6853,3468441,11306,6978690
207,7/8/2021 15:00:00,4827,3515160,6122.000000000000000,3210131,563.000000000000000,264995.000000000000000,5390,3780155,6685,3475126,11512,6990202
208,7/9/2021 15:00:00,5347,3520507,6612.000000000000000,3216743,572.000000000000000,265567.000000000000000,5919,3786074,7184,3482310,12531,7002733
209,7/10/2021 15:00:00,3519,3524026,4374.000000000000000,3221117,301.000000000000000,265868.000000000000000,3820,3789894,4675,3486985,8194,7010927
210,7/11/2021 15:00:00,2666,3526692,2554.000000000000000,3223671,222.000000000000000,266090.000000000000000,2888,3792782,2776,3489761,5442,7016369
211,7/12/2021 15:00:00,4412,3531104,5085.000000000000000,3228756,377.000000000000000,266467.000000000000000,4789,3797571,5462,3495223,9874,7026243
212,7/13/2021 15:00:00,4744,3535848,4580.000000000000000,3233336,365.000000000000000,266832.000000000000000,5109,3802680,4945,3500168,9689,7035932
213,7/14/2021 15:00:00,4600,3540448,5243.000000000000000,3238579,422.000000000000000,267254.000000000000000,5022,3807702,5665,3505833,10265,7046197
214,7/15/2021 15:00:00,4871,3545319,4970.000000000000000,3243549,356.000000000000000,267610.000000000000000,5227,3812929,5326,3511159,10197,7056394
215,7/16/2021 15:00:00,6272,3551591,5801.000000000000000,3249350,401.000000000000000,268011.000000000000000,6673,3819602,6202,3517361,12474,7068868
216,7/17/2021 15:00:00,3403,3554994,3537.000000000000000,3252887,300.000000000000000,268311.000000000000000,3703,3823305,3837,3521198,7240,7076108
217,7/18/2021 15:00:00,2301,3557295,2363.000000000000000,3255250,110.000000000000000,268421.000000000000000,2411,3825716,2473,3523671,4774,7080882
218,7/19/2021 15:00:00,5246,3562541,4460.000000000000000,3259710,377.000000000000000,268798.000000000000000,5623,3831339,4837,3528508,10083,7090965
219,7/20/2021 15:00:00,5328,3567869,4680.000000000000000,3264390,366.000000000000000,269164.000000000000000,5694,3837033,5046,3533554,10374,7101339
220,7/21/2021 15:00:00,5627,3573496,4898.000000000000000,3269288,415.000000000000000,269579.000000000000000,6042,3843075,5313,3538867,10940,7112279
221,7/22/2021 15:00:00,6011,3579507,4593.000000000000000,3273881,469.000000000000000,270048.000000000000000,6480,3849555,5062,3543929,11073,7123352
222,7/23/2021 15:00:00,6822,3586329,4809.000000000000000,3278690,489.000000000000000,270537.000000000000000,7311,3856866,5298,3549227,12120,7135472
223,7/24/2021 15:00:00,4276,3590605,3186.000000000000000,3281876,267.000000000000000,270804.000000000000000,4543,3861409,3453,3552680,7729,7143201
224,7/25/2021 15:00:00,3288,3593893,1108.000000000000000,3282984,138.000000000000000,270942.000000000000000,3426,3864835,1246,3553926,4534,7147735
225,7/26/2021 15:00:00,6196,3600089,3876.000000000000000,3286860,414.000000000000000,271356.000000000000000,6610,3871445,4290,3558216,10486,7158221
226,7/27/2021 15:00:00,6340,3606429,4037.000000000000000,3290897,453.000000000000000,271809.000000000000000,6793,3878238,4490,3562706,10830,7169051
227,7/28/2021 15:00:00,6798,3613227,3990.000000000000000,3294887,458.000000000000000,272267.000000000000000,7256,3885494,4448,3567154,11246,7180297
228,7/29/2021 15:00:00,6804,3620031,4128.000000000000000,3299015,415.000000000000000,272682.000000000000000,7219,3892713,4543,3571697,11347,7191644
229,7/30/2021 15:00:00,7521,3627552,4498.000000000000000,3303513,521.000000000000000,273203.000000000000000,8042,3900755,5019,3576716,12540,7204184
230,7/31/2021 15:00:00,4776,3632328,3033.000000000000000,3306546,272.000000000000000,273475.000000000000000,5048,3905803,3305,3580021,8081,7212265
231,8/1/2021 15:00:00,3802,3636130,2101.000000000000000,3308647,158.000000000000000,273633.000000000000000,3960,3909763,2259,3582280,6061,7218326
232,8/2/2021 15:00:00,7012,3643142,3626.000000000000000,3312273,335.000000000000000,273968.000000000000000,7347,3917110,3961,3586241,10973,7229299
233,8/3/2021 15:00:00,6994,3650136,3888.000000000000000,3316161,509.000000000000000,274477.000000000000000,7503,3924613,4397,3590638,11391,7240690
234,8/4/2021 15:00:00,7156,3657292,3884.000000000000000,3320045,528.000000000000000,275005.000000000000000,7684,3932297,4412,3595050,11568,7252258
235,8/5/2021 15:00:00,7665,3664957,4099.000000000000000,3324144,535.000000000000000,275540.000000000000000,8200,3940497,4634,3599684,12299,7264557
236,8/6/2021 15:00:00,8280,3673237,4678.000000000000000,3328822,450.000000000000000,275990.000000000000000,8730,3949227,5128,3604812,13408,7277965
237,8/7/2021 15:00:00,5246,3678483,2792.000000000000000,3331614,264.000000000000000,276254.000000000000000,5510,3954737,3056,3607868,8302,7286267
238,8/8/2021 15:00:00,3946,3682429,2037.000000000000000,3333651,141.000000000000000,276395.000000000000000,4087,3958824,2178,3610046,6124,7292391
239,8/9/2021 15:00:00,6912,3689341,4495.000000000000000,3338146,364.000000000000000,276759.000000000000000,7276,3966100,4859,3614905,11771,7304162
240,8/10/2021 15:00:00,7115,3696456,4428.000000000000000,3342574,336.000000000000000,277095.000000000000000,7451,3973551,4764,3619669,11879,7316041
241,8/11/2021 15:00:00,7026,3703482,4416.000000000000000,3346990,438.000000000000000,277533.000000000000000,7464,3981015,4854,3624523,11880,7327921
242,8/12/2021 15:00:00,8571,3712053,4707.000000000000000,3351697,441.000000000000000,277974.000000000000000,9012,3990027,5148,3629671,13719,7341640
243,8/13/2021 15:00:00,7113,3719166,5324.000000000000000,3357021,392.000000000000000,278366.000000000000000,7505,3997532,5716,3635387,12829,7354469
244,8/14/2021 15:00:00,4912,3724078,3329.000000000000000,3360350,285.000000000000000,278651.000000000000000,5197,4002729,3614,3639001,8526,7362995
245,8/15/2021 15:00:00,3317,3727395,2722.000000000000000,3363072,163.000000000000000,278814.000000000000000,3480,4006209,2885,3641886,6202,7369197
246,8/16/2021 15:00:00,5417,3732812,5065.000000000000000,3368137,349.000000000000000,279163.000000000000000,5766,4011975,5414,3647300,10831,7380028
247,8/17/2021 15:00:00,6946,3739758,5165.000000000000000,3373302,387.000000000000000,279550.000000000000000,7333,4019308,5552,3652852,12498,7392526
248,8/18/2021 15:00:00,6503,3746261,5277.000000000000000,3378579,474.000000000000000,280024.000000000000000,6977,4026285,5751,3658603,12254,7404780
249,8/19/2021 15:00:00,5972,3752233,5305.000000000000000,3383884,412.000000000000000,280436.000000000000000,6384,4032669,5717,3664320,11689,7416469
250,8/20/2021 15:00:00,7027,3759260,6303.000000000000000,3390187,402.000000000000000,280838.000000000000000,7429,4040098,6705,3671025,13732,7430201
251,8/21/2021 15:00:00,4311,3763571,3902.000000000000000,3394089,225.000000000000000,281063.000000000000000,4536,4044634,4127,3675152,8438,7438639
252,8/22/2021 15:00:00,3061,3766632,3153.000000000000000,3397242,109.000000000000000,281172.000000000000000,3170,4047804,3262,3678414,6323,7444962
253,8/23/2021 15:00:00,6153,3772785,5903.000000000000000,3403145,285.000000000000000,281457.000000000000000,6438,4054242,6188,3684602,12341,7457303
254,8/24/2021 15:00:00,6631,3779416,5857.000000000000000,3409002,424.000000000000000,281881.000000000000000,7055,4061297,6281,3690883,12912,7470215
255,8/25/2021 15:00:00,6884,3786300,5990.000000000000000,3414992,438.000000000000000,282319.000000000000000,7322,4068619,6428,3697311,13312,7483527
256,8/26/2021 15:00:00,7162,3793462,6406.000000000000000,3421398,427.000000000000000,282746.000000000000000,7589,4076208,6833,3704144,13995,7497522
257,8/27/2021 15:00:00,6854,3800316,7002.000000000000000,3428400,315.000000000000000,283061.000000000000000,7169,4083377,7317,3711461,14171,7511693
258,8/28/2021 15:00:00,6899,3807215,6477.000000000000000,3434877,326.000000000000000,283387.000000000000000,7225,4090602,6803,3718264,13702,7525395
259,8/29/2021 15:00:00,3738,3810953,3672.000000000000000,3438549,611.000000000000000,283998.000000000000000,4349,4094951,4283,3722547,8021,7533416
260,8/30/2021 15:00:00,5942,3816895,6076.000000000000000,3444625,959.000000000000000,284957.000000000000000,6901,4101852,7035,3729582,12977,7546393
261,8/31/2021 15:00:00,5688,3822583,5905.000000000000000,3450530,944.000000000000000,285901.000000000000000,6632,4108484,6849,3736431,12537,7558930
262,9/1/2021 15:00:00,5539,3828122,5560.000000000000000,3456090,906.000000000000000,286807.000000000000000,6445,4114929,6466,3742897,12005,7570935
263,9/2/2021 15:00:00,5523,3833645,5882.000000000000000,3461972,700.000000000000000,287507.000000000000000,6223,4121152,6582,3749479,12105,7583040
264,9/3/2021 15:00:00,5985,3839630,6872.000000000000000,3468844,971.000000000000000,288478.000000000000000,6956,4128108,7843,3757322,13828,7596868
265,9/4/2021 15:00:00,3713,3843343,4314.000000000000000,3473158,876.000000000000000,289354.000000000000000,4589,4132697,5190,3762512,8903,7605771
266,9/5/2021 15:00:00,2947,3846290,2790.000000000000000,3475948,105.000000000000000,289459.000000000000000,3052,4135749,2895,3765407,5842,7611613
267,9/6/2021 15:00:00,1050,3847340,1138.000000000000000,3477086,62.000000000000000,289521.000000000000000,1112,4136861,1200,3766607,2250,7613863
268,9/7/2021 15:00:00,5298,3852638,7236.000000000000000,3484322,2303.000000000000000,291824.000000000000000,7601,4144462,9539,3776146,14837,7628700
269,9/8/2021 15:00:00,4660,3857298,5431.000000000000000,3489753,365.000000000000000,292189.000000000000000,5025,4149487,5796,3781942,10456,7639156
270,9/9/2021 15:00:00,5068,3862366,5341.000000000000000,3495094,322.000000000000000,292511.000000000000000,5390,4154877,5663,3787605,10731,7649887
271,9/10/2021 15:00:00,6532,3868898,6579.000000000000000,3501673,1712.000000000000000,294223.000000000000000,8244,4163121,8291,3795896,14823,7664710
272,9/11/2021 15:00:00,4046,3872944,4312.000000000000000,3505985,663.000000000000000,294886.000000000000000,4709,4167830,4975,3800871,9021,7673731
273,9/12/2021 15:00:00,3154,3876098,3228.000000000000000,3509213,436.000000000000000,295322.000000000000000,3590,4171420,3664,3804535,6818,7680549
274,9/13/2021 15:00:00,4660,3880758,4829.000000000000000,3514042,345.000000000000000,295667.000000000000000,5005,4176425,5174,3809709,9834,7690383
275,9/14/2021 15:00:00,4575,3885333,5178.000000000000000,3519220,432.000000000000000,296099.000000000000000,5007,4181432,5610,3815319,10185,7700568
276,9/15/2021 15:00:00,4848,3890181,5584.000000000000000,3524804,387.000000000000000,296486.000000000000000,5235,4186667,5971,3821290,10819,7711387
277,9/16/2021 15:00:00,4585,3894766,5595.000000000000000,3530399,331.000000000000000,296817.000000000000000,4916,4191583,5926,3827216,10511,7721898
278,9/17/2021 15:00:00,5038,3899804,6317.000000000000000,3536716,341.000000000000000,297158.000000000000000,5379,4196962,6658,3833874,11696,7733594
279,9/18/2021 15:00:00,3772,3903576,4554.000000000000000,3541270,186.000000000000000,297344.000000000000000,3958,4200920,4740,3838614,8512,7742106
280,9/19/2021 15:00:00,2744,3906320,3153.000000000000000,3544423,75.000000000000000,297419.000000000000000,2819,4203739,3228,3841842,5972,7748078
281,9/20/2021 15:00:00,3540,3909860,4457.000000000000000,3548880,427.000000000000000,297846.000000000000000,3967,4207706,4884,3846726,8424,7756502
282,9/21/2021 15:00:00,3789,3913649,4801.000000000000000,3553681,325.000000000000000,298171.000000000000000,4114,4211820,5126,3851852,8915,7765417
283,9/22/2021 15:00:00,4190,3917839,4740.000000000000000,3558421,459.000000000000000,298630.000000000000000,4649,4216469,5199,3857051,9389,7774806
284,9/23/2021 15:00:00,4177,3922016,4684.000000000000000,3563105,489.000000000000000,299119.000000000000000,4666,4221135,5173,3862224,9350,7784156
285,9/24/2021 15:00:00,5061,3927077,5564.000000000000000,3568669,422.000000000000000,299541.000000000000000,5483,4226618,5986,3868210,11047,7795203
286,9/25/2021 15:00:00,3624,3930701,3623.000000000000000,3572292,385.000000000000000,299926.000000000000000,4009,4230627,4008,3872218,7632,7802835
287,9/26/2021 15:00:00,2358,3933059,2651.000000000000000,3574943,421.000000000000000,300347.000000000000000,2779,4233406,3072,3875290,5430,7808265
288,9/27/2021 15:00:00,4503,3937562,2680.000000000000000,3577623,507.000000000000000,300854.000000000000000,5010,4238416,3187,3878477,7690,7815955
289,9/28/2021 15:00:00,4393,3941955,4388.000000000000000,3582011,211.000000000000000,301065.000000000000000,4604,4243020,4599,3883076,8992,7824947
290,9/29/2021 15:00:00,4696,3946651,4480.000000000000000,3586491,918.000000000000000,301983.000000000000000,5614,4248634,5398,3888474,10094,7835041
291,9/30/2021 15:00:00,4880,3951531,4538.000000000000000,3591029,791.000000000000000,302774.000000000000000,5671,4254305,5329,3893803,10209,7845250
292,10/1/2021 15:00:00,5420,3956951,5262.000000000000000,3596291,778.000000000000000,303552.000000000000000,6198,4260503,6040,3899843,11460,7856710
293,10/2/2021 15:00:00,2937,3959888,2884.000000000000000,3599175,187.000000000000000,303739.000000000000000,3124,4263627,3071,3902914,6008,7862718
294,10/3/2021 15:00:00,2058,3961946,2265.000000000000000,3601440,86.000000000000000,303825.000000000000000,2144,4265771,2351,3905265,4409,7867127
295,10/4/2021 15:00:00,4145,3966091,3355.000000000000000,3604795,233.000000000000000,304058.000000000000000,4378,4270149,3588,3908853,7733,7874860
296,10/5/2021 15:00:00,4053,3970144,3563.000000000000000,3608358,204.000000000000000,304262.000000000000000,4257,4274406,3767,3912620,7820,7882680
297,10/6/2021 15:00:00,4118,3974262,3478.000000000000000,3611836,264.000000000000000,304526.000000000000000,4382,4278788,3742,3916362,7860,7890540
298,10/7/2021 15:00:00,4352,3978614,3490.000000000000000,3615326,329.000000000000000,304855.000000000000000,4681,4283469,3819,3920181,8171,7898711
299,10/8/2021 15:00:00,4913,3983527,4096.000000000000000,3619422,281.000000000000000,305136.000000000000000,5194,4288663,4377,3924558,9290,7908001
300,10/9/2021 15:00:00,2676,3986203,2664.000000000000000,3622086,270.000000000000000,305406.000000000000000,2946,4291609,2934,3927492,5610,7913611
301,10/10/2021 15:00:00,1863,3988066,1840.000000000000000,3623926,59.000000000000000,305465.000000000000000,1922,4293531,1899,3929391,3762,7917373
302,10/11/2021 15:00:00,4362,3992428,3177.000000000000000,3627103,248.000000000000000,305713.000000000000000,4610,4298141,3425,3932816,7787,7925160
303,10/12/2021 15:00:00,3722,3996150,3383.000000000000000,3630486,268.000000000000000,305981.000000000000000,3990,4302131,3651,3936467,7373,7932533
304,10/13/2021 15:00:00,3964,4000114,3426.000000000000000,3633912,345.000000000000000,306326.000000000000000,4309,4306440,3771,3940238,7735,7940268
305,10/14/2021 15:00:00,5144,4005258,5432.000000000000000,3639344,424.000000000000000,306750.000000000000000,5568,4312008,5856,3946094,11000,7951268
306,10/15/2021 15:00:00,4716,4009974,4542.000000000000000,3643886,345.000000000000000,307095.000000000000000,5061,4317069,4887,3950981,9603,7960871
307,10/16/2021 15:00:00,2491,4012465,2486.000000000000000,3646372,289.000000000000000,307384.000000000000000,2780,4319849,2775,3953756,5266,7966137
308,10/17/2021 15:00:00,1805,4014270,1766.000000000000000,3648138,53.000000000000000,307437.000000000000000,1858,4321707,1819,3955575,3624,7969761
309,10/18/2021 15:00:00,4294,4018564,3554.000000000000000,3651692,266.000000000000000,307703.000000000000000,4560,4326267,3820,3959395,8114,7977875
310,10/19/2021 15:00:00,4304,4022868,4016.000000000000000,3655708,221.000000000000000,307924.000000000000000,4525,4330792,4237,3963632,8541,7986416
311,10/20/2021 15:00:00,3524,4026392,3406.000000000000000,3659114,254.000000000000000,308178.000000000000000,3778,4334570,3660,3967292,7184,7993600
312,10/21/2021 15:00:00,3302,4029694,3235.000000000000000,3662349,290.000000000000000,308468.000000000000000,3592,4338162,3525,3970817,6827,8000427
313,10/22/2021 15:00:00,4700,4034394,4006.000000000000000,3666355,475.000000000000000,308943.000000000000000,5175,4343337,4481,3975298,9181,8009608
314,10/23/2021 15:00:00,2902,4037296,2120.000000000000000,3668475,321.000000000000000,309264.000000000000000,3223,4346560,2441,3977739,5343,8014951
315,10/24/2021 15:00:00,2057,4039353,1552.000000000000000,3670027,77.000000000000000,309341.000000000000000,2134,4348694,1629,3979368,3686,8018637
316,10/25/2021 15:00:00,4545,4043898,3085.000000000000000,3673112,314.000000000000000,309655.000000000000000,4859,4353553,3399,3982767,7944,8026581
317,10/26/2021 15:00:00,4517,4048415,3126.000000000000000,3676238,308.000000000000000,309963.000000000000000,4825,4358378,3434,3986201,7951,8034532
318,10/27/2021 15:00:00,4708,4053123,3348.000000000000000,3679586,428.000000000000000,310391.000000000000000,5136,4363514,3776,3989977,8484,8043016
319,10/28/2021 15:00:00,4544,4057667,3380.000000000000000,3682966,494.000000000000000,310885.000000000000000,5038,4368552,3874,3993851,8418,8051434
320,10/29/2021 15:00:00,4941,4062608,3876.000000000000000,3686842,389.000000000000000,311274.000000000000000,5330,4373882,4265,3998116,9206,8060640
321,10/30/2021 15:00:00,2624,4065232,1847.000000000000000,3688689,308.000000000000000,311582.000000000000000,2932,4376814,2155,4000271,4779,8065419
322,10/31/2021 15:00:00,1933,4067165,1496.000000000000000,3690185,93.000000000000000,311675.000000000000000,2026,4378840,1589,4001860,3522,8068941
323,11/1/2021 15:00:00,4566,4071731,3439.000000000000000,3693624,330.000000000000000,312005.000000000000000,4896,4383736,3769,4005629,8335,8077276
324,11/2/2021 15:00:00,4236,4075967,3001.000000000000000,3696625,396.000000000000000,312401.000000000000000,4632,4388368,3397,4009026,7633,8084909
325,11/3/2021 15:00:00,4584,4080551,3097.000000000000000,3699722,453.000000000000000,312854.000000000000000,5037,4393405,3550,4012576,8134,8093043
326,11/4/2021 15:00:00,5987,4086538,3389.000000000000000,3703111,509.000000000000000,313363.000000000000000,6496,4399901,3898,4016474,9885,8102928
327,11/5/2021 15:00:00,7796,4094334,3815.000000000000000,3706926,405.000000000000000,313768.000000000000000,8201,4408102,4220,4020694,12016,8114944
328,11/6/2021 15:00:00,9876,4104210,1970.000000000000000,3708896,302.000000000000000,314070.000000000000000,10178,4418280,2272,4022966,12148,8127092
329,11/7/2021 15:00:00,7457,4111667,1399.000000000000000,3710295,91.000000000000000,314161.000000000000000,7548,4425828,1490,4024456,8947,8136039
330,11/8/2021 15:00:00,11106,4122773,3064.000000000000000,3713359,366.000000000000000,314527.000000000000000,11472,4437300,3430,4027886,14536,8150575
331,11/9/2021 15:00:00,11434,4134207,2649.000000000000000,3716008,258.000000000000000,314785.000000000000000,11692,4448992,2907,4030793,14341,8164916
332,11/10/2021 15:00:00,12190,4146397,2736.000000000000000,3718744,323.000000000000000,315108.000000000000000,12513,4461505,3059,4033852,15249,8180165
333,11/11/2021 15:00:00,10934,4157331,2376.000000000000000,3721120,269.000000000000000,315377.000000000000000,11203,4472708,2645,4036497,13579,8193744
334,11/12/2021 15:00:00,11741,4169072,3372.000000000000000,3724492,535.000000000000000,315912.000000000000000,12276,4484984,3907,4040404,15648,8209392
335,11/13/2021 15:00:00,9444,4178516,1535.000000000000000,3726027,334.000000000000000,316246.000000000000000,9778,4494762,1869,4042273,11313,8220705
336,11/14/2021 15:00:00,3517,4182033,1086.000000000000000,3727113,111.000000000000000,316357.000000000000000,3628,4498390,1197,4043470,4714,8225419
337,11/15/2021 15:00:00,8231,4190264,2532.000000000000000,3729645,197.000000000000000,316554.000000000000000,8428,4506818,2729,4046199,10960,8236379
338,11/16/2021 15:00:00,8704,4198968,2527.000000000000000,3732172,242.000000000000000,316796.000000000000000,8946,4515764,2769,4048968,11473,8247852
339,11/17/2021 15:00:00,8870,4207838,2797.000000000000000,3734969,302.000000000000000,317098.000000000000000,9172,4524936,3099,4052067,11969,8259821
340,11/18/2021 15:00:00,8233,4216071,2575.000000000000000,3737544,464.000000000000000,317562.000000000000000,8697,4533633,3039,4055106,11272,8271093
341,11/19/2021 15:00:00,8540,4224611,2778.000000000000000,3740322,328.000000000000000,317890.000000000000000,8868,4542501,3106,4058212,11646,8282739
342,11/20/2021 15:00:00,6122,4230733,760.000000000000000,3741082,374.000000000000000,318264.000000000000000,6496,4548997,1134,4059346,7256,8289995