OBJECTID,VACCINATION_DATE,FirstDailyDose,FirstDoseCumulative,SecondDailyDose,SecondDoseCumulative,SingleDailyDose,SingleDoseCumulative,AtleastOneVaccine,AtleastOneVaccineCumulative,CompletedVax,CompletedVaxCumulative,FirstSecondSingleVaccination_12,FirstSecondSingleVaccination_13
1,12/14/2020 15:00:00,19,1427,,526,,,19,1427,0,526,19,1848
2,12/15/2020 15:00:00,61,1488,3.000000000000000,529,,,61,1488,3,529,64,1912
3,12/16/2020 15:00:00,596,2084,5.000000000000000,534,,,596,2084,5,534,601,2513
4,12/17/2020 15:00:00,1165,3249,8.000000000000000,542,,,1165,3249,8,542,1173,3686
5,12/18/2020 15:00:00,3026,6275,12.000000000000000,554,,,3026,6275,12,554,3038,6724
6,12/19/2020 15:00:00,929,7204,7.000000000000000,561,,,929,7204,7,561,936,7660
7,12/20/2020 15:00:00,365,7569,6.000000000000000,567,,,365,7569,6,567,371,8031
8,12/21/2020 15:00:00,3891,11460,27.000000000000000,594,,,3891,11460,27,594,3918,11949
9,12/22/2020 15:00:00,6324,17784,28.000000000000000,622,,,6324,17784,28,622,6352,18301
10,12/23/2020 15:00:00,5789,23573,37.000000000000000,659,,,5789,23573,37,659,5826,24127
11,12/24/2020 15:00:00,2729,26302,15.000000000000000,674,,,2729,26302,15,674,2744,26871
12,12/25/2020 15:00:00,1035,27337,4.000000000000000,678,,,1035,27337,4,678,1039,27910
13,12/26/2020 15:00:00,1883,29220,10.000000000000000,688,,,1883,29220,10,688,1893,29803
14,12/27/2020 15:00:00,1802,31022,12.000000000000000,700,,,1802,31022,12,700,1814,31617
15,12/28/2020 15:00:00,8986,40008,51.000000000000000,751,,,8986,40008,51,751,9037,40654
16,12/29/2020 15:00:00,10971,50979,53.000000000000000,804,,,10971,50979,53,804,11024,51678
17,12/30/2020 15:00:00,12497,63476,92.000000000000000,896,,,12497,63476,92,896,12589,64267
18,12/31/2020 15:00:00,7557,71033,47.000000000000000,943,,,7557,71033,47,943,7604,71871
19,1/1/2021 15:00:00,3327,74360,145.000000000000000,1088,,,3327,74360,145,1088,3472,75343
20,1/2/2021 15:00:00,3046,77406,34.000000000000000,1122,,,3046,77406,34,1122,3080,78423
21,1/3/2021 15:00:00,3412,80818,82.000000000000000,1204,,,3412,80818,82,1204,3494,81917
22,1/4/2021 15:00:00,13368,94186,336.000000000000000,1540,,,13368,94186,336,1540,13704,95621
23,1/5/2021 15:00:00,12489,106675,549.000000000000000,2089,,,12489,106675,549,2089,13038,108659
24,1/6/2021 15:00:00,15271,121946,867.000000000000000,2956,,,15271,121946,867,2956,16138,124797
25,1/7/2021 15:00:00,15046,136992,1778.000000000000000,4734,,,15046,136992,1778,4734,16824,141621
26,1/8/2021 15:00:00,24017,161009,2787.000000000000000,7521,,,24017,161009,2787,7521,26804,168425
27,1/9/2021 15:00:00,5177,166186,956.000000000000000,8477,,,5177,166186,956,8477,6133,174558
28,1/10/2021 15:00:00,2973,169159,386.000000000000000,8863,,,2973,169159,386,8863,3359,177917
29,1/11/2021 15:00:00,13736,182895,3475.000000000000000,12338,,,13736,182895,3475,12338,17211,195128
30,1/12/2021 15:00:00,17397,200292,5592.000000000000000,17930,,,17397,200292,5592,17930,22989,218117
31,1/13/2021 15:00:00,18627,218919,3933.000000000000000,21863,,,18627,218919,3933,21863,22560,240677
32,1/14/2021 15:00:00,17867,236786,1964.000000000000000,23827,,,17867,236786,1964,23827,19831,260508
33,1/15/2021 15:00:00,19490,256276,2032.000000000000000,25859,,,19490,256276,2032,25859,21522,282030
34,1/16/2021 15:00:00,5842,262118,1617.000000000000000,27476,,,5842,262118,1617,27476,7459,289489
35,1/17/2021 15:00:00,2125,264243,1480.000000000000000,28956,,,2125,264243,1480,28956,3605,293094
36,1/18/2021 15:00:00,7082,271325,3265.000000000000000,32221,,,7082,271325,3265,32221,10347,303441
37,1/19/2021 15:00:00,16958,288283,5409.000000000000000,37630,,,16958,288283,5409,37630,22367,325808
38,1/20/2021 15:00:00,21012,309295,5328.000000000000000,42958,,,21012,309295,5328,42958,26340,352148
39,1/21/2021 15:00:00,23819,333114,3854.000000000000000,46812,,,23819,333114,3854,46812,27673,379821
40,1/22/2021 15:00:00,28660,361774,3761.000000000000000,50573,,,28660,361774,3761,50573,32421,412242
41,1/23/2021 15:00:00,10127,371901,1945.000000000000000,52518,,,10127,371901,1945,52518,12072,424314
42,1/24/2021 15:00:00,3359,375260,1723.000000000000000,54241,,,3359,375260,1723,54241,5082,429396
43,1/25/2021 15:00:00,16311,391571,8609.000000000000000,62850,,,16311,391571,8609,62850,24920,454316
44,1/26/2021 15:00:00,17565,409136,8980.000000000000000,71830,,,17565,409136,8980,71830,26545,480861
45,1/27/2021 15:00:00,24438,433574,12563.000000000000000,84393,,,24438,433574,12563,84393,37001,517862
46,1/28/2021 15:00:00,22664,456238,9331.000000000000000,93724,,,22664,456238,9331,93724,31995,549857
47,1/29/2021 15:00:00,24787,481025,7931.000000000000000,101655,,,24787,481025,7931,101655,32718,582575
48,1/30/2021 15:00:00,17782,498807,2569.000000000000000,104224,,,17782,498807,2569,104224,20351,602926
49,1/31/2021 15:00:00,3765,502572,1372.000000000000000,105596,,,3765,502572,1372,105596,5137,608063
50,2/1/2021 15:00:00,8139,510711,5405.000000000000000,111001,,,8139,510711,5405,111001,13544,621607
51,2/2/2021 15:00:00,12514,523225,13832.000000000000000,124833,,,12514,523225,13832,124833,26346,647953
52,2/3/2021 15:00:00,18263,541488,18144.000000000000000,142977,,,18263,541488,18144,142977,36407,684360
53,2/4/2021 15:00:00,22139,563627,15801.000000000000000,158778,,,22139,563627,15801,158778,37940,722300
54,2/5/2021 15:00:00,20412,584039,17442.000000000000000,176220,,,20412,584039,17442,176220,37854,760154
55,2/6/2021 15:00:00,11375,595414,14535.000000000000000,190755,,,11375,595414,14535,190755,25910,786064
56,2/7/2021 15:00:00,5988,601402,1945.000000000000000,192700,,,5988,601402,1945,192700,7933,793997
57,2/8/2021 15:00:00,13011,614413,12980.000000000000000,205680,,,13011,614413,12980,205680,25991,819988
58,2/9/2021 15:00:00,16665,631078,13881.000000000000000,219561,,,16665,631078,13881,219561,30546,850534
59,2/10/2021 15:00:00,19322,650400,21316.000000000000000,240877,,,19322,650400,21316,240877,40638,891172
60,2/11/2021 15:00:00,22947,673347,17383.000000000000000,258260,,,22947,673347,17383,258260,40330,931502
61,2/12/2021 15:00:00,20427,693774,19672.000000000000000,277932,,,20427,693774,19672,277932,40099,971601
62,2/13/2021 15:00:00,11471,705245,6424.000000000000000,284356,,,11471,705245,6424,284356,17895,989496
63,2/14/2021 15:00:00,7121,712366,2137.000000000000000,286493,,,7121,712366,2137,286493,9258,998754
64,2/15/2021 15:00:00,11771,724137,13345.000000000000000,299838,,,11771,724137,13345,299838,25116,1023870
65,2/16/2021 15:00:00,16656,740793,21030.000000000000000,320868,,,16656,740793,21030,320868,37686,1061556
66,2/17/2021 15:00:00,20675,761468,26381.000000000000000,347249,,,20675,761468,26381,347249,47056,1108612
67,2/18/2021 15:00:00,3205,764673,4624.000000000000000,351873,,,3205,764673,4624,351873,7829,1116441
68,2/19/2021 15:00:00,10261,774934,19930.000000000000000,371803,,,10261,774934,19930,371803,30191,1146632
69,2/20/2021 15:00:00,10321,785255,20301.000000000000000,392104,,,10321,785255,20301,392104,30622,1177254
70,2/21/2021 15:00:00,6187,791442,7665.000000000000000,399769,,,6187,791442,7665,399769,13852,1191106
71,2/22/2021 15:00:00,8037,799479,15485.000000000000000,415254,,,8037,799479,15485,415254,23522,1214628
72,2/23/2021 15:00:00,15544,815023,15978.000000000000000,431232,,,15544,815023,15978,431232,31522,1246150
73,2/24/2021 15:00:00,18001,833024,24842.000000000000000,456074,,,18001,833024,24842,456074,42843,1288993
74,2/25/2021 15:00:00,20388,853412,26585.000000000000000,482659,,,20388,853412,26585,482659,46973,1335966
75,2/26/2021 15:00:00,26699,880111,26277.000000000000000,508936,,,26699,880111,26277,508936,52976,1388942
76,2/27/2021 15:00:00,16031,896142,11162.000000000000000,520098,,,16031,896142,11162,520098,27193,1416135
77,2/28/2021 15:00:00,15521,911663,4890.000000000000000,524988,,,15521,911663,4890,524988,20411,1436546
78,3/1/2021 15:00:00,27138,938801,12648.000000000000000,537636,,,27138,938801,12648,537636,39786,1476332
79,3/2/2021 15:00:00,23987,962788,13295.000000000000000,550931,36.000000000000000,36.000000000000000,24023,962824,13331,550967,37318,1513650
80,3/3/2021 15:00:00,30228,993016,18413.000000000000000,569344,190.000000000000000,226.000000000000000,30418,993242,18603,569570,48831,1562481
81,3/4/2021 15:00:00,31003,1024019,18247.000000000000000,587591,4068.000000000000000,4294.000000000000000,35071,1028313,22315,591885,53318,1615799
82,3/5/2021 15:00:00,30080,1054099,19761.000000000000000,607352,4909.000000000000000,9203.000000000000000,34989,1063302,24670,616555,54750,1670549
83,3/6/2021 15:00:00,18989,1073088,9535.000000000000000,616887,6009.000000000000000,15212.000000000000000,24998,1088300,15544,632099,34533,1705082
84,3/7/2021 15:00:00,12149,1085237,4928.000000000000000,621815,6610.000000000000000,21822.000000000000000,18759,1107059,11538,643637,23687,1728769
85,3/8/2021 15:00:00,25924,1111161,8860.000000000000000,630675,8274.000000000000000,30096.000000000000000,34198,1141257,17134,660771,43058,1771827
86,3/9/2021 15:00:00,26145,1137306,15492.000000000000000,646167,8342.000000000000000,38438.000000000000000,34487,1175744,23834,684605,49979,1821806
87,3/10/2021 15:00:00,29886,1167192,16045.000000000000000,662212,7937.000000000000000,46375.000000000000000,37823,1213567,23982,708587,53868,1875674
88,3/11/2021 15:00:00,36011,1203203,16417.000000000000000,678629,3982.000000000000000,50357.000000000000000,39993,1253560,20399,728986,56410,1932084
89,3/12/2021 15:00:00,36905,1240108,18145.000000000000000,696774,2929.000000000000000,53286.000000000000000,39834,1293394,21074,750060,57979,1990063
90,3/13/2021 15:00:00,22671,1262779,10331.000000000000000,707105,1629.000000000000000,54915.000000000000000,24300,1317694,11960,762020,34631,2024694
91,3/14/2021 15:00:00,17830,1280609,6737.000000000000000,713842,1008.000000000000000,55923.000000000000000,18838,1336532,7745,769765,25575,2050269
92,3/15/2021 15:00:00,29878,1310487,11357.000000000000000,725199,598.000000000000000,56521.000000000000000,30476,1367008,11955,781720,41833,2092102
93,3/16/2021 15:00:00,33475,1343962,13587.000000000000000,738786,770.000000000000000,57291.000000000000000,34245,1401253,14357,796077,47832,2139934
94,3/17/2021 15:00:00,37622,1381584,17078.000000000000000,755864,1181.000000000000000,58472.000000000000000,38803,1440056,18259,814336,55881,2195815
95,3/18/2021 15:00:00,41472,1423056,12685.000000000000000,768549,1354.000000000000000,59826.000000000000000,42826,1482882,14039,828375,55511,2251326
96,3/19/2021 15:00:00,38375,1461431,15435.000000000000000,783984,1045.000000000000000,60871.000000000000000,39420,1522302,16480,844855,54855,2306181
97,3/20/2021 15:00:00,24722,1486153,10228.000000000000000,794212,704.000000000000000,61575.000000000000000,25426,1547728,10932,855787,35654,2341835
98,3/21/2021 15:00:00,19187,1505340,7901.000000000000000,802113,339.000000000000000,61914.000000000000000,19526,1567254,8240,864027,27427,2369262
99,3/22/2021 15:00:00,32605,1537945,11503.000000000000000,813616,835.000000000000000,62749.000000000000000,33440,1600694,12338,876365,44943,2414205
100,3/23/2021 15:00:00,38407,1576352,17853.000000000000000,831469,1556.000000000000000,64305.000000000000000,39963,1640657,19409,895774,57816,2472021
101,3/24/2021 15:00:00,41083,1617435,21250.000000000000000,852719,1387.000000000000000,65692.000000000000000,42470,1683127,22637,918411,63720,2535741
102,3/25/2021 15:00:00,42904,1660339,21728.000000000000000,874447,2456.000000000000000,68148.000000000000000,45360,1728487,24184,942595,67088,2602829
103,3/26/2021 15:00:00,36375,1696714,26714.000000000000000,901161,2495.000000000000000,70643.000000000000000,38870,1767357,29209,971804,65584,2668413
104,3/27/2021 15:00:00,26470,1723184,17320.000000000000000,918481,2491.000000000000000,73134.000000000000000,28961,1796318,19811,991615,46281,2714694
105,3/28/2021 15:00:00,17010,1740194,12686.000000000000000,931167,1615.000000000000000,74749.000000000000000,18625,1814943,14301,1005916,31311,2746005
106,3/29/2021 15:00:00,29715,1769909,26386.000000000000000,957553,1142.000000000000000,75891.000000000000000,30857,1845800,27528,1033444,57243,2803248
107,3/30/2021 15:00:00,40057,1809966,29083.000000000000000,986636,1866.000000000000000,77757.000000000000000,41923,1887723,30949,1064393,71006,2874254
108,3/31/2021 15:00:00,41018,1850984,34742.000000000000000,1021378,5750.000000000000000,83507.000000000000000,46768,1934491,40492,1104885,81510,2955764
109,4/1/2021 15:00:00,42410,1893394,41135.000000000000000,1062513,5750.000000000000000,89257.000000000000000,48160,1982651,46885,1151770,89295,3045059
110,4/2/2021 15:00:00,34923,1928317,32731.000000000000000,1095244,6131.000000000000000,95388.000000000000000,41054,2023705,38862,1190632,73785,3118844
111,4/3/2021 15:00:00,21162,1949479,19231.000000000000000,1114475,4393.000000000000000,99781.000000000000000,25555,2049260,23624,1214256,44786,3163630
112,4/4/2021 15:00:00,8296,1957775,10220.000000000000000,1124695,967.000000000000000,100748.000000000000000,9263,2058523,11187,1225443,19483,3183113
113,4/5/2021 15:00:00,27950,1985725,28977.000000000000000,1153672,6661.000000000000000,107409.000000000000000,34611,2093134,35638,1261081,63588,3246701
114,4/6/2021 15:00:00,39796,2025521,30508.000000000000000,1184180,10502.000000000000000,117911.000000000000000,50298,2143432,41010,1302091,80806,3327507
115,4/7/2021 15:00:00,36103,2061624,34357.000000000000000,1218537,12997.000000000000000,130908.000000000000000,49100,2192532,47354,1349445,83457,3410964
116,4/8/2021 15:00:00,42358,2103982,36155.000000000000000,1254692,13871.000000000000000,144779.000000000000000,56229,2248761,50026,1399471,92384,3503348
117,4/9/2021 15:00:00,34069,2138051,36338.000000000000000,1291030,14533.000000000000000,159312.000000000000000,48602,2297363,50871,1450342,84940,3588288
118,4/10/2021 15:00:00,23472,2161523,23157.000000000000000,1314187,7642.000000000000000,166954.000000000000000,31114,2328477,30799,1481141,54271,3642559
119,4/11/2021 15:00:00,17581,2179104,13286.000000000000000,1327473,10124.000000000000000,177078.000000000000000,27705,2356182,23410,1504551,40991,3683550
120,4/12/2021 15:00:00,24581,2203685,33251.000000000000000,1360724,10904.000000000000000,187982.000000000000000,35485,2391667,44155,1548706,68736,3752286
121,4/13/2021 15:00:00,126151,2329836,91310.000000000000000,1452034,3293.000000000000000,191275.000000000000000,129444,2521111,94603,1643309,220754,3973040
122,4/14/2021 15:00:00,40725,2370561,37841.000000000000000,1489875,213.000000000000000,191488.000000000000000,40938,2562049,38054,1681363,78779,4051819
123,4/15/2021 15:00:00,41411,2411972,39571.000000000000000,1529446,176.000000000000000,191664.000000000000000,41587,2603636,39747,1721110,81158,4132977
124,4/16/2021 15:00:00,37144,2449116,38889.000000000000000,1568335,24.000000000000000,191688.000000000000000,37168,2640804,38913,1760023,76057,4209034
125,4/17/2021 15:00:00,32810,2481926,22036.000000000000000,1590371,13.000000000000000,191701.000000000000000,32823,2673627,22049,1782072,54859,4263893
126,4/18/2021 15:00:00,20065,2501991,16205.000000000000000,1606576,5.000000000000000,191706.000000000000000,20070,2693697,16210,1798282,36275,4300168
127,4/19/2021 15:00:00,29885,2531876,36565.000000000000000,1643141,61.000000000000000,191767.000000000000000,29946,2723643,36626,1834908,66511,4366679
128,4/20/2021 15:00:00,32932,2564808,44485.000000000000000,1687626,58.000000000000000,191825.000000000000000,32990,2756633,44543,1879451,77475,4444154
129,4/21/2021 15:00:00,39833,2604641,47077.000000000000000,1734703,26.000000000000000,191851.000000000000000,39859,2796492,47103,1926554,86936,4531090
130,4/22/2021 15:00:00,35853,2640494,42688.000000000000000,1777391,16.000000000000000,191867.000000000000000,35869,2832361,42704,1969258,78557,4609647
131,4/23/2021 15:00:00,33146,2673640,40167.000000000000000,1817558,14.000000000000000,191881.000000000000000,33160,2865521,40181,2009439,73327,4682974
132,4/24/2021 15:00:00,26413,2700053,27921.000000000000000,1845479,81.000000000000000,191962.000000000000000,26494,2892015,28002,2037441,54415,4737389
133,4/25/2021 15:00:00,20218,2720271,10994.000000000000000,1856473,31.000000000000000,191993.000000000000000,20249,2912264,11025,2048466,31243,4768632
134,4/26/2021 15:00:00,27386,2747657,32749.000000000000000,1889222,201.000000000000000,192194.000000000000000,27587,2939851,32950,2081416,60336,4828968
135,4/27/2021 15:00:00,26676,2774333,33097.000000000000000,1922319,1097.000000000000000,193291.000000000000000,27773,2967624,34194,2115610,60870,4889838
136,4/28/2021 15:00:00,28926,2803259,39558.000000000000000,1961877,1367.000000000000000,194658.000000000000000,30293,2997917,40925,2156535,69851,4959689
137,4/29/2021 15:00:00,27070,2830329,39769.000000000000000,2001646,1463.000000000000000,196121.000000000000000,28533,3026450,41232,2197767,68302,5027991
138,4/30/2021 15:00:00,28201,2858530,32300.000000000000000,2033946,1649.000000000000000,197770.000000000000000,29850,3056300,33949,2231716,62150,5090141
139,5/1/2021 15:00:00,20732,2879262,26732.000000000000000,2060678,1054.000000000000000,198824.000000000000000,21786,3078086,27786,2259502,48518,5138659
140,5/2/2021 15:00:00,10269,2889531,17071.000000000000000,2077749,822.000000000000000,199646.000000000000000,11091,3089177,17893,2277395,28162,5166821
141,5/3/2021 15:00:00,12731,2902262,28615.000000000000000,2106364,1917.000000000000000,201563.000000000000000,14648,3103825,30532,2307927,43263,5210084
142,5/4/2021 15:00:00,13562,2915824,38637.000000000000000,2145001,1741.000000000000000,203304.000000000000000,15303,3119128,40378,2348305,53940,5264024
143,5/5/2021 15:00:00,19320,2935144,37773.000000000000000,2182774,1921.000000000000000,205225.000000000000000,21241,3140369,39694,2387999,59014,5323038
144,5/6/2021 15:00:00,16924,2952068,40596.000000000000000,2223370,1721.000000000000000,206946.000000000000000,18645,3159014,42317,2430316,59241,5382279
145,5/7/2021 15:00:00,17584,2969652,37013.000000000000000,2260383,1959.000000000000000,208905.000000000000000,19543,3178557,38972,2469288,56556,5438835
146,5/8/2021 15:00:00,10796,2980448,31225.000000000000000,2291608,1291.000000000000000,210196.000000000000000,12087,3190644,32516,2501804,43312,5482147
147,5/9/2021 15:00:00,5077,2985525,12251.000000000000000,2303859,695.000000000000000,210891.000000000000000,5772,3196416,12946,2514750,18023,5500170
148,5/10/2021 15:00:00,8954,2994479,31054.000000000000000,2334913,1362.000000000000000,212253.000000000000000,10316,3206732,32416,2547166,41370,5541540
149,5/11/2021 15:00:00,12187,3006666,30290.000000000000000,2365203,1442.000000000000000,213695.000000000000000,13629,3220361,31732,2578898,43919,5585459
150,5/12/2021 15:00:00,13951,3020617,38633.000000000000000,2403836,1918.000000000000000,215613.000000000000000,15869,3236230,40551,2619449,54502,5639961
151,5/13/2021 15:00:00,21841,3042458,33517.000000000000000,2437353,1347.000000000000000,216960.000000000000000,23188,3259418,34864,2654313,56705,5696666
152,5/14/2021 15:00:00,24396,3066854,30061.000000000000000,2467414,1774.000000000000000,218734.000000000000000,26170,3285588,31835,2686148,56231,5752897
153,5/15/2021 15:00:00,21948,3088802,25114.000000000000000,2492528,1490.000000000000000,220224.000000000000000,23438,3309026,26604,2712752,48552,5801449
154,5/16/2021 15:00:00,9090,3097892,17586.000000000000000,2510114,1113.000000000000000,221337.000000000000000,10203,3319229,18699,2731451,27789,5829238
155,5/17/2021 15:00:00,16838,3114730,28414.000000000000000,2538528,1950.000000000000000,223287.000000000000000,18788,3338017,30364,2761815,47202,5876440
156,5/18/2021 15:00:00,21265,3135995,30694.000000000000000,2569222,1942.000000000000000,225229.000000000000000,23207,3361224,32636,2794451,53901,5930341
157,5/19/2021 15:00:00,27666,3163661,32436.000000000000000,2601658,1632.000000000000000,226861.000000000000000,29298,3390522,34068,2828519,61734,5992075
158,5/20/2021 15:00:00,20808,3184469,33280.000000000000000,2634938,1964.000000000000000,228825.000000000000000,22772,3413294,35244,2863763,56052,6048127
159,5/21/2021 15:00:00,19165,3203634,30360.000000000000000,2665298,1609.000000000000000,230434.000000000000000,20774,3434068,31969,2895732,51134,6099261
160,5/22/2021 15:00:00,16940,3220574,20698.000000000000000,2685996,1270.000000000000000,231704.000000000000000,18210,3452278,21968,2917700,38908,6138169
161,5/23/2021 15:00:00,8818,3229392,11451.000000000000000,2697447,965.000000000000000,232669.000000000000000,9783,3462061,12416,2930116,21234,6159403
162,5/24/2021 15:00:00,13570,3242962,17777.000000000000000,2715224,1473.000000000000000,234142.000000000000000,15043,3477104,19250,2949366,32820,6192223
163,5/25/2021 15:00:00,13074,3256036,18720.000000000000000,2733944,1329.000000000000000,235471.000000000000000,14403,3491507,20049,2969415,33123,6225346
164,5/26/2021 15:00:00,18312,3274348,19519.000000000000000,2753463,1512.000000000000000,236983.000000000000000,19824,3511331,21031,2990446,39343,6264689
165,5/27/2021 15:00:00,11688,3286036,18675.000000000000000,2772138,1116.000000000000000,238099.000000000000000,12804,3524135,19791,3010237,31479,6296168
166,5/28/2021 15:00:00,12417,3298453,19854.000000000000000,2791992,1402.000000000000000,239501.000000000000000,13819,3537954,21256,3031493,33673,6329841
167,5/29/2021 15:00:00,9517,3307970,11727.000000000000000,2803719,937.000000000000000,240438.000000000000000,10454,3548408,12664,3044157,22181,6352022
168,5/30/2021 15:00:00,4968,3312938,6437.000000000000000,2810156,596.000000000000000,241034.000000000000000,5564,3553972,7033,3051190,12001,6364023
169,5/31/2021 15:00:00,1779,3314717,3713.000000000000000,2813869,305.000000000000000,241339.000000000000000,2084,3556056,4018,3055208,5797,6369820
170,6/1/2021 15:00:00,9866,3324583,16459.000000000000000,2830328,1160.000000000000000,242499.000000000000000,11026,3567082,17619,3072827,27485,6397305
171,6/2/2021 15:00:00,10235,3334818,16822.000000000000000,2847150,961.000000000000000,243460.000000000000000,11196,3578278,17783,3090610,28018,6425323
172,6/3/2021 15:00:00,7897,3342715,21191.000000000000000,2868341,1087.000000000000000,244547.000000000000000,8984,3587262,22278,3112888,30175,6455498
173,6/4/2021 15:00:00,8198,3350913,22360.000000000000000,2890701,1120.000000000000000,245667.000000000000000,9318,3596580,23480,3136368,31678,6487176
174,6/5/2021 15:00:00,7000,3357913,19476.000000000000000,2910177,720.000000000000000,246387.000000000000000,7720,3604300,20196,3156564,27196,6514372
175,6/6/2021 15:00:00,3455,3361368,7255.000000000000000,2917432,424.000000000000000,246811.000000000000000,3879,3608179,7679,3164243,11134,6525506
176,6/7/2021 15:00:00,6860,3368228,15792.000000000000000,2933224,725.000000000000000,247536.000000000000000,7585,3615764,16517,3180760,23377,6548883
177,6/8/2021 15:00:00,6671,3374899,19734.000000000000000,2952958,830.000000000000000,248366.000000000000000,7501,3623265,20564,3201324,27235,6576118
178,6/9/2021 15:00:00,8201,3383100,23991.000000000000000,2976949,968.000000000000000,249334.000000000000000,9169,3632434,24959,3226283,33160,6609278
179,6/10/2021 15:00:00,7150,3390250,19142.000000000000000,2996091,895.000000000000000,250229.000000000000000,8045,3640479,20037,3246320,27187,6636465
180,6/11/2021 15:00:00,7489,3397739,17726.000000000000000,3013817,1125.000000000000000,251354.000000000000000,8614,3649093,18851,3265171,26340,6662805
181,6/12/2021 15:00:00,5244,3402983,14770.000000000000000,3028587,605.000000000000000,251959.000000000000000,5849,3654942,15375,3280546,20619,6683424
182,6/13/2021 15:00:00,1947,3404930,7634.000000000000000,3036221,427.000000000000000,252386.000000000000000,2374,3657316,8061,3288607,10008,6693432
183,6/14/2021 15:00:00,5656,3410586,11825.000000000000000,3048046,733.000000000000000,253119.000000000000000,6389,3663705,12558,3301165,18214,6711646
184,6/15/2021 15:00:00,5644,3416230,14344.000000000000000,3062390,873.000000000000000,253992.000000000000000,6517,3670222,15217,3316382,20861,6732507
185,6/16/2021 15:00:00,8756,3424986,21595.000000000000000,3083985,757.000000000000000,254749.000000000000000,9513,3679735,22352,3338734,31108,6763615
186,6/17/2021 15:00:00,6690,3431676,12366.000000000000000,3096351,720.000000000000000,255469.000000000000000,7410,3687145,13086,3351820,19776,6783391
187,6/18/2021 15:00:00,6835,3438511,12741.000000000000000,3109092,702.000000000000000,256171.000000000000000,7537,3694682,13443,3365263,20278,6803669
188,6/19/2021 15:00:00,4660,3443171,9385.000000000000000,3118477,615.000000000000000,256786.000000000000000,5275,3699957,10000,3375263,14660,6818329
189,6/20/2021 15:00:00,2503,3445674,5060.000000000000000,3123537,377.000000000000000,257163.000000000000000,2880,3702837,5437,3380700,7940,6826269
190,6/21/2021 15:00:00,5565,3451239,5339.000000000000000,3128876,635.000000000000000,257798.000000000000000,6200,3709037,5974,3386674,11539,6837808
191,6/22/2021 15:00:00,5345,3456584,9057.000000000000000,3137933,693.000000000000000,258491.000000000000000,6038,3715075,9750,3396424,15095,6852903
192,6/23/2021 15:00:00,6079,3462663,10340.000000000000000,3148273,646.000000000000000,259137.000000000000000,6725,3721800,10986,3407410,17065,6869968
193,6/24/2021 15:00:00,5938,3468601,8200.000000000000000,3156473,595.000000000000000,259732.000000000000000,6533,3728333,8795,3416205,14733,6884701
194,6/25/2021 15:00:00,5828,3474429,8668.000000000000000,3165141,620.000000000000000,260352.000000000000000,6448,3734781,9288,3425493,15116,6899817
195,6/26/2021 15:00:00,3706,3478135,6306.000000000000000,3171447,398.000000000000000,260750.000000000000000,4104,3738885,6704,3432197,10410,6910227
196,6/27/2021 15:00:00,2809,3480944,3525.000000000000000,3174972,185.000000000000000,260935.000000000000000,2994,3741879,3710,3435907,6519,6916746
197,6/28/2021 15:00:00,4922,3485866,6391.000000000000000,3181363,539.000000000000000,261474.000000000000000,5461,3747340,6930,3442837,11852,6928598
198,6/29/2021 15:00:00,5062,3490928,6481.000000000000000,3187844,523.000000000000000,261997.000000000000000,5585,3752925,7004,3449841,12066,6940664
199,6/30/2021 15:00:00,5627,3496555,7390.000000000000000,3195234,606.000000000000000,262603.000000000000000,6233,3759158,7996,3457837,13623,6954287
200,7/1/2021 15:00:00,5424,3501979,6992.000000000000000,3202226,504.000000000000000,263107.000000000000000,5928,3765086,7496,3465333,12920,6967207
201,7/2/2021 15:00:00,5295,3507274,6846.000000000000000,3209072,527.000000000000000,263634.000000000000000,5822,3770908,7373,3472706,12668,6979875
202,7/3/2021 15:00:00,3274,3510548,4069.000000000000000,3213141,264.000000000000000,263898.000000000000000,3538,3774446,4333,3477039,7607,6987482
203,7/4/2021 15:00:00,494,3511042,550.000000000000000,3213691,69.000000000000000,263967.000000000000000,563,3775009,619,3477658,1113,6988595
204,7/5/2021 15:00:00,3771,3514813,3954.000000000000000,3217645,287.000000000000000,264254.000000000000000,4058,3779067,4241,3481899,8012,6996607
205,7/6/2021 15:00:00,4497,3519310,6281.000000000000000,3223926,455.000000000000000,264709.000000000000000,4952,3784019,6736,3488635,11233,7007840
206,7/7/2021 15:00:00,4472,3523782,6414.000000000000000,3230340,483.000000000000000,265192.000000000000000,4955,3788974,6897,3495532,11369,7019209
207,7/8/2021 15:00:00,4839,3528621,6181.000000000000000,3236521,564.000000000000000,265756.000000000000000,5403,3794377,6745,3502277,11584,7030793
208,7/9/2021 15:00:00,5368,3533989,6673.000000000000000,3243194,573.000000000000000,266329.000000000000000,5941,3800318,7246,3509523,12614,7043407
209,7/10/2021 15:00:00,3522,3537511,4406.000000000000000,3247600,305.000000000000000,266634.000000000000000,3827,3804145,4711,3514234,8233,7051640
210,7/11/2021 15:00:00,2681,3540192,2574.000000000000000,3250174,226.000000000000000,266860.000000000000000,2907,3807052,2800,3517034,5481,7057121
211,7/12/2021 15:00:00,4425,3544617,5133.000000000000000,3255307,379.000000000000000,267239.000000000000000,4804,3811856,5512,3522546,9937,7067058
212,7/13/2021 15:00:00,4667,3549284,4724.000000000000000,3260031,366.000000000000000,267605.000000000000000,5033,3816889,5090,3527636,9757,7076815
213,7/14/2021 15:00:00,4625,3553909,5287.000000000000000,3265318,422.000000000000000,268027.000000000000000,5047,3821936,5709,3533345,10334,7087149
214,7/15/2021 15:00:00,4910,3558819,5017.000000000000000,3270335,358.000000000000000,268385.000000000000000,5268,3827204,5375,3538720,10285,7097434
215,7/16/2021 15:00:00,6275,3565094,5850.000000000000000,3276185,405.000000000000000,268790.000000000000000,6680,3833884,6255,3544975,12530,7109964
216,7/17/2021 15:00:00,3418,3568512,3551.000000000000000,3279736,303.000000000000000,269093.000000000000000,3721,3837605,3854,3548829,7272,7117236
217,7/18/2021 15:00:00,2311,3570823,2380.000000000000000,3282116,110.000000000000000,269203.000000000000000,2421,3840026,2490,3551319,4801,7122037
218,7/19/2021 15:00:00,5144,3575967,4613.000000000000000,3286729,383.000000000000000,269586.000000000000000,5527,3845553,4996,3556315,10140,7132177
219,7/20/2021 15:00:00,5338,3581305,4723.000000000000000,3291452,366.000000000000000,269952.000000000000000,5704,3851257,5089,3561404,10427,7142604
220,7/21/2021 15:00:00,5666,3586971,4951.000000000000000,3296403,416.000000000000000,270368.000000000000000,6082,3857339,5367,3566771,11033,7153637
221,7/22/2021 15:00:00,6034,3593005,4643.000000000000000,3301046,472.000000000000000,270840.000000000000000,6506,3863845,5115,3571886,11149,7164786
222,7/23/2021 15:00:00,6847,3599852,4849.000000000000000,3305895,498.000000000000000,271338.000000000000000,7345,3871190,5347,3577233,12194,7176980
223,7/24/2021 15:00:00,4283,3604135,3204.000000000000000,3309099,267.000000000000000,271605.000000000000000,4550,3875740,3471,3580704,7754,7184734
224,7/25/2021 15:00:00,3299,3607434,1121.000000000000000,3310220,140.000000000000000,271745.000000000000000,3439,3879179,1261,3581965,4560,7189294
225,7/26/2021 15:00:00,6219,3613653,3909.000000000000000,3314129,419.000000000000000,272164.000000000000000,6638,3885817,4328,3586293,10547,7199841
226,7/27/2021 15:00:00,6605,3620258,4289.000000000000000,3318418,458.000000000000000,272622.000000000000000,7063,3892880,4747,3591040,11352,7211193
227,7/28/2021 15:00:00,7090,3627348,4147.000000000000000,3322565,460.000000000000000,273082.000000000000000,7550,3900430,4607,3595647,11697,7222890
228,7/29/2021 15:00:00,7081,3634429,4304.000000000000000,3326869,419.000000000000000,273501.000000000000000,7500,3907930,4723,3600370,11804,7234694
229,7/30/2021 15:00:00,7823,3642252,4814.000000000000000,3331683,526.000000000000000,274027.000000000000000,8349,3916279,5340,3605710,13163,7247857
230,7/31/2021 15:00:00,4793,3647045,3084.000000000000000,3334767,274.000000000000000,274301.000000000000000,5067,3921346,3358,3609068,8151,7256008
231,8/1/2021 15:00:00,3895,3650940,2173.000000000000000,3336940,164.000000000000000,274465.000000000000000,4059,3925405,2337,3611405,6232,7262240
232,8/2/2021 15:00:00,7273,3658213,3848.000000000000000,3340788,341.000000000000000,274806.000000000000000,7614,3933019,4189,3615594,11462,7273702
233,8/3/2021 15:00:00,7269,3665482,4107.000000000000000,3344895,517.000000000000000,275323.000000000000000,7786,3940805,4624,3620218,11893,7285595
234,8/4/2021 15:00:00,7428,3672910,4124.000000000000000,3349019,536.000000000000000,275859.000000000000000,7964,3948769,4660,3624878,12088,7297683
235,8/5/2021 15:00:00,7948,3680858,4302.000000000000000,3353321,538.000000000000000,276397.000000000000000,8486,3957255,4840,3629718,12788,7310471
236,8/6/2021 15:00:00,8328,3689186,4739.000000000000000,3358060,454.000000000000000,276851.000000000000000,8782,3966037,5193,3634911,13521,7323992
237,8/7/2021 15:00:00,5301,3694487,2844.000000000000000,3360904,264.000000000000000,277115.000000000000000,5565,3971602,3108,3638019,8409,7332401
238,8/8/2021 15:00:00,3976,3698463,2064.000000000000000,3362968,144.000000000000000,277259.000000000000000,4120,3975722,2208,3640227,6184,7338585
239,8/9/2021 15:00:00,6957,3705420,4564.000000000000000,3367532,370.000000000000000,277629.000000000000000,7327,3983049,4934,3645161,11891,7350476
240,8/10/2021 15:00:00,7165,3712585,4482.000000000000000,3372014,339.000000000000000,277968.000000000000000,7504,3990553,4821,3649982,11986,7362462
241,8/11/2021 15:00:00,7081,3719666,4447.000000000000000,3376461,443.000000000000000,278411.000000000000000,7524,3998077,4890,3654872,11971,7374433
242,8/12/2021 15:00:00,8634,3728300,4758.000000000000000,3381219,445.000000000000000,278856.000000000000000,9079,4007156,5203,3660075,13837,7388270
243,8/13/2021 15:00:00,7152,3735452,5385.000000000000000,3386604,397.000000000000000,279253.000000000000000,7549,4014705,5782,3665857,12934,7401204
244,8/14/2021 15:00:00,4920,3740372,3345.000000000000000,3389949,285.000000000000000,279538.000000000000000,5205,4019910,3630,3669487,8550,7409754
245,8/15/2021 15:00:00,3328,3743700,2739.000000000000000,3392688,163.000000000000000,279701.000000000000000,3491,4023401,2902,3672389,6230,7415984
246,8/16/2021 15:00:00,5453,3749153,5096.000000000000000,3397784,354.000000000000000,280055.000000000000000,5807,4029208,5450,3677839,10903,7426887
247,8/17/2021 15:00:00,6820,3755973,5364.000000000000000,3403148,390.000000000000000,280445.000000000000000,7210,4036418,5754,3683593,12574,7439461
248,8/18/2021 15:00:00,6327,3762300,5511.000000000000000,3408659,481.000000000000000,280926.000000000000000,6808,4043226,5992,3689585,12319,7451780
249,8/19/2021 15:00:00,6215,3768515,5556.000000000000000,3414215,417.000000000000000,281343.000000000000000,6632,4049858,5973,3695558,12188,7463968
250,8/20/2021 15:00:00,6845,3775360,6554.000000000000000,3420769,401.000000000000000,281744.000000000000000,7246,4057104,6955,3702513,13800,7477768
251,8/21/2021 15:00:00,4336,3779696,3917.000000000000000,3424686,229.000000000000000,281973.000000000000000,4565,4061669,4146,3706659,8482,7486250
252,8/22/2021 15:00:00,3060,3782756,3170.000000000000000,3427856,110.000000000000000,282083.000000000000000,3170,4064839,3280,3709939,6340,7492590
253,8/23/2021 15:00:00,5995,3788751,6104.000000000000000,3433960,287.000000000000000,282370.000000000000000,6282,4071121,6391,3716330,12386,7504976
254,8/24/2021 15:00:00,6546,3795297,6067.000000000000000,3440027,425.000000000000000,282795.000000000000000,6971,4078092,6492,3722822,13038,7518014
255,8/25/2021 15:00:00,6721,3802018,6224.000000000000000,3446251,441.000000000000000,283236.000000000000000,7162,4085254,6665,3729487,13386,7531400
256,8/26/2021 15:00:00,6967,3808985,6657.000000000000000,3452908,428.000000000000000,283664.000000000000000,7395,4092649,7085,3736572,14052,7545452
257,8/27/2021 15:00:00,6830,3815815,7080.000000000000000,3459988,317.000000000000000,283981.000000000000000,7147,4099796,7397,3743969,14227,7559679
258,8/28/2021 15:00:00,6899,3822714,6525.000000000000000,3466513,326.000000000000000,284307.000000000000000,7225,4107021,6851,3750820,13750,7573429
259,8/29/2021 15:00:00,3733,3826447,3694.000000000000000,3470207,610.000000000000000,284917.000000000000000,4343,4111364,4304,3755124,8037,7581466
260,8/30/2021 15:00:00,5925,3832372,6129.000000000000000,3476336,960.000000000000000,285877.000000000000000,6885,4118249,7089,3762213,13014,7594480
261,8/31/2021 15:00:00,5901,3838273,6071.000000000000000,3482407,946.000000000000000,286823.000000000000000,6847,4125096,7017,3769230,12918,7607398
262,9/1/2021 15:00:00,5586,3843859,5692.000000000000000,3488099,915.000000000000000,287738.000000000000000,6501,4131597,6607,3775837,12193,7619591
263,9/2/2021 15:00:00,5535,3849394,5930.000000000000000,3494029,707.000000000000000,288445.000000000000000,6242,4137839,6637,3782474,12172,7631763
264,9/3/2021 15:00:00,5995,3855389,6934.000000000000000,3500963,973.000000000000000,289418.000000000000000,6968,4144807,7907,3790381,13902,7645665
265,9/4/2021 15:00:00,3731,3859120,4355.000000000000000,3505318,878.000000000000000,290296.000000000000000,4609,4149416,5233,3795614,8964,7654629
266,9/5/2021 15:00:00,2957,3862077,2812.000000000000000,3508130,106.000000000000000,290402.000000000000000,3063,4152479,2918,3798532,5875,7660504
267,9/6/2021 15:00:00,1060,3863137,1158.000000000000000,3509288,65.000000000000000,290467.000000000000000,1125,4153604,1223,3799755,2283,7662787
268,9/7/2021 15:00:00,5346,3868483,7305.000000000000000,3516593,2303.000000000000000,292770.000000000000000,7649,4161253,9608,3809363,14954,7677741
269,9/8/2021 15:00:00,4654,3873137,5479.000000000000000,3522072,364.000000000000000,293134.000000000000000,5018,4166271,5843,3815206,10497,7688238
270,9/9/2021 15:00:00,5017,3878154,5460.000000000000000,3527532,324.000000000000000,293458.000000000000000,5341,4171612,5784,3820990,10801,7699039
271,9/10/2021 15:00:00,6526,3884680,6663.000000000000000,3534195,1719.000000000000000,295177.000000000000000,8245,4179857,8382,3829372,14908,7713947
272,9/11/2021 15:00:00,4176,3888856,4341.000000000000000,3538536,666.000000000000000,295843.000000000000000,4842,4184699,5007,3834379,9183,7723130
273,9/12/2021 15:00:00,3172,3892028,3238.000000000000000,3541774,436.000000000000000,296279.000000000000000,3608,4188307,3674,3838053,6846,7729976
274,9/13/2021 15:00:00,4882,3896910,5068.000000000000000,3546842,346.000000000000000,296625.000000000000000,5228,4193535,5414,3843467,10296,7740272
275,9/14/2021 15:00:00,4775,3901685,5440.000000000000000,3552282,436.000000000000000,297061.000000000000000,5211,4198746,5876,3849343,10651,7750923
276,9/15/2021 15:00:00,5040,3906725,5871.000000000000000,3558153,392.000000000000000,297453.000000000000000,5432,4204178,6263,3855606,11303,7762226
277,9/16/2021 15:00:00,4810,3911535,5845.000000000000000,3563998,336.000000000000000,297789.000000000000000,5146,4209324,6181,3861787,10991,7773217
278,9/17/2021 15:00:00,5257,3916792,6583.000000000000000,3570581,344.000000000000000,298133.000000000000000,5601,4214925,6927,3868714,12184,7785401
279,9/18/2021 15:00:00,3803,3920595,4577.000000000000000,3575158,185.000000000000000,298318.000000000000000,3988,4218913,4762,3873476,8565,7793966
280,9/19/2021 15:00:00,2741,3923336,3167.000000000000000,3578325,75.000000000000000,298393.000000000000000,2816,4221729,3242,3876718,5983,7799949
281,9/20/2021 15:00:00,3753,3927089,4679.000000000000000,3583004,430.000000000000000,298823.000000000000000,4183,4225912,5109,3881827,8862,7808811
282,9/21/2021 15:00:00,3998,3931087,5003.000000000000000,3588007,327.000000000000000,299150.000000000000000,4325,4230237,5330,3887157,9328,7818139
283,9/22/2021 15:00:00,4196,3935283,4774.000000000000000,3592781,459.000000000000000,299609.000000000000000,4655,4234892,5233,3892390,9429,7827568
284,9/23/2021 15:00:00,4176,3939459,4729.000000000000000,3597510,492.000000000000000,300101.000000000000000,4668,4239560,5221,3897611,9397,7836965
285,9/24/2021 15:00:00,5078,3944537,5603.000000000000000,3603113,422.000000000000000,300523.000000000000000,5500,4245060,6025,3903636,11103,7848068
286,9/25/2021 15:00:00,3624,3948161,3629.000000000000000,3606742,384.000000000000000,300907.000000000000000,4008,4249068,4013,3907649,7637,7855705
287,9/26/2021 15:00:00,2352,3950513,2665.000000000000000,3609407,430.000000000000000,301337.000000000000000,2782,4251850,3095,3910744,5447,7861152
288,9/27/2021 15:00:00,4506,3955019,2710.000000000000000,3612117,512.000000000000000,301849.000000000000000,5018,4256868,3222,3913966,7728,7868880
289,9/28/2021 15:00:00,4397,3959416,4450.000000000000000,3616567,211.000000000000000,302060.000000000000000,4608,4261476,4661,3918627,9058,7877938
290,9/29/2021 15:00:00,4691,3964107,4505.000000000000000,3621072,920.000000000000000,302980.000000000000000,5611,4267087,5425,3924052,10116,7888054
291,9/30/2021 15:00:00,4886,3968993,4560.000000000000000,3625632,796.000000000000000,303776.000000000000000,5682,4272769,5356,3929408,10242,7898296
292,10/1/2021 15:00:00,5502,3974495,5340.000000000000000,3630972,785.000000000000000,304561.000000000000000,6287,4279056,6125,3935533,11627,7909923
293,10/2/2021 15:00:00,2935,3977430,2895.000000000000000,3633867,187.000000000000000,304748.000000000000000,3122,4282178,3082,3938615,6017,7915940
294,10/3/2021 15:00:00,2073,3979503,2377.000000000000000,3636244,86.000000000000000,304834.000000000000000,2159,4284337,2463,3941078,4536,7920476
295,10/4/2021 15:00:00,4024,3983527,3497.000000000000000,3639741,232.000000000000000,305066.000000000000000,4256,4288593,3729,3944807,7753,7928229
296,10/5/2021 15:00:00,3951,3987478,3659.000000000000000,3643400,207.000000000000000,305273.000000000000000,4158,4292751,3866,3948673,7817,7936046
297,10/6/2021 15:00:00,4021,3991499,3571.000000000000000,3646971,266.000000000000000,305539.000000000000000,4287,4297038,3837,3952510,7858,7943904
298,10/7/2021 15:00:00,4232,3995731,3622.000000000000000,3650593,331.000000000000000,305870.000000000000000,4563,4301601,3953,3956463,8185,7952089
299,10/8/2021 15:00:00,4771,4000502,4284.000000000000000,3654877,283.000000000000000,306153.000000000000000,5054,4306655,4567,3961030,9338,7961427
300,10/9/2021 15:00:00,2691,4003193,2678.000000000000000,3657555,270.000000000000000,306423.000000000000000,2961,4309616,2948,3963978,5639,7967066
301,10/10/2021 15:00:00,1861,4005054,1850.000000000000000,3659405,59.000000000000000,306482.000000000000000,1920,4311536,1909,3965887,3770,7970836
302,10/11/2021 15:00:00,4205,4009259,3315.000000000000000,3662720,249.000000000000000,306731.000000000000000,4454,4315990,3564,3969451,7769,7978605
303,10/12/2021 15:00:00,3598,4012857,3534.000000000000000,3666254,273.000000000000000,307004.000000000000000,3871,4319861,3807,3973258,7405,7986010
304,10/13/2021 15:00:00,3969,4016826,3456.000000000000000,3669710,346.000000000000000,307350.000000000000000,4315,4324176,3802,3977060,7771,7993781
305,10/14/2021 15:00:00,5159,4021985,5492.000000000000000,3675202,431.000000000000000,307781.000000000000000,5590,4329766,5923,3982983,11082,8004863
306,10/15/2021 15:00:00,4711,4026696,4594.000000000000000,3679796,347.000000000000000,308128.000000000000000,5058,4334824,4941,3987924,9652,8014515
307,10/16/2021 15:00:00,2494,4029190,2507.000000000000000,3682303,291.000000000000000,308419.000000000000000,2785,4337609,2798,3990722,5292,8019807
308,10/17/2021 15:00:00,1805,4030995,1774.000000000000000,3684077,55.000000000000000,308474.000000000000000,1860,4339469,1829,3992551,3634,8023441
309,10/18/2021 15:00:00,4275,4035270,3579.000000000000000,3687656,268.000000000000000,308742.000000000000000,4543,4344012,3847,3996398,8122,8031563
310,10/19/2021 15:00:00,4298,4039568,4000.000000000000000,3691656,223.000000000000000,308965.000000000000000,4521,4348533,4223,4000621,8521,8040084
311,10/20/2021 15:00:00,3530,4043098,3420.000000000000000,3695076,255.000000000000000,309220.000000000000000,3785,4352318,3675,4004296,7205,8047289
312,10/21/2021 15:00:00,3299,4046397,3271.000000000000000,3698347,291.000000000000000,309511.000000000000000,3590,4355908,3562,4007858,6861,8054150
313,10/22/2021 15:00:00,4678,4051075,4023.000000000000000,3702370,477.000000000000000,309988.000000000000000,5155,4361063,4500,4012358,9178,8063328
314,10/23/2021 15:00:00,2884,4053959,2108.000000000000000,3704478,321.000000000000000,310309.000000000000000,3205,4364268,2429,4014787,5313,8068641
315,10/24/2021 15:00:00,2056,4056015,1553.000000000000000,3706031,79.000000000000000,310388.000000000000000,2135,4366403,1632,4016419,3688,8072329
316,10/25/2021 15:00:00,4544,4060559,3068.000000000000000,3709099,320.000000000000000,310708.000000000000000,4864,4371267,3388,4019807,7932,8080261
317,10/26/2021 15:00:00,4511,4065070,3075.000000000000000,3712174,316.000000000000000,311024.000000000000000,4827,4376094,3391,4023198,7902,8088163
318,10/27/2021 15:00:00,4735,4069805,3336.000000000000000,3715510,436.000000000000000,311460.000000000000000,5171,4381265,3772,4026970,8507,8096670
319,10/28/2021 15:00:00,4559,4074364,3349.000000000000000,3718859,501.000000000000000,311961.000000000000000,5060,4386325,3850,4030820,8409,8105079
320,10/29/2021 15:00:00,4978,4079342,3912.000000000000000,3722771,394.000000000000000,312355.000000000000000,5372,4391697,4306,4035126,9284,8114363
321,10/30/2021 15:00:00,2631,4081973,1834.000000000000000,3724605,307.000000000000000,312662.000000000000000,2938,4394635,2141,4037267,4772,8119135
322,10/31/2021 15:00:00,1937,4083910,1519.000000000000000,3726124,93.000000000000000,312755.000000000000000,2030,4396665,1612,4038879,3549,8122684
323,11/1/2021 15:00:00,4713,4088623,3421.000000000000000,3729545,347.000000000000000,313102.000000000000000,5060,4401725,3768,4042647,8481,8131165
324,11/2/2021 15:00:00,4255,4092878,2938.000000000000000,3732483,408.000000000000000,313510.000000000000000,4663,4406388,3346,4045993,7601,8138766
325,11/3/2021 15:00:00,4668,4097546,3042.000000000000000,3735525,463.000000000000000,313973.000000000000000,5131,4411519,3505,4049498,8173,8146939
326,11/4/2021 15:00:00,6316,4103862,3364.000000000000000,3738889,513.000000000000000,314486.000000000000000,6829,4418348,3877,4053375,10193,8157132
327,11/5/2021 15:00:00,8237,4112099,3761.000000000000000,3742650,413.000000000000000,314899.000000000000000,8650,4426998,4174,4057549,12411,8169543
328,11/6/2021 15:00:00,10168,4122267,1965.000000000000000,3744615,308.000000000000000,315207.000000000000000,10476,4437474,2273,4059822,12441,8181984
329,11/7/2021 15:00:00,7712,4129979,1462.000000000000000,3746077,95.000000000000000,315302.000000000000000,7807,4445281,1557,4061379,9269,8191253
330,11/8/2021 15:00:00,11303,4141282,3041.000000000000000,3749118,379.000000000000000,315681.000000000000000,11682,4456963,3420,4064799,14723,8205976
331,11/9/2021 15:00:00,11761,4153043,2640.000000000000000,3751758,269.000000000000000,315950.000000000000000,12030,4468993,2909,4067708,14670,8220646
332,11/10/2021 15:00:00,12584,4165627,2748.000000000000000,3754506,339.000000000000000,316289.000000000000000,12923,4481916,3087,4070795,15671,8236317
333,11/11/2021 15:00:00,11373,4177000,2371.000000000000000,3756877,280.000000000000000,316569.000000000000000,11653,4493569,2651,4073446,14024,8250341
334,11/12/2021 15:00:00,12288,4189288,3347.000000000000000,3760224,548.000000000000000,317117.000000000000000,12836,4506405,3895,4077341,16183,8266524
335,11/13/2021 15:00:00,9893,4199181,1591.000000000000000,3761815,342.000000000000000,317459.000000000000000,10235,4516640,1933,4079274,11826,8278350
336,11/14/2021 15:00:00,3924,4203105,1112.000000000000000,3762927,121.000000000000000,317580.000000000000000,4045,4520685,1233,4080507,5157,8283507
337,11/15/2021 15:00:00,8626,4211731,2511.000000000000000,3765438,205.000000000000000,317785.000000000000000,8831,4529516,2716,4083223,11342,8294849
338,11/16/2021 15:00:00,9225,4220956,2506.000000000000000,3767944,255.000000000000000,318040.000000000000000,9480,4538996,2761,4085984,11986,8306835
339,11/17/2021 15:00:00,9394,4230350,2859.000000000000000,3770803,312.000000000000000,318352.000000000000000,9706,4548702,3171,4089155,12565,8319400
340,11/18/2021 15:00:00,9275,4239625,2622.000000000000000,3773425,481.000000000000000,318833.000000000000000,9756,4558458,3103,4092258,12378,8331778
341,11/19/2021 15:00:00,9802,4249427,2906.000000000000000,3776331,381.000000000000000,319214.000000000000000,10183,4568641,3287,4095545,13089,8344867
342,11/20/2021 15:00:00,10629,4260056,1601.000000000000000,3777932,455.000000000000000,319669.000000000000000,11084,4579725,2056,4097601,12685,8357552
343,11/21/2021 15:00:00,4342,4264398,1199.000000000000000,3779131,100.000000000000000,319769.000000000000000,4442,4584167,1299,4098900,5641,8363193
344,11/22/2021 15:00:00,9823,4274221,2479.000000000000000,3781610,293.000000000000000,320062.000000000000000,10116,4594283,2772,4101672,12595,8375788
345,11/23/2021 15:00:00,9207,4283428,2380.000000000000000,3783990,280.000000000000000,320342.000000000000000,9487,4603770,2660,4104332,11867,8387655
346,11/24/2021 15:00:00,8154,4291582,2437.000000000000000,3786427,216.000000000000000,320558.000000000000000,8370,4612140,2653,4106985,10807,8398462
347,11/25/2021 15:00:00,239,4291821,77.000000000000000,3786504,10.000000000000000,320568.000000000000000,249,4612389,87,4107072,326,8398788
348,11/26/2021 15:00:00,5652,4297473,3950.000000000000000,3790454,153.000000000000000,320721.000000000000000,5805,4618194,4103,4111175,9755,8408543
349,11/27/2021 15:00:00,3778,4301251,5476.000000000000000,3795930,134.000000000000000,320855.000000000000000,3912,4622106,5610,4116785,9388,8417931
350,11/28/2021 15:00:00,2412,4303663,6384.000000000000000,3802314,77.000000000000000,320932.000000000000000,2489,4624595,6461,4123246,8873,8426804
351,11/29/2021 15:00:00,6366,4310029,9280.000000000000000,3811594,379.000000000000000,321311.000000000000000,6745,4631340,9659,4132905,16025,8442829
352,11/30/2021 15:00:00,6251,4316280,9316.000000000000000,3820910,264.000000000000000,321575.000000000000000,6515,4637855,9580,4142485,15831,8458660
353,12/1/2021 15:00:00,7300,4323580,9714.000000000000000,3830624,308.000000000000000,321883.000000000000000,7608,4645463,10022,4152507,17322,8475982
354,12/2/2021 15:00:00,6913,4330493,8786.000000000000000,3839410,450.000000000000000,322333.000000000000000,7363,4652826,9236,4161743,16149,8492131
355,12/3/2021 15:00:00,7605,4338098,9253.000000000000000,3848663,249.000000000000000,322582.000000000000000,7854,4660680,9502,4171245,17107,8509238
356,12/4/2021 15:00:00,5948,4344046,10040.000000000000000,3858703,466.000000000000000,323048.000000000000000,6414,4667094,10506,4181751,16454,8525692
357,12/5/2021 15:00:00,3463,4347509,3284.000000000000000,3861987,78.000000000000000,323126.000000000000000,3541,4670635,3362,4185113,6825,8532517
358,12/6/2021 15:00:00,6745,4354254,7088.000000000000000,3869075,277.000000000000000,323403.000000000000000,7022,4677657,7365,4192478,14110,8546627
359,12/7/2021 15:00:00,6409,4360663,7029.000000000000000,3876104,249.000000000000000,323652.000000000000000,6658,4684315,7278,4199756,13687,8560314
360,12/8/2021 15:00:00,6929,4367592,7411.000000000000000,3883515,315.000000000000000,323967.000000000000000,7244,4691559,7726,4207482,14655,8574969
361,12/9/2021 15:00:00,6547,4374139,7024.000000000000000,3890539,398.000000000000000,324365.000000000000000,6945,4698504,7422,4214904,13969,8588938
362,12/10/2021 15:00:00,7286,4381425,7326.000000000000000,3897865,230.000000000000000,324595.000000000000000,7516,4706020,7556,4222460,14842,8603780
363,12/11/2021 15:00:00,4450,4385875,7667.000000000000000,3905532,333.000000000000000,324928.000000000000000,4783,4710803,8000,4230460,12450,8616230
364,12/12/2021 15:00:00,4000,4389875,2772.000000000000000,3908304,60.000000000000000,324988.000000000000000,4060,4714863,2832,4233292,6832,8623062
365,12/13/2021 15:00:00,5692,4395567,5761.000000000000000,3914065,243.000000000000000,325231.000000000000000,5935,4720798,6004,4239296,11696,8634758
366,12/14/2021 15:00:00,6454,4402021,5919.000000000000000,3919984,221.000000000000000,325452.000000000000000,6675,4727473,6140,4245436,12594,8647352
367,12/15/2021 15:00:00,7160,4409181,5707.000000000000000,3925691,254.000000000000000,325706.000000000000000,7414,4734887,5961,4251397,13121,8660473
368,12/16/2021 15:00:00,7862,4417043,2825.000000000000000,3928516,421.000000000000000,326127.000000000000000,8283,4743170,3246,4254643,11108,8671581
369,12/17/2021 15:00:00,7841,4424884,4150.000000000000000,3932666,195.000000000000000,326322.000000000000000,8036,4751206,4345,4258988,12186,8683767
370,12/18/2021 15:00:00,5831,4430715,3169.000000000000000,3935835,298.000000000000000,326620.000000000000000,6129,4757335,3467,4262455,9298,8693065
371,12/19/2021 15:00:00,3379,4434094,1340.000000000000000,3937175,37.000000000000000,326657.000000000000000,3416,4760751,1377,4263832,4756,8697821
372,12/20/2021 15:00:00,8074,4442168,3741.000000000000000,3940916,173.000000000000000,326830.000000000000000,8247,4768998,3914,4267746,11988,8709809
373,12/21/2021 15:00:00,8989,4451157,4153.000000000000000,3945069,175.000000000000000,327005.000000000000000,9164,4778162,4328,4272074,13317,8723126
374,12/22/2021 15:00:00,8680,4459837,3859.000000000000000,3948928,184.000000000000000,327189.000000000000000,8864,4787026,4043,4276117,12723,8735849
375,12/23/2021 15:00:00,8401,4468238,3566.000000000000000,3952494,359.000000000000000,327548.000000000000000,8760,4795786,3925,4280042,12326,8748175
376,12/24/2021 15:00:00,1632,4469870,1006.000000000000000,3953500,39.000000000000000,327587.000000000000000,1671,4797457,1045,4281087,2677,8750852
377,12/25/2021 15:00:00,50,4469920,36.000000000000000,3953536,1.000000000000000,327588.000000000000000,51,4797508,37,4281124,87,8750939
378,12/26/2021 15:00:00,2518,4472438,1742.000000000000000,3955278,44.000000000000000,327632.000000000000000,2562,4800070,1786,4282910,4304,8755243
379,12/27/2021 15:00:00,7191,4479629,3989.000000000000000,3959267,297.000000000000000,327929.000000000000000,7488,4807558,4286,4287196,11477,8766720
380,12/28/2021 15:00:00,7927,4487556,3849.000000000000000,3963116,178.000000000000000,328107.000000000000000,8105,4815663,4027,4291223,11954,8778674
381,12/29/2021 15:00:00,8229,4495785,4015.000000000000000,3967131,155.000000000000000,328262.000000000000000,8384,4824047,4170,4295393,12399,8791073
382,12/30/2021 15:00:00,7469,4503254,3777.000000000000000,3970908,290.000000000000000,328552.000000000000000,7759,4831806,4067,4299460,11536,8802609
383,12/31/2021 15:00:00,2573,4505827,1525.000000000000000,3972433,90.000000000000000,328642.000000000000000,2663,4834469,1615,4301075,4188,8806797
384,1/1/2022 15:00:00,738,4506565,347.000000000000000,3972780,34.000000000000000,328676.000000000000000,772,4835241,381,4301456,1119,8807916
385,1/2/2022 15:00:00,2216,4508781,1649.000000000000000,3974429,48.000000000000000,328724.000000000000000,2264,4837505,1697,4303153,3913,8811829
386,1/3/2022 15:00:00,3394,4512175,2063.000000000000000,3976492,222.000000000000000,328946.000000000000000,3616,4841121,2285,4305438,5679,8817508
387,1/4/2022 15:00:00,5847,4518022,3476.000000000000000,3979968,165.000000000000000,329111.000000000000000,6012,4847133,3641,4309079,9488,8826996
388,1/5/2022 15:00:00,6822,4524844,4691.000000000000000,3984659,175.000000000000000,329286.000000000000000,6997,4854130,4866,4313945,11688,8838684
389,1/6/2022 15:00:00,6743,4531587,4813.000000000000000,3989472,265.000000000000000,329551.000000000000000,7008,4861138,5078,4319023,11821,8850505
390,1/7/2022 15:00:00,5965,4537552,3756.000000000000000,3993228,159.000000000000000,329710.000000000000000,6124,4867262,3915,4322938,9880,8860385
391,1/8/2022 15:00:00,4802,4542354,3908.000000000000000,3997136,79.000000000000000,329789.000000000000000,4881,4872143,3987,4326925,8789,8869174
392,1/9/2022 15:00:00,2760,4545114,2014.000000000000000,3999150,154.000000000000000,329943.000000000000000,2914,4875057,2168,4329093,4928,8874102
393,1/10/2022 15:00:00,6334,4551448,3833.000000000000000,4002983,160.000000000000000,330103.000000000000000,6494,4881551,3993,4333086,10327,8884429
394,1/11/2022 15:00:00,6553,4558001,4243.000000000000000,4007226,142.000000000000000,330245.000000000000000,6695,4888246,4385,4337471,10938,8895367
395,1/12/2022 15:00:00,6813,4564814,4439.000000000000000,4011665,225.000000000000000,330470.000000000000000,7038,4895284,4664,4342135,11477,8906844
396,1/13/2022 15:00:00,6629,4571443,4379.000000000000000,4016044,153.000000000000000,330623.000000000000000,6782,4902066,4532,4346667,11161,8918005
397,1/14/2022 15:00:00,7207,4578650,3277.000000000000000,4019321,252.000000000000000,330875.000000000000000,7459,4909525,3529,4350196,10736,8928741
398,1/15/2022 15:00:00,4268,4582918,1686.000000000000000,4021007,71.000000000000000,330946.000000000000000,4339,4913864,1757,4351953,6025,8934766
399,1/16/2022 15:00:00,2217,4585135,1318.000000000000000,4022325,116.000000000000000,331062.000000000000000,2333,4916197,1434,4353387,3651,8938417
400,1/17/2022 15:00:00,3612,4588747,2361.000000000000000,4024686,74.000000000000000,331136.000000000000000,3686,4919883,2435,4355822,6047,8944464
401,1/18/2022 15:00:00,5268,4594015,4198.000000000000000,4028884,102.000000000000000,331238.000000000000000,5370,4925253,4300,4360122,9568,8954032
402,1/19/2022 15:00:00,5290,4599305,4463.000000000000000,4033347,99.000000000000000,331337.000000000000000,5389,4930642,4562,4364684,9852,8963884
403,1/20/2022 15:00:00,4519,4603824,3616.000000000000000,4036963,176.000000000000000,331513.000000000000000,4695,4935337,3792,4368476,8311,8972195
404,1/21/2022 15:00:00,5587,4609411,2925.000000000000000,4039888,125.000000000000000,331638.000000000000000,5712,4941049,3050,4371526,8637,8980832
405,1/22/2022 15:00:00,3456,4612867,1721.000000000000000,4041609,134.000000000000000,331772.000000000000000,3590,4944639,1855,4373381,5311,8986143
406,1/23/2022 15:00:00,2034,4614901,1495.000000000000000,4043104,30.000000000000000,331802.000000000000000,2064,4946703,1525,4374906,3559,8989702
407,1/24/2022 15:00:00,4121,4619022,2767.000000000000000,4045871,88.000000000000000,331890.000000000000000,4209,4950912,2855,4377761,6976,8996678
408,1/25/2022 15:00:00,3794,4622816,3305.000000000000000,4049176,95.000000000000000,331985.000000000000000,3889,4954801,3400,4381161,7194,9003872
409,1/26/2022 15:00:00,3859,4626675,3683.000000000000000,4052859,94.000000000000000,332079.000000000000000,3953,4958754,3777,4384938,7636,9011508
410,1/27/2022 15:00:00,3762,4630437,3860.000000000000000,4056719,187.000000000000000,332266.000000000000000,3949,4962703,4047,4388985,7809,9019317
411,1/28/2022 15:00:00,3841,4634278,3212.000000000000000,4059931,75.000000000000000,332341.000000000000000,3916,4966619,3287,4392272,7128,9026445
412,1/29/2022 15:00:00,2298,4636576,2265.000000000000000,4062196,117.000000000000000,332458.000000000000000,2415,4969034,2382,4394654,4680,9031125
413,1/30/2022 15:00:00,1553,4638129,1602.000000000000000,4063798,16.000000000000000,332474.000000000000000,1569,4970603,1618,4396272,3171,9034296
414,1/31/2022 15:00:00,2978,4641107,3156.000000000000000,4066954,58.000000000000000,332532.000000000000000,3036,4973639,3214,4399486,6192,9040488
415,2/1/2022 15:00:00,2635,4643742,3388.000000000000000,4070342,75.000000000000000,332607.000000000000000,2710,4976349,3463,4402949,6098,9046586
416,2/2/2022 15:00:00,2815,4646557,3712.000000000000000,4074054,74.000000000000000,332681.000000000000000,2889,4979238,3786,4406735,6601,9053187
417,2/3/2022 15:00:00,2741,4649298,3629.000000000000000,4077683,41.000000000000000,332722.000000000000000,2782,4982020,3670,4410405,6411,9059598
418,2/4/2022 15:00:00,2751,4652049,4318.000000000000000,4082001,127.000000000000000,332849.000000000000000,2878,4984898,4445,4414850,7196,9066794
419,2/5/2022 15:00:00,1907,4653956,2854.000000000000000,4084855,112.000000000000000,332961.000000000000000,2019,4986917,2966,4417816,4873,9071667
420,2/6/2022 15:00:00,1052,4655008,1322.000000000000000,4086177,24.000000000000000,332985.000000000000000,1076,4987993,1346,4419162,2398,9074065
421,2/7/2022 15:00:00,2006,4657014,2616.000000000000000,4088793,46.000000000000000,333031.000000000000000,2052,4990045,2662,4421824,4668,9078733
422,2/8/2022 15:00:00,2056,4659070,2985.000000000000000,4091778,63.000000000000000,333094.000000000000000,2119,4992164,3048,4424872,5104,9083837
423,2/9/2022 15:00:00,1989,4661059,2960.000000000000000,4094738,64.000000000000000,333158.000000000000000,2053,4994217,3024,4427896,5013,9088850
424,2/10/2022 15:00:00,1030,4662089,1422.000000000000000,4096160,19.000000000000000,333177.000000000000000,1049,4995266,1441,4429337,2471,9091321