OBJECTID,VACCINATION_DATE,FirstDailyDose,FirstDoseCumulative,SecondDailyDose,SecondDoseCumulative,SingleDailyDose,SingleDoseCumulative,AtleastOneVaccine,AtleastOneVaccineCumulative,CompletedVax,CompletedVaxCumulative,FirstSecondSingleVaccination_12,FirstSecondSingleVaccination_13
1,12/14/2020 15:00:00,19,1515,,537,,,19,1515,0,537,19,1987
2,12/15/2020 15:00:00,63,1578,3.000000000000000,540,,,63,1578,3,540,66,2053
3,12/16/2020 15:00:00,598,2176,5.000000000000000,545,,,598,2176,5,545,603,2656
4,12/17/2020 15:00:00,1171,3347,8.000000000000000,553,,,1171,3347,8,553,1179,3835
5,12/18/2020 15:00:00,3033,6380,12.000000000000000,565,,,3033,6380,12,565,3045,6880
6,12/19/2020 15:00:00,929,7309,8.000000000000000,573,,,929,7309,8,573,937,7817
7,12/20/2020 15:00:00,370,7679,6.000000000000000,579,,,370,7679,6,579,376,8193
8,12/21/2020 15:00:00,3902,11581,28.000000000000000,607,,,3902,11581,28,607,3930,12123
9,12/22/2020 15:00:00,6330,17911,31.000000000000000,638,,,6330,17911,31,638,6361,18484
10,12/23/2020 15:00:00,5795,23706,42.000000000000000,680,,,5795,23706,42,680,5837,24321
11,12/24/2020 15:00:00,2729,26435,16.000000000000000,696,,,2729,26435,16,696,2745,27066
12,12/25/2020 15:00:00,1035,27470,4.000000000000000,700,,,1035,27470,4,700,1039,28105
13,12/26/2020 15:00:00,1887,29357,10.000000000000000,710,,,1887,29357,10,710,1897,30002
14,12/27/2020 15:00:00,1805,31162,12.000000000000000,722,,,1805,31162,12,722,1817,31819
15,12/28/2020 15:00:00,9000,40162,53.000000000000000,775,,,9000,40162,53,775,9053,40872
16,12/29/2020 15:00:00,10986,51148,54.000000000000000,829,,,10986,51148,54,829,11040,51912
17,12/30/2020 15:00:00,12515,63663,98.000000000000000,927,,,12515,63663,98,927,12613,64525
18,12/31/2020 15:00:00,7567,71230,49.000000000000000,976,,,7567,71230,49,976,7616,72141
19,1/1/2021 15:00:00,3450,74680,146.000000000000000,1122,,,3450,74680,146,1122,3596,75737
20,1/2/2021 15:00:00,3066,77746,34.000000000000000,1156,,,3066,77746,34,1156,3100,78837
21,1/3/2021 15:00:00,3419,81165,82.000000000000000,1238,,,3419,81165,82,1238,3501,82338
22,1/4/2021 15:00:00,13386,94551,345.000000000000000,1583,,,13386,94551,345,1583,13731,96069
23,1/5/2021 15:00:00,12498,107049,551.000000000000000,2134,,,12498,107049,551,2134,13049,109118
24,1/6/2021 15:00:00,15289,122338,872.000000000000000,3006,,,15289,122338,872,3006,16161,125279
25,1/7/2021 15:00:00,15057,137395,1792.000000000000000,4798,,,15057,137395,1792,4798,16849,142128
26,1/8/2021 15:00:00,24038,161433,2797.000000000000000,7595,,,24038,161433,2797,7595,26835,168963
27,1/9/2021 15:00:00,5191,166624,959.000000000000000,8554,,,5191,166624,959,8554,6150,175113
28,1/10/2021 15:00:00,2992,169616,390.000000000000000,8944,,,2992,169616,390,8944,3382,178495
29,1/11/2021 15:00:00,13756,183372,3490.000000000000000,12434,,,13756,183372,3490,12434,17246,195741
30,1/12/2021 15:00:00,17411,200783,5603.000000000000000,18037,,,17411,200783,5603,18037,23014,218755
31,1/13/2021 15:00:00,18645,219428,3942.000000000000000,21979,,,18645,219428,3942,21979,22587,241342
32,1/14/2021 15:00:00,17886,237314,1974.000000000000000,23953,,,17886,237314,1974,23953,19860,261202
33,1/15/2021 15:00:00,19516,256830,2043.000000000000000,25996,,,19516,256830,2043,25996,21559,282761
34,1/16/2021 15:00:00,5852,262682,1626.000000000000000,27622,,,5852,262682,1626,27622,7478,290239
35,1/17/2021 15:00:00,2131,264813,1479.000000000000000,29101,,,2131,264813,1479,29101,3610,293849
36,1/18/2021 15:00:00,7087,271900,3273.000000000000000,32374,,,7087,271900,3273,32374,10360,304209
37,1/19/2021 15:00:00,16969,288869,5423.000000000000000,37797,,,16969,288869,5423,37797,22392,326601
38,1/20/2021 15:00:00,21024,309893,5349.000000000000000,43146,,,21024,309893,5349,43146,26373,352974
39,1/21/2021 15:00:00,23844,333737,3877.000000000000000,47023,,,23844,333737,3877,47023,27721,380695
40,1/22/2021 15:00:00,28677,362414,3779.000000000000000,50802,,,28677,362414,3779,50802,32456,413151
41,1/23/2021 15:00:00,10133,372547,1951.000000000000000,52753,,,10133,372547,1951,52753,12084,425235
42,1/24/2021 15:00:00,3365,375912,1727.000000000000000,54480,,,3365,375912,1727,54480,5092,430327
43,1/25/2021 15:00:00,16319,392231,8631.000000000000000,63111,,,16319,392231,8631,63111,24950,455277
44,1/26/2021 15:00:00,17575,409806,8994.000000000000000,72105,,,17575,409806,8994,72105,26569,481846
45,1/27/2021 15:00:00,24451,434257,12592.000000000000000,84697,,,24451,434257,12592,84697,37043,518889
46,1/28/2021 15:00:00,22669,456926,9349.000000000000000,94046,,,22669,456926,9349,94046,32018,550907
47,1/29/2021 15:00:00,24800,481726,7947.000000000000000,101993,,,24800,481726,7947,101993,32747,583654
48,1/30/2021 15:00:00,17804,499530,2575.000000000000000,104568,,,17804,499530,2575,104568,20379,604033
49,1/31/2021 15:00:00,3769,503299,1376.000000000000000,105944,,,3769,503299,1376,105944,5145,609178
50,2/1/2021 15:00:00,8242,511541,5460.000000000000000,111404,,,8242,511541,5460,111404,13702,622880
51,2/2/2021 15:00:00,12537,524078,13850.000000000000000,125254,,,12537,524078,13850,125254,26387,649267
52,2/3/2021 15:00:00,18289,542367,18158.000000000000000,143412,,,18289,542367,18158,143412,36447,685714
53,2/4/2021 15:00:00,22156,564523,15812.000000000000000,159224,,,22156,564523,15812,159224,37968,723682
54,2/5/2021 15:00:00,20426,584949,17463.000000000000000,176687,,,20426,584949,17463,176687,37889,761571
55,2/6/2021 15:00:00,11391,596340,14546.000000000000000,191233,,,11391,596340,14546,191233,25937,787508
56,2/7/2021 15:00:00,5994,602334,1956.000000000000000,193189,,,5994,602334,1956,193189,7950,795458
57,2/8/2021 15:00:00,13030,615364,12992.000000000000000,206181,,,13030,615364,12992,206181,26022,821480
58,2/9/2021 15:00:00,16681,632045,13903.000000000000000,220084,,,16681,632045,13903,220084,30584,852064
59,2/10/2021 15:00:00,19344,651389,21335.000000000000000,241419,,,19344,651389,21335,241419,40679,892743
60,2/11/2021 15:00:00,22956,674345,17400.000000000000000,258819,,,22956,674345,17400,258819,40356,933099
61,2/12/2021 15:00:00,20455,694800,19689.000000000000000,278508,,,20455,694800,19689,278508,40144,973243
62,2/13/2021 15:00:00,11479,706279,6436.000000000000000,284944,,,11479,706279,6436,284944,17915,991158
63,2/14/2021 15:00:00,7122,713401,2144.000000000000000,287088,,,7122,713401,2144,287088,9266,1000424
64,2/15/2021 15:00:00,11774,725175,13361.000000000000000,300449,,,11774,725175,13361,300449,25135,1025559
65,2/16/2021 15:00:00,16666,741841,21044.000000000000000,321493,,,16666,741841,21044,321493,37710,1063269
66,2/17/2021 15:00:00,20696,762537,26402.000000000000000,347895,,,20696,762537,26402,347895,47098,1110367
67,2/18/2021 15:00:00,3209,765746,4634.000000000000000,352529,,,3209,765746,4634,352529,7843,1118210
68,2/19/2021 15:00:00,10272,776018,19948.000000000000000,372477,,,10272,776018,19948,372477,30220,1148430
69,2/20/2021 15:00:00,10321,786339,20330.000000000000000,392807,,,10321,786339,20330,392807,30651,1179081
70,2/21/2021 15:00:00,6198,792537,7674.000000000000000,400481,,,6198,792537,7674,400481,13872,1192953
71,2/22/2021 15:00:00,8051,800588,15507.000000000000000,415988,,,8051,800588,15507,415988,23558,1216511
72,2/23/2021 15:00:00,15542,816130,15997.000000000000000,431985,,,15542,816130,15997,431985,31539,1248050
73,2/24/2021 15:00:00,18009,834139,24858.000000000000000,456843,,,18009,834139,24858,456843,42867,1290917
74,2/25/2021 15:00:00,20409,854548,26606.000000000000000,483449,,,20409,854548,26606,483449,47015,1337932
75,2/26/2021 15:00:00,26696,881244,26295.000000000000000,509744,,,26696,881244,26295,509744,52991,1390923
76,2/27/2021 15:00:00,16036,897280,11172.000000000000000,520916,,,16036,897280,11172,520916,27208,1418131
77,2/28/2021 15:00:00,15535,912815,4901.000000000000000,525817,,,15535,912815,4901,525817,20436,1438567
78,3/1/2021 15:00:00,27345,940160,12724.000000000000000,538541,,,27345,940160,12724,538541,40069,1478636
79,3/2/2021 15:00:00,24020,964180,13316.000000000000000,551857,38.000000000000000,38.000000000000000,24058,964218,13354,551895,37374,1516010
80,3/3/2021 15:00:00,30269,994449,18440.000000000000000,570297,195.000000000000000,233.000000000000000,30464,994682,18635,570530,48904,1564914
81,3/4/2021 15:00:00,31023,1025472,18268.000000000000000,588565,4065.000000000000000,4298.000000000000000,35088,1029770,22333,592863,53356,1618270
82,3/5/2021 15:00:00,30130,1055602,19797.000000000000000,608362,4913.000000000000000,9211.000000000000000,35043,1064813,24710,617573,54840,1673110
83,3/6/2021 15:00:00,19006,1074608,9543.000000000000000,617905,6011.000000000000000,15222.000000000000000,25017,1089830,15554,633127,34560,1707670
84,3/7/2021 15:00:00,12156,1086764,4934.000000000000000,622839,6606.000000000000000,21828.000000000000000,18762,1108592,11540,644667,23696,1731366
85,3/8/2021 15:00:00,25939,1112703,8872.000000000000000,631711,8276.000000000000000,30104.000000000000000,34215,1142807,17148,661815,43087,1774453
86,3/9/2021 15:00:00,26164,1138867,15514.000000000000000,647225,8345.000000000000000,38449.000000000000000,34509,1177316,23859,685674,50023,1824476
87,3/10/2021 15:00:00,29905,1168772,16072.000000000000000,663297,7936.000000000000000,46385.000000000000000,37841,1215157,24008,709682,53913,1878389
88,3/11/2021 15:00:00,36036,1204808,16440.000000000000000,679737,3981.000000000000000,50366.000000000000000,40017,1255174,20421,730103,56457,1934846
89,3/12/2021 15:00:00,36929,1241737,18180.000000000000000,697917,2928.000000000000000,53294.000000000000000,39857,1295031,21108,751211,58037,1992883
90,3/13/2021 15:00:00,22677,1264414,10349.000000000000000,708266,1629.000000000000000,54923.000000000000000,24306,1319337,11978,763189,34655,2027538
91,3/14/2021 15:00:00,17847,1282261,6744.000000000000000,715010,1010.000000000000000,55933.000000000000000,18857,1338194,7754,770943,25601,2053139
92,3/15/2021 15:00:00,29918,1312179,11385.000000000000000,726395,600.000000000000000,56533.000000000000000,30518,1368712,11985,782928,41903,2095042
93,3/16/2021 15:00:00,33494,1345673,13602.000000000000000,739997,774.000000000000000,57307.000000000000000,34268,1402980,14376,797304,47870,2142912
94,3/17/2021 15:00:00,37648,1383321,17108.000000000000000,757105,1184.000000000000000,58491.000000000000000,38832,1441812,18292,815596,55940,2198852
95,3/18/2021 15:00:00,41487,1424808,12720.000000000000000,769825,1353.000000000000000,59844.000000000000000,42840,1484652,14073,829669,55560,2254412
96,3/19/2021 15:00:00,38393,1463201,15449.000000000000000,785274,1045.000000000000000,60889.000000000000000,39438,1524090,16494,846163,54887,2309299
97,3/20/2021 15:00:00,24752,1487953,10241.000000000000000,795515,706.000000000000000,61595.000000000000000,25458,1549548,10947,857110,35699,2344998
98,3/21/2021 15:00:00,19210,1507163,7924.000000000000000,803439,342.000000000000000,61937.000000000000000,19552,1569100,8266,865376,27476,2372474
99,3/22/2021 15:00:00,32617,1539780,11524.000000000000000,814963,835.000000000000000,62772.000000000000000,33452,1602552,12359,877735,44976,2417450
100,3/23/2021 15:00:00,38421,1578201,17887.000000000000000,832850,1557.000000000000000,64329.000000000000000,39978,1642530,19444,897179,57865,2475315
101,3/24/2021 15:00:00,41091,1619292,21282.000000000000000,854132,1389.000000000000000,65718.000000000000000,42480,1685010,22671,919850,63762,2539077
102,3/25/2021 15:00:00,42942,1662234,21770.000000000000000,875902,2457.000000000000000,68175.000000000000000,45399,1730409,24227,944077,67169,2606246
103,3/26/2021 15:00:00,36406,1698640,26730.000000000000000,902632,2495.000000000000000,70670.000000000000000,38901,1769310,29225,973302,65631,2671877
104,3/27/2021 15:00:00,26476,1725116,17341.000000000000000,919973,2490.000000000000000,73160.000000000000000,28966,1798276,19831,993133,46307,2718184
105,3/28/2021 15:00:00,17013,1742129,12695.000000000000000,932668,1615.000000000000000,74775.000000000000000,18628,1816904,14310,1007443,31323,2749507
106,3/29/2021 15:00:00,29727,1771856,26419.000000000000000,959087,1142.000000000000000,75917.000000000000000,30869,1847773,27561,1035004,57288,2806795
107,3/30/2021 15:00:00,40085,1811941,29106.000000000000000,988193,1865.000000000000000,77782.000000000000000,41950,1889723,30971,1065975,71056,2877851
108,3/31/2021 15:00:00,41038,1852979,34770.000000000000000,1022963,5747.000000000000000,83529.000000000000000,46785,1936508,40517,1106492,81555,2959406
109,4/1/2021 15:00:00,42559,1895538,41267.000000000000000,1064230,5771.000000000000000,89300.000000000000000,48330,1984838,47038,1153530,89597,3049003
110,4/2/2021 15:00:00,34971,1930509,32759.000000000000000,1096989,6135.000000000000000,95435.000000000000000,41106,2025944,38894,1192424,73865,3122868
111,4/3/2021 15:00:00,21191,1951700,19248.000000000000000,1116237,4395.000000000000000,99830.000000000000000,25586,2051530,23643,1216067,44834,3167702
112,4/4/2021 15:00:00,8310,1960010,10226.000000000000000,1126463,968.000000000000000,100798.000000000000000,9278,2060808,11194,1227261,19504,3187206
113,4/5/2021 15:00:00,27973,1987983,28996.000000000000000,1155459,6665.000000000000000,107463.000000000000000,34638,2095446,35661,1262922,63634,3250840
114,4/6/2021 15:00:00,39822,2027805,30541.000000000000000,1186000,10506.000000000000000,117969.000000000000000,50328,2145774,41047,1303969,80869,3331709
115,4/7/2021 15:00:00,36124,2063929,34384.000000000000000,1220384,13000.000000000000000,130969.000000000000000,49124,2194898,47384,1351353,83508,3415217
116,4/8/2021 15:00:00,42374,2106303,36176.000000000000000,1256560,13877.000000000000000,144846.000000000000000,56251,2251149,50053,1401406,92427,3507644
117,4/9/2021 15:00:00,34104,2140407,36388.000000000000000,1292948,14532.000000000000000,159378.000000000000000,48636,2299785,50920,1452326,85024,3592668
118,4/10/2021 15:00:00,23512,2163919,23199.000000000000000,1316147,7643.000000000000000,167021.000000000000000,31155,2330940,30842,1483168,54354,3647022
119,4/11/2021 15:00:00,17586,2181505,13304.000000000000000,1329451,10123.000000000000000,177144.000000000000000,27709,2358649,23427,1506595,41013,3688035
120,4/12/2021 15:00:00,24612,2206117,33302.000000000000000,1362753,10909.000000000000000,188053.000000000000000,35521,2394170,44211,1550806,68823,3756858
121,4/13/2021 15:00:00,126196,2332313,91385.000000000000000,1454138,3293.000000000000000,191346.000000000000000,129489,2523659,94678,1645484,220874,3977732
122,4/14/2021 15:00:00,40775,2373088,37891.000000000000000,1492029,214.000000000000000,191560.000000000000000,40989,2564648,38105,1683589,78880,4056612
123,4/15/2021 15:00:00,41441,2414529,39642.000000000000000,1531671,176.000000000000000,191736.000000000000000,41617,2606265,39818,1723407,81259,4137871
124,4/16/2021 15:00:00,37189,2451718,38955.000000000000000,1570626,25.000000000000000,191761.000000000000000,37214,2643479,38980,1762387,76169,4214040
125,4/17/2021 15:00:00,32832,2484550,22073.000000000000000,1592699,13.000000000000000,191774.000000000000000,32845,2676324,22086,1784473,54918,4268958
126,4/18/2021 15:00:00,20069,2504619,16231.000000000000000,1608930,5.000000000000000,191779.000000000000000,20074,2696398,16236,1800709,36305,4305263
127,4/19/2021 15:00:00,29894,2534513,36566.000000000000000,1645496,60.000000000000000,191839.000000000000000,29954,2726352,36626,1837335,66520,4371783
128,4/20/2021 15:00:00,32946,2567459,44527.000000000000000,1690023,59.000000000000000,191898.000000000000000,33005,2759357,44586,1881921,77532,4449315
129,4/21/2021 15:00:00,39848,2607307,47110.000000000000000,1737133,26.000000000000000,191924.000000000000000,39874,2799231,47136,1929057,86984,4536299
130,4/22/2021 15:00:00,35871,2643178,42751.000000000000000,1779884,17.000000000000000,191941.000000000000000,35888,2835119,42768,1971825,78639,4614938
131,4/23/2021 15:00:00,33156,2676334,40202.000000000000000,1820086,14.000000000000000,191955.000000000000000,33170,2868289,40216,2012041,73372,4688310
132,4/24/2021 15:00:00,26433,2702767,27944.000000000000000,1848030,81.000000000000000,192036.000000000000000,26514,2894803,28025,2040066,54458,4742768
133,4/25/2021 15:00:00,20222,2722989,11010.000000000000000,1859040,31.000000000000000,192067.000000000000000,20253,2915056,11041,2051107,31263,4774031
134,4/26/2021 15:00:00,27387,2750376,32791.000000000000000,1891831,201.000000000000000,192268.000000000000000,27588,2942644,32992,2084099,60379,4834410
135,4/27/2021 15:00:00,26672,2777048,33137.000000000000000,1924968,1097.000000000000000,193365.000000000000000,27769,2970413,34234,2118333,60906,4895316
136,4/28/2021 15:00:00,28936,2805984,39596.000000000000000,1964564,1367.000000000000000,194732.000000000000000,30303,3000716,40963,2159296,69899,4965215
137,4/29/2021 15:00:00,27074,2833058,39816.000000000000000,2004380,1463.000000000000000,196195.000000000000000,28537,3029253,41279,2200575,68353,5033568
138,4/30/2021 15:00:00,28207,2861265,32339.000000000000000,2036719,1650.000000000000000,197845.000000000000000,29857,3059110,33989,2234564,62196,5095764
139,5/1/2021 15:00:00,20803,2882068,26867.000000000000000,2063586,1058.000000000000000,198903.000000000000000,21861,3080971,27925,2262489,48728,5144492
140,5/2/2021 15:00:00,10272,2892340,17096.000000000000000,2080682,823.000000000000000,199726.000000000000000,11095,3092066,17919,2280408,28191,5172683
141,5/3/2021 15:00:00,12732,2905072,28709.000000000000000,2109391,1917.000000000000000,201643.000000000000000,14649,3106715,30626,2311034,43358,5216041
142,5/4/2021 15:00:00,13560,2918632,38736.000000000000000,2148127,1742.000000000000000,203385.000000000000000,15302,3122017,40478,2351512,54038,5270079
143,5/5/2021 15:00:00,19302,2937934,37820.000000000000000,2185947,1924.000000000000000,205309.000000000000000,21226,3143243,39744,2391256,59046,5329125
144,5/6/2021 15:00:00,16923,2954857,40609.000000000000000,2226556,1722.000000000000000,207031.000000000000000,18645,3161888,42331,2433587,59254,5388379
145,5/7/2021 15:00:00,17575,2972432,37066.000000000000000,2263622,1959.000000000000000,208990.000000000000000,19534,3181422,39025,2472612,56600,5444979
146,5/8/2021 15:00:00,10790,2983222,31256.000000000000000,2294878,1293.000000000000000,210283.000000000000000,12083,3193505,32549,2505161,43339,5488318
147,5/9/2021 15:00:00,5076,2988298,12264.000000000000000,2307142,695.000000000000000,210978.000000000000000,5771,3199276,12959,2518120,18035,5506353
148,5/10/2021 15:00:00,8955,2997253,31071.000000000000000,2338213,1362.000000000000000,212340.000000000000000,10317,3209593,32433,2550553,41388,5547741
149,5/11/2021 15:00:00,12188,3009441,30308.000000000000000,2368521,1442.000000000000000,213782.000000000000000,13630,3223223,31750,2582303,43938,5591679
150,5/12/2021 15:00:00,13949,3023390,38658.000000000000000,2407179,1918.000000000000000,215700.000000000000000,15867,3239090,40576,2622879,54525,5646204
151,5/13/2021 15:00:00,21847,3045237,33543.000000000000000,2440722,1346.000000000000000,217046.000000000000000,23193,3262283,34889,2657768,56736,5702940
152,5/14/2021 15:00:00,24410,3069647,30101.000000000000000,2470823,1775.000000000000000,218821.000000000000000,26185,3288468,31876,2689644,56286,5759226
153,5/15/2021 15:00:00,21969,3091616,25143.000000000000000,2495966,1490.000000000000000,220311.000000000000000,23459,3311927,26633,2716277,48602,5807828
154,5/16/2021 15:00:00,9103,3100719,17587.000000000000000,2513553,1115.000000000000000,221426.000000000000000,10218,3322145,18702,2734979,27805,5835633
155,5/17/2021 15:00:00,16861,3117580,28435.000000000000000,2541988,1951.000000000000000,223377.000000000000000,18812,3340957,30386,2765365,47247,5882880
156,5/18/2021 15:00:00,21271,3138851,30715.000000000000000,2572703,1944.000000000000000,225321.000000000000000,23215,3364172,32659,2798024,53930,5936810
157,5/19/2021 15:00:00,27678,3166529,32462.000000000000000,2605165,1633.000000000000000,226954.000000000000000,29311,3393483,34095,2832119,61773,5998583
158,5/20/2021 15:00:00,20821,3187350,33298.000000000000000,2638463,1965.000000000000000,228919.000000000000000,22786,3416269,35263,2867382,56084,6054667
159,5/21/2021 15:00:00,19167,3206517,30387.000000000000000,2668850,1609.000000000000000,230528.000000000000000,20776,3437045,31996,2899378,51163,6105830
160,5/22/2021 15:00:00,16959,3223476,20712.000000000000000,2689562,1269.000000000000000,231797.000000000000000,18228,3455273,21981,2921359,38940,6144770
161,5/23/2021 15:00:00,8808,3232284,11459.000000000000000,2701021,965.000000000000000,232762.000000000000000,9773,3465046,12424,2933783,21232,6166002
162,5/24/2021 15:00:00,13577,3245861,17793.000000000000000,2718814,1473.000000000000000,234235.000000000000000,15050,3480096,19266,2953049,32843,6198845
163,5/25/2021 15:00:00,13086,3258947,18729.000000000000000,2737543,1328.000000000000000,235563.000000000000000,14414,3494510,20057,2973106,33143,6231988
164,5/26/2021 15:00:00,18372,3277319,19699.000000000000000,2757242,1512.000000000000000,237075.000000000000000,19884,3514394,21211,2994317,39583,6271571
165,5/27/2021 15:00:00,11700,3289019,18721.000000000000000,2775963,1120.000000000000000,238195.000000000000000,12820,3527214,19841,3014158,31541,6303112
166,5/28/2021 15:00:00,12415,3301434,19873.000000000000000,2795836,1402.000000000000000,239597.000000000000000,13817,3541031,21275,3035433,33690,6336802
167,5/29/2021 15:00:00,9516,3310950,11740.000000000000000,2807576,938.000000000000000,240535.000000000000000,10454,3551485,12678,3048111,22194,6358996
168,5/30/2021 15:00:00,4968,3315918,6446.000000000000000,2814022,596.000000000000000,241131.000000000000000,5564,3557049,7042,3055153,12010,6371006
169,5/31/2021 15:00:00,1779,3317697,3715.000000000000000,2817737,305.000000000000000,241436.000000000000000,2084,3559133,4020,3059173,5799,6376805
170,6/1/2021 15:00:00,9890,3327587,16517.000000000000000,2834254,1162.000000000000000,242598.000000000000000,11052,3570185,17679,3076852,27569,6404374
171,6/2/2021 15:00:00,10245,3337832,16845.000000000000000,2851099,963.000000000000000,243561.000000000000000,11208,3581393,17808,3094660,28053,6432427
172,6/3/2021 15:00:00,7897,3345729,21234.000000000000000,2872333,1089.000000000000000,244650.000000000000000,8986,3590379,22323,3116983,30220,6462647
173,6/4/2021 15:00:00,8199,3353928,22385.000000000000000,2894718,1120.000000000000000,245770.000000000000000,9319,3599698,23505,3140488,31704,6494351
174,6/5/2021 15:00:00,6994,3360922,19485.000000000000000,2914203,721.000000000000000,246491.000000000000000,7715,3607413,20206,3160694,27200,6521551
175,6/6/2021 15:00:00,3458,3364380,7265.000000000000000,2921468,426.000000000000000,246917.000000000000000,3884,3611297,7691,3168385,11149,6532700
176,6/7/2021 15:00:00,6857,3371237,15816.000000000000000,2937284,726.000000000000000,247643.000000000000000,7583,3618880,16542,3184927,23399,6556099
177,6/8/2021 15:00:00,6667,3377904,19754.000000000000000,2957038,831.000000000000000,248474.000000000000000,7498,3626378,20585,3205512,27252,6583351
178,6/9/2021 15:00:00,8193,3386097,24032.000000000000000,2981070,971.000000000000000,249445.000000000000000,9164,3635542,25003,3230515,33196,6616547
179,6/10/2021 15:00:00,7157,3393254,19157.000000000000000,3000227,895.000000000000000,250340.000000000000000,8052,3643594,20052,3250567,27209,6643756
180,6/11/2021 15:00:00,7489,3400743,17746.000000000000000,3017973,1126.000000000000000,251466.000000000000000,8615,3652209,18872,3269439,26361,6670117
181,6/12/2021 15:00:00,5243,3405986,14792.000000000000000,3032765,605.000000000000000,252071.000000000000000,5848,3658057,15397,3284836,20640,6690757
182,6/13/2021 15:00:00,1946,3407932,7641.000000000000000,3040406,427.000000000000000,252498.000000000000000,2373,3660430,8068,3292904,10014,6700771
183,6/14/2021 15:00:00,5653,3413585,11842.000000000000000,3052248,734.000000000000000,253232.000000000000000,6387,3666817,12576,3305480,18229,6719000
184,6/15/2021 15:00:00,5654,3419239,14360.000000000000000,3066608,873.000000000000000,254105.000000000000000,6527,3673344,15233,3320713,20887,6739887
185,6/16/2021 15:00:00,8731,3427970,21647.000000000000000,3088255,758.000000000000000,254863.000000000000000,9489,3682833,22405,3343118,31136,6771023
186,6/17/2021 15:00:00,6685,3434655,12386.000000000000000,3100641,720.000000000000000,255583.000000000000000,7405,3690238,13106,3356224,19791,6790814
187,6/18/2021 15:00:00,6839,3441494,12753.000000000000000,3113394,704.000000000000000,256287.000000000000000,7543,3697781,13457,3369681,20296,6811110
188,6/19/2021 15:00:00,4656,3446150,9389.000000000000000,3122783,614.000000000000000,256901.000000000000000,5270,3703051,10003,3379684,14659,6825769
189,6/20/2021 15:00:00,2514,3448664,5068.000000000000000,3127851,377.000000000000000,257278.000000000000000,2891,3705942,5445,3385129,7959,6833728
190,6/21/2021 15:00:00,5569,3454233,5345.000000000000000,3133196,636.000000000000000,257914.000000000000000,6205,3712147,5981,3391110,11550,6845278
191,6/22/2021 15:00:00,5351,3459584,9071.000000000000000,3142267,699.000000000000000,258613.000000000000000,6050,3718197,9770,3400880,15121,6860399
192,6/23/2021 15:00:00,6061,3465645,10368.000000000000000,3152635,645.000000000000000,259258.000000000000000,6706,3724903,11013,3411893,17074,6877473
193,6/24/2021 15:00:00,5931,3471576,8225.000000000000000,3160860,595.000000000000000,259853.000000000000000,6526,3731429,8820,3420713,14751,6892224
194,6/25/2021 15:00:00,5834,3477410,8674.000000000000000,3169534,619.000000000000000,260472.000000000000000,6453,3737882,9293,3430006,15127,6907351
195,6/26/2021 15:00:00,3707,3481117,6304.000000000000000,3175838,398.000000000000000,260870.000000000000000,4105,3741987,6702,3436708,10409,6917760
196,6/27/2021 15:00:00,2811,3483928,3526.000000000000000,3179364,185.000000000000000,261055.000000000000000,2996,3744983,3711,3440419,6522,6924282
197,6/28/2021 15:00:00,4929,3488857,6399.000000000000000,3185763,539.000000000000000,261594.000000000000000,5468,3750451,6938,3447357,11867,6936149
198,6/29/2021 15:00:00,5063,3493920,6493.000000000000000,3192256,524.000000000000000,262118.000000000000000,5587,3756038,7017,3454374,12080,6948229
199,6/30/2021 15:00:00,5641,3499561,7398.000000000000000,3199654,607.000000000000000,262725.000000000000000,6248,3762286,8005,3462379,13646,6961875
200,7/1/2021 15:00:00,5453,3505014,7012.000000000000000,3206666,505.000000000000000,263230.000000000000000,5958,3768244,7517,3469896,12970,6974845
201,7/2/2021 15:00:00,5308,3510322,6865.000000000000000,3213531,527.000000000000000,263757.000000000000000,5835,3774079,7392,3477288,12700,6987545
202,7/3/2021 15:00:00,3278,3513600,4076.000000000000000,3217607,264.000000000000000,264021.000000000000000,3542,3777621,4340,3481628,7618,6995163
203,7/4/2021 15:00:00,494,3514094,551.000000000000000,3218158,70.000000000000000,264091.000000000000000,564,3778185,621,3482249,1115,6996278
204,7/5/2021 15:00:00,3774,3517868,3954.000000000000000,3222112,287.000000000000000,264378.000000000000000,4061,3782246,4241,3486490,8015,7004293
205,7/6/2021 15:00:00,4491,3522359,6298.000000000000000,3228410,455.000000000000000,264833.000000000000000,4946,3787192,6753,3493243,11244,7015537
206,7/7/2021 15:00:00,4467,3526826,6434.000000000000000,3234844,483.000000000000000,265316.000000000000000,4950,3792142,6917,3500160,11384,7026921
207,7/8/2021 15:00:00,4836,3531662,6200.000000000000000,3241044,564.000000000000000,265880.000000000000000,5400,3797542,6764,3506924,11600,7038521
208,7/9/2021 15:00:00,5368,3537030,6699.000000000000000,3247743,573.000000000000000,266453.000000000000000,5941,3803483,7272,3514196,12640,7051161
209,7/10/2021 15:00:00,3529,3540559,4414.000000000000000,3252157,304.000000000000000,266757.000000000000000,3833,3807316,4718,3518914,8247,7059408
210,7/11/2021 15:00:00,2682,3543241,2583.000000000000000,3254740,227.000000000000000,266984.000000000000000,2909,3810225,2810,3521724,5492,7064900
211,7/12/2021 15:00:00,4430,3547671,5135.000000000000000,3259875,379.000000000000000,267363.000000000000000,4809,3815034,5514,3527238,9944,7074844
212,7/13/2021 15:00:00,4673,3552344,4733.000000000000000,3264608,366.000000000000000,267729.000000000000000,5039,3820073,5099,3532337,9772,7084616
213,7/14/2021 15:00:00,4637,3556981,5300.000000000000000,3269908,421.000000000000000,268150.000000000000000,5058,3825131,5721,3538058,10358,7094974
214,7/15/2021 15:00:00,4913,3561894,5030.000000000000000,3274938,359.000000000000000,268509.000000000000000,5272,3830403,5389,3543447,10302,7105276
215,7/16/2021 15:00:00,6282,3568176,5880.000000000000000,3280818,405.000000000000000,268914.000000000000000,6687,3837090,6285,3549732,12567,7117843
216,7/17/2021 15:00:00,3424,3571600,3555.000000000000000,3284373,304.000000000000000,269218.000000000000000,3728,3840818,3859,3553591,7283,7125126
217,7/18/2021 15:00:00,2311,3573911,2386.000000000000000,3286759,110.000000000000000,269328.000000000000000,2421,3843239,2496,3556087,4807,7129933
218,7/19/2021 15:00:00,5153,3579064,4617.000000000000000,3291376,383.000000000000000,269711.000000000000000,5536,3848775,5000,3561087,10153,7140086
219,7/20/2021 15:00:00,5350,3584414,4737.000000000000000,3296113,367.000000000000000,270078.000000000000000,5717,3854492,5104,3566191,10454,7150540
220,7/21/2021 15:00:00,5668,3590082,4972.000000000000000,3301085,415.000000000000000,270493.000000000000000,6083,3860575,5387,3571578,11055,7161595
221,7/22/2021 15:00:00,6032,3596114,4657.000000000000000,3305742,472.000000000000000,270965.000000000000000,6504,3867079,5129,3576707,11161,7172756
222,7/23/2021 15:00:00,6848,3602962,4862.000000000000000,3310604,499.000000000000000,271464.000000000000000,7347,3874426,5361,3582068,12209,7184965
223,7/24/2021 15:00:00,4287,3607249,3209.000000000000000,3313813,267.000000000000000,271731.000000000000000,4554,3878980,3476,3585544,7763,7192728
224,7/25/2021 15:00:00,3302,3610551,1124.000000000000000,3314937,142.000000000000000,271873.000000000000000,3444,3882424,1266,3586810,4568,7197296
225,7/26/2021 15:00:00,6224,3616775,3918.000000000000000,3318855,420.000000000000000,272293.000000000000000,6644,3889068,4338,3591148,10562,7207858
226,7/27/2021 15:00:00,6619,3623394,4306.000000000000000,3323161,459.000000000000000,272752.000000000000000,7078,3896146,4765,3595913,11384,7219242
227,7/28/2021 15:00:00,7099,3630493,4159.000000000000000,3327320,462.000000000000000,273214.000000000000000,7561,3903707,4621,3600534,11720,7230962
228,7/29/2021 15:00:00,7095,3637588,4330.000000000000000,3331650,420.000000000000000,273634.000000000000000,7515,3911222,4750,3605284,11845,7242807
229,7/30/2021 15:00:00,7836,3645424,4843.000000000000000,3336493,527.000000000000000,274161.000000000000000,8363,3919585,5370,3610654,13206,7256013
230,7/31/2021 15:00:00,4794,3650218,3090.000000000000000,3339583,274.000000000000000,274435.000000000000000,5068,3924653,3364,3614018,8158,7264171
231,8/1/2021 15:00:00,3923,3654141,2201.000000000000000,3341784,165.000000000000000,274600.000000000000000,4088,3928741,2366,3616384,6289,7270460
232,8/2/2021 15:00:00,7283,3661424,3854.000000000000000,3345638,342.000000000000000,274942.000000000000000,7625,3936366,4196,3620580,11479,7281939
233,8/3/2021 15:00:00,7282,3668706,4116.000000000000000,3349754,517.000000000000000,275459.000000000000000,7799,3944165,4633,3625213,11915,7293854
234,8/4/2021 15:00:00,7446,3676152,4132.000000000000000,3353886,536.000000000000000,275995.000000000000000,7982,3952147,4668,3629881,12114,7305968
235,8/5/2021 15:00:00,7965,3684117,4349.000000000000000,3358235,541.000000000000000,276536.000000000000000,8506,3960653,4890,3634771,12855,7318823
236,8/6/2021 15:00:00,8336,3692453,4766.000000000000000,3363001,454.000000000000000,276990.000000000000000,8790,3969443,5220,3639991,13556,7332379
237,8/7/2021 15:00:00,5305,3697758,2850.000000000000000,3365851,264.000000000000000,277254.000000000000000,5569,3975012,3114,3643105,8419,7340798
238,8/8/2021 15:00:00,3981,3701739,2061.000000000000000,3367912,146.000000000000000,277400.000000000000000,4127,3979139,2207,3645312,6188,7346986
239,8/9/2021 15:00:00,6961,3708700,4576.000000000000000,3372488,371.000000000000000,277771.000000000000000,7332,3986471,4947,3650259,11908,7358894
240,8/10/2021 15:00:00,7174,3715874,4512.000000000000000,3377000,340.000000000000000,278111.000000000000000,7514,3993985,4852,3655111,12026,7370920
241,8/11/2021 15:00:00,7108,3722982,4462.000000000000000,3381462,443.000000000000000,278554.000000000000000,7551,4001536,4905,3660016,12013,7382933
242,8/12/2021 15:00:00,8671,3731653,4775.000000000000000,3386237,446.000000000000000,279000.000000000000000,9117,4010653,5221,3665237,13892,7396825
243,8/13/2021 15:00:00,7190,3738843,5421.000000000000000,3391658,398.000000000000000,279398.000000000000000,7588,4018241,5819,3671056,13009,7409834
244,8/14/2021 15:00:00,4929,3743772,3358.000000000000000,3395016,288.000000000000000,279686.000000000000000,5217,4023458,3646,3674702,8575,7418409
245,8/15/2021 15:00:00,3332,3747104,2750.000000000000000,3397766,163.000000000000000,279849.000000000000000,3495,4026953,2913,3677615,6245,7424654
246,8/16/2021 15:00:00,5461,3752565,5111.000000000000000,3402877,353.000000000000000,280202.000000000000000,5814,4032767,5464,3683079,10925,7435579
247,8/17/2021 15:00:00,6832,3759397,5385.000000000000000,3408262,391.000000000000000,280593.000000000000000,7223,4039990,5776,3688855,12608,7448187
248,8/18/2021 15:00:00,6353,3765750,5534.000000000000000,3413796,481.000000000000000,281074.000000000000000,6834,4046824,6015,3694870,12368,7460555
249,8/19/2021 15:00:00,6243,3771993,5592.000000000000000,3419388,417.000000000000000,281491.000000000000000,6660,4053484,6009,3700879,12252,7472807
250,8/20/2021 15:00:00,6857,3778850,6581.000000000000000,3425969,401.000000000000000,281892.000000000000000,7258,4060742,6982,3707861,13839,7486646
251,8/21/2021 15:00:00,4350,3783200,3929.000000000000000,3429898,230.000000000000000,282122.000000000000000,4580,4065322,4159,3712020,8509,7495155
252,8/22/2021 15:00:00,3064,3786264,3179.000000000000000,3433077,111.000000000000000,282233.000000000000000,3175,4068497,3290,3715310,6354,7501509
253,8/23/2021 15:00:00,6004,3792268,6143.000000000000000,3439220,287.000000000000000,282520.000000000000000,6291,4074788,6430,3721740,12434,7513943
254,8/24/2021 15:00:00,6558,3798826,6107.000000000000000,3445327,426.000000000000000,282946.000000000000000,6984,4081772,6533,3728273,13091,7527034
255,8/25/2021 15:00:00,6737,3805563,6256.000000000000000,3451583,440.000000000000000,283386.000000000000000,7177,4088949,6696,3734969,13433,7540467
256,8/26/2021 15:00:00,6975,3812538,6690.000000000000000,3458273,427.000000000000000,283813.000000000000000,7402,4096351,7117,3742086,14092,7554559
257,8/27/2021 15:00:00,6848,3819386,7113.000000000000000,3465386,317.000000000000000,284130.000000000000000,7165,4103516,7430,3749516,14278,7568837
258,8/28/2021 15:00:00,6919,3826305,6542.000000000000000,3471928,329.000000000000000,284459.000000000000000,7248,4110764,6871,3756387,13790,7582627
259,8/29/2021 15:00:00,3745,3830050,3709.000000000000000,3475637,610.000000000000000,285069.000000000000000,4355,4115119,4319,3760706,8064,7590691
260,8/30/2021 15:00:00,5936,3835986,6160.000000000000000,3481797,962.000000000000000,286031.000000000000000,6898,4122017,7122,3767828,13058,7603749
261,8/31/2021 15:00:00,5912,3841898,6098.000000000000000,3487895,947.000000000000000,286978.000000000000000,6859,4128876,7045,3774873,12957,7616706
262,9/1/2021 15:00:00,5628,3847526,5747.000000000000000,3493642,918.000000000000000,287896.000000000000000,6546,4135422,6665,3781538,12293,7628999
263,9/2/2021 15:00:00,5532,3853058,5980.000000000000000,3499622,709.000000000000000,288605.000000000000000,6241,4141663,6689,3788227,12221,7641220
264,9/3/2021 15:00:00,6029,3859087,6986.000000000000000,3506608,977.000000000000000,289582.000000000000000,7006,4148669,7963,3796190,13992,7655212
265,9/4/2021 15:00:00,3742,3862829,4367.000000000000000,3510975,878.000000000000000,290460.000000000000000,4620,4153289,5245,3801435,8987,7664199
266,9/5/2021 15:00:00,2959,3865788,2819.000000000000000,3513794,106.000000000000000,290566.000000000000000,3065,4156354,2925,3804360,5884,7670083
267,9/6/2021 15:00:00,1061,3866849,1163.000000000000000,3514957,70.000000000000000,290636.000000000000000,1131,4157485,1233,3805593,2294,7672377
268,9/7/2021 15:00:00,5352,3872201,7326.000000000000000,3522283,2305.000000000000000,292941.000000000000000,7657,4165142,9631,3815224,14983,7687360
269,9/8/2021 15:00:00,4665,3876866,5508.000000000000000,3527791,364.000000000000000,293305.000000000000000,5029,4170171,5872,3821096,10537,7697897
270,9/9/2021 15:00:00,5030,3881896,5489.000000000000000,3533280,325.000000000000000,293630.000000000000000,5355,4175526,5814,3826910,10844,7708741
271,9/10/2021 15:00:00,6537,3888433,6684.000000000000000,3539964,1719.000000000000000,295349.000000000000000,8256,4183782,8403,3835313,14940,7723681
272,9/11/2021 15:00:00,4185,3892618,4357.000000000000000,3544321,666.000000000000000,296015.000000000000000,4851,4188633,5023,3840336,9208,7732889
273,9/12/2021 15:00:00,3180,3895798,3247.000000000000000,3547568,436.000000000000000,296451.000000000000000,3616,4192249,3683,3844019,6863,7739752
274,9/13/2021 15:00:00,4898,3900696,5085.000000000000000,3552653,347.000000000000000,296798.000000000000000,5245,4197494,5432,3849451,10330,7750082
275,9/14/2021 15:00:00,4779,3905475,5470.000000000000000,3558123,438.000000000000000,297236.000000000000000,5217,4202711,5908,3855359,10687,7760769
276,9/15/2021 15:00:00,5047,3910522,5907.000000000000000,3564030,394.000000000000000,297630.000000000000000,5441,4208152,6301,3861660,11348,7772117
277,9/16/2021 15:00:00,4817,3915339,5863.000000000000000,3569893,341.000000000000000,297971.000000000000000,5158,4213310,6204,3867864,11021,7783138
278,9/17/2021 15:00:00,5292,3920631,6601.000000000000000,3576494,344.000000000000000,298315.000000000000000,5636,4218946,6945,3874809,12237,7795375
279,9/18/2021 15:00:00,3826,3924457,4593.000000000000000,3581087,186.000000000000000,298501.000000000000000,4012,4222958,4779,3879588,8605,7803980
280,9/19/2021 15:00:00,2743,3927200,3184.000000000000000,3584271,75.000000000000000,298576.000000000000000,2818,4225776,3259,3882847,6002,7809982
281,9/20/2021 15:00:00,3757,3930957,4692.000000000000000,3588963,428.000000000000000,299004.000000000000000,4185,4229961,5120,3887967,8877,7818859
282,9/21/2021 15:00:00,4004,3934961,5027.000000000000000,3593990,327.000000000000000,299331.000000000000000,4331,4234292,5354,3893321,9358,7828217
283,9/22/2021 15:00:00,4194,3939155,4805.000000000000000,3598795,459.000000000000000,299790.000000000000000,4653,4238945,5264,3898585,9458,7837675
284,9/23/2021 15:00:00,4193,3943348,4738.000000000000000,3603533,492.000000000000000,300282.000000000000000,4685,4243630,5230,3903815,9423,7847098
285,9/24/2021 15:00:00,5098,3948446,5638.000000000000000,3609171,422.000000000000000,300704.000000000000000,5520,4249150,6060,3909875,11158,7858256
286,9/25/2021 15:00:00,3643,3952089,3649.000000000000000,3612820,384.000000000000000,301088.000000000000000,4027,4253177,4033,3913908,7676,7865932
287,9/26/2021 15:00:00,2353,3954442,2672.000000000000000,3615492,433.000000000000000,301521.000000000000000,2786,4255963,3105,3917013,5458,7871390
288,9/27/2021 15:00:00,4512,3958954,2721.000000000000000,3618213,512.000000000000000,302033.000000000000000,5024,4260987,3233,3920246,7745,7879135
289,9/28/2021 15:00:00,4423,3963377,4481.000000000000000,3622694,212.000000000000000,302245.000000000000000,4635,4265622,4693,3924939,9116,7888251
290,9/29/2021 15:00:00,4690,3968067,4540.000000000000000,3627234,920.000000000000000,303165.000000000000000,5610,4271232,5460,3930399,10150,7898401
291,9/30/2021 15:00:00,4895,3972962,4579.000000000000000,3631813,796.000000000000000,303961.000000000000000,5691,4276923,5375,3935774,10270,7908671
292,10/1/2021 15:00:00,5533,3978495,5381.000000000000000,3637194,786.000000000000000,304747.000000000000000,6319,4283242,6167,3941941,11700,7920371
293,10/2/2021 15:00:00,2948,3981443,2907.000000000000000,3640101,187.000000000000000,304934.000000000000000,3135,4286377,3094,3945035,6042,7926413
294,10/3/2021 15:00:00,2079,3983522,2386.000000000000000,3642487,87.000000000000000,305021.000000000000000,2166,4288543,2473,3947508,4552,7930965
295,10/4/2021 15:00:00,4035,3987557,3512.000000000000000,3645999,234.000000000000000,305255.000000000000000,4269,4292812,3746,3951254,7781,7938746
296,10/5/2021 15:00:00,3966,3991523,3681.000000000000000,3649680,206.000000000000000,305461.000000000000000,4172,4296984,3887,3955141,7853,7946599
297,10/6/2021 15:00:00,4035,3995558,3582.000000000000000,3653262,266.000000000000000,305727.000000000000000,4301,4301285,3848,3958989,7883,7954482
298,10/7/2021 15:00:00,4236,3999794,3662.000000000000000,3656924,332.000000000000000,306059.000000000000000,4568,4305853,3994,3962983,8230,7962712
299,10/8/2021 15:00:00,4782,4004576,4315.000000000000000,3661239,283.000000000000000,306342.000000000000000,5065,4310918,4598,3967581,9380,7972092
300,10/9/2021 15:00:00,2693,4007269,2686.000000000000000,3663925,270.000000000000000,306612.000000000000000,2963,4313881,2956,3970537,5649,7977741
301,10/10/2021 15:00:00,1860,4009129,1855.000000000000000,3665780,60.000000000000000,306672.000000000000000,1920,4315801,1915,3972452,3775,7981516
302,10/11/2021 15:00:00,4216,4013345,3320.000000000000000,3669100,251.000000000000000,306923.000000000000000,4467,4320268,3571,3976023,7787,7989303
303,10/12/2021 15:00:00,3608,4016953,3549.000000000000000,3672649,277.000000000000000,307200.000000000000000,3885,4324153,3826,3979849,7434,7996737
304,10/13/2021 15:00:00,3994,4020947,3480.000000000000000,3676129,346.000000000000000,307546.000000000000000,4340,4328493,3826,3983675,7820,8004557
305,10/14/2021 15:00:00,5176,4026123,5511.000000000000000,3681640,430.000000000000000,307976.000000000000000,5606,4334099,5941,3989616,11117,8015674
306,10/15/2021 15:00:00,4770,4030893,4624.000000000000000,3686264,347.000000000000000,308323.000000000000000,5117,4339216,4971,3994587,9741,8025415
307,10/16/2021 15:00:00,2498,4033391,2531.000000000000000,3688795,291.000000000000000,308614.000000000000000,2789,4342005,2822,3997409,5320,8030735
308,10/17/2021 15:00:00,1811,4035202,1781.000000000000000,3690576,55.000000000000000,308669.000000000000000,1866,4343871,1836,3999245,3647,8034382
309,10/18/2021 15:00:00,4280,4039482,3587.000000000000000,3694163,283.000000000000000,308952.000000000000000,4563,4348434,3870,4003115,8150,8042532
310,10/19/2021 15:00:00,4305,4043787,4039.000000000000000,3698202,223.000000000000000,309175.000000000000000,4528,4352962,4262,4007377,8567,8051099
311,10/20/2021 15:00:00,3546,4047333,3437.000000000000000,3701639,259.000000000000000,309434.000000000000000,3805,4356767,3696,4011073,7242,8058341
312,10/21/2021 15:00:00,3311,4050644,3287.000000000000000,3704926,291.000000000000000,309725.000000000000000,3602,4360369,3578,4014651,6889,8065230
313,10/22/2021 15:00:00,4691,4055335,4042.000000000000000,3708968,477.000000000000000,310202.000000000000000,5168,4365537,4519,4019170,9210,8074440
314,10/23/2021 15:00:00,2887,4058222,2121.000000000000000,3711089,322.000000000000000,310524.000000000000000,3209,4368746,2443,4021613,5330,8079770
315,10/24/2021 15:00:00,2057,4060279,1555.000000000000000,3712644,79.000000000000000,310603.000000000000000,2136,4370882,1634,4023247,3691,8083461
316,10/25/2021 15:00:00,4558,4064837,3084.000000000000000,3715728,323.000000000000000,310926.000000000000000,4881,4375763,3407,4026654,7965,8091426
317,10/26/2021 15:00:00,4544,4069381,3091.000000000000000,3718819,316.000000000000000,311242.000000000000000,4860,4380623,3407,4030061,7951,8099377
318,10/27/2021 15:00:00,4730,4074111,3354.000000000000000,3722173,436.000000000000000,311678.000000000000000,5166,4385789,3790,4033851,8520,8107897
319,10/28/2021 15:00:00,4569,4078680,3377.000000000000000,3725550,501.000000000000000,312179.000000000000000,5070,4390859,3878,4037729,8447,8116344
320,10/29/2021 15:00:00,5000,4083680,3935.000000000000000,3729485,396.000000000000000,312575.000000000000000,5396,4396255,4331,4042060,9331,8125675
321,10/30/2021 15:00:00,2631,4086311,1850.000000000000000,3731335,306.000000000000000,312881.000000000000000,2937,4399192,2156,4044216,4787,8130462
322,10/31/2021 15:00:00,1935,4088246,1522.000000000000000,3732857,94.000000000000000,312975.000000000000000,2029,4401221,1616,4045832,3551,8134013
323,11/1/2021 15:00:00,4753,4092999,3456.000000000000000,3736313,352.000000000000000,313327.000000000000000,5105,4406326,3808,4049640,8561,8142574
324,11/2/2021 15:00:00,4279,4097278,2950.000000000000000,3739263,410.000000000000000,313737.000000000000000,4689,4411015,3360,4053000,7639,8150213
325,11/3/2021 15:00:00,4681,4101959,3052.000000000000000,3742315,464.000000000000000,314201.000000000000000,5145,4416160,3516,4056516,8197,8158410
326,11/4/2021 15:00:00,6332,4108291,3386.000000000000000,3745701,530.000000000000000,314731.000000000000000,6862,4423022,3916,4060432,10248,8168658
327,11/5/2021 15:00:00,8265,4116556,3786.000000000000000,3749487,415.000000000000000,315146.000000000000000,8680,4431702,4201,4064633,12466,8181124
328,11/6/2021 15:00:00,10207,4126763,1976.000000000000000,3751463,309.000000000000000,315455.000000000000000,10516,4442218,2285,4066918,12492,8193616
329,11/7/2021 15:00:00,7755,4134518,1463.000000000000000,3752926,95.000000000000000,315550.000000000000000,7850,4450068,1558,4068476,9313,8202929
330,11/8/2021 15:00:00,11362,4145880,3066.000000000000000,3755992,379.000000000000000,315929.000000000000000,11741,4461809,3445,4071921,14807,8217736
331,11/9/2021 15:00:00,11811,4157691,2658.000000000000000,3758650,268.000000000000000,316197.000000000000000,12079,4473888,2926,4074847,14737,8232473
332,11/10/2021 15:00:00,12641,4170332,2775.000000000000000,3761425,340.000000000000000,316537.000000000000000,12981,4486869,3115,4077962,15756,8248229
333,11/11/2021 15:00:00,11447,4181779,2385.000000000000000,3763810,280.000000000000000,316817.000000000000000,11727,4498596,2665,4080627,14112,8262341
334,11/12/2021 15:00:00,12386,4194165,3378.000000000000000,3767188,548.000000000000000,317365.000000000000000,12934,4511530,3926,4084553,16312,8278653
335,11/13/2021 15:00:00,9983,4204148,1603.000000000000000,3768791,342.000000000000000,317707.000000000000000,10325,4521855,1945,4086498,11928,8290581
336,11/14/2021 15:00:00,4249,4208397,1119.000000000000000,3769910,121.000000000000000,317828.000000000000000,4370,4526225,1240,4087738,5489,8296070
337,11/15/2021 15:00:00,8655,4217052,2523.000000000000000,3772433,211.000000000000000,318039.000000000000000,8866,4535091,2734,4090472,11389,8307459
338,11/16/2021 15:00:00,9300,4226352,2517.000000000000000,3774950,258.000000000000000,318297.000000000000000,9558,4544649,2775,4093247,12075,8319534
339,11/17/2021 15:00:00,9423,4235775,2868.000000000000000,3777818,313.000000000000000,318610.000000000000000,9736,4554385,3181,4096428,12604,8332138
340,11/18/2021 15:00:00,9334,4245109,2628.000000000000000,3780446,481.000000000000000,319091.000000000000000,9815,4564200,3109,4099537,12443,8344581
341,11/19/2021 15:00:00,9853,4254962,2929.000000000000000,3783375,382.000000000000000,319473.000000000000000,10235,4574435,3311,4102848,13164,8357745
342,11/20/2021 15:00:00,10665,4265627,1604.000000000000000,3784979,455.000000000000000,319928.000000000000000,11120,4585555,2059,4104907,12724,8370469
343,11/21/2021 15:00:00,4396,4270023,1209.000000000000000,3786188,100.000000000000000,320028.000000000000000,4496,4590051,1309,4106216,5705,8376174
344,11/22/2021 15:00:00,9854,4279877,2516.000000000000000,3788704,293.000000000000000,320321.000000000000000,10147,4600198,2809,4109025,12663,8388837
345,11/23/2021 15:00:00,9261,4289138,2410.000000000000000,3791114,318.000000000000000,320639.000000000000000,9579,4609777,2728,4111753,11989,8400826
346,11/24/2021 15:00:00,8193,4297331,2444.000000000000000,3793558,215.000000000000000,320854.000000000000000,8408,4618185,2659,4114412,10852,8411678
347,11/25/2021 15:00:00,235,4297566,81.000000000000000,3793639,10.000000000000000,320864.000000000000000,245,4618430,91,4114503,326,8412004
348,11/26/2021 15:00:00,5674,4303240,3984.000000000000000,3797623,153.000000000000000,321017.000000000000000,5827,4624257,4137,4118640,9811,8421815
349,11/27/2021 15:00:00,3781,4307021,5499.000000000000000,3803122,134.000000000000000,321151.000000000000000,3915,4628172,5633,4124273,9414,8431229
350,11/28/2021 15:00:00,2408,4309429,6414.000000000000000,3809536,77.000000000000000,321228.000000000000000,2485,4630657,6491,4130764,8899,8440128
351,11/29/2021 15:00:00,6390,4315819,9342.000000000000000,3818878,380.000000000000000,321608.000000000000000,6770,4637427,9722,4140486,16112,8456240
352,11/30/2021 15:00:00,6284,4322103,9374.000000000000000,3828252,264.000000000000000,321872.000000000000000,6548,4643975,9638,4150124,15922,8472162
353,12/1/2021 15:00:00,7362,4329465,9796.000000000000000,3838048,310.000000000000000,322182.000000000000000,7672,4651647,10106,4160230,17468,8489630
354,12/2/2021 15:00:00,6971,4336436,8870.000000000000000,3846918,463.000000000000000,322645.000000000000000,7434,4659081,9333,4169563,16304,8505934
355,12/3/2021 15:00:00,7656,4344092,9384.000000000000000,3856302,253.000000000000000,322898.000000000000000,7909,4666990,9637,4179200,17293,8523227
356,12/4/2021 15:00:00,5962,4350054,10171.000000000000000,3866473,468.000000000000000,323366.000000000000000,6430,4673420,10639,4189839,16601,8539828
357,12/5/2021 15:00:00,3448,4353502,3586.000000000000000,3870059,79.000000000000000,323445.000000000000000,3527,4676947,3665,4193504,7113,8546941
358,12/6/2021 15:00:00,6780,4360282,7125.000000000000000,3877184,289.000000000000000,323734.000000000000000,7069,4684016,7414,4200918,14194,8561135
359,12/7/2021 15:00:00,6466,4366748,7098.000000000000000,3884282,254.000000000000000,323988.000000000000000,6720,4690736,7352,4208270,13818,8574953
360,12/8/2021 15:00:00,6950,4373698,7451.000000000000000,3891733,316.000000000000000,324304.000000000000000,7266,4698002,7767,4216037,14717,8589670
361,12/9/2021 15:00:00,6556,4380254,7083.000000000000000,3898816,412.000000000000000,324716.000000000000000,6968,4704970,7495,4223532,14051,8603721
362,12/10/2021 15:00:00,7314,4387568,7372.000000000000000,3906188,260.000000000000000,324976.000000000000000,7574,4712544,7632,4231164,14946,8618667
363,12/11/2021 15:00:00,4467,4392035,7718.000000000000000,3913906,333.000000000000000,325309.000000000000000,4800,4717344,8051,4239215,12518,8631185
364,12/12/2021 15:00:00,4011,4396046,2816.000000000000000,3916722,60.000000000000000,325369.000000000000000,4071,4721415,2876,4242091,6887,8638072
365,12/13/2021 15:00:00,5798,4401844,5842.000000000000000,3922564,243.000000000000000,325612.000000000000000,6041,4727456,6085,4248176,11883,8649955
366,12/14/2021 15:00:00,6478,4408322,5970.000000000000000,3928534,223.000000000000000,325835.000000000000000,6701,4734157,6193,4254369,12671,8662626
367,12/15/2021 15:00:00,7203,4415525,5746.000000000000000,3934280,259.000000000000000,326094.000000000000000,7462,4741619,6005,4260374,13208,8675834
368,12/16/2021 15:00:00,7921,4423446,2840.000000000000000,3937120,423.000000000000000,326517.000000000000000,8344,4749963,3263,4263637,11184,8687018
369,12/17/2021 15:00:00,7884,4431330,4196.000000000000000,3941316,195.000000000000000,326712.000000000000000,8079,4758042,4391,4268028,12275,8699293
370,12/18/2021 15:00:00,5869,4437199,3209.000000000000000,3944525,298.000000000000000,327010.000000000000000,6167,4764209,3507,4271535,9376,8708669
371,12/19/2021 15:00:00,3391,4440590,1355.000000000000000,3945880,37.000000000000000,327047.000000000000000,3428,4767637,1392,4272927,4783,8713452
372,12/20/2021 15:00:00,8122,4448712,3776.000000000000000,3949656,174.000000000000000,327221.000000000000000,8296,4775933,3950,4276877,12072,8725524
373,12/21/2021 15:00:00,9096,4457808,4233.000000000000000,3953889,177.000000000000000,327398.000000000000000,9273,4785206,4410,4281287,13506,8739030
374,12/22/2021 15:00:00,8728,4466536,3921.000000000000000,3957810,184.000000000000000,327582.000000000000000,8912,4794118,4105,4285392,12833,8751863
375,12/23/2021 15:00:00,8463,4474999,3604.000000000000000,3961414,359.000000000000000,327941.000000000000000,8822,4802940,3963,4289355,12426,8764289
376,12/24/2021 15:00:00,1637,4476636,1018.000000000000000,3962432,39.000000000000000,327980.000000000000000,1676,4804616,1057,4290412,2694,8766983
377,12/25/2021 15:00:00,47,4476683,36.000000000000000,3962468,1.000000000000000,327981.000000000000000,48,4804664,37,4290449,84,8767067
378,12/26/2021 15:00:00,2520,4479203,1757.000000000000000,3964225,44.000000000000000,328025.000000000000000,2564,4807228,1801,4292250,4321,8771388
379,12/27/2021 15:00:00,7269,4486472,4060.000000000000000,3968285,297.000000000000000,328322.000000000000000,7566,4814794,4357,4296607,11626,8783014
380,12/28/2021 15:00:00,7978,4494450,3892.000000000000000,3972177,179.000000000000000,328501.000000000000000,8157,4822951,4071,4300678,12049,8795063
381,12/29/2021 15:00:00,8276,4502726,4044.000000000000000,3976221,157.000000000000000,328658.000000000000000,8433,4831384,4201,4304879,12477,8807540
382,12/30/2021 15:00:00,7514,4510240,3819.000000000000000,3980040,291.000000000000000,328949.000000000000000,7805,4839189,4110,4308989,11624,8819164
383,12/31/2021 15:00:00,2590,4512830,1546.000000000000000,3981586,89.000000000000000,329038.000000000000000,2679,4841868,1635,4310624,4225,8823389
384,1/1/2022 15:00:00,745,4513575,354.000000000000000,3981940,34.000000000000000,329072.000000000000000,779,4842647,388,4311012,1133,8824522
385,1/2/2022 15:00:00,2220,4515795,1655.000000000000000,3983595,49.000000000000000,329121.000000000000000,2269,4844916,1704,4312716,3924,8828446
386,1/3/2022 15:00:00,3394,4519189,2095.000000000000000,3985690,224.000000000000000,329345.000000000000000,3618,4848534,2319,4315035,5713,8834159
387,1/4/2022 15:00:00,5877,4525066,3543.000000000000000,3989233,165.000000000000000,329510.000000000000000,6042,4854576,3708,4318743,9585,8843744
388,1/5/2022 15:00:00,6854,4531920,4722.000000000000000,3993955,176.000000000000000,329686.000000000000000,7030,4861606,4898,4323641,11752,8855496
389,1/6/2022 15:00:00,6837,4538757,4887.000000000000000,3998842,265.000000000000000,329951.000000000000000,7102,4868708,5152,4328793,11989,8867485
390,1/7/2022 15:00:00,6050,4544807,3866.000000000000000,4002708,162.000000000000000,330113.000000000000000,6212,4874920,4028,4332821,10078,8877563
391,1/8/2022 15:00:00,4822,4549629,3942.000000000000000,4006650,78.000000000000000,330191.000000000000000,4900,4879820,4020,4336841,8842,8886405
392,1/9/2022 15:00:00,2769,4552398,2028.000000000000000,4008678,154.000000000000000,330345.000000000000000,2923,4882743,2182,4339023,4951,8891356
393,1/10/2022 15:00:00,6374,4558772,3883.000000000000000,4012561,160.000000000000000,330505.000000000000000,6534,4889277,4043,4343066,10417,8901773
394,1/11/2022 15:00:00,6555,4565327,4315.000000000000000,4016876,143.000000000000000,330648.000000000000000,6698,4895975,4458,4347524,11013,8912786
395,1/12/2022 15:00:00,6842,4572169,4473.000000000000000,4021349,224.000000000000000,330872.000000000000000,7066,4903041,4697,4352221,11539,8924325
396,1/13/2022 15:00:00,6713,4578882,4416.000000000000000,4025765,153.000000000000000,331025.000000000000000,6866,4909907,4569,4356790,11282,8935607
397,1/14/2022 15:00:00,7279,4586161,3318.000000000000000,4029083,253.000000000000000,331278.000000000000000,7532,4917439,3571,4360361,10850,8946457
398,1/15/2022 15:00:00,4299,4590460,1701.000000000000000,4030784,71.000000000000000,331349.000000000000000,4370,4921809,1772,4362133,6071,8952528
399,1/16/2022 15:00:00,2224,4592684,1326.000000000000000,4032110,116.000000000000000,331465.000000000000000,2340,4924149,1442,4363575,3666,8956194
400,1/17/2022 15:00:00,3635,4596319,2392.000000000000000,4034502,75.000000000000000,331540.000000000000000,3710,4927859,2467,4366042,6102,8962296
401,1/18/2022 15:00:00,5303,4601622,4240.000000000000000,4038742,103.000000000000000,331643.000000000000000,5406,4933265,4343,4370385,9646,8971942
402,1/19/2022 15:00:00,5308,4606930,4509.000000000000000,4043251,99.000000000000000,331742.000000000000000,5407,4938672,4608,4374993,9916,8981858
403,1/20/2022 15:00:00,4544,4611474,3649.000000000000000,4046900,176.000000000000000,331918.000000000000000,4720,4943392,3825,4378818,8369,8990227
404,1/21/2022 15:00:00,5616,4617090,2954.000000000000000,4049854,126.000000000000000,332044.000000000000000,5742,4949134,3080,4381898,8696,8998923
405,1/22/2022 15:00:00,3481,4620571,1731.000000000000000,4051585,134.000000000000000,332178.000000000000000,3615,4952749,1865,4383763,5346,9004269
406,1/23/2022 15:00:00,2051,4622622,1502.000000000000000,4053087,30.000000000000000,332208.000000000000000,2081,4954830,1532,4385295,3583,9007852
407,1/24/2022 15:00:00,4143,4626765,2783.000000000000000,4055870,90.000000000000000,332298.000000000000000,4233,4959063,2873,4388168,7016,9014868
408,1/25/2022 15:00:00,3857,4630622,3337.000000000000000,4059207,95.000000000000000,332393.000000000000000,3952,4963015,3432,4391600,7289,9022157
409,1/26/2022 15:00:00,3898,4634520,3728.000000000000000,4062935,95.000000000000000,332488.000000000000000,3993,4967008,3823,4395423,7721,9029878
410,1/27/2022 15:00:00,3766,4638286,3968.000000000000000,4066903,188.000000000000000,332676.000000000000000,3954,4970962,4156,4399579,7922,9037800
411,1/28/2022 15:00:00,3869,4642155,3302.000000000000000,4070205,76.000000000000000,332752.000000000000000,3945,4974907,3378,4402957,7247,9045047
412,1/29/2022 15:00:00,2313,4644468,2305.000000000000000,4072510,117.000000000000000,332869.000000000000000,2430,4977337,2422,4405379,4735,9049782
413,1/30/2022 15:00:00,1564,4646032,1649.000000000000000,4074159,16.000000000000000,332885.000000000000000,1580,4978917,1665,4407044,3229,9053011
414,1/31/2022 15:00:00,3012,4649044,3250.000000000000000,4077409,58.000000000000000,332943.000000000000000,3070,4981987,3308,4410352,6320,9059331
415,2/1/2022 15:00:00,2662,4651706,3419.000000000000000,4080828,75.000000000000000,333018.000000000000000,2737,4984724,3494,4413846,6156,9065487
416,2/2/2022 15:00:00,2839,4654545,3737.000000000000000,4084565,78.000000000000000,333096.000000000000000,2917,4987641,3815,4417661,6654,9072141
417,2/3/2022 15:00:00,2768,4657313,3690.000000000000000,4088255,42.000000000000000,333138.000000000000000,2810,4990451,3732,4421393,6500,9078641
418,2/4/2022 15:00:00,2797,4660110,4414.000000000000000,4092669,128.000000000000000,333266.000000000000000,2925,4993376,4542,4425935,7339,9085980
419,2/5/2022 15:00:00,1927,4662037,2915.000000000000000,4095584,112.000000000000000,333378.000000000000000,2039,4995415,3027,4428962,4954,9090934
420,2/6/2022 15:00:00,1078,4663115,1361.000000000000000,4096945,24.000000000000000,333402.000000000000000,1102,4996517,1385,4430347,2463,9093397
421,2/7/2022 15:00:00,2083,4665198,2716.000000000000000,4099661,51.000000000000000,333453.000000000000000,2134,4998651,2767,4433114,4850,9098247
422,2/8/2022 15:00:00,2103,4667301,3114.000000000000000,4102775,63.000000000000000,333516.000000000000000,2166,5000817,3177,4436291,5280,9103527
423,2/9/2022 15:00:00,2214,4669515,3327.000000000000000,4106102,76.000000000000000,333592.000000000000000,2290,5003107,3403,4439694,5617,9109144
424,2/10/2022 15:00:00,2109,4671624,2892.000000000000000,4108994,55.000000000000000,333647.000000000000000,2164,5005271,2947,4442641,5056,9114200
425,2/11/2022 15:00:00,2526,4674150,3538.000000000000000,4112532,123.000000000000000,333770.000000000000000,2649,5007920,3661,4446302,6187,9120387
426,2/12/2022 15:00:00,1687,4675837,2325.000000000000000,4114857,97.000000000000000,333867.000000000000000,1784,5009704,2422,4448724,4109,9124496
427,2/13/2022 15:00:00,739,4676576,1087.000000000000000,4115944,17.000000000000000,333884.000000000000000,756,5010460,1104,4449828,1843,9126339
428,2/14/2022 15:00:00,1465,4678041,2249.000000000000000,4118193,65.000000000000000,333949.000000000000000,1530,5011990,2314,4452142,3779,9130118
429,2/15/2022 15:00:00,1957,4679998,2483.000000000000000,4120676,47.000000000000000,333996.000000000000000,2004,5013994,2530,4454672,4487,9134605
430,2/16/2022 15:00:00,1699,4681697,2462.000000000000000,4123138,52.000000000000000,334048.000000000000000,1751,5015745,2514,4457186,4213,9138818
431,2/17/2022 15:00:00,16887,4698584,13064.000000000000000,4136202,488.000000000000000,334536.000000000000000,17375,5033120,13552,4470738,30439,9169257
432,2/18/2022 15:00:00,2024,4700608,2626.000000000000000,4138828,50.000000000000000,334586.000000000000000,2074,5035194,2676,4473414,4700,9173957
433,2/19/2022 15:00:00,1248,4701856,1726.000000000000000,4140554,39.000000000000000,334625.000000000000000,1287,5036481,1765,4475179,3013,9176970
434,2/20/2022 15:00:00,721,4702577,855.000000000000000,4141409,15.000000000000000,334640.000000000000000,736,5037217,870,4476049,1591,9178561
435,2/21/2022 15:00:00,1322,4703899,1800.000000000000000,4143209,32.000000000000000,334672.000000000000000,1354,5038571,1832,4477881,3154,9181715
436,2/22/2022 15:00:00,1481,4705380,1953.000000000000000,4145162,37.000000000000000,334709.000000000000000,1518,5040089,1990,4479871,3471,9185186
437,2/23/2022 15:00:00,1603,4706983,1939.000000000000000,4147101,36.000000000000000,334745.000000000000000,1639,5041728,1975,4481846,3578,9188764
438,2/24/2022 15:00:00,1524,4708507,1706.000000000000000,4148807,39.000000000000000,334784.000000000000000,1563,5043291,1745,4483591,3269,9192033
439,2/25/2022 15:00:00,1712,4710219,1887.000000000000000,4150694,72.000000000000000,334856.000000000000000,1784,5045075,1959,4485550,3671,9195704
440,2/26/2022 15:00:00,1214,4711433,1248.000000000000000,4151942,46.000000000000000,334902.000000000000000,1260,5046335,1294,4486844,2508,9198212
441,2/27/2022 15:00:00,586,4712019,534.000000000000000,4152476,15.000000000000000,334917.000000000000000,601,5046936,549,4487393,1135,9199347
442,2/28/2022 15:00:00,1298,4713317,1349.000000000000000,4153825,35.000000000000000,334952.000000000000000,1333,5048269,1384,4488777,2682,9202029
443,3/1/2022 15:00:00,1370,4714687,1361.000000000000000,4155186,28.000000000000000,334980.000000000000000,1398,5049667,1389,4490166,2759,9204788
444,3/2/2022 15:00:00,1172,4715859,1338.000000000000000,4156524,67.000000000000000,335047.000000000000000,1239,5050906,1405,4491571,2577,9207365
445,3/3/2022 15:00:00,1221,4717080,1268.000000000000000,4157792,32.000000000000000,335079.000000000000000,1253,5052159,1300,4492871,2521,9209886
446,3/4/2022 15:00:00,698,4717778,834.000000000000000,4158626,21.000000000000000,335100.000000000000000,719,5052878,855,4493726,1553,9211439