OBJECTID,VACCINATION_DATE,FirstDailyDose,FirstDoseCumulative,SecondDailyDose,SecondDoseCumulative,SingleDailyDose,SingleDoseCumulative,AtleastOneVaccine,AtleastOneVaccineCumulative,CompletedVax,CompletedVaxCumulative,FirstSecondSingleVaccination_12,FirstSecondSingleVaccination_13
1,12/14/2020 15:00:00,17,1216,,490,,,17,1216,0,490,17,1598
2,12/15/2020 15:00:00,56,1272,3.000000000000000,493,,,56,1272,3,493,59,1657
3,12/16/2020 15:00:00,584,1856,3.000000000000000,496,,,584,1856,3,496,587,2244
4,12/17/2020 15:00:00,1151,3007,2.000000000000000,498,,,1151,3007,2,498,1153,3397
5,12/18/2020 15:00:00,3001,6008,12.000000000000000,510,,,3001,6008,12,510,3013,6410
6,12/19/2020 15:00:00,927,6935,5.000000000000000,515,,,927,6935,5,515,932,7342
7,12/20/2020 15:00:00,346,7281,4.000000000000000,519,,,346,7281,4,519,350,7692
8,12/21/2020 15:00:00,3874,11155,25.000000000000000,544,,,3874,11155,25,544,3899,11591
9,12/22/2020 15:00:00,6303,17458,23.000000000000000,567,,,6303,17458,23,567,6326,17917
10,12/23/2020 15:00:00,5765,23223,33.000000000000000,600,,,5765,23223,33,600,5798,23715
11,12/24/2020 15:00:00,2718,25941,14.000000000000000,614,,,2718,25941,14,614,2732,26447
12,12/25/2020 15:00:00,1033,26974,4.000000000000000,618,,,1033,26974,4,618,1037,27484
13,12/26/2020 15:00:00,1875,28849,9.000000000000000,627,,,1875,28849,9,627,1884,29368
14,12/27/2020 15:00:00,1799,30648,10.000000000000000,637,,,1799,30648,10,637,1809,31177
15,12/28/2020 15:00:00,8971,39619,41.000000000000000,678,,,8971,39619,41,678,9012,40189
16,12/29/2020 15:00:00,10946,50565,47.000000000000000,725,,,10946,50565,47,725,10993,51182
17,12/30/2020 15:00:00,12482,63047,75.000000000000000,800,,,12482,63047,75,800,12557,63739
18,12/31/2020 15:00:00,7539,70586,40.000000000000000,840,,,7539,70586,40,840,7579,71318
19,1/1/2021 15:00:00,2875,73461,128.000000000000000,968,,,2875,73461,128,968,3003,74321
20,1/2/2021 15:00:00,3016,76477,34.000000000000000,1002,,,3016,76477,34,1002,3050,77371
21,1/3/2021 15:00:00,3390,79867,80.000000000000000,1082,,,3390,79867,80,1082,3470,80841
22,1/4/2021 15:00:00,13317,93184,320.000000000000000,1402,,,13317,93184,320,1402,13637,94478
23,1/5/2021 15:00:00,12444,105628,531.000000000000000,1933,,,12444,105628,531,1933,12975,107453
24,1/6/2021 15:00:00,15214,120842,850.000000000000000,2783,,,15214,120842,850,2783,16064,123517
25,1/7/2021 15:00:00,14989,135831,1748.000000000000000,4531,,,14989,135831,1748,4531,16737,140254
26,1/8/2021 15:00:00,23971,159802,2755.000000000000000,7286,,,23971,159802,2755,7286,26726,166980
27,1/9/2021 15:00:00,5149,164951,945.000000000000000,8231,,,5149,164951,945,8231,6094,173074
28,1/10/2021 15:00:00,2947,167898,375.000000000000000,8606,,,2947,167898,375,8606,3322,176396
29,1/11/2021 15:00:00,13693,181591,3454.000000000000000,12060,,,13693,181591,3454,12060,17147,193543
30,1/12/2021 15:00:00,17352,198943,5570.000000000000000,17630,,,17352,198943,5570,17630,22922,216465
31,1/13/2021 15:00:00,18571,217514,3892.000000000000000,21522,,,18571,217514,3892,21522,22463,238928
32,1/14/2021 15:00:00,17803,235317,1942.000000000000000,23464,,,17803,235317,1942,23464,19745,258673
33,1/15/2021 15:00:00,19414,254731,2001.000000000000000,25465,,,19414,254731,2001,25465,21415,280088
34,1/16/2021 15:00:00,5801,260532,1602.000000000000000,27067,,,5801,260532,1602,27067,7403,287491
35,1/17/2021 15:00:00,2107,262639,1476.000000000000000,28543,,,2107,262639,1476,28543,3583,291074
36,1/18/2021 15:00:00,7061,269700,3241.000000000000000,31784,,,7061,269700,3241,31784,10302,301376
37,1/19/2021 15:00:00,16909,286609,5381.000000000000000,37165,,,16909,286609,5381,37165,22290,323666
38,1/20/2021 15:00:00,20979,307588,5291.000000000000000,42456,,,20979,307588,5291,42456,26270,349936
39,1/21/2021 15:00:00,23754,331342,3794.000000000000000,46250,,,23754,331342,3794,46250,27548,377484
40,1/22/2021 15:00:00,28638,359980,3711.000000000000000,49961,,,28638,359980,3711,49961,32349,409833
41,1/23/2021 15:00:00,10097,370077,1927.000000000000000,51888,,,10097,370077,1927,51888,12024,421857
42,1/24/2021 15:00:00,3338,373415,1720.000000000000000,53608,,,3338,373415,1720,53608,5058,426915
43,1/25/2021 15:00:00,16287,389702,8572.000000000000000,62180,,,16287,389702,8572,62180,24859,451774
44,1/26/2021 15:00:00,17536,407238,8953.000000000000000,71133,,,17536,407238,8953,71133,26489,478263
45,1/27/2021 15:00:00,24442,431680,12517.000000000000000,83650,,,24442,431680,12517,83650,36959,515222
46,1/28/2021 15:00:00,22641,454321,9287.000000000000000,92937,,,22641,454321,9287,92937,31928,547150
47,1/29/2021 15:00:00,24756,479077,7879.000000000000000,100816,,,24756,479077,7879,100816,32635,579785
48,1/30/2021 15:00:00,17761,496838,2528.000000000000000,103344,,,17761,496838,2528,103344,20289,600074
49,1/31/2021 15:00:00,3752,500590,1343.000000000000000,104687,,,3752,500590,1343,104687,5095,605169
50,2/1/2021 15:00:00,7807,508397,5224.000000000000000,109911,,,7807,508397,5224,109911,13031,618200
51,2/2/2021 15:00:00,12458,520855,13791.000000000000000,123702,,,12458,520855,13791,123702,26249,644449
52,2/3/2021 15:00:00,18216,539071,18084.000000000000000,141786,,,18216,539071,18084,141786,36300,680749
53,2/4/2021 15:00:00,22080,561151,15733.000000000000000,157519,,,22080,561151,15733,157519,37813,718562
54,2/5/2021 15:00:00,20326,581477,17369.000000000000000,174888,,,20326,581477,17369,174888,37695,756257
55,2/6/2021 15:00:00,11306,592783,14445.000000000000000,189333,,,11306,592783,14445,189333,25751,782008
56,2/7/2021 15:00:00,5938,598721,1801.000000000000000,191134,,,5938,598721,1801,191134,7739,789747
57,2/8/2021 15:00:00,12944,611665,12903.000000000000000,204037,,,12944,611665,12903,204037,25847,815594
58,2/9/2021 15:00:00,16615,628280,13832.000000000000000,217869,,,16615,628280,13832,217869,30447,846041
59,2/10/2021 15:00:00,19261,647541,21195.000000000000000,239064,,,19261,647541,21195,239064,40456,886497
60,2/11/2021 15:00:00,22849,670390,17293.000000000000000,256357,,,22849,670390,17293,256357,40142,926639
61,2/12/2021 15:00:00,20361,690751,19588.000000000000000,275945,,,20361,690751,19588,275945,39949,966588
62,2/13/2021 15:00:00,11414,702165,6392.000000000000000,282337,,,11414,702165,6392,282337,17806,984394
63,2/14/2021 15:00:00,7107,709272,2103.000000000000000,284440,,,7107,709272,2103,284440,9210,993604
64,2/15/2021 15:00:00,11739,721011,13293.000000000000000,297733,,,11739,721011,13293,297733,25032,1018636
65,2/16/2021 15:00:00,16578,737589,20981.000000000000000,318714,,,16578,737589,20981,318714,37559,1056195
66,2/17/2021 15:00:00,20639,758228,26347.000000000000000,345061,,,20639,758228,26347,345061,46986,1103181
67,2/18/2021 15:00:00,3189,761417,4606.000000000000000,349667,,,3189,761417,4606,349667,7795,1110976
68,2/19/2021 15:00:00,10243,771660,19902.000000000000000,369569,,,10243,771660,19902,369569,30145,1141121
69,2/20/2021 15:00:00,10294,781954,20257.000000000000000,389826,,,10294,781954,20257,389826,30551,1171672
70,2/21/2021 15:00:00,6158,788112,7625.000000000000000,397451,,,6158,788112,7625,397451,13783,1185455
71,2/22/2021 15:00:00,8016,796128,15449.000000000000000,412900,,,8016,796128,15449,412900,23465,1208920
72,2/23/2021 15:00:00,15512,811640,15939.000000000000000,428839,,,15512,811640,15939,428839,31451,1240371
73,2/24/2021 15:00:00,17919,829559,24729.000000000000000,453568,,,17919,829559,24729,453568,42648,1283019
74,2/25/2021 15:00:00,20379,849938,26519.000000000000000,480087,,,20379,849938,26519,480087,46898,1329917
75,2/26/2021 15:00:00,26694,876632,26172.000000000000000,506259,,,26694,876632,26172,506259,52866,1382783
76,2/27/2021 15:00:00,15982,892614,11121.000000000000000,517380,,,15982,892614,11121,517380,27103,1409886
77,2/28/2021 15:00:00,15488,908102,4861.000000000000000,522241,,,15488,908102,4861,522241,20349,1430235
78,3/1/2021 15:00:00,26467,934569,12465.000000000000000,534706,,,26467,934569,12465,534706,38932,1469167
79,3/2/2021 15:00:00,23862,958431,13239.000000000000000,547945,32.000000000000000,32.000000000000000,23894,958463,13271,547977,37133,1506300
80,3/3/2021 15:00:00,30125,988556,18357.000000000000000,566302,182.000000000000000,214.000000000000000,30307,988770,18539,566516,48664,1554964
81,3/4/2021 15:00:00,30933,1019489,18146.000000000000000,584448,4065.000000000000000,4279.000000000000000,34998,1023768,22211,588727,53144,1608108
82,3/5/2021 15:00:00,29411,1048900,19435.000000000000000,603883,4911.000000000000000,9190.000000000000000,34322,1058090,24346,613073,53757,1661865
83,3/6/2021 15:00:00,17850,1066750,8958.000000000000000,612841,6005.000000000000000,15195.000000000000000,23855,1081945,14963,628036,32813,1694678
84,3/7/2021 15:00:00,12106,1078856,4833.000000000000000,617674,6613.000000000000000,21808.000000000000000,18719,1100664,11446,639482,23552,1718230
85,3/8/2021 15:00:00,25831,1104687,8799.000000000000000,626473,8276.000000000000000,30084.000000000000000,34107,1134771,17075,656557,42906,1761136
86,3/9/2021 15:00:00,26082,1130769,15419.000000000000000,641892,8347.000000000000000,38431.000000000000000,34429,1169200,23766,680323,49848,1810984
87,3/10/2021 15:00:00,29812,1160581,15961.000000000000000,657853,7936.000000000000000,46367.000000000000000,37748,1206948,23897,704220,53709,1864693
88,3/11/2021 15:00:00,35937,1196518,16394.000000000000000,674247,3983.000000000000000,50350.000000000000000,39920,1246868,20377,724597,56314,1921007
89,3/12/2021 15:00:00,36876,1233394,18046.000000000000000,692293,2920.000000000000000,53270.000000000000000,39796,1286664,20966,745563,57842,1978849
90,3/13/2021 15:00:00,22645,1256039,10252.000000000000000,702545,1621.000000000000000,54891.000000000000000,24266,1310930,11873,757436,34518,2013367
91,3/14/2021 15:00:00,17837,1273876,6694.000000000000000,709239,999.000000000000000,55890.000000000000000,18836,1329766,7693,765129,25530,2038897
92,3/15/2021 15:00:00,29783,1303659,11257.000000000000000,720496,593.000000000000000,56483.000000000000000,30376,1360142,11850,776979,41633,2080530
93,3/16/2021 15:00:00,33403,1337062,13539.000000000000000,734035,766.000000000000000,57249.000000000000000,34169,1394311,14305,791284,47708,2128238
94,3/17/2021 15:00:00,37535,1374597,17005.000000000000000,751040,1175.000000000000000,58424.000000000000000,38710,1433021,18180,809464,55715,2183953
95,3/18/2021 15:00:00,41398,1415995,12592.000000000000000,763632,1348.000000000000000,59772.000000000000000,42746,1475767,13940,823404,55338,2239291
96,3/19/2021 15:00:00,38286,1454281,15370.000000000000000,779002,1036.000000000000000,60808.000000000000000,39322,1515089,16406,839810,54692,2293983
97,3/20/2021 15:00:00,24667,1478948,10109.000000000000000,789111,699.000000000000000,61507.000000000000000,25366,1540455,10808,850618,35475,2329458
98,3/21/2021 15:00:00,19155,1498103,7837.000000000000000,796948,334.000000000000000,61841.000000000000000,19489,1559944,8171,858789,27326,2356784
99,3/22/2021 15:00:00,32549,1530652,11432.000000000000000,808380,834.000000000000000,62675.000000000000000,33383,1593327,12266,871055,44815,2401599
100,3/23/2021 15:00:00,37726,1568378,17304.000000000000000,825684,1553.000000000000000,64228.000000000000000,39279,1632606,18857,889912,56583,2458182
101,3/24/2021 15:00:00,41054,1609432,21141.000000000000000,846825,1381.000000000000000,65609.000000000000000,42435,1675041,22522,912434,63576,2521758
102,3/25/2021 15:00:00,42320,1651752,21004.000000000000000,867829,2457.000000000000000,68066.000000000000000,44777,1719818,23461,935895,65781,2587539
103,3/26/2021 15:00:00,36591,1688343,26258.000000000000000,894087,2498.000000000000000,70564.000000000000000,39089,1758907,28756,964651,65347,2652886
104,3/27/2021 15:00:00,26916,1715259,16771.000000000000000,910858,2484.000000000000000,73048.000000000000000,29400,1788307,19255,983906,46171,2699057
105,3/28/2021 15:00:00,17005,1732264,12606.000000000000000,923464,1615.000000000000000,74663.000000000000000,18620,1806927,14221,998127,31226,2730283
106,3/29/2021 15:00:00,29702,1761966,26215.000000000000000,949679,1140.000000000000000,75803.000000000000000,30842,1837769,27355,1025482,57057,2787340
107,3/30/2021 15:00:00,40015,1801981,28916.000000000000000,978595,1856.000000000000000,77659.000000000000000,41871,1879640,30772,1056254,70787,2858127
108,3/31/2021 15:00:00,41021,1843002,34595.000000000000000,1013190,5749.000000000000000,83408.000000000000000,46770,1926410,40344,1096598,81365,2939492
109,4/1/2021 15:00:00,41080,1884082,39874.000000000000000,1053064,5664.000000000000000,89072.000000000000000,46744,1973154,45538,1142136,86618,3026110
110,4/2/2021 15:00:00,34987,1919069,32489.000000000000000,1085553,6119.000000000000000,95191.000000000000000,41106,2014260,38608,1180744,73595,3099705
111,4/3/2021 15:00:00,21615,1940684,18661.000000000000000,1104214,4367.000000000000000,99558.000000000000000,25982,2040242,23028,1203772,44643,3144348
112,4/4/2021 15:00:00,8242,1948926,10173.000000000000000,1114387,964.000000000000000,100522.000000000000000,9206,2049448,11137,1214909,19379,3163727
113,4/5/2021 15:00:00,27896,1976822,28845.000000000000000,1143232,6653.000000000000000,107175.000000000000000,34549,2083997,35498,1250407,63394,3227121
114,4/6/2021 15:00:00,39733,2016555,30392.000000000000000,1173624,10489.000000000000000,117664.000000000000000,50222,2134219,40881,1291288,80614,3307735
115,4/7/2021 15:00:00,36023,2052578,34190.000000000000000,1207814,12973.000000000000000,130637.000000000000000,48996,2183215,47163,1338451,83186,3390921
116,4/8/2021 15:00:00,42286,2094864,36003.000000000000000,1243817,13852.000000000000000,144489.000000000000000,56138,2239353,49855,1388306,92141,3483062
117,4/9/2021 15:00:00,34003,2128867,36275.000000000000000,1280092,14523.000000000000000,159012.000000000000000,48526,2287879,50798,1439104,84801,3567863
118,4/10/2021 15:00:00,23442,2152309,23093.000000000000000,1303185,7631.000000000000000,166643.000000000000000,31073,2318952,30724,1469828,54166,3622029
119,4/11/2021 15:00:00,17552,2169861,13263.000000000000000,1316448,10122.000000000000000,176765.000000000000000,27674,2346626,23385,1493213,40937,3662966
120,4/12/2021 15:00:00,24572,2194433,33122.000000000000000,1349570,10895.000000000000000,187660.000000000000000,35467,2382093,44017,1537230,68589,3731555
121,4/13/2021 15:00:00,126765,2321198,90565.000000000000000,1440135,3293.000000000000000,190953.000000000000000,130058,2512151,93858,1631088,220623,3952178
122,4/14/2021 15:00:00,40677,2361875,37751.000000000000000,1477886,210.000000000000000,191163.000000000000000,40887,2553038,37961,1669049,78638,4030816
123,4/15/2021 15:00:00,41666,2403541,39151.000000000000000,1517037,172.000000000000000,191335.000000000000000,41838,2594876,39323,1708372,80989,4111805
124,4/16/2021 15:00:00,37191,2440732,38723.000000000000000,1555760,23.000000000000000,191358.000000000000000,37214,2632090,38746,1747118,75937,4187742
125,4/17/2021 15:00:00,32773,2473505,21983.000000000000000,1577743,12.000000000000000,191370.000000000000000,32785,2664875,21995,1769113,54768,4242510
126,4/18/2021 15:00:00,20057,2493562,16171.000000000000000,1593914,5.000000000000000,191375.000000000000000,20062,2684937,16176,1785289,36233,4278743
127,4/19/2021 15:00:00,29881,2523443,36473.000000000000000,1630387,61.000000000000000,191436.000000000000000,29942,2714879,36534,1821823,66415,4345158
128,4/20/2021 15:00:00,33093,2556536,44172.000000000000000,1674559,56.000000000000000,191492.000000000000000,33149,2748028,44228,1866051,77321,4422479
129,4/21/2021 15:00:00,39792,2596328,46958.000000000000000,1721517,22.000000000000000,191514.000000000000000,39814,2787842,46980,1913031,86772,4509251
130,4/22/2021 15:00:00,36396,2632724,42013.000000000000000,1763530,16.000000000000000,191530.000000000000000,36412,2824254,42029,1955060,78425,4587676
131,4/23/2021 15:00:00,33111,2665835,40055.000000000000000,1803585,14.000000000000000,191544.000000000000000,33125,2857379,40069,1995129,73180,4660856
132,4/24/2021 15:00:00,26397,2692232,27835.000000000000000,1831420,81.000000000000000,191625.000000000000000,26478,2883857,27916,2023045,54313,4715169
133,4/25/2021 15:00:00,20212,2712444,10929.000000000000000,1842349,31.000000000000000,191656.000000000000000,20243,2904100,10960,2034005,31172,4746341
134,4/26/2021 15:00:00,27414,2739858,32643.000000000000000,1874992,202.000000000000000,191858.000000000000000,27616,2931716,32845,2066850,60259,4806600
135,4/27/2021 15:00:00,26685,2766543,32995.000000000000000,1907987,1098.000000000000000,192956.000000000000000,27783,2959499,34093,2100943,60778,4867378
136,4/28/2021 15:00:00,28923,2795466,39462.000000000000000,1947449,1362.000000000000000,194318.000000000000000,30285,2989784,40824,2141767,69747,4937125
137,4/29/2021 15:00:00,27293,2822759,39406.000000000000000,1986855,1466.000000000000000,195784.000000000000000,28759,3018543,40872,2182639,68165,5005290
138,4/30/2021 15:00:00,28189,2850948,32162.000000000000000,2019017,1645.000000000000000,197429.000000000000000,29834,3048377,33807,2216446,61996,5067286
139,5/1/2021 15:00:00,20507,2871455,26466.000000000000000,2045483,1033.000000000000000,198462.000000000000000,21540,3069917,27499,2243945,48006,5115292
140,5/2/2021 15:00:00,10277,2881732,17015.000000000000000,2062498,820.000000000000000,199282.000000000000000,11097,3081014,17835,2261780,28112,5143404
141,5/3/2021 15:00:00,12744,2894476,28506.000000000000000,2091004,1912.000000000000000,201194.000000000000000,14656,3095670,30418,2292198,43162,5186566
142,5/4/2021 15:00:00,13565,2908041,38523.000000000000000,2129527,1736.000000000000000,202930.000000000000000,15301,3110971,40259,2332457,53824,5240390
143,5/5/2021 15:00:00,19324,2927365,37679.000000000000000,2167206,1920.000000000000000,204850.000000000000000,21244,3132215,39599,2372056,58923,5299313
144,5/6/2021 15:00:00,16925,2944290,40537.000000000000000,2207743,1721.000000000000000,206571.000000000000000,18646,3150861,42258,2414314,59183,5358496
145,5/7/2021 15:00:00,17415,2961705,36020.000000000000000,2243763,1958.000000000000000,208529.000000000000000,19373,3170234,37978,2452292,55393,5413889
146,5/8/2021 15:00:00,10783,2972488,31196.000000000000000,2274959,1292.000000000000000,209821.000000000000000,12075,3182309,32488,2484780,43271,5457160
147,5/9/2021 15:00:00,5051,2977539,11905.000000000000000,2286864,695.000000000000000,210516.000000000000000,5746,3188055,12600,2497380,17651,5474811
148,5/10/2021 15:00:00,8951,2986490,31012.000000000000000,2317876,1359.000000000000000,211875.000000000000000,10310,3198365,32371,2529751,41322,5516133
149,5/11/2021 15:00:00,12186,2998676,30243.000000000000000,2348119,1437.000000000000000,213312.000000000000000,13623,3211988,31680,2561431,43866,5559999
150,5/12/2021 15:00:00,13944,3012620,38555.000000000000000,2386674,1919.000000000000000,215231.000000000000000,15863,3227851,40474,2601905,54418,5614417
151,5/13/2021 15:00:00,21847,3034467,33421.000000000000000,2420095,1347.000000000000000,216578.000000000000000,23194,3251045,34768,2636673,56615,5671032
152,5/14/2021 15:00:00,24348,3058815,29978.000000000000000,2450073,1774.000000000000000,218352.000000000000000,26122,3277167,31752,2668425,56100,5727132
153,5/15/2021 15:00:00,21900,3080715,25065.000000000000000,2475138,1490.000000000000000,219842.000000000000000,23390,3300557,26555,2694980,48455,5775587
154,5/16/2021 15:00:00,9075,3089790,17552.000000000000000,2492690,1113.000000000000000,220955.000000000000000,10188,3310745,18665,2713645,27740,5803327
155,5/17/2021 15:00:00,16842,3106632,28358.000000000000000,2521048,1949.000000000000000,222904.000000000000000,18791,3329536,30307,2743952,47149,5850476
156,5/18/2021 15:00:00,21243,3127875,30641.000000000000000,2551689,1941.000000000000000,224845.000000000000000,23184,3352720,32582,2776534,53825,5904301
157,5/19/2021 15:00:00,27610,3155485,32378.000000000000000,2584067,1626.000000000000000,226471.000000000000000,29236,3381956,34004,2810538,61614,5965915
158,5/20/2021 15:00:00,20791,3176276,33199.000000000000000,2617266,1968.000000000000000,228439.000000000000000,22759,3404715,35167,2845705,55958,6021873
159,5/21/2021 15:00:00,19156,3195432,30249.000000000000000,2647515,1607.000000000000000,230046.000000000000000,20763,3425478,31856,2877561,51012,6072885
160,5/22/2021 15:00:00,16915,3212347,20650.000000000000000,2668165,1270.000000000000000,231316.000000000000000,18185,3443663,21920,2899481,38835,6111720
161,5/23/2021 15:00:00,8752,3221099,11423.000000000000000,2679588,964.000000000000000,232280.000000000000000,9716,3453379,12387,2911868,21139,6132859
162,5/24/2021 15:00:00,13561,3234660,17728.000000000000000,2697316,1475.000000000000000,233755.000000000000000,15036,3468415,19203,2931071,32764,6165623
163,5/25/2021 15:00:00,12993,3247653,18655.000000000000000,2715971,1329.000000000000000,235084.000000000000000,14322,3482737,19984,2951055,32977,6198600
164,5/26/2021 15:00:00,18278,3265931,19435.000000000000000,2735406,1512.000000000000000,236596.000000000000000,19790,3502527,20947,2972002,39225,6237825
165,5/27/2021 15:00:00,11682,3277613,18626.000000000000000,2754032,1116.000000000000000,237712.000000000000000,12798,3515325,19742,2991744,31424,6269249
166,5/28/2021 15:00:00,12500,3290113,19708.000000000000000,2773740,1400.000000000000000,239112.000000000000000,13900,3529225,21108,3012852,33608,6302857
167,5/29/2021 15:00:00,9551,3299664,11636.000000000000000,2785376,935.000000000000000,240047.000000000000000,10486,3539711,12571,3025423,22122,6324979
168,5/30/2021 15:00:00,4964,3304628,6415.000000000000000,2791791,596.000000000000000,240643.000000000000000,5560,3545271,7011,3032434,11975,6336954
169,5/31/2021 15:00:00,1774,3306402,3704.000000000000000,2795495,305.000000000000000,240948.000000000000000,2079,3547350,4009,3036443,5783,6342737
170,6/1/2021 15:00:00,9779,3316181,16341.000000000000000,2811836,1153.000000000000000,242101.000000000000000,10932,3558282,17494,3053937,27273,6370010
171,6/2/2021 15:00:00,10227,3326408,16774.000000000000000,2828610,959.000000000000000,243060.000000000000000,11186,3569468,17733,3071670,27960,6397970
172,6/3/2021 15:00:00,7898,3334306,21144.000000000000000,2849754,1085.000000000000000,244145.000000000000000,8983,3578451,22229,3093899,30127,6428097
173,6/4/2021 15:00:00,8201,3342507,22261.000000000000000,2872015,1121.000000000000000,245266.000000000000000,9322,3587773,23382,3117281,31583,6459680
174,6/5/2021 15:00:00,7014,3349521,19408.000000000000000,2891423,720.000000000000000,245986.000000000000000,7734,3595507,20128,3137409,27142,6486822
175,6/6/2021 15:00:00,3466,3352987,7220.000000000000000,2898643,423.000000000000000,246409.000000000000000,3889,3599396,7643,3145052,11109,6497931
176,6/7/2021 15:00:00,6853,3359840,15735.000000000000000,2914378,725.000000000000000,247134.000000000000000,7578,3606974,16460,3161512,23313,6521244
177,6/8/2021 15:00:00,6670,3366510,19668.000000000000000,2934046,829.000000000000000,247963.000000000000000,7499,3614473,20497,3182009,27167,6548411
178,6/9/2021 15:00:00,8194,3374704,23909.000000000000000,2957955,969.000000000000000,248932.000000000000000,9163,3623636,24878,3206887,33072,6581483
179,6/10/2021 15:00:00,7147,3381851,19083.000000000000000,2977038,895.000000000000000,249827.000000000000000,8042,3631678,19978,3226865,27125,6608608
180,6/11/2021 15:00:00,7466,3389317,17696.000000000000000,2994734,1125.000000000000000,250952.000000000000000,8591,3640269,18821,3245686,26287,6634895
181,6/12/2021 15:00:00,5230,3394547,14736.000000000000000,3009470,604.000000000000000,251556.000000000000000,5834,3646103,15340,3261026,20570,6655465
182,6/13/2021 15:00:00,1931,3396478,7557.000000000000000,3017027,427.000000000000000,251983.000000000000000,2358,3648461,7984,3269010,9915,6665380
183,6/14/2021 15:00:00,5654,3402132,11803.000000000000000,3028830,734.000000000000000,252717.000000000000000,6388,3654849,12537,3281547,18191,6683571
184,6/15/2021 15:00:00,5650,3407782,14297.000000000000000,3043127,872.000000000000000,253589.000000000000000,6522,3661371,15169,3296716,20819,6704390
185,6/16/2021 15:00:00,8747,3416529,21553.000000000000000,3064680,757.000000000000000,254346.000000000000000,9504,3670875,22310,3319026,31057,6735447
186,6/17/2021 15:00:00,6681,3423210,12342.000000000000000,3077022,720.000000000000000,255066.000000000000000,7401,3678276,13062,3332088,19743,6755190
187,6/18/2021 15:00:00,6834,3430044,12699.000000000000000,3089721,702.000000000000000,255768.000000000000000,7536,3685812,13401,3345489,20235,6775425
188,6/19/2021 15:00:00,4661,3434705,9355.000000000000000,3099076,613.000000000000000,256381.000000000000000,5274,3691086,9968,3355457,14629,6790054
189,6/20/2021 15:00:00,2505,3437210,5036.000000000000000,3104112,378.000000000000000,256759.000000000000000,2883,3693969,5414,3360871,7919,6797973
190,6/21/2021 15:00:00,5555,3442765,5318.000000000000000,3109430,636.000000000000000,257395.000000000000000,6191,3700160,5954,3366825,11509,6809482
191,6/22/2021 15:00:00,5195,3447960,8848.000000000000000,3118278,682.000000000000000,258077.000000000000000,5877,3706037,9530,3376355,14725,6824207
192,6/23/2021 15:00:00,6064,3454024,10298.000000000000000,3128576,646.000000000000000,258723.000000000000000,6710,3712747,10944,3387299,17008,6841215
193,6/24/2021 15:00:00,5929,3459953,8182.000000000000000,3136758,594.000000000000000,259317.000000000000000,6523,3719270,8776,3396075,14705,6855920
194,6/25/2021 15:00:00,5826,3465779,8619.000000000000000,3145377,620.000000000000000,259937.000000000000000,6446,3725716,9239,3405314,15065,6870985
195,6/26/2021 15:00:00,3699,3469478,6294.000000000000000,3151671,396.000000000000000,260333.000000000000000,4095,3729811,6690,3412004,10389,6881374
196,6/27/2021 15:00:00,2810,3472288,3516.000000000000000,3155187,185.000000000000000,260518.000000000000000,2995,3732806,3701,3415705,6511,6887885
197,6/28/2021 15:00:00,4733,3477021,6083.000000000000000,3161270,523.000000000000000,261041.000000000000000,5256,3738062,6606,3422311,11339,6899224
198,6/29/2021 15:00:00,5057,3482078,6449.000000000000000,3167719,519.000000000000000,261560.000000000000000,5576,3743638,6968,3429279,12025,6911249
199,6/30/2021 15:00:00,5607,3487685,7363.000000000000000,3175082,605.000000000000000,262165.000000000000000,6212,3749850,7968,3437247,13575,6924824
200,7/1/2021 15:00:00,5351,3493036,6924.000000000000000,3182006,495.000000000000000,262660.000000000000000,5846,3755696,7419,3444666,12770,6937594
201,7/2/2021 15:00:00,5283,3498319,6815.000000000000000,3188821,521.000000000000000,263181.000000000000000,5804,3761500,7336,3452002,12619,6950213
202,7/3/2021 15:00:00,3262,3501581,4053.000000000000000,3192874,265.000000000000000,263446.000000000000000,3527,3765027,4318,3456320,7580,6957793
203,7/4/2021 15:00:00,492,3502073,545.000000000000000,3193419,67.000000000000000,263513.000000000000000,559,3765586,612,3456932,1104,6958897
204,7/5/2021 15:00:00,3758,3505831,3945.000000000000000,3197364,287.000000000000000,263800.000000000000000,4045,3769631,4232,3461164,7990,6966887
205,7/6/2021 15:00:00,4479,3510310,6233.000000000000000,3203597,452.000000000000000,264252.000000000000000,4931,3774562,6685,3467849,11164,6978051
206,7/7/2021 15:00:00,4460,3514770,6382.000000000000000,3209979,482.000000000000000,264734.000000000000000,4942,3779504,6864,3474713,11324,6989375
207,7/8/2021 15:00:00,4827,3519597,6142.000000000000000,3216121,564.000000000000000,265298.000000000000000,5391,3784895,6706,3481419,11533,7000908
208,7/9/2021 15:00:00,5347,3524944,6632.000000000000000,3222753,572.000000000000000,265870.000000000000000,5919,3790814,7204,3488623,12551,7013459
209,7/10/2021 15:00:00,3523,3528467,4385.000000000000000,3227138,302.000000000000000,266172.000000000000000,3825,3794639,4687,3493310,8210,7021669
210,7/11/2021 15:00:00,2669,3531136,2564.000000000000000,3229702,224.000000000000000,266396.000000000000000,2893,3797532,2788,3496098,5457,7027126
211,7/12/2021 15:00:00,4414,3535550,5099.000000000000000,3234801,377.000000000000000,266773.000000000000000,4791,3802323,5476,3501574,9890,7037016
212,7/13/2021 15:00:00,4761,3540311,4594.000000000000000,3239395,366.000000000000000,267139.000000000000000,5127,3807450,4960,3506534,9721,7046737
213,7/14/2021 15:00:00,4610,3544921,5250.000000000000000,3244645,421.000000000000000,267560.000000000000000,5031,3812481,5671,3512205,10281,7057018
214,7/15/2021 15:00:00,4885,3549806,4990.000000000000000,3249635,357.000000000000000,267917.000000000000000,5242,3817723,5347,3517552,10232,7067250
215,7/16/2021 15:00:00,6279,3556085,5813.000000000000000,3255448,401.000000000000000,268318.000000000000000,6680,3824403,6214,3523766,12493,7079743
216,7/17/2021 15:00:00,3408,3559493,3541.000000000000000,3258989,300.000000000000000,268618.000000000000000,3708,3828111,3841,3527607,7249,7086992
217,7/18/2021 15:00:00,2305,3561798,2370.000000000000000,3261359,110.000000000000000,268728.000000000000000,2415,3830526,2480,3530087,4785,7091777
218,7/19/2021 15:00:00,5255,3567053,4468.000000000000000,3265827,379.000000000000000,269107.000000000000000,5634,3836160,4847,3534934,10102,7101879
219,7/20/2021 15:00:00,5328,3572381,4685.000000000000000,3270512,366.000000000000000,269473.000000000000000,5694,3841854,5051,3539985,10379,7112258
220,7/21/2021 15:00:00,5636,3578017,4912.000000000000000,3275424,415.000000000000000,269888.000000000000000,6051,3847905,5327,3545312,10963,7123221
221,7/22/2021 15:00:00,6014,3584031,4603.000000000000000,3280027,469.000000000000000,270357.000000000000000,6483,3854388,5072,3550384,11086,7134307
222,7/23/2021 15:00:00,6833,3590864,4819.000000000000000,3284846,491.000000000000000,270848.000000000000000,7324,3861712,5310,3555694,12143,7146450
223,7/24/2021 15:00:00,4276,3595140,3193.000000000000000,3288039,267.000000000000000,271115.000000000000000,4543,3866255,3460,3559154,7736,7154186
224,7/25/2021 15:00:00,3291,3598431,1111.000000000000000,3289150,138.000000000000000,271253.000000000000000,3429,3869684,1249,3560403,4540,7158726
225,7/26/2021 15:00:00,6196,3604627,3887.000000000000000,3293037,418.000000000000000,271671.000000000000000,6614,3876298,4305,3564708,10501,7169227
226,7/27/2021 15:00:00,6347,3610974,4052.000000000000000,3297089,455.000000000000000,272126.000000000000000,6802,3883100,4507,3569215,10854,7180081
227,7/28/2021 15:00:00,6802,3617776,3998.000000000000000,3301087,458.000000000000000,272584.000000000000000,7260,3890360,4456,3573671,11258,7191339
228,7/29/2021 15:00:00,6801,3624577,4139.000000000000000,3305226,416.000000000000000,273000.000000000000000,7217,3897577,4555,3578226,11356,7202695
229,7/30/2021 15:00:00,7536,3632113,4508.000000000000000,3309734,523.000000000000000,273523.000000000000000,8059,3905636,5031,3583257,12567,7215262
230,7/31/2021 15:00:00,4781,3636894,3037.000000000000000,3312771,273.000000000000000,273796.000000000000000,5054,3910690,3310,3586567,8091,7223353
231,8/1/2021 15:00:00,3827,3640721,2118.000000000000000,3314889,160.000000000000000,273956.000000000000000,3987,3914677,2278,3588845,6105,7229458
232,8/2/2021 15:00:00,7020,3647741,3635.000000000000000,3318524,336.000000000000000,274292.000000000000000,7356,3922033,3971,3592816,10991,7240449
233,8/3/2021 15:00:00,6999,3654740,3893.000000000000000,3322417,511.000000000000000,274803.000000000000000,7510,3929543,4404,3597220,11403,7251852
234,8/4/2021 15:00:00,7157,3661897,3893.000000000000000,3326310,528.000000000000000,275331.000000000000000,7685,3937228,4421,3601641,11578,7263430
235,8/5/2021 15:00:00,7678,3669575,4109.000000000000000,3330419,537.000000000000000,275868.000000000000000,8215,3945443,4646,3606287,12324,7275754
236,8/6/2021 15:00:00,8293,3677868,4689.000000000000000,3335108,452.000000000000000,276320.000000000000000,8745,3954188,5141,3611428,13434,7289188
237,8/7/2021 15:00:00,5255,3683123,2801.000000000000000,3337909,264.000000000000000,276584.000000000000000,5519,3959707,3065,3614493,8320,7297508
238,8/8/2021 15:00:00,3944,3687067,2041.000000000000000,3339950,143.000000000000000,276727.000000000000000,4087,3963794,2184,3616677,6128,7303636
239,8/9/2021 15:00:00,6919,3693986,4509.000000000000000,3344459,367.000000000000000,277094.000000000000000,7286,3971080,4876,3621553,11795,7315431
240,8/10/2021 15:00:00,7120,3701106,4439.000000000000000,3348898,338.000000000000000,277432.000000000000000,7458,3978538,4777,3626330,11897,7327328
241,8/11/2021 15:00:00,7041,3708147,4417.000000000000000,3353315,440.000000000000000,277872.000000000000000,7481,3986019,4857,3631187,11898,7339226
242,8/12/2021 15:00:00,8587,3716734,4717.000000000000000,3358032,443.000000000000000,278315.000000000000000,9030,3995049,5160,3636347,13747,7352973
243,8/13/2021 15:00:00,7128,3723862,5350.000000000000000,3363382,394.000000000000000,278709.000000000000000,7522,4002571,5744,3642091,12872,7365845
244,8/14/2021 15:00:00,4911,3728773,3334.000000000000000,3366716,285.000000000000000,278994.000000000000000,5196,4007767,3619,3645710,8530,7374375
245,8/15/2021 15:00:00,3319,3732092,2728.000000000000000,3369444,163.000000000000000,279157.000000000000000,3482,4011249,2891,3648601,6210,7380585
246,8/16/2021 15:00:00,5428,3737520,5070.000000000000000,3374514,352.000000000000000,279509.000000000000000,5780,4017029,5422,3654023,10850,7391435
247,8/17/2021 15:00:00,6958,3744478,5172.000000000000000,3379686,389.000000000000000,279898.000000000000000,7347,4024376,5561,3659584,12519,7403954
248,8/18/2021 15:00:00,6498,3750976,5291.000000000000000,3384977,477.000000000000000,280375.000000000000000,6975,4031351,5768,3665352,12266,7416220
249,8/19/2021 15:00:00,5984,3756960,5314.000000000000000,3390291,415.000000000000000,280790.000000000000000,6399,4037750,5729,3671081,11713,7427933
250,8/20/2021 15:00:00,7030,3763990,6321.000000000000000,3396612,402.000000000000000,281192.000000000000000,7432,4045182,6723,3677804,13753,7441686
251,8/21/2021 15:00:00,4318,3768308,3902.000000000000000,3400514,227.000000000000000,281419.000000000000000,4545,4049727,4129,3681933,8447,7450133
252,8/22/2021 15:00:00,3060,3771368,3156.000000000000000,3403670,109.000000000000000,281528.000000000000000,3169,4052896,3265,3685198,6325,7456458
253,8/23/2021 15:00:00,6166,3777534,5912.000000000000000,3409582,285.000000000000000,281813.000000000000000,6451,4059347,6197,3691395,12363,7468821
254,8/24/2021 15:00:00,6647,3784181,5863.000000000000000,3415445,424.000000000000000,282237.000000000000000,7071,4066418,6287,3697682,12934,7481755
255,8/25/2021 15:00:00,6912,3791093,6004.000000000000000,3421449,439.000000000000000,282676.000000000000000,7351,4073769,6443,3704125,13355,7495110
256,8/26/2021 15:00:00,7179,3798272,6421.000000000000000,3427870,427.000000000000000,283103.000000000000000,7606,4081375,6848,3710973,14027,7509137
257,8/27/2021 15:00:00,6867,3805139,7011.000000000000000,3434881,317.000000000000000,283420.000000000000000,7184,4088559,7328,3718301,14195,7523332
258,8/28/2021 15:00:00,6904,3812043,6482.000000000000000,3441363,325.000000000000000,283745.000000000000000,7229,4095788,6807,3725108,13711,7537043
259,8/29/2021 15:00:00,3736,3815779,3678.000000000000000,3445041,611.000000000000000,284356.000000000000000,4347,4100135,4289,3729397,8025,7545068
260,8/30/2021 15:00:00,5941,3821720,6085.000000000000000,3451126,960.000000000000000,285316.000000000000000,6901,4107036,7045,3736442,12986,7558054
261,8/31/2021 15:00:00,5698,3827418,5914.000000000000000,3457040,945.000000000000000,286261.000000000000000,6643,4113679,6859,3743301,12557,7570611
262,9/1/2021 15:00:00,5557,3832975,5586.000000000000000,3462626,909.000000000000000,287170.000000000000000,6466,4120145,6495,3749796,12052,7582663
263,9/2/2021 15:00:00,5527,3838502,5893.000000000000000,3468519,703.000000000000000,287873.000000000000000,6230,4126375,6596,3756392,12123,7594786
264,9/3/2021 15:00:00,6001,3844503,6879.000000000000000,3475398,971.000000000000000,288844.000000000000000,6972,4133347,7850,3764242,13851,7608637
265,9/4/2021 15:00:00,3716,3848219,4323.000000000000000,3479721,879.000000000000000,289723.000000000000000,4595,4137942,5202,3769444,8918,7617555
266,9/5/2021 15:00:00,2956,3851175,2800.000000000000000,3482521,105.000000000000000,289828.000000000000000,3061,4141003,2905,3772349,5861,7623416
267,9/6/2021 15:00:00,1057,3852232,1147.000000000000000,3483668,63.000000000000000,289891.000000000000000,1120,4142123,1210,3773559,2267,7625683
268,9/7/2021 15:00:00,5344,3857576,7257.000000000000000,3490925,2304.000000000000000,292195.000000000000000,7648,4149771,9561,3783120,14905,7640588
269,9/8/2021 15:00:00,4661,3862237,5438.000000000000000,3496363,365.000000000000000,292560.000000000000000,5026,4154797,5803,3788923,10464,7651052
270,9/9/2021 15:00:00,5084,3867321,5355.000000000000000,3501718,324.000000000000000,292884.000000000000000,5408,4160205,5679,3794602,10763,7661815
271,9/10/2021 15:00:00,6545,3873866,6594.000000000000000,3508312,1716.000000000000000,294600.000000000000000,8261,4168466,8310,3802912,14855,7676670
272,9/11/2021 15:00:00,4167,3878033,4319.000000000000000,3512631,663.000000000000000,295263.000000000000000,4830,4173296,4982,3807894,9149,7685819
273,9/12/2021 15:00:00,3162,3881195,3229.000000000000000,3515860,436.000000000000000,295699.000000000000000,3598,4176894,3665,3811559,6827,7692646
274,9/13/2021 15:00:00,4668,3885863,4843.000000000000000,3520703,346.000000000000000,296045.000000000000000,5014,4181908,5189,3816748,9857,7702503
275,9/14/2021 15:00:00,4585,3890448,5190.000000000000000,3525893,434.000000000000000,296479.000000000000000,5019,4186927,5624,3822372,10209,7712712
276,9/15/2021 15:00:00,4849,3895297,5604.000000000000000,3531497,388.000000000000000,296867.000000000000000,5237,4192164,5992,3828364,10841,7723553
277,9/16/2021 15:00:00,4587,3899884,5613.000000000000000,3537110,335.000000000000000,297202.000000000000000,4922,4197086,5948,3834312,10535,7734088
278,9/17/2021 15:00:00,5044,3904928,6331.000000000000000,3543441,342.000000000000000,297544.000000000000000,5386,4202472,6673,3840985,11717,7745805
279,9/18/2021 15:00:00,3788,3908716,4559.000000000000000,3548000,185.000000000000000,297729.000000000000000,3973,4206445,4744,3845729,8532,7754337
280,9/19/2021 15:00:00,2742,3911458,3156.000000000000000,3551156,75.000000000000000,297804.000000000000000,2817,4209262,3231,3848960,5973,7760310
281,9/20/2021 15:00:00,3559,3915017,4467.000000000000000,3555623,430.000000000000000,298234.000000000000000,3989,4213251,4897,3853857,8456,7768766
282,9/21/2021 15:00:00,3809,3918826,4810.000000000000000,3560433,325.000000000000000,298559.000000000000000,4134,4217385,5135,3858992,8944,7777710
283,9/22/2021 15:00:00,4199,3923025,4750.000000000000000,3565183,459.000000000000000,299018.000000000000000,4658,4222043,5209,3864201,9408,7787118
284,9/23/2021 15:00:00,4183,3927208,4693.000000000000000,3569876,492.000000000000000,299510.000000000000000,4675,4226718,5185,3869386,9368,7796486
285,9/24/2021 15:00:00,5092,3932300,5577.000000000000000,3575453,422.000000000000000,299932.000000000000000,5514,4232232,5999,3875385,11091,7807577
286,9/25/2021 15:00:00,3627,3935927,3624.000000000000000,3579077,385.000000000000000,300317.000000000000000,4012,4236244,4009,3879394,7636,7815213
287,9/26/2021 15:00:00,2356,3938283,2658.000000000000000,3581735,423.000000000000000,300740.000000000000000,2779,4239023,3081,3882475,5437,7820650
288,9/27/2021 15:00:00,4517,3942800,2690.000000000000000,3584425,509.000000000000000,301249.000000000000000,5026,4244049,3199,3885674,7716,7828366
289,9/28/2021 15:00:00,4408,3947208,4440.000000000000000,3588865,211.000000000000000,301460.000000000000000,4619,4248668,4651,3890325,9059,7837425
290,9/29/2021 15:00:00,4712,3951920,4500.000000000000000,3593365,918.000000000000000,302378.000000000000000,5630,4254298,5418,3895743,10130,7847555
291,9/30/2021 15:00:00,4889,3956809,4556.000000000000000,3597921,792.000000000000000,303170.000000000000000,5681,4259979,5348,3901091,10237,7857792
292,10/1/2021 15:00:00,5481,3962290,5285.000000000000000,3603206,778.000000000000000,303948.000000000000000,6259,4266238,6063,3907154,11544,7869336
293,10/2/2021 15:00:00,2940,3965230,2888.000000000000000,3606094,187.000000000000000,304135.000000000000000,3127,4269365,3075,3910229,6015,7875351
294,10/3/2021 15:00:00,2083,3967313,2376.000000000000000,3608470,86.000000000000000,304221.000000000000000,2169,4271534,2462,3912691,4545,7879896
295,10/4/2021 15:00:00,4153,3971466,3371.000000000000000,3611841,233.000000000000000,304454.000000000000000,4386,4275920,3604,3916295,7757,7887653
296,10/5/2021 15:00:00,4058,3975524,3571.000000000000000,3615412,207.000000000000000,304661.000000000000000,4265,4280185,3778,3920073,7836,7895489
297,10/6/2021 15:00:00,4123,3979647,3489.000000000000000,3618901,264.000000000000000,304925.000000000000000,4387,4284572,3753,3923826,7876,7903365
298,10/7/2021 15:00:00,4370,3984017,3507.000000000000000,3622408,331.000000000000000,305256.000000000000000,4701,4289273,3838,3927664,8208,7911573
299,10/8/2021 15:00:00,4950,3988967,4122.000000000000000,3626530,283.000000000000000,305539.000000000000000,5233,4294506,4405,3932069,9355,7920928
300,10/9/2021 15:00:00,2688,3991655,2671.000000000000000,3629201,271.000000000000000,305810.000000000000000,2959,4297465,2942,3935011,5630,7926558
301,10/10/2021 15:00:00,1865,3993520,1844.000000000000000,3631045,59.000000000000000,305869.000000000000000,1924,4299389,1903,3936914,3768,7930326
302,10/11/2021 15:00:00,4372,3997892,3191.000000000000000,3634236,248.000000000000000,306117.000000000000000,4620,4304009,3439,3940353,7811,7938137
303,10/12/2021 15:00:00,3728,4001620,3401.000000000000000,3637637,270.000000000000000,306387.000000000000000,3998,4308007,3671,3944024,7399,7945536
304,10/13/2021 15:00:00,3982,4005602,3444.000000000000000,3641081,347.000000000000000,306734.000000000000000,4329,4312336,3791,3947815,7773,7953309
305,10/14/2021 15:00:00,5188,4010790,5475.000000000000000,3646556,429.000000000000000,307163.000000000000000,5617,4317953,5904,3953719,11092,7964401
306,10/15/2021 15:00:00,4736,4015526,4582.000000000000000,3651138,347.000000000000000,307510.000000000000000,5083,4323036,4929,3958648,9665,7974066
307,10/16/2021 15:00:00,2505,4018031,2497.000000000000000,3653635,291.000000000000000,307801.000000000000000,2796,4325832,2788,3961436,5293,7979359
308,10/17/2021 15:00:00,1810,4019841,1773.000000000000000,3655408,55.000000000000000,307856.000000000000000,1865,4327697,1828,3963264,3638,7982997
309,10/18/2021 15:00:00,4312,4024153,3570.000000000000000,3658978,267.000000000000000,308123.000000000000000,4579,4332276,3837,3967101,8149,7991146
310,10/19/2021 15:00:00,4322,4028475,4033.000000000000000,3663011,222.000000000000000,308345.000000000000000,4544,4336820,4255,3971356,8577,7999723
311,10/20/2021 15:00:00,3540,4032015,3423.000000000000000,3666434,254.000000000000000,308599.000000000000000,3794,4340614,3677,3975033,7217,8006940
312,10/21/2021 15:00:00,3313,4035328,3258.000000000000000,3669692,290.000000000000000,308889.000000000000000,3603,4344217,3548,3978581,6861,8013801
313,10/22/2021 15:00:00,4701,4040029,4038.000000000000000,3673730,475.000000000000000,309364.000000000000000,5176,4349393,4513,3983094,9214,8023015
314,10/23/2021 15:00:00,2904,4042933,2126.000000000000000,3675856,321.000000000000000,309685.000000000000000,3225,4352618,2447,3985541,5351,8028366
315,10/24/2021 15:00:00,2062,4044995,1559.000000000000000,3677415,78.000000000000000,309763.000000000000000,2140,4354758,1637,3987178,3699,8032065
316,10/25/2021 15:00:00,4552,4049547,3114.000000000000000,3680529,317.000000000000000,310080.000000000000000,4869,4359627,3431,3990609,7983,8040048
317,10/26/2021 15:00:00,4523,4054070,3144.000000000000000,3683673,311.000000000000000,310391.000000000000000,4834,4364461,3455,3994064,7978,8048026
318,10/27/2021 15:00:00,4744,4058814,3397.000000000000000,3687070,429.000000000000000,310820.000000000000000,5173,4369634,3826,3997890,8570,8056596
319,10/28/2021 15:00:00,4571,4063385,3431.000000000000000,3690501,495.000000000000000,311315.000000000000000,5066,4374700,3926,4001816,8497,8065093
320,10/29/2021 15:00:00,4979,4068364,3941.000000000000000,3694442,393.000000000000000,311708.000000000000000,5372,4380072,4334,4006150,9313,8074406
321,10/30/2021 15:00:00,2630,4070994,1860.000000000000000,3696302,308.000000000000000,312016.000000000000000,2938,4383010,2168,4008318,4798,8079204
322,10/31/2021 15:00:00,1952,4072946,1515.000000000000000,3697817,93.000000000000000,312109.000000000000000,2045,4385055,1608,4009926,3560,8082764
323,11/1/2021 15:00:00,4656,4077602,3479.000000000000000,3701296,339.000000000000000,312448.000000000000000,4995,4390050,3818,4013744,8474,8091238
324,11/2/2021 15:00:00,4253,4081855,3027.000000000000000,3704323,405.000000000000000,312853.000000000000000,4658,4394708,3432,4017176,7685,8098923
325,11/3/2021 15:00:00,4669,4086524,3134.000000000000000,3707457,460.000000000000000,313313.000000000000000,5129,4399837,3594,4020770,8263,8107186
326,11/4/2021 15:00:00,6231,4092755,3421.000000000000000,3710878,513.000000000000000,313826.000000000000000,6744,4406581,3934,4024704,10165,8117351
327,11/5/2021 15:00:00,8184,4100939,3841.000000000000000,3714719,407.000000000000000,314233.000000000000000,8591,4415172,4248,4028952,12432,8129783
328,11/6/2021 15:00:00,10055,4110994,1976.000000000000000,3716695,305.000000000000000,314538.000000000000000,10360,4425532,2281,4031233,12336,8142119
329,11/7/2021 15:00:00,7752,4118746,1424.000000000000000,3718119,94.000000000000000,314632.000000000000000,7846,4433378,1518,4032751,9270,8151389
330,11/8/2021 15:00:00,11284,4130030,3111.000000000000000,3721230,376.000000000000000,315008.000000000000000,11660,4445038,3487,4036238,14771,8166160
331,11/9/2021 15:00:00,11770,4141800,2715.000000000000000,3723945,268.000000000000000,315276.000000000000000,12038,4457076,2983,4039221,14753,8180913
332,11/10/2021 15:00:00,12559,4154359,2835.000000000000000,3726780,336.000000000000000,315612.000000000000000,12895,4469971,3171,4042392,15730,8196643
333,11/11/2021 15:00:00,11319,4165678,2464.000000000000000,3729244,281.000000000000000,315893.000000000000000,11600,4481571,2745,4045137,14064,8210707
334,11/12/2021 15:00:00,12244,4177922,3439.000000000000000,3732683,548.000000000000000,316441.000000000000000,12792,4494363,3987,4049124,16231,8226938
335,11/13/2021 15:00:00,9732,4187654,1590.000000000000000,3734273,341.000000000000000,316782.000000000000000,10073,4504436,1931,4051055,11663,8238601
336,11/14/2021 15:00:00,3915,4191569,1132.000000000000000,3735405,121.000000000000000,316903.000000000000000,4036,4508472,1253,4052308,5168,8243769
337,11/15/2021 15:00:00,8594,4200163,2616.000000000000000,3738021,205.000000000000000,317108.000000000000000,8799,4517271,2821,4055129,11415,8255184
338,11/16/2021 15:00:00,9218,4209381,2597.000000000000000,3740618,254.000000000000000,317362.000000000000000,9472,4526743,2851,4057980,12069,8267253
339,11/17/2021 15:00:00,9355,4218736,2950.000000000000000,3743568,311.000000000000000,317673.000000000000000,9666,4536409,3261,4061241,12616,8279869
340,11/18/2021 15:00:00,9267,4228003,2708.000000000000000,3746276,480.000000000000000,318153.000000000000000,9747,4546156,3188,4064429,12455,8292324
341,11/19/2021 15:00:00,9780,4237783,3017.000000000000000,3749293,383.000000000000000,318536.000000000000000,10163,4556319,3400,4067829,13180,8305504
342,11/20/2021 15:00:00,10621,4248404,1607.000000000000000,3750900,453.000000000000000,318989.000000000000000,11074,4567393,2060,4069889,12681,8318185
343,11/21/2021 15:00:00,4352,4252756,1204.000000000000000,3752104,99.000000000000000,319088.000000000000000,4451,4571844,1303,4071192,5655,8323840
344,11/22/2021 15:00:00,9769,4262525,2570.000000000000000,3754674,292.000000000000000,319380.000000000000000,10061,4581905,2862,4074054,12631,8336471
345,11/23/2021 15:00:00,9167,4271692,2496.000000000000000,3757170,280.000000000000000,319660.000000000000000,9447,4591352,2776,4076830,11943,8348414
346,11/24/2021 15:00:00,8096,4279788,2531.000000000000000,3759701,215.000000000000000,319875.000000000000000,8311,4599663,2746,4079576,10842,8359256
347,11/25/2021 15:00:00,238,4280026,77.000000000000000,3759778,9.000000000000000,319884.000000000000000,247,4599910,86,4079662,324,8359580
348,11/26/2021 15:00:00,5677,4285703,4064.000000000000000,3763842,152.000000000000000,320036.000000000000000,5829,4605739,4216,4083878,9893,8369473
349,11/27/2021 15:00:00,3780,4289483,5448.000000000000000,3769290,134.000000000000000,320170.000000000000000,3914,4609653,5582,4089460,9362,8378835
350,11/28/2021 15:00:00,2423,4291906,6364.000000000000000,3775654,77.000000000000000,320247.000000000000000,2500,4612153,6441,4095901,8864,8387699
351,11/29/2021 15:00:00,6363,4298269,9312.000000000000000,3784966,379.000000000000000,320626.000000000000000,6742,4618895,9691,4105592,16054,8403753
352,11/30/2021 15:00:00,6172,4304441,9331.000000000000000,3794297,263.000000000000000,320889.000000000000000,6435,4625330,9594,4115186,15766,8419519
353,12/1/2021 15:00:00,7161,4311602,9596.000000000000000,3803893,305.000000000000000,321194.000000000000000,7466,4632796,9901,4125087,17062,8436581
354,12/2/2021 15:00:00,6797,4318399,8726.000000000000000,3812619,447.000000000000000,321641.000000000000000,7244,4640040,9173,4134260,15970,8452551
355,12/3/2021 15:00:00,7437,4325836,9006.000000000000000,3821625,247.000000000000000,321888.000000000000000,7684,4647724,9253,4143513,16690,8469241
356,12/4/2021 15:00:00,5824,4331660,9527.000000000000000,3831152,455.000000000000000,322343.000000000000000,6279,4654003,9982,4153495,15806,8485047
357,12/5/2021 15:00:00,3353,4335013,3063.000000000000000,3834215,74.000000000000000,322417.000000000000000,3427,4657430,3137,4156632,6490,8491537
358,12/6/2021 15:00:00,6479,4341492,6921.000000000000000,3841136,266.000000000000000,322683.000000000000000,6745,4664175,7187,4163819,13666,8505203
359,12/7/2021 15:00:00,6131,4347623,6689.000000000000000,3847825,240.000000000000000,322923.000000000000000,6371,4670546,6929,4170748,13060,8518263
360,12/8/2021 15:00:00,6642,4354265,7096.000000000000000,3854921,309.000000000000000,323232.000000000000000,6951,4677497,7405,4178153,14047,8532310
361,12/9/2021 15:00:00,6208,4360473,6741.000000000000000,3861662,394.000000000000000,323626.000000000000000,6602,4684099,7135,4185288,13343,8545653
362,12/10/2021 15:00:00,6900,4367373,6979.000000000000000,3868641,225.000000000000000,323851.000000000000000,7125,4691224,7204,4192492,14104,8559757
363,12/11/2021 15:00:00,4196,4371569,7101.000000000000000,3875742,330.000000000000000,324181.000000000000000,4526,4695750,7431,4199923,11627,8571384
364,12/12/2021 15:00:00,3911,4375480,2756.000000000000000,3878498,57.000000000000000,324238.000000000000000,3968,4699718,2813,4202736,6724,8578108
365,12/13/2021 15:00:00,5488,4380968,5581.000000000000000,3884079,235.000000000000000,324473.000000000000000,5723,4705441,5816,4208552,11304,8589412
366,12/14/2021 15:00:00,6150,4387118,5756.000000000000000,3889835,202.000000000000000,324675.000000000000000,6352,4711793,5958,4214510,12108,8601520
367,12/15/2021 15:00:00,6767,4393885,5454.000000000000000,3895289,237.000000000000000,324912.000000000000000,7004,4718797,5691,4220201,12458,8613978
368,12/16/2021 15:00:00,7484,4401369,2734.000000000000000,3898023,412.000000000000000,325324.000000000000000,7896,4726693,3146,4223347,10630,8624608
369,12/17/2021 15:00:00,7373,4408742,3964.000000000000000,3901987,169.000000000000000,325493.000000000000000,7542,4734235,4133,4227480,11506,8636114
370,12/18/2021 15:00:00,5492,4414234,3051.000000000000000,3905038,293.000000000000000,325786.000000000000000,5785,4740020,3344,4230824,8836,8644950
371,12/19/2021 15:00:00,3266,4417500,1269.000000000000000,3906307,35.000000000000000,325821.000000000000000,3301,4743321,1304,4232128,4570,8649520
372,12/20/2021 15:00:00,7696,4425196,3634.000000000000000,3909941,148.000000000000000,325969.000000000000000,7844,4751165,3782,4235910,11478,8660998
373,12/21/2021 15:00:00,8475,4433671,4016.000000000000000,3913957,158.000000000000000,326127.000000000000000,8633,4759798,4174,4240084,12649,8673647
374,12/22/2021 15:00:00,8033,4441704,3650.000000000000000,3917607,167.000000000000000,326294.000000000000000,8200,4767998,3817,4243901,11850,8685497
375,12/23/2021 15:00:00,7751,4449455,3308.000000000000000,3920915,344.000000000000000,326638.000000000000000,8095,4776093,3652,4247553,11403,8696900
376,12/24/2021 15:00:00,1437,4450892,935.000000000000000,3921850,30.000000000000000,326668.000000000000000,1467,4777560,965,4248518,2402,8699302
377,12/25/2021 15:00:00,29,4450921,21.000000000000000,3921871,1.000000000000000,326669.000000000000000,30,4777590,22,4248540,51,8699353
378,12/26/2021 15:00:00,2320,4453241,1561.000000000000000,3923432,37.000000000000000,326706.000000000000000,2357,4779947,1598,4250138,3918,8703271
379,12/27/2021 15:00:00,6557,4459798,3639.000000000000000,3927071,277.000000000000000,326983.000000000000000,6834,4786781,3916,4254054,10473,8713744
380,12/28/2021 15:00:00,6909,4466707,3361.000000000000000,3930432,135.000000000000000,327118.000000000000000,7044,4793825,3496,4257550,10405,8724149
381,12/29/2021 15:00:00,4181,4470888,2096.000000000000000,3932528,117.000000000000000,327235.000000000000000,4298,4798123,2213,4259763,6394,8730543