OBJECTID,VACCINATION_DATE,FirstDailyDose,FirstDoseCumulative,SecondDailyDose,SecondDoseCumulative,SingleDailyDose,SingleDoseCumulative,AtleastOneVaccine,AtleastOneVaccineCumulative,CompletedVax,CompletedVaxCumulative,FirstSecondSingleVaccination_12,FirstSecondSingleVaccination_13
1,12/14/2020 15:00:00,17,1221,,491,,,17,1221,0,491,17,1603
2,12/15/2020 15:00:00,56,1277,3.000000000000000,494,,,56,1277,3,494,59,1662
3,12/16/2020 15:00:00,585,1862,3.000000000000000,497,,,585,1862,3,497,588,2250
4,12/17/2020 15:00:00,1151,3013,2.000000000000000,499,,,1151,3013,2,499,1153,3403
5,12/18/2020 15:00:00,3001,6014,12.000000000000000,511,,,3001,6014,12,511,3013,6416
6,12/19/2020 15:00:00,927,6941,5.000000000000000,516,,,927,6941,5,516,932,7348
7,12/20/2020 15:00:00,346,7287,4.000000000000000,520,,,346,7287,4,520,350,7698
8,12/21/2020 15:00:00,3874,11161,25.000000000000000,545,,,3874,11161,25,545,3899,11597
9,12/22/2020 15:00:00,6306,17467,23.000000000000000,568,,,6306,17467,23,568,6329,17926
10,12/23/2020 15:00:00,5765,23232,33.000000000000000,601,,,5765,23232,33,601,5798,23724
11,12/24/2020 15:00:00,2718,25950,14.000000000000000,615,,,2718,25950,14,615,2732,26456
12,12/25/2020 15:00:00,1033,26983,4.000000000000000,619,,,1033,26983,4,619,1037,27493
13,12/26/2020 15:00:00,1875,28858,9.000000000000000,628,,,1875,28858,9,628,1884,29377
14,12/27/2020 15:00:00,1799,30657,10.000000000000000,638,,,1799,30657,10,638,1809,31186
15,12/28/2020 15:00:00,8971,39628,41.000000000000000,679,,,8971,39628,41,679,9012,40198
16,12/29/2020 15:00:00,10945,50573,48.000000000000000,727,,,10945,50573,48,727,10993,51191
17,12/30/2020 15:00:00,12482,63055,75.000000000000000,802,,,12482,63055,75,802,12557,63748
18,12/31/2020 15:00:00,7539,70594,40.000000000000000,842,,,7539,70594,40,842,7579,71327
19,1/1/2021 15:00:00,2877,73471,129.000000000000000,971,,,2877,73471,129,971,3006,74333
20,1/2/2021 15:00:00,3016,76487,34.000000000000000,1005,,,3016,76487,34,1005,3050,77383
21,1/3/2021 15:00:00,3390,79877,80.000000000000000,1085,,,3390,79877,80,1085,3470,80853
22,1/4/2021 15:00:00,13319,93196,320.000000000000000,1405,,,13319,93196,320,1405,13639,94492
23,1/5/2021 15:00:00,12444,105640,531.000000000000000,1936,,,12444,105640,531,1936,12975,107467
24,1/6/2021 15:00:00,15215,120855,851.000000000000000,2787,,,15215,120855,851,2787,16066,123533
25,1/7/2021 15:00:00,14991,135846,1748.000000000000000,4535,,,14991,135846,1748,4535,16739,140272
26,1/8/2021 15:00:00,23972,159818,2755.000000000000000,7290,,,23972,159818,2755,7290,26727,166999
27,1/9/2021 15:00:00,5150,164968,945.000000000000000,8235,,,5150,164968,945,8235,6095,173094
28,1/10/2021 15:00:00,2948,167916,375.000000000000000,8610,,,2948,167916,375,8610,3323,176417
29,1/11/2021 15:00:00,13694,181610,3454.000000000000000,12064,,,13694,181610,3454,12064,17148,193565
30,1/12/2021 15:00:00,17353,198963,5572.000000000000000,17636,,,17353,198963,5572,17636,22925,216490
31,1/13/2021 15:00:00,18571,217534,3894.000000000000000,21530,,,18571,217534,3894,21530,22465,238955
32,1/14/2021 15:00:00,17802,235336,1943.000000000000000,23473,,,17802,235336,1943,23473,19745,258700
33,1/15/2021 15:00:00,19414,254750,2002.000000000000000,25475,,,19414,254750,2002,25475,21416,280116
34,1/16/2021 15:00:00,5802,260552,1602.000000000000000,27077,,,5802,260552,1602,27077,7404,287520
35,1/17/2021 15:00:00,2107,262659,1476.000000000000000,28553,,,2107,262659,1476,28553,3583,291103
36,1/18/2021 15:00:00,7061,269720,3241.000000000000000,31794,,,7061,269720,3241,31794,10302,301405
37,1/19/2021 15:00:00,16909,286629,5381.000000000000000,37175,,,16909,286629,5381,37175,22290,323695
38,1/20/2021 15:00:00,20979,307608,5291.000000000000000,42466,,,20979,307608,5291,42466,26270,349965
39,1/21/2021 15:00:00,23755,331363,3795.000000000000000,46261,,,23755,331363,3795,46261,27550,377515
40,1/22/2021 15:00:00,28637,360000,3711.000000000000000,49972,,,28637,360000,3711,49972,32348,409863
41,1/23/2021 15:00:00,10098,370098,1927.000000000000000,51899,,,10098,370098,1927,51899,12025,421888
42,1/24/2021 15:00:00,3338,373436,1720.000000000000000,53619,,,3338,373436,1720,53619,5058,426946
43,1/25/2021 15:00:00,16288,389724,8572.000000000000000,62191,,,16288,389724,8572,62191,24860,451806
44,1/26/2021 15:00:00,17536,407260,8952.000000000000000,71143,,,17536,407260,8952,71143,26488,478294
45,1/27/2021 15:00:00,24441,431701,12517.000000000000000,83660,,,24441,431701,12517,83660,36958,515252
46,1/28/2021 15:00:00,22645,454346,9288.000000000000000,92948,,,22645,454346,9288,92948,31933,547185
47,1/29/2021 15:00:00,24756,479102,7880.000000000000000,100828,,,24756,479102,7880,100828,32636,579821
48,1/30/2021 15:00:00,17763,496865,2528.000000000000000,103356,,,17763,496865,2528,103356,20291,600112
49,1/31/2021 15:00:00,3753,500618,1343.000000000000000,104699,,,3753,500618,1343,104699,5096,605208
50,2/1/2021 15:00:00,7811,508429,5225.000000000000000,109924,,,7811,508429,5225,109924,13036,618244
51,2/2/2021 15:00:00,12458,520887,13792.000000000000000,123716,,,12458,520887,13792,123716,26250,644494
52,2/3/2021 15:00:00,18216,539103,18085.000000000000000,141801,,,18216,539103,18085,141801,36301,680795
53,2/4/2021 15:00:00,22081,561184,15736.000000000000000,157537,,,22081,561184,15736,157537,37817,718612
54,2/5/2021 15:00:00,20327,581511,17369.000000000000000,174906,,,20327,581511,17369,174906,37696,756308
55,2/6/2021 15:00:00,11305,592816,14445.000000000000000,189351,,,11305,592816,14445,189351,25750,782058
56,2/7/2021 15:00:00,5939,598755,1801.000000000000000,191152,,,5939,598755,1801,191152,7740,789798
57,2/8/2021 15:00:00,12945,611700,12902.000000000000000,204054,,,12945,611700,12902,204054,25847,815645
58,2/9/2021 15:00:00,16616,628316,13833.000000000000000,217887,,,16616,628316,13833,217887,30449,846094
59,2/10/2021 15:00:00,19264,647580,21195.000000000000000,239082,,,19264,647580,21195,239082,40459,886553
60,2/11/2021 15:00:00,22849,670429,17293.000000000000000,256375,,,22849,670429,17293,256375,40142,926695
61,2/12/2021 15:00:00,20362,690791,19588.000000000000000,275963,,,20362,690791,19588,275963,39950,966645
62,2/13/2021 15:00:00,11415,702206,6392.000000000000000,282355,,,11415,702206,6392,282355,17807,984452
63,2/14/2021 15:00:00,7107,709313,2103.000000000000000,284458,,,7107,709313,2103,284458,9210,993662
64,2/15/2021 15:00:00,11739,721052,13294.000000000000000,297752,,,11739,721052,13294,297752,25033,1018695
65,2/16/2021 15:00:00,16581,737633,20983.000000000000000,318735,,,16581,737633,20983,318735,37564,1056259
66,2/17/2021 15:00:00,20640,758273,26348.000000000000000,345083,,,20640,758273,26348,345083,46988,1103247
67,2/18/2021 15:00:00,3189,761462,4606.000000000000000,349689,,,3189,761462,4606,349689,7795,1111042
68,2/19/2021 15:00:00,10244,771706,19902.000000000000000,369591,,,10244,771706,19902,369591,30146,1141188
69,2/20/2021 15:00:00,10295,782001,20256.000000000000000,389847,,,10295,782001,20256,389847,30551,1171739
70,2/21/2021 15:00:00,6158,788159,7625.000000000000000,397472,,,6158,788159,7625,397472,13783,1185522
71,2/22/2021 15:00:00,8016,796175,15449.000000000000000,412921,,,8016,796175,15449,412921,23465,1208987
72,2/23/2021 15:00:00,15512,811687,15940.000000000000000,428861,,,15512,811687,15940,428861,31452,1240439
73,2/24/2021 15:00:00,17919,829606,24730.000000000000000,453591,,,17919,829606,24730,453591,42649,1283088
74,2/25/2021 15:00:00,20380,849986,26526.000000000000000,480117,,,20380,849986,26526,480117,46906,1329994
75,2/26/2021 15:00:00,26696,876682,26172.000000000000000,506289,,,26696,876682,26172,506289,52868,1382862
76,2/27/2021 15:00:00,15982,892664,11122.000000000000000,517411,,,15982,892664,11122,517411,27104,1409966
77,2/28/2021 15:00:00,15491,908155,4863.000000000000000,522274,,,15491,908155,4863,522274,20354,1430320
78,3/1/2021 15:00:00,26472,934627,12466.000000000000000,534740,,,26472,934627,12466,534740,38938,1469258
79,3/2/2021 15:00:00,23866,958493,13240.000000000000000,547980,32.000000000000000,32.000000000000000,23898,958525,13272,548012,37138,1506396
80,3/3/2021 15:00:00,30125,988618,18359.000000000000000,566339,182.000000000000000,214.000000000000000,30307,988832,18541,566553,48666,1555062
81,3/4/2021 15:00:00,30936,1019554,18148.000000000000000,584487,4065.000000000000000,4279.000000000000000,35001,1023833,22213,588766,53149,1608211
82,3/5/2021 15:00:00,29412,1048966,19435.000000000000000,603922,4910.000000000000000,9189.000000000000000,34322,1058155,24345,613111,53757,1661968
83,3/6/2021 15:00:00,17850,1066816,8957.000000000000000,612879,6004.000000000000000,15193.000000000000000,23854,1082009,14961,628072,32811,1694779
84,3/7/2021 15:00:00,12107,1078923,4833.000000000000000,617712,6613.000000000000000,21806.000000000000000,18720,1100729,11446,639518,23553,1718332
85,3/8/2021 15:00:00,25830,1104753,8799.000000000000000,626511,8276.000000000000000,30082.000000000000000,34106,1134835,17075,656593,42905,1761237
86,3/9/2021 15:00:00,26081,1130834,15424.000000000000000,641935,8346.000000000000000,38428.000000000000000,34427,1169262,23770,680363,49851,1811088
87,3/10/2021 15:00:00,29812,1160646,15964.000000000000000,657899,7936.000000000000000,46364.000000000000000,37748,1207010,23900,704263,53712,1864800
88,3/11/2021 15:00:00,35937,1196583,16395.000000000000000,674294,3983.000000000000000,50347.000000000000000,39920,1246930,20378,724641,56315,1921115
89,3/12/2021 15:00:00,36878,1233461,18048.000000000000000,692342,2920.000000000000000,53267.000000000000000,39798,1286728,20968,745609,57846,1978961
90,3/13/2021 15:00:00,22646,1256107,10251.000000000000000,702593,1621.000000000000000,54888.000000000000000,24267,1310995,11872,757481,34518,2013479
91,3/14/2021 15:00:00,17838,1273945,6694.000000000000000,709287,999.000000000000000,55887.000000000000000,18837,1329832,7693,765174,25531,2039010
92,3/15/2021 15:00:00,29784,1303729,11258.000000000000000,720545,593.000000000000000,56480.000000000000000,30377,1360209,11851,777025,41635,2080645
93,3/16/2021 15:00:00,33404,1337133,13540.000000000000000,734085,766.000000000000000,57246.000000000000000,34170,1394379,14306,791331,47710,2128355
94,3/17/2021 15:00:00,37535,1374668,17006.000000000000000,751091,1175.000000000000000,58421.000000000000000,38710,1433089,18181,809512,55716,2184071
95,3/18/2021 15:00:00,41402,1416070,12593.000000000000000,763684,1348.000000000000000,59769.000000000000000,42750,1475839,13941,823453,55343,2239414
96,3/19/2021 15:00:00,38284,1454354,15375.000000000000000,779059,1036.000000000000000,60805.000000000000000,39320,1515159,16411,839864,54695,2294109
97,3/20/2021 15:00:00,24665,1479019,10112.000000000000000,789171,699.000000000000000,61504.000000000000000,25364,1540523,10811,850675,35476,2329585
98,3/21/2021 15:00:00,19156,1498175,7837.000000000000000,797008,334.000000000000000,61838.000000000000000,19490,1560013,8171,858846,27327,2356912
99,3/22/2021 15:00:00,32556,1530731,11434.000000000000000,808442,834.000000000000000,62672.000000000000000,33390,1593403,12268,871114,44824,2401736
100,3/23/2021 15:00:00,37729,1568460,17305.000000000000000,825747,1553.000000000000000,64225.000000000000000,39282,1632685,18858,889972,56587,2458323
101,3/24/2021 15:00:00,41054,1609514,21143.000000000000000,846890,1381.000000000000000,65606.000000000000000,42435,1675120,22524,912496,63578,2521901
102,3/25/2021 15:00:00,42322,1651836,21004.000000000000000,867894,2457.000000000000000,68063.000000000000000,44779,1719899,23461,935957,65783,2587684
103,3/26/2021 15:00:00,36589,1688425,26261.000000000000000,894155,2498.000000000000000,70561.000000000000000,39087,1758986,28759,964716,65348,2653032
104,3/27/2021 15:00:00,26916,1715341,16772.000000000000000,910927,2484.000000000000000,73045.000000000000000,29400,1788386,19256,983972,46172,2699204
105,3/28/2021 15:00:00,17006,1732347,12607.000000000000000,923534,1615.000000000000000,74660.000000000000000,18621,1807007,14222,998194,31228,2730432
106,3/29/2021 15:00:00,29701,1762048,26214.000000000000000,949748,1140.000000000000000,75800.000000000000000,30841,1837848,27354,1025548,57055,2787487
107,3/30/2021 15:00:00,40017,1802065,28916.000000000000000,978664,1856.000000000000000,77656.000000000000000,41873,1879721,30772,1056320,70789,2858276
108,3/31/2021 15:00:00,41022,1843087,34597.000000000000000,1013261,5749.000000000000000,83405.000000000000000,46771,1926492,40346,1096666,81368,2939644
109,4/1/2021 15:00:00,41084,1884171,39878.000000000000000,1053139,5665.000000000000000,89070.000000000000000,46749,1973241,45543,1142209,86627,3026271
110,4/2/2021 15:00:00,34989,1919160,32492.000000000000000,1085631,6121.000000000000000,95191.000000000000000,41110,2014351,38613,1180822,73602,3099873
111,4/3/2021 15:00:00,21615,1940775,18663.000000000000000,1104294,4367.000000000000000,99558.000000000000000,25982,2040333,23030,1203852,44645,3144518
112,4/4/2021 15:00:00,8244,1949019,10173.000000000000000,1114467,964.000000000000000,100522.000000000000000,9208,2049541,11137,1214989,19381,3163899
113,4/5/2021 15:00:00,27899,1976918,28846.000000000000000,1143313,6653.000000000000000,107175.000000000000000,34552,2084093,35499,1250488,63398,3227297
114,4/6/2021 15:00:00,39736,2016654,30390.000000000000000,1173703,10490.000000000000000,117665.000000000000000,50226,2134319,40880,1291368,80616,3307913
115,4/7/2021 15:00:00,36025,2052679,34194.000000000000000,1207897,12973.000000000000000,130638.000000000000000,48998,2183317,47167,1338535,83192,3391105
116,4/8/2021 15:00:00,42291,2094970,36004.000000000000000,1243901,13852.000000000000000,144490.000000000000000,56143,2239460,49856,1388391,92147,3483252
117,4/9/2021 15:00:00,34001,2128971,36279.000000000000000,1280180,14523.000000000000000,159013.000000000000000,48524,2287984,50802,1439193,84803,3568055
118,4/10/2021 15:00:00,23442,2152413,23092.000000000000000,1303272,7631.000000000000000,166644.000000000000000,31073,2319057,30723,1469916,54165,3622220
119,4/11/2021 15:00:00,17551,2169964,13265.000000000000000,1316537,10123.000000000000000,176767.000000000000000,27674,2346731,23388,1493304,40939,3663159
120,4/12/2021 15:00:00,24571,2194535,33126.000000000000000,1349663,10895.000000000000000,187662.000000000000000,35466,2382197,44021,1537325,68592,3731751
121,4/13/2021 15:00:00,126766,2321301,90565.000000000000000,1440228,3293.000000000000000,190955.000000000000000,130059,2512256,93858,1631183,220624,3952375
122,4/14/2021 15:00:00,40678,2361979,37751.000000000000000,1477979,210.000000000000000,191165.000000000000000,40888,2553144,37961,1669144,78639,4031014
123,4/15/2021 15:00:00,41667,2403646,39154.000000000000000,1517133,172.000000000000000,191337.000000000000000,41839,2594983,39326,1708470,80993,4112007
124,4/16/2021 15:00:00,37191,2440837,38722.000000000000000,1555855,23.000000000000000,191360.000000000000000,37214,2632197,38745,1747215,75936,4187943
125,4/17/2021 15:00:00,32776,2473613,21983.000000000000000,1577838,12.000000000000000,191372.000000000000000,32788,2664985,21995,1769210,54771,4242714
126,4/18/2021 15:00:00,20057,2493670,16171.000000000000000,1594009,5.000000000000000,191377.000000000000000,20062,2685047,16176,1785386,36233,4278947
127,4/19/2021 15:00:00,29882,2523552,36477.000000000000000,1630486,61.000000000000000,191438.000000000000000,29943,2714990,36538,1821924,66420,4345367
128,4/20/2021 15:00:00,33095,2556647,44175.000000000000000,1674661,56.000000000000000,191494.000000000000000,33151,2748141,44231,1866155,77326,4422693
129,4/21/2021 15:00:00,39793,2596440,46963.000000000000000,1721624,22.000000000000000,191516.000000000000000,39815,2787956,46985,1913140,86778,4509471
130,4/22/2021 15:00:00,36398,2632838,42015.000000000000000,1763639,16.000000000000000,191532.000000000000000,36414,2824370,42031,1955171,78429,4587900
131,4/23/2021 15:00:00,33111,2665949,40058.000000000000000,1803697,14.000000000000000,191546.000000000000000,33125,2857495,40072,1995243,73183,4661083
132,4/24/2021 15:00:00,26398,2692347,27838.000000000000000,1831535,81.000000000000000,191627.000000000000000,26479,2883974,27919,2023162,54317,4715400
133,4/25/2021 15:00:00,20214,2712561,10932.000000000000000,1842467,31.000000000000000,191658.000000000000000,20245,2904219,10963,2034125,31177,4746577
134,4/26/2021 15:00:00,27415,2739976,32643.000000000000000,1875110,202.000000000000000,191860.000000000000000,27617,2931836,32845,2066970,60260,4806837
135,4/27/2021 15:00:00,26687,2766663,32998.000000000000000,1908108,1098.000000000000000,192958.000000000000000,27785,2959621,34096,2101066,60783,4867620
136,4/28/2021 15:00:00,28921,2795584,39465.000000000000000,1947573,1362.000000000000000,194320.000000000000000,30283,2989904,40827,2141893,69748,4937368
137,4/29/2021 15:00:00,27294,2822878,39409.000000000000000,1986982,1466.000000000000000,195786.000000000000000,28760,3018664,40875,2182768,68169,5005537
138,4/30/2021 15:00:00,28189,2851067,32163.000000000000000,2019145,1646.000000000000000,197432.000000000000000,29835,3048499,33809,2216577,61998,5067535
139,5/1/2021 15:00:00,20510,2871577,26467.000000000000000,2045612,1034.000000000000000,198466.000000000000000,21544,3070043,27501,2244078,48011,5115546
140,5/2/2021 15:00:00,10277,2881854,17016.000000000000000,2062628,820.000000000000000,199286.000000000000000,11097,3081140,17836,2261914,28113,5143659
141,5/3/2021 15:00:00,12742,2894596,28510.000000000000000,2091138,1912.000000000000000,201198.000000000000000,14654,3095794,30422,2292336,43164,5186823
142,5/4/2021 15:00:00,13564,2908160,38528.000000000000000,2129666,1736.000000000000000,202934.000000000000000,15300,3111094,40264,2332600,53828,5240651
143,5/5/2021 15:00:00,19324,2927484,37680.000000000000000,2167346,1920.000000000000000,204854.000000000000000,21244,3132338,39600,2372200,58924,5299575
144,5/6/2021 15:00:00,16923,2944407,40540.000000000000000,2207886,1721.000000000000000,206575.000000000000000,18644,3150982,42261,2414461,59184,5358759
145,5/7/2021 15:00:00,17415,2961822,36020.000000000000000,2243906,1958.000000000000000,208533.000000000000000,19373,3170355,37978,2452439,55393,5414152
146,5/8/2021 15:00:00,10783,2972605,31198.000000000000000,2275104,1292.000000000000000,209825.000000000000000,12075,3182430,32490,2484929,43273,5457425
147,5/9/2021 15:00:00,5052,2977657,11906.000000000000000,2287010,695.000000000000000,210520.000000000000000,5747,3188177,12601,2497530,17653,5475078
148,5/10/2021 15:00:00,8950,2986607,31012.000000000000000,2318022,1359.000000000000000,211879.000000000000000,10309,3198486,32371,2529901,41321,5516399
149,5/11/2021 15:00:00,12186,2998793,30245.000000000000000,2348267,1437.000000000000000,213316.000000000000000,13623,3212109,31682,2561583,43868,5560267
150,5/12/2021 15:00:00,13944,3012737,38555.000000000000000,2386822,1919.000000000000000,215235.000000000000000,15863,3227972,40474,2602057,54418,5614685
151,5/13/2021 15:00:00,21850,3034587,33422.000000000000000,2420244,1347.000000000000000,216582.000000000000000,23197,3251169,34769,2636826,56619,5671304
152,5/14/2021 15:00:00,24348,3058935,29976.000000000000000,2450220,1774.000000000000000,218356.000000000000000,26122,3277291,31750,2668576,56098,5727402
153,5/15/2021 15:00:00,21901,3080836,25065.000000000000000,2475285,1490.000000000000000,219846.000000000000000,23391,3300682,26555,2695131,48456,5775858
154,5/16/2021 15:00:00,9076,3089912,17554.000000000000000,2492839,1113.000000000000000,220959.000000000000000,10189,3310871,18667,2713798,27743,5803601
155,5/17/2021 15:00:00,16842,3106754,28359.000000000000000,2521198,1949.000000000000000,222908.000000000000000,18791,3329662,30308,2744106,47150,5850751
156,5/18/2021 15:00:00,21244,3127998,30643.000000000000000,2551841,1941.000000000000000,224849.000000000000000,23185,3352847,32584,2776690,53828,5904579
157,5/19/2021 15:00:00,27618,3155616,32391.000000000000000,2584232,1626.000000000000000,226475.000000000000000,29244,3382091,34017,2810707,61635,5966214
158,5/20/2021 15:00:00,20791,3176407,33210.000000000000000,2617442,1970.000000000000000,228445.000000000000000,22761,3404852,35180,2845887,55971,6022185
159,5/21/2021 15:00:00,19158,3195565,30252.000000000000000,2647694,1607.000000000000000,230052.000000000000000,20765,3425617,31859,2877746,51017,6073202
160,5/22/2021 15:00:00,16914,3212479,20652.000000000000000,2668346,1270.000000000000000,231322.000000000000000,18184,3443801,21922,2899668,38836,6112038
161,5/23/2021 15:00:00,8752,3221231,11423.000000000000000,2679769,964.000000000000000,232286.000000000000000,9716,3453517,12387,2912055,21139,6133177
162,5/24/2021 15:00:00,13561,3234792,17734.000000000000000,2697503,1475.000000000000000,233761.000000000000000,15036,3468553,19209,2931264,32770,6165947
163,5/25/2021 15:00:00,12992,3247784,18657.000000000000000,2716160,1329.000000000000000,235090.000000000000000,14321,3482874,19986,2951250,32978,6198925
164,5/26/2021 15:00:00,18280,3266064,19435.000000000000000,2735595,1512.000000000000000,236602.000000000000000,19792,3502666,20947,2972197,39227,6238152
165,5/27/2021 15:00:00,11682,3277746,18628.000000000000000,2754223,1116.000000000000000,237718.000000000000000,12798,3515464,19744,2991941,31426,6269578
166,5/28/2021 15:00:00,12500,3290246,19708.000000000000000,2773931,1400.000000000000000,239118.000000000000000,13900,3529364,21108,3013049,33608,6303186
167,5/29/2021 15:00:00,9551,3299797,11638.000000000000000,2785569,935.000000000000000,240053.000000000000000,10486,3539850,12573,3025622,22124,6325310
168,5/30/2021 15:00:00,4964,3304761,6416.000000000000000,2791985,596.000000000000000,240649.000000000000000,5560,3545410,7012,3032634,11976,6337286
169,5/31/2021 15:00:00,1773,3306534,3705.000000000000000,2795690,305.000000000000000,240954.000000000000000,2078,3547488,4010,3036644,5783,6343069
170,6/1/2021 15:00:00,9780,3316314,16343.000000000000000,2812033,1153.000000000000000,242107.000000000000000,10933,3558421,17496,3054140,27276,6370345
171,6/2/2021 15:00:00,10228,3326542,16775.000000000000000,2828808,959.000000000000000,243066.000000000000000,11187,3569608,17734,3071874,27962,6398307
172,6/3/2021 15:00:00,7898,3334440,21151.000000000000000,2849959,1086.000000000000000,244152.000000000000000,8984,3578592,22237,3094111,30135,6428442
173,6/4/2021 15:00:00,8200,3342640,22262.000000000000000,2872221,1121.000000000000000,245273.000000000000000,9321,3587913,23383,3117494,31583,6460025
174,6/5/2021 15:00:00,7014,3349654,19410.000000000000000,2891631,720.000000000000000,245993.000000000000000,7734,3595647,20130,3137624,27144,6487169
175,6/6/2021 15:00:00,3464,3353118,7223.000000000000000,2898854,423.000000000000000,246416.000000000000000,3887,3599534,7646,3145270,11110,6498279
176,6/7/2021 15:00:00,6854,3359972,15735.000000000000000,2914589,725.000000000000000,247141.000000000000000,7579,3607113,16460,3161730,23314,6521593
177,6/8/2021 15:00:00,6670,3366642,19669.000000000000000,2934258,829.000000000000000,247970.000000000000000,7499,3614612,20498,3182228,27168,6548761
178,6/9/2021 15:00:00,8192,3374834,23910.000000000000000,2958168,969.000000000000000,248939.000000000000000,9161,3623773,24879,3207107,33071,6581832
179,6/10/2021 15:00:00,7147,3381981,19086.000000000000000,2977254,895.000000000000000,249834.000000000000000,8042,3631815,19981,3227088,27128,6608960
180,6/11/2021 15:00:00,7466,3389447,17699.000000000000000,2994953,1125.000000000000000,250959.000000000000000,8591,3640406,18824,3245912,26290,6635250
181,6/12/2021 15:00:00,5229,3394676,14737.000000000000000,3009690,604.000000000000000,251563.000000000000000,5833,3646239,15341,3261253,20570,6655820
182,6/13/2021 15:00:00,1931,3396607,7558.000000000000000,3017248,427.000000000000000,251990.000000000000000,2358,3648597,7985,3269238,9916,6665736
183,6/14/2021 15:00:00,5654,3402261,11803.000000000000000,3029051,734.000000000000000,252724.000000000000000,6388,3654985,12537,3281775,18191,6683927
184,6/15/2021 15:00:00,5650,3407911,14298.000000000000000,3043349,872.000000000000000,253596.000000000000000,6522,3661507,15170,3296945,20820,6704747
185,6/16/2021 15:00:00,8748,3416659,21556.000000000000000,3064905,757.000000000000000,254353.000000000000000,9505,3671012,22313,3319258,31061,6735808
186,6/17/2021 15:00:00,6681,3423340,12343.000000000000000,3077248,720.000000000000000,255073.000000000000000,7401,3678413,13063,3332321,19744,6755552
187,6/18/2021 15:00:00,6834,3430174,12699.000000000000000,3089947,702.000000000000000,255775.000000000000000,7536,3685949,13401,3345722,20235,6775787
188,6/19/2021 15:00:00,4662,3434836,9354.000000000000000,3099301,613.000000000000000,256388.000000000000000,5275,3691224,9967,3355689,14629,6790416
189,6/20/2021 15:00:00,2505,3437341,5037.000000000000000,3104338,378.000000000000000,256766.000000000000000,2883,3694107,5415,3361104,7920,6798336
190,6/21/2021 15:00:00,5555,3442896,5318.000000000000000,3109656,636.000000000000000,257402.000000000000000,6191,3700298,5954,3367058,11509,6809845
191,6/22/2021 15:00:00,5194,3448090,8850.000000000000000,3118506,682.000000000000000,258084.000000000000000,5876,3706174,9532,3376590,14726,6824571
192,6/23/2021 15:00:00,6063,3454153,10300.000000000000000,3128806,646.000000000000000,258730.000000000000000,6709,3712883,10946,3387536,17009,6841580
193,6/24/2021 15:00:00,5928,3460081,8183.000000000000000,3136989,594.000000000000000,259324.000000000000000,6522,3719405,8777,3396313,14705,6856285
194,6/25/2021 15:00:00,5827,3465908,8619.000000000000000,3145608,620.000000000000000,259944.000000000000000,6447,3725852,9239,3405552,15066,6871351
195,6/26/2021 15:00:00,3700,3469608,6293.000000000000000,3151901,396.000000000000000,260340.000000000000000,4096,3729948,6689,3412241,10389,6881740
196,6/27/2021 15:00:00,2810,3472418,3516.000000000000000,3155417,185.000000000000000,260525.000000000000000,2995,3732943,3701,3415942,6511,6888251
197,6/28/2021 15:00:00,4733,3477151,6084.000000000000000,3161501,523.000000000000000,261048.000000000000000,5256,3738199,6607,3422549,11340,6899591
198,6/29/2021 15:00:00,5058,3482209,6450.000000000000000,3167951,519.000000000000000,261567.000000000000000,5577,3743776,6969,3429518,12027,6911618
199,6/30/2021 15:00:00,5607,3487816,7366.000000000000000,3175317,605.000000000000000,262172.000000000000000,6212,3749988,7971,3437489,13578,6925196
200,7/1/2021 15:00:00,5353,3493169,6923.000000000000000,3182240,495.000000000000000,262667.000000000000000,5848,3755836,7418,3444907,12771,6937967
201,7/2/2021 15:00:00,5282,3498451,6815.000000000000000,3189055,521.000000000000000,263188.000000000000000,5803,3761639,7336,3452243,12618,6950585
202,7/3/2021 15:00:00,3262,3501713,4053.000000000000000,3193108,265.000000000000000,263453.000000000000000,3527,3765166,4318,3456561,7580,6958165
203,7/4/2021 15:00:00,492,3502205,545.000000000000000,3193653,67.000000000000000,263520.000000000000000,559,3765725,612,3457173,1104,6959269
204,7/5/2021 15:00:00,3758,3505963,3945.000000000000000,3197598,287.000000000000000,263807.000000000000000,4045,3769770,4232,3461405,7990,6967259
205,7/6/2021 15:00:00,4479,3510442,6234.000000000000000,3203832,452.000000000000000,264259.000000000000000,4931,3774701,6686,3468091,11165,6978424
206,7/7/2021 15:00:00,4460,3514902,6382.000000000000000,3210214,482.000000000000000,264741.000000000000000,4942,3779643,6864,3474955,11324,6989748
207,7/8/2021 15:00:00,4827,3519729,6143.000000000000000,3216357,564.000000000000000,265305.000000000000000,5391,3785034,6707,3481662,11534,7001282
208,7/9/2021 15:00:00,5347,3525076,6632.000000000000000,3222989,572.000000000000000,265877.000000000000000,5919,3790953,7204,3488866,12551,7013833
209,7/10/2021 15:00:00,3523,3528599,4386.000000000000000,3227375,302.000000000000000,266179.000000000000000,3825,3794778,4688,3493554,8211,7022044
210,7/11/2021 15:00:00,2669,3531268,2564.000000000000000,3229939,224.000000000000000,266403.000000000000000,2893,3797671,2788,3496342,5457,7027501
211,7/12/2021 15:00:00,4414,3535682,5099.000000000000000,3235038,377.000000000000000,266780.000000000000000,4791,3802462,5476,3501818,9890,7037391
212,7/13/2021 15:00:00,4761,3540443,4594.000000000000000,3239632,366.000000000000000,267146.000000000000000,5127,3807589,4960,3506778,9721,7047112
213,7/14/2021 15:00:00,4611,3545054,5250.000000000000000,3244882,421.000000000000000,267567.000000000000000,5032,3812621,5671,3512449,10282,7057394
214,7/15/2021 15:00:00,4883,3549937,4992.000000000000000,3249874,357.000000000000000,267924.000000000000000,5240,3817861,5349,3517798,10232,7067626
215,7/16/2021 15:00:00,6279,3556216,5813.000000000000000,3255687,401.000000000000000,268325.000000000000000,6680,3824541,6214,3524012,12493,7080119
216,7/17/2021 15:00:00,3409,3559625,3541.000000000000000,3259228,300.000000000000000,268625.000000000000000,3709,3828250,3841,3527853,7250,7087369
217,7/18/2021 15:00:00,2305,3561930,2370.000000000000000,3261598,110.000000000000000,268735.000000000000000,2415,3830665,2480,3530333,4785,7092154
218,7/19/2021 15:00:00,5256,3567186,4469.000000000000000,3266067,379.000000000000000,269114.000000000000000,5635,3836300,4848,3535181,10104,7102258
219,7/20/2021 15:00:00,5328,3572514,4685.000000000000000,3270752,366.000000000000000,269480.000000000000000,5694,3841994,5051,3540232,10379,7112637
220,7/21/2021 15:00:00,5637,3578151,4912.000000000000000,3275664,415.000000000000000,269895.000000000000000,6052,3848046,5327,3545559,10964,7123601
221,7/22/2021 15:00:00,6013,3584164,4604.000000000000000,3280268,469.000000000000000,270364.000000000000000,6482,3854528,5073,3550632,11086,7134687
222,7/23/2021 15:00:00,6833,3590997,4819.000000000000000,3285087,491.000000000000000,270855.000000000000000,7324,3861852,5310,3555942,12143,7146830
223,7/24/2021 15:00:00,4277,3595274,3194.000000000000000,3288281,267.000000000000000,271122.000000000000000,4544,3866396,3461,3559403,7738,7154568
224,7/25/2021 15:00:00,3290,3598564,1111.000000000000000,3289392,138.000000000000000,271260.000000000000000,3428,3869824,1249,3560652,4539,7159107
225,7/26/2021 15:00:00,6197,3604761,3887.000000000000000,3293279,418.000000000000000,271678.000000000000000,6615,3876439,4305,3564957,10502,7169609
226,7/27/2021 15:00:00,6347,3611108,4052.000000000000000,3297331,455.000000000000000,272133.000000000000000,6802,3883241,4507,3569464,10854,7180463
227,7/28/2021 15:00:00,6801,3617909,3999.000000000000000,3301330,458.000000000000000,272591.000000000000000,7259,3890500,4457,3573921,11258,7191721
228,7/29/2021 15:00:00,6800,3624709,4141.000000000000000,3305471,416.000000000000000,273007.000000000000000,7216,3897716,4557,3578478,11357,7203078
229,7/30/2021 15:00:00,7537,3632246,4508.000000000000000,3309979,523.000000000000000,273530.000000000000000,8060,3905776,5031,3583509,12568,7215646
230,7/31/2021 15:00:00,4781,3637027,3037.000000000000000,3313016,273.000000000000000,273803.000000000000000,5054,3910830,3310,3586819,8091,7223737
231,8/1/2021 15:00:00,3830,3640857,2118.000000000000000,3315134,160.000000000000000,273963.000000000000000,3990,3914820,2278,3589097,6108,7229845
232,8/2/2021 15:00:00,7021,3647878,3636.000000000000000,3318770,336.000000000000000,274299.000000000000000,7357,3922177,3972,3593069,10993,7240838
233,8/3/2021 15:00:00,7000,3654878,3894.000000000000000,3322664,511.000000000000000,274810.000000000000000,7511,3929688,4405,3597474,11405,7252243
234,8/4/2021 15:00:00,7158,3662036,3894.000000000000000,3326558,528.000000000000000,275338.000000000000000,7686,3937374,4422,3601896,11580,7263823
235,8/5/2021 15:00:00,7678,3669714,4111.000000000000000,3330669,537.000000000000000,275875.000000000000000,8215,3945589,4648,3606544,12326,7276149
236,8/6/2021 15:00:00,8293,3678007,4689.000000000000000,3335358,452.000000000000000,276327.000000000000000,8745,3954334,5141,3611685,13434,7289583
237,8/7/2021 15:00:00,5256,3683263,2803.000000000000000,3338161,264.000000000000000,276591.000000000000000,5520,3959854,3067,3614752,8323,7297906
238,8/8/2021 15:00:00,3944,3687207,2042.000000000000000,3340203,143.000000000000000,276734.000000000000000,4087,3963941,2185,3616937,6129,7304035
239,8/9/2021 15:00:00,6920,3694127,4509.000000000000000,3344712,367.000000000000000,277101.000000000000000,7287,3971228,4876,3621813,11796,7315831
240,8/10/2021 15:00:00,7122,3701249,4439.000000000000000,3349151,338.000000000000000,277439.000000000000000,7460,3978688,4777,3626590,11899,7327730
241,8/11/2021 15:00:00,7043,3708292,4419.000000000000000,3353570,440.000000000000000,277879.000000000000000,7483,3986171,4859,3631449,11902,7339632
242,8/12/2021 15:00:00,8590,3716882,4717.000000000000000,3358287,443.000000000000000,278322.000000000000000,9033,3995204,5160,3636609,13750,7353382
243,8/13/2021 15:00:00,7130,3724012,5352.000000000000000,3363639,394.000000000000000,278716.000000000000000,7524,4002728,5746,3642355,12876,7366258
244,8/14/2021 15:00:00,4910,3728922,3337.000000000000000,3366976,285.000000000000000,279001.000000000000000,5195,4007923,3622,3645977,8532,7374790
245,8/15/2021 15:00:00,3319,3732241,2729.000000000000000,3369705,163.000000000000000,279164.000000000000000,3482,4011405,2892,3648869,6211,7381001
246,8/16/2021 15:00:00,5430,3737671,5070.000000000000000,3374775,352.000000000000000,279516.000000000000000,5782,4017187,5422,3654291,10852,7391853
247,8/17/2021 15:00:00,6958,3744629,5174.000000000000000,3379949,389.000000000000000,279905.000000000000000,7347,4024534,5563,3659854,12521,7404374
248,8/18/2021 15:00:00,6498,3751127,5291.000000000000000,3385240,477.000000000000000,280382.000000000000000,6975,4031509,5768,3665622,12266,7416640
249,8/19/2021 15:00:00,5985,3757112,5314.000000000000000,3390554,415.000000000000000,280797.000000000000000,6400,4037909,5729,3671351,11714,7428354
250,8/20/2021 15:00:00,7029,3764141,6321.000000000000000,3396875,402.000000000000000,281199.000000000000000,7431,4045340,6723,3678074,13752,7442106
251,8/21/2021 15:00:00,4317,3768458,3913.000000000000000,3400788,227.000000000000000,281426.000000000000000,4544,4049884,4140,3682214,8457,7450563
252,8/22/2021 15:00:00,3060,3771518,3158.000000000000000,3403946,110.000000000000000,281536.000000000000000,3170,4053054,3268,3685482,6328,7456891
253,8/23/2021 15:00:00,6166,3777684,5914.000000000000000,3409860,285.000000000000000,281821.000000000000000,6451,4059505,6199,3691681,12365,7469256
254,8/24/2021 15:00:00,6644,3784328,5867.000000000000000,3415727,424.000000000000000,282245.000000000000000,7068,4066573,6291,3697972,12935,7482191
255,8/25/2021 15:00:00,6912,3791240,6013.000000000000000,3421740,439.000000000000000,282684.000000000000000,7351,4073924,6452,3704424,13364,7495555
256,8/26/2021 15:00:00,7179,3798419,6426.000000000000000,3428166,427.000000000000000,283111.000000000000000,7606,4081530,6853,3711277,14032,7509587
257,8/27/2021 15:00:00,6868,3805287,7011.000000000000000,3435177,316.000000000000000,283427.000000000000000,7184,4088714,7327,3718604,14195,7523782
258,8/28/2021 15:00:00,6906,3812193,6494.000000000000000,3441671,325.000000000000000,283752.000000000000000,7231,4095945,6819,3725423,13725,7537507
259,8/29/2021 15:00:00,3736,3815929,3677.000000000000000,3445348,611.000000000000000,284363.000000000000000,4347,4100292,4288,3729711,8024,7545531
260,8/30/2021 15:00:00,5942,3821871,6092.000000000000000,3451440,960.000000000000000,285323.000000000000000,6902,4107194,7052,3736763,12994,7558525
261,8/31/2021 15:00:00,5700,3827571,5914.000000000000000,3457354,945.000000000000000,286268.000000000000000,6645,4113839,6859,3743622,12559,7571084
262,9/1/2021 15:00:00,5559,3833130,5587.000000000000000,3462941,910.000000000000000,287178.000000000000000,6469,4120308,6497,3750119,12056,7583140
263,9/2/2021 15:00:00,5524,3838654,5896.000000000000000,3468837,703.000000000000000,287881.000000000000000,6227,4126535,6599,3756718,12123,7595263
264,9/3/2021 15:00:00,6000,3844654,6880.000000000000000,3475717,971.000000000000000,288852.000000000000000,6971,4133506,7851,3764569,13851,7609114
265,9/4/2021 15:00:00,3716,3848370,4333.000000000000000,3480050,879.000000000000000,289731.000000000000000,4595,4138101,5212,3769781,8928,7618042
266,9/5/2021 15:00:00,2956,3851326,2800.000000000000000,3482850,105.000000000000000,289836.000000000000000,3061,4141162,2905,3772686,5861,7623903
267,9/6/2021 15:00:00,1057,3852383,1147.000000000000000,3483997,63.000000000000000,289899.000000000000000,1120,4142282,1210,3773896,2267,7626170
268,9/7/2021 15:00:00,5344,3857727,7257.000000000000000,3491254,2304.000000000000000,292203.000000000000000,7648,4149930,9561,3783457,14905,7641075
269,9/8/2021 15:00:00,4664,3862391,5438.000000000000000,3496692,365.000000000000000,292568.000000000000000,5029,4154959,5803,3789260,10467,7651542
270,9/9/2021 15:00:00,5084,3867475,5355.000000000000000,3502047,324.000000000000000,292892.000000000000000,5408,4160367,5679,3794939,10763,7662305
271,9/10/2021 15:00:00,6545,3874020,6594.000000000000000,3508641,1716.000000000000000,294608.000000000000000,8261,4168628,8310,3803249,14855,7677160
272,9/11/2021 15:00:00,4167,3878187,4320.000000000000000,3512961,663.000000000000000,295271.000000000000000,4830,4173458,4983,3808232,9150,7686310
273,9/12/2021 15:00:00,3164,3881351,3229.000000000000000,3516190,436.000000000000000,295707.000000000000000,3600,4177058,3665,3811897,6829,7693139
274,9/13/2021 15:00:00,4669,3886020,4844.000000000000000,3521034,346.000000000000000,296053.000000000000000,5015,4182073,5190,3817087,9859,7702998
275,9/14/2021 15:00:00,4585,3890605,5190.000000000000000,3526224,434.000000000000000,296487.000000000000000,5019,4187092,5624,3822711,10209,7713207
276,9/15/2021 15:00:00,4849,3895454,5604.000000000000000,3531828,388.000000000000000,296875.000000000000000,5237,4192329,5992,3828703,10841,7724048
277,9/16/2021 15:00:00,4587,3900041,5613.000000000000000,3537441,335.000000000000000,297210.000000000000000,4922,4197251,5948,3834651,10535,7734583
278,9/17/2021 15:00:00,5042,3905083,6332.000000000000000,3543773,342.000000000000000,297552.000000000000000,5384,4202635,6674,3841325,11716,7746299
279,9/18/2021 15:00:00,3788,3908871,4559.000000000000000,3548332,185.000000000000000,297737.000000000000000,3973,4206608,4744,3846069,8532,7754831
280,9/19/2021 15:00:00,2742,3911613,3157.000000000000000,3551489,75.000000000000000,297812.000000000000000,2817,4209425,3232,3849301,5974,7760805
281,9/20/2021 15:00:00,3559,3915172,4467.000000000000000,3555956,430.000000000000000,298242.000000000000000,3989,4213414,4897,3854198,8456,7769261
282,9/21/2021 15:00:00,3808,3918980,4811.000000000000000,3560767,326.000000000000000,298568.000000000000000,4134,4217548,5137,3859335,8945,7778206
283,9/22/2021 15:00:00,4199,3923179,4750.000000000000000,3565517,459.000000000000000,299027.000000000000000,4658,4222206,5209,3864544,9408,7787614
284,9/23/2021 15:00:00,4183,3927362,4693.000000000000000,3570210,492.000000000000000,299519.000000000000000,4675,4226881,5185,3869729,9368,7796982
285,9/24/2021 15:00:00,5092,3932454,5575.000000000000000,3575785,422.000000000000000,299941.000000000000000,5514,4232395,5997,3875726,11089,7808071
286,9/25/2021 15:00:00,3629,3936083,3623.000000000000000,3579408,385.000000000000000,300326.000000000000000,4014,4236409,4008,3879734,7637,7815708
287,9/26/2021 15:00:00,2360,3938443,2657.000000000000000,3582065,423.000000000000000,300749.000000000000000,2783,4239192,3080,3882814,5440,7821148
288,9/27/2021 15:00:00,4517,3942960,2691.000000000000000,3584756,509.000000000000000,301258.000000000000000,5026,4244218,3200,3886014,7717,7828865
289,9/28/2021 15:00:00,4408,3947368,4439.000000000000000,3589195,211.000000000000000,301469.000000000000000,4619,4248837,4650,3890664,9058,7837923
290,9/29/2021 15:00:00,4710,3952078,4500.000000000000000,3593695,918.000000000000000,302387.000000000000000,5628,4254465,5418,3896082,10128,7848051
291,9/30/2021 15:00:00,4889,3956967,4555.000000000000000,3598250,792.000000000000000,303179.000000000000000,5681,4260146,5347,3901429,10236,7858287
292,10/1/2021 15:00:00,5480,3962447,5288.000000000000000,3603538,778.000000000000000,303957.000000000000000,6258,4266404,6066,3907495,11546,7869833
293,10/2/2021 15:00:00,2939,3965386,2889.000000000000000,3606427,187.000000000000000,304144.000000000000000,3126,4269530,3076,3910571,6015,7875848
294,10/3/2021 15:00:00,2082,3967468,2376.000000000000000,3608803,86.000000000000000,304230.000000000000000,2168,4271698,2462,3913033,4544,7880392
295,10/4/2021 15:00:00,4155,3971623,3371.000000000000000,3612174,233.000000000000000,304463.000000000000000,4388,4276086,3604,3916637,7759,7888151
296,10/5/2021 15:00:00,4059,3975682,3570.000000000000000,3615744,207.000000000000000,304670.000000000000000,4266,4280352,3777,3920414,7836,7895987
297,10/6/2021 15:00:00,4125,3979807,3490.000000000000000,3619234,264.000000000000000,304934.000000000000000,4389,4284741,3754,3924168,7879,7903866
298,10/7/2021 15:00:00,4370,3984177,3507.000000000000000,3622741,331.000000000000000,305265.000000000000000,4701,4289442,3838,3928006,8208,7912074
299,10/8/2021 15:00:00,4949,3989126,4122.000000000000000,3626863,283.000000000000000,305548.000000000000000,5232,4294674,4405,3932411,9354,7921428
300,10/9/2021 15:00:00,2687,3991813,2671.000000000000000,3629534,271.000000000000000,305819.000000000000000,2958,4297632,2942,3935353,5629,7927057
301,10/10/2021 15:00:00,1865,3993678,1846.000000000000000,3631380,59.000000000000000,305878.000000000000000,1924,4299556,1905,3937258,3770,7930827
302,10/11/2021 15:00:00,4372,3998050,3191.000000000000000,3634571,248.000000000000000,306126.000000000000000,4620,4304176,3439,3940697,7811,7938638
303,10/12/2021 15:00:00,3727,4001777,3403.000000000000000,3637974,270.000000000000000,306396.000000000000000,3997,4308173,3673,3944370,7400,7946038
304,10/13/2021 15:00:00,3983,4005760,3444.000000000000000,3641418,347.000000000000000,306743.000000000000000,4330,4312503,3791,3948161,7774,7953812
305,10/14/2021 15:00:00,5188,4010948,5476.000000000000000,3646894,429.000000000000000,307172.000000000000000,5617,4318120,5905,3954066,11093,7964905
306,10/15/2021 15:00:00,4734,4015682,4582.000000000000000,3651476,347.000000000000000,307519.000000000000000,5081,4323201,4929,3958995,9663,7974568
307,10/16/2021 15:00:00,2504,4018186,2502.000000000000000,3653978,291.000000000000000,307810.000000000000000,2795,4325996,2793,3961788,5297,7979865
308,10/17/2021 15:00:00,1810,4019996,1773.000000000000000,3655751,55.000000000000000,307865.000000000000000,1865,4327861,1828,3963616,3638,7983503
309,10/18/2021 15:00:00,4312,4024308,3570.000000000000000,3659321,267.000000000000000,308132.000000000000000,4579,4332440,3837,3967453,8149,7991652
310,10/19/2021 15:00:00,4322,4028630,4033.000000000000000,3663354,222.000000000000000,308354.000000000000000,4544,4336984,4255,3971708,8577,8000229
311,10/20/2021 15:00:00,3544,4032174,3424.000000000000000,3666778,254.000000000000000,308608.000000000000000,3798,4340782,3678,3975386,7222,8007451
312,10/21/2021 15:00:00,3312,4035486,3260.000000000000000,3670038,290.000000000000000,308898.000000000000000,3602,4344384,3550,3978936,6862,8014313
313,10/22/2021 15:00:00,4701,4040187,4039.000000000000000,3674077,475.000000000000000,309373.000000000000000,5176,4349560,4514,3983450,9215,8023528
314,10/23/2021 15:00:00,2904,4043091,2126.000000000000000,3676203,321.000000000000000,309694.000000000000000,3225,4352785,2447,3985897,5351,8028879
315,10/24/2021 15:00:00,2062,4045153,1559.000000000000000,3677762,78.000000000000000,309772.000000000000000,2140,4354925,1637,3987534,3699,8032578
316,10/25/2021 15:00:00,4552,4049705,3116.000000000000000,3680878,317.000000000000000,310089.000000000000000,4869,4359794,3433,3990967,7985,8040563
317,10/26/2021 15:00:00,4521,4054226,3146.000000000000000,3684024,311.000000000000000,310400.000000000000000,4832,4364626,3457,3994424,7978,8048541
318,10/27/2021 15:00:00,4744,4058970,3398.000000000000000,3687422,429.000000000000000,310829.000000000000000,5173,4369799,3827,3998251,8571,8057112
319,10/28/2021 15:00:00,4571,4063541,3433.000000000000000,3690855,495.000000000000000,311324.000000000000000,5066,4374865,3928,4002179,8499,8065611
320,10/29/2021 15:00:00,4982,4068523,3947.000000000000000,3694802,393.000000000000000,311717.000000000000000,5375,4380240,4340,4006519,9322,8074933
321,10/30/2021 15:00:00,2631,4071154,1859.000000000000000,3696661,308.000000000000000,312025.000000000000000,2939,4383179,2167,4008686,4798,8079731
322,10/31/2021 15:00:00,1952,4073106,1515.000000000000000,3698176,93.000000000000000,312118.000000000000000,2045,4385224,1608,4010294,3560,8083291
323,11/1/2021 15:00:00,4655,4077761,3479.000000000000000,3701655,339.000000000000000,312457.000000000000000,4994,4390218,3818,4014112,8473,8091764
324,11/2/2021 15:00:00,4253,4082014,3028.000000000000000,3704683,405.000000000000000,312862.000000000000000,4658,4394876,3433,4017545,7686,8099450
325,11/3/2021 15:00:00,4671,4086685,3133.000000000000000,3707816,460.000000000000000,313322.000000000000000,5131,4400007,3593,4021138,8264,8107714
326,11/4/2021 15:00:00,6295,4092980,3424.000000000000000,3711240,513.000000000000000,313835.000000000000000,6808,4406815,3937,4025075,10232,8117946
327,11/5/2021 15:00:00,8183,4101163,3842.000000000000000,3715082,407.000000000000000,314242.000000000000000,8590,4415405,4249,4029324,12432,8130378
328,11/6/2021 15:00:00,10059,4111222,1994.000000000000000,3717076,305.000000000000000,314547.000000000000000,10364,4425769,2299,4031623,12358,8142736
329,11/7/2021 15:00:00,7699,4118921,1478.000000000000000,3718554,94.000000000000000,314641.000000000000000,7793,4433562,1572,4033195,9271,8152007
330,11/8/2021 15:00:00,11284,4130205,3112.000000000000000,3721666,377.000000000000000,315018.000000000000000,11661,4445223,3489,4036684,14773,8166780
331,11/9/2021 15:00:00,11769,4141974,2715.000000000000000,3724381,268.000000000000000,315286.000000000000000,12037,4457260,2983,4039667,14752,8181532
332,11/10/2021 15:00:00,12561,4154535,2833.000000000000000,3727214,336.000000000000000,315622.000000000000000,12897,4470157,3169,4042836,15730,8197262
333,11/11/2021 15:00:00,11321,4165856,2464.000000000000000,3729678,281.000000000000000,315903.000000000000000,11602,4481759,2745,4045581,14066,8211328
334,11/12/2021 15:00:00,12252,4178108,3443.000000000000000,3733121,548.000000000000000,316451.000000000000000,12800,4494559,3991,4049572,16243,8227571
335,11/13/2021 15:00:00,9737,4187845,1606.000000000000000,3734727,341.000000000000000,316792.000000000000000,10078,4504637,1947,4051519,11684,8239255
336,11/14/2021 15:00:00,3915,4191760,1132.000000000000000,3735859,121.000000000000000,316913.000000000000000,4036,4508673,1253,4052772,5168,8244423
337,11/15/2021 15:00:00,8593,4200353,2620.000000000000000,3738479,205.000000000000000,317118.000000000000000,8798,4517471,2825,4055597,11418,8255841
338,11/16/2021 15:00:00,9218,4209571,2599.000000000000000,3741078,254.000000000000000,317372.000000000000000,9472,4526943,2853,4058450,12071,8267912
339,11/17/2021 15:00:00,9369,4218940,2961.000000000000000,3744039,312.000000000000000,317684.000000000000000,9681,4536624,3273,4061723,12642,8280554
340,11/18/2021 15:00:00,9268,4228208,2709.000000000000000,3746748,480.000000000000000,318164.000000000000000,9748,4546372,3189,4064912,12457,8293011
341,11/19/2021 15:00:00,9780,4237988,3017.000000000000000,3749765,383.000000000000000,318547.000000000000000,10163,4556535,3400,4068312,13180,8306191
342,11/20/2021 15:00:00,10624,4248612,1619.000000000000000,3751384,453.000000000000000,319000.000000000000000,11077,4567612,2072,4070384,12696,8318887
343,11/21/2021 15:00:00,4352,4252964,1207.000000000000000,3752591,99.000000000000000,319099.000000000000000,4451,4572063,1306,4071690,5658,8324545
344,11/22/2021 15:00:00,9769,4262733,2571.000000000000000,3755162,292.000000000000000,319391.000000000000000,10061,4582124,2863,4074553,12632,8337177
345,11/23/2021 15:00:00,9167,4271900,2496.000000000000000,3757658,280.000000000000000,319671.000000000000000,9447,4591571,2776,4077329,11943,8349120
346,11/24/2021 15:00:00,8098,4279998,2540.000000000000000,3760198,216.000000000000000,319887.000000000000000,8314,4599885,2756,4080085,10854,8359974
347,11/25/2021 15:00:00,238,4280236,77.000000000000000,3760275,9.000000000000000,319896.000000000000000,247,4600132,86,4080171,324,8360298
348,11/26/2021 15:00:00,5677,4285913,4049.000000000000000,3764324,152.000000000000000,320048.000000000000000,5829,4605961,4201,4084372,9878,8370176
349,11/27/2021 15:00:00,3780,4289693,5444.000000000000000,3769768,134.000000000000000,320182.000000000000000,3914,4609875,5578,4089950,9358,8379534
350,11/28/2021 15:00:00,2424,4292117,6360.000000000000000,3776128,77.000000000000000,320259.000000000000000,2501,4612376,6437,4096387,8861,8388395
351,11/29/2021 15:00:00,6362,4298479,9309.000000000000000,3785437,379.000000000000000,320638.000000000000000,6741,4619117,9688,4106075,16050,8404445
352,11/30/2021 15:00:00,6179,4304658,9332.000000000000000,3794769,264.000000000000000,320902.000000000000000,6443,4625560,9596,4115671,15775,8420220
353,12/1/2021 15:00:00,7168,4311826,9595.000000000000000,3804364,305.000000000000000,321207.000000000000000,7473,4633033,9900,4125571,17068,8437288
354,12/2/2021 15:00:00,6812,4318638,8745.000000000000000,3813109,447.000000000000000,321654.000000000000000,7259,4640292,9192,4134763,16004,8453292
355,12/3/2021 15:00:00,7442,4326080,9006.000000000000000,3822115,247.000000000000000,321901.000000000000000,7689,4647981,9253,4144016,16695,8469987
356,12/4/2021 15:00:00,5832,4331912,9548.000000000000000,3831663,455.000000000000000,322356.000000000000000,6287,4654268,10003,4154019,15835,8485822
357,12/5/2021 15:00:00,3359,4335271,3066.000000000000000,3834729,74.000000000000000,322430.000000000000000,3433,4657701,3140,4157159,6499,8492321
358,12/6/2021 15:00:00,6489,4341760,6924.000000000000000,3841653,266.000000000000000,322696.000000000000000,6755,4664456,7190,4164349,13679,8506000
359,12/7/2021 15:00:00,6134,4347894,6692.000000000000000,3848345,240.000000000000000,322936.000000000000000,6374,4670830,6932,4171281,13066,8519066
360,12/8/2021 15:00:00,6653,4354547,7107.000000000000000,3855452,309.000000000000000,323245.000000000000000,6962,4677792,7416,4178697,14069,8533135
361,12/9/2021 15:00:00,6220,4360767,6746.000000000000000,3862198,394.000000000000000,323639.000000000000000,6614,4684406,7140,4185837,13360,8546495
362,12/10/2021 15:00:00,6924,4367691,6990.000000000000000,3869188,226.000000000000000,323865.000000000000000,7150,4691556,7216,4193053,14140,8560635
363,12/11/2021 15:00:00,4270,4371961,7128.000000000000000,3876316,330.000000000000000,324195.000000000000000,4600,4696156,7458,4200511,11728,8572363
364,12/12/2021 15:00:00,3949,4375910,2760.000000000000000,3879076,57.000000000000000,324252.000000000000000,4006,4700162,2817,4203328,6766,8579129
365,12/13/2021 15:00:00,5502,4381412,5584.000000000000000,3884660,235.000000000000000,324487.000000000000000,5737,4705899,5819,4209147,11321,8590450
366,12/14/2021 15:00:00,6196,4387608,5769.000000000000000,3890429,203.000000000000000,324690.000000000000000,6399,4712298,5972,4215119,12168,8602618
367,12/15/2021 15:00:00,6808,4394416,5468.000000000000000,3895897,240.000000000000000,324930.000000000000000,7048,4719346,5708,4220827,12516,8615134
368,12/16/2021 15:00:00,7521,4401937,2746.000000000000000,3898643,413.000000000000000,325343.000000000000000,7934,4727280,3159,4223986,10680,8625814
369,12/17/2021 15:00:00,7460,4409397,3998.000000000000000,3902641,174.000000000000000,325517.000000000000000,7634,4734914,4172,4228158,11632,8637446
370,12/18/2021 15:00:00,5605,4415002,3069.000000000000000,3905710,294.000000000000000,325811.000000000000000,5899,4740813,3363,4231521,8968,8646414
371,12/19/2021 15:00:00,3292,4418294,1279.000000000000000,3906989,35.000000000000000,325846.000000000000000,3327,4744140,1314,4232835,4606,8651020
372,12/20/2021 15:00:00,7787,4426081,3664.000000000000000,3910653,149.000000000000000,325995.000000000000000,7936,4752076,3813,4236648,11600,8662620
373,12/21/2021 15:00:00,8605,4434686,4080.000000000000000,3914733,158.000000000000000,326153.000000000000000,8763,4760839,4238,4240886,12843,8675463
374,12/22/2021 15:00:00,8191,4442877,3716.000000000000000,3918449,169.000000000000000,326322.000000000000000,8360,4769199,3885,4244771,12076,8687539
375,12/23/2021 15:00:00,7933,4450810,3392.000000000000000,3921841,348.000000000000000,326670.000000000000000,8281,4777480,3740,4248511,11673,8699212
376,12/24/2021 15:00:00,1525,4452335,972.000000000000000,3922813,36.000000000000000,326706.000000000000000,1561,4779041,1008,4249519,2533,8701745
377,12/25/2021 15:00:00,42,4452377,36.000000000000000,3922849,1.000000000000000,326707.000000000000000,43,4779084,37,4249556,79,8701824
378,12/26/2021 15:00:00,2412,4454789,1632.000000000000000,3924481,44.000000000000000,326751.000000000000000,2456,4781540,1676,4251232,4088,8705912
379,12/27/2021 15:00:00,6823,4461612,3784.000000000000000,3928265,290.000000000000000,327041.000000000000000,7113,4788653,4074,4255306,10897,8716809
380,12/28/2021 15:00:00,7301,4468913,3528.000000000000000,3931793,150.000000000000000,327191.000000000000000,7451,4796104,3678,4258984,10979,8727788
381,12/29/2021 15:00:00,7579,4476492,3734.000000000000000,3935527,148.000000000000000,327339.000000000000000,7727,4803831,3882,4262866,11461,8739249
382,12/30/2021 15:00:00,6812,4483304,3404.000000000000000,3938931,276.000000000000000,327615.000000000000000,7088,4810919,3680,4266546,10492,8749741
383,12/31/2021 15:00:00,2289,4485593,1410.000000000000000,3940341,84.000000000000000,327699.000000000000000,2373,4813292,1494,4268040,3783,8753524
384,1/1/2022 15:00:00,562,4486155,262.000000000000000,3940603,30.000000000000000,327729.000000000000000,592,4813884,292,4268332,854,8754378
385,1/2/2022 15:00:00,1910,4488065,1480.000000000000000,3942083,41.000000000000000,327770.000000000000000,1951,4815835,1521,4269853,3431,8757809
386,1/3/2022 15:00:00,1271,4489336,941.000000000000000,3943024,189.000000000000000,327959.000000000000000,1460,4817295,1130,4270983,2401,8760210