OBJECTID,VACCINATION_DATE,FirstDailyDose,FirstDoseCumulative,SecondDailyDose,SecondDoseCumulative,SingleDailyDose,SingleDoseCumulative,AtleastOneVaccine,AtleastOneVaccineCumulative,CompletedVax,CompletedVaxCumulative,FirstSecondSingleVaccination_12,FirstSecondSingleVaccination_13
1,12/14/2020 15:00:00,19,1488,,535,,,19,1488,0,535,19,1960
2,12/15/2020 15:00:00,62,1550,3.000000000000000,538,,,62,1550,3,538,65,2025
3,12/16/2020 15:00:00,597,2147,5.000000000000000,543,,,597,2147,5,543,602,2627
4,12/17/2020 15:00:00,1169,3316,8.000000000000000,551,,,1169,3316,8,551,1177,3804
5,12/18/2020 15:00:00,3032,6348,12.000000000000000,563,,,3032,6348,12,563,3044,6848
6,12/19/2020 15:00:00,930,7278,7.000000000000000,570,,,930,7278,7,570,937,7785
7,12/20/2020 15:00:00,370,7648,6.000000000000000,576,,,370,7648,6,576,376,8161
8,12/21/2020 15:00:00,3900,11548,26.000000000000000,602,,,3900,11548,26,602,3926,12087
9,12/22/2020 15:00:00,6328,17876,30.000000000000000,632,,,6328,17876,30,632,6358,18445
10,12/23/2020 15:00:00,5796,23672,40.000000000000000,672,,,5796,23672,40,672,5836,24281
11,12/24/2020 15:00:00,2730,26402,15.000000000000000,687,,,2730,26402,15,687,2745,27026
12,12/25/2020 15:00:00,1035,27437,4.000000000000000,691,,,1035,27437,4,691,1039,28065
13,12/26/2020 15:00:00,1887,29324,10.000000000000000,701,,,1887,29324,10,701,1897,29962
14,12/27/2020 15:00:00,1804,31128,12.000000000000000,713,,,1804,31128,12,713,1816,31778
15,12/28/2020 15:00:00,8996,40124,51.000000000000000,764,,,8996,40124,51,764,9047,40825
16,12/29/2020 15:00:00,10980,51104,54.000000000000000,818,,,10980,51104,54,818,11034,51859
17,12/30/2020 15:00:00,12509,63613,98.000000000000000,916,,,12509,63613,98,916,12607,64466
18,12/31/2020 15:00:00,7563,71176,48.000000000000000,964,,,7563,71176,48,964,7611,72077
19,1/1/2021 15:00:00,3413,74589,145.000000000000000,1109,,,3413,74589,145,1109,3558,75635
20,1/2/2021 15:00:00,3062,77651,34.000000000000000,1143,,,3062,77651,34,1143,3096,78731
21,1/3/2021 15:00:00,3416,81067,82.000000000000000,1225,,,3416,81067,82,1225,3498,82229
22,1/4/2021 15:00:00,13377,94444,343.000000000000000,1568,,,13377,94444,343,1568,13720,95949
23,1/5/2021 15:00:00,12495,106939,551.000000000000000,2119,,,12495,106939,551,2119,13046,108995
24,1/6/2021 15:00:00,15285,122224,871.000000000000000,2990,,,15285,122224,871,2990,16156,125151
25,1/7/2021 15:00:00,15053,137277,1789.000000000000000,4779,,,15053,137277,1789,4779,16842,141993
26,1/8/2021 15:00:00,24030,161307,2794.000000000000000,7573,,,24030,161307,2794,7573,26824,168817
27,1/9/2021 15:00:00,5188,166495,959.000000000000000,8532,,,5188,166495,959,8532,6147,174964
28,1/10/2021 15:00:00,2988,169483,389.000000000000000,8921,,,2988,169483,389,8921,3377,178341
29,1/11/2021 15:00:00,13746,183229,3488.000000000000000,12409,,,13746,183229,3488,12409,17234,195575
30,1/12/2021 15:00:00,17410,200639,5600.000000000000000,18009,,,17410,200639,5600,18009,23010,218585
31,1/13/2021 15:00:00,18637,219276,3942.000000000000000,21951,,,18637,219276,3942,21951,22579,241164
32,1/14/2021 15:00:00,17881,237157,1968.000000000000000,23919,,,17881,237157,1968,23919,19849,261013
33,1/15/2021 15:00:00,19511,256668,2040.000000000000000,25959,,,19511,256668,2040,25959,21551,282564
34,1/16/2021 15:00:00,5848,262516,1625.000000000000000,27584,,,5848,262516,1625,27584,7473,290037
35,1/17/2021 15:00:00,2129,264645,1480.000000000000000,29064,,,2129,264645,1480,29064,3609,293646
36,1/18/2021 15:00:00,7089,271734,3269.000000000000000,32333,,,7089,271734,3269,32333,10358,304004
37,1/19/2021 15:00:00,16963,288697,5420.000000000000000,37753,,,16963,288697,5420,37753,22383,326387
38,1/20/2021 15:00:00,21026,309723,5339.000000000000000,43092,,,21026,309723,5339,43092,26365,352752
39,1/21/2021 15:00:00,23836,333559,3875.000000000000000,46967,,,23836,333559,3875,46967,27711,380463
40,1/22/2021 15:00:00,28678,362237,3773.000000000000000,50740,,,28678,362237,3773,50740,32451,412914
41,1/23/2021 15:00:00,10133,372370,1949.000000000000000,52689,,,10133,372370,1949,52689,12082,424996
42,1/24/2021 15:00:00,3362,375732,1727.000000000000000,54416,,,3362,375732,1727,54416,5089,430085
43,1/25/2021 15:00:00,16313,392045,8625.000000000000000,63041,,,16313,392045,8625,63041,24938,455023
44,1/26/2021 15:00:00,17574,409619,8985.000000000000000,72026,,,17574,409619,8985,72026,26559,481582
45,1/27/2021 15:00:00,24448,434067,12581.000000000000000,84607,,,24448,434067,12581,84607,37029,518611
46,1/28/2021 15:00:00,22669,456736,9344.000000000000000,93951,,,22669,456736,9344,93951,32013,550624
47,1/29/2021 15:00:00,24796,481532,7944.000000000000000,101895,,,24796,481532,7944,101895,32740,583364
48,1/30/2021 15:00:00,17794,499326,2572.000000000000000,104467,,,17794,499326,2572,104467,20366,603730
49,1/31/2021 15:00:00,3766,503092,1375.000000000000000,105842,,,3766,503092,1375,105842,5141,608871
50,2/1/2021 15:00:00,8201,511293,5437.000000000000000,111279,,,8201,511293,5437,111279,13638,622509
51,2/2/2021 15:00:00,12529,523822,13846.000000000000000,125125,,,12529,523822,13846,125125,26375,648884
52,2/3/2021 15:00:00,18279,542101,18155.000000000000000,143280,,,18279,542101,18155,143280,36434,685318
53,2/4/2021 15:00:00,22153,564254,15806.000000000000000,159086,,,22153,564254,15806,159086,37959,723277
54,2/5/2021 15:00:00,20425,584679,17452.000000000000000,176538,,,20425,584679,17452,176538,37877,761154
55,2/6/2021 15:00:00,11384,596063,14543.000000000000000,191081,,,11384,596063,14543,191081,25927,787081
56,2/7/2021 15:00:00,5994,602057,1953.000000000000000,193034,,,5994,602057,1953,193034,7947,795028
57,2/8/2021 15:00:00,13022,615079,12990.000000000000000,206024,,,13022,615079,12990,206024,26012,821040
58,2/9/2021 15:00:00,16672,631751,13896.000000000000000,219920,,,16672,631751,13896,219920,30568,851608
59,2/10/2021 15:00:00,19338,651089,21328.000000000000000,241248,,,19338,651089,21328,241248,40666,892274
60,2/11/2021 15:00:00,22950,674039,17396.000000000000000,258644,,,22950,674039,17396,258644,40346,932620
61,2/12/2021 15:00:00,20448,694487,19688.000000000000000,278332,,,20448,694487,19688,278332,40136,972756
62,2/13/2021 15:00:00,11476,705963,6433.000000000000000,284765,,,11476,705963,6433,284765,17909,990665
63,2/14/2021 15:00:00,7123,713086,2141.000000000000000,286906,,,7123,713086,2141,286906,9264,999929
64,2/15/2021 15:00:00,11772,724858,13351.000000000000000,300257,,,11772,724858,13351,300257,25123,1025052
65,2/16/2021 15:00:00,16657,741515,21041.000000000000000,321298,,,16657,741515,21041,321298,37698,1062750
66,2/17/2021 15:00:00,20690,762205,26399.000000000000000,347697,,,20690,762205,26399,347697,47089,1109839
67,2/18/2021 15:00:00,3207,765412,4628.000000000000000,352325,,,3207,765412,4628,352325,7835,1117674
68,2/19/2021 15:00:00,10269,775681,19945.000000000000000,372270,,,10269,775681,19945,372270,30214,1147888
69,2/20/2021 15:00:00,10321,786002,20323.000000000000000,392593,,,10321,786002,20323,392593,30644,1178532
70,2/21/2021 15:00:00,6196,792198,7672.000000000000000,400265,,,6196,792198,7672,400265,13868,1192400
71,2/22/2021 15:00:00,8049,800247,15499.000000000000000,415764,,,8049,800247,15499,415764,23548,1215948
72,2/23/2021 15:00:00,15547,815794,15990.000000000000000,431754,,,15547,815794,15990,431754,31537,1247485
73,2/24/2021 15:00:00,18005,833799,24857.000000000000000,456611,,,18005,833799,24857,456611,42862,1290347
74,2/25/2021 15:00:00,20406,854205,26605.000000000000000,483216,,,20406,854205,26605,483216,47011,1337358
75,2/26/2021 15:00:00,26701,880906,26285.000000000000000,509501,,,26701,880906,26285,509501,52986,1390344
76,2/27/2021 15:00:00,16033,896939,11167.000000000000000,520668,,,16033,896939,11167,520668,27200,1417544
77,2/28/2021 15:00:00,15526,912465,4896.000000000000000,525564,,,15526,912465,4896,525564,20422,1437966
78,3/1/2021 15:00:00,27286,939751,12697.000000000000000,538261,,,27286,939751,12697,538261,39983,1477949
79,3/2/2021 15:00:00,24009,963760,13309.000000000000000,551570,38.000000000000000,38.000000000000000,24047,963798,13347,551608,37356,1515305
80,3/3/2021 15:00:00,30256,994016,18431.000000000000000,570001,194.000000000000000,232.000000000000000,30450,994248,18625,570233,48881,1564186
81,3/4/2021 15:00:00,31020,1025036,18267.000000000000000,588268,4068.000000000000000,4300.000000000000000,35088,1029336,22335,592568,53355,1617541
82,3/5/2021 15:00:00,30103,1055139,19796.000000000000000,608064,4913.000000000000000,9213.000000000000000,35016,1064352,24709,617277,54812,1672353
83,3/6/2021 15:00:00,19007,1074146,9538.000000000000000,617602,6009.000000000000000,15222.000000000000000,25016,1089368,15547,632824,34554,1706907
84,3/7/2021 15:00:00,12157,1086303,4931.000000000000000,622533,6605.000000000000000,21827.000000000000000,18762,1108130,11536,644360,23693,1730600
85,3/8/2021 15:00:00,25934,1112237,8868.000000000000000,631401,8276.000000000000000,30103.000000000000000,34210,1142340,17144,661504,43078,1773678
86,3/9/2021 15:00:00,26157,1138394,15505.000000000000000,646906,8345.000000000000000,38448.000000000000000,34502,1176842,23850,685354,50007,1823685
87,3/10/2021 15:00:00,29899,1168293,16058.000000000000000,662964,7937.000000000000000,46385.000000000000000,37836,1214678,23995,709349,53894,1877579
88,3/11/2021 15:00:00,36026,1204319,16435.000000000000000,679399,3982.000000000000000,50367.000000000000000,40008,1254686,20417,729766,56443,1934022
89,3/12/2021 15:00:00,36924,1241243,18166.000000000000000,697565,2929.000000000000000,53296.000000000000000,39853,1294539,21095,750861,58019,1992041
90,3/13/2021 15:00:00,22673,1263916,10347.000000000000000,707912,1630.000000000000000,54926.000000000000000,24303,1318842,11977,762838,34650,2026691
91,3/14/2021 15:00:00,17842,1281758,6740.000000000000000,714652,1010.000000000000000,55936.000000000000000,18852,1337694,7750,770588,25592,2052283
92,3/15/2021 15:00:00,29903,1311661,11375.000000000000000,726027,599.000000000000000,56535.000000000000000,30502,1368196,11974,782562,41877,2094160
93,3/16/2021 15:00:00,33490,1345151,13598.000000000000000,739625,772.000000000000000,57307.000000000000000,34262,1402458,14370,796932,47860,2142020
94,3/17/2021 15:00:00,37647,1382798,17089.000000000000000,756714,1183.000000000000000,58490.000000000000000,38830,1441288,18272,815204,55919,2197939
95,3/18/2021 15:00:00,41483,1424281,12712.000000000000000,769426,1353.000000000000000,59843.000000000000000,42836,1484124,14065,829269,55548,2253487
96,3/19/2021 15:00:00,38393,1462674,15448.000000000000000,784874,1046.000000000000000,60889.000000000000000,39439,1523563,16494,845763,54887,2308374
97,3/20/2021 15:00:00,24743,1487417,10236.000000000000000,795110,705.000000000000000,61594.000000000000000,25448,1549011,10941,856704,35684,2344058
98,3/21/2021 15:00:00,19205,1506622,7912.000000000000000,803022,342.000000000000000,61936.000000000000000,19547,1568558,8254,864958,27459,2371517
99,3/22/2021 15:00:00,32611,1539233,11526.000000000000000,814548,835.000000000000000,62771.000000000000000,33446,1602004,12361,877319,44972,2416489
100,3/23/2021 15:00:00,38418,1577651,17880.000000000000000,832428,1557.000000000000000,64328.000000000000000,39975,1641979,19437,896756,57855,2474344
101,3/24/2021 15:00:00,41094,1618745,21268.000000000000000,853696,1388.000000000000000,65716.000000000000000,42482,1684461,22656,919412,63750,2538094
102,3/25/2021 15:00:00,42931,1661676,21754.000000000000000,875450,2455.000000000000000,68171.000000000000000,45386,1729847,24209,943621,67140,2605234
103,3/26/2021 15:00:00,36395,1698071,26726.000000000000000,902176,2495.000000000000000,70666.000000000000000,38890,1768737,29221,972842,65616,2670850
104,3/27/2021 15:00:00,26475,1724546,17336.000000000000000,919512,2489.000000000000000,73155.000000000000000,28964,1797701,19825,992667,46300,2717150
105,3/28/2021 15:00:00,17015,1741561,12693.000000000000000,932205,1615.000000000000000,74770.000000000000000,18630,1816331,14308,1006975,31323,2748473
106,3/29/2021 15:00:00,29726,1771287,26402.000000000000000,958607,1142.000000000000000,75912.000000000000000,30868,1847199,27544,1034519,57270,2805743
107,3/30/2021 15:00:00,40070,1811357,29105.000000000000000,987712,1865.000000000000000,77777.000000000000000,41935,1889134,30970,1065489,71040,2876783
108,3/31/2021 15:00:00,41030,1852387,34766.000000000000000,1022478,5750.000000000000000,83527.000000000000000,46780,1935914,40516,1106005,81546,2958329
109,4/1/2021 15:00:00,42518,1894905,41225.000000000000000,1063703,5766.000000000000000,89293.000000000000000,48284,1984198,46991,1152996,89509,3047838
110,4/2/2021 15:00:00,34952,1929857,32750.000000000000000,1096453,6132.000000000000000,95425.000000000000000,41084,2025282,38882,1191878,73834,3121672
111,4/3/2021 15:00:00,21184,1951041,19245.000000000000000,1115698,4395.000000000000000,99820.000000000000000,25579,2050861,23640,1215518,44824,3166496
112,4/4/2021 15:00:00,8303,1959344,10227.000000000000000,1125925,968.000000000000000,100788.000000000000000,9271,2060132,11195,1226713,19498,3185994
113,4/5/2021 15:00:00,27969,1987313,28986.000000000000000,1154911,6663.000000000000000,107451.000000000000000,34632,2094764,35649,1262362,63618,3249612
114,4/6/2021 15:00:00,39806,2027119,30531.000000000000000,1185442,10504.000000000000000,117955.000000000000000,50310,2145074,41035,1303397,80841,3330453
115,4/7/2021 15:00:00,36120,2063239,34381.000000000000000,1219823,13001.000000000000000,130956.000000000000000,49121,2194195,47382,1350779,83502,3413955
116,4/8/2021 15:00:00,42366,2105605,36170.000000000000000,1255993,13875.000000000000000,144831.000000000000000,56241,2250436,50045,1400824,92411,3506366
117,4/9/2021 15:00:00,34098,2139703,36377.000000000000000,1292370,14532.000000000000000,159363.000000000000000,48630,2299066,50909,1451733,85007,3591373
118,4/10/2021 15:00:00,23507,2163210,23188.000000000000000,1315558,7641.000000000000000,167004.000000000000000,31148,2330214,30829,1482562,54336,3645709
119,4/11/2021 15:00:00,17587,2180797,13300.000000000000000,1328858,10123.000000000000000,177127.000000000000000,27710,2357924,23423,1505985,41010,3686719
120,4/12/2021 15:00:00,24612,2205409,33299.000000000000000,1362157,10906.000000000000000,188033.000000000000000,35518,2393442,44205,1550190,68817,3755536
121,4/13/2021 15:00:00,126184,2331593,91368.000000000000000,1453525,3293.000000000000000,191326.000000000000000,129477,2522919,94661,1644851,220845,3976381
122,4/14/2021 15:00:00,40750,2372343,37862.000000000000000,1491387,213.000000000000000,191539.000000000000000,40963,2563882,38075,1682926,78825,4055206
123,4/15/2021 15:00:00,41427,2413770,39594.000000000000000,1530981,176.000000000000000,191715.000000000000000,41603,2605485,39770,1722696,81197,4136403
124,4/16/2021 15:00:00,37152,2450922,38910.000000000000000,1569891,25.000000000000000,191740.000000000000000,37177,2642662,38935,1761631,76087,4212490
125,4/17/2021 15:00:00,32816,2483738,22049.000000000000000,1591940,13.000000000000000,191753.000000000000000,32829,2675491,22062,1783693,54878,4267368
126,4/18/2021 15:00:00,20065,2503803,16216.000000000000000,1608156,5.000000000000000,191758.000000000000000,20070,2695561,16221,1799914,36286,4303654
127,4/19/2021 15:00:00,29891,2533694,36565.000000000000000,1644721,60.000000000000000,191818.000000000000000,29951,2725512,36625,1836539,66516,4370170
128,4/20/2021 15:00:00,32942,2566636,44519.000000000000000,1689240,59.000000000000000,191877.000000000000000,33001,2758513,44578,1881117,77520,4447690
129,4/21/2021 15:00:00,39844,2606480,47104.000000000000000,1736344,26.000000000000000,191903.000000000000000,39870,2798383,47130,1928247,86974,4534664
130,4/22/2021 15:00:00,35869,2642349,42732.000000000000000,1779076,16.000000000000000,191919.000000000000000,35885,2834268,42748,1970995,78617,4613281
131,4/23/2021 15:00:00,33150,2675499,40190.000000000000000,1819266,14.000000000000000,191933.000000000000000,33164,2867432,40204,2011199,73354,4686635
132,4/24/2021 15:00:00,26431,2701930,27937.000000000000000,1847203,81.000000000000000,192014.000000000000000,26512,2893944,28018,2039217,54449,4741084
133,4/25/2021 15:00:00,20219,2722149,11004.000000000000000,1858207,31.000000000000000,192045.000000000000000,20250,2914194,11035,2050252,31254,4772338
134,4/26/2021 15:00:00,27388,2749537,32780.000000000000000,1890987,201.000000000000000,192246.000000000000000,27589,2941783,32981,2083233,60369,4832707
135,4/27/2021 15:00:00,26676,2776213,33120.000000000000000,1924107,1097.000000000000000,193343.000000000000000,27773,2969556,34217,2117450,60893,4893600
136,4/28/2021 15:00:00,28929,2805142,39582.000000000000000,1963689,1367.000000000000000,194710.000000000000000,30296,2999852,40949,2158399,69878,4963478
137,4/29/2021 15:00:00,27069,2832211,39798.000000000000000,2003487,1463.000000000000000,196173.000000000000000,28532,3028384,41261,2199660,68330,5031808
138,4/30/2021 15:00:00,28206,2860417,32320.000000000000000,2035807,1649.000000000000000,197822.000000000000000,29855,3058239,33969,2233629,62175,5093983
139,5/1/2021 15:00:00,20778,2881195,26832.000000000000000,2062639,1057.000000000000000,198879.000000000000000,21835,3080074,27889,2261518,48667,5142650
140,5/2/2021 15:00:00,10274,2891469,17092.000000000000000,2079731,823.000000000000000,199702.000000000000000,11097,3091171,17915,2279433,28189,5170839
141,5/3/2021 15:00:00,12729,2904198,28702.000000000000000,2108433,1917.000000000000000,201619.000000000000000,14646,3105817,30619,2310052,43348,5214187
142,5/4/2021 15:00:00,13564,2917762,38711.000000000000000,2147144,1742.000000000000000,203361.000000000000000,15306,3121123,40453,2350505,54017,5268204
143,5/5/2021 15:00:00,19316,2937078,37801.000000000000000,2184945,1922.000000000000000,205283.000000000000000,21238,3142361,39723,2390228,59039,5327243
144,5/6/2021 15:00:00,16931,2954009,40603.000000000000000,2225548,1722.000000000000000,207005.000000000000000,18653,3161014,42325,2432553,59256,5386499
145,5/7/2021 15:00:00,17588,2971597,37035.000000000000000,2262583,1960.000000000000000,208965.000000000000000,19548,3180562,38995,2471548,56583,5443082
146,5/8/2021 15:00:00,10800,2982397,31239.000000000000000,2293822,1293.000000000000000,210258.000000000000000,12093,3192655,32532,2504080,43332,5486414
147,5/9/2021 15:00:00,5077,2987474,12256.000000000000000,2306078,695.000000000000000,210953.000000000000000,5772,3198427,12951,2517031,18028,5504442
148,5/10/2021 15:00:00,8961,2996435,31064.000000000000000,2337142,1362.000000000000000,212315.000000000000000,10323,3208750,32426,2549457,41387,5545829
149,5/11/2021 15:00:00,12186,3008621,30308.000000000000000,2367450,1441.000000000000000,213756.000000000000000,13627,3222377,31749,2581206,43935,5589764
150,5/12/2021 15:00:00,13947,3022568,38648.000000000000000,2406098,1917.000000000000000,215673.000000000000000,15864,3238241,40565,2621771,54512,5644276
151,5/13/2021 15:00:00,21847,3044415,33530.000000000000000,2439628,1347.000000000000000,217020.000000000000000,23194,3261435,34877,2656648,56724,5701000
152,5/14/2021 15:00:00,24394,3068809,30079.000000000000000,2469707,1775.000000000000000,218795.000000000000000,26169,3287604,31854,2688502,56248,5757248
153,5/15/2021 15:00:00,21953,3090762,25132.000000000000000,2494839,1490.000000000000000,220285.000000000000000,23443,3311047,26622,2715124,48575,5805823
154,5/16/2021 15:00:00,9093,3099855,17582.000000000000000,2512421,1115.000000000000000,221400.000000000000000,10208,3321255,18697,2733821,27790,5833613
155,5/17/2021 15:00:00,16840,3116695,28423.000000000000000,2540844,1950.000000000000000,223350.000000000000000,18790,3340045,30373,2764194,47213,5880826
156,5/18/2021 15:00:00,21263,3137958,30705.000000000000000,2571549,1943.000000000000000,225293.000000000000000,23206,3363251,32648,2796842,53911,5934737
157,5/19/2021 15:00:00,27676,3165634,32451.000000000000000,2604000,1632.000000000000000,226925.000000000000000,29308,3392559,34083,2830925,61759,5996496
158,5/20/2021 15:00:00,20810,3186444,33289.000000000000000,2637289,1965.000000000000000,228890.000000000000000,22775,3415334,35254,2866179,56064,6052560
159,5/21/2021 15:00:00,19166,3205610,30378.000000000000000,2667667,1609.000000000000000,230499.000000000000000,20775,3436109,31987,2898166,51153,6103713
160,5/22/2021 15:00:00,16952,3222562,20705.000000000000000,2688372,1269.000000000000000,231768.000000000000000,18221,3454330,21974,2920140,38926,6142639
161,5/23/2021 15:00:00,8815,3231377,11454.000000000000000,2699826,965.000000000000000,232733.000000000000000,9780,3464110,12419,2932559,21234,6163873
162,5/24/2021 15:00:00,13573,3244950,17789.000000000000000,2717615,1473.000000000000000,234206.000000000000000,15046,3479156,19262,2951821,32835,6196708
163,5/25/2021 15:00:00,13078,3258028,18723.000000000000000,2736338,1328.000000000000000,235534.000000000000000,14406,3493562,20051,2971872,33129,6229837
164,5/26/2021 15:00:00,18368,3276396,19699.000000000000000,2756037,1512.000000000000000,237046.000000000000000,19880,3513442,21211,2993083,39579,6269416
165,5/27/2021 15:00:00,11697,3288093,18708.000000000000000,2774745,1117.000000000000000,238163.000000000000000,12814,3526256,19825,3012908,31522,6300938
166,5/28/2021 15:00:00,12417,3300510,19868.000000000000000,2794613,1402.000000000000000,239565.000000000000000,13819,3540075,21270,3034178,33687,6334625
167,5/29/2021 15:00:00,9516,3310026,11735.000000000000000,2806348,937.000000000000000,240502.000000000000000,10453,3550528,12672,3046850,22188,6356813
168,5/30/2021 15:00:00,4967,3314993,6444.000000000000000,2812792,596.000000000000000,241098.000000000000000,5563,3556091,7040,3053890,12007,6368820
169,5/31/2021 15:00:00,1780,3316773,3715.000000000000000,2816507,305.000000000000000,241403.000000000000000,2085,3558176,4020,3057910,5800,6374620
170,6/1/2021 15:00:00,9886,3326659,16503.000000000000000,2833010,1162.000000000000000,242565.000000000000000,11048,3569224,17665,3075575,27551,6402171
171,6/2/2021 15:00:00,10235,3336894,16836.000000000000000,2849846,962.000000000000000,243527.000000000000000,11197,3580421,17798,3093373,28033,6430204
172,6/3/2021 15:00:00,7899,3344793,21223.000000000000000,2871069,1089.000000000000000,244616.000000000000000,8988,3589409,22312,3115685,30211,6460415
173,6/4/2021 15:00:00,8198,3352991,22376.000000000000000,2893445,1121.000000000000000,245737.000000000000000,9319,3598728,23497,3139182,31695,6492110
174,6/5/2021 15:00:00,6998,3359989,19479.000000000000000,2912924,720.000000000000000,246457.000000000000000,7718,3606446,20199,3159381,27197,6519307
175,6/6/2021 15:00:00,3456,3363445,7264.000000000000000,2920188,426.000000000000000,246883.000000000000000,3882,3610328,7690,3167071,11146,6530453
176,6/7/2021 15:00:00,6862,3370307,15804.000000000000000,2935992,726.000000000000000,247609.000000000000000,7588,3617916,16530,3183601,23392,6553845
177,6/8/2021 15:00:00,6670,3376977,19746.000000000000000,2955738,831.000000000000000,248440.000000000000000,7501,3625417,20577,3204178,27247,6581092
178,6/9/2021 15:00:00,8198,3385175,24025.000000000000000,2979763,969.000000000000000,249409.000000000000000,9167,3634584,24994,3229172,33192,6614284
179,6/10/2021 15:00:00,7157,3392332,19151.000000000000000,2998914,895.000000000000000,250304.000000000000000,8052,3642636,20046,3249218,27203,6641487
180,6/11/2021 15:00:00,7492,3399824,17741.000000000000000,3016655,1126.000000000000000,251430.000000000000000,8618,3651254,18867,3268085,26359,6667846
181,6/12/2021 15:00:00,5244,3405068,14788.000000000000000,3031443,605.000000000000000,252035.000000000000000,5849,3657103,15393,3283478,20637,6688483
182,6/13/2021 15:00:00,1947,3407015,7640.000000000000000,3039083,427.000000000000000,252462.000000000000000,2374,3659477,8067,3291545,10014,6698497
183,6/14/2021 15:00:00,5656,3412671,11839.000000000000000,3050922,733.000000000000000,253195.000000000000000,6389,3665866,12572,3304117,18228,6716725
184,6/15/2021 15:00:00,5651,3418322,14356.000000000000000,3065278,873.000000000000000,254068.000000000000000,6524,3672390,15229,3319346,20880,6737605
185,6/16/2021 15:00:00,8731,3427053,21639.000000000000000,3086917,758.000000000000000,254826.000000000000000,9489,3681879,22397,3341743,31128,6768733
186,6/17/2021 15:00:00,6686,3433739,12387.000000000000000,3099304,720.000000000000000,255546.000000000000000,7406,3689285,13107,3354850,19793,6788526
187,6/18/2021 15:00:00,6837,3440576,12753.000000000000000,3112057,703.000000000000000,256249.000000000000000,7540,3696825,13456,3368306,20293,6808819
188,6/19/2021 15:00:00,4655,3445231,9390.000000000000000,3121447,614.000000000000000,256863.000000000000000,5269,3702094,10004,3378310,14659,6823478
189,6/20/2021 15:00:00,2511,3447742,5068.000000000000000,3126515,377.000000000000000,257240.000000000000000,2888,3704982,5445,3383755,7956,6831434
190,6/21/2021 15:00:00,5568,3453310,5343.000000000000000,3131858,636.000000000000000,257876.000000000000000,6204,3711186,5979,3389734,11547,6842981
191,6/22/2021 15:00:00,5350,3458660,9063.000000000000000,3140921,699.000000000000000,258575.000000000000000,6049,3717235,9762,3399496,15112,6858093
192,6/23/2021 15:00:00,6065,3464725,10360.000000000000000,3151281,645.000000000000000,259220.000000000000000,6710,3723945,11005,3410501,17070,6875163
193,6/24/2021 15:00:00,5934,3470659,8219.000000000000000,3159500,595.000000000000000,259815.000000000000000,6529,3730474,8814,3419315,14748,6889911
194,6/25/2021 15:00:00,5831,3476490,8673.000000000000000,3168173,619.000000000000000,260434.000000000000000,6450,3736924,9292,3428607,15123,6905034
195,6/26/2021 15:00:00,3707,3480197,6305.000000000000000,3174478,398.000000000000000,260832.000000000000000,4105,3741029,6703,3435310,10410,6915444
196,6/27/2021 15:00:00,2810,3483007,3525.000000000000000,3178003,185.000000000000000,261017.000000000000000,2995,3744024,3710,3439020,6520,6921964
197,6/28/2021 15:00:00,4927,3487934,6400.000000000000000,3184403,539.000000000000000,261556.000000000000000,5466,3749490,6939,3445959,11866,6933830
198,6/29/2021 15:00:00,5064,3492998,6488.000000000000000,3190891,524.000000000000000,262080.000000000000000,5588,3755078,7012,3452971,12076,6945906
199,6/30/2021 15:00:00,5637,3498635,7396.000000000000000,3198287,607.000000000000000,262687.000000000000000,6244,3761322,8003,3460974,13640,6959546
200,7/1/2021 15:00:00,5450,3504085,7007.000000000000000,3205294,505.000000000000000,263192.000000000000000,5955,3767277,7512,3468486,12962,6972508
201,7/2/2021 15:00:00,5306,3509391,6862.000000000000000,3212156,527.000000000000000,263719.000000000000000,5833,3773110,7389,3475875,12695,6985203
202,7/3/2021 15:00:00,3277,3512668,4075.000000000000000,3216231,264.000000000000000,263983.000000000000000,3541,3776651,4339,3480214,7616,6992819
203,7/4/2021 15:00:00,493,3513161,551.000000000000000,3216782,69.000000000000000,264052.000000000000000,562,3777213,620,3480834,1113,6993932
204,7/5/2021 15:00:00,3773,3516934,3955.000000000000000,3220737,287.000000000000000,264339.000000000000000,4060,3781273,4242,3485076,8015,7001947
205,7/6/2021 15:00:00,4493,3521427,6296.000000000000000,3227033,455.000000000000000,264794.000000000000000,4948,3786221,6751,3491827,11244,7013191
206,7/7/2021 15:00:00,4469,3525896,6430.000000000000000,3233463,483.000000000000000,265277.000000000000000,4952,3791173,6913,3498740,11382,7024573
207,7/8/2021 15:00:00,4837,3530733,6196.000000000000000,3239659,564.000000000000000,265841.000000000000000,5401,3796574,6760,3505500,11597,7036170
208,7/9/2021 15:00:00,5368,3536101,6693.000000000000000,3246352,574.000000000000000,266415.000000000000000,5942,3802516,7267,3512767,12635,7048805
209,7/10/2021 15:00:00,3528,3539629,4412.000000000000000,3250764,305.000000000000000,266720.000000000000000,3833,3806349,4717,3517484,8245,7057050
210,7/11/2021 15:00:00,2683,3542312,2581.000000000000000,3253345,227.000000000000000,266947.000000000000000,2910,3809259,2808,3520292,5491,7062541
211,7/12/2021 15:00:00,4430,3546742,5132.000000000000000,3258477,379.000000000000000,267326.000000000000000,4809,3814068,5511,3525803,9941,7072482
212,7/13/2021 15:00:00,4672,3551414,4733.000000000000000,3263210,366.000000000000000,267692.000000000000000,5038,3819106,5099,3530902,9771,7082253
213,7/14/2021 15:00:00,4633,3556047,5298.000000000000000,3268508,421.000000000000000,268113.000000000000000,5054,3824160,5719,3536621,10352,7092605
214,7/15/2021 15:00:00,4912,3560959,5029.000000000000000,3273537,359.000000000000000,268472.000000000000000,5271,3829431,5388,3542009,10300,7102905
215,7/16/2021 15:00:00,6282,3567241,5876.000000000000000,3279413,405.000000000000000,268877.000000000000000,6687,3836118,6281,3548290,12563,7115468
216,7/17/2021 15:00:00,3422,3570663,3555.000000000000000,3282968,304.000000000000000,269181.000000000000000,3726,3839844,3859,3552149,7281,7122749
217,7/18/2021 15:00:00,2312,3572975,2385.000000000000000,3285353,110.000000000000000,269291.000000000000000,2422,3842266,2495,3554644,4807,7127556
218,7/19/2021 15:00:00,5151,3578126,4618.000000000000000,3289971,383.000000000000000,269674.000000000000000,5534,3847800,5001,3559645,10152,7137708
219,7/20/2021 15:00:00,5349,3583475,4737.000000000000000,3294708,367.000000000000000,270041.000000000000000,5716,3853516,5104,3564749,10453,7148161
220,7/21/2021 15:00:00,5667,3589142,4968.000000000000000,3299676,416.000000000000000,270457.000000000000000,6083,3859599,5384,3570133,11051,7159212
221,7/22/2021 15:00:00,6034,3595176,4653.000000000000000,3304329,472.000000000000000,270929.000000000000000,6506,3866105,5125,3575258,11159,7170371
222,7/23/2021 15:00:00,6849,3602025,4855.000000000000000,3309184,499.000000000000000,271428.000000000000000,7348,3873453,5354,3580612,12203,7182574
223,7/24/2021 15:00:00,4286,3606311,3209.000000000000000,3312393,267.000000000000000,271695.000000000000000,4553,3878006,3476,3584088,7762,7190336
224,7/25/2021 15:00:00,3302,3609613,1122.000000000000000,3313515,140.000000000000000,271835.000000000000000,3442,3881448,1262,3585350,4564,7194900
225,7/26/2021 15:00:00,6223,3615836,3917.000000000000000,3317432,420.000000000000000,272255.000000000000000,6643,3888091,4337,3589687,10560,7205460
226,7/27/2021 15:00:00,6614,3622450,4307.000000000000000,3321739,459.000000000000000,272714.000000000000000,7073,3895164,4766,3594453,11380,7216840
227,7/28/2021 15:00:00,7094,3629544,4158.000000000000000,3325897,462.000000000000000,273176.000000000000000,7556,3902720,4620,3599073,11714,7228554
228,7/29/2021 15:00:00,7092,3636636,4328.000000000000000,3330225,420.000000000000000,273596.000000000000000,7512,3910232,4748,3603821,11840,7240394
229,7/30/2021 15:00:00,7837,3644473,4839.000000000000000,3335064,527.000000000000000,274123.000000000000000,8364,3918596,5366,3609187,13203,7253597
230,7/31/2021 15:00:00,4792,3649265,3089.000000000000000,3338153,274.000000000000000,274397.000000000000000,5066,3923662,3363,3612550,8155,7261752
231,8/1/2021 15:00:00,3916,3653181,2198.000000000000000,3340351,165.000000000000000,274562.000000000000000,4081,3927743,2363,3614913,6279,7268031
232,8/2/2021 15:00:00,7281,3660462,3852.000000000000000,3344203,342.000000000000000,274904.000000000000000,7623,3935366,4194,3619107,11475,7279506
233,8/3/2021 15:00:00,7279,3667741,4117.000000000000000,3348320,517.000000000000000,275421.000000000000000,7796,3943162,4634,3623741,11913,7291419
234,8/4/2021 15:00:00,7442,3675183,4130.000000000000000,3352450,536.000000000000000,275957.000000000000000,7978,3951140,4666,3628407,12108,7303527
235,8/5/2021 15:00:00,7962,3683145,4347.000000000000000,3356797,541.000000000000000,276498.000000000000000,8503,3959643,4888,3633295,12850,7316377
236,8/6/2021 15:00:00,8335,3691480,4760.000000000000000,3361557,454.000000000000000,276952.000000000000000,8789,3968432,5214,3638509,13549,7329926
237,8/7/2021 15:00:00,5305,3696785,2849.000000000000000,3364406,264.000000000000000,277216.000000000000000,5569,3974001,3113,3641622,8418,7338344
238,8/8/2021 15:00:00,3980,3700765,2063.000000000000000,3366469,146.000000000000000,277362.000000000000000,4126,3978127,2209,3643831,6189,7344533
239,8/9/2021 15:00:00,6963,3707728,4569.000000000000000,3371038,371.000000000000000,277733.000000000000000,7334,3985461,4940,3648771,11903,7356436
240,8/10/2021 15:00:00,7176,3714904,4507.000000000000000,3375545,340.000000000000000,278073.000000000000000,7516,3992977,4847,3653618,12023,7368459
241,8/11/2021 15:00:00,7108,3722012,4461.000000000000000,3380006,443.000000000000000,278516.000000000000000,7551,4000528,4904,3658522,12012,7380471
242,8/12/2021 15:00:00,8668,3730680,4774.000000000000000,3384780,446.000000000000000,278962.000000000000000,9114,4009642,5220,3663742,13888,7394359
243,8/13/2021 15:00:00,7191,3737871,5419.000000000000000,3390199,397.000000000000000,279359.000000000000000,7588,4017230,5816,3669558,13007,7407366
244,8/14/2021 15:00:00,4930,3742801,3355.000000000000000,3393554,286.000000000000000,279645.000000000000000,5216,4022446,3641,3673199,8571,7415937
245,8/15/2021 15:00:00,3332,3746133,2750.000000000000000,3396304,163.000000000000000,279808.000000000000000,3495,4025941,2913,3676112,6245,7422182
246,8/16/2021 15:00:00,5462,3751595,5107.000000000000000,3401411,354.000000000000000,280162.000000000000000,5816,4031757,5461,3681573,10923,7433105
247,8/17/2021 15:00:00,6832,3758427,5381.000000000000000,3406792,391.000000000000000,280553.000000000000000,7223,4038980,5772,3687345,12604,7445709
248,8/18/2021 15:00:00,6351,3764778,5532.000000000000000,3412324,481.000000000000000,281034.000000000000000,6832,4045812,6013,3693358,12364,7458073
249,8/19/2021 15:00:00,6239,3771017,5586.000000000000000,3417910,417.000000000000000,281451.000000000000000,6656,4052468,6003,3699361,12242,7470315
250,8/20/2021 15:00:00,6857,3777874,6578.000000000000000,3424488,401.000000000000000,281852.000000000000000,7258,4059726,6979,3706340,13836,7484151
251,8/21/2021 15:00:00,4348,3782222,3929.000000000000000,3428417,229.000000000000000,282081.000000000000000,4577,4064303,4158,3710498,8506,7492657
252,8/22/2021 15:00:00,3066,3785288,3179.000000000000000,3431596,111.000000000000000,282192.000000000000000,3177,4067480,3290,3713788,6356,7499013
253,8/23/2021 15:00:00,6005,3791293,6139.000000000000000,3437735,287.000000000000000,282479.000000000000000,6292,4073772,6426,3720214,12431,7511444
254,8/24/2021 15:00:00,6558,3797851,6102.000000000000000,3443837,426.000000000000000,282905.000000000000000,6984,4080756,6528,3726742,13086,7524530
255,8/25/2021 15:00:00,6739,3804590,6255.000000000000000,3450092,440.000000000000000,283345.000000000000000,7179,4087935,6695,3733437,13434,7537964
256,8/26/2021 15:00:00,6975,3811565,6687.000000000000000,3456779,428.000000000000000,283773.000000000000000,7403,4095338,7115,3740552,14090,7552054
257,8/27/2021 15:00:00,6850,3818415,7110.000000000000000,3463889,317.000000000000000,284090.000000000000000,7167,4102505,7427,3747979,14277,7566331
258,8/28/2021 15:00:00,6920,3825335,6543.000000000000000,3470432,329.000000000000000,284419.000000000000000,7249,4109754,6872,3754851,13792,7580123
259,8/29/2021 15:00:00,3746,3829081,3709.000000000000000,3474141,610.000000000000000,285029.000000000000000,4356,4114110,4319,3759170,8065,7588188
260,8/30/2021 15:00:00,5934,3835015,6158.000000000000000,3480299,960.000000000000000,285989.000000000000000,6894,4121004,7118,3766288,13052,7601240
261,8/31/2021 15:00:00,5908,3840923,6095.000000000000000,3486394,947.000000000000000,286936.000000000000000,6855,4127859,7042,3773330,12950,7614190
262,9/1/2021 15:00:00,5616,3846539,5742.000000000000000,3492136,918.000000000000000,287854.000000000000000,6534,4134393,6660,3779990,12276,7626466
263,9/2/2021 15:00:00,5531,3852070,5978.000000000000000,3498114,709.000000000000000,288563.000000000000000,6240,4140633,6687,3786677,12218,7638684
264,9/3/2021 15:00:00,6022,3858092,6985.000000000000000,3505099,977.000000000000000,289540.000000000000000,6999,4147632,7962,3794639,13984,7652668
265,9/4/2021 15:00:00,3734,3861826,4370.000000000000000,3509469,878.000000000000000,290418.000000000000000,4612,4152244,5248,3799887,8982,7661650
266,9/5/2021 15:00:00,2961,3864787,2818.000000000000000,3512287,106.000000000000000,290524.000000000000000,3067,4155311,2924,3802811,5885,7667535
267,9/6/2021 15:00:00,1060,3865847,1163.000000000000000,3513450,70.000000000000000,290594.000000000000000,1130,4156441,1233,3804044,2293,7669828
268,9/7/2021 15:00:00,5353,3871200,7324.000000000000000,3520774,2304.000000000000000,292898.000000000000000,7657,4164098,9628,3813672,14981,7684809
269,9/8/2021 15:00:00,4663,3875863,5507.000000000000000,3526281,364.000000000000000,293262.000000000000000,5027,4169125,5871,3819543,10534,7695343
270,9/9/2021 15:00:00,5027,3880890,5478.000000000000000,3531759,325.000000000000000,293587.000000000000000,5352,4174477,5803,3825346,10830,7706173
271,9/10/2021 15:00:00,6536,3887426,6682.000000000000000,3538441,1719.000000000000000,295306.000000000000000,8255,4182732,8401,3833747,14937,7721110
272,9/11/2021 15:00:00,4182,3891608,4354.000000000000000,3542795,666.000000000000000,295972.000000000000000,4848,4187580,5020,3838767,9202,7730312
273,9/12/2021 15:00:00,3174,3894782,3247.000000000000000,3546042,436.000000000000000,296408.000000000000000,3610,4191190,3683,3842450,6857,7737169
274,9/13/2021 15:00:00,4896,3899678,5087.000000000000000,3551129,347.000000000000000,296755.000000000000000,5243,4196433,5434,3847884,10330,7747499
275,9/14/2021 15:00:00,4778,3904456,5466.000000000000000,3556595,437.000000000000000,297192.000000000000000,5215,4201648,5903,3853787,10681,7758180
276,9/15/2021 15:00:00,5046,3909502,5906.000000000000000,3562501,392.000000000000000,297584.000000000000000,5438,4207086,6298,3860085,11344,7769524
277,9/16/2021 15:00:00,4816,3914318,5861.000000000000000,3568362,337.000000000000000,297921.000000000000000,5153,4212239,6198,3866283,11014,7780538
278,9/17/2021 15:00:00,5291,3919609,6601.000000000000000,3574963,344.000000000000000,298265.000000000000000,5635,4217874,6945,3873228,12236,7792774
279,9/18/2021 15:00:00,3825,3923434,4591.000000000000000,3579554,186.000000000000000,298451.000000000000000,4011,4221885,4777,3878005,8602,7801376
280,9/19/2021 15:00:00,2742,3926176,3183.000000000000000,3582737,75.000000000000000,298526.000000000000000,2817,4224702,3258,3881263,6000,7807376
281,9/20/2021 15:00:00,3754,3929930,4690.000000000000000,3587427,429.000000000000000,298955.000000000000000,4183,4228885,5119,3886382,8873,7816249
282,9/21/2021 15:00:00,4004,3933934,5024.000000000000000,3592451,327.000000000000000,299282.000000000000000,4331,4233216,5351,3891733,9355,7825604
283,9/22/2021 15:00:00,4195,3938129,4803.000000000000000,3597254,459.000000000000000,299741.000000000000000,4654,4237870,5262,3896995,9457,7835061
284,9/23/2021 15:00:00,4191,3942320,4739.000000000000000,3601993,492.000000000000000,300233.000000000000000,4683,4242553,5231,3902226,9422,7844483
285,9/24/2021 15:00:00,5098,3947418,5637.000000000000000,3607630,422.000000000000000,300655.000000000000000,5520,4248073,6059,3908285,11157,7855640
286,9/25/2021 15:00:00,3644,3951062,3641.000000000000000,3611271,384.000000000000000,301039.000000000000000,4028,4252101,4025,3912310,7669,7863309
287,9/26/2021 15:00:00,2353,3953415,2672.000000000000000,3613943,433.000000000000000,301472.000000000000000,2786,4254887,3105,3915415,5458,7868767
288,9/27/2021 15:00:00,4509,3957924,2720.000000000000000,3616663,512.000000000000000,301984.000000000000000,5021,4259908,3232,3918647,7741,7876508
289,9/28/2021 15:00:00,4415,3962339,4466.000000000000000,3621129,211.000000000000000,302195.000000000000000,4626,4264534,4677,3923324,9092,7885600
290,9/29/2021 15:00:00,4696,3967035,4537.000000000000000,3625666,920.000000000000000,303115.000000000000000,5616,4270150,5457,3928781,10153,7895753
291,9/30/2021 15:00:00,4894,3971929,4580.000000000000000,3630246,796.000000000000000,303911.000000000000000,5690,4275840,5376,3934157,10270,7906023
292,10/1/2021 15:00:00,5530,3977459,5378.000000000000000,3635624,785.000000000000000,304696.000000000000000,6315,4282155,6163,3940320,11693,7917716
293,10/2/2021 15:00:00,2950,3980409,2907.000000000000000,3638531,187.000000000000000,304883.000000000000000,3137,4285292,3094,3943414,6044,7923760
294,10/3/2021 15:00:00,2079,3982488,2383.000000000000000,3640914,87.000000000000000,304970.000000000000000,2166,4287458,2470,3945884,4549,7928309
295,10/4/2021 15:00:00,4032,3986520,3511.000000000000000,3644425,233.000000000000000,305203.000000000000000,4265,4291723,3744,3949628,7776,7936085
296,10/5/2021 15:00:00,3962,3990482,3675.000000000000000,3648100,206.000000000000000,305409.000000000000000,4168,4295891,3881,3953509,7843,7943928
297,10/6/2021 15:00:00,4035,3994517,3580.000000000000000,3651680,266.000000000000000,305675.000000000000000,4301,4300192,3846,3957355,7881,7951809
298,10/7/2021 15:00:00,4233,3998750,3642.000000000000000,3655322,332.000000000000000,306007.000000000000000,4565,4304757,3974,3961329,8207,7960016
299,10/8/2021 15:00:00,4786,4003536,4307.000000000000000,3659629,283.000000000000000,306290.000000000000000,5069,4309826,4590,3965919,9376,7969392
300,10/9/2021 15:00:00,2693,4006229,2683.000000000000000,3662312,270.000000000000000,306560.000000000000000,2963,4312789,2953,3968872,5646,7975038
301,10/10/2021 15:00:00,1860,4008089,1855.000000000000000,3664167,59.000000000000000,306619.000000000000000,1919,4314708,1914,3970786,3774,7978812
302,10/11/2021 15:00:00,4212,4012301,3319.000000000000000,3667486,250.000000000000000,306869.000000000000000,4462,4319170,3569,3974355,7781,7986593
303,10/12/2021 15:00:00,3605,4015906,3549.000000000000000,3671035,275.000000000000000,307144.000000000000000,3880,4323050,3824,3978179,7429,7994022
304,10/13/2021 15:00:00,3980,4019886,3471.000000000000000,3674506,346.000000000000000,307490.000000000000000,4326,4327376,3817,3981996,7797,8001819
305,10/14/2021 15:00:00,5174,4025060,5507.000000000000000,3680013,430.000000000000000,307920.000000000000000,5604,4332980,5937,3987933,11111,8012930
306,10/15/2021 15:00:00,4771,4029831,4620.000000000000000,3684633,347.000000000000000,308267.000000000000000,5118,4338098,4967,3992900,9738,8022668
307,10/16/2021 15:00:00,2496,4032327,2530.000000000000000,3687163,291.000000000000000,308558.000000000000000,2787,4340885,2821,3995721,5317,8027985
308,10/17/2021 15:00:00,1809,4034136,1782.000000000000000,3688945,55.000000000000000,308613.000000000000000,1864,4342749,1837,3997558,3646,8031631
309,10/18/2021 15:00:00,4281,4038417,3588.000000000000000,3692533,283.000000000000000,308896.000000000000000,4564,4347313,3871,4001429,8152,8039783
310,10/19/2021 15:00:00,4302,4042719,4029.000000000000000,3696562,224.000000000000000,309120.000000000000000,4526,4351839,4253,4005682,8555,8048338
311,10/20/2021 15:00:00,3546,4046265,3435.000000000000000,3699997,259.000000000000000,309379.000000000000000,3805,4355644,3694,4009376,7240,8055578
312,10/21/2021 15:00:00,3312,4049577,3288.000000000000000,3703285,291.000000000000000,309670.000000000000000,3603,4359247,3579,4012955,6891,8062469
313,10/22/2021 15:00:00,4693,4054270,4042.000000000000000,3707327,477.000000000000000,310147.000000000000000,5170,4364417,4519,4017474,9212,8071681
314,10/23/2021 15:00:00,2888,4057158,2119.000000000000000,3709446,322.000000000000000,310469.000000000000000,3210,4367627,2441,4019915,5329,8077010
315,10/24/2021 15:00:00,2057,4059215,1556.000000000000000,3711002,79.000000000000000,310548.000000000000000,2136,4369763,1635,4021550,3692,8080702
316,10/25/2021 15:00:00,4558,4063773,3083.000000000000000,3714085,322.000000000000000,310870.000000000000000,4880,4374643,3405,4024955,7963,8088665
317,10/26/2021 15:00:00,4534,4068307,3089.000000000000000,3717174,316.000000000000000,311186.000000000000000,4850,4379493,3405,4028360,7939,8096604
318,10/27/2021 15:00:00,4735,4073042,3353.000000000000000,3720527,436.000000000000000,311622.000000000000000,5171,4384664,3789,4032149,8524,8105128
319,10/28/2021 15:00:00,4577,4077619,3373.000000000000000,3723900,501.000000000000000,312123.000000000000000,5078,4389742,3874,4036023,8451,8113579
320,10/29/2021 15:00:00,4998,4082617,3931.000000000000000,3727831,395.000000000000000,312518.000000000000000,5393,4395135,4326,4040349,9324,8122903
321,10/30/2021 15:00:00,2632,4085249,1848.000000000000000,3729679,307.000000000000000,312825.000000000000000,2939,4398074,2155,4042504,4787,8127690
322,10/31/2021 15:00:00,1936,4087185,1522.000000000000000,3731201,94.000000000000000,312919.000000000000000,2030,4400104,1616,4044120,3552,8131242
323,11/1/2021 15:00:00,4744,4091929,3446.000000000000000,3734647,350.000000000000000,313269.000000000000000,5094,4405198,3796,4047916,8540,8139782
324,11/2/2021 15:00:00,4280,4096209,2950.000000000000000,3737597,409.000000000000000,313678.000000000000000,4689,4409887,3359,4051275,7639,8147421
325,11/3/2021 15:00:00,4681,4100890,3053.000000000000000,3740650,464.000000000000000,314142.000000000000000,5145,4415032,3517,4054792,8198,8155619
326,11/4/2021 15:00:00,6329,4107219,3385.000000000000000,3744035,529.000000000000000,314671.000000000000000,6858,4421890,3914,4058706,10243,8165862
327,11/5/2021 15:00:00,8264,4115483,3786.000000000000000,3747821,415.000000000000000,315086.000000000000000,8679,4430569,4201,4062907,12465,8178327
328,11/6/2021 15:00:00,10202,4125685,1976.000000000000000,3749797,309.000000000000000,315395.000000000000000,10511,4441080,2285,4065192,12487,8190814
329,11/7/2021 15:00:00,7747,4133432,1463.000000000000000,3751260,95.000000000000000,315490.000000000000000,7842,4448922,1558,4066750,9305,8200119
330,11/8/2021 15:00:00,11349,4144781,3057.000000000000000,3754317,379.000000000000000,315869.000000000000000,11728,4460650,3436,4070186,14785,8214904
331,11/9/2021 15:00:00,11811,4156592,2653.000000000000000,3756970,269.000000000000000,316138.000000000000000,12080,4472730,2922,4073108,14733,8229637
332,11/10/2021 15:00:00,12635,4169227,2775.000000000000000,3759745,339.000000000000000,316477.000000000000000,12974,4485704,3114,4076222,15749,8245386
333,11/11/2021 15:00:00,11447,4180674,2384.000000000000000,3762129,280.000000000000000,316757.000000000000000,11727,4497431,2664,4078886,14111,8259497
334,11/12/2021 15:00:00,12385,4193059,3377.000000000000000,3765506,548.000000000000000,317305.000000000000000,12933,4510364,3925,4082811,16310,8275807
335,11/13/2021 15:00:00,9981,4203040,1602.000000000000000,3767108,342.000000000000000,317647.000000000000000,10323,4520687,1944,4084755,11925,8287732
336,11/14/2021 15:00:00,4246,4207286,1119.000000000000000,3768227,121.000000000000000,317768.000000000000000,4367,4525054,1240,4085995,5486,8293218
337,11/15/2021 15:00:00,8655,4215941,2524.000000000000000,3770751,211.000000000000000,317979.000000000000000,8866,4533920,2735,4088730,11390,8304608
338,11/16/2021 15:00:00,9296,4225237,2513.000000000000000,3773264,258.000000000000000,318237.000000000000000,9554,4543474,2771,4091501,12067,8316675
339,11/17/2021 15:00:00,9421,4234658,2867.000000000000000,3776131,313.000000000000000,318550.000000000000000,9734,4553208,3180,4094681,12601,8329276
340,11/18/2021 15:00:00,9330,4243988,2631.000000000000000,3778762,481.000000000000000,319031.000000000000000,9811,4563019,3112,4097793,12442,8341718
341,11/19/2021 15:00:00,9849,4253837,2927.000000000000000,3781689,381.000000000000000,319412.000000000000000,10230,4573249,3308,4101101,13157,8354875
342,11/20/2021 15:00:00,10664,4264501,1608.000000000000000,3783297,455.000000000000000,319867.000000000000000,11119,4584368,2063,4103164,12727,8367602
343,11/21/2021 15:00:00,4396,4268897,1208.000000000000000,3784505,100.000000000000000,319967.000000000000000,4496,4588864,1308,4104472,5704,8373306
344,11/22/2021 15:00:00,9855,4278752,2513.000000000000000,3787018,293.000000000000000,320260.000000000000000,10148,4599012,2806,4107278,12661,8385967
345,11/23/2021 15:00:00,9235,4287987,2401.000000000000000,3789419,316.000000000000000,320576.000000000000000,9551,4608563,2717,4109995,11952,8397919
346,11/24/2021 15:00:00,8171,4296158,2437.000000000000000,3791856,216.000000000000000,320792.000000000000000,8387,4616950,2653,4112648,10824,8408743
347,11/25/2021 15:00:00,235,4296393,80.000000000000000,3791936,10.000000000000000,320802.000000000000000,245,4617195,90,4112738,325,8409068
348,11/26/2021 15:00:00,5660,4302053,3968.000000000000000,3795904,153.000000000000000,320955.000000000000000,5813,4623008,4121,4116859,9781,8418849
349,11/27/2021 15:00:00,3780,4305833,5482.000000000000000,3801386,134.000000000000000,321089.000000000000000,3914,4626922,5616,4122475,9396,8428245
350,11/28/2021 15:00:00,2401,4308234,6398.000000000000000,3807784,77.000000000000000,321166.000000000000000,2478,4629400,6475,4128950,8876,8437121
351,11/29/2021 15:00:00,6376,4314610,9309.000000000000000,3817093,379.000000000000000,321545.000000000000000,6755,4636155,9688,4138638,16064,8453185
352,11/30/2021 15:00:00,6249,4320859,9333.000000000000000,3826426,264.000000000000000,321809.000000000000000,6513,4642668,9597,4148235,15846,8469031
353,12/1/2021 15:00:00,7325,4328184,9741.000000000000000,3836167,309.000000000000000,322118.000000000000000,7634,4650302,10050,4158285,17375,8486406
354,12/2/2021 15:00:00,6926,4335110,8825.000000000000000,3844992,450.000000000000000,322568.000000000000000,7376,4657678,9275,4167560,16201,8502607
355,12/3/2021 15:00:00,7600,4342710,9331.000000000000000,3854323,251.000000000000000,322819.000000000000000,7851,4665529,9582,4177142,17182,8519789
356,12/4/2021 15:00:00,5939,4348649,10121.000000000000000,3864444,467.000000000000000,323286.000000000000000,6406,4671935,10588,4187730,16527,8536316
357,12/5/2021 15:00:00,3444,4352093,3580.000000000000000,3868024,78.000000000000000,323364.000000000000000,3522,4675457,3658,4191388,7102,8543418
358,12/6/2021 15:00:00,6768,4358861,7109.000000000000000,3875133,281.000000000000000,323645.000000000000000,7049,4682506,7390,4198778,14158,8557576
359,12/7/2021 15:00:00,6424,4365285,7075.000000000000000,3882208,251.000000000000000,323896.000000000000000,6675,4689181,7326,4206104,13750,8571326
360,12/8/2021 15:00:00,6933,4372218,7422.000000000000000,3889630,316.000000000000000,324212.000000000000000,7249,4696430,7738,4213842,14671,8585997
361,12/9/2021 15:00:00,6543,4378761,7059.000000000000000,3896689,399.000000000000000,324611.000000000000000,6942,4703372,7458,4221300,14001,8599998
362,12/10/2021 15:00:00,7289,4386050,7338.000000000000000,3904027,232.000000000000000,324843.000000000000000,7521,4710893,7570,4228870,14859,8614857
363,12/11/2021 15:00:00,4451,4390501,7688.000000000000000,3911715,333.000000000000000,325176.000000000000000,4784,4715677,8021,4236891,12472,8627329
364,12/12/2021 15:00:00,3998,4394499,2808.000000000000000,3914523,60.000000000000000,325236.000000000000000,4058,4719735,2868,4239759,6866,8634195
365,12/13/2021 15:00:00,5704,4400203,5777.000000000000000,3920300,243.000000000000000,325479.000000000000000,5947,4725682,6020,4245779,11724,8645919
366,12/14/2021 15:00:00,6465,4406668,5949.000000000000000,3926249,223.000000000000000,325702.000000000000000,6688,4732370,6172,4251951,12637,8658556
367,12/15/2021 15:00:00,7180,4413848,5724.000000000000000,3931973,259.000000000000000,325961.000000000000000,7439,4739809,5983,4257934,13163,8671719
368,12/16/2021 15:00:00,7894,4421742,2831.000000000000000,3934804,423.000000000000000,326384.000000000000000,8317,4748126,3254,4261188,11148,8682867
369,12/17/2021 15:00:00,7853,4429595,4183.000000000000000,3938987,195.000000000000000,326579.000000000000000,8048,4756174,4378,4265566,12231,8695098
370,12/18/2021 15:00:00,5836,4435431,3188.000000000000000,3942175,298.000000000000000,326877.000000000000000,6134,4762308,3486,4269052,9322,8704420
371,12/19/2021 15:00:00,3374,4438805,1347.000000000000000,3943522,37.000000000000000,326914.000000000000000,3411,4765719,1384,4270436,4758,8709178
372,12/20/2021 15:00:00,8102,4446907,3750.000000000000000,3947272,173.000000000000000,327087.000000000000000,8275,4773994,3923,4274359,12025,8721203
373,12/21/2021 15:00:00,9009,4455916,4167.000000000000000,3951439,175.000000000000000,327262.000000000000000,9184,4783178,4342,4278701,13351,8734554
374,12/22/2021 15:00:00,8712,4464628,3891.000000000000000,3955330,184.000000000000000,327446.000000000000000,8896,4792074,4075,4282776,12787,8747341
375,12/23/2021 15:00:00,8418,4473046,3573.000000000000000,3958903,359.000000000000000,327805.000000000000000,8777,4800851,3932,4286708,12350,8759691
376,12/24/2021 15:00:00,1637,4474683,1011.000000000000000,3959914,39.000000000000000,327844.000000000000000,1676,4802527,1050,4287758,2687,8762378
377,12/25/2021 15:00:00,47,4474730,36.000000000000000,3959950,1.000000000000000,327845.000000000000000,48,4802575,37,4287795,84,8762462
378,12/26/2021 15:00:00,2516,4477246,1745.000000000000000,3961695,44.000000000000000,327889.000000000000000,2560,4805135,1789,4289584,4305,8766767
379,12/27/2021 15:00:00,7222,4484468,4011.000000000000000,3965706,297.000000000000000,328186.000000000000000,7519,4812654,4308,4293892,11530,8778297
380,12/28/2021 15:00:00,7949,4492417,3869.000000000000000,3969575,179.000000000000000,328365.000000000000000,8128,4820782,4048,4297940,11997,8790294
381,12/29/2021 15:00:00,8249,4500666,4022.000000000000000,3973597,156.000000000000000,328521.000000000000000,8405,4829187,4178,4302118,12427,8802721
382,12/30/2021 15:00:00,7490,4508156,3796.000000000000000,3977393,291.000000000000000,328812.000000000000000,7781,4836968,4087,4306205,11577,8814298
383,12/31/2021 15:00:00,2579,4510735,1536.000000000000000,3978929,90.000000000000000,328902.000000000000000,2669,4839637,1626,4307831,4205,8818503
384,1/1/2022 15:00:00,738,4511473,352.000000000000000,3979281,34.000000000000000,328936.000000000000000,772,4840409,386,4308217,1124,8819627
385,1/2/2022 15:00:00,2215,4513688,1649.000000000000000,3980930,48.000000000000000,328984.000000000000000,2263,4842672,1697,4309914,3912,8823539
386,1/3/2022 15:00:00,3399,4517087,2069.000000000000000,3982999,223.000000000000000,329207.000000000000000,3622,4846294,2292,4312206,5691,8829230
387,1/4/2022 15:00:00,5858,4522945,3495.000000000000000,3986494,165.000000000000000,329372.000000000000000,6023,4852317,3660,4315866,9518,8838748
388,1/5/2022 15:00:00,6837,4529782,4700.000000000000000,3991194,175.000000000000000,329547.000000000000000,7012,4859329,4875,4320741,11712,8850460
389,1/6/2022 15:00:00,6786,4536568,4832.000000000000000,3996026,265.000000000000000,329812.000000000000000,7051,4866380,5097,4325838,11883,8862343
390,1/7/2022 15:00:00,6011,4542579,3793.000000000000000,3999819,162.000000000000000,329974.000000000000000,6173,4872553,3955,4329793,9966,8872309
391,1/8/2022 15:00:00,4808,4547387,3912.000000000000000,4003731,78.000000000000000,330052.000000000000000,4886,4877439,3990,4333783,8798,8881107
392,1/9/2022 15:00:00,2764,4550151,2020.000000000000000,4005751,154.000000000000000,330206.000000000000000,2918,4880357,2174,4335957,4938,8886045
393,1/10/2022 15:00:00,6359,4556510,3849.000000000000000,4009600,161.000000000000000,330367.000000000000000,6520,4886877,4010,4339967,10369,8896414
394,1/11/2022 15:00:00,6574,4563084,4265.000000000000000,4013865,143.000000000000000,330510.000000000000000,6717,4893594,4408,4344375,10982,8907396
395,1/12/2022 15:00:00,6838,4569922,4439.000000000000000,4018304,225.000000000000000,330735.000000000000000,7063,4900657,4664,4349039,11502,8918898
396,1/13/2022 15:00:00,6699,4576621,4388.000000000000000,4022692,153.000000000000000,330888.000000000000000,6852,4907509,4541,4353580,11240,8930138
397,1/14/2022 15:00:00,7238,4583859,3285.000000000000000,4025977,253.000000000000000,331141.000000000000000,7491,4915000,3538,4357118,10776,8940914
398,1/15/2022 15:00:00,4283,4588142,1689.000000000000000,4027666,71.000000000000000,331212.000000000000000,4354,4919354,1760,4358878,6043,8946957
399,1/16/2022 15:00:00,2219,4590361,1321.000000000000000,4028987,116.000000000000000,331328.000000000000000,2335,4921689,1437,4360315,3656,8950613
400,1/17/2022 15:00:00,3627,4593988,2372.000000000000000,4031359,75.000000000000000,331403.000000000000000,3702,4925391,2447,4362762,6074,8956687
401,1/18/2022 15:00:00,5304,4599292,4208.000000000000000,4035567,103.000000000000000,331506.000000000000000,5407,4930798,4311,4367073,9615,8966302
402,1/19/2022 15:00:00,5303,4604595,4476.000000000000000,4040043,99.000000000000000,331605.000000000000000,5402,4936200,4575,4371648,9878,8976180
403,1/20/2022 15:00:00,4534,4609129,3626.000000000000000,4043669,176.000000000000000,331781.000000000000000,4710,4940910,3802,4375450,8336,8984516
404,1/21/2022 15:00:00,5616,4614745,2937.000000000000000,4046606,126.000000000000000,331907.000000000000000,5742,4946652,3063,4378513,8679,8993195
405,1/22/2022 15:00:00,3467,4618212,1721.000000000000000,4048327,134.000000000000000,332041.000000000000000,3601,4950253,1855,4380368,5322,8998517
406,1/23/2022 15:00:00,2050,4620262,1496.000000000000000,4049823,30.000000000000000,332071.000000000000000,2080,4952333,1526,4381894,3576,9002093
407,1/24/2022 15:00:00,4124,4624386,2764.000000000000000,4052587,90.000000000000000,332161.000000000000000,4214,4956547,2854,4384748,6978,9009071
408,1/25/2022 15:00:00,3823,4628209,3314.000000000000000,4055901,95.000000000000000,332256.000000000000000,3918,4960465,3409,4388157,7232,9016303
409,1/26/2022 15:00:00,3879,4632088,3695.000000000000000,4059596,95.000000000000000,332351.000000000000000,3974,4964439,3790,4391947,7669,9023972
410,1/27/2022 15:00:00,3778,4635866,3927.000000000000000,4063523,188.000000000000000,332539.000000000000000,3966,4968405,4115,4396062,7893,9031865
411,1/28/2022 15:00:00,3866,4639732,3278.000000000000000,4066801,75.000000000000000,332614.000000000000000,3941,4972346,3353,4399415,7219,9039084
412,1/29/2022 15:00:00,2308,4642040,2293.000000000000000,4069094,117.000000000000000,332731.000000000000000,2425,4974771,2410,4401825,4718,9043802
413,1/30/2022 15:00:00,1565,4643605,1638.000000000000000,4070732,16.000000000000000,332747.000000000000000,1581,4976352,1654,4403479,3219,9047021
414,1/31/2022 15:00:00,3006,4646611,3236.000000000000000,4073968,58.000000000000000,332805.000000000000000,3064,4979416,3294,4406773,6300,9053321
415,2/1/2022 15:00:00,2655,4649266,3407.000000000000000,4077375,75.000000000000000,332880.000000000000000,2730,4982146,3482,4410255,6137,9059458
416,2/2/2022 15:00:00,2831,4652097,3723.000000000000000,4081098,78.000000000000000,332958.000000000000000,2909,4985055,3801,4414056,6632,9066090
417,2/3/2022 15:00:00,2767,4654864,3659.000000000000000,4084757,42.000000000000000,333000.000000000000000,2809,4987864,3701,4417757,6468,9072558
418,2/4/2022 15:00:00,2787,4657651,4377.000000000000000,4089134,128.000000000000000,333128.000000000000000,2915,4990779,4505,4422262,7292,9079850
419,2/5/2022 15:00:00,1925,4659576,2901.000000000000000,4092035,112.000000000000000,333240.000000000000000,2037,4992816,3013,4425275,4938,9084788
420,2/6/2022 15:00:00,1081,4660657,1353.000000000000000,4093388,24.000000000000000,333264.000000000000000,1105,4993921,1377,4426652,2458,9087246
421,2/7/2022 15:00:00,2071,4662728,2693.000000000000000,4096081,51.000000000000000,333315.000000000000000,2122,4996043,2744,4429396,4815,9092061
422,2/8/2022 15:00:00,2096,4664824,3093.000000000000000,4099174,63.000000000000000,333378.000000000000000,2159,4998202,3156,4432552,5252,9097313
423,2/9/2022 15:00:00,2211,4667035,3310.000000000000000,4102484,75.000000000000000,333453.000000000000000,2286,5000488,3385,4435937,5596,9102909
424,2/10/2022 15:00:00,2098,4669133,2876.000000000000000,4105360,55.000000000000000,333508.000000000000000,2153,5002641,2931,4438868,5029,9107938
425,2/11/2022 15:00:00,2521,4671654,3514.000000000000000,4108874,122.000000000000000,333630.000000000000000,2643,5005284,3636,4442504,6157,9114095
426,2/12/2022 15:00:00,1692,4673346,2305.000000000000000,4111179,97.000000000000000,333727.000000000000000,1789,5007073,2402,4444906,4094,9118189
427,2/13/2022 15:00:00,736,4674082,1085.000000000000000,4112264,17.000000000000000,333744.000000000000000,753,5007826,1102,4446008,1838,9120027
428,2/14/2022 15:00:00,1467,4675549,2238.000000000000000,4114502,65.000000000000000,333809.000000000000000,1532,5009358,2303,4448311,3770,9123797
429,2/15/2022 15:00:00,1946,4677495,2457.000000000000000,4116959,47.000000000000000,333856.000000000000000,1993,5011351,2504,4450815,4450,9128247
430,2/16/2022 15:00:00,1692,4679187,2434.000000000000000,4119393,52.000000000000000,333908.000000000000000,1744,5013095,2486,4453301,4178,9132425
431,2/17/2022 15:00:00,16877,4696064,13034.000000000000000,4132427,485.000000000000000,334393.000000000000000,17362,5030457,13519,4466820,30396,9162821
432,2/18/2022 15:00:00,2000,4698064,2577.000000000000000,4135004,49.000000000000000,334442.000000000000000,2049,5032506,2626,4469446,4626,9167447
433,2/19/2022 15:00:00,1235,4699299,1700.000000000000000,4136704,39.000000000000000,334481.000000000000000,1274,5033780,1739,4471185,2974,9170421
434,2/20/2022 15:00:00,705,4700004,848.000000000000000,4137552,15.000000000000000,334496.000000000000000,720,5034500,863,4472048,1568,9171989
435,2/21/2022 15:00:00,1299,4701303,1768.000000000000000,4139320,32.000000000000000,334528.000000000000000,1331,5035831,1800,4473848,3099,9175088
436,2/22/2022 15:00:00,1451,4702754,1883.000000000000000,4141203,36.000000000000000,334564.000000000000000,1487,5037318,1919,4475767,3370,9178458
437,2/23/2022 15:00:00,1567,4704321,1869.000000000000000,4143072,35.000000000000000,334599.000000000000000,1602,5038920,1904,4477671,3471,9181929
438,2/24/2022 15:00:00,1430,4705751,1606.000000000000000,4144678,37.000000000000000,334636.000000000000000,1467,5040387,1643,4479314,3073,9185002
439,2/25/2022 15:00:00,831,4706582,1012.000000000000000,4145690,32.000000000000000,334668.000000000000000,863,5041250,1044,4480358,1875,9186877