OBJECTID,VACCINATION_DATE,FirstDailyDose,FirstDoseCumulative,SecondDailyDose,SecondDoseCumulative,SingleDailyDose,SingleDoseCumulative,AtleastOneVaccine,AtleastOneVaccineCumulative,CompletedVax,CompletedVaxCumulative,FirstSecondSingleVaccination_12,FirstSecondSingleVaccination_13
1,12/14/2020 15:00:00,17,1244,,504,,,17,1244,0,504,17,1633
2,12/15/2020 15:00:00,56,1300,3.000000000000000,507,,,56,1300,3,507,59,1692
3,12/16/2020 15:00:00,585,1885,3.000000000000000,510,,,585,1885,3,510,588,2280
4,12/17/2020 15:00:00,1152,3037,2.000000000000000,512,,,1152,3037,2,512,1154,3434
5,12/18/2020 15:00:00,3002,6039,12.000000000000000,524,,,3002,6039,12,524,3014,6448
6,12/19/2020 15:00:00,927,6966,5.000000000000000,529,,,927,6966,5,529,932,7380
7,12/20/2020 15:00:00,346,7312,4.000000000000000,533,,,346,7312,4,533,350,7730
8,12/21/2020 15:00:00,3875,11187,25.000000000000000,558,,,3875,11187,25,558,3900,11630
9,12/22/2020 15:00:00,6310,17497,23.000000000000000,581,,,6310,17497,23,581,6333,17963
10,12/23/2020 15:00:00,5766,23263,33.000000000000000,614,,,5766,23263,33,614,5799,23762
11,12/24/2020 15:00:00,2718,25981,14.000000000000000,628,,,2718,25981,14,628,2732,26494
12,12/25/2020 15:00:00,1034,27015,4.000000000000000,632,,,1034,27015,4,632,1038,27532
13,12/26/2020 15:00:00,1876,28891,9.000000000000000,641,,,1876,28891,9,641,1885,29417
14,12/27/2020 15:00:00,1799,30690,10.000000000000000,651,,,1799,30690,10,651,1809,31226
15,12/28/2020 15:00:00,8972,39662,41.000000000000000,692,,,8972,39662,41,692,9013,40239
16,12/29/2020 15:00:00,10945,50607,48.000000000000000,740,,,10945,50607,48,740,10993,51232
17,12/30/2020 15:00:00,12484,63091,75.000000000000000,815,,,12484,63091,75,815,12559,63791
18,12/31/2020 15:00:00,7539,70630,41.000000000000000,856,,,7539,70630,41,856,7580,71371
19,1/1/2021 15:00:00,2887,73517,129.000000000000000,985,,,2887,73517,129,985,3016,74387
20,1/2/2021 15:00:00,3017,76534,34.000000000000000,1019,,,3017,76534,34,1019,3051,77438
21,1/3/2021 15:00:00,3390,79924,80.000000000000000,1099,,,3390,79924,80,1099,3470,80908
22,1/4/2021 15:00:00,13325,93249,321.000000000000000,1420,,,13325,93249,321,1420,13646,94554
23,1/5/2021 15:00:00,12443,105692,532.000000000000000,1952,,,12443,105692,532,1952,12975,107529
24,1/6/2021 15:00:00,15218,120910,851.000000000000000,2803,,,15218,120910,851,2803,16069,123598
25,1/7/2021 15:00:00,14997,135907,1749.000000000000000,4552,,,14997,135907,1749,4552,16746,140344
26,1/8/2021 15:00:00,23977,159884,2757.000000000000000,7309,,,23977,159884,2757,7309,26734,167078
27,1/9/2021 15:00:00,5149,165033,945.000000000000000,8254,,,5149,165033,945,8254,6094,173172
28,1/10/2021 15:00:00,2948,167981,375.000000000000000,8629,,,2948,167981,375,8629,3323,176495
29,1/11/2021 15:00:00,13697,181678,3456.000000000000000,12085,,,13697,181678,3456,12085,17153,193648
30,1/12/2021 15:00:00,17353,199031,5573.000000000000000,17658,,,17353,199031,5573,17658,22926,216574
31,1/13/2021 15:00:00,18574,217605,3894.000000000000000,21552,,,18574,217605,3894,21552,22468,239042
32,1/14/2021 15:00:00,17808,235413,1943.000000000000000,23495,,,17808,235413,1943,23495,19751,258793
33,1/15/2021 15:00:00,19418,254831,2002.000000000000000,25497,,,19418,254831,2002,25497,21420,280213
34,1/16/2021 15:00:00,5805,260636,1604.000000000000000,27101,,,5805,260636,1604,27101,7409,287622
35,1/17/2021 15:00:00,2107,262743,1476.000000000000000,28577,,,2107,262743,1476,28577,3583,291205
36,1/18/2021 15:00:00,7062,269805,3241.000000000000000,31818,,,7062,269805,3241,31818,10303,301508
37,1/19/2021 15:00:00,16913,286718,5381.000000000000000,37199,,,16913,286718,5381,37199,22294,323802
38,1/20/2021 15:00:00,20985,307703,5291.000000000000000,42490,,,20985,307703,5291,42490,26276,350078
39,1/21/2021 15:00:00,23760,331463,3797.000000000000000,46287,,,23760,331463,3797,46287,27557,377635
40,1/22/2021 15:00:00,28641,360104,3712.000000000000000,49999,,,28641,360104,3712,49999,32353,409988
41,1/23/2021 15:00:00,10099,370203,1927.000000000000000,51926,,,10099,370203,1927,51926,12026,422014
42,1/24/2021 15:00:00,3338,373541,1720.000000000000000,53646,,,3338,373541,1720,53646,5058,427072
43,1/25/2021 15:00:00,16290,389831,8576.000000000000000,62222,,,16290,389831,8576,62222,24866,451938
44,1/26/2021 15:00:00,17537,407368,8952.000000000000000,71174,,,17537,407368,8952,71174,26489,478427
45,1/27/2021 15:00:00,24442,431810,12519.000000000000000,83693,,,24442,431810,12519,83693,36961,515388
46,1/28/2021 15:00:00,22649,454459,9291.000000000000000,92984,,,22649,454459,9291,92984,31940,547328
47,1/29/2021 15:00:00,24757,479216,7883.000000000000000,100867,,,24757,479216,7883,100867,32640,579968
48,1/30/2021 15:00:00,17763,496979,2530.000000000000000,103397,,,17763,496979,2530,103397,20293,600261
49,1/31/2021 15:00:00,3754,500733,1343.000000000000000,104740,,,3754,500733,1343,104740,5097,605358
50,2/1/2021 15:00:00,7820,508553,5230.000000000000000,109970,,,7820,508553,5230,109970,13050,618408
51,2/2/2021 15:00:00,12460,521013,13795.000000000000000,123765,,,12460,521013,13795,123765,26255,644663
52,2/3/2021 15:00:00,18218,539231,18091.000000000000000,141856,,,18218,539231,18091,141856,36309,680972
53,2/4/2021 15:00:00,22081,561312,15746.000000000000000,157602,,,22081,561312,15746,157602,37827,718799
54,2/5/2021 15:00:00,20332,581644,17371.000000000000000,174973,,,20332,581644,17371,174973,37703,756502
55,2/6/2021 15:00:00,11307,592951,14448.000000000000000,189421,,,11307,592951,14448,189421,25755,782257
56,2/7/2021 15:00:00,5940,598891,1816.000000000000000,191237,,,5940,598891,1816,191237,7756,790013
57,2/8/2021 15:00:00,12945,611836,12904.000000000000000,204141,,,12945,611836,12904,204141,25849,815862
58,2/9/2021 15:00:00,16621,628457,13836.000000000000000,217977,,,16621,628457,13836,217977,30457,846319
59,2/10/2021 15:00:00,19265,647722,21201.000000000000000,239178,,,19265,647722,21201,239178,40466,886785
60,2/11/2021 15:00:00,22848,670570,17298.000000000000000,256476,,,22848,670570,17298,256476,40146,926931
61,2/12/2021 15:00:00,20365,690935,19590.000000000000000,276066,,,20365,690935,19590,276066,39955,966886
62,2/13/2021 15:00:00,11416,702351,6393.000000000000000,282459,,,11416,702351,6393,282459,17809,984695
63,2/14/2021 15:00:00,7109,709460,2104.000000000000000,284563,,,7109,709460,2104,284563,9213,993908
64,2/15/2021 15:00:00,11740,721200,13297.000000000000000,297860,,,11740,721200,13297,297860,25037,1018945
65,2/16/2021 15:00:00,16588,737788,20987.000000000000000,318847,,,16588,737788,20987,318847,37575,1056520
66,2/17/2021 15:00:00,20643,758431,26349.000000000000000,345196,,,20643,758431,26349,345196,46992,1103512
67,2/18/2021 15:00:00,3189,761620,4606.000000000000000,349802,,,3189,761620,4606,349802,7795,1111307
68,2/19/2021 15:00:00,10243,771863,19903.000000000000000,369705,,,10243,771863,19903,369705,30146,1141453
69,2/20/2021 15:00:00,10297,782160,20257.000000000000000,389962,,,10297,782160,20257,389962,30554,1172007
70,2/21/2021 15:00:00,6160,788320,7627.000000000000000,397589,,,6160,788320,7627,397589,13787,1185794
71,2/22/2021 15:00:00,8021,796341,15451.000000000000000,413040,,,8021,796341,15451,413040,23472,1209266
72,2/23/2021 15:00:00,15516,811857,15940.000000000000000,428980,,,15516,811857,15940,428980,31456,1240722
73,2/24/2021 15:00:00,17923,829780,24733.000000000000000,453713,,,17923,829780,24733,453713,42656,1283378
74,2/25/2021 15:00:00,20382,850162,26530.000000000000000,480243,,,20382,850162,26530,480243,46912,1330290
75,2/26/2021 15:00:00,26699,876861,26178.000000000000000,506421,,,26699,876861,26178,506421,52877,1383167
76,2/27/2021 15:00:00,15985,892846,11127.000000000000000,517548,,,15985,892846,11127,517548,27112,1410279
77,2/28/2021 15:00:00,15492,908338,4865.000000000000000,522413,,,15492,908338,4865,522413,20357,1430636
78,3/1/2021 15:00:00,26485,934823,12474.000000000000000,534887,,,26485,934823,12474,534887,38959,1469595
79,3/2/2021 15:00:00,23868,958691,13243.000000000000000,548130,32.000000000000000,32.000000000000000,23900,958723,13275,548162,37143,1506738
80,3/3/2021 15:00:00,30129,988820,18361.000000000000000,566491,182.000000000000000,214.000000000000000,30311,989034,18543,566705,48672,1555410
81,3/4/2021 15:00:00,30937,1019757,18150.000000000000000,584641,4066.000000000000000,4280.000000000000000,35003,1024037,22216,588921,53153,1608563
82,3/5/2021 15:00:00,29419,1049176,19439.000000000000000,604080,4910.000000000000000,9190.000000000000000,34329,1058366,24349,613270,53768,1662331
83,3/6/2021 15:00:00,17856,1067032,8959.000000000000000,613039,6004.000000000000000,15194.000000000000000,23860,1082226,14963,628233,32819,1695150
84,3/7/2021 15:00:00,12111,1079143,4834.000000000000000,617873,6613.000000000000000,21807.000000000000000,18724,1100950,11447,639680,23558,1718708
85,3/8/2021 15:00:00,25831,1104974,8803.000000000000000,626676,8277.000000000000000,30084.000000000000000,34108,1135058,17080,656760,42911,1761619
86,3/9/2021 15:00:00,26083,1131057,15430.000000000000000,642106,8346.000000000000000,38430.000000000000000,34429,1169487,23776,680536,49859,1811478
87,3/10/2021 15:00:00,29813,1160870,15969.000000000000000,658075,7935.000000000000000,46365.000000000000000,37748,1207235,23904,704440,53717,1865195
88,3/11/2021 15:00:00,35941,1196811,16396.000000000000000,674471,3983.000000000000000,50348.000000000000000,39924,1247159,20379,724819,56320,1921515
89,3/12/2021 15:00:00,36879,1233690,18051.000000000000000,692522,2921.000000000000000,53269.000000000000000,39800,1286959,20972,745791,57851,1979366
90,3/13/2021 15:00:00,22646,1256336,10253.000000000000000,702775,1622.000000000000000,54891.000000000000000,24268,1311227,11875,757666,34521,2013887
91,3/14/2021 15:00:00,17838,1274174,6695.000000000000000,709470,999.000000000000000,55890.000000000000000,18837,1330064,7694,765360,25532,2039419
92,3/15/2021 15:00:00,29787,1303961,11263.000000000000000,720733,594.000000000000000,56484.000000000000000,30381,1360445,11857,777217,41644,2081063
93,3/16/2021 15:00:00,33409,1337370,13541.000000000000000,734274,768.000000000000000,57252.000000000000000,34177,1394622,14309,791526,47718,2128781
94,3/17/2021 15:00:00,37541,1374911,17006.000000000000000,751280,1176.000000000000000,58428.000000000000000,38717,1433339,18182,809708,55723,2184504
95,3/18/2021 15:00:00,41407,1416318,12598.000000000000000,763878,1348.000000000000000,59776.000000000000000,42755,1476094,13946,823654,55353,2239857
96,3/19/2021 15:00:00,38295,1454613,15377.000000000000000,779255,1036.000000000000000,60812.000000000000000,39331,1515425,16413,840067,54708,2294565
97,3/20/2021 15:00:00,24666,1479279,10114.000000000000000,789369,699.000000000000000,61511.000000000000000,25365,1540790,10813,850880,35479,2330044
98,3/21/2021 15:00:00,19156,1498435,7836.000000000000000,797205,334.000000000000000,61845.000000000000000,19490,1560280,8170,859050,27326,2357370
99,3/22/2021 15:00:00,32564,1530999,11435.000000000000000,808640,834.000000000000000,62679.000000000000000,33398,1593678,12269,871319,44833,2402203
100,3/23/2021 15:00:00,37733,1568732,17308.000000000000000,825948,1554.000000000000000,64233.000000000000000,39287,1632965,18862,890181,56595,2458798
101,3/24/2021 15:00:00,41058,1609790,21150.000000000000000,847098,1381.000000000000000,65614.000000000000000,42439,1675404,22531,912712,63589,2522387
102,3/25/2021 15:00:00,42333,1652123,21010.000000000000000,868108,2457.000000000000000,68071.000000000000000,44790,1720194,23467,936179,65800,2588187
103,3/26/2021 15:00:00,36591,1688714,26264.000000000000000,894372,2498.000000000000000,70569.000000000000000,39089,1759283,28762,964941,65353,2653540
104,3/27/2021 15:00:00,26917,1715631,16777.000000000000000,911149,2483.000000000000000,73052.000000000000000,29400,1788683,19260,984201,46177,2699717
105,3/28/2021 15:00:00,17010,1732641,12608.000000000000000,923757,1616.000000000000000,74668.000000000000000,18626,1807309,14224,998425,31234,2730951
106,3/29/2021 15:00:00,29702,1762343,26219.000000000000000,949976,1140.000000000000000,75808.000000000000000,30842,1838151,27359,1025784,57061,2788012
107,3/30/2021 15:00:00,40020,1802363,28920.000000000000000,978896,1856.000000000000000,77664.000000000000000,41876,1880027,30776,1056560,70796,2858808
108,3/31/2021 15:00:00,41027,1843390,34601.000000000000000,1013497,5749.000000000000000,83413.000000000000000,46776,1926803,40350,1096910,81377,2940185
109,4/1/2021 15:00:00,41100,1884490,39889.000000000000000,1053386,5669.000000000000000,89082.000000000000000,46769,1973572,45558,1142468,86658,3026843
110,4/2/2021 15:00:00,35001,1919491,32496.000000000000000,1085882,6121.000000000000000,95203.000000000000000,41122,2014694,38617,1181085,73618,3100461
111,4/3/2021 15:00:00,21617,1941108,18667.000000000000000,1104549,4367.000000000000000,99570.000000000000000,25984,2040678,23034,1204119,44651,3145112
112,4/4/2021 15:00:00,8243,1949351,10174.000000000000000,1114723,964.000000000000000,100534.000000000000000,9207,2049885,11138,1215257,19381,3164493
113,4/5/2021 15:00:00,27904,1977255,28850.000000000000000,1143573,6654.000000000000000,107188.000000000000000,34558,2084443,35504,1250761,63408,3227901
114,4/6/2021 15:00:00,39739,2016994,30396.000000000000000,1173969,10491.000000000000000,117679.000000000000000,50230,2134673,40887,1291648,80626,3308527
115,4/7/2021 15:00:00,36028,2053022,34206.000000000000000,1208175,12977.000000000000000,130656.000000000000000,49005,2183678,47183,1338831,83211,3391738
116,4/8/2021 15:00:00,42297,2095319,36011.000000000000000,1244186,13856.000000000000000,144512.000000000000000,56153,2239831,49867,1388698,92164,3483902
117,4/9/2021 15:00:00,34014,2129333,36284.000000000000000,1280470,14526.000000000000000,159038.000000000000000,48540,2288371,50810,1439508,84824,3568726
118,4/10/2021 15:00:00,23444,2152777,23098.000000000000000,1303568,7633.000000000000000,166671.000000000000000,31077,2319448,30731,1470239,54175,3622901
119,4/11/2021 15:00:00,17553,2170330,13268.000000000000000,1316836,10124.000000000000000,176795.000000000000000,27677,2347125,23392,1493631,40945,3663846
120,4/12/2021 15:00:00,24578,2194908,33131.000000000000000,1349967,10895.000000000000000,187690.000000000000000,35473,2382598,44026,1537657,68604,3732450
121,4/13/2021 15:00:00,126769,2321677,90571.000000000000000,1440538,3293.000000000000000,190983.000000000000000,130062,2512660,93864,1631521,220633,3953083
122,4/14/2021 15:00:00,40679,2362356,37759.000000000000000,1478297,210.000000000000000,191193.000000000000000,40889,2553549,37969,1669490,78648,4031731
123,4/15/2021 15:00:00,41667,2404023,39164.000000000000000,1517461,172.000000000000000,191365.000000000000000,41839,2595388,39336,1708826,81003,4112734
124,4/16/2021 15:00:00,37198,2441221,38727.000000000000000,1556188,23.000000000000000,191388.000000000000000,37221,2632609,38750,1747576,75948,4188682
125,4/17/2021 15:00:00,32780,2474001,21986.000000000000000,1578174,12.000000000000000,191400.000000000000000,32792,2665401,21998,1769574,54778,4243460
126,4/18/2021 15:00:00,20059,2494060,16176.000000000000000,1594350,5.000000000000000,191405.000000000000000,20064,2685465,16181,1785755,36240,4279700
127,4/19/2021 15:00:00,29883,2523943,36486.000000000000000,1630836,61.000000000000000,191466.000000000000000,29944,2715409,36547,1822302,66430,4346130
128,4/20/2021 15:00:00,33097,2557040,44176.000000000000000,1675012,56.000000000000000,191522.000000000000000,33153,2748562,44232,1866534,77329,4423459
129,4/21/2021 15:00:00,39797,2596837,46976.000000000000000,1721988,22.000000000000000,191544.000000000000000,39819,2788381,46998,1913532,86795,4510254
130,4/22/2021 15:00:00,36401,2633238,42025.000000000000000,1764013,16.000000000000000,191560.000000000000000,36417,2824798,42041,1955573,78442,4588696
131,4/23/2021 15:00:00,33117,2666355,40067.000000000000000,1804080,14.000000000000000,191574.000000000000000,33131,2857929,40081,1995654,73198,4661894
132,4/24/2021 15:00:00,26402,2692757,27844.000000000000000,1831924,81.000000000000000,191655.000000000000000,26483,2884412,27925,2023579,54327,4716221
133,4/25/2021 15:00:00,20215,2712972,10932.000000000000000,1842856,31.000000000000000,191686.000000000000000,20246,2904658,10963,2034542,31178,4747399
134,4/26/2021 15:00:00,27412,2740384,32655.000000000000000,1875511,202.000000000000000,191888.000000000000000,27614,2932272,32857,2067399,60269,4807668
135,4/27/2021 15:00:00,26687,2767071,33000.000000000000000,1908511,1098.000000000000000,192986.000000000000000,27785,2960057,34098,2101497,60785,4868453
136,4/28/2021 15:00:00,28920,2795991,39472.000000000000000,1947983,1362.000000000000000,194348.000000000000000,30282,2990339,40834,2142331,69754,4938207
137,4/29/2021 15:00:00,27296,2823287,39418.000000000000000,1987401,1465.000000000000000,195813.000000000000000,28761,3019100,40883,2183214,68179,5006386
138,4/30/2021 15:00:00,28187,2851474,32172.000000000000000,2019573,1646.000000000000000,197459.000000000000000,29833,3048933,33818,2217032,62005,5068391
139,5/1/2021 15:00:00,20513,2871987,26478.000000000000000,2046051,1034.000000000000000,198493.000000000000000,21547,3070480,27512,2244544,48025,5116416
140,5/2/2021 15:00:00,10277,2882264,17017.000000000000000,2063068,820.000000000000000,199313.000000000000000,11097,3081577,17837,2262381,28114,5144530
141,5/3/2021 15:00:00,12740,2895004,28518.000000000000000,2091586,1912.000000000000000,201225.000000000000000,14652,3096229,30430,2292811,43170,5187700
142,5/4/2021 15:00:00,13570,2908574,38530.000000000000000,2130116,1736.000000000000000,202961.000000000000000,15306,3111535,40266,2333077,53836,5241536
143,5/5/2021 15:00:00,19324,2927898,37688.000000000000000,2167804,1919.000000000000000,204880.000000000000000,21243,3132778,39607,2372684,58931,5300467
144,5/6/2021 15:00:00,16922,2944820,40544.000000000000000,2208348,1721.000000000000000,206601.000000000000000,18643,3151421,42265,2414949,59187,5359654
145,5/7/2021 15:00:00,17412,2962232,36027.000000000000000,2244375,1958.000000000000000,208559.000000000000000,19370,3170791,37985,2452934,55397,5415051
146,5/8/2021 15:00:00,10785,2973017,31212.000000000000000,2275587,1292.000000000000000,209851.000000000000000,12077,3182868,32504,2485438,43289,5458340
147,5/9/2021 15:00:00,5051,2978068,11912.000000000000000,2287499,695.000000000000000,210546.000000000000000,5746,3188614,12607,2498045,17658,5475998
148,5/10/2021 15:00:00,8951,2987019,31015.000000000000000,2318514,1360.000000000000000,211906.000000000000000,10311,3198925,32375,2530420,41326,5517324
149,5/11/2021 15:00:00,12190,2999209,30248.000000000000000,2348762,1437.000000000000000,213343.000000000000000,13627,3212552,31685,2562105,43875,5561199
150,5/12/2021 15:00:00,13942,3013151,38564.000000000000000,2387326,1919.000000000000000,215262.000000000000000,15861,3228413,40483,2602588,54425,5615624
151,5/13/2021 15:00:00,21850,3035001,33426.000000000000000,2420752,1347.000000000000000,216609.000000000000000,23197,3251610,34773,2637361,56623,5672247
152,5/14/2021 15:00:00,24348,3059349,29982.000000000000000,2450734,1774.000000000000000,218383.000000000000000,26122,3277732,31756,2669117,56104,5728351
153,5/15/2021 15:00:00,21898,3081247,25068.000000000000000,2475802,1490.000000000000000,219873.000000000000000,23388,3301120,26558,2695675,48456,5776807
154,5/16/2021 15:00:00,9080,3090327,17558.000000000000000,2493360,1113.000000000000000,220986.000000000000000,10193,3311313,18671,2714346,27751,5804558
155,5/17/2021 15:00:00,16841,3107168,28364.000000000000000,2521724,1949.000000000000000,222935.000000000000000,18790,3330103,30313,2744659,47154,5851712
156,5/18/2021 15:00:00,21245,3128413,30648.000000000000000,2552372,1941.000000000000000,224876.000000000000000,23186,3353289,32589,2777248,53834,5905546
157,5/19/2021 15:00:00,27622,3156035,32392.000000000000000,2584764,1626.000000000000000,226502.000000000000000,29248,3382537,34018,2811266,61640,5967186
158,5/20/2021 15:00:00,20798,3176833,33222.000000000000000,2617986,1970.000000000000000,228472.000000000000000,22768,3405305,35192,2846458,55990,6023176
159,5/21/2021 15:00:00,19161,3195994,30277.000000000000000,2648263,1608.000000000000000,230080.000000000000000,20769,3426074,31885,2878343,51046,6074222
160,5/22/2021 15:00:00,16918,3212912,20661.000000000000000,2668924,1270.000000000000000,231350.000000000000000,18188,3444262,21931,2900274,38849,6113071
161,5/23/2021 15:00:00,8752,3221664,11427.000000000000000,2680351,964.000000000000000,232314.000000000000000,9716,3453978,12391,2912665,21143,6134214
162,5/24/2021 15:00:00,13563,3235227,17735.000000000000000,2698086,1474.000000000000000,233788.000000000000000,15037,3469015,19209,2931874,32772,6166986
163,5/25/2021 15:00:00,12992,3248219,18662.000000000000000,2716748,1329.000000000000000,235117.000000000000000,14321,3483336,19991,2951865,32983,6199969
164,5/26/2021 15:00:00,18279,3266498,19442.000000000000000,2736190,1512.000000000000000,236629.000000000000000,19791,3503127,20954,2972819,39233,6239202
165,5/27/2021 15:00:00,11682,3278180,18629.000000000000000,2754819,1116.000000000000000,237745.000000000000000,12798,3515925,19745,2992564,31427,6270629
166,5/28/2021 15:00:00,12499,3290679,19715.000000000000000,2774534,1400.000000000000000,239145.000000000000000,13899,3529824,21115,3013679,33614,6304243
167,5/29/2021 15:00:00,9552,3300231,11638.000000000000000,2786172,935.000000000000000,240080.000000000000000,10487,3540311,12573,3026252,22125,6326368
168,5/30/2021 15:00:00,4964,3305195,6418.000000000000000,2792590,596.000000000000000,240676.000000000000000,5560,3545871,7014,3033266,11978,6338346
169,5/31/2021 15:00:00,1773,3306968,3705.000000000000000,2796295,305.000000000000000,240981.000000000000000,2078,3547949,4010,3037276,5783,6344129
170,6/1/2021 15:00:00,9779,3316747,16349.000000000000000,2812644,1153.000000000000000,242134.000000000000000,10932,3558881,17502,3054778,27281,6371410
171,6/2/2021 15:00:00,10229,3326976,16781.000000000000000,2829425,959.000000000000000,243093.000000000000000,11188,3570069,17740,3072518,27969,6399379
172,6/3/2021 15:00:00,7897,3334873,21153.000000000000000,2850578,1086.000000000000000,244179.000000000000000,8983,3579052,22239,3094757,30136,6429515
173,6/4/2021 15:00:00,8200,3343073,22262.000000000000000,2872840,1121.000000000000000,245300.000000000000000,9321,3588373,23383,3118140,31583,6461098
174,6/5/2021 15:00:00,7013,3350086,19411.000000000000000,2892251,720.000000000000000,246020.000000000000000,7733,3596106,20131,3138271,27144,6488242
175,6/6/2021 15:00:00,3462,3353548,7227.000000000000000,2899478,423.000000000000000,246443.000000000000000,3885,3599991,7650,3145921,11112,6499354
176,6/7/2021 15:00:00,6856,3360404,15736.000000000000000,2915214,726.000000000000000,247169.000000000000000,7582,3607573,16462,3162383,23318,6522672
177,6/8/2021 15:00:00,6668,3367072,19673.000000000000000,2934887,829.000000000000000,247998.000000000000000,7497,3615070,20502,3182885,27170,6549842
178,6/9/2021 15:00:00,8195,3375267,23909.000000000000000,2958796,969.000000000000000,248967.000000000000000,9164,3624234,24878,3207763,33073,6582915
179,6/10/2021 15:00:00,7148,3382415,19089.000000000000000,2977885,895.000000000000000,249862.000000000000000,8043,3632277,19984,3227747,27132,6610047
180,6/11/2021 15:00:00,7469,3389884,17701.000000000000000,2995586,1125.000000000000000,250987.000000000000000,8594,3640871,18826,3246573,26295,6636342
181,6/12/2021 15:00:00,5228,3395112,14739.000000000000000,3010325,604.000000000000000,251591.000000000000000,5832,3646703,15343,3261916,20571,6656913
182,6/13/2021 15:00:00,1930,3397042,7559.000000000000000,3017884,427.000000000000000,252018.000000000000000,2357,3649060,7986,3269902,9916,6666829
183,6/14/2021 15:00:00,5653,3402695,11803.000000000000000,3029687,734.000000000000000,252752.000000000000000,6387,3655447,12537,3282439,18190,6685019
184,6/15/2021 15:00:00,5653,3408348,14299.000000000000000,3043986,872.000000000000000,253624.000000000000000,6525,3661972,15171,3297610,20824,6705843
185,6/16/2021 15:00:00,8748,3417096,21557.000000000000000,3065543,757.000000000000000,254381.000000000000000,9505,3671477,22314,3319924,31062,6736905
186,6/17/2021 15:00:00,6683,3423779,12347.000000000000000,3077890,720.000000000000000,255101.000000000000000,7403,3678880,13067,3332991,19750,6756655
187,6/18/2021 15:00:00,6834,3430613,12702.000000000000000,3090592,704.000000000000000,255805.000000000000000,7538,3686418,13406,3346397,20240,6776895
188,6/19/2021 15:00:00,4662,3435275,9355.000000000000000,3099947,613.000000000000000,256418.000000000000000,5275,3691693,9968,3356365,14630,6791525
189,6/20/2021 15:00:00,2505,3437780,5037.000000000000000,3104984,378.000000000000000,256796.000000000000000,2883,3694576,5415,3361780,7920,6799445
190,6/21/2021 15:00:00,5555,3443335,5321.000000000000000,3110305,636.000000000000000,257432.000000000000000,6191,3700767,5957,3367737,11512,6810957
191,6/22/2021 15:00:00,5193,3448528,8850.000000000000000,3119155,682.000000000000000,258114.000000000000000,5875,3706642,9532,3377269,14725,6825682
192,6/23/2021 15:00:00,6064,3454592,10302.000000000000000,3129457,646.000000000000000,258760.000000000000000,6710,3713352,10948,3388217,17012,6842694
193,6/24/2021 15:00:00,5930,3460522,8184.000000000000000,3137641,594.000000000000000,259354.000000000000000,6524,3719876,8778,3396995,14708,6857402
194,6/25/2021 15:00:00,5827,3466349,8619.000000000000000,3146260,620.000000000000000,259974.000000000000000,6447,3726323,9239,3406234,15066,6872468
195,6/26/2021 15:00:00,3700,3470049,6293.000000000000000,3152553,396.000000000000000,260370.000000000000000,4096,3730419,6689,3412923,10389,6882857
196,6/27/2021 15:00:00,2810,3472859,3517.000000000000000,3156070,185.000000000000000,260555.000000000000000,2995,3733414,3702,3416625,6512,6889369
197,6/28/2021 15:00:00,4735,3477594,6085.000000000000000,3162155,523.000000000000000,261078.000000000000000,5258,3738672,6608,3423233,11343,6900712
198,6/29/2021 15:00:00,5059,3482653,6451.000000000000000,3168606,519.000000000000000,261597.000000000000000,5578,3744250,6970,3430203,12029,6912741
199,6/30/2021 15:00:00,5609,3488262,7369.000000000000000,3175975,605.000000000000000,262202.000000000000000,6214,3750464,7974,3438177,13583,6926324
200,7/1/2021 15:00:00,5355,3493617,6926.000000000000000,3182901,495.000000000000000,262697.000000000000000,5850,3756314,7421,3445598,12776,6939100
201,7/2/2021 15:00:00,5282,3498899,6816.000000000000000,3189717,521.000000000000000,263218.000000000000000,5803,3762117,7337,3452935,12619,6951719
202,7/3/2021 15:00:00,3263,3502162,4054.000000000000000,3193771,265.000000000000000,263483.000000000000000,3528,3765645,4319,3457254,7582,6959301
203,7/4/2021 15:00:00,492,3502654,544.000000000000000,3194315,67.000000000000000,263550.000000000000000,559,3766204,611,3457865,1103,6960404
204,7/5/2021 15:00:00,3759,3506413,3945.000000000000000,3198260,287.000000000000000,263837.000000000000000,4046,3770250,4232,3462097,7991,6968395
205,7/6/2021 15:00:00,4479,3510892,6235.000000000000000,3204495,452.000000000000000,264289.000000000000000,4931,3775181,6687,3468784,11166,6979561
206,7/7/2021 15:00:00,4458,3515350,6385.000000000000000,3210880,482.000000000000000,264771.000000000000000,4940,3780121,6867,3475651,11325,6990886
207,7/8/2021 15:00:00,4827,3520177,6144.000000000000000,3217024,564.000000000000000,265335.000000000000000,5391,3785512,6708,3482359,11535,7002421
208,7/9/2021 15:00:00,5348,3525525,6634.000000000000000,3223658,572.000000000000000,265907.000000000000000,5920,3791432,7206,3489565,12554,7014975
209,7/10/2021 15:00:00,3524,3529049,4386.000000000000000,3228044,302.000000000000000,266209.000000000000000,3826,3795258,4688,3494253,8212,7023187
210,7/11/2021 15:00:00,2668,3531717,2564.000000000000000,3230608,224.000000000000000,266433.000000000000000,2892,3798150,2788,3497041,5456,7028643
211,7/12/2021 15:00:00,4414,3536131,5099.000000000000000,3235707,377.000000000000000,266810.000000000000000,4791,3802941,5476,3502517,9890,7038533
212,7/13/2021 15:00:00,4763,3540894,4594.000000000000000,3240301,366.000000000000000,267176.000000000000000,5129,3808070,4960,3507477,9723,7048256
213,7/14/2021 15:00:00,4610,3545504,5252.000000000000000,3245553,421.000000000000000,267597.000000000000000,5031,3813101,5673,3513150,10283,7058539
214,7/15/2021 15:00:00,4883,3550387,4992.000000000000000,3250545,357.000000000000000,267954.000000000000000,5240,3818341,5349,3518499,10232,7068771
215,7/16/2021 15:00:00,6279,3556666,5813.000000000000000,3256358,401.000000000000000,268355.000000000000000,6680,3825021,6214,3524713,12493,7081264
216,7/17/2021 15:00:00,3410,3560076,3541.000000000000000,3259899,300.000000000000000,268655.000000000000000,3710,3828731,3841,3528554,7251,7088515
217,7/18/2021 15:00:00,2305,3562381,2371.000000000000000,3262270,110.000000000000000,268765.000000000000000,2415,3831146,2481,3531035,4786,7093301
218,7/19/2021 15:00:00,5259,3567640,4470.000000000000000,3266740,379.000000000000000,269144.000000000000000,5638,3836784,4849,3535884,10108,7103409
219,7/20/2021 15:00:00,5326,3572966,4686.000000000000000,3271426,366.000000000000000,269510.000000000000000,5692,3842476,5052,3540936,10378,7113787
220,7/21/2021 15:00:00,5637,3578603,4912.000000000000000,3276338,415.000000000000000,269925.000000000000000,6052,3848528,5327,3546263,10964,7124751
221,7/22/2021 15:00:00,6013,3584616,4607.000000000000000,3280945,469.000000000000000,270394.000000000000000,6482,3855010,5076,3551339,11089,7135840
222,7/23/2021 15:00:00,6835,3591451,4820.000000000000000,3285765,492.000000000000000,270886.000000000000000,7327,3862337,5312,3556651,12147,7147987
223,7/24/2021 15:00:00,4277,3595728,3194.000000000000000,3288959,267.000000000000000,271153.000000000000000,4544,3866881,3461,3560112,7738,7155725
224,7/25/2021 15:00:00,3290,3599018,1111.000000000000000,3290070,138.000000000000000,271291.000000000000000,3428,3870309,1249,3561361,4539,7160264
225,7/26/2021 15:00:00,6197,3605215,3888.000000000000000,3293958,418.000000000000000,271709.000000000000000,6615,3876924,4306,3565667,10503,7170767
226,7/27/2021 15:00:00,6346,3611561,4053.000000000000000,3298011,455.000000000000000,272164.000000000000000,6801,3883725,4508,3570175,10854,7181621
227,7/28/2021 15:00:00,6801,3618362,3999.000000000000000,3302010,458.000000000000000,272622.000000000000000,7259,3890984,4457,3574632,11258,7192879
228,7/29/2021 15:00:00,6801,3625163,4142.000000000000000,3306152,416.000000000000000,273038.000000000000000,7217,3898201,4558,3579190,11359,7204238
229,7/30/2021 15:00:00,7537,3632700,4509.000000000000000,3310661,523.000000000000000,273561.000000000000000,8060,3906261,5032,3584222,12569,7216807
230,7/31/2021 15:00:00,4781,3637481,3037.000000000000000,3313698,273.000000000000000,273834.000000000000000,5054,3911315,3310,3587532,8091,7224898
231,8/1/2021 15:00:00,3832,3641313,2118.000000000000000,3315816,160.000000000000000,273994.000000000000000,3992,3915307,2278,3589810,6110,7231008
232,8/2/2021 15:00:00,7021,3648334,3636.000000000000000,3319452,336.000000000000000,274330.000000000000000,7357,3922664,3972,3593782,10993,7242001
233,8/3/2021 15:00:00,7001,3655335,3895.000000000000000,3323347,511.000000000000000,274841.000000000000000,7512,3930176,4406,3598188,11407,7253408
234,8/4/2021 15:00:00,7157,3662492,3894.000000000000000,3327241,528.000000000000000,275369.000000000000000,7685,3937861,4422,3602610,11579,7264987
235,8/5/2021 15:00:00,7678,3670170,4112.000000000000000,3331353,537.000000000000000,275906.000000000000000,8215,3946076,4649,3607259,12327,7277314
236,8/6/2021 15:00:00,8294,3678464,4691.000000000000000,3336044,452.000000000000000,276358.000000000000000,8746,3954822,5143,3612402,13437,7290751
237,8/7/2021 15:00:00,5257,3683721,2804.000000000000000,3338848,264.000000000000000,276622.000000000000000,5521,3960343,3068,3615470,8325,7299076
238,8/8/2021 15:00:00,3944,3687665,2043.000000000000000,3340891,143.000000000000000,276765.000000000000000,4087,3964430,2186,3617656,6130,7305206
239,8/9/2021 15:00:00,6922,3694587,4511.000000000000000,3345402,367.000000000000000,277132.000000000000000,7289,3971719,4878,3622534,11800,7317006
240,8/10/2021 15:00:00,7124,3701711,4445.000000000000000,3349847,338.000000000000000,277470.000000000000000,7462,3979181,4783,3627317,11907,7328913
241,8/11/2021 15:00:00,7047,3708758,4420.000000000000000,3354267,440.000000000000000,277910.000000000000000,7487,3986668,4860,3632177,11907,7340820
242,8/12/2021 15:00:00,8594,3717352,4717.000000000000000,3358984,443.000000000000000,278353.000000000000000,9037,3995705,5160,3637337,13754,7354574
243,8/13/2021 15:00:00,7131,3724483,5355.000000000000000,3364339,394.000000000000000,278747.000000000000000,7525,4003230,5749,3643086,12880,7367454
244,8/14/2021 15:00:00,4912,3729395,3337.000000000000000,3367676,285.000000000000000,279032.000000000000000,5197,4008427,3622,3646708,8534,7375988
245,8/15/2021 15:00:00,3320,3732715,2730.000000000000000,3370406,164.000000000000000,279196.000000000000000,3484,4011911,2894,3649602,6214,7382202
246,8/16/2021 15:00:00,5433,3738148,5073.000000000000000,3375479,352.000000000000000,279548.000000000000000,5785,4017696,5425,3655027,10858,7393060
247,8/17/2021 15:00:00,6959,3745107,5174.000000000000000,3380653,389.000000000000000,279937.000000000000000,7348,4025044,5563,3660590,12522,7405582
248,8/18/2021 15:00:00,6502,3751609,5293.000000000000000,3385946,477.000000000000000,280414.000000000000000,6979,4032023,5770,3666360,12272,7417854
249,8/19/2021 15:00:00,5988,3757597,5314.000000000000000,3391260,415.000000000000000,280829.000000000000000,6403,4038426,5729,3672089,11717,7429571
250,8/20/2021 15:00:00,7029,3764626,6324.000000000000000,3397584,402.000000000000000,281231.000000000000000,7431,4045857,6726,3678815,13755,7443326
251,8/21/2021 15:00:00,4319,3768945,3915.000000000000000,3401499,227.000000000000000,281458.000000000000000,4546,4050403,4142,3682957,8461,7451787
252,8/22/2021 15:00:00,3060,3772005,3158.000000000000000,3404657,110.000000000000000,281568.000000000000000,3170,4053573,3268,3686225,6328,7458115
253,8/23/2021 15:00:00,6167,3778172,5914.000000000000000,3410571,285.000000000000000,281853.000000000000000,6452,4060025,6199,3692424,12366,7470481
254,8/24/2021 15:00:00,6646,3784818,5867.000000000000000,3416438,424.000000000000000,282277.000000000000000,7070,4067095,6291,3698715,12937,7483418
255,8/25/2021 15:00:00,6912,3791730,6013.000000000000000,3422451,439.000000000000000,282716.000000000000000,7351,4074446,6452,3705167,13364,7496782
256,8/26/2021 15:00:00,7181,3798911,6425.000000000000000,3428876,427.000000000000000,283143.000000000000000,7608,4082054,6852,3712019,14033,7510815
257,8/27/2021 15:00:00,6869,3805780,7013.000000000000000,3435889,316.000000000000000,283459.000000000000000,7185,4089239,7329,3719348,14198,7525013
258,8/28/2021 15:00:00,6906,3812686,6494.000000000000000,3442383,325.000000000000000,283784.000000000000000,7231,4096470,6819,3726167,13725,7538738
259,8/29/2021 15:00:00,3736,3816422,3676.000000000000000,3446059,611.000000000000000,284395.000000000000000,4347,4100817,4287,3730454,8023,7546761
260,8/30/2021 15:00:00,5946,3822368,6094.000000000000000,3452153,960.000000000000000,285355.000000000000000,6906,4107723,7054,3737508,13000,7559761
261,8/31/2021 15:00:00,5700,3828068,5913.000000000000000,3458066,945.000000000000000,286300.000000000000000,6645,4114368,6858,3744366,12558,7572319
262,9/1/2021 15:00:00,5560,3833628,5589.000000000000000,3463655,911.000000000000000,287211.000000000000000,6471,4120839,6500,3750866,12060,7584379
263,9/2/2021 15:00:00,5524,3839152,5898.000000000000000,3469553,703.000000000000000,287914.000000000000000,6227,4127066,6601,3757467,12125,7596504
264,9/3/2021 15:00:00,6001,3845153,6881.000000000000000,3476434,971.000000000000000,288885.000000000000000,6972,4134038,7852,3765319,13853,7610357
265,9/4/2021 15:00:00,3716,3848869,4333.000000000000000,3480767,879.000000000000000,289764.000000000000000,4595,4138633,5212,3770531,8928,7619285
266,9/5/2021 15:00:00,2956,3851825,2801.000000000000000,3483568,105.000000000000000,289869.000000000000000,3061,4141694,2906,3773437,5862,7625147
267,9/6/2021 15:00:00,1056,3852881,1148.000000000000000,3484716,63.000000000000000,289932.000000000000000,1119,4142813,1211,3774648,2267,7627414
268,9/7/2021 15:00:00,5343,3858224,7257.000000000000000,3491973,2304.000000000000000,292236.000000000000000,7647,4150460,9561,3784209,14904,7642318
269,9/8/2021 15:00:00,4661,3862885,5444.000000000000000,3497417,365.000000000000000,292601.000000000000000,5026,4155486,5809,3790018,10470,7652788
270,9/9/2021 15:00:00,5086,3867971,5357.000000000000000,3502774,324.000000000000000,292925.000000000000000,5410,4160896,5681,3795699,10767,7663555
271,9/10/2021 15:00:00,6545,3874516,6594.000000000000000,3509368,1716.000000000000000,294641.000000000000000,8261,4169157,8310,3804009,14855,7678410
272,9/11/2021 15:00:00,4167,3878683,4320.000000000000000,3513688,664.000000000000000,295305.000000000000000,4831,4173988,4984,3808993,9151,7687561
273,9/12/2021 15:00:00,3164,3881847,3229.000000000000000,3516917,436.000000000000000,295741.000000000000000,3600,4177588,3665,3812658,6829,7694390
274,9/13/2021 15:00:00,4671,3886518,4844.000000000000000,3521761,346.000000000000000,296087.000000000000000,5017,4182605,5190,3817848,9861,7704251
275,9/14/2021 15:00:00,4585,3891103,5193.000000000000000,3526954,434.000000000000000,296521.000000000000000,5019,4187624,5627,3823475,10212,7714463
276,9/15/2021 15:00:00,4851,3895954,5604.000000000000000,3532558,388.000000000000000,296909.000000000000000,5239,4192863,5992,3829467,10843,7725306
277,9/16/2021 15:00:00,4588,3900542,5613.000000000000000,3538171,335.000000000000000,297244.000000000000000,4923,4197786,5948,3835415,10536,7735842
278,9/17/2021 15:00:00,5044,3905586,6331.000000000000000,3544502,342.000000000000000,297586.000000000000000,5386,4203172,6673,3842088,11717,7747559
279,9/18/2021 15:00:00,3789,3909375,4560.000000000000000,3549062,185.000000000000000,297771.000000000000000,3974,4207146,4745,3846833,8534,7756093
280,9/19/2021 15:00:00,2742,3912117,3157.000000000000000,3552219,75.000000000000000,297846.000000000000000,2817,4209963,3232,3850065,5974,7762067
281,9/20/2021 15:00:00,3557,3915674,4469.000000000000000,3556688,429.000000000000000,298275.000000000000000,3986,4213949,4898,3854963,8455,7770522
282,9/21/2021 15:00:00,3808,3919482,4810.000000000000000,3561498,326.000000000000000,298601.000000000000000,4134,4218083,5136,3860099,8944,7779466
283,9/22/2021 15:00:00,4201,3923683,4751.000000000000000,3566249,459.000000000000000,299060.000000000000000,4660,4222743,5210,3865309,9411,7788877
284,9/23/2021 15:00:00,4185,3927868,4697.000000000000000,3570946,492.000000000000000,299552.000000000000000,4677,4227420,5189,3870498,9374,7798251
285,9/24/2021 15:00:00,5089,3932957,5578.000000000000000,3576524,422.000000000000000,299974.000000000000000,5511,4232931,6000,3876498,11089,7809340
286,9/25/2021 15:00:00,3629,3936586,3623.000000000000000,3580147,385.000000000000000,300359.000000000000000,4014,4236945,4008,3880506,7637,7816977
287,9/26/2021 15:00:00,2358,3938944,2659.000000000000000,3582806,423.000000000000000,300782.000000000000000,2781,4239726,3082,3883588,5440,7822417
288,9/27/2021 15:00:00,4516,3943460,2692.000000000000000,3585498,509.000000000000000,301291.000000000000000,5025,4244751,3201,3886789,7717,7830134
289,9/28/2021 15:00:00,4408,3947868,4439.000000000000000,3589937,211.000000000000000,301502.000000000000000,4619,4249370,4650,3891439,9058,7839192
290,9/29/2021 15:00:00,4709,3952577,4500.000000000000000,3594437,918.000000000000000,302420.000000000000000,5627,4254997,5418,3896857,10127,7849319
291,9/30/2021 15:00:00,4887,3957464,4557.000000000000000,3598994,792.000000000000000,303212.000000000000000,5679,4260676,5349,3902206,10236,7859555
292,10/1/2021 15:00:00,5484,3962948,5294.000000000000000,3604288,779.000000000000000,303991.000000000000000,6263,4266939,6073,3908279,11557,7871112
293,10/2/2021 15:00:00,2940,3965888,2889.000000000000000,3607177,187.000000000000000,304178.000000000000000,3127,4270066,3076,3911355,6016,7877128
294,10/3/2021 15:00:00,2082,3967970,2376.000000000000000,3609553,86.000000000000000,304264.000000000000000,2168,4272234,2462,3913817,4544,7881672
295,10/4/2021 15:00:00,4156,3972126,3370.000000000000000,3612923,232.000000000000000,304496.000000000000000,4388,4276622,3602,3917419,7758,7889430
296,10/5/2021 15:00:00,4057,3976183,3573.000000000000000,3616496,207.000000000000000,304703.000000000000000,4264,4280886,3780,3921199,7837,7897267
297,10/6/2021 15:00:00,4124,3980307,3490.000000000000000,3619986,264.000000000000000,304967.000000000000000,4388,4285274,3754,3924953,7878,7905145
298,10/7/2021 15:00:00,4371,3984678,3508.000000000000000,3623494,331.000000000000000,305298.000000000000000,4702,4289976,3839,3928792,8210,7913355
299,10/8/2021 15:00:00,4948,3989626,4123.000000000000000,3627617,283.000000000000000,305581.000000000000000,5231,4295207,4406,3933198,9354,7922709
300,10/9/2021 15:00:00,2687,3992313,2671.000000000000000,3630288,270.000000000000000,305851.000000000000000,2957,4298164,2941,3936139,5628,7928337
301,10/10/2021 15:00:00,1863,3994176,1846.000000000000000,3632134,59.000000000000000,305910.000000000000000,1922,4300086,1905,3938044,3768,7932105
302,10/11/2021 15:00:00,4372,3998548,3189.000000000000000,3635323,248.000000000000000,306158.000000000000000,4620,4304706,3437,3941481,7809,7939914
303,10/12/2021 15:00:00,3727,4002275,3406.000000000000000,3638729,270.000000000000000,306428.000000000000000,3997,4308703,3676,3945157,7403,7947317
304,10/13/2021 15:00:00,3982,4006257,3444.000000000000000,3642173,347.000000000000000,306775.000000000000000,4329,4313032,3791,3948948,7773,7955090
305,10/14/2021 15:00:00,5189,4011446,5477.000000000000000,3647650,429.000000000000000,307204.000000000000000,5618,4318650,5906,3954854,11095,7966185
306,10/15/2021 15:00:00,4733,4016179,4582.000000000000000,3652232,347.000000000000000,307551.000000000000000,5080,4323730,4929,3959783,9662,7975847
307,10/16/2021 15:00:00,2504,4018683,2502.000000000000000,3654734,291.000000000000000,307842.000000000000000,2795,4326525,2793,3962576,5297,7981144
308,10/17/2021 15:00:00,1809,4020492,1774.000000000000000,3656508,55.000000000000000,307897.000000000000000,1864,4328389,1829,3964405,3638,7984782
309,10/18/2021 15:00:00,4311,4024803,3569.000000000000000,3660077,267.000000000000000,308164.000000000000000,4578,4332967,3836,3968241,8147,7992929
310,10/19/2021 15:00:00,4324,4029127,4034.000000000000000,3664111,222.000000000000000,308386.000000000000000,4546,4337513,4256,3972497,8580,8001509
311,10/20/2021 15:00:00,3546,4032673,3428.000000000000000,3667539,254.000000000000000,308640.000000000000000,3800,4341313,3682,3976179,7228,8008737
312,10/21/2021 15:00:00,3311,4035984,3262.000000000000000,3670801,290.000000000000000,308930.000000000000000,3601,4344914,3552,3979731,6863,8015600
313,10/22/2021 15:00:00,4701,4040685,4042.000000000000000,3674843,475.000000000000000,309405.000000000000000,5176,4350090,4517,3984248,9218,8024818
314,10/23/2021 15:00:00,2904,4043589,2127.000000000000000,3676970,321.000000000000000,309726.000000000000000,3225,4353315,2448,3986696,5352,8030170
315,10/24/2021 15:00:00,2062,4045651,1560.000000000000000,3678530,78.000000000000000,309804.000000000000000,2140,4355455,1638,3988334,3700,8033870
316,10/25/2021 15:00:00,4553,4050204,3116.000000000000000,3681646,317.000000000000000,310121.000000000000000,4870,4360325,3433,3991767,7986,8041856
317,10/26/2021 15:00:00,4522,4054726,3144.000000000000000,3684790,311.000000000000000,310432.000000000000000,4833,4365158,3455,3995222,7977,8049833
318,10/27/2021 15:00:00,4744,4059470,3400.000000000000000,3688190,429.000000000000000,310861.000000000000000,5173,4370331,3829,3999051,8573,8058406
319,10/28/2021 15:00:00,4568,4064038,3432.000000000000000,3691622,495.000000000000000,311356.000000000000000,5063,4375394,3927,4002978,8495,8066901
320,10/29/2021 15:00:00,4981,4069019,3948.000000000000000,3695570,393.000000000000000,311749.000000000000000,5374,4380768,4341,4007319,9322,8076223
321,10/30/2021 15:00:00,2632,4071651,1859.000000000000000,3697429,308.000000000000000,312057.000000000000000,2940,4383708,2167,4009486,4799,8081022
322,10/31/2021 15:00:00,1953,4073604,1517.000000000000000,3698946,93.000000000000000,312150.000000000000000,2046,4385754,1610,4011096,3563,8084585
323,11/1/2021 15:00:00,4660,4078264,3484.000000000000000,3702430,339.000000000000000,312489.000000000000000,4999,4390753,3823,4014919,8483,8093068
324,11/2/2021 15:00:00,4252,4082516,3029.000000000000000,3705459,406.000000000000000,312895.000000000000000,4658,4395411,3435,4018354,7687,8100755
325,11/3/2021 15:00:00,4670,4087186,3131.000000000000000,3708590,460.000000000000000,313355.000000000000000,5130,4400541,3591,4021945,8261,8109016
326,11/4/2021 15:00:00,6293,4093479,3424.000000000000000,3712014,513.000000000000000,313868.000000000000000,6806,4407347,3937,4025882,10230,8119246
327,11/5/2021 15:00:00,8202,4101681,3842.000000000000000,3715856,408.000000000000000,314276.000000000000000,8610,4415957,4250,4030132,12452,8131698
328,11/6/2021 15:00:00,10062,4111743,1994.000000000000000,3717850,305.000000000000000,314581.000000000000000,10367,4426324,2299,4032431,12361,8144059
329,11/7/2021 15:00:00,7699,4119442,1477.000000000000000,3719327,94.000000000000000,314675.000000000000000,7793,4434117,1571,4034002,9270,8153329
330,11/8/2021 15:00:00,11287,4130729,3114.000000000000000,3722441,378.000000000000000,315053.000000000000000,11665,4445782,3492,4037494,14779,8168108
331,11/9/2021 15:00:00,11751,4142480,2737.000000000000000,3725178,268.000000000000000,315321.000000000000000,12019,4457801,3005,4040499,14756,8182864
332,11/10/2021 15:00:00,12562,4155042,2835.000000000000000,3728013,337.000000000000000,315658.000000000000000,12899,4470700,3172,4043671,15734,8198598
333,11/11/2021 15:00:00,11325,4166367,2465.000000000000000,3730478,281.000000000000000,315939.000000000000000,11606,4482306,2746,4046417,14071,8212669
334,11/12/2021 15:00:00,12261,4178628,3443.000000000000000,3733921,548.000000000000000,316487.000000000000000,12809,4495115,3991,4050408,16252,8228921
335,11/13/2021 15:00:00,9739,4188367,1604.000000000000000,3735525,342.000000000000000,316829.000000000000000,10081,4505196,1946,4052354,11685,8240606
336,11/14/2021 15:00:00,3917,4192284,1132.000000000000000,3736657,121.000000000000000,316950.000000000000000,4038,4509234,1253,4053607,5170,8245776
337,11/15/2021 15:00:00,8595,4200879,2621.000000000000000,3739278,205.000000000000000,317155.000000000000000,8800,4518034,2826,4056433,11421,8257197
338,11/16/2021 15:00:00,9219,4210098,2601.000000000000000,3741879,255.000000000000000,317410.000000000000000,9474,4527508,2856,4059289,12075,8269272
339,11/17/2021 15:00:00,9372,4219470,2960.000000000000000,3744839,312.000000000000000,317722.000000000000000,9684,4537192,3272,4062561,12644,8281916
340,11/18/2021 15:00:00,9269,4228739,2710.000000000000000,3747549,480.000000000000000,318202.000000000000000,9749,4546941,3190,4065751,12459,8294375
341,11/19/2021 15:00:00,9784,4238523,3020.000000000000000,3750569,382.000000000000000,318584.000000000000000,10166,4557107,3402,4069153,13186,8307561
342,11/20/2021 15:00:00,10626,4249149,1619.000000000000000,3752188,453.000000000000000,319037.000000000000000,11079,4568186,2072,4071225,12698,8320259
343,11/21/2021 15:00:00,4349,4253498,1208.000000000000000,3753396,99.000000000000000,319136.000000000000000,4448,4572634,1307,4072532,5656,8325915
344,11/22/2021 15:00:00,9768,4263266,2573.000000000000000,3755969,292.000000000000000,319428.000000000000000,10060,4582694,2865,4075397,12633,8338548
345,11/23/2021 15:00:00,9164,4272430,2496.000000000000000,3758465,280.000000000000000,319708.000000000000000,9444,4592138,2776,4078173,11940,8350488
346,11/24/2021 15:00:00,8097,4280527,2538.000000000000000,3761003,216.000000000000000,319924.000000000000000,8313,4600451,2754,4080927,10851,8361339
347,11/25/2021 15:00:00,238,4280765,77.000000000000000,3761080,9.000000000000000,319933.000000000000000,247,4600698,86,4081013,324,8361663
348,11/26/2021 15:00:00,5675,4286440,4049.000000000000000,3765129,152.000000000000000,320085.000000000000000,5827,4606525,4201,4085214,9876,8371539
349,11/27/2021 15:00:00,3786,4290226,5447.000000000000000,3770576,134.000000000000000,320219.000000000000000,3920,4610445,5581,4090795,9367,8380906
350,11/28/2021 15:00:00,2423,4292649,6364.000000000000000,3776940,77.000000000000000,320296.000000000000000,2500,4612945,6441,4097236,8864,8389770
351,11/29/2021 15:00:00,6363,4299012,9310.000000000000000,3786250,379.000000000000000,320675.000000000000000,6742,4619687,9689,4106925,16052,8405822
352,11/30/2021 15:00:00,6199,4305211,9331.000000000000000,3795581,264.000000000000000,320939.000000000000000,6463,4626150,9595,4116520,15794,8421616
353,12/1/2021 15:00:00,7174,4312385,9601.000000000000000,3805182,305.000000000000000,321244.000000000000000,7479,4633629,9906,4126426,17080,8438696
354,12/2/2021 15:00:00,6812,4319197,8751.000000000000000,3813933,447.000000000000000,321691.000000000000000,7259,4640888,9198,4135624,16010,8454706
355,12/3/2021 15:00:00,7457,4326654,9131.000000000000000,3823064,247.000000000000000,321938.000000000000000,7704,4648592,9378,4145002,16835,8471541
356,12/4/2021 15:00:00,5833,4332487,9553.000000000000000,3832617,457.000000000000000,322395.000000000000000,6290,4654882,10010,4155012,15843,8487384
357,12/5/2021 15:00:00,3387,4335874,3079.000000000000000,3835696,74.000000000000000,322469.000000000000000,3461,4658343,3153,4158165,6540,8493924
358,12/6/2021 15:00:00,6499,4342373,6921.000000000000000,3842617,266.000000000000000,322735.000000000000000,6765,4665108,7187,4165352,13686,8507610
359,12/7/2021 15:00:00,6149,4348522,6696.000000000000000,3849313,240.000000000000000,322975.000000000000000,6389,4671497,6936,4172288,13085,8520695
360,12/8/2021 15:00:00,6668,4355190,7117.000000000000000,3856430,309.000000000000000,323284.000000000000000,6977,4678474,7426,4179714,14094,8534789
361,12/9/2021 15:00:00,6231,4361421,6747.000000000000000,3863177,394.000000000000000,323678.000000000000000,6625,4685099,7141,4186855,13372,8548161
362,12/10/2021 15:00:00,6958,4368379,7042.000000000000000,3870219,225.000000000000000,323903.000000000000000,7183,4692282,7267,4194122,14225,8562386
363,12/11/2021 15:00:00,4290,4372669,7172.000000000000000,3877391,331.000000000000000,324234.000000000000000,4621,4696903,7503,4201625,11793,8574179
364,12/12/2021 15:00:00,3987,4376656,2775.000000000000000,3880166,60.000000000000000,324294.000000000000000,4047,4700950,2835,4204460,6822,8581001
365,12/13/2021 15:00:00,5516,4382172,5590.000000000000000,3885756,238.000000000000000,324532.000000000000000,5754,4706704,5828,4210288,11344,8592345
366,12/14/2021 15:00:00,6247,4388419,5775.000000000000000,3891531,204.000000000000000,324736.000000000000000,6451,4713155,5979,4216267,12226,8604571
367,12/15/2021 15:00:00,6858,4395277,5492.000000000000000,3897023,243.000000000000000,324979.000000000000000,7101,4720256,5735,4222002,12593,8617164
368,12/16/2021 15:00:00,7555,4402832,2752.000000000000000,3899775,414.000000000000000,325393.000000000000000,7969,4728225,3166,4225168,10721,8627885
369,12/17/2021 15:00:00,7537,4410369,4017.000000000000000,3903792,175.000000000000000,325568.000000000000000,7712,4735937,4192,4229360,11729,8639614
370,12/18/2021 15:00:00,5657,4416026,3088.000000000000000,3906880,294.000000000000000,325862.000000000000000,5951,4741888,3382,4232742,9039,8648653
371,12/19/2021 15:00:00,3324,4419350,1288.000000000000000,3908168,35.000000000000000,325897.000000000000000,3359,4745247,1323,4234065,4647,8653300
372,12/20/2021 15:00:00,7802,4427152,3669.000000000000000,3911837,149.000000000000000,326046.000000000000000,7951,4753198,3818,4237883,11620,8664920
373,12/21/2021 15:00:00,8657,4435809,4099.000000000000000,3915936,158.000000000000000,326204.000000000000000,8815,4762013,4257,4242140,12914,8677834
374,12/22/2021 15:00:00,8245,4444054,3739.000000000000000,3919675,169.000000000000000,326373.000000000000000,8414,4770427,3908,4246048,12153,8689987
375,12/23/2021 15:00:00,8038,4452092,3442.000000000000000,3923117,350.000000000000000,326723.000000000000000,8388,4778815,3792,4249840,11830,8701817
376,12/24/2021 15:00:00,1548,4453640,985.000000000000000,3924102,36.000000000000000,326759.000000000000000,1584,4780399,1021,4250861,2569,8704386
377,12/25/2021 15:00:00,47,4453687,36.000000000000000,3924138,1.000000000000000,326760.000000000000000,48,4780447,37,4250898,84,8704470
378,12/26/2021 15:00:00,2484,4456171,1715.000000000000000,3925853,44.000000000000000,326804.000000000000000,2528,4782975,1759,4252657,4243,8708713
379,12/27/2021 15:00:00,6947,4463118,3897.000000000000000,3929750,293.000000000000000,327097.000000000000000,7240,4790215,4190,4256847,11137,8719850
380,12/28/2021 15:00:00,7486,4470604,3634.000000000000000,3933384,156.000000000000000,327253.000000000000000,7642,4797857,3790,4260637,11276,8731126
381,12/29/2021 15:00:00,7760,4478364,3831.000000000000000,3937215,151.000000000000000,327404.000000000000000,7911,4805768,3982,4264619,11742,8742868
382,12/30/2021 15:00:00,6985,4485349,3564.000000000000000,3940779,280.000000000000000,327684.000000000000000,7265,4813033,3844,4268463,10829,8753697
383,12/31/2021 15:00:00,2417,4487766,1451.000000000000000,3942230,88.000000000000000,327772.000000000000000,2505,4815538,1539,4270002,3956,8757653
384,1/1/2022 15:00:00,646,4488412,311.000000000000000,3942541,31.000000000000000,327803.000000000000000,677,4816215,342,4270344,988,8758641
385,1/2/2022 15:00:00,2125,4490537,1584.000000000000000,3944125,42.000000000000000,327845.000000000000000,2167,4818382,1626,4271970,3751,8762392
386,1/3/2022 15:00:00,3224,4493761,1939.000000000000000,3946064,219.000000000000000,328064.000000000000000,3443,4821825,2158,4274128,5382,8767774
387,1/4/2022 15:00:00,5502,4499263,3266.000000000000000,3949330,159.000000000000000,328223.000000000000000,5661,4827486,3425,4277553,8927,8776701
388,1/5/2022 15:00:00,6396,4505659,4417.000000000000000,3953747,162.000000000000000,328385.000000000000000,6558,4834044,4579,4282132,10975,8787676
389,1/6/2022 15:00:00,6175,4511834,4382.000000000000000,3958129,245.000000000000000,328630.000000000000000,6420,4840464,4627,4286759,10802,8798478
390,1/7/2022 15:00:00,5255,4517089,3334.000000000000000,3961463,147.000000000000000,328777.000000000000000,5402,4845866,3481,4290240,8736,8807214
391,1/8/2022 15:00:00,3718,4520807,3136.000000000000000,3964599,67.000000000000000,328844.000000000000000,3785,4849651,3203,4293443,6921,8814135
392,1/9/2022 15:00:00,1146,4521953,1096.000000000000000,3965695,137.000000000000000,328981.000000000000000,1283,4850934,1233,4294676,2379,8816514