OBJECTID,VACCINATION_DATE,FirstDailyDose,FirstDoseCumulative,SecondDailyDose,SecondDoseCumulative,SingleDailyDose,SingleDoseCumulative,AtleastOneVaccine,AtleastOneVaccineCumulative,CompletedVax,CompletedVaxCumulative,FirstSecondSingleVaccination_12,FirstSecondSingleVaccination_13
1,12/14/2020 15:00:00,17,1223,,492,,,17,1223,0,492,17,1606
2,12/15/2020 15:00:00,56,1279,3.000000000000000,495,,,56,1279,3,495,59,1665
3,12/16/2020 15:00:00,585,1864,3.000000000000000,498,,,585,1864,3,498,588,2253
4,12/17/2020 15:00:00,1151,3015,2.000000000000000,500,,,1151,3015,2,500,1153,3406
5,12/18/2020 15:00:00,3001,6016,12.000000000000000,512,,,3001,6016,12,512,3013,6419
6,12/19/2020 15:00:00,927,6943,5.000000000000000,517,,,927,6943,5,517,932,7351
7,12/20/2020 15:00:00,346,7289,4.000000000000000,521,,,346,7289,4,521,350,7701
8,12/21/2020 15:00:00,3874,11163,25.000000000000000,546,,,3874,11163,25,546,3899,11600
9,12/22/2020 15:00:00,6308,17471,23.000000000000000,569,,,6308,17471,23,569,6331,17931
10,12/23/2020 15:00:00,5765,23236,33.000000000000000,602,,,5765,23236,33,602,5798,23729
11,12/24/2020 15:00:00,2718,25954,14.000000000000000,616,,,2718,25954,14,616,2732,26461
12,12/25/2020 15:00:00,1033,26987,4.000000000000000,620,,,1033,26987,4,620,1037,27498
13,12/26/2020 15:00:00,1875,28862,9.000000000000000,629,,,1875,28862,9,629,1884,29382
14,12/27/2020 15:00:00,1799,30661,10.000000000000000,639,,,1799,30661,10,639,1809,31191
15,12/28/2020 15:00:00,8971,39632,41.000000000000000,680,,,8971,39632,41,680,9012,40203
16,12/29/2020 15:00:00,10945,50577,48.000000000000000,728,,,10945,50577,48,728,10993,51196
17,12/30/2020 15:00:00,12483,63060,75.000000000000000,803,,,12483,63060,75,803,12558,63754
18,12/31/2020 15:00:00,7539,70599,40.000000000000000,843,,,7539,70599,40,843,7579,71333
19,1/1/2021 15:00:00,2880,73479,129.000000000000000,972,,,2880,73479,129,972,3009,74342
20,1/2/2021 15:00:00,3016,76495,34.000000000000000,1006,,,3016,76495,34,1006,3050,77392
21,1/3/2021 15:00:00,3390,79885,80.000000000000000,1086,,,3390,79885,80,1086,3470,80862
22,1/4/2021 15:00:00,13319,93204,320.000000000000000,1406,,,13319,93204,320,1406,13639,94501
23,1/5/2021 15:00:00,12444,105648,531.000000000000000,1937,,,12444,105648,531,1937,12975,107476
24,1/6/2021 15:00:00,15215,120863,851.000000000000000,2788,,,15215,120863,851,2788,16066,123542
25,1/7/2021 15:00:00,14994,135857,1747.000000000000000,4535,,,14994,135857,1747,4535,16741,140283
26,1/8/2021 15:00:00,23973,159830,2755.000000000000000,7290,,,23973,159830,2755,7290,26728,167011
27,1/9/2021 15:00:00,5150,164980,945.000000000000000,8235,,,5150,164980,945,8235,6095,173106
28,1/10/2021 15:00:00,2948,167928,375.000000000000000,8610,,,2948,167928,375,8610,3323,176429
29,1/11/2021 15:00:00,13695,181623,3455.000000000000000,12065,,,13695,181623,3455,12065,17150,193579
30,1/12/2021 15:00:00,17354,198977,5572.000000000000000,17637,,,17354,198977,5572,17637,22926,216505
31,1/13/2021 15:00:00,18570,217547,3894.000000000000000,21531,,,18570,217547,3894,21531,22464,238969
32,1/14/2021 15:00:00,17804,235351,1943.000000000000000,23474,,,17804,235351,1943,23474,19747,258716
33,1/15/2021 15:00:00,19415,254766,2002.000000000000000,25476,,,19415,254766,2002,25476,21417,280133
34,1/16/2021 15:00:00,5803,260569,1602.000000000000000,27078,,,5803,260569,1602,27078,7405,287538
35,1/17/2021 15:00:00,2107,262676,1476.000000000000000,28554,,,2107,262676,1476,28554,3583,291121
36,1/18/2021 15:00:00,7061,269737,3241.000000000000000,31795,,,7061,269737,3241,31795,10302,301423
37,1/19/2021 15:00:00,16909,286646,5381.000000000000000,37176,,,16909,286646,5381,37176,22290,323713
38,1/20/2021 15:00:00,20980,307626,5292.000000000000000,42468,,,20980,307626,5292,42468,26272,349985
39,1/21/2021 15:00:00,23757,331383,3797.000000000000000,46265,,,23757,331383,3797,46265,27554,377539
40,1/22/2021 15:00:00,28638,360021,3711.000000000000000,49976,,,28638,360021,3711,49976,32349,409888
41,1/23/2021 15:00:00,10098,370119,1927.000000000000000,51903,,,10098,370119,1927,51903,12025,421913
42,1/24/2021 15:00:00,3338,373457,1720.000000000000000,53623,,,3338,373457,1720,53623,5058,426971
43,1/25/2021 15:00:00,16288,389745,8574.000000000000000,62197,,,16288,389745,8574,62197,24862,451833
44,1/26/2021 15:00:00,17535,407280,8952.000000000000000,71149,,,17535,407280,8952,71149,26487,478320
45,1/27/2021 15:00:00,24441,431721,12517.000000000000000,83666,,,24441,431721,12517,83666,36958,515278
46,1/28/2021 15:00:00,22647,454368,9288.000000000000000,92954,,,22647,454368,9288,92954,31935,547213
47,1/29/2021 15:00:00,24756,479124,7882.000000000000000,100836,,,24756,479124,7882,100836,32638,579851
48,1/30/2021 15:00:00,17762,496886,2530.000000000000000,103366,,,17762,496886,2530,103366,20292,600143
49,1/31/2021 15:00:00,3753,500639,1343.000000000000000,104709,,,3753,500639,1343,104709,5096,605239
50,2/1/2021 15:00:00,7813,508452,5226.000000000000000,109935,,,7813,508452,5226,109935,13039,618278
51,2/2/2021 15:00:00,12458,520910,13793.000000000000000,123728,,,12458,520910,13793,123728,26251,644529
52,2/3/2021 15:00:00,18216,539126,18086.000000000000000,141814,,,18216,539126,18086,141814,36302,680831
53,2/4/2021 15:00:00,22081,561207,15738.000000000000000,157552,,,22081,561207,15738,157552,37819,718650
54,2/5/2021 15:00:00,20328,581535,17369.000000000000000,174921,,,20328,581535,17369,174921,37697,756347
55,2/6/2021 15:00:00,11305,592840,14446.000000000000000,189367,,,11305,592840,14446,189367,25751,782098
56,2/7/2021 15:00:00,5939,598779,1801.000000000000000,191168,,,5939,598779,1801,191168,7740,789838
57,2/8/2021 15:00:00,12945,611724,12902.000000000000000,204070,,,12945,611724,12902,204070,25847,815685
58,2/9/2021 15:00:00,16616,628340,13833.000000000000000,217903,,,16616,628340,13833,217903,30449,846134
59,2/10/2021 15:00:00,19264,647604,21197.000000000000000,239100,,,19264,647604,21197,239100,40461,886595
60,2/11/2021 15:00:00,22850,670454,17294.000000000000000,256394,,,22850,670454,17294,256394,40144,926739
61,2/12/2021 15:00:00,20362,690816,19589.000000000000000,275983,,,20362,690816,19589,275983,39951,966690
62,2/13/2021 15:00:00,11415,702231,6393.000000000000000,282376,,,11415,702231,6393,282376,17808,984498
63,2/14/2021 15:00:00,7107,709338,2103.000000000000000,284479,,,7107,709338,2103,284479,9210,993708
64,2/15/2021 15:00:00,11739,721077,13294.000000000000000,297773,,,11739,721077,13294,297773,25033,1018741
65,2/16/2021 15:00:00,16583,737660,20983.000000000000000,318756,,,16583,737660,20983,318756,37566,1056307
66,2/17/2021 15:00:00,20642,758302,26347.000000000000000,345103,,,20642,758302,26347,345103,46989,1103296
67,2/18/2021 15:00:00,3189,761491,4606.000000000000000,349709,,,3189,761491,4606,349709,7795,1111091
68,2/19/2021 15:00:00,10244,771735,19902.000000000000000,369611,,,10244,771735,19902,369611,30146,1141237
69,2/20/2021 15:00:00,10295,782030,20257.000000000000000,389868,,,10295,782030,20257,389868,30552,1171789
70,2/21/2021 15:00:00,6157,788187,7626.000000000000000,397494,,,6157,788187,7626,397494,13783,1185572
71,2/22/2021 15:00:00,8018,796205,15450.000000000000000,412944,,,8018,796205,15450,412944,23468,1209040
72,2/23/2021 15:00:00,15514,811719,15940.000000000000000,428884,,,15514,811719,15940,428884,31454,1240494
73,2/24/2021 15:00:00,17920,829639,24730.000000000000000,453614,,,17920,829639,24730,453614,42650,1283144
74,2/25/2021 15:00:00,20381,850020,26527.000000000000000,480141,,,20381,850020,26527,480141,46908,1330052
75,2/26/2021 15:00:00,26695,876715,26173.000000000000000,506314,,,26695,876715,26173,506314,52868,1382920
76,2/27/2021 15:00:00,15982,892697,11123.000000000000000,517437,,,15982,892697,11123,517437,27105,1410025
77,2/28/2021 15:00:00,15491,908188,4864.000000000000000,522301,,,15491,908188,4864,522301,20355,1430380
78,3/1/2021 15:00:00,26477,934665,12466.000000000000000,534767,,,26477,934665,12466,534767,38943,1469323
79,3/2/2021 15:00:00,23868,958533,13240.000000000000000,548007,32.000000000000000,32.000000000000000,23900,958565,13272,548039,37140,1506463
80,3/3/2021 15:00:00,30126,988659,18359.000000000000000,566366,182.000000000000000,214.000000000000000,30308,988873,18541,566580,48667,1555130
81,3/4/2021 15:00:00,30937,1019596,18148.000000000000000,584514,4066.000000000000000,4280.000000000000000,35003,1023876,22214,588794,53151,1608281
82,3/5/2021 15:00:00,29413,1049009,19435.000000000000000,603949,4910.000000000000000,9190.000000000000000,34323,1058199,24345,613139,53758,1662039
83,3/6/2021 15:00:00,17850,1066859,8957.000000000000000,612906,6004.000000000000000,15194.000000000000000,23854,1082053,14961,628100,32811,1694850
84,3/7/2021 15:00:00,12107,1078966,4833.000000000000000,617739,6613.000000000000000,21807.000000000000000,18720,1100773,11446,639546,23553,1718403
85,3/8/2021 15:00:00,25830,1104796,8800.000000000000000,626539,8276.000000000000000,30083.000000000000000,34106,1134879,17076,656622,42906,1761309
86,3/9/2021 15:00:00,26081,1130877,15425.000000000000000,641964,8346.000000000000000,38429.000000000000000,34427,1169306,23771,680393,49852,1811161
87,3/10/2021 15:00:00,29813,1160690,15965.000000000000000,657929,7936.000000000000000,46365.000000000000000,37749,1207055,23901,704294,53714,1864875
88,3/11/2021 15:00:00,35939,1196629,16398.000000000000000,674327,3983.000000000000000,50348.000000000000000,39922,1246977,20381,724675,56320,1921195
89,3/12/2021 15:00:00,36879,1233508,18048.000000000000000,692375,2920.000000000000000,53268.000000000000000,39799,1286776,20968,745643,57847,1979042
90,3/13/2021 15:00:00,22644,1256152,10252.000000000000000,702627,1622.000000000000000,54890.000000000000000,24266,1311042,11874,757517,34518,2013560
91,3/14/2021 15:00:00,17838,1273990,6694.000000000000000,709321,999.000000000000000,55889.000000000000000,18837,1329879,7693,765210,25531,2039091
92,3/15/2021 15:00:00,29785,1303775,11259.000000000000000,720580,594.000000000000000,56483.000000000000000,30379,1360258,11853,777063,41638,2080729
93,3/16/2021 15:00:00,33405,1337180,13541.000000000000000,734121,766.000000000000000,57249.000000000000000,34171,1394429,14307,791370,47712,2128441
94,3/17/2021 15:00:00,37536,1374716,17003.000000000000000,751124,1175.000000000000000,58424.000000000000000,38711,1433140,18178,809548,55714,2184155
95,3/18/2021 15:00:00,41404,1416120,12594.000000000000000,763718,1348.000000000000000,59772.000000000000000,42752,1475892,13942,823490,55346,2239501
96,3/19/2021 15:00:00,38286,1454406,15375.000000000000000,779093,1036.000000000000000,60808.000000000000000,39322,1515214,16411,839901,54697,2294198
97,3/20/2021 15:00:00,24665,1479071,10112.000000000000000,789205,699.000000000000000,61507.000000000000000,25364,1540578,10811,850712,35476,2329674
98,3/21/2021 15:00:00,19156,1498227,7836.000000000000000,797041,334.000000000000000,61841.000000000000000,19490,1560068,8170,858882,27326,2357000
99,3/22/2021 15:00:00,32558,1530785,11435.000000000000000,808476,834.000000000000000,62675.000000000000000,33392,1593460,12269,871151,44827,2401827
100,3/23/2021 15:00:00,37729,1568514,17305.000000000000000,825781,1553.000000000000000,64228.000000000000000,39282,1632742,18858,890009,56587,2458414
101,3/24/2021 15:00:00,41054,1609568,21146.000000000000000,846927,1381.000000000000000,65609.000000000000000,42435,1675177,22527,912536,63581,2521995
102,3/25/2021 15:00:00,42329,1651897,21007.000000000000000,867934,2457.000000000000000,68066.000000000000000,44786,1719963,23464,936000,65793,2587788
103,3/26/2021 15:00:00,36589,1688486,26261.000000000000000,894195,2498.000000000000000,70564.000000000000000,39087,1759050,28759,964759,65348,2653136
104,3/27/2021 15:00:00,26915,1715401,16773.000000000000000,910968,2484.000000000000000,73048.000000000000000,29399,1788449,19257,984016,46172,2699308
105,3/28/2021 15:00:00,17007,1732408,12607.000000000000000,923575,1616.000000000000000,74664.000000000000000,18623,1807072,14223,998239,31230,2730538
106,3/29/2021 15:00:00,29700,1762108,26216.000000000000000,949791,1140.000000000000000,75804.000000000000000,30840,1837912,27356,1025595,57056,2787594
107,3/30/2021 15:00:00,40018,1802126,28917.000000000000000,978708,1856.000000000000000,77660.000000000000000,41874,1879786,30773,1056368,70791,2858385
108,3/31/2021 15:00:00,41022,1843148,34598.000000000000000,1013306,5749.000000000000000,83409.000000000000000,46771,1926557,40347,1096715,81369,2939754
109,4/1/2021 15:00:00,41089,1884237,39883.000000000000000,1053189,5667.000000000000000,89076.000000000000000,46756,1973313,45550,1142265,86639,3026393
110,4/2/2021 15:00:00,34991,1919228,32492.000000000000000,1085681,6121.000000000000000,95197.000000000000000,41112,2014425,38613,1180878,73604,3099997
111,4/3/2021 15:00:00,21616,1940844,18662.000000000000000,1104343,4367.000000000000000,99564.000000000000000,25983,2040408,23029,1203907,44645,3144642
112,4/4/2021 15:00:00,8244,1949088,10172.000000000000000,1114515,964.000000000000000,100528.000000000000000,9208,2049616,11136,1215043,19380,3164022
113,4/5/2021 15:00:00,27900,1976988,28848.000000000000000,1143363,6653.000000000000000,107181.000000000000000,34553,2084169,35501,1250544,63401,3227423
114,4/6/2021 15:00:00,39736,2016724,30392.000000000000000,1173755,10490.000000000000000,117671.000000000000000,50226,2134395,40882,1291426,80618,3308041
115,4/7/2021 15:00:00,36024,2052748,34195.000000000000000,1207950,12974.000000000000000,130645.000000000000000,48998,2183393,47169,1338595,83193,3391234
116,4/8/2021 15:00:00,42293,2095041,36004.000000000000000,1243954,13853.000000000000000,144498.000000000000000,56146,2239539,49857,1388452,92150,3483384
117,4/9/2021 15:00:00,34002,2129043,36280.000000000000000,1280234,14522.000000000000000,159020.000000000000000,48524,2288063,50802,1439254,84804,3568188
118,4/10/2021 15:00:00,23443,2152486,23093.000000000000000,1303327,7631.000000000000000,166651.000000000000000,31074,2319137,30724,1469978,54167,3622355
119,4/11/2021 15:00:00,17552,2170038,13267.000000000000000,1316594,10123.000000000000000,176774.000000000000000,27675,2346812,23390,1493368,40942,3663297
120,4/12/2021 15:00:00,24572,2194610,33126.000000000000000,1349720,10895.000000000000000,187669.000000000000000,35467,2382279,44021,1537389,68593,3731890
121,4/13/2021 15:00:00,126766,2321376,90566.000000000000000,1440286,3293.000000000000000,190962.000000000000000,130059,2512338,93859,1631248,220625,3952515
122,4/14/2021 15:00:00,40680,2362056,37750.000000000000000,1478036,210.000000000000000,191172.000000000000000,40890,2553228,37960,1669208,78640,4031155
123,4/15/2021 15:00:00,41662,2403718,39161.000000000000000,1517197,172.000000000000000,191344.000000000000000,41834,2595062,39333,1708541,80995,4112150
124,4/16/2021 15:00:00,37192,2440910,38723.000000000000000,1555920,23.000000000000000,191367.000000000000000,37215,2632277,38746,1747287,75938,4188088
125,4/17/2021 15:00:00,32777,2473687,21983.000000000000000,1577903,12.000000000000000,191379.000000000000000,32789,2665066,21995,1769282,54772,4242860
126,4/18/2021 15:00:00,20057,2493744,16171.000000000000000,1594074,5.000000000000000,191384.000000000000000,20062,2685128,16176,1785458,36233,4279093
127,4/19/2021 15:00:00,29882,2523626,36478.000000000000000,1630552,61.000000000000000,191445.000000000000000,29943,2715071,36539,1821997,66421,4345514
128,4/20/2021 15:00:00,33095,2556721,44174.000000000000000,1674726,56.000000000000000,191501.000000000000000,33151,2748222,44230,1866227,77325,4422839
129,4/21/2021 15:00:00,39794,2596515,46964.000000000000000,1721690,22.000000000000000,191523.000000000000000,39816,2788038,46986,1913213,86780,4509619
130,4/22/2021 15:00:00,36399,2632914,42017.000000000000000,1763707,16.000000000000000,191539.000000000000000,36415,2824453,42033,1955246,78432,4588051
131,4/23/2021 15:00:00,33112,2666026,40060.000000000000000,1803767,14.000000000000000,191553.000000000000000,33126,2857579,40074,1995320,73186,4661237
132,4/24/2021 15:00:00,26398,2692424,27838.000000000000000,1831605,81.000000000000000,191634.000000000000000,26479,2884058,27919,2023239,54317,4715554
133,4/25/2021 15:00:00,20214,2712638,10931.000000000000000,1842536,31.000000000000000,191665.000000000000000,20245,2904303,10962,2034201,31176,4746730
134,4/26/2021 15:00:00,27414,2740052,32645.000000000000000,1875181,202.000000000000000,191867.000000000000000,27616,2931919,32847,2067048,60261,4806991
135,4/27/2021 15:00:00,26688,2766740,32998.000000000000000,1908179,1098.000000000000000,192965.000000000000000,27786,2959705,34096,2101144,60784,4867775
136,4/28/2021 15:00:00,28921,2795661,39467.000000000000000,1947646,1362.000000000000000,194327.000000000000000,30283,2989988,40829,2141973,69750,4937525
137,4/29/2021 15:00:00,27294,2822955,39413.000000000000000,1987059,1465.000000000000000,195792.000000000000000,28759,3018747,40878,2182851,68172,5005697
138,4/30/2021 15:00:00,28189,2851144,32163.000000000000000,2019222,1646.000000000000000,197438.000000000000000,29835,3048582,33809,2216660,61998,5067695
139,5/1/2021 15:00:00,20510,2871654,26472.000000000000000,2045694,1034.000000000000000,198472.000000000000000,21544,3070126,27506,2244166,48016,5115711
140,5/2/2021 15:00:00,10277,2881931,17017.000000000000000,2062711,820.000000000000000,199292.000000000000000,11097,3081223,17837,2262003,28114,5143825
141,5/3/2021 15:00:00,12742,2894673,28513.000000000000000,2091224,1912.000000000000000,201204.000000000000000,14654,3095877,30425,2292428,43167,5186992
142,5/4/2021 15:00:00,13564,2908237,38528.000000000000000,2129752,1736.000000000000000,202940.000000000000000,15300,3111177,40264,2332692,53828,5240820
143,5/5/2021 15:00:00,19324,2927561,37682.000000000000000,2167434,1920.000000000000000,204860.000000000000000,21244,3132421,39602,2372294,58926,5299746
144,5/6/2021 15:00:00,16922,2944483,40541.000000000000000,2207975,1721.000000000000000,206581.000000000000000,18643,3151064,42262,2414556,59184,5358930
145,5/7/2021 15:00:00,17414,2961897,36023.000000000000000,2243998,1958.000000000000000,208539.000000000000000,19372,3170436,37981,2452537,55395,5414325
146,5/8/2021 15:00:00,10785,2972682,31200.000000000000000,2275198,1292.000000000000000,209831.000000000000000,12077,3182513,32492,2485029,43277,5457602
147,5/9/2021 15:00:00,5052,2977734,11906.000000000000000,2287104,695.000000000000000,210526.000000000000000,5747,3188260,12601,2497630,17653,5475255
148,5/10/2021 15:00:00,8950,2986684,31013.000000000000000,2318117,1359.000000000000000,211885.000000000000000,10309,3198569,32372,2530002,41322,5516577
149,5/11/2021 15:00:00,12186,2998870,30246.000000000000000,2348363,1437.000000000000000,213322.000000000000000,13623,3212192,31683,2561685,43869,5560446
150,5/12/2021 15:00:00,13943,3012813,38558.000000000000000,2386921,1919.000000000000000,215241.000000000000000,15862,3228054,40477,2602162,54420,5614866
151,5/13/2021 15:00:00,21850,3034663,33422.000000000000000,2420343,1347.000000000000000,216588.000000000000000,23197,3251251,34769,2636931,56619,5671485
152,5/14/2021 15:00:00,24348,3059011,29976.000000000000000,2450319,1774.000000000000000,218362.000000000000000,26122,3277373,31750,2668681,56098,5727583
153,5/15/2021 15:00:00,21901,3080912,25065.000000000000000,2475384,1490.000000000000000,219852.000000000000000,23391,3300764,26555,2695236,48456,5776039
154,5/16/2021 15:00:00,9076,3089988,17554.000000000000000,2492938,1113.000000000000000,220965.000000000000000,10189,3310953,18667,2713903,27743,5803782
155,5/17/2021 15:00:00,16843,3106831,28359.000000000000000,2521297,1949.000000000000000,222914.000000000000000,18792,3329745,30308,2744211,47151,5850933
156,5/18/2021 15:00:00,21242,3128073,30645.000000000000000,2551942,1941.000000000000000,224855.000000000000000,23183,3352928,32586,2776797,53828,5904761
157,5/19/2021 15:00:00,27621,3155694,32392.000000000000000,2584334,1626.000000000000000,226481.000000000000000,29247,3382175,34018,2810815,61639,5966400
158,5/20/2021 15:00:00,20795,3176489,33218.000000000000000,2617552,1970.000000000000000,228451.000000000000000,22765,3404940,35188,2846003,55983,6022383
159,5/21/2021 15:00:00,19161,3195650,30268.000000000000000,2647820,1608.000000000000000,230059.000000000000000,20769,3425709,31876,2877879,51037,6073420
160,5/22/2021 15:00:00,16918,3212568,20657.000000000000000,2668477,1270.000000000000000,231329.000000000000000,18188,3443897,21927,2899806,38845,6112265
161,5/23/2021 15:00:00,8752,3221320,11423.000000000000000,2679900,964.000000000000000,232293.000000000000000,9716,3453613,12387,2912193,21139,6133404
162,5/24/2021 15:00:00,13560,3234880,17734.000000000000000,2697634,1475.000000000000000,233768.000000000000000,15035,3468648,19209,2931402,32769,6166173
163,5/25/2021 15:00:00,12992,3247872,18658.000000000000000,2716292,1329.000000000000000,235097.000000000000000,14321,3482969,19987,2951389,32979,6199152
164,5/26/2021 15:00:00,18279,3266151,19438.000000000000000,2735730,1512.000000000000000,236609.000000000000000,19791,3502760,20950,2972339,39229,6238381
165,5/27/2021 15:00:00,11681,3277832,18629.000000000000000,2754359,1116.000000000000000,237725.000000000000000,12797,3515557,19745,2992084,31426,6269807
166,5/28/2021 15:00:00,12500,3290332,19711.000000000000000,2774070,1400.000000000000000,239125.000000000000000,13900,3529457,21111,3013195,33611,6303418
167,5/29/2021 15:00:00,9551,3299883,11638.000000000000000,2785708,935.000000000000000,240060.000000000000000,10486,3539943,12573,3025768,22124,6325542
168,5/30/2021 15:00:00,4964,3304847,6416.000000000000000,2792124,596.000000000000000,240656.000000000000000,5560,3545503,7012,3032780,11976,6337518
169,5/31/2021 15:00:00,1773,3306620,3705.000000000000000,2795829,305.000000000000000,240961.000000000000000,2078,3547581,4010,3036790,5783,6343301
170,6/1/2021 15:00:00,9779,3316399,16345.000000000000000,2812174,1153.000000000000000,242114.000000000000000,10932,3558513,17498,3054288,27277,6370578
171,6/2/2021 15:00:00,10227,3326626,16776.000000000000000,2828950,959.000000000000000,243073.000000000000000,11186,3569699,17735,3072023,27962,6398540
172,6/3/2021 15:00:00,7897,3334523,21151.000000000000000,2850101,1086.000000000000000,244159.000000000000000,8983,3578682,22237,3094260,30134,6428674
173,6/4/2021 15:00:00,8200,3342723,22262.000000000000000,2872363,1121.000000000000000,245280.000000000000000,9321,3588003,23383,3117643,31583,6460257
174,6/5/2021 15:00:00,7014,3349737,19412.000000000000000,2891775,720.000000000000000,246000.000000000000000,7734,3595737,20132,3137775,27146,6487403
175,6/6/2021 15:00:00,3464,3353201,7223.000000000000000,2898998,423.000000000000000,246423.000000000000000,3887,3599624,7646,3145421,11110,6498513
176,6/7/2021 15:00:00,6855,3360056,15735.000000000000000,2914733,724.000000000000000,247147.000000000000000,7579,3607203,16459,3161880,23314,6521827
177,6/8/2021 15:00:00,6670,3366726,19669.000000000000000,2934402,829.000000000000000,247976.000000000000000,7499,3614702,20498,3182378,27168,6548995
178,6/9/2021 15:00:00,8193,3374919,23910.000000000000000,2958312,969.000000000000000,248945.000000000000000,9162,3623864,24879,3207257,33072,6582067
179,6/10/2021 15:00:00,7147,3382066,19086.000000000000000,2977398,895.000000000000000,249840.000000000000000,8042,3631906,19981,3227238,27128,6609195
180,6/11/2021 15:00:00,7467,3389533,17699.000000000000000,2995097,1125.000000000000000,250965.000000000000000,8592,3640498,18824,3246062,26291,6635486
181,6/12/2021 15:00:00,5229,3394762,14738.000000000000000,3009835,604.000000000000000,251569.000000000000000,5833,3646331,15342,3261404,20571,6656057
182,6/13/2021 15:00:00,1931,3396693,7558.000000000000000,3017393,427.000000000000000,251996.000000000000000,2358,3648689,7985,3269389,9916,6665973
183,6/14/2021 15:00:00,5654,3402347,11802.000000000000000,3029195,734.000000000000000,252730.000000000000000,6388,3655077,12536,3281925,18190,6684163
184,6/15/2021 15:00:00,5651,3407998,14297.000000000000000,3043492,872.000000000000000,253602.000000000000000,6523,3661600,15169,3297094,20820,6704983
185,6/16/2021 15:00:00,8748,3416746,21556.000000000000000,3065048,757.000000000000000,254359.000000000000000,9505,3671105,22313,3319407,31061,6736044
186,6/17/2021 15:00:00,6683,3423429,12344.000000000000000,3077392,720.000000000000000,255079.000000000000000,7403,3678508,13064,3332471,19747,6755791
187,6/18/2021 15:00:00,6834,3430263,12699.000000000000000,3090091,704.000000000000000,255783.000000000000000,7538,3686046,13403,3345874,20237,6776028
188,6/19/2021 15:00:00,4661,3434924,9354.000000000000000,3099445,613.000000000000000,256396.000000000000000,5274,3691320,9967,3355841,14628,6790656
189,6/20/2021 15:00:00,2505,3437429,5037.000000000000000,3104482,378.000000000000000,256774.000000000000000,2883,3694203,5415,3361256,7920,6798576
190,6/21/2021 15:00:00,5555,3442984,5319.000000000000000,3109801,636.000000000000000,257410.000000000000000,6191,3700394,5955,3367211,11510,6810086
191,6/22/2021 15:00:00,5194,3448178,8850.000000000000000,3118651,682.000000000000000,258092.000000000000000,5876,3706270,9532,3376743,14726,6824812
192,6/23/2021 15:00:00,6063,3454241,10300.000000000000000,3128951,646.000000000000000,258738.000000000000000,6709,3712979,10946,3387689,17009,6841821
193,6/24/2021 15:00:00,5928,3460169,8183.000000000000000,3137134,594.000000000000000,259332.000000000000000,6522,3719501,8777,3396466,14705,6856526
194,6/25/2021 15:00:00,5827,3465996,8619.000000000000000,3145753,620.000000000000000,259952.000000000000000,6447,3725948,9239,3405705,15066,6871592
195,6/26/2021 15:00:00,3700,3469696,6293.000000000000000,3152046,396.000000000000000,260348.000000000000000,4096,3730044,6689,3412394,10389,6881981
196,6/27/2021 15:00:00,2810,3472506,3516.000000000000000,3155562,185.000000000000000,260533.000000000000000,2995,3733039,3701,3416095,6511,6888492
197,6/28/2021 15:00:00,4733,3477239,6084.000000000000000,3161646,523.000000000000000,261056.000000000000000,5256,3738295,6607,3422702,11340,6899832
198,6/29/2021 15:00:00,5058,3482297,6450.000000000000000,3168096,519.000000000000000,261575.000000000000000,5577,3743872,6969,3429671,12027,6911859
199,6/30/2021 15:00:00,5607,3487904,7366.000000000000000,3175462,605.000000000000000,262180.000000000000000,6212,3750084,7971,3437642,13578,6925437
200,7/1/2021 15:00:00,5353,3493257,6923.000000000000000,3182385,495.000000000000000,262675.000000000000000,5848,3755932,7418,3445060,12771,6938208
201,7/2/2021 15:00:00,5282,3498539,6816.000000000000000,3189201,521.000000000000000,263196.000000000000000,5803,3761735,7337,3452397,12619,6950827
202,7/3/2021 15:00:00,3262,3501801,4054.000000000000000,3193255,265.000000000000000,263461.000000000000000,3527,3765262,4319,3456716,7581,6958408
203,7/4/2021 15:00:00,492,3502293,545.000000000000000,3193800,67.000000000000000,263528.000000000000000,559,3765821,612,3457328,1104,6959512
204,7/5/2021 15:00:00,3759,3506052,3945.000000000000000,3197745,287.000000000000000,263815.000000000000000,4046,3769867,4232,3461560,7991,6967503
205,7/6/2021 15:00:00,4479,3510531,6235.000000000000000,3203980,452.000000000000000,264267.000000000000000,4931,3774798,6687,3468247,11166,6978669
206,7/7/2021 15:00:00,4459,3514990,6384.000000000000000,3210364,482.000000000000000,264749.000000000000000,4941,3779739,6866,3475113,11325,6989994
207,7/8/2021 15:00:00,4826,3519816,6144.000000000000000,3216508,564.000000000000000,265313.000000000000000,5390,3785129,6708,3481821,11534,7001528
208,7/9/2021 15:00:00,5347,3525163,6633.000000000000000,3223141,572.000000000000000,265885.000000000000000,5919,3791048,7205,3489026,12552,7014080
209,7/10/2021 15:00:00,3523,3528686,4385.000000000000000,3227526,302.000000000000000,266187.000000000000000,3825,3794873,4687,3493713,8210,7022290
210,7/11/2021 15:00:00,2669,3531355,2564.000000000000000,3230090,224.000000000000000,266411.000000000000000,2893,3797766,2788,3496501,5457,7027747
211,7/12/2021 15:00:00,4414,3535769,5099.000000000000000,3235189,377.000000000000000,266788.000000000000000,4791,3802557,5476,3501977,9890,7037637
212,7/13/2021 15:00:00,4761,3540530,4594.000000000000000,3239783,366.000000000000000,267154.000000000000000,5127,3807684,4960,3506937,9721,7047358
213,7/14/2021 15:00:00,4611,3545141,5250.000000000000000,3245033,421.000000000000000,267575.000000000000000,5032,3812716,5671,3512608,10282,7057640
214,7/15/2021 15:00:00,4883,3550024,4992.000000000000000,3250025,357.000000000000000,267932.000000000000000,5240,3817956,5349,3517957,10232,7067872
215,7/16/2021 15:00:00,6279,3556303,5813.000000000000000,3255838,401.000000000000000,268333.000000000000000,6680,3824636,6214,3524171,12493,7080365
216,7/17/2021 15:00:00,3409,3559712,3541.000000000000000,3259379,300.000000000000000,268633.000000000000000,3709,3828345,3841,3528012,7250,7087615
217,7/18/2021 15:00:00,2305,3562017,2370.000000000000000,3261749,110.000000000000000,268743.000000000000000,2415,3830760,2480,3530492,4785,7092400
218,7/19/2021 15:00:00,5256,3567273,4469.000000000000000,3266218,379.000000000000000,269122.000000000000000,5635,3836395,4848,3535340,10104,7102504
219,7/20/2021 15:00:00,5327,3572600,4685.000000000000000,3270903,366.000000000000000,269488.000000000000000,5693,3842088,5051,3540391,10378,7112882
220,7/21/2021 15:00:00,5637,3578237,4912.000000000000000,3275815,415.000000000000000,269903.000000000000000,6052,3848140,5327,3545718,10964,7123846
221,7/22/2021 15:00:00,6012,3584249,4605.000000000000000,3280420,469.000000000000000,270372.000000000000000,6481,3854621,5074,3550792,11086,7134932
222,7/23/2021 15:00:00,6833,3591082,4819.000000000000000,3285239,491.000000000000000,270863.000000000000000,7324,3861945,5310,3556102,12143,7147075
223,7/24/2021 15:00:00,4277,3595359,3194.000000000000000,3288433,267.000000000000000,271130.000000000000000,4544,3866489,3461,3559563,7738,7154813
224,7/25/2021 15:00:00,3290,3598649,1111.000000000000000,3289544,138.000000000000000,271268.000000000000000,3428,3869917,1249,3560812,4539,7159352
225,7/26/2021 15:00:00,6197,3604846,3888.000000000000000,3293432,418.000000000000000,271686.000000000000000,6615,3876532,4306,3565118,10503,7169855
226,7/27/2021 15:00:00,6347,3611193,4052.000000000000000,3297484,455.000000000000000,272141.000000000000000,6802,3883334,4507,3569625,10854,7180709
227,7/28/2021 15:00:00,6801,3617994,3999.000000000000000,3301483,458.000000000000000,272599.000000000000000,7259,3890593,4457,3574082,11258,7191967
228,7/29/2021 15:00:00,6800,3624794,4141.000000000000000,3305624,416.000000000000000,273015.000000000000000,7216,3897809,4557,3578639,11357,7203324
229,7/30/2021 15:00:00,7537,3632331,4508.000000000000000,3310132,523.000000000000000,273538.000000000000000,8060,3905869,5031,3583670,12568,7215892
230,7/31/2021 15:00:00,4781,3637112,3037.000000000000000,3313169,273.000000000000000,273811.000000000000000,5054,3910923,3310,3586980,8091,7223983
231,8/1/2021 15:00:00,3830,3640942,2118.000000000000000,3315287,160.000000000000000,273971.000000000000000,3990,3914913,2278,3589258,6108,7230091
232,8/2/2021 15:00:00,7021,3647963,3636.000000000000000,3318923,336.000000000000000,274307.000000000000000,7357,3922270,3972,3593230,10993,7241084
233,8/3/2021 15:00:00,7000,3654963,3894.000000000000000,3322817,511.000000000000000,274818.000000000000000,7511,3929781,4405,3597635,11405,7252489
234,8/4/2021 15:00:00,7158,3662121,3894.000000000000000,3326711,528.000000000000000,275346.000000000000000,7686,3937467,4422,3602057,11580,7264069
235,8/5/2021 15:00:00,7678,3669799,4111.000000000000000,3330822,537.000000000000000,275883.000000000000000,8215,3945682,4648,3606705,12326,7276395
236,8/6/2021 15:00:00,8294,3678093,4689.000000000000000,3335511,452.000000000000000,276335.000000000000000,8746,3954428,5141,3611846,13435,7289830
237,8/7/2021 15:00:00,5256,3683349,2803.000000000000000,3338314,264.000000000000000,276599.000000000000000,5520,3959948,3067,3614913,8323,7298153
238,8/8/2021 15:00:00,3944,3687293,2042.000000000000000,3340356,143.000000000000000,276742.000000000000000,4087,3964035,2185,3617098,6129,7304282
239,8/9/2021 15:00:00,6920,3694213,4509.000000000000000,3344865,367.000000000000000,277109.000000000000000,7287,3971322,4876,3621974,11796,7316078
240,8/10/2021 15:00:00,7121,3701334,4440.000000000000000,3349305,338.000000000000000,277447.000000000000000,7459,3978781,4778,3626752,11899,7327977
241,8/11/2021 15:00:00,7043,3708377,4419.000000000000000,3353724,440.000000000000000,277887.000000000000000,7483,3986264,4859,3631611,11902,7339879
242,8/12/2021 15:00:00,8590,3716967,4717.000000000000000,3358441,443.000000000000000,278330.000000000000000,9033,3995297,5160,3636771,13750,7353629
243,8/13/2021 15:00:00,7130,3724097,5352.000000000000000,3363793,394.000000000000000,278724.000000000000000,7524,4002821,5746,3642517,12876,7366505
244,8/14/2021 15:00:00,4910,3729007,3337.000000000000000,3367130,285.000000000000000,279009.000000000000000,5195,4008016,3622,3646139,8532,7375037
245,8/15/2021 15:00:00,3319,3732326,2729.000000000000000,3369859,163.000000000000000,279172.000000000000000,3482,4011498,2892,3649031,6211,7381248
246,8/16/2021 15:00:00,5432,3737758,5070.000000000000000,3374929,352.000000000000000,279524.000000000000000,5784,4017282,5422,3654453,10854,7392102
247,8/17/2021 15:00:00,6959,3744717,5174.000000000000000,3380103,389.000000000000000,279913.000000000000000,7348,4024630,5563,3660016,12522,7404624
248,8/18/2021 15:00:00,6499,3751216,5291.000000000000000,3385394,477.000000000000000,280390.000000000000000,6976,4031606,5768,3665784,12267,7416891
249,8/19/2021 15:00:00,5987,3757203,5313.000000000000000,3390707,415.000000000000000,280805.000000000000000,6402,4038008,5728,3671512,11715,7428606
250,8/20/2021 15:00:00,7029,3764232,6322.000000000000000,3397029,402.000000000000000,281207.000000000000000,7431,4045439,6724,3678236,13753,7442359
251,8/21/2021 15:00:00,4317,3768549,3913.000000000000000,3400942,227.000000000000000,281434.000000000000000,4544,4049983,4140,3682376,8457,7450816
252,8/22/2021 15:00:00,3060,3771609,3158.000000000000000,3404100,110.000000000000000,281544.000000000000000,3170,4053153,3268,3685644,6328,7457144
253,8/23/2021 15:00:00,6167,3777776,5914.000000000000000,3410014,285.000000000000000,281829.000000000000000,6452,4059605,6199,3691843,12366,7469510
254,8/24/2021 15:00:00,6644,3784420,5867.000000000000000,3415881,424.000000000000000,282253.000000000000000,7068,4066673,6291,3698134,12935,7482445
255,8/25/2021 15:00:00,6912,3791332,6013.000000000000000,3421894,439.000000000000000,282692.000000000000000,7351,4074024,6452,3704586,13364,7495809
256,8/26/2021 15:00:00,7179,3798511,6426.000000000000000,3428320,427.000000000000000,283119.000000000000000,7606,4081630,6853,3711439,14032,7509841
257,8/27/2021 15:00:00,6868,3805379,7012.000000000000000,3435332,316.000000000000000,283435.000000000000000,7184,4088814,7328,3718767,14196,7524037
258,8/28/2021 15:00:00,6906,3812285,6494.000000000000000,3441826,325.000000000000000,283760.000000000000000,7231,4096045,6819,3725586,13725,7537762
259,8/29/2021 15:00:00,3736,3816021,3677.000000000000000,3445503,611.000000000000000,284371.000000000000000,4347,4100392,4288,3729874,8024,7545786
260,8/30/2021 15:00:00,5942,3821963,6093.000000000000000,3451596,960.000000000000000,285331.000000000000000,6902,4107294,7053,3736927,12995,7558781
261,8/31/2021 15:00:00,5700,3827663,5914.000000000000000,3457510,945.000000000000000,286276.000000000000000,6645,4113939,6859,3743786,12559,7571340
262,9/1/2021 15:00:00,5559,3833222,5588.000000000000000,3463098,910.000000000000000,287186.000000000000000,6469,4120408,6498,3750284,12057,7583397
263,9/2/2021 15:00:00,5524,3838746,5896.000000000000000,3468994,703.000000000000000,287889.000000000000000,6227,4126635,6599,3756883,12123,7595520
264,9/3/2021 15:00:00,6000,3844746,6880.000000000000000,3475874,971.000000000000000,288860.000000000000000,6971,4133606,7851,3764734,13851,7609371
265,9/4/2021 15:00:00,3716,3848462,4333.000000000000000,3480207,879.000000000000000,289739.000000000000000,4595,4138201,5212,3769946,8928,7618299
266,9/5/2021 15:00:00,2956,3851418,2800.000000000000000,3483007,105.000000000000000,289844.000000000000000,3061,4141262,2905,3772851,5861,7624160
267,9/6/2021 15:00:00,1056,3852474,1148.000000000000000,3484155,63.000000000000000,289907.000000000000000,1119,4142381,1211,3774062,2267,7626427
268,9/7/2021 15:00:00,5344,3857818,7257.000000000000000,3491412,2304.000000000000000,292211.000000000000000,7648,4150029,9561,3783623,14905,7641332
269,9/8/2021 15:00:00,4664,3862482,5438.000000000000000,3496850,365.000000000000000,292576.000000000000000,5029,4155058,5803,3789426,10467,7651799
270,9/9/2021 15:00:00,5085,3867567,5355.000000000000000,3502205,324.000000000000000,292900.000000000000000,5409,4160467,5679,3795105,10764,7662563
271,9/10/2021 15:00:00,6545,3874112,6594.000000000000000,3508799,1716.000000000000000,294616.000000000000000,8261,4168728,8310,3803415,14855,7677418
272,9/11/2021 15:00:00,4167,3878279,4320.000000000000000,3513119,663.000000000000000,295279.000000000000000,4830,4173558,4983,3808398,9150,7686568
273,9/12/2021 15:00:00,3164,3881443,3229.000000000000000,3516348,436.000000000000000,295715.000000000000000,3600,4177158,3665,3812063,6829,7693397
274,9/13/2021 15:00:00,4669,3886112,4844.000000000000000,3521192,346.000000000000000,296061.000000000000000,5015,4182173,5190,3817253,9859,7703256
275,9/14/2021 15:00:00,4585,3890697,5190.000000000000000,3526382,434.000000000000000,296495.000000000000000,5019,4187192,5624,3822877,10209,7713465
276,9/15/2021 15:00:00,4849,3895546,5604.000000000000000,3531986,388.000000000000000,296883.000000000000000,5237,4192429,5992,3828869,10841,7724306
277,9/16/2021 15:00:00,4587,3900133,5613.000000000000000,3537599,335.000000000000000,297218.000000000000000,4922,4197351,5948,3834817,10535,7734841
278,9/17/2021 15:00:00,5042,3905175,6332.000000000000000,3543931,342.000000000000000,297560.000000000000000,5384,4202735,6674,3841491,11716,7746557
279,9/18/2021 15:00:00,3788,3908963,4559.000000000000000,3548490,185.000000000000000,297745.000000000000000,3973,4206708,4744,3846235,8532,7755089
280,9/19/2021 15:00:00,2742,3911705,3157.000000000000000,3551647,75.000000000000000,297820.000000000000000,2817,4209525,3232,3849467,5974,7761063
281,9/20/2021 15:00:00,3559,3915264,4467.000000000000000,3556114,430.000000000000000,298250.000000000000000,3989,4213514,4897,3854364,8456,7769519
282,9/21/2021 15:00:00,3808,3919072,4811.000000000000000,3560925,326.000000000000000,298576.000000000000000,4134,4217648,5137,3859501,8945,7778464
283,9/22/2021 15:00:00,4200,3923272,4750.000000000000000,3565675,459.000000000000000,299035.000000000000000,4659,4222307,5209,3864710,9409,7787873
284,9/23/2021 15:00:00,4183,3927455,4692.000000000000000,3570367,492.000000000000000,299527.000000000000000,4675,4226982,5184,3869894,9367,7797240
285,9/24/2021 15:00:00,5092,3932547,5576.000000000000000,3575943,422.000000000000000,299949.000000000000000,5514,4232496,5998,3875892,11090,7808330
286,9/25/2021 15:00:00,3629,3936176,3623.000000000000000,3579566,385.000000000000000,300334.000000000000000,4014,4236510,4008,3879900,7637,7815967
287,9/26/2021 15:00:00,2360,3938536,2658.000000000000000,3582224,423.000000000000000,300757.000000000000000,2783,4239293,3081,3882981,5441,7821408
288,9/27/2021 15:00:00,4517,3943053,2691.000000000000000,3584915,509.000000000000000,301266.000000000000000,5026,4244319,3200,3886181,7717,7829125
289,9/28/2021 15:00:00,4408,3947461,4439.000000000000000,3589354,211.000000000000000,301477.000000000000000,4619,4248938,4650,3890831,9058,7838183
290,9/29/2021 15:00:00,4708,3952169,4500.000000000000000,3593854,918.000000000000000,302395.000000000000000,5626,4254564,5418,3896249,10126,7848309
291,9/30/2021 15:00:00,4890,3957059,4556.000000000000000,3598410,792.000000000000000,303187.000000000000000,5682,4260246,5348,3901597,10238,7858547
292,10/1/2021 15:00:00,5481,3962540,5289.000000000000000,3603699,778.000000000000000,303965.000000000000000,6259,4266505,6067,3907664,11548,7870095
293,10/2/2021 15:00:00,2939,3965479,2889.000000000000000,3606588,187.000000000000000,304152.000000000000000,3126,4269631,3076,3910740,6015,7876110
294,10/3/2021 15:00:00,2082,3967561,2376.000000000000000,3608964,86.000000000000000,304238.000000000000000,2168,4271799,2462,3913202,4544,7880654
295,10/4/2021 15:00:00,4156,3971717,3370.000000000000000,3612334,233.000000000000000,304471.000000000000000,4389,4276188,3603,3916805,7759,7888413
296,10/5/2021 15:00:00,4059,3975776,3571.000000000000000,3615905,207.000000000000000,304678.000000000000000,4266,4280454,3778,3920583,7837,7896250
297,10/6/2021 15:00:00,4125,3979901,3490.000000000000000,3619395,264.000000000000000,304942.000000000000000,4389,4284843,3754,3924337,7879,7904129
298,10/7/2021 15:00:00,4370,3984271,3507.000000000000000,3622902,331.000000000000000,305273.000000000000000,4701,4289544,3838,3928175,8208,7912337
299,10/8/2021 15:00:00,4948,3989219,4122.000000000000000,3627024,283.000000000000000,305556.000000000000000,5231,4294775,4405,3932580,9353,7921690
300,10/9/2021 15:00:00,2687,3991906,2671.000000000000000,3629695,271.000000000000000,305827.000000000000000,2958,4297733,2942,3935522,5629,7927319
301,10/10/2021 15:00:00,1865,3993771,1846.000000000000000,3631541,59.000000000000000,305886.000000000000000,1924,4299657,1905,3937427,3770,7931089
302,10/11/2021 15:00:00,4372,3998143,3191.000000000000000,3634732,248.000000000000000,306134.000000000000000,4620,4304277,3439,3940866,7811,7938900
303,10/12/2021 15:00:00,3727,4001870,3403.000000000000000,3638135,270.000000000000000,306404.000000000000000,3997,4308274,3673,3944539,7400,7946300
304,10/13/2021 15:00:00,3982,4005852,3444.000000000000000,3641579,347.000000000000000,306751.000000000000000,4329,4312603,3791,3948330,7773,7954073
305,10/14/2021 15:00:00,5188,4011040,5476.000000000000000,3647055,429.000000000000000,307180.000000000000000,5617,4318220,5905,3954235,11093,7965166
306,10/15/2021 15:00:00,4734,4015774,4582.000000000000000,3651637,347.000000000000000,307527.000000000000000,5081,4323301,4929,3959164,9663,7974829
307,10/16/2021 15:00:00,2504,4018278,2502.000000000000000,3654139,291.000000000000000,307818.000000000000000,2795,4326096,2793,3961957,5297,7980126
308,10/17/2021 15:00:00,1809,4020087,1774.000000000000000,3655913,55.000000000000000,307873.000000000000000,1864,4327960,1829,3963786,3638,7983764
309,10/18/2021 15:00:00,4312,4024399,3569.000000000000000,3659482,267.000000000000000,308140.000000000000000,4579,4332539,3836,3967622,8148,7991912
310,10/19/2021 15:00:00,4322,4028721,4033.000000000000000,3663515,222.000000000000000,308362.000000000000000,4544,4337083,4255,3971877,8577,8000489
311,10/20/2021 15:00:00,3545,4032266,3426.000000000000000,3666941,254.000000000000000,308616.000000000000000,3799,4340882,3680,3975557,7225,8007714
312,10/21/2021 15:00:00,3312,4035578,3260.000000000000000,3670201,290.000000000000000,308906.000000000000000,3602,4344484,3550,3979107,6862,8014576
313,10/22/2021 15:00:00,4702,4040280,4041.000000000000000,3674242,475.000000000000000,309381.000000000000000,5177,4349661,4516,3983623,9218,8023794
314,10/23/2021 15:00:00,2905,4043185,2126.000000000000000,3676368,321.000000000000000,309702.000000000000000,3226,4352887,2447,3986070,5352,8029146
315,10/24/2021 15:00:00,2062,4045247,1559.000000000000000,3677927,78.000000000000000,309780.000000000000000,2140,4355027,1637,3987707,3699,8032845
316,10/25/2021 15:00:00,4553,4049800,3117.000000000000000,3681044,317.000000000000000,310097.000000000000000,4870,4359897,3434,3991141,7987,8040832
317,10/26/2021 15:00:00,4521,4054321,3146.000000000000000,3684190,311.000000000000000,310408.000000000000000,4832,4364729,3457,3994598,7978,8048810
318,10/27/2021 15:00:00,4744,4059065,3398.000000000000000,3687588,429.000000000000000,310837.000000000000000,5173,4369902,3827,3998425,8571,8057381
319,10/28/2021 15:00:00,4569,4063634,3433.000000000000000,3691021,495.000000000000000,311332.000000000000000,5064,4374966,3928,4002353,8497,8065878
320,10/29/2021 15:00:00,4980,4068614,3946.000000000000000,3694967,393.000000000000000,311725.000000000000000,5373,4380339,4339,4006692,9319,8075197
321,10/30/2021 15:00:00,2631,4071245,1858.000000000000000,3696825,308.000000000000000,312033.000000000000000,2939,4383278,2166,4008858,4797,8079994
322,10/31/2021 15:00:00,1952,4073197,1515.000000000000000,3698340,93.000000000000000,312126.000000000000000,2045,4385323,1608,4010466,3560,8083554
323,11/1/2021 15:00:00,4655,4077852,3478.000000000000000,3701818,339.000000000000000,312465.000000000000000,4994,4390317,3817,4014283,8472,8092026
324,11/2/2021 15:00:00,4253,4082105,3028.000000000000000,3704846,405.000000000000000,312870.000000000000000,4658,4394975,3433,4017716,7686,8099712
325,11/3/2021 15:00:00,4670,4086775,3132.000000000000000,3707978,460.000000000000000,313330.000000000000000,5130,4400105,3592,4021308,8262,8107974
326,11/4/2021 15:00:00,6294,4093069,3424.000000000000000,3711402,513.000000000000000,313843.000000000000000,6807,4406912,3937,4025245,10231,8118205
327,11/5/2021 15:00:00,8183,4101252,3842.000000000000000,3715244,407.000000000000000,314250.000000000000000,8590,4415502,4249,4029494,12432,8130637
328,11/6/2021 15:00:00,10059,4111311,1994.000000000000000,3717238,305.000000000000000,314555.000000000000000,10364,4425866,2299,4031793,12358,8142995
329,11/7/2021 15:00:00,7693,4119004,1477.000000000000000,3718715,94.000000000000000,314649.000000000000000,7787,4433653,1571,4033364,9264,8152259
330,11/8/2021 15:00:00,11278,4130282,3109.000000000000000,3721824,377.000000000000000,315026.000000000000000,11655,4445308,3486,4036850,14764,8167023
331,11/9/2021 15:00:00,11762,4142044,2713.000000000000000,3724537,268.000000000000000,315294.000000000000000,12030,4457338,2981,4039831,14743,8181766
332,11/10/2021 15:00:00,12553,4154597,2834.000000000000000,3727371,337.000000000000000,315631.000000000000000,12890,4470228,3171,4043002,15724,8197490
333,11/11/2021 15:00:00,11321,4165918,2464.000000000000000,3729835,281.000000000000000,315912.000000000000000,11602,4481830,2745,4045747,14066,8211556
334,11/12/2021 15:00:00,12241,4178159,3440.000000000000000,3733275,548.000000000000000,316460.000000000000000,12789,4494619,3988,4049735,16229,8227785
335,11/13/2021 15:00:00,9728,4187887,1603.000000000000000,3734878,341.000000000000000,316801.000000000000000,10069,4504688,1944,4051679,11672,8239457
336,11/14/2021 15:00:00,3915,4191802,1132.000000000000000,3736010,121.000000000000000,316922.000000000000000,4036,4508724,1253,4052932,5168,8244625
337,11/15/2021 15:00:00,8592,4200394,2620.000000000000000,3738630,205.000000000000000,317127.000000000000000,8797,4517521,2825,4055757,11417,8256042
338,11/16/2021 15:00:00,9218,4209612,2599.000000000000000,3741229,255.000000000000000,317382.000000000000000,9473,4526994,2854,4058611,12072,8268114
339,11/17/2021 15:00:00,9368,4218980,2961.000000000000000,3744190,312.000000000000000,317694.000000000000000,9680,4536674,3273,4061884,12641,8280755
340,11/18/2021 15:00:00,9268,4228248,2709.000000000000000,3746899,480.000000000000000,318174.000000000000000,9748,4546422,3189,4065073,12457,8293212
341,11/19/2021 15:00:00,9781,4238029,3017.000000000000000,3749916,383.000000000000000,318557.000000000000000,10164,4556586,3400,4068473,13181,8306393
342,11/20/2021 15:00:00,10624,4248653,1618.000000000000000,3751534,453.000000000000000,319010.000000000000000,11077,4567663,2071,4070544,12695,8319088
343,11/21/2021 15:00:00,4352,4253005,1207.000000000000000,3752741,99.000000000000000,319109.000000000000000,4451,4572114,1306,4071850,5658,8324746
344,11/22/2021 15:00:00,9769,4262774,2572.000000000000000,3755313,292.000000000000000,319401.000000000000000,10061,4582175,2864,4074714,12633,8337379
345,11/23/2021 15:00:00,9166,4271940,2497.000000000000000,3757810,280.000000000000000,319681.000000000000000,9446,4591621,2777,4077491,11943,8349322
346,11/24/2021 15:00:00,8098,4280038,2540.000000000000000,3760350,216.000000000000000,319897.000000000000000,8314,4599935,2756,4080247,10854,8360176
347,11/25/2021 15:00:00,238,4280276,77.000000000000000,3760427,9.000000000000000,319906.000000000000000,247,4600182,86,4080333,324,8360500
348,11/26/2021 15:00:00,5678,4285954,4049.000000000000000,3764476,152.000000000000000,320058.000000000000000,5830,4606012,4201,4084534,9879,8370379
349,11/27/2021 15:00:00,3781,4289735,5444.000000000000000,3769920,134.000000000000000,320192.000000000000000,3915,4609927,5578,4090112,9359,8379738
350,11/28/2021 15:00:00,2424,4292159,6361.000000000000000,3776281,77.000000000000000,320269.000000000000000,2501,4612428,6438,4096550,8862,8388600
351,11/29/2021 15:00:00,6363,4298522,9311.000000000000000,3785592,379.000000000000000,320648.000000000000000,6742,4619170,9690,4106240,16053,8404653
352,11/30/2021 15:00:00,6179,4304701,9331.000000000000000,3794923,264.000000000000000,320912.000000000000000,6443,4625613,9595,4115835,15774,8420427
353,12/1/2021 15:00:00,7172,4311873,9596.000000000000000,3804519,305.000000000000000,321217.000000000000000,7477,4633090,9901,4125736,17073,8437500
354,12/2/2021 15:00:00,6811,4318684,8745.000000000000000,3813264,447.000000000000000,321664.000000000000000,7258,4640348,9192,4134928,16003,8453503
355,12/3/2021 15:00:00,7444,4326128,9005.000000000000000,3822269,247.000000000000000,321911.000000000000000,7691,4648039,9252,4144180,16696,8470199
356,12/4/2021 15:00:00,5834,4331962,9549.000000000000000,3831818,456.000000000000000,322367.000000000000000,6290,4654329,10005,4154185,15839,8486038
357,12/5/2021 15:00:00,3358,4335320,3066.000000000000000,3834884,74.000000000000000,322441.000000000000000,3432,4657761,3140,4157325,6498,8492536
358,12/6/2021 15:00:00,6490,4341810,6923.000000000000000,3841807,266.000000000000000,322707.000000000000000,6756,4664517,7189,4164514,13679,8506215
359,12/7/2021 15:00:00,6137,4347947,6701.000000000000000,3848508,240.000000000000000,322947.000000000000000,6377,4670894,6941,4171455,13078,8519293
360,12/8/2021 15:00:00,6655,4354602,7107.000000000000000,3855615,309.000000000000000,323256.000000000000000,6964,4677858,7416,4178871,14071,8533364
361,12/9/2021 15:00:00,6219,4360821,6748.000000000000000,3862363,394.000000000000000,323650.000000000000000,6613,4684471,7142,4186013,13361,8546725
362,12/10/2021 15:00:00,6927,4367748,6991.000000000000000,3869354,226.000000000000000,323876.000000000000000,7153,4691624,7217,4193230,14144,8560869
363,12/11/2021 15:00:00,4270,4372018,7128.000000000000000,3876482,330.000000000000000,324206.000000000000000,4600,4696224,7458,4200688,11728,8572597
364,12/12/2021 15:00:00,3949,4375967,2760.000000000000000,3879242,57.000000000000000,324263.000000000000000,4006,4700230,2817,4203505,6766,8579363
365,12/13/2021 15:00:00,5502,4381469,5585.000000000000000,3884827,235.000000000000000,324498.000000000000000,5737,4705967,5820,4209325,11322,8590685
366,12/14/2021 15:00:00,6205,4387674,5769.000000000000000,3890596,203.000000000000000,324701.000000000000000,6408,4712375,5972,4215297,12177,8602862
367,12/15/2021 15:00:00,6809,4394483,5468.000000000000000,3896064,240.000000000000000,324941.000000000000000,7049,4719424,5708,4221005,12517,8615379
368,12/16/2021 15:00:00,7531,4402014,2745.000000000000000,3898809,413.000000000000000,325354.000000000000000,7944,4727368,3158,4224163,10689,8626068
369,12/17/2021 15:00:00,7466,4409480,3999.000000000000000,3902808,174.000000000000000,325528.000000000000000,7640,4735008,4173,4228336,11639,8637707
370,12/18/2021 15:00:00,5606,4415086,3072.000000000000000,3905880,294.000000000000000,325822.000000000000000,5900,4740908,3366,4231702,8972,8646679
371,12/19/2021 15:00:00,3295,4418381,1281.000000000000000,3907161,35.000000000000000,325857.000000000000000,3330,4744238,1316,4233018,4611,8651290
372,12/20/2021 15:00:00,7786,4426167,3663.000000000000000,3910824,149.000000000000000,326006.000000000000000,7935,4752173,3812,4236830,11598,8662888
373,12/21/2021 15:00:00,8607,4434774,4082.000000000000000,3914906,158.000000000000000,326164.000000000000000,8765,4760938,4240,4241070,12847,8675735
374,12/22/2021 15:00:00,8198,4442972,3719.000000000000000,3918625,169.000000000000000,326333.000000000000000,8367,4769305,3888,4244958,12086,8687821
375,12/23/2021 15:00:00,7969,4450941,3411.000000000000000,3922036,350.000000000000000,326683.000000000000000,8319,4777624,3761,4248719,11730,8699551
376,12/24/2021 15:00:00,1528,4452469,974.000000000000000,3923010,36.000000000000000,326719.000000000000000,1564,4779188,1010,4249729,2538,8702089
377,12/25/2021 15:00:00,42,4452511,36.000000000000000,3923046,1.000000000000000,326720.000000000000000,43,4779231,37,4249766,79,8702168
378,12/26/2021 15:00:00,2434,4454945,1663.000000000000000,3924709,44.000000000000000,326764.000000000000000,2478,4781709,1707,4251473,4141,8706309
379,12/27/2021 15:00:00,6848,4461793,3800.000000000000000,3928509,293.000000000000000,327057.000000000000000,7141,4788850,4093,4255566,10941,8717250
380,12/28/2021 15:00:00,7339,4469132,3542.000000000000000,3932051,153.000000000000000,327210.000000000000000,7492,4796342,3695,4259261,11034,8728284
381,12/29/2021 15:00:00,7614,4476746,3742.000000000000000,3935793,149.000000000000000,327359.000000000000000,7763,4804105,3891,4263152,11505,8739789
382,12/30/2021 15:00:00,6853,4483599,3424.000000000000000,3939217,276.000000000000000,327635.000000000000000,7129,4811234,3700,4266852,10553,8750342
383,12/31/2021 15:00:00,2342,4485941,1420.000000000000000,3940637,86.000000000000000,327721.000000000000000,2428,4813662,1506,4268358,3848,8754190
384,1/1/2022 15:00:00,609,4486550,291.000000000000000,3940928,31.000000000000000,327752.000000000000000,640,4814302,322,4268680,931,8755121
385,1/2/2022 15:00:00,2060,4488610,1531.000000000000000,3942459,42.000000000000000,327794.000000000000000,2102,4816404,1573,4270253,3633,8758754
386,1/3/2022 15:00:00,3051,4491661,1824.000000000000000,3944283,214.000000000000000,328008.000000000000000,3265,4819669,2038,4272291,5089,8763843
387,1/4/2022 15:00:00,2643,4494304,1892.000000000000000,3946175,117.000000000000000,328125.000000000000000,2760,4822429,2009,4274300,4652,8768495