OBJECTID,VACCINATION_DATE,FirstDailyDose,FirstDoseCumulative,SecondDailyDose,SecondDoseCumulative,SingleDailyDose,SingleDoseCumulative,AtleastOneVaccine,AtleastOneVaccineCumulative,CompletedVax,CompletedVaxCumulative,FirstSecondSingleVaccination_12,FirstSecondSingleVaccination_13
1,12/14/2020 15:00:00,19,1333,,515,,,19,1333,0,515,19,1743
2,12/15/2020 15:00:00,59,1392,3.000000000000000,518,,,59,1392,3,518,62,1805
3,12/16/2020 15:00:00,588,1980,5.000000000000000,523,,,588,1980,5,523,593,2398
4,12/17/2020 15:00:00,1154,3134,5.000000000000000,528,,,1154,3134,5,528,1159,3557
5,12/18/2020 15:00:00,3011,6145,13.000000000000000,541,,,3011,6145,13,541,3024,6581
6,12/19/2020 15:00:00,928,7073,5.000000000000000,546,,,928,7073,5,546,933,7514
7,12/20/2020 15:00:00,360,7433,5.000000000000000,551,,,360,7433,5,551,365,7879
8,12/21/2020 15:00:00,3883,11316,26.000000000000000,577,,,3883,11316,26,577,3909,11788
9,12/22/2020 15:00:00,6318,17634,26.000000000000000,603,,,6318,17634,26,603,6344,18132
10,12/23/2020 15:00:00,5774,23408,35.000000000000000,638,,,5774,23408,35,638,5809,23941
11,12/24/2020 15:00:00,2722,26130,16.000000000000000,654,,,2722,26130,16,654,2738,26679
12,12/25/2020 15:00:00,1034,27164,4.000000000000000,658,,,1034,27164,4,658,1038,27717
13,12/26/2020 15:00:00,1882,29046,9.000000000000000,667,,,1882,29046,9,667,1891,29608
14,12/27/2020 15:00:00,1803,30849,10.000000000000000,677,,,1803,30849,10,677,1813,31421
15,12/28/2020 15:00:00,8981,39830,47.000000000000000,724,,,8981,39830,47,724,9028,40449
16,12/29/2020 15:00:00,10957,50787,50.000000000000000,774,,,10957,50787,50,774,11007,51456
17,12/30/2020 15:00:00,12486,63273,87.000000000000000,861,,,12486,63273,87,861,12573,64029
18,12/31/2020 15:00:00,7550,70823,45.000000000000000,906,,,7550,70823,45,906,7595,71624
19,1/1/2021 15:00:00,3190,74013,136.000000000000000,1042,,,3190,74013,136,1042,3326,74950
20,1/2/2021 15:00:00,3035,77048,34.000000000000000,1076,,,3035,77048,34,1076,3069,78019
21,1/3/2021 15:00:00,3405,80453,81.000000000000000,1157,,,3405,80453,81,1157,3486,81505
22,1/4/2021 15:00:00,13350,93803,331.000000000000000,1488,,,13350,93803,331,1488,13681,95186
23,1/5/2021 15:00:00,12464,106267,543.000000000000000,2031,,,12464,106267,543,2031,13007,108193
24,1/6/2021 15:00:00,15242,121509,858.000000000000000,2889,,,15242,121509,858,2889,16100,124293
25,1/7/2021 15:00:00,15015,136524,1761.000000000000000,4650,,,15015,136524,1761,4650,16776,141069
26,1/8/2021 15:00:00,24006,160530,2774.000000000000000,7424,,,24006,160530,2774,7424,26780,167849
27,1/9/2021 15:00:00,5164,165694,951.000000000000000,8375,,,5164,165694,951,8375,6115,173964
28,1/10/2021 15:00:00,2966,168660,381.000000000000000,8756,,,2966,168660,381,8756,3347,177311
29,1/11/2021 15:00:00,13713,182373,3467.000000000000000,12223,,,13713,182373,3467,12223,17180,194491
30,1/12/2021 15:00:00,17377,199750,5585.000000000000000,17808,,,17377,199750,5585,17808,22962,217453
31,1/13/2021 15:00:00,18599,218349,3911.000000000000000,21719,,,18599,218349,3911,21719,22510,239963
32,1/14/2021 15:00:00,17834,236183,1958.000000000000000,23677,,,17834,236183,1958,23677,19792,259755
33,1/15/2021 15:00:00,19456,255639,2024.000000000000000,25701,,,19456,255639,2024,25701,21480,281235
34,1/16/2021 15:00:00,5820,261459,1612.000000000000000,27313,,,5820,261459,1612,27313,7432,288667
35,1/17/2021 15:00:00,2119,263578,1478.000000000000000,28791,,,2119,263578,1478,28791,3597,292264
36,1/18/2021 15:00:00,7070,270648,3256.000000000000000,32047,,,7070,270648,3256,32047,10326,302590
37,1/19/2021 15:00:00,16938,287586,5399.000000000000000,37446,,,16938,287586,5399,37446,22337,324927
38,1/20/2021 15:00:00,20998,308584,5317.000000000000000,42763,,,20998,308584,5317,42763,26315,351242
39,1/21/2021 15:00:00,23787,332371,3833.000000000000000,46596,,,23787,332371,3833,46596,27620,378862
40,1/22/2021 15:00:00,28649,361020,3742.000000000000000,50338,,,28649,361020,3742,50338,32391,411253
41,1/23/2021 15:00:00,10112,371132,1934.000000000000000,52272,,,10112,371132,1934,52272,12046,423299
42,1/24/2021 15:00:00,3349,374481,1722.000000000000000,53994,,,3349,374481,1722,53994,5071,428370
43,1/25/2021 15:00:00,16299,390780,8595.000000000000000,62589,,,16299,390780,8595,62589,24894,453264
44,1/26/2021 15:00:00,17549,408329,8966.000000000000000,71555,,,17549,408329,8966,71555,26515,479779
45,1/27/2021 15:00:00,24431,432760,12541.000000000000000,84096,,,24431,432760,12541,84096,36972,516751
46,1/28/2021 15:00:00,22646,455406,9320.000000000000000,93416,,,22646,455406,9320,93416,31966,548717
47,1/29/2021 15:00:00,24767,480173,7916.000000000000000,101332,,,24767,480173,7916,101332,32683,581400
48,1/30/2021 15:00:00,17771,497944,2552.000000000000000,103884,,,17771,497944,2552,103884,20323,601723
49,1/31/2021 15:00:00,3760,501704,1362.000000000000000,105246,,,3760,501704,1362,105246,5122,606845
50,2/1/2021 15:00:00,8054,509758,5338.000000000000000,110584,,,8054,509758,5338,110584,13392,620237
51,2/2/2021 15:00:00,12484,522242,13820.000000000000000,124404,,,12484,522242,13820,124404,26304,646541
52,2/3/2021 15:00:00,18243,540485,18121.000000000000000,142525,,,18243,540485,18121,142525,36364,682905
53,2/4/2021 15:00:00,22109,562594,15765.000000000000000,158290,,,22109,562594,15765,158290,37874,720779
54,2/5/2021 15:00:00,20339,582933,17405.000000000000000,175695,,,20339,582933,17405,175695,37744,758523
55,2/6/2021 15:00:00,11317,594250,14465.000000000000000,190160,,,11317,594250,14465,190160,25782,784305
56,2/7/2021 15:00:00,5946,600196,1833.000000000000000,191993,,,5946,600196,1833,191993,7779,792084
57,2/8/2021 15:00:00,12968,613164,12916.000000000000000,204909,,,12968,613164,12916,204909,25884,817968
58,2/9/2021 15:00:00,16642,629806,13864.000000000000000,218773,,,16642,629806,13864,218773,30506,848474
59,2/10/2021 15:00:00,19278,649084,21221.000000000000000,239994,,,19278,649084,21221,239994,40499,888973
60,2/11/2021 15:00:00,22840,671924,17331.000000000000000,257325,,,22840,671924,17331,257325,40171,929144
61,2/12/2021 15:00:00,20386,692310,19606.000000000000000,276931,,,20386,692310,19606,276931,39992,969136
62,2/13/2021 15:00:00,11435,703745,6413.000000000000000,283344,,,11435,703745,6413,283344,17848,986984
63,2/14/2021 15:00:00,7107,710852,2119.000000000000000,285463,,,7107,710852,2119,285463,9226,996210
64,2/15/2021 15:00:00,11757,722609,13320.000000000000000,298783,,,11757,722609,13320,298783,25077,1021287
65,2/16/2021 15:00:00,16598,739207,21005.000000000000000,319788,,,16598,739207,21005,319788,37603,1058890
66,2/17/2021 15:00:00,20645,759852,26369.000000000000000,346157,,,20645,759852,26369,346157,47014,1105904
67,2/18/2021 15:00:00,3194,763046,4615.000000000000000,350772,,,3194,763046,4615,350772,7809,1113713
68,2/19/2021 15:00:00,10254,773300,19920.000000000000000,370692,,,10254,773300,19920,370692,30174,1143887
69,2/20/2021 15:00:00,10310,783610,20279.000000000000000,390971,,,10310,783610,20279,390971,30589,1174476
70,2/21/2021 15:00:00,6169,789779,7638.000000000000000,398609,,,6169,789779,7638,398609,13807,1188283
71,2/22/2021 15:00:00,8033,797812,15465.000000000000000,414074,,,8033,797812,15465,414074,23498,1211781
72,2/23/2021 15:00:00,15519,813331,15974.000000000000000,430048,,,15519,813331,15974,430048,31493,1243274
73,2/24/2021 15:00:00,17943,831274,24736.000000000000000,454784,,,17943,831274,24736,454784,42679,1285953
74,2/25/2021 15:00:00,20391,851665,26546.000000000000000,481330,,,20391,851665,26546,481330,46937,1332890
75,2/26/2021 15:00:00,26715,878380,26200.000000000000000,507530,,,26715,878380,26200,507530,52915,1385805
76,2/27/2021 15:00:00,16000,894380,11151.000000000000000,518681,,,16000,894380,11151,518681,27151,1412956
77,2/28/2021 15:00:00,15498,909878,4874.000000000000000,523555,,,15498,909878,4874,523555,20372,1433328
78,3/1/2021 15:00:00,26885,936763,12585.000000000000000,536140,,,26885,936763,12585,536140,39470,1472798
79,3/2/2021 15:00:00,23903,960666,13265.000000000000000,549405,33.000000000000000,33.000000000000000,23936,960699,13298,549438,37201,1509999
80,3/3/2021 15:00:00,30177,990843,18385.000000000000000,567790,186.000000000000000,219.000000000000000,30363,991062,18571,568009,48748,1558747
81,3/4/2021 15:00:00,30952,1021795,18180.000000000000000,585970,4068.000000000000000,4287.000000000000000,35020,1026082,22248,590257,53200,1611947
82,3/5/2021 15:00:00,30008,1051803,19707.000000000000000,605677,4909.000000000000000,9196.000000000000000,34917,1060999,24616,614873,54624,1666571
83,3/6/2021 15:00:00,18905,1070708,9501.000000000000000,615178,6006.000000000000000,15202.000000000000000,24911,1085910,15507,630380,34412,1700983
84,3/7/2021 15:00:00,12120,1082828,4849.000000000000000,620027,6613.000000000000000,21815.000000000000000,18733,1104643,11462,641842,23582,1724565
85,3/8/2021 15:00:00,25868,1108696,8834.000000000000000,628861,8277.000000000000000,30092.000000000000000,34145,1138788,17111,658953,42979,1767544
86,3/9/2021 15:00:00,26109,1134805,15459.000000000000000,644320,8349.000000000000000,38441.000000000000000,34458,1173246,23808,682761,49917,1817461
87,3/10/2021 15:00:00,29844,1164649,15982.000000000000000,660302,7940.000000000000000,46381.000000000000000,37784,1211030,23922,706683,53766,1871227
88,3/11/2021 15:00:00,35980,1200629,16394.000000000000000,676696,3981.000000000000000,50362.000000000000000,39961,1250991,20375,727058,56355,1927582
89,3/12/2021 15:00:00,36904,1237533,18084.000000000000000,694780,2924.000000000000000,53286.000000000000000,39828,1290819,21008,748066,57912,1985494
90,3/13/2021 15:00:00,22656,1260189,10278.000000000000000,705058,1626.000000000000000,54912.000000000000000,24282,1315101,11904,759970,34560,2020054
91,3/14/2021 15:00:00,17833,1278022,6713.000000000000000,711771,1004.000000000000000,55916.000000000000000,18837,1333938,7717,767687,25550,2045604
92,3/15/2021 15:00:00,29812,1307834,11293.000000000000000,723064,597.000000000000000,56513.000000000000000,30409,1364347,11890,779577,41702,2087306
93,3/16/2021 15:00:00,33410,1341244,13565.000000000000000,736629,769.000000000000000,57282.000000000000000,34179,1398526,14334,793911,47744,2135050
94,3/17/2021 15:00:00,37557,1378801,17036.000000000000000,753665,1180.000000000000000,58462.000000000000000,38737,1437263,18216,812127,55773,2190823
95,3/18/2021 15:00:00,41433,1420234,12634.000000000000000,766299,1348.000000000000000,59810.000000000000000,42781,1480044,13982,826109,55415,2246238
96,3/19/2021 15:00:00,38327,1458561,15415.000000000000000,781714,1036.000000000000000,60846.000000000000000,39363,1519407,16451,842560,54778,2301016
97,3/20/2021 15:00:00,24691,1483252,10149.000000000000000,791863,702.000000000000000,61548.000000000000000,25393,1544800,10851,853411,35542,2336558
98,3/21/2021 15:00:00,19168,1502420,7869.000000000000000,799732,336.000000000000000,61884.000000000000000,19504,1564304,8205,861616,27373,2363931
99,3/22/2021 15:00:00,32583,1535003,11466.000000000000000,811198,835.000000000000000,62719.000000000000000,33418,1597722,12301,873917,44884,2408815
100,3/23/2021 15:00:00,38415,1573418,17789.000000000000000,828987,1554.000000000000000,64273.000000000000000,39969,1637691,19343,893260,57758,2466573
101,3/24/2021 15:00:00,41072,1614490,21195.000000000000000,850182,1386.000000000000000,65659.000000000000000,42458,1680149,22581,915841,63653,2530226
102,3/25/2021 15:00:00,42867,1657357,21675.000000000000000,871857,2458.000000000000000,68117.000000000000000,45325,1725474,24133,939974,67000,2597226
103,3/26/2021 15:00:00,36340,1693697,26660.000000000000000,898517,2496.000000000000000,70613.000000000000000,38836,1764310,29156,969130,65496,2662722
104,3/27/2021 15:00:00,26458,1720155,17275.000000000000000,915792,2491.000000000000000,73104.000000000000000,28949,1793259,19766,988896,46224,2708946
105,3/28/2021 15:00:00,17005,1737160,12630.000000000000000,928422,1616.000000000000000,74720.000000000000000,18621,1811880,14246,1003142,31251,2740197
106,3/29/2021 15:00:00,29710,1766870,26270.000000000000000,954692,1140.000000000000000,75860.000000000000000,30850,1842730,27410,1030552,57120,2797317
107,3/30/2021 15:00:00,40039,1806909,28974.000000000000000,983666,1861.000000000000000,77721.000000000000000,41900,1884630,30835,1061387,70874,2868191
108,3/31/2021 15:00:00,41030,1847939,34671.000000000000000,1018337,5749.000000000000000,83470.000000000000000,46779,1931409,40420,1101807,81450,2949641
109,4/1/2021 15:00:00,42256,1890195,40962.000000000000000,1059299,5723.000000000000000,89193.000000000000000,47979,1979388,46685,1148492,88941,3038582
110,4/2/2021 15:00:00,34909,1925104,32651.000000000000000,1091950,6121.000000000000000,95314.000000000000000,41030,2020418,38772,1187264,73681,3112263
111,4/3/2021 15:00:00,21132,1946236,19180.000000000000000,1111130,4385.000000000000000,99699.000000000000000,25517,2045935,23565,1210829,44697,3156960
112,4/4/2021 15:00:00,8267,1954503,10182.000000000000000,1121312,967.000000000000000,100666.000000000000000,9234,2055169,11149,1221978,19416,3176376
113,4/5/2021 15:00:00,27934,1982437,28889.000000000000000,1150201,6653.000000000000000,107319.000000000000000,34587,2089756,35542,1257520,63476,3239852
114,4/6/2021 15:00:00,39757,2022194,30424.000000000000000,1180625,10488.000000000000000,117807.000000000000000,50245,2140001,40912,1298432,80669,3320521
115,4/7/2021 15:00:00,36061,2058255,34256.000000000000000,1214881,12981.000000000000000,130788.000000000000000,49042,2189043,47237,1345669,83298,3403819
116,4/8/2021 15:00:00,42286,2100541,36076.000000000000000,1250957,13864.000000000000000,144652.000000000000000,56150,2245193,49940,1395609,92226,3496045
117,4/9/2021 15:00:00,34041,2134582,36304.000000000000000,1287261,14521.000000000000000,159173.000000000000000,48562,2293755,50825,1446434,84866,3580911
118,4/10/2021 15:00:00,23454,2158036,23118.000000000000000,1310379,7642.000000000000000,166815.000000000000000,31096,2324851,30760,1477194,54214,3635125
119,4/11/2021 15:00:00,17558,2175594,13273.000000000000000,1323652,10122.000000000000000,176937.000000000000000,27680,2352531,23395,1500589,40953,3676078
120,4/12/2021 15:00:00,24592,2200186,33145.000000000000000,1356797,10897.000000000000000,187834.000000000000000,35489,2388020,44042,1544631,68634,3744712
121,4/13/2021 15:00:00,126180,2326366,91214.000000000000000,1448011,3292.000000000000000,191126.000000000000000,129472,2517492,94506,1639137,220686,3965398
122,4/14/2021 15:00:00,40704,2367070,37792.000000000000000,1485803,211.000000000000000,191337.000000000000000,40915,2558407,38003,1677140,78707,4044105
123,4/15/2021 15:00:00,41410,2408480,39509.000000000000000,1525312,174.000000000000000,191511.000000000000000,41584,2599991,39683,1716823,81093,4125198
124,4/16/2021 15:00:00,37144,2445624,38828.000000000000000,1564140,23.000000000000000,191534.000000000000000,37167,2637158,38851,1755674,75995,4201193
125,4/17/2021 15:00:00,32796,2478420,22014.000000000000000,1586154,12.000000000000000,191546.000000000000000,32808,2669966,22026,1777700,54822,4256015
126,4/18/2021 15:00:00,20066,2498486,16187.000000000000000,1602341,5.000000000000000,191551.000000000000000,20071,2690037,16192,1793892,36258,4292273
127,4/19/2021 15:00:00,29870,2528356,36535.000000000000000,1638876,61.000000000000000,191612.000000000000000,29931,2719968,36596,1830488,66466,4358739
128,4/20/2021 15:00:00,32919,2561275,44417.000000000000000,1683293,57.000000000000000,191669.000000000000000,32976,2752944,44474,1874962,77393,4436132
129,4/21/2021 15:00:00,39803,2601078,47025.000000000000000,1730318,25.000000000000000,191694.000000000000000,39828,2792772,47050,1922012,86853,4522985
130,4/22/2021 15:00:00,35813,2636891,42634.000000000000000,1772952,16.000000000000000,191710.000000000000000,35829,2828601,42650,1964662,78463,4601448
131,4/23/2021 15:00:00,33125,2670016,40116.000000000000000,1813068,14.000000000000000,191724.000000000000000,33139,2861740,40130,2004792,73255,4674703
132,4/24/2021 15:00:00,26403,2696419,27872.000000000000000,1840940,81.000000000000000,191805.000000000000000,26484,2888224,27953,2032745,54356,4729059
133,4/25/2021 15:00:00,20226,2716645,10957.000000000000000,1851897,31.000000000000000,191836.000000000000000,20257,2908481,10988,2043733,31214,4760273
134,4/26/2021 15:00:00,27398,2744043,32694.000000000000000,1884591,202.000000000000000,192038.000000000000000,27600,2936081,32896,2076629,60294,4820567
135,4/27/2021 15:00:00,26696,2770739,33046.000000000000000,1917637,1098.000000000000000,193136.000000000000000,27794,2963875,34144,2110773,60840,4881407
136,4/28/2021 15:00:00,28927,2799666,39502.000000000000000,1957139,1362.000000000000000,194498.000000000000000,30289,2994164,40864,2151637,69791,4951198
137,4/29/2021 15:00:00,27081,2826747,39692.000000000000000,1996831,1463.000000000000000,195961.000000000000000,28544,3022708,41155,2192792,68236,5019434
138,4/30/2021 15:00:00,28201,2854948,32245.000000000000000,2029076,1647.000000000000000,197608.000000000000000,29848,3052556,33892,2226684,62093,5081527
139,5/1/2021 15:00:00,20621,2875569,26624.000000000000000,2055700,1045.000000000000000,198653.000000000000000,21666,3074222,27669,2254353,48290,5129817
140,5/2/2021 15:00:00,10283,2885852,17035.000000000000000,2072735,822.000000000000000,199475.000000000000000,11105,3085327,17857,2272210,28140,5157957
141,5/3/2021 15:00:00,12752,2898604,28561.000000000000000,2101296,1915.000000000000000,201390.000000000000000,14667,3099994,30476,2302686,43228,5201185
142,5/4/2021 15:00:00,13565,2912169,38578.000000000000000,2139874,1737.000000000000000,203127.000000000000000,15302,3115296,40315,2343001,53880,5255065
143,5/5/2021 15:00:00,19321,2931490,37729.000000000000000,2177603,1921.000000000000000,205048.000000000000000,21242,3136538,39650,2382651,58971,5314036
144,5/6/2021 15:00:00,16916,2948406,40574.000000000000000,2218177,1720.000000000000000,206768.000000000000000,18636,3155174,42294,2424945,59210,5373246
145,5/7/2021 15:00:00,17581,2965987,36987.000000000000000,2255164,1957.000000000000000,208725.000000000000000,19538,3174712,38944,2463889,56525,5429771
146,5/8/2021 15:00:00,10786,2976773,31213.000000000000000,2286377,1291.000000000000000,210016.000000000000000,12077,3186789,32504,2496393,43290,5473061
147,5/9/2021 15:00:00,5078,2981851,12234.000000000000000,2298611,695.000000000000000,210711.000000000000000,5773,3192562,12929,2509322,18007,5491068
148,5/10/2021 15:00:00,8954,2990805,31041.000000000000000,2329652,1362.000000000000000,212073.000000000000000,10316,3202878,32403,2541725,41357,5532425
149,5/11/2021 15:00:00,12184,3002989,30264.000000000000000,2359916,1440.000000000000000,213513.000000000000000,13624,3216502,31704,2573429,43888,5576313
150,5/12/2021 15:00:00,13950,3016939,38567.000000000000000,2398483,1919.000000000000000,215432.000000000000000,15869,3232371,40486,2613915,54436,5630749
151,5/13/2021 15:00:00,21855,3038794,33445.000000000000000,2431928,1345.000000000000000,216777.000000000000000,23200,3255571,34790,2648705,56645,5687394
152,5/14/2021 15:00:00,24375,3063169,30017.000000000000000,2461945,1775.000000000000000,218552.000000000000000,26150,3281721,31792,2680497,56167,5743561
153,5/15/2021 15:00:00,21920,3085089,25098.000000000000000,2487043,1490.000000000000000,220042.000000000000000,23410,3305131,26588,2707085,48508,5792069
154,5/16/2021 15:00:00,9084,3094173,17575.000000000000000,2504618,1113.000000000000000,221155.000000000000000,10197,3315328,18688,2725773,27772,5819841
155,5/17/2021 15:00:00,16846,3111019,28376.000000000000000,2532994,1949.000000000000000,223104.000000000000000,18795,3334123,30325,2756098,47171,5867012
156,5/18/2021 15:00:00,21252,3132271,30669.000000000000000,2563663,1942.000000000000000,225046.000000000000000,23194,3357317,32611,2788709,53863,5920875
157,5/19/2021 15:00:00,27636,3159907,32401.000000000000000,2596064,1628.000000000000000,226674.000000000000000,29264,3386581,34029,2822738,61665,5982540
158,5/20/2021 15:00:00,20807,3180714,33239.000000000000000,2629303,1966.000000000000000,228640.000000000000000,22773,3409354,35205,2857943,56012,6038552
159,5/21/2021 15:00:00,19157,3199871,30323.000000000000000,2659626,1607.000000000000000,230247.000000000000000,20764,3430118,31930,2889873,51087,6089639
160,5/22/2021 15:00:00,16929,3216800,20663.000000000000000,2680289,1270.000000000000000,231517.000000000000000,18199,3448317,21933,2911806,38862,6128501
161,5/23/2021 15:00:00,8760,3225560,11434.000000000000000,2691723,964.000000000000000,232481.000000000000000,9724,3458041,12398,2924204,21158,6149659
162,5/24/2021 15:00:00,13558,3239118,17756.000000000000000,2709479,1473.000000000000000,233954.000000000000000,15031,3473072,19229,2943433,32787,6182446
163,5/25/2021 15:00:00,13065,3252183,18706.000000000000000,2728185,1329.000000000000000,235283.000000000000000,14394,3487466,20035,2963468,33100,6215546
164,5/26/2021 15:00:00,18303,3270486,19484.000000000000000,2747669,1511.000000000000000,236794.000000000000000,19814,3507280,20995,2984463,39298,6254844
165,5/27/2021 15:00:00,11685,3282171,18640.000000000000000,2766309,1116.000000000000000,237910.000000000000000,12801,3520081,19756,3004219,31441,6286285
166,5/28/2021 15:00:00,12408,3294579,19830.000000000000000,2786139,1400.000000000000000,239310.000000000000000,13808,3533889,21230,3025449,33638,6319923
167,5/29/2021 15:00:00,9547,3304126,11670.000000000000000,2797809,935.000000000000000,240245.000000000000000,10482,3544371,12605,3038054,22152,6342075
168,5/30/2021 15:00:00,4968,3309094,6422.000000000000000,2804231,595.000000000000000,240840.000000000000000,5563,3549934,7017,3045071,11985,6354060
169,5/31/2021 15:00:00,1777,3310871,3712.000000000000000,2807943,305.000000000000000,241145.000000000000000,2082,3552016,4017,3049088,5794,6359854
170,6/1/2021 15:00:00,9832,3320703,16409.000000000000000,2824352,1157.000000000000000,242302.000000000000000,10989,3563005,17566,3066654,27398,6387252
171,6/2/2021 15:00:00,10230,3330933,16800.000000000000000,2841152,959.000000000000000,243261.000000000000000,11189,3574194,17759,3084413,27989,6415241
172,6/3/2021 15:00:00,7896,3338829,21173.000000000000000,2862325,1086.000000000000000,244347.000000000000000,8982,3583176,22259,3106672,30155,6445396
173,6/4/2021 15:00:00,8168,3346997,22336.000000000000000,2884661,1120.000000000000000,245467.000000000000000,9288,3592464,23456,3130128,31624,6477020
174,6/5/2021 15:00:00,7004,3354001,19454.000000000000000,2904115,720.000000000000000,246187.000000000000000,7724,3600188,20174,3150302,27178,6504198
175,6/6/2021 15:00:00,3459,3357460,7236.000000000000000,2911351,423.000000000000000,246610.000000000000000,3882,3604070,7659,3157961,11118,6515316
176,6/7/2021 15:00:00,6854,3364314,15756.000000000000000,2927107,726.000000000000000,247336.000000000000000,7580,3611650,16482,3174443,23336,6538652
177,6/8/2021 15:00:00,6673,3370987,19694.000000000000000,2946801,830.000000000000000,248166.000000000000000,7503,3619153,20524,3194967,27197,6565849
178,6/9/2021 15:00:00,8195,3379182,23928.000000000000000,2970729,970.000000000000000,249136.000000000000000,9165,3628318,24898,3219865,33093,6598942
179,6/10/2021 15:00:00,7143,3386325,19113.000000000000000,2989842,894.000000000000000,250030.000000000000000,8037,3636355,20007,3239872,27150,6626092
180,6/11/2021 15:00:00,7476,3393801,17707.000000000000000,3007549,1125.000000000000000,251155.000000000000000,8601,3644956,18832,3258704,26308,6652400
181,6/12/2021 15:00:00,5232,3399033,14751.000000000000000,3022300,605.000000000000000,251760.000000000000000,5837,3650793,15356,3274060,20588,6672988
182,6/13/2021 15:00:00,1930,3400963,7565.000000000000000,3029865,427.000000000000000,252187.000000000000000,2357,3653150,7992,3282052,9922,6682910
183,6/14/2021 15:00:00,5659,3406622,11801.000000000000000,3041666,734.000000000000000,252921.000000000000000,6393,3659543,12535,3294587,18194,6701104
184,6/15/2021 15:00:00,5634,3412256,14326.000000000000000,3055992,873.000000000000000,253794.000000000000000,6507,3666050,15199,3309786,20833,6721937
185,6/16/2021 15:00:00,8754,3421010,21572.000000000000000,3077564,757.000000000000000,254551.000000000000000,9511,3675561,22329,3332115,31083,6753020
186,6/17/2021 15:00:00,6683,3427693,12354.000000000000000,3089918,720.000000000000000,255271.000000000000000,7403,3682964,13074,3345189,19757,6772777
187,6/18/2021 15:00:00,6832,3434525,12728.000000000000000,3102646,703.000000000000000,255974.000000000000000,7535,3690499,13431,3358620,20263,6793040
188,6/19/2021 15:00:00,4659,3439184,9364.000000000000000,3112010,614.000000000000000,256588.000000000000000,5273,3695772,9978,3368598,14637,6807677
189,6/20/2021 15:00:00,2505,3441689,5050.000000000000000,3117060,377.000000000000000,256965.000000000000000,2882,3698654,5427,3374025,7932,6815609
190,6/21/2021 15:00:00,5559,3447248,5330.000000000000000,3122390,635.000000000000000,257600.000000000000000,6194,3704848,5965,3379990,11524,6827133
191,6/22/2021 15:00:00,5344,3452592,9044.000000000000000,3131434,692.000000000000000,258292.000000000000000,6036,3710884,9736,3389726,15080,6842213
192,6/23/2021 15:00:00,6062,3458654,10315.000000000000000,3141749,646.000000000000000,258938.000000000000000,6708,3717592,10961,3400687,17023,6859236
193,6/24/2021 15:00:00,5932,3464586,8191.000000000000000,3149940,595.000000000000000,259533.000000000000000,6527,3724119,8786,3409473,14718,6873954
194,6/25/2021 15:00:00,5806,3470392,8654.000000000000000,3158594,620.000000000000000,260153.000000000000000,6426,3730545,9274,3418747,15080,6889034
195,6/26/2021 15:00:00,3699,3474091,6297.000000000000000,3164891,397.000000000000000,260550.000000000000000,4096,3734641,6694,3425441,10393,6899427
196,6/27/2021 15:00:00,2808,3476899,3518.000000000000000,3168409,185.000000000000000,260735.000000000000000,2993,3737634,3703,3429144,6511,6905938
197,6/28/2021 15:00:00,4914,3481813,6376.000000000000000,3174785,539.000000000000000,261274.000000000000000,5453,3743087,6915,3436059,11829,6917767
198,6/29/2021 15:00:00,5059,3486872,6465.000000000000000,3181250,520.000000000000000,261794.000000000000000,5579,3748666,6985,3443044,12044,6929811
199,6/30/2021 15:00:00,5617,3492489,7377.000000000000000,3188627,605.000000000000000,262399.000000000000000,6222,3754888,7982,3451026,13599,6943410
200,7/1/2021 15:00:00,5401,3497890,6962.000000000000000,3195589,498.000000000000000,262897.000000000000000,5899,3760787,7460,3458486,12861,6956271
201,7/2/2021 15:00:00,5287,3503177,6828.000000000000000,3202417,523.000000000000000,263420.000000000000000,5810,3766597,7351,3465837,12638,6968909
202,7/3/2021 15:00:00,3267,3506444,4061.000000000000000,3206478,264.000000000000000,263684.000000000000000,3531,3770128,4325,3470162,7592,6976501
203,7/4/2021 15:00:00,492,3506936,544.000000000000000,3207022,67.000000000000000,263751.000000000000000,559,3770687,611,3470773,1103,6977604
204,7/5/2021 15:00:00,3760,3510696,3951.000000000000000,3210973,287.000000000000000,264038.000000000000000,4047,3774734,4238,3475011,7998,6985602
205,7/6/2021 15:00:00,4489,3515185,6258.000000000000000,3217231,452.000000000000000,264490.000000000000000,4941,3779675,6710,3481721,11199,6996801
206,7/7/2021 15:00:00,4466,3519651,6402.000000000000000,3223633,482.000000000000000,264972.000000000000000,4948,3784623,6884,3488605,11350,7008151
207,7/8/2021 15:00:00,4832,3524483,6156.000000000000000,3229789,563.000000000000000,265535.000000000000000,5395,3790018,6719,3495324,11551,7019702
208,7/9/2021 15:00:00,5358,3529841,6651.000000000000000,3236440,572.000000000000000,266107.000000000000000,5930,3795948,7223,3502547,12581,7032283
209,7/10/2021 15:00:00,3526,3533367,4386.000000000000000,3240826,303.000000000000000,266410.000000000000000,3829,3799777,4689,3507236,8215,7040498
210,7/11/2021 15:00:00,2675,3536042,2563.000000000000000,3243389,225.000000000000000,266635.000000000000000,2900,3802677,2788,3510024,5463,7045961
211,7/12/2021 15:00:00,4409,3540451,5109.000000000000000,3248498,378.000000000000000,267013.000000000000000,4787,3807464,5487,3515511,9896,7055857
212,7/13/2021 15:00:00,4659,3545110,4714.000000000000000,3253212,366.000000000000000,267379.000000000000000,5025,3812489,5080,3520591,9739,7065596
213,7/14/2021 15:00:00,4612,3549722,5271.000000000000000,3258483,421.000000000000000,267800.000000000000000,5033,3817522,5692,3526283,10304,7075900
214,7/15/2021 15:00:00,4896,3554618,5007.000000000000000,3263490,358.000000000000000,268158.000000000000000,5254,3822776,5365,3531648,10261,7086161
215,7/16/2021 15:00:00,6274,3560892,5828.000000000000000,3269318,402.000000000000000,268560.000000000000000,6676,3829452,6230,3537878,12504,7098665
216,7/17/2021 15:00:00,3415,3564307,3544.000000000000000,3272862,300.000000000000000,268860.000000000000000,3715,3833167,3844,3541722,7259,7105924
217,7/18/2021 15:00:00,2307,3566614,2370.000000000000000,3275232,110.000000000000000,268970.000000000000000,2417,3835584,2480,3544202,4787,7110711
218,7/19/2021 15:00:00,5130,3571744,4605.000000000000000,3279837,379.000000000000000,269349.000000000000000,5509,3841093,4984,3549186,10114,7120825
219,7/20/2021 15:00:00,5315,3577059,4704.000000000000000,3284541,366.000000000000000,269715.000000000000000,5681,3846774,5070,3554256,10385,7131210
220,7/21/2021 15:00:00,5637,3582696,4924.000000000000000,3289465,416.000000000000000,270131.000000000000000,6053,3852827,5340,3559596,10977,7142187
221,7/22/2021 15:00:00,6012,3588708,4618.000000000000000,3294083,469.000000000000000,270600.000000000000000,6481,3859308,5087,3564683,11099,7153286
222,7/23/2021 15:00:00,6828,3595536,4829.000000000000000,3298912,497.000000000000000,271097.000000000000000,7325,3866633,5326,3570009,12154,7165440
223,7/24/2021 15:00:00,4277,3599813,3196.000000000000000,3302108,267.000000000000000,271364.000000000000000,4544,3871177,3463,3573472,7740,7173180
224,7/25/2021 15:00:00,3291,3603104,1111.000000000000000,3303219,138.000000000000000,271502.000000000000000,3429,3874606,1249,3574721,4540,7177720
225,7/26/2021 15:00:00,6200,3609304,3893.000000000000000,3307112,419.000000000000000,271921.000000000000000,6619,3881225,4312,3579033,10512,7188232
226,7/27/2021 15:00:00,6587,3615891,4266.000000000000000,3311378,457.000000000000000,272378.000000000000000,7044,3888269,4723,3583756,11310,7199542
227,7/28/2021 15:00:00,7063,3622954,4131.000000000000000,3315509,460.000000000000000,272838.000000000000000,7523,3895792,4591,3588347,11654,7211196
228,7/29/2021 15:00:00,7059,3630013,4289.000000000000000,3319798,419.000000000000000,273257.000000000000000,7478,3903270,4708,3593055,11767,7222963
229,7/30/2021 15:00:00,7799,3637812,4785.000000000000000,3324583,525.000000000000000,273782.000000000000000,8324,3911594,5310,3598365,13109,7236072
230,7/31/2021 15:00:00,4791,3642603,3066.000000000000000,3327649,273.000000000000000,274055.000000000000000,5064,3916658,3339,3601704,8130,7244202
231,8/1/2021 15:00:00,3872,3646475,2152.000000000000000,3329801,161.000000000000000,274216.000000000000000,4033,3920691,2313,3604017,6185,7250387
232,8/2/2021 15:00:00,7251,3653726,3834.000000000000000,3333635,339.000000000000000,274555.000000000000000,7590,3928281,4173,3608190,11424,7261811
233,8/3/2021 15:00:00,7250,3660976,4086.000000000000000,3337721,515.000000000000000,275070.000000000000000,7765,3936046,4601,3612791,11851,7273662
234,8/4/2021 15:00:00,7412,3668388,4099.000000000000000,3341820,532.000000000000000,275602.000000000000000,7944,3943990,4631,3617422,12043,7285705
235,8/5/2021 15:00:00,7931,3676319,4272.000000000000000,3346092,537.000000000000000,276139.000000000000000,8468,3952458,4809,3622231,12740,7298445
236,8/6/2021 15:00:00,8294,3684613,4712.000000000000000,3350804,454.000000000000000,276593.000000000000000,8748,3961206,5166,3627397,13460,7311905
237,8/7/2021 15:00:00,5273,3689886,2809.000000000000000,3353613,263.000000000000000,276856.000000000000000,5536,3966742,3072,3630469,8345,7320250
238,8/8/2021 15:00:00,3954,3693840,2049.000000000000000,3355662,143.000000000000000,276999.000000000000000,4097,3970839,2192,3632661,6146,7326396
239,8/9/2021 15:00:00,6926,3700766,4522.000000000000000,3360184,368.000000000000000,277367.000000000000000,7294,3978133,4890,3637551,11816,7338212
240,8/10/2021 15:00:00,7130,3707896,4448.000000000000000,3364632,338.000000000000000,277705.000000000000000,7468,3985601,4786,3642337,11916,7350128
241,8/11/2021 15:00:00,7052,3714948,4427.000000000000000,3369059,441.000000000000000,278146.000000000000000,7493,3993094,4868,3647205,11920,7362048
242,8/12/2021 15:00:00,8601,3723549,4723.000000000000000,3373782,444.000000000000000,278590.000000000000000,9045,4002139,5167,3652372,13768,7375816
243,8/13/2021 15:00:00,7139,3730688,5359.000000000000000,3379141,396.000000000000000,278986.000000000000000,7535,4009674,5755,3658127,12894,7388710
244,8/14/2021 15:00:00,4912,3735600,3338.000000000000000,3382479,285.000000000000000,279271.000000000000000,5197,4014871,3623,3661750,8535,7397245
245,8/15/2021 15:00:00,3324,3738924,2729.000000000000000,3385208,163.000000000000000,279434.000000000000000,3487,4018358,2892,3664642,6216,7403461
246,8/16/2021 15:00:00,5430,3744354,5084.000000000000000,3390292,353.000000000000000,279787.000000000000000,5783,4024141,5437,3670079,10867,7414328
247,8/17/2021 15:00:00,6810,3751164,5348.000000000000000,3395640,390.000000000000000,280177.000000000000000,7200,4031341,5738,3675817,12548,7426876
248,8/18/2021 15:00:00,6318,3757482,5482.000000000000000,3401122,478.000000000000000,280655.000000000000000,6796,4038137,5960,3681777,12278,7439154
249,8/19/2021 15:00:00,6208,3763690,5537.000000000000000,3406659,416.000000000000000,281071.000000000000000,6624,4044761,5953,3687730,12161,7451315
250,8/20/2021 15:00:00,6830,3770520,6532.000000000000000,3413191,401.000000000000000,281472.000000000000000,7231,4051992,6933,3694663,13763,7465078
251,8/21/2021 15:00:00,4321,3774841,3915.000000000000000,3417106,228.000000000000000,281700.000000000000000,4549,4056541,4143,3698806,8464,7473542
252,8/22/2021 15:00:00,3057,3777898,3167.000000000000000,3420273,110.000000000000000,281810.000000000000000,3167,4059708,3277,3702083,6334,7479876
253,8/23/2021 15:00:00,5982,3783880,6084.000000000000000,3426357,285.000000000000000,282095.000000000000000,6267,4065975,6369,3708452,12351,7492227
254,8/24/2021 15:00:00,6545,3790425,6047.000000000000000,3432404,424.000000000000000,282519.000000000000000,6969,4072944,6471,3714923,13016,7505243
255,8/25/2021 15:00:00,6713,3797138,6204.000000000000000,3438608,440.000000000000000,282959.000000000000000,7153,4080097,6644,3721567,13357,7518600
256,8/26/2021 15:00:00,6964,3804102,6640.000000000000000,3445248,427.000000000000000,283386.000000000000000,7391,4087488,7067,3728634,14031,7532631
257,8/27/2021 15:00:00,6827,3810929,7057.000000000000000,3452305,316.000000000000000,283702.000000000000000,7143,4094631,7373,3736007,14200,7546831
258,8/28/2021 15:00:00,6898,3817827,6505.000000000000000,3458810,324.000000000000000,284026.000000000000000,7222,4101853,6829,3742836,13727,7560558
259,8/29/2021 15:00:00,3732,3821559,3684.000000000000000,3462494,610.000000000000000,284636.000000000000000,4342,4106195,4294,3747130,8026,7568584
260,8/30/2021 15:00:00,5924,3827483,6115.000000000000000,3468609,960.000000000000000,285596.000000000000000,6884,4113079,7075,3754205,12999,7581583
261,8/31/2021 15:00:00,5895,3833378,6040.000000000000000,3474649,946.000000000000000,286542.000000000000000,6841,4119920,6986,3761191,12881,7594464
262,9/1/2021 15:00:00,5579,3838957,5633.000000000000000,3480282,914.000000000000000,287456.000000000000000,6493,4126413,6547,3767738,12126,7606590
263,9/2/2021 15:00:00,5519,3844476,5912.000000000000000,3486194,703.000000000000000,288159.000000000000000,6222,4132635,6615,3774353,12134,7618724
264,9/3/2021 15:00:00,5986,3850462,6904.000000000000000,3493098,973.000000000000000,289132.000000000000000,6959,4139594,7877,3782230,13863,7632587
265,9/4/2021 15:00:00,3718,3854180,4336.000000000000000,3497434,879.000000000000000,290011.000000000000000,4597,4144191,5215,3787445,8933,7641520
266,9/5/2021 15:00:00,2953,3857133,2807.000000000000000,3500241,106.000000000000000,290117.000000000000000,3059,4147250,2913,3790358,5866,7647386
267,9/6/2021 15:00:00,1059,3858192,1149.000000000000000,3501390,64.000000000000000,290181.000000000000000,1123,4148373,1213,3791571,2272,7649658
268,9/7/2021 15:00:00,5333,3863525,7275.000000000000000,3508665,2304.000000000000000,292485.000000000000000,7637,4156010,9579,3801150,14912,7664570
269,9/8/2021 15:00:00,4646,3868171,5463.000000000000000,3514128,364.000000000000000,292849.000000000000000,5010,4161020,5827,3806977,10473,7675043
270,9/9/2021 15:00:00,4999,3873170,5440.000000000000000,3519568,324.000000000000000,293173.000000000000000,5323,4166343,5764,3812741,10763,7685806
271,9/10/2021 15:00:00,6510,3879680,6641.000000000000000,3526209,1718.000000000000000,294891.000000000000000,8228,4174571,8359,3821100,14869,7700675
272,9/11/2021 15:00:00,4168,3883848,4326.000000000000000,3530535,666.000000000000000,295557.000000000000000,4834,4179405,4992,3826092,9160,7709835
273,9/12/2021 15:00:00,3165,3887013,3237.000000000000000,3533772,436.000000000000000,295993.000000000000000,3601,4183006,3673,3829765,6838,7716673
274,9/13/2021 15:00:00,4878,3891891,5047.000000000000000,3538819,346.000000000000000,296339.000000000000000,5224,4188230,5393,3835158,10271,7726944
275,9/14/2021 15:00:00,4762,3896653,5422.000000000000000,3544241,435.000000000000000,296774.000000000000000,5197,4193427,5857,3841015,10619,7737563
276,9/15/2021 15:00:00,5023,3901676,5856.000000000000000,3550097,388.000000000000000,297162.000000000000000,5411,4198838,6244,3847259,11267,7748830
277,9/16/2021 15:00:00,4798,3906474,5823.000000000000000,3555920,336.000000000000000,297498.000000000000000,5134,4203972,6159,3853418,10957,7759787
278,9/17/2021 15:00:00,5244,3911718,6574.000000000000000,3562494,343.000000000000000,297841.000000000000000,5587,4209559,6917,3860335,12161,7771948
279,9/18/2021 15:00:00,3795,3915513,4564.000000000000000,3567058,185.000000000000000,298026.000000000000000,3980,4213539,4749,3865084,8544,7780492
280,9/19/2021 15:00:00,2741,3918254,3160.000000000000000,3570218,75.000000000000000,298101.000000000000000,2816,4216355,3235,3868319,5976,7786468
281,9/20/2021 15:00:00,3750,3922004,4672.000000000000000,3574890,430.000000000000000,298531.000000000000000,4180,4220535,5102,3873421,8852,7795320
282,9/21/2021 15:00:00,3998,3926002,4994.000000000000000,3579884,326.000000000000000,298857.000000000000000,4324,4224859,5320,3878741,9318,7804638
283,9/22/2021 15:00:00,4191,3930193,4761.000000000000000,3584645,458.000000000000000,299315.000000000000000,4649,4229508,5219,3883960,9410,7814048
284,9/23/2021 15:00:00,4165,3934358,4721.000000000000000,3589366,492.000000000000000,299807.000000000000000,4657,4234165,5213,3889173,9378,7823426
285,9/24/2021 15:00:00,5067,3939425,5597.000000000000000,3594963,422.000000000000000,300229.000000000000000,5489,4239654,6019,3895192,11086,7834512
286,9/25/2021 15:00:00,3625,3943050,3624.000000000000000,3598587,385.000000000000000,300614.000000000000000,4010,4243664,4009,3899201,7634,7842146
287,9/26/2021 15:00:00,2358,3945408,2659.000000000000000,3601246,424.000000000000000,301038.000000000000000,2782,4246446,3083,3902284,5441,7847587
288,9/27/2021 15:00:00,4502,3949910,2697.000000000000000,3603943,509.000000000000000,301547.000000000000000,5011,4251457,3206,3905490,7708,7855295
289,9/28/2021 15:00:00,4394,3954304,4443.000000000000000,3608386,211.000000000000000,301758.000000000000000,4605,4256062,4654,3910144,9048,7864343
290,9/29/2021 15:00:00,4696,3959000,4506.000000000000000,3612892,919.000000000000000,302677.000000000000000,5615,4261677,5425,3915569,10121,7874464
291,9/30/2021 15:00:00,4881,3963881,4554.000000000000000,3617446,792.000000000000000,303469.000000000000000,5673,4267350,5346,3920915,10227,7884691
292,10/1/2021 15:00:00,5478,3969359,5313.000000000000000,3622759,782.000000000000000,304251.000000000000000,6260,4273610,6095,3927010,11573,7896264
293,10/2/2021 15:00:00,2937,3972296,2889.000000000000000,3625648,187.000000000000000,304438.000000000000000,3124,4276734,3076,3930086,6013,7902277
294,10/3/2021 15:00:00,2078,3974374,2373.000000000000000,3628021,86.000000000000000,304524.000000000000000,2164,4278898,2459,3932545,4537,7906814
295,10/4/2021 15:00:00,4018,3978392,3496.000000000000000,3631517,232.000000000000000,304756.000000000000000,4250,4283148,3728,3936273,7746,7914560
296,10/5/2021 15:00:00,3953,3982345,3658.000000000000000,3635175,207.000000000000000,304963.000000000000000,4160,4287308,3865,3940138,7818,7922378
297,10/6/2021 15:00:00,4026,3986371,3576.000000000000000,3638751,264.000000000000000,305227.000000000000000,4290,4291598,3840,3943978,7866,7930244
298,10/7/2021 15:00:00,4230,3990601,3623.000000000000000,3642374,331.000000000000000,305558.000000000000000,4561,4296159,3954,3947932,8184,7938428
299,10/8/2021 15:00:00,4779,3995380,4276.000000000000000,3646650,282.000000000000000,305840.000000000000000,5061,4301220,4558,3952490,9337,7947765
300,10/9/2021 15:00:00,2685,3998065,2675.000000000000000,3649325,270.000000000000000,306110.000000000000000,2955,4304175,2945,3955435,5630,7953395
301,10/10/2021 15:00:00,1864,3999929,1847.000000000000000,3651172,59.000000000000000,306169.000000000000000,1923,4306098,1906,3957341,3770,7957165
302,10/11/2021 15:00:00,4216,4004145,3331.000000000000000,3654503,249.000000000000000,306418.000000000000000,4465,4310563,3580,3960921,7796,7964961
303,10/12/2021 15:00:00,3591,4007736,3525.000000000000000,3658028,272.000000000000000,306690.000000000000000,3863,4314426,3797,3964718,7388,7972349
304,10/13/2021 15:00:00,3955,4011691,3450.000000000000000,3661478,346.000000000000000,307036.000000000000000,4301,4318727,3796,3968514,7751,7980100
305,10/14/2021 15:00:00,5163,4016854,5483.000000000000000,3666961,429.000000000000000,307465.000000000000000,5592,4324319,5912,3974426,11075,7991175
306,10/15/2021 15:00:00,4703,4021557,4586.000000000000000,3671547,347.000000000000000,307812.000000000000000,5050,4329369,4933,3979359,9636,8000811
307,10/16/2021 15:00:00,2494,4024051,2502.000000000000000,3674049,290.000000000000000,308102.000000000000000,2784,4332153,2792,3982151,5286,8006097
308,10/17/2021 15:00:00,1808,4025859,1774.000000000000000,3675823,55.000000000000000,308157.000000000000000,1863,4334016,1829,3983980,3637,8009734
309,10/18/2021 15:00:00,4286,4030145,3573.000000000000000,3679396,266.000000000000000,308423.000000000000000,4552,4338568,3839,3987819,8125,8017859
310,10/19/2021 15:00:00,4302,4034447,4024.000000000000000,3683420,222.000000000000000,308645.000000000000000,4524,4343092,4246,3992065,8548,8026407
311,10/20/2021 15:00:00,3527,4037974,3420.000000000000000,3686840,254.000000000000000,308899.000000000000000,3781,4346873,3674,3995739,7201,8033608
312,10/21/2021 15:00:00,3300,4041274,3257.000000000000000,3690097,290.000000000000000,309189.000000000000000,3590,4350463,3547,3999286,6847,8040455
313,10/22/2021 15:00:00,4682,4045956,4023.000000000000000,3694120,475.000000000000000,309664.000000000000000,5157,4355620,4498,4003784,9180,8049635
314,10/23/2021 15:00:00,2891,4048847,2113.000000000000000,3696233,321.000000000000000,309985.000000000000000,3212,4358832,2434,4006218,5325,8054960
315,10/24/2021 15:00:00,2061,4050908,1556.000000000000000,3697789,78.000000000000000,310063.000000000000000,2139,4360971,1634,4007852,3695,8058655
316,10/25/2021 15:00:00,4545,4055453,3074.000000000000000,3700863,316.000000000000000,310379.000000000000000,4861,4365832,3390,4011242,7935,8066590
317,10/26/2021 15:00:00,4511,4059964,3088.000000000000000,3703951,311.000000000000000,310690.000000000000000,4822,4370654,3399,4014641,7910,8074500
318,10/27/2021 15:00:00,4734,4064698,3344.000000000000000,3707295,429.000000000000000,311119.000000000000000,5163,4375817,3773,4018414,8507,8083007
319,10/28/2021 15:00:00,4552,4069250,3364.000000000000000,3710659,496.000000000000000,311615.000000000000000,5048,4380865,3860,4022274,8412,8091419
320,10/29/2021 15:00:00,4969,4074219,3913.000000000000000,3714572,393.000000000000000,312008.000000000000000,5362,4386227,4306,4026580,9275,8100694
321,10/30/2021 15:00:00,2631,4076850,1843.000000000000000,3716415,308.000000000000000,312316.000000000000000,2939,4389166,2151,4028731,4782,8105476
322,10/31/2021 15:00:00,1943,4078793,1517.000000000000000,3717932,93.000000000000000,312409.000000000000000,2036,4391202,1610,4030341,3553,8109029
323,11/1/2021 15:00:00,4694,4083487,3424.000000000000000,3721356,341.000000000000000,312750.000000000000000,5035,4396237,3765,4034106,8459,8117488
324,11/2/2021 15:00:00,4256,4087743,2948.000000000000000,3724304,406.000000000000000,313156.000000000000000,4662,4400899,3354,4037460,7610,8125098
325,11/3/2021 15:00:00,4672,4092415,3055.000000000000000,3727359,458.000000000000000,313614.000000000000000,5130,4406029,3513,4040973,8185,8133283
326,11/4/2021 15:00:00,6293,4098708,3359.000000000000000,3730718,512.000000000000000,314126.000000000000000,6805,4412834,3871,4044844,10164,8143447
327,11/5/2021 15:00:00,8218,4106926,3759.000000000000000,3734477,408.000000000000000,314534.000000000000000,8626,4421460,4167,4049011,12385,8155832
328,11/6/2021 15:00:00,10070,4116996,1975.000000000000000,3736452,305.000000000000000,314839.000000000000000,10375,4431835,2280,4051291,12350,8168182
329,11/7/2021 15:00:00,7719,4124715,1469.000000000000000,3737921,94.000000000000000,314933.000000000000000,7813,4439648,1563,4052854,9282,8177464
330,11/8/2021 15:00:00,11285,4136000,3040.000000000000000,3740961,379.000000000000000,315312.000000000000000,11664,4451312,3419,4056273,14704,8192168
331,11/9/2021 15:00:00,11751,4147751,2655.000000000000000,3743616,268.000000000000000,315580.000000000000000,12019,4463331,2923,4059196,14674,8206842
332,11/10/2021 15:00:00,12565,4160316,2763.000000000000000,3746379,337.000000000000000,315917.000000000000000,12902,4476233,3100,4062296,15665,8222507
333,11/11/2021 15:00:00,11331,4171647,2380.000000000000000,3748759,282.000000000000000,316199.000000000000000,11613,4487846,2662,4064958,13993,8236500
334,11/12/2021 15:00:00,12279,4183926,3353.000000000000000,3752112,547.000000000000000,316746.000000000000000,12826,4500672,3900,4068858,16179,8252679
335,11/13/2021 15:00:00,9775,4193701,1587.000000000000000,3753699,342.000000000000000,317088.000000000000000,10117,4510789,1929,4070787,11704,8264383
336,11/14/2021 15:00:00,3920,4197621,1129.000000000000000,3754828,121.000000000000000,317209.000000000000000,4041,4514830,1250,4072037,5170,8269553
337,11/15/2021 15:00:00,8602,4206223,2525.000000000000000,3757353,205.000000000000000,317414.000000000000000,8807,4523637,2730,4074767,11332,8280885
338,11/16/2021 15:00:00,9218,4215441,2490.000000000000000,3759843,255.000000000000000,317669.000000000000000,9473,4533110,2745,4077512,11963,8292848
339,11/17/2021 15:00:00,9373,4224814,2877.000000000000000,3762720,312.000000000000000,317981.000000000000000,9685,4542795,3189,4080701,12562,8305410
340,11/18/2021 15:00:00,9287,4234101,2628.000000000000000,3765348,479.000000000000000,318460.000000000000000,9766,4552561,3107,4083808,12394,8317804
341,11/19/2021 15:00:00,9783,4243884,2915.000000000000000,3768263,381.000000000000000,318841.000000000000000,10164,4562725,3296,4087104,13079,8330883
342,11/20/2021 15:00:00,10624,4254508,1606.000000000000000,3769869,454.000000000000000,319295.000000000000000,11078,4573803,2060,4089164,12684,8343567
343,11/21/2021 15:00:00,4347,4258855,1200.000000000000000,3771069,99.000000000000000,319394.000000000000000,4446,4578249,1299,4090463,5646,8349213
344,11/22/2021 15:00:00,9782,4268637,2490.000000000000000,3773559,292.000000000000000,319686.000000000000000,10074,4588323,2782,4093245,12564,8361777
345,11/23/2021 15:00:00,9165,4277802,2398.000000000000000,3775957,280.000000000000000,319966.000000000000000,9445,4597768,2678,4095923,11843,8373620
346,11/24/2021 15:00:00,8113,4285915,2446.000000000000000,3778403,215.000000000000000,320181.000000000000000,8328,4606096,2661,4098584,10774,8384394
347,11/25/2021 15:00:00,238,4286153,75.000000000000000,3778478,10.000000000000000,320191.000000000000000,248,4606344,85,4098669,323,8384717
348,11/26/2021 15:00:00,5654,4291807,3953.000000000000000,3782431,152.000000000000000,320343.000000000000000,5806,4612150,4105,4102774,9759,8394476
349,11/27/2021 15:00:00,3790,4295597,5441.000000000000000,3787872,134.000000000000000,320477.000000000000000,3924,4616074,5575,4108349,9365,8403841
350,11/28/2021 15:00:00,2419,4298016,6376.000000000000000,3794248,77.000000000000000,320554.000000000000000,2496,4618570,6453,4114802,8872,8412713
351,11/29/2021 15:00:00,6360,4304376,9247.000000000000000,3803495,379.000000000000000,320933.000000000000000,6739,4625309,9626,4124428,15986,8428699
352,11/30/2021 15:00:00,6226,4310602,9244.000000000000000,3812739,264.000000000000000,321197.000000000000000,6490,4631799,9508,4133936,15734,8444433
353,12/1/2021 15:00:00,7237,4317839,9571.000000000000000,3822310,305.000000000000000,321502.000000000000000,7542,4639341,9876,4143812,17113,8461546
354,12/2/2021 15:00:00,6871,4324710,8688.000000000000000,3830998,450.000000000000000,321952.000000000000000,7321,4646662,9138,4152950,16009,8477555
355,12/3/2021 15:00:00,7557,4332267,9204.000000000000000,3840202,249.000000000000000,322201.000000000000000,7806,4654468,9453,4162403,17010,8494565
356,12/4/2021 15:00:00,5857,4338124,9727.000000000000000,3849929,457.000000000000000,322658.000000000000000,6314,4660782,10184,4172587,16041,8510606
357,12/5/2021 15:00:00,3462,4341586,3276.000000000000000,3853205,77.000000000000000,322735.000000000000000,3539,4664321,3353,4175940,6815,8517421
358,12/6/2021 15:00:00,6728,4348314,7075.000000000000000,3860280,276.000000000000000,323011.000000000000000,7004,4671325,7351,4183291,14079,8531500
359,12/7/2021 15:00:00,6384,4354698,6989.000000000000000,3867269,249.000000000000000,323260.000000000000000,6633,4677958,7238,4190529,13622,8545122
360,12/8/2021 15:00:00,6896,4361594,7312.000000000000000,3874581,314.000000000000000,323574.000000000000000,7210,4685168,7626,4198155,14522,8559644
361,12/9/2021 15:00:00,6505,4368099,6948.000000000000000,3881529,396.000000000000000,323970.000000000000000,6901,4692069,7344,4205499,13849,8573493
362,12/10/2021 15:00:00,7223,4375322,7288.000000000000000,3888817,228.000000000000000,324198.000000000000000,7451,4699520,7516,4213015,14739,8588232
363,12/11/2021 15:00:00,4448,4379770,7622.000000000000000,3896439,333.000000000000000,324531.000000000000000,4781,4704301,7955,4220970,12403,8600635
364,12/12/2021 15:00:00,3992,4383762,2782.000000000000000,3899221,60.000000000000000,324591.000000000000000,4052,4708353,2842,4223812,6834,8607469
365,12/13/2021 15:00:00,5693,4389455,5729.000000000000000,3904950,243.000000000000000,324834.000000000000000,5936,4714289,5972,4229784,11665,8619134
366,12/14/2021 15:00:00,6433,4395888,5887.000000000000000,3910837,214.000000000000000,325048.000000000000000,6647,4720936,6101,4235885,12534,8631668
367,12/15/2021 15:00:00,7103,4402991,5627.000000000000000,3916464,248.000000000000000,325296.000000000000000,7351,4728287,5875,4241760,12978,8644646
368,12/16/2021 15:00:00,7823,4410814,2800.000000000000000,3919264,422.000000000000000,325718.000000000000000,8245,4736532,3222,4244982,11045,8655691
369,12/17/2021 15:00:00,7778,4418592,4132.000000000000000,3923396,193.000000000000000,325911.000000000000000,7971,4744503,4325,4249307,12103,8667794
370,12/18/2021 15:00:00,5785,4424377,3169.000000000000000,3926565,298.000000000000000,326209.000000000000000,6083,4750586,3467,4252774,9252,8677046
371,12/19/2021 15:00:00,3382,4427759,1341.000000000000000,3927906,34.000000000000000,326243.000000000000000,3416,4754002,1375,4254149,4757,8681803
372,12/20/2021 15:00:00,8020,4435779,3713.000000000000000,3931619,172.000000000000000,326415.000000000000000,8192,4762194,3885,4258034,11905,8693708
373,12/21/2021 15:00:00,8917,4444696,4093.000000000000000,3935712,169.000000000000000,326584.000000000000000,9086,4771280,4262,4262296,13179,8706887
374,12/22/2021 15:00:00,8625,4453321,3815.000000000000000,3939527,172.000000000000000,326756.000000000000000,8797,4780077,3987,4266283,12612,8719499
375,12/23/2021 15:00:00,8335,4461656,3503.000000000000000,3943030,355.000000000000000,327111.000000000000000,8690,4788767,3858,4270141,12193,8731692
376,12/24/2021 15:00:00,1612,4463268,1002.000000000000000,3944032,39.000000000000000,327150.000000000000000,1651,4790418,1041,4271182,2653,8734345
377,12/25/2021 15:00:00,50,4463318,35.000000000000000,3944067,1.000000000000000,327151.000000000000000,51,4790469,36,4271218,86,8734431
378,12/26/2021 15:00:00,2519,4465837,1746.000000000000000,3945813,44.000000000000000,327195.000000000000000,2563,4793032,1790,4273008,4309,8738740
379,12/27/2021 15:00:00,7151,4472988,3952.000000000000000,3949765,295.000000000000000,327490.000000000000000,7446,4800478,4247,4277255,11398,8750138
380,12/28/2021 15:00:00,7833,4480821,3763.000000000000000,3953528,166.000000000000000,327656.000000000000000,7999,4808477,3929,4281184,11762,8761900
381,12/29/2021 15:00:00,8135,4488956,3972.000000000000000,3957500,154.000000000000000,327810.000000000000000,8289,4816766,4126,4285310,12261,8774161
382,12/30/2021 15:00:00,7416,4496372,3749.000000000000000,3961249,287.000000000000000,328097.000000000000000,7703,4824469,4036,4289346,11452,8785613
383,12/31/2021 15:00:00,2554,4498926,1515.000000000000000,3962764,92.000000000000000,328189.000000000000000,2646,4827115,1607,4290953,4161,8789774
384,1/1/2022 15:00:00,719,4499645,340.000000000000000,3963104,31.000000000000000,328220.000000000000000,750,4827865,371,4291324,1090,8790864
385,1/2/2022 15:00:00,2202,4501847,1639.000000000000000,3964743,45.000000000000000,328265.000000000000000,2247,4830112,1684,4293008,3886,8794750
386,1/3/2022 15:00:00,3377,4505224,2056.000000000000000,3966799,221.000000000000000,328486.000000000000000,3598,4833710,2277,4295285,5654,8800404
387,1/4/2022 15:00:00,5724,4510948,3408.000000000000000,3970207,162.000000000000000,328648.000000000000000,5886,4839596,3570,4298855,9294,8809698
388,1/5/2022 15:00:00,6749,4517697,4644.000000000000000,3974851,173.000000000000000,328821.000000000000000,6922,4846518,4817,4303672,11566,8821264
389,1/6/2022 15:00:00,6646,4524343,4724.000000000000000,3979575,259.000000000000000,329080.000000000000000,6905,4853423,4983,4308655,11629,8832893
390,1/7/2022 15:00:00,5810,4530153,3688.000000000000000,3983263,159.000000000000000,329239.000000000000000,5969,4859392,3847,4312502,9657,8842550
391,1/8/2022 15:00:00,4585,4534738,3827.000000000000000,3987090,73.000000000000000,329312.000000000000000,4658,4864050,3900,4316402,8485,8851035
392,1/9/2022 15:00:00,2730,4537468,2013.000000000000000,3989103,154.000000000000000,329466.000000000000000,2884,4866934,2167,4318569,4897,8855932
393,1/10/2022 15:00:00,6249,4543717,3789.000000000000000,3992892,155.000000000000000,329621.000000000000000,6404,4873338,3944,4322513,10193,8866125
394,1/11/2022 15:00:00,6480,4550197,4220.000000000000000,3997112,141.000000000000000,329762.000000000000000,6621,4879959,4361,4326874,10841,8876966
395,1/12/2022 15:00:00,6665,4556862,4353.000000000000000,4001465,223.000000000000000,329985.000000000000000,6888,4886847,4576,4331450,11241,8888207
396,1/13/2022 15:00:00,6460,4563322,4344.000000000000000,4005809,147.000000000000000,330132.000000000000000,6607,4893454,4491,4335941,10951,8899158
397,1/14/2022 15:00:00,6930,4570252,3108.000000000000000,4008917,249.000000000000000,330381.000000000000000,7179,4900633,3357,4339298,10287,8909445
398,1/15/2022 15:00:00,4078,4574330,1640.000000000000000,4010557,68.000000000000000,330449.000000000000000,4146,4904779,1708,4341006,5786,8915231
399,1/16/2022 15:00:00,2101,4576431,1267.000000000000000,4011824,116.000000000000000,330565.000000000000000,2217,4906996,1383,4342389,3484,8918715
400,1/17/2022 15:00:00,3531,4579962,2279.000000000000000,4014103,71.000000000000000,330636.000000000000000,3602,4910598,2350,4344739,5881,8924596
401,1/18/2022 15:00:00,4874,4584836,3916.000000000000000,4018019,84.000000000000000,330720.000000000000000,4958,4915556,4000,4348739,8874,8933470
402,1/19/2022 15:00:00,2672,4587508,2312.000000000000000,4020331,60.000000000000000,330780.000000000000000,2732,4918288,2372,4351111,5044,8938514