OBJECTID,VACCINATION_DATE,FirstDailyDose,FirstDoseCumulative,SecondDailyDose,SecondDoseCumulative,SingleDailyDose,SingleDoseCumulative,AtleastOneVaccine,AtleastOneVaccineCumulative,CompletedVax,CompletedVaxCumulative,FirstSecondSingleVaccination_12,FirstSecondSingleVaccination_13
1,12/14/2020 15:00:00,17,1026,,389,,,17,1026,0,389,17,1332
2,12/15/2020 15:00:00,54,1080,2.000000000000000,391,,,54,1080,2,391,56,1388
3,12/16/2020 15:00:00,577,1657,2.000000000000000,393,,,577,1657,2,393,579,1967
4,12/17/2020 15:00:00,1144,2801,2.000000000000000,395,,,1144,2801,2,395,1146,3113
5,12/18/2020 15:00:00,2992,5793,10.000000000000000,405,,,2992,5793,10,405,3002,6115
6,12/19/2020 15:00:00,919,6712,5.000000000000000,410,,,919,6712,5,410,924,7039
7,12/20/2020 15:00:00,338,7050,4.000000000000000,414,,,338,7050,4,414,342,7381
8,12/21/2020 15:00:00,3862,10912,21.000000000000000,435,,,3862,10912,21,435,3883,11264
9,12/22/2020 15:00:00,6296,17208,20.000000000000000,455,,,6296,17208,20,455,6316,17580
10,12/23/2020 15:00:00,5736,22944,31.000000000000000,486,,,5736,22944,31,486,5767,23347
11,12/24/2020 15:00:00,2716,25660,12.000000000000000,498,,,2716,25660,12,498,2728,26075
12,12/25/2020 15:00:00,1034,26694,3.000000000000000,501,,,1034,26694,3,501,1037,27112
13,12/26/2020 15:00:00,1872,28566,9.000000000000000,510,,,1872,28566,9,510,1881,28993
14,12/27/2020 15:00:00,1793,30359,10.000000000000000,520,,,1793,30359,10,520,1803,30796
15,12/28/2020 15:00:00,8956,39315,39.000000000000000,559,,,8956,39315,39,559,8995,39791
16,12/29/2020 15:00:00,10922,50237,44.000000000000000,603,,,10922,50237,44,603,10966,50757
17,12/30/2020 15:00:00,12460,62697,68.000000000000000,671,,,12460,62697,68,671,12528,63285
18,12/31/2020 15:00:00,7516,70213,35.000000000000000,706,,,7516,70213,35,706,7551,70836
19,1/1/2021 15:00:00,2663,72876,117.000000000000000,823,,,2663,72876,117,823,2780,73616
20,1/2/2021 15:00:00,2990,75866,34.000000000000000,857,,,2990,75866,34,857,3024,76640
21,1/3/2021 15:00:00,3373,79239,79.000000000000000,936,,,3373,79239,79,936,3452,80092
22,1/4/2021 15:00:00,13282,92521,320.000000000000000,1256,,,13282,92521,320,1256,13602,93694
23,1/5/2021 15:00:00,12412,104933,518.000000000000000,1774,,,12412,104933,518,1774,12930,106624
24,1/6/2021 15:00:00,15177,120110,842.000000000000000,2616,,,15177,120110,842,2616,16019,122643
25,1/7/2021 15:00:00,14953,135063,1735.000000000000000,4351,,,14953,135063,1735,4351,16688,139331
26,1/8/2021 15:00:00,23954,159017,2730.000000000000000,7081,,,23954,159017,2730,7081,26684,166015
27,1/9/2021 15:00:00,5133,164150,938.000000000000000,8019,,,5133,164150,938,8019,6071,172086
28,1/10/2021 15:00:00,2929,167079,370.000000000000000,8389,,,2929,167079,370,8389,3299,175385
29,1/11/2021 15:00:00,13678,180757,3438.000000000000000,11827,,,13678,180757,3438,11827,17116,192501
30,1/12/2021 15:00:00,17306,198063,5559.000000000000000,17386,,,17306,198063,5559,17386,22865,215366
31,1/13/2021 15:00:00,18507,216570,3863.000000000000000,21249,,,18507,216570,3863,21249,22370,237736
32,1/14/2021 15:00:00,17779,234349,1924.000000000000000,23173,,,17779,234349,1924,23173,19703,257439
33,1/15/2021 15:00:00,19384,253733,1975.000000000000000,25148,,,19384,253733,1975,25148,21359,278798
34,1/16/2021 15:00:00,5790,259523,1596.000000000000000,26744,,,5790,259523,1596,26744,7386,286184
35,1/17/2021 15:00:00,2104,261627,1470.000000000000000,28214,,,2104,261627,1470,28214,3574,289758
36,1/18/2021 15:00:00,7039,268666,3234.000000000000000,31448,,,7039,268666,3234,31448,10273,300031
37,1/19/2021 15:00:00,16880,285546,5370.000000000000000,36818,,,16880,285546,5370,36818,22250,322281
38,1/20/2021 15:00:00,20963,306509,5257.000000000000000,42075,,,20963,306509,5257,42075,26220,348501
39,1/21/2021 15:00:00,23713,330222,3771.000000000000000,45846,,,23713,330222,3771,45846,27484,375985
40,1/22/2021 15:00:00,28614,358836,3679.000000000000000,49525,,,28614,358836,3679,49525,32293,408278
41,1/23/2021 15:00:00,10069,368905,1909.000000000000000,51434,,,10069,368905,1909,51434,11978,420256
42,1/24/2021 15:00:00,3338,372243,1706.000000000000000,53140,,,3338,372243,1706,53140,5044,425300
43,1/25/2021 15:00:00,16258,388501,8527.000000000000000,61667,,,16258,388501,8527,61667,24785,450085
44,1/26/2021 15:00:00,17522,406023,8923.000000000000000,70590,,,17522,406023,8923,70590,26445,476530
45,1/27/2021 15:00:00,24409,430432,12487.000000000000000,83077,,,24409,430432,12487,83077,36896,513426
46,1/28/2021 15:00:00,22619,453051,9247.000000000000000,92324,,,22619,453051,9247,92324,31866,545292
47,1/29/2021 15:00:00,24723,477774,7838.000000000000000,100162,,,24723,477774,7838,100162,32561,577853
48,1/30/2021 15:00:00,17746,495520,2504.000000000000000,102666,,,17746,495520,2504,102666,20250,598103
49,1/31/2021 15:00:00,3746,499266,1318.000000000000000,103984,,,3746,499266,1318,103984,5064,603167
50,2/1/2021 15:00:00,7648,506914,5124.000000000000000,109108,,,7648,506914,5124,109108,12772,615939
51,2/2/2021 15:00:00,12416,519330,13736.000000000000000,122844,,,12416,519330,13736,122844,26152,642091
52,2/3/2021 15:00:00,18172,537502,18053.000000000000000,140897,,,18172,537502,18053,140897,36225,678316
53,2/4/2021 15:00:00,22034,559536,15685.000000000000000,156582,,,22034,559536,15685,156582,37719,716035
54,2/5/2021 15:00:00,20240,579776,17333.000000000000000,173915,,,20240,579776,17333,173915,37573,753608
55,2/6/2021 15:00:00,11262,591038,14420.000000000000000,188335,,,11262,591038,14420,188335,25682,779290
56,2/7/2021 15:00:00,5905,596943,1787.000000000000000,190122,,,5905,596943,1787,190122,7692,786982
57,2/8/2021 15:00:00,12922,609865,12862.000000000000000,202984,,,12922,609865,12862,202984,25784,812766
58,2/9/2021 15:00:00,16580,626445,13799.000000000000000,216783,,,16580,626445,13799,216783,30379,843145
59,2/10/2021 15:00:00,19220,645665,21158.000000000000000,237941,,,19220,645665,21158,237941,40378,883523
60,2/11/2021 15:00:00,22829,668494,17259.000000000000000,255200,,,22829,668494,17259,255200,40088,923611
61,2/12/2021 15:00:00,20329,688823,19558.000000000000000,274758,,,20329,688823,19558,274758,39887,963498
62,2/13/2021 15:00:00,11382,700205,6366.000000000000000,281124,,,11382,700205,6366,281124,17748,981246
63,2/14/2021 15:00:00,7092,707297,2092.000000000000000,283216,,,7092,707297,2092,283216,9184,990430
64,2/15/2021 15:00:00,11721,719018,13250.000000000000000,296466,,,11721,719018,13250,296466,24971,1015401
65,2/16/2021 15:00:00,16548,735566,20954.000000000000000,317420,,,16548,735566,20954,317420,37502,1052903
66,2/17/2021 15:00:00,20606,756172,26320.000000000000000,343740,,,20606,756172,26320,343740,46926,1099829
67,2/18/2021 15:00:00,3171,759343,4580.000000000000000,348320,,,3171,759343,4580,348320,7751,1107580
68,2/19/2021 15:00:00,10217,769560,19879.000000000000000,368199,,,10217,769560,19879,368199,30096,1137676
69,2/20/2021 15:00:00,10277,779837,20236.000000000000000,388435,,,10277,779837,20236,388435,30513,1168189
70,2/21/2021 15:00:00,6147,785984,7610.000000000000000,396045,,,6147,785984,7610,396045,13757,1181946
71,2/22/2021 15:00:00,7992,793976,15421.000000000000000,411466,,,7992,793976,15421,411466,23413,1205359
72,2/23/2021 15:00:00,15491,809467,15896.000000000000000,427362,,,15491,809467,15896,427362,31387,1236746
73,2/24/2021 15:00:00,17896,827363,24688.000000000000000,452050,,,17896,827363,24688,452050,42584,1279330
74,2/25/2021 15:00:00,20361,847724,26463.000000000000000,478513,,,20361,847724,26463,478513,46824,1326154
75,2/26/2021 15:00:00,26675,874399,26101.000000000000000,504614,,,26675,874399,26101,504614,52776,1378930
76,2/27/2021 15:00:00,15946,890345,11084.000000000000000,515698,,,15946,890345,11084,515698,27030,1405960
77,2/28/2021 15:00:00,15484,905829,4831.000000000000000,520529,,,15484,905829,4831,520529,20315,1426275
78,3/1/2021 15:00:00,26150,931979,12357.000000000000000,532886,,,26150,931979,12357,532886,38507,1464782
79,3/2/2021 15:00:00,23794,955773,13197.000000000000000,546083,31.000000000000000,31.000000000000000,23825,955804,13228,546114,37022,1501804
80,3/3/2021 15:00:00,30017,985790,18315.000000000000000,564398,179.000000000000000,210.000000000000000,30196,986000,18494,564608,48511,1550315
81,3/4/2021 15:00:00,30905,1016695,18107.000000000000000,582505,4064.000000000000000,4274.000000000000000,34969,1020969,22171,586779,53076,1603391
82,3/5/2021 15:00:00,29367,1046062,19386.000000000000000,601891,4911.000000000000000,9185.000000000000000,34278,1055247,24297,611076,53664,1657055
83,3/6/2021 15:00:00,17807,1063869,8926.000000000000000,610817,6004.000000000000000,15189.000000000000000,23811,1079058,14930,626006,32737,1689792
84,3/7/2021 15:00:00,12090,1075959,4816.000000000000000,615633,6610.000000000000000,21799.000000000000000,18700,1097758,11426,637432,23516,1713308
85,3/8/2021 15:00:00,25796,1101755,8762.000000000000000,624395,8278.000000000000000,30077.000000000000000,34074,1131832,17040,654472,42836,1756144
86,3/9/2021 15:00:00,26045,1127800,15376.000000000000000,639771,8342.000000000000000,38419.000000000000000,34387,1166219,23718,678190,49763,1805907
87,3/10/2021 15:00:00,29777,1157577,15897.000000000000000,655668,7935.000000000000000,46354.000000000000000,37712,1203931,23832,702022,53609,1859516
88,3/11/2021 15:00:00,35887,1193464,16366.000000000000000,672034,3982.000000000000000,50336.000000000000000,39869,1243800,20348,722370,56235,1915751
89,3/12/2021 15:00:00,36839,1230303,17995.000000000000000,690029,2924.000000000000000,53260.000000000000000,39763,1283563,20919,743289,57758,1973509
90,3/13/2021 15:00:00,22624,1252927,10223.000000000000000,700252,1604.000000000000000,54864.000000000000000,24228,1307791,11827,755116,34451,2007960
91,3/14/2021 15:00:00,17822,1270749,6665.000000000000000,706917,996.000000000000000,55860.000000000000000,18818,1326609,7661,762777,25483,2033443
92,3/15/2021 15:00:00,29729,1300478,11209.000000000000000,718126,592.000000000000000,56452.000000000000000,30321,1356930,11801,774578,41530,2074973
93,3/16/2021 15:00:00,33345,1333823,13494.000000000000000,731620,762.000000000000000,57214.000000000000000,34107,1391037,14256,788834,47601,2122574
94,3/17/2021 15:00:00,37500,1371323,16939.000000000000000,748559,1173.000000000000000,58387.000000000000000,38673,1429710,18112,806946,55612,2178186
95,3/18/2021 15:00:00,41335,1412658,12536.000000000000000,761095,1348.000000000000000,59735.000000000000000,42683,1472393,13884,820830,55219,2233405
96,3/19/2021 15:00:00,38230,1450888,15334.000000000000000,776429,1034.000000000000000,60769.000000000000000,39264,1511657,16368,837198,54598,2288003
97,3/20/2021 15:00:00,24629,1475517,10058.000000000000000,786487,692.000000000000000,61461.000000000000000,25321,1536978,10750,847948,35379,2323382
98,3/21/2021 15:00:00,19119,1494636,7808.000000000000000,794295,332.000000000000000,61793.000000000000000,19451,1556429,8140,856088,27259,2350641
99,3/22/2021 15:00:00,32502,1527138,11404.000000000000000,805699,833.000000000000000,62626.000000000000000,33335,1589764,12237,868325,44739,2395380
100,3/23/2021 15:00:00,37695,1564833,17254.000000000000000,822953,1552.000000000000000,64178.000000000000000,39247,1629011,18806,887131,56501,2451881
101,3/24/2021 15:00:00,40996,1605829,21097.000000000000000,844050,1377.000000000000000,65555.000000000000000,42373,1671384,22474,909605,63470,2515351
102,3/25/2021 15:00:00,42270,1648099,20931.000000000000000,864981,2456.000000000000000,68011.000000000000000,44726,1716110,23387,932992,65657,2581008
103,3/26/2021 15:00:00,36538,1684637,26192.000000000000000,891173,2500.000000000000000,70511.000000000000000,39038,1755148,28692,961684,65230,2646238
104,3/27/2021 15:00:00,26886,1711523,16728.000000000000000,907901,2482.000000000000000,72993.000000000000000,29368,1784516,19210,980894,46096,2692334
105,3/28/2021 15:00:00,16995,1728518,12587.000000000000000,920488,1613.000000000000000,74606.000000000000000,18608,1803124,14200,995094,31195,2723529
106,3/29/2021 15:00:00,29662,1758180,26169.000000000000000,946657,1138.000000000000000,75744.000000000000000,30800,1833924,27307,1022401,56969,2780498
107,3/30/2021 15:00:00,39968,1798148,28871.000000000000000,975528,1853.000000000000000,77597.000000000000000,41821,1875745,30724,1053125,70692,2851190
108,3/31/2021 15:00:00,40972,1839120,34531.000000000000000,1010059,5746.000000000000000,83343.000000000000000,46718,1922463,40277,1093402,81249,2932439
109,4/1/2021 15:00:00,40783,1879903,39655.000000000000000,1049714,5618.000000000000000,88961.000000000000000,46401,1968864,45273,1138675,86056,3018495
110,4/2/2021 15:00:00,34907,1914810,32427.000000000000000,1082141,6106.000000000000000,95067.000000000000000,41013,2009877,38533,1177208,73440,3091935
111,4/3/2021 15:00:00,21584,1936394,18640.000000000000000,1100781,4365.000000000000000,99432.000000000000000,25949,2035826,23005,1200213,44589,3136524
112,4/4/2021 15:00:00,8226,1944620,10149.000000000000000,1110930,961.000000000000000,100393.000000000000000,9187,2045013,11110,1211323,19336,3155860
113,4/5/2021 15:00:00,27836,1972456,28786.000000000000000,1139716,6644.000000000000000,107037.000000000000000,34480,2079493,35430,1246753,63266,3219126
114,4/6/2021 15:00:00,39695,2012151,30336.000000000000000,1170052,10481.000000000000000,117518.000000000000000,50176,2129669,40817,1287570,80512,3299638
115,4/7/2021 15:00:00,35980,2048131,34114.000000000000000,1204166,12961.000000000000000,130479.000000000000000,48941,2178610,47075,1334645,83055,3382693
116,4/8/2021 15:00:00,42223,2090354,35930.000000000000000,1240096,13843.000000000000000,144322.000000000000000,56066,2234676,49773,1384418,91996,3474689
117,4/9/2021 15:00:00,33959,2124313,36216.000000000000000,1276312,14518.000000000000000,158840.000000000000000,48477,2283153,50734,1435152,84693,3559382
118,4/10/2021 15:00:00,23415,2147728,23060.000000000000000,1299372,7616.000000000000000,166456.000000000000000,31031,2314184,30676,1465828,54091,3613473
119,4/11/2021 15:00:00,17542,2165270,13244.000000000000000,1312616,10122.000000000000000,176578.000000000000000,27664,2341848,23366,1489194,40908,3654381
120,4/12/2021 15:00:00,24537,2189807,33074.000000000000000,1345690,10885.000000000000000,187463.000000000000000,35422,2377270,43959,1533153,68496,3722877
121,4/13/2021 15:00:00,126733,2316540,90507.000000000000000,1436197,3292.000000000000000,190755.000000000000000,130025,2507295,93799,1626952,220532,3943409
122,4/14/2021 15:00:00,40661,2357201,37685.000000000000000,1473882,209.000000000000000,190964.000000000000000,40870,2548165,37894,1664846,78555,4021964
123,4/15/2021 15:00:00,41641,2398842,39076.000000000000000,1512958,172.000000000000000,191136.000000000000000,41813,2589978,39248,1704094,80889,4102853
124,4/16/2021 15:00:00,37164,2436006,38652.000000000000000,1551610,23.000000000000000,191159.000000000000000,37187,2627165,38675,1742769,75839,4178692
125,4/17/2021 15:00:00,32754,2468760,21942.000000000000000,1573552,12.000000000000000,191171.000000000000000,32766,2659931,21954,1764723,54708,4233400
126,4/18/2021 15:00:00,20054,2488814,16155.000000000000000,1589707,5.000000000000000,191176.000000000000000,20059,2679990,16160,1780883,36214,4269614
127,4/19/2021 15:00:00,29853,2518667,36441.000000000000000,1626148,61.000000000000000,191237.000000000000000,29914,2709904,36502,1817385,66355,4335969
128,4/20/2021 15:00:00,33068,2551735,44100.000000000000000,1670248,54.000000000000000,191291.000000000000000,33122,2743026,44154,1861539,77222,4413191
129,4/21/2021 15:00:00,39753,2591488,46848.000000000000000,1717096,22.000000000000000,191313.000000000000000,39775,2782801,46870,1908409,86623,4499814
130,4/22/2021 15:00:00,36356,2627844,41905.000000000000000,1759001,16.000000000000000,191329.000000000000000,36372,2819173,41921,1950330,78277,4578091
131,4/23/2021 15:00:00,33064,2660908,39933.000000000000000,1798934,13.000000000000000,191342.000000000000000,33077,2852250,39946,1990276,73010,4651101
132,4/24/2021 15:00:00,26377,2687285,27793.000000000000000,1826727,80.000000000000000,191422.000000000000000,26457,2878707,27873,2018149,54250,4705351
133,4/25/2021 15:00:00,20209,2707494,10905.000000000000000,1837632,30.000000000000000,191452.000000000000000,20239,2898946,10935,2029084,31144,4736495
134,4/26/2021 15:00:00,27384,2734878,32561.000000000000000,1870193,203.000000000000000,191655.000000000000000,27587,2926533,32764,2061848,60148,4796643
135,4/27/2021 15:00:00,26687,2761565,32905.000000000000000,1903098,1096.000000000000000,192751.000000000000000,27783,2954316,34001,2095849,60688,4857331
136,4/28/2021 15:00:00,28897,2790462,39377.000000000000000,1942475,1362.000000000000000,194113.000000000000000,30259,2984575,40739,2136588,69636,4926967
137,4/29/2021 15:00:00,27285,2817747,39315.000000000000000,1981790,1462.000000000000000,195575.000000000000000,28747,3013322,40777,2177365,68062,4995029
138,4/30/2021 15:00:00,28156,2845903,32069.000000000000000,2013859,1642.000000000000000,197217.000000000000000,29798,3043120,33711,2211076,61867,5056896
139,5/1/2021 15:00:00,20411,2866314,26335.000000000000000,2040194,1024.000000000000000,198241.000000000000000,21435,3064555,27359,2238435,47770,5104666
140,5/2/2021 15:00:00,10266,2876580,16995.000000000000000,2057189,818.000000000000000,199059.000000000000000,11084,3075639,17813,2256248,28079,5132745
141,5/3/2021 15:00:00,12714,2889294,28368.000000000000000,2085557,1908.000000000000000,200967.000000000000000,14622,3090261,30276,2286524,42990,5175735
142,5/4/2021 15:00:00,13523,2902817,38349.000000000000000,2123906,1731.000000000000000,202698.000000000000000,15254,3105515,40080,2326604,53603,5229338
143,5/5/2021 15:00:00,19305,2922122,37622.000000000000000,2161528,1919.000000000000000,204617.000000000000000,21224,3126739,39541,2366145,58846,5288184
144,5/6/2021 15:00:00,16910,2939032,40476.000000000000000,2202004,1714.000000000000000,206331.000000000000000,18624,3145363,42190,2408335,59100,5347284
145,5/7/2021 15:00:00,17368,2956400,35933.000000000000000,2237937,1955.000000000000000,208286.000000000000000,19323,3164686,37888,2446223,55256,5402540
146,5/8/2021 15:00:00,10771,2967171,31139.000000000000000,2269076,1291.000000000000000,209577.000000000000000,12062,3176748,32430,2478653,43201,5445741
147,5/9/2021 15:00:00,5046,2972217,11884.000000000000000,2280960,695.000000000000000,210272.000000000000000,5741,3182489,12579,2491232,17625,5463366
148,5/10/2021 15:00:00,8931,2981148,30954.000000000000000,2311914,1357.000000000000000,211629.000000000000000,10288,3192777,32311,2523543,41242,5504608
149,5/11/2021 15:00:00,12176,2993324,30189.000000000000000,2342103,1435.000000000000000,213064.000000000000000,13611,3206388,31624,2555167,43800,5548408
150,5/12/2021 15:00:00,13927,3007251,38502.000000000000000,2380605,1915.000000000000000,214979.000000000000000,15842,3222230,40417,2595584,54344,5602752
151,5/13/2021 15:00:00,21802,3029053,33364.000000000000000,2413969,1346.000000000000000,216325.000000000000000,23148,3245378,34710,2630294,56512,5659264
152,5/14/2021 15:00:00,24324,3053377,29915.000000000000000,2443884,1770.000000000000000,218095.000000000000000,26094,3271472,31685,2661979,56009,5715273
153,5/15/2021 15:00:00,21874,3075251,25024.000000000000000,2468908,1489.000000000000000,219584.000000000000000,23363,3294835,26513,2688492,48387,5763660
154,5/16/2021 15:00:00,9065,3084316,17517.000000000000000,2486425,1111.000000000000000,220695.000000000000000,10176,3305011,18628,2707120,27693,5791353
155,5/17/2021 15:00:00,16820,3101136,28270.000000000000000,2514695,1948.000000000000000,222643.000000000000000,18768,3323779,30218,2737338,47038,5838391
156,5/18/2021 15:00:00,21233,3122369,30609.000000000000000,2545304,1942.000000000000000,224585.000000000000000,23175,3346954,32551,2769889,53784,5892175
157,5/19/2021 15:00:00,27571,3149940,32321.000000000000000,2577625,1622.000000000000000,226207.000000000000000,29193,3376147,33943,2803832,61514,5953689
158,5/20/2021 15:00:00,20781,3170721,33147.000000000000000,2610772,1963.000000000000000,228170.000000000000000,22744,3398891,35110,2838942,55891,6009580
159,5/21/2021 15:00:00,19116,3189837,30162.000000000000000,2640934,1606.000000000000000,229776.000000000000000,20722,3419613,31768,2870710,50884,6060464
160,5/22/2021 15:00:00,16897,3206734,20618.000000000000000,2661552,1269.000000000000000,231045.000000000000000,18166,3437779,21887,2892597,38784,6099248
161,5/23/2021 15:00:00,8749,3215483,11415.000000000000000,2672967,963.000000000000000,232008.000000000000000,9712,3447491,12378,2904975,21127,6120375
162,5/24/2021 15:00:00,13561,3229044,17694.000000000000000,2690661,1476.000000000000000,233484.000000000000000,15037,3462528,19170,2924145,32731,6153106
163,5/25/2021 15:00:00,13007,3242051,18618.000000000000000,2709279,1327.000000000000000,234811.000000000000000,14334,3476862,19945,2944090,32952,6186058
164,5/26/2021 15:00:00,18262,3260313,19398.000000000000000,2728677,1507.000000000000000,236318.000000000000000,19769,3496631,20905,2964995,39167,6225225
165,5/27/2021 15:00:00,11682,3271995,18600.000000000000000,2747277,1115.000000000000000,237433.000000000000000,12797,3509428,19715,2984710,31397,6256622
166,5/28/2021 15:00:00,12513,3284508,19683.000000000000000,2766960,1395.000000000000000,238828.000000000000000,13908,3523336,21078,3005788,33591,6290213
167,5/29/2021 15:00:00,9548,3294056,11614.000000000000000,2778574,934.000000000000000,239762.000000000000000,10482,3533818,12548,3018336,22096,6312309
168,5/30/2021 15:00:00,4970,3299026,6407.000000000000000,2784981,597.000000000000000,240359.000000000000000,5567,3539385,7004,3025340,11974,6324283
169,5/31/2021 15:00:00,1773,3300799,3699.000000000000000,2788680,305.000000000000000,240664.000000000000000,2078,3541463,4004,3029344,5777,6330060
170,6/1/2021 15:00:00,9762,3310561,16243.000000000000000,2804923,1149.000000000000000,241813.000000000000000,10911,3552374,17392,3046736,27154,6357214
171,6/2/2021 15:00:00,10219,3320780,16760.000000000000000,2821683,958.000000000000000,242771.000000000000000,11177,3563551,17718,3064454,27937,6385151
172,6/3/2021 15:00:00,7897,3328677,21116.000000000000000,2842799,1085.000000000000000,243856.000000000000000,8982,3572533,22201,3086655,30098,6415249
173,6/4/2021 15:00:00,8215,3336892,22218.000000000000000,2865017,1121.000000000000000,244977.000000000000000,9336,3581869,23339,3109994,31554,6446803
174,6/5/2021 15:00:00,7010,3343902,19393.000000000000000,2884410,718.000000000000000,245695.000000000000000,7728,3589597,20111,3130105,27121,6473924
175,6/6/2021 15:00:00,3468,3347370,7199.000000000000000,2891609,422.000000000000000,246117.000000000000000,3890,3593487,7621,3137726,11089,6485013
176,6/7/2021 15:00:00,6847,3354217,15716.000000000000000,2907325,724.000000000000000,246841.000000000000000,7571,3601058,16440,3154166,23287,6508300
177,6/8/2021 15:00:00,6672,3360889,19646.000000000000000,2926971,817.000000000000000,247658.000000000000000,7489,3608547,20463,3174629,27135,6535435
178,6/9/2021 15:00:00,8196,3369085,23876.000000000000000,2950847,968.000000000000000,248626.000000000000000,9164,3617711,24844,3199473,33040,6568475
179,6/10/2021 15:00:00,7164,3376249,19053.000000000000000,2969900,894.000000000000000,249520.000000000000000,8058,3625769,19947,3219420,27111,6595586
180,6/11/2021 15:00:00,7444,3383693,17668.000000000000000,2987568,1125.000000000000000,250645.000000000000000,8569,3634338,18793,3238213,26237,6621823
181,6/12/2021 15:00:00,5236,3388929,14706.000000000000000,3002274,604.000000000000000,251249.000000000000000,5840,3640178,15310,3253523,20546,6642369
182,6/13/2021 15:00:00,1932,3390861,7551.000000000000000,3009825,425.000000000000000,251674.000000000000000,2357,3642535,7976,3261499,9908,6652277
183,6/14/2021 15:00:00,5653,3396514,11801.000000000000000,3021626,728.000000000000000,252402.000000000000000,6381,3648916,12529,3274028,18182,6670459
184,6/15/2021 15:00:00,5639,3402153,14275.000000000000000,3035901,869.000000000000000,253271.000000000000000,6508,3655424,15144,3289172,20783,6691242
185,6/16/2021 15:00:00,8748,3410901,21531.000000000000000,3057432,757.000000000000000,254028.000000000000000,9505,3664929,22288,3311460,31036,6722278
186,6/17/2021 15:00:00,6675,3417576,12322.000000000000000,3069754,718.000000000000000,254746.000000000000000,7393,3672322,13040,3324500,19715,6741993
187,6/18/2021 15:00:00,6847,3424423,12671.000000000000000,3082425,704.000000000000000,255450.000000000000000,7551,3679873,13375,3337875,20222,6762215
188,6/19/2021 15:00:00,4655,3429078,9348.000000000000000,3091773,614.000000000000000,256064.000000000000000,5269,3685142,9962,3347837,14617,6776832
189,6/20/2021 15:00:00,2499,3431577,5031.000000000000000,3096804,378.000000000000000,256442.000000000000000,2877,3688019,5409,3353246,7908,6784740
190,6/21/2021 15:00:00,5545,3437122,5305.000000000000000,3102109,636.000000000000000,257078.000000000000000,6181,3694200,5941,3359187,11486,6796226
191,6/22/2021 15:00:00,5188,3442310,8828.000000000000000,3110937,681.000000000000000,257759.000000000000000,5869,3700069,9509,3368696,14697,6810923
192,6/23/2021 15:00:00,6055,3448365,10281.000000000000000,3121218,642.000000000000000,258401.000000000000000,6697,3706766,10923,3379619,16978,6827901
193,6/24/2021 15:00:00,5920,3454285,8171.000000000000000,3129389,593.000000000000000,258994.000000000000000,6513,3713279,8764,3388383,14684,6842585
194,6/25/2021 15:00:00,5826,3460111,8602.000000000000000,3137991,620.000000000000000,259614.000000000000000,6446,3719725,9222,3397605,15048,6857633
195,6/26/2021 15:00:00,3699,3463810,6284.000000000000000,3144275,396.000000000000000,260010.000000000000000,4095,3723820,6680,3404285,10379,6868012
196,6/27/2021 15:00:00,2798,3466608,3509.000000000000000,3147784,183.000000000000000,260193.000000000000000,2981,3726801,3692,3407977,6490,6874502
197,6/28/2021 15:00:00,4728,3471336,6074.000000000000000,3153858,521.000000000000000,260714.000000000000000,5249,3732050,6595,3414572,11323,6885825
198,6/29/2021 15:00:00,5055,3476391,6426.000000000000000,3160284,517.000000000000000,261231.000000000000000,5572,3737622,6943,3421515,11998,6897823
199,6/30/2021 15:00:00,5597,3481988,7354.000000000000000,3167638,602.000000000000000,261833.000000000000000,6199,3743821,7956,3429471,13553,6911376
200,7/1/2021 15:00:00,5321,3487309,6897.000000000000000,3174535,489.000000000000000,262322.000000000000000,5810,3749631,7386,3436857,12707,6924083
201,7/2/2021 15:00:00,5283,3492592,6794.000000000000000,3181329,519.000000000000000,262841.000000000000000,5802,3755433,7313,3444170,12596,6936679
202,7/3/2021 15:00:00,3258,3495850,4044.000000000000000,3185373,260.000000000000000,263101.000000000000000,3518,3758951,4304,3448474,7562,6944241
203,7/4/2021 15:00:00,494,3496344,540.000000000000000,3185913,66.000000000000000,263167.000000000000000,560,3759511,606,3449080,1100,6945341
204,7/5/2021 15:00:00,3749,3500093,3939.000000000000000,3189852,282.000000000000000,263449.000000000000000,4031,3763542,4221,3453301,7970,6953311
205,7/6/2021 15:00:00,4473,3504566,6218.000000000000000,3196070,450.000000000000000,263899.000000000000000,4923,3768465,6668,3459969,11141,6964452
206,7/7/2021 15:00:00,4451,3509017,6366.000000000000000,3202436,483.000000000000000,264382.000000000000000,4934,3773399,6849,3466818,11300,6975752
207,7/8/2021 15:00:00,4827,3513844,6118.000000000000000,3208554,563.000000000000000,264945.000000000000000,5390,3778789,6681,3473499,11508,6987260
208,7/9/2021 15:00:00,5348,3519192,6602.000000000000000,3215156,572.000000000000000,265517.000000000000000,5920,3784709,7174,3480673,12522,6999782
209,7/10/2021 15:00:00,3516,3522708,4368.000000000000000,3219524,301.000000000000000,265818.000000000000000,3817,3788526,4669,3485342,8185,7007967
210,7/11/2021 15:00:00,2663,3525371,2551.000000000000000,3222075,222.000000000000000,266040.000000000000000,2885,3791411,2773,3488115,5436,7013403
211,7/12/2021 15:00:00,4405,3529776,5086.000000000000000,3227161,374.000000000000000,266414.000000000000000,4779,3796190,5460,3493575,9865,7023268
212,7/13/2021 15:00:00,4743,3534519,4580.000000000000000,3231741,364.000000000000000,266778.000000000000000,5107,3801297,4944,3498519,9687,7032955
213,7/14/2021 15:00:00,4600,3539119,5239.000000000000000,3236980,422.000000000000000,267200.000000000000000,5022,3806319,5661,3504180,10261,7043216
214,7/15/2021 15:00:00,4869,3543988,4963.000000000000000,3241943,356.000000000000000,267556.000000000000000,5225,3811544,5319,3509499,10188,7053404
215,7/16/2021 15:00:00,6270,3550258,5801.000000000000000,3247744,401.000000000000000,267957.000000000000000,6671,3818215,6202,3515701,12472,7065876
216,7/17/2021 15:00:00,3403,3553661,3538.000000000000000,3251282,299.000000000000000,268256.000000000000000,3702,3821917,3837,3519538,7240,7073116
217,7/18/2021 15:00:00,2299,3555960,2364.000000000000000,3253646,110.000000000000000,268366.000000000000000,2409,3824326,2474,3522012,4773,7077889
218,7/19/2021 15:00:00,5244,3561204,4457.000000000000000,3258103,376.000000000000000,268742.000000000000000,5620,3829946,4833,3526845,10077,7087966
219,7/20/2021 15:00:00,5323,3566527,4679.000000000000000,3262782,366.000000000000000,269108.000000000000000,5689,3835635,5045,3531890,10368,7098334
220,7/21/2021 15:00:00,5629,3572156,4889.000000000000000,3267671,415.000000000000000,269523.000000000000000,6044,3841679,5304,3537194,10933,7109267
221,7/22/2021 15:00:00,6005,3578161,4595.000000000000000,3272266,468.000000000000000,269991.000000000000000,6473,3848152,5063,3542257,11068,7120335
222,7/23/2021 15:00:00,6825,3584986,4805.000000000000000,3277071,489.000000000000000,270480.000000000000000,7314,3855466,5294,3547551,12119,7132454
223,7/24/2021 15:00:00,4276,3589262,3187.000000000000000,3280258,267.000000000000000,270747.000000000000000,4543,3860009,3454,3551005,7730,7140184
224,7/25/2021 15:00:00,3291,3592553,1105.000000000000000,3281363,138.000000000000000,270885.000000000000000,3429,3863438,1243,3552248,4534,7144718
225,7/26/2021 15:00:00,6196,3598749,3877.000000000000000,3285240,413.000000000000000,271298.000000000000000,6609,3870047,4290,3556538,10486,7155204
226,7/27/2021 15:00:00,6340,3605089,4034.000000000000000,3289274,453.000000000000000,271751.000000000000000,6793,3876840,4487,3561025,10827,7166031
227,7/28/2021 15:00:00,6796,3611885,3986.000000000000000,3293260,458.000000000000000,272209.000000000000000,7254,3884094,4444,3565469,11240,7177271
228,7/29/2021 15:00:00,6804,3618689,4125.000000000000000,3297385,414.000000000000000,272623.000000000000000,7218,3891312,4539,3570008,11343,7188614
229,7/30/2021 15:00:00,7520,3626209,4494.000000000000000,3301879,521.000000000000000,273144.000000000000000,8041,3899353,5015,3575023,12535,7201149
230,7/31/2021 15:00:00,4778,3630987,3026.000000000000000,3304905,272.000000000000000,273416.000000000000000,5050,3904403,3298,3578321,8076,7209225
231,8/1/2021 15:00:00,3792,3634779,2094.000000000000000,3306999,157.000000000000000,273573.000000000000000,3949,3908352,2251,3580572,6043,7215268
232,8/2/2021 15:00:00,7005,3641784,3619.000000000000000,3310618,335.000000000000000,273908.000000000000000,7340,3915692,3954,3584526,10959,7226227
233,8/3/2021 15:00:00,6987,3648771,3889.000000000000000,3314507,506.000000000000000,274414.000000000000000,7493,3923185,4395,3588921,11382,7237609
234,8/4/2021 15:00:00,7151,3655922,3878.000000000000000,3318385,528.000000000000000,274942.000000000000000,7679,3930864,4406,3593327,11557,7249166
235,8/5/2021 15:00:00,7658,3663580,4089.000000000000000,3322474,535.000000000000000,275477.000000000000000,8193,3939057,4624,3597951,12282,7261448
236,8/6/2021 15:00:00,8276,3671856,4670.000000000000000,3327144,449.000000000000000,275926.000000000000000,8725,3947782,5119,3603070,13395,7274843
237,8/7/2021 15:00:00,5240,3677096,2785.000000000000000,3329929,264.000000000000000,276190.000000000000000,5504,3953286,3049,3606119,8289,7283132
238,8/8/2021 15:00:00,3948,3681044,2033.000000000000000,3331962,141.000000000000000,276331.000000000000000,4089,3957375,2174,3608293,6122,7289254
239,8/9/2021 15:00:00,6909,3687953,4492.000000000000000,3336454,364.000000000000000,276695.000000000000000,7273,3964648,4856,3613149,11765,7301019
240,8/10/2021 15:00:00,7110,3695063,4424.000000000000000,3340878,336.000000000000000,277031.000000000000000,7446,3972094,4760,3617909,11870,7312889
241,8/11/2021 15:00:00,7024,3702087,4411.000000000000000,3345289,438.000000000000000,277469.000000000000000,7462,3979556,4849,3622758,11873,7324762
242,8/12/2021 15:00:00,8561,3710648,4692.000000000000000,3349981,440.000000000000000,277909.000000000000000,9001,3988557,5132,3627890,13693,7338455
243,8/13/2021 15:00:00,7109,3717757,5319.000000000000000,3355300,389.000000000000000,278298.000000000000000,7498,3996055,5708,3633598,12817,7351272
244,8/14/2021 15:00:00,4914,3722671,3325.000000000000000,3358625,285.000000000000000,278583.000000000000000,5199,4001254,3610,3637208,8524,7359796
245,8/15/2021 15:00:00,3315,3725986,2722.000000000000000,3361347,164.000000000000000,278747.000000000000000,3479,4004733,2886,3640094,6201,7365997
246,8/16/2021 15:00:00,5412,3731398,5058.000000000000000,3366405,349.000000000000000,279096.000000000000000,5761,4010494,5407,3645501,10819,7376816
247,8/17/2021 15:00:00,6935,3738333,5162.000000000000000,3371567,387.000000000000000,279483.000000000000000,7322,4017816,5549,3651050,12484,7389300
248,8/18/2021 15:00:00,6502,3744835,5268.000000000000000,3376835,472.000000000000000,279955.000000000000000,6974,4024790,5740,3656790,12242,7401542
249,8/19/2021 15:00:00,5973,3750808,5301.000000000000000,3382136,410.000000000000000,280365.000000000000000,6383,4031173,5711,3662501,11684,7413226
250,8/20/2021 15:00:00,7023,3757831,6292.000000000000000,3388428,401.000000000000000,280766.000000000000000,7424,4038597,6693,3669194,13716,7426942
251,8/21/2021 15:00:00,4311,3762142,3898.000000000000000,3392326,225.000000000000000,280991.000000000000000,4536,4043133,4123,3673317,8434,7435376
252,8/22/2021 15:00:00,3061,3765203,3154.000000000000000,3395480,109.000000000000000,281100.000000000000000,3170,4046303,3263,3676580,6324,7441700
253,8/23/2021 15:00:00,6150,3771353,5898.000000000000000,3401378,285.000000000000000,281385.000000000000000,6435,4052738,6183,3682763,12333,7454033
254,8/24/2021 15:00:00,6633,3777986,5850.000000000000000,3407228,423.000000000000000,281808.000000000000000,7056,4059794,6273,3689036,12906,7466939
255,8/25/2021 15:00:00,6884,3784870,5983.000000000000000,3413211,438.000000000000000,282246.000000000000000,7322,4067116,6421,3695457,13305,7480244
256,8/26/2021 15:00:00,7166,3792036,6402.000000000000000,3419613,427.000000000000000,282673.000000000000000,7593,4074709,6829,3702286,13995,7494239
257,8/27/2021 15:00:00,6856,3798892,6990.000000000000000,3426603,315.000000000000000,282988.000000000000000,7171,4081880,7305,3709591,14161,7508400
258,8/28/2021 15:00:00,6897,3805789,6470.000000000000000,3433073,326.000000000000000,283314.000000000000000,7223,4089103,6796,3716387,13693,7522093
259,8/29/2021 15:00:00,3740,3809529,3668.000000000000000,3436741,611.000000000000000,283925.000000000000000,4351,4093454,4279,3720666,8019,7530112
260,8/30/2021 15:00:00,5941,3815470,6072.000000000000000,3442813,959.000000000000000,284884.000000000000000,6900,4100354,7031,3727697,12972,7543084
261,8/31/2021 15:00:00,5686,3821156,5902.000000000000000,3448715,945.000000000000000,285829.000000000000000,6631,4106985,6847,3734544,12533,7555617
262,9/1/2021 15:00:00,5533,3826689,5554.000000000000000,3454269,905.000000000000000,286734.000000000000000,6438,4113423,6459,3741003,11992,7567609
263,9/2/2021 15:00:00,5535,3832224,5865.000000000000000,3460134,700.000000000000000,287434.000000000000000,6235,4119658,6565,3747568,12100,7579709
264,9/3/2021 15:00:00,5979,3838203,6862.000000000000000,3466996,971.000000000000000,288405.000000000000000,6950,4126608,7833,3755401,13812,7593521
265,9/4/2021 15:00:00,3712,3841915,4313.000000000000000,3471309,875.000000000000000,289280.000000000000000,4587,4131195,5188,3760589,8900,7602421
266,9/5/2021 15:00:00,2945,3844860,2789.000000000000000,3474098,104.000000000000000,289384.000000000000000,3049,4134244,2893,3763482,5838,7608259
267,9/6/2021 15:00:00,1048,3845908,1137.000000000000000,3475235,62.000000000000000,289446.000000000000000,1110,4135354,1199,3764681,2247,7610506
268,9/7/2021 15:00:00,5291,3851199,7228.000000000000000,3482463,2303.000000000000000,291749.000000000000000,7594,4142948,9531,3774212,14822,7625328
269,9/8/2021 15:00:00,4658,3855857,5426.000000000000000,3487889,365.000000000000000,292114.000000000000000,5023,4147971,5791,3780003,10449,7635777
270,9/9/2021 15:00:00,5064,3860921,5332.000000000000000,3493221,322.000000000000000,292436.000000000000000,5386,4153357,5654,3785657,10718,7646495
271,9/10/2021 15:00:00,6524,3867445,6571.000000000000000,3499792,1712.000000000000000,294148.000000000000000,8236,4161593,8283,3793940,14807,7661302
272,9/11/2021 15:00:00,4041,3871486,4308.000000000000000,3504100,663.000000000000000,294811.000000000000000,4704,4166297,4971,3798911,9012,7670314
273,9/12/2021 15:00:00,3065,3874551,3225.000000000000000,3507325,436.000000000000000,295247.000000000000000,3501,4169798,3661,3802572,6726,7677040
274,9/13/2021 15:00:00,4663,3879214,4814.000000000000000,3512139,345.000000000000000,295592.000000000000000,5008,4174806,5159,3807731,9822,7686862
275,9/14/2021 15:00:00,4573,3883787,5176.000000000000000,3517315,432.000000000000000,296024.000000000000000,5005,4179811,5608,3813339,10181,7697043
276,9/15/2021 15:00:00,4783,3888570,5574.000000000000000,3522889,387.000000000000000,296411.000000000000000,5170,4184981,5961,3819300,10744,7707787
277,9/16/2021 15:00:00,4583,3893153,5580.000000000000000,3528469,331.000000000000000,296742.000000000000000,4914,4189895,5911,3825211,10494,7718281
278,9/17/2021 15:00:00,5034,3898187,6307.000000000000000,3534776,341.000000000000000,297083.000000000000000,5375,4195270,6648,3831859,11682,7729963
279,9/18/2021 15:00:00,3772,3901959,4554.000000000000000,3539330,185.000000000000000,297268.000000000000000,3957,4199227,4739,3836598,8511,7738474
280,9/19/2021 15:00:00,2721,3904680,3150.000000000000000,3542480,75.000000000000000,297343.000000000000000,2796,4202023,3225,3839823,5946,7744420
281,9/20/2021 15:00:00,3533,3908213,4453.000000000000000,3546933,427.000000000000000,297770.000000000000000,3960,4205983,4880,3844703,8413,7752833
282,9/21/2021 15:00:00,3779,3911992,4788.000000000000000,3551721,325.000000000000000,298095.000000000000000,4104,4210087,5113,3849816,8892,7761725
283,9/22/2021 15:00:00,4183,3916175,4730.000000000000000,3556451,459.000000000000000,298554.000000000000000,4642,4214729,5189,3855005,9372,7771097
284,9/23/2021 15:00:00,4170,3920345,4678.000000000000000,3561129,489.000000000000000,299043.000000000000000,4659,4219388,5167,3860172,9337,7780434
285,9/24/2021 15:00:00,5057,3925402,5545.000000000000000,3566674,422.000000000000000,299465.000000000000000,5479,4224867,5967,3866139,11024,7791458
286,9/25/2021 15:00:00,3591,3928993,3617.000000000000000,3570291,384.000000000000000,299849.000000000000000,3975,4228842,4001,3870140,7592,7799050
287,9/26/2021 15:00:00,2350,3931343,2598.000000000000000,3572889,421.000000000000000,300270.000000000000000,2771,4231613,3019,3873159,5369,7804419
288,9/27/2021 15:00:00,4493,3935836,2673.000000000000000,3575562,506.000000000000000,300776.000000000000000,4999,4236612,3179,3876338,7672,7812091
289,9/28/2021 15:00:00,4385,3940221,4366.000000000000000,3579928,211.000000000000000,300987.000000000000000,4596,4241208,4577,3880915,8962,7821053
290,9/29/2021 15:00:00,4693,3944914,4475.000000000000000,3584403,918.000000000000000,301905.000000000000000,5611,4246819,5393,3886308,10086,7831139
291,9/30/2021 15:00:00,4865,3949779,4523.000000000000000,3588926,791.000000000000000,302696.000000000000000,5656,4252475,5314,3891622,10179,7841318
292,10/1/2021 15:00:00,5410,3955189,5249.000000000000000,3594175,779.000000000000000,303475.000000000000000,6189,4258664,6028,3897650,11438,7852756
293,10/2/2021 15:00:00,2935,3958124,2883.000000000000000,3597058,186.000000000000000,303661.000000000000000,3121,4261785,3069,3900719,6004,7858760
294,10/3/2021 15:00:00,2051,3960175,2176.000000000000000,3599234,86.000000000000000,303747.000000000000000,2137,4263922,2262,3902981,4313,7863073
295,10/4/2021 15:00:00,4143,3964318,3354.000000000000000,3602588,233.000000000000000,303980.000000000000000,4376,4268298,3587,3906568,7730,7870803
296,10/5/2021 15:00:00,4051,3968369,3552.000000000000000,3606140,204.000000000000000,304184.000000000000000,4255,4272553,3756,3910324,7807,7878610
297,10/6/2021 15:00:00,4113,3972482,3464.000000000000000,3609604,263.000000000000000,304447.000000000000000,4376,4276929,3727,3914051,7840,7886450
298,10/7/2021 15:00:00,4348,3976830,3485.000000000000000,3613089,329.000000000000000,304776.000000000000000,4677,4281606,3814,3917865,8162,7894612
299,10/8/2021 15:00:00,4907,3981737,4092.000000000000000,3617181,281.000000000000000,305057.000000000000000,5188,4286794,4373,3922238,9280,7903892
300,10/9/2021 15:00:00,2676,3984413,2662.000000000000000,3619843,270.000000000000000,305327.000000000000000,2946,4289740,2932,3925170,5608,7909500
301,10/10/2021 15:00:00,1862,3986275,1839.000000000000000,3621682,59.000000000000000,305386.000000000000000,1921,4291661,1898,3927068,3760,7913260
302,10/11/2021 15:00:00,4359,3990634,3175.000000000000000,3624857,246.000000000000000,305632.000000000000000,4605,4296266,3421,3930489,7780,7921040
303,10/12/2021 15:00:00,3712,3994346,3272.000000000000000,3628129,268.000000000000000,305900.000000000000000,3980,4300246,3540,3934029,7252,7928292
304,10/13/2021 15:00:00,3965,3998311,3410.000000000000000,3631539,343.000000000000000,306243.000000000000000,4308,4304554,3753,3937782,7718,7936010
305,10/14/2021 15:00:00,5142,4003453,5429.000000000000000,3636968,424.000000000000000,306667.000000000000000,5566,4310120,5853,3943635,10995,7947005
306,10/15/2021 15:00:00,4704,4008157,4536.000000000000000,3641504,345.000000000000000,307012.000000000000000,5049,4315169,4881,3948516,9585,7956590
307,10/16/2021 15:00:00,2489,4010646,2478.000000000000000,3643982,287.000000000000000,307299.000000000000000,2776,4317945,2765,3951281,5254,7961844
308,10/17/2021 15:00:00,1798,4012444,1765.000000000000000,3645747,52.000000000000000,307351.000000000000000,1850,4319795,1817,3953098,3615,7965459
309,10/18/2021 15:00:00,4288,4016732,3536.000000000000000,3649283,266.000000000000000,307617.000000000000000,4554,4324349,3802,3956900,8090,7973549
310,10/19/2021 15:00:00,4301,4021033,4008.000000000000000,3653291,221.000000000000000,307838.000000000000000,4522,4328871,4229,3961129,8530,7982079
311,10/20/2021 15:00:00,3507,4024540,3390.000000000000000,3656681,253.000000000000000,308091.000000000000000,3760,4332631,3643,3964772,7150,7989229
312,10/21/2021 15:00:00,3291,4027831,3228.000000000000000,3659909,290.000000000000000,308381.000000000000000,3581,4336212,3518,3968290,6809,7996038
313,10/22/2021 15:00:00,4685,4032516,3992.000000000000000,3663901,474.000000000000000,308855.000000000000000,5159,4341371,4466,3972756,9151,8005189
314,10/23/2021 15:00:00,2901,4035417,2116.000000000000000,3666017,321.000000000000000,309176.000000000000000,3222,4344593,2437,3975193,5338,8010527
315,10/24/2021 15:00:00,2038,4037455,1539.000000000000000,3667556,77.000000000000000,309253.000000000000000,2115,4346708,1616,3976809,3654,8014181
316,10/25/2021 15:00:00,4499,4041954,3059.000000000000000,3670615,314.000000000000000,309567.000000000000000,4813,4351521,3373,3980182,7872,8022053
317,10/26/2021 15:00:00,4483,4046437,3105.000000000000000,3673720,306.000000000000000,309873.000000000000000,4789,4356310,3411,3983593,7894,8029947
318,10/27/2021 15:00:00,4659,4051096,3322.000000000000000,3677042,421.000000000000000,310294.000000000000000,5080,4361390,3743,3987336,8402,8038349
319,10/28/2021 15:00:00,4510,4055606,3369.000000000000000,3680411,489.000000000000000,310783.000000000000000,4999,4366389,3858,3991194,8368,8046717
320,10/29/2021 15:00:00,4918,4060524,3856.000000000000000,3684267,388.000000000000000,311171.000000000000000,5306,4371695,4244,3995438,9162,8055879
321,10/30/2021 15:00:00,2614,4063138,1825.000000000000000,3686092,306.000000000000000,311477.000000000000000,2920,4374615,2131,3997569,4745,8060624
322,10/31/2021 15:00:00,1924,4065062,1488.000000000000000,3687580,93.000000000000000,311570.000000000000000,2017,4376632,1581,3999150,3505,8064129
323,11/1/2021 15:00:00,4515,4069577,3402.000000000000000,3690982,329.000000000000000,311899.000000000000000,4844,4381476,3731,4002881,8246,8072375
324,11/2/2021 15:00:00,4203,4073780,2982.000000000000000,3693964,393.000000000000000,312292.000000000000000,4596,4386072,3375,4006256,7578,8079953
325,11/3/2021 15:00:00,4534,4078314,3085.000000000000000,3697049,446.000000000000000,312738.000000000000000,4980,4391052,3531,4009787,8065,8088018
326,11/4/2021 15:00:00,5901,4084215,3354.000000000000000,3700403,506.000000000000000,313244.000000000000000,6407,4397459,3860,4013647,9761,8097779
327,11/5/2021 15:00:00,7634,4091849,3770.000000000000000,3704173,400.000000000000000,313644.000000000000000,8034,4405493,4170,4017817,11804,8109583
328,11/6/2021 15:00:00,9760,4101609,1940.000000000000000,3706113,297.000000000000000,313941.000000000000000,10057,4415550,2237,4020054,11997,8121580
329,11/7/2021 15:00:00,7298,4108907,1366.000000000000000,3707479,89.000000000000000,314030.000000000000000,7387,4422937,1455,4021509,8753,8130333
330,11/8/2021 15:00:00,10901,4119808,3005.000000000000000,3710484,355.000000000000000,314385.000000000000000,11256,4434193,3360,4024869,14261,8144594
331,11/9/2021 15:00:00,10963,4130771,2580.000000000000000,3713064,240.000000000000000,314625.000000000000000,11203,4445396,2820,4027689,13783,8158377
332,11/10/2021 15:00:00,11650,4142421,2655.000000000000000,3715719,305.000000000000000,314930.000000000000000,11955,4457351,2960,4030649,14610,8172987
333,11/11/2021 15:00:00,10021,4152442,2243.000000000000000,3717962,246.000000000000000,315176.000000000000000,10267,4467618,2489,4033138,12510,8185497
334,11/12/2021 15:00:00,6327,4158769,1669.000000000000000,3719631,417.000000000000000,315593.000000000000000,6744,4474362,2086,4035224,8413,8193910