OBJECTID,VACCINATION_DATE,FirstDailyDose,FirstDoseCumulative,SecondDailyDose,SecondDoseCumulative,SingleDailyDose,SingleDoseCumulative,AtleastOneVaccine,AtleastOneVaccineCumulative,CompletedVax,CompletedVaxCumulative,FirstSecondSingleVaccination_12,FirstSecondSingleVaccination_13
1,12/14/2020 15:00:00,17,1242,,504,,,17,1242,0,504,17,1631
2,12/15/2020 15:00:00,56,1298,3.000000000000000,507,,,56,1298,3,507,59,1690
3,12/16/2020 15:00:00,585,1883,3.000000000000000,510,,,585,1883,3,510,588,2278
4,12/17/2020 15:00:00,1152,3035,2.000000000000000,512,,,1152,3035,2,512,1154,3432
5,12/18/2020 15:00:00,3002,6037,12.000000000000000,524,,,3002,6037,12,524,3014,6446
6,12/19/2020 15:00:00,927,6964,5.000000000000000,529,,,927,6964,5,529,932,7378
7,12/20/2020 15:00:00,346,7310,4.000000000000000,533,,,346,7310,4,533,350,7728
8,12/21/2020 15:00:00,3875,11185,25.000000000000000,558,,,3875,11185,25,558,3900,11628
9,12/22/2020 15:00:00,6310,17495,23.000000000000000,581,,,6310,17495,23,581,6333,17961
10,12/23/2020 15:00:00,5766,23261,33.000000000000000,614,,,5766,23261,33,614,5799,23760
11,12/24/2020 15:00:00,2718,25979,14.000000000000000,628,,,2718,25979,14,628,2732,26492
12,12/25/2020 15:00:00,1034,27013,4.000000000000000,632,,,1034,27013,4,632,1038,27530
13,12/26/2020 15:00:00,1876,28889,9.000000000000000,641,,,1876,28889,9,641,1885,29415
14,12/27/2020 15:00:00,1799,30688,10.000000000000000,651,,,1799,30688,10,651,1809,31224
15,12/28/2020 15:00:00,8972,39660,41.000000000000000,692,,,8972,39660,41,692,9013,40237
16,12/29/2020 15:00:00,10945,50605,48.000000000000000,740,,,10945,50605,48,740,10993,51230
17,12/30/2020 15:00:00,12484,63089,75.000000000000000,815,,,12484,63089,75,815,12559,63789
18,12/31/2020 15:00:00,7539,70628,41.000000000000000,856,,,7539,70628,41,856,7580,71369
19,1/1/2021 15:00:00,2885,73513,129.000000000000000,985,,,2885,73513,129,985,3014,74383
20,1/2/2021 15:00:00,3017,76530,34.000000000000000,1019,,,3017,76530,34,1019,3051,77434
21,1/3/2021 15:00:00,3390,79920,80.000000000000000,1099,,,3390,79920,80,1099,3470,80904
22,1/4/2021 15:00:00,13325,93245,321.000000000000000,1420,,,13325,93245,321,1420,13646,94550
23,1/5/2021 15:00:00,12443,105688,532.000000000000000,1952,,,12443,105688,532,1952,12975,107525
24,1/6/2021 15:00:00,15216,120904,851.000000000000000,2803,,,15216,120904,851,2803,16067,123592
25,1/7/2021 15:00:00,14997,135901,1749.000000000000000,4552,,,14997,135901,1749,4552,16746,140338
26,1/8/2021 15:00:00,23977,159878,2757.000000000000000,7309,,,23977,159878,2757,7309,26734,167072
27,1/9/2021 15:00:00,5149,165027,945.000000000000000,8254,,,5149,165027,945,8254,6094,173166
28,1/10/2021 15:00:00,2948,167975,375.000000000000000,8629,,,2948,167975,375,8629,3323,176489
29,1/11/2021 15:00:00,13697,181672,3456.000000000000000,12085,,,13697,181672,3456,12085,17153,193642
30,1/12/2021 15:00:00,17353,199025,5573.000000000000000,17658,,,17353,199025,5573,17658,22926,216568
31,1/13/2021 15:00:00,18574,217599,3894.000000000000000,21552,,,18574,217599,3894,21552,22468,239036
32,1/14/2021 15:00:00,17808,235407,1943.000000000000000,23495,,,17808,235407,1943,23495,19751,258787
33,1/15/2021 15:00:00,19418,254825,2002.000000000000000,25497,,,19418,254825,2002,25497,21420,280207
34,1/16/2021 15:00:00,5805,260630,1604.000000000000000,27101,,,5805,260630,1604,27101,7409,287616
35,1/17/2021 15:00:00,2107,262737,1476.000000000000000,28577,,,2107,262737,1476,28577,3583,291199
36,1/18/2021 15:00:00,7062,269799,3241.000000000000000,31818,,,7062,269799,3241,31818,10303,301502
37,1/19/2021 15:00:00,16913,286712,5381.000000000000000,37199,,,16913,286712,5381,37199,22294,323796
38,1/20/2021 15:00:00,20985,307697,5291.000000000000000,42490,,,20985,307697,5291,42490,26276,350072
39,1/21/2021 15:00:00,23760,331457,3797.000000000000000,46287,,,23760,331457,3797,46287,27557,377629
40,1/22/2021 15:00:00,28641,360098,3712.000000000000000,49999,,,28641,360098,3712,49999,32353,409982
41,1/23/2021 15:00:00,10099,370197,1927.000000000000000,51926,,,10099,370197,1927,51926,12026,422008
42,1/24/2021 15:00:00,3338,373535,1720.000000000000000,53646,,,3338,373535,1720,53646,5058,427066
43,1/25/2021 15:00:00,16289,389824,8576.000000000000000,62222,,,16289,389824,8576,62222,24865,451931
44,1/26/2021 15:00:00,17537,407361,8952.000000000000000,71174,,,17537,407361,8952,71174,26489,478420
45,1/27/2021 15:00:00,24442,431803,12519.000000000000000,83693,,,24442,431803,12519,83693,36961,515381
46,1/28/2021 15:00:00,22649,454452,9291.000000000000000,92984,,,22649,454452,9291,92984,31940,547321
47,1/29/2021 15:00:00,24757,479209,7883.000000000000000,100867,,,24757,479209,7883,100867,32640,579961
48,1/30/2021 15:00:00,17763,496972,2530.000000000000000,103397,,,17763,496972,2530,103397,20293,600254
49,1/31/2021 15:00:00,3754,500726,1343.000000000000000,104740,,,3754,500726,1343,104740,5097,605351
50,2/1/2021 15:00:00,7819,508545,5228.000000000000000,109968,,,7819,508545,5228,109968,13047,618398
51,2/2/2021 15:00:00,12460,521005,13795.000000000000000,123763,,,12460,521005,13795,123763,26255,644653
52,2/3/2021 15:00:00,18218,539223,18091.000000000000000,141854,,,18218,539223,18091,141854,36309,680962
53,2/4/2021 15:00:00,22081,561304,15746.000000000000000,157600,,,22081,561304,15746,157600,37827,718789
54,2/5/2021 15:00:00,20332,581636,17371.000000000000000,174971,,,20332,581636,17371,174971,37703,756492
55,2/6/2021 15:00:00,11307,592943,14448.000000000000000,189419,,,11307,592943,14448,189419,25755,782247
56,2/7/2021 15:00:00,5940,598883,1816.000000000000000,191235,,,5940,598883,1816,191235,7756,790003
57,2/8/2021 15:00:00,12944,611827,12904.000000000000000,204139,,,12944,611827,12904,204139,25848,815851
58,2/9/2021 15:00:00,16621,628448,13836.000000000000000,217975,,,16621,628448,13836,217975,30457,846308
59,2/10/2021 15:00:00,19265,647713,21201.000000000000000,239176,,,19265,647713,21201,239176,40466,886774
60,2/11/2021 15:00:00,22849,670562,17297.000000000000000,256473,,,22849,670562,17297,256473,40146,926920
61,2/12/2021 15:00:00,20365,690927,19591.000000000000000,276064,,,20365,690927,19591,276064,39956,966876
62,2/13/2021 15:00:00,11415,702342,6393.000000000000000,282457,,,11415,702342,6393,282457,17808,984684
63,2/14/2021 15:00:00,7109,709451,2104.000000000000000,284561,,,7109,709451,2104,284561,9213,993897
64,2/15/2021 15:00:00,11738,721189,13297.000000000000000,297858,,,11738,721189,13297,297858,25035,1018932
65,2/16/2021 15:00:00,16588,737777,20987.000000000000000,318845,,,16588,737777,20987,318845,37575,1056507
66,2/17/2021 15:00:00,20643,758420,26349.000000000000000,345194,,,20643,758420,26349,345194,46992,1103499
67,2/18/2021 15:00:00,3189,761609,4606.000000000000000,349800,,,3189,761609,4606,349800,7795,1111294
68,2/19/2021 15:00:00,10243,771852,19903.000000000000000,369703,,,10243,771852,19903,369703,30146,1141440
69,2/20/2021 15:00:00,10297,782149,20257.000000000000000,389960,,,10297,782149,20257,389960,30554,1171994
70,2/21/2021 15:00:00,6160,788309,7626.000000000000000,397586,,,6160,788309,7626,397586,13786,1185780
71,2/22/2021 15:00:00,8021,796330,15451.000000000000000,413037,,,8021,796330,15451,413037,23472,1209252
72,2/23/2021 15:00:00,15516,811846,15940.000000000000000,428977,,,15516,811846,15940,428977,31456,1240708
73,2/24/2021 15:00:00,17923,829769,24733.000000000000000,453710,,,17923,829769,24733,453710,42656,1283364
74,2/25/2021 15:00:00,20382,850151,26530.000000000000000,480240,,,20382,850151,26530,480240,46912,1330276
75,2/26/2021 15:00:00,26699,876850,26178.000000000000000,506418,,,26699,876850,26178,506418,52877,1383153
76,2/27/2021 15:00:00,15985,892835,11127.000000000000000,517545,,,15985,892835,11127,517545,27112,1410265
77,2/28/2021 15:00:00,15492,908327,4865.000000000000000,522410,,,15492,908327,4865,522410,20357,1430622
78,3/1/2021 15:00:00,26482,934809,12473.000000000000000,534883,,,26482,934809,12473,534883,38955,1469577
79,3/2/2021 15:00:00,23868,958677,13243.000000000000000,548126,32.000000000000000,32.000000000000000,23900,958709,13275,548158,37143,1506720
80,3/3/2021 15:00:00,30129,988806,18361.000000000000000,566487,182.000000000000000,214.000000000000000,30311,989020,18543,566701,48672,1555392
81,3/4/2021 15:00:00,30937,1019743,18150.000000000000000,584637,4066.000000000000000,4280.000000000000000,35003,1024023,22216,588917,53153,1608545
82,3/5/2021 15:00:00,29419,1049162,19439.000000000000000,604076,4910.000000000000000,9190.000000000000000,34329,1058352,24349,613266,53768,1662313
83,3/6/2021 15:00:00,17856,1067018,8959.000000000000000,613035,6004.000000000000000,15194.000000000000000,23860,1082212,14963,628229,32819,1695132
84,3/7/2021 15:00:00,12111,1079129,4834.000000000000000,617869,6613.000000000000000,21807.000000000000000,18724,1100936,11447,639676,23558,1718690
85,3/8/2021 15:00:00,25831,1104960,8802.000000000000000,626671,8277.000000000000000,30084.000000000000000,34108,1135044,17079,656755,42910,1761600
86,3/9/2021 15:00:00,26083,1131043,15430.000000000000000,642101,8346.000000000000000,38430.000000000000000,34429,1169473,23776,680531,49859,1811459
87,3/10/2021 15:00:00,29813,1160856,15969.000000000000000,658070,7935.000000000000000,46365.000000000000000,37748,1207221,23904,704435,53717,1865176
88,3/11/2021 15:00:00,35941,1196797,16397.000000000000000,674467,3983.000000000000000,50348.000000000000000,39924,1247145,20380,724815,56321,1921497
89,3/12/2021 15:00:00,36879,1233676,18051.000000000000000,692518,2921.000000000000000,53269.000000000000000,39800,1286945,20972,745787,57851,1979348
90,3/13/2021 15:00:00,22646,1256322,10253.000000000000000,702771,1622.000000000000000,54891.000000000000000,24268,1311213,11875,757662,34521,2013869
91,3/14/2021 15:00:00,17838,1274160,6695.000000000000000,709466,999.000000000000000,55890.000000000000000,18837,1330050,7694,765356,25532,2039401
92,3/15/2021 15:00:00,29787,1303947,11262.000000000000000,720728,594.000000000000000,56484.000000000000000,30381,1360431,11856,777212,41643,2081044
93,3/16/2021 15:00:00,33409,1337356,13541.000000000000000,734269,768.000000000000000,57252.000000000000000,34177,1394608,14309,791521,47718,2128762
94,3/17/2021 15:00:00,37540,1374896,17006.000000000000000,751275,1176.000000000000000,58428.000000000000000,38716,1433324,18182,809703,55722,2184484
95,3/18/2021 15:00:00,41407,1416303,12598.000000000000000,763873,1348.000000000000000,59776.000000000000000,42755,1476079,13946,823649,55353,2239837
96,3/19/2021 15:00:00,38296,1454599,15376.000000000000000,779249,1036.000000000000000,60812.000000000000000,39332,1515411,16412,840061,54708,2294545
97,3/20/2021 15:00:00,24666,1479265,10114.000000000000000,789363,699.000000000000000,61511.000000000000000,25365,1540776,10813,850874,35479,2330024
98,3/21/2021 15:00:00,19156,1498421,7836.000000000000000,797199,334.000000000000000,61845.000000000000000,19490,1560266,8170,859044,27326,2357350
99,3/22/2021 15:00:00,32565,1530986,11434.000000000000000,808633,834.000000000000000,62679.000000000000000,33399,1593665,12268,871312,44833,2402183
100,3/23/2021 15:00:00,37734,1568720,17307.000000000000000,825940,1553.000000000000000,64232.000000000000000,39287,1632952,18860,890172,56594,2458777
101,3/24/2021 15:00:00,41058,1609778,21150.000000000000000,847090,1381.000000000000000,65613.000000000000000,42439,1675391,22531,912703,63589,2522366
102,3/25/2021 15:00:00,42330,1652108,21010.000000000000000,868100,2457.000000000000000,68070.000000000000000,44787,1720178,23467,936170,65797,2588163
103,3/26/2021 15:00:00,36590,1688698,26264.000000000000000,894364,2498.000000000000000,70568.000000000000000,39088,1759266,28762,964932,65352,2653515
104,3/27/2021 15:00:00,26917,1715615,16777.000000000000000,911141,2483.000000000000000,73051.000000000000000,29400,1788666,19260,984192,46177,2699692
105,3/28/2021 15:00:00,17010,1732625,12608.000000000000000,923749,1616.000000000000000,74667.000000000000000,18626,1807292,14224,998416,31234,2730926
106,3/29/2021 15:00:00,29702,1762327,26219.000000000000000,949968,1140.000000000000000,75807.000000000000000,30842,1838134,27359,1025775,57061,2787987
107,3/30/2021 15:00:00,40020,1802347,28920.000000000000000,978888,1856.000000000000000,77663.000000000000000,41876,1880010,30776,1056551,70796,2858783
108,3/31/2021 15:00:00,41026,1843373,34601.000000000000000,1013489,5749.000000000000000,83412.000000000000000,46775,1926785,40350,1096901,81376,2940159
109,4/1/2021 15:00:00,41098,1884471,39889.000000000000000,1053378,5669.000000000000000,89081.000000000000000,46767,1973552,45558,1142459,86656,3026815
110,4/2/2021 15:00:00,35001,1919472,32496.000000000000000,1085874,6121.000000000000000,95202.000000000000000,41122,2014674,38617,1181076,73618,3100433
111,4/3/2021 15:00:00,21617,1941089,18667.000000000000000,1104541,4367.000000000000000,99569.000000000000000,25984,2040658,23034,1204110,44651,3145084
112,4/4/2021 15:00:00,8243,1949332,10174.000000000000000,1114715,964.000000000000000,100533.000000000000000,9207,2049865,11138,1215248,19381,3164465
113,4/5/2021 15:00:00,27902,1977234,28850.000000000000000,1143565,6654.000000000000000,107187.000000000000000,34556,2084421,35504,1250752,63406,3227871
114,4/6/2021 15:00:00,39739,2016973,30396.000000000000000,1173961,10491.000000000000000,117678.000000000000000,50230,2134651,40887,1291639,80626,3308497
115,4/7/2021 15:00:00,36027,2053000,34205.000000000000000,1208166,12976.000000000000000,130654.000000000000000,49003,2183654,47181,1338820,83208,3391705
116,4/8/2021 15:00:00,42297,2095297,36011.000000000000000,1244177,13856.000000000000000,144510.000000000000000,56153,2239807,49867,1388687,92164,3483869
117,4/9/2021 15:00:00,34011,2129308,36283.000000000000000,1280460,14524.000000000000000,159034.000000000000000,48535,2288342,50807,1439494,84818,3568687
118,4/10/2021 15:00:00,23444,2152752,23098.000000000000000,1303558,7633.000000000000000,166667.000000000000000,31077,2319419,30731,1470225,54175,3622862
119,4/11/2021 15:00:00,17553,2170305,13268.000000000000000,1316826,10124.000000000000000,176791.000000000000000,27677,2347096,23392,1493617,40945,3663807
120,4/12/2021 15:00:00,24577,2194882,33131.000000000000000,1349957,10895.000000000000000,187686.000000000000000,35472,2382568,44026,1537643,68603,3732410
121,4/13/2021 15:00:00,126768,2321650,90571.000000000000000,1440528,3293.000000000000000,190979.000000000000000,130061,2512629,93864,1631507,220632,3953042
122,4/14/2021 15:00:00,40677,2362327,37759.000000000000000,1478287,210.000000000000000,191189.000000000000000,40887,2553516,37969,1669476,78646,4031688
123,4/15/2021 15:00:00,41667,2403994,39164.000000000000000,1517451,172.000000000000000,191361.000000000000000,41839,2595355,39336,1708812,81003,4112691
124,4/16/2021 15:00:00,37197,2441191,38727.000000000000000,1556178,23.000000000000000,191384.000000000000000,37220,2632575,38750,1747562,75947,4188638
125,4/17/2021 15:00:00,32779,2473970,21984.000000000000000,1578162,12.000000000000000,191396.000000000000000,32791,2665366,21996,1769558,54775,4243413
126,4/18/2021 15:00:00,20058,2494028,16176.000000000000000,1594338,5.000000000000000,191401.000000000000000,20063,2685429,16181,1785739,36239,4279652
127,4/19/2021 15:00:00,29883,2523911,36486.000000000000000,1630824,61.000000000000000,191462.000000000000000,29944,2715373,36547,1822286,66430,4346082
128,4/20/2021 15:00:00,33096,2557007,44176.000000000000000,1675000,56.000000000000000,191518.000000000000000,33152,2748525,44232,1866518,77328,4423410
129,4/21/2021 15:00:00,39796,2596803,46974.000000000000000,1721974,22.000000000000000,191540.000000000000000,39818,2788343,46996,1913514,86792,4510202
130,4/22/2021 15:00:00,36401,2633204,42022.000000000000000,1763996,16.000000000000000,191556.000000000000000,36417,2824760,42038,1955552,78439,4588641
131,4/23/2021 15:00:00,33115,2666319,40066.000000000000000,1804062,14.000000000000000,191570.000000000000000,33129,2857889,40080,1995632,73195,4661836
132,4/24/2021 15:00:00,26401,2692720,27844.000000000000000,1831906,81.000000000000000,191651.000000000000000,26482,2884371,27925,2023557,54326,4716162
133,4/25/2021 15:00:00,20215,2712935,10932.000000000000000,1842838,31.000000000000000,191682.000000000000000,20246,2904617,10963,2034520,31178,4747340
134,4/26/2021 15:00:00,27411,2740346,32653.000000000000000,1875491,202.000000000000000,191884.000000000000000,27613,2932230,32855,2067375,60266,4807606
135,4/27/2021 15:00:00,26687,2767033,33000.000000000000000,1908491,1098.000000000000000,192982.000000000000000,27785,2960015,34098,2101473,60785,4868391
136,4/28/2021 15:00:00,28920,2795953,39472.000000000000000,1947963,1362.000000000000000,194344.000000000000000,30282,2990297,40834,2142307,69754,4938145
137,4/29/2021 15:00:00,27296,2823249,39416.000000000000000,1987379,1465.000000000000000,195809.000000000000000,28761,3019058,40881,2183188,68177,5006322
138,4/30/2021 15:00:00,28188,2851437,32170.000000000000000,2019549,1646.000000000000000,197455.000000000000000,29834,3048892,33816,2217004,62004,5068326
139,5/1/2021 15:00:00,20512,2871949,26478.000000000000000,2046027,1034.000000000000000,198489.000000000000000,21546,3070438,27512,2244516,48024,5116350
140,5/2/2021 15:00:00,10277,2882226,17017.000000000000000,2063044,820.000000000000000,199309.000000000000000,11097,3081535,17837,2262353,28114,5144464
141,5/3/2021 15:00:00,12740,2894966,28518.000000000000000,2091562,1912.000000000000000,201221.000000000000000,14652,3096187,30430,2292783,43170,5187634
142,5/4/2021 15:00:00,13569,2908535,38529.000000000000000,2130091,1736.000000000000000,202957.000000000000000,15305,3111492,40265,2333048,53834,5241468
143,5/5/2021 15:00:00,19324,2927859,37685.000000000000000,2167776,1919.000000000000000,204876.000000000000000,21243,3132735,39604,2372652,58928,5300396
144,5/6/2021 15:00:00,16921,2944780,40544.000000000000000,2208320,1721.000000000000000,206597.000000000000000,18642,3151377,42265,2414917,59186,5359582
145,5/7/2021 15:00:00,17412,2962192,36027.000000000000000,2244347,1958.000000000000000,208555.000000000000000,19370,3170747,37985,2452902,55397,5414979
146,5/8/2021 15:00:00,10786,2972978,31211.000000000000000,2275558,1292.000000000000000,209847.000000000000000,12078,3182825,32503,2485405,43289,5458268
147,5/9/2021 15:00:00,5050,2978028,11911.000000000000000,2287469,695.000000000000000,210542.000000000000000,5745,3188570,12606,2498011,17656,5475924
148,5/10/2021 15:00:00,8951,2986979,31015.000000000000000,2318484,1360.000000000000000,211902.000000000000000,10311,3198881,32375,2530386,41326,5517250
149,5/11/2021 15:00:00,12190,2999169,30248.000000000000000,2348732,1437.000000000000000,213339.000000000000000,13627,3212508,31685,2562071,43875,5561125
150,5/12/2021 15:00:00,13943,3013112,38562.000000000000000,2387294,1919.000000000000000,215258.000000000000000,15862,3228370,40481,2602552,54424,5615549
151,5/13/2021 15:00:00,21849,3034961,33426.000000000000000,2420720,1347.000000000000000,216605.000000000000000,23196,3251566,34773,2637325,56622,5672171
152,5/14/2021 15:00:00,24348,3059309,29983.000000000000000,2450703,1774.000000000000000,218379.000000000000000,26122,3277688,31757,2669082,56105,5728276
153,5/15/2021 15:00:00,21901,3081210,25068.000000000000000,2475771,1490.000000000000000,219869.000000000000000,23391,3301079,26558,2695640,48459,5776735
154,5/16/2021 15:00:00,9079,3090289,17558.000000000000000,2493329,1113.000000000000000,220982.000000000000000,10192,3311271,18671,2714311,27750,5804485
155,5/17/2021 15:00:00,16842,3107131,28363.000000000000000,2521692,1949.000000000000000,222931.000000000000000,18791,3330062,30312,2744623,47154,5851639
156,5/18/2021 15:00:00,21244,3128375,30647.000000000000000,2552339,1941.000000000000000,224872.000000000000000,23185,3353247,32588,2777211,53832,5905471
157,5/19/2021 15:00:00,27622,3155997,32391.000000000000000,2584730,1626.000000000000000,226498.000000000000000,29248,3382495,34017,2811228,61639,5967110
158,5/20/2021 15:00:00,20798,3176795,33221.000000000000000,2617951,1970.000000000000000,228468.000000000000000,22768,3405263,35191,2846419,55989,6023099
159,5/21/2021 15:00:00,19161,3195956,30274.000000000000000,2648225,1608.000000000000000,230076.000000000000000,20769,3426032,31882,2878301,51043,6074142
160,5/22/2021 15:00:00,16919,3212875,20661.000000000000000,2668886,1270.000000000000000,231346.000000000000000,18189,3444221,21931,2900232,38850,6112992
161,5/23/2021 15:00:00,8752,3221627,11427.000000000000000,2680313,964.000000000000000,232310.000000000000000,9716,3453937,12391,2912623,21143,6134135
162,5/24/2021 15:00:00,13562,3235189,17735.000000000000000,2698048,1474.000000000000000,233784.000000000000000,15036,3468973,19209,2931832,32771,6166906
163,5/25/2021 15:00:00,12993,3248182,18661.000000000000000,2716709,1329.000000000000000,235113.000000000000000,14322,3483295,19990,2951822,32983,6199889
164,5/26/2021 15:00:00,18281,3266463,19441.000000000000000,2736150,1512.000000000000000,236625.000000000000000,19793,3503088,20953,2972775,39234,6239123
165,5/27/2021 15:00:00,11682,3278145,18629.000000000000000,2754779,1116.000000000000000,237741.000000000000000,12798,3515886,19745,2992520,31427,6270550
166,5/28/2021 15:00:00,12500,3290645,19714.000000000000000,2774493,1400.000000000000000,239141.000000000000000,13900,3529786,21114,3013634,33614,6304164
167,5/29/2021 15:00:00,9551,3300196,11638.000000000000000,2786131,935.000000000000000,240076.000000000000000,10486,3540272,12573,3026207,22124,6326288
168,5/30/2021 15:00:00,4964,3305160,6417.000000000000000,2792548,596.000000000000000,240672.000000000000000,5560,3545832,7013,3033220,11977,6338265
169,5/31/2021 15:00:00,1773,3306933,3705.000000000000000,2796253,305.000000000000000,240977.000000000000000,2078,3547910,4010,3037230,5783,6344048
170,6/1/2021 15:00:00,9779,3316712,16348.000000000000000,2812601,1153.000000000000000,242130.000000000000000,10932,3558842,17501,3054731,27280,6371328
171,6/2/2021 15:00:00,10229,3326941,16781.000000000000000,2829382,959.000000000000000,243089.000000000000000,11188,3570030,17740,3072471,27969,6399297
172,6/3/2021 15:00:00,7898,3334839,21151.000000000000000,2850533,1086.000000000000000,244175.000000000000000,8984,3579014,22237,3094708,30135,6429432
173,6/4/2021 15:00:00,8201,3343040,22261.000000000000000,2872794,1121.000000000000000,245296.000000000000000,9322,3588336,23382,3118090,31583,6461015
174,6/5/2021 15:00:00,7012,3350052,19413.000000000000000,2892207,720.000000000000000,246016.000000000000000,7732,3596068,20133,3138223,27145,6488160
175,6/6/2021 15:00:00,3462,3353514,7227.000000000000000,2899434,423.000000000000000,246439.000000000000000,3885,3599953,7650,3145873,11112,6499272
176,6/7/2021 15:00:00,6856,3360370,15736.000000000000000,2915170,726.000000000000000,247165.000000000000000,7582,3607535,16462,3162335,23318,6522590
177,6/8/2021 15:00:00,6669,3367039,19671.000000000000000,2934841,829.000000000000000,247994.000000000000000,7498,3615033,20500,3182835,27169,6549759
178,6/9/2021 15:00:00,8195,3375234,23909.000000000000000,2958750,969.000000000000000,248963.000000000000000,9164,3624197,24878,3207713,33073,6582832
179,6/10/2021 15:00:00,7148,3382382,19089.000000000000000,2977839,895.000000000000000,249858.000000000000000,8043,3632240,19984,3227697,27132,6609964
180,6/11/2021 15:00:00,7468,3389850,17701.000000000000000,2995540,1125.000000000000000,250983.000000000000000,8593,3640833,18826,3246523,26294,6636258
181,6/12/2021 15:00:00,5228,3395078,14740.000000000000000,3010280,604.000000000000000,251587.000000000000000,5832,3646665,15344,3261867,20572,6656830
182,6/13/2021 15:00:00,1931,3397009,7558.000000000000000,3017838,427.000000000000000,252014.000000000000000,2358,3649023,7985,3269852,9916,6666746
183,6/14/2021 15:00:00,5654,3402663,11802.000000000000000,3029640,734.000000000000000,252748.000000000000000,6388,3655411,12536,3282388,18190,6684936
184,6/15/2021 15:00:00,5653,3408316,14299.000000000000000,3043939,872.000000000000000,253620.000000000000000,6525,3661936,15171,3297559,20824,6705760
185,6/16/2021 15:00:00,8748,3417064,21559.000000000000000,3065498,757.000000000000000,254377.000000000000000,9505,3671441,22316,3319875,31064,6736824
186,6/17/2021 15:00:00,6683,3423747,12347.000000000000000,3077845,720.000000000000000,255097.000000000000000,7403,3678844,13067,3332942,19750,6756574
187,6/18/2021 15:00:00,6834,3430581,12702.000000000000000,3090547,704.000000000000000,255801.000000000000000,7538,3686382,13406,3346348,20240,6776814
188,6/19/2021 15:00:00,4662,3435243,9355.000000000000000,3099902,613.000000000000000,256414.000000000000000,5275,3691657,9968,3356316,14630,6791444
189,6/20/2021 15:00:00,2505,3437748,5037.000000000000000,3104939,378.000000000000000,256792.000000000000000,2883,3694540,5415,3361731,7920,6799364
190,6/21/2021 15:00:00,5555,3443303,5321.000000000000000,3110260,636.000000000000000,257428.000000000000000,6191,3700731,5957,3367688,11512,6810876
191,6/22/2021 15:00:00,5193,3448496,8850.000000000000000,3119110,682.000000000000000,258110.000000000000000,5875,3706606,9532,3377220,14725,6825601
192,6/23/2021 15:00:00,6064,3454560,10302.000000000000000,3129412,646.000000000000000,258756.000000000000000,6710,3713316,10948,3388168,17012,6842613
193,6/24/2021 15:00:00,5930,3460490,8184.000000000000000,3137596,594.000000000000000,259350.000000000000000,6524,3719840,8778,3396946,14708,6857321
194,6/25/2021 15:00:00,5827,3466317,8621.000000000000000,3146217,620.000000000000000,259970.000000000000000,6447,3726287,9241,3406187,15068,6872389
195,6/26/2021 15:00:00,3700,3470017,6292.000000000000000,3152509,396.000000000000000,260366.000000000000000,4096,3730383,6688,3412875,10388,6882777
196,6/27/2021 15:00:00,2810,3472827,3516.000000000000000,3156025,185.000000000000000,260551.000000000000000,2995,3733378,3701,3416576,6511,6889288
197,6/28/2021 15:00:00,4734,3477561,6085.000000000000000,3162110,523.000000000000000,261074.000000000000000,5257,3738635,6608,3423184,11342,6900630
198,6/29/2021 15:00:00,5059,3482620,6451.000000000000000,3168561,519.000000000000000,261593.000000000000000,5578,3744213,6970,3430154,12029,6912659
199,6/30/2021 15:00:00,5609,3488229,7369.000000000000000,3175930,605.000000000000000,262198.000000000000000,6214,3750427,7974,3438128,13583,6926242
200,7/1/2021 15:00:00,5354,3493583,6926.000000000000000,3182856,495.000000000000000,262693.000000000000000,5849,3756276,7421,3445549,12775,6939017
201,7/2/2021 15:00:00,5282,3498865,6816.000000000000000,3189672,521.000000000000000,263214.000000000000000,5803,3762079,7337,3452886,12619,6951636
202,7/3/2021 15:00:00,3262,3502127,4053.000000000000000,3193725,265.000000000000000,263479.000000000000000,3527,3765606,4318,3457204,7580,6959216
203,7/4/2021 15:00:00,492,3502619,545.000000000000000,3194270,67.000000000000000,263546.000000000000000,559,3766165,612,3457816,1104,6960320
204,7/5/2021 15:00:00,3759,3506378,3945.000000000000000,3198215,287.000000000000000,263833.000000000000000,4046,3770211,4232,3462048,7991,6968311
205,7/6/2021 15:00:00,4479,3510857,6235.000000000000000,3204450,452.000000000000000,264285.000000000000000,4931,3775142,6687,3468735,11166,6979477
206,7/7/2021 15:00:00,4458,3515315,6385.000000000000000,3210835,482.000000000000000,264767.000000000000000,4940,3780082,6867,3475602,11325,6990802
207,7/8/2021 15:00:00,4827,3520142,6144.000000000000000,3216979,564.000000000000000,265331.000000000000000,5391,3785473,6708,3482310,11535,7002337
208,7/9/2021 15:00:00,5348,3525490,6633.000000000000000,3223612,572.000000000000000,265903.000000000000000,5920,3791393,7205,3489515,12553,7014890
209,7/10/2021 15:00:00,3524,3529014,4386.000000000000000,3227998,302.000000000000000,266205.000000000000000,3826,3795219,4688,3494203,8212,7023102
210,7/11/2021 15:00:00,2668,3531682,2564.000000000000000,3230562,224.000000000000000,266429.000000000000000,2892,3798111,2788,3496991,5456,7028558
211,7/12/2021 15:00:00,4414,3536096,5099.000000000000000,3235661,377.000000000000000,266806.000000000000000,4791,3802902,5476,3502467,9890,7038448
212,7/13/2021 15:00:00,4762,3540858,4594.000000000000000,3240255,366.000000000000000,267172.000000000000000,5128,3808030,4960,3507427,9722,7048170
213,7/14/2021 15:00:00,4610,3545468,5252.000000000000000,3245507,421.000000000000000,267593.000000000000000,5031,3813061,5673,3513100,10283,7058453
214,7/15/2021 15:00:00,4883,3550351,4992.000000000000000,3250499,357.000000000000000,267950.000000000000000,5240,3818301,5349,3518449,10232,7068685
215,7/16/2021 15:00:00,6279,3556630,5813.000000000000000,3256312,401.000000000000000,268351.000000000000000,6680,3824981,6214,3524663,12493,7081178
216,7/17/2021 15:00:00,3410,3560040,3541.000000000000000,3259853,300.000000000000000,268651.000000000000000,3710,3828691,3841,3528504,7251,7088429
217,7/18/2021 15:00:00,2305,3562345,2370.000000000000000,3262223,110.000000000000000,268761.000000000000000,2415,3831106,2480,3530984,4785,7093214
218,7/19/2021 15:00:00,5259,3567604,4470.000000000000000,3266693,379.000000000000000,269140.000000000000000,5638,3836744,4849,3535833,10108,7103322
219,7/20/2021 15:00:00,5326,3572930,4686.000000000000000,3271379,366.000000000000000,269506.000000000000000,5692,3842436,5052,3540885,10378,7113700
220,7/21/2021 15:00:00,5637,3578567,4912.000000000000000,3276291,415.000000000000000,269921.000000000000000,6052,3848488,5327,3546212,10964,7124664
221,7/22/2021 15:00:00,6013,3584580,4607.000000000000000,3280898,469.000000000000000,270390.000000000000000,6482,3854970,5076,3551288,11089,7135753
222,7/23/2021 15:00:00,6834,3591414,4820.000000000000000,3285718,492.000000000000000,270882.000000000000000,7326,3862296,5312,3556600,12146,7147899
223,7/24/2021 15:00:00,4277,3595691,3194.000000000000000,3288912,267.000000000000000,271149.000000000000000,4544,3866840,3461,3560061,7738,7155637
224,7/25/2021 15:00:00,3290,3598981,1111.000000000000000,3290023,138.000000000000000,271287.000000000000000,3428,3870268,1249,3561310,4539,7160176
225,7/26/2021 15:00:00,6197,3605178,3888.000000000000000,3293911,418.000000000000000,271705.000000000000000,6615,3876883,4306,3565616,10503,7170679
226,7/27/2021 15:00:00,6346,3611524,4053.000000000000000,3297964,455.000000000000000,272160.000000000000000,6801,3883684,4508,3570124,10854,7181533
227,7/28/2021 15:00:00,6801,3618325,3999.000000000000000,3301963,458.000000000000000,272618.000000000000000,7259,3890943,4457,3574581,11258,7192791
228,7/29/2021 15:00:00,6801,3625126,4141.000000000000000,3306104,416.000000000000000,273034.000000000000000,7217,3898160,4557,3579138,11358,7204149
229,7/30/2021 15:00:00,7537,3632663,4509.000000000000000,3310613,523.000000000000000,273557.000000000000000,8060,3906220,5032,3584170,12569,7216718
230,7/31/2021 15:00:00,4781,3637444,3037.000000000000000,3313650,273.000000000000000,273830.000000000000000,5054,3911274,3310,3587480,8091,7224809
231,8/1/2021 15:00:00,3832,3641276,2118.000000000000000,3315768,160.000000000000000,273990.000000000000000,3992,3915266,2278,3589758,6110,7230919
232,8/2/2021 15:00:00,7021,3648297,3636.000000000000000,3319404,336.000000000000000,274326.000000000000000,7357,3922623,3972,3593730,10993,7241912
233,8/3/2021 15:00:00,7001,3655298,3894.000000000000000,3323298,511.000000000000000,274837.000000000000000,7512,3930135,4405,3598135,11406,7253318
234,8/4/2021 15:00:00,7157,3662455,3894.000000000000000,3327192,528.000000000000000,275365.000000000000000,7685,3937820,4422,3602557,11579,7264897
235,8/5/2021 15:00:00,7678,3670133,4112.000000000000000,3331304,537.000000000000000,275902.000000000000000,8215,3946035,4649,3607206,12327,7277224
236,8/6/2021 15:00:00,8294,3678427,4691.000000000000000,3335995,452.000000000000000,276354.000000000000000,8746,3954781,5143,3612349,13437,7290661
237,8/7/2021 15:00:00,5257,3683684,2804.000000000000000,3338799,264.000000000000000,276618.000000000000000,5521,3960302,3068,3615417,8325,7298986
238,8/8/2021 15:00:00,3944,3687628,2043.000000000000000,3340842,143.000000000000000,276761.000000000000000,4087,3964389,2186,3617603,6130,7305116
239,8/9/2021 15:00:00,6920,3694548,4511.000000000000000,3345353,367.000000000000000,277128.000000000000000,7287,3971676,4878,3622481,11798,7316914
240,8/10/2021 15:00:00,7123,3701671,4441.000000000000000,3349794,338.000000000000000,277466.000000000000000,7461,3979137,4779,3627260,11902,7328816
241,8/11/2021 15:00:00,7044,3708715,4419.000000000000000,3354213,440.000000000000000,277906.000000000000000,7484,3986621,4859,3632119,11903,7340719
242,8/12/2021 15:00:00,8592,3717307,4716.000000000000000,3358929,443.000000000000000,278349.000000000000000,9035,3995656,5159,3637278,13751,7354470
243,8/13/2021 15:00:00,7131,3724438,5355.000000000000000,3364284,394.000000000000000,278743.000000000000000,7525,4003181,5749,3643027,12880,7367350
244,8/14/2021 15:00:00,4912,3729350,3337.000000000000000,3367621,285.000000000000000,279028.000000000000000,5197,4008378,3622,3646649,8534,7375884
245,8/15/2021 15:00:00,3320,3732670,2730.000000000000000,3370351,163.000000000000000,279191.000000000000000,3483,4011861,2893,3649542,6213,7382097
246,8/16/2021 15:00:00,5433,3738103,5070.000000000000000,3375421,352.000000000000000,279543.000000000000000,5785,4017646,5422,3654964,10855,7392952
247,8/17/2021 15:00:00,6959,3745062,5174.000000000000000,3380595,389.000000000000000,279932.000000000000000,7348,4024994,5563,3660527,12522,7405474
248,8/18/2021 15:00:00,6501,3751563,5293.000000000000000,3385888,477.000000000000000,280409.000000000000000,6978,4031972,5770,3666297,12271,7417745
249,8/19/2021 15:00:00,5988,3757551,5314.000000000000000,3391202,415.000000000000000,280824.000000000000000,6403,4038375,5729,3672026,11717,7429462
250,8/20/2021 15:00:00,7029,3764580,6324.000000000000000,3397526,402.000000000000000,281226.000000000000000,7431,4045806,6726,3678752,13755,7443217
251,8/21/2021 15:00:00,4319,3768899,3915.000000000000000,3401441,227.000000000000000,281453.000000000000000,4546,4050352,4142,3682894,8461,7451678
252,8/22/2021 15:00:00,3060,3771959,3158.000000000000000,3404599,110.000000000000000,281563.000000000000000,3170,4053522,3268,3686162,6328,7458006
253,8/23/2021 15:00:00,6167,3778126,5914.000000000000000,3410513,285.000000000000000,281848.000000000000000,6452,4059974,6199,3692361,12366,7470372
254,8/24/2021 15:00:00,6646,3784772,5867.000000000000000,3416380,424.000000000000000,282272.000000000000000,7070,4067044,6291,3698652,12937,7483309
255,8/25/2021 15:00:00,6912,3791684,6013.000000000000000,3422393,439.000000000000000,282711.000000000000000,7351,4074395,6452,3705104,13364,7496673
256,8/26/2021 15:00:00,7181,3798865,6425.000000000000000,3428818,427.000000000000000,283138.000000000000000,7608,4082003,6852,3711956,14033,7510706
257,8/27/2021 15:00:00,6869,3805734,7013.000000000000000,3435831,316.000000000000000,283454.000000000000000,7185,4089188,7329,3719285,14198,7524904
258,8/28/2021 15:00:00,6906,3812640,6494.000000000000000,3442325,325.000000000000000,283779.000000000000000,7231,4096419,6819,3726104,13725,7538629
259,8/29/2021 15:00:00,3736,3816376,3676.000000000000000,3446001,611.000000000000000,284390.000000000000000,4347,4100766,4287,3730391,8023,7546652
260,8/30/2021 15:00:00,5946,3822322,6094.000000000000000,3452095,960.000000000000000,285350.000000000000000,6906,4107672,7054,3737445,13000,7559652
261,8/31/2021 15:00:00,5700,3828022,5913.000000000000000,3458008,945.000000000000000,286295.000000000000000,6645,4114317,6858,3744303,12558,7572210
262,9/1/2021 15:00:00,5560,3833582,5589.000000000000000,3463597,911.000000000000000,287206.000000000000000,6471,4120788,6500,3750803,12060,7584270
263,9/2/2021 15:00:00,5524,3839106,5898.000000000000000,3469495,703.000000000000000,287909.000000000000000,6227,4127015,6601,3757404,12125,7596395
264,9/3/2021 15:00:00,6000,3845106,6881.000000000000000,3476376,971.000000000000000,288880.000000000000000,6971,4133986,7852,3765256,13852,7610247
265,9/4/2021 15:00:00,3716,3848822,4333.000000000000000,3480709,879.000000000000000,289759.000000000000000,4595,4138581,5212,3770468,8928,7619175
266,9/5/2021 15:00:00,2956,3851778,2801.000000000000000,3483510,105.000000000000000,289864.000000000000000,3061,4141642,2906,3773374,5862,7625037
267,9/6/2021 15:00:00,1056,3852834,1148.000000000000000,3484658,63.000000000000000,289927.000000000000000,1119,4142761,1211,3774585,2267,7627304
268,9/7/2021 15:00:00,5343,3858177,7257.000000000000000,3491915,2304.000000000000000,292231.000000000000000,7647,4150408,9561,3784146,14904,7642208
269,9/8/2021 15:00:00,4662,3862839,5443.000000000000000,3497358,365.000000000000000,292596.000000000000000,5027,4155435,5808,3789954,10470,7652678
270,9/9/2021 15:00:00,5086,3867925,5357.000000000000000,3502715,324.000000000000000,292920.000000000000000,5410,4160845,5681,3795635,10767,7663445
271,9/10/2021 15:00:00,6545,3874470,6594.000000000000000,3509309,1716.000000000000000,294636.000000000000000,8261,4169106,8310,3803945,14855,7678300
272,9/11/2021 15:00:00,4167,3878637,4320.000000000000000,3513629,663.000000000000000,295299.000000000000000,4830,4173936,4983,3808928,9150,7687450
273,9/12/2021 15:00:00,3164,3881801,3229.000000000000000,3516858,436.000000000000000,295735.000000000000000,3600,4177536,3665,3812593,6829,7694279
274,9/13/2021 15:00:00,4671,3886472,4844.000000000000000,3521702,346.000000000000000,296081.000000000000000,5017,4182553,5190,3817783,9861,7704140
275,9/14/2021 15:00:00,4585,3891057,5193.000000000000000,3526895,434.000000000000000,296515.000000000000000,5019,4187572,5627,3823410,10212,7714352
276,9/15/2021 15:00:00,4850,3895907,5604.000000000000000,3532499,388.000000000000000,296903.000000000000000,5238,4192810,5992,3829402,10842,7725194
277,9/16/2021 15:00:00,4588,3900495,5613.000000000000000,3538112,335.000000000000000,297238.000000000000000,4923,4197733,5948,3835350,10536,7735730
278,9/17/2021 15:00:00,5044,3905539,6331.000000000000000,3544443,342.000000000000000,297580.000000000000000,5386,4203119,6673,3842023,11717,7747447
279,9/18/2021 15:00:00,3788,3909327,4560.000000000000000,3549003,185.000000000000000,297765.000000000000000,3973,4207092,4745,3846768,8533,7755980
280,9/19/2021 15:00:00,2742,3912069,3157.000000000000000,3552160,75.000000000000000,297840.000000000000000,2817,4209909,3232,3850000,5974,7761954
281,9/20/2021 15:00:00,3557,3915626,4469.000000000000000,3556629,429.000000000000000,298269.000000000000000,3986,4213895,4898,3854898,8455,7770409
282,9/21/2021 15:00:00,3808,3919434,4810.000000000000000,3561439,326.000000000000000,298595.000000000000000,4134,4218029,5136,3860034,8944,7779353
283,9/22/2021 15:00:00,4201,3923635,4751.000000000000000,3566190,459.000000000000000,299054.000000000000000,4660,4222689,5210,3865244,9411,7788764
284,9/23/2021 15:00:00,4185,3927820,4697.000000000000000,3570887,492.000000000000000,299546.000000000000000,4677,4227366,5189,3870433,9374,7798138
285,9/24/2021 15:00:00,5090,3932910,5577.000000000000000,3576464,422.000000000000000,299968.000000000000000,5512,4232878,5999,3876432,11089,7809227
286,9/25/2021 15:00:00,3629,3936539,3623.000000000000000,3580087,385.000000000000000,300353.000000000000000,4014,4236892,4008,3880440,7637,7816864
287,9/26/2021 15:00:00,2358,3938897,2659.000000000000000,3582746,423.000000000000000,300776.000000000000000,2781,4239673,3082,3883522,5440,7822304
288,9/27/2021 15:00:00,4516,3943413,2692.000000000000000,3585438,509.000000000000000,301285.000000000000000,5025,4244698,3201,3886723,7717,7830021
289,9/28/2021 15:00:00,4408,3947821,4439.000000000000000,3589877,211.000000000000000,301496.000000000000000,4619,4249317,4650,3891373,9058,7839079
290,9/29/2021 15:00:00,4709,3952530,4500.000000000000000,3594377,918.000000000000000,302414.000000000000000,5627,4254944,5418,3896791,10127,7849206
291,9/30/2021 15:00:00,4887,3957417,4557.000000000000000,3598934,792.000000000000000,303206.000000000000000,5679,4260623,5349,3902140,10236,7859442
292,10/1/2021 15:00:00,5484,3962901,5294.000000000000000,3604228,779.000000000000000,303985.000000000000000,6263,4266886,6073,3908213,11557,7870999
293,10/2/2021 15:00:00,2940,3965841,2889.000000000000000,3607117,187.000000000000000,304172.000000000000000,3127,4270013,3076,3911289,6016,7877015
294,10/3/2021 15:00:00,2082,3967923,2376.000000000000000,3609493,86.000000000000000,304258.000000000000000,2168,4272181,2462,3913751,4544,7881559
295,10/4/2021 15:00:00,4156,3972079,3370.000000000000000,3612863,232.000000000000000,304490.000000000000000,4388,4276569,3602,3917353,7758,7889317
296,10/5/2021 15:00:00,4057,3976136,3573.000000000000000,3616436,207.000000000000000,304697.000000000000000,4264,4280833,3780,3921133,7837,7897154
297,10/6/2021 15:00:00,4124,3980260,3490.000000000000000,3619926,264.000000000000000,304961.000000000000000,4388,4285221,3754,3924887,7878,7905032
298,10/7/2021 15:00:00,4371,3984631,3508.000000000000000,3623434,331.000000000000000,305292.000000000000000,4702,4289923,3839,3928726,8210,7913242
299,10/8/2021 15:00:00,4948,3989579,4123.000000000000000,3627557,283.000000000000000,305575.000000000000000,5231,4295154,4406,3933132,9354,7922596
300,10/9/2021 15:00:00,2687,3992266,2671.000000000000000,3630228,270.000000000000000,305845.000000000000000,2957,4298111,2941,3936073,5628,7928224
301,10/10/2021 15:00:00,1863,3994129,1846.000000000000000,3632074,59.000000000000000,305904.000000000000000,1922,4300033,1905,3937978,3768,7931992
302,10/11/2021 15:00:00,4371,3998500,3189.000000000000000,3635263,248.000000000000000,306152.000000000000000,4619,4304652,3437,3941415,7808,7939800
303,10/12/2021 15:00:00,3727,4002227,3406.000000000000000,3638669,270.000000000000000,306422.000000000000000,3997,4308649,3676,3945091,7403,7947203
304,10/13/2021 15:00:00,3982,4006209,3444.000000000000000,3642113,347.000000000000000,306769.000000000000000,4329,4312978,3791,3948882,7773,7954976
305,10/14/2021 15:00:00,5188,4011397,5477.000000000000000,3647590,429.000000000000000,307198.000000000000000,5617,4318595,5906,3954788,11094,7966070
306,10/15/2021 15:00:00,4733,4016130,4582.000000000000000,3652172,347.000000000000000,307545.000000000000000,5080,4323675,4929,3959717,9662,7975732
307,10/16/2021 15:00:00,2504,4018634,2502.000000000000000,3654674,291.000000000000000,307836.000000000000000,2795,4326470,2793,3962510,5297,7981029
308,10/17/2021 15:00:00,1809,4020443,1774.000000000000000,3656448,55.000000000000000,307891.000000000000000,1864,4328334,1829,3964339,3638,7984667
309,10/18/2021 15:00:00,4311,4024754,3569.000000000000000,3660017,267.000000000000000,308158.000000000000000,4578,4332912,3836,3968175,8147,7992814
310,10/19/2021 15:00:00,4324,4029078,4034.000000000000000,3664051,222.000000000000000,308380.000000000000000,4546,4337458,4256,3972431,8580,8001394
311,10/20/2021 15:00:00,3546,4032624,3427.000000000000000,3667478,254.000000000000000,308634.000000000000000,3800,4341258,3681,3976112,7227,8008621
312,10/21/2021 15:00:00,3311,4035935,3262.000000000000000,3670740,290.000000000000000,308924.000000000000000,3601,4344859,3552,3979664,6863,8015484
313,10/22/2021 15:00:00,4701,4040636,4041.000000000000000,3674781,475.000000000000000,309399.000000000000000,5176,4350035,4516,3984180,9217,8024701
314,10/23/2021 15:00:00,2904,4043540,2127.000000000000000,3676908,321.000000000000000,309720.000000000000000,3225,4353260,2448,3986628,5352,8030053
315,10/24/2021 15:00:00,2062,4045602,1560.000000000000000,3678468,78.000000000000000,309798.000000000000000,2140,4355400,1638,3988266,3700,8033753
316,10/25/2021 15:00:00,4553,4050155,3116.000000000000000,3681584,317.000000000000000,310115.000000000000000,4870,4360270,3433,3991699,7986,8041739
317,10/26/2021 15:00:00,4522,4054677,3144.000000000000000,3684728,311.000000000000000,310426.000000000000000,4833,4365103,3455,3995154,7977,8049716
318,10/27/2021 15:00:00,4743,4059420,3397.000000000000000,3688125,429.000000000000000,310855.000000000000000,5172,4370275,3826,3998980,8569,8058285
319,10/28/2021 15:00:00,4568,4063988,3432.000000000000000,3691557,495.000000000000000,311350.000000000000000,5063,4375338,3927,4002907,8495,8066780
320,10/29/2021 15:00:00,4981,4068969,3948.000000000000000,3695505,393.000000000000000,311743.000000000000000,5374,4380712,4341,4007248,9322,8076102
321,10/30/2021 15:00:00,2631,4071600,1857.000000000000000,3697362,308.000000000000000,312051.000000000000000,2939,4383651,2165,4009413,4796,8080898
322,10/31/2021 15:00:00,1953,4073553,1514.000000000000000,3698876,93.000000000000000,312144.000000000000000,2046,4385697,1607,4011020,3560,8084458
323,11/1/2021 15:00:00,4660,4078213,3484.000000000000000,3702360,339.000000000000000,312483.000000000000000,4999,4390696,3823,4014843,8483,8092941
324,11/2/2021 15:00:00,4252,4082465,3028.000000000000000,3705388,405.000000000000000,312888.000000000000000,4657,4395353,3433,4018276,7685,8100626
325,11/3/2021 15:00:00,4670,4087135,3132.000000000000000,3708520,460.000000000000000,313348.000000000000000,5130,4400483,3592,4021868,8262,8108888
326,11/4/2021 15:00:00,6293,4093428,3424.000000000000000,3711944,513.000000000000000,313861.000000000000000,6806,4407289,3937,4025805,10230,8119118
327,11/5/2021 15:00:00,8183,4101611,3842.000000000000000,3715786,407.000000000000000,314268.000000000000000,8590,4415879,4249,4030054,12432,8131550
328,11/6/2021 15:00:00,10062,4111673,1994.000000000000000,3717780,305.000000000000000,314573.000000000000000,10367,4426246,2299,4032353,12361,8143911
329,11/7/2021 15:00:00,7699,4119372,1477.000000000000000,3719257,94.000000000000000,314667.000000000000000,7793,4434039,1571,4033924,9270,8153181
330,11/8/2021 15:00:00,11287,4130659,3114.000000000000000,3722371,378.000000000000000,315045.000000000000000,11665,4445704,3492,4037416,14779,8167960
331,11/9/2021 15:00:00,11770,4142429,2716.000000000000000,3725087,268.000000000000000,315313.000000000000000,12038,4457742,2984,4040400,14754,8182714
332,11/10/2021 15:00:00,12562,4154991,2835.000000000000000,3727922,337.000000000000000,315650.000000000000000,12899,4470641,3172,4043572,15734,8198448
333,11/11/2021 15:00:00,11323,4166314,2465.000000000000000,3730387,281.000000000000000,315931.000000000000000,11604,4482245,2746,4046318,14069,8212517
334,11/12/2021 15:00:00,12260,4178574,3443.000000000000000,3733830,548.000000000000000,316479.000000000000000,12808,4495053,3991,4050309,16251,8228768
335,11/13/2021 15:00:00,9739,4188313,1604.000000000000000,3735434,341.000000000000000,316820.000000000000000,10080,4505133,1945,4052254,11684,8240452
336,11/14/2021 15:00:00,3917,4192230,1132.000000000000000,3736566,121.000000000000000,316941.000000000000000,4038,4509171,1253,4053507,5170,8245622
337,11/15/2021 15:00:00,8595,4200825,2621.000000000000000,3739187,205.000000000000000,317146.000000000000000,8800,4517971,2826,4056333,11421,8257043
338,11/16/2021 15:00:00,9219,4210044,2600.000000000000000,3741787,255.000000000000000,317401.000000000000000,9474,4527445,2855,4059188,12074,8269117
339,11/17/2021 15:00:00,9371,4219415,2960.000000000000000,3744747,312.000000000000000,317713.000000000000000,9683,4537128,3272,4062460,12643,8281760
340,11/18/2021 15:00:00,9269,4228684,2710.000000000000000,3747457,480.000000000000000,318193.000000000000000,9749,4546877,3190,4065650,12459,8294219
341,11/19/2021 15:00:00,9783,4238467,3020.000000000000000,3750477,382.000000000000000,318575.000000000000000,10165,4557042,3402,4069052,13185,8307404
342,11/20/2021 15:00:00,10626,4249093,1619.000000000000000,3752096,453.000000000000000,319028.000000000000000,11079,4568121,2072,4071124,12698,8320102
343,11/21/2021 15:00:00,4349,4253442,1208.000000000000000,3753304,99.000000000000000,319127.000000000000000,4448,4572569,1307,4072431,5656,8325758
344,11/22/2021 15:00:00,9768,4263210,2573.000000000000000,3755877,292.000000000000000,319419.000000000000000,10060,4582629,2865,4075296,12633,8338391
345,11/23/2021 15:00:00,9164,4272374,2497.000000000000000,3758374,280.000000000000000,319699.000000000000000,9444,4592073,2777,4078073,11941,8350332
346,11/24/2021 15:00:00,8095,4280469,2539.000000000000000,3760913,216.000000000000000,319915.000000000000000,8311,4600384,2755,4080828,10850,8361182
347,11/25/2021 15:00:00,238,4280707,77.000000000000000,3760990,9.000000000000000,319924.000000000000000,247,4600631,86,4080914,324,8361506
348,11/26/2021 15:00:00,5675,4286382,4051.000000000000000,3765041,152.000000000000000,320076.000000000000000,5827,4606458,4203,4085117,9878,8371384
349,11/27/2021 15:00:00,3786,4290168,5447.000000000000000,3770488,134.000000000000000,320210.000000000000000,3920,4610378,5581,4090698,9367,8380751
350,11/28/2021 15:00:00,2423,4292591,6364.000000000000000,3776852,77.000000000000000,320287.000000000000000,2500,4612878,6441,4097139,8864,8389615
351,11/29/2021 15:00:00,6363,4298954,9315.000000000000000,3786167,379.000000000000000,320666.000000000000000,6742,4619620,9694,4106833,16057,8405672
352,11/30/2021 15:00:00,6199,4305153,9334.000000000000000,3795501,264.000000000000000,320930.000000000000000,6463,4626083,9598,4116431,15797,8421469
353,12/1/2021 15:00:00,7174,4312327,9601.000000000000000,3805102,305.000000000000000,321235.000000000000000,7479,4633562,9906,4126337,17080,8438549
354,12/2/2021 15:00:00,6813,4319140,8750.000000000000000,3813852,447.000000000000000,321682.000000000000000,7260,4640822,9197,4135534,16010,8454559
355,12/3/2021 15:00:00,7449,4326589,9074.000000000000000,3822926,247.000000000000000,321929.000000000000000,7696,4648518,9321,4144855,16770,8471329
356,12/4/2021 15:00:00,5833,4332422,9553.000000000000000,3832479,457.000000000000000,322386.000000000000000,6290,4654808,10010,4154865,15843,8487172
357,12/5/2021 15:00:00,3387,4335809,3079.000000000000000,3835558,74.000000000000000,322460.000000000000000,3461,4658269,3153,4158018,6540,8493712
358,12/6/2021 15:00:00,6489,4342298,6926.000000000000000,3842484,266.000000000000000,322726.000000000000000,6755,4665024,7192,4165210,13681,8507393
359,12/7/2021 15:00:00,6140,4348438,6696.000000000000000,3849180,240.000000000000000,322966.000000000000000,6380,4671404,6936,4172146,13076,8520469
360,12/8/2021 15:00:00,6661,4355099,7116.000000000000000,3856296,309.000000000000000,323275.000000000000000,6970,4678374,7425,4179571,14086,8534555
361,12/9/2021 15:00:00,6225,4361324,6746.000000000000000,3863042,394.000000000000000,323669.000000000000000,6619,4684993,7140,4186711,13365,8547920
362,12/10/2021 15:00:00,6934,4368258,7041.000000000000000,3870083,225.000000000000000,323894.000000000000000,7159,4692152,7266,4193977,14200,8562120
363,12/11/2021 15:00:00,4287,4372545,7170.000000000000000,3877253,330.000000000000000,324224.000000000000000,4617,4696769,7500,4201477,11787,8573907
364,12/12/2021 15:00:00,3949,4376494,2761.000000000000000,3880014,57.000000000000000,324281.000000000000000,4006,4700775,2818,4204295,6767,8580674
365,12/13/2021 15:00:00,5510,4382004,5587.000000000000000,3885601,236.000000000000000,324517.000000000000000,5746,4706521,5823,4210118,11333,8592007
366,12/14/2021 15:00:00,6245,4388249,5774.000000000000000,3891375,204.000000000000000,324721.000000000000000,6449,4712970,5978,4216096,12223,8604230
367,12/15/2021 15:00:00,6844,4395093,5490.000000000000000,3896865,243.000000000000000,324964.000000000000000,7087,4720057,5733,4221829,12577,8616807
368,12/16/2021 15:00:00,7554,4402647,2752.000000000000000,3899617,414.000000000000000,325378.000000000000000,7968,4728025,3166,4224995,10720,8627527
369,12/17/2021 15:00:00,7511,4410158,4008.000000000000000,3903625,175.000000000000000,325553.000000000000000,7686,4735711,4183,4229178,11694,8639221
370,12/18/2021 15:00:00,5629,4415787,3081.000000000000000,3906706,294.000000000000000,325847.000000000000000,5923,4741634,3375,4232553,9004,8648225
371,12/19/2021 15:00:00,3321,4419108,1287.000000000000000,3907993,35.000000000000000,325882.000000000000000,3356,4744990,1322,4233875,4643,8652868
372,12/20/2021 15:00:00,7789,4426897,3667.000000000000000,3911660,149.000000000000000,326031.000000000000000,7938,4752928,3816,4237691,11605,8664473
373,12/21/2021 15:00:00,8651,4435548,4096.000000000000000,3915756,158.000000000000000,326189.000000000000000,8809,4761737,4254,4241945,12905,8677378
374,12/22/2021 15:00:00,8236,4443784,3738.000000000000000,3919494,169.000000000000000,326358.000000000000000,8405,4770142,3907,4245852,12143,8689521
375,12/23/2021 15:00:00,8025,4451809,3436.000000000000000,3922930,350.000000000000000,326708.000000000000000,8375,4778517,3786,4249638,11811,8701332
376,12/24/2021 15:00:00,1548,4453357,985.000000000000000,3923915,36.000000000000000,326744.000000000000000,1584,4780101,1021,4250659,2569,8703901
377,12/25/2021 15:00:00,47,4453404,36.000000000000000,3923951,1.000000000000000,326745.000000000000000,48,4780149,37,4250696,84,8703985
378,12/26/2021 15:00:00,2483,4455887,1698.000000000000000,3925649,44.000000000000000,326789.000000000000000,2527,4782676,1742,4252438,4225,8708210
379,12/27/2021 15:00:00,6935,4462822,3863.000000000000000,3929512,293.000000000000000,327082.000000000000000,7228,4789904,4156,4256594,11091,8719301
380,12/28/2021 15:00:00,7471,4470293,3620.000000000000000,3933132,156.000000000000000,327238.000000000000000,7627,4797531,3776,4260370,11247,8730548
381,12/29/2021 15:00:00,7743,4478036,3817.000000000000000,3936949,151.000000000000000,327389.000000000000000,7894,4805425,3968,4264338,11711,8742259
382,12/30/2021 15:00:00,6983,4485019,3555.000000000000000,3940504,280.000000000000000,327669.000000000000000,7263,4812688,3835,4268173,10818,8753077
383,12/31/2021 15:00:00,2405,4487424,1445.000000000000000,3941949,88.000000000000000,327757.000000000000000,2493,4815181,1533,4269706,3938,8757015
384,1/1/2022 15:00:00,631,4488055,301.000000000000000,3942250,31.000000000000000,327788.000000000000000,662,4815843,332,4270038,963,8757978
385,1/2/2022 15:00:00,2119,4490174,1569.000000000000000,3943819,42.000000000000000,327830.000000000000000,2161,4818004,1611,4271649,3730,8761708
386,1/3/2022 15:00:00,3205,4493379,1920.000000000000000,3945739,219.000000000000000,328049.000000000000000,3424,4821428,2139,4273788,5344,8767052
387,1/4/2022 15:00:00,5435,4498814,3221.000000000000000,3948960,158.000000000000000,328207.000000000000000,5593,4827021,3379,4277167,8814,8775866
388,1/5/2022 15:00:00,6309,4505123,4353.000000000000000,3953313,157.000000000000000,328364.000000000000000,6466,4833487,4510,4281677,10819,8786685
389,1/6/2022 15:00:00,5894,4511017,4118.000000000000000,3957431,241.000000000000000,328605.000000000000000,6135,4839622,4359,4286036,10253,8796938
390,1/7/2022 15:00:00,2571,4513588,1799.000000000000000,3959230,109.000000000000000,328714.000000000000000,2680,4842302,1908,4287944,4479,8801417