OBJECTID,VACCINATION_DATE,FirstDailyDose,FirstDoseCumulative,SecondDailyDose,SecondDoseCumulative,SingleDailyDose,SingleDoseCumulative,AtleastOneVaccine,AtleastOneVaccineCumulative,CompletedVax,CompletedVaxCumulative,FirstSecondSingleVaccination_12,FirstSecondSingleVaccination_13
1,12/14/2020 15:00:00,17,1252,,505,,,17,1252,0,505,17,1642
2,12/15/2020 15:00:00,56,1308,3.000000000000000,508,,,56,1308,3,508,59,1701
3,12/16/2020 15:00:00,586,1894,3.000000000000000,511,,,586,1894,3,511,589,2290
4,12/17/2020 15:00:00,1153,3047,2.000000000000000,513,,,1153,3047,2,513,1155,3445
5,12/18/2020 15:00:00,3003,6050,12.000000000000000,525,,,3003,6050,12,525,3015,6460
6,12/19/2020 15:00:00,927,6977,5.000000000000000,530,,,927,6977,5,530,932,7392
7,12/20/2020 15:00:00,347,7324,4.000000000000000,534,,,347,7324,4,534,351,7743
8,12/21/2020 15:00:00,3876,11200,25.000000000000000,559,,,3876,11200,25,559,3901,11644
9,12/22/2020 15:00:00,6310,17510,23.000000000000000,582,,,6310,17510,23,582,6333,17977
10,12/23/2020 15:00:00,5767,23277,33.000000000000000,615,,,5767,23277,33,615,5800,23777
11,12/24/2020 15:00:00,2717,25994,15.000000000000000,630,,,2717,25994,15,630,2732,26509
12,12/25/2020 15:00:00,1034,27028,4.000000000000000,634,,,1034,27028,4,634,1038,27547
13,12/26/2020 15:00:00,1876,28904,9.000000000000000,643,,,1876,28904,9,643,1885,29432
14,12/27/2020 15:00:00,1799,30703,10.000000000000000,653,,,1799,30703,10,653,1809,31241
15,12/28/2020 15:00:00,8973,39676,42.000000000000000,695,,,8973,39676,42,695,9015,40256
16,12/29/2020 15:00:00,10946,50622,48.000000000000000,743,,,10946,50622,48,743,10994,51250
17,12/30/2020 15:00:00,12485,63107,76.000000000000000,819,,,12485,63107,76,819,12561,63811
18,12/31/2020 15:00:00,7542,70649,41.000000000000000,860,,,7542,70649,41,860,7583,71394
19,1/1/2021 15:00:00,2903,73552,129.000000000000000,989,,,2903,73552,129,989,3032,74426
20,1/2/2021 15:00:00,3017,76569,34.000000000000000,1023,,,3017,76569,34,1023,3051,77477
21,1/3/2021 15:00:00,3392,79961,80.000000000000000,1103,,,3392,79961,80,1103,3472,80949
22,1/4/2021 15:00:00,13326,93287,321.000000000000000,1424,,,13326,93287,321,1424,13647,94596
23,1/5/2021 15:00:00,12445,105732,533.000000000000000,1957,,,12445,105732,533,1957,12978,107574
24,1/6/2021 15:00:00,15220,120952,851.000000000000000,2808,,,15220,120952,851,2808,16071,123645
25,1/7/2021 15:00:00,14999,135951,1752.000000000000000,4560,,,14999,135951,1752,4560,16751,140396
26,1/8/2021 15:00:00,23982,159933,2759.000000000000000,7319,,,23982,159933,2759,7319,26741,167137
27,1/9/2021 15:00:00,5147,165080,946.000000000000000,8265,,,5147,165080,946,8265,6093,173230
28,1/10/2021 15:00:00,2952,168032,375.000000000000000,8640,,,2952,168032,375,8640,3327,176557
29,1/11/2021 15:00:00,13699,181731,3458.000000000000000,12098,,,13699,181731,3458,12098,17157,193714
30,1/12/2021 15:00:00,17356,199087,5572.000000000000000,17670,,,17356,199087,5572,17670,22928,216642
31,1/13/2021 15:00:00,18578,217665,3894.000000000000000,21564,,,18578,217665,3894,21564,22472,239114
32,1/14/2021 15:00:00,17812,235477,1943.000000000000000,23507,,,17812,235477,1943,23507,19755,258869
33,1/15/2021 15:00:00,19421,254898,2002.000000000000000,25509,,,19421,254898,2002,25509,21423,280292
34,1/16/2021 15:00:00,5806,260704,1605.000000000000000,27114,,,5806,260704,1605,27114,7411,287703
35,1/17/2021 15:00:00,2107,262811,1476.000000000000000,28590,,,2107,262811,1476,28590,3583,291286
36,1/18/2021 15:00:00,7061,269872,3242.000000000000000,31832,,,7061,269872,3242,31832,10303,301589
37,1/19/2021 15:00:00,16913,286785,5382.000000000000000,37214,,,16913,286785,5382,37214,22295,323884
38,1/20/2021 15:00:00,20986,307771,5292.000000000000000,42506,,,20986,307771,5292,42506,26278,350162
39,1/21/2021 15:00:00,23759,331530,3800.000000000000000,46306,,,23759,331530,3800,46306,27559,377721
40,1/22/2021 15:00:00,28642,360172,3712.000000000000000,50018,,,28642,360172,3712,50018,32354,410075
41,1/23/2021 15:00:00,10101,370273,1927.000000000000000,51945,,,10101,370273,1927,51945,12028,422103
42,1/24/2021 15:00:00,3341,373614,1720.000000000000000,53665,,,3341,373614,1720,53665,5061,427164
43,1/25/2021 15:00:00,16290,389904,8577.000000000000000,62242,,,16290,389904,8577,62242,24867,452031
44,1/26/2021 15:00:00,17541,407445,8952.000000000000000,71194,,,17541,407445,8952,71194,26493,478524
45,1/27/2021 15:00:00,24442,431887,12521.000000000000000,83715,,,24442,431887,12521,83715,36963,515487
46,1/28/2021 15:00:00,22650,454537,9296.000000000000000,93011,,,22650,454537,9296,93011,31946,547433
47,1/29/2021 15:00:00,24759,479296,7885.000000000000000,100896,,,24759,479296,7885,100896,32644,580077
48,1/30/2021 15:00:00,17765,497061,2531.000000000000000,103427,,,17765,497061,2531,103427,20296,600373
49,1/31/2021 15:00:00,3754,500815,1344.000000000000000,104771,,,3754,500815,1344,104771,5098,605471
50,2/1/2021 15:00:00,7830,508645,5234.000000000000000,110005,,,7830,508645,5234,110005,13064,618535
51,2/2/2021 15:00:00,12461,521106,13798.000000000000000,123803,,,12461,521106,13798,123803,26259,644794
52,2/3/2021 15:00:00,18221,539327,18093.000000000000000,141896,,,18221,539327,18093,141896,36314,681108
53,2/4/2021 15:00:00,22085,561412,15747.000000000000000,157643,,,22085,561412,15747,157643,37832,718940
54,2/5/2021 15:00:00,20331,581743,17372.000000000000000,175015,,,20331,581743,17372,175015,37703,756643
55,2/6/2021 15:00:00,11310,593053,14446.000000000000000,189461,,,11310,593053,14446,189461,25756,782399
56,2/7/2021 15:00:00,5941,598994,1815.000000000000000,191276,,,5941,598994,1815,191276,7756,790155
57,2/8/2021 15:00:00,12945,611939,12903.000000000000000,204179,,,12945,611939,12903,204179,25848,816003
58,2/9/2021 15:00:00,16620,628559,13839.000000000000000,218018,,,16620,628559,13839,218018,30459,846462
59,2/10/2021 15:00:00,19267,647826,21203.000000000000000,239221,,,19267,647826,21203,239221,40470,886932
60,2/11/2021 15:00:00,22849,670675,17299.000000000000000,256520,,,22849,670675,17299,256520,40148,927080
61,2/12/2021 15:00:00,20365,691040,19593.000000000000000,276113,,,20365,691040,19593,276113,39958,967038
62,2/13/2021 15:00:00,11416,702456,6393.000000000000000,282506,,,11416,702456,6393,282506,17809,984847
63,2/14/2021 15:00:00,7110,709566,2105.000000000000000,284611,,,7110,709566,2105,284611,9215,994062
64,2/15/2021 15:00:00,11743,721309,13297.000000000000000,297908,,,11743,721309,13297,297908,25040,1019102
65,2/16/2021 15:00:00,16586,737895,20990.000000000000000,318898,,,16586,737895,20990,318898,37576,1056678
66,2/17/2021 15:00:00,20643,758538,26351.000000000000000,345249,,,20643,758538,26351,345249,46994,1103672
67,2/18/2021 15:00:00,3189,761727,4605.000000000000000,349854,,,3189,761727,4605,349854,7794,1111466
68,2/19/2021 15:00:00,10245,771972,19905.000000000000000,369759,,,10245,771972,19905,369759,30150,1141616
69,2/20/2021 15:00:00,10299,782271,20259.000000000000000,390018,,,10299,782271,20259,390018,30558,1172174
70,2/21/2021 15:00:00,6162,788433,7628.000000000000000,397646,,,6162,788433,7628,397646,13790,1185964
71,2/22/2021 15:00:00,8024,796457,15451.000000000000000,413097,,,8024,796457,15451,413097,23475,1209439
72,2/23/2021 15:00:00,15517,811974,15945.000000000000000,429042,,,15517,811974,15945,429042,31462,1240901
73,2/24/2021 15:00:00,17924,829898,24734.000000000000000,453776,,,17924,829898,24734,453776,42658,1283559
74,2/25/2021 15:00:00,20384,850282,26532.000000000000000,480308,,,20384,850282,26532,480308,46916,1330475
75,2/26/2021 15:00:00,26699,876981,26185.000000000000000,506493,,,26699,876981,26185,506493,52884,1383359
76,2/27/2021 15:00:00,15988,892969,11128.000000000000000,517621,,,15988,892969,11128,517621,27116,1410475
77,2/28/2021 15:00:00,15493,908462,4867.000000000000000,522488,,,15493,908462,4867,522488,20360,1430835
78,3/1/2021 15:00:00,26505,934967,12480.000000000000000,534968,,,26505,934967,12480,534968,38985,1469820
79,3/2/2021 15:00:00,23869,958836,13243.000000000000000,548211,32.000000000000000,32.000000000000000,23901,958868,13275,548243,37144,1506964
80,3/3/2021 15:00:00,30131,988967,18362.000000000000000,566573,182.000000000000000,214.000000000000000,30313,989181,18544,566787,48675,1555639
81,3/4/2021 15:00:00,30941,1019908,18151.000000000000000,584724,4067.000000000000000,4281.000000000000000,35008,1024189,22218,589005,53159,1608798
82,3/5/2021 15:00:00,29424,1049332,19441.000000000000000,604165,4910.000000000000000,9191.000000000000000,34334,1058523,24351,613356,53775,1662573
83,3/6/2021 15:00:00,17859,1067191,8959.000000000000000,613124,6004.000000000000000,15195.000000000000000,23863,1082386,14963,628319,32822,1695395
84,3/7/2021 15:00:00,12110,1079301,4836.000000000000000,617960,6613.000000000000000,21808.000000000000000,18723,1101109,11449,639768,23559,1718954
85,3/8/2021 15:00:00,25834,1105135,8805.000000000000000,626765,8277.000000000000000,30085.000000000000000,34111,1135220,17082,656850,42916,1761870
86,3/9/2021 15:00:00,26086,1131221,15434.000000000000000,642199,8347.000000000000000,38432.000000000000000,34433,1169653,23781,680631,49867,1811737
87,3/10/2021 15:00:00,29811,1161032,15970.000000000000000,658169,7935.000000000000000,46367.000000000000000,37746,1207399,23905,704536,53716,1865453
88,3/11/2021 15:00:00,35946,1196978,16396.000000000000000,674565,3983.000000000000000,50350.000000000000000,39929,1247328,20379,724915,56325,1921778
89,3/12/2021 15:00:00,36879,1233857,18055.000000000000000,692620,2921.000000000000000,53271.000000000000000,39800,1287128,20976,745891,57855,1979633
90,3/13/2021 15:00:00,22648,1256505,10253.000000000000000,702873,1623.000000000000000,54894.000000000000000,24271,1311399,11876,757767,34524,2014157
91,3/14/2021 15:00:00,17838,1274343,6698.000000000000000,709571,1000.000000000000000,55894.000000000000000,18838,1330237,7698,765465,25536,2039693
92,3/15/2021 15:00:00,29788,1304131,11265.000000000000000,720836,594.000000000000000,56488.000000000000000,30382,1360619,11859,777324,41647,2081340
93,3/16/2021 15:00:00,33414,1337545,13540.000000000000000,734376,768.000000000000000,57256.000000000000000,34182,1394801,14308,791632,47722,2129062
94,3/17/2021 15:00:00,37543,1375088,17008.000000000000000,751384,1176.000000000000000,58432.000000000000000,38719,1433520,18184,809816,55727,2184789
95,3/18/2021 15:00:00,41412,1416500,12601.000000000000000,763985,1349.000000000000000,59781.000000000000000,42761,1476281,13950,823766,55362,2240151
96,3/19/2021 15:00:00,38294,1454794,15380.000000000000000,779365,1036.000000000000000,60817.000000000000000,39330,1515611,16416,840182,54710,2294861
97,3/20/2021 15:00:00,24667,1479461,10119.000000000000000,789484,699.000000000000000,61516.000000000000000,25366,1540977,10818,851000,35485,2330346
98,3/21/2021 15:00:00,19157,1498618,7842.000000000000000,797326,335.000000000000000,61851.000000000000000,19492,1560469,8177,859177,27334,2357680
99,3/22/2021 15:00:00,32565,1531183,11436.000000000000000,808762,834.000000000000000,62685.000000000000000,33399,1593868,12270,871447,44835,2402515
100,3/23/2021 15:00:00,37730,1568913,17313.000000000000000,826075,1554.000000000000000,64239.000000000000000,39284,1633152,18867,890314,56597,2459112
101,3/24/2021 15:00:00,41062,1609975,21151.000000000000000,847226,1381.000000000000000,65620.000000000000000,42443,1675595,22532,912846,63594,2522706
102,3/25/2021 15:00:00,42334,1652309,21017.000000000000000,868243,2457.000000000000000,68077.000000000000000,44791,1720386,23474,936320,65808,2588514
103,3/26/2021 15:00:00,36667,1688976,26286.000000000000000,894529,2499.000000000000000,70576.000000000000000,39166,1759552,28785,965105,65452,2653966
104,3/27/2021 15:00:00,26923,1715899,16779.000000000000000,911308,2483.000000000000000,73059.000000000000000,29406,1788958,19262,984367,46185,2700151
105,3/28/2021 15:00:00,17010,1732909,12608.000000000000000,923916,1616.000000000000000,74675.000000000000000,18626,1807584,14224,998591,31234,2731385
106,3/29/2021 15:00:00,29701,1762610,26225.000000000000000,950141,1140.000000000000000,75815.000000000000000,30841,1838425,27365,1025956,57066,2788451
107,3/30/2021 15:00:00,40026,1802636,28924.000000000000000,979065,1857.000000000000000,77672.000000000000000,41883,1880308,30781,1056737,70807,2859258
108,3/31/2021 15:00:00,41027,1843663,34605.000000000000000,1013670,5749.000000000000000,83421.000000000000000,46776,1927084,40354,1097091,81381,2940639
109,4/1/2021 15:00:00,41113,1884776,39900.000000000000000,1053570,5669.000000000000000,89090.000000000000000,46782,1973866,45569,1142660,86682,3027321
110,4/2/2021 15:00:00,35004,1919780,32497.000000000000000,1086067,6122.000000000000000,95212.000000000000000,41126,2014992,38619,1181279,73623,3100944
111,4/3/2021 15:00:00,21618,1941398,18667.000000000000000,1104734,4367.000000000000000,99579.000000000000000,25985,2040977,23034,1204313,44652,3145596
112,4/4/2021 15:00:00,8246,1949644,10175.000000000000000,1114909,964.000000000000000,100543.000000000000000,9210,2050187,11139,1215452,19385,3164981
113,4/5/2021 15:00:00,27903,1977547,28850.000000000000000,1143759,6655.000000000000000,107198.000000000000000,34558,2084745,35505,1250957,63408,3228389
114,4/6/2021 15:00:00,39744,2017291,30398.000000000000000,1174157,10493.000000000000000,117691.000000000000000,50237,2134982,40891,1291848,80635,3309024
115,4/7/2021 15:00:00,36028,2053319,34209.000000000000000,1208366,12978.000000000000000,130669.000000000000000,49006,2183988,47187,1339035,83215,3392239
116,4/8/2021 15:00:00,42295,2095614,36017.000000000000000,1244383,13859.000000000000000,144528.000000000000000,56154,2240142,49876,1388911,92171,3484410
117,4/9/2021 15:00:00,34018,2129632,36286.000000000000000,1280669,14525.000000000000000,159053.000000000000000,48543,2288685,50811,1439722,84829,3569239
118,4/10/2021 15:00:00,23447,2153079,23099.000000000000000,1303768,7634.000000000000000,166687.000000000000000,31081,2319766,30733,1470455,54180,3623419
119,4/11/2021 15:00:00,17555,2170634,13269.000000000000000,1317037,10125.000000000000000,176812.000000000000000,27680,2347446,23394,1493849,40949,3664368
120,4/12/2021 15:00:00,24581,2195215,33133.000000000000000,1350170,10895.000000000000000,187707.000000000000000,35476,2382922,44028,1537877,68609,3732977
121,4/13/2021 15:00:00,126778,2321993,90573.000000000000000,1440743,3293.000000000000000,191000.000000000000000,130071,2512993,93866,1631743,220644,3953621
122,4/14/2021 15:00:00,40683,2362676,37761.000000000000000,1478504,210.000000000000000,191210.000000000000000,40893,2553886,37971,1669714,78654,4032275
123,4/15/2021 15:00:00,41676,2404352,39164.000000000000000,1517668,172.000000000000000,191382.000000000000000,41848,2595734,39336,1709050,81012,4113287
124,4/16/2021 15:00:00,37141,2441493,38784.000000000000000,1556452,23.000000000000000,191405.000000000000000,37164,2632898,38807,1747857,75948,4189235
125,4/17/2021 15:00:00,32784,2474277,21990.000000000000000,1578442,12.000000000000000,191417.000000000000000,32796,2665694,22002,1769859,54786,4244021
126,4/18/2021 15:00:00,20061,2494338,16176.000000000000000,1594618,5.000000000000000,191422.000000000000000,20066,2685760,16181,1786040,36242,4280263
127,4/19/2021 15:00:00,29884,2524222,36488.000000000000000,1631106,61.000000000000000,191483.000000000000000,29945,2715705,36549,1822589,66433,4346696
128,4/20/2021 15:00:00,33104,2557326,44180.000000000000000,1675286,56.000000000000000,191539.000000000000000,33160,2748865,44236,1866825,77340,4424036
129,4/21/2021 15:00:00,39801,2597127,46984.000000000000000,1722270,22.000000000000000,191561.000000000000000,39823,2788688,47006,1913831,86807,4510843
130,4/22/2021 15:00:00,36399,2633526,42034.000000000000000,1764304,16.000000000000000,191577.000000000000000,36415,2825103,42050,1955881,78449,4589292
131,4/23/2021 15:00:00,33118,2666644,40076.000000000000000,1804380,14.000000000000000,191591.000000000000000,33132,2858235,40090,1995971,73208,4662500
132,4/24/2021 15:00:00,26403,2693047,27844.000000000000000,1832224,81.000000000000000,191672.000000000000000,26484,2884719,27925,2023896,54328,4716828
133,4/25/2021 15:00:00,20215,2713262,10934.000000000000000,1843158,31.000000000000000,191703.000000000000000,20246,2904965,10965,2034861,31180,4748008
134,4/26/2021 15:00:00,27414,2740676,32657.000000000000000,1875815,202.000000000000000,191905.000000000000000,27616,2932581,32859,2067720,60273,4808281
135,4/27/2021 15:00:00,26688,2767364,33000.000000000000000,1908815,1099.000000000000000,193004.000000000000000,27787,2960368,34099,2101819,60787,4869068
136,4/28/2021 15:00:00,28922,2796286,39468.000000000000000,1948283,1362.000000000000000,194366.000000000000000,30284,2990652,40830,2142649,69752,4938820
137,4/29/2021 15:00:00,27297,2823583,39424.000000000000000,1987707,1465.000000000000000,195831.000000000000000,28762,3019414,40889,2183538,68186,5007006
138,4/30/2021 15:00:00,28187,2851770,32179.000000000000000,2019886,1646.000000000000000,197477.000000000000000,29833,3049247,33825,2217363,62012,5069018
139,5/1/2021 15:00:00,20519,2872289,26488.000000000000000,2046374,1035.000000000000000,198512.000000000000000,21554,3070801,27523,2244886,48042,5117060
140,5/2/2021 15:00:00,10277,2882566,17019.000000000000000,2063393,821.000000000000000,199333.000000000000000,11098,3081899,17840,2262726,28117,5145177
141,5/3/2021 15:00:00,12741,2895307,28520.000000000000000,2091913,1913.000000000000000,201246.000000000000000,14654,3096553,30433,2293159,43174,5188351
142,5/4/2021 15:00:00,13568,2908875,38537.000000000000000,2130450,1736.000000000000000,202982.000000000000000,15304,3111857,40273,2333432,53841,5242192
143,5/5/2021 15:00:00,19324,2928199,37689.000000000000000,2168139,1919.000000000000000,204901.000000000000000,21243,3133100,39608,2373040,58932,5301124
144,5/6/2021 15:00:00,16923,2945122,40553.000000000000000,2208692,1721.000000000000000,206622.000000000000000,18644,3151744,42274,2415314,59197,5360321
145,5/7/2021 15:00:00,17415,2962537,36031.000000000000000,2244723,1958.000000000000000,208580.000000000000000,19373,3171117,37989,2453303,55404,5415725
146,5/8/2021 15:00:00,10784,2973321,31213.000000000000000,2275936,1292.000000000000000,209872.000000000000000,12076,3183193,32505,2485808,43289,5459014
147,5/9/2021 15:00:00,5051,2978372,11914.000000000000000,2287850,695.000000000000000,210567.000000000000000,5746,3188939,12609,2498417,17660,5476674
148,5/10/2021 15:00:00,8951,2987323,31020.000000000000000,2318870,1361.000000000000000,211928.000000000000000,10312,3199251,32381,2530798,41332,5518006
149,5/11/2021 15:00:00,12191,2999514,30250.000000000000000,2349120,1437.000000000000000,213365.000000000000000,13628,3212879,31687,2562485,43878,5561884
150,5/12/2021 15:00:00,13941,3013455,38566.000000000000000,2387686,1919.000000000000000,215284.000000000000000,15860,3228739,40485,2602970,54426,5616310
151,5/13/2021 15:00:00,21850,3035305,33431.000000000000000,2421117,1347.000000000000000,216631.000000000000000,23197,3251936,34778,2637748,56628,5672938
152,5/14/2021 15:00:00,24350,3059655,29988.000000000000000,2451105,1775.000000000000000,218406.000000000000000,26125,3278061,31763,2669511,56113,5729051
153,5/15/2021 15:00:00,21899,3081554,25069.000000000000000,2476174,1490.000000000000000,219896.000000000000000,23389,3301450,26559,2696070,48458,5777509
154,5/16/2021 15:00:00,9080,3090634,17558.000000000000000,2493732,1113.000000000000000,221009.000000000000000,10193,3311643,18671,2714741,27751,5805260
155,5/17/2021 15:00:00,16843,3107477,28365.000000000000000,2522097,1949.000000000000000,222958.000000000000000,18792,3330435,30314,2745055,47157,5852417
156,5/18/2021 15:00:00,21248,3128725,30653.000000000000000,2552750,1941.000000000000000,224899.000000000000000,23189,3353624,32594,2777649,53842,5906259
157,5/19/2021 15:00:00,27622,3156347,32396.000000000000000,2585146,1626.000000000000000,226525.000000000000000,29248,3382872,34022,2811671,61644,5967903
158,5/20/2021 15:00:00,20799,3177146,33229.000000000000000,2618375,1970.000000000000000,228495.000000000000000,22769,3405641,35199,2846870,55998,6023901
159,5/21/2021 15:00:00,19161,3196307,30281.000000000000000,2648656,1608.000000000000000,230103.000000000000000,20769,3426410,31889,2878759,51050,6074951
160,5/22/2021 15:00:00,16920,3213227,20666.000000000000000,2669322,1270.000000000000000,231373.000000000000000,18190,3444600,21936,2900695,38856,6113807
161,5/23/2021 15:00:00,8754,3221981,11429.000000000000000,2680751,964.000000000000000,232337.000000000000000,9718,3454318,12393,2913088,21147,6134954
162,5/24/2021 15:00:00,13566,3235547,17745.000000000000000,2698496,1474.000000000000000,233811.000000000000000,15040,3469358,19219,2932307,32785,6167739
163,5/25/2021 15:00:00,12998,3248545,18665.000000000000000,2717161,1329.000000000000000,235140.000000000000000,14327,3483685,19994,2952301,32992,6200731
164,5/26/2021 15:00:00,18287,3266832,19461.000000000000000,2736622,1511.000000000000000,236651.000000000000000,19798,3503483,20972,2973273,39259,6239990
165,5/27/2021 15:00:00,11682,3278514,18631.000000000000000,2755253,1116.000000000000000,237767.000000000000000,12798,3516281,19747,2993020,31429,6271419
166,5/28/2021 15:00:00,12500,3291014,19715.000000000000000,2774968,1400.000000000000000,239167.000000000000000,13900,3530181,21115,3014135,33615,6305034
167,5/29/2021 15:00:00,9552,3300566,11639.000000000000000,2786607,935.000000000000000,240102.000000000000000,10487,3540668,12574,3026709,22126,6327160
168,5/30/2021 15:00:00,4967,3305533,6418.000000000000000,2793025,596.000000000000000,240698.000000000000000,5563,3546231,7014,3033723,11981,6339141
169,5/31/2021 15:00:00,1773,3307306,3705.000000000000000,2796730,305.000000000000000,241003.000000000000000,2078,3548309,4010,3037733,5783,6344924
170,6/1/2021 15:00:00,9782,3317088,16352.000000000000000,2813082,1154.000000000000000,242157.000000000000000,10936,3559245,17506,3055239,27288,6372212
171,6/2/2021 15:00:00,10228,3327316,16781.000000000000000,2829863,958.000000000000000,243115.000000000000000,11186,3570431,17739,3072978,27967,6400179
172,6/3/2021 15:00:00,7898,3335214,21154.000000000000000,2851017,1086.000000000000000,244201.000000000000000,8984,3579415,22240,3095218,30138,6430317
173,6/4/2021 15:00:00,8201,3343415,22267.000000000000000,2873284,1121.000000000000000,245322.000000000000000,9322,3588737,23388,3118606,31589,6461906
174,6/5/2021 15:00:00,7014,3350429,19411.000000000000000,2892695,720.000000000000000,246042.000000000000000,7734,3596471,20131,3138737,27145,6489051
175,6/6/2021 15:00:00,3461,3353890,7230.000000000000000,2899925,423.000000000000000,246465.000000000000000,3884,3600355,7653,3146390,11114,6500165
176,6/7/2021 15:00:00,6856,3360746,15738.000000000000000,2915663,726.000000000000000,247191.000000000000000,7582,3607937,16464,3162854,23320,6523485
177,6/8/2021 15:00:00,6668,3367414,19678.000000000000000,2935341,829.000000000000000,248020.000000000000000,7497,3615434,20507,3183361,27175,6550660
178,6/9/2021 15:00:00,8195,3375609,23912.000000000000000,2959253,969.000000000000000,248989.000000000000000,9164,3624598,24881,3208242,33076,6583736
179,6/10/2021 15:00:00,7145,3382754,19095.000000000000000,2978348,894.000000000000000,249883.000000000000000,8039,3632637,19989,3228231,27134,6610870
180,6/11/2021 15:00:00,7470,3390224,17701.000000000000000,2996049,1125.000000000000000,251008.000000000000000,8595,3641232,18826,3247057,26296,6637166
181,6/12/2021 15:00:00,5227,3395451,14742.000000000000000,3010791,604.000000000000000,251612.000000000000000,5831,3647063,15346,3262403,20573,6657739
182,6/13/2021 15:00:00,1931,3397382,7559.000000000000000,3018350,427.000000000000000,252039.000000000000000,2358,3649421,7986,3270389,9917,6667656
183,6/14/2021 15:00:00,5654,3403036,11801.000000000000000,3030151,734.000000000000000,252773.000000000000000,6388,3655809,12535,3282924,18189,6685845
184,6/15/2021 15:00:00,5654,3408690,14299.000000000000000,3044450,872.000000000000000,253645.000000000000000,6526,3662335,15171,3298095,20825,6706670
185,6/16/2021 15:00:00,8748,3417438,21557.000000000000000,3066007,757.000000000000000,254402.000000000000000,9505,3671840,22314,3320409,31062,6737732
186,6/17/2021 15:00:00,6683,3424121,12349.000000000000000,3078356,720.000000000000000,255122.000000000000000,7403,3679243,13069,3333478,19752,6757484
187,6/18/2021 15:00:00,6836,3430957,12702.000000000000000,3091058,704.000000000000000,255826.000000000000000,7540,3686783,13406,3346884,20242,6777726
188,6/19/2021 15:00:00,4663,3435620,9353.000000000000000,3100411,613.000000000000000,256439.000000000000000,5276,3692059,9966,3356850,14629,6792355
189,6/20/2021 15:00:00,2505,3438125,5041.000000000000000,3105452,378.000000000000000,256817.000000000000000,2883,3694942,5419,3362269,7924,6800279
190,6/21/2021 15:00:00,5560,3443685,5323.000000000000000,3110775,636.000000000000000,257453.000000000000000,6196,3701138,5959,3368228,11519,6811798
191,6/22/2021 15:00:00,5193,3448878,8852.000000000000000,3119627,683.000000000000000,258136.000000000000000,5876,3707014,9535,3377763,14728,6826526
192,6/23/2021 15:00:00,6064,3454942,10303.000000000000000,3129930,646.000000000000000,258782.000000000000000,6710,3713724,10949,3388712,17013,6843539
193,6/24/2021 15:00:00,5930,3460872,8186.000000000000000,3138116,594.000000000000000,259376.000000000000000,6524,3720248,8780,3397492,14710,6858249
194,6/25/2021 15:00:00,5828,3466700,8623.000000000000000,3146739,620.000000000000000,259996.000000000000000,6448,3726696,9243,3406735,15071,6873320
195,6/26/2021 15:00:00,3699,3470399,6293.000000000000000,3153032,396.000000000000000,260392.000000000000000,4095,3730791,6689,3413424,10388,6883708
196,6/27/2021 15:00:00,2810,3473209,3516.000000000000000,3156548,185.000000000000000,260577.000000000000000,2995,3733786,3701,3417125,6511,6890219
197,6/28/2021 15:00:00,4735,3477944,6086.000000000000000,3162634,523.000000000000000,261100.000000000000000,5258,3739044,6609,3423734,11344,6901563
198,6/29/2021 15:00:00,5059,3483003,6451.000000000000000,3169085,519.000000000000000,261619.000000000000000,5578,3744622,6970,3430704,12029,6913592
199,6/30/2021 15:00:00,5610,3488613,7369.000000000000000,3176454,605.000000000000000,262224.000000000000000,6215,3750837,7974,3438678,13584,6927176
200,7/1/2021 15:00:00,5357,3493970,6927.000000000000000,3183381,495.000000000000000,262719.000000000000000,5852,3756689,7422,3446100,12779,6939955
201,7/2/2021 15:00:00,5284,3499254,6816.000000000000000,3190197,521.000000000000000,263240.000000000000000,5805,3762494,7337,3453437,12621,6952576
202,7/3/2021 15:00:00,3263,3502517,4055.000000000000000,3194252,265.000000000000000,263505.000000000000000,3528,3766022,4320,3457757,7583,6960159
203,7/4/2021 15:00:00,492,3503009,545.000000000000000,3194797,67.000000000000000,263572.000000000000000,559,3766581,612,3458369,1104,6961263
204,7/5/2021 15:00:00,3760,3506769,3945.000000000000000,3198742,287.000000000000000,263859.000000000000000,4047,3770628,4232,3462601,7992,6969255
205,7/6/2021 15:00:00,4480,3511249,6238.000000000000000,3204980,452.000000000000000,264311.000000000000000,4932,3775560,6690,3469291,11170,6980425
206,7/7/2021 15:00:00,4458,3515707,6387.000000000000000,3211367,482.000000000000000,264793.000000000000000,4940,3780500,6869,3476160,11327,6991752
207,7/8/2021 15:00:00,4829,3520536,6144.000000000000000,3217511,564.000000000000000,265357.000000000000000,5393,3785893,6708,3482868,11537,7003289
208,7/9/2021 15:00:00,5349,3525885,6637.000000000000000,3224148,572.000000000000000,265929.000000000000000,5921,3791814,7209,3490077,12558,7015847
209,7/10/2021 15:00:00,3524,3529409,4386.000000000000000,3228534,302.000000000000000,266231.000000000000000,3826,3795640,4688,3494765,8212,7024059
210,7/11/2021 15:00:00,2668,3532077,2565.000000000000000,3231099,224.000000000000000,266455.000000000000000,2892,3798532,2789,3497554,5457,7029516
211,7/12/2021 15:00:00,4414,3536491,5101.000000000000000,3236200,377.000000000000000,266832.000000000000000,4791,3803323,5478,3503032,9892,7039408
212,7/13/2021 15:00:00,4762,3541253,4596.000000000000000,3240796,366.000000000000000,267198.000000000000000,5128,3808451,4962,3507994,9724,7049132
213,7/14/2021 15:00:00,4611,3545864,5253.000000000000000,3246049,421.000000000000000,267619.000000000000000,5032,3813483,5674,3513668,10285,7059417
214,7/15/2021 15:00:00,4884,3550748,4992.000000000000000,3251041,357.000000000000000,267976.000000000000000,5241,3818724,5349,3519017,10233,7069650
215,7/16/2021 15:00:00,6279,3557027,5813.000000000000000,3256854,401.000000000000000,268377.000000000000000,6680,3825404,6214,3525231,12493,7082143
216,7/17/2021 15:00:00,3410,3560437,3542.000000000000000,3260396,300.000000000000000,268677.000000000000000,3710,3829114,3842,3529073,7252,7089395
217,7/18/2021 15:00:00,2305,3562742,2371.000000000000000,3262767,110.000000000000000,268787.000000000000000,2415,3831529,2481,3531554,4786,7094181
218,7/19/2021 15:00:00,5258,3568000,4471.000000000000000,3267238,379.000000000000000,269166.000000000000000,5637,3837166,4850,3536404,10108,7104289
219,7/20/2021 15:00:00,5327,3573327,4685.000000000000000,3271923,366.000000000000000,269532.000000000000000,5693,3842859,5051,3541455,10378,7114667
220,7/21/2021 15:00:00,5637,3578964,4912.000000000000000,3276835,415.000000000000000,269947.000000000000000,6052,3848911,5327,3546782,10964,7125631
221,7/22/2021 15:00:00,6013,3584977,4608.000000000000000,3281443,469.000000000000000,270416.000000000000000,6482,3855393,5077,3551859,11090,7136721
222,7/23/2021 15:00:00,6833,3591810,4820.000000000000000,3286263,492.000000000000000,270908.000000000000000,7325,3862718,5312,3557171,12145,7148866
223,7/24/2021 15:00:00,4277,3596087,3193.000000000000000,3289456,267.000000000000000,271175.000000000000000,4544,3867262,3460,3560631,7737,7156603
224,7/25/2021 15:00:00,3290,3599377,1111.000000000000000,3290567,138.000000000000000,271313.000000000000000,3428,3870690,1249,3561880,4539,7161142
225,7/26/2021 15:00:00,6197,3605574,3888.000000000000000,3294455,418.000000000000000,271731.000000000000000,6615,3877305,4306,3566186,10503,7171645
226,7/27/2021 15:00:00,6348,3611922,4055.000000000000000,3298510,455.000000000000000,272186.000000000000000,6803,3884108,4510,3570696,10858,7182503
227,7/28/2021 15:00:00,6801,3618723,4000.000000000000000,3302510,458.000000000000000,272644.000000000000000,7259,3891367,4458,3575154,11259,7193762
228,7/29/2021 15:00:00,6801,3625524,4145.000000000000000,3306655,416.000000000000000,273060.000000000000000,7217,3898584,4561,3579715,11362,7205124
229,7/30/2021 15:00:00,7539,3633063,4509.000000000000000,3311164,523.000000000000000,273583.000000000000000,8062,3906646,5032,3584747,12571,7217695
230,7/31/2021 15:00:00,4782,3637845,3038.000000000000000,3314202,273.000000000000000,273856.000000000000000,5055,3911701,3311,3588058,8093,7225788
231,8/1/2021 15:00:00,3836,3641681,2120.000000000000000,3316322,160.000000000000000,274016.000000000000000,3996,3915697,2280,3590338,6116,7231904
232,8/2/2021 15:00:00,7022,3648703,3638.000000000000000,3319960,336.000000000000000,274352.000000000000000,7358,3923055,3974,3594312,10996,7242900
233,8/3/2021 15:00:00,7002,3655705,3895.000000000000000,3323855,511.000000000000000,274863.000000000000000,7513,3930568,4406,3598718,11408,7254308
234,8/4/2021 15:00:00,7157,3662862,3897.000000000000000,3327752,528.000000000000000,275391.000000000000000,7685,3938253,4425,3603143,11582,7265890
235,8/5/2021 15:00:00,7681,3670543,4114.000000000000000,3331866,537.000000000000000,275928.000000000000000,8218,3946471,4651,3607794,12332,7278222
236,8/6/2021 15:00:00,8294,3678837,4692.000000000000000,3336558,452.000000000000000,276380.000000000000000,8746,3955217,5144,3612938,13438,7291660
237,8/7/2021 15:00:00,5258,3684095,2805.000000000000000,3339363,264.000000000000000,276644.000000000000000,5522,3960739,3069,3616007,8327,7299987
238,8/8/2021 15:00:00,3945,3688040,2046.000000000000000,3341409,143.000000000000000,276787.000000000000000,4088,3964827,2189,3618196,6134,7306121
239,8/9/2021 15:00:00,6922,3694962,4510.000000000000000,3345919,367.000000000000000,277154.000000000000000,7289,3972116,4877,3623073,11799,7317920
240,8/10/2021 15:00:00,7124,3702086,4443.000000000000000,3350362,338.000000000000000,277492.000000000000000,7462,3979578,4781,3627854,11905,7329825
241,8/11/2021 15:00:00,7049,3709135,4419.000000000000000,3354781,440.000000000000000,277932.000000000000000,7489,3987067,4859,3632713,11908,7341733
242,8/12/2021 15:00:00,8597,3717732,4718.000000000000000,3359499,443.000000000000000,278375.000000000000000,9040,3996107,5161,3637874,13758,7355491
243,8/13/2021 15:00:00,7132,3724864,5355.000000000000000,3364854,395.000000000000000,278770.000000000000000,7527,4003634,5750,3643624,12882,7368373
244,8/14/2021 15:00:00,4913,3729777,3337.000000000000000,3368191,285.000000000000000,279055.000000000000000,5198,4008832,3622,3647246,8535,7376908
245,8/15/2021 15:00:00,3320,3733097,2730.000000000000000,3370921,164.000000000000000,279219.000000000000000,3484,4012316,2894,3650140,6214,7383122
246,8/16/2021 15:00:00,5434,3738531,5074.000000000000000,3375995,352.000000000000000,279571.000000000000000,5786,4018102,5426,3655566,10860,7393982
247,8/17/2021 15:00:00,6961,3745492,5176.000000000000000,3381171,389.000000000000000,279960.000000000000000,7350,4025452,5565,3661131,12526,7406508
248,8/18/2021 15:00:00,6501,3751993,5294.000000000000000,3386465,477.000000000000000,280437.000000000000000,6978,4032430,5771,3666902,12272,7418780
249,8/19/2021 15:00:00,5990,3757983,5316.000000000000000,3391781,415.000000000000000,280852.000000000000000,6405,4038835,5731,3672633,11721,7430501
250,8/20/2021 15:00:00,7031,3765014,6325.000000000000000,3398106,402.000000000000000,281254.000000000000000,7433,4046268,6727,3679360,13758,7444259
251,8/21/2021 15:00:00,4319,3769333,3915.000000000000000,3402021,227.000000000000000,281481.000000000000000,4546,4050814,4142,3683502,8461,7452720
252,8/22/2021 15:00:00,3061,3772394,3160.000000000000000,3405181,110.000000000000000,281591.000000000000000,3171,4053985,3270,3686772,6331,7459051
253,8/23/2021 15:00:00,6164,3778558,5915.000000000000000,3411096,285.000000000000000,281876.000000000000000,6449,4060434,6200,3692972,12364,7471415
254,8/24/2021 15:00:00,6647,3785205,5868.000000000000000,3416964,424.000000000000000,282300.000000000000000,7071,4067505,6292,3699264,12939,7484354
255,8/25/2021 15:00:00,6912,3792117,6013.000000000000000,3422977,439.000000000000000,282739.000000000000000,7351,4074856,6452,3705716,13364,7497718
256,8/26/2021 15:00:00,7180,3799297,6426.000000000000000,3429403,427.000000000000000,283166.000000000000000,7607,4082463,6853,3712569,14033,7511751
257,8/27/2021 15:00:00,6870,3806167,7013.000000000000000,3436416,316.000000000000000,283482.000000000000000,7186,4089649,7329,3719898,14199,7525950
258,8/28/2021 15:00:00,6906,3813073,6494.000000000000000,3442910,325.000000000000000,283807.000000000000000,7231,4096880,6819,3726717,13725,7539675
259,8/29/2021 15:00:00,3736,3816809,3677.000000000000000,3446587,611.000000000000000,284418.000000000000000,4347,4101227,4288,3731005,8024,7547699
260,8/30/2021 15:00:00,5947,3822756,6093.000000000000000,3452680,960.000000000000000,285378.000000000000000,6907,4108134,7053,3738058,13000,7560699
261,8/31/2021 15:00:00,5703,3828459,5913.000000000000000,3458593,945.000000000000000,286323.000000000000000,6648,4114782,6858,3744916,12561,7573260
262,9/1/2021 15:00:00,5559,3834018,5593.000000000000000,3464186,911.000000000000000,287234.000000000000000,6470,4121252,6504,3751420,12063,7585323
263,9/2/2021 15:00:00,5523,3839541,5899.000000000000000,3470085,703.000000000000000,287937.000000000000000,6226,4127478,6602,3758022,12125,7597448
264,9/3/2021 15:00:00,6001,3845542,6881.000000000000000,3476966,971.000000000000000,288908.000000000000000,6972,4134450,7852,3765874,13853,7611301
265,9/4/2021 15:00:00,3718,3849260,4334.000000000000000,3481300,879.000000000000000,289787.000000000000000,4597,4139047,5213,3771087,8931,7620232
266,9/5/2021 15:00:00,2956,3852216,2801.000000000000000,3484101,106.000000000000000,289893.000000000000000,3062,4142109,2907,3773994,5863,7626095
267,9/6/2021 15:00:00,1056,3853272,1150.000000000000000,3485251,63.000000000000000,289956.000000000000000,1119,4143228,1213,3775207,2269,7628364
268,9/7/2021 15:00:00,5342,3858614,7261.000000000000000,3492512,2304.000000000000000,292260.000000000000000,7646,4150874,9565,3784772,14907,7643271
269,9/8/2021 15:00:00,4661,3863275,5447.000000000000000,3497959,365.000000000000000,292625.000000000000000,5026,4155900,5812,3790584,10473,7653744
270,9/9/2021 15:00:00,5085,3868360,5360.000000000000000,3503319,324.000000000000000,292949.000000000000000,5409,4161309,5684,3796268,10769,7664513
271,9/10/2021 15:00:00,6546,3874906,6594.000000000000000,3509913,1716.000000000000000,294665.000000000000000,8262,4169571,8310,3804578,14856,7679369
272,9/11/2021 15:00:00,4168,3879074,4321.000000000000000,3514234,665.000000000000000,295330.000000000000000,4833,4174404,4986,3809564,9154,7688523
273,9/12/2021 15:00:00,3164,3882238,3231.000000000000000,3517465,436.000000000000000,295766.000000000000000,3600,4178004,3667,3813231,6831,7695354
274,9/13/2021 15:00:00,4671,3886909,4845.000000000000000,3522310,346.000000000000000,296112.000000000000000,5017,4183021,5191,3818422,9862,7705216
275,9/14/2021 15:00:00,4584,3891493,5196.000000000000000,3527506,434.000000000000000,296546.000000000000000,5018,4188039,5630,3824052,10214,7715430
276,9/15/2021 15:00:00,4852,3896345,5604.000000000000000,3533110,388.000000000000000,296934.000000000000000,5240,4193279,5992,3830044,10844,7726274
277,9/16/2021 15:00:00,4590,3900935,5613.000000000000000,3538723,335.000000000000000,297269.000000000000000,4925,4198204,5948,3835992,10538,7736812
278,9/17/2021 15:00:00,5045,3905980,6332.000000000000000,3545055,343.000000000000000,297612.000000000000000,5388,4203592,6675,3842667,11720,7748532
279,9/18/2021 15:00:00,3789,3909769,4561.000000000000000,3549616,185.000000000000000,297797.000000000000000,3974,4207566,4746,3847413,8535,7757067
280,9/19/2021 15:00:00,2742,3912511,3157.000000000000000,3552773,75.000000000000000,297872.000000000000000,2817,4210383,3232,3850645,5974,7763041
281,9/20/2021 15:00:00,3558,3916069,4469.000000000000000,3557242,429.000000000000000,298301.000000000000000,3987,4214370,4898,3855543,8456,7771497
282,9/21/2021 15:00:00,3809,3919878,4811.000000000000000,3562053,326.000000000000000,298627.000000000000000,4135,4218505,5137,3860680,8946,7780443
283,9/22/2021 15:00:00,4201,3924079,4753.000000000000000,3566806,459.000000000000000,299086.000000000000000,4660,4223165,5212,3865892,9413,7789856
284,9/23/2021 15:00:00,4183,3928262,4699.000000000000000,3571505,492.000000000000000,299578.000000000000000,4675,4227840,5191,3871083,9374,7799230
285,9/24/2021 15:00:00,5089,3933351,5579.000000000000000,3577084,422.000000000000000,300000.000000000000000,5511,4233351,6001,3877084,11090,7810320
286,9/25/2021 15:00:00,3630,3936981,3624.000000000000000,3580708,385.000000000000000,300385.000000000000000,4015,4237366,4009,3881093,7639,7817959
287,9/26/2021 15:00:00,2358,3939339,2658.000000000000000,3583366,423.000000000000000,300808.000000000000000,2781,4240147,3081,3884174,5439,7823398
288,9/27/2021 15:00:00,4515,3943854,2691.000000000000000,3586057,509.000000000000000,301317.000000000000000,5024,4245171,3200,3887374,7715,7831113
289,9/28/2021 15:00:00,4406,3948260,4439.000000000000000,3590496,211.000000000000000,301528.000000000000000,4617,4249788,4650,3892024,9056,7840169
290,9/29/2021 15:00:00,4709,3952969,4500.000000000000000,3594996,918.000000000000000,302446.000000000000000,5627,4255415,5418,3897442,10127,7850296
291,9/30/2021 15:00:00,4889,3957858,4556.000000000000000,3599552,792.000000000000000,303238.000000000000000,5681,4261096,5348,3902790,10237,7860533
292,10/1/2021 15:00:00,5485,3963343,5293.000000000000000,3604845,779.000000000000000,304017.000000000000000,6264,4267360,6072,3908862,11557,7872090
293,10/2/2021 15:00:00,2940,3966283,2890.000000000000000,3607735,187.000000000000000,304204.000000000000000,3127,4270487,3077,3911939,6017,7878107
294,10/3/2021 15:00:00,2082,3968365,2377.000000000000000,3610112,86.000000000000000,304290.000000000000000,2168,4272655,2463,3914402,4545,7882652
295,10/4/2021 15:00:00,4156,3972521,3370.000000000000000,3613482,232.000000000000000,304522.000000000000000,4388,4277043,3602,3918004,7758,7890410
296,10/5/2021 15:00:00,4058,3976579,3573.000000000000000,3617055,207.000000000000000,304729.000000000000000,4265,4281308,3780,3921784,7838,7898248
297,10/6/2021 15:00:00,4123,3980702,3491.000000000000000,3620546,264.000000000000000,304993.000000000000000,4387,4285695,3755,3925539,7878,7906126
298,10/7/2021 15:00:00,4371,3985073,3509.000000000000000,3624055,332.000000000000000,305325.000000000000000,4703,4290398,3841,3929380,8212,7914338
299,10/8/2021 15:00:00,4947,3990020,4122.000000000000000,3628177,283.000000000000000,305608.000000000000000,5230,4295628,4405,3933785,9352,7923690
300,10/9/2021 15:00:00,2687,3992707,2671.000000000000000,3630848,270.000000000000000,305878.000000000000000,2957,4298585,2941,3936726,5628,7929318
301,10/10/2021 15:00:00,1865,3994572,1847.000000000000000,3632695,59.000000000000000,305937.000000000000000,1924,4300509,1906,3938632,3771,7933089
302,10/11/2021 15:00:00,4371,3998943,3190.000000000000000,3635885,248.000000000000000,306185.000000000000000,4619,4305128,3438,3942070,7809,7940898
303,10/12/2021 15:00:00,3729,4002672,3405.000000000000000,3639290,270.000000000000000,306455.000000000000000,3999,4309127,3675,3945745,7404,7948302
304,10/13/2021 15:00:00,3982,4006654,3444.000000000000000,3642734,347.000000000000000,306802.000000000000000,4329,4313456,3791,3949536,7773,7956075
305,10/14/2021 15:00:00,5188,4011842,5479.000000000000000,3648213,429.000000000000000,307231.000000000000000,5617,4319073,5908,3955444,11096,7967171
306,10/15/2021 15:00:00,4732,4016574,4583.000000000000000,3652796,347.000000000000000,307578.000000000000000,5079,4324152,4930,3960374,9662,7976833
307,10/16/2021 15:00:00,2502,4019076,2504.000000000000000,3655300,291.000000000000000,307869.000000000000000,2793,4326945,2795,3963169,5297,7982130
308,10/17/2021 15:00:00,1809,4020885,1774.000000000000000,3657074,55.000000000000000,307924.000000000000000,1864,4328809,1829,3964998,3638,7985768
309,10/18/2021 15:00:00,4311,4025196,3570.000000000000000,3660644,267.000000000000000,308191.000000000000000,4578,4333387,3837,3968835,8148,7993916
310,10/19/2021 15:00:00,4324,4029520,4033.000000000000000,3664677,222.000000000000000,308413.000000000000000,4546,4337933,4255,3973090,8579,8002495
311,10/20/2021 15:00:00,3546,4033066,3429.000000000000000,3668106,254.000000000000000,308667.000000000000000,3800,4341733,3683,3976773,7229,8009724
312,10/21/2021 15:00:00,3311,4036377,3261.000000000000000,3671367,290.000000000000000,308957.000000000000000,3601,4345334,3551,3980324,6862,8016586
313,10/22/2021 15:00:00,4703,4041080,4042.000000000000000,3675409,475.000000000000000,309432.000000000000000,5178,4350512,4517,3984841,9220,8025806
314,10/23/2021 15:00:00,2903,4043983,2127.000000000000000,3677536,321.000000000000000,309753.000000000000000,3224,4353736,2448,3987289,5351,8031157
315,10/24/2021 15:00:00,2062,4046045,1560.000000000000000,3679096,78.000000000000000,309831.000000000000000,2140,4355876,1638,3988927,3700,8034857
316,10/25/2021 15:00:00,4554,4050599,3116.000000000000000,3682212,317.000000000000000,310148.000000000000000,4871,4360747,3433,3992360,7987,8042844
317,10/26/2021 15:00:00,4522,4055121,3144.000000000000000,3685356,311.000000000000000,310459.000000000000000,4833,4365580,3455,3995815,7977,8050821
318,10/27/2021 15:00:00,4746,4059867,3401.000000000000000,3688757,429.000000000000000,310888.000000000000000,5175,4370755,3830,3999645,8576,8059397
319,10/28/2021 15:00:00,4568,4064435,3432.000000000000000,3692189,496.000000000000000,311384.000000000000000,5064,4375819,3928,4003573,8496,8067893
320,10/29/2021 15:00:00,4978,4069413,3948.000000000000000,3696137,393.000000000000000,311777.000000000000000,5371,4381190,4341,4007914,9319,8077212
321,10/30/2021 15:00:00,2633,4072046,1859.000000000000000,3697996,308.000000000000000,312085.000000000000000,2941,4384131,2167,4010081,4800,8082012
322,10/31/2021 15:00:00,1952,4073998,1518.000000000000000,3699514,93.000000000000000,312178.000000000000000,2045,4386176,1611,4011692,3563,8085575
323,11/1/2021 15:00:00,4670,4078668,3486.000000000000000,3703000,340.000000000000000,312518.000000000000000,5010,4391186,3826,4015518,8496,8094071
324,11/2/2021 15:00:00,4256,4082924,3031.000000000000000,3706031,406.000000000000000,312924.000000000000000,4662,4395848,3437,4018955,7693,8101764
325,11/3/2021 15:00:00,4678,4087602,3131.000000000000000,3709162,460.000000000000000,313384.000000000000000,5138,4400986,3591,4022546,8269,8110033
326,11/4/2021 15:00:00,6292,4093894,3427.000000000000000,3712589,512.000000000000000,313896.000000000000000,6804,4407790,3939,4026485,10231,8120264
327,11/5/2021 15:00:00,8208,4102102,3843.000000000000000,3716432,408.000000000000000,314304.000000000000000,8616,4416406,4251,4030736,12459,8132723
328,11/6/2021 15:00:00,10061,4112163,1993.000000000000000,3718425,305.000000000000000,314609.000000000000000,10366,4426772,2298,4033034,12359,8145082
329,11/7/2021 15:00:00,7703,4119866,1477.000000000000000,3719902,94.000000000000000,314703.000000000000000,7797,4434569,1571,4034605,9274,8154356
330,11/8/2021 15:00:00,11287,4131153,3114.000000000000000,3723016,379.000000000000000,315082.000000000000000,11666,4446235,3493,4038098,14780,8169136
331,11/9/2021 15:00:00,11753,4142906,2737.000000000000000,3725753,268.000000000000000,315350.000000000000000,12021,4458256,3005,4041103,14758,8183894
332,11/10/2021 15:00:00,12561,4155467,2837.000000000000000,3728590,338.000000000000000,315688.000000000000000,12899,4471155,3175,4044278,15736,8199630
333,11/11/2021 15:00:00,11325,4166792,2463.000000000000000,3731053,281.000000000000000,315969.000000000000000,11606,4482761,2744,4047022,14069,8213699
334,11/12/2021 15:00:00,12261,4179053,3443.000000000000000,3734496,548.000000000000000,316517.000000000000000,12809,4495570,3991,4051013,16252,8229951
335,11/13/2021 15:00:00,9740,4188793,1604.000000000000000,3736100,342.000000000000000,316859.000000000000000,10082,4505652,1946,4052959,11686,8241637
336,11/14/2021 15:00:00,3917,4192710,1132.000000000000000,3737232,121.000000000000000,316980.000000000000000,4038,4509690,1253,4054212,5170,8246807
337,11/15/2021 15:00:00,8597,4201307,2622.000000000000000,3739854,205.000000000000000,317185.000000000000000,8802,4518492,2827,4057039,11424,8258231
338,11/16/2021 15:00:00,9221,4210528,2599.000000000000000,3742453,255.000000000000000,317440.000000000000000,9476,4527968,2854,4059893,12075,8270306
339,11/17/2021 15:00:00,9374,4219902,2960.000000000000000,3745413,312.000000000000000,317752.000000000000000,9686,4537654,3272,4063165,12646,8282952
340,11/18/2021 15:00:00,9274,4229176,2711.000000000000000,3748124,479.000000000000000,318231.000000000000000,9753,4547407,3190,4066355,12464,8295416
341,11/19/2021 15:00:00,9781,4238957,3021.000000000000000,3751145,382.000000000000000,318613.000000000000000,10163,4557570,3403,4069758,13184,8308600
342,11/20/2021 15:00:00,10625,4249582,1620.000000000000000,3752765,453.000000000000000,319066.000000000000000,11078,4568648,2073,4071831,12698,8321298
343,11/21/2021 15:00:00,4348,4253930,1208.000000000000000,3753973,99.000000000000000,319165.000000000000000,4447,4573095,1307,4073138,5655,8326953
344,11/22/2021 15:00:00,9768,4263698,2573.000000000000000,3756546,292.000000000000000,319457.000000000000000,10060,4583155,2865,4076003,12633,8339586
345,11/23/2021 15:00:00,9172,4272870,2495.000000000000000,3759041,280.000000000000000,319737.000000000000000,9452,4592607,2775,4078778,11947,8351533
346,11/24/2021 15:00:00,8096,4280966,2544.000000000000000,3761585,216.000000000000000,319953.000000000000000,8312,4600919,2760,4081538,10856,8362389
347,11/25/2021 15:00:00,238,4281204,77.000000000000000,3761662,9.000000000000000,319962.000000000000000,247,4601166,86,4081624,324,8362713
348,11/26/2021 15:00:00,5675,4286879,4048.000000000000000,3765710,152.000000000000000,320114.000000000000000,5827,4606993,4200,4085824,9875,8372588
349,11/27/2021 15:00:00,3785,4290664,5446.000000000000000,3771156,134.000000000000000,320248.000000000000000,3919,4610912,5580,4091404,9365,8381953
350,11/28/2021 15:00:00,2421,4293085,6365.000000000000000,3777521,77.000000000000000,320325.000000000000000,2498,4613410,6442,4097846,8863,8390816
351,11/29/2021 15:00:00,6363,4299448,9310.000000000000000,3786831,378.000000000000000,320703.000000000000000,6741,4620151,9688,4107534,16051,8406867
352,11/30/2021 15:00:00,6207,4305655,9334.000000000000000,3796165,264.000000000000000,320967.000000000000000,6471,4626622,9598,4117132,15805,8422672
353,12/1/2021 15:00:00,7184,4312839,9610.000000000000000,3805775,305.000000000000000,321272.000000000000000,7489,4634111,9915,4127047,17099,8439771
354,12/2/2021 15:00:00,6839,4319678,8758.000000000000000,3814533,449.000000000000000,321721.000000000000000,7288,4641399,9207,4136254,16046,8455817
355,12/3/2021 15:00:00,7506,4327184,9186.000000000000000,3823719,247.000000000000000,321968.000000000000000,7753,4649152,9433,4145687,16939,8472756
356,12/4/2021 15:00:00,5832,4333016,9558.000000000000000,3833277,457.000000000000000,322425.000000000000000,6289,4655441,10015,4155702,15847,8488603
357,12/5/2021 15:00:00,3466,4336482,3114.000000000000000,3836391,76.000000000000000,322501.000000000000000,3542,4658983,3190,4158892,6656,8495259
358,12/6/2021 15:00:00,6558,4343040,6933.000000000000000,3843324,275.000000000000000,322776.000000000000000,6833,4665816,7208,4166100,13766,8509025
359,12/7/2021 15:00:00,6184,4349224,6713.000000000000000,3850037,241.000000000000000,323017.000000000000000,6425,4672241,6954,4173054,13138,8522163
360,12/8/2021 15:00:00,6691,4355915,7126.000000000000000,3857163,309.000000000000000,323326.000000000000000,7000,4679241,7435,4180489,14126,8536289
361,12/9/2021 15:00:00,6275,4362190,6778.000000000000000,3863941,397.000000000000000,323723.000000000000000,6672,4685913,7175,4187664,13450,8549739
362,12/10/2021 15:00:00,7033,4369223,7138.000000000000000,3871079,226.000000000000000,323949.000000000000000,7259,4693172,7364,4195028,14397,8564136
363,12/11/2021 15:00:00,4331,4373554,7190.000000000000000,3878269,331.000000000000000,324280.000000000000000,4662,4697834,7521,4202549,11852,8575988
364,12/12/2021 15:00:00,3986,4377540,2774.000000000000000,3881043,60.000000000000000,324340.000000000000000,4046,4701880,2834,4205383,6820,8582808
365,12/13/2021 15:00:00,5538,4383078,5603.000000000000000,3886646,238.000000000000000,324578.000000000000000,5776,4707656,5841,4211224,11379,8594187
366,12/14/2021 15:00:00,6279,4389357,5799.000000000000000,3892445,204.000000000000000,324782.000000000000000,6483,4714139,6003,4217227,12282,8606469
367,12/15/2021 15:00:00,6902,4396259,5502.000000000000000,3897947,245.000000000000000,325027.000000000000000,7147,4721286,5747,4222974,12649,8619118
368,12/16/2021 15:00:00,7610,4403869,2768.000000000000000,3900715,414.000000000000000,325441.000000000000000,8024,4729310,3182,4226156,10792,8629910
369,12/17/2021 15:00:00,7599,4411468,4025.000000000000000,3904740,184.000000000000000,325625.000000000000000,7783,4737093,4209,4230365,11808,8641718
370,12/18/2021 15:00:00,5689,4417157,3103.000000000000000,3907843,294.000000000000000,325919.000000000000000,5983,4743076,3397,4233762,9086,8650804
371,12/19/2021 15:00:00,3331,4420488,1290.000000000000000,3909133,35.000000000000000,325954.000000000000000,3366,4746442,1325,4235087,4656,8655460
372,12/20/2021 15:00:00,7829,4428317,3672.000000000000000,3912805,150.000000000000000,326104.000000000000000,7979,4754421,3822,4238909,11651,8667111
373,12/21/2021 15:00:00,8722,4437039,4109.000000000000000,3916914,158.000000000000000,326262.000000000000000,8880,4763301,4267,4243176,12989,8680100
374,12/22/2021 15:00:00,8302,4445341,3773.000000000000000,3920687,169.000000000000000,326431.000000000000000,8471,4771772,3942,4247118,12244,8692344
375,12/23/2021 15:00:00,8065,4453406,3460.000000000000000,3924147,351.000000000000000,326782.000000000000000,8416,4780188,3811,4250929,11876,8704220
376,12/24/2021 15:00:00,1565,4454971,986.000000000000000,3925133,36.000000000000000,326818.000000000000000,1601,4781789,1022,4251951,2587,8706807
377,12/25/2021 15:00:00,47,4455018,36.000000000000000,3925169,1.000000000000000,326819.000000000000000,48,4781837,37,4251988,84,8706891
378,12/26/2021 15:00:00,2479,4457497,1726.000000000000000,3926895,44.000000000000000,326863.000000000000000,2523,4784360,1770,4253758,4249,8711140
379,12/27/2021 15:00:00,6997,4464494,3917.000000000000000,3930812,293.000000000000000,327156.000000000000000,7290,4791650,4210,4257968,11207,8722347
380,12/28/2021 15:00:00,7539,4472033,3673.000000000000000,3934485,157.000000000000000,327313.000000000000000,7696,4799346,3830,4261798,11369,8733716
381,12/29/2021 15:00:00,7820,4479853,3854.000000000000000,3938339,152.000000000000000,327465.000000000000000,7972,4807318,4006,4265804,11826,8745542
382,12/30/2021 15:00:00,7066,4486919,3617.000000000000000,3941956,280.000000000000000,327745.000000000000000,7346,4814664,3897,4269701,10963,8756505
383,12/31/2021 15:00:00,2464,4489383,1457.000000000000000,3943413,89.000000000000000,327834.000000000000000,2553,4817217,1546,4271247,4010,8760515
384,1/1/2022 15:00:00,664,4490047,319.000000000000000,3943732,31.000000000000000,327865.000000000000000,695,4817912,350,4271597,1014,8761529
385,1/2/2022 15:00:00,2139,4492186,1590.000000000000000,3945322,42.000000000000000,327907.000000000000000,2181,4820093,1632,4273229,3771,8765300
386,1/3/2022 15:00:00,3257,4495443,2000.000000000000000,3947322,219.000000000000000,328126.000000000000000,3476,4823569,2219,4275448,5476,8770776
387,1/4/2022 15:00:00,5571,4501014,3326.000000000000000,3950648,160.000000000000000,328286.000000000000000,5731,4829300,3486,4278934,9057,8779833
388,1/5/2022 15:00:00,6456,4507470,4479.000000000000000,3955127,162.000000000000000,328448.000000000000000,6618,4835918,4641,4283575,11097,8790930
389,1/6/2022 15:00:00,6348,4513818,4530.000000000000000,3959657,253.000000000000000,328701.000000000000000,6601,4842519,4783,4288358,11131,8802061
390,1/7/2022 15:00:00,5516,4519334,3496.000000000000000,3963153,150.000000000000000,328851.000000000000000,5666,4848185,3646,4292004,9162,8811223
391,1/8/2022 15:00:00,4234,4523568,3580.000000000000000,3966733,71.000000000000000,328922.000000000000000,4305,4852490,3651,4295655,7885,8819108
392,1/9/2022 15:00:00,2665,4526233,1937.000000000000000,3968670,152.000000000000000,329074.000000000000000,2817,4855307,2089,4297744,4754,8823862
393,1/10/2022 15:00:00,5587,4531820,3487.000000000000000,3972157,132.000000000000000,329206.000000000000000,5719,4861026,3619,4301363,9206,8833068
394,1/11/2022 15:00:00,3173,4534993,2293.000000000000000,3974450,87.000000000000000,329293.000000000000000,3260,4864286,2380,4303743,5553,8838621