OBJECTID,VACCINATION_DATE,FirstDailyDose,FirstDoseCumulative,SecondDailyDose,SecondDoseCumulative,SingleDailyDose,SingleDoseCumulative,AtleastOneVaccine,AtleastOneVaccineCumulative,CompletedVax,CompletedVaxCumulative,FirstSecondSingleVaccination_12,FirstSecondSingleVaccination_13
1,12/14/2020 15:00:00,19,1369,,520,,,19,1369,0,520,19,1785
2,12/15/2020 15:00:00,61,1430,3.000000000000000,523,,,61,1430,3,523,64,1849
3,12/16/2020 15:00:00,590,2020,5.000000000000000,528,,,590,2020,5,528,595,2444
4,12/17/2020 15:00:00,1158,3178,6.000000000000000,534,,,1158,3178,6,534,1164,3608
5,12/18/2020 15:00:00,3017,6195,13.000000000000000,547,,,3017,6195,13,547,3030,6638
6,12/19/2020 15:00:00,931,7126,5.000000000000000,552,,,931,7126,5,552,936,7574
7,12/20/2020 15:00:00,363,7489,6.000000000000000,558,,,363,7489,6,558,369,7943
8,12/21/2020 15:00:00,3886,11375,26.000000000000000,584,,,3886,11375,26,584,3912,11855
9,12/22/2020 15:00:00,6323,17698,26.000000000000000,610,,,6323,17698,26,610,6349,18204
10,12/23/2020 15:00:00,5778,23476,36.000000000000000,646,,,5778,23476,36,646,5814,24018
11,12/24/2020 15:00:00,2724,26200,16.000000000000000,662,,,2724,26200,16,662,2740,26758
12,12/25/2020 15:00:00,1035,27235,4.000000000000000,666,,,1035,27235,4,666,1039,27797
13,12/26/2020 15:00:00,1882,29117,9.000000000000000,675,,,1882,29117,9,675,1891,29688
14,12/27/2020 15:00:00,1802,30919,12.000000000000000,687,,,1802,30919,12,687,1814,31502
15,12/28/2020 15:00:00,8982,39901,48.000000000000000,735,,,8982,39901,48,735,9030,40532
16,12/29/2020 15:00:00,10965,50866,53.000000000000000,788,,,10965,50866,53,788,11018,51550
17,12/30/2020 15:00:00,12493,63359,88.000000000000000,876,,,12493,63359,88,876,12581,64131
18,12/31/2020 15:00:00,7551,70910,47.000000000000000,923,,,7551,70910,47,923,7598,71729
19,1/1/2021 15:00:00,3252,74162,138.000000000000000,1061,,,3252,74162,138,1061,3390,75119
20,1/2/2021 15:00:00,3039,77201,34.000000000000000,1095,,,3039,77201,34,1095,3073,78192
21,1/3/2021 15:00:00,3407,80608,81.000000000000000,1176,,,3407,80608,81,1176,3488,81680
22,1/4/2021 15:00:00,13356,93964,332.000000000000000,1508,,,13356,93964,332,1508,13688,95368
23,1/5/2021 15:00:00,12483,106447,547.000000000000000,2055,,,12483,106447,547,2055,13030,108398
24,1/6/2021 15:00:00,15260,121707,863.000000000000000,2918,,,15260,121707,863,2918,16123,124521
25,1/7/2021 15:00:00,15033,136740,1771.000000000000000,4689,,,15033,136740,1771,4689,16804,141325
26,1/8/2021 15:00:00,24009,160749,2780.000000000000000,7469,,,24009,160749,2780,7469,26789,168114
27,1/9/2021 15:00:00,5173,165922,953.000000000000000,8422,,,5173,165922,953,8422,6126,174240
28,1/10/2021 15:00:00,2970,168892,384.000000000000000,8806,,,2970,168892,384,8806,3354,177594
29,1/11/2021 15:00:00,13719,182611,3469.000000000000000,12275,,,13719,182611,3469,12275,17188,194782
30,1/12/2021 15:00:00,17384,199995,5591.000000000000000,17866,,,17384,199995,5591,17866,22975,217757
31,1/13/2021 15:00:00,18619,218614,3918.000000000000000,21784,,,18619,218614,3918,21784,22537,240294
32,1/14/2021 15:00:00,17847,236461,1962.000000000000000,23746,,,17847,236461,1962,23746,19809,260103
33,1/15/2021 15:00:00,19474,255935,2030.000000000000000,25776,,,19474,255935,2030,25776,21504,281607
34,1/16/2021 15:00:00,5831,261766,1616.000000000000000,27392,,,5831,261766,1616,27392,7447,289054
35,1/17/2021 15:00:00,2121,263887,1479.000000000000000,28871,,,2121,263887,1479,28871,3600,292654
36,1/18/2021 15:00:00,7074,270961,3255.000000000000000,32126,,,7074,270961,3255,32126,10329,302983
37,1/19/2021 15:00:00,16953,287914,5404.000000000000000,37530,,,16953,287914,5404,37530,22357,325340
38,1/20/2021 15:00:00,21000,308914,5321.000000000000000,42851,,,21000,308914,5321,42851,26321,351661
39,1/21/2021 15:00:00,23806,332720,3838.000000000000000,46689,,,23806,332720,3838,46689,27644,379305
40,1/22/2021 15:00:00,28656,361376,3751.000000000000000,50440,,,28656,361376,3751,50440,32407,411712
41,1/23/2021 15:00:00,10115,371491,1942.000000000000000,52382,,,10115,371491,1942,52382,12057,423769
42,1/24/2021 15:00:00,3352,374843,1723.000000000000000,54105,,,3352,374843,1723,54105,5075,428844
43,1/25/2021 15:00:00,16304,391147,8600.000000000000000,62705,,,16304,391147,8600,62705,24904,453748
44,1/26/2021 15:00:00,17558,408705,8972.000000000000000,71677,,,17558,408705,8972,71677,26530,480278
45,1/27/2021 15:00:00,24436,433141,12544.000000000000000,84221,,,24436,433141,12544,84221,36980,517258
46,1/28/2021 15:00:00,22652,455793,9329.000000000000000,93550,,,22652,455793,9329,93550,31981,549239
47,1/29/2021 15:00:00,24777,480570,7926.000000000000000,101476,,,24777,480570,7926,101476,32703,581942
48,1/30/2021 15:00:00,17777,498347,2559.000000000000000,104035,,,17777,498347,2559,104035,20336,602278
49,1/31/2021 15:00:00,3761,502108,1365.000000000000000,105400,,,3761,502108,1365,105400,5126,607404
50,2/1/2021 15:00:00,8097,510205,5370.000000000000000,110770,,,8097,510205,5370,110770,13467,620871
51,2/2/2021 15:00:00,12501,522706,13823.000000000000000,124593,,,12501,522706,13823,124593,26324,647195
52,2/3/2021 15:00:00,18249,540955,18134.000000000000000,142727,,,18249,540955,18134,142727,36383,683578
53,2/4/2021 15:00:00,22125,563080,15786.000000000000000,158513,,,22125,563080,15786,158513,37911,721489
54,2/5/2021 15:00:00,20345,583425,17417.000000000000000,175930,,,20345,583425,17417,175930,37762,759251
55,2/6/2021 15:00:00,11329,594754,14475.000000000000000,190405,,,11329,594754,14475,190405,25804,785055
56,2/7/2021 15:00:00,5951,600705,1837.000000000000000,192242,,,5951,600705,1837,192242,7788,792843
57,2/8/2021 15:00:00,12981,613686,12918.000000000000000,205160,,,12981,613686,12918,205160,25899,818742
58,2/9/2021 15:00:00,16648,630334,13873.000000000000000,219033,,,16648,630334,13873,219033,30521,849263
59,2/10/2021 15:00:00,19294,649628,21229.000000000000000,240262,,,19294,649628,21229,240262,40523,889786
60,2/11/2021 15:00:00,22847,672475,17342.000000000000000,257604,,,22847,672475,17342,257604,40189,929975
61,2/12/2021 15:00:00,20392,692867,19634.000000000000000,277238,,,20392,692867,19634,277238,40026,970001
62,2/13/2021 15:00:00,11437,704304,6418.000000000000000,283656,,,11437,704304,6418,283656,17855,987856
63,2/14/2021 15:00:00,7110,711414,2128.000000000000000,285784,,,7110,711414,2128,285784,9238,997094
64,2/15/2021 15:00:00,11763,723177,13327.000000000000000,299111,,,11763,723177,13327,299111,25090,1022184
65,2/16/2021 15:00:00,16606,739783,21020.000000000000000,320131,,,16606,739783,21020,320131,37626,1059810
66,2/17/2021 15:00:00,20655,760438,26376.000000000000000,346507,,,20655,760438,26376,346507,47031,1106841
67,2/18/2021 15:00:00,3198,763636,4619.000000000000000,351126,,,3198,763636,4619,351126,7817,1114658
68,2/19/2021 15:00:00,10253,773889,19924.000000000000000,371050,,,10253,773889,19924,371050,30177,1144835
69,2/20/2021 15:00:00,10311,784200,20286.000000000000000,391336,,,10311,784200,20286,391336,30597,1175432
70,2/21/2021 15:00:00,6180,790380,7647.000000000000000,398983,,,6180,790380,7647,398983,13827,1189259
71,2/22/2021 15:00:00,8034,798414,15470.000000000000000,414453,,,8034,798414,15470,414453,23504,1212763
72,2/23/2021 15:00:00,15529,813943,15985.000000000000000,430438,,,15529,813943,15985,430438,31514,1244277
73,2/24/2021 15:00:00,17952,831895,24740.000000000000000,455178,,,17952,831895,24740,455178,42692,1286969
74,2/25/2021 15:00:00,20392,852287,26559.000000000000000,481737,,,20392,852287,26559,481737,46951,1333920
75,2/26/2021 15:00:00,26717,879004,26219.000000000000000,507956,,,26717,879004,26219,507956,52936,1386856
76,2/27/2021 15:00:00,16004,895008,11160.000000000000000,519116,,,16004,895008,11160,519116,27164,1414020
77,2/28/2021 15:00:00,15496,910504,4883.000000000000000,523999,,,15496,910504,4883,523999,20379,1434399
78,3/1/2021 15:00:00,26984,937488,12618.000000000000000,536617,,,26984,937488,12618,536617,39602,1474001
79,3/2/2021 15:00:00,23919,961407,13276.000000000000000,549893,34.000000000000000,34.000000000000000,23953,961441,13310,549927,37229,1511230
80,3/3/2021 15:00:00,30193,991600,18393.000000000000000,568286,188.000000000000000,222.000000000000000,30381,991822,18581,568508,48774,1560004
81,3/4/2021 15:00:00,30960,1022560,18197.000000000000000,586483,4069.000000000000000,4291.000000000000000,35029,1026851,22266,590774,53226,1613230
82,3/5/2021 15:00:00,30025,1052585,19718.000000000000000,606201,4909.000000000000000,9200.000000000000000,34934,1061785,24627,615401,54652,1667882
83,3/6/2021 15:00:00,18914,1071499,9508.000000000000000,615709,6010.000000000000000,15210.000000000000000,24924,1086709,15518,630919,34432,1702314
84,3/7/2021 15:00:00,12121,1083620,4862.000000000000000,620571,6612.000000000000000,21822.000000000000000,18733,1105442,11474,642393,23595,1725909
85,3/8/2021 15:00:00,25881,1109501,8844.000000000000000,629415,8272.000000000000000,30094.000000000000000,34153,1139595,17116,659509,42997,1768906
86,3/9/2021 15:00:00,26124,1135625,15468.000000000000000,644883,8345.000000000000000,38439.000000000000000,34469,1174064,23813,683322,49937,1818843
87,3/10/2021 15:00:00,29854,1165479,15998.000000000000000,660881,7940.000000000000000,46379.000000000000000,37794,1211858,23938,707260,53792,1872635
88,3/11/2021 15:00:00,35990,1201469,16402.000000000000000,677283,3980.000000000000000,50359.000000000000000,39970,1251828,20382,727642,56372,1929007
89,3/12/2021 15:00:00,36918,1238387,18084.000000000000000,695367,2924.000000000000000,53283.000000000000000,39842,1291670,21008,748650,57926,1986933
90,3/13/2021 15:00:00,22669,1261056,10282.000000000000000,705649,1629.000000000000000,54912.000000000000000,24298,1315968,11911,760561,34580,2021513
91,3/14/2021 15:00:00,17833,1278889,6720.000000000000000,712369,1005.000000000000000,55917.000000000000000,18838,1334806,7725,768286,25558,2047071
92,3/15/2021 15:00:00,29828,1308717,11305.000000000000000,723674,597.000000000000000,56514.000000000000000,30425,1365231,11902,780188,41730,2088801
93,3/16/2021 15:00:00,33415,1342132,13574.000000000000000,737248,769.000000000000000,57283.000000000000000,34184,1399415,14343,794531,47758,2136559
94,3/17/2021 15:00:00,37571,1379703,17056.000000000000000,754304,1181.000000000000000,58464.000000000000000,38752,1438167,18237,812768,55808,2192367
95,3/18/2021 15:00:00,41444,1421147,12648.000000000000000,766952,1348.000000000000000,59812.000000000000000,42792,1480959,13996,826764,55440,2247807
96,3/19/2021 15:00:00,38332,1459479,15418.000000000000000,782370,1042.000000000000000,60854.000000000000000,39374,1520333,16460,843224,54792,2302599
97,3/20/2021 15:00:00,24704,1484183,10160.000000000000000,792530,703.000000000000000,61557.000000000000000,25407,1545740,10863,854087,35567,2338166
98,3/21/2021 15:00:00,19178,1503361,7880.000000000000000,800410,336.000000000000000,61893.000000000000000,19514,1565254,8216,862303,27394,2365560
99,3/22/2021 15:00:00,32591,1535952,11479.000000000000000,811889,835.000000000000000,62728.000000000000000,33426,1598680,12314,874617,44905,2410465
100,3/23/2021 15:00:00,38418,1574370,17804.000000000000000,829693,1554.000000000000000,64282.000000000000000,39972,1638652,19358,893975,57776,2468241
101,3/24/2021 15:00:00,41086,1615456,21213.000000000000000,850906,1387.000000000000000,65669.000000000000000,42473,1681125,22600,916575,63686,2531927
102,3/25/2021 15:00:00,42887,1658343,21690.000000000000000,872596,2458.000000000000000,68127.000000000000000,45345,1726470,24148,940723,67035,2598962
103,3/26/2021 15:00:00,36362,1694705,26678.000000000000000,899274,2496.000000000000000,70623.000000000000000,38858,1765328,29174,969897,65536,2664498
104,3/27/2021 15:00:00,26478,1721183,17277.000000000000000,916551,2490.000000000000000,73113.000000000000000,28968,1794296,19767,989664,46245,2710743
105,3/28/2021 15:00:00,17012,1738195,12640.000000000000000,929191,1615.000000000000000,74728.000000000000000,18627,1812923,14255,1003919,31267,2742010
106,3/29/2021 15:00:00,29718,1767913,26284.000000000000000,955475,1140.000000000000000,75868.000000000000000,30858,1843781,27424,1031343,57142,2799152
107,3/30/2021 15:00:00,40060,1807973,28991.000000000000000,984466,1863.000000000000000,77731.000000000000000,41923,1885704,30854,1062197,70914,2870066
108,3/31/2021 15:00:00,41034,1849007,34691.000000000000000,1019157,5748.000000000000000,83479.000000000000000,46782,1932486,40439,1102636,81473,2951539
109,4/1/2021 15:00:00,42340,1891347,41014.000000000000000,1060171,5740.000000000000000,89219.000000000000000,48080,1980566,46754,1149390,89094,3040633
110,4/2/2021 15:00:00,34927,1926274,32671.000000000000000,1092842,6124.000000000000000,95343.000000000000000,41051,2021617,38795,1188185,73722,3114355
111,4/3/2021 15:00:00,21148,1947422,19186.000000000000000,1112028,4388.000000000000000,99731.000000000000000,25536,2047153,23574,1211759,44722,3159077
112,4/4/2021 15:00:00,8279,1955701,10184.000000000000000,1122212,967.000000000000000,100698.000000000000000,9246,2056399,11151,1222910,19430,3178507
113,4/5/2021 15:00:00,27948,1983649,28907.000000000000000,1151119,6657.000000000000000,107355.000000000000000,34605,2091004,35564,1258474,63512,3242019
114,4/6/2021 15:00:00,39768,2023417,30441.000000000000000,1181560,10494.000000000000000,117849.000000000000000,50262,2141266,40935,1299409,80703,3322722
115,4/7/2021 15:00:00,36091,2059508,34279.000000000000000,1215839,12987.000000000000000,130836.000000000000000,49078,2190344,47266,1346675,83357,3406079
116,4/8/2021 15:00:00,42336,2101844,36099.000000000000000,1251938,13865.000000000000000,144701.000000000000000,56201,2246545,49964,1396639,92300,3498379
117,4/9/2021 15:00:00,34057,2135901,36314.000000000000000,1288252,14523.000000000000000,159224.000000000000000,48580,2295125,50837,1447476,84894,3583273
118,4/10/2021 15:00:00,23468,2159369,23131.000000000000000,1311383,7641.000000000000000,166865.000000000000000,31109,2326234,30772,1478248,54240,3637513
119,4/11/2021 15:00:00,17564,2176933,13279.000000000000000,1324662,10119.000000000000000,176984.000000000000000,27683,2353917,23398,1501646,40962,3678475
120,4/12/2021 15:00:00,24607,2201540,33156.000000000000000,1357818,10895.000000000000000,187879.000000000000000,35502,2389419,44051,1545697,68658,3747133
121,4/13/2021 15:00:00,126194,2327734,91231.000000000000000,1449049,3292.000000000000000,191171.000000000000000,129486,2518905,94523,1640220,220717,3967850
122,4/14/2021 15:00:00,40716,2368450,37819.000000000000000,1486868,212.000000000000000,191383.000000000000000,40928,2559833,38031,1678251,78747,4046597
123,4/15/2021 15:00:00,41414,2409864,39543.000000000000000,1526411,174.000000000000000,191557.000000000000000,41588,2601421,39717,1717968,81131,4127728
124,4/16/2021 15:00:00,37143,2447007,38856.000000000000000,1565267,24.000000000000000,191581.000000000000000,37167,2638588,38880,1756848,76023,4203751
125,4/17/2021 15:00:00,32801,2479808,22025.000000000000000,1587292,12.000000000000000,191593.000000000000000,32813,2671401,22037,1778885,54838,4258589
126,4/18/2021 15:00:00,20069,2499877,16195.000000000000000,1603487,5.000000000000000,191598.000000000000000,20074,2691475,16200,1795085,36269,4294858
127,4/19/2021 15:00:00,29897,2529774,36545.000000000000000,1640032,61.000000000000000,191659.000000000000000,29958,2721433,36606,1831691,66503,4361361
128,4/20/2021 15:00:00,32936,2562710,44442.000000000000000,1684474,57.000000000000000,191716.000000000000000,32993,2754426,44499,1876190,77435,4438796
129,4/21/2021 15:00:00,39829,2602539,47047.000000000000000,1731521,26.000000000000000,191742.000000000000000,39855,2794281,47073,1923263,86902,4525698
130,4/22/2021 15:00:00,35861,2638400,42644.000000000000000,1774165,16.000000000000000,191758.000000000000000,35877,2830158,42660,1965923,78521,4604219
131,4/23/2021 15:00:00,33145,2671545,40141.000000000000000,1814306,14.000000000000000,191772.000000000000000,33159,2863317,40155,2006078,73300,4677519
132,4/24/2021 15:00:00,26413,2697958,27897.000000000000000,1842203,81.000000000000000,191853.000000000000000,26494,2889811,27978,2034056,54391,4731910
133,4/25/2021 15:00:00,20235,2718193,10968.000000000000000,1853171,31.000000000000000,191884.000000000000000,20266,2910077,10999,2045055,31234,4763144
134,4/26/2021 15:00:00,27411,2745604,32711.000000000000000,1885882,201.000000000000000,192085.000000000000000,27612,2937689,32912,2077967,60323,4823467
135,4/27/2021 15:00:00,26691,2772295,33067.000000000000000,1918949,1097.000000000000000,193182.000000000000000,27788,2965477,34164,2112131,60855,4884322
136,4/28/2021 15:00:00,28930,2801225,39536.000000000000000,1958485,1363.000000000000000,194545.000000000000000,30293,2995770,40899,2153030,69829,4954151
137,4/29/2021 15:00:00,27074,2828299,39741.000000000000000,1998226,1464.000000000000000,196009.000000000000000,28538,3024308,41205,2194235,68279,5022430
138,4/30/2021 15:00:00,28208,2856507,32264.000000000000000,2030490,1647.000000000000000,197656.000000000000000,29855,3054163,33911,2228146,62119,5084549
139,5/1/2021 15:00:00,20699,2877206,26678.000000000000000,2057168,1048.000000000000000,198704.000000000000000,21747,3075910,27726,2255872,48425,5132974
140,5/2/2021 15:00:00,10288,2887494,17039.000000000000000,2074207,822.000000000000000,199526.000000000000000,11110,3087020,17861,2273733,28149,5161123
141,5/3/2021 15:00:00,12757,2900251,28577.000000000000000,2102784,1915.000000000000000,201441.000000000000000,14672,3101692,30492,2304225,43249,5204372
142,5/4/2021 15:00:00,13571,2913822,38609.000000000000000,2141393,1738.000000000000000,203179.000000000000000,15309,3117001,40347,2344572,53918,5258290
143,5/5/2021 15:00:00,19323,2933145,37754.000000000000000,2179147,1921.000000000000000,205100.000000000000000,21244,3138245,39675,2384247,58998,5317288
144,5/6/2021 15:00:00,16920,2950065,40594.000000000000000,2219741,1721.000000000000000,206821.000000000000000,18641,3156886,42315,2426562,59235,5376523
145,5/7/2021 15:00:00,17586,2967651,36997.000000000000000,2256738,1959.000000000000000,208780.000000000000000,19545,3176431,38956,2465518,56542,5433065
146,5/8/2021 15:00:00,10792,2978443,31220.000000000000000,2287958,1290.000000000000000,210070.000000000000000,12082,3188513,32510,2498028,43302,5476367
147,5/9/2021 15:00:00,5083,2983526,12241.000000000000000,2300199,695.000000000000000,210765.000000000000000,5778,3194291,12936,2510964,18019,5494386
148,5/10/2021 15:00:00,8953,2992479,31050.000000000000000,2331249,1362.000000000000000,212127.000000000000000,10315,3204606,32412,2543376,41365,5535751
149,5/11/2021 15:00:00,12186,3004665,30284.000000000000000,2361533,1441.000000000000000,213568.000000000000000,13627,3218233,31725,2575101,43911,5579662
150,5/12/2021 15:00:00,13945,3018610,38619.000000000000000,2400152,1919.000000000000000,215487.000000000000000,15864,3234097,40538,2615639,54483,5634145
151,5/13/2021 15:00:00,21836,3040446,33510.000000000000000,2433662,1347.000000000000000,216834.000000000000000,23183,3257280,34857,2650496,56693,5690838
152,5/14/2021 15:00:00,24389,3064835,30042.000000000000000,2463704,1774.000000000000000,218608.000000000000000,26163,3283443,31816,2682312,56205,5747043
153,5/15/2021 15:00:00,21933,3086768,25104.000000000000000,2488808,1490.000000000000000,220098.000000000000000,23423,3306866,26594,2708906,48527,5795570
154,5/16/2021 15:00:00,9091,3095859,17584.000000000000000,2506392,1113.000000000000000,221211.000000000000000,10204,3317070,18697,2727603,27788,5823358
155,5/17/2021 15:00:00,16835,3112694,28401.000000000000000,2534793,1949.000000000000000,223160.000000000000000,18784,3335854,30350,2757953,47185,5870543
156,5/18/2021 15:00:00,21266,3133960,30688.000000000000000,2565481,1942.000000000000000,225102.000000000000000,23208,3359062,32630,2790583,53896,5924439
157,5/19/2021 15:00:00,27659,3161619,32433.000000000000000,2597914,1631.000000000000000,226733.000000000000000,29290,3388352,34064,2824647,61723,5986162
158,5/20/2021 15:00:00,20808,3182427,33267.000000000000000,2631181,1965.000000000000000,228698.000000000000000,22773,3411125,35232,2859879,56040,6042202
159,5/21/2021 15:00:00,19161,3201588,30348.000000000000000,2661529,1607.000000000000000,230305.000000000000000,20768,3431893,31955,2891834,51116,6093318
160,5/22/2021 15:00:00,16937,3218525,20685.000000000000000,2682214,1271.000000000000000,231576.000000000000000,18208,3450101,21956,2913790,38893,6132211
161,5/23/2021 15:00:00,8792,3227317,11445.000000000000000,2693659,965.000000000000000,232541.000000000000000,9757,3459858,12410,2926200,21202,6153413
162,5/24/2021 15:00:00,13566,3240883,17772.000000000000000,2711431,1473.000000000000000,234014.000000000000000,15039,3474897,19245,2945445,32811,6186224
163,5/25/2021 15:00:00,13070,3253953,18717.000000000000000,2730148,1329.000000000000000,235343.000000000000000,14399,3489296,20046,2965491,33116,6219340
164,5/26/2021 15:00:00,18314,3272267,19491.000000000000000,2749639,1512.000000000000000,236855.000000000000000,19826,3509122,21003,2986494,39317,6258657
165,5/27/2021 15:00:00,11686,3283953,18658.000000000000000,2768297,1116.000000000000000,237971.000000000000000,12802,3521924,19774,3006268,31460,6290117
166,5/28/2021 15:00:00,12415,3296368,19837.000000000000000,2788134,1401.000000000000000,239372.000000000000000,13816,3535740,21238,3027506,33653,6323770
167,5/29/2021 15:00:00,9514,3305882,11718.000000000000000,2799852,937.000000000000000,240309.000000000000000,10451,3546191,12655,3040161,22169,6345939
168,5/30/2021 15:00:00,4968,3310850,6428.000000000000000,2806280,596.000000000000000,240905.000000000000000,5564,3551755,7024,3047185,11992,6357931
169,5/31/2021 15:00:00,1778,3312628,3712.000000000000000,2809992,305.000000000000000,241210.000000000000000,2083,3553838,4017,3051202,5795,6363726
170,6/1/2021 15:00:00,9846,3322474,16426.000000000000000,2826418,1159.000000000000000,242369.000000000000000,11005,3564843,17585,3068787,27431,6391157
171,6/2/2021 15:00:00,10231,3332705,16815.000000000000000,2843233,959.000000000000000,243328.000000000000000,11190,3576033,17774,3086561,28005,6419162
172,6/3/2021 15:00:00,7899,3340604,21189.000000000000000,2864422,1087.000000000000000,244415.000000000000000,8986,3585019,22276,3108837,30175,6449337
173,6/4/2021 15:00:00,8196,3348800,22354.000000000000000,2886776,1120.000000000000000,245535.000000000000000,9316,3594335,23474,3132311,31670,6481007
174,6/5/2021 15:00:00,6999,3355799,19471.000000000000000,2906247,720.000000000000000,246255.000000000000000,7719,3602054,20191,3152502,27190,6508197
175,6/6/2021 15:00:00,3456,3359255,7249.000000000000000,2913496,423.000000000000000,246678.000000000000000,3879,3605933,7672,3160174,11128,6519325
176,6/7/2021 15:00:00,6858,3366113,15783.000000000000000,2929279,726.000000000000000,247404.000000000000000,7584,3613517,16509,3176683,23367,6542692
177,6/8/2021 15:00:00,6671,3372784,19733.000000000000000,2949012,830.000000000000000,248234.000000000000000,7501,3621018,20563,3197246,27234,6569926
178,6/9/2021 15:00:00,8199,3380983,23982.000000000000000,2972994,969.000000000000000,249203.000000000000000,9168,3630186,24951,3222197,33150,6603076
179,6/10/2021 15:00:00,7150,3388133,19135.000000000000000,2992129,895.000000000000000,250098.000000000000000,8045,3638231,20030,3242227,27180,6630256
180,6/11/2021 15:00:00,7485,3395618,17724.000000000000000,3009853,1125.000000000000000,251223.000000000000000,8610,3646841,18849,3261076,26334,6656590
181,6/12/2021 15:00:00,5239,3400857,14763.000000000000000,3024616,605.000000000000000,251828.000000000000000,5844,3652685,15368,3276444,20607,6677197
182,6/13/2021 15:00:00,1930,3402787,7608.000000000000000,3032224,427.000000000000000,252255.000000000000000,2357,3655042,8035,3284479,9965,6687162
183,6/14/2021 15:00:00,5659,3408446,11811.000000000000000,3044035,733.000000000000000,252988.000000000000000,6392,3661434,12544,3297023,18203,6705365
184,6/15/2021 15:00:00,5639,3414085,14337.000000000000000,3058372,873.000000000000000,253861.000000000000000,6512,3667946,15210,3312233,20849,6726214
185,6/16/2021 15:00:00,8757,3422842,21591.000000000000000,3079963,757.000000000000000,254618.000000000000000,9514,3677460,22348,3334581,31105,6757319
186,6/17/2021 15:00:00,6686,3429528,12364.000000000000000,3092327,720.000000000000000,255338.000000000000000,7406,3684866,13084,3347665,19770,6777089
187,6/18/2021 15:00:00,6835,3436363,12733.000000000000000,3105060,703.000000000000000,256041.000000000000000,7538,3692404,13436,3361101,20271,6797360
188,6/19/2021 15:00:00,4658,3441021,9376.000000000000000,3114436,615.000000000000000,256656.000000000000000,5273,3697677,9991,3371092,14649,6812009
189,6/20/2021 15:00:00,2505,3443526,5052.000000000000000,3119488,377.000000000000000,257033.000000000000000,2882,3700559,5429,3376521,7934,6819943
190,6/21/2021 15:00:00,5562,3449088,5331.000000000000000,3124819,635.000000000000000,257668.000000000000000,6197,3706756,5966,3382487,11528,6831471
191,6/22/2021 15:00:00,5345,3454433,9049.000000000000000,3133868,693.000000000000000,258361.000000000000000,6038,3712794,9742,3392229,15087,6846558
192,6/23/2021 15:00:00,6067,3460500,10324.000000000000000,3144192,646.000000000000000,259007.000000000000000,6713,3719507,10970,3403199,17037,6863595
193,6/24/2021 15:00:00,5935,3466435,8198.000000000000000,3152390,595.000000000000000,259602.000000000000000,6530,3726037,8793,3411992,14728,6878323
194,6/25/2021 15:00:00,5819,3472254,8656.000000000000000,3161046,620.000000000000000,260222.000000000000000,6439,3732476,9276,3421268,15095,6893418
195,6/26/2021 15:00:00,3700,3475954,6303.000000000000000,3167349,398.000000000000000,260620.000000000000000,4098,3736574,6701,3427969,10401,6903819
196,6/27/2021 15:00:00,2809,3478763,3520.000000000000000,3170869,185.000000000000000,260805.000000000000000,2994,3739568,3705,3431674,6514,6910333
197,6/28/2021 15:00:00,4918,3483681,6385.000000000000000,3177254,539.000000000000000,261344.000000000000000,5457,3745025,6924,3438598,11842,6922175
198,6/29/2021 15:00:00,5061,3488742,6472.000000000000000,3183726,519.000000000000000,261863.000000000000000,5580,3750605,6991,3445589,12052,6934227
199,6/30/2021 15:00:00,5614,3494356,7384.000000000000000,3191110,605.000000000000000,262468.000000000000000,6219,3756824,7989,3453578,13603,6947830
200,7/1/2021 15:00:00,5399,3499755,6985.000000000000000,3198095,499.000000000000000,262967.000000000000000,5898,3762722,7484,3461062,12883,6960713
201,7/2/2021 15:00:00,5290,3505045,6836.000000000000000,3204931,524.000000000000000,263491.000000000000000,5814,3768536,7360,3468422,12650,6973363
202,7/3/2021 15:00:00,3269,3508314,4065.000000000000000,3208996,264.000000000000000,263755.000000000000000,3533,3772069,4329,3472751,7598,6980961
203,7/4/2021 15:00:00,494,3508808,545.000000000000000,3209541,67.000000000000000,263822.000000000000000,561,3772630,612,3473363,1106,6982067
204,7/5/2021 15:00:00,3763,3512571,3952.000000000000000,3213493,287.000000000000000,264109.000000000000000,4050,3776680,4239,3477602,8002,6990069
205,7/6/2021 15:00:00,4490,3517061,6266.000000000000000,3219759,452.000000000000000,264561.000000000000000,4942,3781622,6718,3484320,11208,7001277
206,7/7/2021 15:00:00,4467,3521528,6410.000000000000000,3226169,482.000000000000000,265043.000000000000000,4949,3786571,6892,3491212,11359,7012636
207,7/8/2021 15:00:00,4834,3526362,6166.000000000000000,3232335,564.000000000000000,265607.000000000000000,5398,3791969,6730,3497942,11564,7024200
208,7/9/2021 15:00:00,5363,3531725,6660.000000000000000,3238995,573.000000000000000,266180.000000000000000,5936,3797905,7233,3505175,12596,7036796
209,7/10/2021 15:00:00,3516,3535241,4404.000000000000000,3243399,303.000000000000000,266483.000000000000000,3819,3801724,4707,3509882,8223,7045019
210,7/11/2021 15:00:00,2676,3537917,2565.000000000000000,3245964,225.000000000000000,266708.000000000000000,2901,3804625,2790,3512672,5466,7050485
211,7/12/2021 15:00:00,4417,3542334,5118.000000000000000,3251082,379.000000000000000,267087.000000000000000,4796,3809421,5497,3518169,9914,7060399
212,7/13/2021 15:00:00,4658,3546992,4721.000000000000000,3255803,366.000000000000000,267453.000000000000000,5024,3814445,5087,3523256,9745,7070144
213,7/14/2021 15:00:00,4616,3551608,5278.000000000000000,3261081,421.000000000000000,267874.000000000000000,5037,3819482,5699,3528955,10315,7080459
214,7/15/2021 15:00:00,4900,3556508,5015.000000000000000,3266096,359.000000000000000,268233.000000000000000,5259,3824741,5374,3534329,10274,7090733
215,7/16/2021 15:00:00,6274,3562782,5836.000000000000000,3271932,405.000000000000000,268638.000000000000000,6679,3831420,6241,3540570,12515,7103248
216,7/17/2021 15:00:00,3416,3566198,3548.000000000000000,3275480,303.000000000000000,268941.000000000000000,3719,3835139,3851,3544421,7267,7110515
217,7/18/2021 15:00:00,2310,3568508,2377.000000000000000,3277857,110.000000000000000,269051.000000000000000,2420,3837559,2487,3546908,4797,7115312
218,7/19/2021 15:00:00,5139,3573647,4609.000000000000000,3282466,381.000000000000000,269432.000000000000000,5520,3843079,4990,3551898,10129,7125441
219,7/20/2021 15:00:00,5332,3578979,4714.000000000000000,3287180,366.000000000000000,269798.000000000000000,5698,3848777,5080,3556978,10412,7135853
220,7/21/2021 15:00:00,5659,3584638,4940.000000000000000,3292120,416.000000000000000,270214.000000000000000,6075,3854852,5356,3562334,11015,7146868
221,7/22/2021 15:00:00,6022,3590660,4636.000000000000000,3296756,472.000000000000000,270686.000000000000000,6494,3861346,5108,3567442,11130,7157998
222,7/23/2021 15:00:00,6840,3597500,4843.000000000000000,3301599,497.000000000000000,271183.000000000000000,7337,3868683,5340,3572782,12180,7170178
223,7/24/2021 15:00:00,4280,3601780,3200.000000000000000,3304799,267.000000000000000,271450.000000000000000,4547,3873230,3467,3576249,7747,7177925
224,7/25/2021 15:00:00,3297,3605077,1113.000000000000000,3305912,139.000000000000000,271589.000000000000000,3436,3876666,1252,3577501,4549,7182474
225,7/26/2021 15:00:00,6213,3611290,3905.000000000000000,3309817,419.000000000000000,272008.000000000000000,6632,3883298,4324,3581825,10537,7193011
226,7/27/2021 15:00:00,6601,3617891,4277.000000000000000,3314094,457.000000000000000,272465.000000000000000,7058,3890356,4734,3586559,11335,7204346
227,7/28/2021 15:00:00,7076,3624967,4138.000000000000000,3318232,460.000000000000000,272925.000000000000000,7536,3897892,4598,3591157,11674,7216020
228,7/29/2021 15:00:00,7074,3632041,4300.000000000000000,3322532,419.000000000000000,273344.000000000000000,7493,3905385,4719,3595876,11793,7227813
229,7/30/2021 15:00:00,7812,3639853,4800.000000000000000,3327332,525.000000000000000,273869.000000000000000,8337,3913722,5325,3601201,13137,7240950
230,7/31/2021 15:00:00,4792,3644645,3074.000000000000000,3330406,273.000000000000000,274142.000000000000000,5065,3918787,3347,3604548,8139,7249089
231,8/1/2021 15:00:00,3879,3648524,2156.000000000000000,3332562,163.000000000000000,274305.000000000000000,4042,3922829,2319,3606867,6198,7255287
232,8/2/2021 15:00:00,7262,3655786,3838.000000000000000,3336400,340.000000000000000,274645.000000000000000,7602,3930431,4178,3611045,11440,7266727
233,8/3/2021 15:00:00,7260,3663046,4090.000000000000000,3340490,515.000000000000000,275160.000000000000000,7775,3938206,4605,3615650,11865,7278592
234,8/4/2021 15:00:00,7418,3670464,4117.000000000000000,3344607,535.000000000000000,275695.000000000000000,7953,3946159,4652,3620302,12070,7290662
235,8/5/2021 15:00:00,7939,3678403,4292.000000000000000,3348899,537.000000000000000,276232.000000000000000,8476,3954635,4829,3625131,12768,7303430
236,8/6/2021 15:00:00,8321,3686724,4727.000000000000000,3353626,454.000000000000000,276686.000000000000000,8775,3963410,5181,3630312,13502,7316932
237,8/7/2021 15:00:00,5292,3692016,2832.000000000000000,3356458,263.000000000000000,276949.000000000000000,5555,3968965,3095,3633407,8387,7325319
238,8/8/2021 15:00:00,3964,3695980,2054.000000000000000,3358512,143.000000000000000,277092.000000000000000,4107,3973072,2197,3635604,6161,7331480
239,8/9/2021 15:00:00,6929,3702909,4534.000000000000000,3363046,369.000000000000000,277461.000000000000000,7298,3980370,4903,3640507,11832,7343312
240,8/10/2021 15:00:00,7134,3710043,4458.000000000000000,3367504,339.000000000000000,277800.000000000000000,7473,3987843,4797,3645304,11931,7355243
241,8/11/2021 15:00:00,7057,3717100,4436.000000000000000,3371940,442.000000000000000,278242.000000000000000,7499,3995342,4878,3650182,11935,7367178
242,8/12/2021 15:00:00,8607,3725707,4734.000000000000000,3376674,445.000000000000000,278687.000000000000000,9052,4004394,5179,3655361,13786,7380964
243,8/13/2021 15:00:00,7139,3732846,5366.000000000000000,3382040,397.000000000000000,279084.000000000000000,7536,4011930,5763,3661124,12902,7393866
244,8/14/2021 15:00:00,4914,3737760,3342.000000000000000,3385382,285.000000000000000,279369.000000000000000,5199,4017129,3627,3664751,8541,7402407
245,8/15/2021 15:00:00,3328,3741088,2736.000000000000000,3388118,163.000000000000000,279532.000000000000000,3491,4020620,2899,3667650,6227,7408634
246,8/16/2021 15:00:00,5436,3746524,5093.000000000000000,3393211,353.000000000000000,279885.000000000000000,5789,4026409,5446,3673096,10882,7419516
247,8/17/2021 15:00:00,6812,3753336,5360.000000000000000,3398571,390.000000000000000,280275.000000000000000,7202,4033611,5750,3678846,12562,7432078
248,8/18/2021 15:00:00,6324,3759660,5499.000000000000000,3404070,481.000000000000000,280756.000000000000000,6805,4040416,5980,3684826,12304,7444382
249,8/19/2021 15:00:00,6211,3765871,5553.000000000000000,3409623,416.000000000000000,281172.000000000000000,6627,4047043,5969,3690795,12180,7456562
250,8/20/2021 15:00:00,6832,3772703,6544.000000000000000,3416167,401.000000000000000,281573.000000000000000,7233,4054276,6945,3697740,13777,7470339
251,8/21/2021 15:00:00,4323,3777026,3916.000000000000000,3420083,228.000000000000000,281801.000000000000000,4551,4058827,4144,3701884,8467,7478806
252,8/22/2021 15:00:00,3060,3780086,3171.000000000000000,3423254,110.000000000000000,281911.000000000000000,3170,4061997,3281,3705165,6341,7485147
253,8/23/2021 15:00:00,5985,3786071,6090.000000000000000,3429344,285.000000000000000,282196.000000000000000,6270,4068267,6375,3711540,12360,7497507
254,8/24/2021 15:00:00,6544,3792615,6054.000000000000000,3435398,425.000000000000000,282621.000000000000000,6969,4075236,6479,3718019,13023,7510530
255,8/25/2021 15:00:00,6712,3799327,6219.000000000000000,3441617,441.000000000000000,283062.000000000000000,7153,4082389,6660,3724679,13372,7523902
256,8/26/2021 15:00:00,6966,3806293,6645.000000000000000,3448262,428.000000000000000,283490.000000000000000,7394,4089783,7073,3731752,14039,7537941
257,8/27/2021 15:00:00,6825,3813118,7064.000000000000000,3455326,316.000000000000000,283806.000000000000000,7141,4096924,7380,3739132,14205,7552146
258,8/28/2021 15:00:00,6899,3820017,6514.000000000000000,3461840,324.000000000000000,284130.000000000000000,7223,4104147,6838,3745970,13737,7565883
259,8/29/2021 15:00:00,3736,3823753,3687.000000000000000,3465527,610.000000000000000,284740.000000000000000,4346,4108493,4297,3750267,8033,7573916
260,8/30/2021 15:00:00,5926,3829679,6117.000000000000000,3471644,960.000000000000000,285700.000000000000000,6886,4115379,7077,3757344,13003,7586919
261,8/31/2021 15:00:00,5896,3835575,6050.000000000000000,3477694,946.000000000000000,286646.000000000000000,6842,4122221,6996,3764340,12892,7599811
262,9/1/2021 15:00:00,5588,3841163,5651.000000000000000,3483345,915.000000000000000,287561.000000000000000,6503,4128724,6566,3770906,12154,7611965
263,9/2/2021 15:00:00,5529,3846692,5920.000000000000000,3489265,707.000000000000000,288268.000000000000000,6236,4134960,6627,3777533,12156,7624121
264,9/3/2021 15:00:00,5990,3852682,6926.000000000000000,3496191,973.000000000000000,289241.000000000000000,6963,4141923,7899,3785432,13889,7638010
265,9/4/2021 15:00:00,3726,3856408,4346.000000000000000,3500537,879.000000000000000,290120.000000000000000,4605,4146528,5225,3790657,8951,7646961
266,9/5/2021 15:00:00,2954,3859362,2807.000000000000000,3503344,106.000000000000000,290226.000000000000000,3060,4149588,2913,3793570,5867,7652828
267,9/6/2021 15:00:00,1059,3860421,1154.000000000000000,3504498,65.000000000000000,290291.000000000000000,1124,4150712,1219,3794789,2278,7655106
268,9/7/2021 15:00:00,5342,3865763,7299.000000000000000,3511797,2303.000000000000000,292594.000000000000000,7645,4158357,9602,3804391,14944,7670050
269,9/8/2021 15:00:00,4653,3870416,5470.000000000000000,3517267,364.000000000000000,292958.000000000000000,5017,4163374,5834,3810225,10487,7680537
270,9/9/2021 15:00:00,5017,3875433,5454.000000000000000,3522721,324.000000000000000,293282.000000000000000,5341,4168715,5778,3816003,10795,7691332
271,9/10/2021 15:00:00,6520,3881953,6647.000000000000000,3529368,1719.000000000000000,295001.000000000000000,8239,4176954,8366,3824369,14886,7706218
272,9/11/2021 15:00:00,4172,3886125,4332.000000000000000,3533700,666.000000000000000,295667.000000000000000,4838,4181792,4998,3829367,9170,7715388
273,9/12/2021 15:00:00,3171,3889296,3241.000000000000000,3536941,436.000000000000000,296103.000000000000000,3607,4185399,3677,3833044,6848,7722236
274,9/13/2021 15:00:00,4882,3894178,5064.000000000000000,3542005,346.000000000000000,296449.000000000000000,5228,4190627,5410,3838454,10292,7732528
275,9/14/2021 15:00:00,4773,3898951,5438.000000000000000,3547443,436.000000000000000,296885.000000000000000,5209,4195836,5874,3844328,10647,7743175
276,9/15/2021 15:00:00,5033,3903984,5867.000000000000000,3553310,389.000000000000000,297274.000000000000000,5422,4201258,6256,3850584,11289,7754464
277,9/16/2021 15:00:00,4806,3908790,5844.000000000000000,3559154,336.000000000000000,297610.000000000000000,5142,4206400,6180,3856764,10986,7765450
278,9/17/2021 15:00:00,5257,3914047,6582.000000000000000,3565736,344.000000000000000,297954.000000000000000,5601,4212001,6926,3863690,12183,7777633
279,9/18/2021 15:00:00,3801,3917848,4576.000000000000000,3570312,185.000000000000000,298139.000000000000000,3986,4215987,4761,3868451,8562,7786195
280,9/19/2021 15:00:00,2742,3920590,3168.000000000000000,3573480,75.000000000000000,298214.000000000000000,2817,4218804,3243,3871694,5985,7792180
281,9/20/2021 15:00:00,3749,3924339,4678.000000000000000,3578158,430.000000000000000,298644.000000000000000,4179,4222983,5108,3876802,8857,7801037
282,9/21/2021 15:00:00,4004,3928343,4999.000000000000000,3583157,327.000000000000000,298971.000000000000000,4331,4227314,5326,3882128,9330,7810367
283,9/22/2021 15:00:00,4194,3932537,4772.000000000000000,3587929,458.000000000000000,299429.000000000000000,4652,4231966,5230,3887358,9424,7819791
284,9/23/2021 15:00:00,4174,3936711,4731.000000000000000,3592660,492.000000000000000,299921.000000000000000,4666,4236632,5223,3892581,9397,7829188
285,9/24/2021 15:00:00,5077,3941788,5606.000000000000000,3598266,422.000000000000000,300343.000000000000000,5499,4242131,6028,3898609,11105,7840293
286,9/25/2021 15:00:00,3627,3945415,3632.000000000000000,3601898,384.000000000000000,300727.000000000000000,4011,4246142,4016,3902625,7643,7847936
287,9/26/2021 15:00:00,2356,3947771,2665.000000000000000,3604563,425.000000000000000,301152.000000000000000,2781,4248923,3090,3905715,5446,7853382
288,9/27/2021 15:00:00,4505,3952276,2708.000000000000000,3607271,511.000000000000000,301663.000000000000000,5016,4253939,3219,3908934,7724,7861106
289,9/28/2021 15:00:00,4399,3956675,4455.000000000000000,3611726,211.000000000000000,301874.000000000000000,4610,4258549,4666,3913600,9065,7870171
290,9/29/2021 15:00:00,4699,3961374,4510.000000000000000,3616236,920.000000000000000,302794.000000000000000,5619,4264168,5430,3919030,10129,7880300
291,9/30/2021 15:00:00,4887,3966261,4560.000000000000000,3620796,795.000000000000000,303589.000000000000000,5682,4269850,5355,3924385,10242,7890542
292,10/1/2021 15:00:00,5501,3971762,5332.000000000000000,3626128,783.000000000000000,304372.000000000000000,6284,4276134,6115,3930500,11616,7902158
293,10/2/2021 15:00:00,2936,3974698,2896.000000000000000,3629024,187.000000000000000,304559.000000000000000,3123,4279257,3083,3933583,6019,7908177
294,10/3/2021 15:00:00,2073,3976771,2376.000000000000000,3631400,86.000000000000000,304645.000000000000000,2159,4281416,2462,3936045,4535,7912712
295,10/4/2021 15:00:00,4019,3980790,3499.000000000000000,3634899,232.000000000000000,304877.000000000000000,4251,4285667,3731,3939776,7750,7920462
296,10/5/2021 15:00:00,3959,3984749,3661.000000000000000,3638560,207.000000000000000,305084.000000000000000,4166,4289833,3868,3943644,7827,7928289
297,10/6/2021 15:00:00,4024,3988773,3578.000000000000000,3642138,265.000000000000000,305349.000000000000000,4289,4294122,3843,3947487,7867,7936156
298,10/7/2021 15:00:00,4232,3993005,3626.000000000000000,3645764,331.000000000000000,305680.000000000000000,4563,4298685,3957,3951444,8189,7944345
299,10/8/2021 15:00:00,4773,3997778,4287.000000000000000,3650051,282.000000000000000,305962.000000000000000,5055,4303740,4569,3956013,9342,7953687
300,10/9/2021 15:00:00,2690,4000468,2681.000000000000000,3652732,270.000000000000000,306232.000000000000000,2960,4306700,2951,3958964,5641,7959328
301,10/10/2021 15:00:00,1865,4002333,1848.000000000000000,3654580,59.000000000000000,306291.000000000000000,1924,4308624,1907,3960871,3772,7963100
302,10/11/2021 15:00:00,4217,4006550,3334.000000000000000,3657914,249.000000000000000,306540.000000000000000,4466,4313090,3583,3964454,7800,7970900
303,10/12/2021 15:00:00,3590,4010140,3526.000000000000000,3661440,273.000000000000000,306813.000000000000000,3863,4316953,3799,3968253,7389,7978289
304,10/13/2021 15:00:00,3957,4014097,3457.000000000000000,3664897,346.000000000000000,307159.000000000000000,4303,4321256,3803,3972056,7760,7986049
305,10/14/2021 15:00:00,5166,4019263,5488.000000000000000,3670385,429.000000000000000,307588.000000000000000,5595,4326851,5917,3977973,11083,7997132
306,10/15/2021 15:00:00,4708,4023971,4590.000000000000000,3674975,347.000000000000000,307935.000000000000000,5055,4331906,4937,3982910,9645,8006777
307,10/16/2021 15:00:00,2497,4026468,2507.000000000000000,3677482,290.000000000000000,308225.000000000000000,2787,4334693,2797,3985707,5294,8012071
308,10/17/2021 15:00:00,1805,4028273,1776.000000000000000,3679258,55.000000000000000,308280.000000000000000,1860,4336553,1831,3987538,3636,8015707
309,10/18/2021 15:00:00,4283,4032556,3579.000000000000000,3682837,267.000000000000000,308547.000000000000000,4550,4341103,3846,3991384,8129,8023836
310,10/19/2021 15:00:00,4301,4036857,4030.000000000000000,3686867,222.000000000000000,308769.000000000000000,4523,4345626,4252,3995636,8553,8032389
311,10/20/2021 15:00:00,3527,4040384,3426.000000000000000,3690293,254.000000000000000,309023.000000000000000,3781,4349407,3680,3999316,7207,8039596
312,10/21/2021 15:00:00,3299,4043683,3268.000000000000000,3693561,290.000000000000000,309313.000000000000000,3589,4352996,3558,4002874,6857,8046453
313,10/22/2021 15:00:00,4682,4048365,4035.000000000000000,3697596,476.000000000000000,309789.000000000000000,5158,4358154,4511,4007385,9193,8055646
314,10/23/2021 15:00:00,2887,4051252,2115.000000000000000,3699711,321.000000000000000,310110.000000000000000,3208,4361362,2436,4009821,5323,8060969
315,10/24/2021 15:00:00,2056,4053308,1559.000000000000000,3701270,78.000000000000000,310188.000000000000000,2134,4363496,1637,4011458,3693,8064662
316,10/25/2021 15:00:00,4544,4057852,3080.000000000000000,3704350,316.000000000000000,310504.000000000000000,4860,4368356,3396,4014854,7940,8072602
317,10/26/2021 15:00:00,4507,4062359,3096.000000000000000,3707446,310.000000000000000,310814.000000000000000,4817,4373173,3406,4018260,7913,8080515
318,10/27/2021 15:00:00,4735,4067094,3344.000000000000000,3710790,429.000000000000000,311243.000000000000000,5164,4378337,3773,4022033,8508,8089023
319,10/28/2021 15:00:00,4556,4071650,3367.000000000000000,3714157,498.000000000000000,311741.000000000000000,5054,4383391,3865,4025898,8421,8097444
320,10/29/2021 15:00:00,4976,4076626,3921.000000000000000,3718078,392.000000000000000,312133.000000000000000,5368,4388759,4313,4030211,9289,8106733
321,10/30/2021 15:00:00,2632,4079258,1845.000000000000000,3719923,308.000000000000000,312441.000000000000000,2940,4391699,2153,4032364,4785,8111518
322,10/31/2021 15:00:00,1938,4081196,1523.000000000000000,3721446,93.000000000000000,312534.000000000000000,2031,4393730,1616,4033980,3554,8115072
323,11/1/2021 15:00:00,4706,4085902,3427.000000000000000,3724873,342.000000000000000,312876.000000000000000,5048,4398778,3769,4037749,8475,8123547
324,11/2/2021 15:00:00,4255,4090157,2950.000000000000000,3727823,406.000000000000000,313282.000000000000000,4661,4403439,3356,4041105,7611,8131158
325,11/3/2021 15:00:00,4665,4094822,3059.000000000000000,3730882,458.000000000000000,313740.000000000000000,5123,4408562,3517,4044622,8182,8139340
326,11/4/2021 15:00:00,6315,4101137,3364.000000000000000,3734246,512.000000000000000,314252.000000000000000,6827,4415389,3876,4048498,10191,8149531
327,11/5/2021 15:00:00,8228,4109365,3772.000000000000000,3738018,408.000000000000000,314660.000000000000000,8636,4424025,4180,4052678,12408,8161939
328,11/6/2021 15:00:00,10187,4119552,1981.000000000000000,3739999,306.000000000000000,314966.000000000000000,10493,4434518,2287,4054965,12474,8174413
329,11/7/2021 15:00:00,7721,4127273,1469.000000000000000,3741468,94.000000000000000,315060.000000000000000,7815,4442333,1563,4056528,9284,8183697
330,11/8/2021 15:00:00,11291,4138564,3045.000000000000000,3744513,379.000000000000000,315439.000000000000000,11670,4454003,3424,4059952,14715,8198412
331,11/9/2021 15:00:00,11754,4150318,2660.000000000000000,3747173,269.000000000000000,315708.000000000000000,12023,4466026,2929,4062881,14683,8213095
332,11/10/2021 15:00:00,12578,4162896,2763.000000000000000,3749936,337.000000000000000,316045.000000000000000,12915,4478941,3100,4065981,15678,8228773
333,11/11/2021 15:00:00,11358,4174254,2382.000000000000000,3752318,281.000000000000000,316326.000000000000000,11639,4490580,2663,4068644,14021,8242794
334,11/12/2021 15:00:00,12285,4186539,3359.000000000000000,3755677,547.000000000000000,316873.000000000000000,12832,4503412,3906,4072550,16191,8258985
335,11/13/2021 15:00:00,9878,4196417,1591.000000000000000,3757268,342.000000000000000,317215.000000000000000,10220,4513632,1933,4074483,11811,8270796
336,11/14/2021 15:00:00,3923,4200340,1131.000000000000000,3758399,121.000000000000000,317336.000000000000000,4044,4517676,1252,4075735,5175,8275971
337,11/15/2021 15:00:00,8612,4208952,2527.000000000000000,3760926,204.000000000000000,317540.000000000000000,8816,4526492,2731,4078466,11343,8287314
338,11/16/2021 15:00:00,9230,4218182,2494.000000000000000,3763420,255.000000000000000,317795.000000000000000,9485,4535977,2749,4081215,11979,8299293
339,11/17/2021 15:00:00,9398,4227580,2881.000000000000000,3766301,312.000000000000000,318107.000000000000000,9710,4545687,3193,4084408,12591,8311884
340,11/18/2021 15:00:00,9295,4236875,2632.000000000000000,3768933,481.000000000000000,318588.000000000000000,9776,4555463,3113,4087521,12408,8324292
341,11/19/2021 15:00:00,9798,4246673,2922.000000000000000,3771855,381.000000000000000,318969.000000000000000,10179,4565642,3303,4090824,13101,8337393
342,11/20/2021 15:00:00,10629,4257302,1606.000000000000000,3773461,455.000000000000000,319424.000000000000000,11084,4576726,2061,4092885,12690,8350083
343,11/21/2021 15:00:00,4346,4261648,1200.000000000000000,3774661,99.000000000000000,319523.000000000000000,4445,4581171,1299,4094184,5645,8355728
344,11/22/2021 15:00:00,9814,4271462,2492.000000000000000,3777153,292.000000000000000,319815.000000000000000,10106,4591277,2784,4096968,12598,8368326
345,11/23/2021 15:00:00,9170,4280632,2402.000000000000000,3779555,280.000000000000000,320095.000000000000000,9450,4600727,2682,4099650,11852,8380178
346,11/24/2021 15:00:00,8152,4288784,2446.000000000000000,3782001,216.000000000000000,320311.000000000000000,8368,4609095,2662,4102312,10814,8390992
347,11/25/2021 15:00:00,238,4289022,77.000000000000000,3782078,10.000000000000000,320321.000000000000000,248,4609343,87,4102399,325,8391317
348,11/26/2021 15:00:00,5652,4294674,3961.000000000000000,3786039,152.000000000000000,320473.000000000000000,5804,4615147,4113,4106512,9765,8401082
349,11/27/2021 15:00:00,3770,4298444,5467.000000000000000,3791506,134.000000000000000,320607.000000000000000,3904,4619051,5601,4112113,9371,8410453
350,11/28/2021 15:00:00,2414,4300858,6383.000000000000000,3797889,77.000000000000000,320684.000000000000000,2491,4621542,6460,4118573,8874,8419327
351,11/29/2021 15:00:00,6381,4307239,9276.000000000000000,3807165,379.000000000000000,321063.000000000000000,6760,4628302,9655,4128228,16036,8435363
352,11/30/2021 15:00:00,6247,4313486,9301.000000000000000,3816466,264.000000000000000,321327.000000000000000,6511,4634813,9565,4137793,15812,8451175
353,12/1/2021 15:00:00,7272,4320758,9658.000000000000000,3826124,306.000000000000000,321633.000000000000000,7578,4642391,9964,4147757,17236,8468411
354,12/2/2021 15:00:00,6912,4327670,8762.000000000000000,3834886,450.000000000000000,322083.000000000000000,7362,4649753,9212,4156969,16124,8484535
355,12/3/2021 15:00:00,7581,4335251,9248.000000000000000,3844134,250.000000000000000,322333.000000000000000,7831,4657584,9498,4166467,17079,8501614
356,12/4/2021 15:00:00,5954,4341205,10026.000000000000000,3854160,465.000000000000000,322798.000000000000000,6419,4664003,10491,4176958,16445,8518059
357,12/5/2021 15:00:00,3468,4344673,3288.000000000000000,3857448,77.000000000000000,322875.000000000000000,3545,4667548,3365,4180323,6833,8524892
358,12/6/2021 15:00:00,6753,4351426,7106.000000000000000,3864554,277.000000000000000,323152.000000000000000,7030,4674578,7383,4187706,14136,8539028
359,12/7/2021 15:00:00,6407,4357833,7016.000000000000000,3871570,249.000000000000000,323401.000000000000000,6656,4681234,7265,4194971,13672,8552700
360,12/8/2021 15:00:00,6933,4364766,7418.000000000000000,3878988,316.000000000000000,323717.000000000000000,7249,4688483,7734,4202705,14667,8567367
361,12/9/2021 15:00:00,6513,4371279,6999.000000000000000,3885987,397.000000000000000,324114.000000000000000,6910,4695393,7396,4210101,13909,8581276
362,12/10/2021 15:00:00,7248,4378527,7315.000000000000000,3893302,229.000000000000000,324343.000000000000000,7477,4702870,7544,4217645,14792,8596068
363,12/11/2021 15:00:00,4461,4382988,7661.000000000000000,3900963,333.000000000000000,324676.000000000000000,4794,4707664,7994,4225639,12455,8608523
364,12/12/2021 15:00:00,4002,4386990,2783.000000000000000,3903746,60.000000000000000,324736.000000000000000,4062,4711726,2843,4228482,6845,8615368
365,12/13/2021 15:00:00,5694,4392684,5757.000000000000000,3909503,243.000000000000000,324979.000000000000000,5937,4717663,6000,4234482,11694,8627062
366,12/14/2021 15:00:00,6445,4399129,5923.000000000000000,3915426,220.000000000000000,325199.000000000000000,6665,4724328,6143,4240625,12588,8639650
367,12/15/2021 15:00:00,7139,4406268,5683.000000000000000,3921109,252.000000000000000,325451.000000000000000,7391,4731719,5935,4246560,13074,8652724
368,12/16/2021 15:00:00,7848,4414116,2806.000000000000000,3923915,421.000000000000000,325872.000000000000000,8269,4739988,3227,4249787,11075,8663799
369,12/17/2021 15:00:00,7794,4421910,4153.000000000000000,3928068,195.000000000000000,326067.000000000000000,7989,4747977,4348,4254135,12142,8675941
370,12/18/2021 15:00:00,5823,4427733,3187.000000000000000,3931255,298.000000000000000,326365.000000000000000,6121,4754098,3485,4257620,9308,8685249
371,12/19/2021 15:00:00,3381,4431114,1342.000000000000000,3932597,36.000000000000000,326401.000000000000000,3417,4757515,1378,4258998,4759,8690008
372,12/20/2021 15:00:00,8063,4439177,3753.000000000000000,3936350,173.000000000000000,326574.000000000000000,8236,4765751,3926,4262924,11989,8701997
373,12/21/2021 15:00:00,8981,4448158,4146.000000000000000,3940496,173.000000000000000,326747.000000000000000,9154,4774905,4319,4267243,13300,8715297
374,12/22/2021 15:00:00,8679,4456837,3853.000000000000000,3944349,184.000000000000000,326931.000000000000000,8863,4783768,4037,4271280,12716,8728013
375,12/23/2021 15:00:00,8400,4465237,3546.000000000000000,3947895,359.000000000000000,327290.000000000000000,8759,4792527,3905,4275185,12305,8740318
376,12/24/2021 15:00:00,1631,4466868,1004.000000000000000,3948899,39.000000000000000,327329.000000000000000,1670,4794197,1043,4276228,2674,8742992
377,12/25/2021 15:00:00,51,4466919,35.000000000000000,3948934,1.000000000000000,327330.000000000000000,52,4794249,36,4276264,87,8743079
378,12/26/2021 15:00:00,2519,4469438,1747.000000000000000,3950681,44.000000000000000,327374.000000000000000,2563,4796812,1791,4278055,4310,8747389
379,12/27/2021 15:00:00,7179,4476617,3982.000000000000000,3954663,296.000000000000000,327670.000000000000000,7475,4804287,4278,4282333,11457,8758846
380,12/28/2021 15:00:00,7847,4484464,3810.000000000000000,3958473,175.000000000000000,327845.000000000000000,8022,4812309,3985,4286318,11832,8770678
381,12/29/2021 15:00:00,8182,4492646,4011.000000000000000,3962484,155.000000000000000,328000.000000000000000,8337,4820646,4166,4290484,12348,8783026
382,12/30/2021 15:00:00,7458,4500104,3766.000000000000000,3966250,288.000000000000000,328288.000000000000000,7746,4828392,4054,4294538,11512,8794538
383,12/31/2021 15:00:00,2556,4502660,1524.000000000000000,3967774,92.000000000000000,328380.000000000000000,2648,4831040,1616,4296154,4172,8798710
384,1/1/2022 15:00:00,736,4503396,344.000000000000000,3968118,33.000000000000000,328413.000000000000000,769,4831809,377,4296531,1113,8799823
385,1/2/2022 15:00:00,2211,4505607,1645.000000000000000,3969763,47.000000000000000,328460.000000000000000,2258,4834067,1692,4298223,3903,8803726
386,1/3/2022 15:00:00,3391,4508998,2060.000000000000000,3971823,221.000000000000000,328681.000000000000000,3612,4837679,2281,4300504,5672,8809398
387,1/4/2022 15:00:00,5825,4514823,3455.000000000000000,3975278,162.000000000000000,328843.000000000000000,5987,4843666,3617,4304121,9442,8818840
388,1/5/2022 15:00:00,6820,4521643,4685.000000000000000,3979963,175.000000000000000,329018.000000000000000,6995,4850661,4860,4308981,11680,8830520
389,1/6/2022 15:00:00,6747,4528390,4801.000000000000000,3984764,263.000000000000000,329281.000000000000000,7010,4857671,5064,4314045,11811,8842331
390,1/7/2022 15:00:00,5934,4534324,3741.000000000000000,3988505,159.000000000000000,329440.000000000000000,6093,4863764,3900,4317945,9834,8852165
391,1/8/2022 15:00:00,4787,4539111,3905.000000000000000,3992410,78.000000000000000,329518.000000000000000,4865,4868629,3983,4321928,8770,8860935
392,1/9/2022 15:00:00,2755,4541866,2014.000000000000000,3994424,154.000000000000000,329672.000000000000000,2909,4871538,2168,4324096,4923,8865858
393,1/10/2022 15:00:00,6293,4548159,3835.000000000000000,3998259,155.000000000000000,329827.000000000000000,6448,4877986,3990,4328086,10283,8876141
394,1/11/2022 15:00:00,6528,4554687,4263.000000000000000,4002522,141.000000000000000,329968.000000000000000,6669,4884655,4404,4332490,10932,8887073
395,1/12/2022 15:00:00,6785,4561472,4443.000000000000000,4006965,225.000000000000000,330193.000000000000000,7010,4891665,4668,4337158,11453,8898526
396,1/13/2022 15:00:00,6587,4568059,4419.000000000000000,4011384,150.000000000000000,330343.000000000000000,6737,4898402,4569,4341727,11156,8909682
397,1/14/2022 15:00:00,7167,4575226,3264.000000000000000,4014648,252.000000000000000,330595.000000000000000,7419,4905821,3516,4345243,10683,8920365
398,1/15/2022 15:00:00,4130,4579356,1672.000000000000000,4016320,70.000000000000000,330665.000000000000000,4200,4910021,1742,4346985,5872,8926237
399,1/16/2022 15:00:00,2182,4581538,1309.000000000000000,4017629,116.000000000000000,330781.000000000000000,2298,4912319,1425,4348410,3607,8929844
400,1/17/2022 15:00:00,3603,4585141,2359.000000000000000,4019988,74.000000000000000,330855.000000000000000,3677,4915996,2433,4350843,6036,8935880
401,1/18/2022 15:00:00,5246,4590387,4160.000000000000000,4024148,100.000000000000000,330955.000000000000000,5346,4921342,4260,4355103,9506,8945386
402,1/19/2022 15:00:00,5241,4595628,4443.000000000000000,4028591,96.000000000000000,331051.000000000000000,5337,4926679,4539,4359642,9780,8955166
403,1/20/2022 15:00:00,4456,4600084,3567.000000000000000,4032158,176.000000000000000,331227.000000000000000,4632,4931311,3743,4363385,8199,8963365
404,1/21/2022 15:00:00,5427,4605511,2847.000000000000000,4035005,115.000000000000000,331342.000000000000000,5542,4936853,2962,4366347,8389,8971754
405,1/22/2022 15:00:00,3345,4608856,1689.000000000000000,4036694,133.000000000000000,331475.000000000000000,3478,4940331,1822,4368169,5167,8976921
406,1/23/2022 15:00:00,1915,4610771,1457.000000000000000,4038151,22.000000000000000,331497.000000000000000,1937,4942268,1479,4369648,3394,8980315
407,1/24/2022 15:00:00,4047,4614818,2708.000000000000000,4040859,82.000000000000000,331579.000000000000000,4129,4946397,2790,4372438,6837,8987152
408,1/25/2022 15:00:00,3683,4618501,3222.000000000000000,4044081,89.000000000000000,331668.000000000000000,3772,4950169,3311,4375749,6994,8994146
409,1/26/2022 15:00:00,3750,4622251,3573.000000000000000,4047654,89.000000000000000,331757.000000000000000,3839,4954008,3662,4379411,7412,9001558
410,1/27/2022 15:00:00,3462,4625713,3616.000000000000000,4051270,181.000000000000000,331938.000000000000000,3643,4957651,3797,4383208,7259,9008817
411,1/28/2022 15:00:00,1999,4627712,1680.000000000000000,4052950,51.000000000000000,331989.000000000000000,2050,4959701,1731,4384939,3730,9012547