OBJECTID,VACCINATION_DATE,FirstDailyDose,FirstDoseCumulative,SecondDailyDose,SecondDoseCumulative,SingleDailyDose,SingleDoseCumulative,AtleastOneVaccine,AtleastOneVaccineCumulative,CompletedVax,CompletedVaxCumulative,FirstSecondSingleVaccination_12,FirstSecondSingleVaccination_13
1,12/14/2020 15:00:00,15,908,,377,,,15,908,0,377,15,1198
2,12/15/2020 15:00:00,44,952,2.000000000000000,379,,,44,952,2,379,46,1244
3,12/16/2020 15:00:00,570,1522,2.000000000000000,381,,,570,1522,2,381,572,1816
4,12/17/2020 15:00:00,1131,2653,2.000000000000000,383,,,1131,2653,2,383,1133,2949
5,12/18/2020 15:00:00,3002,5655,11.000000000000000,394,,,3002,5655,11,394,3013,5962
6,12/19/2020 15:00:00,921,6576,4.000000000000000,398,,,921,6576,4,398,925,6887
7,12/20/2020 15:00:00,324,6900,4.000000000000000,402,,,324,6900,4,402,328,7215
8,12/21/2020 15:00:00,3843,10743,17.000000000000000,419,,,3843,10743,17,419,3860,11075
9,12/22/2020 15:00:00,6319,17062,13.000000000000000,432,,,6319,17062,13,432,6332,17407
10,12/23/2020 15:00:00,5732,22794,26.000000000000000,458,,,5732,22794,26,458,5758,23165
11,12/24/2020 15:00:00,2708,25502,8.000000000000000,466,,,2708,25502,8,466,2716,25881
12,12/25/2020 15:00:00,1033,26535,3.000000000000000,469,,,1033,26535,3,469,1036,26917
13,12/26/2020 15:00:00,1864,28399,7.000000000000000,476,,,1864,28399,7,476,1871,28788
14,12/27/2020 15:00:00,1785,30184,9.000000000000000,485,,,1785,30184,9,485,1794,30582
15,12/28/2020 15:00:00,8927,39111,32.000000000000000,517,,,8927,39111,32,517,8959,39541
16,12/29/2020 15:00:00,10899,50010,36.000000000000000,553,,,10899,50010,36,553,10935,50476
17,12/30/2020 15:00:00,12430,62440,63.000000000000000,616,,,12430,62440,63,616,12493,62969
18,12/31/2020 15:00:00,7495,69935,31.000000000000000,647,,,7495,69935,31,647,7526,70495
19,1/1/2021 15:00:00,2413,72348,101.000000000000000,748,,,2413,72348,101,748,2514,73009
20,1/2/2021 15:00:00,2952,75300,33.000000000000000,781,,,2952,75300,33,781,2985,75994
21,1/3/2021 15:00:00,3358,78658,78.000000000000000,859,,,3358,78658,78,859,3436,79430
22,1/4/2021 15:00:00,13234,91892,307.000000000000000,1166,,,13234,91892,307,1166,13541,92971
23,1/5/2021 15:00:00,12362,104254,500.000000000000000,1666,,,12362,104254,500,1666,12862,105833
24,1/6/2021 15:00:00,15132,119386,825.000000000000000,2491,,,15132,119386,825,2491,15957,121790
25,1/7/2021 15:00:00,14928,134314,1716.000000000000000,4207,,,14928,134314,1716,4207,16644,138434
26,1/8/2021 15:00:00,23910,158224,2724.000000000000000,6931,,,23910,158224,2724,6931,26634,165068
27,1/9/2021 15:00:00,5113,163337,938.000000000000000,7869,,,5113,163337,938,7869,6051,171119
28,1/10/2021 15:00:00,2898,166235,366.000000000000000,8235,,,2898,166235,366,8235,3264,174383
29,1/11/2021 15:00:00,13650,179885,3403.000000000000000,11638,,,13650,179885,3403,11638,17053,191436
30,1/12/2021 15:00:00,17248,197133,5564.000000000000000,17202,,,17248,197133,5564,17202,22812,214248
31,1/13/2021 15:00:00,18473,215606,3846.000000000000000,21048,,,18473,215606,3846,21048,22319,236567
32,1/14/2021 15:00:00,17789,233395,1911.000000000000000,22959,,,17789,233395,1911,22959,19700,256267
33,1/15/2021 15:00:00,19427,252822,1944.000000000000000,24903,,,19427,252822,1944,24903,21371,277638
34,1/16/2021 15:00:00,5753,258575,1576.000000000000000,26479,,,5753,258575,1576,26479,7329,284967
35,1/17/2021 15:00:00,2089,260664,1461.000000000000000,27940,,,2089,260664,1461,27940,3550,288517
36,1/18/2021 15:00:00,7011,267675,3221.000000000000000,31161,,,7011,267675,3221,31161,10232,298749
37,1/19/2021 15:00:00,17131,284806,5314.000000000000000,36475,,,17131,284806,5314,36475,22445,321194
38,1/20/2021 15:00:00,21199,306005,5227.000000000000000,41702,,,21199,306005,5227,41702,26426,347620
39,1/21/2021 15:00:00,23771,329776,3663.000000000000000,45365,,,23771,329776,3663,45365,27434,375054
40,1/22/2021 15:00:00,28804,358580,3573.000000000000000,48938,,,28804,358580,3573,48938,32377,407431
41,1/23/2021 15:00:00,10024,368604,1889.000000000000000,50827,,,10024,368604,1889,50827,11913,419344
42,1/24/2021 15:00:00,3317,371921,1703.000000000000000,52530,,,3317,371921,1703,52530,5020,424364
43,1/25/2021 15:00:00,16592,388513,8486.000000000000000,61016,,,16592,388513,8486,61016,25078,449442
44,1/26/2021 15:00:00,17863,406376,8861.000000000000000,69877,,,17863,406376,8861,69877,26724,476166
45,1/27/2021 15:00:00,25018,431394,12367.000000000000000,82244,,,25018,431394,12367,82244,37385,513551
46,1/28/2021 15:00:00,23263,454657,9194.000000000000000,91438,,,23263,454657,9194,91438,32457,546008
47,1/29/2021 15:00:00,25489,480146,7787.000000000000000,99225,,,25489,480146,7787,99225,33276,579284
48,1/30/2021 15:00:00,18411,498557,2475.000000000000000,101700,,,18411,498557,2475,101700,20886,600170
49,1/31/2021 15:00:00,4111,502668,1298.000000000000000,102998,,,4111,502668,1298,102998,5409,605579
50,2/1/2021 15:00:00,7587,510255,4960.000000000000000,107958,,,7587,510255,4960,107958,12547,618126
51,2/2/2021 15:00:00,12772,523027,13697.000000000000000,121655,,,12772,523027,13697,121655,26469,644595
52,2/3/2021 15:00:00,18654,541681,18023.000000000000000,139678,,,18654,541681,18023,139678,36677,681272
53,2/4/2021 15:00:00,22430,564111,15703.000000000000000,155381,,,22430,564111,15703,155381,38133,719405
54,2/5/2021 15:00:00,20498,584609,17379.000000000000000,172760,,,20498,584609,17379,172760,37877,757282
55,2/6/2021 15:00:00,12102,596711,14385.000000000000000,187145,,,12102,596711,14385,187145,26487,783769
56,2/7/2021 15:00:00,5950,602661,1756.000000000000000,188901,,,5950,602661,1756,188901,7706,791475
57,2/8/2021 15:00:00,13263,615924,13071.000000000000000,201972,,,13263,615924,13071,201972,26334,817809
58,2/9/2021 15:00:00,16682,632606,13984.000000000000000,215956,,,16682,632606,13984,215956,30666,848475
59,2/10/2021 15:00:00,19258,651864,21360.000000000000000,237316,,,19258,651864,21360,237316,40618,889093
60,2/11/2021 15:00:00,22845,674709,17481.000000000000000,254797,,,22845,674709,17481,254797,40326,929419
61,2/12/2021 15:00:00,20367,695076,19831.000000000000000,274628,,,20367,695076,19831,274628,40198,969617
62,2/13/2021 15:00:00,11360,706436,6333.000000000000000,280961,,,11360,706436,6333,280961,17693,987310
63,2/14/2021 15:00:00,7075,713511,2062.000000000000000,283023,,,7075,713511,2062,283023,9137,996447
64,2/15/2021 15:00:00,11695,725206,13194.000000000000000,296217,,,11695,725206,13194,296217,24889,1021336
65,2/16/2021 15:00:00,16554,741760,21641.000000000000000,317858,,,16554,741760,21641,317858,38195,1059531
66,2/17/2021 15:00:00,20605,762365,27106.000000000000000,344964,,,20605,762365,27106,344964,47711,1107242
67,2/18/2021 15:00:00,3154,765519,4715.000000000000000,349679,,,3154,765519,4715,349679,7869,1115111
68,2/19/2021 15:00:00,10244,775763,20388.000000000000000,370067,,,10244,775763,20388,370067,30632,1145743
69,2/20/2021 15:00:00,10291,786054,20850.000000000000000,390917,,,10291,786054,20850,390917,31141,1176884
70,2/21/2021 15:00:00,6146,792200,7918.000000000000000,398835,,,6146,792200,7918,398835,14064,1190948
71,2/22/2021 15:00:00,8076,800276,15868.000000000000000,414703,,,8076,800276,15868,414703,23944,1214892
72,2/23/2021 15:00:00,15576,815852,16446.000000000000000,431149,,,15576,815852,16446,431149,32022,1246914
73,2/24/2021 15:00:00,17954,833806,25130.000000000000000,456279,,,17954,833806,25130,456279,43084,1289998
74,2/25/2021 15:00:00,20400,854206,26860.000000000000000,483139,,,20400,854206,26860,483139,47260,1337258
75,2/26/2021 15:00:00,26805,881011,26427.000000000000000,509566,,,26805,881011,26427,509566,53232,1390490
76,2/27/2021 15:00:00,16084,897095,11675.000000000000000,521241,,,16084,897095,11675,521241,27759,1418249
77,2/28/2021 15:00:00,15486,912581,4796.000000000000000,526037,,,15486,912581,4796,526037,20282,1438531
78,3/1/2021 15:00:00,25885,938466,12500.000000000000000,538537,,,25885,938466,12500,538537,38385,1476916
79,3/2/2021 15:00:00,23971,962437,13290.000000000000000,551827,29.000000000000000,29.000000000000000,24000,962466,13319,551856,37290,1514206
80,3/3/2021 15:00:00,30190,992627,18344.000000000000000,570171,171.000000000000000,200.000000000000000,30361,992827,18515,570371,48705,1562911
81,3/4/2021 15:00:00,31062,1023689,18096.000000000000000,588267,4059.000000000000000,4259.000000000000000,35121,1027948,22155,592526,53217,1616128
82,3/5/2021 15:00:00,29546,1053235,19349.000000000000000,607616,4907.000000000000000,9166.000000000000000,34453,1062401,24256,616782,53802,1669930
83,3/6/2021 15:00:00,17754,1070989,8898.000000000000000,616514,5989.000000000000000,15155.000000000000000,23743,1086144,14887,631669,32641,1702571
84,3/7/2021 15:00:00,12059,1083048,4787.000000000000000,621301,6608.000000000000000,21763.000000000000000,18667,1104811,11395,643064,23454,1726025
85,3/8/2021 15:00:00,26163,1109211,8729.000000000000000,630030,8285.000000000000000,30048.000000000000000,34448,1139259,17014,660078,43177,1769202
86,3/9/2021 15:00:00,26365,1135576,15355.000000000000000,645385,8343.000000000000000,38391.000000000000000,34708,1173967,23698,683776,50063,1819265
87,3/10/2021 15:00:00,30108,1165684,15877.000000000000000,661262,7939.000000000000000,46330.000000000000000,38047,1212014,23816,707592,53924,1873189
88,3/11/2021 15:00:00,36187,1201871,16365.000000000000000,677627,4036.000000000000000,50366.000000000000000,40223,1252237,20401,727993,56588,1929777
89,3/12/2021 15:00:00,37172,1239043,17977.000000000000000,695604,2916.000000000000000,53282.000000000000000,40088,1292325,20893,748886,58065,1987842
90,3/13/2021 15:00:00,22595,1261638,10191.000000000000000,705795,1600.000000000000000,54882.000000000000000,24195,1316520,11791,760677,34386,2022228
91,3/14/2021 15:00:00,17832,1279470,6650.000000000000000,712445,993.000000000000000,55875.000000000000000,18825,1335345,7643,768320,25475,2047703
92,3/15/2021 15:00:00,29974,1309444,11297.000000000000000,723742,597.000000000000000,56472.000000000000000,30571,1365916,11894,780214,41868,2089571
93,3/16/2021 15:00:00,33606,1343050,13521.000000000000000,737263,764.000000000000000,57236.000000000000000,34370,1400286,14285,794499,47891,2137462
94,3/17/2021 15:00:00,37730,1380780,16939.000000000000000,754202,1181.000000000000000,58417.000000000000000,38911,1439197,18120,812619,55850,2193312
95,3/18/2021 15:00:00,41472,1422252,12579.000000000000000,766781,1358.000000000000000,59775.000000000000000,42830,1482027,13937,826556,55409,2248721
96,3/19/2021 15:00:00,38301,1460553,15559.000000000000000,782340,1044.000000000000000,60819.000000000000000,39345,1521372,16603,843159,54904,2303625
97,3/20/2021 15:00:00,24523,1485076,10003.000000000000000,792343,1120.000000000000000,61939.000000000000000,25643,1547015,11123,854282,35646,2339271
98,3/21/2021 15:00:00,19122,1504198,7775.000000000000000,800118,329.000000000000000,62268.000000000000000,19451,1566466,8104,862386,27226,2366497
99,3/22/2021 15:00:00,32589,1536787,11607.000000000000000,811725,828.000000000000000,63096.000000000000000,33417,1599883,12435,874821,45024,2411521
100,3/23/2021 15:00:00,37797,1574584,17445.000000000000000,829170,1544.000000000000000,64640.000000000000000,39341,1639224,18989,893810,56786,2468307
101,3/24/2021 15:00:00,41176,1615760,21145.000000000000000,850315,1374.000000000000000,66014.000000000000000,42550,1681774,22519,916329,63695,2532002
102,3/25/2021 15:00:00,42478,1658238,21002.000000000000000,871317,2512.000000000000000,68526.000000000000000,44990,1726764,23514,939843,65992,2597994
103,3/26/2021 15:00:00,36616,1694854,26431.000000000000000,897748,2499.000000000000000,71025.000000000000000,39115,1765879,28930,968773,65546,2663540
104,3/27/2021 15:00:00,27848,1722702,16847.000000000000000,914595,2764.000000000000000,73789.000000000000000,30612,1796491,19611,988384,47459,2710999
105,3/28/2021 15:00:00,17013,1739715,12550.000000000000000,927145,1614.000000000000000,75403.000000000000000,18627,1815118,14164,1002548,31177,2742176
106,3/29/2021 15:00:00,29749,1769464,26481.000000000000000,953626,1134.000000000000000,76537.000000000000000,30883,1846001,27615,1030163,57364,2799540
107,3/30/2021 15:00:00,40067,1809531,29131.000000000000000,982757,1848.000000000000000,78385.000000000000000,41915,1887916,30979,1061142,71046,2870586
108,3/31/2021 15:00:00,41064,1850595,34828.000000000000000,1017585,5742.000000000000000,84127.000000000000000,46806,1934722,40570,1101712,81634,2952220
109,4/1/2021 15:00:00,40613,1891208,39720.000000000000000,1057305,5607.000000000000000,89734.000000000000000,46220,1980942,45327,1147039,85940,3038160
110,4/2/2021 15:00:00,34950,1926158,32696.000000000000000,1090001,6093.000000000000000,95827.000000000000000,41043,2021985,38789,1185828,73739,3111899
111,4/3/2021 15:00:00,21582,1947740,18613.000000000000000,1108614,4421.000000000000000,100248.000000000000000,26003,2047988,23034,1208862,44616,3156515
112,4/4/2021 15:00:00,8274,1956014,10132.000000000000000,1118746,959.000000000000000,101207.000000000000000,9233,2057221,11091,1219953,19365,3175880
113,4/5/2021 15:00:00,27957,1983971,29055.000000000000000,1147801,6636.000000000000000,107843.000000000000000,34593,2091814,35691,1255644,63648,3239528
114,4/6/2021 15:00:00,39894,2023865,30542.000000000000000,1178343,10472.000000000000000,118315.000000000000000,50366,2142180,41014,1296658,80908,3320436
115,4/7/2021 15:00:00,36171,2060036,34255.000000000000000,1212598,12948.000000000000000,131263.000000000000000,49119,2191299,47203,1343861,83374,3403810
116,4/8/2021 15:00:00,42422,2102458,36045.000000000000000,1248643,13857.000000000000000,145120.000000000000000,56279,2247578,49902,1393763,92324,3496134
117,4/9/2021 15:00:00,34120,2136578,36344.000000000000000,1284987,14490.000000000000000,159610.000000000000000,48610,2296188,50834,1444597,84954,3581088
118,4/10/2021 15:00:00,24002,2160580,22996.000000000000000,1307983,7615.000000000000000,167225.000000000000000,31617,2327805,30611,1475208,54613,3635701
119,4/11/2021 15:00:00,17552,2178132,13238.000000000000000,1321221,10623.000000000000000,177848.000000000000000,28175,2355980,23861,1499069,41413,3677114
120,4/12/2021 15:00:00,24689,2202821,33133.000000000000000,1354354,10931.000000000000000,188779.000000000000000,35620,2391600,44064,1543133,68753,3745867
121,4/13/2021 15:00:00,126931,2329752,90654.000000000000000,1445008,3292.000000000000000,192071.000000000000000,130223,2521823,93946,1637079,220877,3966744
122,4/14/2021 15:00:00,40826,2370578,37850.000000000000000,1482858,208.000000000000000,192279.000000000000000,41034,2562857,38058,1675137,78884,4045628
123,4/15/2021 15:00:00,41851,2412429,39224.000000000000000,1522082,169.000000000000000,192448.000000000000000,42020,2604877,39393,1714530,81244,4126872
124,4/16/2021 15:00:00,37369,2449798,38735.000000000000000,1560817,22.000000000000000,192470.000000000000000,37391,2642268,38757,1753287,76126,4202998
125,4/17/2021 15:00:00,32993,2482791,21932.000000000000000,1582749,12.000000000000000,192482.000000000000000,33005,2675273,21944,1775231,54937,4257935
126,4/18/2021 15:00:00,20041,2502832,16151.000000000000000,1598900,4.000000000000000,192486.000000000000000,20045,2695318,16155,1791386,36196,4294131
127,4/19/2021 15:00:00,29954,2532786,36519.000000000000000,1635419,61.000000000000000,192547.000000000000000,30015,2725333,36580,1827966,66534,4360665
128,4/20/2021 15:00:00,33114,2565900,44095.000000000000000,1679514,55.000000000000000,192602.000000000000000,33169,2758502,44150,1872116,77264,4437929
129,4/21/2021 15:00:00,39815,2605715,46862.000000000000000,1726376,21.000000000000000,192623.000000000000000,39836,2798338,46883,1918999,86698,4524627
130,4/22/2021 15:00:00,36412,2642127,41899.000000000000000,1768275,16.000000000000000,192639.000000000000000,36428,2834766,41915,1960914,78327,4602954
131,4/23/2021 15:00:00,33145,2675272,39970.000000000000000,1808245,12.000000000000000,192651.000000000000000,33157,2867923,39982,2000896,73127,4676081
132,4/24/2021 15:00:00,26361,2701633,28573.000000000000000,1836818,80.000000000000000,192731.000000000000000,26441,2894364,28653,2029549,55014,4731095
133,4/25/2021 15:00:00,20203,2721836,10888.000000000000000,1847706,30.000000000000000,192761.000000000000000,20233,2914597,10918,2040467,31121,4762216
134,4/26/2021 15:00:00,27405,2749241,32737.000000000000000,1880443,203.000000000000000,192964.000000000000000,27608,2942205,32940,2073407,60345,4822561
135,4/27/2021 15:00:00,26717,2775958,33012.000000000000000,1913455,1095.000000000000000,194059.000000000000000,27812,2970017,34107,2107514,60824,4883385
136,4/28/2021 15:00:00,28983,2804941,39454.000000000000000,1952909,1361.000000000000000,195420.000000000000000,30344,3000361,40815,2148329,69798,4953183
137,4/29/2021 15:00:00,27384,2832325,39402.000000000000000,1992311,1462.000000000000000,196882.000000000000000,28846,3029207,40864,2189193,68248,5021431
138,4/30/2021 15:00:00,28232,2860557,32094.000000000000000,2024405,1639.000000000000000,198521.000000000000000,29871,3059078,33733,2222926,61965,5083396
139,5/1/2021 15:00:00,20297,2880854,26665.000000000000000,2051070,1015.000000000000000,199536.000000000000000,21312,3080390,27680,2250606,47977,5131373
140,5/2/2021 15:00:00,10256,2891110,16981.000000000000000,2068051,818.000000000000000,200354.000000000000000,11074,3091464,17799,2268405,28055,5159428
141,5/3/2021 15:00:00,13067,2904177,29716.000000000000000,2097767,1914.000000000000000,202268.000000000000000,14981,3106445,31630,2300035,44697,5204125
142,5/4/2021 15:00:00,14215,2918392,39511.000000000000000,2137278,1732.000000000000000,204000.000000000000000,15947,3122392,41243,2341278,55458,5259583
143,5/5/2021 15:00:00,19321,2937713,37749.000000000000000,2175027,1917.000000000000000,205917.000000000000000,21238,3143630,39666,2380944,58987,5318570
144,5/6/2021 15:00:00,16981,2954694,40557.000000000000000,2215584,1711.000000000000000,207628.000000000000000,18692,3162322,42268,2423212,59249,5377819
145,5/7/2021 15:00:00,17402,2972096,36010.000000000000000,2251594,1953.000000000000000,209581.000000000000000,19355,3181677,37963,2461175,55365,5433184
146,5/8/2021 15:00:00,10781,2982877,31126.000000000000000,2282720,1291.000000000000000,210872.000000000000000,12072,3193749,32417,2493592,43198,5476382
147,5/9/2021 15:00:00,5044,2987921,11879.000000000000000,2294599,695.000000000000000,211567.000000000000000,5739,3199488,12574,2506166,17618,5494000
148,5/10/2021 15:00:00,8940,2996861,31098.000000000000000,2325697,1357.000000000000000,212924.000000000000000,10297,3209785,32455,2538621,41395,5535395
149,5/11/2021 15:00:00,12192,3009053,30274.000000000000000,2355971,1443.000000000000000,214367.000000000000000,13635,3223420,31717,2570338,43909,5579304
150,5/12/2021 15:00:00,13911,3022964,38548.000000000000000,2394519,1909.000000000000000,216276.000000000000000,15820,3239240,40457,2610795,54368,5633672
151,5/13/2021 15:00:00,21817,3044781,33373.000000000000000,2427892,1352.000000000000000,217628.000000000000000,23169,3262409,34725,2645520,56542,5690214
152,5/14/2021 15:00:00,24315,3069096,29957.000000000000000,2457849,1771.000000000000000,219399.000000000000000,26086,3288495,31728,2677248,56043,5746257
153,5/15/2021 15:00:00,21839,3090935,25001.000000000000000,2482850,1532.000000000000000,220931.000000000000000,23371,3311866,26533,2703781,48372,5794629
154,5/16/2021 15:00:00,9052,3099987,17511.000000000000000,2500361,1113.000000000000000,222044.000000000000000,10165,3322031,18624,2722405,27676,5822305
155,5/17/2021 15:00:00,16844,3116831,28360.000000000000000,2528721,1948.000000000000000,223992.000000000000000,18792,3340823,30308,2752713,47152,5869457
156,5/18/2021 15:00:00,21249,3138080,30669.000000000000000,2559390,1947.000000000000000,225939.000000000000000,23196,3364019,32616,2785329,53865,5923322
157,5/19/2021 15:00:00,27577,3165657,32362.000000000000000,2591752,1623.000000000000000,227562.000000000000000,29200,3393219,33985,2819314,61562,5984884
158,5/20/2021 15:00:00,20778,3186435,33254.000000000000000,2625006,1966.000000000000000,229528.000000000000000,22744,3415963,35220,2854534,55998,6040882
159,5/21/2021 15:00:00,19122,3205557,30220.000000000000000,2655226,1612.000000000000000,231140.000000000000000,20734,3436697,31832,2886366,50954,6091836
160,5/22/2021 15:00:00,16876,3222433,20593.000000000000000,2675819,1269.000000000000000,232409.000000000000000,18145,3454842,21862,2908228,38738,6130574
161,5/23/2021 15:00:00,8740,3231173,11406.000000000000000,2687225,961.000000000000000,233370.000000000000000,9701,3464543,12367,2920595,21107,6151681
162,5/24/2021 15:00:00,13454,3244627,17848.000000000000000,2705073,1481.000000000000000,234851.000000000000000,14935,3479478,19329,2939924,32783,6184464
163,5/25/2021 15:00:00,12888,3257515,18764.000000000000000,2723837,1328.000000000000000,236179.000000000000000,14216,3493694,20092,2960016,32980,6217444
164,5/26/2021 15:00:00,18259,3275774,19432.000000000000000,2743269,1508.000000000000000,237687.000000000000000,19767,3513461,20940,2980956,39199,6256643
165,5/27/2021 15:00:00,11676,3287450,18626.000000000000000,2761895,1133.000000000000000,238820.000000000000000,12809,3526270,19759,3000715,31435,6288078
166,5/28/2021 15:00:00,12471,3299921,19729.000000000000000,2781624,1402.000000000000000,240222.000000000000000,13873,3540143,21131,3021846,33602,6321680
167,5/29/2021 15:00:00,9531,3309452,11620.000000000000000,2793244,936.000000000000000,241158.000000000000000,10467,3550610,12556,3034402,22087,6343767
168,5/30/2021 15:00:00,4892,3314344,6474.000000000000000,2799718,596.000000000000000,241754.000000000000000,5488,3556098,7070,3041472,11962,6355729
169,5/31/2021 15:00:00,1771,3316115,3684.000000000000000,2803402,304.000000000000000,242058.000000000000000,2075,3558173,3988,3045460,5759,6361488
170,6/1/2021 15:00:00,9369,3325484,16580.000000000000000,2819982,1143.000000000000000,243201.000000000000000,10512,3568685,17723,3063183,27092,6388580
171,6/2/2021 15:00:00,10138,3335622,16798.000000000000000,2836780,960.000000000000000,244161.000000000000000,11098,3579783,17758,3080941,27896,6416476
172,6/3/2021 15:00:00,7891,3343513,21154.000000000000000,2857934,1083.000000000000000,245244.000000000000000,8974,3588757,22237,3103178,30128,6446604
173,6/4/2021 15:00:00,8211,3351724,22162.000000000000000,2880096,1123.000000000000000,246367.000000000000000,9334,3598091,23285,3126463,31496,6478100
174,6/5/2021 15:00:00,6989,3358713,19365.000000000000000,2899461,718.000000000000000,247085.000000000000000,7707,3605798,20083,3146546,27072,6505172
175,6/6/2021 15:00:00,3465,3362178,7180.000000000000000,2906641,420.000000000000000,247505.000000000000000,3885,3609683,7600,3154146,11065,6516237
176,6/7/2021 15:00:00,6821,3368999,15716.000000000000000,2922357,725.000000000000000,248230.000000000000000,7546,3617229,16441,3170587,23262,6539499
177,6/8/2021 15:00:00,6674,3375673,19685.000000000000000,2942042,816.000000000000000,249046.000000000000000,7490,3624719,20501,3191088,27175,6566674
178,6/9/2021 15:00:00,8197,3383870,23836.000000000000000,2965878,968.000000000000000,250014.000000000000000,9165,3633884,24804,3215892,33001,6599675
179,6/10/2021 15:00:00,7163,3391033,19069.000000000000000,2984947,897.000000000000000,250911.000000000000000,8060,3641944,19966,3235858,27129,6626804
180,6/11/2021 15:00:00,7435,3398468,17647.000000000000000,3002594,1125.000000000000000,252036.000000000000000,8560,3650504,18772,3254630,26207,6653011
181,6/12/2021 15:00:00,5234,3403702,14677.000000000000000,3017271,602.000000000000000,252638.000000000000000,5836,3656340,15279,3269909,20513,6673524
182,6/13/2021 15:00:00,1930,3405632,7548.000000000000000,3024819,426.000000000000000,253064.000000000000000,2356,3658696,7974,3277883,9904,6683428
183,6/14/2021 15:00:00,5652,3411284,11772.000000000000000,3036591,727.000000000000000,253791.000000000000000,6379,3665075,12499,3290382,18151,6701579
184,6/15/2021 15:00:00,5636,3416920,14300.000000000000000,3050891,860.000000000000000,254651.000000000000000,6496,3671571,15160,3305542,20796,6722375
185,6/16/2021 15:00:00,8711,3425631,21495.000000000000000,3072386,753.000000000000000,255404.000000000000000,9464,3681035,22248,3327790,30959,6753334
186,6/17/2021 15:00:00,6666,3432297,12359.000000000000000,3084745,720.000000000000000,256124.000000000000000,7386,3688421,13079,3340869,19745,6773079
187,6/18/2021 15:00:00,6833,3439130,12634.000000000000000,3097379,694.000000000000000,256818.000000000000000,7527,3695948,13328,3354197,20161,6793240
188,6/19/2021 15:00:00,4655,3443785,9340.000000000000000,3106719,614.000000000000000,257432.000000000000000,5269,3701217,9954,3364151,14609,6807849
189,6/20/2021 15:00:00,2496,3446281,5020.000000000000000,3111739,377.000000000000000,257809.000000000000000,2873,3704090,5397,3369548,7893,6815742
190,6/21/2021 15:00:00,5542,3451823,5308.000000000000000,3117047,635.000000000000000,258444.000000000000000,6177,3710267,5943,3375491,11485,6827227
191,6/22/2021 15:00:00,5198,3457021,8845.000000000000000,3125892,682.000000000000000,259126.000000000000000,5880,3716147,9527,3385018,14725,6841952
192,6/23/2021 15:00:00,6060,3463081,10264.000000000000000,3136156,641.000000000000000,259767.000000000000000,6701,3722848,10905,3395923,16965,6858917
193,6/24/2021 15:00:00,5920,3469001,8177.000000000000000,3144333,590.000000000000000,260357.000000000000000,6510,3729358,8767,3404690,14687,6873604
194,6/25/2021 15:00:00,5810,3474811,8597.000000000000000,3152930,620.000000000000000,260977.000000000000000,6430,3735788,9217,3413907,15027,6888631
195,6/26/2021 15:00:00,3702,3478513,6268.000000000000000,3159198,393.000000000000000,261370.000000000000000,4095,3739883,6661,3420568,10363,6898994
196,6/27/2021 15:00:00,2794,3481307,3528.000000000000000,3162726,182.000000000000000,261552.000000000000000,2976,3742859,3710,3424278,6504,6905498
197,6/28/2021 15:00:00,4728,3486035,6087.000000000000000,3168813,521.000000000000000,262073.000000000000000,5249,3748108,6608,3430886,11336,6916834
198,6/29/2021 15:00:00,5068,3491103,6484.000000000000000,3175297,517.000000000000000,262590.000000000000000,5585,3753693,7001,3437887,12069,6928903
199,6/30/2021 15:00:00,5588,3496691,7391.000000000000000,3182688,604.000000000000000,263194.000000000000000,6192,3759885,7995,3445882,13583,6942486
200,7/1/2021 15:00:00,5284,3501975,6912.000000000000000,3189600,486.000000000000000,263680.000000000000000,5770,3765655,7398,3453280,12682,6955168
201,7/2/2021 15:00:00,5263,3507238,6814.000000000000000,3196414,518.000000000000000,264198.000000000000000,5781,3771436,7332,3460612,12595,6967763
202,7/3/2021 15:00:00,3256,3510494,4061.000000000000000,3200475,260.000000000000000,264458.000000000000000,3516,3774952,4321,3464933,7577,6975340
203,7/4/2021 15:00:00,490,3510984,540.000000000000000,3201015,66.000000000000000,264524.000000000000000,556,3775508,606,3465539,1096,6976436
204,7/5/2021 15:00:00,3747,3514731,3957.000000000000000,3204972,280.000000000000000,264804.000000000000000,4027,3779535,4237,3469776,7984,6984420
205,7/6/2021 15:00:00,4456,3519187,6202.000000000000000,3211174,450.000000000000000,265254.000000000000000,4906,3784441,6652,3476428,11108,6995528
206,7/7/2021 15:00:00,4462,3523649,6349.000000000000000,3217523,480.000000000000000,265734.000000000000000,4942,3789383,6829,3483257,11291,7006819
207,7/8/2021 15:00:00,4816,3528465,6102.000000000000000,3223625,562.000000000000000,266296.000000000000000,5378,3794761,6664,3489921,11480,7018299
208,7/9/2021 15:00:00,5322,3533787,6604.000000000000000,3230229,571.000000000000000,266867.000000000000000,5893,3800654,7175,3497096,12497,7030796
209,7/10/2021 15:00:00,3509,3537296,4366.000000000000000,3234595,302.000000000000000,267169.000000000000000,3811,3804465,4668,3501764,8177,7038973
210,7/11/2021 15:00:00,2662,3539958,2546.000000000000000,3237141,223.000000000000000,267392.000000000000000,2885,3807350,2769,3504533,5431,7044404
211,7/12/2021 15:00:00,4399,3544357,5099.000000000000000,3242240,374.000000000000000,267766.000000000000000,4773,3812123,5473,3510006,9872,7054276
212,7/13/2021 15:00:00,4734,3549091,4572.000000000000000,3246812,361.000000000000000,268127.000000000000000,5095,3817218,4933,3514939,9667,7063943
213,7/14/2021 15:00:00,4595,3553686,5231.000000000000000,3252043,420.000000000000000,268547.000000000000000,5015,3822233,5651,3520590,10246,7074189
214,7/15/2021 15:00:00,4861,3558547,4960.000000000000000,3257003,357.000000000000000,268904.000000000000000,5218,3827451,5317,3525907,10178,7084367
215,7/16/2021 15:00:00,6260,3564807,5797.000000000000000,3262800,400.000000000000000,269304.000000000000000,6660,3834111,6197,3532104,12457,7096824
216,7/17/2021 15:00:00,3400,3568207,3547.000000000000000,3266347,299.000000000000000,269603.000000000000000,3699,3837810,3846,3535950,7246,7104070
217,7/18/2021 15:00:00,2294,3570501,2368.000000000000000,3268715,109.000000000000000,269712.000000000000000,2403,3840213,2477,3538427,4771,7108841
218,7/19/2021 15:00:00,5221,3575722,4459.000000000000000,3273174,374.000000000000000,270086.000000000000000,5595,3845808,4833,3543260,10054,7118895
219,7/20/2021 15:00:00,5317,3581039,4678.000000000000000,3277852,366.000000000000000,270452.000000000000000,5683,3851491,5044,3548304,10361,7129256
220,7/21/2021 15:00:00,5613,3586652,4919.000000000000000,3282771,412.000000000000000,270864.000000000000000,6025,3857516,5331,3553635,10944,7140200
221,7/22/2021 15:00:00,5984,3592636,4626.000000000000000,3287397,404.000000000000000,271268.000000000000000,6388,3863904,5030,3558665,11014,7151214
222,7/23/2021 15:00:00,6816,3599452,4857.000000000000000,3292254,488.000000000000000,271756.000000000000000,7304,3871208,5345,3564010,12161,7163375
223,7/24/2021 15:00:00,4269,3603721,3197.000000000000000,3295451,264.000000000000000,272020.000000000000000,4533,3875741,3461,3567471,7730,7171105
224,7/25/2021 15:00:00,3287,3607008,1118.000000000000000,3296569,138.000000000000000,272158.000000000000000,3425,3879166,1256,3568727,4543,7175648
225,7/26/2021 15:00:00,6186,3613194,3904.000000000000000,3300473,409.000000000000000,272567.000000000000000,6595,3885761,4313,3573040,10499,7186147
226,7/27/2021 15:00:00,6331,3619525,4057.000000000000000,3304530,450.000000000000000,273017.000000000000000,6781,3892542,4507,3577547,10838,7196985
227,7/28/2021 15:00:00,6776,3626301,4006.000000000000000,3308536,453.000000000000000,273470.000000000000000,7229,3899771,4459,3582006,11235,7208220
228,7/29/2021 15:00:00,6785,3633086,4146.000000000000000,3312682,410.000000000000000,273880.000000000000000,7195,3906966,4556,3586562,11341,7219561
229,7/30/2021 15:00:00,7492,3640578,4517.000000000000000,3317199,518.000000000000000,274398.000000000000000,8010,3914976,5035,3591597,12527,7232088
230,7/31/2021 15:00:00,4778,3645356,3042.000000000000000,3320241,271.000000000000000,274669.000000000000000,5049,3920025,3313,3594910,8091,7240179
231,8/1/2021 15:00:00,3738,3649094,2082.000000000000000,3322323,153.000000000000000,274822.000000000000000,3891,3923916,2235,3597145,5973,7246152
232,8/2/2021 15:00:00,6992,3656086,3653.000000000000000,3325976,332.000000000000000,275154.000000000000000,7324,3931240,3985,3601130,10977,7257129
233,8/3/2021 15:00:00,6962,3663048,3895.000000000000000,3329871,502.000000000000000,275656.000000000000000,7464,3938704,4397,3605527,11359,7268488
234,8/4/2021 15:00:00,7140,3670188,3894.000000000000000,3333765,527.000000000000000,276183.000000000000000,7667,3946371,4421,3609948,11561,7280049
235,8/5/2021 15:00:00,7622,3677810,4109.000000000000000,3337874,534.000000000000000,276717.000000000000000,8156,3954527,4643,3614591,12265,7292314
236,8/6/2021 15:00:00,8246,3686056,4699.000000000000000,3342573,448.000000000000000,277165.000000000000000,8694,3963221,5147,3619738,13393,7305707
237,8/7/2021 15:00:00,5235,3691291,2793.000000000000000,3345366,262.000000000000000,277427.000000000000000,5497,3968718,3055,3622793,8290,7313997
238,8/8/2021 15:00:00,3936,3695227,2044.000000000000000,3347410,140.000000000000000,277567.000000000000000,4076,3972794,2184,3624977,6120,7320117
239,8/9/2021 15:00:00,6893,3702120,4502.000000000000000,3351912,361.000000000000000,277928.000000000000000,7254,3980048,4863,3629840,11756,7331873
240,8/10/2021 15:00:00,7093,3709213,4441.000000000000000,3356353,334.000000000000000,278262.000000000000000,7427,3987475,4775,3634615,11868,7343741
241,8/11/2021 15:00:00,7016,3716229,4420.000000000000000,3360773,438.000000000000000,278700.000000000000000,7454,3994929,4858,3639473,11874,7355615
242,8/12/2021 15:00:00,8541,3724770,4688.000000000000000,3365461,437.000000000000000,279137.000000000000000,8978,4003907,5125,3644598,13666,7369281
243,8/13/2021 15:00:00,7078,3731848,5337.000000000000000,3370798,381.000000000000000,279518.000000000000000,7459,4011366,5718,3650316,12796,7382077
244,8/14/2021 15:00:00,4908,3736756,3336.000000000000000,3374134,282.000000000000000,279800.000000000000000,5190,4016556,3618,3653934,8526,7390603
245,8/15/2021 15:00:00,3314,3740070,2728.000000000000000,3376862,163.000000000000000,279963.000000000000000,3477,4020033,2891,3656825,6205,7396808
246,8/16/2021 15:00:00,5381,3745451,5057.000000000000000,3381919,348.000000000000000,280311.000000000000000,5729,4025762,5405,3662230,10786,7407594
247,8/17/2021 15:00:00,6914,3752365,5178.000000000000000,3387097,386.000000000000000,280697.000000000000000,7300,4033062,5564,3667794,12478,7420072
248,8/18/2021 15:00:00,6487,3758852,5274.000000000000000,3392371,464.000000000000000,281161.000000000000000,6951,4040013,5738,3673532,12225,7432297
249,8/19/2021 15:00:00,5963,3764815,5307.000000000000000,3397678,406.000000000000000,281567.000000000000000,6369,4046382,5713,3679245,11676,7443973
250,8/20/2021 15:00:00,6985,3771800,6296.000000000000000,3403974,400.000000000000000,281967.000000000000000,7385,4053767,6696,3685941,13681,7457654
251,8/21/2021 15:00:00,4304,3776104,3912.000000000000000,3407886,223.000000000000000,282190.000000000000000,4527,4058294,4135,3690076,8439,7466093
252,8/22/2021 15:00:00,3059,3779163,3153.000000000000000,3411039,109.000000000000000,282299.000000000000000,3168,4061462,3262,3693338,6321,7472414
253,8/23/2021 15:00:00,6140,3785303,5896.000000000000000,3416935,284.000000000000000,282583.000000000000000,6424,4067886,6180,3699518,12320,7484734
254,8/24/2021 15:00:00,6607,3791910,5835.000000000000000,3422770,423.000000000000000,283006.000000000000000,7030,4074916,6258,3705776,12865,7497599
255,8/25/2021 15:00:00,6858,3798768,5982.000000000000000,3428752,432.000000000000000,283438.000000000000000,7290,4082206,6414,3712190,13272,7510871
256,8/26/2021 15:00:00,7146,3805914,6378.000000000000000,3435130,425.000000000000000,283863.000000000000000,7571,4089777,6803,3718993,13949,7524820
257,8/27/2021 15:00:00,6811,3812725,6977.000000000000000,3442107,314.000000000000000,284177.000000000000000,7125,4096902,7291,3726284,14102,7538922
258,8/28/2021 15:00:00,6903,3819628,6468.000000000000000,3448575,324.000000000000000,284501.000000000000000,7227,4104129,6792,3733076,13695,7552617
259,8/29/2021 15:00:00,3745,3823373,3671.000000000000000,3452246,611.000000000000000,285112.000000000000000,4356,4108485,4282,3737358,8027,7560644
260,8/30/2021 15:00:00,5912,3829285,6067.000000000000000,3458313,946.000000000000000,286058.000000000000000,6858,4115343,7013,3744371,12925,7573569
261,8/31/2021 15:00:00,5664,3834949,5906.000000000000000,3464219,945.000000000000000,287003.000000000000000,6609,4121952,6851,3751222,12515,7586084
262,9/1/2021 15:00:00,5482,3840431,5549.000000000000000,3469768,894.000000000000000,287897.000000000000000,6376,4128328,6443,3757665,11925,7598009
263,9/2/2021 15:00:00,5516,3845947,5849.000000000000000,3475617,699.000000000000000,288596.000000000000000,6215,4134543,6548,3764213,12064,7610073
264,9/3/2021 15:00:00,5951,3851898,6850.000000000000000,3482467,967.000000000000000,289563.000000000000000,6918,4141461,7817,3772030,13768,7623841
265,9/4/2021 15:00:00,3717,3855615,4299.000000000000000,3486766,875.000000000000000,290438.000000000000000,4592,4146053,5174,3777204,8891,7632732
266,9/5/2021 15:00:00,2880,3858495,2787.000000000000000,3489553,105.000000000000000,290543.000000000000000,2985,4149038,2892,3780096,5772,7638504
267,9/6/2021 15:00:00,1041,3859536,1140.000000000000000,3490693,62.000000000000000,290605.000000000000000,1103,4150141,1202,3781298,2243,7640747
268,9/7/2021 15:00:00,5261,3864797,7221.000000000000000,3497914,2299.000000000000000,292904.000000000000000,7560,4157701,9520,3790818,14781,7655528
269,9/8/2021 15:00:00,4642,3869439,5423.000000000000000,3503337,364.000000000000000,293268.000000000000000,5006,4162707,5787,3796605,10429,7665957
270,9/9/2021 15:00:00,5036,3874475,5309.000000000000000,3508646,321.000000000000000,293589.000000000000000,5357,4168064,5630,3802235,10666,7676623
271,9/10/2021 15:00:00,6488,3880963,6535.000000000000000,3515181,1708.000000000000000,295297.000000000000000,8196,4176260,8243,3810478,14731,7691354
272,9/11/2021 15:00:00,4026,3884989,4315.000000000000000,3519496,661.000000000000000,295958.000000000000000,4687,4180947,4976,3815454,9002,7700356
273,9/12/2021 15:00:00,3052,3888041,3224.000000000000000,3522720,433.000000000000000,296391.000000000000000,3485,4184432,3657,3819111,6709,7707065
274,9/13/2021 15:00:00,4640,3892681,4811.000000000000000,3527531,346.000000000000000,296737.000000000000000,4986,4189418,5157,3824268,9797,7716862
275,9/14/2021 15:00:00,4548,3897229,5185.000000000000000,3532716,430.000000000000000,297167.000000000000000,4978,4194396,5615,3829883,10163,7727025
276,9/15/2021 15:00:00,4658,3901887,5564.000000000000000,3538280,383.000000000000000,297550.000000000000000,5041,4199437,5947,3835830,10605,7737630
277,9/16/2021 15:00:00,4544,3906431,5563.000000000000000,3543843,326.000000000000000,297876.000000000000000,4870,4204307,5889,3841719,10433,7748063
278,9/17/2021 15:00:00,4960,3911391,6268.000000000000000,3550111,333.000000000000000,298209.000000000000000,5293,4209600,6601,3848320,11561,7759624
279,9/18/2021 15:00:00,3739,3915130,4546.000000000000000,3554657,183.000000000000000,298392.000000000000000,3922,4213522,4729,3853049,8468,7768092
280,9/19/2021 15:00:00,2715,3917845,3158.000000000000000,3557815,75.000000000000000,298467.000000000000000,2790,4216312,3233,3856282,5948,7774040
281,9/20/2021 15:00:00,3504,3921349,4428.000000000000000,3562243,426.000000000000000,298893.000000000000000,3930,4220242,4854,3861136,8358,7782398
282,9/21/2021 15:00:00,3747,3925096,4756.000000000000000,3566999,320.000000000000000,299213.000000000000000,4067,4224309,5076,3866212,8823,7791221
283,9/22/2021 15:00:00,4107,3929203,4683.000000000000000,3571682,451.000000000000000,299664.000000000000000,4558,4228867,5134,3871346,9241,7800462
284,9/23/2021 15:00:00,4134,3933337,4656.000000000000000,3576338,486.000000000000000,300150.000000000000000,4620,4233487,5142,3876488,9276,7809738
285,9/24/2021 15:00:00,5006,3938343,5469.000000000000000,3581807,414.000000000000000,300564.000000000000000,5420,4238907,5883,3882371,10889,7820627
286,9/25/2021 15:00:00,3576,3941919,3615.000000000000000,3585422,384.000000000000000,300948.000000000000000,3960,4242867,3999,3886370,7575,7828202
287,9/26/2021 15:00:00,2331,3944250,2593.000000000000000,3588015,421.000000000000000,301369.000000000000000,2752,4245619,3014,3889384,5345,7833547
288,9/27/2021 15:00:00,4255,3948505,2502.000000000000000,3590517,505.000000000000000,301874.000000000000000,4760,4250379,3007,3892391,7262,7840809
289,9/28/2021 15:00:00,4328,3952833,4330.000000000000000,3594847,210.000000000000000,302084.000000000000000,4538,4254917,4540,3896931,8868,7849677
290,9/29/2021 15:00:00,4642,3957475,4428.000000000000000,3599275,915.000000000000000,302999.000000000000000,5557,4260474,5343,3902274,9985,7859662
291,9/30/2021 15:00:00,4632,3962107,4269.000000000000000,3603544,774.000000000000000,303773.000000000000000,5406,4265880,5043,3907317,9675,7869337
292,10/1/2021 15:00:00,4957,3967064,4855.000000000000000,3608399,750.000000000000000,304523.000000000000000,5707,4271587,5605,3912922,10562,7879899
293,10/2/2021 15:00:00,2621,3969685,2612.000000000000000,3611011,167.000000000000000,304690.000000000000000,2788,4274375,2779,3915701,5400,7885299
294,10/3/2021 15:00:00,1823,3971508,1951.000000000000000,3612962,58.000000000000000,304748.000000000000000,1881,4276256,2009,3917710,3832,7889131
295,10/4/2021 15:00:00,3835,3975343,3081.000000000000000,3616043,205.000000000000000,304953.000000000000000,4040,4280296,3286,3920996,7121,7896252
296,10/5/2021 15:00:00,3740,3979083,3297.000000000000000,3619340,184.000000000000000,305137.000000000000000,3924,4284220,3481,3924477,7221,7903473
297,10/6/2021 15:00:00,3627,3982710,3099.000000000000000,3622439,194.000000000000000,305331.000000000000000,3821,4288041,3293,3927770,6920,7910393
298,10/7/2021 15:00:00,1756,3984466,1277.000000000000000,3623716,237.000000000000000,305568.000000000000000,1993,4290034,1514,3929284,3270,7913663