OBJECTID,VACCINATION_DATE,FirstDailyDose,FirstDoseCumulative,SecondDailyDose,SecondDoseCumulative,SingleDailyDose,SingleDoseCumulative,AtleastOneVaccine,AtleastOneVaccineCumulative,CompletedVax,CompletedVaxCumulative,FirstSecondSingleVaccination_12,FirstSecondSingleVaccination_13
1,12/14/2020 15:00:00,19,1436,,528,,,19,1436,0,528,19,1860
2,12/15/2020 15:00:00,61,1497,3.000000000000000,531,,,61,1497,3,531,64,1924
3,12/16/2020 15:00:00,596,2093,5.000000000000000,536,,,596,2093,5,536,601,2525
4,12/17/2020 15:00:00,1165,3258,8.000000000000000,544,,,1165,3258,8,544,1173,3698
5,12/18/2020 15:00:00,3026,6284,12.000000000000000,556,,,3026,6284,12,556,3038,6736
6,12/19/2020 15:00:00,929,7213,7.000000000000000,563,,,929,7213,7,563,936,7672
7,12/20/2020 15:00:00,365,7578,6.000000000000000,569,,,365,7578,6,569,371,8043
8,12/21/2020 15:00:00,3892,11470,27.000000000000000,596,,,3892,11470,27,596,3919,11962
9,12/22/2020 15:00:00,6325,17795,28.000000000000000,624,,,6325,17795,28,624,6353,18315
10,12/23/2020 15:00:00,5789,23584,37.000000000000000,661,,,5789,23584,37,661,5826,24141
11,12/24/2020 15:00:00,2729,26313,15.000000000000000,676,,,2729,26313,15,676,2744,26885
12,12/25/2020 15:00:00,1035,27348,4.000000000000000,680,,,1035,27348,4,680,1039,27924
13,12/26/2020 15:00:00,1883,29231,10.000000000000000,690,,,1883,29231,10,690,1893,29817
14,12/27/2020 15:00:00,1803,31034,12.000000000000000,702,,,1803,31034,12,702,1815,31632
15,12/28/2020 15:00:00,8987,40021,51.000000000000000,753,,,8987,40021,51,753,9038,40670
16,12/29/2020 15:00:00,10974,50995,53.000000000000000,806,,,10974,50995,53,806,11027,51697
17,12/30/2020 15:00:00,12497,63492,92.000000000000000,898,,,12497,63492,92,898,12589,64286
18,12/31/2020 15:00:00,7557,71049,47.000000000000000,945,,,7557,71049,47,945,7604,71890
19,1/1/2021 15:00:00,3332,74381,145.000000000000000,1090,,,3332,74381,145,1090,3477,75367
20,1/2/2021 15:00:00,3049,77430,34.000000000000000,1124,,,3049,77430,34,1124,3083,78450
21,1/3/2021 15:00:00,3412,80842,82.000000000000000,1206,,,3412,80842,82,1206,3494,81944
22,1/4/2021 15:00:00,13368,94210,337.000000000000000,1543,,,13368,94210,337,1543,13705,95649
23,1/5/2021 15:00:00,12489,106699,550.000000000000000,2093,,,12489,106699,550,2093,13039,108688
24,1/6/2021 15:00:00,15273,121972,867.000000000000000,2960,,,15273,121972,867,2960,16140,124828
25,1/7/2021 15:00:00,15051,137023,1778.000000000000000,4738,,,15051,137023,1778,4738,16829,141657
26,1/8/2021 15:00:00,24018,161041,2787.000000000000000,7525,,,24018,161041,2787,7525,26805,168462
27,1/9/2021 15:00:00,5177,166218,956.000000000000000,8481,,,5177,166218,956,8481,6133,174595
28,1/10/2021 15:00:00,2973,169191,386.000000000000000,8867,,,2973,169191,386,8867,3359,177954
29,1/11/2021 15:00:00,13737,182928,3476.000000000000000,12343,,,13737,182928,3476,12343,17213,195167
30,1/12/2021 15:00:00,17400,200328,5593.000000000000000,17936,,,17400,200328,5593,17936,22993,218160
31,1/13/2021 15:00:00,18626,218954,3934.000000000000000,21870,,,18626,218954,3934,21870,22560,240720
32,1/14/2021 15:00:00,17869,236823,1964.000000000000000,23834,,,17869,236823,1964,23834,19833,260553
33,1/15/2021 15:00:00,19492,256315,2032.000000000000000,25866,,,19492,256315,2032,25866,21524,282077
34,1/16/2021 15:00:00,5841,262156,1618.000000000000000,27484,,,5841,262156,1618,27484,7459,289536
35,1/17/2021 15:00:00,2125,264281,1480.000000000000000,28964,,,2125,264281,1480,28964,3605,293141
36,1/18/2021 15:00:00,7081,271362,3266.000000000000000,32230,,,7081,271362,3266,32230,10347,303488
37,1/19/2021 15:00:00,16957,288319,5411.000000000000000,37641,,,16957,288319,5411,37641,22368,325856
38,1/20/2021 15:00:00,21013,309332,5329.000000000000000,42970,,,21013,309332,5329,42970,26342,352198
39,1/21/2021 15:00:00,23819,333151,3855.000000000000000,46825,,,23819,333151,3855,46825,27674,379872
40,1/22/2021 15:00:00,28661,361812,3762.000000000000000,50587,,,28661,361812,3762,50587,32423,412295
41,1/23/2021 15:00:00,10127,371939,1945.000000000000000,52532,,,10127,371939,1945,52532,12072,424367
42,1/24/2021 15:00:00,3359,375298,1723.000000000000000,54255,,,3359,375298,1723,54255,5082,429449
43,1/25/2021 15:00:00,16311,391609,8611.000000000000000,62866,,,16311,391609,8611,62866,24922,454371
44,1/26/2021 15:00:00,17565,409174,8980.000000000000000,71846,,,17565,409174,8980,71846,26545,480916
45,1/27/2021 15:00:00,24443,433617,12563.000000000000000,84409,,,24443,433617,12563,84409,37006,517922
46,1/28/2021 15:00:00,22664,456281,9333.000000000000000,93742,,,22664,456281,9333,93742,31997,549919
47,1/29/2021 15:00:00,24787,481068,7933.000000000000000,101675,,,24787,481068,7933,101675,32720,582639
48,1/30/2021 15:00:00,17781,498849,2570.000000000000000,104245,,,17781,498849,2570,104245,20351,602990
49,1/31/2021 15:00:00,3765,502614,1372.000000000000000,105617,,,3765,502614,1372,105617,5137,608127
50,2/1/2021 15:00:00,8143,510757,5407.000000000000000,111024,,,8143,510757,5407,111024,13550,621677
51,2/2/2021 15:00:00,12516,523273,13833.000000000000000,124857,,,12516,523273,13833,124857,26349,648026
52,2/3/2021 15:00:00,18264,541537,18144.000000000000000,143001,,,18264,541537,18144,143001,36408,684434
53,2/4/2021 15:00:00,22141,563678,15803.000000000000000,158804,,,22141,563678,15803,158804,37944,722378
54,2/5/2021 15:00:00,20414,584092,17446.000000000000000,176250,,,20414,584092,17446,176250,37860,760238
55,2/6/2021 15:00:00,11377,595469,14535.000000000000000,190785,,,11377,595469,14535,190785,25912,786150
56,2/7/2021 15:00:00,5990,601459,1945.000000000000000,192730,,,5990,601459,1945,192730,7935,794085
57,2/8/2021 15:00:00,13012,614471,12981.000000000000000,205711,,,13012,614471,12981,205711,25993,820078
58,2/9/2021 15:00:00,16665,631136,13883.000000000000000,219594,,,16665,631136,13883,219594,30548,850626
59,2/10/2021 15:00:00,19325,650461,21316.000000000000000,240910,,,19325,650461,21316,240910,40641,891267
60,2/11/2021 15:00:00,22948,673409,17384.000000000000000,258294,,,22948,673409,17384,258294,40332,931599
61,2/12/2021 15:00:00,20439,693848,19672.000000000000000,277966,,,20439,693848,19672,277966,40111,971710
62,2/13/2021 15:00:00,11468,705316,6423.000000000000000,284389,,,11468,705316,6423,284389,17891,989601
63,2/14/2021 15:00:00,7121,712437,2137.000000000000000,286526,,,7121,712437,2137,286526,9258,998859
64,2/15/2021 15:00:00,11771,724208,13345.000000000000000,299871,,,11771,724208,13345,299871,25116,1023975
65,2/16/2021 15:00:00,16653,740861,21030.000000000000000,320901,,,16653,740861,21030,320901,37683,1061658
66,2/17/2021 15:00:00,20680,761541,26386.000000000000000,347287,,,20680,761541,26386,347287,47066,1108724
67,2/18/2021 15:00:00,3201,764742,4624.000000000000000,351911,,,3201,764742,4624,351911,7825,1116549
68,2/19/2021 15:00:00,10260,775002,19930.000000000000000,371841,,,10260,775002,19930,371841,30190,1146739
69,2/20/2021 15:00:00,10320,785322,20302.000000000000000,392143,,,10320,785322,20302,392143,30622,1177361
70,2/21/2021 15:00:00,6190,791512,7664.000000000000000,399807,,,6190,791512,7664,399807,13854,1191215
71,2/22/2021 15:00:00,8037,799549,15487.000000000000000,415294,,,8037,799549,15487,415294,23524,1214739
72,2/23/2021 15:00:00,15544,815093,15979.000000000000000,431273,,,15544,815093,15979,431273,31523,1246262
73,2/24/2021 15:00:00,17999,833092,24846.000000000000000,456119,,,17999,833092,24846,456119,42845,1289107
74,2/25/2021 15:00:00,20389,853481,26584.000000000000000,482703,,,20389,853481,26584,482703,46973,1336080
75,2/26/2021 15:00:00,26700,880181,26278.000000000000000,508981,,,26700,880181,26278,508981,52978,1389058
76,2/27/2021 15:00:00,16031,896212,11162.000000000000000,520143,,,16031,896212,11162,520143,27193,1416251
77,2/28/2021 15:00:00,15522,911734,4891.000000000000000,525034,,,15522,911734,4891,525034,20413,1436664
78,3/1/2021 15:00:00,27151,938885,12652.000000000000000,537686,,,27151,938885,12652,537686,39803,1476467
79,3/2/2021 15:00:00,23988,962873,13298.000000000000000,550984,36.000000000000000,36.000000000000000,24024,962909,13334,551020,37322,1513789
80,3/3/2021 15:00:00,30231,993104,18415.000000000000000,569399,190.000000000000000,226.000000000000000,30421,993330,18605,569625,48836,1562625
81,3/4/2021 15:00:00,31003,1024107,18253.000000000000000,587652,4068.000000000000000,4294.000000000000000,35071,1028401,22321,591946,53324,1615949
82,3/5/2021 15:00:00,30080,1054187,19762.000000000000000,607414,4909.000000000000000,9203.000000000000000,34989,1063390,24671,616617,54751,1670700
83,3/6/2021 15:00:00,18990,1073177,9537.000000000000000,616951,6010.000000000000000,15213.000000000000000,25000,1088390,15547,632164,34537,1705237
84,3/7/2021 15:00:00,12150,1085327,4929.000000000000000,621880,6610.000000000000000,21823.000000000000000,18760,1107150,11539,643703,23689,1728926
85,3/8/2021 15:00:00,25924,1111251,8859.000000000000000,630739,8274.000000000000000,30097.000000000000000,34198,1141348,17133,660836,43057,1771983
86,3/9/2021 15:00:00,26144,1137395,15494.000000000000000,646233,8343.000000000000000,38440.000000000000000,34487,1175835,23837,684673,49981,1821964
87,3/10/2021 15:00:00,29885,1167280,16048.000000000000000,662281,7937.000000000000000,46377.000000000000000,37822,1213657,23985,708658,53870,1875834
88,3/11/2021 15:00:00,36010,1203290,16419.000000000000000,678700,3982.000000000000000,50359.000000000000000,39992,1253649,20401,729059,56411,1932245
89,3/12/2021 15:00:00,36904,1240194,18150.000000000000000,696850,2929.000000000000000,53288.000000000000000,39833,1293482,21079,750138,57983,1990228
90,3/13/2021 15:00:00,22669,1262863,10332.000000000000000,707182,1629.000000000000000,54917.000000000000000,24298,1317780,11961,762099,34630,2024858
91,3/14/2021 15:00:00,17833,1280696,6737.000000000000000,713919,1009.000000000000000,55926.000000000000000,18842,1336622,7746,769845,25579,2050437
92,3/15/2021 15:00:00,29882,1310578,11358.000000000000000,725277,598.000000000000000,56524.000000000000000,30480,1367102,11956,781801,41838,2092275
93,3/16/2021 15:00:00,33473,1344051,13588.000000000000000,738865,770.000000000000000,57294.000000000000000,34243,1401345,14358,796159,47831,2140106
94,3/17/2021 15:00:00,37621,1381672,17077.000000000000000,755942,1181.000000000000000,58475.000000000000000,38802,1440147,18258,814417,55879,2195985
95,3/18/2021 15:00:00,41472,1423144,12687.000000000000000,768629,1354.000000000000000,59829.000000000000000,42826,1482973,14041,828458,55513,2251498
96,3/19/2021 15:00:00,38381,1461525,15436.000000000000000,784065,1045.000000000000000,60874.000000000000000,39426,1522399,16481,844939,54862,2306360
97,3/20/2021 15:00:00,24725,1486250,10227.000000000000000,794292,704.000000000000000,61578.000000000000000,25429,1547828,10931,855870,35656,2342016
98,3/21/2021 15:00:00,19189,1505439,7902.000000000000000,802194,340.000000000000000,61918.000000000000000,19529,1567357,8242,864112,27431,2369447
99,3/22/2021 15:00:00,32602,1538041,11508.000000000000000,813702,835.000000000000000,62753.000000000000000,33437,1600794,12343,876455,44945,2414392
100,3/23/2021 15:00:00,38407,1576448,17855.000000000000000,831557,1556.000000000000000,64309.000000000000000,39963,1640757,19411,895866,57818,2472210
101,3/24/2021 15:00:00,41085,1617533,21251.000000000000000,852808,1387.000000000000000,65696.000000000000000,42472,1683229,22638,918504,63723,2535933
102,3/25/2021 15:00:00,42904,1660437,21728.000000000000000,874536,2456.000000000000000,68152.000000000000000,45360,1728589,24184,942688,67088,2603021
103,3/26/2021 15:00:00,36375,1696812,26714.000000000000000,901250,2495.000000000000000,70647.000000000000000,38870,1767459,29209,971897,65584,2668605
104,3/27/2021 15:00:00,26471,1723283,17322.000000000000000,918572,2491.000000000000000,73138.000000000000000,28962,1796421,19813,991710,46284,2714889
105,3/28/2021 15:00:00,17010,1740293,12685.000000000000000,931257,1615.000000000000000,74753.000000000000000,18625,1815046,14300,1006010,31310,2746199
106,3/29/2021 15:00:00,29719,1770012,26388.000000000000000,957645,1142.000000000000000,75895.000000000000000,30861,1845907,27530,1033540,57249,2803448
107,3/30/2021 15:00:00,40059,1810071,29083.000000000000000,986728,1866.000000000000000,77761.000000000000000,41925,1887832,30949,1064489,71008,2874456
108,3/31/2021 15:00:00,41021,1851092,34744.000000000000000,1021472,5750.000000000000000,83511.000000000000000,46771,1934603,40494,1104983,81515,2955971
109,4/1/2021 15:00:00,42418,1893510,41142.000000000000000,1062614,5753.000000000000000,89264.000000000000000,48171,1982774,46895,1151878,89313,3045284
110,4/2/2021 15:00:00,34921,1928431,32733.000000000000000,1095347,6131.000000000000000,95395.000000000000000,41052,2023826,38864,1190742,73785,3119069
111,4/3/2021 15:00:00,21165,1949596,19233.000000000000000,1114580,4393.000000000000000,99788.000000000000000,25558,2049384,23626,1214368,44791,3163860
112,4/4/2021 15:00:00,8296,1957892,10221.000000000000000,1124801,967.000000000000000,100755.000000000000000,9263,2058647,11188,1225556,19484,3183344
113,4/5/2021 15:00:00,27949,1985841,28976.000000000000000,1153777,6661.000000000000000,107416.000000000000000,34610,2093257,35637,1261193,63586,3246930
114,4/6/2021 15:00:00,39796,2025637,30510.000000000000000,1184287,10502.000000000000000,117918.000000000000000,50298,2143555,41012,1302205,80808,3327738
115,4/7/2021 15:00:00,36104,2061741,34359.000000000000000,1218646,12999.000000000000000,130917.000000000000000,49103,2192658,47358,1349563,83462,3411200
116,4/8/2021 15:00:00,42360,2104101,36156.000000000000000,1254802,13871.000000000000000,144788.000000000000000,56231,2248889,50027,1399590,92387,3503587
117,4/9/2021 15:00:00,34071,2138172,36339.000000000000000,1291141,14533.000000000000000,159321.000000000000000,48604,2297493,50872,1450462,84943,3588530
118,4/10/2021 15:00:00,23474,2161646,23157.000000000000000,1314298,7642.000000000000000,166963.000000000000000,31116,2328609,30799,1481261,54273,3642803
119,4/11/2021 15:00:00,17582,2179228,13288.000000000000000,1327586,10124.000000000000000,177087.000000000000000,27706,2356315,23412,1504673,40994,3683797
120,4/12/2021 15:00:00,24582,2203810,33253.000000000000000,1360839,10904.000000000000000,187991.000000000000000,35486,2391801,44157,1548830,68739,3752536
121,4/13/2021 15:00:00,126153,2329963,91310.000000000000000,1452149,3293.000000000000000,191284.000000000000000,129446,2521247,94603,1643433,220756,3973292
122,4/14/2021 15:00:00,40727,2370690,37842.000000000000000,1489991,213.000000000000000,191497.000000000000000,40940,2562187,38055,1681488,78782,4052074
123,4/15/2021 15:00:00,41413,2412103,39572.000000000000000,1529563,176.000000000000000,191673.000000000000000,41589,2603776,39748,1721236,81161,4133235
124,4/16/2021 15:00:00,37144,2449247,38888.000000000000000,1568451,24.000000000000000,191697.000000000000000,37168,2640944,38912,1760148,76056,4209291
125,4/17/2021 15:00:00,32811,2482058,22037.000000000000000,1590488,13.000000000000000,191710.000000000000000,32824,2673768,22050,1782198,54861,4264152
126,4/18/2021 15:00:00,20065,2502123,16205.000000000000000,1606693,5.000000000000000,191715.000000000000000,20070,2693838,16210,1798408,36275,4300427
127,4/19/2021 15:00:00,29885,2532008,36567.000000000000000,1643260,61.000000000000000,191776.000000000000000,29946,2723784,36628,1835036,66513,4366940
128,4/20/2021 15:00:00,32933,2564941,44488.000000000000000,1687748,58.000000000000000,191834.000000000000000,32991,2756775,44546,1879582,77479,4444419
129,4/21/2021 15:00:00,39832,2604773,47080.000000000000000,1734828,26.000000000000000,191860.000000000000000,39858,2796633,47106,1926688,86938,4531357
130,4/22/2021 15:00:00,35852,2640625,42693.000000000000000,1777521,16.000000000000000,191876.000000000000000,35868,2832501,42709,1969397,78561,4609918
131,4/23/2021 15:00:00,33148,2673773,40167.000000000000000,1817688,14.000000000000000,191890.000000000000000,33162,2865663,40181,2009578,73329,4683247
132,4/24/2021 15:00:00,26414,2700187,27923.000000000000000,1845611,81.000000000000000,191971.000000000000000,26495,2892158,28004,2037582,54418,4737665
133,4/25/2021 15:00:00,20219,2720406,10994.000000000000000,1856605,31.000000000000000,192002.000000000000000,20250,2912408,11025,2048607,31244,4768909
134,4/26/2021 15:00:00,27385,2747791,32753.000000000000000,1889358,201.000000000000000,192203.000000000000000,27586,2939994,32954,2081561,60339,4829248
135,4/27/2021 15:00:00,26677,2774468,33099.000000000000000,1922457,1097.000000000000000,193300.000000000000000,27774,2967768,34196,2115757,60873,4890121
136,4/28/2021 15:00:00,28926,2803394,39559.000000000000000,1962016,1367.000000000000000,194667.000000000000000,30293,2998061,40926,2156683,69852,4959973
137,4/29/2021 15:00:00,27069,2830463,39773.000000000000000,2001789,1463.000000000000000,196130.000000000000000,28532,3026593,41236,2197919,68305,5028278
138,4/30/2021 15:00:00,28201,2858664,32302.000000000000000,2034091,1649.000000000000000,197779.000000000000000,29850,3056443,33951,2231870,62152,5090430
139,5/1/2021 15:00:00,20736,2879400,26739.000000000000000,2060830,1054.000000000000000,198833.000000000000000,21790,3078233,27793,2259663,48529,5138959
140,5/2/2021 15:00:00,10268,2889668,17072.000000000000000,2077902,823.000000000000000,199656.000000000000000,11091,3089324,17895,2277558,28163,5167122
141,5/3/2021 15:00:00,12732,2902400,28616.000000000000000,2106518,1917.000000000000000,201573.000000000000000,14649,3103973,30533,2308091,43265,5210387
142,5/4/2021 15:00:00,13562,2915962,38639.000000000000000,2145157,1741.000000000000000,203314.000000000000000,15303,3119276,40380,2348471,53942,5264329
143,5/5/2021 15:00:00,19319,2935281,37775.000000000000000,2182932,1921.000000000000000,205235.000000000000000,21240,3140516,39696,2388167,59015,5323344
144,5/6/2021 15:00:00,16925,2952206,40598.000000000000000,2223530,1721.000000000000000,206956.000000000000000,18646,3159162,42319,2430486,59244,5382588
145,5/7/2021 15:00:00,17585,2969791,37013.000000000000000,2260543,1959.000000000000000,208915.000000000000000,19544,3178706,38972,2469458,56557,5439145
146,5/8/2021 15:00:00,10796,2980587,31226.000000000000000,2291769,1291.000000000000000,210206.000000000000000,12087,3190793,32517,2501975,43313,5482458
147,5/9/2021 15:00:00,5077,2985664,12251.000000000000000,2304020,695.000000000000000,210901.000000000000000,5772,3196565,12946,2514921,18023,5500481
148,5/10/2021 15:00:00,8955,2994619,31055.000000000000000,2335075,1362.000000000000000,212263.000000000000000,10317,3206882,32417,2547338,41372,5541853
149,5/11/2021 15:00:00,12187,3006806,30291.000000000000000,2365366,1442.000000000000000,213705.000000000000000,13629,3220511,31733,2579071,43920,5585773
150,5/12/2021 15:00:00,13949,3020755,38636.000000000000000,2404002,1917.000000000000000,215622.000000000000000,15866,3236377,40553,2619624,54502,5640275
151,5/13/2021 15:00:00,21840,3042595,33521.000000000000000,2437523,1347.000000000000000,216969.000000000000000,23187,3259564,34868,2654492,56708,5696983
152,5/14/2021 15:00:00,24395,3066990,30063.000000000000000,2467586,1774.000000000000000,218743.000000000000000,26169,3285733,31837,2686329,56232,5753215
153,5/15/2021 15:00:00,21950,3088940,25115.000000000000000,2492701,1490.000000000000000,220233.000000000000000,23440,3309173,26605,2712934,48555,5801770
154,5/16/2021 15:00:00,9091,3098031,17586.000000000000000,2510287,1113.000000000000000,221346.000000000000000,10204,3319377,18699,2731633,27790,5829560
155,5/17/2021 15:00:00,16837,3114868,28415.000000000000000,2538702,1950.000000000000000,223296.000000000000000,18787,3338164,30365,2761998,47202,5876762
156,5/18/2021 15:00:00,21266,3136134,30694.000000000000000,2569396,1942.000000000000000,225238.000000000000000,23208,3361372,32636,2794634,53902,5930664
157,5/19/2021 15:00:00,27666,3163800,32434.000000000000000,2601830,1633.000000000000000,226871.000000000000000,29299,3390671,34067,2828701,61733,5992397
158,5/20/2021 15:00:00,20808,3184608,33278.000000000000000,2635108,1964.000000000000000,228835.000000000000000,22772,3413443,35242,2863943,56050,6048447
159,5/21/2021 15:00:00,19164,3203772,30363.000000000000000,2665471,1609.000000000000000,230444.000000000000000,20773,3434216,31972,2895915,51136,6099583
160,5/22/2021 15:00:00,16940,3220712,20697.000000000000000,2686168,1270.000000000000000,231714.000000000000000,18210,3452426,21967,2917882,38907,6138490
161,5/23/2021 15:00:00,8818,3229530,11450.000000000000000,2697618,965.000000000000000,232679.000000000000000,9783,3462209,12415,2930297,21233,6159723
162,5/24/2021 15:00:00,13571,3243101,17777.000000000000000,2715395,1473.000000000000000,234152.000000000000000,15044,3477253,19250,2949547,32821,6192544
163,5/25/2021 15:00:00,13075,3256176,18721.000000000000000,2734116,1329.000000000000000,235481.000000000000000,14404,3491657,20050,2969597,33125,6225669
164,5/26/2021 15:00:00,18312,3274488,19519.000000000000000,2753635,1512.000000000000000,236993.000000000000000,19824,3511481,21031,2990628,39343,6265012
165,5/27/2021 15:00:00,11688,3286176,18675.000000000000000,2772310,1117.000000000000000,238110.000000000000000,12805,3524286,19792,3010420,31480,6296492
166,5/28/2021 15:00:00,12418,3298594,19853.000000000000000,2792163,1402.000000000000000,239512.000000000000000,13820,3538106,21255,3031675,33673,6330165
167,5/29/2021 15:00:00,9517,3308111,11727.000000000000000,2803890,937.000000000000000,240449.000000000000000,10454,3548560,12664,3044339,22181,6352346
168,5/30/2021 15:00:00,4968,3313079,6438.000000000000000,2810328,596.000000000000000,241045.000000000000000,5564,3554124,7034,3051373,12002,6364348
169,5/31/2021 15:00:00,1779,3314858,3713.000000000000000,2814041,305.000000000000000,241350.000000000000000,2084,3556208,4018,3055391,5797,6370145
170,6/1/2021 15:00:00,9867,3324725,16461.000000000000000,2830502,1160.000000000000000,242510.000000000000000,11027,3567235,17621,3073012,27488,6397633
171,6/2/2021 15:00:00,10236,3334961,16822.000000000000000,2847324,961.000000000000000,243471.000000000000000,11197,3578432,17783,3090795,28019,6425652
172,6/3/2021 15:00:00,7897,3342858,21192.000000000000000,2868516,1088.000000000000000,244559.000000000000000,8985,3587417,22280,3113075,30177,6455829
173,6/4/2021 15:00:00,8198,3351056,22361.000000000000000,2890877,1120.000000000000000,245679.000000000000000,9318,3596735,23481,3136556,31679,6487508
174,6/5/2021 15:00:00,7000,3358056,19477.000000000000000,2910354,720.000000000000000,246399.000000000000000,7720,3604455,20197,3156753,27197,6514705
175,6/6/2021 15:00:00,3455,3361511,7255.000000000000000,2917609,425.000000000000000,246824.000000000000000,3880,3608335,7680,3164433,11135,6525840
176,6/7/2021 15:00:00,6858,3368369,15794.000000000000000,2933403,725.000000000000000,247549.000000000000000,7583,3615918,16519,3180952,23377,6549217
177,6/8/2021 15:00:00,6671,3375040,19735.000000000000000,2953138,831.000000000000000,248380.000000000000000,7502,3623420,20566,3201518,27237,6576454
178,6/9/2021 15:00:00,8202,3383242,23992.000000000000000,2977130,969.000000000000000,249349.000000000000000,9171,3632591,24961,3226479,33163,6609617
179,6/10/2021 15:00:00,7151,3390393,19142.000000000000000,2996272,895.000000000000000,250244.000000000000000,8046,3640637,20037,3246516,27188,6636805
180,6/11/2021 15:00:00,7490,3397883,17726.000000000000000,3013998,1125.000000000000000,251369.000000000000000,8615,3649252,18851,3265367,26341,6663146
181,6/12/2021 15:00:00,5243,3403126,14770.000000000000000,3028768,605.000000000000000,251974.000000000000000,5848,3655100,15375,3280742,20618,6683764
182,6/13/2021 15:00:00,1947,3405073,7633.000000000000000,3036401,427.000000000000000,252401.000000000000000,2374,3657474,8060,3288802,10007,6693771
183,6/14/2021 15:00:00,5656,3410729,11825.000000000000000,3048226,733.000000000000000,253134.000000000000000,6389,3663863,12558,3301360,18214,6711985
184,6/15/2021 15:00:00,5644,3416373,14346.000000000000000,3062572,874.000000000000000,254008.000000000000000,6518,3670381,15220,3316580,20864,6732849
185,6/16/2021 15:00:00,8756,3425129,21595.000000000000000,3084167,757.000000000000000,254765.000000000000000,9513,3679894,22352,3338932,31108,6763957
186,6/17/2021 15:00:00,6690,3431819,12366.000000000000000,3096533,720.000000000000000,255485.000000000000000,7410,3687304,13086,3352018,19776,6783733
187,6/18/2021 15:00:00,6835,3438654,12742.000000000000000,3109275,702.000000000000000,256187.000000000000000,7537,3694841,13444,3365462,20279,6804012
188,6/19/2021 15:00:00,4659,3443313,9386.000000000000000,3118661,615.000000000000000,256802.000000000000000,5274,3700115,10001,3375463,14660,6818672
189,6/20/2021 15:00:00,2503,3445816,5060.000000000000000,3123721,377.000000000000000,257179.000000000000000,2880,3702995,5437,3380900,7940,6826612
190,6/21/2021 15:00:00,5566,3451382,5339.000000000000000,3129060,635.000000000000000,257814.000000000000000,6201,3709196,5974,3386874,11540,6838152
191,6/22/2021 15:00:00,5345,3456727,9057.000000000000000,3138117,693.000000000000000,258507.000000000000000,6038,3715234,9750,3396624,15095,6853247
192,6/23/2021 15:00:00,6079,3462806,10340.000000000000000,3148457,646.000000000000000,259153.000000000000000,6725,3721959,10986,3407610,17065,6870312
193,6/24/2021 15:00:00,5936,3468742,8202.000000000000000,3156659,595.000000000000000,259748.000000000000000,6531,3728490,8797,3416407,14733,6885045
194,6/25/2021 15:00:00,5828,3474570,8668.000000000000000,3165327,620.000000000000000,260368.000000000000000,6448,3734938,9288,3425695,15116,6900161
195,6/26/2021 15:00:00,3707,3478277,6306.000000000000000,3171633,398.000000000000000,260766.000000000000000,4105,3739043,6704,3432399,10411,6910572
196,6/27/2021 15:00:00,2809,3481086,3525.000000000000000,3175158,185.000000000000000,260951.000000000000000,2994,3742037,3710,3436109,6519,6917091
197,6/28/2021 15:00:00,4922,3486008,6391.000000000000000,3181549,539.000000000000000,261490.000000000000000,5461,3747498,6930,3443039,11852,6928943
198,6/29/2021 15:00:00,5062,3491070,6481.000000000000000,3188030,523.000000000000000,262013.000000000000000,5585,3753083,7004,3450043,12066,6941009
199,6/30/2021 15:00:00,5627,3496697,7390.000000000000000,3195420,606.000000000000000,262619.000000000000000,6233,3759316,7996,3458039,13623,6954632
200,7/1/2021 15:00:00,5425,3502122,6994.000000000000000,3202414,504.000000000000000,263123.000000000000000,5929,3765245,7498,3465537,12923,6967555
201,7/2/2021 15:00:00,5295,3507417,6846.000000000000000,3209260,527.000000000000000,263650.000000000000000,5822,3771067,7373,3472910,12668,6980223
202,7/3/2021 15:00:00,3274,3510691,4070.000000000000000,3213330,264.000000000000000,263914.000000000000000,3538,3774605,4334,3477244,7608,6987831
203,7/4/2021 15:00:00,494,3511185,550.000000000000000,3213880,69.000000000000000,263983.000000000000000,563,3775168,619,3477863,1113,6988944
204,7/5/2021 15:00:00,3771,3514956,3954.000000000000000,3217834,287.000000000000000,264270.000000000000000,4058,3779226,4241,3482104,8012,6996956
205,7/6/2021 15:00:00,4497,3519453,6281.000000000000000,3224115,455.000000000000000,264725.000000000000000,4952,3784178,6736,3488840,11233,7008189
206,7/7/2021 15:00:00,4471,3523924,6414.000000000000000,3230529,483.000000000000000,265208.000000000000000,4954,3789132,6897,3495737,11368,7019557
207,7/8/2021 15:00:00,4840,3528764,6181.000000000000000,3236710,564.000000000000000,265772.000000000000000,5404,3794536,6745,3502482,11585,7031142
208,7/9/2021 15:00:00,5368,3534132,6674.000000000000000,3243384,573.000000000000000,266345.000000000000000,5941,3800477,7247,3509729,12615,7043757
209,7/10/2021 15:00:00,3522,3537654,4406.000000000000000,3247790,305.000000000000000,266650.000000000000000,3827,3804304,4711,3514440,8233,7051990
210,7/11/2021 15:00:00,2681,3540335,2574.000000000000000,3250364,226.000000000000000,266876.000000000000000,2907,3807211,2800,3517240,5481,7057471
211,7/12/2021 15:00:00,4426,3544761,5133.000000000000000,3255497,379.000000000000000,267255.000000000000000,4805,3812016,5512,3522752,9938,7067409
212,7/13/2021 15:00:00,4667,3549428,4724.000000000000000,3260221,366.000000000000000,267621.000000000000000,5033,3817049,5090,3527842,9757,7077166
213,7/14/2021 15:00:00,4626,3554054,5287.000000000000000,3265508,422.000000000000000,268043.000000000000000,5048,3822097,5709,3533551,10335,7087501
214,7/15/2021 15:00:00,4911,3558965,5017.000000000000000,3270525,358.000000000000000,268401.000000000000000,5269,3827366,5375,3538926,10286,7097787
215,7/16/2021 15:00:00,6275,3565240,5850.000000000000000,3276375,405.000000000000000,268806.000000000000000,6680,3834046,6255,3545181,12530,7110317
216,7/17/2021 15:00:00,3417,3568657,3552.000000000000000,3279927,303.000000000000000,269109.000000000000000,3720,3837766,3855,3549036,7272,7117589
217,7/18/2021 15:00:00,2311,3570968,2383.000000000000000,3282310,110.000000000000000,269219.000000000000000,2421,3840187,2493,3551529,4804,7122393
218,7/19/2021 15:00:00,5144,3576112,4613.000000000000000,3286923,383.000000000000000,269602.000000000000000,5527,3845714,4996,3556525,10140,7132533
219,7/20/2021 15:00:00,5342,3581454,4725.000000000000000,3291648,367.000000000000000,269969.000000000000000,5709,3851423,5092,3561617,10434,7142967
220,7/21/2021 15:00:00,5666,3587120,4954.000000000000000,3296602,416.000000000000000,270385.000000000000000,6082,3857505,5370,3566987,11036,7154003
221,7/22/2021 15:00:00,6033,3593153,4643.000000000000000,3301245,472.000000000000000,270857.000000000000000,6505,3864010,5115,3572102,11148,7165151
222,7/23/2021 15:00:00,6847,3600000,4848.000000000000000,3306093,499.000000000000000,271356.000000000000000,7346,3871356,5347,3577449,12194,7177345
223,7/24/2021 15:00:00,4283,3604283,3208.000000000000000,3309301,267.000000000000000,271623.000000000000000,4550,3875906,3475,3580924,7758,7185103
224,7/25/2021 15:00:00,3299,3607582,1121.000000000000000,3310422,140.000000000000000,271763.000000000000000,3439,3879345,1261,3582185,4560,7189663
225,7/26/2021 15:00:00,6218,3613800,3912.000000000000000,3314334,419.000000000000000,272182.000000000000000,6637,3885982,4331,3586516,10549,7200212
226,7/27/2021 15:00:00,6605,3620405,4291.000000000000000,3318625,458.000000000000000,272640.000000000000000,7063,3893045,4749,3591265,11354,7211566
227,7/28/2021 15:00:00,7091,3627496,4148.000000000000000,3322773,460.000000000000000,273100.000000000000000,7551,3900596,4608,3595873,11699,7223265
228,7/29/2021 15:00:00,7082,3634578,4312.000000000000000,3327085,419.000000000000000,273519.000000000000000,7501,3908097,4731,3600604,11813,7235078
229,7/30/2021 15:00:00,7823,3642401,4815.000000000000000,3331900,526.000000000000000,274045.000000000000000,8349,3916446,5341,3605945,13164,7248242
230,7/31/2021 15:00:00,4793,3647194,3084.000000000000000,3334984,274.000000000000000,274319.000000000000000,5067,3921513,3358,3609303,8151,7256393
231,8/1/2021 15:00:00,3896,3651090,2174.000000000000000,3337158,164.000000000000000,274483.000000000000000,4060,3925573,2338,3611641,6234,7262627
232,8/2/2021 15:00:00,7273,3658363,3850.000000000000000,3341008,341.000000000000000,274824.000000000000000,7614,3933187,4191,3615832,11464,7274091
233,8/3/2021 15:00:00,7269,3665632,4107.000000000000000,3345115,517.000000000000000,275341.000000000000000,7786,3940973,4624,3620456,11893,7285984
234,8/4/2021 15:00:00,7428,3673060,4124.000000000000000,3349239,536.000000000000000,275877.000000000000000,7964,3948937,4660,3625116,12088,7298072
235,8/5/2021 15:00:00,7958,3681018,4303.000000000000000,3353542,539.000000000000000,276416.000000000000000,8497,3957434,4842,3629958,12800,7310872
236,8/6/2021 15:00:00,8330,3689348,4740.000000000000000,3358282,454.000000000000000,276870.000000000000000,8784,3966218,5194,3635152,13524,7324396
237,8/7/2021 15:00:00,5302,3694650,2844.000000000000000,3361126,264.000000000000000,277134.000000000000000,5566,3971784,3108,3638260,8410,7332806
238,8/8/2021 15:00:00,3976,3698626,2064.000000000000000,3363190,144.000000000000000,277278.000000000000000,4120,3975904,2208,3640468,6184,7338990
239,8/9/2021 15:00:00,6957,3705583,4564.000000000000000,3367754,370.000000000000000,277648.000000000000000,7327,3983231,4934,3645402,11891,7350881
240,8/10/2021 15:00:00,7170,3712753,4486.000000000000000,3372240,339.000000000000000,277987.000000000000000,7509,3990740,4825,3650227,11995,7362876
241,8/11/2021 15:00:00,7081,3719834,4449.000000000000000,3376689,443.000000000000000,278430.000000000000000,7524,3998264,4892,3655119,11973,7374849
242,8/12/2021 15:00:00,8635,3728469,4758.000000000000000,3381447,445.000000000000000,278875.000000000000000,9080,4007344,5203,3660322,13838,7388687
243,8/13/2021 15:00:00,7152,3735621,5386.000000000000000,3386833,397.000000000000000,279272.000000000000000,7549,4014893,5783,3666105,12935,7401622
244,8/14/2021 15:00:00,4920,3740541,3345.000000000000000,3390178,285.000000000000000,279557.000000000000000,5205,4020098,3630,3669735,8550,7410172
245,8/15/2021 15:00:00,3328,3743869,2739.000000000000000,3392917,163.000000000000000,279720.000000000000000,3491,4023589,2902,3672637,6230,7416402
246,8/16/2021 15:00:00,5454,3749323,5096.000000000000000,3398013,354.000000000000000,280074.000000000000000,5808,4029397,5450,3678087,10904,7427306
247,8/17/2021 15:00:00,6822,3756145,5365.000000000000000,3403378,391.000000000000000,280465.000000000000000,7213,4036610,5756,3683843,12578,7439884
248,8/18/2021 15:00:00,6327,3762472,5513.000000000000000,3408891,481.000000000000000,280946.000000000000000,6808,4043418,5994,3689837,12321,7452205
249,8/19/2021 15:00:00,6216,3768688,5556.000000000000000,3414447,417.000000000000000,281363.000000000000000,6633,4050051,5973,3695810,12189,7464394
250,8/20/2021 15:00:00,6845,3775533,6553.000000000000000,3421000,401.000000000000000,281764.000000000000000,7246,4057297,6954,3702764,13799,7478193
251,8/21/2021 15:00:00,4336,3779869,3919.000000000000000,3424919,229.000000000000000,281993.000000000000000,4565,4061862,4148,3706912,8484,7486677
252,8/22/2021 15:00:00,3060,3782929,3172.000000000000000,3428091,110.000000000000000,282103.000000000000000,3170,4065032,3282,3710194,6342,7493019
253,8/23/2021 15:00:00,5995,3788924,6104.000000000000000,3434195,287.000000000000000,282390.000000000000000,6282,4071314,6391,3716585,12386,7505405
254,8/24/2021 15:00:00,6546,3795470,6067.000000000000000,3440262,425.000000000000000,282815.000000000000000,6971,4078285,6492,3723077,13038,7518443
255,8/25/2021 15:00:00,6722,3802192,6224.000000000000000,3446486,441.000000000000000,283256.000000000000000,7163,4085448,6665,3729742,13387,7531830
256,8/26/2021 15:00:00,6967,3809159,6659.000000000000000,3453145,428.000000000000000,283684.000000000000000,7395,4092843,7087,3736829,14054,7545884
257,8/27/2021 15:00:00,6829,3815988,7083.000000000000000,3460228,317.000000000000000,284001.000000000000000,7146,4099989,7400,3744229,14229,7560113
258,8/28/2021 15:00:00,6899,3822887,6526.000000000000000,3466754,326.000000000000000,284327.000000000000000,7225,4107214,6852,3751081,13751,7573864
259,8/29/2021 15:00:00,3733,3826620,3694.000000000000000,3470448,610.000000000000000,284937.000000000000000,4343,4111557,4304,3755385,8037,7581901
260,8/30/2021 15:00:00,5925,3832545,6129.000000000000000,3476577,960.000000000000000,285897.000000000000000,6885,4118442,7089,3762474,13014,7594915
261,8/31/2021 15:00:00,5901,3838446,6072.000000000000000,3482649,946.000000000000000,286843.000000000000000,6847,4125289,7018,3769492,12919,7607834
262,9/1/2021 15:00:00,5590,3844036,5693.000000000000000,3488342,916.000000000000000,287759.000000000000000,6506,4131795,6609,3776101,12199,7620033
263,9/2/2021 15:00:00,5540,3849576,5939.000000000000000,3494281,707.000000000000000,288466.000000000000000,6247,4138042,6646,3782747,12186,7632219
264,9/3/2021 15:00:00,6000,3855576,6935.000000000000000,3501216,973.000000000000000,289439.000000000000000,6973,4145015,7908,3790655,13908,7646127
265,9/4/2021 15:00:00,3732,3859308,4355.000000000000000,3505571,878.000000000000000,290317.000000000000000,4610,4149625,5233,3795888,8965,7655092
266,9/5/2021 15:00:00,2956,3862264,2813.000000000000000,3508384,106.000000000000000,290423.000000000000000,3062,4152687,2919,3798807,5875,7660967
267,9/6/2021 15:00:00,1060,3863324,1158.000000000000000,3509542,65.000000000000000,290488.000000000000000,1125,4153812,1223,3800030,2283,7663250
268,9/7/2021 15:00:00,5346,3868670,7307.000000000000000,3516849,2303.000000000000000,292791.000000000000000,7649,4161461,9610,3809640,14956,7678206
269,9/8/2021 15:00:00,4655,3873325,5479.000000000000000,3522328,364.000000000000000,293155.000000000000000,5019,4166480,5843,3815483,10498,7688704
270,9/9/2021 15:00:00,5018,3878343,5464.000000000000000,3527792,324.000000000000000,293479.000000000000000,5342,4171822,5788,3821271,10806,7699510
271,9/10/2021 15:00:00,6525,3884868,6663.000000000000000,3534455,1719.000000000000000,295198.000000000000000,8244,4180066,8382,3829653,14907,7714417
272,9/11/2021 15:00:00,4176,3889044,4341.000000000000000,3538796,666.000000000000000,295864.000000000000000,4842,4184908,5007,3834660,9183,7723600
273,9/12/2021 15:00:00,3172,3892216,3238.000000000000000,3542034,436.000000000000000,296300.000000000000000,3608,4188516,3674,3838334,6846,7730446
274,9/13/2021 15:00:00,4882,3897098,5068.000000000000000,3547102,346.000000000000000,296646.000000000000000,5228,4193744,5414,3843748,10296,7740742
275,9/14/2021 15:00:00,4775,3901873,5440.000000000000000,3552542,436.000000000000000,297082.000000000000000,5211,4198955,5876,3849624,10651,7751393
276,9/15/2021 15:00:00,5042,3906915,5872.000000000000000,3558414,392.000000000000000,297474.000000000000000,5434,4204389,6264,3855888,11306,7762699
277,9/16/2021 15:00:00,4810,3911725,5847.000000000000000,3564261,336.000000000000000,297810.000000000000000,5146,4209535,6183,3862071,10993,7773692
278,9/17/2021 15:00:00,5258,3916983,6584.000000000000000,3570845,344.000000000000000,298154.000000000000000,5602,4215137,6928,3868999,12186,7785878
279,9/18/2021 15:00:00,3803,3920786,4577.000000000000000,3575422,185.000000000000000,298339.000000000000000,3988,4219125,4762,3873761,8565,7794443
280,9/19/2021 15:00:00,2741,3923527,3167.000000000000000,3578589,75.000000000000000,298414.000000000000000,2816,4221941,3242,3877003,5983,7800426
281,9/20/2021 15:00:00,3752,3927279,4679.000000000000000,3583268,430.000000000000000,298844.000000000000000,4182,4226123,5109,3882112,8861,7809287
282,9/21/2021 15:00:00,3997,3931276,5004.000000000000000,3588272,327.000000000000000,299171.000000000000000,4324,4230447,5331,3887443,9328,7818615
283,9/22/2021 15:00:00,4196,3935472,4775.000000000000000,3593047,459.000000000000000,299630.000000000000000,4655,4235102,5234,3892677,9430,7828045
284,9/23/2021 15:00:00,4175,3939647,4730.000000000000000,3597777,492.000000000000000,300122.000000000000000,4667,4239769,5222,3897899,9397,7837442
285,9/24/2021 15:00:00,5078,3944725,5604.000000000000000,3603381,422.000000000000000,300544.000000000000000,5500,4245269,6026,3903925,11104,7848546
286,9/25/2021 15:00:00,3624,3948349,3629.000000000000000,3607010,384.000000000000000,300928.000000000000000,4008,4249277,4013,3907938,7637,7856183
287,9/26/2021 15:00:00,2352,3950701,2665.000000000000000,3609675,431.000000000000000,301359.000000000000000,2783,4252060,3096,3911034,5448,7861631
288,9/27/2021 15:00:00,4506,3955207,2711.000000000000000,3612386,512.000000000000000,301871.000000000000000,5018,4257078,3223,3914257,7729,7869360
289,9/28/2021 15:00:00,4398,3959605,4450.000000000000000,3616836,211.000000000000000,302082.000000000000000,4609,4261687,4661,3918918,9059,7878419
290,9/29/2021 15:00:00,4691,3964296,4506.000000000000000,3621342,920.000000000000000,303002.000000000000000,5611,4267298,5426,3924344,10117,7888536
291,9/30/2021 15:00:00,4885,3969181,4561.000000000000000,3625903,796.000000000000000,303798.000000000000000,5681,4272979,5357,3929701,10242,7898778
292,10/1/2021 15:00:00,5506,3974687,5341.000000000000000,3631244,785.000000000000000,304583.000000000000000,6291,4279270,6126,3935827,11632,7910410
293,10/2/2021 15:00:00,2934,3977621,2895.000000000000000,3634139,187.000000000000000,304770.000000000000000,3121,4282391,3082,3938909,6016,7916426
294,10/3/2021 15:00:00,2074,3979695,2377.000000000000000,3636516,86.000000000000000,304856.000000000000000,2160,4284551,2463,3941372,4537,7920963
295,10/4/2021 15:00:00,4024,3983719,3498.000000000000000,3640014,232.000000000000000,305088.000000000000000,4256,4288807,3730,3945102,7754,7928717
296,10/5/2021 15:00:00,3951,3987670,3659.000000000000000,3643673,207.000000000000000,305295.000000000000000,4158,4292965,3866,3948968,7817,7936534
297,10/6/2021 15:00:00,4021,3991691,3571.000000000000000,3647244,266.000000000000000,305561.000000000000000,4287,4297252,3837,3952805,7858,7944392
298,10/7/2021 15:00:00,4235,3995926,3623.000000000000000,3650867,331.000000000000000,305892.000000000000000,4566,4301818,3954,3956759,8189,7952581
299,10/8/2021 15:00:00,4771,4000697,4283.000000000000000,3655150,283.000000000000000,306175.000000000000000,5054,4306872,4566,3961325,9337,7961918
300,10/9/2021 15:00:00,2691,4003388,2677.000000000000000,3657827,270.000000000000000,306445.000000000000000,2961,4309833,2947,3964272,5638,7967556
301,10/10/2021 15:00:00,1861,4005249,1850.000000000000000,3659677,59.000000000000000,306504.000000000000000,1920,4311753,1909,3966181,3770,7971326
302,10/11/2021 15:00:00,4205,4009454,3315.000000000000000,3662992,249.000000000000000,306753.000000000000000,4454,4316207,3564,3969745,7769,7979095
303,10/12/2021 15:00:00,3597,4013051,3532.000000000000000,3666524,273.000000000000000,307026.000000000000000,3870,4320077,3805,3973550,7402,7986497
304,10/13/2021 15:00:00,3970,4017021,3456.000000000000000,3669980,346.000000000000000,307372.000000000000000,4316,4324393,3802,3977352,7772,7994269
305,10/14/2021 15:00:00,5158,4022179,5493.000000000000000,3675473,431.000000000000000,307803.000000000000000,5589,4329982,5924,3983276,11082,8005351
306,10/15/2021 15:00:00,4709,4026888,4597.000000000000000,3680070,347.000000000000000,308150.000000000000000,5056,4335038,4944,3988220,9653,8015004
307,10/16/2021 15:00:00,2494,4029382,2507.000000000000000,3682577,291.000000000000000,308441.000000000000000,2785,4337823,2798,3991018,5292,8020296
308,10/17/2021 15:00:00,1805,4031187,1774.000000000000000,3684351,55.000000000000000,308496.000000000000000,1860,4339683,1829,3992847,3634,8023930
309,10/18/2021 15:00:00,4274,4035461,3578.000000000000000,3687929,268.000000000000000,308764.000000000000000,4542,4344225,3846,3996693,8120,8032050
310,10/19/2021 15:00:00,4298,4039759,4000.000000000000000,3691929,223.000000000000000,308987.000000000000000,4521,4348746,4223,4000916,8521,8040571
311,10/20/2021 15:00:00,3528,4043287,3419.000000000000000,3695348,255.000000000000000,309242.000000000000000,3783,4352529,3674,4004590,7202,8047773
312,10/21/2021 15:00:00,3299,4046586,3271.000000000000000,3698619,291.000000000000000,309533.000000000000000,3590,4356119,3562,4008152,6861,8054634
313,10/22/2021 15:00:00,4676,4051262,4024.000000000000000,3702643,477.000000000000000,310010.000000000000000,5153,4361272,4501,4012653,9177,8063811
314,10/23/2021 15:00:00,2884,4054146,2108.000000000000000,3704751,321.000000000000000,310331.000000000000000,3205,4364477,2429,4015082,5313,8069124
315,10/24/2021 15:00:00,2056,4056202,1553.000000000000000,3706304,79.000000000000000,310410.000000000000000,2135,4366612,1632,4016714,3688,8072812
316,10/25/2021 15:00:00,4545,4060747,3068.000000000000000,3709372,320.000000000000000,310730.000000000000000,4865,4371477,3388,4020102,7933,8080745
317,10/26/2021 15:00:00,4511,4065258,3075.000000000000000,3712447,316.000000000000000,311046.000000000000000,4827,4376304,3391,4023493,7902,8088647
318,10/27/2021 15:00:00,4736,4069994,3336.000000000000000,3715783,436.000000000000000,311482.000000000000000,5172,4381476,3772,4027265,8508,8097155
319,10/28/2021 15:00:00,4558,4074552,3351.000000000000000,3719134,502.000000000000000,311984.000000000000000,5060,4386536,3853,4031118,8411,8105566
320,10/29/2021 15:00:00,4977,4079529,3911.000000000000000,3723045,394.000000000000000,312378.000000000000000,5371,4391907,4305,4035423,9282,8114848
321,10/30/2021 15:00:00,2630,4082159,1835.000000000000000,3724880,307.000000000000000,312685.000000000000000,2937,4394844,2142,4037565,4772,8119620
322,10/31/2021 15:00:00,1936,4084095,1519.000000000000000,3726399,93.000000000000000,312778.000000000000000,2029,4396873,1612,4039177,3548,8123168
323,11/1/2021 15:00:00,4713,4088808,3421.000000000000000,3729820,347.000000000000000,313125.000000000000000,5060,4401933,3768,4042945,8481,8131649
324,11/2/2021 15:00:00,4254,4093062,2938.000000000000000,3732758,408.000000000000000,313533.000000000000000,4662,4406595,3346,4046291,7600,8139249
325,11/3/2021 15:00:00,4668,4097730,3042.000000000000000,3735800,464.000000000000000,313997.000000000000000,5132,4411727,3506,4049797,8174,8147423
326,11/4/2021 15:00:00,6315,4104045,3364.000000000000000,3739164,513.000000000000000,314510.000000000000000,6828,4418555,3877,4053674,10192,8157615
327,11/5/2021 15:00:00,8236,4112281,3760.000000000000000,3742924,413.000000000000000,314923.000000000000000,8649,4427204,4173,4057847,12409,8170024
328,11/6/2021 15:00:00,10169,4122450,1965.000000000000000,3744889,308.000000000000000,315231.000000000000000,10477,4437681,2273,4060120,12442,8182466
329,11/7/2021 15:00:00,7714,4130164,1462.000000000000000,3746351,95.000000000000000,315326.000000000000000,7809,4445490,1557,4061677,9271,8191737
330,11/8/2021 15:00:00,11302,4141466,3040.000000000000000,3749391,379.000000000000000,315705.000000000000000,11681,4457171,3419,4065096,14721,8206458
331,11/9/2021 15:00:00,11762,4153228,2640.000000000000000,3752031,269.000000000000000,315974.000000000000000,12031,4469202,2909,4068005,14671,8221129
332,11/10/2021 15:00:00,12585,4165813,2750.000000000000000,3754781,339.000000000000000,316313.000000000000000,12924,4482126,3089,4071094,15674,8236803
333,11/11/2021 15:00:00,11374,4177187,2372.000000000000000,3757153,280.000000000000000,316593.000000000000000,11654,4493780,2652,4073746,14026,8250829
334,11/12/2021 15:00:00,12288,4189475,3350.000000000000000,3760503,548.000000000000000,317141.000000000000000,12836,4506616,3898,4077644,16186,8267015
335,11/13/2021 15:00:00,9893,4199368,1591.000000000000000,3762094,342.000000000000000,317483.000000000000000,10235,4516851,1933,4079577,11826,8278841
336,11/14/2021 15:00:00,3925,4203293,1112.000000000000000,3763206,121.000000000000000,317604.000000000000000,4046,4520897,1233,4080810,5158,8283999
337,11/15/2021 15:00:00,8625,4211918,2511.000000000000000,3765717,207.000000000000000,317811.000000000000000,8832,4529729,2718,4083528,11343,8295342
338,11/16/2021 15:00:00,9225,4221143,2506.000000000000000,3768223,255.000000000000000,318066.000000000000000,9480,4539209,2761,4086289,11986,8307328
339,11/17/2021 15:00:00,9395,4230538,2860.000000000000000,3771083,312.000000000000000,318378.000000000000000,9707,4548916,3172,4089461,12567,8319895
340,11/18/2021 15:00:00,9275,4239813,2623.000000000000000,3773706,481.000000000000000,318859.000000000000000,9756,4558672,3104,4092565,12379,8332274
341,11/19/2021 15:00:00,9805,4249618,2906.000000000000000,3776612,381.000000000000000,319240.000000000000000,10186,4568858,3287,4095852,13092,8345366
342,11/20/2021 15:00:00,10629,4260247,1600.000000000000000,3778212,455.000000000000000,319695.000000000000000,11084,4579942,2055,4097907,12684,8358050
343,11/21/2021 15:00:00,4342,4264589,1199.000000000000000,3779411,100.000000000000000,319795.000000000000000,4442,4584384,1299,4099206,5641,8363691
344,11/22/2021 15:00:00,9821,4274410,2479.000000000000000,3781890,293.000000000000000,320088.000000000000000,10114,4594498,2772,4101978,12593,8376284
345,11/23/2021 15:00:00,9207,4283617,2380.000000000000000,3784270,280.000000000000000,320368.000000000000000,9487,4603985,2660,4104638,11867,8388151
346,11/24/2021 15:00:00,8155,4291772,2437.000000000000000,3786707,216.000000000000000,320584.000000000000000,8371,4612356,2653,4107291,10808,8398959
347,11/25/2021 15:00:00,239,4292011,77.000000000000000,3786784,10.000000000000000,320594.000000000000000,249,4612605,87,4107378,326,8399285
348,11/26/2021 15:00:00,5652,4297663,3950.000000000000000,3790734,153.000000000000000,320747.000000000000000,5805,4618410,4103,4111481,9755,8409040
349,11/27/2021 15:00:00,3776,4301439,5477.000000000000000,3796211,134.000000000000000,320881.000000000000000,3910,4622320,5611,4117092,9387,8418427
350,11/28/2021 15:00:00,2412,4303851,6387.000000000000000,3802598,77.000000000000000,320958.000000000000000,2489,4624809,6464,4123556,8876,8427303
351,11/29/2021 15:00:00,6368,4310219,9281.000000000000000,3811879,379.000000000000000,321337.000000000000000,6747,4631556,9660,4133216,16028,8443331
352,11/30/2021 15:00:00,6252,4316471,9317.000000000000000,3821196,264.000000000000000,321601.000000000000000,6516,4638072,9581,4142797,15833,8459164
353,12/1/2021 15:00:00,7304,4323775,9716.000000000000000,3830912,308.000000000000000,321909.000000000000000,7612,4645684,10024,4152821,17328,8476492
354,12/2/2021 15:00:00,6914,4330689,8788.000000000000000,3839700,450.000000000000000,322359.000000000000000,7364,4653048,9238,4162059,16152,8492644
355,12/3/2021 15:00:00,7604,4338293,9254.000000000000000,3848954,249.000000000000000,322608.000000000000000,7853,4660901,9503,4171562,17107,8509751
356,12/4/2021 15:00:00,5950,4344243,10043.000000000000000,3858997,466.000000000000000,323074.000000000000000,6416,4667317,10509,4182071,16459,8526210
357,12/5/2021 15:00:00,3463,4347706,3285.000000000000000,3862282,78.000000000000000,323152.000000000000000,3541,4670858,3363,4185434,6826,8533036
358,12/6/2021 15:00:00,6746,4354452,7089.000000000000000,3869371,277.000000000000000,323429.000000000000000,7023,4677881,7366,4192800,14112,8547148
359,12/7/2021 15:00:00,6410,4360862,7030.000000000000000,3876401,249.000000000000000,323678.000000000000000,6659,4684540,7279,4200079,13689,8560837
360,12/8/2021 15:00:00,6932,4367794,7413.000000000000000,3883814,315.000000000000000,323993.000000000000000,7247,4691787,7728,4207807,14660,8575497
361,12/9/2021 15:00:00,6547,4374341,7025.000000000000000,3890839,398.000000000000000,324391.000000000000000,6945,4698732,7423,4215230,13970,8589467
362,12/10/2021 15:00:00,7289,4381630,7329.000000000000000,3898168,230.000000000000000,324621.000000000000000,7519,4706251,7559,4222789,14848,8604315
363,12/11/2021 15:00:00,4450,4386080,7670.000000000000000,3905838,333.000000000000000,324954.000000000000000,4783,4711034,8003,4230792,12453,8616768
364,12/12/2021 15:00:00,4000,4390080,2772.000000000000000,3908610,60.000000000000000,325014.000000000000000,4060,4715094,2832,4233624,6832,8623600
365,12/13/2021 15:00:00,5695,4395775,5762.000000000000000,3914372,243.000000000000000,325257.000000000000000,5938,4721032,6005,4239629,11700,8635300
366,12/14/2021 15:00:00,6461,4402236,5922.000000000000000,3920294,222.000000000000000,325479.000000000000000,6683,4727715,6144,4245773,12605,8647905
367,12/15/2021 15:00:00,7160,4409396,5708.000000000000000,3926002,254.000000000000000,325733.000000000000000,7414,4735129,5962,4251735,13122,8661027
368,12/16/2021 15:00:00,7867,4417263,2828.000000000000000,3928830,421.000000000000000,326154.000000000000000,8288,4743417,3249,4254984,11116,8672143
369,12/17/2021 15:00:00,7841,4425104,4150.000000000000000,3932980,195.000000000000000,326349.000000000000000,8036,4751453,4345,4259329,12186,8684329
370,12/18/2021 15:00:00,5838,4430942,3182.000000000000000,3936162,298.000000000000000,326647.000000000000000,6136,4757589,3480,4262809,9318,8693647
371,12/19/2021 15:00:00,3379,4434321,1340.000000000000000,3937502,37.000000000000000,326684.000000000000000,3416,4761005,1377,4264186,4756,8698403
372,12/20/2021 15:00:00,8079,4442400,3741.000000000000000,3941243,173.000000000000000,326857.000000000000000,8252,4769257,3914,4268100,11993,8710396
373,12/21/2021 15:00:00,8991,4451391,4155.000000000000000,3945398,175.000000000000000,327032.000000000000000,9166,4778423,4330,4272430,13321,8723717
374,12/22/2021 15:00:00,8684,4460075,3859.000000000000000,3949257,184.000000000000000,327216.000000000000000,8868,4787291,4043,4276473,12727,8736444
375,12/23/2021 15:00:00,8399,4468474,3571.000000000000000,3952828,359.000000000000000,327575.000000000000000,8758,4796049,3930,4280403,12329,8748773
376,12/24/2021 15:00:00,1633,4470107,1006.000000000000000,3953834,39.000000000000000,327614.000000000000000,1672,4797721,1045,4281448,2678,8751451
377,12/25/2021 15:00:00,50,4470157,36.000000000000000,3953870,1.000000000000000,327615.000000000000000,51,4797772,37,4281485,87,8751538
378,12/26/2021 15:00:00,2518,4472675,1742.000000000000000,3955612,44.000000000000000,327659.000000000000000,2562,4800334,1786,4283271,4304,8755842
379,12/27/2021 15:00:00,7191,4479866,3989.000000000000000,3959601,297.000000000000000,327956.000000000000000,7488,4807822,4286,4287557,11477,8767319
380,12/28/2021 15:00:00,7926,4487792,3850.000000000000000,3963451,178.000000000000000,328134.000000000000000,8104,4815926,4028,4291585,11954,8779273
381,12/29/2021 15:00:00,8231,4496023,4013.000000000000000,3967464,155.000000000000000,328289.000000000000000,8386,4824312,4168,4295753,12399,8791672
382,12/30/2021 15:00:00,7471,4503494,3777.000000000000000,3971241,290.000000000000000,328579.000000000000000,7761,4832073,4067,4299820,11538,8803210
383,12/31/2021 15:00:00,2573,4506067,1526.000000000000000,3972767,90.000000000000000,328669.000000000000000,2663,4834736,1616,4301436,4189,8807399
384,1/1/2022 15:00:00,738,4506805,347.000000000000000,3973114,34.000000000000000,328703.000000000000000,772,4835508,381,4301817,1119,8808518
385,1/2/2022 15:00:00,2216,4509021,1650.000000000000000,3974764,48.000000000000000,328751.000000000000000,2264,4837772,1698,4303515,3914,8812432
386,1/3/2022 15:00:00,3398,4512419,2063.000000000000000,3976827,222.000000000000000,328973.000000000000000,3620,4841392,2285,4305800,5683,8818115
387,1/4/2022 15:00:00,5845,4518264,3480.000000000000000,3980307,165.000000000000000,329138.000000000000000,6010,4847402,3645,4309445,9490,8827605
388,1/5/2022 15:00:00,6820,4525084,4691.000000000000000,3984998,175.000000000000000,329313.000000000000000,6995,4854397,4866,4314311,11686,8839291
389,1/6/2022 15:00:00,6750,4531834,4818.000000000000000,3989816,265.000000000000000,329578.000000000000000,7015,4861412,5083,4319394,11833,8851124
390,1/7/2022 15:00:00,5975,4537809,3772.000000000000000,3993588,161.000000000000000,329739.000000000000000,6136,4867548,3933,4323327,9908,8861032
391,1/8/2022 15:00:00,4801,4542610,3910.000000000000000,3997498,79.000000000000000,329818.000000000000000,4880,4872428,3989,4327316,8790,8869822
392,1/9/2022 15:00:00,2760,4545370,2014.000000000000000,3999512,154.000000000000000,329972.000000000000000,2914,4875342,2168,4329484,4928,8874750
393,1/10/2022 15:00:00,6337,4551707,3834.000000000000000,4003346,160.000000000000000,330132.000000000000000,6497,4881839,3994,4333478,10331,8885081
394,1/11/2022 15:00:00,6551,4558258,4243.000000000000000,4007589,142.000000000000000,330274.000000000000000,6693,4888532,4385,4337863,10936,8896017
395,1/12/2022 15:00:00,6813,4565071,4439.000000000000000,4012028,225.000000000000000,330499.000000000000000,7038,4895570,4664,4342527,11477,8907494
396,1/13/2022 15:00:00,6634,4571705,4380.000000000000000,4016408,153.000000000000000,330652.000000000000000,6787,4902357,4533,4347060,11167,8918661
397,1/14/2022 15:00:00,7206,4578911,3279.000000000000000,4019687,252.000000000000000,330904.000000000000000,7458,4909815,3531,4350591,10737,8929398
398,1/15/2022 15:00:00,4267,4583178,1686.000000000000000,4021373,71.000000000000000,330975.000000000000000,4338,4914153,1757,4352348,6024,8935422
399,1/16/2022 15:00:00,2217,4585395,1319.000000000000000,4022692,116.000000000000000,331091.000000000000000,2333,4916486,1435,4353783,3652,8939074
400,1/17/2022 15:00:00,3612,4589007,2361.000000000000000,4025053,74.000000000000000,331165.000000000000000,3686,4920172,2435,4356218,6047,8945121
401,1/18/2022 15:00:00,5270,4594277,4198.000000000000000,4029251,102.000000000000000,331267.000000000000000,5372,4925544,4300,4360518,9570,8954691
402,1/19/2022 15:00:00,5293,4599570,4466.000000000000000,4033717,99.000000000000000,331366.000000000000000,5392,4930936,4565,4365083,9858,8964549
403,1/20/2022 15:00:00,4521,4604091,3619.000000000000000,4037336,176.000000000000000,331542.000000000000000,4697,4935633,3795,4368878,8316,8972865
404,1/21/2022 15:00:00,5592,4609683,2927.000000000000000,4040263,125.000000000000000,331667.000000000000000,5717,4941350,3052,4371930,8644,8981509
405,1/22/2022 15:00:00,3458,4613141,1721.000000000000000,4041984,134.000000000000000,331801.000000000000000,3592,4944942,1855,4373785,5313,8986822
406,1/23/2022 15:00:00,2034,4615175,1496.000000000000000,4043480,30.000000000000000,331831.000000000000000,2064,4947006,1526,4375311,3560,8990382
407,1/24/2022 15:00:00,4123,4619298,2770.000000000000000,4046250,88.000000000000000,331919.000000000000000,4211,4951217,2858,4378169,6981,8997363
408,1/25/2022 15:00:00,3794,4623092,3306.000000000000000,4049556,95.000000000000000,332014.000000000000000,3889,4955106,3401,4381570,7195,9004558
409,1/26/2022 15:00:00,3860,4626952,3683.000000000000000,4053239,94.000000000000000,332108.000000000000000,3954,4959060,3777,4385347,7637,9012195
410,1/27/2022 15:00:00,3763,4630715,3859.000000000000000,4057098,187.000000000000000,332295.000000000000000,3950,4963010,4046,4389393,7809,9020004
411,1/28/2022 15:00:00,3840,4634555,3212.000000000000000,4060310,75.000000000000000,332370.000000000000000,3915,4966925,3287,4392680,7127,9027131
412,1/29/2022 15:00:00,2296,4636851,2265.000000000000000,4062575,117.000000000000000,332487.000000000000000,2413,4969338,2382,4395062,4678,9031809
413,1/30/2022 15:00:00,1553,4638404,1602.000000000000000,4064177,16.000000000000000,332503.000000000000000,1569,4970907,1618,4396680,3171,9034980
414,1/31/2022 15:00:00,2979,4641383,3157.000000000000000,4067334,58.000000000000000,332561.000000000000000,3037,4973944,3215,4399895,6194,9041174
415,2/1/2022 15:00:00,2634,4644017,3390.000000000000000,4070724,75.000000000000000,332636.000000000000000,2709,4976653,3465,4403360,6099,9047273
416,2/2/2022 15:00:00,2819,4646836,3718.000000000000000,4074442,75.000000000000000,332711.000000000000000,2894,4979547,3793,4407153,6612,9053885
417,2/3/2022 15:00:00,2745,4649581,3630.000000000000000,4078072,41.000000000000000,332752.000000000000000,2786,4982333,3671,4410824,6416,9060301
418,2/4/2022 15:00:00,2759,4652340,4328.000000000000000,4082400,127.000000000000000,332879.000000000000000,2886,4985219,4455,4415279,7214,9067515
419,2/5/2022 15:00:00,1913,4654253,2867.000000000000000,4085267,112.000000000000000,332991.000000000000000,2025,4987244,2979,4418258,4892,9072407
420,2/6/2022 15:00:00,1058,4655311,1334.000000000000000,4086601,24.000000000000000,333015.000000000000000,1082,4988326,1358,4419616,2416,9074823
421,2/7/2022 15:00:00,2018,4657329,2635.000000000000000,4089236,46.000000000000000,333061.000000000000000,2064,4990390,2681,4422297,4699,9079522
422,2/8/2022 15:00:00,2062,4659391,3013.000000000000000,4092249,63.000000000000000,333124.000000000000000,2125,4992515,3076,4425373,5138,9084660
423,2/9/2022 15:00:00,2070,4661461,3061.000000000000000,4095310,66.000000000000000,333190.000000000000000,2136,4994651,3127,4428500,5197,9089857
424,2/10/2022 15:00:00,1960,4663421,2696.000000000000000,4098006,42.000000000000000,333232.000000000000000,2002,4996653,2738,4431238,4698,9094555
425,2/11/2022 15:00:00,1164,4664585,1798.000000000000000,4099804,48.000000000000000,333280.000000000000000,1212,4997865,1846,4433084,3010,9097565