OBJECTID,VACCINATION_DATE,FirstDailyDose,FirstDoseCumulative,SecondDailyDose,SecondDoseCumulative,SingleDailyDose,SingleDoseCumulative,AtleastOneVaccine,AtleastOneVaccineCumulative,CompletedVax,CompletedVaxCumulative,FirstSecondSingleVaccination_12,FirstSecondSingleVaccination_13
1,12/14/2020 15:00:00,19,1312,,512,,,19,1312,0,512,19,1720
2,12/15/2020 15:00:00,58,1370,3.000000000000000,515,,,58,1370,3,515,61,1781
3,12/16/2020 15:00:00,587,1957,5.000000000000000,520,,,587,1957,5,520,592,2373
4,12/17/2020 15:00:00,1154,3111,5.000000000000000,525,,,1154,3111,5,525,1159,3532
5,12/18/2020 15:00:00,3010,6121,13.000000000000000,538,,,3010,6121,13,538,3023,6555
6,12/19/2020 15:00:00,928,7049,5.000000000000000,543,,,928,7049,5,543,933,7488
7,12/20/2020 15:00:00,358,7407,5.000000000000000,548,,,358,7407,5,548,363,7851
8,12/21/2020 15:00:00,3883,11290,26.000000000000000,574,,,3883,11290,26,574,3909,11760
9,12/22/2020 15:00:00,6317,17607,25.000000000000000,599,,,6317,17607,25,599,6342,18102
10,12/23/2020 15:00:00,5772,23379,35.000000000000000,634,,,5772,23379,35,634,5807,23909
11,12/24/2020 15:00:00,2722,26101,16.000000000000000,650,,,2722,26101,16,650,2738,26647
12,12/25/2020 15:00:00,1034,27135,4.000000000000000,654,,,1034,27135,4,654,1038,27685
13,12/26/2020 15:00:00,1880,29015,9.000000000000000,663,,,1880,29015,9,663,1889,29574
14,12/27/2020 15:00:00,1803,30818,10.000000000000000,673,,,1803,30818,10,673,1813,31387
15,12/28/2020 15:00:00,8979,39797,47.000000000000000,720,,,8979,39797,47,720,9026,40413
16,12/29/2020 15:00:00,10956,50753,50.000000000000000,770,,,10956,50753,50,770,11006,51419
17,12/30/2020 15:00:00,12484,63237,86.000000000000000,856,,,12484,63237,86,856,12570,63989
18,12/31/2020 15:00:00,7547,70784,45.000000000000000,901,,,7547,70784,45,901,7592,71581
19,1/1/2021 15:00:00,3152,73936,136.000000000000000,1037,,,3152,73936,136,1037,3288,74869
20,1/2/2021 15:00:00,3034,76970,34.000000000000000,1071,,,3034,76970,34,1071,3068,77937
21,1/3/2021 15:00:00,3401,80371,81.000000000000000,1152,,,3401,80371,81,1152,3482,81419
22,1/4/2021 15:00:00,13348,93719,330.000000000000000,1482,,,13348,93719,330,1482,13678,95097
23,1/5/2021 15:00:00,12458,106177,542.000000000000000,2024,,,12458,106177,542,2024,13000,108097
24,1/6/2021 15:00:00,15237,121414,857.000000000000000,2881,,,15237,121414,857,2881,16094,124191
25,1/7/2021 15:00:00,15010,136424,1759.000000000000000,4640,,,15010,136424,1759,4640,16769,140960
26,1/8/2021 15:00:00,23998,160422,2772.000000000000000,7412,,,23998,160422,2772,7412,26770,167730
27,1/9/2021 15:00:00,5157,165579,951.000000000000000,8363,,,5157,165579,951,8363,6108,173838
28,1/10/2021 15:00:00,2963,168542,380.000000000000000,8743,,,2963,168542,380,8743,3343,177181
29,1/11/2021 15:00:00,13708,182250,3465.000000000000000,12208,,,13708,182250,3465,12208,17173,194354
30,1/12/2021 15:00:00,17371,199621,5584.000000000000000,17792,,,17371,199621,5584,17792,22955,217309
31,1/13/2021 15:00:00,18596,218217,3909.000000000000000,21701,,,18596,218217,3909,21701,22505,239814
32,1/14/2021 15:00:00,17828,236045,1957.000000000000000,23658,,,17828,236045,1957,23658,19785,259599
33,1/15/2021 15:00:00,19455,255500,2020.000000000000000,25678,,,19455,255500,2020,25678,21475,281074
34,1/16/2021 15:00:00,5815,261315,1612.000000000000000,27290,,,5815,261315,1612,27290,7427,288501
35,1/17/2021 15:00:00,2114,263429,1478.000000000000000,28768,,,2114,263429,1478,28768,3592,292093
36,1/18/2021 15:00:00,7066,270495,3253.000000000000000,32021,,,7066,270495,3253,32021,10319,302412
37,1/19/2021 15:00:00,16931,287426,5398.000000000000000,37419,,,16931,287426,5398,37419,22329,324741
38,1/20/2021 15:00:00,20994,308420,5312.000000000000000,42731,,,20994,308420,5312,42731,26306,351047
39,1/21/2021 15:00:00,23779,332199,3826.000000000000000,46557,,,23779,332199,3826,46557,27605,378652
40,1/22/2021 15:00:00,28650,360849,3737.000000000000000,50294,,,28650,360849,3737,50294,32387,411039
41,1/23/2021 15:00:00,10109,370958,1934.000000000000000,52228,,,10109,370958,1934,52228,12043,423082
42,1/24/2021 15:00:00,3349,374307,1721.000000000000000,53949,,,3349,374307,1721,53949,5070,428152
43,1/25/2021 15:00:00,16296,390603,8589.000000000000000,62538,,,16296,390603,8589,62538,24885,453037
44,1/26/2021 15:00:00,17545,408148,8962.000000000000000,71500,,,17545,408148,8962,71500,26507,479544
45,1/27/2021 15:00:00,24433,432581,12535.000000000000000,84035,,,24433,432581,12535,84035,36968,516512
46,1/28/2021 15:00:00,22647,455228,9317.000000000000000,93352,,,22647,455228,9317,93352,31964,548476
47,1/29/2021 15:00:00,24767,479995,7911.000000000000000,101263,,,24767,479995,7911,101263,32678,581154
48,1/30/2021 15:00:00,17767,497762,2548.000000000000000,103811,,,17767,497762,2548,103811,20315,601469
49,1/31/2021 15:00:00,3758,501520,1357.000000000000000,105168,,,3758,501520,1357,105168,5115,606584
50,2/1/2021 15:00:00,8024,509544,5316.000000000000000,110484,,,8024,509544,5316,110484,13340,619924
51,2/2/2021 15:00:00,12475,522019,13815.000000000000000,124299,,,12475,522019,13815,124299,26290,646214
52,2/3/2021 15:00:00,18236,540255,18114.000000000000000,142413,,,18236,540255,18114,142413,36350,682564
53,2/4/2021 15:00:00,22103,562358,15762.000000000000000,158175,,,22103,562358,15762,158175,37865,720429
54,2/5/2021 15:00:00,20337,582695,17399.000000000000000,175574,,,20337,582695,17399,175574,37736,758165
55,2/6/2021 15:00:00,11315,594010,14462.000000000000000,190036,,,11315,594010,14462,190036,25777,783942
56,2/7/2021 15:00:00,5944,599954,1828.000000000000000,191864,,,5944,599954,1828,191864,7772,791714
57,2/8/2021 15:00:00,12967,612921,12910.000000000000000,204774,,,12967,612921,12910,204774,25877,817591
58,2/9/2021 15:00:00,16636,629557,13860.000000000000000,218634,,,16636,629557,13860,218634,30496,848087
59,2/10/2021 15:00:00,19273,648830,21222.000000000000000,239856,,,19273,648830,21222,239856,40495,888582
60,2/11/2021 15:00:00,22837,671667,17323.000000000000000,257179,,,22837,671667,17323,257179,40160,928742
61,2/12/2021 15:00:00,20380,692047,19608.000000000000000,276787,,,20380,692047,19608,276787,39988,968730
62,2/13/2021 15:00:00,11437,703484,6405.000000000000000,283192,,,11437,703484,6405,283192,17842,986572
63,2/14/2021 15:00:00,7106,710590,2118.000000000000000,285310,,,7106,710590,2118,285310,9224,995796
64,2/15/2021 15:00:00,11756,722346,13313.000000000000000,298623,,,11756,722346,13313,298623,25069,1020865
65,2/16/2021 15:00:00,16598,738944,20995.000000000000000,319618,,,16598,738944,20995,319618,37593,1058458
66,2/17/2021 15:00:00,20647,759591,26363.000000000000000,345981,,,20647,759591,26363,345981,47010,1105468
67,2/18/2021 15:00:00,3194,762785,4616.000000000000000,350597,,,3194,762785,4616,350597,7810,1113278
68,2/19/2021 15:00:00,10253,773038,19919.000000000000000,370516,,,10253,773038,19919,370516,30172,1143450
69,2/20/2021 15:00:00,10305,783343,20273.000000000000000,390789,,,10305,783343,20273,390789,30578,1174028
70,2/21/2021 15:00:00,6168,789511,7636.000000000000000,398425,,,6168,789511,7636,398425,13804,1187832
71,2/22/2021 15:00:00,8028,797539,15462.000000000000000,413887,,,8028,797539,15462,413887,23490,1211322
72,2/23/2021 15:00:00,15516,813055,15969.000000000000000,429856,,,15516,813055,15969,429856,31485,1242807
73,2/24/2021 15:00:00,17936,830991,24739.000000000000000,454595,,,17936,830991,24739,454595,42675,1285482
74,2/25/2021 15:00:00,20388,851379,26542.000000000000000,481137,,,20388,851379,26542,481137,46930,1332412
75,2/26/2021 15:00:00,26712,878091,26193.000000000000000,507330,,,26712,878091,26193,507330,52905,1385317
76,2/27/2021 15:00:00,15994,894085,11149.000000000000000,518479,,,15994,894085,11149,518479,27143,1412460
77,2/28/2021 15:00:00,15497,909582,4870.000000000000000,523349,,,15497,909582,4870,523349,20367,1432827
78,3/1/2021 15:00:00,26828,936410,12560.000000000000000,535909,,,26828,936410,12560,535909,39388,1472215
79,3/2/2021 15:00:00,23905,960315,13260.000000000000000,549169,32.000000000000000,32.000000000000000,23937,960347,13292,549201,37197,1509412
80,3/3/2021 15:00:00,30177,990492,18381.000000000000000,567550,186.000000000000000,218.000000000000000,30363,990710,18567,567768,48744,1558156
81,3/4/2021 15:00:00,30946,1021438,18178.000000000000000,585728,4067.000000000000000,4285.000000000000000,35013,1025723,22245,590013,53191,1611347
82,3/5/2021 15:00:00,30002,1051440,19704.000000000000000,605432,4910.000000000000000,9195.000000000000000,34912,1060635,24614,614627,54616,1665963
83,3/6/2021 15:00:00,18904,1070344,9500.000000000000000,614932,6005.000000000000000,15200.000000000000000,24909,1085544,15505,630132,34409,1700372
84,3/7/2021 15:00:00,12116,1082460,4848.000000000000000,619780,6612.000000000000000,21812.000000000000000,18728,1104272,11460,641592,23576,1723948
85,3/8/2021 15:00:00,25855,1108315,8829.000000000000000,628609,8278.000000000000000,30090.000000000000000,34133,1138405,17107,658699,42962,1766910
86,3/9/2021 15:00:00,26111,1134426,15447.000000000000000,644056,8344.000000000000000,38434.000000000000000,34455,1172860,23791,682490,49902,1816812
87,3/10/2021 15:00:00,29840,1164266,15979.000000000000000,660035,7939.000000000000000,46373.000000000000000,37779,1210639,23918,706408,53758,1870570
88,3/11/2021 15:00:00,35969,1200235,16394.000000000000000,676429,3981.000000000000000,50354.000000000000000,39950,1250589,20375,726783,56344,1926914
89,3/12/2021 15:00:00,36898,1237133,18083.000000000000000,694512,2923.000000000000000,53277.000000000000000,39821,1290410,21006,747789,57904,1984818
90,3/13/2021 15:00:00,22657,1259790,10275.000000000000000,704787,1626.000000000000000,54903.000000000000000,24283,1314693,11901,759690,34558,2019376
91,3/14/2021 15:00:00,17833,1277623,6711.000000000000000,711498,1004.000000000000000,55907.000000000000000,18837,1333530,7715,767405,25548,2044924
92,3/15/2021 15:00:00,29806,1307429,11284.000000000000000,722782,596.000000000000000,56503.000000000000000,30402,1363932,11880,779285,41686,2086610
93,3/16/2021 15:00:00,33408,1340837,13562.000000000000000,736344,769.000000000000000,57272.000000000000000,34177,1398109,14331,793616,47739,2134349
94,3/17/2021 15:00:00,37557,1378394,17025.000000000000000,753369,1180.000000000000000,58452.000000000000000,38737,1436846,18205,811821,55762,2190111
95,3/18/2021 15:00:00,41432,1419826,12620.000000000000000,765989,1349.000000000000000,59801.000000000000000,42781,1479627,13969,825790,55401,2245512
96,3/19/2021 15:00:00,38314,1458140,15412.000000000000000,781401,1036.000000000000000,60837.000000000000000,39350,1518977,16448,842238,54762,2300274
97,3/20/2021 15:00:00,24686,1482826,10143.000000000000000,791544,702.000000000000000,61539.000000000000000,25388,1544365,10845,853083,35531,2335805
98,3/21/2021 15:00:00,19166,1501992,7867.000000000000000,799411,335.000000000000000,61874.000000000000000,19501,1563866,8202,861285,27368,2363173
99,3/22/2021 15:00:00,32576,1534568,11459.000000000000000,810870,834.000000000000000,62708.000000000000000,33410,1597276,12293,873578,44869,2408042
100,3/23/2021 15:00:00,38412,1572980,17785.000000000000000,828655,1553.000000000000000,64261.000000000000000,39965,1637241,19338,892916,57750,2465792
101,3/24/2021 15:00:00,41066,1614046,21182.000000000000000,849837,1384.000000000000000,65645.000000000000000,42450,1679691,22566,915482,63632,2529424
102,3/25/2021 15:00:00,42865,1656911,21669.000000000000000,871506,2457.000000000000000,68102.000000000000000,45322,1725013,24126,939608,66991,2596415
103,3/26/2021 15:00:00,36330,1693241,26655.000000000000000,898161,2496.000000000000000,70598.000000000000000,38826,1763839,29151,968759,65481,2661896
104,3/27/2021 15:00:00,26458,1719699,17271.000000000000000,915432,2491.000000000000000,73089.000000000000000,28949,1792788,19762,988521,46220,2708116
105,3/28/2021 15:00:00,17005,1736704,12632.000000000000000,928064,1616.000000000000000,74705.000000000000000,18621,1811409,14248,1002769,31253,2739369
106,3/29/2021 15:00:00,29706,1766410,26266.000000000000000,954330,1140.000000000000000,75845.000000000000000,30846,1842255,27406,1030175,57112,2796481
107,3/30/2021 15:00:00,40037,1806447,28974.000000000000000,983304,1860.000000000000000,77705.000000000000000,41897,1884152,30834,1061009,70871,2867352
108,3/31/2021 15:00:00,41024,1847471,34665.000000000000000,1017969,5746.000000000000000,83451.000000000000000,46770,1930922,40411,1101420,81435,2948787
109,4/1/2021 15:00:00,42227,1889698,40930.000000000000000,1058899,5718.000000000000000,89169.000000000000000,47945,1978867,46648,1148068,88875,3037662
110,4/2/2021 15:00:00,34899,1924597,32650.000000000000000,1091549,6123.000000000000000,95292.000000000000000,41022,2019889,38773,1186841,73672,3111334
111,4/3/2021 15:00:00,21125,1945722,19175.000000000000000,1110724,4367.000000000000000,99659.000000000000000,25492,2045381,23542,1210383,44667,3156001
112,4/4/2021 15:00:00,8263,1953985,10183.000000000000000,1120907,965.000000000000000,100624.000000000000000,9228,2054609,11148,1221531,19411,3175412
113,4/5/2021 15:00:00,27921,1981906,28886.000000000000000,1149793,6653.000000000000000,107277.000000000000000,34574,2089183,35539,1257070,63460,3238872
114,4/6/2021 15:00:00,39750,2021656,30421.000000000000000,1180214,10488.000000000000000,117765.000000000000000,50238,2139421,40909,1297979,80659,3319531
115,4/7/2021 15:00:00,36057,2057713,34244.000000000000000,1214458,12980.000000000000000,130745.000000000000000,49037,2188458,47224,1345203,83281,3402812
116,4/8/2021 15:00:00,42278,2099991,36069.000000000000000,1250527,13860.000000000000000,144605.000000000000000,56138,2244596,49929,1395132,92207,3495019
117,4/9/2021 15:00:00,34040,2134031,36300.000000000000000,1286827,14523.000000000000000,159128.000000000000000,48563,2293159,50823,1445955,84863,3579882
118,4/10/2021 15:00:00,23451,2157482,23118.000000000000000,1309945,7633.000000000000000,166761.000000000000000,31084,2324243,30751,1476706,54202,3634084
119,4/11/2021 15:00:00,17558,2175040,13269.000000000000000,1323214,10122.000000000000000,176883.000000000000000,27680,2351923,23391,1500097,40949,3675033
120,4/12/2021 15:00:00,24590,2199630,33139.000000000000000,1356353,10898.000000000000000,187781.000000000000000,35488,2387411,44037,1544134,68627,3743660
121,4/13/2021 15:00:00,126173,2325803,91209.000000000000000,1447562,3292.000000000000000,191073.000000000000000,129465,2516876,94501,1638635,220674,3964334
122,4/14/2021 15:00:00,40693,2366496,37781.000000000000000,1485343,211.000000000000000,191284.000000000000000,40904,2557780,37992,1676627,78685,4043019
123,4/15/2021 15:00:00,41403,2407899,39500.000000000000000,1524843,173.000000000000000,191457.000000000000000,41576,2599356,39673,1716300,81076,4124095
124,4/16/2021 15:00:00,37146,2445045,38813.000000000000000,1563656,23.000000000000000,191480.000000000000000,37169,2636525,38836,1755136,75982,4200077
125,4/17/2021 15:00:00,32790,2477835,22013.000000000000000,1585669,12.000000000000000,191492.000000000000000,32802,2669327,22025,1777161,54815,4254892
126,4/18/2021 15:00:00,20064,2497899,16185.000000000000000,1601854,5.000000000000000,191497.000000000000000,20069,2689396,16190,1793351,36254,4291146
127,4/19/2021 15:00:00,29864,2527763,36527.000000000000000,1638381,61.000000000000000,191558.000000000000000,29925,2719321,36588,1829939,66452,4357598
128,4/20/2021 15:00:00,32915,2560678,44416.000000000000000,1682797,56.000000000000000,191614.000000000000000,32971,2752292,44472,1874411,77387,4434985
129,4/21/2021 15:00:00,39800,2600478,47013.000000000000000,1729810,25.000000000000000,191639.000000000000000,39825,2792117,47038,1921449,86838,4521823
130,4/22/2021 15:00:00,35809,2636287,42630.000000000000000,1772440,16.000000000000000,191655.000000000000000,35825,2827942,42646,1964095,78455,4600278
131,4/23/2021 15:00:00,33121,2669408,40104.000000000000000,1812544,14.000000000000000,191669.000000000000000,33135,2861077,40118,2004213,73239,4673517
132,4/24/2021 15:00:00,26391,2695799,27865.000000000000000,1840409,81.000000000000000,191750.000000000000000,26472,2887549,27946,2032159,54337,4727854
133,4/25/2021 15:00:00,20222,2716021,10955.000000000000000,1851364,31.000000000000000,191781.000000000000000,20253,2907802,10986,2043145,31208,4759062
134,4/26/2021 15:00:00,27398,2743419,32680.000000000000000,1884044,202.000000000000000,191983.000000000000000,27600,2935402,32882,2076027,60280,4819342
135,4/27/2021 15:00:00,26692,2770111,33040.000000000000000,1917084,1098.000000000000000,193081.000000000000000,27790,2963192,34138,2110165,60830,4880172
136,4/28/2021 15:00:00,28925,2799036,39493.000000000000000,1956577,1361.000000000000000,194442.000000000000000,30286,2993478,40854,2151019,69779,4949951
137,4/29/2021 15:00:00,27075,2826111,39682.000000000000000,1996259,1463.000000000000000,195905.000000000000000,28538,3022016,41145,2192164,68220,5018171
138,4/30/2021 15:00:00,28196,2854307,32232.000000000000000,2028491,1647.000000000000000,197552.000000000000000,29843,3051859,33879,2226043,62075,5080246
139,5/1/2021 15:00:00,20605,2874912,26607.000000000000000,2055098,1045.000000000000000,198597.000000000000000,21650,3073509,27652,2253695,48257,5128503
140,5/2/2021 15:00:00,10281,2885193,17029.000000000000000,2072127,822.000000000000000,199419.000000000000000,11103,3084612,17851,2271546,28132,5156635
141,5/3/2021 15:00:00,12746,2897939,28553.000000000000000,2100680,1915.000000000000000,201334.000000000000000,14661,3099273,30468,2302014,43214,5199849
142,5/4/2021 15:00:00,13567,2911506,38565.000000000000000,2139245,1737.000000000000000,203071.000000000000000,15304,3114577,40302,2342316,53869,5253718
143,5/5/2021 15:00:00,19319,2930825,37722.000000000000000,2176967,1921.000000000000000,204992.000000000000000,21240,3135817,39643,2381959,58962,5312680
144,5/6/2021 15:00:00,16916,2947741,40565.000000000000000,2217532,1720.000000000000000,206712.000000000000000,18636,3154453,42285,2424244,59201,5371881
145,5/7/2021 15:00:00,17582,2965323,36981.000000000000000,2254513,1958.000000000000000,208670.000000000000000,19540,3173993,38939,2463183,56521,5428402
146,5/8/2021 15:00:00,10781,2976104,31213.000000000000000,2285726,1291.000000000000000,209961.000000000000000,12072,3186065,32504,2495687,43285,5471687
147,5/9/2021 15:00:00,5079,2981183,12231.000000000000000,2297957,695.000000000000000,210656.000000000000000,5774,3191839,12926,2508613,18005,5489692
148,5/10/2021 15:00:00,8953,2990136,31032.000000000000000,2328989,1362.000000000000000,212018.000000000000000,10315,3202154,32394,2541007,41347,5531039
149,5/11/2021 15:00:00,12185,3002321,30257.000000000000000,2359246,1440.000000000000000,213458.000000000000000,13625,3215779,31697,2572704,43882,5574921
150,5/12/2021 15:00:00,13945,3016266,38563.000000000000000,2397809,1919.000000000000000,215377.000000000000000,15864,3231643,40482,2613186,54427,5629348
151,5/13/2021 15:00:00,21855,3038121,33432.000000000000000,2431241,1345.000000000000000,216722.000000000000000,23200,3254843,34777,2647963,56632,5685980
152,5/14/2021 15:00:00,24366,3062487,30011.000000000000000,2461252,1774.000000000000000,218496.000000000000000,26140,3280983,31785,2679748,56151,5742131
153,5/15/2021 15:00:00,21915,3084402,25087.000000000000000,2486339,1490.000000000000000,219986.000000000000000,23405,3304388,26577,2706325,48492,5790623
154,5/16/2021 15:00:00,9083,3093485,17570.000000000000000,2503909,1113.000000000000000,221099.000000000000000,10196,3314584,18683,2725008,27766,5818389
155,5/17/2021 15:00:00,16841,3110326,28365.000000000000000,2532274,1949.000000000000000,223048.000000000000000,18790,3333374,30314,2755322,47155,5865544
156,5/18/2021 15:00:00,21244,3131570,30666.000000000000000,2562940,1942.000000000000000,224990.000000000000000,23186,3356560,32608,2787930,53852,5919396
157,5/19/2021 15:00:00,27629,3159199,32395.000000000000000,2595335,1628.000000000000000,226618.000000000000000,29257,3385817,34023,2821953,61652,5981048
158,5/20/2021 15:00:00,20801,3180000,33231.000000000000000,2628566,1966.000000000000000,228584.000000000000000,22767,3408584,35197,2857150,55998,6037046
159,5/21/2021 15:00:00,19156,3199156,30308.000000000000000,2658874,1607.000000000000000,230191.000000000000000,20763,3429347,31915,2889065,51071,6088117
160,5/22/2021 15:00:00,16921,3216077,20664.000000000000000,2679538,1270.000000000000000,231461.000000000000000,18191,3447538,21934,2910999,38855,6126972
161,5/23/2021 15:00:00,8755,3224832,11432.000000000000000,2690970,964.000000000000000,232425.000000000000000,9719,3457257,12396,2923395,21151,6148123
162,5/24/2021 15:00:00,13561,3238393,17750.000000000000000,2708720,1474.000000000000000,233899.000000000000000,15035,3472292,19224,2942619,32785,6180908
163,5/25/2021 15:00:00,13056,3251449,18702.000000000000000,2727422,1329.000000000000000,235228.000000000000000,14385,3486677,20031,2962650,33087,6213995
164,5/26/2021 15:00:00,18292,3269741,19478.000000000000000,2746900,1511.000000000000000,236739.000000000000000,19803,3506480,20989,2983639,39281,6253276
165,5/27/2021 15:00:00,11681,3281422,18632.000000000000000,2765532,1116.000000000000000,237855.000000000000000,12797,3519277,19748,3003387,31429,6284705
166,5/28/2021 15:00:00,12401,3293823,19812.000000000000000,2785344,1399.000000000000000,239254.000000000000000,13800,3533077,21211,3024598,33612,6318317
167,5/29/2021 15:00:00,9548,3303371,11654.000000000000000,2796998,935.000000000000000,240189.000000000000000,10483,3543560,12589,3037187,22137,6340454
168,5/30/2021 15:00:00,4965,3308336,6421.000000000000000,2803419,595.000000000000000,240784.000000000000000,5560,3549120,7016,3044203,11981,6352435
169,5/31/2021 15:00:00,1776,3310112,3708.000000000000000,2807127,305.000000000000000,241089.000000000000000,2081,3551201,4013,3048216,5789,6358224
170,6/1/2021 15:00:00,9819,3319931,16396.000000000000000,2823523,1156.000000000000000,242245.000000000000000,10975,3562176,17552,3065768,27371,6385595
171,6/2/2021 15:00:00,10223,3330154,16791.000000000000000,2840314,959.000000000000000,243204.000000000000000,11182,3573358,17750,3083518,27973,6413568
172,6/3/2021 15:00:00,7897,3338051,21163.000000000000000,2861477,1086.000000000000000,244290.000000000000000,8983,3582341,22249,3105767,30146,6443714
173,6/4/2021 15:00:00,8167,3346218,22319.000000000000000,2883796,1120.000000000000000,245410.000000000000000,9287,3591628,23439,3129206,31606,6475320
174,6/5/2021 15:00:00,7000,3353218,19430.000000000000000,2903226,720.000000000000000,246130.000000000000000,7720,3599348,20150,3149356,27150,6502470
175,6/6/2021 15:00:00,3458,3356676,7232.000000000000000,2910458,423.000000000000000,246553.000000000000000,3881,3603229,7655,3157011,11113,6513583
176,6/7/2021 15:00:00,6851,3363527,15744.000000000000000,2926202,726.000000000000000,247279.000000000000000,7577,3610806,16470,3173481,23321,6536904
177,6/8/2021 15:00:00,6668,3370195,19682.000000000000000,2945884,829.000000000000000,248108.000000000000000,7497,3618303,20511,3193992,27179,6564083
178,6/9/2021 15:00:00,8192,3378387,23923.000000000000000,2969807,970.000000000000000,249078.000000000000000,9162,3627465,24893,3218885,33085,6597168
179,6/10/2021 15:00:00,7145,3385532,19099.000000000000000,2988906,894.000000000000000,249972.000000000000000,8039,3635504,19993,3238878,27138,6624306
180,6/11/2021 15:00:00,7471,3393003,17700.000000000000000,3006606,1125.000000000000000,251097.000000000000000,8596,3644100,18825,3257703,26296,6650602
181,6/12/2021 15:00:00,5229,3398232,14741.000000000000000,3021347,605.000000000000000,251702.000000000000000,5834,3649934,15346,3273049,20575,6671177
182,6/13/2021 15:00:00,1931,3400163,7560.000000000000000,3028907,427.000000000000000,252129.000000000000000,2358,3652292,7987,3281036,9918,6681095
183,6/14/2021 15:00:00,5655,3405818,11802.000000000000000,3040709,734.000000000000000,252863.000000000000000,6389,3658681,12536,3293572,18191,6699286
184,6/15/2021 15:00:00,5627,3411445,14322.000000000000000,3055031,873.000000000000000,253736.000000000000000,6500,3665181,15195,3308767,20822,6720108
185,6/16/2021 15:00:00,8747,3420192,21563.000000000000000,3076594,757.000000000000000,254493.000000000000000,9504,3674685,22320,3331087,31067,6751175
186,6/17/2021 15:00:00,6683,3426875,12351.000000000000000,3088945,720.000000000000000,255213.000000000000000,7403,3682088,13071,3344158,19754,6770929
187,6/18/2021 15:00:00,6835,3433710,12720.000000000000000,3101665,704.000000000000000,255917.000000000000000,7539,3689627,13424,3357582,20259,6791188
188,6/19/2021 15:00:00,4658,3438368,9356.000000000000000,3111021,613.000000000000000,256530.000000000000000,5271,3694898,9969,3367551,14627,6805815
189,6/20/2021 15:00:00,2505,3440873,5048.000000000000000,3116069,377.000000000000000,256907.000000000000000,2882,3697780,5425,3372976,7930,6813745
190,6/21/2021 15:00:00,5557,3446430,5331.000000000000000,3121400,635.000000000000000,257542.000000000000000,6192,3703972,5966,3378942,11523,6825268
191,6/22/2021 15:00:00,5345,3451775,9034.000000000000000,3130434,692.000000000000000,258234.000000000000000,6037,3710009,9726,3388668,15071,6840339
192,6/23/2021 15:00:00,6063,3457838,10306.000000000000000,3140740,646.000000000000000,258880.000000000000000,6709,3716718,10952,3399620,17015,6857354
193,6/24/2021 15:00:00,5931,3463769,8186.000000000000000,3148926,594.000000000000000,259474.000000000000000,6525,3723243,8780,3408400,14711,6872065
194,6/25/2021 15:00:00,5804,3469573,8645.000000000000000,3157571,620.000000000000000,260094.000000000000000,6424,3729667,9265,3417665,15069,6887134
195,6/26/2021 15:00:00,3699,3473272,6294.000000000000000,3163865,396.000000000000000,260490.000000000000000,4095,3733762,6690,3424355,10389,6897523
196,6/27/2021 15:00:00,2809,3476081,3516.000000000000000,3167381,185.000000000000000,260675.000000000000000,2994,3736756,3701,3428056,6510,6904033
197,6/28/2021 15:00:00,4914,3480995,6372.000000000000000,3173753,539.000000000000000,261214.000000000000000,5453,3742209,6911,3434967,11825,6915858
198,6/29/2021 15:00:00,5058,3486053,6459.000000000000000,3180212,520.000000000000000,261734.000000000000000,5578,3747787,6979,3441946,12037,6927895
199,6/30/2021 15:00:00,5617,3491670,7376.000000000000000,3187588,605.000000000000000,262339.000000000000000,6222,3754009,7981,3449927,13598,6941493
200,7/1/2021 15:00:00,5395,3497065,6958.000000000000000,3194546,498.000000000000000,262837.000000000000000,5893,3759902,7456,3457383,12851,6954344
201,7/2/2021 15:00:00,5285,3502350,6825.000000000000000,3201371,523.000000000000000,263360.000000000000000,5808,3765710,7348,3464731,12633,6966977
202,7/3/2021 15:00:00,3264,3505614,4058.000000000000000,3205429,264.000000000000000,263624.000000000000000,3528,3769238,4322,3469053,7586,6974563
203,7/4/2021 15:00:00,492,3506106,544.000000000000000,3205973,67.000000000000000,263691.000000000000000,559,3769797,611,3469664,1103,6975666
204,7/5/2021 15:00:00,3760,3509866,3949.000000000000000,3209922,287.000000000000000,263978.000000000000000,4047,3773844,4236,3473900,7996,6983662
205,7/6/2021 15:00:00,4480,3514346,6244.000000000000000,3216166,452.000000000000000,264430.000000000000000,4932,3778776,6696,3480596,11176,6994838
206,7/7/2021 15:00:00,4457,3518803,6393.000000000000000,3222559,482.000000000000000,264912.000000000000000,4939,3783715,6875,3487471,11332,7006170
207,7/8/2021 15:00:00,4827,3523630,6147.000000000000000,3228706,563.000000000000000,265475.000000000000000,5390,3789105,6710,3494181,11537,7017707
208,7/9/2021 15:00:00,5351,3528981,6641.000000000000000,3235347,571.000000000000000,266046.000000000000000,5922,3795027,7212,3501393,12563,7030270
209,7/10/2021 15:00:00,3525,3532506,4383.000000000000000,3239730,302.000000000000000,266348.000000000000000,3827,3798854,4685,3506078,8210,7038480
210,7/11/2021 15:00:00,2671,3535177,2564.000000000000000,3242294,225.000000000000000,266573.000000000000000,2896,3801750,2789,3508867,5460,7043940
211,7/12/2021 15:00:00,4407,3539584,5104.000000000000000,3247398,378.000000000000000,266951.000000000000000,4785,3806535,5482,3514349,9889,7053829
212,7/13/2021 15:00:00,4657,3544241,4705.000000000000000,3252103,366.000000000000000,267317.000000000000000,5023,3811558,5071,3519420,9728,7063557
213,7/14/2021 15:00:00,4606,3548847,5260.000000000000000,3257363,421.000000000000000,267738.000000000000000,5027,3816585,5681,3525101,10287,7073844
214,7/15/2021 15:00:00,4885,3553732,4999.000000000000000,3262362,357.000000000000000,268095.000000000000000,5242,3821827,5356,3530457,10241,7084085
215,7/16/2021 15:00:00,6270,3560002,5824.000000000000000,3268186,401.000000000000000,268496.000000000000000,6671,3828498,6225,3536682,12495,7096580
216,7/17/2021 15:00:00,3413,3563415,3543.000000000000000,3271729,299.000000000000000,268795.000000000000000,3712,3832210,3842,3540524,7255,7103835
217,7/18/2021 15:00:00,2304,3565719,2370.000000000000000,3274099,110.000000000000000,268905.000000000000000,2414,3834624,2480,3543004,4784,7108619
218,7/19/2021 15:00:00,5129,3570848,4603.000000000000000,3278702,379.000000000000000,269284.000000000000000,5508,3840132,4982,3547986,10111,7118730
219,7/20/2021 15:00:00,5313,3576161,4703.000000000000000,3283405,366.000000000000000,269650.000000000000000,5679,3845811,5069,3553055,10382,7129112
220,7/21/2021 15:00:00,5632,3581793,4922.000000000000000,3288327,416.000000000000000,270066.000000000000000,6048,3851859,5338,3558393,10970,7140082
221,7/22/2021 15:00:00,6009,3587802,4615.000000000000000,3292942,469.000000000000000,270535.000000000000000,6478,3858337,5084,3563477,11093,7151175
222,7/23/2021 15:00:00,6828,3594630,4826.000000000000000,3297768,493.000000000000000,271028.000000000000000,7321,3865658,5319,3568796,12147,7163322
223,7/24/2021 15:00:00,4278,3598908,3195.000000000000000,3300963,267.000000000000000,271295.000000000000000,4545,3870203,3462,3572258,7740,7171062
224,7/25/2021 15:00:00,3290,3602198,1111.000000000000000,3302074,138.000000000000000,271433.000000000000000,3428,3873631,1249,3573507,4539,7175601
225,7/26/2021 15:00:00,6196,3608394,3890.000000000000000,3305964,418.000000000000000,271851.000000000000000,6614,3880245,4308,3577815,10504,7186105
226,7/27/2021 15:00:00,6581,3614975,4264.000000000000000,3310228,457.000000000000000,272308.000000000000000,7038,3887283,4721,3582536,11302,7197407
227,7/28/2021 15:00:00,7063,3622038,4126.000000000000000,3314354,460.000000000000000,272768.000000000000000,7523,3894806,4586,3587122,11649,7209056
228,7/29/2021 15:00:00,7057,3629095,4288.000000000000000,3318642,419.000000000000000,273187.000000000000000,7476,3902282,4707,3591829,11764,7220820
229,7/30/2021 15:00:00,7797,3636892,4783.000000000000000,3323425,525.000000000000000,273712.000000000000000,8322,3910604,5308,3597137,13105,7233925
230,7/31/2021 15:00:00,4780,3641672,3042.000000000000000,3326467,273.000000000000000,273985.000000000000000,5053,3915657,3315,3600452,8095,7242020
231,8/1/2021 15:00:00,3860,3645532,2142.000000000000000,3328609,160.000000000000000,274145.000000000000000,4020,3919677,2302,3602754,6162,7248182
232,8/2/2021 15:00:00,7221,3652753,3819.000000000000000,3332428,339.000000000000000,274484.000000000000000,7560,3927237,4158,3606912,11379,7259561
233,8/3/2021 15:00:00,7230,3659983,4072.000000000000000,3336500,515.000000000000000,274999.000000000000000,7745,3934982,4587,3611499,11817,7271378
234,8/4/2021 15:00:00,7400,3667383,4086.000000000000000,3340586,533.000000000000000,275532.000000000000000,7933,3942915,4619,3616118,12019,7283397
235,8/5/2021 15:00:00,7929,3675312,4268.000000000000000,3344854,537.000000000000000,276069.000000000000000,8466,3951381,4805,3620923,12734,7296131
236,8/6/2021 15:00:00,8291,3683603,4705.000000000000000,3349559,453.000000000000000,276522.000000000000000,8744,3960125,5158,3626081,13449,7309580
237,8/7/2021 15:00:00,5267,3688870,2807.000000000000000,3352366,263.000000000000000,276785.000000000000000,5530,3965655,3070,3629151,8337,7317917
238,8/8/2021 15:00:00,3948,3692818,2047.000000000000000,3354413,143.000000000000000,276928.000000000000000,4091,3969746,2190,3631341,6138,7324055
239,8/9/2021 15:00:00,6922,3699740,4515.000000000000000,3358928,368.000000000000000,277296.000000000000000,7290,3977036,4883,3636224,11805,7335860
240,8/10/2021 15:00:00,7123,3706863,4446.000000000000000,3363374,338.000000000000000,277634.000000000000000,7461,3984497,4784,3641008,11907,7347767
241,8/11/2021 15:00:00,7048,3713911,4422.000000000000000,3367796,440.000000000000000,278074.000000000000000,7488,3991985,4862,3645870,11910,7359677
242,8/12/2021 15:00:00,8598,3722509,4718.000000000000000,3372514,444.000000000000000,278518.000000000000000,9042,4001027,5162,3651032,13760,7373437
243,8/13/2021 15:00:00,7136,3729645,5357.000000000000000,3377871,396.000000000000000,278914.000000000000000,7532,4008559,5753,3656785,12889,7386326
244,8/14/2021 15:00:00,4911,3734556,3337.000000000000000,3381208,285.000000000000000,279199.000000000000000,5196,4013755,3622,3660407,8533,7394859
245,8/15/2021 15:00:00,3324,3737880,2729.000000000000000,3383937,163.000000000000000,279362.000000000000000,3487,4017242,2892,3663299,6216,7401075
246,8/16/2021 15:00:00,5428,3743308,5082.000000000000000,3389019,352.000000000000000,279714.000000000000000,5780,4023022,5434,3668733,10862,7411937
247,8/17/2021 15:00:00,6806,3750114,5344.000000000000000,3394363,389.000000000000000,280103.000000000000000,7195,4030217,5733,3674466,12539,7424476
248,8/18/2021 15:00:00,6320,3756434,5479.000000000000000,3399842,478.000000000000000,280581.000000000000000,6798,4037015,5957,3680423,12277,7436753
249,8/19/2021 15:00:00,6206,3762640,5536.000000000000000,3405378,416.000000000000000,280997.000000000000000,6622,4043637,5952,3686375,12158,7448911
250,8/20/2021 15:00:00,6832,3769472,6529.000000000000000,3411907,401.000000000000000,281398.000000000000000,7233,4050870,6930,3693305,13762,7462673
251,8/21/2021 15:00:00,4320,3773792,3913.000000000000000,3415820,228.000000000000000,281626.000000000000000,4548,4055418,4141,3697446,8461,7471134
252,8/22/2021 15:00:00,3059,3776851,3164.000000000000000,3418984,110.000000000000000,281736.000000000000000,3169,4058587,3274,3700720,6333,7477467
253,8/23/2021 15:00:00,5986,3782837,6078.000000000000000,3425062,285.000000000000000,282021.000000000000000,6271,4064858,6363,3707083,12349,7489816
254,8/24/2021 15:00:00,6547,3789384,6041.000000000000000,3431103,424.000000000000000,282445.000000000000000,6971,4071829,6465,3713548,13012,7502828
255,8/25/2021 15:00:00,6715,3796099,6199.000000000000000,3437302,440.000000000000000,282885.000000000000000,7155,4078984,6639,3720187,13354,7516182
256,8/26/2021 15:00:00,6964,3803063,6639.000000000000000,3443941,427.000000000000000,283312.000000000000000,7391,4086375,7066,3727253,14030,7530212
257,8/27/2021 15:00:00,6824,3809887,7053.000000000000000,3450994,316.000000000000000,283628.000000000000000,7140,4093515,7369,3734622,14193,7544405
258,8/28/2021 15:00:00,6898,3816785,6501.000000000000000,3457495,324.000000000000000,283952.000000000000000,7222,4100737,6825,3741447,13723,7558128
259,8/29/2021 15:00:00,3733,3820518,3680.000000000000000,3461175,610.000000000000000,284562.000000000000000,4343,4105080,4290,3745737,8023,7566151
260,8/30/2021 15:00:00,5928,3826446,6107.000000000000000,3467282,960.000000000000000,285522.000000000000000,6888,4111968,7067,3752804,12995,7579146
261,8/31/2021 15:00:00,5891,3832337,6032.000000000000000,3473314,945.000000000000000,286467.000000000000000,6836,4118804,6977,3759781,12868,7592014
262,9/1/2021 15:00:00,5571,3837908,5630.000000000000000,3478944,914.000000000000000,287381.000000000000000,6485,4125289,6544,3766325,12115,7604129
263,9/2/2021 15:00:00,5516,3843424,5906.000000000000000,3484850,703.000000000000000,288084.000000000000000,6219,4131508,6609,3772934,12125,7616254
264,9/3/2021 15:00:00,5986,3849410,6898.000000000000000,3491748,973.000000000000000,289057.000000000000000,6959,4138467,7871,3780805,13857,7630111
265,9/4/2021 15:00:00,3717,3853127,4336.000000000000000,3496084,879.000000000000000,289936.000000000000000,4596,4143063,5215,3786020,8932,7639043
266,9/5/2021 15:00:00,2952,3856079,2807.000000000000000,3498891,106.000000000000000,290042.000000000000000,3058,4146121,2913,3788933,5865,7644908
267,9/6/2021 15:00:00,1059,3857138,1149.000000000000000,3500040,63.000000000000000,290105.000000000000000,1122,4147243,1212,3790145,2271,7647179
268,9/7/2021 15:00:00,5332,3862470,7272.000000000000000,3507312,2304.000000000000000,292409.000000000000000,7636,4154879,9576,3799721,14908,7662087
269,9/8/2021 15:00:00,4644,3867114,5460.000000000000000,3512772,364.000000000000000,292773.000000000000000,5008,4159887,5824,3805545,10468,7672555
270,9/9/2021 15:00:00,5003,3872117,5436.000000000000000,3518208,324.000000000000000,293097.000000000000000,5327,4165214,5760,3811305,10763,7683318
271,9/10/2021 15:00:00,6504,3878621,6639.000000000000000,3524847,1718.000000000000000,294815.000000000000000,8222,4173436,8357,3819662,14861,7698179
272,9/11/2021 15:00:00,4169,3882790,4324.000000000000000,3529171,665.000000000000000,295480.000000000000000,4834,4178270,4989,3824651,9158,7707337
273,9/12/2021 15:00:00,3162,3885952,3236.000000000000000,3532407,436.000000000000000,295916.000000000000000,3598,4181868,3672,3828323,6834,7714171
274,9/13/2021 15:00:00,4877,3890829,5042.000000000000000,3537449,346.000000000000000,296262.000000000000000,5223,4187091,5388,3833711,10265,7724436
275,9/14/2021 15:00:00,4760,3895589,5421.000000000000000,3542870,435.000000000000000,296697.000000000000000,5195,4192286,5856,3839567,10616,7735052
276,9/15/2021 15:00:00,5024,3900613,5855.000000000000000,3548725,388.000000000000000,297085.000000000000000,5412,4197698,6243,3845810,11267,7746319
277,9/16/2021 15:00:00,4798,3905411,5821.000000000000000,3554546,336.000000000000000,297421.000000000000000,5134,4202832,6157,3851967,10955,7757274
278,9/17/2021 15:00:00,5243,3910654,6570.000000000000000,3561116,343.000000000000000,297764.000000000000000,5586,4208418,6913,3858880,12156,7769430
279,9/18/2021 15:00:00,3791,3914445,4563.000000000000000,3565679,185.000000000000000,297949.000000000000000,3976,4212394,4748,3863628,8539,7777969
280,9/19/2021 15:00:00,2742,3917187,3157.000000000000000,3568836,75.000000000000000,298024.000000000000000,2817,4215211,3232,3866860,5974,7783943
281,9/20/2021 15:00:00,3747,3920934,4670.000000000000000,3573506,430.000000000000000,298454.000000000000000,4177,4219388,5100,3871960,8847,7792790
282,9/21/2021 15:00:00,3999,3924933,4991.000000000000000,3578497,326.000000000000000,298780.000000000000000,4325,4223713,5317,3877277,9316,7802106
283,9/22/2021 15:00:00,4188,3929121,4759.000000000000000,3583256,458.000000000000000,299238.000000000000000,4646,4228359,5217,3882494,9405,7811511
284,9/23/2021 15:00:00,4162,3933283,4722.000000000000000,3587978,492.000000000000000,299730.000000000000000,4654,4233013,5214,3887708,9376,7820887
285,9/24/2021 15:00:00,5068,3938351,5596.000000000000000,3593574,422.000000000000000,300152.000000000000000,5490,4238503,6018,3893726,11086,7831973
286,9/25/2021 15:00:00,3626,3941977,3625.000000000000000,3597199,385.000000000000000,300537.000000000000000,4011,4242514,4010,3897736,7636,7839609
287,9/26/2021 15:00:00,2358,3944335,2658.000000000000000,3599857,423.000000000000000,300960.000000000000000,2781,4245295,3081,3900817,5439,7845048
288,9/27/2021 15:00:00,4501,3948836,2693.000000000000000,3602550,509.000000000000000,301469.000000000000000,5010,4250305,3202,3904019,7703,7852751
289,9/28/2021 15:00:00,4394,3953230,4440.000000000000000,3606990,211.000000000000000,301680.000000000000000,4605,4254910,4651,3908670,9045,7861796
290,9/29/2021 15:00:00,4696,3957926,4503.000000000000000,3611493,919.000000000000000,302599.000000000000000,5615,4260525,5422,3914092,10118,7871914
291,9/30/2021 15:00:00,4881,3962807,4554.000000000000000,3616047,792.000000000000000,303391.000000000000000,5673,4266198,5346,3919438,10227,7882141
292,10/1/2021 15:00:00,5473,3968280,5306.000000000000000,3621353,782.000000000000000,304173.000000000000000,6255,4272453,6088,3925526,11561,7893702
293,10/2/2021 15:00:00,2937,3971217,2888.000000000000000,3624241,187.000000000000000,304360.000000000000000,3124,4275577,3075,3928601,6012,7899714
294,10/3/2021 15:00:00,2078,3973295,2372.000000000000000,3626613,86.000000000000000,304446.000000000000000,2164,4277741,2458,3931059,4536,7904250
295,10/4/2021 15:00:00,4021,3977316,3494.000000000000000,3630107,232.000000000000000,304678.000000000000000,4253,4281994,3726,3934785,7747,7911997
296,10/5/2021 15:00:00,3951,3981267,3658.000000000000000,3633765,207.000000000000000,304885.000000000000000,4158,4286152,3865,3938650,7816,7919813
297,10/6/2021 15:00:00,4024,3985291,3573.000000000000000,3637338,264.000000000000000,305149.000000000000000,4288,4290440,3837,3942487,7861,7927674
298,10/7/2021 15:00:00,4230,3989521,3623.000000000000000,3640961,331.000000000000000,305480.000000000000000,4561,4295001,3954,3946441,8184,7935858
299,10/8/2021 15:00:00,4776,3994297,4275.000000000000000,3645236,282.000000000000000,305762.000000000000000,5058,4300059,4557,3950998,9333,7945191
300,10/9/2021 15:00:00,2683,3996980,2673.000000000000000,3647909,270.000000000000000,306032.000000000000000,2953,4303012,2943,3953941,5626,7950817
301,10/10/2021 15:00:00,1865,3998845,1843.000000000000000,3649752,59.000000000000000,306091.000000000000000,1924,4304936,1902,3955843,3767,7954584
302,10/11/2021 15:00:00,4214,4003059,3331.000000000000000,3653083,249.000000000000000,306340.000000000000000,4463,4309399,3580,3959423,7794,7962378
303,10/12/2021 15:00:00,3592,4006651,3525.000000000000000,3656608,271.000000000000000,306611.000000000000000,3863,4313262,3796,3963219,7388,7969766
304,10/13/2021 15:00:00,3955,4010606,3445.000000000000000,3660053,346.000000000000000,306957.000000000000000,4301,4317563,3791,3967010,7746,7977512
305,10/14/2021 15:00:00,5161,4015767,5482.000000000000000,3665535,429.000000000000000,307386.000000000000000,5590,4323153,5911,3972921,11072,7988584
306,10/15/2021 15:00:00,4703,4020470,4583.000000000000000,3670118,347.000000000000000,307733.000000000000000,5050,4328203,4930,3977851,9633,7998217
307,10/16/2021 15:00:00,2494,4022964,2500.000000000000000,3672618,290.000000000000000,308023.000000000000000,2784,4330987,2790,3980641,5284,8003501
308,10/17/2021 15:00:00,1808,4024772,1775.000000000000000,3674393,55.000000000000000,308078.000000000000000,1863,4332850,1830,3982471,3638,8007139
309,10/18/2021 15:00:00,4287,4029059,3568.000000000000000,3677961,266.000000000000000,308344.000000000000000,4553,4337403,3834,3986305,8121,8015260
310,10/19/2021 15:00:00,4302,4033361,4022.000000000000000,3681983,222.000000000000000,308566.000000000000000,4524,4341927,4244,3990549,8546,8023806
311,10/20/2021 15:00:00,3530,4036891,3417.000000000000000,3685400,254.000000000000000,308820.000000000000000,3784,4345711,3671,3994220,7201,8031007
312,10/21/2021 15:00:00,3300,4040191,3255.000000000000000,3688655,290.000000000000000,309110.000000000000000,3590,4349301,3545,3997765,6845,8037852
313,10/22/2021 15:00:00,4686,4044877,4024.000000000000000,3692679,475.000000000000000,309585.000000000000000,5161,4354462,4499,4002264,9185,8047037
314,10/23/2021 15:00:00,2893,4047770,2112.000000000000000,3694791,321.000000000000000,309906.000000000000000,3214,4357676,2433,4004697,5326,8052363
315,10/24/2021 15:00:00,2060,4049830,1558.000000000000000,3696349,78.000000000000000,309984.000000000000000,2138,4359814,1636,4006333,3696,8056059
316,10/25/2021 15:00:00,4548,4054378,3074.000000000000000,3699423,316.000000000000000,310300.000000000000000,4864,4364678,3390,4009723,7938,8063997
317,10/26/2021 15:00:00,4512,4058890,3087.000000000000000,3702510,311.000000000000000,310611.000000000000000,4823,4369501,3398,4013121,7910,8071907
318,10/27/2021 15:00:00,4739,4063629,3342.000000000000000,3705852,429.000000000000000,311040.000000000000000,5168,4374669,3771,4016892,8510,8080417
319,10/28/2021 15:00:00,4557,4068186,3363.000000000000000,3709215,496.000000000000000,311536.000000000000000,5053,4379722,3859,4020751,8416,8088833
320,10/29/2021 15:00:00,4969,4073155,3908.000000000000000,3713123,393.000000000000000,311929.000000000000000,5362,4385084,4301,4025052,9270,8098103
321,10/30/2021 15:00:00,2632,4075787,1842.000000000000000,3714965,308.000000000000000,312237.000000000000000,2940,4388024,2150,4027202,4782,8102885
322,10/31/2021 15:00:00,1945,4077732,1516.000000000000000,3716481,93.000000000000000,312330.000000000000000,2038,4390062,1609,4028811,3554,8106439
323,11/1/2021 15:00:00,4685,4082417,3419.000000000000000,3719900,342.000000000000000,312672.000000000000000,5027,4395089,3761,4032572,8446,8114885
324,11/2/2021 15:00:00,4250,4086667,2944.000000000000000,3722844,406.000000000000000,313078.000000000000000,4656,4399745,3350,4035922,7600,8122485
325,11/3/2021 15:00:00,4668,4091335,3057.000000000000000,3725901,458.000000000000000,313536.000000000000000,5126,4404871,3515,4039437,8183,8130668
326,11/4/2021 15:00:00,6289,4097624,3358.000000000000000,3729259,512.000000000000000,314048.000000000000000,6801,4411672,3870,4043307,10159,8140827
327,11/5/2021 15:00:00,8212,4105836,3753.000000000000000,3733012,408.000000000000000,314456.000000000000000,8620,4420292,4161,4047468,12373,8153200
328,11/6/2021 15:00:00,10067,4115903,1974.000000000000000,3734986,305.000000000000000,314761.000000000000000,10372,4430664,2279,4049747,12346,8165546
329,11/7/2021 15:00:00,7716,4123619,1468.000000000000000,3736454,94.000000000000000,314855.000000000000000,7810,4438474,1562,4051309,9278,8174824
330,11/8/2021 15:00:00,11285,4134904,3037.000000000000000,3739491,379.000000000000000,315234.000000000000000,11664,4450138,3416,4054725,14701,8189525
331,11/9/2021 15:00:00,11746,4146650,2655.000000000000000,3742146,268.000000000000000,315502.000000000000000,12014,4462152,2923,4057648,14669,8204194
332,11/10/2021 15:00:00,12560,4159210,2764.000000000000000,3744910,337.000000000000000,315839.000000000000000,12897,4475049,3101,4060749,15661,8219855
333,11/11/2021 15:00:00,11324,4170534,2382.000000000000000,3747292,283.000000000000000,316122.000000000000000,11607,4486656,2665,4063414,13989,8233844
334,11/12/2021 15:00:00,12268,4182802,3354.000000000000000,3750646,548.000000000000000,316670.000000000000000,12816,4499472,3902,4067316,16170,8250014
335,11/13/2021 15:00:00,9768,4192570,1587.000000000000000,3752233,342.000000000000000,317012.000000000000000,10110,4509582,1929,4069245,11697,8261711
336,11/14/2021 15:00:00,3921,4196491,1128.000000000000000,3753361,121.000000000000000,317133.000000000000000,4042,4513624,1249,4070494,5170,8266881
337,11/15/2021 15:00:00,8594,4205085,2519.000000000000000,3755880,205.000000000000000,317338.000000000000000,8799,4522423,2724,4073218,11318,8278199
338,11/16/2021 15:00:00,9211,4214296,2490.000000000000000,3758370,255.000000000000000,317593.000000000000000,9466,4531889,2745,4075963,11956,8290155
339,11/17/2021 15:00:00,9374,4223670,2876.000000000000000,3761246,312.000000000000000,317905.000000000000000,9686,4541575,3188,4079151,12562,8302717
340,11/18/2021 15:00:00,9281,4232951,2629.000000000000000,3763875,479.000000000000000,318384.000000000000000,9760,4551335,3108,4082259,12389,8315106
341,11/19/2021 15:00:00,9774,4242725,2914.000000000000000,3766789,382.000000000000000,318766.000000000000000,10156,4561491,3296,4085555,13070,8328176
342,11/20/2021 15:00:00,10625,4253350,1606.000000000000000,3768395,454.000000000000000,319220.000000000000000,11079,4572570,2060,4087615,12685,8340861
343,11/21/2021 15:00:00,4345,4257695,1198.000000000000000,3769593,99.000000000000000,319319.000000000000000,4444,4577014,1297,4088912,5642,8346503
344,11/22/2021 15:00:00,9768,4267463,2488.000000000000000,3772081,292.000000000000000,319611.000000000000000,10060,4587074,2780,4091692,12548,8359051
345,11/23/2021 15:00:00,9161,4276624,2398.000000000000000,3774479,280.000000000000000,319891.000000000000000,9441,4596515,2678,4094370,11839,8370890
346,11/24/2021 15:00:00,8091,4284715,2440.000000000000000,3776919,215.000000000000000,320106.000000000000000,8306,4604821,2655,4097025,10746,8381636
347,11/25/2021 15:00:00,239,4284954,74.000000000000000,3776993,10.000000000000000,320116.000000000000000,249,4605070,84,4097109,323,8381959
348,11/26/2021 15:00:00,5663,4290617,4012.000000000000000,3781005,152.000000000000000,320268.000000000000000,5815,4610885,4164,4101273,9827,8391786
349,11/27/2021 15:00:00,3784,4294401,5437.000000000000000,3786442,134.000000000000000,320402.000000000000000,3918,4614803,5571,4106844,9355,8401141
350,11/28/2021 15:00:00,2419,4296820,6372.000000000000000,3792814,77.000000000000000,320479.000000000000000,2496,4617299,6449,4113293,8868,8410009
351,11/29/2021 15:00:00,6358,4303178,9244.000000000000000,3802058,378.000000000000000,320857.000000000000000,6736,4624035,9622,4122915,15980,8425989
352,11/30/2021 15:00:00,6226,4309404,9239.000000000000000,3811297,264.000000000000000,321121.000000000000000,6490,4630525,9503,4132418,15729,8441718
353,12/1/2021 15:00:00,7206,4316610,9559.000000000000000,3820856,305.000000000000000,321426.000000000000000,7511,4638036,9864,4142282,17070,8458788
354,12/2/2021 15:00:00,6857,4323467,8675.000000000000000,3829531,450.000000000000000,321876.000000000000000,7307,4645343,9125,4151407,15982,8474770
355,12/3/2021 15:00:00,7536,4331003,9179.000000000000000,3838710,249.000000000000000,322125.000000000000000,7785,4653128,9428,4160835,16964,8491734
356,12/4/2021 15:00:00,5848,4336851,9714.000000000000000,3848424,457.000000000000000,322582.000000000000000,6305,4659433,10171,4171006,16019,8507753
357,12/5/2021 15:00:00,3462,4340313,3244.000000000000000,3851668,77.000000000000000,322659.000000000000000,3539,4662972,3321,4174327,6783,8514536
358,12/6/2021 15:00:00,6722,4347035,7056.000000000000000,3858724,277.000000000000000,322936.000000000000000,6999,4669971,7333,4181660,14055,8528591
359,12/7/2021 15:00:00,6348,4353383,6946.000000000000000,3865670,247.000000000000000,323183.000000000000000,6595,4676566,7193,4188853,13541,8542132
360,12/8/2021 15:00:00,6872,4360255,7306.000000000000000,3872976,314.000000000000000,323497.000000000000000,7186,4683752,7620,4196473,14492,8556624
361,12/9/2021 15:00:00,6467,4366722,6946.000000000000000,3879922,397.000000000000000,323894.000000000000000,6864,4690616,7343,4203816,13810,8570434
362,12/10/2021 15:00:00,7206,4373928,7284.000000000000000,3887206,228.000000000000000,324122.000000000000000,7434,4698050,7512,4211328,14718,8585152
363,12/11/2021 15:00:00,4441,4378369,7597.000000000000000,3894803,333.000000000000000,324455.000000000000000,4774,4702824,7930,4219258,12371,8597523
364,12/12/2021 15:00:00,3990,4382359,2781.000000000000000,3897584,60.000000000000000,324515.000000000000000,4050,4706874,2841,4222099,6831,8604354
365,12/13/2021 15:00:00,5688,4388047,5705.000000000000000,3903289,242.000000000000000,324757.000000000000000,5930,4712804,5947,4228046,11635,8615989
366,12/14/2021 15:00:00,6417,4394464,5874.000000000000000,3909163,213.000000000000000,324970.000000000000000,6630,4719434,6087,4234133,12504,8628493
367,12/15/2021 15:00:00,7089,4401553,5605.000000000000000,3914768,247.000000000000000,325217.000000000000000,7336,4726770,5852,4239985,12941,8641434
368,12/16/2021 15:00:00,7796,4409349,2791.000000000000000,3917559,421.000000000000000,325638.000000000000000,8217,4734987,3212,4243197,11008,8652442
369,12/17/2021 15:00:00,7761,4417110,4121.000000000000000,3921680,192.000000000000000,325830.000000000000000,7953,4742940,4313,4247510,12074,8664516
370,12/18/2021 15:00:00,5773,4422883,3165.000000000000000,3924845,297.000000000000000,326127.000000000000000,6070,4749010,3462,4250972,9235,8673751
371,12/19/2021 15:00:00,3380,4426263,1341.000000000000000,3926186,35.000000000000000,326162.000000000000000,3415,4752425,1376,4252348,4756,8678507
372,12/20/2021 15:00:00,8001,4434264,3707.000000000000000,3929893,161.000000000000000,326323.000000000000000,8162,4760587,3868,4256216,11869,8690376
373,12/21/2021 15:00:00,8870,4443134,4072.000000000000000,3933965,160.000000000000000,326483.000000000000000,9030,4769617,4232,4260448,13102,8703478
374,12/22/2021 15:00:00,8574,4451708,3797.000000000000000,3937762,170.000000000000000,326653.000000000000000,8744,4778361,3967,4264415,12541,8716019
375,12/23/2021 15:00:00,8278,4459986,3476.000000000000000,3941238,355.000000000000000,327008.000000000000000,8633,4786994,3831,4268246,12109,8728128
376,12/24/2021 15:00:00,1603,4461589,998.000000000000000,3942236,39.000000000000000,327047.000000000000000,1642,4788636,1037,4269283,2640,8730768
377,12/25/2021 15:00:00,50,4461639,36.000000000000000,3942272,1.000000000000000,327048.000000000000000,51,4788687,37,4269320,87,8730855
378,12/26/2021 15:00:00,2510,4464149,1731.000000000000000,3944003,44.000000000000000,327092.000000000000000,2554,4791241,1775,4271095,4285,8735140
379,12/27/2021 15:00:00,7124,4471273,3938.000000000000000,3947941,294.000000000000000,327386.000000000000000,7418,4798659,4232,4275327,11356,8746496
380,12/28/2021 15:00:00,7690,4478963,3715.000000000000000,3951656,160.000000000000000,327546.000000000000000,7850,4806509,3875,4279202,11565,8758061
381,12/29/2021 15:00:00,8077,4487040,3937.000000000000000,3955593,152.000000000000000,327698.000000000000000,8229,4814738,4089,4283291,12166,8770227
382,12/30/2021 15:00:00,7332,4494372,3691.000000000000000,3959284,287.000000000000000,327985.000000000000000,7619,4822357,3978,4287269,11310,8781537
383,12/31/2021 15:00:00,2522,4496894,1495.000000000000000,3960779,91.000000000000000,328076.000000000000000,2613,4824970,1586,4288855,4108,8785645
384,1/1/2022 15:00:00,675,4497569,325.000000000000000,3961104,31.000000000000000,328107.000000000000000,706,4825676,356,4289211,1031,8786676
385,1/2/2022 15:00:00,2144,4499713,1607.000000000000000,3962711,42.000000000000000,328149.000000000000000,2186,4827862,1649,4290860,3793,8790469
386,1/3/2022 15:00:00,3306,4503019,2013.000000000000000,3964724,220.000000000000000,328369.000000000000000,3526,4831388,2233,4293093,5539,8796008
387,1/4/2022 15:00:00,5689,4508708,3362.000000000000000,3968086,162.000000000000000,328531.000000000000000,5851,4837239,3524,4296617,9213,8805221
388,1/5/2022 15:00:00,6612,4515320,4573.000000000000000,3972659,167.000000000000000,328698.000000000000000,6779,4844018,4740,4301357,11352,8816573
389,1/6/2022 15:00:00,6530,4521850,4669.000000000000000,3977328,258.000000000000000,328956.000000000000000,6788,4850806,4927,4306284,11457,8828030
390,1/7/2022 15:00:00,5669,4527519,3586.000000000000000,3980914,155.000000000000000,329111.000000000000000,5824,4856630,3741,4310025,9410,8837440
391,1/8/2022 15:00:00,4305,4531824,3656.000000000000000,3984570,73.000000000000000,329184.000000000000000,4378,4861008,3729,4313754,8034,8845474
392,1/9/2022 15:00:00,2690,4534514,1986.000000000000000,3986556,154.000000000000000,329338.000000000000000,2844,4863852,2140,4315894,4830,8850304
393,1/10/2022 15:00:00,6121,4540635,3710.000000000000000,3990266,148.000000000000000,329486.000000000000000,6269,4870121,3858,4319752,9979,8860283
394,1/11/2022 15:00:00,6204,4546839,4102.000000000000000,3994368,131.000000000000000,329617.000000000000000,6335,4876456,4233,4323985,10437,8870720
395,1/12/2022 15:00:00,6272,4553111,4125.000000000000000,3998493,209.000000000000000,329826.000000000000000,6481,4882937,4334,4328319,10606,8881326
396,1/13/2022 15:00:00,3423,4556534,2505.000000000000000,4000998,98.000000000000000,329924.000000000000000,3521,4886458,2603,4330922,6026,8887352