OBJECTID,VACCINATION_DATE,FirstDailyDose,FirstDoseCumulative,SecondDailyDose,SecondDoseCumulative,SingleDailyDose,SingleDoseCumulative,AtleastOneVaccine,AtleastOneVaccineCumulative,CompletedVax,CompletedVaxCumulative,FirstSecondSingleVaccination_12,FirstSecondSingleVaccination_13
1,12/14/2020 15:00:00,14,762,,307,,,14,762,0,307,14,981
2,12/15/2020 15:00:00,39,801,2.000000000000000,309,,,39,801,2,309,41,1022
3,12/16/2020 15:00:00,568,1369,2.000000000000000,311,,,568,1369,2,311,570,1592
4,12/17/2020 15:00:00,1121,2490,2.000000000000000,313,,,1121,2490,2,313,1123,2715
5,12/18/2020 15:00:00,2986,5476,8.000000000000000,321,,,2986,5476,8,321,2994,5709
6,12/19/2020 15:00:00,915,6391,5.000000000000000,326,,,915,6391,5,326,920,6629
7,12/20/2020 15:00:00,318,6709,3.000000000000000,329,,,318,6709,3,329,321,6950
8,12/21/2020 15:00:00,3832,10541,12.000000000000000,341,,,3832,10541,12,341,3844,10794
9,12/22/2020 15:00:00,6302,16843,9.000000000000000,350,,,6302,16843,9,350,6311,17105
10,12/23/2020 15:00:00,5706,22549,22.000000000000000,372,,,5706,22549,22,372,5728,22833
11,12/24/2020 15:00:00,2703,25252,8.000000000000000,380,,,2703,25252,8,380,2711,25544
12,12/25/2020 15:00:00,1032,26284,3.000000000000000,383,,,1032,26284,3,383,1035,26579
13,12/26/2020 15:00:00,1852,28136,6.000000000000000,389,,,1852,28136,6,389,1858,28437
14,12/27/2020 15:00:00,1783,29919,9.000000000000000,398,,,1783,29919,9,398,1792,30229
15,12/28/2020 15:00:00,8902,38821,31.000000000000000,429,,,8902,38821,31,429,8933,39162
16,12/29/2020 15:00:00,10886,49707,26.000000000000000,455,,,10886,49707,26,455,10912,50074
17,12/30/2020 15:00:00,12412,62119,54.000000000000000,509,,,12412,62119,54,509,12466,62540
18,12/31/2020 15:00:00,7485,69604,26.000000000000000,535,,,7485,69604,26,535,7511,70051
19,1/1/2021 15:00:00,2252,71856,82.000000000000000,617,,,2252,71856,82,617,2334,72385
20,1/2/2021 15:00:00,2928,74784,32.000000000000000,649,,,2928,74784,32,649,2960,75345
21,1/3/2021 15:00:00,3346,78130,75.000000000000000,724,,,3346,78130,75,724,3421,78766
22,1/4/2021 15:00:00,13196,91326,297.000000000000000,1021,,,13196,91326,297,1021,13493,92259
23,1/5/2021 15:00:00,12333,103659,493.000000000000000,1514,,,12333,103659,493,1514,12826,105085
24,1/6/2021 15:00:00,15094,118753,817.000000000000000,2331,,,15094,118753,817,2331,15911,120996
25,1/7/2021 15:00:00,14898,133651,1702.000000000000000,4033,,,14898,133651,1702,4033,16600,137596
26,1/8/2021 15:00:00,23880,157531,2707.000000000000000,6740,,,23880,157531,2707,6740,26587,164183
27,1/9/2021 15:00:00,5093,162624,932.000000000000000,7672,,,5093,162624,932,7672,6025,170208
28,1/10/2021 15:00:00,2885,165509,360.000000000000000,8032,,,2885,165509,360,8032,3245,173453
29,1/11/2021 15:00:00,13625,179134,3381.000000000000000,11413,,,13625,179134,3381,11413,17006,190459
30,1/12/2021 15:00:00,17214,196348,5545.000000000000000,16958,,,17214,196348,5545,16958,22759,213218
31,1/13/2021 15:00:00,18439,214787,3825.000000000000000,20783,,,18439,214787,3825,20783,22264,235482
32,1/14/2021 15:00:00,17750,232537,1894.000000000000000,22677,,,17750,232537,1894,22677,19644,255126
33,1/15/2021 15:00:00,19397,251934,1917.000000000000000,24594,,,19397,251934,1917,24594,21314,276440
34,1/16/2021 15:00:00,5735,257669,1567.000000000000000,26161,,,5735,257669,1567,26161,7302,283742
35,1/17/2021 15:00:00,2082,259751,1459.000000000000000,27620,,,2082,259751,1459,27620,3541,287283
36,1/18/2021 15:00:00,6995,266746,3209.000000000000000,30829,,,6995,266746,3209,30829,10204,297487
37,1/19/2021 15:00:00,17095,283841,5292.000000000000000,36121,,,17095,283841,5292,36121,22387,319874
38,1/20/2021 15:00:00,21170,305011,5207.000000000000000,41328,,,21170,305011,5207,41328,26377,346251
39,1/21/2021 15:00:00,23730,328741,3635.000000000000000,44963,,,23730,328741,3635,44963,27365,373616
40,1/22/2021 15:00:00,28780,357521,3537.000000000000000,48500,,,28780,357521,3537,48500,32317,405933
41,1/23/2021 15:00:00,9990,367511,1886.000000000000000,50386,,,9990,367511,1886,50386,11876,417809
42,1/24/2021 15:00:00,3302,370813,1693.000000000000000,52079,,,3302,370813,1693,52079,4995,422804
43,1/25/2021 15:00:00,16577,387390,8448.000000000000000,60527,,,16577,387390,8448,60527,25025,447829
44,1/26/2021 15:00:00,17834,405224,8847.000000000000000,69374,,,17834,405224,8847,69374,26681,474510
45,1/27/2021 15:00:00,25001,430225,12330.000000000000000,81704,,,25001,430225,12330,81704,37331,511841
46,1/28/2021 15:00:00,23239,453464,9164.000000000000000,90868,,,23239,453464,9164,90868,32403,544244
47,1/29/2021 15:00:00,25479,478943,7735.000000000000000,98603,,,25479,478943,7735,98603,33214,577458
48,1/30/2021 15:00:00,18389,497332,2451.000000000000000,101054,,,18389,497332,2451,101054,20840,598298
49,1/31/2021 15:00:00,4104,501436,1275.000000000000000,102329,,,4104,501436,1275,102329,5379,603677
50,2/1/2021 15:00:00,7437,508873,4858.000000000000000,107187,,,7437,508873,4858,107187,12295,615972
51,2/2/2021 15:00:00,12736,521609,13659.000000000000000,120846,,,12736,521609,13659,120846,26395,642367
52,2/3/2021 15:00:00,18619,540228,18003.000000000000000,138849,,,18619,540228,18003,138849,36622,678989
53,2/4/2021 15:00:00,22403,562631,15651.000000000000000,154500,,,22403,562631,15651,154500,38054,717043
54,2/5/2021 15:00:00,20473,583104,17333.000000000000000,171833,,,20473,583104,17333,171833,37806,754849
55,2/6/2021 15:00:00,12077,595181,14356.000000000000000,186189,,,12077,595181,14356,186189,26433,781282
56,2/7/2021 15:00:00,5942,601123,1743.000000000000000,187932,,,5942,601123,1743,187932,7685,788967
57,2/8/2021 15:00:00,13237,614360,13046.000000000000000,200978,,,13237,614360,13046,200978,26283,815250
58,2/9/2021 15:00:00,16640,631000,13947.000000000000000,214925,,,16640,631000,13947,214925,30587,845837
59,2/10/2021 15:00:00,19225,650225,21326.000000000000000,236251,,,19225,650225,21326,236251,40551,886388
60,2/11/2021 15:00:00,22831,673056,17452.000000000000000,253703,,,22831,673056,17452,253703,40283,926671
61,2/12/2021 15:00:00,20333,693389,19798.000000000000000,273501,,,20333,693389,19798,273501,40131,966802
62,2/13/2021 15:00:00,11341,704730,6312.000000000000000,279813,,,11341,704730,6312,279813,17653,984455
63,2/14/2021 15:00:00,7059,711789,2052.000000000000000,281865,,,7059,711789,2052,281865,9111,993566
64,2/15/2021 15:00:00,11665,723454,13164.000000000000000,295029,,,11665,723454,13164,295029,24829,1018395
65,2/16/2021 15:00:00,16537,739991,21608.000000000000000,316637,,,16537,739991,21608,316637,38145,1056540
66,2/17/2021 15:00:00,20588,760579,27080.000000000000000,343717,,,20588,760579,27080,343717,47668,1104208
67,2/18/2021 15:00:00,3145,763724,4699.000000000000000,348416,,,3145,763724,4699,348416,7844,1112052
68,2/19/2021 15:00:00,10230,773954,20350.000000000000000,368766,,,10230,773954,20350,368766,30580,1142632
69,2/20/2021 15:00:00,10279,784233,20809.000000000000000,389575,,,10279,784233,20809,389575,31088,1173720
70,2/21/2021 15:00:00,6138,790371,7897.000000000000000,397472,,,6138,790371,7897,397472,14035,1187755
71,2/22/2021 15:00:00,8052,798423,15834.000000000000000,413306,,,8052,798423,15834,413306,23886,1211641
72,2/23/2021 15:00:00,15549,813972,16420.000000000000000,429726,,,15549,813972,16420,429726,31969,1243610
73,2/24/2021 15:00:00,17933,831905,25114.000000000000000,454840,,,17933,831905,25114,454840,43047,1286657
74,2/25/2021 15:00:00,20366,852271,26833.000000000000000,481673,,,20366,852271,26833,481673,47199,1333856
75,2/26/2021 15:00:00,26779,879050,26383.000000000000000,508056,,,26779,879050,26383,508056,53162,1387018
76,2/27/2021 15:00:00,16071,895121,11656.000000000000000,519712,,,16071,895121,11656,519712,27727,1414745
77,2/28/2021 15:00:00,15477,910598,4779.000000000000000,524491,,,15477,910598,4779,524491,20256,1435001
78,3/1/2021 15:00:00,25564,936162,12348.000000000000000,536839,,,25564,936162,12348,536839,37912,1472913
79,3/2/2021 15:00:00,23926,960088,13245.000000000000000,550084,29.000000000000000,29.000000000000000,23955,960117,13274,550113,37200,1510113
80,3/3/2021 15:00:00,30118,990206,18302.000000000000000,568386,168.000000000000000,197.000000000000000,30286,990403,18470,568583,48588,1558701
81,3/4/2021 15:00:00,31010,1021216,18059.000000000000000,586445,4061.000000000000000,4258.000000000000000,35071,1025474,22120,590703,53130,1611831
82,3/5/2021 15:00:00,29478,1050694,19300.000000000000000,605745,4901.000000000000000,9159.000000000000000,34379,1059853,24201,614904,53679,1665510
83,3/6/2021 15:00:00,17718,1068412,8878.000000000000000,614623,5983.000000000000000,15142.000000000000000,23701,1083554,14861,629765,32579,1698089
84,3/7/2021 15:00:00,12048,1080460,4771.000000000000000,619394,6609.000000000000000,21751.000000000000000,18657,1102211,11380,641145,23428,1721517
85,3/8/2021 15:00:00,26126,1106586,8694.000000000000000,628088,8280.000000000000000,30031.000000000000000,34406,1136617,16974,658119,43100,1764617
86,3/9/2021 15:00:00,26346,1132932,15310.000000000000000,643398,8340.000000000000000,38371.000000000000000,34686,1171303,23650,681769,49996,1814613
87,3/10/2021 15:00:00,30068,1163000,15836.000000000000000,659234,7936.000000000000000,46307.000000000000000,38004,1209307,23772,705541,53840,1868453
88,3/11/2021 15:00:00,36149,1199149,16331.000000000000000,675565,4032.000000000000000,50339.000000000000000,40181,1249488,20363,725904,56512,1924965
89,3/12/2021 15:00:00,37124,1236273,17943.000000000000000,693508,2917.000000000000000,53256.000000000000000,40041,1289529,20860,746764,57984,1982949
90,3/13/2021 15:00:00,22560,1258833,10163.000000000000000,703671,1594.000000000000000,54850.000000000000000,24154,1313683,11757,758521,34317,2017266
91,3/14/2021 15:00:00,17830,1276663,6630.000000000000000,710301,990.000000000000000,55840.000000000000000,18820,1332503,7620,766141,25450,2042716
92,3/15/2021 15:00:00,29925,1306588,11264.000000000000000,721565,589.000000000000000,56429.000000000000000,30514,1363017,11853,777994,41778,2084494
93,3/16/2021 15:00:00,33563,1340151,13477.000000000000000,735042,764.000000000000000,57193.000000000000000,34327,1397344,14241,792235,47804,2132298
94,3/17/2021 15:00:00,37684,1377835,16907.000000000000000,751949,1179.000000000000000,58372.000000000000000,38863,1436207,18086,810321,55770,2188068
95,3/18/2021 15:00:00,41421,1419256,12540.000000000000000,764489,1351.000000000000000,59723.000000000000000,42772,1478979,13891,824212,55312,2243380
96,3/19/2021 15:00:00,38251,1457507,15530.000000000000000,780019,1041.000000000000000,60764.000000000000000,39292,1518271,16571,840783,54822,2298202
97,3/20/2021 15:00:00,24474,1481981,9963.000000000000000,789982,1117.000000000000000,61881.000000000000000,25591,1543862,11080,851863,35554,2333756
98,3/21/2021 15:00:00,19102,1501083,7753.000000000000000,797735,326.000000000000000,62207.000000000000000,19428,1563290,8079,859942,27181,2360937
99,3/22/2021 15:00:00,32568,1533651,11551.000000000000000,809286,826.000000000000000,63033.000000000000000,33394,1596684,12377,872319,44945,2405882
100,3/23/2021 15:00:00,37769,1571420,17386.000000000000000,826672,1540.000000000000000,64573.000000000000000,39309,1635993,18926,891245,56695,2462577
101,3/24/2021 15:00:00,41139,1612559,21081.000000000000000,847753,1370.000000000000000,65943.000000000000000,42509,1678502,22451,913696,63590,2526167
102,3/25/2021 15:00:00,42449,1655008,20947.000000000000000,868700,2514.000000000000000,68457.000000000000000,44963,1723465,23461,937157,65910,2592077
103,3/26/2021 15:00:00,36577,1691585,26400.000000000000000,895100,2499.000000000000000,70956.000000000000000,39076,1762541,28899,966056,65476,2657553
104,3/27/2021 15:00:00,27814,1719399,16820.000000000000000,911920,2765.000000000000000,73721.000000000000000,30579,1793120,19585,985641,47399,2704952
105,3/28/2021 15:00:00,17000,1736399,12543.000000000000000,924463,1612.000000000000000,75333.000000000000000,18612,1811732,14155,999796,31155,2736107
106,3/29/2021 15:00:00,29731,1766130,26444.000000000000000,950907,1134.000000000000000,76467.000000000000000,30865,1842597,27578,1027374,57309,2793416
107,3/30/2021 15:00:00,40056,1806186,29074.000000000000000,979981,1848.000000000000000,78315.000000000000000,41904,1884501,30922,1058296,70978,2864394
108,3/31/2021 15:00:00,41049,1847235,34758.000000000000000,1014739,5740.000000000000000,84055.000000000000000,46789,1931290,40498,1098794,81547,2945941
109,4/1/2021 15:00:00,40342,1887577,39495.000000000000000,1054234,5584.000000000000000,89639.000000000000000,45926,1977216,45079,1143873,85421,3031362
110,4/2/2021 15:00:00,34899,1922476,32646.000000000000000,1086880,6079.000000000000000,95718.000000000000000,40978,2018194,38725,1182598,73624,3104986
111,4/3/2021 15:00:00,21556,1944032,18585.000000000000000,1105465,4424.000000000000000,100142.000000000000000,25980,2044174,23009,1205607,44565,3149551
112,4/4/2021 15:00:00,8264,1952296,10125.000000000000000,1115590,956.000000000000000,101098.000000000000000,9220,2053394,11081,1216688,19345,3168896
113,4/5/2021 15:00:00,27934,1980230,28992.000000000000000,1144582,6631.000000000000000,107729.000000000000000,34565,2087959,35623,1252311,63557,3232453
114,4/6/2021 15:00:00,39858,2020088,30502.000000000000000,1175084,10468.000000000000000,118197.000000000000000,50326,2138285,40970,1293281,80828,3313281
115,4/7/2021 15:00:00,36138,2056226,34170.000000000000000,1209254,12936.000000000000000,131133.000000000000000,49074,2187359,47106,1340387,83244,3396525
116,4/8/2021 15:00:00,42400,2098626,35988.000000000000000,1245242,13853.000000000000000,144986.000000000000000,56253,2243612,49841,1390228,92241,3488766
117,4/9/2021 15:00:00,34097,2132723,36304.000000000000000,1281546,14487.000000000000000,159473.000000000000000,48584,2292196,50791,1441019,84888,3573654
118,4/10/2021 15:00:00,23993,2156716,22955.000000000000000,1304501,7615.000000000000000,167088.000000000000000,31608,2323804,30570,1471589,54563,3628217
119,4/11/2021 15:00:00,17543,2174259,13229.000000000000000,1317730,10618.000000000000000,177706.000000000000000,28161,2351965,23847,1495436,41390,3669607
120,4/12/2021 15:00:00,24680,2198939,33100.000000000000000,1350830,10933.000000000000000,188639.000000000000000,35613,2387578,44033,1539469,68713,3738320
121,4/13/2021 15:00:00,126911,2325850,90628.000000000000000,1441458,3292.000000000000000,191931.000000000000000,130203,2517781,93920,1633389,220831,3959151
122,4/14/2021 15:00:00,40805,2366655,37803.000000000000000,1479261,207.000000000000000,192138.000000000000000,41012,2558793,38010,1671399,78815,4037966
123,4/15/2021 15:00:00,41827,2408482,39144.000000000000000,1518405,169.000000000000000,192307.000000000000000,41996,2600789,39313,1710712,81140,4119106
124,4/16/2021 15:00:00,37340,2445822,38704.000000000000000,1557109,22.000000000000000,192329.000000000000000,37362,2638151,38726,1749438,76066,4195172
125,4/17/2021 15:00:00,32981,2478803,21898.000000000000000,1579007,11.000000000000000,192340.000000000000000,32992,2671143,21909,1771347,54890,4250062
126,4/18/2021 15:00:00,20007,2498810,16124.000000000000000,1595131,4.000000000000000,192344.000000000000000,20011,2691154,16128,1787475,36135,4286197
127,4/19/2021 15:00:00,29951,2528761,36498.000000000000000,1631629,61.000000000000000,192405.000000000000000,30012,2721166,36559,1824034,66510,4352707
128,4/20/2021 15:00:00,33096,2561857,44052.000000000000000,1675681,54.000000000000000,192459.000000000000000,33150,2754316,44106,1868140,77202,4429909
129,4/21/2021 15:00:00,39789,2601646,46828.000000000000000,1722509,20.000000000000000,192479.000000000000000,39809,2794125,46848,1914988,86637,4516546
130,4/22/2021 15:00:00,36408,2638054,41828.000000000000000,1764337,16.000000000000000,192495.000000000000000,36424,2830549,41844,1956832,78252,4594798
131,4/23/2021 15:00:00,33130,2671184,39914.000000000000000,1804251,12.000000000000000,192507.000000000000000,33142,2863691,39926,1996758,73056,4667854
132,4/24/2021 15:00:00,26348,2697532,28535.000000000000000,1832786,80.000000000000000,192587.000000000000000,26428,2890119,28615,2025373,54963,4722817
133,4/25/2021 15:00:00,20186,2717718,10875.000000000000000,1843661,30.000000000000000,192617.000000000000000,20216,2910335,10905,2036278,31091,4753908
134,4/26/2021 15:00:00,27402,2745120,32700.000000000000000,1876361,203.000000000000000,192820.000000000000000,27605,2937940,32903,2069181,60305,4814213
135,4/27/2021 15:00:00,26708,2771828,32966.000000000000000,1909327,1094.000000000000000,193914.000000000000000,27802,2965742,34060,2103241,60768,4874981
136,4/28/2021 15:00:00,28972,2800800,39449.000000000000000,1948776,1359.000000000000000,195273.000000000000000,30331,2996073,40808,2144049,69780,4944761
137,4/29/2021 15:00:00,27386,2828186,39322.000000000000000,1988098,1463.000000000000000,196736.000000000000000,28849,3024922,40785,2184834,68171,5012932
138,4/30/2021 15:00:00,28183,2856369,32033.000000000000000,2020131,1637.000000000000000,198373.000000000000000,29820,3054742,33670,2218504,61853,5074785
139,5/1/2021 15:00:00,20206,2876575,26534.000000000000000,2046665,1006.000000000000000,199379.000000000000000,21212,3075954,27540,2246044,47746,5122531
140,5/2/2021 15:00:00,10245,2886820,16974.000000000000000,2063639,818.000000000000000,200197.000000000000000,11063,3087017,17792,2263836,28037,5150568
141,5/3/2021 15:00:00,13054,2899874,29678.000000000000000,2093317,1914.000000000000000,202111.000000000000000,14968,3101985,31592,2295428,44646,5195214
142,5/4/2021 15:00:00,14204,2914078,39443.000000000000000,2132760,1730.000000000000000,203841.000000000000000,15934,3117919,41173,2336601,55377,5250591
143,5/5/2021 15:00:00,19296,2933374,37705.000000000000000,2170465,1913.000000000000000,205754.000000000000000,21209,3139128,39618,2376219,58914,5309505
144,5/6/2021 15:00:00,16976,2950350,40504.000000000000000,2210969,1709.000000000000000,207463.000000000000000,18685,3157813,42213,2418432,59189,5368694
145,5/7/2021 15:00:00,17402,2967752,35959.000000000000000,2246928,1952.000000000000000,209415.000000000000000,19354,3177167,37911,2456343,55313,5424007
146,5/8/2021 15:00:00,10772,2978524,31113.000000000000000,2278041,1291.000000000000000,210706.000000000000000,12063,3189230,32404,2488747,43176,5467183
147,5/9/2021 15:00:00,5048,2983572,11853.000000000000000,2289894,695.000000000000000,211401.000000000000000,5743,3194973,12548,2501295,17596,5484779
148,5/10/2021 15:00:00,8933,2992505,31087.000000000000000,2320981,1358.000000000000000,212759.000000000000000,10291,3205264,32445,2533740,41378,5526157
149,5/11/2021 15:00:00,12187,3004692,30253.000000000000000,2351234,1443.000000000000000,214202.000000000000000,13630,3218894,31696,2565436,43883,5570040
150,5/12/2021 15:00:00,13916,3018608,38508.000000000000000,2389742,1909.000000000000000,216111.000000000000000,15825,3234719,40417,2605853,54333,5624373
151,5/13/2021 15:00:00,21808,3040416,33366.000000000000000,2423108,1353.000000000000000,217464.000000000000000,23161,3257880,34719,2640572,56527,5680900
152,5/14/2021 15:00:00,24317,3064733,29928.000000000000000,2453036,1770.000000000000000,219234.000000000000000,26087,3283967,31698,2672270,56015,5736915
153,5/15/2021 15:00:00,21839,3086572,24973.000000000000000,2478009,1530.000000000000000,220764.000000000000000,23369,3307336,26503,2698773,48342,5785257
154,5/16/2021 15:00:00,9053,3095625,17483.000000000000000,2495492,1112.000000000000000,221876.000000000000000,10165,3317501,18595,2717368,27648,5812905
155,5/17/2021 15:00:00,16831,3112456,28345.000000000000000,2523837,1947.000000000000000,223823.000000000000000,18778,3336279,30292,2747660,47123,5860028
156,5/18/2021 15:00:00,21248,3133704,30659.000000000000000,2554496,1943.000000000000000,225766.000000000000000,23191,3359470,32602,2780262,53850,5913878
157,5/19/2021 15:00:00,27566,3161270,32327.000000000000000,2586823,1622.000000000000000,227388.000000000000000,29188,3388658,33949,2814211,61515,5975393
158,5/20/2021 15:00:00,20777,3182047,33226.000000000000000,2620049,1962.000000000000000,229350.000000000000000,22739,3411397,35188,2849399,55965,6031358
159,5/21/2021 15:00:00,19140,3201187,30182.000000000000000,2650231,1611.000000000000000,230961.000000000000000,20751,3432148,31793,2881192,50933,6082291
160,5/22/2021 15:00:00,16876,3218063,20569.000000000000000,2670800,1270.000000000000000,232231.000000000000000,18146,3450294,21839,2903031,38715,6121006
161,5/23/2021 15:00:00,8744,3226807,11386.000000000000000,2682186,959.000000000000000,233190.000000000000000,9703,3459997,12345,2915376,21089,6142095
162,5/24/2021 15:00:00,13448,3240255,17835.000000000000000,2700021,1479.000000000000000,234669.000000000000000,14927,3474924,19314,2934690,32762,6174857
163,5/25/2021 15:00:00,12888,3253143,18753.000000000000000,2718774,1328.000000000000000,235997.000000000000000,14216,3489140,20081,2954771,32969,6207826
164,5/26/2021 15:00:00,18254,3271397,19410.000000000000000,2738184,1510.000000000000000,237507.000000000000000,19764,3508904,20920,2975691,39174,6247000
165,5/27/2021 15:00:00,11671,3283068,18606.000000000000000,2756790,1131.000000000000000,238638.000000000000000,12802,3521706,19737,2995428,31408,6278408
166,5/28/2021 15:00:00,12486,3295554,19701.000000000000000,2776491,1401.000000000000000,240039.000000000000000,13887,3535593,21102,3016530,33588,6311996
167,5/29/2021 15:00:00,9537,3305091,11593.000000000000000,2788084,936.000000000000000,240975.000000000000000,10473,3546066,12529,3029059,22066,6334062
168,5/30/2021 15:00:00,4892,3309983,6458.000000000000000,2794542,596.000000000000000,241571.000000000000000,5488,3551554,7054,3036113,11946,6346008
169,5/31/2021 15:00:00,1769,3311752,3675.000000000000000,2798217,305.000000000000000,241876.000000000000000,2074,3553628,3980,3040093,5749,6351757
170,6/1/2021 15:00:00,9342,3321094,16525.000000000000000,2814742,1139.000000000000000,243015.000000000000000,10481,3564109,17664,3057757,27006,6378763
171,6/2/2021 15:00:00,10125,3331219,16779.000000000000000,2831521,957.000000000000000,243972.000000000000000,11082,3575191,17736,3075493,27861,6406624
172,6/3/2021 15:00:00,7885,3339104,21146.000000000000000,2852667,1083.000000000000000,245055.000000000000000,8968,3584159,22229,3097722,30114,6436738
173,6/4/2021 15:00:00,8215,3347319,22139.000000000000000,2874806,1124.000000000000000,246179.000000000000000,9339,3593498,23263,3120985,31478,6468216
174,6/5/2021 15:00:00,6980,3354299,19352.000000000000000,2894158,718.000000000000000,246897.000000000000000,7698,3601196,20070,3141055,27050,6495266
175,6/6/2021 15:00:00,3468,3357767,7170.000000000000000,2901328,418.000000000000000,247315.000000000000000,3886,3605082,7588,3148643,11056,6506322
176,6/7/2021 15:00:00,6817,3364584,15689.000000000000000,2917017,726.000000000000000,248041.000000000000000,7543,3612625,16415,3165058,23232,6529554
177,6/8/2021 15:00:00,6675,3371259,19678.000000000000000,2936695,816.000000000000000,248857.000000000000000,7491,3620116,20494,3185552,27169,6556723
178,6/9/2021 15:00:00,8196,3379455,23820.000000000000000,2960515,968.000000000000000,249825.000000000000000,9164,3629280,24788,3210340,32984,6589707
179,6/10/2021 15:00:00,7161,3386616,19049.000000000000000,2979564,897.000000000000000,250722.000000000000000,8058,3637338,19946,3230286,27107,6616814
180,6/11/2021 15:00:00,7433,3394049,17651.000000000000000,2997215,1125.000000000000000,251847.000000000000000,8558,3645896,18776,3249062,26209,6643023
181,6/12/2021 15:00:00,5236,3399285,14663.000000000000000,3011878,602.000000000000000,252449.000000000000000,5838,3651734,15265,3264327,20501,6663524
182,6/13/2021 15:00:00,1930,3401215,7547.000000000000000,3019425,426.000000000000000,252875.000000000000000,2356,3654090,7973,3272300,9903,6673427
183,6/14/2021 15:00:00,5655,3406870,11765.000000000000000,3031190,724.000000000000000,253599.000000000000000,6379,3660469,12489,3284789,18144,6691571
184,6/15/2021 15:00:00,5629,3412499,14292.000000000000000,3045482,857.000000000000000,254456.000000000000000,6486,3666955,15149,3299938,20778,6712349
185,6/16/2021 15:00:00,8708,3421207,21468.000000000000000,3066950,752.000000000000000,255208.000000000000000,9460,3676415,22220,3322158,30928,6743277
186,6/17/2021 15:00:00,6667,3427874,12341.000000000000000,3079291,720.000000000000000,255928.000000000000000,7387,3683802,13061,3335219,19728,6763005
187,6/18/2021 15:00:00,6836,3434710,12608.000000000000000,3091899,694.000000000000000,256622.000000000000000,7530,3691332,13302,3348521,20138,6783143
188,6/19/2021 15:00:00,4660,3439370,9331.000000000000000,3101230,614.000000000000000,257236.000000000000000,5274,3696606,9945,3358466,14605,6797748
189,6/20/2021 15:00:00,2499,3441869,5017.000000000000000,3106247,377.000000000000000,257613.000000000000000,2876,3699482,5394,3363860,7893,6805641
190,6/21/2021 15:00:00,5533,3447402,5288.000000000000000,3111535,635.000000000000000,258248.000000000000000,6168,3705650,5923,3369783,11456,6817097
191,6/22/2021 15:00:00,5180,3452582,8835.000000000000000,3120370,681.000000000000000,258929.000000000000000,5861,3711511,9516,3379299,14696,6831793
192,6/23/2021 15:00:00,6047,3458629,10251.000000000000000,3130621,641.000000000000000,259570.000000000000000,6688,3718199,10892,3390191,16939,6848732
193,6/24/2021 15:00:00,5918,3464547,8163.000000000000000,3138784,589.000000000000000,260159.000000000000000,6507,3724706,8752,3398943,14670,6863402
194,6/25/2021 15:00:00,5805,3470352,8569.000000000000000,3147353,620.000000000000000,260779.000000000000000,6425,3731131,9189,3408132,14994,6878396
195,6/26/2021 15:00:00,3694,3474046,6251.000000000000000,3153604,392.000000000000000,261171.000000000000000,4086,3735217,6643,3414775,10337,6888733
196,6/27/2021 15:00:00,2790,3476836,3524.000000000000000,3157128,182.000000000000000,261353.000000000000000,2972,3738189,3706,3418481,6496,6895229
197,6/28/2021 15:00:00,4719,3481555,6063.000000000000000,3163191,521.000000000000000,261874.000000000000000,5240,3743429,6584,3425065,11303,6906532
198,6/29/2021 15:00:00,5047,3486602,6478.000000000000000,3169669,517.000000000000000,262391.000000000000000,5564,3748993,6995,3432060,12042,6918574
199,6/30/2021 15:00:00,5588,3492190,7382.000000000000000,3177051,604.000000000000000,262995.000000000000000,6192,3755185,7986,3440046,13574,6932148
200,7/1/2021 15:00:00,5246,3497436,6883.000000000000000,3183934,484.000000000000000,263479.000000000000000,5730,3760915,7367,3447413,12613,6944761
201,7/2/2021 15:00:00,5259,3502695,6799.000000000000000,3190733,515.000000000000000,263994.000000000000000,5774,3766689,7314,3454727,12573,6957334
202,7/3/2021 15:00:00,3250,3505945,4055.000000000000000,3194788,260.000000000000000,264254.000000000000000,3510,3770199,4315,3459042,7565,6964899
203,7/4/2021 15:00:00,499,3506444,538.000000000000000,3195326,66.000000000000000,264320.000000000000000,565,3770764,604,3459646,1103,6966002
204,7/5/2021 15:00:00,3738,3510182,3947.000000000000000,3199273,280.000000000000000,264600.000000000000000,4018,3774782,4227,3463873,7965,6973967
205,7/6/2021 15:00:00,4459,3514641,6193.000000000000000,3205466,447.000000000000000,265047.000000000000000,4906,3779688,6640,3470513,11099,6985066
206,7/7/2021 15:00:00,4446,3519087,6336.000000000000000,3211802,477.000000000000000,265524.000000000000000,4923,3784611,6813,3477326,11259,6996325
207,7/8/2021 15:00:00,4823,3523910,6094.000000000000000,3217896,561.000000000000000,266085.000000000000000,5384,3789995,6655,3483981,11478,7007803
208,7/9/2021 15:00:00,5322,3529232,6597.000000000000000,3224493,569.000000000000000,266654.000000000000000,5891,3795886,7166,3491147,12488,7020291
209,7/10/2021 15:00:00,3518,3532750,4361.000000000000000,3228854,301.000000000000000,266955.000000000000000,3819,3799705,4662,3495809,8180,7028471
210,7/11/2021 15:00:00,2656,3535406,2545.000000000000000,3231399,221.000000000000000,267176.000000000000000,2877,3802582,2766,3498575,5422,7033893
211,7/12/2021 15:00:00,4399,3539805,5089.000000000000000,3236488,373.000000000000000,267549.000000000000000,4772,3807354,5462,3504037,9861,7043754
212,7/13/2021 15:00:00,4734,3544539,4555.000000000000000,3241043,358.000000000000000,267907.000000000000000,5092,3812446,4913,3508950,9647,7053401
213,7/14/2021 15:00:00,4592,3549131,5207.000000000000000,3246250,417.000000000000000,268324.000000000000000,5009,3817455,5624,3514574,10216,7063617
214,7/15/2021 15:00:00,4860,3553991,4939.000000000000000,3251189,355.000000000000000,268679.000000000000000,5215,3822670,5294,3519868,10154,7073771
215,7/16/2021 15:00:00,6257,3560248,5785.000000000000000,3256974,399.000000000000000,269078.000000000000000,6656,3829326,6184,3526052,12441,7086212
216,7/17/2021 15:00:00,3402,3563650,3534.000000000000000,3260508,298.000000000000000,269376.000000000000000,3700,3833026,3832,3529884,7234,7093446
217,7/18/2021 15:00:00,2302,3565952,2363.000000000000000,3262871,107.000000000000000,269483.000000000000000,2409,3835435,2470,3532354,4772,7098218
218,7/19/2021 15:00:00,5211,3571163,4452.000000000000000,3267323,371.000000000000000,269854.000000000000000,5582,3841017,4823,3537177,10034,7108252
219,7/20/2021 15:00:00,5314,3576477,4661.000000000000000,3271984,365.000000000000000,270219.000000000000000,5679,3846696,5026,3542203,10340,7118592
220,7/21/2021 15:00:00,5592,3582069,4901.000000000000000,3276885,410.000000000000000,270629.000000000000000,6002,3852698,5311,3547514,10903,7129495
221,7/22/2021 15:00:00,5981,3588050,4611.000000000000000,3281496,401.000000000000000,271030.000000000000000,6382,3859080,5012,3552526,10993,7140488
222,7/23/2021 15:00:00,6810,3594860,4836.000000000000000,3286332,484.000000000000000,271514.000000000000000,7294,3866374,5320,3557846,12130,7152618
223,7/24/2021 15:00:00,4259,3599119,3183.000000000000000,3289515,265.000000000000000,271779.000000000000000,4524,3870898,3448,3561294,7707,7160325
224,7/25/2021 15:00:00,3281,3602400,1132.000000000000000,3290647,139.000000000000000,271918.000000000000000,3420,3874318,1271,3562565,4552,7164877
225,7/26/2021 15:00:00,6172,3608572,3891.000000000000000,3294538,410.000000000000000,272328.000000000000000,6582,3880900,4301,3566866,10473,7175350
226,7/27/2021 15:00:00,6328,3614900,4044.000000000000000,3298582,449.000000000000000,272777.000000000000000,6777,3887677,4493,3571359,10821,7186171
227,7/28/2021 15:00:00,6751,3621651,3988.000000000000000,3302570,453.000000000000000,273230.000000000000000,7204,3894881,4441,3575800,11192,7197363
228,7/29/2021 15:00:00,6771,3628422,4128.000000000000000,3306698,409.000000000000000,273639.000000000000000,7180,3902061,4537,3580337,11308,7208671
229,7/30/2021 15:00:00,7439,3635861,4489.000000000000000,3311187,514.000000000000000,274153.000000000000000,7953,3910014,5003,3585340,12442,7221113
230,7/31/2021 15:00:00,4686,3640547,3005.000000000000000,3314192,269.000000000000000,274422.000000000000000,4955,3914969,3274,3588614,7960,7229073
231,8/1/2021 15:00:00,3704,3644251,2067.000000000000000,3316259,151.000000000000000,274573.000000000000000,3855,3918824,2218,3590832,5922,7234995
232,8/2/2021 15:00:00,6952,3651203,3621.000000000000000,3319880,332.000000000000000,274905.000000000000000,7284,3926108,3953,3594785,10905,7245900
233,8/3/2021 15:00:00,6932,3658135,3864.000000000000000,3323744,500.000000000000000,275405.000000000000000,7432,3933540,4364,3599149,11296,7257196
234,8/4/2021 15:00:00,7144,3665279,3878.000000000000000,3327622,521.000000000000000,275926.000000000000000,7665,3941205,4399,3603548,11543,7268739
235,8/5/2021 15:00:00,7606,3672885,4104.000000000000000,3331726,533.000000000000000,276459.000000000000000,8139,3949344,4637,3608185,12243,7280982
236,8/6/2021 15:00:00,8232,3681117,4673.000000000000000,3336399,439.000000000000000,276898.000000000000000,8671,3958015,5112,3613297,13344,7294326
237,8/7/2021 15:00:00,5209,3686326,2778.000000000000000,3339177,260.000000000000000,277158.000000000000000,5469,3963484,3038,3616335,8247,7302573
238,8/8/2021 15:00:00,3909,3690235,2042.000000000000000,3341219,140.000000000000000,277298.000000000000000,4049,3967533,2182,3618517,6091,7308664
239,8/9/2021 15:00:00,6891,3697126,4484.000000000000000,3345703,358.000000000000000,277656.000000000000000,7249,3974782,4842,3623359,11733,7320397
240,8/10/2021 15:00:00,7040,3704166,4417.000000000000000,3350120,334.000000000000000,277990.000000000000000,7374,3982156,4751,3628110,11791,7332188
241,8/11/2021 15:00:00,6976,3711142,4387.000000000000000,3354507,456.000000000000000,278446.000000000000000,7432,3989588,4843,3632953,11819,7344007
242,8/12/2021 15:00:00,8526,3719668,4669.000000000000000,3359176,436.000000000000000,278882.000000000000000,8962,3998550,5105,3638058,13631,7357638
243,8/13/2021 15:00:00,7027,3726695,5298.000000000000000,3364474,356.000000000000000,279238.000000000000000,7383,4005933,5654,3643712,12681,7370319
244,8/14/2021 15:00:00,4844,3731539,3299.000000000000000,3367773,256.000000000000000,279494.000000000000000,5100,4011033,3555,3647267,8399,7378718
245,8/15/2021 15:00:00,3259,3734798,2701.000000000000000,3370474,161.000000000000000,279655.000000000000000,3420,4014453,2862,3650129,6121,7384839
246,8/16/2021 15:00:00,5349,3740147,5039.000000000000000,3375513,341.000000000000000,279996.000000000000000,5690,4020143,5380,3655509,10729,7395568
247,8/17/2021 15:00:00,6872,3747019,5140.000000000000000,3380653,381.000000000000000,280377.000000000000000,7253,4027396,5521,3661030,12393,7407961
248,8/18/2021 15:00:00,6414,3753433,5226.000000000000000,3385879,468.000000000000000,280845.000000000000000,6882,4034278,5694,3666724,12108,7420069
249,8/19/2021 15:00:00,5914,3759347,5266.000000000000000,3391145,408.000000000000000,281253.000000000000000,6322,4040600,5674,3672398,11588,7431657
250,8/20/2021 15:00:00,6894,3766241,6247.000000000000000,3397392,401.000000000000000,281654.000000000000000,7295,4047895,6648,3679046,13542,7445199
251,8/21/2021 15:00:00,4237,3770478,3875.000000000000000,3401267,222.000000000000000,281876.000000000000000,4459,4052354,4097,3683143,8334,7453533
252,8/22/2021 15:00:00,3003,3773481,3088.000000000000000,3404355,108.000000000000000,281984.000000000000000,3111,4055465,3196,3686339,6199,7459732
253,8/23/2021 15:00:00,6099,3779580,5838.000000000000000,3410193,281.000000000000000,282265.000000000000000,6380,4061845,6119,3692458,12218,7471950
254,8/24/2021 15:00:00,6506,3786086,5777.000000000000000,3415970,432.000000000000000,282697.000000000000000,6938,4068783,6209,3698667,12715,7484665
255,8/25/2021 15:00:00,6783,3792869,5896.000000000000000,3421866,411.000000000000000,283108.000000000000000,7194,4075977,6307,3704974,13090,7497755
256,8/26/2021 15:00:00,7050,3799919,6292.000000000000000,3428158,411.000000000000000,283519.000000000000000,7461,4083438,6703,3711677,13753,7511508
257,8/27/2021 15:00:00,6704,3806623,6865.000000000000000,3435023,304.000000000000000,283823.000000000000000,7008,4090446,7169,3718846,13873,7525381
258,8/28/2021 15:00:00,6800,3813423,6393.000000000000000,3441416,313.000000000000000,284136.000000000000000,7113,4097559,6706,3725552,13506,7538887
259,8/29/2021 15:00:00,3689,3817112,3602.000000000000000,3445018,608.000000000000000,284744.000000000000000,4297,4101856,4210,3729762,7899,7546786
260,8/30/2021 15:00:00,5858,3822970,6015.000000000000000,3451033,947.000000000000000,285691.000000000000000,6805,4108661,6962,3736724,12820,7559606
261,8/31/2021 15:00:00,5598,3828568,5835.000000000000000,3456868,941.000000000000000,286632.000000000000000,6539,4115200,6776,3743500,12374,7571980
262,9/1/2021 15:00:00,5359,3833927,5491.000000000000000,3462359,875.000000000000000,287507.000000000000000,6234,4121434,6366,3749866,11725,7583705
263,9/2/2021 15:00:00,5422,3839349,5759.000000000000000,3468118,694.000000000000000,288201.000000000000000,6116,4127550,6453,3756319,11875,7595580
264,9/3/2021 15:00:00,5869,3845218,6774.000000000000000,3474892,959.000000000000000,289160.000000000000000,6828,4134378,7733,3764052,13602,7609182
265,9/4/2021 15:00:00,3660,3848878,4241.000000000000000,3479133,874.000000000000000,290034.000000000000000,4534,4138912,5115,3769167,8775,7617957
266,9/5/2021 15:00:00,2808,3851686,2727.000000000000000,3481860,105.000000000000000,290139.000000000000000,2913,4141825,2832,3771999,5640,7623597
267,9/6/2021 15:00:00,1019,3852705,1096.000000000000000,3482956,55.000000000000000,290194.000000000000000,1074,4142899,1151,3773150,2170,7625767
268,9/7/2021 15:00:00,5142,3857847,7063.000000000000000,3490019,2277.000000000000000,292471.000000000000000,7419,4150318,9340,3782490,14482,7640249
269,9/8/2021 15:00:00,4581,3862428,5352.000000000000000,3495371,359.000000000000000,292830.000000000000000,4940,4155258,5711,3788201,10292,7650541
270,9/9/2021 15:00:00,4926,3867354,5204.000000000000000,3500575,310.000000000000000,293140.000000000000000,5236,4160494,5514,3793715,10440,7660981
271,9/10/2021 15:00:00,6266,3873620,6327.000000000000000,3506902,1669.000000000000000,294809.000000000000000,7935,4168429,7996,3801711,14262,7675243
272,9/11/2021 15:00:00,3892,3877512,4160.000000000000000,3511062,644.000000000000000,295453.000000000000000,4536,4172965,4804,3806515,8696,7683939
273,9/12/2021 15:00:00,2935,3880447,3112.000000000000000,3514174,421.000000000000000,295874.000000000000000,3356,4176321,3533,3810048,6468,7690407
274,9/13/2021 15:00:00,4212,3884659,4249.000000000000000,3518423,319.000000000000000,296193.000000000000000,4531,4180852,4568,3814616,8780,7699187
275,9/14/2021 15:00:00,1649,3886308,1890.000000000000000,3520313,320.000000000000000,296513.000000000000000,1969,4182821,2210,3816826,3859,7703046