OBJECTID,VACCINATION_DATE,FirstDailyDose,FirstDoseCumulative,SecondDailyDose,SecondDoseCumulative,SingleDailyDose,SingleDoseCumulative,AtleastOneVaccine,AtleastOneVaccineCumulative,CompletedVax,CompletedVaxCumulative,FirstSecondSingleVaccination_12,FirstSecondSingleVaccination_13
1,12/14/2020 15:00:00,19,1342,,516,,,19,1342,0,516,19,1753
2,12/15/2020 15:00:00,59,1401,3.000000000000000,519,,,59,1401,3,519,62,1815
3,12/16/2020 15:00:00,588,1989,5.000000000000000,524,,,588,1989,5,524,593,2408
4,12/17/2020 15:00:00,1154,3143,5.000000000000000,529,,,1154,3143,5,529,1159,3567
5,12/18/2020 15:00:00,3012,6155,13.000000000000000,542,,,3012,6155,13,542,3025,6592
6,12/19/2020 15:00:00,929,7084,5.000000000000000,547,,,929,7084,5,547,934,7526
7,12/20/2020 15:00:00,360,7444,5.000000000000000,552,,,360,7444,5,552,365,7891
8,12/21/2020 15:00:00,3883,11327,26.000000000000000,578,,,3883,11327,26,578,3909,11800
9,12/22/2020 15:00:00,6318,17645,26.000000000000000,604,,,6318,17645,26,604,6344,18144
10,12/23/2020 15:00:00,5774,23419,35.000000000000000,639,,,5774,23419,35,639,5809,23953
11,12/24/2020 15:00:00,2722,26141,16.000000000000000,655,,,2722,26141,16,655,2738,26691
12,12/25/2020 15:00:00,1034,27175,4.000000000000000,659,,,1034,27175,4,659,1038,27729
13,12/26/2020 15:00:00,1882,29057,9.000000000000000,668,,,1882,29057,9,668,1891,29620
14,12/27/2020 15:00:00,1803,30860,10.000000000000000,678,,,1803,30860,10,678,1813,31433
15,12/28/2020 15:00:00,8981,39841,47.000000000000000,725,,,8981,39841,47,725,9028,40461
16,12/29/2020 15:00:00,10959,50800,50.000000000000000,775,,,10959,50800,50,775,11009,51470
17,12/30/2020 15:00:00,12487,63287,87.000000000000000,862,,,12487,63287,87,862,12574,64044
18,12/31/2020 15:00:00,7550,70837,45.000000000000000,907,,,7550,70837,45,907,7595,71639
19,1/1/2021 15:00:00,3200,74037,136.000000000000000,1043,,,3200,74037,136,1043,3336,74975
20,1/2/2021 15:00:00,3035,77072,34.000000000000000,1077,,,3035,77072,34,1077,3069,78044
21,1/3/2021 15:00:00,3404,80476,81.000000000000000,1158,,,3404,80476,81,1158,3485,81529
22,1/4/2021 15:00:00,13350,93826,331.000000000000000,1489,,,13350,93826,331,1489,13681,95210
23,1/5/2021 15:00:00,12467,106293,543.000000000000000,2032,,,12467,106293,543,2032,13010,108220
24,1/6/2021 15:00:00,15244,121537,858.000000000000000,2890,,,15244,121537,858,2890,16102,124322
25,1/7/2021 15:00:00,15018,136555,1763.000000000000000,4653,,,15018,136555,1763,4653,16781,141103
26,1/8/2021 15:00:00,24009,160564,2775.000000000000000,7428,,,24009,160564,2775,7428,26784,167887
27,1/9/2021 15:00:00,5165,165729,951.000000000000000,8379,,,5165,165729,951,8379,6116,174003
28,1/10/2021 15:00:00,2966,168695,381.000000000000000,8760,,,2966,168695,381,8760,3347,177350
29,1/11/2021 15:00:00,13717,182412,3467.000000000000000,12227,,,13717,182412,3467,12227,17184,194534
30,1/12/2021 15:00:00,17377,199789,5586.000000000000000,17813,,,17377,199789,5586,17813,22963,217497
31,1/13/2021 15:00:00,18600,218389,3911.000000000000000,21724,,,18600,218389,3911,21724,22511,240008
32,1/14/2021 15:00:00,17834,236223,1959.000000000000000,23683,,,17834,236223,1959,23683,19793,259801
33,1/15/2021 15:00:00,19459,255682,2024.000000000000000,25707,,,19459,255682,2024,25707,21483,281284
34,1/16/2021 15:00:00,5820,261502,1613.000000000000000,27320,,,5820,261502,1613,27320,7433,288717
35,1/17/2021 15:00:00,2119,263621,1478.000000000000000,28798,,,2119,263621,1478,28798,3597,292314
36,1/18/2021 15:00:00,7070,270691,3256.000000000000000,32054,,,7070,270691,3256,32054,10326,302640
37,1/19/2021 15:00:00,16939,287630,5399.000000000000000,37453,,,16939,287630,5399,37453,22338,324978
38,1/20/2021 15:00:00,20998,308628,5318.000000000000000,42771,,,20998,308628,5318,42771,26316,351294
39,1/21/2021 15:00:00,23789,332417,3834.000000000000000,46605,,,23789,332417,3834,46605,27623,378917
40,1/22/2021 15:00:00,28650,361067,3742.000000000000000,50347,,,28650,361067,3742,50347,32392,411309
41,1/23/2021 15:00:00,10113,371180,1936.000000000000000,52283,,,10113,371180,1936,52283,12049,423358
42,1/24/2021 15:00:00,3348,374528,1723.000000000000000,54006,,,3348,374528,1723,54006,5071,428429
43,1/25/2021 15:00:00,16300,390828,8595.000000000000000,62601,,,16300,390828,8595,62601,24895,453324
44,1/26/2021 15:00:00,17550,408378,8967.000000000000000,71568,,,17550,408378,8967,71568,26517,479841
45,1/27/2021 15:00:00,24432,432810,12542.000000000000000,84110,,,24432,432810,12542,84110,36974,516815
46,1/28/2021 15:00:00,22646,455456,9320.000000000000000,93430,,,22646,455456,9320,93430,31966,548781
47,1/29/2021 15:00:00,24771,480227,7919.000000000000000,101349,,,24771,480227,7919,101349,32690,581471
48,1/30/2021 15:00:00,17773,498000,2552.000000000000000,103901,,,17773,498000,2552,103901,20325,601796
49,1/31/2021 15:00:00,3761,501761,1362.000000000000000,105263,,,3761,501761,1362,105263,5123,606919
50,2/1/2021 15:00:00,8063,509824,5345.000000000000000,110608,,,8063,509824,5345,110608,13408,620327
51,2/2/2021 15:00:00,12484,522308,13822.000000000000000,124430,,,12484,522308,13822,124430,26306,646633
52,2/3/2021 15:00:00,18246,540554,18123.000000000000000,142553,,,18246,540554,18123,142553,36369,683002
53,2/4/2021 15:00:00,22108,562662,15771.000000000000000,158324,,,22108,562662,15771,158324,37879,720881
54,2/5/2021 15:00:00,20340,583002,17406.000000000000000,175730,,,20340,583002,17406,175730,37746,758627
55,2/6/2021 15:00:00,11318,594320,14465.000000000000000,190195,,,11318,594320,14465,190195,25783,784410
56,2/7/2021 15:00:00,5947,600267,1833.000000000000000,192028,,,5947,600267,1833,192028,7780,792190
57,2/8/2021 15:00:00,12970,613237,12918.000000000000000,204946,,,12970,613237,12918,204946,25888,818078
58,2/9/2021 15:00:00,16645,629882,13865.000000000000000,218811,,,16645,629882,13865,218811,30510,848588
59,2/10/2021 15:00:00,19277,649159,21224.000000000000000,240035,,,19277,649159,21224,240035,40501,889089
60,2/11/2021 15:00:00,22839,671998,17332.000000000000000,257367,,,22839,671998,17332,257367,40171,929260
61,2/12/2021 15:00:00,20387,692385,19607.000000000000000,276974,,,20387,692385,19607,276974,39994,969254
62,2/13/2021 15:00:00,11435,703820,6413.000000000000000,283387,,,11435,703820,6413,283387,17848,987102
63,2/14/2021 15:00:00,7108,710928,2119.000000000000000,285506,,,7108,710928,2119,285506,9227,996329
64,2/15/2021 15:00:00,11757,722685,13325.000000000000000,298831,,,11757,722685,13325,298831,25082,1021411
65,2/16/2021 15:00:00,16600,739285,21006.000000000000000,319837,,,16600,739285,21006,319837,37606,1059017
66,2/17/2021 15:00:00,20649,759934,26369.000000000000000,346206,,,20649,759934,26369,346206,47018,1106035
67,2/18/2021 15:00:00,3194,763128,4615.000000000000000,350821,,,3194,763128,4615,350821,7809,1113844
68,2/19/2021 15:00:00,10257,773385,19921.000000000000000,370742,,,10257,773385,19921,370742,30178,1144022
69,2/20/2021 15:00:00,10310,783695,20279.000000000000000,391021,,,10310,783695,20279,391021,30589,1174611
70,2/21/2021 15:00:00,6170,789865,7639.000000000000000,398660,,,6170,789865,7639,398660,13809,1188420
71,2/22/2021 15:00:00,8033,797898,15467.000000000000000,414127,,,8033,797898,15467,414127,23500,1211920
72,2/23/2021 15:00:00,15520,813418,15975.000000000000000,430102,,,15520,813418,15975,430102,31495,1243415
73,2/24/2021 15:00:00,17944,831362,24737.000000000000000,454839,,,17944,831362,24737,454839,42681,1286096
74,2/25/2021 15:00:00,20389,851751,26549.000000000000000,481388,,,20389,851751,26549,481388,46938,1333034
75,2/26/2021 15:00:00,26716,878467,26204.000000000000000,507592,,,26716,878467,26204,507592,52920,1385954
76,2/27/2021 15:00:00,16001,894468,11152.000000000000000,518744,,,16001,894468,11152,518744,27153,1413107
77,2/28/2021 15:00:00,15499,909967,4876.000000000000000,523620,,,15499,909967,4876,523620,20375,1433482
78,3/1/2021 15:00:00,26896,936863,12588.000000000000000,536208,,,26896,936863,12588,536208,39484,1472966
79,3/2/2021 15:00:00,23905,960768,13266.000000000000000,549474,33.000000000000000,33.000000000000000,23938,960801,13299,549507,37204,1510170
80,3/3/2021 15:00:00,30180,990948,18385.000000000000000,567859,186.000000000000000,219.000000000000000,30366,991167,18571,568078,48751,1558921
81,3/4/2021 15:00:00,30952,1021900,18184.000000000000000,586043,4068.000000000000000,4287.000000000000000,35020,1026187,22252,590330,53204,1612125
82,3/5/2021 15:00:00,30011,1051911,19707.000000000000000,605750,4909.000000000000000,9196.000000000000000,34920,1061107,24616,614946,54627,1666752
83,3/6/2021 15:00:00,18905,1070816,9502.000000000000000,615252,6006.000000000000000,15202.000000000000000,24911,1086018,15508,630454,34413,1701165
84,3/7/2021 15:00:00,12120,1082936,4853.000000000000000,620105,6613.000000000000000,21815.000000000000000,18733,1104751,11466,641920,23586,1724751
85,3/8/2021 15:00:00,25867,1108803,8837.000000000000000,628942,8277.000000000000000,30092.000000000000000,34144,1138895,17114,659034,42981,1767732
86,3/9/2021 15:00:00,26111,1134914,15466.000000000000000,644408,8348.000000000000000,38440.000000000000000,34459,1173354,23814,682848,49925,1817657
87,3/10/2021 15:00:00,29845,1164759,15982.000000000000000,660390,7941.000000000000000,46381.000000000000000,37786,1211140,23923,706771,53768,1871425
88,3/11/2021 15:00:00,35981,1200740,16394.000000000000000,676784,3981.000000000000000,50362.000000000000000,39962,1251102,20375,727146,56356,1927781
89,3/12/2021 15:00:00,36904,1237644,18085.000000000000000,694869,2924.000000000000000,53286.000000000000000,39828,1290930,21009,748155,57913,1985694
90,3/13/2021 15:00:00,22656,1260300,10276.000000000000000,705145,1626.000000000000000,54912.000000000000000,24282,1315212,11902,760057,34558,2020252
91,3/14/2021 15:00:00,17833,1278133,6714.000000000000000,711859,1004.000000000000000,55916.000000000000000,18837,1334049,7718,767775,25551,2045803
92,3/15/2021 15:00:00,29813,1307946,11297.000000000000000,723156,597.000000000000000,56513.000000000000000,30410,1364459,11894,779669,41707,2087510
93,3/16/2021 15:00:00,33410,1341356,13563.000000000000000,736719,769.000000000000000,57282.000000000000000,34179,1398638,14332,794001,47742,2135252
94,3/17/2021 15:00:00,37559,1378915,17039.000000000000000,753758,1180.000000000000000,58462.000000000000000,38739,1437377,18219,812220,55778,2191030
95,3/18/2021 15:00:00,41435,1420350,12635.000000000000000,766393,1348.000000000000000,59810.000000000000000,42783,1480160,13983,826203,55418,2246448
96,3/19/2021 15:00:00,38328,1458678,15418.000000000000000,781811,1037.000000000000000,60847.000000000000000,39365,1519525,16455,842658,54783,2301231
97,3/20/2021 15:00:00,24694,1483372,10149.000000000000000,791960,702.000000000000000,61549.000000000000000,25396,1544921,10851,853509,35545,2336776
98,3/21/2021 15:00:00,19166,1502538,7870.000000000000000,799830,336.000000000000000,61885.000000000000000,19502,1564423,8206,861715,27372,2364148
99,3/22/2021 15:00:00,32585,1535123,11468.000000000000000,811298,835.000000000000000,62720.000000000000000,33420,1597843,12303,874018,44888,2409036
100,3/23/2021 15:00:00,38415,1573538,17791.000000000000000,829089,1554.000000000000000,64274.000000000000000,39969,1637812,19345,893363,57760,2466796
101,3/24/2021 15:00:00,41072,1614610,21195.000000000000000,850284,1386.000000000000000,65660.000000000000000,42458,1680270,22581,915944,63653,2530449
102,3/25/2021 15:00:00,42868,1657478,21677.000000000000000,871961,2458.000000000000000,68118.000000000000000,45326,1725596,24135,940079,67003,2597452
103,3/26/2021 15:00:00,36343,1693821,26663.000000000000000,898624,2496.000000000000000,70614.000000000000000,38839,1764435,29159,969238,65502,2662954
104,3/27/2021 15:00:00,26459,1720280,17275.000000000000000,915899,2491.000000000000000,73105.000000000000000,28950,1793385,19766,989004,46225,2709179
105,3/28/2021 15:00:00,17007,1737287,12632.000000000000000,928531,1615.000000000000000,74720.000000000000000,18622,1812007,14247,1003251,31254,2740433
106,3/29/2021 15:00:00,29712,1766999,26270.000000000000000,954801,1140.000000000000000,75860.000000000000000,30852,1842859,27410,1030661,57122,2797555
107,3/30/2021 15:00:00,40041,1807040,28977.000000000000000,983778,1861.000000000000000,77721.000000000000000,41902,1884761,30838,1061499,70879,2868434
108,3/31/2021 15:00:00,41031,1848071,34675.000000000000000,1018453,5749.000000000000000,83470.000000000000000,46780,1931541,40424,1101923,81455,2949889
109,4/1/2021 15:00:00,42268,1890339,40969.000000000000000,1059422,5726.000000000000000,89196.000000000000000,47994,1979535,46695,1148618,88963,3038852
110,4/2/2021 15:00:00,34910,1925249,32653.000000000000000,1092075,6121.000000000000000,95317.000000000000000,41031,2020566,38774,1187392,73684,3112536
111,4/3/2021 15:00:00,21133,1946382,19180.000000000000000,1111255,4386.000000000000000,99703.000000000000000,25519,2046085,23566,1210958,44699,3157235
112,4/4/2021 15:00:00,8268,1954650,10182.000000000000000,1121437,967.000000000000000,100670.000000000000000,9235,2055320,11149,1222107,19417,3176652
113,4/5/2021 15:00:00,27934,1982584,28891.000000000000000,1150328,6655.000000000000000,107325.000000000000000,34589,2089909,35546,1257653,63480,3240132
114,4/6/2021 15:00:00,39759,2022343,30427.000000000000000,1180755,10488.000000000000000,117813.000000000000000,50247,2140156,40915,1298568,80674,3320806
115,4/7/2021 15:00:00,36065,2058408,34257.000000000000000,1215012,12982.000000000000000,130795.000000000000000,49047,2189203,47239,1345807,83304,3404110
116,4/8/2021 15:00:00,42292,2100700,36079.000000000000000,1251091,13864.000000000000000,144659.000000000000000,56156,2245359,49943,1395750,92235,3496345
117,4/9/2021 15:00:00,34041,2134741,36309.000000000000000,1287400,14522.000000000000000,159181.000000000000000,48563,2293922,50831,1446581,84872,3581217
118,4/10/2021 15:00:00,23458,2158199,23119.000000000000000,1310519,7641.000000000000000,166822.000000000000000,31099,2325021,30760,1477341,54218,3635435
119,4/11/2021 15:00:00,17559,2175758,13274.000000000000000,1323793,10122.000000000000000,176944.000000000000000,27681,2352702,23396,1500737,40955,3676390
120,4/12/2021 15:00:00,24594,2200352,33143.000000000000000,1356936,10897.000000000000000,187841.000000000000000,35491,2388193,44040,1544777,68634,3745024
121,4/13/2021 15:00:00,126182,2326534,91212.000000000000000,1448148,3292.000000000000000,191133.000000000000000,129474,2517667,94504,1639281,220686,3965710
122,4/14/2021 15:00:00,40704,2367238,37795.000000000000000,1485943,211.000000000000000,191344.000000000000000,40915,2558582,38006,1677287,78710,4044420
123,4/15/2021 15:00:00,41410,2408648,39516.000000000000000,1525459,174.000000000000000,191518.000000000000000,41584,2600166,39690,1716977,81100,4125520
124,4/16/2021 15:00:00,37146,2445794,38833.000000000000000,1564292,23.000000000000000,191541.000000000000000,37169,2637335,38856,1755833,76002,4201522
125,4/17/2021 15:00:00,32796,2478590,22015.000000000000000,1586307,12.000000000000000,191553.000000000000000,32808,2670143,22027,1777860,54823,4256345
126,4/18/2021 15:00:00,20065,2498655,16190.000000000000000,1602497,5.000000000000000,191558.000000000000000,20070,2690213,16195,1794055,36260,4292605
127,4/19/2021 15:00:00,29873,2528528,36535.000000000000000,1639032,61.000000000000000,191619.000000000000000,29934,2720147,36596,1830651,66469,4359074
128,4/20/2021 15:00:00,32923,2561451,44419.000000000000000,1683451,57.000000000000000,191676.000000000000000,32980,2753127,44476,1875127,77399,4436473
129,4/21/2021 15:00:00,39804,2601255,47028.000000000000000,1730479,25.000000000000000,191701.000000000000000,39829,2792956,47053,1922180,86857,4523330
130,4/22/2021 15:00:00,35825,2637080,42635.000000000000000,1773114,16.000000000000000,191717.000000000000000,35841,2828797,42651,1964831,78476,4601806
131,4/23/2021 15:00:00,33130,2670210,40115.000000000000000,1813229,14.000000000000000,191731.000000000000000,33144,2861941,40129,2004960,73259,4675065
132,4/24/2021 15:00:00,26407,2696617,27874.000000000000000,1841103,81.000000000000000,191812.000000000000000,26488,2888429,27955,2032915,54362,4729427
133,4/25/2021 15:00:00,20228,2716845,10957.000000000000000,1852060,31.000000000000000,191843.000000000000000,20259,2908688,10988,2043903,31216,4760643
134,4/26/2021 15:00:00,27403,2744248,32694.000000000000000,1884754,202.000000000000000,192045.000000000000000,27605,2936293,32896,2076799,60299,4820942
135,4/27/2021 15:00:00,26695,2770943,33048.000000000000000,1917802,1098.000000000000000,193143.000000000000000,27793,2964086,34146,2110945,60841,4881783
136,4/28/2021 15:00:00,28925,2799868,39504.000000000000000,1957306,1362.000000000000000,194505.000000000000000,30287,2994373,40866,2151811,69791,4951574
137,4/29/2021 15:00:00,27079,2826947,39696.000000000000000,1997002,1463.000000000000000,195968.000000000000000,28542,3022915,41159,2192970,68238,5019812
138,4/30/2021 15:00:00,28201,2855148,32247.000000000000000,2029249,1647.000000000000000,197615.000000000000000,29848,3052763,33894,2226864,62095,5081907
139,5/1/2021 15:00:00,20626,2875774,26630.000000000000000,2055879,1045.000000000000000,198660.000000000000000,21671,3074434,27675,2254539,48301,5130208
140,5/2/2021 15:00:00,10283,2886057,17035.000000000000000,2072914,822.000000000000000,199482.000000000000000,11105,3085539,17857,2272396,28140,5158348
141,5/3/2021 15:00:00,12755,2898812,28562.000000000000000,2101476,1915.000000000000000,201397.000000000000000,14670,3100209,30477,2302873,43232,5201580
142,5/4/2021 15:00:00,13564,2912376,38582.000000000000000,2140058,1737.000000000000000,203134.000000000000000,15301,3115510,40319,2343192,53883,5255463
143,5/5/2021 15:00:00,19322,2931698,37735.000000000000000,2177793,1921.000000000000000,205055.000000000000000,21243,3136753,39656,2382848,58978,5314441
144,5/6/2021 15:00:00,16916,2948614,40577.000000000000000,2218370,1720.000000000000000,206775.000000000000000,18636,3155389,42297,2425145,59213,5373654
145,5/7/2021 15:00:00,17580,2966194,36989.000000000000000,2255359,1957.000000000000000,208732.000000000000000,19537,3174926,38946,2464091,56526,5430180
146,5/8/2021 15:00:00,10786,2976980,31213.000000000000000,2286572,1291.000000000000000,210023.000000000000000,12077,3187003,32504,2496595,43290,5473470
147,5/9/2021 15:00:00,5078,2982058,12234.000000000000000,2298806,695.000000000000000,210718.000000000000000,5773,3192776,12929,2509524,18007,5491477
148,5/10/2021 15:00:00,8954,2991012,31044.000000000000000,2329850,1362.000000000000000,212080.000000000000000,10316,3203092,32406,2541930,41360,5532837
149,5/11/2021 15:00:00,12184,3003196,30266.000000000000000,2360116,1440.000000000000000,213520.000000000000000,13624,3216716,31706,2573636,43890,5576727
150,5/12/2021 15:00:00,13951,3017147,38574.000000000000000,2398690,1919.000000000000000,215439.000000000000000,15870,3232586,40493,2614129,54444,5631171
151,5/13/2021 15:00:00,21851,3038998,33455.000000000000000,2432145,1345.000000000000000,216784.000000000000000,23196,3255782,34800,2648929,56651,5687822
152,5/14/2021 15:00:00,24377,3063375,30019.000000000000000,2462164,1775.000000000000000,218559.000000000000000,26152,3281934,31794,2680723,56171,5743993
153,5/15/2021 15:00:00,21925,3085300,25100.000000000000000,2487264,1490.000000000000000,220049.000000000000000,23415,3305349,26590,2707313,48515,5792508
154,5/16/2021 15:00:00,9083,3094383,17577.000000000000000,2504841,1113.000000000000000,221162.000000000000000,10196,3315545,18690,2726003,27773,5820281
155,5/17/2021 15:00:00,16843,3111226,28382.000000000000000,2533223,1949.000000000000000,223111.000000000000000,18792,3334337,30331,2756334,47174,5867455
156,5/18/2021 15:00:00,21252,3132478,30669.000000000000000,2563892,1942.000000000000000,225053.000000000000000,23194,3357531,32611,2788945,53863,5921318
157,5/19/2021 15:00:00,27639,3160117,32406.000000000000000,2596298,1629.000000000000000,226682.000000000000000,29268,3386799,34035,2822980,61674,5982992
158,5/20/2021 15:00:00,20808,3180925,33239.000000000000000,2629537,1966.000000000000000,228648.000000000000000,22774,3409573,35205,2858185,56013,6039005
159,5/21/2021 15:00:00,19155,3200080,30327.000000000000000,2659864,1607.000000000000000,230255.000000000000000,20762,3430335,31934,2890119,51089,6090094
160,5/22/2021 15:00:00,16929,3217009,20665.000000000000000,2680529,1270.000000000000000,231525.000000000000000,18199,3448534,21935,2912054,38864,6128958
161,5/23/2021 15:00:00,8761,3225770,11434.000000000000000,2691963,964.000000000000000,232489.000000000000000,9725,3458259,12398,2924452,21159,6150117
162,5/24/2021 15:00:00,13558,3239328,17758.000000000000000,2709721,1473.000000000000000,233962.000000000000000,15031,3473290,19231,2943683,32789,6182906
163,5/25/2021 15:00:00,13064,3252392,18708.000000000000000,2728429,1329.000000000000000,235291.000000000000000,14393,3487683,20037,2963720,33101,6216007
164,5/26/2021 15:00:00,18304,3270696,19486.000000000000000,2747915,1511.000000000000000,236802.000000000000000,19815,3507498,20997,2984717,39301,6255308
165,5/27/2021 15:00:00,11686,3282382,18642.000000000000000,2766557,1116.000000000000000,237918.000000000000000,12802,3520300,19758,3004475,31444,6286752
166,5/28/2021 15:00:00,12409,3294791,19830.000000000000000,2786387,1400.000000000000000,239318.000000000000000,13809,3534109,21230,3025705,33639,6320391
167,5/29/2021 15:00:00,9543,3304334,11673.000000000000000,2798060,935.000000000000000,240253.000000000000000,10478,3544587,12608,3038313,22151,6342542
168,5/30/2021 15:00:00,4969,3309303,6424.000000000000000,2804484,595.000000000000000,240848.000000000000000,5564,3550151,7019,3045332,11988,6354530
169,5/31/2021 15:00:00,1777,3311080,3712.000000000000000,2808196,305.000000000000000,241153.000000000000000,2082,3552233,4017,3049349,5794,6360324
170,6/1/2021 15:00:00,9832,3320912,16412.000000000000000,2824608,1157.000000000000000,242310.000000000000000,10989,3563222,17569,3066918,27401,6387725
171,6/2/2021 15:00:00,10229,3331141,16803.000000000000000,2841411,959.000000000000000,243269.000000000000000,11188,3574410,17762,3084680,27991,6415716
172,6/3/2021 15:00:00,7896,3339037,21176.000000000000000,2862587,1086.000000000000000,244355.000000000000000,8982,3583392,22262,3106942,30158,6445874
173,6/4/2021 15:00:00,8172,3347209,22339.000000000000000,2884926,1120.000000000000000,245475.000000000000000,9292,3592684,23459,3130401,31631,6477505
174,6/5/2021 15:00:00,7005,3354214,19460.000000000000000,2904386,720.000000000000000,246195.000000000000000,7725,3600409,20180,3150581,27185,6504690
175,6/6/2021 15:00:00,3460,3357674,7237.000000000000000,2911623,423.000000000000000,246618.000000000000000,3883,3604292,7660,3158241,11120,6515810
176,6/7/2021 15:00:00,6857,3364531,15768.000000000000000,2927391,726.000000000000000,247344.000000000000000,7583,3611875,16494,3174735,23351,6539161
177,6/8/2021 15:00:00,6673,3371204,19700.000000000000000,2947091,830.000000000000000,248174.000000000000000,7503,3619378,20530,3195265,27203,6566364
178,6/9/2021 15:00:00,8200,3379404,23944.000000000000000,2971035,970.000000000000000,249144.000000000000000,9170,3628548,24914,3220179,33114,6599478
179,6/10/2021 15:00:00,7142,3386546,19114.000000000000000,2990149,894.000000000000000,250038.000000000000000,8036,3636584,20008,3240187,27150,6626628
180,6/11/2021 15:00:00,7476,3394022,17709.000000000000000,3007858,1125.000000000000000,251163.000000000000000,8601,3645185,18834,3259021,26310,6652938
181,6/12/2021 15:00:00,5234,3399256,14752.000000000000000,3022610,605.000000000000000,251768.000000000000000,5839,3651024,15357,3274378,20591,6673529
182,6/13/2021 15:00:00,1930,3401186,7565.000000000000000,3030175,427.000000000000000,252195.000000000000000,2357,3653381,7992,3282370,9922,6683451
183,6/14/2021 15:00:00,5659,3406845,11800.000000000000000,3041975,733.000000000000000,252928.000000000000000,6392,3659773,12533,3294903,18192,6701643
184,6/15/2021 15:00:00,5637,3412482,14330.000000000000000,3056305,873.000000000000000,253801.000000000000000,6510,3666283,15203,3310106,20840,6722483
185,6/16/2021 15:00:00,8753,3421235,21575.000000000000000,3077880,757.000000000000000,254558.000000000000000,9510,3675793,22332,3332438,31085,6753568
186,6/17/2021 15:00:00,6684,3427919,12356.000000000000000,3090236,720.000000000000000,255278.000000000000000,7404,3683197,13076,3345514,19760,6773328
187,6/18/2021 15:00:00,6831,3434750,12730.000000000000000,3102966,703.000000000000000,255981.000000000000000,7534,3690731,13433,3358947,20264,6793592
188,6/19/2021 15:00:00,4660,3439410,9364.000000000000000,3112330,614.000000000000000,256595.000000000000000,5274,3696005,9978,3368925,14638,6808230
189,6/20/2021 15:00:00,2505,3441915,5050.000000000000000,3117380,377.000000000000000,256972.000000000000000,2882,3698887,5427,3374352,7932,6816162
190,6/21/2021 15:00:00,5559,3447474,5330.000000000000000,3122710,635.000000000000000,257607.000000000000000,6194,3705081,5965,3380317,11524,6827686
191,6/22/2021 15:00:00,5344,3452818,9044.000000000000000,3131754,692.000000000000000,258299.000000000000000,6036,3711117,9736,3390053,15080,6842766
192,6/23/2021 15:00:00,6063,3458881,10315.000000000000000,3142069,646.000000000000000,258945.000000000000000,6709,3717826,10961,3401014,17024,6859790
193,6/24/2021 15:00:00,5933,3464814,8192.000000000000000,3150261,595.000000000000000,259540.000000000000000,6528,3724354,8787,3409801,14720,6874510
194,6/25/2021 15:00:00,5807,3470621,8653.000000000000000,3158914,620.000000000000000,260160.000000000000000,6427,3730781,9273,3419074,15080,6889590
195,6/26/2021 15:00:00,3700,3474321,6297.000000000000000,3165211,398.000000000000000,260558.000000000000000,4098,3734879,6695,3425769,10395,6899985
196,6/27/2021 15:00:00,2808,3477129,3519.000000000000000,3168730,185.000000000000000,260743.000000000000000,2993,3737872,3704,3429473,6512,6906497
197,6/28/2021 15:00:00,4915,3482044,6377.000000000000000,3175107,539.000000000000000,261282.000000000000000,5454,3743326,6916,3436389,11831,6918328
198,6/29/2021 15:00:00,5058,3487102,6465.000000000000000,3181572,520.000000000000000,261802.000000000000000,5578,3748904,6985,3443374,12043,6930371
199,6/30/2021 15:00:00,5616,3492718,7378.000000000000000,3188950,605.000000000000000,262407.000000000000000,6221,3755125,7983,3451357,13599,6943970
200,7/1/2021 15:00:00,5402,3498120,6962.000000000000000,3195912,498.000000000000000,262905.000000000000000,5900,3761025,7460,3458817,12862,6956832
201,7/2/2021 15:00:00,5286,3503406,6829.000000000000000,3202741,523.000000000000000,263428.000000000000000,5809,3766834,7352,3466169,12638,6969470
202,7/3/2021 15:00:00,3267,3506673,4061.000000000000000,3206802,264.000000000000000,263692.000000000000000,3531,3770365,4325,3470494,7592,6977062
203,7/4/2021 15:00:00,492,3507165,544.000000000000000,3207346,67.000000000000000,263759.000000000000000,559,3770924,611,3471105,1103,6978165
204,7/5/2021 15:00:00,3760,3510925,3951.000000000000000,3211297,287.000000000000000,264046.000000000000000,4047,3774971,4238,3475343,7998,6986163
205,7/6/2021 15:00:00,4490,3515415,6259.000000000000000,3217556,452.000000000000000,264498.000000000000000,4942,3779913,6711,3482054,11201,6997364
206,7/7/2021 15:00:00,4465,3519880,6406.000000000000000,3223962,482.000000000000000,264980.000000000000000,4947,3784860,6888,3488942,11353,7008717
207,7/8/2021 15:00:00,4834,3524714,6161.000000000000000,3230123,563.000000000000000,265543.000000000000000,5397,3790257,6724,3495666,11558,7020275
208,7/9/2021 15:00:00,5358,3530072,6653.000000000000000,3236776,572.000000000000000,266115.000000000000000,5930,3796187,7225,3502891,12583,7032858
209,7/10/2021 15:00:00,3525,3533597,4391.000000000000000,3241167,303.000000000000000,266418.000000000000000,3828,3800015,4694,3507585,8219,7041077
210,7/11/2021 15:00:00,2675,3536272,2564.000000000000000,3243731,225.000000000000000,266643.000000000000000,2900,3802915,2789,3510374,5464,7046541
211,7/12/2021 15:00:00,4410,3540682,5112.000000000000000,3248843,379.000000000000000,267022.000000000000000,4789,3807704,5491,3515865,9901,7056442
212,7/13/2021 15:00:00,4660,3545342,4714.000000000000000,3253557,366.000000000000000,267388.000000000000000,5026,3812730,5080,3520945,9740,7066182
213,7/14/2021 15:00:00,4615,3549957,5272.000000000000000,3258829,421.000000000000000,267809.000000000000000,5036,3817766,5693,3526638,10308,7076490
214,7/15/2021 15:00:00,4897,3554854,5009.000000000000000,3263838,358.000000000000000,268167.000000000000000,5255,3823021,5367,3532005,10264,7086754
215,7/16/2021 15:00:00,6277,3561131,5829.000000000000000,3269667,402.000000000000000,268569.000000000000000,6679,3829700,6231,3538236,12508,7099262
216,7/17/2021 15:00:00,3417,3564548,3546.000000000000000,3273213,300.000000000000000,268869.000000000000000,3717,3833417,3846,3542082,7263,7106525
217,7/18/2021 15:00:00,2309,3566857,2371.000000000000000,3275584,110.000000000000000,268979.000000000000000,2419,3835836,2481,3544563,4790,7111315
218,7/19/2021 15:00:00,5132,3571989,4607.000000000000000,3280191,379.000000000000000,269358.000000000000000,5511,3841347,4986,3549549,10118,7121433
219,7/20/2021 15:00:00,5321,3577310,4709.000000000000000,3284900,366.000000000000000,269724.000000000000000,5687,3847034,5075,3554624,10396,7131829
220,7/21/2021 15:00:00,5646,3582956,4931.000000000000000,3289831,416.000000000000000,270140.000000000000000,6062,3853096,5347,3559971,10993,7142822
221,7/22/2021 15:00:00,6017,3588973,4622.000000000000000,3294453,470.000000000000000,270610.000000000000000,6487,3859583,5092,3565063,11109,7153931
222,7/23/2021 15:00:00,6834,3595807,4834.000000000000000,3299287,497.000000000000000,271107.000000000000000,7331,3866914,5331,3570394,12165,7166096
223,7/24/2021 15:00:00,4276,3600083,3199.000000000000000,3302486,267.000000000000000,271374.000000000000000,4543,3871457,3466,3573860,7742,7173838
224,7/25/2021 15:00:00,3291,3603374,1111.000000000000000,3303597,139.000000000000000,271513.000000000000000,3430,3874887,1250,3575110,4541,7178379
225,7/26/2021 15:00:00,6204,3609578,3896.000000000000000,3307493,419.000000000000000,271932.000000000000000,6623,3881510,4315,3579425,10519,7188898
226,7/27/2021 15:00:00,6590,3616168,4267.000000000000000,3311760,457.000000000000000,272389.000000000000000,7047,3888557,4724,3584149,11314,7200212
227,7/28/2021 15:00:00,7066,3623234,4132.000000000000000,3315892,460.000000000000000,272849.000000000000000,7526,3896083,4592,3588741,11658,7211870
228,7/29/2021 15:00:00,7062,3630296,4291.000000000000000,3320183,419.000000000000000,273268.000000000000000,7481,3903564,4710,3593451,11772,7223642
229,7/30/2021 15:00:00,7798,3638094,4789.000000000000000,3324972,525.000000000000000,273793.000000000000000,8323,3911887,5314,3598765,13112,7236754
230,7/31/2021 15:00:00,4792,3642886,3067.000000000000000,3328039,273.000000000000000,274066.000000000000000,5065,3916952,3340,3602105,8132,7244886
231,8/1/2021 15:00:00,3873,3646759,2153.000000000000000,3330192,161.000000000000000,274227.000000000000000,4034,3920986,2314,3604419,6187,7251073
232,8/2/2021 15:00:00,7253,3654012,3835.000000000000000,3334027,339.000000000000000,274566.000000000000000,7592,3928578,4174,3608593,11427,7262500
233,8/3/2021 15:00:00,7253,3661265,4087.000000000000000,3338114,515.000000000000000,275081.000000000000000,7768,3936346,4602,3613195,11855,7274355
234,8/4/2021 15:00:00,7410,3668675,4103.000000000000000,3342217,532.000000000000000,275613.000000000000000,7942,3944288,4635,3617830,12045,7286400
235,8/5/2021 15:00:00,7931,3676606,4272.000000000000000,3346489,537.000000000000000,276150.000000000000000,8468,3952756,4809,3622639,12740,7299140
236,8/6/2021 15:00:00,8296,3684902,4712.000000000000000,3351201,454.000000000000000,276604.000000000000000,8750,3961506,5166,3627805,13462,7312602
237,8/7/2021 15:00:00,5273,3690175,2811.000000000000000,3354012,263.000000000000000,276867.000000000000000,5536,3967042,3074,3630879,8347,7320949
238,8/8/2021 15:00:00,3954,3694129,2050.000000000000000,3356062,143.000000000000000,277010.000000000000000,4097,3971139,2193,3633072,6147,7327096
239,8/9/2021 15:00:00,6925,3701054,4524.000000000000000,3360586,368.000000000000000,277378.000000000000000,7293,3978432,4892,3637964,11817,7338913
240,8/10/2021 15:00:00,7132,3708186,4451.000000000000000,3365037,338.000000000000000,277716.000000000000000,7470,3985902,4789,3642753,11921,7350834
241,8/11/2021 15:00:00,7052,3715238,4429.000000000000000,3369466,442.000000000000000,278158.000000000000000,7494,3993396,4871,3647624,11923,7362757
242,8/12/2021 15:00:00,8601,3723839,4724.000000000000000,3374190,444.000000000000000,278602.000000000000000,9045,4002441,5168,3652792,13769,7376526
243,8/13/2021 15:00:00,7139,3730978,5360.000000000000000,3379550,396.000000000000000,278998.000000000000000,7535,4009976,5756,3658548,12895,7389421
244,8/14/2021 15:00:00,4913,3735891,3338.000000000000000,3382888,285.000000000000000,279283.000000000000000,5198,4015174,3623,3662171,8536,7397957
245,8/15/2021 15:00:00,3324,3739215,2731.000000000000000,3385619,163.000000000000000,279446.000000000000000,3487,4018661,2894,3665065,6218,7404175
246,8/16/2021 15:00:00,5430,3744645,5086.000000000000000,3390705,353.000000000000000,279799.000000000000000,5783,4024444,5439,3670504,10869,7415044
247,8/17/2021 15:00:00,6810,3751455,5350.000000000000000,3396055,390.000000000000000,280189.000000000000000,7200,4031644,5740,3676244,12550,7427594
248,8/18/2021 15:00:00,6318,3757773,5484.000000000000000,3401539,478.000000000000000,280667.000000000000000,6796,4038440,5962,3682206,12280,7439874
249,8/19/2021 15:00:00,6207,3763980,5537.000000000000000,3407076,416.000000000000000,281083.000000000000000,6623,4045063,5953,3688159,12160,7452034
250,8/20/2021 15:00:00,6829,3770809,6534.000000000000000,3413610,401.000000000000000,281484.000000000000000,7230,4052293,6935,3695094,13764,7465798
251,8/21/2021 15:00:00,4321,3775130,3915.000000000000000,3417525,228.000000000000000,281712.000000000000000,4549,4056842,4143,3699237,8464,7474262
252,8/22/2021 15:00:00,3058,3778188,3168.000000000000000,3420693,110.000000000000000,281822.000000000000000,3168,4060010,3278,3702515,6336,7480598
253,8/23/2021 15:00:00,5985,3784173,6084.000000000000000,3426777,285.000000000000000,282107.000000000000000,6270,4066280,6369,3708884,12354,7492952
254,8/24/2021 15:00:00,6544,3790717,6048.000000000000000,3432825,424.000000000000000,282531.000000000000000,6968,4073248,6472,3715356,13016,7505968
255,8/25/2021 15:00:00,6713,3797430,6205.000000000000000,3439030,440.000000000000000,282971.000000000000000,7153,4080401,6645,3722001,13358,7519326
256,8/26/2021 15:00:00,6964,3804394,6640.000000000000000,3445670,428.000000000000000,283399.000000000000000,7392,4087793,7068,3729069,14032,7533358
257,8/27/2021 15:00:00,6827,3811221,7058.000000000000000,3452728,316.000000000000000,283715.000000000000000,7143,4094936,7374,3736443,14201,7547559
258,8/28/2021 15:00:00,6897,3818118,6507.000000000000000,3459235,324.000000000000000,284039.000000000000000,7221,4102157,6831,3743274,13728,7561287
259,8/29/2021 15:00:00,3732,3821850,3684.000000000000000,3462919,610.000000000000000,284649.000000000000000,4342,4106499,4294,3747568,8026,7569313
260,8/30/2021 15:00:00,5926,3827776,6114.000000000000000,3469033,960.000000000000000,285609.000000000000000,6886,4113385,7074,3754642,13000,7582313
261,8/31/2021 15:00:00,5895,3833671,6041.000000000000000,3475074,946.000000000000000,286555.000000000000000,6841,4120226,6987,3761629,12882,7595195
262,9/1/2021 15:00:00,5577,3839248,5637.000000000000000,3480711,915.000000000000000,287470.000000000000000,6492,4126718,6552,3768181,12129,7607324
263,9/2/2021 15:00:00,5523,3844771,5915.000000000000000,3486626,704.000000000000000,288174.000000000000000,6227,4132945,6619,3774800,12142,7619466
264,9/3/2021 15:00:00,5990,3850761,6912.000000000000000,3493538,973.000000000000000,289147.000000000000000,6963,4139908,7885,3782685,13875,7633341
265,9/4/2021 15:00:00,3721,3854482,4337.000000000000000,3497875,879.000000000000000,290026.000000000000000,4600,4144508,5216,3787901,8937,7642278
266,9/5/2021 15:00:00,2953,3857435,2807.000000000000000,3500682,106.000000000000000,290132.000000000000000,3059,4147567,2913,3790814,5866,7648144
267,9/6/2021 15:00:00,1059,3858494,1149.000000000000000,3501831,64.000000000000000,290196.000000000000000,1123,4148690,1213,3792027,2272,7650416
268,9/7/2021 15:00:00,5338,3863832,7288.000000000000000,3509119,2304.000000000000000,292500.000000000000000,7642,4156332,9592,3801619,14930,7665346
269,9/8/2021 15:00:00,4652,3868484,5463.000000000000000,3514582,364.000000000000000,292864.000000000000000,5016,4161348,5827,3807446,10479,7675825
270,9/9/2021 15:00:00,4999,3873483,5441.000000000000000,3520023,324.000000000000000,293188.000000000000000,5323,4166671,5765,3813211,10764,7686589
271,9/10/2021 15:00:00,6510,3879993,6640.000000000000000,3526663,1718.000000000000000,294906.000000000000000,8228,4174899,8358,3821569,14868,7701457
272,9/11/2021 15:00:00,4169,3884162,4325.000000000000000,3530988,666.000000000000000,295572.000000000000000,4835,4179734,4991,3826560,9160,7710617
273,9/12/2021 15:00:00,3165,3887327,3236.000000000000000,3534224,436.000000000000000,296008.000000000000000,3601,4183335,3672,3830232,6837,7717454
274,9/13/2021 15:00:00,4878,3892205,5048.000000000000000,3539272,346.000000000000000,296354.000000000000000,5224,4188559,5394,3835626,10272,7727726
275,9/14/2021 15:00:00,4763,3896968,5424.000000000000000,3544696,435.000000000000000,296789.000000000000000,5198,4193757,5859,3841485,10622,7738348
276,9/15/2021 15:00:00,5024,3901992,5856.000000000000000,3550552,389.000000000000000,297178.000000000000000,5413,4199170,6245,3847730,11269,7749617
277,9/16/2021 15:00:00,4797,3906789,5824.000000000000000,3556376,336.000000000000000,297514.000000000000000,5133,4204303,6160,3853890,10957,7760574
278,9/17/2021 15:00:00,5244,3912033,6573.000000000000000,3562949,343.000000000000000,297857.000000000000000,5587,4209890,6916,3860806,12160,7772734
279,9/18/2021 15:00:00,3795,3915828,4564.000000000000000,3567513,185.000000000000000,298042.000000000000000,3980,4213870,4749,3865555,8544,7781278
280,9/19/2021 15:00:00,2742,3918570,3160.000000000000000,3570673,75.000000000000000,298117.000000000000000,2817,4216687,3235,3868790,5977,7787255
281,9/20/2021 15:00:00,3749,3922319,4671.000000000000000,3575344,430.000000000000000,298547.000000000000000,4179,4220866,5101,3873891,8850,7796105
282,9/21/2021 15:00:00,3997,3926316,4996.000000000000000,3580340,326.000000000000000,298873.000000000000000,4323,4225189,5322,3879213,9319,7805424
283,9/22/2021 15:00:00,4191,3930507,4761.000000000000000,3585101,458.000000000000000,299331.000000000000000,4649,4229838,5219,3884432,9410,7814834
284,9/23/2021 15:00:00,4165,3934672,4721.000000000000000,3589822,492.000000000000000,299823.000000000000000,4657,4234495,5213,3889645,9378,7824212
285,9/24/2021 15:00:00,5066,3939738,5597.000000000000000,3595419,422.000000000000000,300245.000000000000000,5488,4239983,6019,3895664,11085,7835297
286,9/25/2021 15:00:00,3625,3943363,3624.000000000000000,3599043,385.000000000000000,300630.000000000000000,4010,4243993,4009,3899673,7634,7842931
287,9/26/2021 15:00:00,2358,3945721,2659.000000000000000,3601702,424.000000000000000,301054.000000000000000,2782,4246775,3083,3902756,5441,7848372
288,9/27/2021 15:00:00,4500,3950221,2698.000000000000000,3604400,509.000000000000000,301563.000000000000000,5009,4251784,3207,3905963,7707,7856079
289,9/28/2021 15:00:00,4394,3954615,4445.000000000000000,3608845,211.000000000000000,301774.000000000000000,4605,4256389,4656,3910619,9050,7865129
290,9/29/2021 15:00:00,4695,3959310,4507.000000000000000,3613352,919.000000000000000,302693.000000000000000,5614,4262003,5426,3916045,10121,7875250
291,9/30/2021 15:00:00,4880,3964190,4555.000000000000000,3617907,792.000000000000000,303485.000000000000000,5672,4267675,5347,3921392,10227,7885477
292,10/1/2021 15:00:00,5479,3969669,5314.000000000000000,3623221,782.000000000000000,304267.000000000000000,6261,4273936,6096,3927488,11575,7897052
293,10/2/2021 15:00:00,2935,3972604,2889.000000000000000,3626110,187.000000000000000,304454.000000000000000,3122,4277058,3076,3930564,6011,7903063
294,10/3/2021 15:00:00,2077,3974681,2374.000000000000000,3628484,86.000000000000000,304540.000000000000000,2163,4279221,2460,3933024,4537,7907600
295,10/4/2021 15:00:00,4018,3978699,3496.000000000000000,3631980,232.000000000000000,304772.000000000000000,4250,4283471,3728,3936752,7746,7915346
296,10/5/2021 15:00:00,3953,3982652,3658.000000000000000,3635638,207.000000000000000,304979.000000000000000,4160,4287631,3865,3940617,7818,7923164
297,10/6/2021 15:00:00,4026,3986678,3577.000000000000000,3639215,264.000000000000000,305243.000000000000000,4290,4291921,3841,3944458,7867,7931031
298,10/7/2021 15:00:00,4230,3990908,3622.000000000000000,3642837,331.000000000000000,305574.000000000000000,4561,4296482,3953,3948411,8183,7939214
299,10/8/2021 15:00:00,4777,3995685,4276.000000000000000,3647113,282.000000000000000,305856.000000000000000,5059,4301541,4558,3952969,9335,7948549
300,10/9/2021 15:00:00,2685,3998370,2675.000000000000000,3649788,270.000000000000000,306126.000000000000000,2955,4304496,2945,3955914,5630,7954179
301,10/10/2021 15:00:00,1864,4000234,1847.000000000000000,3651635,59.000000000000000,306185.000000000000000,1923,4306419,1906,3957820,3770,7957949
302,10/11/2021 15:00:00,4216,4004450,3332.000000000000000,3654967,249.000000000000000,306434.000000000000000,4465,4310884,3581,3961401,7797,7965746
303,10/12/2021 15:00:00,3591,4008041,3525.000000000000000,3658492,273.000000000000000,306707.000000000000000,3864,4314748,3798,3965199,7389,7973135
304,10/13/2021 15:00:00,3955,4011996,3450.000000000000000,3661942,346.000000000000000,307053.000000000000000,4301,4319049,3796,3968995,7751,7980886
305,10/14/2021 15:00:00,5163,4017159,5483.000000000000000,3667425,429.000000000000000,307482.000000000000000,5592,4324641,5912,3974907,11075,7991961
306,10/15/2021 15:00:00,4703,4021862,4586.000000000000000,3672011,347.000000000000000,307829.000000000000000,5050,4329691,4933,3979840,9636,8001597
307,10/16/2021 15:00:00,2494,4024356,2502.000000000000000,3674513,290.000000000000000,308119.000000000000000,2784,4332475,2792,3982632,5286,8006883
308,10/17/2021 15:00:00,1808,4026164,1773.000000000000000,3676286,55.000000000000000,308174.000000000000000,1863,4334338,1828,3984460,3636,8010519
309,10/18/2021 15:00:00,4285,4030449,3574.000000000000000,3679860,267.000000000000000,308441.000000000000000,4552,4338890,3841,3988301,8126,8018645
310,10/19/2021 15:00:00,4302,4034751,4024.000000000000000,3683884,222.000000000000000,308663.000000000000000,4524,4343414,4246,3992547,8548,8027193
311,10/20/2021 15:00:00,3526,4038277,3420.000000000000000,3687304,254.000000000000000,308917.000000000000000,3780,4347194,3674,3996221,7200,8034393
312,10/21/2021 15:00:00,3300,4041577,3257.000000000000000,3690561,290.000000000000000,309207.000000000000000,3590,4350784,3547,3999768,6847,8041240
313,10/22/2021 15:00:00,4683,4046260,4022.000000000000000,3694583,475.000000000000000,309682.000000000000000,5158,4355942,4497,4004265,9180,8050420
314,10/23/2021 15:00:00,2888,4049148,2114.000000000000000,3696697,321.000000000000000,310003.000000000000000,3209,4359151,2435,4006700,5323,8055743
315,10/24/2021 15:00:00,2061,4051209,1555.000000000000000,3698252,78.000000000000000,310081.000000000000000,2139,4361290,1633,4008333,3694,8059437
316,10/25/2021 15:00:00,4546,4055755,3074.000000000000000,3701326,316.000000000000000,310397.000000000000000,4862,4366152,3390,4011723,7936,8067373
317,10/26/2021 15:00:00,4511,4060266,3089.000000000000000,3704415,310.000000000000000,310707.000000000000000,4821,4370973,3399,4015122,7910,8075283
318,10/27/2021 15:00:00,4735,4065001,3344.000000000000000,3707759,429.000000000000000,311136.000000000000000,5164,4376137,3773,4018895,8508,8083791
319,10/28/2021 15:00:00,4552,4069553,3364.000000000000000,3711123,496.000000000000000,311632.000000000000000,5048,4381185,3860,4022755,8412,8092203
320,10/29/2021 15:00:00,4970,4074523,3916.000000000000000,3715039,393.000000000000000,312025.000000000000000,5363,4386548,4309,4027064,9279,8101482
321,10/30/2021 15:00:00,2631,4077154,1843.000000000000000,3716882,308.000000000000000,312333.000000000000000,2939,4389487,2151,4029215,4782,8106264
322,10/31/2021 15:00:00,1943,4079097,1517.000000000000000,3718399,93.000000000000000,312426.000000000000000,2036,4391523,1610,4030825,3553,8109817
323,11/1/2021 15:00:00,4694,4083791,3423.000000000000000,3721822,341.000000000000000,312767.000000000000000,5035,4396558,3764,4034589,8458,8118275
324,11/2/2021 15:00:00,4256,4088047,2949.000000000000000,3724771,406.000000000000000,313173.000000000000000,4662,4401220,3355,4037944,7611,8125886
325,11/3/2021 15:00:00,4670,4092717,3056.000000000000000,3727827,458.000000000000000,313631.000000000000000,5128,4406348,3514,4041458,8184,8134070
326,11/4/2021 15:00:00,6291,4099008,3358.000000000000000,3731185,512.000000000000000,314143.000000000000000,6803,4413151,3870,4045328,10161,8144231
327,11/5/2021 15:00:00,8227,4107235,3759.000000000000000,3734944,408.000000000000000,314551.000000000000000,8635,4421786,4167,4049495,12394,8156625
328,11/6/2021 15:00:00,10173,4117408,1977.000000000000000,3736921,305.000000000000000,314856.000000000000000,10478,4432264,2282,4051777,12455,8169080
329,11/7/2021 15:00:00,7719,4125127,1469.000000000000000,3738390,94.000000000000000,314950.000000000000000,7813,4440077,1563,4053340,9282,8178362
330,11/8/2021 15:00:00,11286,4136413,3040.000000000000000,3741430,379.000000000000000,315329.000000000000000,11665,4451742,3419,4056759,14705,8193067
331,11/9/2021 15:00:00,11756,4148169,2655.000000000000000,3744085,268.000000000000000,315597.000000000000000,12024,4463766,2923,4059682,14679,8207746
332,11/10/2021 15:00:00,12570,4160739,2763.000000000000000,3746848,337.000000000000000,315934.000000000000000,12907,4476673,3100,4062782,15670,8223416
333,11/11/2021 15:00:00,11345,4172084,2380.000000000000000,3749228,282.000000000000000,316216.000000000000000,11627,4488300,2662,4065444,14007,8237423
334,11/12/2021 15:00:00,12277,4184361,3352.000000000000000,3752580,547.000000000000000,316763.000000000000000,12824,4501124,3899,4069343,16176,8253599
335,11/13/2021 15:00:00,9777,4194138,1587.000000000000000,3754167,342.000000000000000,317105.000000000000000,10119,4511243,1929,4071272,11706,8265305
336,11/14/2021 15:00:00,3920,4198058,1129.000000000000000,3755296,121.000000000000000,317226.000000000000000,4041,4515284,1250,4072522,5170,8270475
337,11/15/2021 15:00:00,8603,4206661,2524.000000000000000,3757820,205.000000000000000,317431.000000000000000,8808,4524092,2729,4075251,11332,8281807
338,11/16/2021 15:00:00,9221,4215882,2491.000000000000000,3760311,255.000000000000000,317686.000000000000000,9476,4533568,2746,4077997,11967,8293774
339,11/17/2021 15:00:00,9385,4225267,2878.000000000000000,3763189,312.000000000000000,317998.000000000000000,9697,4543265,3190,4081187,12575,8306349
340,11/18/2021 15:00:00,9284,4234551,2629.000000000000000,3765818,480.000000000000000,318478.000000000000000,9764,4553029,3109,4084296,12393,8318742
341,11/19/2021 15:00:00,9788,4244339,2915.000000000000000,3768733,381.000000000000000,318859.000000000000000,10169,4563198,3296,4087592,13084,8331826
342,11/20/2021 15:00:00,10624,4254963,1607.000000000000000,3770340,455.000000000000000,319314.000000000000000,11079,4574277,2062,4089654,12686,8344512
343,11/21/2021 15:00:00,4347,4259310,1200.000000000000000,3771540,99.000000000000000,319413.000000000000000,4446,4578723,1299,4090953,5646,8350158
344,11/22/2021 15:00:00,9786,4269096,2490.000000000000000,3774030,292.000000000000000,319705.000000000000000,10078,4588801,2782,4093735,12568,8362726
345,11/23/2021 15:00:00,9164,4278260,2398.000000000000000,3776428,280.000000000000000,319985.000000000000000,9444,4598245,2678,4096413,11842,8374568
346,11/24/2021 15:00:00,8148,4286408,2445.000000000000000,3778873,215.000000000000000,320200.000000000000000,8363,4606608,2660,4099073,10808,8385376
347,11/25/2021 15:00:00,238,4286646,75.000000000000000,3778948,10.000000000000000,320210.000000000000000,248,4606856,85,4099158,323,8385699
348,11/26/2021 15:00:00,5656,4292302,3955.000000000000000,3782903,152.000000000000000,320362.000000000000000,5808,4612664,4107,4103265,9763,8395462
349,11/27/2021 15:00:00,3788,4296090,5446.000000000000000,3788349,134.000000000000000,320496.000000000000000,3922,4616586,5580,4108845,9368,8404830
350,11/28/2021 15:00:00,2419,4298509,6377.000000000000000,3794726,77.000000000000000,320573.000000000000000,2496,4619082,6454,4115299,8873,8413703
351,11/29/2021 15:00:00,6361,4304870,9254.000000000000000,3803980,379.000000000000000,320952.000000000000000,6740,4625822,9633,4124932,15994,8429697
352,11/30/2021 15:00:00,6229,4311099,9259.000000000000000,3813239,264.000000000000000,321216.000000000000000,6493,4632315,9523,4134455,15752,8445449
353,12/1/2021 15:00:00,7247,4318346,9620.000000000000000,3822859,305.000000000000000,321521.000000000000000,7552,4639867,9925,4144380,17172,8462621
354,12/2/2021 15:00:00,6893,4325239,8712.000000000000000,3831571,450.000000000000000,321971.000000000000000,7343,4647210,9162,4153542,16055,8478676
355,12/3/2021 15:00:00,7581,4332820,9221.000000000000000,3840792,249.000000000000000,322220.000000000000000,7830,4655040,9470,4163012,17051,8495727
356,12/4/2021 15:00:00,5902,4338722,9845.000000000000000,3850637,464.000000000000000,322684.000000000000000,6366,4661406,10309,4173321,16211,8511938
357,12/5/2021 15:00:00,3462,4342184,3276.000000000000000,3853913,77.000000000000000,322761.000000000000000,3539,4664945,3353,4176674,6815,8518753
358,12/6/2021 15:00:00,6741,4348925,7076.000000000000000,3860989,276.000000000000000,323037.000000000000000,7017,4671962,7352,4184026,14093,8532846
359,12/7/2021 15:00:00,6395,4355320,6994.000000000000000,3867983,249.000000000000000,323286.000000000000000,6644,4678606,7243,4191269,13638,8546484
360,12/8/2021 15:00:00,6904,4362224,7353.000000000000000,3875336,315.000000000000000,323601.000000000000000,7219,4685825,7668,4198937,14572,8561056
361,12/9/2021 15:00:00,6506,4368730,6953.000000000000000,3882289,396.000000000000000,323997.000000000000000,6902,4692727,7349,4206286,13855,8574911
362,12/10/2021 15:00:00,7229,4375959,7301.000000000000000,3889590,228.000000000000000,324225.000000000000000,7457,4700184,7529,4213815,14758,8589669
363,12/11/2021 15:00:00,4448,4380407,7623.000000000000000,3897213,333.000000000000000,324558.000000000000000,4781,4704965,7956,4221771,12404,8602073
364,12/12/2021 15:00:00,3991,4384398,2783.000000000000000,3899996,60.000000000000000,324618.000000000000000,4051,4709016,2843,4224614,6834,8608907
365,12/13/2021 15:00:00,5691,4390089,5733.000000000000000,3905729,243.000000000000000,324861.000000000000000,5934,4714950,5976,4230590,11667,8620574
366,12/14/2021 15:00:00,6440,4396529,5890.000000000000000,3911619,214.000000000000000,325075.000000000000000,6654,4721604,6104,4236694,12544,8633118
367,12/15/2021 15:00:00,7112,4403641,5664.000000000000000,3917283,248.000000000000000,325323.000000000000000,7360,4728964,5912,4242606,13024,8646142
368,12/16/2021 15:00:00,7824,4411465,2801.000000000000000,3920084,422.000000000000000,325745.000000000000000,8246,4737210,3223,4245829,11047,8657189
369,12/17/2021 15:00:00,7774,4419239,4133.000000000000000,3924217,193.000000000000000,325938.000000000000000,7967,4745177,4326,4250155,12100,8669289
370,12/18/2021 15:00:00,5794,4425033,3171.000000000000000,3927388,298.000000000000000,326236.000000000000000,6092,4751269,3469,4253624,9263,8678552
371,12/19/2021 15:00:00,3381,4428414,1342.000000000000000,3928730,34.000000000000000,326270.000000000000000,3415,4754684,1376,4255000,4757,8683309
372,12/20/2021 15:00:00,8021,4436435,3719.000000000000000,3932449,172.000000000000000,326442.000000000000000,8193,4762877,3891,4258891,11912,8695221
373,12/21/2021 15:00:00,8925,4445360,4096.000000000000000,3936545,169.000000000000000,326611.000000000000000,9094,4771971,4265,4263156,13190,8708411
374,12/22/2021 15:00:00,8648,4454008,3827.000000000000000,3940372,172.000000000000000,326783.000000000000000,8820,4780791,3999,4267155,12647,8721058
375,12/23/2021 15:00:00,8336,4462344,3523.000000000000000,3943895,357.000000000000000,327140.000000000000000,8693,4789484,3880,4271035,12216,8733274
376,12/24/2021 15:00:00,1612,4463956,1001.000000000000000,3944896,39.000000000000000,327179.000000000000000,1651,4791135,1040,4272075,2652,8735926
377,12/25/2021 15:00:00,50,4464006,35.000000000000000,3944931,1.000000000000000,327180.000000000000000,51,4791186,36,4272111,86,8736012
378,12/26/2021 15:00:00,2519,4466525,1747.000000000000000,3946678,44.000000000000000,327224.000000000000000,2563,4793749,1791,4273902,4310,8740322
379,12/27/2021 15:00:00,7153,4473678,3957.000000000000000,3950635,295.000000000000000,327519.000000000000000,7448,4801197,4252,4278154,11405,8751727
380,12/28/2021 15:00:00,7855,4481533,3785.000000000000000,3954420,166.000000000000000,327685.000000000000000,8021,4809218,3951,4282105,11806,8763533
381,12/29/2021 15:00:00,8150,4489683,3998.000000000000000,3958418,154.000000000000000,327839.000000000000000,8304,4817522,4152,4286257,12302,8775835
382,12/30/2021 15:00:00,7433,4497116,3751.000000000000000,3962169,287.000000000000000,328126.000000000000000,7720,4825242,4038,4290295,11471,8787306
383,12/31/2021 15:00:00,2554,4499670,1516.000000000000000,3963685,92.000000000000000,328218.000000000000000,2646,4827888,1608,4291903,4162,8791468
384,1/1/2022 15:00:00,719,4500389,340.000000000000000,3964025,31.000000000000000,328249.000000000000000,750,4828638,371,4292274,1090,8792558
385,1/2/2022 15:00:00,2206,4502595,1639.000000000000000,3965664,45.000000000000000,328294.000000000000000,2251,4830889,1684,4293958,3890,8796448
386,1/3/2022 15:00:00,3377,4505972,2056.000000000000000,3967720,221.000000000000000,328515.000000000000000,3598,4834487,2277,4296235,5654,8802102
387,1/4/2022 15:00:00,5737,4511709,3416.000000000000000,3971136,162.000000000000000,328677.000000000000000,5899,4840386,3578,4299813,9315,8811417
388,1/5/2022 15:00:00,6757,4518466,4659.000000000000000,3975795,173.000000000000000,328850.000000000000000,6930,4847316,4832,4304645,11589,8823006
389,1/6/2022 15:00:00,6651,4525117,4732.000000000000000,3980527,259.000000000000000,329109.000000000000000,6910,4854226,4991,4309636,11642,8834648
390,1/7/2022 15:00:00,5811,4530928,3697.000000000000000,3984224,159.000000000000000,329268.000000000000000,5970,4860196,3856,4313492,9667,8844315
391,1/8/2022 15:00:00,4582,4535510,3829.000000000000000,3988053,73.000000000000000,329341.000000000000000,4655,4864851,3902,4317394,8484,8852799
392,1/9/2022 15:00:00,2730,4538240,2013.000000000000000,3990066,154.000000000000000,329495.000000000000000,2884,4867735,2167,4319561,4897,8857696
393,1/10/2022 15:00:00,6250,4544490,3791.000000000000000,3993857,155.000000000000000,329650.000000000000000,6405,4874140,3946,4323507,10196,8867892
394,1/11/2022 15:00:00,6485,4550975,4228.000000000000000,3998085,141.000000000000000,329791.000000000000000,6626,4880766,4369,4327876,10854,8878746
395,1/12/2022 15:00:00,6677,4557652,4367.000000000000000,4002452,222.000000000000000,330013.000000000000000,6899,4887665,4589,4332465,11266,8890012
396,1/13/2022 15:00:00,6473,4564125,4349.000000000000000,4006801,147.000000000000000,330160.000000000000000,6620,4894285,4496,4336961,10969,8900981
397,1/14/2022 15:00:00,6983,4571108,3140.000000000000000,4009941,250.000000000000000,330410.000000000000000,7233,4901518,3390,4340351,10373,8911354
398,1/15/2022 15:00:00,4086,4575194,1645.000000000000000,4011586,68.000000000000000,330478.000000000000000,4154,4905672,1713,4342064,5799,8917153
399,1/16/2022 15:00:00,2115,4577309,1279.000000000000000,4012865,116.000000000000000,330594.000000000000000,2231,4907903,1395,4343459,3510,8920663
400,1/17/2022 15:00:00,3549,4580858,2288.000000000000000,4015153,71.000000000000000,330665.000000000000000,3620,4911523,2359,4345818,5908,8926571
401,1/18/2022 15:00:00,5045,4585903,4004.000000000000000,4019157,94.000000000000000,330759.000000000000000,5139,4916662,4098,4349916,9143,8935714
402,1/19/2022 15:00:00,5006,4590909,4190.000000000000000,4023347,94.000000000000000,330853.000000000000000,5100,4921762,4284,4354200,9290,8945004
403,1/20/2022 15:00:00,2220,4593129,1889.000000000000000,4025236,51.000000000000000,330904.000000000000000,2271,4924033,1940,4356140,4160,8949164