VACCINATION_DATE,FirstDailyDose,FirstDoseCumulative,SecondDailyDose,SecondDoseCumulative,SingleDailyDose,SingleDoseCumulative,AtleastOneVaccine,AtleastOneVaccineCumulative,CompletedVax,CompletedVaxCumulative,FirstSecondSingleVaccinations,FirstSecondSingleVaccinationsCumulative
2020-12-14 15:00:00,17,1242,,504,,,17,1242,0,504,17,1631
2020-12-15 15:00:00,56,1298,3.0,507,,,56,1298,3,507,59,1690
2020-12-16 15:00:00,585,1883,3.0,510,,,585,1883,3,510,588,2278
2020-12-17 15:00:00,1152,3035,2.0,512,,,1152,3035,2,512,1154,3432
2020-12-18 15:00:00,3002,6037,12.0,524,,,3002,6037,12,524,3014,6446
2020-12-19 15:00:00,927,6964,5.0,529,,,927,6964,5,529,932,7378
2020-12-20 15:00:00,346,7310,4.0,533,,,346,7310,4,533,350,7728
2020-12-21 15:00:00,3875,11185,25.0,558,,,3875,11185,25,558,3900,11628
2020-12-22 15:00:00,6310,17495,23.0,581,,,6310,17495,23,581,6333,17961
2020-12-23 15:00:00,5766,23261,33.0,614,,,5766,23261,33,614,5799,23760
2020-12-24 15:00:00,2718,25979,14.0,628,,,2718,25979,14,628,2732,26492
2020-12-25 15:00:00,1034,27013,4.0,632,,,1034,27013,4,632,1038,27530
2020-12-26 15:00:00,1876,28889,9.0,641,,,1876,28889,9,641,1885,29415
2020-12-27 15:00:00,1799,30688,10.0,651,,,1799,30688,10,651,1809,31224
2020-12-28 15:00:00,8972,39660,41.0,692,,,8972,39660,41,692,9013,40237
2020-12-29 15:00:00,10945,50605,48.0,740,,,10945,50605,48,740,10993,51230
2020-12-30 15:00:00,12484,63089,75.0,815,,,12484,63089,75,815,12559,63789
2020-12-31 15:00:00,7539,70628,41.0,856,,,7539,70628,41,856,7580,71369
2021-01-01 15:00:00,2885,73513,129.0,985,,,2885,73513,129,985,3014,74383
2021-01-02 15:00:00,3017,76530,34.0,1019,,,3017,76530,34,1019,3051,77434
2021-01-03 15:00:00,3390,79920,80.0,1099,,,3390,79920,80,1099,3470,80904
2021-01-04 15:00:00,13325,93245,321.0,1420,,,13325,93245,321,1420,13646,94550
2021-01-05 15:00:00,12443,105688,532.0,1952,,,12443,105688,532,1952,12975,107525
2021-01-06 15:00:00,15216,120904,851.0,2803,,,15216,120904,851,2803,16067,123592
2021-01-07 15:00:00,14997,135901,1749.0,4552,,,14997,135901,1749,4552,16746,140338
2021-01-08 15:00:00,23977,159878,2757.0,7309,,,23977,159878,2757,7309,26734,167072
2021-01-09 15:00:00,5149,165027,945.0,8254,,,5149,165027,945,8254,6094,173166
2021-01-10 15:00:00,2948,167975,375.0,8629,,,2948,167975,375,8629,3323,176489
2021-01-11 15:00:00,13697,181672,3456.0,12085,,,13697,181672,3456,12085,17153,193642
2021-01-12 15:00:00,17353,199025,5573.0,17658,,,17353,199025,5573,17658,22926,216568
2021-01-13 15:00:00,18574,217599,3894.0,21552,,,18574,217599,3894,21552,22468,239036
2021-01-14 15:00:00,17808,235407,1943.0,23495,,,17808,235407,1943,23495,19751,258787
2021-01-15 15:00:00,19418,254825,2002.0,25497,,,19418,254825,2002,25497,21420,280207
2021-01-16 15:00:00,5805,260630,1604.0,27101,,,5805,260630,1604,27101,7409,287616
2021-01-17 15:00:00,2107,262737,1476.0,28577,,,2107,262737,1476,28577,3583,291199
2021-01-18 15:00:00,7062,269799,3241.0,31818,,,7062,269799,3241,31818,10303,301502
2021-01-19 15:00:00,16913,286712,5381.0,37199,,,16913,286712,5381,37199,22294,323796
2021-01-20 15:00:00,20985,307697,5291.0,42490,,,20985,307697,5291,42490,26276,350072
2021-01-21 15:00:00,23760,331457,3797.0,46287,,,23760,331457,3797,46287,27557,377629
2021-01-22 15:00:00,28641,360098,3712.0,49999,,,28641,360098,3712,49999,32353,409982
2021-01-23 15:00:00,10099,370197,1927.0,51926,,,10099,370197,1927,51926,12026,422008
2021-01-24 15:00:00,3338,373535,1720.0,53646,,,3338,373535,1720,53646,5058,427066
2021-01-25 15:00:00,16289,389824,8576.0,62222,,,16289,389824,8576,62222,24865,451931
2021-01-26 15:00:00,17537,407361,8952.0,71174,,,17537,407361,8952,71174,26489,478420
2021-01-27 15:00:00,24442,431803,12519.0,83693,,,24442,431803,12519,83693,36961,515381
2021-01-28 15:00:00,22649,454452,9291.0,92984,,,22649,454452,9291,92984,31940,547321
2021-01-29 15:00:00,24757,479209,7883.0,100867,,,24757,479209,7883,100867,32640,579961
2021-01-30 15:00:00,17763,496972,2530.0,103397,,,17763,496972,2530,103397,20293,600254
2021-01-31 15:00:00,3754,500726,1343.0,104740,,,3754,500726,1343,104740,5097,605351
2021-02-01 15:00:00,7819,508545,5228.0,109968,,,7819,508545,5228,109968,13047,618398
2021-02-02 15:00:00,12460,521005,13795.0,123763,,,12460,521005,13795,123763,26255,644653
2021-02-03 15:00:00,18218,539223,18091.0,141854,,,18218,539223,18091,141854,36309,680962
2021-02-04 15:00:00,22081,561304,15746.0,157600,,,22081,561304,15746,157600,37827,718789
2021-02-05 15:00:00,20332,581636,17371.0,174971,,,20332,581636,17371,174971,37703,756492
2021-02-06 15:00:00,11307,592943,14448.0,189419,,,11307,592943,14448,189419,25755,782247
2021-02-07 15:00:00,5940,598883,1816.0,191235,,,5940,598883,1816,191235,7756,790003
2021-02-08 15:00:00,12944,611827,12904.0,204139,,,12944,611827,12904,204139,25848,815851
2021-02-09 15:00:00,16621,628448,13836.0,217975,,,16621,628448,13836,217975,30457,846308
2021-02-10 15:00:00,19265,647713,21201.0,239176,,,19265,647713,21201,239176,40466,886774
2021-02-11 15:00:00,22849,670562,17297.0,256473,,,22849,670562,17297,256473,40146,926920
2021-02-12 15:00:00,20365,690927,19591.0,276064,,,20365,690927,19591,276064,39956,966876
2021-02-13 15:00:00,11415,702342,6393.0,282457,,,11415,702342,6393,282457,17808,984684
2021-02-14 15:00:00,7109,709451,2104.0,284561,,,7109,709451,2104,284561,9213,993897
2021-02-15 15:00:00,11738,721189,13297.0,297858,,,11738,721189,13297,297858,25035,1018932
2021-02-16 15:00:00,16588,737777,20987.0,318845,,,16588,737777,20987,318845,37575,1056507
2021-02-17 15:00:00,20643,758420,26349.0,345194,,,20643,758420,26349,345194,46992,1103499
2021-02-18 15:00:00,3189,761609,4606.0,349800,,,3189,761609,4606,349800,7795,1111294
2021-02-19 15:00:00,10243,771852,19903.0,369703,,,10243,771852,19903,369703,30146,1141440
2021-02-20 15:00:00,10297,782149,20257.0,389960,,,10297,782149,20257,389960,30554,1171994
2021-02-21 15:00:00,6160,788309,7626.0,397586,,,6160,788309,7626,397586,13786,1185780
2021-02-22 15:00:00,8021,796330,15451.0,413037,,,8021,796330,15451,413037,23472,1209252
2021-02-23 15:00:00,15516,811846,15940.0,428977,,,15516,811846,15940,428977,31456,1240708
2021-02-24 15:00:00,17923,829769,24733.0,453710,,,17923,829769,24733,453710,42656,1283364
2021-02-25 15:00:00,20382,850151,26530.0,480240,,,20382,850151,26530,480240,46912,1330276
2021-02-26 15:00:00,26699,876850,26178.0,506418,,,26699,876850,26178,506418,52877,1383153
2021-02-27 15:00:00,15985,892835,11127.0,517545,,,15985,892835,11127,517545,27112,1410265
2021-02-28 15:00:00,15492,908327,4865.0,522410,,,15492,908327,4865,522410,20357,1430622
2021-03-01 15:00:00,26482,934809,12473.0,534883,,,26482,934809,12473,534883,38955,1469577
2021-03-02 15:00:00,23868,958677,13243.0,548126,32.0,32.0,23900,958709,13275,548158,37143,1506720
2021-03-03 15:00:00,30129,988806,18361.0,566487,182.0,214.0,30311,989020,18543,566701,48672,1555392
2021-03-04 15:00:00,30937,1019743,18150.0,584637,4066.0,4280.0,35003,1024023,22216,588917,53153,1608545
2021-03-05 15:00:00,29419,1049162,19439.0,604076,4910.0,9190.0,34329,1058352,24349,613266,53768,1662313
2021-03-06 15:00:00,17856,1067018,8959.0,613035,6004.0,15194.0,23860,1082212,14963,628229,32819,1695132
2021-03-07 15:00:00,12111,1079129,4834.0,617869,6613.0,21807.0,18724,1100936,11447,639676,23558,1718690
2021-03-08 15:00:00,25831,1104960,8802.0,626671,8277.0,30084.0,34108,1135044,17079,656755,42910,1761600
2021-03-09 15:00:00,26083,1131043,15430.0,642101,8346.0,38430.0,34429,1169473,23776,680531,49859,1811459
2021-03-10 15:00:00,29813,1160856,15969.0,658070,7935.0,46365.0,37748,1207221,23904,704435,53717,1865176
2021-03-11 15:00:00,35941,1196797,16397.0,674467,3983.0,50348.0,39924,1247145,20380,724815,56321,1921497
2021-03-12 15:00:00,36879,1233676,18051.0,692518,2921.0,53269.0,39800,1286945,20972,745787,57851,1979348
2021-03-13 15:00:00,22646,1256322,10253.0,702771,1622.0,54891.0,24268,1311213,11875,757662,34521,2013869
2021-03-14 15:00:00,17838,1274160,6695.0,709466,999.0,55890.0,18837,1330050,7694,765356,25532,2039401
2021-03-15 15:00:00,29787,1303947,11262.0,720728,594.0,56484.0,30381,1360431,11856,777212,41643,2081044
2021-03-16 15:00:00,33409,1337356,13541.0,734269,768.0,57252.0,34177,1394608,14309,791521,47718,2128762
2021-03-17 15:00:00,37540,1374896,17006.0,751275,1176.0,58428.0,38716,1433324,18182,809703,55722,2184484
2021-03-18 15:00:00,41407,1416303,12598.0,763873,1348.0,59776.0,42755,1476079,13946,823649,55353,2239837
2021-03-19 15:00:00,38296,1454599,15376.0,779249,1036.0,60812.0,39332,1515411,16412,840061,54708,2294545
2021-03-20 15:00:00,24666,1479265,10114.0,789363,699.0,61511.0,25365,1540776,10813,850874,35479,2330024
2021-03-21 15:00:00,19156,1498421,7836.0,797199,334.0,61845.0,19490,1560266,8170,859044,27326,2357350
2021-03-22 15:00:00,32565,1530986,11434.0,808633,834.0,62679.0,33399,1593665,12268,871312,44833,2402183
2021-03-23 15:00:00,37734,1568720,17307.0,825940,1553.0,64232.0,39287,1632952,18860,890172,56594,2458777
2021-03-24 15:00:00,41058,1609778,21150.0,847090,1381.0,65613.0,42439,1675391,22531,912703,63589,2522366
2021-03-25 15:00:00,42330,1652108,21010.0,868100,2457.0,68070.0,44787,1720178,23467,936170,65797,2588163
2021-03-26 15:00:00,36590,1688698,26264.0,894364,2498.0,70568.0,39088,1759266,28762,964932,65352,2653515
2021-03-27 15:00:00,26917,1715615,16777.0,911141,2483.0,73051.0,29400,1788666,19260,984192,46177,2699692
2021-03-28 15:00:00,17010,1732625,12608.0,923749,1616.0,74667.0,18626,1807292,14224,998416,31234,2730926
2021-03-29 15:00:00,29702,1762327,26219.0,949968,1140.0,75807.0,30842,1838134,27359,1025775,57061,2787987
2021-03-30 15:00:00,40020,1802347,28920.0,978888,1856.0,77663.0,41876,1880010,30776,1056551,70796,2858783
2021-03-31 15:00:00,41026,1843373,34601.0,1013489,5749.0,83412.0,46775,1926785,40350,1096901,81376,2940159
2021-04-01 15:00:00,41098,1884471,39889.0,1053378,5669.0,89081.0,46767,1973552,45558,1142459,86656,3026815
2021-04-02 15:00:00,35001,1919472,32496.0,1085874,6121.0,95202.0,41122,2014674,38617,1181076,73618,3100433
2021-04-03 15:00:00,21617,1941089,18667.0,1104541,4367.0,99569.0,25984,2040658,23034,1204110,44651,3145084
2021-04-04 15:00:00,8243,1949332,10174.0,1114715,964.0,100533.0,9207,2049865,11138,1215248,19381,3164465
2021-04-05 15:00:00,27902,1977234,28850.0,1143565,6654.0,107187.0,34556,2084421,35504,1250752,63406,3227871
2021-04-06 15:00:00,39739,2016973,30396.0,1173961,10491.0,117678.0,50230,2134651,40887,1291639,80626,3308497
2021-04-07 15:00:00,36027,2053000,34205.0,1208166,12976.0,130654.0,49003,2183654,47181,1338820,83208,3391705
2021-04-08 15:00:00,42297,2095297,36011.0,1244177,13856.0,144510.0,56153,2239807,49867,1388687,92164,3483869
2021-04-09 15:00:00,34011,2129308,36283.0,1280460,14524.0,159034.0,48535,2288342,50807,1439494,84818,3568687
2021-04-10 15:00:00,23444,2152752,23098.0,1303558,7633.0,166667.0,31077,2319419,30731,1470225,54175,3622862
2021-04-11 15:00:00,17553,2170305,13268.0,1316826,10124.0,176791.0,27677,2347096,23392,1493617,40945,3663807
2021-04-12 15:00:00,24577,2194882,33131.0,1349957,10895.0,187686.0,35472,2382568,44026,1537643,68603,3732410
2021-04-13 15:00:00,126768,2321650,90571.0,1440528,3293.0,190979.0,130061,2512629,93864,1631507,220632,3953042
2021-04-14 15:00:00,40677,2362327,37759.0,1478287,210.0,191189.0,40887,2553516,37969,1669476,78646,4031688
2021-04-15 15:00:00,41667,2403994,39164.0,1517451,172.0,191361.0,41839,2595355,39336,1708812,81003,4112691
2021-04-16 15:00:00,37197,2441191,38727.0,1556178,23.0,191384.0,37220,2632575,38750,1747562,75947,4188638
2021-04-17 15:00:00,32779,2473970,21984.0,1578162,12.0,191396.0,32791,2665366,21996,1769558,54775,4243413
2021-04-18 15:00:00,20058,2494028,16176.0,1594338,5.0,191401.0,20063,2685429,16181,1785739,36239,4279652
2021-04-19 15:00:00,29883,2523911,36486.0,1630824,61.0,191462.0,29944,2715373,36547,1822286,66430,4346082
2021-04-20 15:00:00,33096,2557007,44176.0,1675000,56.0,191518.0,33152,2748525,44232,1866518,77328,4423410
2021-04-21 15:00:00,39796,2596803,46974.0,1721974,22.0,191540.0,39818,2788343,46996,1913514,86792,4510202
2021-04-22 15:00:00,36401,2633204,42022.0,1763996,16.0,191556.0,36417,2824760,42038,1955552,78439,4588641
2021-04-23 15:00:00,33115,2666319,40066.0,1804062,14.0,191570.0,33129,2857889,40080,1995632,73195,4661836
2021-04-24 15:00:00,26401,2692720,27844.0,1831906,81.0,191651.0,26482,2884371,27925,2023557,54326,4716162
2021-04-25 15:00:00,20215,2712935,10932.0,1842838,31.0,191682.0,20246,2904617,10963,2034520,31178,4747340
2021-04-26 15:00:00,27411,2740346,32653.0,1875491,202.0,191884.0,27613,2932230,32855,2067375,60266,4807606
2021-04-27 15:00:00,26687,2767033,33000.0,1908491,1098.0,192982.0,27785,2960015,34098,2101473,60785,4868391
2021-04-28 15:00:00,28920,2795953,39472.0,1947963,1362.0,194344.0,30282,2990297,40834,2142307,69754,4938145
2021-04-29 15:00:00,27296,2823249,39416.0,1987379,1465.0,195809.0,28761,3019058,40881,2183188,68177,5006322
2021-04-30 15:00:00,28188,2851437,32170.0,2019549,1646.0,197455.0,29834,3048892,33816,2217004,62004,5068326
2021-05-01 15:00:00,20512,2871949,26478.0,2046027,1034.0,198489.0,21546,3070438,27512,2244516,48024,5116350
2021-05-02 15:00:00,10277,2882226,17017.0,2063044,820.0,199309.0,11097,3081535,17837,2262353,28114,5144464
2021-05-03 15:00:00,12740,2894966,28518.0,2091562,1912.0,201221.0,14652,3096187,30430,2292783,43170,5187634
2021-05-04 15:00:00,13569,2908535,38529.0,2130091,1736.0,202957.0,15305,3111492,40265,2333048,53834,5241468
2021-05-05 15:00:00,19324,2927859,37685.0,2167776,1919.0,204876.0,21243,3132735,39604,2372652,58928,5300396
2021-05-06 15:00:00,16921,2944780,40544.0,2208320,1721.0,206597.0,18642,3151377,42265,2414917,59186,5359582
2021-05-07 15:00:00,17412,2962192,36027.0,2244347,1958.0,208555.0,19370,3170747,37985,2452902,55397,5414979
2021-05-08 15:00:00,10786,2972978,31211.0,2275558,1292.0,209847.0,12078,3182825,32503,2485405,43289,5458268
2021-05-09 15:00:00,5050,2978028,11911.0,2287469,695.0,210542.0,5745,3188570,12606,2498011,17656,5475924
2021-05-10 15:00:00,8951,2986979,31015.0,2318484,1360.0,211902.0,10311,3198881,32375,2530386,41326,5517250
2021-05-11 15:00:00,12190,2999169,30248.0,2348732,1437.0,213339.0,13627,3212508,31685,2562071,43875,5561125
2021-05-12 15:00:00,13943,3013112,38562.0,2387294,1919.0,215258.0,15862,3228370,40481,2602552,54424,5615549
2021-05-13 15:00:00,21849,3034961,33426.0,2420720,1347.0,216605.0,23196,3251566,34773,2637325,56622,5672171
2021-05-14 15:00:00,24348,3059309,29983.0,2450703,1774.0,218379.0,26122,3277688,31757,2669082,56105,5728276
2021-05-15 15:00:00,21901,3081210,25068.0,2475771,1490.0,219869.0,23391,3301079,26558,2695640,48459,5776735
2021-05-16 15:00:00,9079,3090289,17558.0,2493329,1113.0,220982.0,10192,3311271,18671,2714311,27750,5804485
2021-05-17 15:00:00,16842,3107131,28363.0,2521692,1949.0,222931.0,18791,3330062,30312,2744623,47154,5851639
2021-05-18 15:00:00,21244,3128375,30647.0,2552339,1941.0,224872.0,23185,3353247,32588,2777211,53832,5905471
2021-05-19 15:00:00,27622,3155997,32391.0,2584730,1626.0,226498.0,29248,3382495,34017,2811228,61639,5967110
2021-05-20 15:00:00,20798,3176795,33221.0,2617951,1970.0,228468.0,22768,3405263,35191,2846419,55989,6023099
2021-05-21 15:00:00,19161,3195956,30274.0,2648225,1608.0,230076.0,20769,3426032,31882,2878301,51043,6074142
2021-05-22 15:00:00,16919,3212875,20661.0,2668886,1270.0,231346.0,18189,3444221,21931,2900232,38850,6112992
2021-05-23 15:00:00,8752,3221627,11427.0,2680313,964.0,232310.0,9716,3453937,12391,2912623,21143,6134135
2021-05-24 15:00:00,13562,3235189,17735.0,2698048,1474.0,233784.0,15036,3468973,19209,2931832,32771,6166906
2021-05-25 15:00:00,12993,3248182,18661.0,2716709,1329.0,235113.0,14322,3483295,19990,2951822,32983,6199889
2021-05-26 15:00:00,18281,3266463,19441.0,2736150,1512.0,236625.0,19793,3503088,20953,2972775,39234,6239123
2021-05-27 15:00:00,11682,3278145,18629.0,2754779,1116.0,237741.0,12798,3515886,19745,2992520,31427,6270550
2021-05-28 15:00:00,12500,3290645,19714.0,2774493,1400.0,239141.0,13900,3529786,21114,3013634,33614,6304164
2021-05-29 15:00:00,9551,3300196,11638.0,2786131,935.0,240076.0,10486,3540272,12573,3026207,22124,6326288
2021-05-30 15:00:00,4964,3305160,6417.0,2792548,596.0,240672.0,5560,3545832,7013,3033220,11977,6338265
2021-05-31 15:00:00,1773,3306933,3705.0,2796253,305.0,240977.0,2078,3547910,4010,3037230,5783,6344048
2021-06-01 15:00:00,9779,3316712,16348.0,2812601,1153.0,242130.0,10932,3558842,17501,3054731,27280,6371328
2021-06-02 15:00:00,10229,3326941,16781.0,2829382,959.0,243089.0,11188,3570030,17740,3072471,27969,6399297
2021-06-03 15:00:00,7898,3334839,21151.0,2850533,1086.0,244175.0,8984,3579014,22237,3094708,30135,6429432
2021-06-04 15:00:00,8201,3343040,22261.0,2872794,1121.0,245296.0,9322,3588336,23382,3118090,31583,6461015
2021-06-05 15:00:00,7012,3350052,19413.0,2892207,720.0,246016.0,7732,3596068,20133,3138223,27145,6488160
2021-06-06 15:00:00,3462,3353514,7227.0,2899434,423.0,246439.0,3885,3599953,7650,3145873,11112,6499272
2021-06-07 15:00:00,6856,3360370,15736.0,2915170,726.0,247165.0,7582,3607535,16462,3162335,23318,6522590
2021-06-08 15:00:00,6669,3367039,19671.0,2934841,829.0,247994.0,7498,3615033,20500,3182835,27169,6549759
2021-06-09 15:00:00,8195,3375234,23909.0,2958750,969.0,248963.0,9164,3624197,24878,3207713,33073,6582832
2021-06-10 15:00:00,7148,3382382,19089.0,2977839,895.0,249858.0,8043,3632240,19984,3227697,27132,6609964
2021-06-11 15:00:00,7468,3389850,17701.0,2995540,1125.0,250983.0,8593,3640833,18826,3246523,26294,6636258
2021-06-12 15:00:00,5228,3395078,14740.0,3010280,604.0,251587.0,5832,3646665,15344,3261867,20572,6656830
2021-06-13 15:00:00,1931,3397009,7558.0,3017838,427.0,252014.0,2358,3649023,7985,3269852,9916,6666746
2021-06-14 15:00:00,5654,3402663,11802.0,3029640,734.0,252748.0,6388,3655411,12536,3282388,18190,6684936
2021-06-15 15:00:00,5653,3408316,14299.0,3043939,872.0,253620.0,6525,3661936,15171,3297559,20824,6705760
2021-06-16 15:00:00,8748,3417064,21559.0,3065498,757.0,254377.0,9505,3671441,22316,3319875,31064,6736824
2021-06-17 15:00:00,6683,3423747,12347.0,3077845,720.0,255097.0,7403,3678844,13067,3332942,19750,6756574
2021-06-18 15:00:00,6834,3430581,12702.0,3090547,704.0,255801.0,7538,3686382,13406,3346348,20240,6776814
2021-06-19 15:00:00,4662,3435243,9355.0,3099902,613.0,256414.0,5275,3691657,9968,3356316,14630,6791444
2021-06-20 15:00:00,2505,3437748,5037.0,3104939,378.0,256792.0,2883,3694540,5415,3361731,7920,6799364
2021-06-21 15:00:00,5555,3443303,5321.0,3110260,636.0,257428.0,6191,3700731,5957,3367688,11512,6810876
2021-06-22 15:00:00,5193,3448496,8850.0,3119110,682.0,258110.0,5875,3706606,9532,3377220,14725,6825601
2021-06-23 15:00:00,6064,3454560,10302.0,3129412,646.0,258756.0,6710,3713316,10948,3388168,17012,6842613
2021-06-24 15:00:00,5930,3460490,8184.0,3137596,594.0,259350.0,6524,3719840,8778,3396946,14708,6857321
2021-06-25 15:00:00,5827,3466317,8621.0,3146217,620.0,259970.0,6447,3726287,9241,3406187,15068,6872389
2021-06-26 15:00:00,3700,3470017,6292.0,3152509,396.0,260366.0,4096,3730383,6688,3412875,10388,6882777
2021-06-27 15:00:00,2810,3472827,3516.0,3156025,185.0,260551.0,2995,3733378,3701,3416576,6511,6889288
2021-06-28 15:00:00,4734,3477561,6085.0,3162110,523.0,261074.0,5257,3738635,6608,3423184,11342,6900630
2021-06-29 15:00:00,5059,3482620,6451.0,3168561,519.0,261593.0,5578,3744213,6970,3430154,12029,6912659
2021-06-30 15:00:00,5609,3488229,7369.0,3175930,605.0,262198.0,6214,3750427,7974,3438128,13583,6926242
2021-07-01 15:00:00,5354,3493583,6926.0,3182856,495.0,262693.0,5849,3756276,7421,3445549,12775,6939017
2021-07-02 15:00:00,5282,3498865,6816.0,3189672,521.0,263214.0,5803,3762079,7337,3452886,12619,6951636
2021-07-03 15:00:00,3262,3502127,4053.0,3193725,265.0,263479.0,3527,3765606,4318,3457204,7580,6959216
2021-07-04 15:00:00,492,3502619,545.0,3194270,67.0,263546.0,559,3766165,612,3457816,1104,6960320
2021-07-05 15:00:00,3759,3506378,3945.0,3198215,287.0,263833.0,4046,3770211,4232,3462048,7991,6968311
2021-07-06 15:00:00,4479,3510857,6235.0,3204450,452.0,264285.0,4931,3775142,6687,3468735,11166,6979477
2021-07-07 15:00:00,4458,3515315,6385.0,3210835,482.0,264767.0,4940,3780082,6867,3475602,11325,6990802
2021-07-08 15:00:00,4827,3520142,6144.0,3216979,564.0,265331.0,5391,3785473,6708,3482310,11535,7002337
2021-07-09 15:00:00,5348,3525490,6633.0,3223612,572.0,265903.0,5920,3791393,7205,3489515,12553,7014890
2021-07-10 15:00:00,3524,3529014,4386.0,3227998,302.0,266205.0,3826,3795219,4688,3494203,8212,7023102
2021-07-11 15:00:00,2668,3531682,2564.0,3230562,224.0,266429.0,2892,3798111,2788,3496991,5456,7028558
2021-07-12 15:00:00,4414,3536096,5099.0,3235661,377.0,266806.0,4791,3802902,5476,3502467,9890,7038448
2021-07-13 15:00:00,4762,3540858,4594.0,3240255,366.0,267172.0,5128,3808030,4960,3507427,9722,7048170
2021-07-14 15:00:00,4610,3545468,5252.0,3245507,421.0,267593.0,5031,3813061,5673,3513100,10283,7058453
2021-07-15 15:00:00,4883,3550351,4992.0,3250499,357.0,267950.0,5240,3818301,5349,3518449,10232,7068685
2021-07-16 15:00:00,6279,3556630,5813.0,3256312,401.0,268351.0,6680,3824981,6214,3524663,12493,7081178
2021-07-17 15:00:00,3410,3560040,3541.0,3259853,300.0,268651.0,3710,3828691,3841,3528504,7251,7088429
2021-07-18 15:00:00,2305,3562345,2370.0,3262223,110.0,268761.0,2415,3831106,2480,3530984,4785,7093214
2021-07-19 15:00:00,5259,3567604,4470.0,3266693,379.0,269140.0,5638,3836744,4849,3535833,10108,7103322
2021-07-20 15:00:00,5326,3572930,4686.0,3271379,366.0,269506.0,5692,3842436,5052,3540885,10378,7113700
2021-07-21 15:00:00,5637,3578567,4912.0,3276291,415.0,269921.0,6052,3848488,5327,3546212,10964,7124664
2021-07-22 15:00:00,6013,3584580,4607.0,3280898,469.0,270390.0,6482,3854970,5076,3551288,11089,7135753
2021-07-23 15:00:00,6834,3591414,4820.0,3285718,492.0,270882.0,7326,3862296,5312,3556600,12146,7147899
2021-07-24 15:00:00,4277,3595691,3194.0,3288912,267.0,271149.0,4544,3866840,3461,3560061,7738,7155637
2021-07-25 15:00:00,3290,3598981,1111.0,3290023,138.0,271287.0,3428,3870268,1249,3561310,4539,7160176
2021-07-26 15:00:00,6197,3605178,3888.0,3293911,418.0,271705.0,6615,3876883,4306,3565616,10503,7170679
2021-07-27 15:00:00,6346,3611524,4053.0,3297964,455.0,272160.0,6801,3883684,4508,3570124,10854,7181533
2021-07-28 15:00:00,6801,3618325,3999.0,3301963,458.0,272618.0,7259,3890943,4457,3574581,11258,7192791
2021-07-29 15:00:00,6801,3625126,4141.0,3306104,416.0,273034.0,7217,3898160,4557,3579138,11358,7204149
2021-07-30 15:00:00,7537,3632663,4509.0,3310613,523.0,273557.0,8060,3906220,5032,3584170,12569,7216718
2021-07-31 15:00:00,4781,3637444,3037.0,3313650,273.0,273830.0,5054,3911274,3310,3587480,8091,7224809
2021-08-01 15:00:00,3832,3641276,2118.0,3315768,160.0,273990.0,3992,3915266,2278,3589758,6110,7230919
2021-08-02 15:00:00,7021,3648297,3636.0,3319404,336.0,274326.0,7357,3922623,3972,3593730,10993,7241912
2021-08-03 15:00:00,7001,3655298,3894.0,3323298,511.0,274837.0,7512,3930135,4405,3598135,11406,7253318
2021-08-04 15:00:00,7157,3662455,3894.0,3327192,528.0,275365.0,7685,3937820,4422,3602557,11579,7264897
2021-08-05 15:00:00,7678,3670133,4112.0,3331304,537.0,275902.0,8215,3946035,4649,3607206,12327,7277224
2021-08-06 15:00:00,8294,3678427,4691.0,3335995,452.0,276354.0,8746,3954781,5143,3612349,13437,7290661
2021-08-07 15:00:00,5257,3683684,2804.0,3338799,264.0,276618.0,5521,3960302,3068,3615417,8325,7298986
2021-08-08 15:00:00,3944,3687628,2043.0,3340842,143.0,276761.0,4087,3964389,2186,3617603,6130,7305116
2021-08-09 15:00:00,6920,3694548,4511.0,3345353,367.0,277128.0,7287,3971676,4878,3622481,11798,7316914
2021-08-10 15:00:00,7123,3701671,4441.0,3349794,338.0,277466.0,7461,3979137,4779,3627260,11902,7328816
2021-08-11 15:00:00,7044,3708715,4419.0,3354213,440.0,277906.0,7484,3986621,4859,3632119,11903,7340719
2021-08-12 15:00:00,8592,3717307,4716.0,3358929,443.0,278349.0,9035,3995656,5159,3637278,13751,7354470
2021-08-13 15:00:00,7131,3724438,5355.0,3364284,394.0,278743.0,7525,4003181,5749,3643027,12880,7367350
2021-08-14 15:00:00,4912,3729350,3337.0,3367621,285.0,279028.0,5197,4008378,3622,3646649,8534,7375884
2021-08-15 15:00:00,3320,3732670,2730.0,3370351,163.0,279191.0,3483,4011861,2893,3649542,6213,7382097
2021-08-16 15:00:00,5433,3738103,5070.0,3375421,352.0,279543.0,5785,4017646,5422,3654964,10855,7392952
2021-08-17 15:00:00,6959,3745062,5174.0,3380595,389.0,279932.0,7348,4024994,5563,3660527,12522,7405474
2021-08-18 15:00:00,6501,3751563,5293.0,3385888,477.0,280409.0,6978,4031972,5770,3666297,12271,7417745
2021-08-19 15:00:00,5988,3757551,5314.0,3391202,415.0,280824.0,6403,4038375,5729,3672026,11717,7429462
2021-08-20 15:00:00,7029,3764580,6324.0,3397526,402.0,281226.0,7431,4045806,6726,3678752,13755,7443217
2021-08-21 15:00:00,4319,3768899,3915.0,3401441,227.0,281453.0,4546,4050352,4142,3682894,8461,7451678
2021-08-22 15:00:00,3060,3771959,3158.0,3404599,110.0,281563.0,3170,4053522,3268,3686162,6328,7458006
2021-08-23 15:00:00,6167,3778126,5914.0,3410513,285.0,281848.0,6452,4059974,6199,3692361,12366,7470372
2021-08-24 15:00:00,6646,3784772,5867.0,3416380,424.0,282272.0,7070,4067044,6291,3698652,12937,7483309
2021-08-25 15:00:00,6912,3791684,6013.0,3422393,439.0,282711.0,7351,4074395,6452,3705104,13364,7496673
2021-08-26 15:00:00,7181,3798865,6425.0,3428818,427.0,283138.0,7608,4082003,6852,3711956,14033,7510706
2021-08-27 15:00:00,6869,3805734,7013.0,3435831,316.0,283454.0,7185,4089188,7329,3719285,14198,7524904
2021-08-28 15:00:00,6906,3812640,6494.0,3442325,325.0,283779.0,7231,4096419,6819,3726104,13725,7538629
2021-08-29 15:00:00,3736,3816376,3676.0,3446001,611.0,284390.0,4347,4100766,4287,3730391,8023,7546652
2021-08-30 15:00:00,5946,3822322,6094.0,3452095,960.0,285350.0,6906,4107672,7054,3737445,13000,7559652
2021-08-31 15:00:00,5700,3828022,5913.0,3458008,945.0,286295.0,6645,4114317,6858,3744303,12558,7572210
2021-09-01 15:00:00,5560,3833582,5589.0,3463597,911.0,287206.0,6471,4120788,6500,3750803,12060,7584270
2021-09-02 15:00:00,5524,3839106,5898.0,3469495,703.0,287909.0,6227,4127015,6601,3757404,12125,7596395
2021-09-03 15:00:00,6000,3845106,6881.0,3476376,971.0,288880.0,6971,4133986,7852,3765256,13852,7610247
2021-09-04 15:00:00,3716,3848822,4333.0,3480709,879.0,289759.0,4595,4138581,5212,3770468,8928,7619175
2021-09-05 15:00:00,2956,3851778,2801.0,3483510,105.0,289864.0,3061,4141642,2906,3773374,5862,7625037
2021-09-06 15:00:00,1056,3852834,1148.0,3484658,63.0,289927.0,1119,4142761,1211,3774585,2267,7627304
2021-09-07 15:00:00,5343,3858177,7257.0,3491915,2304.0,292231.0,7647,4150408,9561,3784146,14904,7642208
2021-09-08 15:00:00,4662,3862839,5443.0,3497358,365.0,292596.0,5027,4155435,5808,3789954,10470,7652678
2021-09-09 15:00:00,5086,3867925,5357.0,3502715,324.0,292920.0,5410,4160845,5681,3795635,10767,7663445
2021-09-10 15:00:00,6545,3874470,6594.0,3509309,1716.0,294636.0,8261,4169106,8310,3803945,14855,7678300
2021-09-11 15:00:00,4167,3878637,4320.0,3513629,663.0,295299.0,4830,4173936,4983,3808928,9150,7687450
2021-09-12 15:00:00,3164,3881801,3229.0,3516858,436.0,295735.0,3600,4177536,3665,3812593,6829,7694279
2021-09-13 15:00:00,4671,3886472,4844.0,3521702,346.0,296081.0,5017,4182553,5190,3817783,9861,7704140
2021-09-14 15:00:00,4585,3891057,5193.0,3526895,434.0,296515.0,5019,4187572,5627,3823410,10212,7714352
2021-09-15 15:00:00,4850,3895907,5604.0,3532499,388.0,296903.0,5238,4192810,5992,3829402,10842,7725194
2021-09-16 15:00:00,4588,3900495,5613.0,3538112,335.0,297238.0,4923,4197733,5948,3835350,10536,7735730
2021-09-17 15:00:00,5044,3905539,6331.0,3544443,342.0,297580.0,5386,4203119,6673,3842023,11717,7747447
2021-09-18 15:00:00,3788,3909327,4560.0,3549003,185.0,297765.0,3973,4207092,4745,3846768,8533,7755980
2021-09-19 15:00:00,2742,3912069,3157.0,3552160,75.0,297840.0,2817,4209909,3232,3850000,5974,7761954
2021-09-20 15:00:00,3557,3915626,4469.0,3556629,429.0,298269.0,3986,4213895,4898,3854898,8455,7770409
2021-09-21 15:00:00,3808,3919434,4810.0,3561439,326.0,298595.0,4134,4218029,5136,3860034,8944,7779353
2021-09-22 15:00:00,4201,3923635,4751.0,3566190,459.0,299054.0,4660,4222689,5210,3865244,9411,7788764
2021-09-23 15:00:00,4185,3927820,4697.0,3570887,492.0,299546.0,4677,4227366,5189,3870433,9374,7798138
2021-09-24 15:00:00,5090,3932910,5577.0,3576464,422.0,299968.0,5512,4232878,5999,3876432,11089,7809227
2021-09-25 15:00:00,3629,3936539,3623.0,3580087,385.0,300353.0,4014,4236892,4008,3880440,7637,7816864
2021-09-26 15:00:00,2358,3938897,2659.0,3582746,423.0,300776.0,2781,4239673,3082,3883522,5440,7822304
2021-09-27 15:00:00,4516,3943413,2692.0,3585438,509.0,301285.0,5025,4244698,3201,3886723,7717,7830021
2021-09-28 15:00:00,4408,3947821,4439.0,3589877,211.0,301496.0,4619,4249317,4650,3891373,9058,7839079
2021-09-29 15:00:00,4709,3952530,4500.0,3594377,918.0,302414.0,5627,4254944,5418,3896791,10127,7849206
2021-09-30 15:00:00,4887,3957417,4557.0,3598934,792.0,303206.0,5679,4260623,5349,3902140,10236,7859442
2021-10-01 15:00:00,5484,3962901,5294.0,3604228,779.0,303985.0,6263,4266886,6073,3908213,11557,7870999
2021-10-02 15:00:00,2940,3965841,2889.0,3607117,187.0,304172.0,3127,4270013,3076,3911289,6016,7877015
2021-10-03 15:00:00,2082,3967923,2376.0,3609493,86.0,304258.0,2168,4272181,2462,3913751,4544,7881559
2021-10-04 15:00:00,4156,3972079,3370.0,3612863,232.0,304490.0,4388,4276569,3602,3917353,7758,7889317
2021-10-05 15:00:00,4057,3976136,3573.0,3616436,207.0,304697.0,4264,4280833,3780,3921133,7837,7897154
2021-10-06 15:00:00,4124,3980260,3490.0,3619926,264.0,304961.0,4388,4285221,3754,3924887,7878,7905032
2021-10-07 15:00:00,4371,3984631,3508.0,3623434,331.0,305292.0,4702,4289923,3839,3928726,8210,7913242
2021-10-08 15:00:00,4948,3989579,4123.0,3627557,283.0,305575.0,5231,4295154,4406,3933132,9354,7922596
2021-10-09 15:00:00,2687,3992266,2671.0,3630228,270.0,305845.0,2957,4298111,2941,3936073,5628,7928224
2021-10-10 15:00:00,1863,3994129,1846.0,3632074,59.0,305904.0,1922,4300033,1905,3937978,3768,7931992
2021-10-11 15:00:00,4371,3998500,3189.0,3635263,248.0,306152.0,4619,4304652,3437,3941415,7808,7939800
2021-10-12 15:00:00,3727,4002227,3406.0,3638669,270.0,306422.0,3997,4308649,3676,3945091,7403,7947203
2021-10-13 15:00:00,3982,4006209,3444.0,3642113,347.0,306769.0,4329,4312978,3791,3948882,7773,7954976
2021-10-14 15:00:00,5188,4011397,5477.0,3647590,429.0,307198.0,5617,4318595,5906,3954788,11094,7966070
2021-10-15 15:00:00,4733,4016130,4582.0,3652172,347.0,307545.0,5080,4323675,4929,3959717,9662,7975732
2021-10-16 15:00:00,2504,4018634,2502.0,3654674,291.0,307836.0,2795,4326470,2793,3962510,5297,7981029
2021-10-17 15:00:00,1809,4020443,1774.0,3656448,55.0,307891.0,1864,4328334,1829,3964339,3638,7984667
2021-10-18 15:00:00,4311,4024754,3569.0,3660017,267.0,308158.0,4578,4332912,3836,3968175,8147,7992814
2021-10-19 15:00:00,4324,4029078,4034.0,3664051,222.0,308380.0,4546,4337458,4256,3972431,8580,8001394
2021-10-20 15:00:00,3546,4032624,3427.0,3667478,254.0,308634.0,3800,4341258,3681,3976112,7227,8008621
2021-10-21 15:00:00,3311,4035935,3262.0,3670740,290.0,308924.0,3601,4344859,3552,3979664,6863,8015484
2021-10-22 15:00:00,4701,4040636,4041.0,3674781,475.0,309399.0,5176,4350035,4516,3984180,9217,8024701
2021-10-23 15:00:00,2904,4043540,2127.0,3676908,321.0,309720.0,3225,4353260,2448,3986628,5352,8030053
2021-10-24 15:00:00,2062,4045602,1560.0,3678468,78.0,309798.0,2140,4355400,1638,3988266,3700,8033753
2021-10-25 15:00:00,4553,4050155,3116.0,3681584,317.0,310115.0,4870,4360270,3433,3991699,7986,8041739
2021-10-26 15:00:00,4522,4054677,3144.0,3684728,311.0,310426.0,4833,4365103,3455,3995154,7977,8049716
2021-10-27 15:00:00,4743,4059420,3397.0,3688125,429.0,310855.0,5172,4370275,3826,3998980,8569,8058285
2021-10-28 15:00:00,4568,4063988,3432.0,3691557,495.0,311350.0,5063,4375338,3927,4002907,8495,8066780
2021-10-29 15:00:00,4981,4068969,3948.0,3695505,393.0,311743.0,5374,4380712,4341,4007248,9322,8076102
2021-10-30 15:00:00,2631,4071600,1857.0,3697362,308.0,312051.0,2939,4383651,2165,4009413,4796,8080898
2021-10-31 15:00:00,1953,4073553,1514.0,3698876,93.0,312144.0,2046,4385697,1607,4011020,3560,8084458
2021-11-01 15:00:00,4660,4078213,3484.0,3702360,339.0,312483.0,4999,4390696,3823,4014843,8483,8092941
2021-11-02 15:00:00,4252,4082465,3028.0,3705388,405.0,312888.0,4657,4395353,3433,4018276,7685,8100626
2021-11-03 15:00:00,4670,4087135,3132.0,3708520,460.0,313348.0,5130,4400483,3592,4021868,8262,8108888
2021-11-04 15:00:00,6293,4093428,3424.0,3711944,513.0,313861.0,6806,4407289,3937,4025805,10230,8119118
2021-11-05 15:00:00,8183,4101611,3842.0,3715786,407.0,314268.0,8590,4415879,4249,4030054,12432,8131550
2021-11-06 15:00:00,10062,4111673,1994.0,3717780,305.0,314573.0,10367,4426246,2299,4032353,12361,8143911
2021-11-07 15:00:00,7699,4119372,1477.0,3719257,94.0,314667.0,7793,4434039,1571,4033924,9270,8153181
2021-11-08 15:00:00,11287,4130659,3114.0,3722371,378.0,315045.0,11665,4445704,3492,4037416,14779,8167960
2021-11-09 15:00:00,11770,4142429,2716.0,3725087,268.0,315313.0,12038,4457742,2984,4040400,14754,8182714
2021-11-10 15:00:00,12562,4154991,2835.0,3727922,337.0,315650.0,12899,4470641,3172,4043572,15734,8198448
2021-11-11 15:00:00,11323,4166314,2465.0,3730387,281.0,315931.0,11604,4482245,2746,4046318,14069,8212517
2021-11-12 15:00:00,12260,4178574,3443.0,3733830,548.0,316479.0,12808,4495053,3991,4050309,16251,8228768
2021-11-13 15:00:00,9739,4188313,1604.0,3735434,341.0,316820.0,10080,4505133,1945,4052254,11684,8240452
2021-11-14 15:00:00,3917,4192230,1132.0,3736566,121.0,316941.0,4038,4509171,1253,4053507,5170,8245622
2021-11-15 15:00:00,8595,4200825,2621.0,3739187,205.0,317146.0,8800,4517971,2826,4056333,11421,8257043
2021-11-16 15:00:00,9219,4210044,2600.0,3741787,255.0,317401.0,9474,4527445,2855,4059188,12074,8269117
2021-11-17 15:00:00,9371,4219415,2960.0,3744747,312.0,317713.0,9683,4537128,3272,4062460,12643,8281760
2021-11-18 15:00:00,9269,4228684,2710.0,3747457,480.0,318193.0,9749,4546877,3190,4065650,12459,8294219
2021-11-19 15:00:00,9783,4238467,3020.0,3750477,382.0,318575.0,10165,4557042,3402,4069052,13185,8307404
2021-11-20 15:00:00,10626,4249093,1619.0,3752096,453.0,319028.0,11079,4568121,2072,4071124,12698,8320102
2021-11-21 15:00:00,4349,4253442,1208.0,3753304,99.0,319127.0,4448,4572569,1307,4072431,5656,8325758
2021-11-22 15:00:00,9768,4263210,2573.0,3755877,292.0,319419.0,10060,4582629,2865,4075296,12633,8338391
2021-11-23 15:00:00,9164,4272374,2497.0,3758374,280.0,319699.0,9444,4592073,2777,4078073,11941,8350332
2021-11-24 15:00:00,8095,4280469,2539.0,3760913,216.0,319915.0,8311,4600384,2755,4080828,10850,8361182
2021-11-25 15:00:00,238,4280707,77.0,3760990,9.0,319924.0,247,4600631,86,4080914,324,8361506
2021-11-26 15:00:00,5675,4286382,4051.0,3765041,152.0,320076.0,5827,4606458,4203,4085117,9878,8371384
2021-11-27 15:00:00,3786,4290168,5447.0,3770488,134.0,320210.0,3920,4610378,5581,4090698,9367,8380751
2021-11-28 15:00:00,2423,4292591,6364.0,3776852,77.0,320287.0,2500,4612878,6441,4097139,8864,8389615
2021-11-29 15:00:00,6363,4298954,9315.0,3786167,379.0,320666.0,6742,4619620,9694,4106833,16057,8405672
2021-11-30 15:00:00,6199,4305153,9334.0,3795501,264.0,320930.0,6463,4626083,9598,4116431,15797,8421469
2021-12-01 15:00:00,7174,4312327,9601.0,3805102,305.0,321235.0,7479,4633562,9906,4126337,17080,8438549
2021-12-02 15:00:00,6813,4319140,8750.0,3813852,447.0,321682.0,7260,4640822,9197,4135534,16010,8454559
2021-12-03 15:00:00,7449,4326589,9074.0,3822926,247.0,321929.0,7696,4648518,9321,4144855,16770,8471329
2021-12-04 15:00:00,5833,4332422,9553.0,3832479,457.0,322386.0,6290,4654808,10010,4154865,15843,8487172
2021-12-05 15:00:00,3387,4335809,3079.0,3835558,74.0,322460.0,3461,4658269,3153,4158018,6540,8493712
2021-12-06 15:00:00,6489,4342298,6926.0,3842484,266.0,322726.0,6755,4665024,7192,4165210,13681,8507393
2021-12-07 15:00:00,6140,4348438,6696.0,3849180,240.0,322966.0,6380,4671404,6936,4172146,13076,8520469
2021-12-08 15:00:00,6661,4355099,7116.0,3856296,309.0,323275.0,6970,4678374,7425,4179571,14086,8534555
2021-12-09 15:00:00,6225,4361324,6746.0,3863042,394.0,323669.0,6619,4684993,7140,4186711,13365,8547920
2021-12-10 15:00:00,6934,4368258,7041.0,3870083,225.0,323894.0,7159,4692152,7266,4193977,14200,8562120
2021-12-11 15:00:00,4287,4372545,7170.0,3877253,330.0,324224.0,4617,4696769,7500,4201477,11787,8573907
2021-12-12 15:00:00,3949,4376494,2761.0,3880014,57.0,324281.0,4006,4700775,2818,4204295,6767,8580674
2021-12-13 15:00:00,5510,4382004,5587.0,3885601,236.0,324517.0,5746,4706521,5823,4210118,11333,8592007
2021-12-14 15:00:00,6245,4388249,5774.0,3891375,204.0,324721.0,6449,4712970,5978,4216096,12223,8604230
2021-12-15 15:00:00,6844,4395093,5490.0,3896865,243.0,324964.0,7087,4720057,5733,4221829,12577,8616807
2021-12-16 15:00:00,7554,4402647,2752.0,3899617,414.0,325378.0,7968,4728025,3166,4224995,10720,8627527
2021-12-17 15:00:00,7511,4410158,4008.0,3903625,175.0,325553.0,7686,4735711,4183,4229178,11694,8639221
2021-12-18 15:00:00,5629,4415787,3081.0,3906706,294.0,325847.0,5923,4741634,3375,4232553,9004,8648225
2021-12-19 15:00:00,3321,4419108,1287.0,3907993,35.0,325882.0,3356,4744990,1322,4233875,4643,8652868
2021-12-20 15:00:00,7789,4426897,3667.0,3911660,149.0,326031.0,7938,4752928,3816,4237691,11605,8664473
2021-12-21 15:00:00,8651,4435548,4096.0,3915756,158.0,326189.0,8809,4761737,4254,4241945,12905,8677378
2021-12-22 15:00:00,8236,4443784,3738.0,3919494,169.0,326358.0,8405,4770142,3907,4245852,12143,8689521
2021-12-23 15:00:00,8025,4451809,3436.0,3922930,350.0,326708.0,8375,4778517,3786,4249638,11811,8701332
2021-12-24 15:00:00,1548,4453357,985.0,3923915,36.0,326744.0,1584,4780101,1021,4250659,2569,8703901
2021-12-25 15:00:00,47,4453404,36.0,3923951,1.0,326745.0,48,4780149,37,4250696,84,8703985
2021-12-26 15:00:00,2483,4455887,1698.0,3925649,44.0,326789.0,2527,4782676,1742,4252438,4225,8708210
2021-12-27 15:00:00,6935,4462822,3863.0,3929512,293.0,327082.0,7228,4789904,4156,4256594,11091,8719301
2021-12-28 15:00:00,7471,4470293,3620.0,3933132,156.0,327238.0,7627,4797531,3776,4260370,11247,8730548
2021-12-29 15:00:00,7743,4478036,3817.0,3936949,151.0,327389.0,7894,4805425,3968,4264338,11711,8742259
2021-12-30 15:00:00,6983,4485019,3555.0,3940504,280.0,327669.0,7263,4812688,3835,4268173,10818,8753077
2021-12-31 15:00:00,2405,4487424,1445.0,3941949,88.0,327757.0,2493,4815181,1533,4269706,3938,8757015
2022-01-01 15:00:00,631,4488055,301.0,3942250,31.0,327788.0,662,4815843,332,4270038,963,8757978
2022-01-02 15:00:00,2119,4490174,1569.0,3943819,42.0,327830.0,2161,4818004,1611,4271649,3730,8761708
2022-01-03 15:00:00,3205,4493379,1920.0,3945739,219.0,328049.0,3424,4821428,2139,4273788,5344,8767052
2022-01-04 15:00:00,5435,4498814,3221.0,3948960,158.0,328207.0,5593,4827021,3379,4277167,8814,8775866
2022-01-05 15:00:00,6309,4505123,4353.0,3953313,157.0,328364.0,6466,4833487,4510,4281677,10819,8786685
2022-01-06 15:00:00,5894,4511017,4118.0,3957431,241.0,328605.0,6135,4839622,4359,4286036,10253,8796938
2022-01-07 15:00:00,2571,4513588,1799.0,3959230,109.0,328714.0,2680,4842302,1908,4287944,4479,8801417
