VACCINATION_DATE,FirstDailyDose,FirstDoseCumulative,SecondDailyDose,SecondDoseCumulative,SingleDailyDose,SingleDoseCumulative,AtleastOneVaccine,AtleastOneVaccineCumulative,CompletedVax,CompletedVaxCumulative,FirstSecondSingleVaccinations,FirstSecondSingleVaccinationsCumulative
2020-12-14 15:00:00,18,985,,387,,,18,985,0,387,18,1288
2020-12-15 15:00:00,52,1037,2.0,389,,,52,1037,2,389,54,1342
2020-12-16 15:00:00,575,1612,2.0,391,,,575,1612,2,391,577,1919
2020-12-17 15:00:00,1141,2753,2.0,393,,,1141,2753,2,393,1143,3062
2020-12-18 15:00:00,3015,5768,11.0,404,,,3015,5768,11,404,3026,6088
2020-12-19 15:00:00,927,6695,5.0,409,,,927,6695,5,409,932,7020
2020-12-20 15:00:00,333,7028,4.0,413,,,333,7028,4,413,337,7357
2020-12-21 15:00:00,3857,10885,18.0,431,,,3857,10885,18,431,3875,11232
2020-12-22 15:00:00,6334,17219,17.0,448,,,6334,17219,17,448,6351,17583
2020-12-23 15:00:00,5749,22968,27.0,475,,,5749,22968,27,475,5776,23359
2020-12-24 15:00:00,2710,25678,11.0,486,,,2710,25678,11,486,2721,26080
2020-12-25 15:00:00,1034,26712,3.0,489,,,1034,26712,3,489,1037,27117
2020-12-26 15:00:00,1871,28583,9.0,498,,,1871,28583,9,498,1880,28997
2020-12-27 15:00:00,1791,30374,9.0,507,,,1791,30374,9,507,1800,30797
2020-12-28 15:00:00,8943,39317,39.0,546,,,8943,39317,39,546,8982,39779
2020-12-29 15:00:00,10911,50228,38.0,584,,,10911,50228,38,584,10949,50728
2020-12-30 15:00:00,12456,62684,69.0,653,,,12456,62684,69,653,12525,63253
2020-12-31 15:00:00,7505,70189,34.0,687,,,7505,70189,34,687,7539,70792
2021-01-01 15:00:00,2550,72739,110.0,797,,,2550,72739,110,797,2660,73452
2021-01-02 15:00:00,2973,75712,34.0,831,,,2973,75712,34,831,3007,76459
2021-01-03 15:00:00,3365,79077,79.0,910,,,3365,79077,79,910,3444,79903
2021-01-04 15:00:00,13261,92338,314.0,1224,,,13261,92338,314,1224,13575,93478
2021-01-05 15:00:00,12398,104736,511.0,1735,,,12398,104736,511,1735,12909,106387
2021-01-06 15:00:00,15159,119895,840.0,2575,,,15159,119895,840,2575,15999,122386
2021-01-07 15:00:00,14950,134845,1732.0,4307,,,14950,134845,1732,4307,16682,139068
2021-01-08 15:00:00,23933,158778,2746.0,7053,,,23933,158778,2746,7053,26679,165747
2021-01-09 15:00:00,5128,163906,943.0,7996,,,5128,163906,943,7996,6071,171818
2021-01-10 15:00:00,2917,166823,368.0,8364,,,2917,166823,368,8364,3285,175103
2021-01-11 15:00:00,13670,180493,3426.0,11790,,,13670,180493,3426,11790,17096,192199
2021-01-12 15:00:00,17276,197769,5583.0,17373,,,17276,197769,5583,17373,22859,215058
2021-01-13 15:00:00,18503,216272,3866.0,21239,,,18503,216272,3866,21239,22369,237427
2021-01-14 15:00:00,17831,234103,1921.0,23160,,,17831,234103,1921,23160,19752,257179
2021-01-15 15:00:00,19462,253565,1964.0,25124,,,19462,253565,1964,25124,21426,278605
2021-01-16 15:00:00,5784,259349,1584.0,26708,,,5784,259349,1584,26708,7368,285973
2021-01-17 15:00:00,2098,261447,1463.0,28171,,,2098,261447,1463,28171,3561,289534
2021-01-18 15:00:00,7031,268478,3232.0,31403,,,7031,268478,3232,31403,10263,299797
2021-01-19 15:00:00,17142,285620,5345.0,36748,,,17142,285620,5345,36748,22487,322284
2021-01-20 15:00:00,21230,306850,5246.0,41994,,,21230,306850,5246,41994,26476,348760
2021-01-21 15:00:00,23813,330663,3687.0,45681,,,23813,330663,3687,45681,27500,376260
2021-01-22 15:00:00,28822,359485,3591.0,49272,,,28822,359485,3591,49272,32413,408673
2021-01-23 15:00:00,10046,369531,1900.0,51172,,,10046,369531,1900,51172,11946,420619
2021-01-24 15:00:00,3332,372863,1705.0,52877,,,3332,372863,1705,52877,5037,425656
2021-01-25 15:00:00,16606,389469,8508.0,61385,,,16606,389469,8508,61385,25114,450770
2021-01-26 15:00:00,17871,407340,8902.0,70287,,,17871,407340,8902,70287,26773,477543
2021-01-27 15:00:00,25037,432377,12403.0,82690,,,25037,432377,12403,82690,37440,514983
2021-01-28 15:00:00,23281,455658,9225.0,91915,,,23281,455658,9225,91915,32506,547489
2021-01-29 15:00:00,25518,481176,7810.0,99725,,,25518,481176,7810,99725,33328,580817
2021-01-30 15:00:00,18431,499607,2495.0,102220,,,18431,499607,2495,102220,20926,601743
2021-01-31 15:00:00,4106,503713,1310.0,103530,,,4106,503713,1310,103530,5416,607159
2021-02-01 15:00:00,7700,511413,5066.0,108596,,,7700,511413,5066,108596,12766,619925
2021-02-02 15:00:00,12812,524225,13730.0,122326,,,12812,524225,13730,122326,26542,646467
2021-02-03 15:00:00,18692,542917,18050.0,140376,,,18692,542917,18050,140376,36742,683209
2021-02-04 15:00:00,22469,565386,15738.0,156114,,,22469,565386,15738,156114,38207,721416
2021-02-05 15:00:00,20536,585922,17424.0,173538,,,20536,585922,17424,173538,37960,759376
2021-02-06 15:00:00,12117,598039,14416.0,187954,,,12117,598039,14416,187954,26533,785909
2021-02-07 15:00:00,5960,603999,1776.0,189730,,,5960,603999,1776,189730,7736,793645
2021-02-08 15:00:00,13282,617281,13088.0,202818,,,13282,617281,13088,202818,26370,820015
2021-02-09 15:00:00,16706,633987,14012.0,216830,,,16706,633987,14012,216830,30718,850733
2021-02-10 15:00:00,19302,653289,21379.0,238209,,,19302,653289,21379,238209,40681,891414
2021-02-11 15:00:00,22870,676159,17501.0,255710,,,22870,676159,17501,255710,40371,931785
2021-02-12 15:00:00,20338,696497,19876.0,275586,,,20338,696497,19876,275586,40214,971999
2021-02-13 15:00:00,11374,707871,6345.0,281931,,,11374,707871,6345,281931,17719,989718
2021-02-14 15:00:00,7085,714956,2081.0,284012,,,7085,714956,2081,284012,9166,998884
2021-02-15 15:00:00,11715,726671,13224.0,297236,,,11715,726671,13224,297236,24939,1023823
2021-02-16 15:00:00,16563,743234,21674.0,318910,,,16563,743234,21674,318910,38237,1062060
2021-02-17 15:00:00,20645,763879,27135.0,346045,,,20645,763879,27135,346045,47780,1109840
2021-02-18 15:00:00,3171,767050,4725.0,350770,,,3171,767050,4725,350770,7896,1117736
2021-02-19 15:00:00,10275,777325,20409.0,371179,,,10275,777325,20409,371179,30684,1148420
2021-02-20 15:00:00,10311,787636,20875.0,392054,,,10311,787636,20875,392054,31186,1179606
2021-02-21 15:00:00,6157,793793,7941.0,399995,,,6157,793793,7941,399995,14098,1193704
2021-02-22 15:00:00,8093,801886,15902.0,415897,,,8093,801886,15902,415897,23995,1217699
2021-02-23 15:00:00,15615,817501,16476.0,432373,,,15615,817501,16476,432373,32091,1249790
2021-02-24 15:00:00,17995,835496,25145.0,457518,,,17995,835496,25145,457518,43140,1292930
2021-02-25 15:00:00,20433,855929,26881.0,484399,,,20433,855929,26881,484399,47314,1340244
2021-02-26 15:00:00,26816,882745,26483.0,510882,,,26816,882745,26483,510882,53299,1393543
2021-02-27 15:00:00,16101,898846,11695.0,522577,,,16101,898846,11695,522577,27796,1421339
2021-02-28 15:00:00,15493,914339,4813.0,527390,,,15493,914339,4813,527390,20306,1441645
2021-03-01 15:00:00,26139,940478,12595.0,539985,,,26139,940478,12595,539985,38734,1480379
2021-03-02 15:00:00,24022,964500,13328.0,553313,31.0,31.0,24053,964531,13359,553344,37381,1517760
2021-03-03 15:00:00,30263,994763,18376.0,571689,176.0,207.0,30439,994970,18552,571896,48815,1566575
2021-03-04 15:00:00,31108,1025871,18130.0,589819,4062.0,4269.0,35170,1030140,22192,594088,53300,1619875
2021-03-05 15:00:00,29591,1055462,19394.0,609213,4906.0,9175.0,34497,1064637,24300,618388,53891,1673766
2021-03-06 15:00:00,17790,1073252,8912.0,618125,5997.0,15172.0,23787,1088424,14909,633297,32699,1706465
2021-03-07 15:00:00,12068,1085320,4802.0,622927,6611.0,21783.0,18679,1107103,11413,644710,23481,1729946
2021-03-08 15:00:00,26187,1111507,8775.0,631702,8278.0,30061.0,34465,1141568,17053,661763,43240,1773186
2021-03-09 15:00:00,26410,1137917,15391.0,647093,8338.0,38399.0,34748,1176316,23729,685492,50139,1823325
2021-03-10 15:00:00,30156,1168073,15920.0,663013,7939.0,46338.0,38095,1214411,23859,709351,54015,1877340
2021-03-11 15:00:00,36223,1204296,16402.0,679415,4034.0,50372.0,40257,1254668,20436,729787,56659,1933999
2021-03-12 15:00:00,37186,1241482,18016.0,697431,2922.0,53294.0,40108,1294776,20938,750725,58124,1992123
2021-03-13 15:00:00,22613,1264095,10213.0,707644,1604.0,54898.0,24217,1318993,11817,762542,34430,2026553
2021-03-14 15:00:00,17816,1281911,6659.0,714303,995.0,55893.0,18811,1337804,7654,770196,25470,2052023
2021-03-15 15:00:00,29983,1311894,11330.0,725633,604.0,56497.0,30587,1368391,11934,782130,41917,2093940
2021-03-16 15:00:00,33625,1345519,13577.0,739210,766.0,57263.0,34391,1402782,14343,796473,47968,2141908
2021-03-17 15:00:00,37725,1383244,17010.0,756220,1184.0,58447.0,38909,1441691,18194,814667,55919,2197827
2021-03-18 15:00:00,41508,1424752,12618.0,768838,1357.0,59804.0,42865,1484556,13975,828642,55483,2253310
2021-03-19 15:00:00,38345,1463097,15584.0,784422,1046.0,60850.0,39391,1523947,16630,845272,54975,2308285
2021-03-20 15:00:00,24571,1487668,10047.0,794469,1124.0,61974.0,25695,1549642,11171,856443,35742,2344027
2021-03-21 15:00:00,19102,1506770,7805.0,802274,330.0,62304.0,19432,1569074,8135,864578,27237,2371264
2021-03-22 15:00:00,32579,1539349,11646.0,813920,832.0,63136.0,33411,1602485,12478,877056,45057,2416321
2021-03-23 15:00:00,37792,1577141,17488.0,831408,1550.0,64686.0,39342,1641827,19038,896094,56830,2473151
2021-03-24 15:00:00,41175,1618316,21218.0,852626,1376.0,66062.0,42551,1684378,22594,918688,63769,2536920
2021-03-25 15:00:00,42485,1660801,21064.0,873690,2512.0,68574.0,44997,1729375,23576,942264,66061,2602981
2021-03-26 15:00:00,36626,1697427,26472.0,900162,2499.0,71073.0,39125,1768500,28971,971235,65597,2668578
2021-03-27 15:00:00,27747,1725174,16868.0,917030,2766.0,73839.0,30513,1799013,19634,990869,47381,2715959
2021-03-28 15:00:00,16984,1742158,12578.0,929608,1615.0,75454.0,18599,1817612,14193,1005062,31177,2747136
2021-03-29 15:00:00,29710,1771868,26517.0,956125,1137.0,76591.0,30847,1848459,27654,1032716,57364,2804500
2021-03-30 15:00:00,40023,1811891,29186.0,985311,1848.0,78439.0,41871,1890330,31034,1063750,71057,2875557
2021-03-31 15:00:00,41032,1852923,34871.0,1020182,5742.0,84181.0,46774,1937104,40613,1104363,81645,2957202
2021-04-01 15:00:00,40767,1893690,39902.0,1060084,5625.0,89806.0,46392,1983496,45527,1149890,86294,3043496
2021-04-02 15:00:00,34970,1928660,32752.0,1092836,6104.0,95910.0,41074,2024570,38856,1188746,73826,3117322
2021-04-03 15:00:00,21567,1950227,18632.0,1111468,4363.0,100273.0,25930,2050500,22995,1211741,44562,3161884
2021-04-04 15:00:00,8214,1958441,10147.0,1121615,960.0,101233.0,9174,2059674,11107,1222848,19321,3181205
2021-04-05 15:00:00,27936,1986377,29085.0,1150700,6638.0,107871.0,34574,2094248,35723,1258571,63659,3244864
2021-04-06 15:00:00,39835,2026212,30571.0,1181271,10477.0,118348.0,50312,2144560,41048,1299619,80883,3325747
2021-04-07 15:00:00,36138,2062350,34300.0,1215571,12952.0,131300.0,49090,2193650,47252,1346871,83390,3409137
2021-04-08 15:00:00,42372,2104722,36078.0,1251649,13855.0,145155.0,56227,2249877,49933,1396804,92305,3501442
2021-04-09 15:00:00,34119,2138841,36359.0,1288008,14520.0,159675.0,48639,2298516,50879,1447683,84998,3586440
2021-04-10 15:00:00,23939,2162780,23024.0,1311032,7615.0,167290.0,31554,2330070,30639,1478322,54578,3641018
2021-04-11 15:00:00,17533,2180313,13235.0,1324267,10623.0,177913.0,28156,2358226,23858,1502180,41391,3682409
2021-04-12 15:00:00,24627,2204940,33142.0,1357409,10914.0,188827.0,35541,2393767,44056,1546236,68683,3751092
2021-04-13 15:00:00,126876,2331816,90674.0,1448083,3292.0,192119.0,130168,2523935,93966,1640202,220842,3971934
2021-04-14 15:00:00,40782,2372598,37891.0,1485974,208.0,192327.0,40990,2564925,38099,1678301,78881,4050815
2021-04-15 15:00:00,41804,2414402,39288.0,1525262,172.0,192499.0,41976,2606901,39460,1717761,81264,4132079
2021-04-16 15:00:00,37326,2451728,38784.0,1564046,23.0,192522.0,37349,2644250,38807,1756568,76133,4208212
2021-04-17 15:00:00,32906,2484634,21939.0,1585985,12.0,192534.0,32918,2677168,21951,1778519,54857,4263069
2021-04-18 15:00:00,20043,2504677,16164.0,1602149,5.0,192539.0,20048,2697216,16169,1794688,36212,4299281
2021-04-19 15:00:00,29959,2534636,36543.0,1638692,61.0,192600.0,30020,2727236,36604,1831292,66563,4365844
2021-04-20 15:00:00,33139,2567775,44160.0,1682852,54.0,192654.0,33193,2760429,44214,1875506,77353,4443197
2021-04-21 15:00:00,39818,2607593,46896.0,1729748,21.0,192675.0,39839,2800268,46917,1922423,86735,4529932
2021-04-22 15:00:00,36411,2644004,41962.0,1771710,16.0,192691.0,36427,2836695,41978,1964401,78389,4608321
2021-04-23 15:00:00,33151,2677155,40023.0,1811733,13.0,192704.0,33164,2869859,40036,2004437,73187,4681508
2021-04-24 15:00:00,26372,2703527,28589.0,1840322,80.0,192784.0,26452,2896311,28669,2033106,55041,4736549
2021-04-25 15:00:00,20199,2723726,10903.0,1851225,30.0,192814.0,20229,2916540,10933,2044039,31132,4767681
2021-04-26 15:00:00,27415,2751141,32760.0,1883985,203.0,193017.0,27618,2944158,32963,2077002,60378,4828059
2021-04-27 15:00:00,26754,2777895,33052.0,1917037,1096.0,194113.0,27850,2972008,34148,2111150,60902,4888961
2021-04-28 15:00:00,28981,2806876,39501.0,1956538,1362.0,195475.0,30343,3002351,40863,2152013,69844,4958805
2021-04-29 15:00:00,27380,2834256,39478.0,1996016,1461.0,196936.0,28841,3031192,40939,2192952,68319,5027124
2021-04-30 15:00:00,28238,2862494,32155.0,2028171,1642.0,198578.0,29880,3061072,33797,2226749,62035,5089159
2021-05-01 15:00:00,20365,2882859,26776.0,2054947,1020.0,199598.0,21385,3082457,27796,2254545,48161,5137320
2021-05-02 15:00:00,10260,2893119,16988.0,2071935,818.0,200416.0,11078,3093535,17806,2272351,28066,5165386
2021-05-03 15:00:00,12742,2905861,28777.0,2100712,1909.0,202325.0,14651,3108186,30686,2303037,43428,5208814
2021-05-04 15:00:00,13537,2919398,38505.0,2139217,1732.0,204057.0,15269,3123455,40237,2343274,53774,5262588
2021-05-05 15:00:00,19324,2938722,37777.0,2176994,1919.0,205976.0,21243,3144698,39696,2382970,59020,5321608
2021-05-06 15:00:00,16978,2955700,40573.0,2217567,1712.0,207688.0,18690,3163388,42285,2425255,59263,5380871
2021-05-07 15:00:00,17404,2973104,36054.0,2253621,1958.0,209646.0,19362,3182750,38012,2463267,55416,5436287
2021-05-08 15:00:00,10778,2983882,31145.0,2284766,1292.0,210938.0,12070,3194820,32437,2495704,43215,5479502
2021-05-09 15:00:00,5044,2988926,11883.0,2296649,695.0,211633.0,5739,3200559,12578,2508282,17622,5497124
2021-05-10 15:00:00,8951,2997877,31113.0,2327762,1356.0,212989.0,10307,3210866,32469,2540751,41420,5538544
2021-05-11 15:00:00,12201,3010078,30280.0,2358042,1443.0,214432.0,13644,3224510,31723,2572474,43924,5582468
2021-05-12 15:00:00,13938,3024016,38552.0,2396594,1913.0,216345.0,15851,3240361,40465,2612939,54403,5636871
2021-05-13 15:00:00,21825,3045841,33394.0,2429988,1352.0,217697.0,23177,3263538,34746,2647685,56571,5693442
2021-05-14 15:00:00,24329,3070170,29980.0,2459968,1772.0,219469.0,26101,3289639,31752,2679437,56081,5749523
2021-05-15 15:00:00,21851,3092021,25019.0,2484987,1533.0,221002.0,23384,3313023,26552,2705989,48403,5797926
2021-05-16 15:00:00,9063,3101084,17513.0,2502500,1111.0,222113.0,10174,3323197,18624,2724613,27687,5825613
2021-05-17 15:00:00,16852,3117936,28370.0,2530870,1949.0,224062.0,18801,3341998,30319,2754932,47171,5872784
2021-05-18 15:00:00,21261,3139197,30691.0,2561561,1947.0,226009.0,23208,3365206,32638,2787570,53899,5926683
2021-05-19 15:00:00,27586,3166783,32372.0,2593933,1625.0,227634.0,29211,3394417,33997,2821567,61583,5988266
2021-05-20 15:00:00,20789,3187572,33257.0,2627190,1965.0,229599.0,22754,3417171,35222,2856789,56011,6044277
2021-05-21 15:00:00,19137,3206709,30227.0,2657417,1611.0,231210.0,20748,3437919,31838,2888627,50975,6095252
2021-05-22 15:00:00,16893,3223602,20596.0,2678013,1269.0,232479.0,18162,3456081,21865,2910492,38758,6134010
2021-05-23 15:00:00,8746,3232348,11410.0,2689423,963.0,233442.0,9709,3465790,12373,2922865,21119,6155129
2021-05-24 15:00:00,13590,3245938,17743.0,2707166,1481.0,234923.0,15071,3480861,19224,2942089,32814,6187943
2021-05-25 15:00:00,13023,3258961,18647.0,2725813,1329.0,236252.0,14352,3495213,19976,2962065,32999,6220942
2021-05-26 15:00:00,18274,3277235,19429.0,2745242,1509.0,237761.0,19783,3514996,20938,2983003,39212,6260154
2021-05-27 15:00:00,11698,3288933,18622.0,2763864,1135.0,238896.0,12833,3527829,19757,3002760,31455,6291609
2021-05-28 15:00:00,12513,3301446,19693.0,2783557,1401.0,240297.0,13914,3541743,21094,3023854,33607,6325216
2021-05-29 15:00:00,9545,3310991,11613.0,2795170,936.0,241233.0,10481,3552224,12549,3036403,22094,6347310
2021-05-30 15:00:00,4968,3315959,6405.0,2801575,596.0,241829.0,5564,3557788,7001,3043404,11969,6359279
2021-05-31 15:00:00,1771,3317730,3694.0,2805269,305.0,242134.0,2076,3559864,3999,3047403,5770,6365049
2021-06-01 15:00:00,9748,3327478,16271.0,2821540,1147.0,243281.0,10895,3570759,17418,3064821,27166,6392215
2021-06-02 15:00:00,10208,3337686,16751.0,2838291,957.0,244238.0,11165,3581924,17708,3082529,27916,6420131
2021-06-03 15:00:00,7901,3345587,21155.0,2859446,1083.0,245321.0,8984,3590908,22238,3104767,30139,6450270
2021-06-04 15:00:00,8221,3353808,22177.0,2881623,1123.0,246444.0,9344,3600252,23300,3128067,31521,6481791
2021-06-05 15:00:00,7000,3360808,19366.0,2900989,718.0,247162.0,7718,3607970,20084,3148151,27084,6508875
2021-06-06 15:00:00,3468,3364276,7185.0,2908174,421.0,247583.0,3889,3611859,7606,3155757,11074,6519949
2021-06-07 15:00:00,6839,3371115,15714.0,2923888,725.0,248308.0,7564,3619423,16439,3172196,23278,6543227
2021-06-08 15:00:00,6686,3377801,19694.0,2943582,816.0,249124.0,7502,3626925,20510,3192706,27196,6570423
2021-06-09 15:00:00,8195,3385996,23851.0,2967433,968.0,250092.0,9163,3636088,24819,3217525,33014,6603437
2021-06-10 15:00:00,7168,3393164,19087.0,2986520,898.0,250990.0,8066,3644154,19985,3237510,27153,6630590
2021-06-11 15:00:00,7444,3400608,17664.0,3004184,1125.0,252115.0,8569,3652723,18789,3256299,26233,6656823
2021-06-12 15:00:00,5237,3405845,14691.0,3018875,604.0,252719.0,5841,3658564,15295,3271594,20532,6677355
2021-06-13 15:00:00,1931,3407776,7554.0,3026429,426.0,253145.0,2357,3660921,7980,3279574,9911,6687266
2021-06-14 15:00:00,5645,3413421,11791.0,3038220,728.0,253873.0,6373,3667294,12519,3292093,18164,6705430
2021-06-15 15:00:00,5652,3419073,14307.0,3052527,871.0,254744.0,6523,3673817,15178,3307271,20830,6726260
2021-06-16 15:00:00,8721,3427794,21503.0,3074030,758.0,255502.0,9479,3683296,22261,3329532,30982,6757242
2021-06-17 15:00:00,6676,3434470,12367.0,3086397,720.0,256222.0,7396,3690692,13087,3342619,19763,6777005
2021-06-18 15:00:00,6852,3441322,12668.0,3099065,704.0,256926.0,7556,3698248,13372,3355991,20224,6797229
2021-06-19 15:00:00,4654,3445976,9346.0,3108411,613.0,257539.0,5267,3703515,9959,3365950,14613,6811842
2021-06-20 15:00:00,2503,3448479,5026.0,3113437,377.0,257916.0,2880,3706395,5403,3371353,7906,6819748
2021-06-21 15:00:00,5546,3454025,5317.0,3118754,636.0,258552.0,6182,3712577,5953,3377306,11499,6831247
2021-06-22 15:00:00,5207,3459232,8861.0,3127615,682.0,259234.0,5889,3718466,9543,3386849,14750,6845997
2021-06-23 15:00:00,6063,3465295,10280.0,3137895,641.0,259875.0,6704,3725170,10921,3397770,16984,6862981
2021-06-24 15:00:00,5930,3471225,8186.0,3146081,593.0,260468.0,6523,3731693,8779,3406549,14709,6877690
2021-06-25 15:00:00,5820,3477045,8605.0,3154686,620.0,261088.0,6440,3738133,9225,3415774,15045,6892735
2021-06-26 15:00:00,3698,3480743,6277.0,3160963,395.0,261483.0,4093,3742226,6672,3422446,10370,6903105
2021-06-27 15:00:00,2799,3483542,3530.0,3164493,182.0,261665.0,2981,3745207,3712,3426158,6511,6909616
2021-06-28 15:00:00,4725,3488267,6096.0,3170589,521.0,262186.0,5246,3750453,6617,3432775,11342,6920958
2021-06-29 15:00:00,5078,3493345,6491.0,3177080,517.0,262703.0,5595,3756048,7008,3439783,12086,6933044
2021-06-30 15:00:00,5594,3498939,7404.0,3184484,604.0,263307.0,6198,3762246,8008,3447791,13602,6946646
2021-07-01 15:00:00,5322,3504261,6936.0,3191420,490.0,263797.0,5812,3768058,7426,3455217,12748,6959394
2021-07-02 15:00:00,5275,3509536,6828.0,3198248,519.0,264316.0,5794,3773852,7347,3462564,12622,6972016
2021-07-03 15:00:00,3256,3512792,4064.0,3202312,260.0,264576.0,3516,3777368,4324,3466888,7580,6979596
2021-07-04 15:00:00,492,3513284,541.0,3202853,66.0,264642.0,558,3777926,607,3467495,1099,6980695
2021-07-05 15:00:00,3750,3517034,3957.0,3206810,282.0,264924.0,4032,3781958,4239,3471734,7989,6988684
2021-07-06 15:00:00,4475,3521509,6218.0,3213028,449.0,265373.0,4924,3786882,6667,3478401,11142,6999826
2021-07-07 15:00:00,4459,3525968,6365.0,3219393,482.0,265855.0,4941,3791823,6847,3485248,11306,7011132
2021-07-08 15:00:00,4829,3530797,6112.0,3225505,562.0,266417.0,5391,3797214,6674,3491922,11503,7022635
2021-07-09 15:00:00,5349,3536146,6602.0,3232107,572.0,266989.0,5921,3803135,7174,3499096,12523,7035158
2021-07-10 15:00:00,3510,3539656,4370.0,3236477,302.0,267291.0,3812,3806947,4672,3503768,8182,7043340
2021-07-11 15:00:00,2662,3542318,2551.0,3239028,223.0,267514.0,2885,3809832,2774,3506542,5436,7048776
2021-07-12 15:00:00,4404,3546722,5102.0,3244130,374.0,267888.0,4778,3814610,5476,3512018,9880,7058656
2021-07-13 15:00:00,4740,3551462,4586.0,3248716,364.0,268252.0,5104,3819714,4950,3516968,9690,7068346
2021-07-14 15:00:00,4591,3556053,5241.0,3253957,420.0,268672.0,5011,3824725,5661,3522629,10252,7078598
2021-07-15 15:00:00,4866,3560919,4973.0,3258930,356.0,269028.0,5222,3829947,5329,3527958,10195,7088793
2021-07-16 15:00:00,6267,3567186,5809.0,3264739,401.0,269429.0,6668,3836615,6210,3534168,12477,7101270
2021-07-17 15:00:00,3405,3570591,3547.0,3268286,299.0,269728.0,3704,3840319,3846,3538014,7251,7108521
2021-07-18 15:00:00,2297,3572888,2368.0,3270654,110.0,269838.0,2407,3842726,2478,3540492,4775,7113296
2021-07-19 15:00:00,5241,3578129,4461.0,3275115,375.0,270213.0,5616,3848342,4836,3545328,10077,7123373
2021-07-20 15:00:00,5320,3583449,4686.0,3279801,366.0,270579.0,5686,3854028,5052,3550380,10372,7133745
2021-07-21 15:00:00,5625,3589074,4931.0,3284732,415.0,270994.0,6040,3860068,5346,3555726,10971,7144716
2021-07-22 15:00:00,5998,3595072,4643.0,3289375,407.0,271401.0,6405,3866473,5050,3560776,11048,7155764
2021-07-23 15:00:00,6819,3601891,4865.0,3294240,490.0,271891.0,7309,3873782,5355,3566131,12174,7167938
2021-07-24 15:00:00,4275,3606166,3205.0,3297445,266.0,272157.0,4541,3878323,3471,3569602,7746,7175684
2021-07-25 15:00:00,3290,3609456,1122.0,3298567,138.0,272295.0,3428,3881751,1260,3570862,4550,7180234
2021-07-26 15:00:00,6190,3615646,3909.0,3302476,411.0,272706.0,6601,3888352,4320,3575182,10510,7190744
2021-07-27 15:00:00,6341,3621987,4068.0,3306544,451.0,273157.0,6792,3895144,4519,3579701,10860,7201604
2021-07-28 15:00:00,6793,3628780,4017.0,3310561,457.0,273614.0,7250,3902394,4474,3584175,11267,7212871
2021-07-29 15:00:00,6793,3635573,4156.0,3314717,411.0,274025.0,7204,3909598,4567,3588742,11360,7224231
2021-07-30 15:00:00,7512,3643085,4547.0,3319264,521.0,274546.0,8033,3917631,5068,3593810,12580,7236811
2021-07-31 15:00:00,4777,3647862,3048.0,3322312,272.0,274818.0,5049,3922680,3320,3597130,8097,7244908
2021-08-01 15:00:00,3771,3651633,2097.0,3324409,154.0,274972.0,3925,3926605,2251,3599381,6022,7250930
2021-08-02 15:00:00,7006,3658639,3659.0,3328068,334.0,275306.0,7340,3933945,3993,3603374,10999,7261929
2021-08-03 15:00:00,6981,3665620,3912.0,3331980,504.0,275810.0,7485,3941430,4416,3607790,11397,7273326
2021-08-04 15:00:00,7147,3672767,3902.0,3335882,527.0,276337.0,7674,3949104,4429,3612219,11576,7284902
2021-08-05 15:00:00,7640,3680407,4114.0,3339996,535.0,276872.0,8175,3957279,4649,3616868,12289,7297191
2021-08-06 15:00:00,8268,3688675,4720.0,3344716,449.0,277321.0,8717,3965996,5169,3622037,13437,7310628
2021-08-07 15:00:00,5238,3693913,2808.0,3347524,263.0,277584.0,5501,3971497,3071,3625108,8309,7318937
2021-08-08 15:00:00,3937,3697850,2048.0,3349572,140.0,277724.0,4077,3975574,2188,3627296,6125,7325062
2021-08-09 15:00:00,6900,3704750,4514.0,3354086,363.0,278087.0,7263,3982837,4877,3632173,11777,7336839
2021-08-10 15:00:00,7102,3711852,4453.0,3358539,336.0,278423.0,7438,3990275,4789,3636962,11891,7348730
2021-08-11 15:00:00,7020,3718872,4427.0,3362966,438.0,278861.0,7458,3997733,4865,3641827,11885,7360615
2021-08-12 15:00:00,8559,3727431,4703.0,3367669,438.0,279299.0,8997,4006730,5141,3646968,13700,7374315
2021-08-13 15:00:00,7103,3734534,5354.0,3373023,388.0,279687.0,7491,4014221,5742,3652710,12845,7387160
2021-08-14 15:00:00,4912,3739446,3344.0,3376367,284.0,279971.0,5196,4019417,3628,3656338,8540,7395700
2021-08-15 15:00:00,3314,3742760,2732.0,3379099,164.0,280135.0,3478,4022895,2896,3659234,6210,7401910
2021-08-16 15:00:00,5403,3748163,5070.0,3384169,348.0,280483.0,5751,4028646,5418,3664652,10821,7412731
2021-08-17 15:00:00,6933,3755096,5185.0,3389354,387.0,280870.0,7320,4035966,5572,3670224,12505,7425236
2021-08-18 15:00:00,6494,3761590,5293.0,3394647,470.0,281340.0,6964,4042930,5763,3675987,12257,7437493
2021-08-19 15:00:00,5974,3767564,5321.0,3399968,410.0,281750.0,6384,4049314,5731,3681718,11705,7449198
2021-08-20 15:00:00,7025,3774589,6310.0,3406278,401.0,282151.0,7426,4056740,6711,3688429,13736,7462934
2021-08-21 15:00:00,4305,3778894,3921.0,3410199,224.0,282375.0,4529,4061269,4145,3692574,8450,7471384
2021-08-22 15:00:00,3060,3781954,3157.0,3413356,109.0,282484.0,3169,4064438,3266,3695840,6326,7477710
2021-08-23 15:00:00,6148,3788102,5913.0,3419269,285.0,282769.0,6433,4070871,6198,3702038,12346,7490056
2021-08-24 15:00:00,6622,3794724,5867.0,3425136,424.0,283193.0,7046,4077917,6291,3708329,12913,7502969
2021-08-25 15:00:00,6879,3801603,6001.0,3431137,437.0,283630.0,7316,4085233,6438,3714767,13317,7516286
2021-08-26 15:00:00,7153,3808756,6398.0,3437535,427.0,284057.0,7580,4092813,6825,3721592,13978,7530264
2021-08-27 15:00:00,6835,3815591,6989.0,3444524,315.0,284372.0,7150,4099963,7304,3728896,14139,7544403
2021-08-28 15:00:00,6899,3822490,6471.0,3450995,326.0,284698.0,7225,4107188,6797,3735693,13696,7558099
2021-08-29 15:00:00,3741,3826231,3669.0,3454664,611.0,285309.0,4352,4111540,4280,3739973,8021,7566120
2021-08-30 15:00:00,5935,3832166,6080.0,3460744,959.0,286268.0,6894,4118434,7039,3747012,12974,7579094
2021-08-31 15:00:00,5677,3837843,5923.0,3466667,945.0,287213.0,6622,4125056,6868,3753880,12545,7591639
2021-09-01 15:00:00,5519,3843362,5571.0,3472238,905.0,288118.0,6424,4131480,6476,3760356,11995,7603634
2021-09-02 15:00:00,5524,3848886,5868.0,3478106,700.0,288818.0,6224,4137704,6568,3766924,12092,7615726
2021-09-03 15:00:00,5970,3854856,6865.0,3484971,970.0,289788.0,6940,4144644,7835,3774759,13805,7629531
2021-09-04 15:00:00,3712,3858568,4315.0,3489286,875.0,290663.0,4587,4149231,5190,3779949,8902,7638433
2021-09-05 15:00:00,2884,3861452,2797.0,3492083,104.0,290767.0,2988,4152219,2901,3782850,5785,7644218
2021-09-06 15:00:00,1047,3862499,1141.0,3493224,62.0,290829.0,1109,4153328,1203,3784053,2250,7646468
2021-09-07 15:00:00,5267,3867766,7236.0,3500460,2302.0,293131.0,7569,4160897,9538,3793591,14805,7661273
2021-09-08 15:00:00,4645,3872411,5434.0,3505894,365.0,293496.0,5010,4165907,5799,3799390,10444,7671717
2021-09-09 15:00:00,5055,3877466,5330.0,3511224,322.0,293818.0,5377,4171284,5652,3805042,10707,7682424
2021-09-10 15:00:00,6515,3883981,6580.0,3517804,1711.0,295529.0,8226,4179510,8291,3813333,14806,7697230
2021-09-11 15:00:00,4038,3888019,4325.0,3522129,663.0,296192.0,4701,4184211,4988,3818321,9026,7706256
2021-09-12 15:00:00,3061,3891080,3225.0,3525354,434.0,296626.0,3495,4187706,3659,3821980,6720,7712976
2021-09-13 15:00:00,4663,3895743,4835.0,3530189,345.0,296971.0,5008,4192714,5180,3827160,9843,7722819
2021-09-14 15:00:00,4565,3900308,5200.0,3535389,433.0,297404.0,4998,4197712,5633,3832793,10198,7733017
2021-09-15 15:00:00,4677,3904985,5584.0,3540973,385.0,297789.0,5062,4202774,5969,3838762,10646,7743663
2021-09-16 15:00:00,4574,3909559,5594.0,3546567,330.0,298119.0,4904,4207678,5924,3844686,10498,7754161
2021-09-17 15:00:00,5019,3914578,6315.0,3552882,341.0,298460.0,5360,4213038,6656,3851342,11675,7765836
2021-09-18 15:00:00,3764,3918342,4561.0,3557443,184.0,298644.0,3948,4216986,4745,3856087,8509,7774345
2021-09-19 15:00:00,2722,3921064,3163.0,3560606,75.0,298719.0,2797,4219783,3238,3859325,5960,7780305
2021-09-20 15:00:00,3526,3924590,4455.0,3565061,426.0,299145.0,3952,4223735,4881,3864206,8407,7788712
2021-09-21 15:00:00,3769,3928359,4800.0,3569861,324.0,299469.0,4093,4227828,5124,3869330,8893,7797605
2021-09-22 15:00:00,4166,3932525,4734.0,3574595,455.0,299924.0,4621,4232449,5189,3874519,9355,7806960
2021-09-23 15:00:00,4163,3936688,4682.0,3579277,488.0,300412.0,4651,4237100,5170,3879689,9333,7816293
2021-09-24 15:00:00,5065,3941753,5542.0,3584819,421.0,300833.0,5486,4242586,5963,3885652,11028,7827321
2021-09-25 15:00:00,3591,3945344,3632.0,3588451,384.0,301217.0,3975,4246561,4016,3889668,7607,7834928
2021-09-26 15:00:00,2352,3947696,2601.0,3591052,421.0,301638.0,2773,4249334,3022,3892690,5374,7840302
2021-09-27 15:00:00,4492,3952188,2691.0,3593743,506.0,302144.0,4998,4254332,3197,3895887,7689,7847991
2021-09-28 15:00:00,4392,3956580,4378.0,3598121,211.0,302355.0,4603,4258935,4589,3900476,8981,7856972
2021-09-29 15:00:00,4693,3961273,4486.0,3602607,917.0,303272.0,5610,4264545,5403,3905879,10096,7867068
2021-09-30 15:00:00,4862,3966135,4522.0,3607129,790.0,304062.0,5652,4270197,5312,3911191,10174,7877242
2021-10-01 15:00:00,5384,3971519,5268.0,3612397,777.0,304839.0,6161,4276358,6045,3917236,11429,7888671
2021-10-02 15:00:00,2920,3974439,2889.0,3615286,186.0,305025.0,3106,4279464,3075,3920311,5995,7894666
2021-10-03 15:00:00,2051,3976490,2176.0,3617462,86.0,305111.0,2137,4281601,2262,3922573,4313,7898979
2021-10-04 15:00:00,4138,3980628,3363.0,3620825,233.0,305344.0,4371,4285972,3596,3926169,7734,7906713
2021-10-05 15:00:00,4043,3984671,3574.0,3624399,204.0,305548.0,4247,4290219,3778,3929947,7821,7914534
2021-10-06 15:00:00,4102,3988773,3449.0,3627848,262.0,305810.0,4364,4294583,3711,3933658,7813,7922347
2021-10-07 15:00:00,4327,3993100,3478.0,3631326,314.0,306124.0,4641,4299224,3792,3937450,8119,7930466
2021-10-08 15:00:00,4901,3998001,4023.0,3635349,275.0,306399.0,5176,4304400,4298,3941748,9199,7939665
2021-10-09 15:00:00,2666,4000667,2667.0,3638016,267.0,306666.0,2933,4307333,2934,3944682,5600,7945265
2021-10-10 15:00:00,1859,4002526,1842.0,3639858,59.0,306725.0,1918,4309251,1901,3946583,3760,7949025
2021-10-11 15:00:00,4344,4006870,3164.0,3643022,244.0,306969.0,4588,4313839,3408,3949991,7752,7956777
2021-10-12 15:00:00,3697,4010567,3249.0,3646271,266.0,307235.0,3963,4317802,3515,3953506,7212,7963989
2021-10-13 15:00:00,3951,4014518,3403.0,3649674,342.0,307577.0,4293,4322095,3745,3957251,7696,7971685
2021-10-14 15:00:00,5114,4019632,5440.0,3655114,417.0,307994.0,5531,4327626,5857,3963108,10971,7982656
2021-10-15 15:00:00,4690,4024322,4540.0,3659654,341.0,308335.0,5031,4332657,4881,3967989,9571,7992227
2021-10-16 15:00:00,2476,4026798,2481.0,3662135,287.0,308622.0,2763,4335420,2768,3970757,5244,7997471
2021-10-17 15:00:00,1777,4028575,1762.0,3663897,52.0,308674.0,1829,4337249,1814,3972571,3591,8001062
2021-10-18 15:00:00,4230,4032805,3568.0,3667465,257.0,308931.0,4487,4341736,3825,3976396,8055,8009117
2021-10-19 15:00:00,4289,4037094,4029.0,3671494,222.0,309153.0,4511,4346247,4251,3980647,8540,8017657
2021-10-20 15:00:00,3481,4040575,3389.0,3674883,251.0,309404.0,3732,4349979,3640,3984287,7121,8024778
2021-10-21 15:00:00,3236,4043811,3282.0,3678165,285.0,309689.0,3521,4353500,3567,3987854,6803,8031581
2021-10-22 15:00:00,4609,4048420,5607.0,3683772,469.0,310158.0,5078,4358578,6076,3993930,10685,8042266
2021-10-23 15:00:00,2857,4051277,3330.0,3687102,320.0,310478.0,3177,4361755,3650,3997580,6507,8048773
2021-10-24 15:00:00,1943,4053220,2380.0,3689482,74.0,310552.0,2017,4363772,2454,4000034,4397,8053170
2021-10-25 15:00:00,4384,4057604,5620.0,3695102,306.0,310858.0,4690,4368462,5926,4005960,10310,8063480
2021-10-26 15:00:00,4294,4061898,5300.0,3700402,297.0,311155.0,4591,4373053,5597,4011557,9891,8073371
2021-10-27 15:00:00,4423,4066321,5510.0,3705912,409.0,311564.0,4832,4377885,5919,4017476,10342,8083713
2021-10-28 15:00:00,3756,4070077,5006.0,3710918,376.0,311940.0,4132,4382017,5382,4022858,9138,8092851
2021-10-29 15:00:00,1900,4071977,2672.0,3713590,172.0,312112.0,2072,4384089,2844,4025702,4744,8097595
