VACCINATION_DATE,FirstDailyDose,FirstDoseCumulative,SecondDailyDose,SecondDoseCumulative,SingleDailyDose,SingleDoseCumulative,AtleastOneVaccine,AtleastOneVaccineCumulative,CompletedVax,CompletedVaxCumulative,FirstSecondSingleVaccinations,FirstSecondSingleVaccinationsCumulative
2020-12-14 15:00:00,19,1342,,516,,,19,1342,0,516,19,1753
2020-12-15 15:00:00,59,1401,3.0,519,,,59,1401,3,519,62,1815
2020-12-16 15:00:00,588,1989,5.0,524,,,588,1989,5,524,593,2408
2020-12-17 15:00:00,1154,3143,5.0,529,,,1154,3143,5,529,1159,3567
2020-12-18 15:00:00,3012,6155,13.0,542,,,3012,6155,13,542,3025,6592
2020-12-19 15:00:00,929,7084,5.0,547,,,929,7084,5,547,934,7526
2020-12-20 15:00:00,360,7444,5.0,552,,,360,7444,5,552,365,7891
2020-12-21 15:00:00,3883,11327,26.0,578,,,3883,11327,26,578,3909,11800
2020-12-22 15:00:00,6318,17645,26.0,604,,,6318,17645,26,604,6344,18144
2020-12-23 15:00:00,5774,23419,35.0,639,,,5774,23419,35,639,5809,23953
2020-12-24 15:00:00,2722,26141,16.0,655,,,2722,26141,16,655,2738,26691
2020-12-25 15:00:00,1034,27175,4.0,659,,,1034,27175,4,659,1038,27729
2020-12-26 15:00:00,1882,29057,9.0,668,,,1882,29057,9,668,1891,29620
2020-12-27 15:00:00,1803,30860,10.0,678,,,1803,30860,10,678,1813,31433
2020-12-28 15:00:00,8981,39841,47.0,725,,,8981,39841,47,725,9028,40461
2020-12-29 15:00:00,10959,50800,50.0,775,,,10959,50800,50,775,11009,51470
2020-12-30 15:00:00,12487,63287,87.0,862,,,12487,63287,87,862,12574,64044
2020-12-31 15:00:00,7550,70837,45.0,907,,,7550,70837,45,907,7595,71639
2021-01-01 15:00:00,3200,74037,136.0,1043,,,3200,74037,136,1043,3336,74975
2021-01-02 15:00:00,3035,77072,34.0,1077,,,3035,77072,34,1077,3069,78044
2021-01-03 15:00:00,3404,80476,81.0,1158,,,3404,80476,81,1158,3485,81529
2021-01-04 15:00:00,13350,93826,331.0,1489,,,13350,93826,331,1489,13681,95210
2021-01-05 15:00:00,12467,106293,543.0,2032,,,12467,106293,543,2032,13010,108220
2021-01-06 15:00:00,15244,121537,858.0,2890,,,15244,121537,858,2890,16102,124322
2021-01-07 15:00:00,15018,136555,1763.0,4653,,,15018,136555,1763,4653,16781,141103
2021-01-08 15:00:00,24009,160564,2775.0,7428,,,24009,160564,2775,7428,26784,167887
2021-01-09 15:00:00,5165,165729,951.0,8379,,,5165,165729,951,8379,6116,174003
2021-01-10 15:00:00,2966,168695,381.0,8760,,,2966,168695,381,8760,3347,177350
2021-01-11 15:00:00,13717,182412,3467.0,12227,,,13717,182412,3467,12227,17184,194534
2021-01-12 15:00:00,17377,199789,5586.0,17813,,,17377,199789,5586,17813,22963,217497
2021-01-13 15:00:00,18600,218389,3911.0,21724,,,18600,218389,3911,21724,22511,240008
2021-01-14 15:00:00,17834,236223,1959.0,23683,,,17834,236223,1959,23683,19793,259801
2021-01-15 15:00:00,19459,255682,2024.0,25707,,,19459,255682,2024,25707,21483,281284
2021-01-16 15:00:00,5820,261502,1613.0,27320,,,5820,261502,1613,27320,7433,288717
2021-01-17 15:00:00,2119,263621,1478.0,28798,,,2119,263621,1478,28798,3597,292314
2021-01-18 15:00:00,7070,270691,3256.0,32054,,,7070,270691,3256,32054,10326,302640
2021-01-19 15:00:00,16939,287630,5399.0,37453,,,16939,287630,5399,37453,22338,324978
2021-01-20 15:00:00,20998,308628,5318.0,42771,,,20998,308628,5318,42771,26316,351294
2021-01-21 15:00:00,23789,332417,3834.0,46605,,,23789,332417,3834,46605,27623,378917
2021-01-22 15:00:00,28650,361067,3742.0,50347,,,28650,361067,3742,50347,32392,411309
2021-01-23 15:00:00,10113,371180,1936.0,52283,,,10113,371180,1936,52283,12049,423358
2021-01-24 15:00:00,3348,374528,1723.0,54006,,,3348,374528,1723,54006,5071,428429
2021-01-25 15:00:00,16300,390828,8595.0,62601,,,16300,390828,8595,62601,24895,453324
2021-01-26 15:00:00,17550,408378,8967.0,71568,,,17550,408378,8967,71568,26517,479841
2021-01-27 15:00:00,24432,432810,12542.0,84110,,,24432,432810,12542,84110,36974,516815
2021-01-28 15:00:00,22646,455456,9320.0,93430,,,22646,455456,9320,93430,31966,548781
2021-01-29 15:00:00,24771,480227,7919.0,101349,,,24771,480227,7919,101349,32690,581471
2021-01-30 15:00:00,17773,498000,2552.0,103901,,,17773,498000,2552,103901,20325,601796
2021-01-31 15:00:00,3761,501761,1362.0,105263,,,3761,501761,1362,105263,5123,606919
2021-02-01 15:00:00,8063,509824,5345.0,110608,,,8063,509824,5345,110608,13408,620327
2021-02-02 15:00:00,12484,522308,13822.0,124430,,,12484,522308,13822,124430,26306,646633
2021-02-03 15:00:00,18246,540554,18123.0,142553,,,18246,540554,18123,142553,36369,683002
2021-02-04 15:00:00,22108,562662,15771.0,158324,,,22108,562662,15771,158324,37879,720881
2021-02-05 15:00:00,20340,583002,17406.0,175730,,,20340,583002,17406,175730,37746,758627
2021-02-06 15:00:00,11318,594320,14465.0,190195,,,11318,594320,14465,190195,25783,784410
2021-02-07 15:00:00,5947,600267,1833.0,192028,,,5947,600267,1833,192028,7780,792190
2021-02-08 15:00:00,12970,613237,12918.0,204946,,,12970,613237,12918,204946,25888,818078
2021-02-09 15:00:00,16645,629882,13865.0,218811,,,16645,629882,13865,218811,30510,848588
2021-02-10 15:00:00,19277,649159,21224.0,240035,,,19277,649159,21224,240035,40501,889089
2021-02-11 15:00:00,22839,671998,17332.0,257367,,,22839,671998,17332,257367,40171,929260
2021-02-12 15:00:00,20387,692385,19607.0,276974,,,20387,692385,19607,276974,39994,969254
2021-02-13 15:00:00,11435,703820,6413.0,283387,,,11435,703820,6413,283387,17848,987102
2021-02-14 15:00:00,7108,710928,2119.0,285506,,,7108,710928,2119,285506,9227,996329
2021-02-15 15:00:00,11757,722685,13325.0,298831,,,11757,722685,13325,298831,25082,1021411
2021-02-16 15:00:00,16600,739285,21006.0,319837,,,16600,739285,21006,319837,37606,1059017
2021-02-17 15:00:00,20649,759934,26369.0,346206,,,20649,759934,26369,346206,47018,1106035
2021-02-18 15:00:00,3194,763128,4615.0,350821,,,3194,763128,4615,350821,7809,1113844
2021-02-19 15:00:00,10257,773385,19921.0,370742,,,10257,773385,19921,370742,30178,1144022
2021-02-20 15:00:00,10310,783695,20279.0,391021,,,10310,783695,20279,391021,30589,1174611
2021-02-21 15:00:00,6170,789865,7639.0,398660,,,6170,789865,7639,398660,13809,1188420
2021-02-22 15:00:00,8033,797898,15467.0,414127,,,8033,797898,15467,414127,23500,1211920
2021-02-23 15:00:00,15520,813418,15975.0,430102,,,15520,813418,15975,430102,31495,1243415
2021-02-24 15:00:00,17944,831362,24737.0,454839,,,17944,831362,24737,454839,42681,1286096
2021-02-25 15:00:00,20389,851751,26549.0,481388,,,20389,851751,26549,481388,46938,1333034
2021-02-26 15:00:00,26716,878467,26204.0,507592,,,26716,878467,26204,507592,52920,1385954
2021-02-27 15:00:00,16001,894468,11152.0,518744,,,16001,894468,11152,518744,27153,1413107
2021-02-28 15:00:00,15499,909967,4876.0,523620,,,15499,909967,4876,523620,20375,1433482
2021-03-01 15:00:00,26896,936863,12588.0,536208,,,26896,936863,12588,536208,39484,1472966
2021-03-02 15:00:00,23905,960768,13266.0,549474,33.0,33.0,23938,960801,13299,549507,37204,1510170
2021-03-03 15:00:00,30180,990948,18385.0,567859,186.0,219.0,30366,991167,18571,568078,48751,1558921
2021-03-04 15:00:00,30952,1021900,18184.0,586043,4068.0,4287.0,35020,1026187,22252,590330,53204,1612125
2021-03-05 15:00:00,30011,1051911,19707.0,605750,4909.0,9196.0,34920,1061107,24616,614946,54627,1666752
2021-03-06 15:00:00,18905,1070816,9502.0,615252,6006.0,15202.0,24911,1086018,15508,630454,34413,1701165
2021-03-07 15:00:00,12120,1082936,4853.0,620105,6613.0,21815.0,18733,1104751,11466,641920,23586,1724751
2021-03-08 15:00:00,25867,1108803,8837.0,628942,8277.0,30092.0,34144,1138895,17114,659034,42981,1767732
2021-03-09 15:00:00,26111,1134914,15466.0,644408,8348.0,38440.0,34459,1173354,23814,682848,49925,1817657
2021-03-10 15:00:00,29845,1164759,15982.0,660390,7941.0,46381.0,37786,1211140,23923,706771,53768,1871425
2021-03-11 15:00:00,35981,1200740,16394.0,676784,3981.0,50362.0,39962,1251102,20375,727146,56356,1927781
2021-03-12 15:00:00,36904,1237644,18085.0,694869,2924.0,53286.0,39828,1290930,21009,748155,57913,1985694
2021-03-13 15:00:00,22656,1260300,10276.0,705145,1626.0,54912.0,24282,1315212,11902,760057,34558,2020252
2021-03-14 15:00:00,17833,1278133,6714.0,711859,1004.0,55916.0,18837,1334049,7718,767775,25551,2045803
2021-03-15 15:00:00,29813,1307946,11297.0,723156,597.0,56513.0,30410,1364459,11894,779669,41707,2087510
2021-03-16 15:00:00,33410,1341356,13563.0,736719,769.0,57282.0,34179,1398638,14332,794001,47742,2135252
2021-03-17 15:00:00,37559,1378915,17039.0,753758,1180.0,58462.0,38739,1437377,18219,812220,55778,2191030
2021-03-18 15:00:00,41435,1420350,12635.0,766393,1348.0,59810.0,42783,1480160,13983,826203,55418,2246448
2021-03-19 15:00:00,38328,1458678,15418.0,781811,1037.0,60847.0,39365,1519525,16455,842658,54783,2301231
2021-03-20 15:00:00,24694,1483372,10149.0,791960,702.0,61549.0,25396,1544921,10851,853509,35545,2336776
2021-03-21 15:00:00,19166,1502538,7870.0,799830,336.0,61885.0,19502,1564423,8206,861715,27372,2364148
2021-03-22 15:00:00,32585,1535123,11468.0,811298,835.0,62720.0,33420,1597843,12303,874018,44888,2409036
2021-03-23 15:00:00,38415,1573538,17791.0,829089,1554.0,64274.0,39969,1637812,19345,893363,57760,2466796
2021-03-24 15:00:00,41072,1614610,21195.0,850284,1386.0,65660.0,42458,1680270,22581,915944,63653,2530449
2021-03-25 15:00:00,42868,1657478,21677.0,871961,2458.0,68118.0,45326,1725596,24135,940079,67003,2597452
2021-03-26 15:00:00,36343,1693821,26663.0,898624,2496.0,70614.0,38839,1764435,29159,969238,65502,2662954
2021-03-27 15:00:00,26459,1720280,17275.0,915899,2491.0,73105.0,28950,1793385,19766,989004,46225,2709179
2021-03-28 15:00:00,17007,1737287,12632.0,928531,1615.0,74720.0,18622,1812007,14247,1003251,31254,2740433
2021-03-29 15:00:00,29712,1766999,26270.0,954801,1140.0,75860.0,30852,1842859,27410,1030661,57122,2797555
2021-03-30 15:00:00,40041,1807040,28977.0,983778,1861.0,77721.0,41902,1884761,30838,1061499,70879,2868434
2021-03-31 15:00:00,41031,1848071,34675.0,1018453,5749.0,83470.0,46780,1931541,40424,1101923,81455,2949889
2021-04-01 15:00:00,42268,1890339,40969.0,1059422,5726.0,89196.0,47994,1979535,46695,1148618,88963,3038852
2021-04-02 15:00:00,34910,1925249,32653.0,1092075,6121.0,95317.0,41031,2020566,38774,1187392,73684,3112536
2021-04-03 15:00:00,21133,1946382,19180.0,1111255,4386.0,99703.0,25519,2046085,23566,1210958,44699,3157235
2021-04-04 15:00:00,8268,1954650,10182.0,1121437,967.0,100670.0,9235,2055320,11149,1222107,19417,3176652
2021-04-05 15:00:00,27934,1982584,28891.0,1150328,6655.0,107325.0,34589,2089909,35546,1257653,63480,3240132
2021-04-06 15:00:00,39759,2022343,30427.0,1180755,10488.0,117813.0,50247,2140156,40915,1298568,80674,3320806
2021-04-07 15:00:00,36065,2058408,34257.0,1215012,12982.0,130795.0,49047,2189203,47239,1345807,83304,3404110
2021-04-08 15:00:00,42292,2100700,36079.0,1251091,13864.0,144659.0,56156,2245359,49943,1395750,92235,3496345
2021-04-09 15:00:00,34041,2134741,36309.0,1287400,14522.0,159181.0,48563,2293922,50831,1446581,84872,3581217
2021-04-10 15:00:00,23458,2158199,23119.0,1310519,7641.0,166822.0,31099,2325021,30760,1477341,54218,3635435
2021-04-11 15:00:00,17559,2175758,13274.0,1323793,10122.0,176944.0,27681,2352702,23396,1500737,40955,3676390
2021-04-12 15:00:00,24594,2200352,33143.0,1356936,10897.0,187841.0,35491,2388193,44040,1544777,68634,3745024
2021-04-13 15:00:00,126182,2326534,91212.0,1448148,3292.0,191133.0,129474,2517667,94504,1639281,220686,3965710
2021-04-14 15:00:00,40704,2367238,37795.0,1485943,211.0,191344.0,40915,2558582,38006,1677287,78710,4044420
2021-04-15 15:00:00,41410,2408648,39516.0,1525459,174.0,191518.0,41584,2600166,39690,1716977,81100,4125520
2021-04-16 15:00:00,37146,2445794,38833.0,1564292,23.0,191541.0,37169,2637335,38856,1755833,76002,4201522
2021-04-17 15:00:00,32796,2478590,22015.0,1586307,12.0,191553.0,32808,2670143,22027,1777860,54823,4256345
2021-04-18 15:00:00,20065,2498655,16190.0,1602497,5.0,191558.0,20070,2690213,16195,1794055,36260,4292605
2021-04-19 15:00:00,29873,2528528,36535.0,1639032,61.0,191619.0,29934,2720147,36596,1830651,66469,4359074
2021-04-20 15:00:00,32923,2561451,44419.0,1683451,57.0,191676.0,32980,2753127,44476,1875127,77399,4436473
2021-04-21 15:00:00,39804,2601255,47028.0,1730479,25.0,191701.0,39829,2792956,47053,1922180,86857,4523330
2021-04-22 15:00:00,35825,2637080,42635.0,1773114,16.0,191717.0,35841,2828797,42651,1964831,78476,4601806
2021-04-23 15:00:00,33130,2670210,40115.0,1813229,14.0,191731.0,33144,2861941,40129,2004960,73259,4675065
2021-04-24 15:00:00,26407,2696617,27874.0,1841103,81.0,191812.0,26488,2888429,27955,2032915,54362,4729427
2021-04-25 15:00:00,20228,2716845,10957.0,1852060,31.0,191843.0,20259,2908688,10988,2043903,31216,4760643
2021-04-26 15:00:00,27403,2744248,32694.0,1884754,202.0,192045.0,27605,2936293,32896,2076799,60299,4820942
2021-04-27 15:00:00,26695,2770943,33048.0,1917802,1098.0,193143.0,27793,2964086,34146,2110945,60841,4881783
2021-04-28 15:00:00,28925,2799868,39504.0,1957306,1362.0,194505.0,30287,2994373,40866,2151811,69791,4951574
2021-04-29 15:00:00,27079,2826947,39696.0,1997002,1463.0,195968.0,28542,3022915,41159,2192970,68238,5019812
2021-04-30 15:00:00,28201,2855148,32247.0,2029249,1647.0,197615.0,29848,3052763,33894,2226864,62095,5081907
2021-05-01 15:00:00,20626,2875774,26630.0,2055879,1045.0,198660.0,21671,3074434,27675,2254539,48301,5130208
2021-05-02 15:00:00,10283,2886057,17035.0,2072914,822.0,199482.0,11105,3085539,17857,2272396,28140,5158348
2021-05-03 15:00:00,12755,2898812,28562.0,2101476,1915.0,201397.0,14670,3100209,30477,2302873,43232,5201580
2021-05-04 15:00:00,13564,2912376,38582.0,2140058,1737.0,203134.0,15301,3115510,40319,2343192,53883,5255463
2021-05-05 15:00:00,19322,2931698,37735.0,2177793,1921.0,205055.0,21243,3136753,39656,2382848,58978,5314441
2021-05-06 15:00:00,16916,2948614,40577.0,2218370,1720.0,206775.0,18636,3155389,42297,2425145,59213,5373654
2021-05-07 15:00:00,17580,2966194,36989.0,2255359,1957.0,208732.0,19537,3174926,38946,2464091,56526,5430180
2021-05-08 15:00:00,10786,2976980,31213.0,2286572,1291.0,210023.0,12077,3187003,32504,2496595,43290,5473470
2021-05-09 15:00:00,5078,2982058,12234.0,2298806,695.0,210718.0,5773,3192776,12929,2509524,18007,5491477
2021-05-10 15:00:00,8954,2991012,31044.0,2329850,1362.0,212080.0,10316,3203092,32406,2541930,41360,5532837
2021-05-11 15:00:00,12184,3003196,30266.0,2360116,1440.0,213520.0,13624,3216716,31706,2573636,43890,5576727
2021-05-12 15:00:00,13951,3017147,38574.0,2398690,1919.0,215439.0,15870,3232586,40493,2614129,54444,5631171
2021-05-13 15:00:00,21851,3038998,33455.0,2432145,1345.0,216784.0,23196,3255782,34800,2648929,56651,5687822
2021-05-14 15:00:00,24377,3063375,30019.0,2462164,1775.0,218559.0,26152,3281934,31794,2680723,56171,5743993
2021-05-15 15:00:00,21925,3085300,25100.0,2487264,1490.0,220049.0,23415,3305349,26590,2707313,48515,5792508
2021-05-16 15:00:00,9083,3094383,17577.0,2504841,1113.0,221162.0,10196,3315545,18690,2726003,27773,5820281
2021-05-17 15:00:00,16843,3111226,28382.0,2533223,1949.0,223111.0,18792,3334337,30331,2756334,47174,5867455
2021-05-18 15:00:00,21252,3132478,30669.0,2563892,1942.0,225053.0,23194,3357531,32611,2788945,53863,5921318
2021-05-19 15:00:00,27639,3160117,32406.0,2596298,1629.0,226682.0,29268,3386799,34035,2822980,61674,5982992
2021-05-20 15:00:00,20808,3180925,33239.0,2629537,1966.0,228648.0,22774,3409573,35205,2858185,56013,6039005
2021-05-21 15:00:00,19155,3200080,30327.0,2659864,1607.0,230255.0,20762,3430335,31934,2890119,51089,6090094
2021-05-22 15:00:00,16929,3217009,20665.0,2680529,1270.0,231525.0,18199,3448534,21935,2912054,38864,6128958
2021-05-23 15:00:00,8761,3225770,11434.0,2691963,964.0,232489.0,9725,3458259,12398,2924452,21159,6150117
2021-05-24 15:00:00,13558,3239328,17758.0,2709721,1473.0,233962.0,15031,3473290,19231,2943683,32789,6182906
2021-05-25 15:00:00,13064,3252392,18708.0,2728429,1329.0,235291.0,14393,3487683,20037,2963720,33101,6216007
2021-05-26 15:00:00,18304,3270696,19486.0,2747915,1511.0,236802.0,19815,3507498,20997,2984717,39301,6255308
2021-05-27 15:00:00,11686,3282382,18642.0,2766557,1116.0,237918.0,12802,3520300,19758,3004475,31444,6286752
2021-05-28 15:00:00,12409,3294791,19830.0,2786387,1400.0,239318.0,13809,3534109,21230,3025705,33639,6320391
2021-05-29 15:00:00,9543,3304334,11673.0,2798060,935.0,240253.0,10478,3544587,12608,3038313,22151,6342542
2021-05-30 15:00:00,4969,3309303,6424.0,2804484,595.0,240848.0,5564,3550151,7019,3045332,11988,6354530
2021-05-31 15:00:00,1777,3311080,3712.0,2808196,305.0,241153.0,2082,3552233,4017,3049349,5794,6360324
2021-06-01 15:00:00,9832,3320912,16412.0,2824608,1157.0,242310.0,10989,3563222,17569,3066918,27401,6387725
2021-06-02 15:00:00,10229,3331141,16803.0,2841411,959.0,243269.0,11188,3574410,17762,3084680,27991,6415716
2021-06-03 15:00:00,7896,3339037,21176.0,2862587,1086.0,244355.0,8982,3583392,22262,3106942,30158,6445874
2021-06-04 15:00:00,8172,3347209,22339.0,2884926,1120.0,245475.0,9292,3592684,23459,3130401,31631,6477505
2021-06-05 15:00:00,7005,3354214,19460.0,2904386,720.0,246195.0,7725,3600409,20180,3150581,27185,6504690
2021-06-06 15:00:00,3460,3357674,7237.0,2911623,423.0,246618.0,3883,3604292,7660,3158241,11120,6515810
2021-06-07 15:00:00,6857,3364531,15768.0,2927391,726.0,247344.0,7583,3611875,16494,3174735,23351,6539161
2021-06-08 15:00:00,6673,3371204,19700.0,2947091,830.0,248174.0,7503,3619378,20530,3195265,27203,6566364
2021-06-09 15:00:00,8200,3379404,23944.0,2971035,970.0,249144.0,9170,3628548,24914,3220179,33114,6599478
2021-06-10 15:00:00,7142,3386546,19114.0,2990149,894.0,250038.0,8036,3636584,20008,3240187,27150,6626628
2021-06-11 15:00:00,7476,3394022,17709.0,3007858,1125.0,251163.0,8601,3645185,18834,3259021,26310,6652938
2021-06-12 15:00:00,5234,3399256,14752.0,3022610,605.0,251768.0,5839,3651024,15357,3274378,20591,6673529
2021-06-13 15:00:00,1930,3401186,7565.0,3030175,427.0,252195.0,2357,3653381,7992,3282370,9922,6683451
2021-06-14 15:00:00,5659,3406845,11800.0,3041975,733.0,252928.0,6392,3659773,12533,3294903,18192,6701643
2021-06-15 15:00:00,5637,3412482,14330.0,3056305,873.0,253801.0,6510,3666283,15203,3310106,20840,6722483
2021-06-16 15:00:00,8753,3421235,21575.0,3077880,757.0,254558.0,9510,3675793,22332,3332438,31085,6753568
2021-06-17 15:00:00,6684,3427919,12356.0,3090236,720.0,255278.0,7404,3683197,13076,3345514,19760,6773328
2021-06-18 15:00:00,6831,3434750,12730.0,3102966,703.0,255981.0,7534,3690731,13433,3358947,20264,6793592
2021-06-19 15:00:00,4660,3439410,9364.0,3112330,614.0,256595.0,5274,3696005,9978,3368925,14638,6808230
2021-06-20 15:00:00,2505,3441915,5050.0,3117380,377.0,256972.0,2882,3698887,5427,3374352,7932,6816162
2021-06-21 15:00:00,5559,3447474,5330.0,3122710,635.0,257607.0,6194,3705081,5965,3380317,11524,6827686
2021-06-22 15:00:00,5344,3452818,9044.0,3131754,692.0,258299.0,6036,3711117,9736,3390053,15080,6842766
2021-06-23 15:00:00,6063,3458881,10315.0,3142069,646.0,258945.0,6709,3717826,10961,3401014,17024,6859790
2021-06-24 15:00:00,5933,3464814,8192.0,3150261,595.0,259540.0,6528,3724354,8787,3409801,14720,6874510
2021-06-25 15:00:00,5807,3470621,8653.0,3158914,620.0,260160.0,6427,3730781,9273,3419074,15080,6889590
2021-06-26 15:00:00,3700,3474321,6297.0,3165211,398.0,260558.0,4098,3734879,6695,3425769,10395,6899985
2021-06-27 15:00:00,2808,3477129,3519.0,3168730,185.0,260743.0,2993,3737872,3704,3429473,6512,6906497
2021-06-28 15:00:00,4915,3482044,6377.0,3175107,539.0,261282.0,5454,3743326,6916,3436389,11831,6918328
2021-06-29 15:00:00,5058,3487102,6465.0,3181572,520.0,261802.0,5578,3748904,6985,3443374,12043,6930371
2021-06-30 15:00:00,5616,3492718,7378.0,3188950,605.0,262407.0,6221,3755125,7983,3451357,13599,6943970
2021-07-01 15:00:00,5402,3498120,6962.0,3195912,498.0,262905.0,5900,3761025,7460,3458817,12862,6956832
2021-07-02 15:00:00,5286,3503406,6829.0,3202741,523.0,263428.0,5809,3766834,7352,3466169,12638,6969470
2021-07-03 15:00:00,3267,3506673,4061.0,3206802,264.0,263692.0,3531,3770365,4325,3470494,7592,6977062
2021-07-04 15:00:00,492,3507165,544.0,3207346,67.0,263759.0,559,3770924,611,3471105,1103,6978165
2021-07-05 15:00:00,3760,3510925,3951.0,3211297,287.0,264046.0,4047,3774971,4238,3475343,7998,6986163
2021-07-06 15:00:00,4490,3515415,6259.0,3217556,452.0,264498.0,4942,3779913,6711,3482054,11201,6997364
2021-07-07 15:00:00,4465,3519880,6406.0,3223962,482.0,264980.0,4947,3784860,6888,3488942,11353,7008717
2021-07-08 15:00:00,4834,3524714,6161.0,3230123,563.0,265543.0,5397,3790257,6724,3495666,11558,7020275
2021-07-09 15:00:00,5358,3530072,6653.0,3236776,572.0,266115.0,5930,3796187,7225,3502891,12583,7032858
2021-07-10 15:00:00,3525,3533597,4391.0,3241167,303.0,266418.0,3828,3800015,4694,3507585,8219,7041077
2021-07-11 15:00:00,2675,3536272,2564.0,3243731,225.0,266643.0,2900,3802915,2789,3510374,5464,7046541
2021-07-12 15:00:00,4410,3540682,5112.0,3248843,379.0,267022.0,4789,3807704,5491,3515865,9901,7056442
2021-07-13 15:00:00,4660,3545342,4714.0,3253557,366.0,267388.0,5026,3812730,5080,3520945,9740,7066182
2021-07-14 15:00:00,4615,3549957,5272.0,3258829,421.0,267809.0,5036,3817766,5693,3526638,10308,7076490
2021-07-15 15:00:00,4897,3554854,5009.0,3263838,358.0,268167.0,5255,3823021,5367,3532005,10264,7086754
2021-07-16 15:00:00,6277,3561131,5829.0,3269667,402.0,268569.0,6679,3829700,6231,3538236,12508,7099262
2021-07-17 15:00:00,3417,3564548,3546.0,3273213,300.0,268869.0,3717,3833417,3846,3542082,7263,7106525
2021-07-18 15:00:00,2309,3566857,2371.0,3275584,110.0,268979.0,2419,3835836,2481,3544563,4790,7111315
2021-07-19 15:00:00,5132,3571989,4607.0,3280191,379.0,269358.0,5511,3841347,4986,3549549,10118,7121433
2021-07-20 15:00:00,5321,3577310,4709.0,3284900,366.0,269724.0,5687,3847034,5075,3554624,10396,7131829
2021-07-21 15:00:00,5646,3582956,4931.0,3289831,416.0,270140.0,6062,3853096,5347,3559971,10993,7142822
2021-07-22 15:00:00,6017,3588973,4622.0,3294453,470.0,270610.0,6487,3859583,5092,3565063,11109,7153931
2021-07-23 15:00:00,6834,3595807,4834.0,3299287,497.0,271107.0,7331,3866914,5331,3570394,12165,7166096
2021-07-24 15:00:00,4276,3600083,3199.0,3302486,267.0,271374.0,4543,3871457,3466,3573860,7742,7173838
2021-07-25 15:00:00,3291,3603374,1111.0,3303597,139.0,271513.0,3430,3874887,1250,3575110,4541,7178379
2021-07-26 15:00:00,6204,3609578,3896.0,3307493,419.0,271932.0,6623,3881510,4315,3579425,10519,7188898
2021-07-27 15:00:00,6590,3616168,4267.0,3311760,457.0,272389.0,7047,3888557,4724,3584149,11314,7200212
2021-07-28 15:00:00,7066,3623234,4132.0,3315892,460.0,272849.0,7526,3896083,4592,3588741,11658,7211870
2021-07-29 15:00:00,7062,3630296,4291.0,3320183,419.0,273268.0,7481,3903564,4710,3593451,11772,7223642
2021-07-30 15:00:00,7798,3638094,4789.0,3324972,525.0,273793.0,8323,3911887,5314,3598765,13112,7236754
2021-07-31 15:00:00,4792,3642886,3067.0,3328039,273.0,274066.0,5065,3916952,3340,3602105,8132,7244886
2021-08-01 15:00:00,3873,3646759,2153.0,3330192,161.0,274227.0,4034,3920986,2314,3604419,6187,7251073
2021-08-02 15:00:00,7253,3654012,3835.0,3334027,339.0,274566.0,7592,3928578,4174,3608593,11427,7262500
2021-08-03 15:00:00,7253,3661265,4087.0,3338114,515.0,275081.0,7768,3936346,4602,3613195,11855,7274355
2021-08-04 15:00:00,7410,3668675,4103.0,3342217,532.0,275613.0,7942,3944288,4635,3617830,12045,7286400
2021-08-05 15:00:00,7931,3676606,4272.0,3346489,537.0,276150.0,8468,3952756,4809,3622639,12740,7299140
2021-08-06 15:00:00,8296,3684902,4712.0,3351201,454.0,276604.0,8750,3961506,5166,3627805,13462,7312602
2021-08-07 15:00:00,5273,3690175,2811.0,3354012,263.0,276867.0,5536,3967042,3074,3630879,8347,7320949
2021-08-08 15:00:00,3954,3694129,2050.0,3356062,143.0,277010.0,4097,3971139,2193,3633072,6147,7327096
2021-08-09 15:00:00,6925,3701054,4524.0,3360586,368.0,277378.0,7293,3978432,4892,3637964,11817,7338913
2021-08-10 15:00:00,7132,3708186,4451.0,3365037,338.0,277716.0,7470,3985902,4789,3642753,11921,7350834
2021-08-11 15:00:00,7052,3715238,4429.0,3369466,442.0,278158.0,7494,3993396,4871,3647624,11923,7362757
2021-08-12 15:00:00,8601,3723839,4724.0,3374190,444.0,278602.0,9045,4002441,5168,3652792,13769,7376526
2021-08-13 15:00:00,7139,3730978,5360.0,3379550,396.0,278998.0,7535,4009976,5756,3658548,12895,7389421
2021-08-14 15:00:00,4913,3735891,3338.0,3382888,285.0,279283.0,5198,4015174,3623,3662171,8536,7397957
2021-08-15 15:00:00,3324,3739215,2731.0,3385619,163.0,279446.0,3487,4018661,2894,3665065,6218,7404175
2021-08-16 15:00:00,5430,3744645,5086.0,3390705,353.0,279799.0,5783,4024444,5439,3670504,10869,7415044
2021-08-17 15:00:00,6810,3751455,5350.0,3396055,390.0,280189.0,7200,4031644,5740,3676244,12550,7427594
2021-08-18 15:00:00,6318,3757773,5484.0,3401539,478.0,280667.0,6796,4038440,5962,3682206,12280,7439874
2021-08-19 15:00:00,6207,3763980,5537.0,3407076,416.0,281083.0,6623,4045063,5953,3688159,12160,7452034
2021-08-20 15:00:00,6829,3770809,6534.0,3413610,401.0,281484.0,7230,4052293,6935,3695094,13764,7465798
2021-08-21 15:00:00,4321,3775130,3915.0,3417525,228.0,281712.0,4549,4056842,4143,3699237,8464,7474262
2021-08-22 15:00:00,3058,3778188,3168.0,3420693,110.0,281822.0,3168,4060010,3278,3702515,6336,7480598
2021-08-23 15:00:00,5985,3784173,6084.0,3426777,285.0,282107.0,6270,4066280,6369,3708884,12354,7492952
2021-08-24 15:00:00,6544,3790717,6048.0,3432825,424.0,282531.0,6968,4073248,6472,3715356,13016,7505968
2021-08-25 15:00:00,6713,3797430,6205.0,3439030,440.0,282971.0,7153,4080401,6645,3722001,13358,7519326
2021-08-26 15:00:00,6964,3804394,6640.0,3445670,428.0,283399.0,7392,4087793,7068,3729069,14032,7533358
2021-08-27 15:00:00,6827,3811221,7058.0,3452728,316.0,283715.0,7143,4094936,7374,3736443,14201,7547559
2021-08-28 15:00:00,6897,3818118,6507.0,3459235,324.0,284039.0,7221,4102157,6831,3743274,13728,7561287
2021-08-29 15:00:00,3732,3821850,3684.0,3462919,610.0,284649.0,4342,4106499,4294,3747568,8026,7569313
2021-08-30 15:00:00,5926,3827776,6114.0,3469033,960.0,285609.0,6886,4113385,7074,3754642,13000,7582313
2021-08-31 15:00:00,5895,3833671,6041.0,3475074,946.0,286555.0,6841,4120226,6987,3761629,12882,7595195
2021-09-01 15:00:00,5577,3839248,5637.0,3480711,915.0,287470.0,6492,4126718,6552,3768181,12129,7607324
2021-09-02 15:00:00,5523,3844771,5915.0,3486626,704.0,288174.0,6227,4132945,6619,3774800,12142,7619466
2021-09-03 15:00:00,5990,3850761,6912.0,3493538,973.0,289147.0,6963,4139908,7885,3782685,13875,7633341
2021-09-04 15:00:00,3721,3854482,4337.0,3497875,879.0,290026.0,4600,4144508,5216,3787901,8937,7642278
2021-09-05 15:00:00,2953,3857435,2807.0,3500682,106.0,290132.0,3059,4147567,2913,3790814,5866,7648144
2021-09-06 15:00:00,1059,3858494,1149.0,3501831,64.0,290196.0,1123,4148690,1213,3792027,2272,7650416
2021-09-07 15:00:00,5338,3863832,7288.0,3509119,2304.0,292500.0,7642,4156332,9592,3801619,14930,7665346
2021-09-08 15:00:00,4652,3868484,5463.0,3514582,364.0,292864.0,5016,4161348,5827,3807446,10479,7675825
2021-09-09 15:00:00,4999,3873483,5441.0,3520023,324.0,293188.0,5323,4166671,5765,3813211,10764,7686589
2021-09-10 15:00:00,6510,3879993,6640.0,3526663,1718.0,294906.0,8228,4174899,8358,3821569,14868,7701457
2021-09-11 15:00:00,4169,3884162,4325.0,3530988,666.0,295572.0,4835,4179734,4991,3826560,9160,7710617
2021-09-12 15:00:00,3165,3887327,3236.0,3534224,436.0,296008.0,3601,4183335,3672,3830232,6837,7717454
2021-09-13 15:00:00,4878,3892205,5048.0,3539272,346.0,296354.0,5224,4188559,5394,3835626,10272,7727726
2021-09-14 15:00:00,4763,3896968,5424.0,3544696,435.0,296789.0,5198,4193757,5859,3841485,10622,7738348
2021-09-15 15:00:00,5024,3901992,5856.0,3550552,389.0,297178.0,5413,4199170,6245,3847730,11269,7749617
2021-09-16 15:00:00,4797,3906789,5824.0,3556376,336.0,297514.0,5133,4204303,6160,3853890,10957,7760574
2021-09-17 15:00:00,5244,3912033,6573.0,3562949,343.0,297857.0,5587,4209890,6916,3860806,12160,7772734
2021-09-18 15:00:00,3795,3915828,4564.0,3567513,185.0,298042.0,3980,4213870,4749,3865555,8544,7781278
2021-09-19 15:00:00,2742,3918570,3160.0,3570673,75.0,298117.0,2817,4216687,3235,3868790,5977,7787255
2021-09-20 15:00:00,3749,3922319,4671.0,3575344,430.0,298547.0,4179,4220866,5101,3873891,8850,7796105
2021-09-21 15:00:00,3997,3926316,4996.0,3580340,326.0,298873.0,4323,4225189,5322,3879213,9319,7805424
2021-09-22 15:00:00,4191,3930507,4761.0,3585101,458.0,299331.0,4649,4229838,5219,3884432,9410,7814834
2021-09-23 15:00:00,4165,3934672,4721.0,3589822,492.0,299823.0,4657,4234495,5213,3889645,9378,7824212
2021-09-24 15:00:00,5066,3939738,5597.0,3595419,422.0,300245.0,5488,4239983,6019,3895664,11085,7835297
2021-09-25 15:00:00,3625,3943363,3624.0,3599043,385.0,300630.0,4010,4243993,4009,3899673,7634,7842931
2021-09-26 15:00:00,2358,3945721,2659.0,3601702,424.0,301054.0,2782,4246775,3083,3902756,5441,7848372
2021-09-27 15:00:00,4500,3950221,2698.0,3604400,509.0,301563.0,5009,4251784,3207,3905963,7707,7856079
2021-09-28 15:00:00,4394,3954615,4445.0,3608845,211.0,301774.0,4605,4256389,4656,3910619,9050,7865129
2021-09-29 15:00:00,4695,3959310,4507.0,3613352,919.0,302693.0,5614,4262003,5426,3916045,10121,7875250
2021-09-30 15:00:00,4880,3964190,4555.0,3617907,792.0,303485.0,5672,4267675,5347,3921392,10227,7885477
2021-10-01 15:00:00,5479,3969669,5314.0,3623221,782.0,304267.0,6261,4273936,6096,3927488,11575,7897052
2021-10-02 15:00:00,2935,3972604,2889.0,3626110,187.0,304454.0,3122,4277058,3076,3930564,6011,7903063
2021-10-03 15:00:00,2077,3974681,2374.0,3628484,86.0,304540.0,2163,4279221,2460,3933024,4537,7907600
2021-10-04 15:00:00,4018,3978699,3496.0,3631980,232.0,304772.0,4250,4283471,3728,3936752,7746,7915346
2021-10-05 15:00:00,3953,3982652,3658.0,3635638,207.0,304979.0,4160,4287631,3865,3940617,7818,7923164
2021-10-06 15:00:00,4026,3986678,3577.0,3639215,264.0,305243.0,4290,4291921,3841,3944458,7867,7931031
2021-10-07 15:00:00,4230,3990908,3622.0,3642837,331.0,305574.0,4561,4296482,3953,3948411,8183,7939214
2021-10-08 15:00:00,4777,3995685,4276.0,3647113,282.0,305856.0,5059,4301541,4558,3952969,9335,7948549
2021-10-09 15:00:00,2685,3998370,2675.0,3649788,270.0,306126.0,2955,4304496,2945,3955914,5630,7954179
2021-10-10 15:00:00,1864,4000234,1847.0,3651635,59.0,306185.0,1923,4306419,1906,3957820,3770,7957949
2021-10-11 15:00:00,4216,4004450,3332.0,3654967,249.0,306434.0,4465,4310884,3581,3961401,7797,7965746
2021-10-12 15:00:00,3591,4008041,3525.0,3658492,273.0,306707.0,3864,4314748,3798,3965199,7389,7973135
2021-10-13 15:00:00,3955,4011996,3450.0,3661942,346.0,307053.0,4301,4319049,3796,3968995,7751,7980886
2021-10-14 15:00:00,5163,4017159,5483.0,3667425,429.0,307482.0,5592,4324641,5912,3974907,11075,7991961
2021-10-15 15:00:00,4703,4021862,4586.0,3672011,347.0,307829.0,5050,4329691,4933,3979840,9636,8001597
2021-10-16 15:00:00,2494,4024356,2502.0,3674513,290.0,308119.0,2784,4332475,2792,3982632,5286,8006883
2021-10-17 15:00:00,1808,4026164,1773.0,3676286,55.0,308174.0,1863,4334338,1828,3984460,3636,8010519
2021-10-18 15:00:00,4285,4030449,3574.0,3679860,267.0,308441.0,4552,4338890,3841,3988301,8126,8018645
2021-10-19 15:00:00,4302,4034751,4024.0,3683884,222.0,308663.0,4524,4343414,4246,3992547,8548,8027193
2021-10-20 15:00:00,3526,4038277,3420.0,3687304,254.0,308917.0,3780,4347194,3674,3996221,7200,8034393
2021-10-21 15:00:00,3300,4041577,3257.0,3690561,290.0,309207.0,3590,4350784,3547,3999768,6847,8041240
2021-10-22 15:00:00,4683,4046260,4022.0,3694583,475.0,309682.0,5158,4355942,4497,4004265,9180,8050420
2021-10-23 15:00:00,2888,4049148,2114.0,3696697,321.0,310003.0,3209,4359151,2435,4006700,5323,8055743
2021-10-24 15:00:00,2061,4051209,1555.0,3698252,78.0,310081.0,2139,4361290,1633,4008333,3694,8059437
2021-10-25 15:00:00,4546,4055755,3074.0,3701326,316.0,310397.0,4862,4366152,3390,4011723,7936,8067373
2021-10-26 15:00:00,4511,4060266,3089.0,3704415,310.0,310707.0,4821,4370973,3399,4015122,7910,8075283
2021-10-27 15:00:00,4735,4065001,3344.0,3707759,429.0,311136.0,5164,4376137,3773,4018895,8508,8083791
2021-10-28 15:00:00,4552,4069553,3364.0,3711123,496.0,311632.0,5048,4381185,3860,4022755,8412,8092203
2021-10-29 15:00:00,4970,4074523,3916.0,3715039,393.0,312025.0,5363,4386548,4309,4027064,9279,8101482
2021-10-30 15:00:00,2631,4077154,1843.0,3716882,308.0,312333.0,2939,4389487,2151,4029215,4782,8106264
2021-10-31 15:00:00,1943,4079097,1517.0,3718399,93.0,312426.0,2036,4391523,1610,4030825,3553,8109817
2021-11-01 15:00:00,4694,4083791,3423.0,3721822,341.0,312767.0,5035,4396558,3764,4034589,8458,8118275
2021-11-02 15:00:00,4256,4088047,2949.0,3724771,406.0,313173.0,4662,4401220,3355,4037944,7611,8125886
2021-11-03 15:00:00,4670,4092717,3056.0,3727827,458.0,313631.0,5128,4406348,3514,4041458,8184,8134070
2021-11-04 15:00:00,6291,4099008,3358.0,3731185,512.0,314143.0,6803,4413151,3870,4045328,10161,8144231
2021-11-05 15:00:00,8227,4107235,3759.0,3734944,408.0,314551.0,8635,4421786,4167,4049495,12394,8156625
2021-11-06 15:00:00,10173,4117408,1977.0,3736921,305.0,314856.0,10478,4432264,2282,4051777,12455,8169080
2021-11-07 15:00:00,7719,4125127,1469.0,3738390,94.0,314950.0,7813,4440077,1563,4053340,9282,8178362
2021-11-08 15:00:00,11286,4136413,3040.0,3741430,379.0,315329.0,11665,4451742,3419,4056759,14705,8193067
2021-11-09 15:00:00,11756,4148169,2655.0,3744085,268.0,315597.0,12024,4463766,2923,4059682,14679,8207746
2021-11-10 15:00:00,12570,4160739,2763.0,3746848,337.0,315934.0,12907,4476673,3100,4062782,15670,8223416
2021-11-11 15:00:00,11345,4172084,2380.0,3749228,282.0,316216.0,11627,4488300,2662,4065444,14007,8237423
2021-11-12 15:00:00,12277,4184361,3352.0,3752580,547.0,316763.0,12824,4501124,3899,4069343,16176,8253599
2021-11-13 15:00:00,9777,4194138,1587.0,3754167,342.0,317105.0,10119,4511243,1929,4071272,11706,8265305
2021-11-14 15:00:00,3920,4198058,1129.0,3755296,121.0,317226.0,4041,4515284,1250,4072522,5170,8270475
2021-11-15 15:00:00,8603,4206661,2524.0,3757820,205.0,317431.0,8808,4524092,2729,4075251,11332,8281807
2021-11-16 15:00:00,9221,4215882,2491.0,3760311,255.0,317686.0,9476,4533568,2746,4077997,11967,8293774
2021-11-17 15:00:00,9385,4225267,2878.0,3763189,312.0,317998.0,9697,4543265,3190,4081187,12575,8306349
2021-11-18 15:00:00,9284,4234551,2629.0,3765818,480.0,318478.0,9764,4553029,3109,4084296,12393,8318742
2021-11-19 15:00:00,9788,4244339,2915.0,3768733,381.0,318859.0,10169,4563198,3296,4087592,13084,8331826
2021-11-20 15:00:00,10624,4254963,1607.0,3770340,455.0,319314.0,11079,4574277,2062,4089654,12686,8344512
2021-11-21 15:00:00,4347,4259310,1200.0,3771540,99.0,319413.0,4446,4578723,1299,4090953,5646,8350158
2021-11-22 15:00:00,9786,4269096,2490.0,3774030,292.0,319705.0,10078,4588801,2782,4093735,12568,8362726
2021-11-23 15:00:00,9164,4278260,2398.0,3776428,280.0,319985.0,9444,4598245,2678,4096413,11842,8374568
2021-11-24 15:00:00,8148,4286408,2445.0,3778873,215.0,320200.0,8363,4606608,2660,4099073,10808,8385376
2021-11-25 15:00:00,238,4286646,75.0,3778948,10.0,320210.0,248,4606856,85,4099158,323,8385699
2021-11-26 15:00:00,5656,4292302,3955.0,3782903,152.0,320362.0,5808,4612664,4107,4103265,9763,8395462
2021-11-27 15:00:00,3788,4296090,5446.0,3788349,134.0,320496.0,3922,4616586,5580,4108845,9368,8404830
2021-11-28 15:00:00,2419,4298509,6377.0,3794726,77.0,320573.0,2496,4619082,6454,4115299,8873,8413703
2021-11-29 15:00:00,6361,4304870,9254.0,3803980,379.0,320952.0,6740,4625822,9633,4124932,15994,8429697
2021-11-30 15:00:00,6229,4311099,9259.0,3813239,264.0,321216.0,6493,4632315,9523,4134455,15752,8445449
2021-12-01 15:00:00,7247,4318346,9620.0,3822859,305.0,321521.0,7552,4639867,9925,4144380,17172,8462621
2021-12-02 15:00:00,6893,4325239,8712.0,3831571,450.0,321971.0,7343,4647210,9162,4153542,16055,8478676
2021-12-03 15:00:00,7581,4332820,9221.0,3840792,249.0,322220.0,7830,4655040,9470,4163012,17051,8495727
2021-12-04 15:00:00,5902,4338722,9845.0,3850637,464.0,322684.0,6366,4661406,10309,4173321,16211,8511938
2021-12-05 15:00:00,3462,4342184,3276.0,3853913,77.0,322761.0,3539,4664945,3353,4176674,6815,8518753
2021-12-06 15:00:00,6741,4348925,7076.0,3860989,276.0,323037.0,7017,4671962,7352,4184026,14093,8532846
2021-12-07 15:00:00,6395,4355320,6994.0,3867983,249.0,323286.0,6644,4678606,7243,4191269,13638,8546484
2021-12-08 15:00:00,6904,4362224,7353.0,3875336,315.0,323601.0,7219,4685825,7668,4198937,14572,8561056
2021-12-09 15:00:00,6506,4368730,6953.0,3882289,396.0,323997.0,6902,4692727,7349,4206286,13855,8574911
2021-12-10 15:00:00,7229,4375959,7301.0,3889590,228.0,324225.0,7457,4700184,7529,4213815,14758,8589669
2021-12-11 15:00:00,4448,4380407,7623.0,3897213,333.0,324558.0,4781,4704965,7956,4221771,12404,8602073
2021-12-12 15:00:00,3991,4384398,2783.0,3899996,60.0,324618.0,4051,4709016,2843,4224614,6834,8608907
2021-12-13 15:00:00,5691,4390089,5733.0,3905729,243.0,324861.0,5934,4714950,5976,4230590,11667,8620574
2021-12-14 15:00:00,6440,4396529,5890.0,3911619,214.0,325075.0,6654,4721604,6104,4236694,12544,8633118
2021-12-15 15:00:00,7112,4403641,5664.0,3917283,248.0,325323.0,7360,4728964,5912,4242606,13024,8646142
2021-12-16 15:00:00,7824,4411465,2801.0,3920084,422.0,325745.0,8246,4737210,3223,4245829,11047,8657189
2021-12-17 15:00:00,7774,4419239,4133.0,3924217,193.0,325938.0,7967,4745177,4326,4250155,12100,8669289
2021-12-18 15:00:00,5794,4425033,3171.0,3927388,298.0,326236.0,6092,4751269,3469,4253624,9263,8678552
2021-12-19 15:00:00,3381,4428414,1342.0,3928730,34.0,326270.0,3415,4754684,1376,4255000,4757,8683309
2021-12-20 15:00:00,8021,4436435,3719.0,3932449,172.0,326442.0,8193,4762877,3891,4258891,11912,8695221
2021-12-21 15:00:00,8925,4445360,4096.0,3936545,169.0,326611.0,9094,4771971,4265,4263156,13190,8708411
2021-12-22 15:00:00,8648,4454008,3827.0,3940372,172.0,326783.0,8820,4780791,3999,4267155,12647,8721058
2021-12-23 15:00:00,8336,4462344,3523.0,3943895,357.0,327140.0,8693,4789484,3880,4271035,12216,8733274
2021-12-24 15:00:00,1612,4463956,1001.0,3944896,39.0,327179.0,1651,4791135,1040,4272075,2652,8735926
2021-12-25 15:00:00,50,4464006,35.0,3944931,1.0,327180.0,51,4791186,36,4272111,86,8736012
2021-12-26 15:00:00,2519,4466525,1747.0,3946678,44.0,327224.0,2563,4793749,1791,4273902,4310,8740322
2021-12-27 15:00:00,7153,4473678,3957.0,3950635,295.0,327519.0,7448,4801197,4252,4278154,11405,8751727
2021-12-28 15:00:00,7855,4481533,3785.0,3954420,166.0,327685.0,8021,4809218,3951,4282105,11806,8763533
2021-12-29 15:00:00,8150,4489683,3998.0,3958418,154.0,327839.0,8304,4817522,4152,4286257,12302,8775835
2021-12-30 15:00:00,7433,4497116,3751.0,3962169,287.0,328126.0,7720,4825242,4038,4290295,11471,8787306
2021-12-31 15:00:00,2554,4499670,1516.0,3963685,92.0,328218.0,2646,4827888,1608,4291903,4162,8791468
2022-01-01 15:00:00,719,4500389,340.0,3964025,31.0,328249.0,750,4828638,371,4292274,1090,8792558
2022-01-02 15:00:00,2206,4502595,1639.0,3965664,45.0,328294.0,2251,4830889,1684,4293958,3890,8796448
2022-01-03 15:00:00,3377,4505972,2056.0,3967720,221.0,328515.0,3598,4834487,2277,4296235,5654,8802102
2022-01-04 15:00:00,5737,4511709,3416.0,3971136,162.0,328677.0,5899,4840386,3578,4299813,9315,8811417
2022-01-05 15:00:00,6757,4518466,4659.0,3975795,173.0,328850.0,6930,4847316,4832,4304645,11589,8823006
2022-01-06 15:00:00,6651,4525117,4732.0,3980527,259.0,329109.0,6910,4854226,4991,4309636,11642,8834648
2022-01-07 15:00:00,5811,4530928,3697.0,3984224,159.0,329268.0,5970,4860196,3856,4313492,9667,8844315
2022-01-08 15:00:00,4582,4535510,3829.0,3988053,73.0,329341.0,4655,4864851,3902,4317394,8484,8852799
2022-01-09 15:00:00,2730,4538240,2013.0,3990066,154.0,329495.0,2884,4867735,2167,4319561,4897,8857696
2022-01-10 15:00:00,6250,4544490,3791.0,3993857,155.0,329650.0,6405,4874140,3946,4323507,10196,8867892
2022-01-11 15:00:00,6485,4550975,4228.0,3998085,141.0,329791.0,6626,4880766,4369,4327876,10854,8878746
2022-01-12 15:00:00,6677,4557652,4367.0,4002452,222.0,330013.0,6899,4887665,4589,4332465,11266,8890012
2022-01-13 15:00:00,6473,4564125,4349.0,4006801,147.0,330160.0,6620,4894285,4496,4336961,10969,8900981
2022-01-14 15:00:00,6983,4571108,3140.0,4009941,250.0,330410.0,7233,4901518,3390,4340351,10373,8911354
2022-01-15 15:00:00,4086,4575194,1645.0,4011586,68.0,330478.0,4154,4905672,1713,4342064,5799,8917153
2022-01-16 15:00:00,2115,4577309,1279.0,4012865,116.0,330594.0,2231,4907903,1395,4343459,3510,8920663
2022-01-17 15:00:00,3549,4580858,2288.0,4015153,71.0,330665.0,3620,4911523,2359,4345818,5908,8926571
2022-01-18 15:00:00,5045,4585903,4004.0,4019157,94.0,330759.0,5139,4916662,4098,4349916,9143,8935714
2022-01-19 15:00:00,5006,4590909,4190.0,4023347,94.0,330853.0,5100,4921762,4284,4354200,9290,8945004
2022-01-20 15:00:00,2220,4593129,1889.0,4025236,51.0,330904.0,2271,4924033,1940,4356140,4160,8949164
