VACCINATION_DATE,FirstDailyDose,FirstDoseCumulative,SecondDailyDose,SecondDoseCumulative,SingleDailyDose,SingleDoseCumulative,AtleastOneVaccine,AtleastOneVaccineCumulative,CompletedVax,CompletedVaxCumulative,FirstSecondSingleVaccinations,FirstSecondSingleVaccinationsCumulative
2020-12-14 15:00:00,19,1488,,535,,,19,1488,0,535,19,1960
2020-12-15 15:00:00,62,1550,3.0,538,,,62,1550,3,538,65,2025
2020-12-16 15:00:00,597,2147,5.0,543,,,597,2147,5,543,602,2627
2020-12-17 15:00:00,1169,3316,8.0,551,,,1169,3316,8,551,1177,3804
2020-12-18 15:00:00,3032,6348,12.0,563,,,3032,6348,12,563,3044,6848
2020-12-19 15:00:00,930,7278,7.0,570,,,930,7278,7,570,937,7785
2020-12-20 15:00:00,370,7648,6.0,576,,,370,7648,6,576,376,8161
2020-12-21 15:00:00,3900,11548,26.0,602,,,3900,11548,26,602,3926,12087
2020-12-22 15:00:00,6328,17876,30.0,632,,,6328,17876,30,632,6358,18445
2020-12-23 15:00:00,5796,23672,40.0,672,,,5796,23672,40,672,5836,24281
2020-12-24 15:00:00,2730,26402,15.0,687,,,2730,26402,15,687,2745,27026
2020-12-25 15:00:00,1035,27437,4.0,691,,,1035,27437,4,691,1039,28065
2020-12-26 15:00:00,1887,29324,10.0,701,,,1887,29324,10,701,1897,29962
2020-12-27 15:00:00,1804,31128,12.0,713,,,1804,31128,12,713,1816,31778
2020-12-28 15:00:00,8996,40124,51.0,764,,,8996,40124,51,764,9047,40825
2020-12-29 15:00:00,10980,51104,54.0,818,,,10980,51104,54,818,11034,51859
2020-12-30 15:00:00,12509,63613,98.0,916,,,12509,63613,98,916,12607,64466
2020-12-31 15:00:00,7563,71176,48.0,964,,,7563,71176,48,964,7611,72077
2021-01-01 15:00:00,3413,74589,145.0,1109,,,3413,74589,145,1109,3558,75635
2021-01-02 15:00:00,3062,77651,34.0,1143,,,3062,77651,34,1143,3096,78731
2021-01-03 15:00:00,3416,81067,82.0,1225,,,3416,81067,82,1225,3498,82229
2021-01-04 15:00:00,13377,94444,343.0,1568,,,13377,94444,343,1568,13720,95949
2021-01-05 15:00:00,12495,106939,551.0,2119,,,12495,106939,551,2119,13046,108995
2021-01-06 15:00:00,15285,122224,871.0,2990,,,15285,122224,871,2990,16156,125151
2021-01-07 15:00:00,15053,137277,1789.0,4779,,,15053,137277,1789,4779,16842,141993
2021-01-08 15:00:00,24030,161307,2794.0,7573,,,24030,161307,2794,7573,26824,168817
2021-01-09 15:00:00,5188,166495,959.0,8532,,,5188,166495,959,8532,6147,174964
2021-01-10 15:00:00,2988,169483,389.0,8921,,,2988,169483,389,8921,3377,178341
2021-01-11 15:00:00,13746,183229,3488.0,12409,,,13746,183229,3488,12409,17234,195575
2021-01-12 15:00:00,17410,200639,5600.0,18009,,,17410,200639,5600,18009,23010,218585
2021-01-13 15:00:00,18637,219276,3942.0,21951,,,18637,219276,3942,21951,22579,241164
2021-01-14 15:00:00,17881,237157,1968.0,23919,,,17881,237157,1968,23919,19849,261013
2021-01-15 15:00:00,19511,256668,2040.0,25959,,,19511,256668,2040,25959,21551,282564
2021-01-16 15:00:00,5848,262516,1625.0,27584,,,5848,262516,1625,27584,7473,290037
2021-01-17 15:00:00,2129,264645,1480.0,29064,,,2129,264645,1480,29064,3609,293646
2021-01-18 15:00:00,7089,271734,3269.0,32333,,,7089,271734,3269,32333,10358,304004
2021-01-19 15:00:00,16963,288697,5420.0,37753,,,16963,288697,5420,37753,22383,326387
2021-01-20 15:00:00,21026,309723,5339.0,43092,,,21026,309723,5339,43092,26365,352752
2021-01-21 15:00:00,23836,333559,3875.0,46967,,,23836,333559,3875,46967,27711,380463
2021-01-22 15:00:00,28678,362237,3773.0,50740,,,28678,362237,3773,50740,32451,412914
2021-01-23 15:00:00,10133,372370,1949.0,52689,,,10133,372370,1949,52689,12082,424996
2021-01-24 15:00:00,3362,375732,1727.0,54416,,,3362,375732,1727,54416,5089,430085
2021-01-25 15:00:00,16313,392045,8625.0,63041,,,16313,392045,8625,63041,24938,455023
2021-01-26 15:00:00,17574,409619,8985.0,72026,,,17574,409619,8985,72026,26559,481582
2021-01-27 15:00:00,24448,434067,12581.0,84607,,,24448,434067,12581,84607,37029,518611
2021-01-28 15:00:00,22669,456736,9344.0,93951,,,22669,456736,9344,93951,32013,550624
2021-01-29 15:00:00,24796,481532,7944.0,101895,,,24796,481532,7944,101895,32740,583364
2021-01-30 15:00:00,17794,499326,2572.0,104467,,,17794,499326,2572,104467,20366,603730
2021-01-31 15:00:00,3766,503092,1375.0,105842,,,3766,503092,1375,105842,5141,608871
2021-02-01 15:00:00,8201,511293,5437.0,111279,,,8201,511293,5437,111279,13638,622509
2021-02-02 15:00:00,12529,523822,13846.0,125125,,,12529,523822,13846,125125,26375,648884
2021-02-03 15:00:00,18279,542101,18155.0,143280,,,18279,542101,18155,143280,36434,685318
2021-02-04 15:00:00,22153,564254,15806.0,159086,,,22153,564254,15806,159086,37959,723277
2021-02-05 15:00:00,20425,584679,17452.0,176538,,,20425,584679,17452,176538,37877,761154
2021-02-06 15:00:00,11384,596063,14543.0,191081,,,11384,596063,14543,191081,25927,787081
2021-02-07 15:00:00,5994,602057,1953.0,193034,,,5994,602057,1953,193034,7947,795028
2021-02-08 15:00:00,13022,615079,12990.0,206024,,,13022,615079,12990,206024,26012,821040
2021-02-09 15:00:00,16672,631751,13896.0,219920,,,16672,631751,13896,219920,30568,851608
2021-02-10 15:00:00,19338,651089,21328.0,241248,,,19338,651089,21328,241248,40666,892274
2021-02-11 15:00:00,22950,674039,17396.0,258644,,,22950,674039,17396,258644,40346,932620
2021-02-12 15:00:00,20448,694487,19688.0,278332,,,20448,694487,19688,278332,40136,972756
2021-02-13 15:00:00,11476,705963,6433.0,284765,,,11476,705963,6433,284765,17909,990665
2021-02-14 15:00:00,7123,713086,2141.0,286906,,,7123,713086,2141,286906,9264,999929
2021-02-15 15:00:00,11772,724858,13351.0,300257,,,11772,724858,13351,300257,25123,1025052
2021-02-16 15:00:00,16657,741515,21041.0,321298,,,16657,741515,21041,321298,37698,1062750
2021-02-17 15:00:00,20690,762205,26399.0,347697,,,20690,762205,26399,347697,47089,1109839
2021-02-18 15:00:00,3207,765412,4628.0,352325,,,3207,765412,4628,352325,7835,1117674
2021-02-19 15:00:00,10269,775681,19945.0,372270,,,10269,775681,19945,372270,30214,1147888
2021-02-20 15:00:00,10321,786002,20323.0,392593,,,10321,786002,20323,392593,30644,1178532
2021-02-21 15:00:00,6196,792198,7672.0,400265,,,6196,792198,7672,400265,13868,1192400
2021-02-22 15:00:00,8049,800247,15499.0,415764,,,8049,800247,15499,415764,23548,1215948
2021-02-23 15:00:00,15547,815794,15990.0,431754,,,15547,815794,15990,431754,31537,1247485
2021-02-24 15:00:00,18005,833799,24857.0,456611,,,18005,833799,24857,456611,42862,1290347
2021-02-25 15:00:00,20406,854205,26605.0,483216,,,20406,854205,26605,483216,47011,1337358
2021-02-26 15:00:00,26701,880906,26285.0,509501,,,26701,880906,26285,509501,52986,1390344
2021-02-27 15:00:00,16033,896939,11167.0,520668,,,16033,896939,11167,520668,27200,1417544
2021-02-28 15:00:00,15526,912465,4896.0,525564,,,15526,912465,4896,525564,20422,1437966
2021-03-01 15:00:00,27286,939751,12697.0,538261,,,27286,939751,12697,538261,39983,1477949
2021-03-02 15:00:00,24009,963760,13309.0,551570,38.0,38.0,24047,963798,13347,551608,37356,1515305
2021-03-03 15:00:00,30256,994016,18431.0,570001,194.0,232.0,30450,994248,18625,570233,48881,1564186
2021-03-04 15:00:00,31020,1025036,18267.0,588268,4068.0,4300.0,35088,1029336,22335,592568,53355,1617541
2021-03-05 15:00:00,30103,1055139,19796.0,608064,4913.0,9213.0,35016,1064352,24709,617277,54812,1672353
2021-03-06 15:00:00,19007,1074146,9538.0,617602,6009.0,15222.0,25016,1089368,15547,632824,34554,1706907
2021-03-07 15:00:00,12157,1086303,4931.0,622533,6605.0,21827.0,18762,1108130,11536,644360,23693,1730600
2021-03-08 15:00:00,25934,1112237,8868.0,631401,8276.0,30103.0,34210,1142340,17144,661504,43078,1773678
2021-03-09 15:00:00,26157,1138394,15505.0,646906,8345.0,38448.0,34502,1176842,23850,685354,50007,1823685
2021-03-10 15:00:00,29899,1168293,16058.0,662964,7937.0,46385.0,37836,1214678,23995,709349,53894,1877579
2021-03-11 15:00:00,36026,1204319,16435.0,679399,3982.0,50367.0,40008,1254686,20417,729766,56443,1934022
2021-03-12 15:00:00,36924,1241243,18166.0,697565,2929.0,53296.0,39853,1294539,21095,750861,58019,1992041
2021-03-13 15:00:00,22673,1263916,10347.0,707912,1630.0,54926.0,24303,1318842,11977,762838,34650,2026691
2021-03-14 15:00:00,17842,1281758,6740.0,714652,1010.0,55936.0,18852,1337694,7750,770588,25592,2052283
2021-03-15 15:00:00,29903,1311661,11375.0,726027,599.0,56535.0,30502,1368196,11974,782562,41877,2094160
2021-03-16 15:00:00,33490,1345151,13598.0,739625,772.0,57307.0,34262,1402458,14370,796932,47860,2142020
2021-03-17 15:00:00,37647,1382798,17089.0,756714,1183.0,58490.0,38830,1441288,18272,815204,55919,2197939
2021-03-18 15:00:00,41483,1424281,12712.0,769426,1353.0,59843.0,42836,1484124,14065,829269,55548,2253487
2021-03-19 15:00:00,38393,1462674,15448.0,784874,1046.0,60889.0,39439,1523563,16494,845763,54887,2308374
2021-03-20 15:00:00,24743,1487417,10236.0,795110,705.0,61594.0,25448,1549011,10941,856704,35684,2344058
2021-03-21 15:00:00,19205,1506622,7912.0,803022,342.0,61936.0,19547,1568558,8254,864958,27459,2371517
2021-03-22 15:00:00,32611,1539233,11526.0,814548,835.0,62771.0,33446,1602004,12361,877319,44972,2416489
2021-03-23 15:00:00,38418,1577651,17880.0,832428,1557.0,64328.0,39975,1641979,19437,896756,57855,2474344
2021-03-24 15:00:00,41094,1618745,21268.0,853696,1388.0,65716.0,42482,1684461,22656,919412,63750,2538094
2021-03-25 15:00:00,42931,1661676,21754.0,875450,2455.0,68171.0,45386,1729847,24209,943621,67140,2605234
2021-03-26 15:00:00,36395,1698071,26726.0,902176,2495.0,70666.0,38890,1768737,29221,972842,65616,2670850
2021-03-27 15:00:00,26475,1724546,17336.0,919512,2489.0,73155.0,28964,1797701,19825,992667,46300,2717150
2021-03-28 15:00:00,17015,1741561,12693.0,932205,1615.0,74770.0,18630,1816331,14308,1006975,31323,2748473
2021-03-29 15:00:00,29726,1771287,26402.0,958607,1142.0,75912.0,30868,1847199,27544,1034519,57270,2805743
2021-03-30 15:00:00,40070,1811357,29105.0,987712,1865.0,77777.0,41935,1889134,30970,1065489,71040,2876783
2021-03-31 15:00:00,41030,1852387,34766.0,1022478,5750.0,83527.0,46780,1935914,40516,1106005,81546,2958329
2021-04-01 15:00:00,42518,1894905,41225.0,1063703,5766.0,89293.0,48284,1984198,46991,1152996,89509,3047838
2021-04-02 15:00:00,34952,1929857,32750.0,1096453,6132.0,95425.0,41084,2025282,38882,1191878,73834,3121672
2021-04-03 15:00:00,21184,1951041,19245.0,1115698,4395.0,99820.0,25579,2050861,23640,1215518,44824,3166496
2021-04-04 15:00:00,8303,1959344,10227.0,1125925,968.0,100788.0,9271,2060132,11195,1226713,19498,3185994
2021-04-05 15:00:00,27969,1987313,28986.0,1154911,6663.0,107451.0,34632,2094764,35649,1262362,63618,3249612
2021-04-06 15:00:00,39806,2027119,30531.0,1185442,10504.0,117955.0,50310,2145074,41035,1303397,80841,3330453
2021-04-07 15:00:00,36120,2063239,34381.0,1219823,13001.0,130956.0,49121,2194195,47382,1350779,83502,3413955
2021-04-08 15:00:00,42366,2105605,36170.0,1255993,13875.0,144831.0,56241,2250436,50045,1400824,92411,3506366
2021-04-09 15:00:00,34098,2139703,36377.0,1292370,14532.0,159363.0,48630,2299066,50909,1451733,85007,3591373
2021-04-10 15:00:00,23507,2163210,23188.0,1315558,7641.0,167004.0,31148,2330214,30829,1482562,54336,3645709
2021-04-11 15:00:00,17587,2180797,13300.0,1328858,10123.0,177127.0,27710,2357924,23423,1505985,41010,3686719
2021-04-12 15:00:00,24612,2205409,33299.0,1362157,10906.0,188033.0,35518,2393442,44205,1550190,68817,3755536
2021-04-13 15:00:00,126184,2331593,91368.0,1453525,3293.0,191326.0,129477,2522919,94661,1644851,220845,3976381
2021-04-14 15:00:00,40750,2372343,37862.0,1491387,213.0,191539.0,40963,2563882,38075,1682926,78825,4055206
2021-04-15 15:00:00,41427,2413770,39594.0,1530981,176.0,191715.0,41603,2605485,39770,1722696,81197,4136403
2021-04-16 15:00:00,37152,2450922,38910.0,1569891,25.0,191740.0,37177,2642662,38935,1761631,76087,4212490
2021-04-17 15:00:00,32816,2483738,22049.0,1591940,13.0,191753.0,32829,2675491,22062,1783693,54878,4267368
2021-04-18 15:00:00,20065,2503803,16216.0,1608156,5.0,191758.0,20070,2695561,16221,1799914,36286,4303654
2021-04-19 15:00:00,29891,2533694,36565.0,1644721,60.0,191818.0,29951,2725512,36625,1836539,66516,4370170
2021-04-20 15:00:00,32942,2566636,44519.0,1689240,59.0,191877.0,33001,2758513,44578,1881117,77520,4447690
2021-04-21 15:00:00,39844,2606480,47104.0,1736344,26.0,191903.0,39870,2798383,47130,1928247,86974,4534664
2021-04-22 15:00:00,35869,2642349,42732.0,1779076,16.0,191919.0,35885,2834268,42748,1970995,78617,4613281
2021-04-23 15:00:00,33150,2675499,40190.0,1819266,14.0,191933.0,33164,2867432,40204,2011199,73354,4686635
2021-04-24 15:00:00,26431,2701930,27937.0,1847203,81.0,192014.0,26512,2893944,28018,2039217,54449,4741084
2021-04-25 15:00:00,20219,2722149,11004.0,1858207,31.0,192045.0,20250,2914194,11035,2050252,31254,4772338
2021-04-26 15:00:00,27388,2749537,32780.0,1890987,201.0,192246.0,27589,2941783,32981,2083233,60369,4832707
2021-04-27 15:00:00,26676,2776213,33120.0,1924107,1097.0,193343.0,27773,2969556,34217,2117450,60893,4893600
2021-04-28 15:00:00,28929,2805142,39582.0,1963689,1367.0,194710.0,30296,2999852,40949,2158399,69878,4963478
2021-04-29 15:00:00,27069,2832211,39798.0,2003487,1463.0,196173.0,28532,3028384,41261,2199660,68330,5031808
2021-04-30 15:00:00,28206,2860417,32320.0,2035807,1649.0,197822.0,29855,3058239,33969,2233629,62175,5093983
2021-05-01 15:00:00,20778,2881195,26832.0,2062639,1057.0,198879.0,21835,3080074,27889,2261518,48667,5142650
2021-05-02 15:00:00,10274,2891469,17092.0,2079731,823.0,199702.0,11097,3091171,17915,2279433,28189,5170839
2021-05-03 15:00:00,12729,2904198,28702.0,2108433,1917.0,201619.0,14646,3105817,30619,2310052,43348,5214187
2021-05-04 15:00:00,13564,2917762,38711.0,2147144,1742.0,203361.0,15306,3121123,40453,2350505,54017,5268204
2021-05-05 15:00:00,19316,2937078,37801.0,2184945,1922.0,205283.0,21238,3142361,39723,2390228,59039,5327243
2021-05-06 15:00:00,16931,2954009,40603.0,2225548,1722.0,207005.0,18653,3161014,42325,2432553,59256,5386499
2021-05-07 15:00:00,17588,2971597,37035.0,2262583,1960.0,208965.0,19548,3180562,38995,2471548,56583,5443082
2021-05-08 15:00:00,10800,2982397,31239.0,2293822,1293.0,210258.0,12093,3192655,32532,2504080,43332,5486414
2021-05-09 15:00:00,5077,2987474,12256.0,2306078,695.0,210953.0,5772,3198427,12951,2517031,18028,5504442
2021-05-10 15:00:00,8961,2996435,31064.0,2337142,1362.0,212315.0,10323,3208750,32426,2549457,41387,5545829
2021-05-11 15:00:00,12186,3008621,30308.0,2367450,1441.0,213756.0,13627,3222377,31749,2581206,43935,5589764
2021-05-12 15:00:00,13947,3022568,38648.0,2406098,1917.0,215673.0,15864,3238241,40565,2621771,54512,5644276
2021-05-13 15:00:00,21847,3044415,33530.0,2439628,1347.0,217020.0,23194,3261435,34877,2656648,56724,5701000
2021-05-14 15:00:00,24394,3068809,30079.0,2469707,1775.0,218795.0,26169,3287604,31854,2688502,56248,5757248
2021-05-15 15:00:00,21953,3090762,25132.0,2494839,1490.0,220285.0,23443,3311047,26622,2715124,48575,5805823
2021-05-16 15:00:00,9093,3099855,17582.0,2512421,1115.0,221400.0,10208,3321255,18697,2733821,27790,5833613
2021-05-17 15:00:00,16840,3116695,28423.0,2540844,1950.0,223350.0,18790,3340045,30373,2764194,47213,5880826
2021-05-18 15:00:00,21263,3137958,30705.0,2571549,1943.0,225293.0,23206,3363251,32648,2796842,53911,5934737
2021-05-19 15:00:00,27676,3165634,32451.0,2604000,1632.0,226925.0,29308,3392559,34083,2830925,61759,5996496
2021-05-20 15:00:00,20810,3186444,33289.0,2637289,1965.0,228890.0,22775,3415334,35254,2866179,56064,6052560
2021-05-21 15:00:00,19166,3205610,30378.0,2667667,1609.0,230499.0,20775,3436109,31987,2898166,51153,6103713
2021-05-22 15:00:00,16952,3222562,20705.0,2688372,1269.0,231768.0,18221,3454330,21974,2920140,38926,6142639
2021-05-23 15:00:00,8815,3231377,11454.0,2699826,965.0,232733.0,9780,3464110,12419,2932559,21234,6163873
2021-05-24 15:00:00,13573,3244950,17789.0,2717615,1473.0,234206.0,15046,3479156,19262,2951821,32835,6196708
2021-05-25 15:00:00,13078,3258028,18723.0,2736338,1328.0,235534.0,14406,3493562,20051,2971872,33129,6229837
2021-05-26 15:00:00,18368,3276396,19699.0,2756037,1512.0,237046.0,19880,3513442,21211,2993083,39579,6269416
2021-05-27 15:00:00,11697,3288093,18708.0,2774745,1117.0,238163.0,12814,3526256,19825,3012908,31522,6300938
2021-05-28 15:00:00,12417,3300510,19868.0,2794613,1402.0,239565.0,13819,3540075,21270,3034178,33687,6334625
2021-05-29 15:00:00,9516,3310026,11735.0,2806348,937.0,240502.0,10453,3550528,12672,3046850,22188,6356813
2021-05-30 15:00:00,4967,3314993,6444.0,2812792,596.0,241098.0,5563,3556091,7040,3053890,12007,6368820
2021-05-31 15:00:00,1780,3316773,3715.0,2816507,305.0,241403.0,2085,3558176,4020,3057910,5800,6374620
2021-06-01 15:00:00,9886,3326659,16503.0,2833010,1162.0,242565.0,11048,3569224,17665,3075575,27551,6402171
2021-06-02 15:00:00,10235,3336894,16836.0,2849846,962.0,243527.0,11197,3580421,17798,3093373,28033,6430204
2021-06-03 15:00:00,7899,3344793,21223.0,2871069,1089.0,244616.0,8988,3589409,22312,3115685,30211,6460415
2021-06-04 15:00:00,8198,3352991,22376.0,2893445,1121.0,245737.0,9319,3598728,23497,3139182,31695,6492110
2021-06-05 15:00:00,6998,3359989,19479.0,2912924,720.0,246457.0,7718,3606446,20199,3159381,27197,6519307
2021-06-06 15:00:00,3456,3363445,7264.0,2920188,426.0,246883.0,3882,3610328,7690,3167071,11146,6530453
2021-06-07 15:00:00,6862,3370307,15804.0,2935992,726.0,247609.0,7588,3617916,16530,3183601,23392,6553845
2021-06-08 15:00:00,6670,3376977,19746.0,2955738,831.0,248440.0,7501,3625417,20577,3204178,27247,6581092
2021-06-09 15:00:00,8198,3385175,24025.0,2979763,969.0,249409.0,9167,3634584,24994,3229172,33192,6614284
2021-06-10 15:00:00,7157,3392332,19151.0,2998914,895.0,250304.0,8052,3642636,20046,3249218,27203,6641487
2021-06-11 15:00:00,7492,3399824,17741.0,3016655,1126.0,251430.0,8618,3651254,18867,3268085,26359,6667846
2021-06-12 15:00:00,5244,3405068,14788.0,3031443,605.0,252035.0,5849,3657103,15393,3283478,20637,6688483
2021-06-13 15:00:00,1947,3407015,7640.0,3039083,427.0,252462.0,2374,3659477,8067,3291545,10014,6698497
2021-06-14 15:00:00,5656,3412671,11839.0,3050922,733.0,253195.0,6389,3665866,12572,3304117,18228,6716725
2021-06-15 15:00:00,5651,3418322,14356.0,3065278,873.0,254068.0,6524,3672390,15229,3319346,20880,6737605
2021-06-16 15:00:00,8731,3427053,21639.0,3086917,758.0,254826.0,9489,3681879,22397,3341743,31128,6768733
2021-06-17 15:00:00,6686,3433739,12387.0,3099304,720.0,255546.0,7406,3689285,13107,3354850,19793,6788526
2021-06-18 15:00:00,6837,3440576,12753.0,3112057,703.0,256249.0,7540,3696825,13456,3368306,20293,6808819
2021-06-19 15:00:00,4655,3445231,9390.0,3121447,614.0,256863.0,5269,3702094,10004,3378310,14659,6823478
2021-06-20 15:00:00,2511,3447742,5068.0,3126515,377.0,257240.0,2888,3704982,5445,3383755,7956,6831434
2021-06-21 15:00:00,5568,3453310,5343.0,3131858,636.0,257876.0,6204,3711186,5979,3389734,11547,6842981
2021-06-22 15:00:00,5350,3458660,9063.0,3140921,699.0,258575.0,6049,3717235,9762,3399496,15112,6858093
2021-06-23 15:00:00,6065,3464725,10360.0,3151281,645.0,259220.0,6710,3723945,11005,3410501,17070,6875163
2021-06-24 15:00:00,5934,3470659,8219.0,3159500,595.0,259815.0,6529,3730474,8814,3419315,14748,6889911
2021-06-25 15:00:00,5831,3476490,8673.0,3168173,619.0,260434.0,6450,3736924,9292,3428607,15123,6905034
2021-06-26 15:00:00,3707,3480197,6305.0,3174478,398.0,260832.0,4105,3741029,6703,3435310,10410,6915444
2021-06-27 15:00:00,2810,3483007,3525.0,3178003,185.0,261017.0,2995,3744024,3710,3439020,6520,6921964
2021-06-28 15:00:00,4927,3487934,6400.0,3184403,539.0,261556.0,5466,3749490,6939,3445959,11866,6933830
2021-06-29 15:00:00,5064,3492998,6488.0,3190891,524.0,262080.0,5588,3755078,7012,3452971,12076,6945906
2021-06-30 15:00:00,5637,3498635,7396.0,3198287,607.0,262687.0,6244,3761322,8003,3460974,13640,6959546
2021-07-01 15:00:00,5450,3504085,7007.0,3205294,505.0,263192.0,5955,3767277,7512,3468486,12962,6972508
2021-07-02 15:00:00,5306,3509391,6862.0,3212156,527.0,263719.0,5833,3773110,7389,3475875,12695,6985203
2021-07-03 15:00:00,3277,3512668,4075.0,3216231,264.0,263983.0,3541,3776651,4339,3480214,7616,6992819
2021-07-04 15:00:00,493,3513161,551.0,3216782,69.0,264052.0,562,3777213,620,3480834,1113,6993932
2021-07-05 15:00:00,3773,3516934,3955.0,3220737,287.0,264339.0,4060,3781273,4242,3485076,8015,7001947
2021-07-06 15:00:00,4493,3521427,6296.0,3227033,455.0,264794.0,4948,3786221,6751,3491827,11244,7013191
2021-07-07 15:00:00,4469,3525896,6430.0,3233463,483.0,265277.0,4952,3791173,6913,3498740,11382,7024573
2021-07-08 15:00:00,4837,3530733,6196.0,3239659,564.0,265841.0,5401,3796574,6760,3505500,11597,7036170
2021-07-09 15:00:00,5368,3536101,6693.0,3246352,574.0,266415.0,5942,3802516,7267,3512767,12635,7048805
2021-07-10 15:00:00,3528,3539629,4412.0,3250764,305.0,266720.0,3833,3806349,4717,3517484,8245,7057050
2021-07-11 15:00:00,2683,3542312,2581.0,3253345,227.0,266947.0,2910,3809259,2808,3520292,5491,7062541
2021-07-12 15:00:00,4430,3546742,5132.0,3258477,379.0,267326.0,4809,3814068,5511,3525803,9941,7072482
2021-07-13 15:00:00,4672,3551414,4733.0,3263210,366.0,267692.0,5038,3819106,5099,3530902,9771,7082253
2021-07-14 15:00:00,4633,3556047,5298.0,3268508,421.0,268113.0,5054,3824160,5719,3536621,10352,7092605
2021-07-15 15:00:00,4912,3560959,5029.0,3273537,359.0,268472.0,5271,3829431,5388,3542009,10300,7102905
2021-07-16 15:00:00,6282,3567241,5876.0,3279413,405.0,268877.0,6687,3836118,6281,3548290,12563,7115468
2021-07-17 15:00:00,3422,3570663,3555.0,3282968,304.0,269181.0,3726,3839844,3859,3552149,7281,7122749
2021-07-18 15:00:00,2312,3572975,2385.0,3285353,110.0,269291.0,2422,3842266,2495,3554644,4807,7127556
2021-07-19 15:00:00,5151,3578126,4618.0,3289971,383.0,269674.0,5534,3847800,5001,3559645,10152,7137708
2021-07-20 15:00:00,5349,3583475,4737.0,3294708,367.0,270041.0,5716,3853516,5104,3564749,10453,7148161
2021-07-21 15:00:00,5667,3589142,4968.0,3299676,416.0,270457.0,6083,3859599,5384,3570133,11051,7159212
2021-07-22 15:00:00,6034,3595176,4653.0,3304329,472.0,270929.0,6506,3866105,5125,3575258,11159,7170371
2021-07-23 15:00:00,6849,3602025,4855.0,3309184,499.0,271428.0,7348,3873453,5354,3580612,12203,7182574
2021-07-24 15:00:00,4286,3606311,3209.0,3312393,267.0,271695.0,4553,3878006,3476,3584088,7762,7190336
2021-07-25 15:00:00,3302,3609613,1122.0,3313515,140.0,271835.0,3442,3881448,1262,3585350,4564,7194900
2021-07-26 15:00:00,6223,3615836,3917.0,3317432,420.0,272255.0,6643,3888091,4337,3589687,10560,7205460
2021-07-27 15:00:00,6614,3622450,4307.0,3321739,459.0,272714.0,7073,3895164,4766,3594453,11380,7216840
2021-07-28 15:00:00,7094,3629544,4158.0,3325897,462.0,273176.0,7556,3902720,4620,3599073,11714,7228554
2021-07-29 15:00:00,7092,3636636,4328.0,3330225,420.0,273596.0,7512,3910232,4748,3603821,11840,7240394
2021-07-30 15:00:00,7837,3644473,4839.0,3335064,527.0,274123.0,8364,3918596,5366,3609187,13203,7253597
2021-07-31 15:00:00,4792,3649265,3089.0,3338153,274.0,274397.0,5066,3923662,3363,3612550,8155,7261752
2021-08-01 15:00:00,3916,3653181,2198.0,3340351,165.0,274562.0,4081,3927743,2363,3614913,6279,7268031
2021-08-02 15:00:00,7281,3660462,3852.0,3344203,342.0,274904.0,7623,3935366,4194,3619107,11475,7279506
2021-08-03 15:00:00,7279,3667741,4117.0,3348320,517.0,275421.0,7796,3943162,4634,3623741,11913,7291419
2021-08-04 15:00:00,7442,3675183,4130.0,3352450,536.0,275957.0,7978,3951140,4666,3628407,12108,7303527
2021-08-05 15:00:00,7962,3683145,4347.0,3356797,541.0,276498.0,8503,3959643,4888,3633295,12850,7316377
2021-08-06 15:00:00,8335,3691480,4760.0,3361557,454.0,276952.0,8789,3968432,5214,3638509,13549,7329926
2021-08-07 15:00:00,5305,3696785,2849.0,3364406,264.0,277216.0,5569,3974001,3113,3641622,8418,7338344
2021-08-08 15:00:00,3980,3700765,2063.0,3366469,146.0,277362.0,4126,3978127,2209,3643831,6189,7344533
2021-08-09 15:00:00,6963,3707728,4569.0,3371038,371.0,277733.0,7334,3985461,4940,3648771,11903,7356436
2021-08-10 15:00:00,7176,3714904,4507.0,3375545,340.0,278073.0,7516,3992977,4847,3653618,12023,7368459
2021-08-11 15:00:00,7108,3722012,4461.0,3380006,443.0,278516.0,7551,4000528,4904,3658522,12012,7380471
2021-08-12 15:00:00,8668,3730680,4774.0,3384780,446.0,278962.0,9114,4009642,5220,3663742,13888,7394359
2021-08-13 15:00:00,7191,3737871,5419.0,3390199,397.0,279359.0,7588,4017230,5816,3669558,13007,7407366
2021-08-14 15:00:00,4930,3742801,3355.0,3393554,286.0,279645.0,5216,4022446,3641,3673199,8571,7415937
2021-08-15 15:00:00,3332,3746133,2750.0,3396304,163.0,279808.0,3495,4025941,2913,3676112,6245,7422182
2021-08-16 15:00:00,5462,3751595,5107.0,3401411,354.0,280162.0,5816,4031757,5461,3681573,10923,7433105
2021-08-17 15:00:00,6832,3758427,5381.0,3406792,391.0,280553.0,7223,4038980,5772,3687345,12604,7445709
2021-08-18 15:00:00,6351,3764778,5532.0,3412324,481.0,281034.0,6832,4045812,6013,3693358,12364,7458073
2021-08-19 15:00:00,6239,3771017,5586.0,3417910,417.0,281451.0,6656,4052468,6003,3699361,12242,7470315
2021-08-20 15:00:00,6857,3777874,6578.0,3424488,401.0,281852.0,7258,4059726,6979,3706340,13836,7484151
2021-08-21 15:00:00,4348,3782222,3929.0,3428417,229.0,282081.0,4577,4064303,4158,3710498,8506,7492657
2021-08-22 15:00:00,3066,3785288,3179.0,3431596,111.0,282192.0,3177,4067480,3290,3713788,6356,7499013
2021-08-23 15:00:00,6005,3791293,6139.0,3437735,287.0,282479.0,6292,4073772,6426,3720214,12431,7511444
2021-08-24 15:00:00,6558,3797851,6102.0,3443837,426.0,282905.0,6984,4080756,6528,3726742,13086,7524530
2021-08-25 15:00:00,6739,3804590,6255.0,3450092,440.0,283345.0,7179,4087935,6695,3733437,13434,7537964
2021-08-26 15:00:00,6975,3811565,6687.0,3456779,428.0,283773.0,7403,4095338,7115,3740552,14090,7552054
2021-08-27 15:00:00,6850,3818415,7110.0,3463889,317.0,284090.0,7167,4102505,7427,3747979,14277,7566331
2021-08-28 15:00:00,6920,3825335,6543.0,3470432,329.0,284419.0,7249,4109754,6872,3754851,13792,7580123
2021-08-29 15:00:00,3746,3829081,3709.0,3474141,610.0,285029.0,4356,4114110,4319,3759170,8065,7588188
2021-08-30 15:00:00,5934,3835015,6158.0,3480299,960.0,285989.0,6894,4121004,7118,3766288,13052,7601240
2021-08-31 15:00:00,5908,3840923,6095.0,3486394,947.0,286936.0,6855,4127859,7042,3773330,12950,7614190
2021-09-01 15:00:00,5616,3846539,5742.0,3492136,918.0,287854.0,6534,4134393,6660,3779990,12276,7626466
2021-09-02 15:00:00,5531,3852070,5978.0,3498114,709.0,288563.0,6240,4140633,6687,3786677,12218,7638684
2021-09-03 15:00:00,6022,3858092,6985.0,3505099,977.0,289540.0,6999,4147632,7962,3794639,13984,7652668
2021-09-04 15:00:00,3734,3861826,4370.0,3509469,878.0,290418.0,4612,4152244,5248,3799887,8982,7661650
2021-09-05 15:00:00,2961,3864787,2818.0,3512287,106.0,290524.0,3067,4155311,2924,3802811,5885,7667535
2021-09-06 15:00:00,1060,3865847,1163.0,3513450,70.0,290594.0,1130,4156441,1233,3804044,2293,7669828
2021-09-07 15:00:00,5353,3871200,7324.0,3520774,2304.0,292898.0,7657,4164098,9628,3813672,14981,7684809
2021-09-08 15:00:00,4663,3875863,5507.0,3526281,364.0,293262.0,5027,4169125,5871,3819543,10534,7695343
2021-09-09 15:00:00,5027,3880890,5478.0,3531759,325.0,293587.0,5352,4174477,5803,3825346,10830,7706173
2021-09-10 15:00:00,6536,3887426,6682.0,3538441,1719.0,295306.0,8255,4182732,8401,3833747,14937,7721110
2021-09-11 15:00:00,4182,3891608,4354.0,3542795,666.0,295972.0,4848,4187580,5020,3838767,9202,7730312
2021-09-12 15:00:00,3174,3894782,3247.0,3546042,436.0,296408.0,3610,4191190,3683,3842450,6857,7737169
2021-09-13 15:00:00,4896,3899678,5087.0,3551129,347.0,296755.0,5243,4196433,5434,3847884,10330,7747499
2021-09-14 15:00:00,4778,3904456,5466.0,3556595,437.0,297192.0,5215,4201648,5903,3853787,10681,7758180
2021-09-15 15:00:00,5046,3909502,5906.0,3562501,392.0,297584.0,5438,4207086,6298,3860085,11344,7769524
2021-09-16 15:00:00,4816,3914318,5861.0,3568362,337.0,297921.0,5153,4212239,6198,3866283,11014,7780538
2021-09-17 15:00:00,5291,3919609,6601.0,3574963,344.0,298265.0,5635,4217874,6945,3873228,12236,7792774
2021-09-18 15:00:00,3825,3923434,4591.0,3579554,186.0,298451.0,4011,4221885,4777,3878005,8602,7801376
2021-09-19 15:00:00,2742,3926176,3183.0,3582737,75.0,298526.0,2817,4224702,3258,3881263,6000,7807376
2021-09-20 15:00:00,3754,3929930,4690.0,3587427,429.0,298955.0,4183,4228885,5119,3886382,8873,7816249
2021-09-21 15:00:00,4004,3933934,5024.0,3592451,327.0,299282.0,4331,4233216,5351,3891733,9355,7825604
2021-09-22 15:00:00,4195,3938129,4803.0,3597254,459.0,299741.0,4654,4237870,5262,3896995,9457,7835061
2021-09-23 15:00:00,4191,3942320,4739.0,3601993,492.0,300233.0,4683,4242553,5231,3902226,9422,7844483
2021-09-24 15:00:00,5098,3947418,5637.0,3607630,422.0,300655.0,5520,4248073,6059,3908285,11157,7855640
2021-09-25 15:00:00,3644,3951062,3641.0,3611271,384.0,301039.0,4028,4252101,4025,3912310,7669,7863309
2021-09-26 15:00:00,2353,3953415,2672.0,3613943,433.0,301472.0,2786,4254887,3105,3915415,5458,7868767
2021-09-27 15:00:00,4509,3957924,2720.0,3616663,512.0,301984.0,5021,4259908,3232,3918647,7741,7876508
2021-09-28 15:00:00,4415,3962339,4466.0,3621129,211.0,302195.0,4626,4264534,4677,3923324,9092,7885600
2021-09-29 15:00:00,4696,3967035,4537.0,3625666,920.0,303115.0,5616,4270150,5457,3928781,10153,7895753
2021-09-30 15:00:00,4894,3971929,4580.0,3630246,796.0,303911.0,5690,4275840,5376,3934157,10270,7906023
2021-10-01 15:00:00,5530,3977459,5378.0,3635624,785.0,304696.0,6315,4282155,6163,3940320,11693,7917716
2021-10-02 15:00:00,2950,3980409,2907.0,3638531,187.0,304883.0,3137,4285292,3094,3943414,6044,7923760
2021-10-03 15:00:00,2079,3982488,2383.0,3640914,87.0,304970.0,2166,4287458,2470,3945884,4549,7928309
2021-10-04 15:00:00,4032,3986520,3511.0,3644425,233.0,305203.0,4265,4291723,3744,3949628,7776,7936085
2021-10-05 15:00:00,3962,3990482,3675.0,3648100,206.0,305409.0,4168,4295891,3881,3953509,7843,7943928
2021-10-06 15:00:00,4035,3994517,3580.0,3651680,266.0,305675.0,4301,4300192,3846,3957355,7881,7951809
2021-10-07 15:00:00,4233,3998750,3642.0,3655322,332.0,306007.0,4565,4304757,3974,3961329,8207,7960016
2021-10-08 15:00:00,4786,4003536,4307.0,3659629,283.0,306290.0,5069,4309826,4590,3965919,9376,7969392
2021-10-09 15:00:00,2693,4006229,2683.0,3662312,270.0,306560.0,2963,4312789,2953,3968872,5646,7975038
2021-10-10 15:00:00,1860,4008089,1855.0,3664167,59.0,306619.0,1919,4314708,1914,3970786,3774,7978812
2021-10-11 15:00:00,4212,4012301,3319.0,3667486,250.0,306869.0,4462,4319170,3569,3974355,7781,7986593
2021-10-12 15:00:00,3605,4015906,3549.0,3671035,275.0,307144.0,3880,4323050,3824,3978179,7429,7994022
2021-10-13 15:00:00,3980,4019886,3471.0,3674506,346.0,307490.0,4326,4327376,3817,3981996,7797,8001819
2021-10-14 15:00:00,5174,4025060,5507.0,3680013,430.0,307920.0,5604,4332980,5937,3987933,11111,8012930
2021-10-15 15:00:00,4771,4029831,4620.0,3684633,347.0,308267.0,5118,4338098,4967,3992900,9738,8022668
2021-10-16 15:00:00,2496,4032327,2530.0,3687163,291.0,308558.0,2787,4340885,2821,3995721,5317,8027985
2021-10-17 15:00:00,1809,4034136,1782.0,3688945,55.0,308613.0,1864,4342749,1837,3997558,3646,8031631
2021-10-18 15:00:00,4281,4038417,3588.0,3692533,283.0,308896.0,4564,4347313,3871,4001429,8152,8039783
2021-10-19 15:00:00,4302,4042719,4029.0,3696562,224.0,309120.0,4526,4351839,4253,4005682,8555,8048338
2021-10-20 15:00:00,3546,4046265,3435.0,3699997,259.0,309379.0,3805,4355644,3694,4009376,7240,8055578
2021-10-21 15:00:00,3312,4049577,3288.0,3703285,291.0,309670.0,3603,4359247,3579,4012955,6891,8062469
2021-10-22 15:00:00,4693,4054270,4042.0,3707327,477.0,310147.0,5170,4364417,4519,4017474,9212,8071681
2021-10-23 15:00:00,2888,4057158,2119.0,3709446,322.0,310469.0,3210,4367627,2441,4019915,5329,8077010
2021-10-24 15:00:00,2057,4059215,1556.0,3711002,79.0,310548.0,2136,4369763,1635,4021550,3692,8080702
2021-10-25 15:00:00,4558,4063773,3083.0,3714085,322.0,310870.0,4880,4374643,3405,4024955,7963,8088665
2021-10-26 15:00:00,4534,4068307,3089.0,3717174,316.0,311186.0,4850,4379493,3405,4028360,7939,8096604
2021-10-27 15:00:00,4735,4073042,3353.0,3720527,436.0,311622.0,5171,4384664,3789,4032149,8524,8105128
2021-10-28 15:00:00,4577,4077619,3373.0,3723900,501.0,312123.0,5078,4389742,3874,4036023,8451,8113579
2021-10-29 15:00:00,4998,4082617,3931.0,3727831,395.0,312518.0,5393,4395135,4326,4040349,9324,8122903
2021-10-30 15:00:00,2632,4085249,1848.0,3729679,307.0,312825.0,2939,4398074,2155,4042504,4787,8127690
2021-10-31 15:00:00,1936,4087185,1522.0,3731201,94.0,312919.0,2030,4400104,1616,4044120,3552,8131242
2021-11-01 15:00:00,4744,4091929,3446.0,3734647,350.0,313269.0,5094,4405198,3796,4047916,8540,8139782
2021-11-02 15:00:00,4280,4096209,2950.0,3737597,409.0,313678.0,4689,4409887,3359,4051275,7639,8147421
2021-11-03 15:00:00,4681,4100890,3053.0,3740650,464.0,314142.0,5145,4415032,3517,4054792,8198,8155619
2021-11-04 15:00:00,6329,4107219,3385.0,3744035,529.0,314671.0,6858,4421890,3914,4058706,10243,8165862
2021-11-05 15:00:00,8264,4115483,3786.0,3747821,415.0,315086.0,8679,4430569,4201,4062907,12465,8178327
2021-11-06 15:00:00,10202,4125685,1976.0,3749797,309.0,315395.0,10511,4441080,2285,4065192,12487,8190814
2021-11-07 15:00:00,7747,4133432,1463.0,3751260,95.0,315490.0,7842,4448922,1558,4066750,9305,8200119
2021-11-08 15:00:00,11349,4144781,3057.0,3754317,379.0,315869.0,11728,4460650,3436,4070186,14785,8214904
2021-11-09 15:00:00,11811,4156592,2653.0,3756970,269.0,316138.0,12080,4472730,2922,4073108,14733,8229637
2021-11-10 15:00:00,12635,4169227,2775.0,3759745,339.0,316477.0,12974,4485704,3114,4076222,15749,8245386
2021-11-11 15:00:00,11447,4180674,2384.0,3762129,280.0,316757.0,11727,4497431,2664,4078886,14111,8259497
2021-11-12 15:00:00,12385,4193059,3377.0,3765506,548.0,317305.0,12933,4510364,3925,4082811,16310,8275807
2021-11-13 15:00:00,9981,4203040,1602.0,3767108,342.0,317647.0,10323,4520687,1944,4084755,11925,8287732
2021-11-14 15:00:00,4246,4207286,1119.0,3768227,121.0,317768.0,4367,4525054,1240,4085995,5486,8293218
2021-11-15 15:00:00,8655,4215941,2524.0,3770751,211.0,317979.0,8866,4533920,2735,4088730,11390,8304608
2021-11-16 15:00:00,9296,4225237,2513.0,3773264,258.0,318237.0,9554,4543474,2771,4091501,12067,8316675
2021-11-17 15:00:00,9421,4234658,2867.0,3776131,313.0,318550.0,9734,4553208,3180,4094681,12601,8329276
2021-11-18 15:00:00,9330,4243988,2631.0,3778762,481.0,319031.0,9811,4563019,3112,4097793,12442,8341718
2021-11-19 15:00:00,9849,4253837,2927.0,3781689,381.0,319412.0,10230,4573249,3308,4101101,13157,8354875
2021-11-20 15:00:00,10664,4264501,1608.0,3783297,455.0,319867.0,11119,4584368,2063,4103164,12727,8367602
2021-11-21 15:00:00,4396,4268897,1208.0,3784505,100.0,319967.0,4496,4588864,1308,4104472,5704,8373306
2021-11-22 15:00:00,9855,4278752,2513.0,3787018,293.0,320260.0,10148,4599012,2806,4107278,12661,8385967
2021-11-23 15:00:00,9235,4287987,2401.0,3789419,316.0,320576.0,9551,4608563,2717,4109995,11952,8397919
2021-11-24 15:00:00,8171,4296158,2437.0,3791856,216.0,320792.0,8387,4616950,2653,4112648,10824,8408743
2021-11-25 15:00:00,235,4296393,80.0,3791936,10.0,320802.0,245,4617195,90,4112738,325,8409068
2021-11-26 15:00:00,5660,4302053,3968.0,3795904,153.0,320955.0,5813,4623008,4121,4116859,9781,8418849
2021-11-27 15:00:00,3780,4305833,5482.0,3801386,134.0,321089.0,3914,4626922,5616,4122475,9396,8428245
2021-11-28 15:00:00,2401,4308234,6398.0,3807784,77.0,321166.0,2478,4629400,6475,4128950,8876,8437121
2021-11-29 15:00:00,6376,4314610,9309.0,3817093,379.0,321545.0,6755,4636155,9688,4138638,16064,8453185
2021-11-30 15:00:00,6249,4320859,9333.0,3826426,264.0,321809.0,6513,4642668,9597,4148235,15846,8469031
2021-12-01 15:00:00,7325,4328184,9741.0,3836167,309.0,322118.0,7634,4650302,10050,4158285,17375,8486406
2021-12-02 15:00:00,6926,4335110,8825.0,3844992,450.0,322568.0,7376,4657678,9275,4167560,16201,8502607
2021-12-03 15:00:00,7600,4342710,9331.0,3854323,251.0,322819.0,7851,4665529,9582,4177142,17182,8519789
2021-12-04 15:00:00,5939,4348649,10121.0,3864444,467.0,323286.0,6406,4671935,10588,4187730,16527,8536316
2021-12-05 15:00:00,3444,4352093,3580.0,3868024,78.0,323364.0,3522,4675457,3658,4191388,7102,8543418
2021-12-06 15:00:00,6768,4358861,7109.0,3875133,281.0,323645.0,7049,4682506,7390,4198778,14158,8557576
2021-12-07 15:00:00,6424,4365285,7075.0,3882208,251.0,323896.0,6675,4689181,7326,4206104,13750,8571326
2021-12-08 15:00:00,6933,4372218,7422.0,3889630,316.0,324212.0,7249,4696430,7738,4213842,14671,8585997
2021-12-09 15:00:00,6543,4378761,7059.0,3896689,399.0,324611.0,6942,4703372,7458,4221300,14001,8599998
2021-12-10 15:00:00,7289,4386050,7338.0,3904027,232.0,324843.0,7521,4710893,7570,4228870,14859,8614857
2021-12-11 15:00:00,4451,4390501,7688.0,3911715,333.0,325176.0,4784,4715677,8021,4236891,12472,8627329
2021-12-12 15:00:00,3998,4394499,2808.0,3914523,60.0,325236.0,4058,4719735,2868,4239759,6866,8634195
2021-12-13 15:00:00,5704,4400203,5777.0,3920300,243.0,325479.0,5947,4725682,6020,4245779,11724,8645919
2021-12-14 15:00:00,6465,4406668,5949.0,3926249,223.0,325702.0,6688,4732370,6172,4251951,12637,8658556
2021-12-15 15:00:00,7180,4413848,5724.0,3931973,259.0,325961.0,7439,4739809,5983,4257934,13163,8671719
2021-12-16 15:00:00,7894,4421742,2831.0,3934804,423.0,326384.0,8317,4748126,3254,4261188,11148,8682867
2021-12-17 15:00:00,7853,4429595,4183.0,3938987,195.0,326579.0,8048,4756174,4378,4265566,12231,8695098
2021-12-18 15:00:00,5836,4435431,3188.0,3942175,298.0,326877.0,6134,4762308,3486,4269052,9322,8704420
2021-12-19 15:00:00,3374,4438805,1347.0,3943522,37.0,326914.0,3411,4765719,1384,4270436,4758,8709178
2021-12-20 15:00:00,8102,4446907,3750.0,3947272,173.0,327087.0,8275,4773994,3923,4274359,12025,8721203
2021-12-21 15:00:00,9009,4455916,4167.0,3951439,175.0,327262.0,9184,4783178,4342,4278701,13351,8734554
2021-12-22 15:00:00,8712,4464628,3891.0,3955330,184.0,327446.0,8896,4792074,4075,4282776,12787,8747341
2021-12-23 15:00:00,8418,4473046,3573.0,3958903,359.0,327805.0,8777,4800851,3932,4286708,12350,8759691
2021-12-24 15:00:00,1637,4474683,1011.0,3959914,39.0,327844.0,1676,4802527,1050,4287758,2687,8762378
2021-12-25 15:00:00,47,4474730,36.0,3959950,1.0,327845.0,48,4802575,37,4287795,84,8762462
2021-12-26 15:00:00,2516,4477246,1745.0,3961695,44.0,327889.0,2560,4805135,1789,4289584,4305,8766767
2021-12-27 15:00:00,7222,4484468,4011.0,3965706,297.0,328186.0,7519,4812654,4308,4293892,11530,8778297
2021-12-28 15:00:00,7949,4492417,3869.0,3969575,179.0,328365.0,8128,4820782,4048,4297940,11997,8790294
2021-12-29 15:00:00,8249,4500666,4022.0,3973597,156.0,328521.0,8405,4829187,4178,4302118,12427,8802721
2021-12-30 15:00:00,7490,4508156,3796.0,3977393,291.0,328812.0,7781,4836968,4087,4306205,11577,8814298
2021-12-31 15:00:00,2579,4510735,1536.0,3978929,90.0,328902.0,2669,4839637,1626,4307831,4205,8818503
2022-01-01 15:00:00,738,4511473,352.0,3979281,34.0,328936.0,772,4840409,386,4308217,1124,8819627
2022-01-02 15:00:00,2215,4513688,1649.0,3980930,48.0,328984.0,2263,4842672,1697,4309914,3912,8823539
2022-01-03 15:00:00,3399,4517087,2069.0,3982999,223.0,329207.0,3622,4846294,2292,4312206,5691,8829230
2022-01-04 15:00:00,5858,4522945,3495.0,3986494,165.0,329372.0,6023,4852317,3660,4315866,9518,8838748
2022-01-05 15:00:00,6837,4529782,4700.0,3991194,175.0,329547.0,7012,4859329,4875,4320741,11712,8850460
2022-01-06 15:00:00,6786,4536568,4832.0,3996026,265.0,329812.0,7051,4866380,5097,4325838,11883,8862343
2022-01-07 15:00:00,6011,4542579,3793.0,3999819,162.0,329974.0,6173,4872553,3955,4329793,9966,8872309
2022-01-08 15:00:00,4808,4547387,3912.0,4003731,78.0,330052.0,4886,4877439,3990,4333783,8798,8881107
2022-01-09 15:00:00,2764,4550151,2020.0,4005751,154.0,330206.0,2918,4880357,2174,4335957,4938,8886045
2022-01-10 15:00:00,6359,4556510,3849.0,4009600,161.0,330367.0,6520,4886877,4010,4339967,10369,8896414
2022-01-11 15:00:00,6574,4563084,4265.0,4013865,143.0,330510.0,6717,4893594,4408,4344375,10982,8907396
2022-01-12 15:00:00,6838,4569922,4439.0,4018304,225.0,330735.0,7063,4900657,4664,4349039,11502,8918898
2022-01-13 15:00:00,6699,4576621,4388.0,4022692,153.0,330888.0,6852,4907509,4541,4353580,11240,8930138
2022-01-14 15:00:00,7238,4583859,3285.0,4025977,253.0,331141.0,7491,4915000,3538,4357118,10776,8940914
2022-01-15 15:00:00,4283,4588142,1689.0,4027666,71.0,331212.0,4354,4919354,1760,4358878,6043,8946957
2022-01-16 15:00:00,2219,4590361,1321.0,4028987,116.0,331328.0,2335,4921689,1437,4360315,3656,8950613
2022-01-17 15:00:00,3627,4593988,2372.0,4031359,75.0,331403.0,3702,4925391,2447,4362762,6074,8956687
2022-01-18 15:00:00,5304,4599292,4208.0,4035567,103.0,331506.0,5407,4930798,4311,4367073,9615,8966302
2022-01-19 15:00:00,5303,4604595,4476.0,4040043,99.0,331605.0,5402,4936200,4575,4371648,9878,8976180
2022-01-20 15:00:00,4534,4609129,3626.0,4043669,176.0,331781.0,4710,4940910,3802,4375450,8336,8984516
2022-01-21 15:00:00,5616,4614745,2937.0,4046606,126.0,331907.0,5742,4946652,3063,4378513,8679,8993195
2022-01-22 15:00:00,3467,4618212,1721.0,4048327,134.0,332041.0,3601,4950253,1855,4380368,5322,8998517
2022-01-23 15:00:00,2050,4620262,1496.0,4049823,30.0,332071.0,2080,4952333,1526,4381894,3576,9002093
2022-01-24 15:00:00,4124,4624386,2764.0,4052587,90.0,332161.0,4214,4956547,2854,4384748,6978,9009071
2022-01-25 15:00:00,3823,4628209,3314.0,4055901,95.0,332256.0,3918,4960465,3409,4388157,7232,9016303
2022-01-26 15:00:00,3879,4632088,3695.0,4059596,95.0,332351.0,3974,4964439,3790,4391947,7669,9023972
2022-01-27 15:00:00,3778,4635866,3927.0,4063523,188.0,332539.0,3966,4968405,4115,4396062,7893,9031865
2022-01-28 15:00:00,3866,4639732,3278.0,4066801,75.0,332614.0,3941,4972346,3353,4399415,7219,9039084
2022-01-29 15:00:00,2308,4642040,2293.0,4069094,117.0,332731.0,2425,4974771,2410,4401825,4718,9043802
2022-01-30 15:00:00,1565,4643605,1638.0,4070732,16.0,332747.0,1581,4976352,1654,4403479,3219,9047021
2022-01-31 15:00:00,3006,4646611,3236.0,4073968,58.0,332805.0,3064,4979416,3294,4406773,6300,9053321
2022-02-01 15:00:00,2655,4649266,3407.0,4077375,75.0,332880.0,2730,4982146,3482,4410255,6137,9059458
2022-02-02 15:00:00,2831,4652097,3723.0,4081098,78.0,332958.0,2909,4985055,3801,4414056,6632,9066090
2022-02-03 15:00:00,2767,4654864,3659.0,4084757,42.0,333000.0,2809,4987864,3701,4417757,6468,9072558
2022-02-04 15:00:00,2787,4657651,4377.0,4089134,128.0,333128.0,2915,4990779,4505,4422262,7292,9079850
2022-02-05 15:00:00,1925,4659576,2901.0,4092035,112.0,333240.0,2037,4992816,3013,4425275,4938,9084788
2022-02-06 15:00:00,1081,4660657,1353.0,4093388,24.0,333264.0,1105,4993921,1377,4426652,2458,9087246
2022-02-07 15:00:00,2071,4662728,2693.0,4096081,51.0,333315.0,2122,4996043,2744,4429396,4815,9092061
2022-02-08 15:00:00,2096,4664824,3093.0,4099174,63.0,333378.0,2159,4998202,3156,4432552,5252,9097313
2022-02-09 15:00:00,2211,4667035,3310.0,4102484,75.0,333453.0,2286,5000488,3385,4435937,5596,9102909
2022-02-10 15:00:00,2098,4669133,2876.0,4105360,55.0,333508.0,2153,5002641,2931,4438868,5029,9107938
2022-02-11 15:00:00,2521,4671654,3514.0,4108874,122.0,333630.0,2643,5005284,3636,4442504,6157,9114095
2022-02-12 15:00:00,1692,4673346,2305.0,4111179,97.0,333727.0,1789,5007073,2402,4444906,4094,9118189
2022-02-13 15:00:00,736,4674082,1085.0,4112264,17.0,333744.0,753,5007826,1102,4446008,1838,9120027
2022-02-14 15:00:00,1467,4675549,2238.0,4114502,65.0,333809.0,1532,5009358,2303,4448311,3770,9123797
2022-02-15 15:00:00,1946,4677495,2457.0,4116959,47.0,333856.0,1993,5011351,2504,4450815,4450,9128247
2022-02-16 15:00:00,1692,4679187,2434.0,4119393,52.0,333908.0,1744,5013095,2486,4453301,4178,9132425
2022-02-17 15:00:00,16877,4696064,13034.0,4132427,485.0,334393.0,17362,5030457,13519,4466820,30396,9162821
2022-02-18 15:00:00,2000,4698064,2577.0,4135004,49.0,334442.0,2049,5032506,2626,4469446,4626,9167447
2022-02-19 15:00:00,1235,4699299,1700.0,4136704,39.0,334481.0,1274,5033780,1739,4471185,2974,9170421
2022-02-20 15:00:00,705,4700004,848.0,4137552,15.0,334496.0,720,5034500,863,4472048,1568,9171989
2022-02-21 15:00:00,1299,4701303,1768.0,4139320,32.0,334528.0,1331,5035831,1800,4473848,3099,9175088
2022-02-22 15:00:00,1451,4702754,1883.0,4141203,36.0,334564.0,1487,5037318,1919,4475767,3370,9178458
2022-02-23 15:00:00,1567,4704321,1869.0,4143072,35.0,334599.0,1602,5038920,1904,4477671,3471,9181929
2022-02-24 15:00:00,1430,4705751,1606.0,4144678,37.0,334636.0,1467,5040387,1643,4479314,3073,9185002
2022-02-25 15:00:00,831,4706582,1012.0,4145690,32.0,334668.0,863,5041250,1044,4480358,1875,9186877
