VACCINATION_DATE,FirstDailyDose,FirstDoseCumulative,SecondDailyDose,SecondDoseCumulative,SingleDailyDose,SingleDoseCumulative,AtleastOneVaccine,AtleastOneVaccineCumulative,CompletedVax,CompletedVaxCumulative,FirstSecondSingleVaccinations,FirstSecondSingleVaccinationsCumulative
2020-12-14 15:00:00,17,1076,,402,,,17,1076,0,402,17,1393
2020-12-15 15:00:00,54,1130,3.0,405,,,54,1130,3,405,57,1450
2020-12-16 15:00:00,579,1709,2.0,407,,,579,1709,2,407,581,2031
2020-12-17 15:00:00,1147,2856,2.0,409,,,1147,2856,2,409,1149,3180
2020-12-18 15:00:00,2996,5852,11.0,420,,,2996,5852,11,420,3007,6187
2020-12-19 15:00:00,921,6773,5.0,425,,,921,6773,5,425,926,7113
2020-12-20 15:00:00,341,7114,4.0,429,,,341,7114,4,429,345,7458
2020-12-21 15:00:00,3866,10980,24.0,453,,,3866,10980,24,453,3890,11348
2020-12-22 15:00:00,6294,17274,23.0,476,,,6294,17274,23,476,6317,17665
2020-12-23 15:00:00,5741,23015,33.0,509,,,5741,23015,33,509,5774,23439
2020-12-24 15:00:00,2718,25733,13.0,522,,,2718,25733,13,522,2731,26170
2020-12-25 15:00:00,1035,26768,3.0,525,,,1035,26768,3,525,1038,27208
2020-12-26 15:00:00,1873,28641,9.0,534,,,1873,28641,9,534,1882,29090
2020-12-27 15:00:00,1797,30438,10.0,544,,,1797,30438,10,544,1807,30897
2020-12-28 15:00:00,8961,39399,41.0,585,,,8961,39399,41,585,9002,39899
2020-12-29 15:00:00,10933,50332,44.0,629,,,10933,50332,44,629,10977,50876
2020-12-30 15:00:00,12472,62804,71.0,700,,,12472,62804,71,700,12543,63419
2020-12-31 15:00:00,7528,70332,40.0,740,,,7528,70332,40,740,7568,70987
2021-01-01 15:00:00,2771,73103,123.0,863,,,2771,73103,123,863,2894,73881
2021-01-02 15:00:00,3002,76105,34.0,897,,,3002,76105,34,897,3036,76917
2021-01-03 15:00:00,3383,79488,80.0,977,,,3383,79488,80,977,3463,80380
2021-01-04 15:00:00,13301,92789,319.0,1296,,,13301,92789,319,1296,13620,94000
2021-01-05 15:00:00,12429,105218,522.0,1818,,,12429,105218,522,1818,12951,106951
2021-01-06 15:00:00,15187,120405,846.0,2664,,,15187,120405,846,2664,16033,122984
2021-01-07 15:00:00,14968,135373,1742.0,4406,,,14968,135373,1742,4406,16710,139694
2021-01-08 15:00:00,23954,159327,2741.0,7147,,,23954,159327,2741,7147,26695,166389
2021-01-09 15:00:00,5142,164469,941.0,8088,,,5142,164469,941,8088,6083,172472
2021-01-10 15:00:00,2939,167408,371.0,8459,,,2939,167408,371,8459,3310,175782
2021-01-11 15:00:00,13684,181092,3441.0,11900,,,13684,181092,3441,11900,17125,192907
2021-01-12 15:00:00,17320,198412,5564.0,17464,,,17320,198412,5564,17464,22884,215791
2021-01-13 15:00:00,18542,216954,3875.0,21339,,,18542,216954,3875,21339,22417,238208
2021-01-14 15:00:00,17786,234740,1934.0,23273,,,17786,234740,1934,23273,19720,257928
2021-01-15 15:00:00,19393,254133,1988.0,25261,,,19393,254133,1988,25261,21381,279309
2021-01-16 15:00:00,5789,259922,1600.0,26861,,,5789,259922,1600,26861,7389,286698
2021-01-17 15:00:00,2107,262029,1472.0,28333,,,2107,262029,1472,28333,3579,290277
2021-01-18 15:00:00,7054,269083,3235.0,31568,,,7054,269083,3235,31568,10289,300566
2021-01-19 15:00:00,16889,285972,5372.0,36940,,,16889,285972,5372,36940,22261,322827
2021-01-20 15:00:00,20969,306941,5275.0,42215,,,20969,306941,5275,42215,26244,349071
2021-01-21 15:00:00,23725,330666,3781.0,45996,,,23725,330666,3781,45996,27506,376577
2021-01-22 15:00:00,28615,359281,3698.0,49694,,,28615,359281,3698,49694,32313,408890
2021-01-23 15:00:00,10084,369365,1916.0,51610,,,10084,369365,1916,51610,12000,420890
2021-01-24 15:00:00,3337,372702,1718.0,53328,,,3337,372702,1718,53328,5055,425945
2021-01-25 15:00:00,16276,388978,8562.0,61890,,,16276,388978,8562,61890,24838,450783
2021-01-26 15:00:00,17531,406509,8938.0,70828,,,17531,406509,8938,70828,26469,477252
2021-01-27 15:00:00,24417,430926,12497.0,83325,,,24417,430926,12497,83325,36914,514166
2021-01-28 15:00:00,22621,453547,9266.0,92591,,,22621,453547,9266,92591,31887,546053
2021-01-29 15:00:00,24734,478281,7859.0,100450,,,24734,478281,7859,100450,32593,578646
2021-01-30 15:00:00,17751,496032,2517.0,102967,,,17751,496032,2517,102967,20268,598914
2021-01-31 15:00:00,3747,499779,1331.0,104298,,,3747,499779,1331,104298,5078,603992
2021-02-01 15:00:00,7729,507508,5177.0,109475,,,7729,507508,5177,109475,12906,616898
2021-02-02 15:00:00,12425,519933,13760.0,123235,,,12425,519933,13760,123235,26185,643083
2021-02-03 15:00:00,18187,538120,18071.0,141306,,,18187,538120,18071,141306,36258,679341
2021-02-04 15:00:00,22041,560161,15702.0,157008,,,22041,560161,15702,157008,37743,717084
2021-02-05 15:00:00,20259,580420,17340.0,174348,,,20259,580420,17340,174348,37599,754683
2021-02-06 15:00:00,11273,591693,14429.0,188777,,,11273,591693,14429,188777,25702,780385
2021-02-07 15:00:00,5906,597599,1794.0,190571,,,5906,597599,1794,190571,7700,788085
2021-02-08 15:00:00,12927,610526,12879.0,203450,,,12927,610526,12879,203450,25806,813891
2021-02-09 15:00:00,16595,627121,13815.0,217265,,,16595,627121,13815,217265,30410,844301
2021-02-10 15:00:00,19223,646344,21170.0,238435,,,19223,646344,21170,238435,40393,884694
2021-02-11 15:00:00,22837,669181,17265.0,255700,,,22837,669181,17265,255700,40102,924796
2021-02-12 15:00:00,20332,689513,19560.0,275260,,,20332,689513,19560,275260,39892,964688
2021-02-13 15:00:00,11395,700908,6380.0,281640,,,11395,700908,6380,281640,17775,982463
2021-02-14 15:00:00,7095,708003,2104.0,283744,,,7095,708003,2104,283744,9199,991662
2021-02-15 15:00:00,11730,719733,13273.0,297017,,,11730,719733,13273,297017,25003,1016665
2021-02-16 15:00:00,16559,736292,20965.0,317982,,,16559,736292,20965,317982,37524,1054189
2021-02-17 15:00:00,20620,756912,26328.0,344310,,,20620,756912,26328,344310,46948,1101137
2021-02-18 15:00:00,3176,760088,4592.0,348902,,,3176,760088,4592,348902,7768,1108905
2021-02-19 15:00:00,10229,770317,19884.0,368786,,,10229,770317,19884,368786,30113,1139018
2021-02-20 15:00:00,10283,780600,20241.0,389027,,,10283,780600,20241,389027,30524,1169542
2021-02-21 15:00:00,6155,786755,7622.0,396649,,,6155,786755,7622,396649,13777,1183319
2021-02-22 15:00:00,8000,794755,15431.0,412080,,,8000,794755,15431,412080,23431,1206750
2021-02-23 15:00:00,15497,810252,15909.0,427989,,,15497,810252,15909,427989,31406,1238156
2021-02-24 15:00:00,17897,828149,24699.0,452688,,,17897,828149,24699,452688,42596,1280752
2021-02-25 15:00:00,20371,848520,26474.0,479162,,,20371,848520,26474,479162,46845,1327597
2021-02-26 15:00:00,26683,875203,26123.0,505285,,,26683,875203,26123,505285,52806,1380403
2021-02-27 15:00:00,15959,891162,11102.0,516387,,,15959,891162,11102,516387,27061,1407464
2021-02-28 15:00:00,15485,906647,4847.0,521234,,,15485,906647,4847,521234,20332,1427796
2021-03-01 15:00:00,26321,932968,12399.0,533633,,,26321,932968,12399,533633,38720,1466516
2021-03-02 15:00:00,23812,956780,13212.0,546845,32.0,32.0,23844,956812,13244,546877,37056,1503572
2021-03-03 15:00:00,30065,986845,18334.0,565179,181.0,213.0,30246,987058,18515,565392,48580,1552152
2021-03-04 15:00:00,30918,1017763,18122.0,583301,4065.0,4278.0,34983,1022041,22187,587579,53105,1605257
2021-03-05 15:00:00,29387,1047150,19403.0,602704,4911.0,9189.0,34298,1056339,24314,611893,53701,1658958
2021-03-06 15:00:00,17818,1064968,8939.0,611643,6003.0,15192.0,23821,1080160,14942,626835,32760,1691718
2021-03-07 15:00:00,12098,1077066,4821.0,616464,6612.0,21804.0,18710,1098870,11433,638268,23531,1715249
2021-03-08 15:00:00,25806,1102872,8779.0,625243,8276.0,30080.0,34082,1132952,17055,655323,42861,1758110
2021-03-09 15:00:00,26056,1128928,15389.0,640632,8344.0,38424.0,34400,1167352,23733,679056,49789,1807899
2021-03-10 15:00:00,29787,1158715,15918.0,656550,7932.0,46356.0,37719,1205071,23850,702906,53637,1861536
2021-03-11 15:00:00,35898,1194613,16381.0,672931,3980.0,50336.0,39878,1244949,20361,723267,56259,1917795
2021-03-12 15:00:00,36852,1231465,18009.0,690940,2920.0,53256.0,39772,1284721,20929,744196,57781,1975576
2021-03-13 15:00:00,22633,1254098,10238.0,701178,1606.0,54862.0,24239,1308960,11844,756040,34477,2010053
2021-03-14 15:00:00,17825,1271923,6674.0,707852,999.0,55861.0,18824,1327784,7673,763713,25498,2035551
2021-03-15 15:00:00,29743,1301666,11227.0,719079,593.0,56454.0,30336,1358120,11820,775533,41563,2077114
2021-03-16 15:00:00,33366,1335032,13507.0,732586,765.0,57219.0,34131,1392251,14272,789805,47638,2124752
2021-03-17 15:00:00,37513,1372545,16967.0,749553,1175.0,58394.0,38688,1430939,18142,807947,55655,2180407
2021-03-18 15:00:00,41348,1413893,12557.0,762110,1348.0,59742.0,42696,1473635,13905,821852,55253,2235660
2021-03-19 15:00:00,38247,1452140,15349.0,777459,1036.0,60778.0,39283,1512918,16385,838237,54632,2290292
2021-03-20 15:00:00,24641,1476781,10083.0,787542,698.0,61476.0,25339,1538257,10781,849018,35422,2325714
2021-03-21 15:00:00,19136,1495917,7822.0,795364,333.0,61809.0,19469,1557726,8155,857173,27291,2353005
2021-03-22 15:00:00,32511,1528428,11413.0,806777,834.0,62643.0,33345,1591071,12247,869420,44758,2397763
2021-03-23 15:00:00,37715,1566143,17280.0,824057,1552.0,64195.0,39267,1630338,18832,888252,56547,2454310
2021-03-24 15:00:00,41019,1607162,21116.0,845173,1379.0,65574.0,42398,1672736,22495,910747,63514,2517824
2021-03-25 15:00:00,42289,1649451,20958.0,866131,2455.0,68029.0,44744,1717480,23413,934160,65702,2583526
2021-03-26 15:00:00,36549,1686000,26215.0,892346,2499.0,70528.0,39048,1756528,28714,962874,65263,2648789
2021-03-27 15:00:00,26897,1712897,16741.0,909087,2481.0,73009.0,29378,1785906,19222,982096,46119,2694908
2021-03-28 15:00:00,17000,1729897,12597.0,921684,1614.0,74623.0,18614,1804520,14211,996307,31211,2726119
2021-03-29 15:00:00,29676,1759573,26181.0,947865,1138.0,75761.0,30814,1835334,27319,1023626,56995,2783114
2021-03-30 15:00:00,39986,1799559,28886.0,976751,1855.0,77616.0,41841,1877175,30741,1054367,70727,2853841
2021-03-31 15:00:00,40987,1840546,34548.0,1011299,5745.0,83361.0,46732,1923907,40293,1094660,81280,2935121
2021-04-01 15:00:00,40899,1881445,39766.0,1051065,5636.0,88997.0,46535,1970442,45402,1140062,86301,3021422
2021-04-02 15:00:00,34927,1916372,32448.0,1083513,6111.0,95108.0,41038,2011480,38559,1178621,73486,3094908
2021-04-03 15:00:00,21593,1937965,18638.0,1102151,4363.0,99471.0,25956,2037436,23001,1201622,44594,3139502
2021-04-04 15:00:00,8229,1946194,10158.0,1112309,961.0,100432.0,9190,2046626,11119,1212741,19348,3158850
2021-04-05 15:00:00,27859,1974053,28810.0,1141119,6647.0,107079.0,34506,2081132,35457,1248198,63316,3222166
2021-04-06 15:00:00,39702,2013755,30355.0,1171474,10484.0,117563.0,50186,2131318,40839,1289037,80541,3302707
2021-04-07 15:00:00,35988,2049743,34137.0,1205611,12965.0,130528.0,48953,2180271,47102,1336139,83090,3385797
2021-04-08 15:00:00,42246,2091989,35951.0,1241562,13849.0,144377.0,56095,2236366,49800,1385939,92046,3477843
2021-04-09 15:00:00,33971,2125960,36231.0,1277793,14517.0,158894.0,48488,2284854,50748,1436687,84719,3562562
2021-04-10 15:00:00,23415,2149375,23070.0,1300863,7618.0,166512.0,31033,2315887,30688,1467375,54103,3616665
2021-04-11 15:00:00,17546,2166921,13246.0,1314109,10120.0,176632.0,27666,2343553,23366,1490741,40912,3657577
2021-04-12 15:00:00,24548,2191469,33095.0,1347204,10889.0,187521.0,35437,2378990,43984,1534725,68532,3726109
2021-04-13 15:00:00,126738,2318207,90527.0,1437731,3292.0,190813.0,130030,2509020,93819,1628544,220557,3946666
2021-04-14 15:00:00,40660,2358867,37707.0,1475438,211.0,191024.0,40871,2549891,37918,1666462,78578,4025244
2021-04-15 15:00:00,41655,2400522,39090.0,1514528,173.0,191197.0,41828,2591719,39263,1705725,80918,4106162
2021-04-16 15:00:00,37168,2437690,38669.0,1553197,23.0,191220.0,37191,2628910,38692,1744417,75860,4182022
2021-04-17 15:00:00,32756,2470446,21952.0,1575149,12.0,191232.0,32768,2661678,21964,1766381,54720,4236742
2021-04-18 15:00:00,20056,2490502,16161.0,1591310,5.0,191237.0,20061,2681739,16166,1782547,36222,4272964
2021-04-19 15:00:00,29863,2520365,36450.0,1627760,61.0,191298.0,29924,2711663,36511,1819058,66374,4339338
2021-04-20 15:00:00,33073,2553438,44132.0,1671892,55.0,191353.0,33128,2744791,44187,1863245,77260,4416598
2021-04-21 15:00:00,39770,2593208,46868.0,1718760,22.0,191375.0,39792,2784583,46890,1910135,86660,4503258
2021-04-22 15:00:00,36366,2629574,41930.0,1760690,16.0,191391.0,36382,2820965,41946,1952081,78312,4581570
2021-04-23 15:00:00,33074,2662648,39950.0,1800640,13.0,191404.0,33087,2854052,39963,1992044,73037,4654607
2021-04-24 15:00:00,26386,2689034,27797.0,1828437,80.0,191484.0,26466,2880518,27877,2019921,54263,4708870
2021-04-25 15:00:00,20212,2709246,10912.0,1839349,30.0,191514.0,20242,2900760,10942,2030863,31154,4740024
2021-04-26 15:00:00,27396,2736642,32588.0,1871937,202.0,191716.0,27598,2928358,32790,2063653,60186,4800210
2021-04-27 15:00:00,26689,2763331,32921.0,1904858,1096.0,192812.0,27785,2956143,34017,2097670,60706,4860916
2021-04-28 15:00:00,28904,2792235,39400.0,1944258,1362.0,194174.0,30266,2986409,40762,2138432,69666,4930582
2021-04-29 15:00:00,27291,2819526,39343.0,1983601,1463.0,195637.0,28754,3015163,40806,2179238,68097,4998679
2021-04-30 15:00:00,28161,2847687,32098.0,2015699,1644.0,197281.0,29805,3044968,33742,2212980,61903,5060582
2021-05-01 15:00:00,20450,2868137,26389.0,2042088,1027.0,198308.0,21477,3066445,27416,2240396,47866,5108448
2021-05-02 15:00:00,10270,2878407,16993.0,2059081,819.0,199127.0,11089,3077534,17812,2258208,28082,5136530
2021-05-03 15:00:00,12723,2891130,28382.0,2087463,1909.0,201036.0,14632,3092166,30291,2288499,43014,5179544
2021-05-04 15:00:00,13520,2904650,38376.0,2125839,1732.0,202768.0,15252,3107418,40108,2328607,53628,5233172
2021-05-05 15:00:00,19319,2923969,37629.0,2163468,1920.0,204688.0,21239,3128657,39549,2368156,58868,5292040
2021-05-06 15:00:00,16920,2940889,40486.0,2203954,1715.0,206403.0,18635,3147292,42201,2410357,59121,5351161
2021-05-07 15:00:00,17387,2958276,35960.0,2239914,1954.0,208357.0,19341,3166633,37914,2448271,55301,5406462
2021-05-08 15:00:00,10781,2969057,31148.0,2271062,1291.0,209648.0,12072,3178705,32439,2480710,43220,5449682
2021-05-09 15:00:00,5051,2974108,11890.0,2282952,696.0,210344.0,5747,3184452,12586,2493296,17637,5467319
2021-05-10 15:00:00,8946,2983054,30964.0,2313916,1356.0,211700.0,10302,3194754,32320,2525616,41266,5508585
2021-05-11 15:00:00,12189,2995243,30205.0,2344121,1435.0,213135.0,13624,3208378,31640,2557256,43829,5552414
2021-05-12 15:00:00,13943,3009186,38520.0,2382641,1916.0,215051.0,15859,3224237,40436,2597692,54379,5606793
2021-05-13 15:00:00,21829,3031015,33381.0,2416022,1346.0,216397.0,23175,3247412,34727,2632419,56556,5663349
2021-05-14 15:00:00,24323,3055338,29926.0,2445948,1770.0,218167.0,26093,3273505,31696,2664115,56019,5719368
2021-05-15 15:00:00,21876,3077214,25025.0,2470973,1489.0,219656.0,23365,3296870,26514,2690629,48390,5767758
2021-05-16 15:00:00,9074,3086288,17525.0,2488498,1112.0,220768.0,10186,3307056,18637,2709266,27711,5795469
2021-05-17 15:00:00,16826,3103114,28288.0,2516786,1949.0,222717.0,18775,3325831,30237,2739503,47063,5842532
2021-05-18 15:00:00,21241,3124355,30614.0,2547400,1941.0,224658.0,23182,3349013,32555,2772058,53796,5896328
2021-05-19 15:00:00,27583,3151938,32335.0,2579735,1625.0,226283.0,29208,3378221,33960,2806018,61543,5957871
2021-05-20 15:00:00,20773,3172711,33154.0,2612889,1963.0,228246.0,22736,3400957,35117,2841135,55890,6013761
2021-05-21 15:00:00,19133,3191844,30202.0,2643091,1607.0,229853.0,20740,3421697,31809,2872944,50942,6064703
2021-05-22 15:00:00,16900,3208744,20631.0,2663722,1269.0,231122.0,18169,3439866,21900,2894844,38800,6103503
2021-05-23 15:00:00,8749,3217493,11419.0,2675141,964.0,232086.0,9713,3449579,12383,2907227,21132,6124635
2021-05-24 15:00:00,13560,3231053,17708.0,2692849,1475.0,233561.0,15035,3464614,19183,2926410,32743,6157378
2021-05-25 15:00:00,13001,3244054,18625.0,2711474,1327.0,234888.0,14328,3478942,19952,2946362,32953,6190331
2021-05-26 15:00:00,18262,3262316,19409.0,2730883,1509.0,236397.0,19771,3498713,20918,2967280,39180,6229511
2021-05-27 15:00:00,11677,3273993,18607.0,2749490,1115.0,237512.0,12792,3511505,19722,2987002,31399,6260910
2021-05-28 15:00:00,12505,3286498,19696.0,2769186,1397.0,238909.0,13902,3525407,21093,3008095,33598,6294508
2021-05-29 15:00:00,9548,3296046,11614.0,2780800,934.0,239843.0,10482,3535889,12548,3020643,22096,6316604
2021-05-30 15:00:00,4968,3301014,6412.0,2787212,597.0,240440.0,5565,3541454,7009,3027652,11977,6328581
2021-05-31 15:00:00,1776,3302790,3701.0,2790913,305.0,240745.0,2081,3543535,4006,3031658,5782,6334363
2021-06-01 15:00:00,9774,3312564,16274.0,2807187,1150.0,241895.0,10924,3554459,17424,3049082,27198,6361561
2021-06-02 15:00:00,10220,3322784,16764.0,2823951,959.0,242854.0,11179,3565638,17723,3066805,27943,6389504
2021-06-03 15:00:00,7891,3330675,21129.0,2845080,1085.0,243939.0,8976,3574614,22214,3089019,30105,6419609
2021-06-04 15:00:00,8214,3338889,22222.0,2867302,1121.0,245060.0,9335,3583949,23343,3112362,31557,6451166
2021-06-05 15:00:00,7009,3345898,19397.0,2886699,719.0,245779.0,7728,3591677,20116,3132478,27125,6478291
2021-06-06 15:00:00,3463,3349361,7209.0,2893908,422.0,246201.0,3885,3595562,7631,3140109,11094,6489385
2021-06-07 15:00:00,6847,3356208,15719.0,2909627,725.0,246926.0,7572,3603134,16444,3156553,23291,6512676
2021-06-08 15:00:00,6669,3362877,19647.0,2929274,819.0,247745.0,7488,3610622,20466,3177019,27135,6539811
2021-06-09 15:00:00,8195,3371072,23887.0,2953161,968.0,248713.0,9163,3619785,24855,3201874,33050,6572861
2021-06-10 15:00:00,7158,3378230,19063.0,2972224,893.0,249606.0,8051,3627836,19956,3221830,27114,6599975
2021-06-11 15:00:00,7464,3385694,17679.0,2989903,1125.0,250731.0,8589,3636425,18804,3240634,26268,6626243
2021-06-12 15:00:00,5233,3390927,14709.0,3004612,604.0,251335.0,5837,3642262,15313,3255947,20546,6646789
2021-06-13 15:00:00,1932,3392859,7550.0,3012162,425.0,251760.0,2357,3644619,7975,3263922,9907,6656696
2021-06-14 15:00:00,5655,3398514,11796.0,3023958,728.0,252488.0,6383,3651002,12524,3276446,18179,6674875
2021-06-15 15:00:00,5645,3404159,14278.0,3038236,870.0,253358.0,6515,3657517,15148,3291594,20793,6695668
2021-06-16 15:00:00,8752,3412911,21533.0,3059769,757.0,254115.0,9509,3667026,22290,3313884,31042,6726710
2021-06-17 15:00:00,6676,3419587,12325.0,3072094,717.0,254832.0,7393,3674419,13042,3326926,19718,6746428
2021-06-18 15:00:00,6832,3426419,12691.0,3084785,703.0,255535.0,7535,3681954,13394,3340320,20226,6766654
2021-06-19 15:00:00,4658,3431077,9348.0,3094133,614.0,256149.0,5272,3687226,9962,3350282,14620,6781274
2021-06-20 15:00:00,2500,3433577,5034.0,3099167,378.0,256527.0,2878,3690104,5412,3355694,7912,6789186
2021-06-21 15:00:00,5547,3439124,5312.0,3104479,636.0,257163.0,6183,3696287,5948,3361642,11495,6800681
2021-06-22 15:00:00,5189,3444313,8837.0,3113316,681.0,257844.0,5870,3702157,9518,3371160,14707,6815388
2021-06-23 15:00:00,6057,3450370,10286.0,3123602,643.0,258487.0,6700,3708857,10929,3382089,16986,6832374
2021-06-24 15:00:00,5925,3456295,8177.0,3131779,593.0,259080.0,6518,3715375,8770,3390859,14695,6847069
2021-06-25 15:00:00,5824,3462119,8611.0,3140390,619.0,259699.0,6443,3721818,9230,3400089,15054,6862123
2021-06-26 15:00:00,3701,3465820,6286.0,3146676,396.0,260095.0,4097,3725915,6682,3406771,10383,6872506
2021-06-27 15:00:00,2805,3468625,3509.0,3150185,184.0,260279.0,2989,3728904,3693,3410464,6498,6879004
2021-06-28 15:00:00,4728,3473353,6079.0,3156264,521.0,260800.0,5249,3734153,6600,3417064,11328,6890332
2021-06-29 15:00:00,5061,3478414,6431.0,3162695,517.0,261317.0,5578,3739731,6948,3424012,12009,6902341
2021-06-30 15:00:00,5599,3484013,7357.0,3170052,602.0,261919.0,6201,3745932,7959,3431971,13558,6915899
2021-07-01 15:00:00,5333,3489346,6905.0,3176957,491.0,262410.0,5824,3751756,7396,3439367,12729,6928628
2021-07-02 15:00:00,5282,3494628,6801.0,3183758,519.0,262929.0,5801,3757557,7320,3446687,12602,6941230
2021-07-03 15:00:00,3259,3497887,4047.0,3187805,260.0,263189.0,3519,3761076,4307,3450994,7566,6948796
2021-07-04 15:00:00,493,3498380,542.0,3188347,66.0,263255.0,559,3761635,608,3451602,1101,6949897
2021-07-05 15:00:00,3750,3502130,3943.0,3192290,282.0,263537.0,4032,3765667,4225,3455827,7975,6957872
2021-07-06 15:00:00,4480,3506610,6220.0,3198510,450.0,263987.0,4930,3770597,6670,3462497,11150,6969022
2021-07-07 15:00:00,4454,3511064,6371.0,3204881,482.0,264469.0,4936,3775533,6853,3469350,11307,6980329
2021-07-08 15:00:00,4829,3515893,6123.0,3211004,563.0,265032.0,5392,3780925,6686,3476036,11515,6991844
2021-07-09 15:00:00,5342,3521235,6620.0,3217624,571.0,265603.0,5913,3786838,7191,3483227,12533,7004377
2021-07-10 15:00:00,3519,3524754,4375.0,3221999,301.0,265904.0,3820,3790658,4676,3487903,8195,7012572
2021-07-11 15:00:00,2669,3527423,2554.0,3224553,222.0,266126.0,2891,3793549,2776,3490679,5445,7018017
2021-07-12 15:00:00,4410,3531833,5087.0,3229640,377.0,266503.0,4787,3798336,5464,3496143,9874,7027891
2021-07-13 15:00:00,4747,3536580,4583.0,3234223,365.0,266868.0,5112,3803448,4948,3501091,9695,7037586
2021-07-14 15:00:00,4601,3541181,5243.0,3239466,422.0,267290.0,5023,3808471,5665,3506756,10266,7047852
2021-07-15 15:00:00,4872,3546053,4970.0,3244436,356.0,267646.0,5228,3813699,5326,3512082,10198,7058050
2021-07-16 15:00:00,6272,3552325,5799.0,3250235,401.0,268047.0,6673,3820372,6200,3518282,12472,7070522
2021-07-17 15:00:00,3403,3555728,3537.0,3253772,300.0,268347.0,3703,3824075,3837,3522119,7240,7077762
2021-07-18 15:00:00,2300,3558028,2366.0,3256138,110.0,268457.0,2410,3826485,2476,3524595,4776,7082538
2021-07-19 15:00:00,5245,3563273,4463.0,3260601,377.0,268834.0,5622,3832107,4840,3529435,10085,7092623
2021-07-20 15:00:00,5328,3568601,4680.0,3265281,366.0,269200.0,5694,3837801,5046,3534481,10374,7102997
2021-07-21 15:00:00,5629,3574230,4902.0,3270183,415.0,269615.0,6044,3843845,5317,3539798,10946,7113943
2021-07-22 15:00:00,6012,3580242,4595.0,3274778,469.0,270084.0,6481,3850326,5064,3544862,11076,7125019
2021-07-23 15:00:00,6822,3587064,4812.0,3279590,489.0,270573.0,7311,3857637,5301,3550163,12123,7137142
2021-07-24 15:00:00,4275,3591339,3189.0,3282779,267.0,270840.0,4542,3862179,3456,3553619,7731,7144873
2021-07-25 15:00:00,3289,3594628,1108.0,3283887,138.0,270978.0,3427,3865606,1246,3554865,4535,7149408
2021-07-26 15:00:00,6196,3600824,3875.0,3287762,414.0,271392.0,6610,3872216,4289,3559154,10485,7159893
2021-07-27 15:00:00,6341,3607165,4041.0,3291803,453.0,271845.0,6794,3879010,4494,3563648,10835,7170728
2021-07-28 15:00:00,6798,3613963,3992.0,3295795,458.0,272303.0,7256,3886266,4450,3568098,11248,7181976
2021-07-29 15:00:00,6804,3620767,4128.0,3299923,416.0,272719.0,7220,3893486,4544,3572642,11348,7193324
2021-07-30 15:00:00,7525,3628292,4499.0,3304422,521.0,273240.0,8046,3901532,5020,3577662,12545,7205869
2021-07-31 15:00:00,4777,3633069,3033.0,3307455,272.0,273512.0,5049,3906581,3305,3580967,8082,7213951
2021-08-01 15:00:00,3808,3636877,2105.0,3309560,158.0,273670.0,3966,3910547,2263,3583230,6071,7220022
2021-08-02 15:00:00,7013,3643890,3627.0,3313187,335.0,274005.0,7348,3917895,3962,3587192,10975,7230997
2021-08-03 15:00:00,6998,3650888,3888.0,3317075,510.0,274515.0,7508,3925403,4398,3591590,11396,7242393
2021-08-04 15:00:00,7157,3658045,3885.0,3320960,528.0,275043.0,7685,3933088,4413,3596003,11570,7253963
2021-08-05 15:00:00,7665,3665710,4102.0,3325062,535.0,275578.0,8200,3941288,4637,3600640,12302,7266265
2021-08-06 15:00:00,8284,3673994,4677.0,3329739,451.0,276029.0,8735,3950023,5128,3605768,13412,7279677
2021-08-07 15:00:00,5246,3679240,2792.0,3332531,264.0,276293.0,5510,3955533,3056,3608824,8302,7287979
2021-08-08 15:00:00,3946,3683186,2036.0,3334567,141.0,276434.0,4087,3959620,2177,3611001,6123,7294102
2021-08-09 15:00:00,6913,3690099,4498.0,3339065,364.0,276798.0,7277,3966897,4862,3615863,11775,7305877
2021-08-10 15:00:00,7117,3697216,4430.0,3343495,337.0,277135.0,7454,3974351,4767,3620630,11884,7317761
2021-08-11 15:00:00,7028,3704244,4414.0,3347909,438.0,277573.0,7466,3981817,4852,3625482,11880,7329641
2021-08-12 15:00:00,8568,3712812,4709.0,3352618,441.0,278014.0,9009,3990826,5150,3630632,13718,7343359
2021-08-13 15:00:00,7111,3719923,5328.0,3357946,392.0,278406.0,7503,3998329,5720,3636352,12831,7356190
2021-08-14 15:00:00,4913,3724836,3329.0,3361275,285.0,278691.0,5198,4003527,3614,3639966,8527,7364717
2021-08-15 15:00:00,3318,3728154,2723.0,3363998,163.0,278854.0,3481,4007008,2886,3642852,6204,7370921
2021-08-16 15:00:00,5422,3733576,5065.0,3369063,349.0,279203.0,5771,4012779,5414,3648266,10836,7381757
2021-08-17 15:00:00,6948,3740524,5167.0,3374230,387.0,279590.0,7335,4020114,5554,3653820,12502,7394259
2021-08-18 15:00:00,6504,3747028,5278.0,3379508,476.0,280066.0,6980,4027094,5754,3659574,12258,7406517
2021-08-19 15:00:00,5977,3753005,5306.0,3384814,415.0,280481.0,6392,4033486,5721,3665295,11698,7418215
2021-08-20 15:00:00,7028,3760033,6303.0,3391117,402.0,280883.0,7430,4040916,6705,3672000,13733,7431948
2021-08-21 15:00:00,4311,3764344,3901.0,3395018,225.0,281108.0,4536,4045452,4126,3676126,8437,7440385
2021-08-22 15:00:00,3060,3767404,3154.0,3398172,109.0,281217.0,3169,4048621,3263,3679389,6323,7446708
2021-08-23 15:00:00,6158,3773562,5905.0,3404077,285.0,281502.0,6443,4055064,6190,3685579,12348,7459056
2021-08-24 15:00:00,6634,3780196,5859.0,3409936,424.0,281926.0,7058,4062122,6283,3691862,12917,7471973
2021-08-25 15:00:00,6889,3787085,5994.0,3415930,439.0,282365.0,7328,4069450,6433,3698295,13322,7485295
2021-08-26 15:00:00,7173,3794258,6410.0,3422340,428.0,282793.0,7601,4077051,6838,3705133,14011,7499306
2021-08-27 15:00:00,6858,3801116,7006.0,3429346,316.0,283109.0,7174,4084225,7322,3712455,14180,7513486
2021-08-28 15:00:00,6900,3808016,6479.0,3435825,326.0,283435.0,7226,4091451,6805,3719260,13705,7527191
2021-08-29 15:00:00,3738,3811754,3673.0,3439498,611.0,284046.0,4349,4095800,4284,3723544,8022,7535213
2021-08-30 15:00:00,5944,3817698,6078.0,3445576,960.0,285006.0,6904,4102704,7038,3730582,12982,7548195
2021-08-31 15:00:00,5692,3823390,5909.0,3451485,945.0,285951.0,6637,4109341,6854,3737436,12546,7560741
2021-09-01 15:00:00,5541,3828931,5566.0,3457051,906.0,286857.0,6447,4115788,6472,3743908,12013,7572754
2021-09-02 15:00:00,5526,3834457,5881.0,3462932,702.0,287559.0,6228,4122016,6583,3750491,12109,7584863
2021-09-03 15:00:00,5993,3840450,6872.0,3469804,971.0,288530.0,6964,4128980,7843,3758334,13836,7598699
2021-09-04 15:00:00,3711,3844161,4318.0,3474122,877.0,289407.0,4588,4133568,5195,3763529,8906,7607605
2021-09-05 15:00:00,2948,3847109,2792.0,3476914,105.0,289512.0,3053,4136621,2897,3766426,5845,7613450
2021-09-06 15:00:00,1052,3848161,1139.0,3478053,62.0,289574.0,1114,4137735,1201,3767627,2253,7615703
2021-09-07 15:00:00,5343,3853504,7242.0,3485295,2304.0,291878.0,7647,4145382,9546,3777173,14889,7630592
2021-09-08 15:00:00,4660,3858164,5431.0,3490726,364.0,292242.0,5024,4150406,5795,3782968,10455,7641047
2021-09-09 15:00:00,5070,3863234,5345.0,3496071,323.0,292565.0,5393,4155799,5668,3788636,10738,7651785
2021-09-10 15:00:00,6533,3869767,6579.0,3502650,1716.0,294281.0,8249,4164048,8295,3796931,14828,7666613
2021-09-11 15:00:00,4073,3873840,4314.0,3506964,663.0,294944.0,4736,4168784,4977,3801908,9050,7675663
2021-09-12 15:00:00,3155,3876995,3227.0,3510191,436.0,295380.0,3591,4172375,3663,3805571,6818,7682481
2021-09-13 15:00:00,4661,3881656,4831.0,3515022,345.0,295725.0,5006,4177381,5176,3810747,9837,7692318
2021-09-14 15:00:00,4576,3886232,5180.0,3520202,435.0,296160.0,5011,4182392,5615,3816362,10191,7702509
2021-09-15 15:00:00,4851,3891083,5584.0,3525786,387.0,296547.0,5238,4187630,5971,3822333,10822,7713331
2021-09-16 15:00:00,4585,3895668,5598.0,3531384,332.0,296879.0,4917,4192547,5930,3828263,10515,7723846
2021-09-17 15:00:00,5040,3900708,6323.0,3537707,341.0,297220.0,5381,4197928,6664,3834927,11704,7735550
2021-09-18 15:00:00,3772,3904480,4554.0,3542261,186.0,297406.0,3958,4201886,4740,3839667,8512,7744062
2021-09-19 15:00:00,2744,3907224,3153.0,3545414,75.0,297481.0,2819,4204705,3228,3842895,5972,7750034
2021-09-20 15:00:00,3543,3910767,4458.0,3549872,427.0,297908.0,3970,4208675,4885,3847780,8428,7758462
2021-09-21 15:00:00,3788,3914555,4804.0,3554676,325.0,298233.0,4113,4212788,5129,3852909,8917,7767379
2021-09-22 15:00:00,4190,3918745,4740.0,3559416,459.0,298692.0,4649,4217437,5199,3858108,9389,7776768
2021-09-23 15:00:00,4178,3922923,4686.0,3564102,489.0,299181.0,4667,4222104,5175,3863283,9353,7786121
2021-09-24 15:00:00,5067,3927990,5572.0,3569674,422.0,299603.0,5489,4227593,5994,3869277,11061,7797182
2021-09-25 15:00:00,3622,3931612,3623.0,3573297,385.0,299988.0,4007,4231600,4008,3873285,7630,7804812
2021-09-26 15:00:00,2353,3933965,2654.0,3575951,421.0,300409.0,2774,4234374,3075,3876360,5428,7810240
2021-09-27 15:00:00,4505,3938470,2680.0,3578631,508.0,300917.0,5013,4239387,3188,3879548,7693,7817933
2021-09-28 15:00:00,4402,3942872,4431.0,3583062,211.0,301128.0,4613,4244000,4642,3884190,9044,7826977
2021-09-29 15:00:00,4699,3947571,4484.0,3587546,918.0,302046.0,5617,4249617,5402,3889592,10101,7837078
2021-09-30 15:00:00,4886,3952457,4548.0,3592094,791.0,302837.0,5677,4255294,5339,3894931,10225,7847303
2021-10-01 15:00:00,5436,3957893,5273.0,3597367,778.0,303615.0,6214,4261508,6051,3900982,11487,7858790
2021-10-02 15:00:00,2936,3960829,2885.0,3600252,187.0,303802.0,3123,4264631,3072,3904054,6008,7864798
2021-10-03 15:00:00,2065,3962894,2295.0,3602547,86.0,303888.0,2151,4266782,2381,3906435,4446,7869244
2021-10-04 15:00:00,4143,3967037,3359.0,3605906,233.0,304121.0,4376,4271158,3592,3910027,7735,7876979
2021-10-05 15:00:00,4054,3971091,3563.0,3609469,204.0,304325.0,4258,4275416,3767,3913794,7821,7884800
2021-10-06 15:00:00,4115,3975206,3482.0,3612951,264.0,304589.0,4379,4279795,3746,3917540,7861,7892661
2021-10-07 15:00:00,4353,3979559,3490.0,3616441,330.0,304919.0,4683,4284478,3820,3921360,8173,7900834
2021-10-08 15:00:00,4930,3984489,4107.0,3620548,281.0,305200.0,5211,4289689,4388,3925748,9318,7910152
2021-10-09 15:00:00,2681,3987170,2666.0,3623214,270.0,305470.0,2951,4292640,2936,3928684,5617,7915769
2021-10-10 15:00:00,1863,3989033,1840.0,3625054,59.0,305529.0,1922,4294562,1899,3930583,3762,7919531
2021-10-11 15:00:00,4360,3993393,3184.0,3628238,248.0,305777.0,4608,4299170,3432,3934015,7792,7927323
2021-10-12 15:00:00,3732,3997125,3385.0,3631623,269.0,306046.0,4001,4303171,3654,3937669,7386,7934709
2021-10-13 15:00:00,3972,4001097,3429.0,3635052,347.0,306393.0,4319,4307490,3776,3941445,7748,7942457
2021-10-14 15:00:00,5158,4006255,5441.0,3640493,428.0,306821.0,5586,4313076,5869,3947314,11027,7953484
2021-10-15 15:00:00,4721,4010976,4549.0,3645042,347.0,307168.0,5068,4318144,4896,3952210,9617,7963101
2021-10-16 15:00:00,2499,4013475,2490.0,3647532,289.0,307457.0,2788,4320932,2779,3954989,5278,7968379
2021-10-17 15:00:00,1807,4015282,1771.0,3649303,55.0,307512.0,1862,4322794,1826,3956815,3633,7972012
2021-10-18 15:00:00,4294,4019576,3556.0,3652859,266.0,307778.0,4560,4327354,3822,3960637,8116,7980128
2021-10-19 15:00:00,4308,4023884,4012.0,3656871,222.0,308000.0,4530,4331884,4234,3964871,8542,7988670
2021-10-20 15:00:00,3528,4027412,3414.0,3660285,254.0,308254.0,3782,4335666,3668,3968539,7196,7995866
2021-10-21 15:00:00,3300,4030712,3244.0,3663529,290.0,308544.0,3590,4339256,3534,3972073,6834,8002700
2021-10-22 15:00:00,4696,4035408,4021.0,3667550,475.0,309019.0,5171,4344427,4496,3976569,9192,8011892
2021-10-23 15:00:00,2904,4038312,2123.0,3669673,321.0,309340.0,3225,4347652,2444,3979013,5348,8017240
2021-10-24 15:00:00,2063,4040375,1553.0,3671226,77.0,309417.0,2140,4349792,1630,3980643,3693,8020933
2021-10-25 15:00:00,4547,4044922,3089.0,3674315,316.0,309733.0,4863,4354655,3405,3984048,7952,8028885
2021-10-26 15:00:00,4515,4049437,3128.0,3677443,308.0,310041.0,4823,4359478,3436,3987484,7951,8036836
2021-10-27 15:00:00,4728,4054165,3352.0,3680795,428.0,310469.0,5156,4364634,3780,3991264,8508,8045344
2021-10-28 15:00:00,4544,4058709,3390.0,3684185,494.0,310963.0,5038,4369672,3884,3995148,8428,8053772
2021-10-29 15:00:00,4969,4063678,3902.0,3688087,391.0,311354.0,5360,4375032,4293,3999441,9262,8063034
2021-10-30 15:00:00,2631,4066309,1852.0,3689939,308.0,311662.0,2939,4377971,2160,4001601,4791,8067825
2021-10-31 15:00:00,1946,4068255,1502.0,3691441,94.0,311756.0,2040,4380011,1596,4003197,3542,8071367
2021-11-01 15:00:00,4615,4072870,3456.0,3694897,336.0,312092.0,4951,4384962,3792,4006989,8407,8079774
2021-11-02 15:00:00,4238,4077108,3007.0,3697904,397.0,312489.0,4635,4389597,3404,4010393,7642,8087416
2021-11-03 15:00:00,4609,4081717,3113.0,3701017,454.0,312943.0,5063,4394660,3567,4013960,8176,8095592
2021-11-04 15:00:00,6013,4087730,3392.0,3704409,510.0,313453.0,6523,4401183,3902,4017862,9915,8105507
2021-11-05 15:00:00,7836,4095566,3827.0,3708236,406.0,313859.0,8242,4409425,4233,4022095,12069,8117576
2021-11-06 15:00:00,9916,4105482,1972.0,3710208,303.0,314162.0,10219,4419644,2275,4024370,12191,8129767
2021-11-07 15:00:00,7486,4112968,1405.0,3711613,94.0,314256.0,7580,4427224,1499,4025869,8985,8138752
2021-11-08 15:00:00,11141,4124109,3081.0,3714694,374.0,314630.0,11515,4438739,3455,4029324,14596,8153348
2021-11-09 15:00:00,11520,4135629,2681.0,3717375,261.0,314891.0,11781,4450520,2942,4032266,14462,8167810
2021-11-10 15:00:00,12297,4147926,2769.0,3720144,328.0,315219.0,12625,4463145,3097,4035363,15394,8183204
2021-11-11 15:00:00,11032,4158958,2413.0,3722557,278.0,315497.0,11310,4474455,2691,4038054,13723,8196927
2021-11-12 15:00:00,12027,4170985,3410.0,3725967,539.0,316036.0,12566,4487021,3949,4042003,15976,8212903
2021-11-13 15:00:00,9587,4180572,1560.0,3727527,338.0,316374.0,9925,4496946,1898,4043901,11485,8224388
2021-11-14 15:00:00,3719,4184291,1116.0,3728643,117.0,316491.0,3836,4500782,1233,4045134,4952,8229340
2021-11-15 15:00:00,8336,4192627,2583.0,3731226,200.0,316691.0,8536,4509318,2783,4047917,11119,8240459
2021-11-16 15:00:00,8872,4201499,2560.0,3733786,248.0,316939.0,9120,4518438,2808,4050725,11680,8252139
2021-11-17 15:00:00,9093,4210592,2854.0,3736640,307.0,317246.0,9400,4527838,3161,4053886,12254,8264393
2021-11-18 15:00:00,8875,4219467,2667.0,3739307,475.0,317721.0,9350,4537188,3142,4057028,12017,8276410
2021-11-19 15:00:00,9454,4228921,2943.0,3742250,369.0,318090.0,9823,4547011,3312,4060340,12766,8289176
2021-11-20 15:00:00,10159,4239080,1554.0,3743804,437.0,318527.0,10596,4557607,1991,4062331,12150,8301326
2021-11-21 15:00:00,4104,4243184,1163.0,3744967,94.0,318621.0,4198,4561805,1257,4063588,5361,8306687
2021-11-22 15:00:00,9267,4252451,2483.0,3747450,274.0,318895.0,9541,4571346,2757,4066345,12024,8318711
2021-11-23 15:00:00,8399,4260850,2339.0,3749789,252.0,319147.0,8651,4579997,2591,4068936,10990,8329701
2021-11-24 15:00:00,3682,4264532,1254.0,3751043,128.0,319275.0,3810,4583807,1382,4070318,5064,8334765
