VACCINATION_DATE,FirstDailyDose,FirstDoseCumulative,SecondDailyDose,SecondDoseCumulative,SingleDailyDose,SingleDoseCumulative,AtleastOneVaccine,AtleastOneVaccineCumulative,CompletedVax,CompletedVaxCumulative,FirstSecondSingleVaccinations,FirstSecondSingleVaccinationsCumulative
2020-12-14 15:00:00,19,1478,,534,,,19,1478,0,534,19,1936
2020-12-15 15:00:00,62,1540,3.0,537,,,62,1540,3,537,65,2001
2020-12-16 15:00:00,597,2137,5.0,542,,,597,2137,5,542,602,2603
2020-12-17 15:00:00,1167,3304,8.0,550,,,1167,3304,8,550,1175,3778
2020-12-18 15:00:00,3031,6335,12.0,562,,,3031,6335,12,562,3043,6821
2020-12-19 15:00:00,930,7265,7.0,569,,,930,7265,7,569,937,7758
2020-12-20 15:00:00,369,7634,6.0,575,,,369,7634,6,575,375,8133
2020-12-21 15:00:00,3899,11533,26.0,601,,,3899,11533,26,601,3925,12058
2020-12-22 15:00:00,6327,17860,30.0,631,,,6327,17860,30,631,6357,18415
2020-12-23 15:00:00,5792,23652,39.0,670,,,5792,23652,39,670,5831,24246
2020-12-24 15:00:00,2729,26381,15.0,685,,,2729,26381,15,685,2744,26990
2020-12-25 15:00:00,1035,27416,4.0,689,,,1035,27416,4,689,1039,28029
2020-12-26 15:00:00,1886,29302,10.0,699,,,1886,29302,10,699,1896,29925
2020-12-27 15:00:00,1803,31105,12.0,711,,,1803,31105,12,711,1815,31740
2020-12-28 15:00:00,8993,40098,51.0,762,,,8993,40098,51,762,9044,40784
2020-12-29 15:00:00,10979,51077,53.0,815,,,10979,51077,53,815,11032,51816
2020-12-30 15:00:00,12507,63584,96.0,911,,,12507,63584,96,911,12603,64419
2020-12-31 15:00:00,7557,71141,49.0,960,,,7557,71141,49,960,7606,72025
2021-01-01 15:00:00,3388,74529,146.0,1106,,,3388,74529,146,1106,3534,75559
2021-01-02 15:00:00,3061,77590,34.0,1140,,,3061,77590,34,1140,3095,78654
2021-01-03 15:00:00,3416,81006,82.0,1222,,,3416,81006,82,1222,3498,82152
2021-01-04 15:00:00,13375,94381,342.0,1564,,,13375,94381,342,1564,13717,95869
2021-01-05 15:00:00,12497,106878,550.0,2114,,,12497,106878,550,2114,13047,108916
2021-01-06 15:00:00,15279,122157,870.0,2984,,,15279,122157,870,2984,16149,125065
2021-01-07 15:00:00,15051,137208,1788.0,4772,,,15051,137208,1788,4772,16839,141904
2021-01-08 15:00:00,24025,161233,2793.0,7565,,,24025,161233,2793,7565,26818,168722
2021-01-09 15:00:00,5183,166416,957.0,8522,,,5183,166416,957,8522,6140,174862
2021-01-10 15:00:00,2983,169399,387.0,8909,,,2983,169399,387,8909,3370,178232
2021-01-11 15:00:00,13745,183144,3486.0,12395,,,13745,183144,3486,12395,17231,195463
2021-01-12 15:00:00,17408,200552,5600.0,17995,,,17408,200552,5600,17995,23008,218471
2021-01-13 15:00:00,18633,219185,3937.0,21932,,,18633,219185,3937,21932,22570,241041
2021-01-14 15:00:00,17877,237062,1967.0,23899,,,17877,237062,1967,23899,19844,260885
2021-01-15 15:00:00,19505,256567,2039.0,25938,,,19505,256567,2039,25938,21544,282429
2021-01-16 15:00:00,5845,262412,1623.0,27561,,,5845,262412,1623,27561,7468,289897
2021-01-17 15:00:00,2128,264540,1480.0,29041,,,2128,264540,1480,29041,3608,293505
2021-01-18 15:00:00,7085,271625,3268.0,32309,,,7085,271625,3268,32309,10353,303858
2021-01-19 15:00:00,16962,288587,5417.0,37726,,,16962,288587,5417,37726,22379,326237
2021-01-20 15:00:00,21021,309608,5338.0,43064,,,21021,309608,5338,43064,26359,352596
2021-01-21 15:00:00,23832,333440,3870.0,46934,,,23832,333440,3870,46934,27702,380298
2021-01-22 15:00:00,28669,362109,3770.0,50704,,,28669,362109,3770,50704,32439,412737
2021-01-23 15:00:00,10132,372241,1949.0,52653,,,10132,372241,1949,52653,12081,424818
2021-01-24 15:00:00,3361,375602,1727.0,54380,,,3361,375602,1727,54380,5088,429906
2021-01-25 15:00:00,16311,391913,8622.0,63002,,,16311,391913,8622,63002,24933,454839
2021-01-26 15:00:00,17569,409482,8984.0,71986,,,17569,409482,8984,71986,26553,481392
2021-01-27 15:00:00,24446,433928,12579.0,84565,,,24446,433928,12579,84565,37025,518417
2021-01-28 15:00:00,22668,456596,9339.0,93904,,,22668,456596,9339,93904,32007,550424
2021-01-29 15:00:00,24792,481388,7942.0,101846,,,24792,481388,7942,101846,32734,583158
2021-01-30 15:00:00,17788,499176,2571.0,104417,,,17788,499176,2571,104417,20359,603517
2021-01-31 15:00:00,3765,502941,1375.0,105792,,,3765,502941,1375,105792,5140,608657
2021-02-01 15:00:00,8182,511123,5430.0,111222,,,8182,511123,5430,111222,13612,622269
2021-02-02 15:00:00,12528,523651,13839.0,125061,,,12528,523651,13839,125061,26367,648636
2021-02-03 15:00:00,18273,541924,18150.0,143211,,,18273,541924,18150,143211,36423,685059
2021-02-04 15:00:00,22150,564074,15807.0,159018,,,22150,564074,15807,159018,37957,723016
2021-02-05 15:00:00,20418,584492,17451.0,176469,,,20418,584492,17451,176469,37869,760885
2021-02-06 15:00:00,11382,595874,14540.0,191009,,,11382,595874,14540,191009,25922,786807
2021-02-07 15:00:00,5990,601864,1951.0,192960,,,5990,601864,1951,192960,7941,794748
2021-02-08 15:00:00,13019,614883,12985.0,205945,,,13019,614883,12985,205945,26004,820752
2021-02-09 15:00:00,16668,631551,13894.0,219839,,,16668,631551,13894,219839,30562,851314
2021-02-10 15:00:00,19335,650886,21326.0,241165,,,19335,650886,21326,241165,40661,891975
2021-02-11 15:00:00,22946,673832,17390.0,258555,,,22946,673832,17390,258555,40336,932311
2021-02-12 15:00:00,20445,694277,19681.0,278236,,,20445,694277,19681,278236,40126,972437
2021-02-13 15:00:00,11474,705751,6430.0,284666,,,11474,705751,6430,284666,17904,990341
2021-02-14 15:00:00,7122,712873,2140.0,286806,,,7122,712873,2140,286806,9262,999603
2021-02-15 15:00:00,11772,724645,13347.0,300153,,,11772,724645,13347,300153,25119,1024722
2021-02-16 15:00:00,16657,741302,21039.0,321192,,,16657,741302,21039,321192,37696,1062418
2021-02-17 15:00:00,20687,761989,26392.0,347584,,,20687,761989,26392,347584,47079,1109497
2021-02-18 15:00:00,3206,765195,4627.0,352211,,,3206,765195,4627,352211,7833,1117330
2021-02-19 15:00:00,10266,775461,19941.0,372152,,,10266,775461,19941,372152,30207,1147537
2021-02-20 15:00:00,10322,785783,20315.0,392467,,,10322,785783,20315,392467,30637,1178174
2021-02-21 15:00:00,6195,791978,7669.0,400136,,,6195,791978,7669,400136,13864,1192038
2021-02-22 15:00:00,8043,800021,15497.0,415633,,,8043,800021,15497,415633,23540,1215578
2021-02-23 15:00:00,15547,815568,15986.0,431619,,,15547,815568,15986,431619,31533,1247111
2021-02-24 15:00:00,17999,833567,24853.0,456472,,,17999,833567,24853,456472,42852,1289963
2021-02-25 15:00:00,20401,853968,26601.0,483073,,,20401,853968,26601,483073,47002,1336965
2021-02-26 15:00:00,26701,880669,26274.0,509347,,,26701,880669,26274,509347,52975,1389940
2021-02-27 15:00:00,16032,896701,11164.0,520511,,,16032,896701,11164,520511,27196,1417136
2021-02-28 15:00:00,15524,912225,4895.0,525406,,,15524,912225,4895,525406,20419,1437555
2021-03-01 15:00:00,27237,939462,12683.0,538089,,,27237,939462,12683,538089,39920,1477475
2021-03-02 15:00:00,24001,963463,13304.0,551393,38.0,38.0,24039,963501,13342,551431,37343,1514818
2021-03-03 15:00:00,30250,993713,18425.0,569818,192.0,230.0,30442,993943,18617,570048,48867,1563685
2021-03-04 15:00:00,31009,1024722,18264.0,588082,4068.0,4298.0,35077,1029020,22332,592380,53341,1617026
2021-03-05 15:00:00,30092,1054814,19782.0,607864,4912.0,9210.0,35004,1064024,24694,617074,54786,1671812
2021-03-06 15:00:00,19000,1073814,9538.0,617402,6009.0,15219.0,25009,1089033,15547,632621,34547,1706359
2021-03-07 15:00:00,12155,1085969,4928.0,622330,6606.0,21825.0,18761,1107794,11534,644155,23689,1730048
2021-03-08 15:00:00,25931,1111900,8864.0,631194,8273.0,30098.0,34204,1141998,17137,661292,43068,1773116
2021-03-09 15:00:00,26150,1138050,15504.0,646698,8344.0,38442.0,34494,1176492,23848,685140,49998,1823114
2021-03-10 15:00:00,29890,1167940,16055.0,662753,7936.0,46378.0,37826,1214318,23991,709131,53881,1876995
2021-03-11 15:00:00,36018,1203958,16427.0,679180,3982.0,50360.0,40000,1254318,20409,729540,56427,1933422
2021-03-12 15:00:00,36915,1240873,18164.0,697344,2928.0,53288.0,39843,1294161,21092,750632,58007,1991429
2021-03-13 15:00:00,22672,1263545,10342.0,707686,1630.0,54918.0,24302,1318463,11972,762604,34644,2026073
2021-03-14 15:00:00,17840,1281385,6738.0,714424,1010.0,55928.0,18850,1337313,7748,770352,25588,2051661
2021-03-15 15:00:00,29894,1311279,11369.0,725793,599.0,56527.0,30493,1367806,11968,782320,41862,2093523
2021-03-16 15:00:00,33485,1344764,13590.0,739383,770.0,57297.0,34255,1402061,14360,796680,47845,2141368
2021-03-17 15:00:00,37639,1382403,17084.0,756467,1182.0,58479.0,38821,1440882,18266,814946,55905,2197273
2021-03-18 15:00:00,41482,1423885,12702.0,769169,1354.0,59833.0,42836,1483718,14056,829002,55538,2252811
2021-03-19 15:00:00,38390,1462275,15448.0,784617,1046.0,60879.0,39436,1523154,16494,845496,54884,2307695
2021-03-20 15:00:00,24736,1487011,10236.0,794853,704.0,61583.0,25440,1548594,10940,856436,35676,2343371
2021-03-21 15:00:00,19199,1506210,7908.0,802761,342.0,61925.0,19541,1568135,8250,864686,27449,2370820
2021-03-22 15:00:00,32605,1538815,11520.0,814281,835.0,62760.0,33440,1601575,12355,877041,44960,2415780
2021-03-23 15:00:00,38409,1577224,17876.0,832157,1557.0,64317.0,39966,1641541,19433,896474,57842,2473622
2021-03-24 15:00:00,41092,1618316,21259.0,853416,1386.0,65703.0,42478,1684019,22645,919119,63737,2537359
2021-03-25 15:00:00,42921,1661237,21741.0,875157,2456.0,68159.0,45377,1729396,24197,943316,67118,2604477
2021-03-26 15:00:00,36387,1697624,26722.0,901879,2495.0,70654.0,38882,1768278,29217,972533,65604,2670081
2021-03-27 15:00:00,26475,1724099,17327.0,919206,2490.0,73144.0,28965,1797243,19817,992350,46292,2716373
2021-03-28 15:00:00,17011,1741110,12693.0,931899,1614.0,74758.0,18625,1815868,14307,1006657,31318,2747691
2021-03-29 15:00:00,29722,1770832,26392.0,958291,1141.0,75899.0,30863,1846731,27533,1034190,57255,2804946
2021-03-30 15:00:00,40063,1810895,29092.0,987383,1865.0,77764.0,41928,1888659,30957,1065147,71020,2875966
2021-03-31 15:00:00,41023,1851918,34758.0,1022141,5751.0,83515.0,46774,1935433,40509,1105656,81532,2957498
2021-04-01 15:00:00,42495,1894413,41196.0,1063337,5766.0,89281.0,48261,1983694,46962,1152618,89457,3046955
2021-04-02 15:00:00,34943,1929356,32740.0,1096077,6132.0,95413.0,41075,2024769,38872,1191490,73815,3120770
2021-04-03 15:00:00,21179,1950535,19239.0,1115316,4394.0,99807.0,25573,2050342,23633,1215123,44812,3165582
2021-04-04 15:00:00,8302,1958837,10224.0,1125540,968.0,100775.0,9270,2059612,11192,1226315,19494,3185076
2021-04-05 15:00:00,27968,1986805,28984.0,1154524,6663.0,107438.0,34631,2094243,35647,1261962,63615,3248691
2021-04-06 15:00:00,39800,2026605,30527.0,1185051,10503.0,117941.0,50303,2144546,41030,1302992,80830,3329521
2021-04-07 15:00:00,36115,2062720,34376.0,1219427,13002.0,130943.0,49117,2193663,47378,1350370,83493,3413014
2021-04-08 15:00:00,42365,2105085,36169.0,1255596,13871.0,144814.0,56236,2249899,50040,1400410,92405,3505419
2021-04-09 15:00:00,34097,2139182,36368.0,1291964,14532.0,159346.0,48629,2298528,50900,1451310,84997,3590416
2021-04-10 15:00:00,23502,2162684,23186.0,1315150,7640.0,166986.0,31142,2329670,30826,1482136,54328,3644744
2021-04-11 15:00:00,17586,2180270,13300.0,1328450,10121.0,177107.0,27707,2357377,23421,1505557,41007,3685751
2021-04-12 15:00:00,24609,2204879,33298.0,1361748,10907.0,188014.0,35516,2392893,44205,1549762,68814,3754565
2021-04-13 15:00:00,126171,2331050,91365.0,1453113,3293.0,191307.0,129464,2522357,94658,1644420,220829,3975394
2021-04-14 15:00:00,40742,2371792,37855.0,1490968,213.0,191520.0,40955,2563312,38068,1682488,78810,4054204
2021-04-15 15:00:00,41418,2413210,39590.0,1530558,176.0,191696.0,41594,2604906,39766,1722254,81184,4135388
2021-04-16 15:00:00,37149,2450359,38903.0,1569461,25.0,191721.0,37174,2642080,38928,1761182,76077,4211465
2021-04-17 15:00:00,32818,2483177,22044.0,1591505,13.0,191734.0,32831,2674911,22057,1783239,54875,4266340
2021-04-18 15:00:00,20062,2503239,16209.0,1607714,5.0,191739.0,20067,2694978,16214,1799453,36276,4302616
2021-04-19 15:00:00,29886,2533125,36562.0,1644276,61.0,191800.0,29947,2724925,36623,1836076,66509,4369125
2021-04-20 15:00:00,32937,2566062,44507.0,1688783,59.0,191859.0,32996,2757921,44566,1880642,77503,4446628
2021-04-21 15:00:00,39843,2605905,47093.0,1735876,26.0,191885.0,39869,2797790,47119,1927761,86962,4533590
2021-04-22 15:00:00,35862,2641767,42709.0,1778585,16.0,191901.0,35878,2833668,42725,1970486,78587,4612177
2021-04-23 15:00:00,33147,2674914,40177.0,1818762,14.0,191915.0,33161,2866829,40191,2010677,73338,4685515
2021-04-24 15:00:00,26422,2701336,27936.0,1846698,81.0,191996.0,26503,2893332,28017,2038694,54439,4739954
2021-04-25 15:00:00,20218,2721554,11002.0,1857700,31.0,192027.0,20249,2913581,11033,2049727,31251,4771205
2021-04-26 15:00:00,27382,2748936,32772.0,1890472,201.0,192228.0,27583,2941164,32973,2082700,60355,4831560
2021-04-27 15:00:00,26676,2775612,33114.0,1923586,1097.0,193325.0,27773,2968937,34211,2116911,60887,4892447
2021-04-28 15:00:00,28923,2804535,39571.0,1963157,1367.0,194692.0,30290,2999227,40938,2157849,69861,4962308
2021-04-29 15:00:00,27065,2831600,39787.0,2002944,1463.0,196155.0,28528,3027755,41250,2199099,68315,5030623
2021-04-30 15:00:00,28203,2859803,32315.0,2035259,1649.0,197804.0,29852,3057607,33964,2233063,62167,5092790
2021-05-01 15:00:00,20756,2880559,26809.0,2062068,1057.0,198861.0,21813,3079420,27866,2260929,48622,5141412
2021-05-02 15:00:00,10270,2890829,17087.0,2079155,823.0,199684.0,11093,3090513,17910,2278839,28180,5169592
2021-05-03 15:00:00,12723,2903552,28644.0,2107799,1917.0,201601.0,14640,3105153,30561,2309400,43284,5212876
2021-05-04 15:00:00,13558,2917110,38654.0,2146453,1742.0,203343.0,15300,3120453,40396,2349796,53954,5266830
2021-05-05 15:00:00,19319,2936429,37790.0,2184243,1921.0,205264.0,21240,3141693,39711,2389507,59030,5325860
2021-05-06 15:00:00,16931,2953360,40603.0,2224846,1721.0,206985.0,18652,3160345,42324,2431831,59255,5385115
2021-05-07 15:00:00,17587,2970947,37030.0,2261876,1960.0,208945.0,19547,3179892,38990,2470821,56577,5441692
2021-05-08 15:00:00,10797,2981744,31239.0,2293115,1292.0,210237.0,12089,3191981,32531,2503352,43328,5485020
2021-05-09 15:00:00,5078,2986822,12254.0,2305369,695.0,210932.0,5773,3197754,12949,2516301,18027,5503047
2021-05-10 15:00:00,8960,2995782,31061.0,2336430,1362.0,212294.0,10322,3208076,32423,2548724,41383,5544430
2021-05-11 15:00:00,12182,3007964,30302.0,2366732,1441.0,213735.0,13623,3221699,31743,2580467,43925,5588355
2021-05-12 15:00:00,13944,3021908,38643.0,2405375,1917.0,215652.0,15861,3237560,40560,2621027,54504,5642859
2021-05-13 15:00:00,21845,3043753,33527.0,2438902,1347.0,216999.0,23192,3260752,34874,2655901,56719,5699578
2021-05-14 15:00:00,24397,3068150,30073.0,2468975,1774.0,218773.0,26171,3286923,31847,2687748,56244,5755822
2021-05-15 15:00:00,21952,3090102,25126.0,2494101,1490.0,220263.0,23442,3310365,26616,2714364,48568,5804390
2021-05-16 15:00:00,9090,3099192,17582.0,2511683,1115.0,221378.0,10205,3320570,18697,2733061,27787,5832177
2021-05-17 15:00:00,16839,3116031,28417.0,2540100,1950.0,223328.0,18789,3339359,30367,2763428,47206,5879383
2021-05-18 15:00:00,21265,3137296,30700.0,2570800,1943.0,225271.0,23208,3362567,32643,2796071,53908,5933291
2021-05-19 15:00:00,27671,3164967,32446.0,2603246,1632.0,226903.0,29303,3391870,34078,2830149,61749,5995040
2021-05-20 15:00:00,20809,3185776,33286.0,2636532,1965.0,228868.0,22774,3414644,35251,2865400,56060,6051100
2021-05-21 15:00:00,19165,3204941,30369.0,2666901,1609.0,230477.0,20774,3435418,31978,2897378,51143,6102243
2021-05-22 15:00:00,16947,3221888,20701.0,2687602,1269.0,231746.0,18216,3453634,21970,2919348,38917,6141160
2021-05-23 15:00:00,8816,3230704,11453.0,2699055,965.0,232711.0,9781,3463415,12418,2931766,21234,6162394
2021-05-24 15:00:00,13574,3244278,17784.0,2716839,1473.0,234184.0,15047,3478462,19257,2951023,32831,6195225
2021-05-25 15:00:00,13076,3257354,18718.0,2735557,1328.0,235512.0,14404,3492866,20046,2971069,33122,6228347
2021-05-26 15:00:00,18368,3275722,19697.0,2755254,1512.0,237024.0,19880,3512746,21209,2992278,39577,6267924
2021-05-27 15:00:00,11696,3287418,18708.0,2773962,1117.0,238141.0,12813,3525559,19825,3012103,31521,6299445
2021-05-28 15:00:00,12418,3299836,19862.0,2793824,1402.0,239543.0,13820,3539379,21264,3033367,33682,6333127
2021-05-29 15:00:00,9515,3309351,11732.0,2805556,937.0,240480.0,10452,3549831,12669,3046036,22184,6355311
2021-05-30 15:00:00,4967,3314318,6440.0,2811996,596.0,241076.0,5563,3555394,7036,3053072,12003,6367314
2021-05-31 15:00:00,1780,3316098,3714.0,2815710,305.0,241381.0,2085,3557479,4019,3057091,5799,6373113
2021-06-01 15:00:00,9877,3325975,16492.0,2832202,1161.0,242542.0,11038,3568517,17653,3074744,27530,6400643
2021-06-02 15:00:00,10234,3336209,16826.0,2849028,961.0,243503.0,11195,3579712,17787,3092531,28021,6428664
2021-06-03 15:00:00,7898,3344107,21214.0,2870242,1089.0,244592.0,8987,3588699,22303,3114834,30201,6458865
2021-06-04 15:00:00,8198,3352305,22364.0,2892606,1120.0,245712.0,9318,3598017,23484,3138318,31682,6490547
2021-06-05 15:00:00,7000,3359305,19479.0,2912085,720.0,246432.0,7720,3605737,20199,3158517,27199,6517746
2021-06-06 15:00:00,3456,3362761,7259.0,2919344,426.0,246858.0,3882,3609619,7685,3166202,11141,6528887
2021-06-07 15:00:00,6860,3369621,15795.0,2935139,726.0,247584.0,7586,3617205,16521,3182723,23381,6552268
2021-06-08 15:00:00,6671,3376292,19742.0,2954881,831.0,248415.0,7502,3624707,20573,3203296,27244,6579512
2021-06-09 15:00:00,8203,3384495,23998.0,2978879,969.0,249384.0,9172,3633879,24967,3228263,33170,6612682
2021-06-10 15:00:00,7153,3391648,19143.0,2998022,895.0,250279.0,8048,3641927,20038,3248301,27191,6639873
2021-06-11 15:00:00,7492,3399140,17733.0,3015755,1125.0,251404.0,8617,3650544,18858,3267159,26350,6666223
2021-06-12 15:00:00,5241,3404381,14771.0,3030526,605.0,252009.0,5846,3656390,15376,3282535,20617,6686840
2021-06-13 15:00:00,1946,3406327,7634.0,3038160,427.0,252436.0,2373,3658763,8061,3290596,10007,6696847
2021-06-14 15:00:00,5656,3411983,11830.0,3049990,733.0,253169.0,6389,3665152,12563,3303159,18219,6715066
2021-06-15 15:00:00,5649,3417632,14345.0,3064335,873.0,254042.0,6522,3671674,15218,3318377,20867,6735933
2021-06-16 15:00:00,8726,3426358,21620.0,3085955,758.0,254800.0,9484,3681158,22378,3340755,31104,6767037
2021-06-17 15:00:00,6680,3433038,12381.0,3098336,720.0,255520.0,7400,3688558,13101,3353856,19781,6786818
2021-06-18 15:00:00,6833,3439871,12747.0,3111083,702.0,256222.0,7535,3696093,13449,3367305,20282,6807100
2021-06-19 15:00:00,4655,3444526,9389.0,3120472,614.0,256836.0,5269,3701362,10003,3377308,14658,6821758
2021-06-20 15:00:00,2507,3447033,5068.0,3125540,377.0,257213.0,2884,3704246,5445,3382753,7952,6829710
2021-06-21 15:00:00,5569,3452602,5340.0,3130880,636.0,257849.0,6205,3710451,5976,3388729,11545,6841255
2021-06-22 15:00:00,5347,3457949,9056.0,3139936,698.0,258547.0,6045,3716496,9754,3398483,15101,6856356
2021-06-23 15:00:00,6062,3464011,10357.0,3150293,645.0,259192.0,6707,3723203,11002,3409485,17064,6873420
2021-06-24 15:00:00,5929,3469940,8214.0,3158507,595.0,259787.0,6524,3729727,8809,3418294,14738,6888158
2021-06-25 15:00:00,5828,3475768,8671.0,3167178,619.0,260406.0,6447,3736174,9290,3427584,15118,6903276
2021-06-26 15:00:00,3707,3479475,6305.0,3173483,398.0,260804.0,4105,3740279,6703,3434287,10410,6913686
2021-06-27 15:00:00,2810,3482285,3524.0,3177007,185.0,260989.0,2995,3743274,3709,3437996,6519,6920205
2021-06-28 15:00:00,4925,3487210,6396.0,3183403,539.0,261528.0,5464,3748738,6935,3444931,11860,6932065
2021-06-29 15:00:00,5063,3492273,6484.0,3189887,523.0,262051.0,5586,3754324,7007,3451938,12070,6944135
2021-06-30 15:00:00,5630,3497903,7392.0,3197279,607.0,262658.0,6237,3760561,7999,3459937,13629,6957764
2021-07-01 15:00:00,5447,3503350,7004.0,3204283,505.0,263163.0,5952,3766513,7509,3467446,12956,6970720
2021-07-02 15:00:00,5298,3508648,6850.0,3211133,527.0,263690.0,5825,3772338,7377,3474823,12675,6983395
2021-07-03 15:00:00,3275,3511923,4071.0,3215204,264.0,263954.0,3539,3775877,4335,3479158,7610,6991005
2021-07-04 15:00:00,493,3512416,551.0,3215755,69.0,264023.0,562,3776439,620,3479778,1113,6992118
2021-07-05 15:00:00,3771,3516187,3953.0,3219708,287.0,264310.0,4058,3780497,4240,3484018,8011,7000129
2021-07-06 15:00:00,4497,3520684,6287.0,3225995,455.0,264765.0,4952,3785449,6742,3490760,11239,7011368
2021-07-07 15:00:00,4471,3525155,6419.0,3232414,483.0,265248.0,4954,3790403,6902,3497662,11373,7022741
2021-07-08 15:00:00,4836,3529991,6188.0,3238602,564.0,265812.0,5400,3795803,6752,3504414,11588,7034329
2021-07-09 15:00:00,5364,3535355,6680.0,3245282,573.0,266385.0,5937,3801740,7253,3511667,12617,7046946
2021-07-10 15:00:00,3523,3538878,4407.0,3249689,305.0,266690.0,3828,3805568,4712,3516379,8235,7055181
2021-07-11 15:00:00,2681,3541559,2577.0,3252266,227.0,266917.0,2908,3808476,2804,3519183,5485,7060666
2021-07-12 15:00:00,4426,3545985,5132.0,3257398,379.0,267296.0,4805,3813281,5511,3524694,9937,7070603
2021-07-13 15:00:00,4667,3550652,4728.0,3262126,366.0,267662.0,5033,3818314,5094,3529788,9761,7080364
2021-07-14 15:00:00,4626,3555278,5289.0,3267415,422.0,268084.0,5048,3823362,5711,3535499,10337,7090701
2021-07-15 15:00:00,4913,3560191,5021.0,3272436,358.0,268442.0,5271,3828633,5379,3540878,10292,7100993
2021-07-16 15:00:00,6274,3566465,5853.0,3278289,405.0,268847.0,6679,3835312,6258,3547136,12532,7113525
2021-07-17 15:00:00,3417,3569882,3555.0,3281844,303.0,269150.0,3720,3839032,3858,3550994,7275,7120800
2021-07-18 15:00:00,2311,3572193,2384.0,3284228,110.0,269260.0,2421,3841453,2494,3553488,4805,7125605
2021-07-19 15:00:00,5147,3577340,4616.0,3288844,383.0,269643.0,5530,3846983,4999,3558487,10146,7135751
2021-07-20 15:00:00,5346,3582686,4728.0,3293572,367.0,270010.0,5713,3852696,5095,3563582,10441,7146192
2021-07-21 15:00:00,5668,3588354,4957.0,3298529,416.0,270426.0,6084,3858780,5373,3568955,11041,7157233
2021-07-22 15:00:00,6033,3594387,4650.0,3303179,472.0,270898.0,6505,3865285,5122,3574077,11155,7168388
2021-07-23 15:00:00,6849,3601236,4851.0,3308030,499.0,271397.0,7348,3872633,5350,3579427,12199,7180587
2021-07-24 15:00:00,4284,3605520,3209.0,3311239,267.0,271664.0,4551,3877184,3476,3582903,7760,7188347
2021-07-25 15:00:00,3301,3608821,1122.0,3312361,140.0,271804.0,3441,3880625,1262,3584165,4563,7192910
2021-07-26 15:00:00,6221,3615042,3913.0,3316274,419.0,272223.0,6640,3887265,4332,3588497,10553,7203463
2021-07-27 15:00:00,6604,3621646,4295.0,3320569,458.0,272681.0,7062,3894327,4753,3593250,11357,7214820
2021-07-28 15:00:00,7091,3628737,4153.0,3324722,461.0,273142.0,7552,3901879,4614,3597864,11705,7226525
2021-07-29 15:00:00,7086,3635823,4313.0,3329035,419.0,273561.0,7505,3909384,4732,3602596,11818,7238343
2021-07-30 15:00:00,7827,3643650,4814.0,3333849,527.0,274088.0,8354,3917738,5341,3607937,13168,7251511
2021-07-31 15:00:00,4794,3648444,3083.0,3336932,274.0,274362.0,5068,3922806,3357,3611294,8151,7259662
2021-08-01 15:00:00,3913,3652357,2192.0,3339124,165.0,274527.0,4078,3926884,2357,3613651,6270,7265932
2021-08-02 15:00:00,7280,3659637,3852.0,3342976,342.0,274869.0,7622,3934506,4194,3617845,11474,7277406
2021-08-03 15:00:00,7276,3666913,4108.0,3347084,517.0,275386.0,7793,3942299,4625,3622470,11901,7289307
2021-08-04 15:00:00,7442,3674355,4128.0,3351212,536.0,275922.0,7978,3950277,4664,3627134,12106,7301413
2021-08-05 15:00:00,7965,3682320,4343.0,3355555,540.0,276462.0,8505,3958782,4883,3632017,12848,7314261
2021-08-06 15:00:00,8341,3690661,4743.0,3360298,454.0,276916.0,8795,3967577,5197,3637214,13538,7327799
2021-08-07 15:00:00,5305,3695966,2844.0,3363142,264.0,277180.0,5569,3973146,3108,3640322,8413,7336212
2021-08-08 15:00:00,3979,3699945,2063.0,3365205,146.0,277326.0,4125,3977271,2209,3642531,6188,7342400
2021-08-09 15:00:00,6960,3706905,4568.0,3369773,370.0,277696.0,7330,3984601,4938,3647469,11898,7354298
2021-08-10 15:00:00,7176,3714081,4498.0,3374271,340.0,278036.0,7516,3992117,4838,3652307,12014,7366312
2021-08-11 15:00:00,7107,3721188,4453.0,3378724,443.0,278479.0,7550,3999667,4896,3657203,12003,7378315
2021-08-12 15:00:00,8663,3729851,4769.0,3383493,445.0,278924.0,9108,4008775,5214,3662417,13877,7392192
2021-08-13 15:00:00,7182,3737033,5413.0,3388906,397.0,279321.0,7579,4016354,5810,3668227,12992,7405184
2021-08-14 15:00:00,4924,3741957,3349.0,3392255,285.0,279606.0,5209,4021563,3634,3671861,8558,7413742
2021-08-15 15:00:00,3328,3745285,2741.0,3394996,163.0,279769.0,3491,4025054,2904,3674765,6232,7419974
2021-08-16 15:00:00,5456,3750741,5094.0,3400090,354.0,280123.0,5810,4030864,5448,3680213,10904,7430878
2021-08-17 15:00:00,6822,3757563,5364.0,3405454,391.0,280514.0,7213,4038077,5755,3685968,12577,7443455
2021-08-18 15:00:00,6340,3763903,5515.0,3410969,481.0,280995.0,6821,4044898,5996,3691964,12336,7455791
2021-08-19 15:00:00,6232,3770135,5574.0,3416543,417.0,281412.0,6649,4051547,5991,3697955,12223,7468014
2021-08-20 15:00:00,6848,3776983,6559.0,3423102,401.0,281813.0,7249,4058796,6960,3704915,13808,7481822
2021-08-21 15:00:00,4342,3781325,3920.0,3427022,229.0,282042.0,4571,4063367,4149,3709064,8491,7490313
2021-08-22 15:00:00,3060,3784385,3170.0,3430192,110.0,282152.0,3170,4066537,3280,3712344,6340,7496653
2021-08-23 15:00:00,5998,3790383,6113.0,3436305,287.0,282439.0,6285,4072822,6400,3718744,12398,7509051
2021-08-24 15:00:00,6551,3796934,6079.0,3442384,425.0,282864.0,6976,4079798,6504,3725248,13055,7522106
2021-08-25 15:00:00,6731,3803665,6238.0,3448622,440.0,283304.0,7171,4086969,6678,3731926,13409,7535515
2021-08-26 15:00:00,6970,3810635,6663.0,3455285,428.0,283732.0,7398,4094367,7091,3739017,14061,7549576
2021-08-27 15:00:00,6835,3817470,7088.0,3462373,317.0,284049.0,7152,4101519,7405,3746422,14240,7563816
2021-08-28 15:00:00,6907,3824377,6529.0,3468902,326.0,284375.0,7233,4108752,6855,3753277,13762,7577578
2021-08-29 15:00:00,3739,3828116,3693.0,3472595,610.0,284985.0,4349,4113101,4303,3757580,8042,7585620
2021-08-30 15:00:00,5930,3834046,6136.0,3478731,960.0,285945.0,6890,4119991,7096,3764676,13026,7598646
2021-08-31 15:00:00,5903,3839949,6080.0,3484811,946.0,286891.0,6849,4126840,7026,3771702,12929,7611575
2021-09-01 15:00:00,5608,3845557,5732.0,3490543,918.0,287809.0,6526,4133366,6650,3778352,12258,7623833
2021-09-02 15:00:00,5525,3851082,5963.0,3496506,709.0,288518.0,6234,4139600,6672,3785024,12197,7636030
2021-09-03 15:00:00,6013,3857095,6948.0,3503454,977.0,289495.0,6990,4146590,7925,3792949,13938,7649968
2021-09-04 15:00:00,3733,3860828,4357.0,3507811,878.0,290373.0,4611,4151201,5235,3798184,8968,7658936
2021-09-05 15:00:00,2958,3863786,2813.0,3510624,106.0,290479.0,3064,4154265,2919,3801103,5877,7664813
2021-09-06 15:00:00,1059,3864845,1161.0,3511785,69.0,290548.0,1128,4155393,1230,3802333,2289,7667102
2021-09-07 15:00:00,5350,3870195,7305.0,3519090,2304.0,292852.0,7654,4163047,9609,3811942,14959,7682061
2021-09-08 15:00:00,4657,3874852,5492.0,3524582,364.0,293216.0,5021,4168068,5856,3817798,10513,7692574
2021-09-09 15:00:00,5021,3879873,5469.0,3530051,325.0,293541.0,5346,4173414,5794,3823592,10815,7703389
2021-09-10 15:00:00,6528,3886401,6673.0,3536724,1719.0,295260.0,8247,4181661,8392,3831984,14920,7718309
2021-09-11 15:00:00,4179,3890580,4348.0,3541072,666.0,295926.0,4845,4186506,5014,3836998,9193,7727502
2021-09-12 15:00:00,3172,3893752,3239.0,3544311,436.0,296362.0,3608,4190114,3675,3840673,6847,7734349
2021-09-13 15:00:00,4886,3898638,5075.0,3549386,347.0,296709.0,5233,4195347,5422,3846095,10308,7744657
2021-09-14 15:00:00,4777,3903415,5450.0,3554836,437.0,297146.0,5214,4200561,5887,3851982,10664,7755321
2021-09-15 15:00:00,5045,3908460,5892.0,3560728,392.0,297538.0,5437,4205998,6284,3858266,11329,7766650
2021-09-16 15:00:00,4811,3913271,5854.0,3566582,337.0,297875.0,5148,4211146,6191,3864457,11002,7777652
2021-09-17 15:00:00,5284,3918555,6586.0,3573168,344.0,298219.0,5628,4216774,6930,3871387,12214,7789866
2021-09-18 15:00:00,3823,3922378,4581.0,3577749,186.0,298405.0,4009,4220783,4767,3876154,8590,7798456
2021-09-19 15:00:00,2741,3925119,3177.0,3580926,75.0,298480.0,2816,4223599,3252,3879406,5993,7804449
2021-09-20 15:00:00,3752,3928871,4682.0,3585608,429.0,298909.0,4181,4227780,5111,3884517,8863,7813312
2021-09-21 15:00:00,4000,3932871,5015.0,3590623,327.0,299236.0,4327,4232107,5342,3889859,9342,7822654
2021-09-22 15:00:00,4190,3937061,4790.0,3595413,459.0,299695.0,4649,4236756,5249,3895108,9439,7832093
2021-09-23 15:00:00,4185,3941246,4732.0,3600145,492.0,300187.0,4677,4241433,5224,3900332,9409,7841502
2021-09-24 15:00:00,5090,3946336,5618.0,3605763,422.0,300609.0,5512,4246945,6040,3906372,11130,7852632
2021-09-25 15:00:00,3640,3949976,3630.0,3609393,384.0,300993.0,4024,4250969,4014,3910386,7654,7860286
2021-09-26 15:00:00,2348,3952324,2666.0,3612059,432.0,301425.0,2780,4253749,3098,3913484,5446,7865732
2021-09-27 15:00:00,4507,3956831,2711.0,3614770,512.0,301937.0,5019,4258768,3223,3916707,7730,7873462
2021-09-28 15:00:00,4406,3961237,4455.0,3619225,211.0,302148.0,4617,4263385,4666,3921373,9072,7882534
2021-09-29 15:00:00,4692,3965929,4522.0,3623747,920.0,303068.0,5612,4268997,5442,3926815,10134,7892668
2021-09-30 15:00:00,4892,3970821,4570.0,3628317,796.0,303864.0,5688,4274685,5366,3932181,10258,7902926
2021-10-01 15:00:00,5522,3976343,5357.0,3633674,785.0,304649.0,6307,4280992,6142,3938323,11664,7914590
2021-10-02 15:00:00,2946,3979289,2898.0,3636572,187.0,304836.0,3133,4284125,3085,3941408,6031,7920621
2021-10-03 15:00:00,2074,3981363,2379.0,3638951,86.0,304922.0,2160,4286285,2465,3943873,4539,7925160
2021-10-04 15:00:00,4027,3985390,3500.0,3642451,232.0,305154.0,4259,4290544,3732,3947605,7759,7932919
2021-10-05 15:00:00,3954,3989344,3662.0,3646113,207.0,305361.0,4161,4294705,3869,3951474,7823,7940742
2021-10-06 15:00:00,4023,3993367,3572.0,3649685,266.0,305627.0,4289,4298994,3838,3955312,7861,7948603
2021-10-07 15:00:00,4233,3997600,3629.0,3653314,332.0,305959.0,4565,4303559,3961,3959273,8194,7956797
2021-10-08 15:00:00,4776,4002376,4290.0,3657604,283.0,306242.0,5059,4308618,4573,3963846,9349,7966146
2021-10-09 15:00:00,2693,4005069,2678.0,3660282,270.0,306512.0,2963,4311581,2948,3966794,5641,7971787
2021-10-10 15:00:00,1860,4006929,1849.0,3662131,59.0,306571.0,1919,4313500,1908,3968702,3768,7975555
2021-10-11 15:00:00,4210,4011139,3313.0,3665444,250.0,306821.0,4460,4317960,3563,3972265,7773,7983328
2021-10-12 15:00:00,3601,4014740,3537.0,3668981,274.0,307095.0,3875,4321835,3811,3976076,7412,7990740
2021-10-13 15:00:00,3983,4018723,3458.0,3672439,346.0,307441.0,4329,4326164,3804,3979880,7787,7998527
2021-10-14 15:00:00,5165,4023888,5497.0,3677936,430.0,307871.0,5595,4331759,5927,3985807,11092,8009619
2021-10-15 15:00:00,4759,4028647,4605.0,3682541,347.0,308218.0,5106,4336865,4952,3990759,9711,8019330
2021-10-16 15:00:00,2495,4031142,2517.0,3685058,291.0,308509.0,2786,4339651,2808,3993567,5303,8024633
2021-10-17 15:00:00,1805,4032947,1774.0,3686832,55.0,308564.0,1860,4341511,1829,3995396,3634,8028267
2021-10-18 15:00:00,4280,4037227,3577.0,3690409,268.0,308832.0,4548,4346059,3845,3999241,8125,8036392
2021-10-19 15:00:00,4301,4041528,4007.0,3694416,223.0,309055.0,4524,4350583,4230,4003471,8531,8044923
2021-10-20 15:00:00,3541,4045069,3422.0,3697838,255.0,309310.0,3796,4354379,3677,4007148,7218,8052141
2021-10-21 15:00:00,3299,4048368,3275.0,3701113,291.0,309601.0,3590,4357969,3566,4010714,6865,8059006
2021-10-22 15:00:00,4683,4053051,4034.0,3705147,477.0,310078.0,5160,4363129,4511,4015225,9194,8068200
2021-10-23 15:00:00,2881,4055932,2115.0,3707262,321.0,310399.0,3202,4366331,2436,4017661,5317,8073517
2021-10-24 15:00:00,2055,4057987,1551.0,3708813,79.0,310478.0,2134,4368465,1630,4019291,3685,8077202
2021-10-25 15:00:00,4546,4062533,3068.0,3711881,320.0,310798.0,4866,4373331,3388,4022679,7934,8085136
2021-10-26 15:00:00,4514,4067047,3076.0,3714957,316.0,311114.0,4830,4378161,3392,4026071,7906,8093042
2021-10-27 15:00:00,4734,4071781,3338.0,3718295,436.0,311550.0,5170,4383331,3774,4029845,8508,8101550
2021-10-28 15:00:00,4569,4076350,3361.0,3721656,501.0,312051.0,5070,4388401,3862,4033707,8431,8109981
2021-10-29 15:00:00,4991,4081341,3919.0,3725575,395.0,312446.0,5386,4393787,4314,4038021,9305,8119286
2021-10-30 15:00:00,2629,4083970,1841.0,3727416,307.0,312753.0,2936,4396723,2148,4040169,4777,8124063
2021-10-31 15:00:00,1933,4085903,1518.0,3728934,93.0,312846.0,2026,4398749,1611,4041780,3544,8127607
2021-11-01 15:00:00,4728,4090631,3436.0,3732370,350.0,313196.0,5078,4403827,3786,4045566,8514,8136121
2021-11-02 15:00:00,4261,4094892,2942.0,3735312,409.0,313605.0,4670,4408497,3351,4048917,7612,8143733
2021-11-03 15:00:00,4666,4099558,3046.0,3738358,464.0,314069.0,5130,4413627,3510,4052427,8176,8151909
2021-11-04 15:00:00,6318,4105876,3367.0,3741725,512.0,314581.0,6830,4420457,3879,4056306,10197,8162106
2021-11-05 15:00:00,8244,4114120,3769.0,3745494,413.0,314994.0,8657,4429114,4182,4060488,12426,8174532
2021-11-06 15:00:00,10178,4124298,1971.0,3747465,308.0,315302.0,10486,4439600,2279,4062767,12457,8186989
2021-11-07 15:00:00,7717,4132015,1460.0,3748925,95.0,315397.0,7812,4447412,1555,4064322,9272,8196261
2021-11-08 15:00:00,11308,4143323,3048.0,3751973,379.0,315776.0,11687,4459099,3427,4067749,14735,8210996
2021-11-09 15:00:00,11763,4155086,2646.0,3754619,268.0,316044.0,12031,4471130,2914,4070663,14677,8225673
2021-11-10 15:00:00,12592,4167678,2761.0,3757380,339.0,316383.0,12931,4484061,3100,4073763,15692,8241365
2021-11-11 15:00:00,11373,4179051,2373.0,3759753,280.0,316663.0,11653,4495714,2653,4076416,14026,8255391
2021-11-12 15:00:00,12299,4191350,3359.0,3763112,548.0,317211.0,12847,4508561,3907,4080323,16206,8271597
2021-11-13 15:00:00,9900,4201250,1593.0,3764705,342.0,317553.0,10242,4518803,1935,4082258,11835,8283432
2021-11-14 15:00:00,4199,4205449,1114.0,3765819,121.0,317674.0,4320,4523123,1235,4083493,5434,8288866
2021-11-15 15:00:00,8631,4214080,2517.0,3768336,210.0,317884.0,8841,4531964,2727,4086220,11358,8300224
2021-11-16 15:00:00,9232,4223312,2505.0,3770841,257.0,318141.0,9489,4541453,2762,4088982,11994,8312218
2021-11-17 15:00:00,9389,4232701,2861.0,3773702,312.0,318453.0,9701,4551154,3173,4092155,12562,8324780
2021-11-18 15:00:00,9281,4241982,2622.0,3776324,481.0,318934.0,9762,4560916,3103,4095258,12384,8337164
2021-11-19 15:00:00,9809,4251791,2917.0,3779241,380.0,319314.0,10189,4571105,3297,4098555,13106,8350270
2021-11-20 15:00:00,10635,4262426,1603.0,3780844,455.0,319769.0,11090,4582195,2058,4100613,12693,8362963
2021-11-21 15:00:00,4341,4266767,1201.0,3782045,100.0,319869.0,4441,4586636,1301,4101914,5642,8368605
2021-11-22 15:00:00,9827,4276594,2502.0,3784547,293.0,320162.0,10120,4596756,2795,4104709,12622,8381227
2021-11-23 15:00:00,9216,4285810,2394.0,3786941,283.0,320445.0,9499,4606255,2677,4107386,11893,8393120
2021-11-24 15:00:00,8172,4293982,2435.0,3789376,216.0,320661.0,8388,4614643,2651,4110037,10823,8403943
2021-11-25 15:00:00,239,4294221,78.0,3789454,10.0,320671.0,249,4614892,88,4110125,327,8404270
2021-11-26 15:00:00,5647,4299868,3964.0,3793418,153.0,320824.0,5800,4620692,4117,4114242,9764,8414034
2021-11-27 15:00:00,3780,4303648,5481.0,3798899,134.0,320958.0,3914,4624606,5615,4119857,9395,8423429
2021-11-28 15:00:00,2413,4306061,6383.0,3805282,77.0,321035.0,2490,4627096,6460,4126317,8873,8432302
2021-11-29 15:00:00,6382,4312443,9300.0,3814582,379.0,321414.0,6761,4633857,9679,4135996,16061,8448363
2021-11-30 15:00:00,6258,4318701,9320.0,3823902,264.0,321678.0,6522,4640379,9584,4145580,15842,8464205
2021-12-01 15:00:00,7324,4326025,9732.0,3833634,309.0,321987.0,7633,4648012,10041,4155621,17365,8481570
2021-12-02 15:00:00,6929,4332954,8787.0,3842421,450.0,322437.0,7379,4655391,9237,4164858,16166,8497736
2021-12-03 15:00:00,7610,4340564,9268.0,3851689,251.0,322688.0,7861,4663252,9519,4174377,17129,8514865
2021-12-04 15:00:00,5949,4346513,10055.0,3861744,467.0,323155.0,6416,4669668,10522,4184899,16471,8531336
2021-12-05 15:00:00,3445,4349958,3548.0,3865292,78.0,323233.0,3523,4673191,3626,4188525,7071,8538407
2021-12-06 15:00:00,6769,4356727,7099.0,3872391,281.0,323514.0,7050,4680241,7380,4195905,14149,8552556
2021-12-07 15:00:00,6424,4363151,7044.0,3879435,250.0,323764.0,6674,4686915,7294,4203199,13718,8566274
2021-12-08 15:00:00,6943,4370094,7414.0,3886849,315.0,324079.0,7258,4694173,7729,4210928,14672,8580946
2021-12-09 15:00:00,6548,4376642,7028.0,3893877,398.0,324477.0,6946,4701119,7426,4218354,13974,8594920
2021-12-10 15:00:00,7291,4383933,7327.0,3901204,232.0,324709.0,7523,4708642,7559,4225913,14850,8609770
2021-12-11 15:00:00,4462,4388395,7679.0,3908883,333.0,325042.0,4795,4713437,8012,4233925,12474,8622244
2021-12-12 15:00:00,4002,4392397,2772.0,3911655,60.0,325102.0,4062,4717499,2832,4236757,6834,8629078
2021-12-13 15:00:00,5696,4398093,5768.0,3917423,243.0,325345.0,5939,4723438,6011,4242768,11707,8640785
2021-12-14 15:00:00,6466,4404559,5931.0,3923354,222.0,325567.0,6688,4730126,6153,4248921,12619,8653404
2021-12-15 15:00:00,7177,4411736,5723.0,3929077,258.0,325825.0,7435,4737561,5981,4254902,13158,8666562
2021-12-16 15:00:00,7898,4419634,2825.0,3931902,423.0,326248.0,8321,4745882,3248,4258150,11146,8677708
2021-12-17 15:00:00,7855,4427489,4163.0,3936065,195.0,326443.0,8050,4753932,4358,4262508,12213,8689921
2021-12-18 15:00:00,5844,4433333,3185.0,3939250,298.0,326741.0,6142,4760074,3483,4265991,9327,8699248
2021-12-19 15:00:00,3375,4436708,1342.0,3940592,37.0,326778.0,3412,4763486,1379,4267370,4754,8704002
2021-12-20 15:00:00,8100,4444808,3749.0,3944341,173.0,326951.0,8273,4771759,3922,4271292,12022,8716024
2021-12-21 15:00:00,8996,4453804,4166.0,3948507,175.0,327126.0,9171,4780930,4341,4275633,13337,8729361
2021-12-22 15:00:00,8702,4462506,3880.0,3952387,184.0,327310.0,8886,4789816,4064,4279697,12766,8742127
2021-12-23 15:00:00,8418,4470924,3575.0,3955962,359.0,327669.0,8777,4798593,3934,4283631,12352,8754479
2021-12-24 15:00:00,1636,4472560,1011.0,3956973,39.0,327708.0,1675,4800268,1050,4284681,2686,8757165
2021-12-25 15:00:00,47,4472607,36.0,3957009,1.0,327709.0,48,4800316,37,4284718,84,8757249
2021-12-26 15:00:00,2518,4475125,1745.0,3958754,44.0,327753.0,2562,4802878,1789,4286507,4307,8761556
2021-12-27 15:00:00,7221,4482346,4010.0,3962764,297.0,328050.0,7518,4810396,4307,4290814,11528,8773084
2021-12-28 15:00:00,7950,4490296,3861.0,3966625,178.0,328228.0,8128,4818524,4039,4294853,11989,8785073
2021-12-29 15:00:00,8247,4498543,4019.0,3970644,156.0,328384.0,8403,4826927,4175,4299028,12422,8797495
2021-12-30 15:00:00,7489,4506032,3794.0,3974438,290.0,328674.0,7779,4834706,4084,4303112,11573,8809068
2021-12-31 15:00:00,2579,4508611,1532.0,3975970,90.0,328764.0,2669,4837375,1622,4304734,4201,8813269
2022-01-01 15:00:00,738,4509349,349.0,3976319,34.0,328798.0,772,4838147,383,4305117,1121,8814390
2022-01-02 15:00:00,2216,4511565,1649.0,3977968,48.0,328846.0,2264,4840411,1697,4306814,3913,8818303
2022-01-03 15:00:00,3398,4514963,2068.0,3980036,222.0,329068.0,3620,4844031,2290,4309104,5688,8823991
2022-01-04 15:00:00,5857,4520820,3491.0,3983527,165.0,329233.0,6022,4850053,3656,4312760,9513,8833504
2022-01-05 15:00:00,6838,4527658,4698.0,3988225,175.0,329408.0,7013,4857066,4873,4317633,11711,8845215
2022-01-06 15:00:00,6784,4534442,4825.0,3993050,265.0,329673.0,7049,4864115,5090,4322723,11874,8857089
2022-01-07 15:00:00,6009,4540451,3788.0,3996838,162.0,329835.0,6171,4870286,3950,4326673,9959,8867048
2022-01-08 15:00:00,4810,4545261,3913.0,4000751,78.0,329913.0,4888,4875174,3991,4330664,8801,8875849
2022-01-09 15:00:00,2765,4548026,2017.0,4002768,154.0,330067.0,2919,4878093,2171,4332835,4936,8880785
2022-01-10 15:00:00,6358,4554384,3845.0,4006613,161.0,330228.0,6519,4884612,4006,4336841,10364,8891149
2022-01-11 15:00:00,6569,4560953,4262.0,4010875,142.0,330370.0,6711,4891323,4404,4341245,10973,8902122
2022-01-12 15:00:00,6831,4567784,4444.0,4015319,225.0,330595.0,7056,4898379,4669,4345914,11500,8913622
2022-01-13 15:00:00,6681,4574465,4387.0,4019706,153.0,330748.0,6834,4905213,4540,4350454,11221,8924843
2022-01-14 15:00:00,7237,4581702,3291.0,4022997,252.0,331000.0,7489,4912702,3543,4353997,10780,8935623
2022-01-15 15:00:00,4278,4585980,1696.0,4024693,71.0,331071.0,4349,4917051,1767,4355764,6045,8941668
2022-01-16 15:00:00,2219,4588199,1321.0,4026014,116.0,331187.0,2335,4919386,1437,4357201,3656,8945324
2022-01-17 15:00:00,3631,4591830,2370.0,4028384,74.0,331261.0,3705,4923091,2444,4359645,6075,8951399
2022-01-18 15:00:00,5303,4597133,4204.0,4032588,102.0,331363.0,5405,4928496,4306,4363951,9609,8961008
2022-01-19 15:00:00,5300,4602433,4480.0,4037068,99.0,331462.0,5399,4933895,4579,4368530,9879,8970887
2022-01-20 15:00:00,4532,4606965,3629.0,4040697,176.0,331638.0,4708,4938603,3805,4372335,8337,8979224
2022-01-21 15:00:00,5608,4612573,2938.0,4043635,126.0,331764.0,5734,4944337,3064,4375399,8672,8987896
2022-01-22 15:00:00,3465,4616038,1724.0,4045359,134.0,331898.0,3599,4947936,1858,4377257,5323,8993219
2022-01-23 15:00:00,2032,4618070,1493.0,4046852,30.0,331928.0,2062,4949998,1523,4378780,3555,8996774
2022-01-24 15:00:00,4126,4622196,2770.0,4049622,89.0,332017.0,4215,4954213,2859,4381639,6985,9003759
2022-01-25 15:00:00,3821,4626017,3315.0,4052937,95.0,332112.0,3916,4958129,3410,4385049,7231,9010990
2022-01-26 15:00:00,3882,4629899,3696.0,4056633,94.0,332206.0,3976,4962105,3790,4388839,7672,9018662
2022-01-27 15:00:00,3784,4633683,3924.0,4060557,187.0,332393.0,3971,4966076,4111,4392950,7895,9026557
2022-01-28 15:00:00,3863,4637546,3279.0,4063836,75.0,332468.0,3938,4970014,3354,4396304,7217,9033774
2022-01-29 15:00:00,2309,4639855,2295.0,4066131,117.0,332585.0,2426,4972440,2412,4398716,4721,9038495
2022-01-30 15:00:00,1564,4641419,1640.0,4067771,16.0,332601.0,1580,4974020,1656,4400372,3220,9041715
2022-01-31 15:00:00,3002,4644421,3238.0,4071009,58.0,332659.0,3060,4977080,3296,4403668,6298,9048013
2022-02-01 15:00:00,2650,4647071,3409.0,4074418,75.0,332734.0,2725,4979805,3484,4407152,6134,9054147
2022-02-02 15:00:00,2821,4649892,3722.0,4078140,77.0,332811.0,2898,4982703,3799,4410951,6620,9060767
2022-02-03 15:00:00,2764,4652656,3656.0,4081796,42.0,332853.0,2806,4985509,3698,4414649,6462,9067229
2022-02-04 15:00:00,2784,4655440,4378.0,4086174,128.0,332981.0,2912,4988421,4506,4419155,7290,9074519
2022-02-05 15:00:00,1926,4657366,2898.0,4089072,112.0,333093.0,2038,4990459,3010,4422165,4936,9079455
2022-02-06 15:00:00,1081,4658447,1351.0,4090423,24.0,333117.0,1105,4991564,1375,4423540,2456,9081911
2022-02-07 15:00:00,2070,4660517,2694.0,4093117,51.0,333168.0,2121,4993685,2745,4426285,4815,9086726
2022-02-08 15:00:00,2097,4662614,3088.0,4096205,63.0,333231.0,2160,4995845,3151,4429436,5248,9091974
2022-02-09 15:00:00,2209,4664823,3312.0,4099517,75.0,333306.0,2284,4998129,3387,4432823,5596,9097570
2022-02-10 15:00:00,2095,4666918,2868.0,4102385,55.0,333361.0,2150,5000279,2923,4435746,5018,9102588
2022-02-11 15:00:00,2473,4669391,3490.0,4105875,121.0,333482.0,2594,5002873,3611,4439357,6084,9108672
2022-02-12 15:00:00,1659,4671050,2276.0,4108151,97.0,333579.0,1756,5004629,2373,4441730,4032,9112704
2022-02-13 15:00:00,738,4671788,1085.0,4109236,17.0,333596.0,755,5005384,1102,4442832,1840,9114544
2022-02-14 15:00:00,1466,4673254,2239.0,4111475,65.0,333661.0,1531,5006915,2304,4445136,3770,9118314
2022-02-15 15:00:00,1942,4675196,2455.0,4113930,48.0,333709.0,1990,5008905,2503,4447639,4445,9122759
2022-02-16 15:00:00,1672,4676868,2418.0,4116348,52.0,333761.0,1724,5010629,2470,4450109,4142,9126901
2022-02-17 15:00:00,16855,4693723,13011.0,4129359,485.0,334246.0,17340,5027969,13496,4463605,30351,9157252
2022-02-18 15:00:00,1945,4695668,2517.0,4131876,49.0,334295.0,1994,5029963,2566,4466171,4511,9161763
2022-02-19 15:00:00,1215,4696883,1651.0,4133527,39.0,334334.0,1254,5031217,1690,4467861,2905,9164668
2022-02-20 15:00:00,703,4697586,833.0,4134360,15.0,334349.0,718,5031935,848,4468709,1551,9166219
2022-02-21 15:00:00,1256,4698842,1715.0,4136075,32.0,334381.0,1288,5033223,1747,4470456,3003,9169222
2022-02-22 15:00:00,747,4699589,1056.0,4137131,27.0,334408.0,774,5033997,1083,4471539,1830,9171052
