VACCINATION_DATE,FirstDailyDose,FirstDoseCumulative,SecondDailyDose,SecondDoseCumulative,SingleDailyDose,SingleDoseCumulative,AtleastOneVaccine,AtleastOneVaccineCumulative,CompletedVax,CompletedVaxCumulative,FirstSecondSingleVaccinations,FirstSecondSingleVaccinationsCumulative
2020-12-14 15:00:00,3,159,,45,,,3,159,0,45,3,179
2020-12-15 15:00:00,11,170,,45,,,11,170,0,45,11,190
2020-12-16 15:00:00,545,715,1.0,46,,,545,715,1,46,546,736
2020-12-17 15:00:00,1049,1764,,46,,,1049,1764,0,46,1049,1785
2020-12-18 15:00:00,2863,4627,1.0,47,,,2863,4627,1,47,2864,4649
2020-12-19 15:00:00,849,5476,1.0,48,,,849,5476,1,48,850,5499
2020-12-20 15:00:00,279,5755,,48,,,279,5755,0,48,279,5778
2020-12-21 15:00:00,3722,9477,1.0,49,,,3722,9477,1,49,3723,9501
2020-12-22 15:00:00,6181,15658,1.0,50,,,6181,15658,1,50,6182,15683
2020-12-23 15:00:00,5466,21124,5.0,55,,,5466,21124,5,55,5471,21154
2020-12-24 15:00:00,2638,23762,2.0,57,,,2638,23762,2,57,2640,23794
2020-12-25 15:00:00,1030,24792,1.0,58,,,1030,24792,1,58,1031,24825
2020-12-26 15:00:00,1651,26443,3.0,61,,,1651,26443,3,61,1654,26479
2020-12-27 15:00:00,1766,28209,3.0,64,,,1766,28209,3,64,1769,28248
2020-12-28 15:00:00,8602,36811,8.0,72,,,8602,36811,8,72,8610,36858
2020-12-29 15:00:00,10323,47134,6.0,78,,,10323,47134,6,78,10329,47187
2020-12-30 15:00:00,12168,59302,8.0,86,,,12168,59302,8,86,12176,59363
2020-12-31 15:00:00,7307,66609,7.0,93,,,7307,66609,7,93,7314,66677
2021-01-01 15:00:00,1553,68162,17.0,110,,,1553,68162,17,110,1570,68247
2021-01-02 15:00:00,2596,70758,23.0,133,,,2596,70758,23,133,2619,70866
2021-01-03 15:00:00,3161,73919,66.0,199,,,3161,73919,66,199,3227,74093
2021-01-04 15:00:00,12819,86738,248.0,447,,,12819,86738,248,447,13067,87160
2021-01-05 15:00:00,11685,98423,438.0,885,,,11685,98423,438,885,12123,99283
2021-01-06 15:00:00,14331,112754,768.0,1653,,,14331,112754,768,1653,15099,114382
2021-01-07 15:00:00,14599,127353,1587.0,3240,,,14599,127353,1587,3240,16186,130568
2021-01-08 15:00:00,23423,150776,2553.0,5793,,,23423,150776,2553,5793,25976,156544
2021-01-09 15:00:00,4795,155571,867.0,6660,,,4795,155571,867,6660,5662,162206
2021-01-10 15:00:00,2565,158136,329.0,6989,,,2565,158136,329,6989,2894,165100
2021-01-11 15:00:00,13289,171425,3252.0,10241,,,13289,171425,3252,10241,16541,181641
2021-01-12 15:00:00,16646,188071,5312.0,15553,,,16646,188071,5312,15553,21958,203599
2021-01-13 15:00:00,17843,205914,3630.0,19183,,,17843,205914,3630,19183,21473,225072
2021-01-14 15:00:00,17268,223182,1811.0,20994,,,17268,223182,1811,20994,19079,244151
2021-01-15 15:00:00,18885,242067,1786.0,22780,,,18885,242067,1786,22780,20671,264822
2021-01-16 15:00:00,5601,247668,1314.0,24094,,,5601,247668,1314,24094,6915,271737
2021-01-17 15:00:00,2031,249699,1323.0,25417,,,2031,249699,1323,25417,3354,275091
2021-01-18 15:00:00,7120,256819,2873.0,28290,,,7120,256819,2873,28290,9993,285084
2021-01-19 15:00:00,16281,273100,4625.0,32915,,,16281,273100,4625,32915,20906,305990
2021-01-20 15:00:00,20490,293590,4788.0,37703,,,20490,293590,4788,37703,25278,331268
2021-01-21 15:00:00,22836,316426,3182.0,40885,,,22836,316426,3182,40885,26018,357286
2021-01-22 15:00:00,28237,344663,3210.0,44095,,,28237,344663,3210,44095,31447,388733
2021-01-23 15:00:00,9451,354114,1488.0,45583,,,9451,354114,1488,45583,10939,399672
2021-01-24 15:00:00,3272,357386,1565.0,47148,,,3272,357386,1565,47148,4837,404509
2021-01-25 15:00:00,16182,373568,8104.0,55252,,,16182,373568,8104,55252,24286,428795
2021-01-26 15:00:00,17297,390865,8242.0,63494,,,17297,390865,8242,63494,25539,454334
2021-01-27 15:00:00,23975,414840,11896.0,75390,,,23975,414840,11896,75390,35871,490205
2021-01-28 15:00:00,22156,436996,8865.0,84255,,,22156,436996,8865,84255,31021,521226
2021-01-29 15:00:00,23675,460671,6721.0,90976,,,23675,460671,6721,90976,30396,551622
2021-01-30 15:00:00,17347,478018,2256.0,93232,,,17347,478018,2256,93232,19603,571225
2021-01-31 15:00:00,3654,481672,1200.0,94432,,,3654,481672,1200,94432,4854,576079
2021-02-01 15:00:00,6370,488042,4070.0,98502,,,6370,488042,4070,98502,10440,586519
2021-02-02 15:00:00,11710,499752,13045.0,111547,,,11710,499752,13045,111547,24755,611274
2021-02-03 15:00:00,17459,517211,17637.0,129184,,,17459,517211,17637,129184,35096,646370
2021-02-04 15:00:00,21463,538674,15081.0,144265,,,21463,538674,15081,144265,36544,682914
2021-02-05 15:00:00,19833,558507,16728.0,160993,,,19833,558507,16728,160993,36561,719475
2021-02-06 15:00:00,11026,569533,6045.0,167038,,,11026,569533,6045,167038,17071,736546
2021-02-07 15:00:00,5750,575283,1560.0,168598,,,5750,575283,1560,168598,7310,743856
2021-02-08 15:00:00,12557,587840,12334.0,180932,,,12557,587840,12334,180932,24891,768747
2021-02-09 15:00:00,16074,603914,13177.0,194109,,,16074,603914,13177,194109,29251,797998
2021-02-10 15:00:00,18880,622794,20616.0,214725,,,18880,622794,20616,214725,39496,837494
2021-02-11 15:00:00,22604,645398,16675.0,231400,,,22604,645398,16675,231400,39279,876773
2021-02-12 15:00:00,19737,665135,19017.0,250417,,,19737,665135,19017,250417,38754,915527
2021-02-13 15:00:00,10889,676024,5933.0,256350,,,10889,676024,5933,256350,16822,932349
2021-02-14 15:00:00,6892,682916,1934.0,258284,,,6892,682916,1934,258284,8826,941175
2021-02-15 15:00:00,11696,694612,12038.0,270322,,,11696,694612,12038,270322,23734,964909
2021-02-16 15:00:00,16486,711098,20393.0,290715,,,16486,711098,20393,290715,36879,1001788
2021-02-17 15:00:00,20502,731600,25618.0,316333,,,20502,731600,25618,316333,46120,1047908
2021-02-18 15:00:00,3323,734923,4175.0,320508,,,3323,734923,4175,320508,7498,1055406
2021-02-19 15:00:00,10758,745681,18822.0,339330,,,10758,745681,18822,339330,29580,1084986
2021-02-20 15:00:00,10051,755732,19679.0,359009,,,10051,755732,19679,359009,29730,1114716
2021-02-21 15:00:00,6045,761777,7202.0,366211,,,6045,761777,7202,366211,13247,1127963
2021-02-22 15:00:00,8099,769876,14815.0,381026,,,8099,769876,14815,381026,22914,1150877
2021-02-23 15:00:00,15446,785322,15256.0,396282,,,15446,785322,15256,396282,30702,1181579
2021-02-24 15:00:00,17775,803097,24136.0,420418,,,17775,803097,24136,420418,41911,1223490
2021-02-25 15:00:00,19983,823080,25810.0,446228,,,19983,823080,25810,446228,45793,1269283
2021-02-26 15:00:00,26186,849266,25297.0,471525,,,26186,849266,25297,471525,51483,1320766
2021-02-27 15:00:00,15737,865003,10659.0,482184,,,15737,865003,10659,482184,26396,1347162
2021-02-28 15:00:00,15389,880392,4355.0,486539,,,15389,880392,4355,486539,19744,1366906
2021-03-01 15:00:00,23994,904386,11214.0,497753,,,23994,904386,11214,497753,35208,1402114
2021-03-02 15:00:00,23214,927600,12718.0,510471,12.0,12.0,23226,927612,12730,510483,35944,1438058
2021-03-03 15:00:00,29103,956703,17723.0,528194,128.0,140.0,29231,956843,17851,528334,46954,1485012
2021-03-04 15:00:00,30370,987073,17492.0,545686,3574.0,3714.0,33944,990787,21066,549400,51436,1536448
2021-03-05 15:00:00,28352,1015425,18510.0,564196,4375.0,8089.0,32727,1023514,22885,572285,51237,1587685
2021-03-06 15:00:00,17514,1032939,8559.0,572755,5927.0,14016.0,23441,1046955,14486,586771,32000,1619685
2021-03-07 15:00:00,11892,1044831,4455.0,577210,6553.0,20569.0,18445,1065400,11008,597779,22900,1642585
2021-03-08 15:00:00,25226,1070057,8333.0,585543,8181.0,28750.0,33407,1098807,16514,614293,41740,1684325
2021-03-09 15:00:00,25474,1095531,14887.0,600430,8246.0,36996.0,33720,1132527,23133,637426,48607,1732932
2021-03-10 15:00:00,28916,1124447,15411.0,615841,7884.0,44880.0,36800,1169327,23295,660721,52211,1785143
2021-03-11 15:00:00,33253,1157700,15811.0,631652,3577.0,48457.0,36830,1206157,19388,680109,52641,1837784
2021-03-12 15:00:00,35610,1193310,16029.0,647681,2425.0,50882.0,38035,1244192,18454,698563,54064,1891848
2021-03-13 15:00:00,21284,1214594,8752.0,656433,1340.0,52222.0,22624,1266816,10092,708655,31376,1923224
2021-03-14 15:00:00,16246,1230840,5430.0,661863,793.0,53015.0,17039,1283855,6223,714878,22469,1945693
2021-03-15 15:00:00,28616,1259456,10362.0,672225,533.0,53548.0,29149,1313004,10895,725773,39511,1985204
2021-03-16 15:00:00,32675,1292131,13003.0,685228,757.0,54305.0,33432,1346436,13760,739533,46435,2031639
2021-03-17 15:00:00,36878,1329009,16344.0,701572,1134.0,55439.0,38012,1384448,17478,757011,54356,2085995
2021-03-18 15:00:00,40490,1369499,11678.0,713250,1142.0,56581.0,41632,1426080,12820,769831,53310,2139305
2021-03-19 15:00:00,37266,1406765,14725.0,727975,999.0,57580.0,38265,1464345,15724,785555,52990,2192295
2021-03-20 15:00:00,24046,1430811,9659.0,737634,651.0,58231.0,24697,1489042,10310,795865,34356,2226651
2021-03-21 15:00:00,18727,1449538,7288.0,744922,296.0,58527.0,19023,1508065,7584,803449,26311,2252962
2021-03-22 15:00:00,31929,1481467,10751.0,755673,814.0,59341.0,32743,1540808,11565,815014,43494,2296456
2021-03-23 15:00:00,37028,1518495,16495.0,772168,1501.0,60842.0,38529,1579337,17996,833010,55024,2351480
2021-03-24 15:00:00,40384,1558879,20211.0,792379,1303.0,62145.0,41687,1621024,21514,854524,61898,2413378
2021-03-25 15:00:00,41691,1600570,19869.0,812248,2348.0,64493.0,44039,1665063,22217,876741,63908,2477286
2021-03-26 15:00:00,36235,1636805,24979.0,837227,2442.0,66935.0,38677,1703740,27421,904162,63656,2540942
2021-03-27 15:00:00,26780,1663585,16319.0,853546,2371.0,69306.0,29151,1732891,18690,922852,45470,2586412
2021-03-28 15:00:00,16940,1680525,12207.0,865753,1604.0,70910.0,18544,1751435,13811,936663,30751,2617163
2021-03-29 15:00:00,29578,1710103,25347.0,891100,1097.0,72007.0,30675,1782110,26444,963107,56022,2673185
2021-03-30 15:00:00,39304,1749407,27870.0,918970,1738.0,73745.0,41042,1823152,29608,992715,68912,2742097
2021-03-31 15:00:00,40444,1789851,33451.0,952421,5686.0,79431.0,46130,1869282,39137,1031852,79581,2821678
2021-04-01 15:00:00,40212,1830063,35984.0,988405,5294.0,84725.0,45506,1914788,41278,1073130,81490,2903168
2021-04-02 15:00:00,34662,1864725,30795.0,1019200,5517.0,90242.0,40179,1954967,36312,1109442,70974,2974142
2021-04-03 15:00:00,21802,1886527,17622.0,1036822,4307.0,94549.0,26109,1981076,21929,1131371,43731,3017873
2021-04-04 15:00:00,8989,1895516,9116.0,1045938,904.0,95453.0,9893,1990969,10020,1141391,19009,3036882
2021-04-05 15:00:00,27899,1923415,27479.0,1073417,6525.0,101978.0,34424,2025393,34004,1175395,61903,3098785
2021-04-06 15:00:00,39448,1962863,29265.0,1102682,10278.0,112256.0,49726,2075119,39543,1214938,78991,3177776
2021-04-07 15:00:00,35405,1998268,32857.0,1135539,12482.0,124738.0,47887,2123006,45339,1260277,80744,3258520
2021-04-08 15:00:00,41692,2039960,35030.0,1170569,13423.0,138161.0,55115,2178121,48453,1308730,90145,3348665
2021-04-09 15:00:00,33424,2073384,35284.0,1205853,14210.0,152371.0,47634,2225755,49494,1358224,82918,3431583
2021-04-10 15:00:00,23077,2096461,22226.0,1228079,7254.0,159625.0,30331,2256086,29480,1387704,52557,3484140
2021-04-11 15:00:00,17795,2114256,12572.0,1240651,9922.0,169547.0,27717,2283803,22494,1410198,40289,3524429
2021-04-12 15:00:00,24366,2138622,31936.0,1272587,10547.0,180094.0,34913,2318716,42483,1452681,66849,3591278
2021-04-13 15:00:00,42188,2180810,35371.0,1307958,328.0,180422.0,42516,2361232,35699,1488380,77887,3669165
2021-04-14 15:00:00,39587,2220397,36693.0,1344651,198.0,180620.0,39785,2401017,36891,1525271,76478,3745643
2021-04-15 15:00:00,40161,2260558,37246.0,1381897,127.0,180747.0,40288,2441305,37373,1562644,77534,3823177
2021-04-16 15:00:00,35731,2296289,36804.0,1418701,8.0,180755.0,35739,2477044,36812,1599456,72543,3895720
2021-04-17 15:00:00,31113,2327402,20226.0,1438927,3.0,180758.0,31116,2508160,20229,1619685,51342,3947062
2021-04-18 15:00:00,19033,2346435,15694.0,1454621,2.0,180760.0,19035,2527195,15696,1635381,34729,3981791
2021-04-19 15:00:00,27880,2374315,33268.0,1487889,52.0,180812.0,27932,2555127,33320,1668701,61200,4042991
2021-04-20 15:00:00,28141,2402456,39437.0,1527326,31.0,180843.0,28172,2583299,39468,1708169,67609,4110600
2021-04-21 15:00:00,35715,2438171,41205.0,1568531,10.0,180853.0,35725,2619024,41215,1749384,76930,4187530
2021-04-22 15:00:00,34421,2472592,38135.0,1606666,6.0,180859.0,34427,2653451,38141,1787525,72562,4260092
2021-04-23 15:00:00,30308,2502900,37235.0,1643901,10.0,180869.0,30318,2683769,37245,1824770,67553,4327645
2021-04-24 15:00:00,25435,2528335,27157.0,1671058,68.0,180937.0,25503,2709272,27225,1851995,52660,4380305
2021-04-25 15:00:00,18806,2547141,8062.0,1679120,22.0,180959.0,18828,2728100,8084,1860079,26890,4407195
2021-04-26 15:00:00,20532,2567673,25600.0,1704720,160.0,181119.0,20692,2748792,25760,1885839,46292,4453487
2021-04-27 15:00:00,14428,2582101,20498.0,1725218,463.0,181582.0,14891,2763683,20961,1906800,35389,4488876