VACCINATION_DATE,FirstDailyDose,FirstDoseCumulative,SecondDailyDose,SecondDoseCumulative,SingleDailyDose,SingleDoseCumulative,AtleastOneVaccine,AtleastOneVaccineCumulative,CompletedVax,CompletedVaxCumulative,FirstSecondSingleVaccinations,FirstSecondSingleVaccinationsCumulative
2020-12-14 15:00:00,14,824,,338,,,14,824,0,338,14,1066
2020-12-15 15:00:00,39,863,2.0,340,,,39,863,2,340,41,1107
2020-12-16 15:00:00,568,1431,2.0,342,,,568,1431,2,342,570,1677
2020-12-17 15:00:00,1122,2553,2.0,344,,,1122,2553,2,344,1124,2801
2020-12-18 15:00:00,2988,5541,10.0,354,,,2988,5541,10,354,2998,5799
2020-12-19 15:00:00,916,6457,5.0,359,,,916,6457,5,359,921,6720
2020-12-20 15:00:00,321,6778,3.0,362,,,321,6778,3,362,324,7044
2020-12-21 15:00:00,3835,10613,14.0,376,,,3835,10613,14,376,3849,10893
2020-12-22 15:00:00,6305,16918,10.0,386,,,6305,16918,10,386,6315,17208
2020-12-23 15:00:00,5715,22633,23.0,409,,,5715,22633,23,409,5738,22946
2020-12-24 15:00:00,2706,25339,8.0,417,,,2706,25339,8,417,2714,25660
2020-12-25 15:00:00,1033,26372,3.0,420,,,1033,26372,3,420,1036,26696
2020-12-26 15:00:00,1856,28228,6.0,426,,,1856,28228,6,426,1862,28558
2020-12-27 15:00:00,1783,30011,9.0,435,,,1783,30011,9,435,1792,30350
2020-12-28 15:00:00,8911,38922,31.0,466,,,8911,38922,31,466,8942,39292
2020-12-29 15:00:00,10893,49815,29.0,495,,,10893,49815,29,495,10922,50214
2020-12-30 15:00:00,12420,62235,57.0,552,,,12420,62235,57,552,12477,62691
2020-12-31 15:00:00,7490,69725,27.0,579,,,7490,69725,27,579,7517,70208
2021-01-01 15:00:00,2323,72048,96.0,675,,,2323,72048,96,675,2419,72627
2021-01-02 15:00:00,2936,74984,32.0,707,,,2936,74984,32,707,2968,75595
2021-01-03 15:00:00,3350,78334,76.0,783,,,3350,78334,76,783,3426,79021
2021-01-04 15:00:00,13209,91543,301.0,1084,,,13209,91543,301,1084,13510,92531
2021-01-05 15:00:00,12339,103882,498.0,1582,,,12339,103882,498,1582,12837,105368
2021-01-06 15:00:00,15108,118990,818.0,2400,,,15108,118990,818,2400,15926,121294
2021-01-07 15:00:00,14909,133899,1704.0,4104,,,14909,133899,1704,4104,16613,137907
2021-01-08 15:00:00,23893,157792,2712.0,6816,,,23893,157792,2712,6816,26605,164512
2021-01-09 15:00:00,5099,162891,935.0,7751,,,5099,162891,935,7751,6034,170546
2021-01-10 15:00:00,2887,165778,362.0,8113,,,2887,165778,362,8113,3249,173795
2021-01-11 15:00:00,13637,179415,3389.0,11502,,,13637,179415,3389,11502,17026,190821
2021-01-12 15:00:00,17227,196642,5551.0,17053,,,17227,196642,5551,17053,22778,213599
2021-01-13 15:00:00,18456,215098,3836.0,20889,,,18456,215098,3836,20889,22292,235891
2021-01-14 15:00:00,17764,232862,1901.0,22790,,,17764,232862,1901,22790,19665,255556
2021-01-15 15:00:00,19410,252272,1927.0,24717,,,19410,252272,1927,24717,21337,276893
2021-01-16 15:00:00,5740,258012,1570.0,26287,,,5740,258012,1570,26287,7310,284203
2021-01-17 15:00:00,2085,260097,1460.0,27747,,,2085,260097,1460,27747,3545,287748
2021-01-18 15:00:00,7002,267099,3214.0,30961,,,7002,267099,3214,30961,10216,297964
2021-01-19 15:00:00,17115,284214,5296.0,36257,,,17115,284214,5296,36257,22411,320375
2021-01-20 15:00:00,21181,305395,5220.0,41477,,,21181,305395,5220,41477,26401,346776
2021-01-21 15:00:00,23743,329138,3643.0,45120,,,23743,329138,3643,45120,27386,374162
2021-01-22 15:00:00,28791,357929,3554.0,48674,,,28791,357929,3554,48674,32345,406507
2021-01-23 15:00:00,10002,367931,1889.0,50563,,,10002,367931,1889,50563,11891,418398
2021-01-24 15:00:00,3309,371240,1697.0,52260,,,3309,371240,1697,52260,5006,423404
2021-01-25 15:00:00,16576,387816,8469.0,60729,,,16576,387816,8469,60729,25045,448449
2021-01-26 15:00:00,17849,405665,8851.0,69580,,,17849,405665,8851,69580,26700,475149
2021-01-27 15:00:00,25009,430674,12343.0,81923,,,25009,430674,12343,81923,37352,512501
2021-01-28 15:00:00,23250,453924,9171.0,91094,,,23250,453924,9171,91094,32421,544922
2021-01-29 15:00:00,25479,479403,7757.0,98851,,,25479,479403,7757,98851,33236,578158
2021-01-30 15:00:00,18404,497807,2467.0,101318,,,18404,497807,2467,101318,20871,599029
2021-01-31 15:00:00,4107,501914,1277.0,102595,,,4107,501914,1277,102595,5384,604413
2021-02-01 15:00:00,7492,509406,4899.0,107494,,,7492,509406,4899,107494,12391,616804
2021-02-02 15:00:00,12749,522155,13669.0,121163,,,12749,522155,13669,121163,26418,643222
2021-02-03 15:00:00,18633,540788,18011.0,139174,,,18633,540788,18011,139174,36644,679866
2021-02-04 15:00:00,22415,563203,15664.0,154838,,,22415,563203,15664,154838,38079,717945
2021-02-05 15:00:00,20490,583693,17350.0,172188,,,20490,583693,17350,172188,37840,755785
2021-02-06 15:00:00,12093,595786,14363.0,186551,,,12093,595786,14363,186551,26456,782241
2021-02-07 15:00:00,5947,601733,1747.0,188298,,,5947,601733,1747,188298,7694,789935
2021-02-08 15:00:00,13250,614983,13058.0,201356,,,13250,614983,13058,201356,26308,816243
2021-02-09 15:00:00,16659,631642,13965.0,215321,,,16659,631642,13965,215321,30624,846867
2021-02-10 15:00:00,19241,650883,21339.0,236660,,,19241,650883,21339,236660,40580,887447
2021-02-11 15:00:00,22838,673721,17469.0,254129,,,22838,673721,17469,254129,40307,927754
2021-02-12 15:00:00,20344,694065,19808.0,273937,,,20344,694065,19808,273937,40152,967906
2021-02-13 15:00:00,11347,705412,6318.0,280255,,,11347,705412,6318,280255,17665,985571
2021-02-14 15:00:00,7066,712478,2057.0,282312,,,7066,712478,2057,282312,9123,994694
2021-02-15 15:00:00,11674,724152,13176.0,295488,,,11674,724152,13176,295488,24850,1019544
2021-02-16 15:00:00,16547,740699,21623.0,317111,,,16547,740699,21623,317111,38170,1057714
2021-02-17 15:00:00,20594,761293,27097.0,344208,,,20594,761293,27097,344208,47691,1105405
2021-02-18 15:00:00,3147,764440,4706.0,348914,,,3147,764440,4706,348914,7853,1113258
2021-02-19 15:00:00,10233,774673,20370.0,369284,,,10233,774673,20370,369284,30603,1143861
2021-02-20 15:00:00,10279,784952,20835.0,390119,,,10279,784952,20835,390119,31114,1174975
2021-02-21 15:00:00,6139,791091,7905.0,398024,,,6139,791091,7905,398024,14044,1189019
2021-02-22 15:00:00,8068,799159,15844.0,413868,,,8068,799159,15844,413868,23912,1212931
2021-02-23 15:00:00,15566,814725,16434.0,430302,,,15566,814725,16434,430302,32000,1244931
2021-02-24 15:00:00,17941,832666,25119.0,455421,,,17941,832666,25119,455421,43060,1287991
2021-02-25 15:00:00,20377,853043,26850.0,482271,,,20377,853043,26850,482271,47227,1335218
2021-02-26 15:00:00,26796,879839,26400.0,508671,,,26796,879839,26400,508671,53196,1388414
2021-02-27 15:00:00,16077,895916,11668.0,520339,,,16077,895916,11668,520339,27745,1416159
2021-02-28 15:00:00,15480,911396,4790.0,525129,,,15480,911396,4790,525129,20270,1436429
2021-03-01 15:00:00,25689,937085,12403.0,537532,,,25689,937085,12403,537532,38092,1474521
2021-03-02 15:00:00,23941,961026,13268.0,550800,29.0,29.0,23970,961055,13297,550829,37238,1511759
2021-03-03 15:00:00,30145,991171,18321.0,569121,169.0,198.0,30314,991369,18490,569319,48635,1560394
2021-03-04 15:00:00,31028,1022199,18076.0,587197,4060.0,4258.0,35088,1026457,22136,591455,53164,1613558
2021-03-05 15:00:00,29514,1051713,19315.0,606512,4901.0,9159.0,34415,1060872,24216,615671,53730,1667288
2021-03-06 15:00:00,17732,1069445,8887.0,615399,5985.0,15144.0,23717,1084589,14872,630543,32604,1699892
2021-03-07 15:00:00,12057,1081502,4774.0,620173,6610.0,21754.0,18667,1103256,11384,641927,23441,1723333
2021-03-08 15:00:00,26145,1107647,8706.0,628879,8283.0,30037.0,34428,1137684,16989,658916,43134,1766467
2021-03-09 15:00:00,26353,1134000,15333.0,644212,8340.0,38377.0,34693,1172377,23673,682589,50026,1816493
2021-03-10 15:00:00,30085,1164085,15853.0,660065,7937.0,46314.0,38022,1210399,23790,706379,53875,1870368
2021-03-11 15:00:00,36152,1200237,16352.0,676417,4033.0,50347.0,40185,1250584,20385,726764,56537,1926905
2021-03-12 15:00:00,37140,1237377,17958.0,694375,2917.0,53264.0,40057,1290641,20875,747639,58015,1984920
2021-03-13 15:00:00,22573,1259950,10182.0,704557,1598.0,54862.0,24171,1314812,11780,759419,34353,2019273
2021-03-14 15:00:00,17832,1277782,6637.0,711194,990.0,55852.0,18822,1333634,7627,767046,25459,2044732
2021-03-15 15:00:00,29946,1307728,11271.0,722465,594.0,56446.0,30540,1364174,11865,778911,41811,2086543
2021-03-16 15:00:00,33594,1341322,13494.0,735959,764.0,57210.0,34358,1398532,14258,793169,47852,2134395
2021-03-17 15:00:00,37701,1379023,16925.0,752884,1181.0,58391.0,38882,1437414,18106,811275,55807,2190202
2021-03-18 15:00:00,41438,1420461,12555.0,765439,1358.0,59749.0,42796,1480210,13913,825188,55351,2245553
2021-03-19 15:00:00,38262,1458723,15538.0,780977,1042.0,60791.0,39304,1519514,16580,841768,54842,2300395
2021-03-20 15:00:00,24491,1483214,9979.0,790956,1119.0,61910.0,25610,1545124,11098,852866,35589,2335984
2021-03-21 15:00:00,19112,1502326,7761.0,798717,327.0,62237.0,19439,1564563,8088,860954,27200,2363184
2021-03-22 15:00:00,32570,1534896,11573.0,810290,827.0,63064.0,33397,1597960,12400,873354,44970,2408154
2021-03-23 15:00:00,37775,1572671,17410.0,827700,1542.0,64606.0,39317,1637277,18952,892306,56727,2464881
2021-03-24 15:00:00,41155,1613826,21107.0,848807,1372.0,65978.0,42527,1679804,22479,914785,63634,2528515
2021-03-25 15:00:00,42460,1656286,20967.0,869774,2513.0,68491.0,44973,1724777,23480,938265,65940,2594455
2021-03-26 15:00:00,36598,1692884,26412.0,896186,2498.0,70989.0,39096,1763873,28910,967175,65508,2659963
2021-03-27 15:00:00,27830,1720714,16831.0,913017,2765.0,73754.0,30595,1794468,19596,986771,47426,2707389
2021-03-28 15:00:00,17006,1737720,12548.0,925565,1613.0,75367.0,18619,1813087,14161,1000932,31167,2738556
2021-03-29 15:00:00,29730,1767450,26465.0,952030,1134.0,76501.0,30864,1843951,27599,1028531,57329,2795885
2021-03-30 15:00:00,40060,1807510,29089.0,981119,1847.0,78348.0,41907,1885858,30936,1059467,70996,2866881
2021-03-31 15:00:00,41052,1848562,34787.0,1015906,5741.0,84089.0,46793,1932651,40528,1099995,81580,2948461
2021-04-01 15:00:00,40462,1889024,39578.0,1055484,5594.0,89683.0,46056,1978707,45172,1145167,85634,3034095
2021-04-02 15:00:00,34927,1923951,32665.0,1088149,6086.0,95769.0,41013,2019720,38751,1183918,73678,3107773
2021-04-03 15:00:00,21568,1945519,18596.0,1106745,4424.0,100193.0,25992,2045712,23020,1206938,44588,3152361
2021-04-04 15:00:00,8268,1953787,10126.0,1116871,957.0,101150.0,9225,2054937,11083,1218021,19351,3171712
2021-04-05 15:00:00,27942,1981729,29026.0,1145897,6632.0,107782.0,34574,2089511,35658,1253679,63600,3235312
2021-04-06 15:00:00,39872,2021601,30516.0,1176413,10470.0,118252.0,50342,2139853,40986,1294665,80858,3316170
2021-04-07 15:00:00,36157,2057758,34185.0,1210598,12940.0,131192.0,49097,2188950,47125,1341790,83282,3399452
2021-04-08 15:00:00,42412,2100170,36001.0,1246599,13855.0,145047.0,56267,2245217,49856,1391646,92268,3491720
2021-04-09 15:00:00,34103,2134273,36318.0,1282917,14490.0,159537.0,48593,2293810,50808,1442454,84911,3576631
2021-04-10 15:00:00,23999,2158272,22973.0,1305890,7619.0,167156.0,31618,2325428,30592,1473046,54591,3631222
2021-04-11 15:00:00,17548,2175820,13238.0,1319128,10620.0,177776.0,28168,2353596,23858,1496904,41406,3672628
2021-04-12 15:00:00,24689,2200509,33112.0,1352240,10933.0,188709.0,35622,2389218,44045,1540949,68734,3741362
2021-04-13 15:00:00,126924,2327433,90637.0,1442877,3292.0,192001.0,130216,2519434,93929,1634878,220853,3962215
2021-04-14 15:00:00,40820,2368253,37819.0,1480696,207.0,192208.0,41027,2560461,38026,1672904,78846,4041061
2021-04-15 15:00:00,41841,2410094,39181.0,1519877,169.0,192377.0,42010,2602471,39350,1712254,81191,4122252
2021-04-16 15:00:00,37359,2447453,38711.0,1558588,22.0,192399.0,37381,2639852,38733,1750987,76092,4198344
2021-04-17 15:00:00,32987,2480440,21916.0,1580504,11.0,192410.0,32998,2672850,21927,1772914,54914,4253258
2021-04-18 15:00:00,20012,2500452,16126.0,1596630,4.0,192414.0,20016,2692866,16130,1789044,36142,4289400
2021-04-19 15:00:00,29949,2530401,36508.0,1633138,61.0,192475.0,30010,2722876,36569,1825613,66518,4355918
2021-04-20 15:00:00,33099,2563500,44066.0,1677204,54.0,192529.0,33153,2756029,44120,1869733,77219,4433137
2021-04-21 15:00:00,39802,2603302,46836.0,1724040,21.0,192550.0,39823,2795852,46857,1916590,86659,4519796
2021-04-22 15:00:00,36405,2639707,41867.0,1765907,16.0,192566.0,36421,2832273,41883,1958473,78288,4598084
2021-04-23 15:00:00,33137,2672844,39938.0,1805845,12.0,192578.0,33149,2865422,39950,1998423,73087,4671171
2021-04-24 15:00:00,26352,2699196,28559.0,1834404,80.0,192658.0,26432,2891854,28639,2027062,54991,4726162
2021-04-25 15:00:00,20199,2719395,10882.0,1845286,30.0,192688.0,20229,2912083,10912,2037974,31111,4757273
2021-04-26 15:00:00,27408,2746803,32707.0,1877993,203.0,192891.0,27611,2939694,32910,2070884,60318,4817591
2021-04-27 15:00:00,26711,2773514,32986.0,1910979,1094.0,193985.0,27805,2967499,34080,2104964,60791,4878382
2021-04-28 15:00:00,28977,2802491,39465.0,1950444,1359.0,195344.0,30336,2997835,40824,2145788,69801,4948183
2021-04-29 15:00:00,27381,2829872,39363.0,1989807,1463.0,196807.0,28844,3026679,40826,2186614,68207,5016390
2021-04-30 15:00:00,28227,2858099,32061.0,2021868,1639.0,198446.0,29866,3056545,33700,2220314,61927,5078317
2021-05-01 15:00:00,20242,2878341,26584.0,2048452,1011.0,199457.0,21253,3077798,27595,2247909,47837,5126154
2021-05-02 15:00:00,10253,2888594,16981.0,2065433,818.0,200275.0,11071,3088869,17799,2265708,28052,5154206
2021-05-03 15:00:00,13059,2901653,29702.0,2095135,1914.0,202189.0,14973,3103842,31616,2297324,44675,5198881
2021-05-04 15:00:00,14216,2915869,39485.0,2134620,1732.0,203921.0,15948,3119790,41217,2338541,55433,5254314
2021-05-05 15:00:00,19312,2935181,37729.0,2172349,1916.0,205837.0,21228,3141018,39645,2378186,58957,5313271
2021-05-06 15:00:00,16980,2952161,40535.0,2212884,1710.0,207547.0,18690,3159708,42245,2420431,59225,5372496
2021-05-07 15:00:00,17407,2969568,35991.0,2248875,1952.0,209499.0,19359,3179067,37943,2458374,55350,5427846
2021-05-08 15:00:00,10779,2980347,31118.0,2279993,1291.0,210790.0,12070,3191137,32409,2490783,43188,5471034
2021-05-09 15:00:00,5053,2985400,11854.0,2291847,695.0,211485.0,5748,3196885,12549,2503332,17602,5488636
2021-05-10 15:00:00,8937,2994337,31091.0,2322938,1357.0,212842.0,10294,3207179,32448,2535780,41385,5530021
2021-05-11 15:00:00,12184,3006521,30268.0,2353206,1443.0,214285.0,13627,3220806,31711,2567491,43895,5573916
2021-05-12 15:00:00,13914,3020435,38521.0,2391727,1909.0,216194.0,15823,3236629,40430,2607921,54344,5628260
2021-05-13 15:00:00,21808,3042243,33368.0,2425095,1353.0,217547.0,23161,3259790,34721,2642642,56529,5684789
2021-05-14 15:00:00,24315,3066558,29946.0,2455041,1770.0,219317.0,26085,3285875,31716,2674358,56031,5740820
2021-05-15 15:00:00,21841,3088399,24983.0,2480024,1532.0,220849.0,23373,3309248,26515,2700873,48356,5789176
2021-05-16 15:00:00,9050,3097449,17498.0,2497522,1114.0,221963.0,10164,3319412,18612,2719485,27662,5816838
2021-05-17 15:00:00,16842,3114291,28344.0,2525866,1948.0,223911.0,18790,3338202,30292,2749777,47134,5863972
2021-05-18 15:00:00,21250,3135541,30669.0,2556535,1944.0,225855.0,23194,3361396,32613,2782390,53863,5917835
2021-05-19 15:00:00,27573,3163114,32340.0,2588875,1622.0,227477.0,29195,3390591,33962,2816352,61535,5979370
2021-05-20 15:00:00,20777,3183891,33238.0,2622113,1962.0,229439.0,22739,3413330,35200,2851552,55977,6035347
2021-05-21 15:00:00,19133,3203024,30200.0,2652313,1612.0,231051.0,20745,3434075,31812,2883364,50945,6086292
2021-05-22 15:00:00,16874,3219898,20585.0,2672898,1270.0,232321.0,18144,3452219,21855,2905219,38729,6125021
2021-05-23 15:00:00,8737,3228635,11401.0,2684299,960.0,233281.0,9697,3461916,12361,2917580,21098,6146119
2021-05-24 15:00:00,13455,3242090,17843.0,2702142,1480.0,234761.0,14935,3476851,19323,2936903,32778,6178897
2021-05-25 15:00:00,12883,3254973,18765.0,2720907,1328.0,236089.0,14211,3491062,20093,2956996,32976,6211873
2021-05-26 15:00:00,18253,3273226,19420.0,2740327,1509.0,237598.0,19762,3510824,20929,2977925,39182,6251055
2021-05-27 15:00:00,11672,3284898,18612.0,2758939,1132.0,238730.0,12804,3523628,19744,2997669,31416,6282471
2021-05-28 15:00:00,12471,3297369,19719.0,2778658,1401.0,240131.0,13872,3537500,21120,3018789,33591,6316062
2021-05-29 15:00:00,9537,3306906,11606.0,2790264,936.0,241067.0,10473,3547973,12542,3031331,22079,6338141
2021-05-30 15:00:00,4888,3311794,6464.0,2796728,596.0,241663.0,5484,3553457,7060,3038391,11948,6350089
2021-05-31 15:00:00,1768,3313562,3681.0,2800409,305.0,241968.0,2073,3555530,3986,3042377,5754,6355843
2021-06-01 15:00:00,9348,3322910,16544.0,2816953,1141.0,243109.0,10489,3566019,17685,3060062,27033,6382876
2021-06-02 15:00:00,10133,3333043,16787.0,2833740,959.0,244068.0,11092,3577111,17746,3077808,27879,6410755
2021-06-03 15:00:00,7887,3340930,21148.0,2854888,1083.0,245151.0,8970,3586081,22231,3100039,30118,6440873
2021-06-04 15:00:00,8215,3349145,22149.0,2877037,1125.0,246276.0,9340,3595421,23274,3123313,31489,6472362
2021-06-05 15:00:00,6987,3356132,19359.0,2896396,718.0,246994.0,7705,3603126,20077,3143390,27064,6499426
2021-06-06 15:00:00,3471,3359603,7168.0,2903564,418.0,247412.0,3889,3607015,7586,3150976,11057,6510483
2021-06-07 15:00:00,6821,3366424,15705.0,2919269,725.0,248137.0,7546,3614561,16430,3167406,23251,6533734
2021-06-08 15:00:00,6681,3373105,19680.0,2938949,816.0,248953.0,7497,3622058,20496,3187902,27177,6560911
2021-06-09 15:00:00,8199,3381304,23827.0,2962776,968.0,249921.0,9167,3631225,24795,3212697,32994,6593905
2021-06-10 15:00:00,7163,3388467,19056.0,2981832,897.0,250818.0,8060,3639285,19953,3232650,27116,6621021
2021-06-11 15:00:00,7437,3395904,17649.0,2999481,1124.0,251942.0,8561,3647846,18773,3251423,26210,6647231
2021-06-12 15:00:00,5231,3401135,14672.0,3014153,602.0,252544.0,5833,3653679,15274,3266697,20505,6667736
2021-06-13 15:00:00,1927,3403062,7549.0,3021702,426.0,252970.0,2353,3656032,7975,3274672,9902,6677638
2021-06-14 15:00:00,5650,3408712,11770.0,3033472,726.0,253696.0,6376,3662408,12496,3287168,18146,6695784
2021-06-15 15:00:00,5630,3414342,14293.0,3047765,859.0,254555.0,6489,3668897,15152,3302320,20782,6716566
2021-06-16 15:00:00,8710,3423052,21480.0,3069245,752.0,255307.0,9462,3678359,22232,3324552,30942,6747508
2021-06-17 15:00:00,6660,3429712,12352.0,3081597,720.0,256027.0,7380,3685739,13072,3337624,19732,6767240
2021-06-18 15:00:00,6828,3436540,12629.0,3094226,694.0,256721.0,7522,3693261,13323,3350947,20151,6787391
2021-06-19 15:00:00,4655,3441195,9340.0,3103566,614.0,257335.0,5269,3698530,9954,3360901,14609,6802000
2021-06-20 15:00:00,2497,3443692,5019.0,3108585,377.0,257712.0,2874,3701404,5396,3366297,7893,6809893
2021-06-21 15:00:00,5536,3449228,5295.0,3113880,634.0,258346.0,6170,3707574,5929,3372226,11465,6821358
2021-06-22 15:00:00,5192,3454420,8836.0,3122716,681.0,259027.0,5873,3713447,9517,3381743,14709,6836067
2021-06-23 15:00:00,6047,3460467,10255.0,3132971,641.0,259668.0,6688,3720135,10896,3392639,16943,6853010
2021-06-24 15:00:00,5916,3466383,8166.0,3141137,590.0,260258.0,6506,3726641,8756,3401395,14672,6867682
2021-06-25 15:00:00,5805,3472188,8577.0,3149714,620.0,260878.0,6425,3733066,9197,3410592,15002,6882684
2021-06-26 15:00:00,3697,3475885,6258.0,3155972,393.0,261271.0,4090,3737156,6651,3417243,10348,6893032
2021-06-27 15:00:00,2789,3478674,3526.0,3159498,182.0,261453.0,2971,3740127,3708,3420951,6497,6899529
2021-06-28 15:00:00,4722,3483396,6077.0,3165575,521.0,261974.0,5243,3745370,6598,3427549,11320,6910849
2021-06-29 15:00:00,5051,3488447,6483.0,3172058,517.0,262491.0,5568,3750938,7000,3434549,12051,6922900
2021-06-30 15:00:00,5584,3494031,7386.0,3179444,603.0,263094.0,6187,3757125,7989,3442538,13573,6936473
2021-07-01 15:00:00,5255,3499286,6898.0,3186342,485.0,263579.0,5740,3762865,7383,3449921,12638,6949111
2021-07-02 15:00:00,5255,3504541,6812.0,3193154,515.0,264094.0,5770,3768635,7327,3457248,12582,6961693
2021-07-03 15:00:00,3253,3507794,4061.0,3197215,260.0,264354.0,3513,3772148,4321,3461569,7574,6969267
2021-07-04 15:00:00,491,3508285,536.0,3197751,66.0,264420.0,557,3772705,602,3462171,1093,6970360
2021-07-05 15:00:00,3743,3512028,3953.0,3201704,280.0,264700.0,4023,3776728,4233,3466404,7976,6978336
2021-07-06 15:00:00,4457,3516485,6202.0,3207906,447.0,265147.0,4904,3781632,6649,3473053,11106,6989442
2021-07-07 15:00:00,4450,3520935,6341.0,3214247,478.0,265625.0,4928,3786560,6819,3479872,11269,7000711
2021-07-08 15:00:00,4809,3525744,6095.0,3220342,561.0,266186.0,5370,3791930,6656,3486528,11465,7012176
2021-07-09 15:00:00,5325,3531069,6603.0,3226945,569.0,266755.0,5894,3797824,7172,3493700,12497,7024673
2021-07-10 15:00:00,3514,3534583,4360.0,3231305,301.0,267056.0,3815,3801639,4661,3498361,8175,7032848
2021-07-11 15:00:00,2657,3537240,2546.0,3233851,221.0,267277.0,2878,3804517,2767,3501128,5424,7038272
2021-07-12 15:00:00,4392,3541632,5095.0,3238946,372.0,267649.0,4764,3809281,5467,3506595,9859,7048131
2021-07-13 15:00:00,4730,3546362,4569.0,3243515,359.0,268008.0,5089,3814370,4928,3511523,9658,7057789
2021-07-14 15:00:00,4595,3550957,5219.0,3248734,420.0,268428.0,5015,3819385,5639,3517162,10234,7068023
2021-07-15 15:00:00,4866,3555823,4947.0,3253681,356.0,268784.0,5222,3824607,5303,3522465,10169,7078192
2021-07-16 15:00:00,6258,3562081,5792.0,3259473,399.0,269183.0,6657,3831264,6191,3528656,12449,7090641
2021-07-17 15:00:00,3406,3565487,3538.0,3263011,298.0,269481.0,3704,3834968,3836,3532492,7242,7097883
2021-07-18 15:00:00,2302,3567789,2363.0,3265374,107.0,269588.0,2409,3837377,2470,3534962,4772,7102655
2021-07-19 15:00:00,5216,3573005,4458.0,3269832,371.0,269959.0,5587,3842964,4829,3539791,10045,7112700
2021-07-20 15:00:00,5326,3578331,4666.0,3274498,365.0,270324.0,5691,3848655,5031,3544822,10357,7123057
2021-07-21 15:00:00,5608,3583939,4907.0,3279405,411.0,270735.0,6019,3854674,5318,3550140,10926,7133983
2021-07-22 15:00:00,5987,3589926,4615.0,3284020,402.0,271137.0,6389,3861063,5017,3555157,11004,7144987
2021-07-23 15:00:00,6817,3596743,4845.0,3288865,483.0,271620.0,7300,3868363,5328,3560485,12145,7157132
2021-07-24 15:00:00,4259,3601002,3192.0,3292057,264.0,271884.0,4523,3872886,3456,3563941,7715,7164847
2021-07-25 15:00:00,3284,3604286,1120.0,3293177,138.0,272022.0,3422,3876308,1258,3565199,4542,7169389
2021-07-26 15:00:00,6183,3610469,3897.0,3297074,410.0,272432.0,6593,3882901,4307,3569506,10490,7179879
2021-07-27 15:00:00,6334,3616803,4054.0,3301128,449.0,272881.0,6783,3889684,4503,3574009,10837,7190716
2021-07-28 15:00:00,6769,3623572,3997.0,3305125,453.0,273334.0,7222,3896906,4450,3578459,11219,7201935
2021-07-29 15:00:00,6781,3630353,4138.0,3309263,409.0,273743.0,7190,3904096,4547,3583006,11328,7213263
2021-07-30 15:00:00,7483,3637836,4509.0,3313772,515.0,274258.0,7998,3912094,5024,3588030,12507,7225770
2021-07-31 15:00:00,4715,3642551,3021.0,3316793,269.0,274527.0,4984,3917078,3290,3591320,8005,7233775
2021-08-01 15:00:00,3722,3646273,2067.0,3318860,151.0,274678.0,3873,3920951,2218,3593538,5940,7239715
2021-08-02 15:00:00,6980,3653253,3648.0,3322508,332.0,275010.0,7312,3928263,3980,3597518,10960,7250675
2021-08-03 15:00:00,6954,3660207,3889.0,3326397,501.0,275511.0,7455,3935718,4390,3601908,11344,7262019
2021-08-04 15:00:00,7146,3667353,3890.0,3330287,524.0,276035.0,7670,3943388,4414,3606322,11560,7273579
2021-08-05 15:00:00,7617,3674970,4117.0,3334404,534.0,276569.0,8151,3951539,4651,3610973,12268,7285847
2021-08-06 15:00:00,8234,3683204,4693.0,3339097,443.0,277012.0,8677,3960216,5136,3616109,13370,7299217
2021-08-07 15:00:00,5227,3688431,2788.0,3341885,262.0,277274.0,5489,3965705,3050,3619159,8277,7307494
2021-08-08 15:00:00,3925,3692356,2042.0,3343927,140.0,277414.0,4065,3969770,2182,3621341,6107,7313601
2021-08-09 15:00:00,6910,3699266,4498.0,3348425,359.0,277773.0,7269,3977039,4857,3626198,11767,7325368
2021-08-10 15:00:00,7072,3706338,4432.0,3352857,333.0,278106.0,7405,3984444,4765,3630963,11837,7337205
2021-08-11 15:00:00,7004,3713342,4414.0,3357271,438.0,278544.0,7442,3991886,4852,3635815,11856,7349061
2021-08-12 15:00:00,8533,3721875,4684.0,3361955,437.0,278981.0,8970,4000856,5121,3640936,13654,7362715
2021-08-13 15:00:00,7051,3728926,5308.0,3367263,358.0,279339.0,7409,4008265,5666,3646602,12717,7375432
2021-08-14 15:00:00,4848,3733774,3309.0,3370572,256.0,279595.0,5104,4013369,3565,3650167,8413,7383845
2021-08-15 15:00:00,3261,3737035,2708.0,3373280,163.0,279758.0,3424,4016793,2871,3653038,6132,7389977
2021-08-16 15:00:00,5380,3742415,5049.0,3378329,345.0,280103.0,5725,4022518,5394,3658432,10774,7400751
2021-08-17 15:00:00,6894,3749309,5177.0,3383506,383.0,280486.0,7277,4029795,5560,3663992,12454,7413205
2021-08-18 15:00:00,6463,3755772,5264.0,3388770,458.0,280944.0,6921,4036716,5722,3669714,12185,7425390
2021-08-19 15:00:00,5949,3761721,5295.0,3394065,406.0,281350.0,6355,4043071,5701,3675415,11650,7437040
2021-08-20 15:00:00,6940,3768661,6276.0,3400341,399.0,281749.0,7339,4050410,6675,3682090,13615,7450655
2021-08-21 15:00:00,4272,3772933,3895.0,3404236,223.0,281972.0,4495,4054905,4118,3686208,8390,7459045
2021-08-22 15:00:00,3034,3775967,3133.0,3407369,108.0,282080.0,3142,4058047,3241,3689449,6275,7465320
2021-08-23 15:00:00,6129,3782096,5867.0,3413236,283.0,282363.0,6412,4064459,6150,3695599,12279,7477599
2021-08-24 15:00:00,6566,3788662,5813.0,3419049,422.0,282785.0,6988,4071447,6235,3701834,12801,7490400
2021-08-25 15:00:00,6816,3795478,5944.0,3424993,414.0,283199.0,7230,4078677,6358,3708192,13174,7503574
2021-08-26 15:00:00,7125,3802603,6361.0,3431354,423.0,283622.0,7548,4086225,6784,3714976,13909,7517483
2021-08-27 15:00:00,6778,3809381,6950.0,3438304,306.0,283928.0,7084,4093309,7256,3722232,14034,7531517
2021-08-28 15:00:00,6878,3816259,6455.0,3444759,323.0,284251.0,7201,4100510,6778,3729010,13656,7545173
2021-08-29 15:00:00,3739,3819998,3665.0,3448424,611.0,284862.0,4350,4104860,4276,3733286,8015,7553188
2021-08-30 15:00:00,5901,3825899,6049.0,3454473,945.0,285807.0,6846,4111706,6994,3740280,12895,7566083
2021-08-31 15:00:00,5642,3831541,5878.0,3460351,942.0,286749.0,6584,4118290,6820,3747100,12462,7578545
2021-09-01 15:00:00,5421,3836962,5527.0,3465878,870.0,287619.0,6291,4124581,6397,3753497,11818,7590363
2021-09-02 15:00:00,5480,3842442,5822.0,3471700,693.0,288312.0,6173,4130754,6515,3760012,11995,7602358
2021-09-03 15:00:00,5899,3848341,6824.0,3478524,964.0,289276.0,6863,4137617,7788,3767800,13687,7616045
2021-09-04 15:00:00,3678,3852019,4256.0,3482780,875.0,290151.0,4553,4142170,5131,3772931,8809,7624854
2021-09-05 15:00:00,2824,3854843,2742.0,3485522,105.0,290256.0,2929,4145099,2847,3775778,5671,7630525
2021-09-06 15:00:00,1039,3855882,1136.0,3486658,62.0,290318.0,1101,4146200,1198,3776976,2237,7632762
2021-09-07 15:00:00,5232,3861114,7192.0,3493850,2299.0,292617.0,7531,4153731,9491,3786467,14723,7647485
2021-09-08 15:00:00,4620,3865734,5387.0,3499237,365.0,292982.0,4985,4158716,5752,3792219,10372,7657857
2021-09-09 15:00:00,5003,3870737,5297.0,3504534,320.0,293302.0,5323,4164039,5617,3797836,10620,7668477
2021-09-10 15:00:00,6468,3877205,6508.0,3511042,1680.0,294982.0,8148,4172187,8188,3806024,14656,7683133
2021-09-11 15:00:00,3983,3881188,4286.0,3515328,652.0,295634.0,4635,4176822,4938,3810962,8921,7692054
2021-09-12 15:00:00,2974,3884162,3151.0,3518479,432.0,296066.0,3406,4180228,3583,3814545,6557,7698611
2021-09-13 15:00:00,4581,3888743,4735.0,3523214,338.0,296404.0,4919,4185147,5073,3819618,9654,7708265
2021-09-14 15:00:00,4437,3893180,5090.0,3528304,412.0,296816.0,4849,4189996,5502,3825120,9939,7718204
2021-09-15 15:00:00,4596,3897776,5491.0,3533795,378.0,297194.0,4974,4194970,5869,3830989,10465,7728669
2021-09-16 15:00:00,4482,3902258,5460.0,3539255,318.0,297512.0,4800,4199770,5778,3836767,10260,7738929
2021-09-17 15:00:00,4797,3907055,6074.0,3545329,324.0,297836.0,5121,4204891,6398,3843165,11195,7750124
2021-09-18 15:00:00,3590,3910645,4384.0,3549713,178.0,298014.0,3768,4208659,4562,3847727,8152,7758276
2021-09-19 15:00:00,2536,3913181,2923.0,3552636,72.0,298086.0,2608,4211267,2995,3850722,5531,7763807
2021-09-20 15:00:00,3260,3916441,4103.0,3556739,402.0,298488.0,3662,4214929,4505,3855227,7765,7771572
2021-09-21 15:00:00,3395,3919836,4233.0,3560972,308.0,298796.0,3703,4218632,4541,3859768,7936,7779508
2021-09-22 15:00:00,2937,3922773,3458.0,3564430,425.0,299221.0,3362,4221994,3883,3863651,6820,7786328
2021-09-23 15:00:00,1795,3924568,1901.0,3566331,392.0,299613.0,2187,4224181,2293,3865944,4088,7790416
