VACCINATION_DATE,FirstDailyDose,FirstDoseCumulative,SecondDailyDose,SecondDoseCumulative,SingleDailyDose,SingleDoseCumulative,AtleastOneVaccine,AtleastOneVaccineCumulative,CompletedVax,CompletedVaxCumulative,FirstSecondSingleVaccinations,FirstSecondSingleVaccinationsCumulative
2020-12-14 15:00:00,18,976,,387,,,18,976,0,387,18,1277
2020-12-15 15:00:00,52,1028,2.0,389,,,52,1028,2,389,54,1331
2020-12-16 15:00:00,574,1602,2.0,391,,,574,1602,2,391,576,1907
2020-12-17 15:00:00,1139,2741,2.0,393,,,1139,2741,2,393,1141,3048
2020-12-18 15:00:00,3012,5753,11.0,404,,,3012,5753,11,404,3023,6071
2020-12-19 15:00:00,927,6680,5.0,409,,,927,6680,5,409,932,7003
2020-12-20 15:00:00,333,7013,4.0,413,,,333,7013,4,413,337,7340
2020-12-21 15:00:00,3852,10865,18.0,431,,,3852,10865,18,431,3870,11210
2020-12-22 15:00:00,6334,17199,17.0,448,,,6334,17199,17,448,6351,17561
2020-12-23 15:00:00,5744,22943,27.0,475,,,5744,22943,27,475,5771,23332
2020-12-24 15:00:00,2709,25652,10.0,485,,,2709,25652,10,485,2719,26051
2020-12-25 15:00:00,1034,26686,3.0,488,,,1034,26686,3,488,1037,27088
2020-12-26 15:00:00,1872,28558,8.0,496,,,1872,28558,8,496,1880,28968
2020-12-27 15:00:00,1789,30347,9.0,505,,,1789,30347,9,505,1798,30766
2020-12-28 15:00:00,8941,39288,39.0,544,,,8941,39288,39,544,8980,39746
2020-12-29 15:00:00,10908,50196,38.0,582,,,10908,50196,38,582,10946,50692
2020-12-30 15:00:00,12450,62646,68.0,650,,,12450,62646,68,650,12518,63210
2020-12-31 15:00:00,7504,70150,34.0,684,,,7504,70150,34,684,7538,70748
2021-01-01 15:00:00,2530,72680,107.0,791,,,2530,72680,107,791,2637,73385
2021-01-02 15:00:00,2968,75648,34.0,825,,,2968,75648,34,825,3002,76387
2021-01-03 15:00:00,3361,79009,79.0,904,,,3361,79009,79,904,3440,79827
2021-01-04 15:00:00,13251,92260,312.0,1216,,,13251,92260,312,1216,13563,93390
2021-01-05 15:00:00,12386,104646,510.0,1726,,,12386,104646,510,1726,12896,106286
2021-01-06 15:00:00,15154,119800,837.0,2563,,,15154,119800,837,2563,15991,122277
2021-01-07 15:00:00,14943,134743,1730.0,4293,,,14943,134743,1730,4293,16673,138950
2021-01-08 15:00:00,23928,158671,2741.0,7034,,,23928,158671,2741,7034,26669,165619
2021-01-09 15:00:00,5126,163797,942.0,7976,,,5126,163797,942,7976,6068,171687
2021-01-10 15:00:00,2915,166712,368.0,8344,,,2915,166712,368,8344,3283,174970
2021-01-11 15:00:00,13665,180377,3421.0,11765,,,13665,180377,3421,11765,17086,192056
2021-01-12 15:00:00,17271,197648,5581.0,17346,,,17271,197648,5581,17346,22852,214908
2021-01-13 15:00:00,18498,216146,3863.0,21209,,,18498,216146,3863,21209,22361,237269
2021-01-14 15:00:00,17826,233972,1921.0,23130,,,17826,233972,1921,23130,19747,257016
2021-01-15 15:00:00,19454,253426,1961.0,25091,,,19454,253426,1961,25091,21415,278431
2021-01-16 15:00:00,5781,259207,1583.0,26674,,,5781,259207,1583,26674,7364,285795
2021-01-17 15:00:00,2094,261301,1463.0,28137,,,2094,261301,1463,28137,3557,289352
2021-01-18 15:00:00,7029,268330,3231.0,31368,,,7029,268330,3231,31368,10260,299612
2021-01-19 15:00:00,17141,285471,5342.0,36710,,,17141,285471,5342,36710,22483,322095
2021-01-20 15:00:00,21219,306690,5246.0,41956,,,21219,306690,5246,41956,26465,348560
2021-01-21 15:00:00,23806,330496,3685.0,45641,,,23806,330496,3685,45641,27491,376051
2021-01-22 15:00:00,28817,359313,3589.0,49230,,,28817,359313,3589,49230,32406,408457
2021-01-23 15:00:00,10042,369355,1899.0,51129,,,10042,369355,1899,51129,11941,420398
2021-01-24 15:00:00,3326,372681,1704.0,52833,,,3326,372681,1704,52833,5030,425428
2021-01-25 15:00:00,16606,389287,8506.0,61339,,,16606,389287,8506,61339,25112,450540
2021-01-26 15:00:00,17865,407152,8891.0,70230,,,17865,407152,8891,70230,26756,477296
2021-01-27 15:00:00,25039,432191,12388.0,82618,,,25039,432191,12388,82618,37427,514723
2021-01-28 15:00:00,23281,455472,9222.0,91840,,,23281,455472,9222,91840,32503,547226
2021-01-29 15:00:00,25508,480980,7810.0,99650,,,25508,480980,7810,99650,33318,580544
2021-01-30 15:00:00,18425,499405,2490.0,102140,,,18425,499405,2490,102140,20915,601459
2021-01-31 15:00:00,4107,503512,1306.0,103446,,,4107,503512,1306,103446,5413,606872
2021-02-01 15:00:00,7683,511195,5034.0,108480,,,7683,511195,5034,108480,12717,619589
2021-02-02 15:00:00,12803,523998,13721.0,122201,,,12803,523998,13721,122201,26524,646113
2021-02-03 15:00:00,18686,542684,18047.0,140248,,,18686,542684,18047,140248,36733,682846
2021-02-04 15:00:00,22458,565142,15733.0,155981,,,22458,565142,15733,155981,38191,721037
2021-02-05 15:00:00,20529,585671,17415.0,173396,,,20529,585671,17415,173396,37944,758981
2021-02-06 15:00:00,12114,597785,14414.0,187810,,,12114,597785,14414,187810,26528,785509
2021-02-07 15:00:00,5957,603742,1775.0,189585,,,5957,603742,1775,189585,7732,793241
2021-02-08 15:00:00,13280,617022,13081.0,202666,,,13280,617022,13081,202666,26361,819602
2021-02-09 15:00:00,16704,633726,14007.0,216673,,,16704,633726,14007,216673,30711,850313
2021-02-10 15:00:00,19296,653022,21378.0,238051,,,19296,653022,21378,238051,40674,890987
2021-02-11 15:00:00,22866,675888,17497.0,255548,,,22866,675888,17497,255548,40363,931350
2021-02-12 15:00:00,20337,696225,19862.0,275410,,,20337,696225,19862,275410,40199,971549
2021-02-13 15:00:00,11372,707597,6344.0,281754,,,11372,707597,6344,281754,17716,989265
2021-02-14 15:00:00,7082,714679,2074.0,283828,,,7082,714679,2074,283828,9156,998421
2021-02-15 15:00:00,11714,726393,13221.0,297049,,,11714,726393,13221,297049,24935,1023356
2021-02-16 15:00:00,16564,742957,21664.0,318713,,,16564,742957,21664,318713,38228,1061584
2021-02-17 15:00:00,20629,763586,27134.0,345847,,,20629,763586,27134,345847,47763,1109347
2021-02-18 15:00:00,3167,766753,4724.0,350571,,,3167,766753,4724,350571,7891,1117238
2021-02-19 15:00:00,10267,777020,20407.0,370978,,,10267,777020,20407,370978,30674,1147912
2021-02-20 15:00:00,10310,787330,20861.0,391839,,,10310,787330,20861,391839,31171,1179083
2021-02-21 15:00:00,6157,793487,7939.0,399778,,,6157,793487,7939,399778,14096,1193179
2021-02-22 15:00:00,8087,801574,15891.0,415669,,,8087,801574,15891,415669,23978,1217157
2021-02-23 15:00:00,15590,817164,16474.0,432143,,,15590,817164,16474,432143,32064,1249221
2021-02-24 15:00:00,17977,835141,25142.0,457285,,,17977,835141,25142,457285,43119,1292340
2021-02-25 15:00:00,20426,855567,26878.0,484163,,,20426,855567,26878,484163,47304,1339644
2021-02-26 15:00:00,26814,882381,26473.0,510636,,,26814,882381,26473,510636,53287,1392931
2021-02-27 15:00:00,16099,898480,11694.0,522330,,,16099,898480,11694,522330,27793,1420724
2021-02-28 15:00:00,15491,913971,4813.0,527143,,,15491,913971,4813,527143,20304,1441028
2021-03-01 15:00:00,26079,940050,12578.0,539721,,,26079,940050,12578,539721,38657,1479685
2021-03-02 15:00:00,24010,964060,13320.0,553041,31.0,31.0,24041,964091,13351,553072,37361,1517046
2021-03-03 15:00:00,30233,994293,18371.0,571412,174.0,205.0,30407,994498,18545,571617,48778,1565824
2021-03-04 15:00:00,31099,1025392,18127.0,589539,4062.0,4267.0,35161,1029659,22189,593806,53288,1619112
2021-03-05 15:00:00,29585,1054977,19384.0,608923,4906.0,9173.0,34491,1064150,24290,618096,53875,1672987
2021-03-06 15:00:00,17779,1072756,8909.0,617832,5994.0,15167.0,23773,1087923,14903,632999,32682,1705669
2021-03-07 15:00:00,12062,1084818,4802.0,622634,6608.0,21775.0,18670,1106593,11410,644409,23472,1729141
2021-03-08 15:00:00,26182,1111000,8771.0,631405,8280.0,30055.0,34462,1141055,17051,661460,43233,1772374
2021-03-09 15:00:00,26401,1137401,15384.0,646789,8337.0,38392.0,34738,1175793,23721,685181,50122,1822496
2021-03-10 15:00:00,30141,1167542,15909.0,662698,7937.0,46329.0,38078,1213871,23846,709027,53987,1876483
2021-03-11 15:00:00,36218,1203760,16391.0,679089,4034.0,50363.0,40252,1254123,20425,729452,56643,1933126
2021-03-12 15:00:00,37169,1240929,18009.0,697098,2922.0,53285.0,40091,1294214,20931,750383,58100,1991226
2021-03-13 15:00:00,22604,1263533,10212.0,707310,1603.0,54888.0,24207,1318421,11815,762198,34419,2025645
2021-03-14 15:00:00,17815,1281348,6655.0,713965,994.0,55882.0,18809,1337230,7649,769847,25464,2051109
2021-03-15 15:00:00,29981,1311329,11325.0,725290,604.0,56486.0,30585,1367815,11929,781776,41910,2093019
2021-03-16 15:00:00,33611,1344940,13548.0,738838,765.0,57251.0,34376,1402191,14313,796089,47924,2140943
2021-03-17 15:00:00,37723,1382663,16985.0,755823,1180.0,58431.0,38903,1441094,18165,814254,55888,2196831
2021-03-18 15:00:00,41500,1424163,12604.0,768427,1359.0,59790.0,42859,1483953,13963,828217,55463,2252294
2021-03-19 15:00:00,38331,1462494,15582.0,784009,1045.0,60835.0,39376,1523329,16627,844844,54958,2307252
2021-03-20 15:00:00,24560,1487054,10040.0,794049,1123.0,61958.0,25683,1549012,11163,856007,35723,2342975
2021-03-21 15:00:00,19099,1506153,7798.0,801847,330.0,62288.0,19429,1568441,8128,864135,27227,2370202
2021-03-22 15:00:00,32574,1538727,11640.0,813487,830.0,63118.0,33404,1601845,12470,876605,45044,2415246
2021-03-23 15:00:00,37789,1576516,17475.0,830962,1549.0,64667.0,39338,1641183,19024,895629,56813,2472059
2021-03-24 15:00:00,41162,1617678,21199.0,852161,1375.0,66042.0,42537,1683720,22574,918203,63736,2535795
2021-03-25 15:00:00,42481,1660159,21049.0,873210,2512.0,68554.0,44993,1728713,23561,941764,66042,2601837
2021-03-26 15:00:00,36624,1696783,26458.0,899668,2499.0,71053.0,39123,1767836,28957,970721,65581,2667418
2021-03-27 15:00:00,27745,1724528,16863.0,916531,2766.0,73819.0,30511,1798347,19629,990350,47374,2714792
2021-03-28 15:00:00,16984,1741512,12572.0,929103,1615.0,75434.0,18599,1816946,14187,1004537,31171,2745963
2021-03-29 15:00:00,29703,1771215,26510.0,955613,1136.0,76570.0,30839,1847785,27646,1032183,57349,2803312
2021-03-30 15:00:00,40017,1811232,29174.0,984787,1848.0,78418.0,41865,1889650,31022,1063205,71039,2874351
2021-03-31 15:00:00,41024,1852256,34860.0,1019647,5743.0,84161.0,46767,1936417,40603,1103808,81627,2955978
2021-04-01 15:00:00,40729,1892985,39877.0,1059524,5620.0,89781.0,46349,1982766,45497,1149305,86226,3042204
2021-04-02 15:00:00,34961,1927946,32741.0,1092265,6100.0,95881.0,41061,2023827,38841,1188146,73802,3116006
2021-04-03 15:00:00,21562,1949508,18627.0,1110892,4362.0,100243.0,25924,2049751,22989,1211135,44551,3160557
2021-04-04 15:00:00,8216,1957724,10141.0,1121033,958.0,101201.0,9174,2058925,11099,1222234,19315,3179872
2021-04-05 15:00:00,27932,1985656,29081.0,1150114,6636.0,107837.0,34568,2093493,35717,1257951,63649,3243521
2021-04-06 15:00:00,39832,2025488,30563.0,1180677,10477.0,118314.0,50309,2143802,41040,1298991,80872,3324393
2021-04-07 15:00:00,36132,2061620,34293.0,1214970,12951.0,131265.0,49083,2192885,47244,1346235,83376,3407769
2021-04-08 15:00:00,42367,2103987,36067.0,1251037,13851.0,145116.0,56218,2249103,49918,1396153,92285,3500054
2021-04-09 15:00:00,34105,2138092,36351.0,1287388,14519.0,159635.0,48624,2297727,50870,1447023,84975,3585029
2021-04-10 15:00:00,23936,2162028,23009.0,1310397,7614.0,167249.0,31550,2329277,30623,1477646,54559,3639588
2021-04-11 15:00:00,17533,2179561,13234.0,1323631,10622.0,177871.0,28155,2357432,23856,1501502,41389,3680977
2021-04-12 15:00:00,24623,2204184,33129.0,1356760,10916.0,188787.0,35539,2392971,44045,1545547,68668,3749645
2021-04-13 15:00:00,126875,2331059,90669.0,1447429,3292.0,192079.0,130167,2523138,93961,1639508,220836,3970481
2021-04-14 15:00:00,40774,2371833,37880.0,1485309,208.0,192287.0,40982,2564120,38088,1677596,78862,4049343
2021-04-15 15:00:00,41798,2413631,39281.0,1524590,171.0,192458.0,41969,2606089,39452,1717048,81250,4130593
2021-04-16 15:00:00,37326,2450957,38774.0,1563364,23.0,192481.0,37349,2643438,38797,1755845,76123,4206716
2021-04-17 15:00:00,32906,2483863,21923.0,1585287,12.0,192493.0,32918,2676356,21935,1777780,54841,4261557
2021-04-18 15:00:00,20045,2503908,16162.0,1601449,5.0,192498.0,20050,2696406,16167,1793947,36212,4297769
2021-04-19 15:00:00,29962,2533870,36541.0,1637990,61.0,192559.0,30023,2726429,36602,1830549,66564,4364333
2021-04-20 15:00:00,33133,2567003,44144.0,1682134,54.0,192613.0,33187,2759616,44198,1874747,77331,4441664
2021-04-21 15:00:00,39822,2606825,46879.0,1729013,21.0,192634.0,39843,2799459,46900,1921647,86722,4528386
2021-04-22 15:00:00,36416,2643241,41945.0,1770958,16.0,192650.0,36432,2835891,41961,1963608,78377,4606763
2021-04-23 15:00:00,33153,2676394,40012.0,1810970,12.0,192662.0,33165,2869056,40024,2003632,73177,4679940
2021-04-24 15:00:00,26369,2702763,28589.0,1839559,80.0,192742.0,26449,2895505,28669,2032301,55038,4734978
2021-04-25 15:00:00,20200,2722963,10902.0,1850461,30.0,192772.0,20230,2915735,10932,2043233,31132,4766110
2021-04-26 15:00:00,27413,2750376,32755.0,1883216,203.0,192975.0,27616,2943351,32958,2076191,60371,4826481
2021-04-27 15:00:00,26750,2777126,33047.0,1916263,1095.0,194070.0,27845,2971196,34142,2110333,60892,4887373
2021-04-28 15:00:00,28981,2806107,39493.0,1955756,1362.0,195432.0,30343,3001539,40855,2151188,69836,4957209
2021-04-29 15:00:00,27380,2833487,39466.0,1995222,1461.0,196893.0,28841,3030380,40927,2192115,68307,5025516
2021-04-30 15:00:00,28235,2861722,32144.0,2027366,1642.0,198535.0,29877,3060257,33786,2225901,62021,5087537
2021-05-01 15:00:00,20348,2882070,26754.0,2054120,1019.0,199554.0,21367,3081624,27773,2253674,48121,5135658
2021-05-02 15:00:00,10261,2892331,16987.0,2071107,818.0,200372.0,11079,3092703,17805,2271479,28066,5163724
2021-05-03 15:00:00,13092,2905423,29740.0,2100847,1915.0,202287.0,15007,3107710,31655,2303134,44747,5208471
2021-05-04 15:00:00,14220,2919643,39534.0,2140381,1733.0,204020.0,15953,3123663,41267,2344401,55487,5263958
2021-05-05 15:00:00,19326,2938969,37769.0,2178150,1919.0,205939.0,21245,3144908,39688,2384089,59014,5322972
2021-05-06 15:00:00,16978,2955947,40570.0,2218720,1712.0,207651.0,18690,3163598,42282,2426371,59260,5382232
2021-05-07 15:00:00,17402,2973349,36048.0,2254768,1958.0,209609.0,19360,3182958,38006,2464377,55408,5437640
2021-05-08 15:00:00,10778,2984127,31144.0,2285912,1292.0,210901.0,12070,3195028,32436,2496813,43214,5480854
2021-05-09 15:00:00,5044,2989171,11884.0,2297796,695.0,211596.0,5739,3200767,12579,2509392,17623,5498477
2021-05-10 15:00:00,8947,2998118,31109.0,2328905,1356.0,212952.0,10303,3211070,32465,2541857,41412,5539889
2021-05-11 15:00:00,12199,3010317,30283.0,2359188,1443.0,214395.0,13642,3224712,31726,2573583,43925,5583814
2021-05-12 15:00:00,13924,3024241,38556.0,2397744,1912.0,216307.0,15836,3240548,40468,2614051,54392,5638206
2021-05-13 15:00:00,21827,3046068,33389.0,2431133,1352.0,217659.0,23179,3263727,34741,2648792,56568,5694774
2021-05-14 15:00:00,24330,3070398,29976.0,2461109,1772.0,219431.0,26102,3289829,31748,2680540,56078,5750852
2021-05-15 15:00:00,21851,3092249,25014.0,2486123,1532.0,220963.0,23383,3313212,26546,2707086,48397,5799249
2021-05-16 15:00:00,9062,3101311,17511.0,2503634,1112.0,222075.0,10174,3323386,18623,2725709,27685,5826934
2021-05-17 15:00:00,16852,3118163,28374.0,2532008,1949.0,224024.0,18801,3342187,30323,2756032,47175,5874109
2021-05-18 15:00:00,21256,3139419,30692.0,2562700,1947.0,225971.0,23203,3365390,32639,2788671,53895,5928004
2021-05-19 15:00:00,27587,3167006,32370.0,2595070,1625.0,227596.0,29212,3394602,33995,2822666,61582,5989586
2021-05-20 15:00:00,20787,3187793,33257.0,2628327,1966.0,229562.0,22753,3417355,35223,2857889,56010,6045596
2021-05-21 15:00:00,19132,3206925,30236.0,2658563,1611.0,231173.0,20743,3438098,31847,2889736,50979,6096575
2021-05-22 15:00:00,16888,3223813,20601.0,2679164,1269.0,232442.0,18157,3456255,21870,2911606,38758,6135333
2021-05-23 15:00:00,8742,3232555,11412.0,2690576,962.0,233404.0,9704,3465959,12374,2923980,21116,6156449
2021-05-24 15:00:00,13463,3246018,17868.0,2708444,1481.0,234885.0,14944,3480903,19349,2943329,32812,6189261
2021-05-25 15:00:00,12871,3258889,18795.0,2727239,1329.0,236214.0,14200,3495103,20124,2963453,32995,6222256
2021-05-26 15:00:00,18266,3277155,19438.0,2746677,1509.0,237723.0,19775,3514878,20947,2984400,39213,6261469
2021-05-27 15:00:00,11686,3288841,18633.0,2765310,1134.0,238857.0,12820,3527698,19767,3004167,31453,6292922
2021-05-28 15:00:00,12467,3301308,19736.0,2785046,1401.0,240258.0,13868,3541566,21137,3025304,33604,6326526
2021-05-29 15:00:00,9529,3310837,11631.0,2796677,936.0,241194.0,10465,3552031,12567,3037871,22096,6348622
2021-05-30 15:00:00,4895,3315732,6474.0,2803151,596.0,241790.0,5491,3557522,7070,3044941,11965,6360587
2021-05-31 15:00:00,1771,3317503,3691.0,2806842,304.0,242094.0,2075,3559597,3995,3048936,5766,6366353
2021-06-01 15:00:00,9388,3326891,16609.0,2823451,1147.0,243241.0,10535,3570132,17756,3066692,27144,6393497
2021-06-02 15:00:00,10140,3337031,16818.0,2840269,957.0,244198.0,11097,3581229,17775,3084467,27915,6421412
2021-06-03 15:00:00,7886,3344917,21169.0,2861438,1083.0,245281.0,8969,3590198,22252,3106719,30138,6451550
2021-06-04 15:00:00,8207,3353124,22191.0,2883629,1123.0,246404.0,9330,3599528,23314,3130033,31521,6483071
2021-06-05 15:00:00,6984,3360108,19376.0,2903005,718.0,247122.0,7702,3607230,20094,3150127,27078,6510149
2021-06-06 15:00:00,3462,3363570,7188.0,2910193,421.0,247543.0,3883,3611113,7609,3157736,11071,6521220
2021-06-07 15:00:00,6828,3370398,15723.0,2925916,725.0,248268.0,7553,3618666,16448,3174184,23276,6544496
2021-06-08 15:00:00,6682,3377080,19694.0,2945610,816.0,249084.0,7498,3626164,20510,3194694,27192,6571688
2021-06-09 15:00:00,8195,3385275,23852.0,2969462,968.0,250052.0,9163,3635327,24820,3219514,33015,6604703
2021-06-10 15:00:00,7165,3392440,19087.0,2988549,898.0,250950.0,8063,3643390,19985,3239499,27150,6631853
2021-06-11 15:00:00,7437,3399877,17658.0,3006207,1125.0,252075.0,8562,3651952,18783,3258282,26220,6658073
2021-06-12 15:00:00,5235,3405112,14692.0,3020899,603.0,252678.0,5838,3657790,15295,3273577,20530,6678603
2021-06-13 15:00:00,1929,3407041,7555.0,3028454,426.0,253104.0,2355,3660145,7981,3281558,9910,6688513
2021-06-14 15:00:00,5649,3412690,11786.0,3040240,728.0,253832.0,6377,3666522,12514,3294072,18163,6706676
2021-06-15 15:00:00,5645,3418335,14313.0,3054553,861.0,254693.0,6506,3673028,15174,3309246,20819,6727495
2021-06-16 15:00:00,8719,3427054,21502.0,3076055,755.0,255448.0,9474,3682502,22257,3331503,30976,6758471
2021-06-17 15:00:00,6675,3433729,12367.0,3088422,720.0,256168.0,7395,3689897,13087,3344590,19762,6778233
2021-06-18 15:00:00,6851,3440580,12669.0,3101091,703.0,256871.0,7554,3697451,13372,3357962,20223,6798456
2021-06-19 15:00:00,4655,3445235,9344.0,3110435,613.0,257484.0,5268,3702719,9957,3367919,14612,6813068
2021-06-20 15:00:00,2502,3447737,5025.0,3115460,377.0,257861.0,2879,3705598,5402,3373321,7904,6820972
2021-06-21 15:00:00,5544,3453281,5315.0,3120775,636.0,258497.0,6180,3711778,5951,3379272,11495,6832467
2021-06-22 15:00:00,5203,3458484,8859.0,3129634,682.0,259179.0,5885,3717663,9541,3388813,14744,6847211
2021-06-23 15:00:00,6059,3464543,10276.0,3139910,641.0,259820.0,6700,3724363,10917,3399730,16976,6864187
2021-06-24 15:00:00,5923,3470466,8186.0,3148096,593.0,260413.0,6516,3730879,8779,3408509,14702,6878889
2021-06-25 15:00:00,5817,3476283,8604.0,3156700,620.0,261033.0,6437,3737316,9224,3417733,15041,6893930
2021-06-26 15:00:00,3698,3479981,6276.0,3162976,395.0,261428.0,4093,3741409,6671,3424404,10369,6904299
2021-06-27 15:00:00,2796,3482777,3531.0,3166507,182.0,261610.0,2978,3744387,3713,3428117,6509,6910808
2021-06-28 15:00:00,4725,3487502,6094.0,3172601,521.0,262131.0,5246,3749633,6615,3434732,11340,6922148
2021-06-29 15:00:00,5077,3492579,6491.0,3179092,517.0,262648.0,5594,3755227,7008,3441740,12085,6934233
2021-06-30 15:00:00,5591,3498170,7398.0,3186490,604.0,263252.0,6195,3761422,8002,3449742,13593,6947826
2021-07-01 15:00:00,5313,3503483,6932.0,3193422,490.0,263742.0,5803,3767225,7422,3457164,12735,6960561
2021-07-02 15:00:00,5273,3508756,6827.0,3200249,519.0,264261.0,5792,3773017,7346,3464510,12619,6973180
2021-07-03 15:00:00,3256,3512012,4064.0,3204313,260.0,264521.0,3516,3776533,4324,3468834,7580,6980760
2021-07-04 15:00:00,491,3512503,540.0,3204853,66.0,264587.0,557,3777090,606,3469440,1097,6981857
2021-07-05 15:00:00,3750,3516253,3957.0,3208810,282.0,264869.0,4032,3781122,4239,3473679,7989,6989846
2021-07-06 15:00:00,4463,3520716,6211.0,3215021,449.0,265318.0,4912,3786034,6660,3480339,11123,7000969
2021-07-07 15:00:00,4459,3525175,6363.0,3221384,482.0,265800.0,4941,3790975,6845,3487184,11304,7012273
2021-07-08 15:00:00,4828,3530003,6110.0,3227494,562.0,266362.0,5390,3796365,6672,3493856,11500,7023773
2021-07-09 15:00:00,5346,3535349,6601.0,3234095,572.0,266934.0,5918,3802283,7173,3501029,12519,7036292
2021-07-10 15:00:00,3510,3538859,4370.0,3238465,302.0,267236.0,3812,3806095,4672,3505701,8182,7044474
2021-07-11 15:00:00,2663,3541522,2551.0,3241016,223.0,267459.0,2886,3808981,2774,3508475,5437,7049911
2021-07-12 15:00:00,4404,3545926,5102.0,3246118,374.0,267833.0,4778,3813759,5476,3513951,9880,7059791
2021-07-13 15:00:00,4735,3550661,4585.0,3250703,364.0,268197.0,5099,3818858,4949,3518900,9684,7069475
2021-07-14 15:00:00,4594,3555255,5240.0,3255943,420.0,268617.0,5014,3823872,5660,3524560,10254,7079729
2021-07-15 15:00:00,4866,3560121,4969.0,3260912,356.0,268973.0,5222,3829094,5325,3529885,10191,7089920
2021-07-16 15:00:00,6269,3566390,5807.0,3266719,401.0,269374.0,6670,3835764,6208,3536093,12477,7102397
2021-07-17 15:00:00,3403,3569793,3549.0,3270268,299.0,269673.0,3702,3839466,3848,3539941,7251,7109648
2021-07-18 15:00:00,2297,3572090,2368.0,3272636,110.0,269783.0,2407,3841873,2478,3542419,4775,7114423
2021-07-19 15:00:00,5239,3577329,4459.0,3277095,375.0,270158.0,5614,3847487,4834,3547253,10073,7124496
2021-07-20 15:00:00,5320,3582649,4686.0,3281781,366.0,270524.0,5686,3853173,5052,3552305,10372,7134868
2021-07-21 15:00:00,5624,3588273,4930.0,3286711,415.0,270939.0,6039,3859212,5345,3557650,10969,7145837
2021-07-22 15:00:00,5993,3594266,4637.0,3291348,407.0,271346.0,6400,3865612,5044,3562694,11037,7156874
2021-07-23 15:00:00,6819,3601085,4864.0,3296212,490.0,271836.0,7309,3872921,5354,3568048,12173,7169047
2021-07-24 15:00:00,4275,3605360,3204.0,3299416,266.0,272102.0,4541,3877462,3470,3571518,7745,7176792
2021-07-25 15:00:00,3289,3608649,1121.0,3300537,137.0,272239.0,3426,3880888,1258,3572776,4547,7181339
2021-07-26 15:00:00,6191,3614840,3908.0,3304445,411.0,272650.0,6602,3887490,4319,3577095,10510,7191849
2021-07-27 15:00:00,6340,3621180,4067.0,3308512,450.0,273100.0,6790,3894280,4517,3581612,10857,7202706
2021-07-28 15:00:00,6792,3627972,4017.0,3312529,458.0,273558.0,7250,3901530,4475,3586087,11267,7213973
2021-07-29 15:00:00,6792,3634764,4155.0,3316684,410.0,273968.0,7202,3908732,4565,3590652,11357,7225330
2021-07-30 15:00:00,7512,3642276,4546.0,3321230,520.0,274488.0,8032,3916764,5066,3595718,12578,7237908
2021-07-31 15:00:00,4777,3647053,3048.0,3324278,272.0,274760.0,5049,3921813,3320,3599038,8097,7246005
2021-08-01 15:00:00,3765,3650818,2093.0,3326371,153.0,274913.0,3918,3925731,2246,3601284,6011,7252016
2021-08-02 15:00:00,7004,3657822,3659.0,3330030,334.0,275247.0,7338,3933069,3993,3605277,10997,7263013
2021-08-03 15:00:00,6978,3664800,3908.0,3333938,503.0,275750.0,7481,3940550,4411,3609688,11389,7274402
2021-08-04 15:00:00,7144,3671944,3902.0,3337840,527.0,276277.0,7671,3948221,4429,3614117,11573,7285975
2021-08-05 15:00:00,7637,3679581,4114.0,3341954,535.0,276812.0,8172,3956393,4649,3618766,12286,7298261
2021-08-06 15:00:00,8256,3687837,4715.0,3346669,449.0,277261.0,8705,3965098,5164,3623930,13420,7311681
2021-08-07 15:00:00,5240,3693077,2806.0,3349475,263.0,277524.0,5503,3970601,3069,3626999,8309,7319990
2021-08-08 15:00:00,3937,3697014,2048.0,3351523,140.0,277664.0,4077,3974678,2188,3629187,6125,7326115
2021-08-09 15:00:00,6900,3703914,4513.0,3356036,362.0,278026.0,7262,3981940,4875,3634062,11775,7337890
2021-08-10 15:00:00,7099,3711013,4448.0,3360484,335.0,278361.0,7434,3989374,4783,3638845,11882,7349772
2021-08-11 15:00:00,7019,3718032,4425.0,3364909,438.0,278799.0,7457,3996831,4863,3643708,11882,7361654
2021-08-12 15:00:00,8554,3726586,4701.0,3369610,438.0,279237.0,8992,4005823,5139,3648847,13693,7375347
2021-08-13 15:00:00,7101,3733687,5357.0,3374967,387.0,279624.0,7488,4013311,5744,3654591,12845,7388192
2021-08-14 15:00:00,4913,3738600,3342.0,3378309,284.0,279908.0,5197,4018508,3626,3658217,8539,7396731
2021-08-15 15:00:00,3314,3741914,2732.0,3381041,163.0,280071.0,3477,4021985,2895,3661112,6209,7402940
2021-08-16 15:00:00,5400,3747314,5066.0,3386107,348.0,280419.0,5748,4027733,5414,3666526,10814,7413754
2021-08-17 15:00:00,6933,3754247,5186.0,3391293,387.0,280806.0,7320,4035053,5573,3672099,12506,7426260
2021-08-18 15:00:00,6494,3760741,5290.0,3396583,465.0,281271.0,6959,4042012,5755,3677854,12249,7438509
2021-08-19 15:00:00,5966,3766707,5313.0,3401896,410.0,281681.0,6376,4048388,5723,3683577,11689,7450198
2021-08-20 15:00:00,7023,3773730,6310.0,3408206,401.0,282082.0,7424,4055812,6711,3690288,13734,7463932
2021-08-21 15:00:00,4306,3778036,3920.0,3412126,223.0,282305.0,4529,4060341,4143,3694431,8449,7472381
2021-08-22 15:00:00,3060,3781096,3157.0,3415283,109.0,282414.0,3169,4063510,3266,3697697,6326,7478707
2021-08-23 15:00:00,6146,3787242,5911.0,3421194,284.0,282698.0,6430,4069940,6195,3703892,12341,7491048
2021-08-24 15:00:00,6621,3793863,5860.0,3427054,424.0,283122.0,7045,4076985,6284,3710176,12905,7503953
2021-08-25 15:00:00,6878,3800741,5999.0,3433053,437.0,283559.0,7315,4084300,6436,3716612,13314,7517267
2021-08-26 15:00:00,7153,3807894,6397.0,3439450,427.0,283986.0,7580,4091880,6824,3723436,13977,7531244
2021-08-27 15:00:00,6836,3814730,6986.0,3446436,315.0,284301.0,7151,4099031,7301,3730737,14137,7545381
2021-08-28 15:00:00,6900,3821630,6470.0,3452906,324.0,284625.0,7224,4106255,6794,3737531,13694,7559075
2021-08-29 15:00:00,3741,3825371,3669.0,3456575,611.0,285236.0,4352,4110607,4280,3741811,8021,7567096
2021-08-30 15:00:00,5935,3831306,6079.0,3462654,947.0,286183.0,6882,4117489,7026,3748837,12961,7580057
2021-08-31 15:00:00,5670,3836976,5918.0,3468572,945.0,287128.0,6615,4124104,6863,3755700,12533,7592590
2021-09-01 15:00:00,5518,3842494,5567.0,3474139,905.0,288033.0,6423,4130527,6472,3762172,11990,7604580
2021-09-02 15:00:00,5524,3848018,5867.0,3480006,700.0,288733.0,6224,4136751,6567,3768739,12091,7616671
2021-09-03 15:00:00,5968,3853986,6859.0,3486865,969.0,289702.0,6937,4143688,7828,3776567,13796,7630467
2021-09-04 15:00:00,3713,3857699,4315.0,3491180,875.0,290577.0,4588,4148276,5190,3781757,8903,7639370
2021-09-05 15:00:00,2885,3860584,2795.0,3493975,104.0,290681.0,2989,4151265,2899,3784656,5784,7645154
2021-09-06 15:00:00,1046,3861630,1141.0,3495116,62.0,290743.0,1108,4152373,1203,3785859,2249,7647403
2021-09-07 15:00:00,5267,3866897,7231.0,3502347,2301.0,293044.0,7568,4159941,9532,3795391,14799,7662202
2021-09-08 15:00:00,4644,3871541,5432.0,3507779,366.0,293410.0,5010,4164951,5798,3801189,10442,7672644
2021-09-09 15:00:00,5055,3876596,5325.0,3513104,322.0,293732.0,5377,4170328,5647,3806836,10702,7683346
2021-09-10 15:00:00,6513,3883109,6574.0,3519678,1711.0,295443.0,8224,4178552,8285,3815121,14798,7698144
2021-09-11 15:00:00,4037,3887146,4324.0,3524002,663.0,296106.0,4700,4183252,4987,3820108,9024,7707168
2021-09-12 15:00:00,3059,3890205,3226.0,3527228,434.0,296540.0,3493,4186745,3660,3823768,6719,7713887
2021-09-13 15:00:00,4661,3894866,4834.0,3532062,345.0,296885.0,5006,4191751,5179,3828947,9840,7723727
2021-09-14 15:00:00,4564,3899430,5200.0,3537262,433.0,297318.0,4997,4196748,5633,3834580,10197,7733924
2021-09-15 15:00:00,4675,3904105,5581.0,3542843,385.0,297703.0,5060,4201808,5966,3840546,10641,7744565
2021-09-16 15:00:00,4570,3908675,5582.0,3548425,328.0,298031.0,4898,4206706,5910,3846456,10480,7755045
2021-09-17 15:00:00,5020,3913695,6317.0,3554742,340.0,298371.0,5360,4212066,6657,3853113,11677,7766722
2021-09-18 15:00:00,3764,3917459,4559.0,3559301,184.0,298555.0,3948,4216014,4743,3857856,8507,7775229
2021-09-19 15:00:00,2722,3920181,3163.0,3562464,75.0,298630.0,2797,4218811,3238,3861094,5960,7781189
2021-09-20 15:00:00,3529,3923710,4452.0,3566916,426.0,299056.0,3955,4222766,4878,3865972,8407,7789596
2021-09-21 15:00:00,3764,3927474,4799.0,3571715,324.0,299380.0,4088,4226854,5123,3871095,8887,7798483
2021-09-22 15:00:00,4161,3931635,4734.0,3576449,455.0,299835.0,4616,4231470,5189,3876284,9350,7807833
2021-09-23 15:00:00,4162,3935797,4676.0,3581125,488.0,300323.0,4650,4236120,5164,3881448,9326,7817159
2021-09-24 15:00:00,5063,3940860,5540.0,3586665,421.0,300744.0,5484,4241604,5961,3887409,11024,7828183
2021-09-25 15:00:00,3590,3944450,3631.0,3590296,384.0,301128.0,3974,4245578,4015,3891424,7605,7835788
2021-09-26 15:00:00,2351,3946801,2600.0,3592896,421.0,301549.0,2772,4248350,3021,3894445,5372,7841160
2021-09-27 15:00:00,4484,3951285,2691.0,3595587,506.0,302055.0,4990,4253340,3197,3897642,7681,7848841
2021-09-28 15:00:00,4392,3955677,4377.0,3599964,211.0,302266.0,4603,4257943,4588,3902230,8980,7857821
2021-09-29 15:00:00,4694,3960371,4481.0,3604445,917.0,303183.0,5611,4263554,5398,3907628,10092,7867913
2021-09-30 15:00:00,4855,3965226,4512.0,3608957,790.0,303973.0,5645,4269199,5302,3912930,10157,7878070
2021-10-01 15:00:00,5378,3970604,5263.0,3614220,773.0,304746.0,6151,4275350,6036,3918966,11414,7889484
2021-10-02 15:00:00,2905,3973509,2885.0,3617105,184.0,304930.0,3089,4278439,3069,3922035,5974,7895458
2021-10-03 15:00:00,2037,3975546,2176.0,3619281,71.0,305001.0,2108,4280547,2247,3924282,4284,7899742
2021-10-04 15:00:00,4136,3979682,3360.0,3622641,224.0,305225.0,4360,4284907,3584,3927866,7720,7907462
2021-10-05 15:00:00,4040,3983722,3563.0,3626204,203.0,305428.0,4243,4289150,3766,3931632,7806,7915268
2021-10-06 15:00:00,4106,3987828,3447.0,3629651,261.0,305689.0,4367,4293517,3708,3935340,7814,7923082
2021-10-07 15:00:00,4322,3992150,3475.0,3633126,314.0,306003.0,4636,4298153,3789,3939129,8111,7931193
2021-10-08 15:00:00,4889,3997039,4014.0,3637140,275.0,306278.0,5164,4303317,4289,3943418,9178,7940371
2021-10-09 15:00:00,2662,3999701,2665.0,3639805,267.0,306545.0,2929,4306246,2932,3946350,5594,7945965
2021-10-10 15:00:00,1855,4001556,1828.0,3641633,58.0,306603.0,1913,4308159,1886,3948236,3741,7949706
2021-10-11 15:00:00,4326,4005882,3133.0,3644766,236.0,306839.0,4562,4312721,3369,3951605,7695,7957401
2021-10-12 15:00:00,3663,4009545,3226.0,3647992,266.0,307105.0,3929,4316650,3492,3955097,7155,7964556
2021-10-13 15:00:00,3931,4013476,3390.0,3651382,342.0,307447.0,4273,4320923,3732,3958829,7663,7972219
2021-10-14 15:00:00,5091,4018567,5428.0,3656810,417.0,307864.0,5508,4326431,5845,3964674,10936,7983155
2021-10-15 15:00:00,4672,4023239,4513.0,3661323,340.0,308204.0,5012,4331443,4853,3969527,9525,7992680
2021-10-16 15:00:00,2461,4025700,2465.0,3663788,287.0,308491.0,2748,4334191,2752,3972279,5213,7997893
2021-10-17 15:00:00,1761,4027461,1759.0,3665547,51.0,308542.0,1812,4336003,1810,3974089,3571,8001464
2021-10-18 15:00:00,4205,4031666,3548.0,3669095,256.0,308798.0,4461,4340464,3804,3977893,8009,8009473
2021-10-19 15:00:00,4269,4035935,4004.0,3673099,214.0,309012.0,4483,4344947,4218,3982111,8487,8017960
2021-10-20 15:00:00,3432,4039367,3353.0,3676452,249.0,309261.0,3681,4348628,3602,3985713,7034,8024994
2021-10-21 15:00:00,3176,4042543,3209.0,3679661,278.0,309539.0,3454,4352082,3487,3989200,6663,8031657
2021-10-22 15:00:00,4451,4046994,5447.0,3685108,437.0,309976.0,4888,4356970,5884,3995084,10335,8041992
2021-10-23 15:00:00,2537,4049531,3017.0,3688125,287.0,310263.0,2824,4359794,3304,3998388,5841,8047833
2021-10-24 15:00:00,1757,4051288,2141.0,3690266,60.0,310323.0,1817,4361611,2201,4000589,3958,8051791
2021-10-25 15:00:00,3904,4055192,5093.0,3695359,226.0,310549.0,4130,4365741,5319,4005908,9223,8061014
2021-10-26 15:00:00,1498,4056690,1911.0,3697270,181.0,310730.0,1679,4367420,2092,4008000,3590,8064604
