VACCINATION_DATE,FirstDailyDose,FirstDoseCumulative,SecondDailyDose,SecondDoseCumulative,SingleDailyDose,SingleDoseCumulative,AtleastOneVaccine,AtleastOneVaccineCumulative,CompletedVax,CompletedVaxCumulative,FirstSecondSingleVaccinations,FirstSecondSingleVaccinationsCumulative
2020-12-14 15:00:00,7,326,,74,,,7,326,0,74,7,375
2020-12-15 15:00:00,21,347,1.0,75,,,21,347,1,75,22,397
2020-12-16 15:00:00,551,898,2.0,77,,,551,898,2,77,553,950
2020-12-17 15:00:00,1073,1971,,77,,,1073,1971,0,77,1073,2023
2020-12-18 15:00:00,2876,4847,2.0,79,,,2876,4847,2,79,2878,4901
2020-12-19 15:00:00,861,5708,1.0,80,,,861,5708,1,80,862,5763
2020-12-20 15:00:00,287,5995,3.0,83,,,287,5995,3,83,290,6053
2020-12-21 15:00:00,3739,9734,5.0,88,,,3739,9734,5,88,3744,9797
2020-12-22 15:00:00,6197,15931,7.0,95,,,6197,15931,7,95,6204,16001
2020-12-23 15:00:00,5515,21446,15.0,110,,,5515,21446,15,110,5530,21531
2020-12-24 15:00:00,2659,24105,5.0,115,,,2659,24105,5,115,2664,24195
2020-12-25 15:00:00,1031,25136,2.0,117,,,1031,25136,2,117,1033,25228
2020-12-26 15:00:00,1677,26813,3.0,120,,,1677,26813,3,120,1680,26908
2020-12-27 15:00:00,1774,28587,5.0,125,,,1774,28587,5,125,1779,28687
2020-12-28 15:00:00,8641,37228,16.0,141,,,8641,37228,16,141,8657,37344
2020-12-29 15:00:00,10525,47753,13.0,154,,,10525,47753,13,154,10538,47882
2020-12-30 15:00:00,12310,60063,27.0,181,,,12310,60063,27,181,12337,60219
2020-12-31 15:00:00,7418,67481,13.0,194,,,7418,67481,13,194,7431,67650
2021-01-01 15:00:00,1824,69305,48.0,242,,,1824,69305,48,242,1872,69522
2021-01-02 15:00:00,2706,72011,27.0,269,,,2706,72011,27,269,2733,72255
2021-01-03 15:00:00,3199,75210,70.0,339,,,3199,75210,70,339,3269,75524
2021-01-04 15:00:00,12942,88152,269.0,608,,,12942,88152,269,608,13211,88735
2021-01-05 15:00:00,12012,100164,454.0,1062,,,12012,100164,454,1062,12466,101201
2021-01-06 15:00:00,14791,114955,786.0,1848,,,14791,114955,786,1848,15577,116778
2021-01-07 15:00:00,14711,129666,1612.0,3460,,,14711,129666,1612,3460,16323,133101
2021-01-08 15:00:00,23729,153395,2584.0,6044,,,23729,153395,2584,6044,26313,159414
2021-01-09 15:00:00,4995,158390,876.0,6920,,,4995,158390,876,6920,5871,165285
2021-01-10 15:00:00,2778,161168,345.0,7265,,,2778,161168,345,7265,3123,168408
2021-01-11 15:00:00,13505,174673,3279.0,10544,,,13505,174673,3279,10544,16784,185192
2021-01-12 15:00:00,17073,191746,5366.0,15910,,,17073,191746,5366,15910,22439,207631
2021-01-13 15:00:00,18269,210015,3730.0,19640,,,18269,210015,3730,19640,21999,229630
2021-01-14 15:00:00,17525,227540,1850.0,21490,,,17525,227540,1850,21490,19375,249005
2021-01-15 15:00:00,19057,246597,1843.0,23333,,,19057,246597,1843,23333,20900,269905
2021-01-16 15:00:00,5554,252151,1535.0,24868,,,5554,252151,1535,24868,7089,276994
2021-01-17 15:00:00,2126,254277,1325.0,26193,,,2126,254277,1325,26193,3451,280445
2021-01-18 15:00:00,7164,261441,2905.0,29098,,,7164,261441,2905,29098,10069,290514
2021-01-19 15:00:00,16801,278242,5022.0,34120,,,16801,278242,5022,34120,21823,312337
2021-01-20 15:00:00,20779,299021,5041.0,39161,,,20779,299021,5041,39161,25820,338157
2021-01-21 15:00:00,23281,322302,3475.0,42636,,,23281,322302,3475,42636,26756,364913
2021-01-22 15:00:00,28483,350785,3303.0,45939,,,28483,350785,3303,45939,31786,396699
2021-01-23 15:00:00,9666,360451,1605.0,47544,,,9666,360451,1605,47544,11271,407970
2021-01-24 15:00:00,3303,363754,1578.0,49122,,,3303,363754,1578,49122,4881,412851
2021-01-25 15:00:00,16311,380065,8139.0,57261,,,16311,380065,8139,57261,24450,437301
2021-01-26 15:00:00,17481,397546,8586.0,65847,,,17481,397546,8586,65847,26067,463368
2021-01-27 15:00:00,24208,421754,12163.0,78010,,,24208,421754,12163,78010,36371,499739
2021-01-28 15:00:00,22483,444237,9023.0,87033,,,22483,444237,9023,87033,31506,531245
2021-01-29 15:00:00,24158,468395,7224.0,94257,,,24158,468395,7224,94257,31382,562627
2021-01-30 15:00:00,17539,485934,2334.0,96591,,,17539,485934,2334,96591,19873,582500
2021-01-31 15:00:00,3692,489626,1230.0,97821,,,3692,489626,1230,97821,4922,587422
2021-02-01 15:00:00,6758,496384,4386.0,102207,,,6758,496384,4386,102207,11144,598566
2021-02-02 15:00:00,12123,508507,13431.0,115638,,,12123,508507,13431,115638,25554,624120
2021-02-03 15:00:00,17847,526354,17811.0,133449,,,17847,526354,17811,133449,35658,659778
2021-02-04 15:00:00,21819,548173,15359.0,148808,,,21819,548173,15359,148808,37178,696956
2021-02-05 15:00:00,19985,568158,17025.0,165833,,,19985,568158,17025,165833,37010,733966
2021-02-06 15:00:00,11091,579249,14223.0,180056,,,11091,579249,14223,180056,25314,759280
2021-02-07 15:00:00,5852,585101,1679.0,181735,,,5852,585101,1679,181735,7531,766811
2021-02-08 15:00:00,12721,597822,12620.0,194355,,,12721,597822,12620,194355,25341,792152
2021-02-09 15:00:00,16336,614158,13465.0,207820,,,16336,614158,13465,207820,29801,821953
2021-02-10 15:00:00,19022,633180,20881.0,228701,,,19022,633180,20881,228701,39903,861856
2021-02-11 15:00:00,22694,655874,17001.0,245702,,,22694,655874,17001,245702,39695,901551
2021-02-12 15:00:00,20153,676027,19203.0,264905,,,20153,676027,19203,264905,39356,940907
2021-02-13 15:00:00,11282,687309,6017.0,270922,,,11282,687309,6017,270922,17299,958206
2021-02-14 15:00:00,7030,694339,1984.0,272906,,,7030,694339,1984,272906,9014,967220
2021-02-15 15:00:00,11620,705959,12912.0,285818,,,11620,705959,12912,285818,24532,991752
2021-02-16 15:00:00,16441,722400,20692.0,306510,,,16441,722400,20692,306510,37133,1028885
2021-02-17 15:00:00,20471,742871,25994.0,332504,,,20471,742871,25994,332504,46465,1075350
2021-02-18 15:00:00,3111,745982,4430.0,336934,,,3111,745982,4430,336934,7541,1082891
2021-02-19 15:00:00,10435,756417,19311.0,356245,,,10435,756417,19311,356245,29746,1112637
2021-02-20 15:00:00,10261,766678,19896.0,376141,,,10261,766678,19896,376141,30157,1142794
2021-02-21 15:00:00,6065,772743,7460.0,383601,,,6065,772743,7460,383601,13525,1156319
2021-02-22 15:00:00,7979,780722,15067.0,398668,,,7979,780722,15067,398668,23046,1179365
2021-02-23 15:00:00,15348,796070,15635.0,414303,,,15348,796070,15635,414303,30983,1210348
2021-02-24 15:00:00,17812,813882,24378.0,438681,,,17812,813882,24378,438681,42190,1252538
2021-02-25 15:00:00,20200,834082,26173.0,464854,,,20200,834082,26173,464854,46373,1298911
2021-02-26 15:00:00,26520,860602,25727.0,490581,,,26520,860602,25727,490581,52247,1351158
2021-02-27 15:00:00,15824,876426,10917.0,501498,,,15824,876426,10917,501498,26741,1377899
2021-02-28 15:00:00,15439,891865,4620.0,506118,,,15439,891865,4620,506118,20059,1397958
2021-03-01 15:00:00,24537,916402,11593.0,517711,,,24537,916402,11593,517711,36130,1434088
2021-03-02 15:00:00,23474,939876,12867.0,530578,24.0,24.0,23498,939900,12891,530602,36365,1470453
2021-03-03 15:00:00,29528,969404,17976.0,548554,152.0,176.0,29680,969580,18128,548730,47656,1518109
2021-03-04 15:00:00,30567,999971,17830.0,566384,4062.0,4238.0,34629,1004209,21892,570622,52459,1570568
2021-03-05 15:00:00,28541,1028512,18826.0,585210,4892.0,9130.0,33433,1037642,23718,594340,52259,1622827
2021-03-06 15:00:00,17603,1046115,8718.0,593928,5960.0,15090.0,23563,1061205,14678,609018,32281,1655108
2021-03-07 15:00:00,11944,1058059,4716.0,598644,6561.0,21651.0,18505,1079710,11277,620295,23221,1678329
2021-03-08 15:00:00,25490,1083549,8487.0,607131,8235.0,29886.0,33725,1113435,16722,637017,42212,1720541
2021-03-09 15:00:00,25742,1109291,15096.0,622227,8301.0,38187.0,34043,1147478,23397,660414,49139,1769680
2021-03-10 15:00:00,29394,1138685,15591.0,637818,7912.0,46099.0,37306,1184784,23503,683917,52897,1822577
2021-03-11 15:00:00,33709,1172394,16108.0,653926,3962.0,50061.0,37671,1222455,20070,703987,53779,1876356
2021-03-12 15:00:00,36557,1208951,17651.0,671577,2895.0,52956.0,39452,1261907,20546,724533,57103,1933459
2021-03-13 15:00:00,22457,1231408,9982.0,681559,1566.0,54522.0,24023,1285930,11548,736081,34005,1967464
2021-03-14 15:00:00,17704,1249112,6538.0,688097,973.0,55495.0,18677,1304607,7511,743592,25215,1992679
2021-03-15 15:00:00,29407,1278519,10914.0,699011,560.0,56055.0,29967,1334574,11474,755066,40881,2033560
2021-03-16 15:00:00,33021,1311540,13161.0,712172,760.0,56815.0,33781,1368355,13921,768987,46942,2080502
2021-03-17 15:00:00,37164,1348704,16585.0,728757,1149.0,57964.0,38313,1406668,17734,786721,54898,2135400
2021-03-18 15:00:00,40968,1389672,12175.0,740932,1338.0,59302.0,42306,1448974,13513,800234,54481,2189881
2021-03-19 15:00:00,37658,1427330,14985.0,755917,1025.0,60327.0,38683,1487657,16010,816244,53668,2243549
2021-03-20 15:00:00,24233,1451563,9778.0,765695,678.0,61005.0,24911,1512568,10456,826700,34689,2278238
2021-03-21 15:00:00,18885,1470448,7621.0,773316,314.0,61319.0,19199,1531767,7935,834635,26820,2305058
2021-03-22 15:00:00,32346,1502794,11051.0,784367,822.0,62141.0,33168,1564935,11873,846508,44219,2349277
2021-03-23 15:00:00,37471,1540265,16881.0,801248,1527.0,63668.0,38998,1603933,18408,864916,55879,2405156
2021-03-24 15:00:00,40702,1580967,20607.0,821855,1358.0,65026.0,42060,1645993,21965,886881,62667,2467823
2021-03-25 15:00:00,42008,1622975,20458.0,842313,2457.0,67483.0,44465,1690458,22915,909796,64923,2532746
2021-03-26 15:00:00,36469,1659444,25404.0,867717,2495.0,69978.0,38964,1729422,27899,937695,64368,2597114
2021-03-27 15:00:00,26874,1686318,16502.0,884219,2385.0,72363.0,29259,1758681,18887,956582,45761,2642875
2021-03-28 15:00:00,16901,1703219,12430.0,896649,1614.0,73977.0,18515,1777196,14044,970626,30945,2673820
2021-03-29 15:00:00,29606,1732825,25762.0,922411,1125.0,75102.0,30731,1807927,26887,997513,56493,2730313
2021-03-30 15:00:00,39782,1772607,28442.0,950853,1834.0,76936.0,41616,1849543,30276,1027789,70058,2800371
2021-03-31 15:00:00,40725,1813332,34029.0,984882,5731.0,82667.0,46456,1895999,39760,1067549,80485,2880856
2021-04-01 15:00:00,40988,1854320,36735.0,1021617,5475.0,88142.0,46463,1942462,42210,1109759,83198,2964054
2021-04-02 15:00:00,34647,1888967,31714.0,1053331,5792.0,93934.0,40439,1982901,37506,1147265,72153,3036207
2021-04-03 15:00:00,21467,1910434,18274.0,1071605,4412.0,98346.0,25879,2008780,22686,1169951,44153,3080360
2021-04-04 15:00:00,8263,1918697,10009.0,1081614,946.0,99292.0,9209,2017989,10955,1180906,19218,3099578
2021-04-05 15:00:00,27732,1946429,28331.0,1109945,6611.0,105903.0,34343,2052332,34942,1215848,62674,3162252
2021-04-06 15:00:00,39622,1986051,29834.0,1139779,10458.0,116361.0,50080,2102412,40292,1256140,79914,3242166
2021-04-07 15:00:00,35733,2021784,33535.0,1173314,12899.0,129260.0,48632,2151044,46434,1302574,82167,3324333
2021-04-08 15:00:00,41991,2063775,35532.0,1208846,13807.0,143067.0,55798,2206842,49339,1351913,91330,3415663
2021-04-09 15:00:00,33731,2097506,35704.0,1244550,14444.0,157511.0,48175,2255017,50148,1402061,83879,3499542
2021-04-10 15:00:00,23344,2120850,22731.0,1267281,7571.0,165082.0,30915,2285932,30302,1432363,53646,3553188
2021-04-11 15:00:00,17513,2138363,13143.0,1280424,10076.0,175158.0,27589,2313521,23219,1455582,40732,3593920
2021-04-12 15:00:00,24539,2162902,32744.0,1313168,10883.0,186041.0,35422,2348943,43627,1499209,68166,3662086
2021-04-13 15:00:00,126678,2289580,90109.0,1403277,3294.0,189335.0,129972,2478915,93403,1592612,220081,3882167
2021-04-14 15:00:00,40496,2330076,37199.0,1440476,203.0,189538.0,40699,2519614,37402,1630014,77898,3960065
2021-04-15 15:00:00,41410,2371486,38490.0,1478966,167.0,189705.0,41577,2561191,38657,1668671,80067,4040132
2021-04-16 15:00:00,36966,2408452,38190.0,1517156,20.0,189725.0,36986,2598177,38210,1706881,75176,4115308
2021-04-17 15:00:00,32688,2441140,21630.0,1538786,11.0,189736.0,32699,2630876,21641,1728522,54329,4169637
2021-04-18 15:00:00,19718,2460858,15940.0,1554726,4.0,189740.0,19722,2650598,15944,1744466,35662,4205299
2021-04-19 15:00:00,29654,2490512,36036.0,1590762,62.0,189802.0,29716,2680314,36098,1780564,65752,4271051
2021-04-20 15:00:00,32382,2522894,43076.0,1633838,52.0,189854.0,32434,2712748,43128,1823692,75510,4346561
2021-04-21 15:00:00,38519,2561413,44237.0,1678075,19.0,189873.0,38538,2751286,44256,1867948,82775,4429336
2021-04-22 15:00:00,35819,2597232,40123.0,1718198,16.0,189889.0,35835,2787121,40139,1908087,75958,4505294
2021-04-23 15:00:00,32351,2629583,38862.0,1757060,16.0,189905.0,32367,2819488,38878,1946965,71229,4576523
2021-04-24 15:00:00,26293,2655876,27515.0,1784575,75.0,189980.0,26368,2845856,27590,1974555,53883,4630406
2021-04-25 15:00:00,20177,2676053,10722.0,1795297,29.0,190009.0,20206,2866062,10751,1985306,30928,4661334
2021-04-26 15:00:00,27000,2703053,31972.0,1827269,205.0,190214.0,27205,2893267,32177,2017483,59177,4720511
2021-04-27 15:00:00,26460,2729513,32407.0,1859676,1096.0,191310.0,27556,2920823,33503,2050986,59963,4780474
2021-04-28 15:00:00,28518,2758031,38423.0,1898099,1358.0,192668.0,29876,2950699,39781,2090767,68299,4848773
2021-04-29 15:00:00,26899,2784930,38263.0,1936362,1455.0,194123.0,28354,2979053,39718,2130485,66617,4915390
2021-04-30 15:00:00,27521,2812451,31091.0,1967453,1616.0,195739.0,29137,3008190,32707,2163192,60228,4975618
2021-05-01 15:00:00,19761,2832212,24902.0,1992355,976.0,196715.0,20737,3028927,25878,2189070,45639,5021257
2021-05-02 15:00:00,10209,2842421,16883.0,2009238,804.0,197519.0,11013,3039940,17687,2206757,27896,5049153
2021-05-03 15:00:00,12890,2855311,29065.0,2038303,1906.0,199425.0,14796,3054736,30971,2237728,43861,5093014
2021-05-04 15:00:00,13917,2869228,38276.0,2076579,1722.0,201147.0,15639,3070375,39998,2277726,53915,5146929
2021-05-05 15:00:00,18895,2888123,36606.0,2113185,1901.0,203048.0,20796,3091171,38507,2316233,57402,5204331
2021-05-06 15:00:00,16828,2904951,39024.0,2152209,1694.0,204742.0,18522,3109693,40718,2356951,57546,5261877
2021-05-07 15:00:00,17231,2922182,34841.0,2187050,1919.0,206661.0,19150,3128843,36760,2393711,53991,5315868
2021-05-08 15:00:00,10564,2932746,30497.0,2217547,1287.0,207948.0,11851,3140694,31784,2425495,42348,5358216
2021-05-09 15:00:00,5157,2937903,11556.0,2229103,691.0,208639.0,5848,3146542,12247,2437742,17404,5375620
2021-05-10 15:00:00,8844,2946747,30491.0,2259594,1348.0,209987.0,10192,3156734,31839,2469581,40683,5416303
2021-05-11 15:00:00,11866,2958613,28935.0,2288529,1428.0,211415.0,13294,3170028,30363,2499944,42229,5458532
2021-05-12 15:00:00,14186,2972799,37523.0,2326052,1885.0,213300.0,16071,3186099,39408,2539352,53594,5512126
2021-05-13 15:00:00,21531,2994330,32685.0,2358737,1343.0,214643.0,22874,3208973,34028,2573380,55559,5567685
2021-05-14 15:00:00,24015,3018345,28990.0,2387727,1757.0,216400.0,25772,3234745,30747,2604127,54762,5622447
2021-05-15 15:00:00,21690,3040035,24673.0,2412400,1478.0,217878.0,23168,3257913,26151,2630278,47841,5670288
2021-05-16 15:00:00,8890,3048925,17273.0,2429673,1096.0,218974.0,9986,3267899,18369,2648647,27259,5697547
2021-05-17 15:00:00,16999,3065924,27796.0,2457469,1926.0,220900.0,18925,3286824,29722,2678369,46721,5744268
2021-05-18 15:00:00,20860,3086784,29789.0,2487258,1907.0,222807.0,22767,3309591,31696,2710065,52556,5796824
2021-05-19 15:00:00,27888,3114672,31485.0,2518743,1614.0,224421.0,29502,3339093,33099,2743164,60987,5857811
2021-05-20 15:00:00,20784,3135456,32175.0,2550918,1948.0,226369.0,22732,3361825,34123,2777287,54907,5912718
2021-05-21 15:00:00,19429,3154885,29402.0,2580320,1598.0,227967.0,21027,3382852,31000,2808287,50429,5963147
2021-05-22 15:00:00,16743,3171628,20332.0,2600652,1256.0,229223.0,17999,3400851,21588,2829875,38331,6001478
2021-05-23 15:00:00,8620,3180248,11019.0,2611671,951.0,230174.0,9571,3410422,11970,2841845,20590,6022068
2021-05-24 15:00:00,13188,3193436,17187.0,2628858,1447.0,231621.0,14635,3425057,18634,2860479,31822,6053890
2021-05-25 15:00:00,12436,3205872,17695.0,2646553,1239.0,232860.0,13675,3438732,18934,2879413,31370,6085260
2021-05-26 15:00:00,17166,3223038,18237.0,2664790,1377.0,234237.0,18543,3457275,19614,2899027,36780,6122040
2021-05-27 15:00:00,11708,3234746,18103.0,2682893,1063.0,235300.0,12771,3470046,19166,2918193,30874,6152914
2021-05-28 15:00:00,12611,3247357,19165.0,2702058,1388.0,236688.0,13999,3484045,20553,2938746,33164,6186078
2021-05-29 15:00:00,9747,3257104,11230.0,2713288,922.0,237610.0,10669,3494714,12152,2950898,21899,6207977
2021-05-30 15:00:00,4930,3262034,6348.0,2719636,579.0,238189.0,5509,3500223,6927,2957825,11857,6219834
2021-05-31 15:00:00,1756,3263790,3603.0,2723239,305.0,238494.0,2061,3502284,3908,2961733,5664,6225498
2021-06-01 15:00:00,9586,3273376,15783.0,2739022,1091.0,239585.0,10677,3512961,16874,2978607,26460,6251958
2021-06-02 15:00:00,10299,3283675,16206.0,2755228,924.0,240509.0,11223,3524184,17130,2995737,27429,6279387
2021-06-03 15:00:00,8178,3291853,20519.0,2775747,1046.0,241555.0,9224,3533408,21565,3017302,29743,6309130
2021-06-04 15:00:00,8450,3300303,21510.0,2797257,1042.0,242597.0,9492,3542900,22552,3039854,31002,6340132
2021-06-05 15:00:00,7102,3307405,19011.0,2816268,697.0,243294.0,7799,3550699,19708,3059562,26810,6366942
2021-06-06 15:00:00,3540,3310945,6947.0,2823215,376.0,243670.0,3916,3554615,7323,3066885,10863,6377805
2021-06-07 15:00:00,6906,3317851,15377.0,2838592,702.0,244372.0,7608,3562223,16079,3082964,22985,6400790
2021-06-08 15:00:00,7015,3324866,18997.0,2857589,785.0,245157.0,7800,3570023,19782,3102746,26797,6427587
2021-06-09 15:00:00,8121,3332987,23336.0,2880925,909.0,246066.0,9030,3579053,24245,3126991,32366,6459953
2021-06-10 15:00:00,7123,3340110,18514.0,2899439,854.0,246920.0,7977,3587030,19368,3146359,26491,6486444
2021-06-11 15:00:00,7450,3347560,17209.0,2916648,1103.0,248023.0,8553,3595583,18312,3164671,25762,6512206
2021-06-12 15:00:00,5178,3352738,14399.0,2931047,596.0,248619.0,5774,3601357,14995,3179666,20173,6532379
2021-06-13 15:00:00,1978,3354716,7352.0,2938399,395.0,249014.0,2373,3603730,7747,3187413,9725,6542104
2021-06-14 15:00:00,5469,3360185,10976.0,2949375,661.0,249675.0,6130,3609860,11637,3199050,17106,6559210
2021-06-15 15:00:00,5559,3365744,13343.0,2962718,751.0,250426.0,6310,3616170,14094,3213144,19653,6578863
2021-06-16 15:00:00,9012,3374756,19724.0,2982442,704.0,251130.0,9716,3625886,20428,3233572,29440,6608303
2021-06-17 15:00:00,4780,3379536,9264.0,2991706,523.0,251653.0,5303,3631189,9787,3243359,14567,6622870
2021-06-18 15:00:00,2878,3382414,5873.0,2997579,431.0,252084.0,3309,3634498,6304,3249663,9182,6632052
