VACCINATION_DATE,FirstDailyDose,FirstDoseCumulative,SecondDailyDose,SecondDoseCumulative,SingleDailyDose,SingleDoseCumulative,AtleastOneVaccine,AtleastOneVaccineCumulative,CompletedVax,CompletedVaxCumulative,FirstSecondSingleVaccinations,FirstSecondSingleVaccinationsCumulative
2020-12-14 15:00:00,3,182,,49,,,3,182,0,49,3,204
2020-12-15 15:00:00,12,194,1.0,50,,,12,194,1,50,13,217
2020-12-16 15:00:00,544,738,2.0,52,,,544,738,2,52,546,763
2020-12-17 15:00:00,1054,1792,,52,,,1054,1792,0,52,1054,1817
2020-12-18 15:00:00,2866,4658,2.0,54,,,2866,4658,2,54,2868,4685
2020-12-19 15:00:00,850,5508,1.0,55,,,850,5508,1,55,851,5536
2020-12-20 15:00:00,282,5790,1.0,56,,,282,5790,1,56,283,5819
2020-12-21 15:00:00,3722,9512,1.0,57,,,3722,9512,1,57,3723,9542
2020-12-22 15:00:00,6183,15695,1.0,58,,,6183,15695,1,58,6184,15726
2020-12-23 15:00:00,5471,21166,6.0,64,,,5471,21166,6,64,5477,21203
2020-12-24 15:00:00,2644,23810,3.0,67,,,2644,23810,3,67,2647,23850
2020-12-25 15:00:00,1030,24840,1.0,68,,,1030,24840,1,68,1031,24881
2020-12-26 15:00:00,1651,26491,3.0,71,,,1651,26491,3,71,1654,26535
2020-12-27 15:00:00,1766,28257,4.0,75,,,1766,28257,4,75,1770,28305
2020-12-28 15:00:00,8618,36875,10.0,85,,,8618,36875,10,85,8628,36933
2020-12-29 15:00:00,10334,47209,7.0,92,,,10334,47209,7,92,10341,47274
2020-12-30 15:00:00,12175,59384,13.0,105,,,12175,59384,13,105,12188,59462
2020-12-31 15:00:00,7309,66693,13.0,118,,,7309,66693,13,118,7322,66784
2021-01-01 15:00:00,1609,68302,22.0,140,,,1609,68302,22,140,1631,68415
2021-01-02 15:00:00,2601,70903,23.0,163,,,2601,70903,23,163,2624,71039
2021-01-03 15:00:00,3163,74066,67.0,230,,,3163,74066,67,230,3230,74269
2021-01-04 15:00:00,12841,86907,249.0,479,,,12841,86907,249,479,13090,87359
2021-01-05 15:00:00,11702,98609,440.0,919,,,11702,98609,440,919,12142,99501
2021-01-06 15:00:00,14666,113275,770.0,1689,,,14666,113275,770,1689,15436,114937
2021-01-07 15:00:00,14623,127898,1592.0,3281,,,14623,127898,1592,3281,16215,131152
2021-01-08 15:00:00,23588,151486,2560.0,5841,,,23588,151486,2560,5841,26148,157300
2021-01-09 15:00:00,4842,156328,869.0,6710,,,4842,156328,869,6710,5711,163011
2021-01-10 15:00:00,2744,159072,335.0,7045,,,2744,159072,335,7045,3079,166090
2021-01-11 15:00:00,13295,172367,3257.0,10302,,,13295,172367,3257,10302,16552,182642
2021-01-12 15:00:00,16669,189036,5317.0,15619,,,16669,189036,5317,15619,21986,204628
2021-01-13 15:00:00,17855,206891,3638.0,19257,,,17855,206891,3638,19257,21493,226121
2021-01-14 15:00:00,17370,224261,1820.0,21077,,,17370,224261,1820,21077,19190,245311
2021-01-15 15:00:00,18961,243222,1797.0,22874,,,18961,243222,1797,22874,20758,266069
2021-01-16 15:00:00,5691,248913,1316.0,24190,,,5691,248913,1316,24190,7007,273076
2021-01-17 15:00:00,2093,251006,1321.0,25511,,,2093,251006,1321,25511,3414,276490
2021-01-18 15:00:00,7124,258130,2882.0,28393,,,7124,258130,2882,28393,10006,286496
2021-01-19 15:00:00,16433,274563,4637.0,33030,,,16433,274563,4637,33030,21070,307566
2021-01-20 15:00:00,20506,295069,4801.0,37831,,,20506,295069,4801,37831,25307,332873
2021-01-21 15:00:00,22886,317955,3249.0,41080,,,22886,317955,3249,41080,26135,359008
2021-01-22 15:00:00,28290,346245,3226.0,44306,,,28290,346245,3226,44306,31516,390524
2021-01-23 15:00:00,9462,355707,1496.0,45802,,,9462,355707,1496,45802,10958,401482
2021-01-24 15:00:00,3276,358983,1566.0,47368,,,3276,358983,1566,47368,4842,406324
2021-01-25 15:00:00,16186,375169,8121.0,55489,,,16186,375169,8121,55489,24307,430631
2021-01-26 15:00:00,17245,392414,8323.0,63812,,,17245,392414,8323,63812,25568,456199
2021-01-27 15:00:00,24050,416464,12018.0,75830,,,24050,416464,12018,75830,36068,492267
2021-01-28 15:00:00,22210,438674,8894.0,84724,,,22210,438674,8894,84724,31104,523371
2021-01-29 15:00:00,23556,462230,6897.0,91621,,,23556,462230,6897,91621,30453,553824
2021-01-30 15:00:00,17370,479600,2282.0,93903,,,17370,479600,2282,93903,19652,573476
2021-01-31 15:00:00,3659,483259,1206.0,95109,,,3659,483259,1206,95109,4865,578341
2021-02-01 15:00:00,6449,489708,4110.0,99219,,,6449,489708,4110,99219,10559,588900
2021-02-02 15:00:00,11750,501458,13191.0,112410,,,11750,501458,13191,112410,24941,613841
2021-02-03 15:00:00,17490,518948,17685.0,130095,,,17490,518948,17685,130095,35175,649016
2021-02-04 15:00:00,21533,540481,15179.0,145274,,,21533,540481,15179,145274,36712,685728
2021-02-05 15:00:00,19760,560241,16871.0,162145,,,19760,560241,16871,162145,36631,722359
2021-02-06 15:00:00,11044,571285,14061.0,176206,,,11044,571285,14061,176206,25105,747464
2021-02-07 15:00:00,5840,577125,1584.0,177790,,,5840,577125,1584,177790,7424,754888
2021-02-08 15:00:00,12539,589664,12395.0,190185,,,12539,589664,12395,190185,24934,779822
2021-02-09 15:00:00,16115,605779,13199.0,203384,,,16115,605779,13199,203384,29314,809136
2021-02-10 15:00:00,18927,624706,20633.0,224017,,,18927,624706,20633,224017,39560,848696
2021-02-11 15:00:00,22722,647428,16783.0,240800,,,22722,647428,16783,240800,39505,888201
2021-02-12 15:00:00,19799,667227,19028.0,259828,,,19799,667227,19028,259828,38827,927028
2021-02-13 15:00:00,10950,678177,5946.0,265774,,,10950,678177,5946,265774,16896,943924
2021-02-14 15:00:00,6961,685138,1951.0,267725,,,6961,685138,1951,267725,8912,952836
2021-02-15 15:00:00,11716,696854,12051.0,279776,,,11716,696854,12051,279776,23767,976603
2021-02-16 15:00:00,16456,713310,20464.0,300240,,,16456,713310,20464,300240,36920,1013523
2021-02-17 15:00:00,20520,733830,25626.0,325866,,,20520,733830,25626,325866,46146,1059669
2021-02-18 15:00:00,3334,737164,4205.0,330071,,,3334,737164,4205,330071,7539,1067208
2021-02-19 15:00:00,10744,747908,18878.0,348949,,,10744,747908,18878,348949,29622,1096830
2021-02-20 15:00:00,10066,757974,19713.0,368662,,,10066,757974,19713,368662,29779,1126609
2021-02-21 15:00:00,6044,764018,7221.0,375883,,,6044,764018,7221,375883,13265,1139874
2021-02-22 15:00:00,8062,772080,14893.0,390776,,,8062,772080,14893,390776,22955,1162829
2021-02-23 15:00:00,15457,787537,15275.0,406051,,,15457,787537,15275,406051,30732,1193561
2021-02-24 15:00:00,17763,805300,24206.0,430257,,,17763,805300,24206,430257,41969,1235530
2021-02-25 15:00:00,20102,825402,25895.0,456152,,,20102,825402,25895,456152,45997,1281527
2021-02-26 15:00:00,26345,851747,25325.0,481477,,,26345,851747,25325,481477,51670,1333197
2021-02-27 15:00:00,15799,867546,10743.0,492220,,,15799,867546,10743,492220,26542,1359739
2021-02-28 15:00:00,15405,882951,4433.0,496653,,,15405,882951,4433,496653,19838,1379577
2021-03-01 15:00:00,24139,907090,11319.0,507972,,,24139,907090,11319,507972,35458,1415035
2021-03-02 15:00:00,23306,930396,12809.0,520781,13.0,13.0,23319,930409,12822,520794,36128,1451163
2021-03-03 15:00:00,29287,959683,17796.0,538577,138.0,151.0,29425,959834,17934,538728,47221,1498384
2021-03-04 15:00:00,30388,990071,17578.0,556155,4058.0,4209.0,34446,994280,21636,560364,52024,1550408
2021-03-05 15:00:00,28415,1018486,18587.0,574742,4840.0,9049.0,33255,1027535,23427,583791,51842,1602250
2021-03-06 15:00:00,17523,1036009,8612.0,583354,5949.0,14998.0,23472,1051007,14561,598352,32084,1634334
2021-03-07 15:00:00,11925,1047934,4470.0,587824,6560.0,21558.0,18485,1069492,11030,609382,22955,1657289
2021-03-08 15:00:00,25321,1073255,8358.0,596182,8182.0,29740.0,33503,1102995,16540,625922,41861,1699150
2021-03-09 15:00:00,25549,1098804,14921.0,611103,8250.0,37990.0,33799,1136794,23171,649093,48720,1747870
2021-03-10 15:00:00,29032,1127836,15438.0,626541,7896.0,45886.0,36928,1173722,23334,672427,52366,1800236
2021-03-11 15:00:00,33469,1161305,15862.0,642403,3699.0,49585.0,37168,1210890,19561,691988,53030,1853266
2021-03-12 15:00:00,35766,1197071,16196.0,658599,2507.0,52092.0,38273,1249163,18703,710691,54469,1907735
2021-03-13 15:00:00,21372,1218443,8921.0,667520,1382.0,53474.0,22754,1271917,10303,720994,31675,1939410
2021-03-14 15:00:00,16356,1234799,5483.0,673003,917.0,54391.0,17273,1289190,6400,727394,22756,1962166
2021-03-15 15:00:00,28810,1263609,10452.0,683455,538.0,54929.0,29348,1318538,10990,738384,39800,2001966
2021-03-16 15:00:00,32874,1296483,13030.0,696485,758.0,55687.0,33632,1352170,13788,752172,46662,2048628
2021-03-17 15:00:00,36985,1333468,16405.0,712890,1134.0,56821.0,38119,1390289,17539,769711,54524,2103152
2021-03-18 15:00:00,40780,1374248,11929.0,724819,1289.0,58110.0,42069,1432358,13218,782929,53998,2157150
2021-03-19 15:00:00,37412,1411660,14829.0,739648,1003.0,59113.0,38415,1470773,15832,798761,53244,2210394
2021-03-20 15:00:00,24102,1435762,9690.0,749338,662.0,59775.0,24764,1495537,10352,809113,34454,2244848
2021-03-21 15:00:00,18782,1454544,7325.0,756663,304.0,60079.0,19086,1514623,7629,816742,26411,2271259
2021-03-22 15:00:00,32067,1486611,10883.0,767546,815.0,60894.0,32882,1547505,11698,828440,43765,2315024
2021-03-23 15:00:00,37061,1523672,16662.0,784208,1502.0,62396.0,38563,1586068,18164,846604,55225,2370249
2021-03-24 15:00:00,40518,1564190,20336.0,804544,1345.0,63741.0,41863,1627931,21681,868285,62199,2432448
2021-03-25 15:00:00,41832,1606022,20146.0,824690,2452.0,66193.0,44284,1672215,22598,890883,64430,2496878
2021-03-26 15:00:00,36357,1642379,25089.0,849779,2485.0,68678.0,38842,1711057,27574,918457,63931,2560809
2021-03-27 15:00:00,26810,1669189,16366.0,866145,2380.0,71058.0,29190,1740247,18746,937203,45556,2606365
2021-03-28 15:00:00,16924,1686113,12276.0,878421,1609.0,72667.0,18533,1758780,13885,951088,30809,2637174
2021-03-29 15:00:00,29570,1715683,25502.0,903923,1111.0,73778.0,30681,1789461,26613,977701,56183,2693357
2021-03-30 15:00:00,39271,1754954,28030.0,931953,1808.0,75586.0,41079,1830540,29838,1007539,69109,2762466
2021-03-31 15:00:00,40541,1795495,33592.0,965545,5689.0,81275.0,46230,1876770,39281,1046820,79822,2842288
2021-04-01 15:00:00,40277,1835772,36158.0,1001703,5405.0,86680.0,45682,1922452,41563,1088383,81840,2924128
2021-04-02 15:00:00,34822,1870594,30911.0,1032614,5744.0,92424.0,40566,1963018,36655,1125038,71477,2995605
2021-04-03 15:00:00,21849,1892443,17679.0,1050293,4320.0,96744.0,26169,1989187,21999,1147037,43848,3039453
2021-04-04 15:00:00,8970,1901413,9208.0,1059501,907.0,97651.0,9877,1999064,10115,1157152,19085,3058538
2021-04-05 15:00:00,27920,1929333,27635.0,1087136,6560.0,104211.0,34480,2033544,34195,1191347,62115,3120653
2021-04-06 15:00:00,39441,1968774,29448.0,1116584,10418.0,114629.0,49859,2083403,39866,1231213,79307,3199960
2021-04-07 15:00:00,35409,2004183,33147.0,1149731,12628.0,127257.0,48037,2131440,45775,1276988,81184,3281144
2021-04-08 15:00:00,41748,2045931,35160.0,1184891,13620.0,140877.0,55368,2186808,48780,1325768,90528,3371672
2021-04-09 15:00:00,33569,2079500,35416.0,1220307,14386.0,155263.0,47955,2234763,49802,1375570,83371,3455043
2021-04-10 15:00:00,23519,2103019,22325.0,1242632,7520.0,162783.0,31039,2265802,29845,1405415,53364,3508407
2021-04-11 15:00:00,17789,2120808,12685.0,1255317,10032.0,172815.0,27821,2293623,22717,1428132,40506,3548913
2021-04-12 15:00:00,24400,2145208,32191.0,1287508,10806.0,183621.0,35206,2328829,42997,1471129,67397,3616310
2021-04-13 15:00:00,126562,2271770,89799.0,1377307,3287.0,186908.0,129849,2458678,93086,1564215,219648,3835958
2021-04-14 15:00:00,40380,2312150,36947.0,1414254,199.0,187107.0,40579,2499257,37146,1601361,77526,3913484
2021-04-15 15:00:00,41070,2353220,38207.0,1452461,165.0,187272.0,41235,2540492,38372,1639733,79442,3992926
2021-04-16 15:00:00,36812,2390032,37912.0,1490373,17.0,187289.0,36829,2577321,37929,1677662,74741,4067667
2021-04-17 15:00:00,32555,2422587,21502.0,1511875,10.0,187299.0,32565,2609886,21512,1699174,54067,4121734
2021-04-18 15:00:00,19408,2441995,15771.0,1527646,3.0,187302.0,19411,2629297,15774,1714948,35182,4156916
2021-04-19 15:00:00,29319,2471314,35442.0,1563088,61.0,187363.0,29380,2658677,35503,1750451,64822,4221738
2021-04-20 15:00:00,31776,2503090,41935.0,1605023,50.0,187413.0,31826,2690503,41985,1792436,73761,4295499
2021-04-21 15:00:00,37215,2540305,42583.0,1647606,16.0,187429.0,37231,2727734,42599,1835035,79814,4375313
2021-04-22 15:00:00,35617,2575922,38832.0,1686438,15.0,187444.0,35632,2763366,38847,1873882,74464,4449777
2021-04-23 15:00:00,31417,2607339,38126.0,1724564,12.0,187456.0,31429,2794795,38138,1912020,69555,4519332
2021-04-24 15:00:00,26043,2633382,27366.0,1751930,69.0,187525.0,26112,2820907,27435,1939455,53478,4572810
2021-04-25 15:00:00,20093,2653475,10645.0,1762575,29.0,187554.0,20122,2841029,10674,1950129,30767,4603577
2021-04-26 15:00:00,24092,2677567,29723.0,1792298,204.0,187758.0,24296,2865325,29927,1980056,54019,4657596
2021-04-27 15:00:00,23423,2700990,29584.0,1821882,879.0,188637.0,24302,2889627,30463,2010519,53886,4711482
2021-04-28 15:00:00,27131,2728121,36726.0,1858608,1277.0,189914.0,28408,2918035,38003,2048522,65134,4776616
2021-04-29 15:00:00,26078,2754199,37028.0,1895636,1398.0,191312.0,27476,2945511,38426,2086948,64504,4841120
2021-04-30 15:00:00,26885,2781084,30433.0,1926069,1587.0,192899.0,28472,2973983,32020,2118968,58905,4900025
2021-05-01 15:00:00,19126,2800210,24150.0,1950219,922.0,193821.0,20048,2994031,25072,2144040,44198,4944223
2021-05-02 15:00:00,10174,2810384,16685.0,1966904,790.0,194611.0,10964,3004995,17475,2161515,27649,4971872
2021-05-03 15:00:00,12921,2823305,28057.0,1994961,1865.0,196476.0,14786,3019781,29922,2191437,42843,5014715
2021-05-04 15:00:00,13190,2836495,36660.0,2031621,1696.0,198172.0,14886,3034667,38356,2229793,51546,5066261
2021-05-05 15:00:00,14559,2851054,28283.0,2059904,1873.0,200045.0,16432,3051099,30156,2259949,44715,5110976
2021-05-06 15:00:00,15591,2866645,36275.0,2096179,1573.0,201618.0,17164,3068263,37848,2297797,53439,5164415
2021-05-07 15:00:00,15174,2881819,29933.0,2126112,1788.0,203406.0,16962,3085225,31721,2329518,46895,5211310
2021-05-08 15:00:00,9548,2891367,25295.0,2151407,1179.0,204585.0,10727,3095952,26474,2355992,36022,5247332
2021-05-09 15:00:00,2735,2894102,6261.0,2157668,262.0,204847.0,2997,3098949,6523,2362515,9258,5256590