VACCINATION_DATE,FirstDailyDose,FirstDoseCumulative,SecondDailyDose,SecondDoseCumulative,SingleDailyDose,SingleDoseCumulative,AtleastOneVaccine,AtleastOneVaccineCumulative,CompletedVax,CompletedVaxCumulative,FirstSecondSingleVaccinations,FirstSecondSingleVaccinationsCumulative
2020-12-14 15:00:00,17,946,,384,,,17,946,0,384,17,1243
2020-12-15 15:00:00,50,996,2.0,386,,,50,996,2,386,52,1295
2020-12-16 15:00:00,571,1567,2.0,388,,,571,1567,2,388,573,1868
2020-12-17 15:00:00,1135,2702,2.0,390,,,1135,2702,2,390,1137,3005
2020-12-18 15:00:00,3007,5709,11.0,401,,,3007,5709,11,401,3018,6023
2020-12-19 15:00:00,924,6633,5.0,406,,,924,6633,5,406,929,6952
2020-12-20 15:00:00,332,6965,4.0,410,,,332,6965,4,410,336,7288
2020-12-21 15:00:00,3849,10814,17.0,427,,,3849,10814,17,427,3866,11154
2020-12-22 15:00:00,6327,17141,15.0,442,,,6327,17141,15,442,6342,17496
2020-12-23 15:00:00,5739,22880,26.0,468,,,5739,22880,26,468,5765,23261
2020-12-24 15:00:00,2710,25590,9.0,477,,,2710,25590,9,477,2719,25980
2020-12-25 15:00:00,1033,26623,3.0,480,,,1033,26623,3,480,1036,27016
2020-12-26 15:00:00,1867,28490,8.0,488,,,1867,28490,8,488,1875,28891
2020-12-27 15:00:00,1786,30276,10.0,498,,,1786,30276,10,498,1796,30687
2020-12-28 15:00:00,8936,39212,34.0,532,,,8936,39212,34,532,8970,39657
2020-12-29 15:00:00,10906,50118,37.0,569,,,10906,50118,37,569,10943,50600
2020-12-30 15:00:00,12441,62559,66.0,635,,,12441,62559,66,635,12507,63107
2020-12-31 15:00:00,7498,70057,33.0,668,,,7498,70057,33,668,7531,70638
2021-01-01 15:00:00,2458,72515,106.0,774,,,2458,72515,106,774,2564,73202
2021-01-02 15:00:00,2960,75475,33.0,807,,,2960,75475,33,807,2993,76195
2021-01-03 15:00:00,3359,78834,79.0,886,,,3359,78834,79,886,3438,79633
2021-01-04 15:00:00,13242,92076,310.0,1196,,,13242,92076,310,1196,13552,93185
2021-01-05 15:00:00,12374,104450,505.0,1701,,,12374,104450,505,1701,12879,106064
2021-01-06 15:00:00,15141,119591,833.0,2534,,,15141,119591,833,2534,15974,122038
2021-01-07 15:00:00,14934,134525,1721.0,4255,,,14934,134525,1721,4255,16655,138693
2021-01-08 15:00:00,23920,158445,2732.0,6987,,,23920,158445,2732,6987,26652,165345
2021-01-09 15:00:00,5121,163566,940.0,7927,,,5121,163566,940,7927,6061,171406
2021-01-10 15:00:00,2906,166472,367.0,8294,,,2906,166472,367,8294,3273,174679
2021-01-11 15:00:00,13658,180130,3415.0,11709,,,13658,180130,3415,11709,17073,191752
2021-01-12 15:00:00,17261,197391,5574.0,17283,,,17261,197391,5574,17283,22835,214587
2021-01-13 15:00:00,18484,215875,3855.0,21138,,,18484,215875,3855,21138,22339,236926
2021-01-14 15:00:00,17807,233682,1913.0,23051,,,17807,233682,1913,23051,19720,256646
2021-01-15 15:00:00,19440,253122,1954.0,25005,,,19440,253122,1954,25005,21394,278040
2021-01-16 15:00:00,5763,258885,1576.0,26581,,,5763,258885,1576,26581,7339,285379
2021-01-17 15:00:00,2090,260975,1462.0,28043,,,2090,260975,1462,28043,3552,288931
2021-01-18 15:00:00,7022,267997,3228.0,31271,,,7022,267997,3228,31271,10250,299181
2021-01-19 15:00:00,17136,285133,5329.0,36600,,,17136,285133,5329,36600,22465,321646
2021-01-20 15:00:00,21208,306341,5235.0,41835,,,21208,306341,5235,41835,26443,348089
2021-01-21 15:00:00,23789,330130,3673.0,45508,,,23789,330130,3673,45508,27462,375551
2021-01-22 15:00:00,28814,358944,3580.0,49088,,,28814,358944,3580,49088,32394,407945
2021-01-23 15:00:00,10032,368976,1893.0,50981,,,10032,368976,1893,50981,11925,419870
2021-01-24 15:00:00,3323,372299,1704.0,52685,,,3323,372299,1704,52685,5027,424897
2021-01-25 15:00:00,16595,388894,8497.0,61182,,,16595,388894,8497,61182,25092,449989
2021-01-26 15:00:00,17864,406758,8874.0,70056,,,17864,406758,8874,70056,26738,476727
2021-01-27 15:00:00,25032,431790,12375.0,82431,,,25032,431790,12375,82431,37407,514134
2021-01-28 15:00:00,23271,455061,9205.0,91636,,,23271,455061,9205,91636,32476,546610
2021-01-29 15:00:00,25503,480564,7795.0,99431,,,25503,480564,7795,99431,33298,579908
2021-01-30 15:00:00,18418,498982,2482.0,101913,,,18418,498982,2482,101913,20900,600808
2021-01-31 15:00:00,4107,503089,1303.0,103216,,,4107,503089,1303,103216,5410,606218
2021-02-01 15:00:00,7636,510725,4994.0,108210,,,7636,510725,4994,108210,12630,618848
2021-02-02 15:00:00,12790,523515,13712.0,121922,,,12790,523515,13712,121922,26502,645350
2021-02-03 15:00:00,18672,542187,18031.0,139953,,,18672,542187,18031,139953,36703,682053
2021-02-04 15:00:00,22440,564627,15719.0,155672,,,22440,564627,15719,155672,38159,720212
2021-02-05 15:00:00,20509,585136,17396.0,173068,,,20509,585136,17396,173068,37905,758117
2021-02-06 15:00:00,12108,597244,14405.0,187473,,,12108,597244,14405,187473,26513,784630
2021-02-07 15:00:00,5957,603201,1764.0,189237,,,5957,603201,1764,189237,7721,792351
2021-02-08 15:00:00,13270,616471,13081.0,202318,,,13270,616471,13081,202318,26351,818702
2021-02-09 15:00:00,16691,633162,13994.0,216312,,,16691,633162,13994,216312,30685,849387
2021-02-10 15:00:00,19279,652441,21370.0,237682,,,19279,652441,21370,237682,40649,890036
2021-02-11 15:00:00,22859,675300,17491.0,255173,,,22859,675300,17491,255173,40350,930386
2021-02-12 15:00:00,20319,695619,19849.0,275022,,,20319,695619,19849,275022,40168,970554
2021-02-13 15:00:00,11364,706983,6338.0,281360,,,11364,706983,6338,281360,17702,988256
2021-02-14 15:00:00,7076,714059,2067.0,283427,,,7076,714059,2067,283427,9143,997399
2021-02-15 15:00:00,11703,725762,13207.0,296634,,,11703,725762,13207,296634,24910,1022309
2021-02-16 15:00:00,16564,742326,21656.0,318290,,,16564,742326,21656,318290,38220,1060529
2021-02-17 15:00:00,20613,762939,27119.0,345409,,,20613,762939,27119,345409,47732,1108261
2021-02-18 15:00:00,3159,766098,4718.0,350127,,,3159,766098,4718,350127,7877,1116138
2021-02-19 15:00:00,10255,776353,20399.0,370526,,,10255,776353,20399,370526,30654,1146792
2021-02-20 15:00:00,10299,786652,20855.0,391381,,,10299,786652,20855,391381,31154,1177946
2021-02-21 15:00:00,6151,792803,7927.0,399308,,,6151,792803,7927,399308,14078,1192024
2021-02-22 15:00:00,8084,800887,15881.0,415189,,,8084,800887,15881,415189,23965,1215989
2021-02-23 15:00:00,15578,816465,16460.0,431649,,,15578,816465,16460,431649,32038,1248027
2021-02-24 15:00:00,17965,834430,25134.0,456783,,,17965,834430,25134,456783,43099,1291126
2021-02-25 15:00:00,20418,854848,26861.0,483644,,,20418,854848,26861,483644,47279,1338405
2021-02-26 15:00:00,26803,881651,26450.0,510094,,,26803,881651,26450,510094,53253,1391658
2021-02-27 15:00:00,16087,897738,11687.0,521781,,,16087,897738,11687,521781,27774,1419432
2021-02-28 15:00:00,15493,913231,4804.0,526585,,,15493,913231,4804,526585,20297,1439729
2021-03-01 15:00:00,25977,939208,12533.0,539118,,,25977,939208,12533,539118,38510,1478239
2021-03-02 15:00:00,23993,963201,13304.0,552422,31.0,31.0,24024,963232,13335,552453,37328,1515567
2021-03-03 15:00:00,30210,993411,18361.0,570783,172.0,203.0,30382,993614,18533,570986,48743,1564310
2021-03-04 15:00:00,31087,1024498,18112.0,588895,4061.0,4264.0,35148,1028762,22173,593159,53260,1617570
2021-03-05 15:00:00,29562,1054060,19360.0,608255,4908.0,9172.0,34470,1063232,24268,617427,53830,1671400
2021-03-06 15:00:00,17763,1071823,8904.0,617159,5992.0,15164.0,23755,1086987,14896,632323,32659,1704059
2021-03-07 15:00:00,12060,1083883,4792.0,621951,6609.0,21773.0,18669,1105656,11401,643724,23461,1727520
2021-03-08 15:00:00,26175,1110058,8747.0,630698,8283.0,30056.0,34458,1140114,17030,660754,43205,1770725
2021-03-09 15:00:00,26379,1136437,15376.0,646074,8343.0,38399.0,34722,1174836,23719,684473,50098,1820823
2021-03-10 15:00:00,30123,1166560,15895.0,661969,7939.0,46338.0,38062,1212898,23834,708307,53957,1874780
2021-03-11 15:00:00,36199,1202759,16377.0,678346,4039.0,50377.0,40238,1253136,20416,728723,56615,1931395
2021-03-12 15:00:00,37159,1239918,17995.0,696341,2918.0,53295.0,40077,1293213,20913,749636,58072,1989467
2021-03-13 15:00:00,22585,1262503,10197.0,706538,1601.0,54896.0,24186,1317399,11798,761434,34383,2023850
2021-03-14 15:00:00,17814,1280317,6652.0,713190,994.0,55890.0,18808,1336207,7646,769080,25460,2049310
2021-03-15 15:00:00,29964,1310281,11309.0,724499,600.0,56490.0,30564,1366771,11909,780989,41873,2091183
2021-03-16 15:00:00,33600,1343881,13533.0,738032,765.0,57255.0,34365,1401136,14298,795287,47898,2139081
2021-03-17 15:00:00,37709,1381590,16961.0,754993,1180.0,58435.0,38889,1440025,18141,813428,55850,2194931
2021-03-18 15:00:00,41472,1423062,12595.0,767588,1358.0,59793.0,42830,1482855,13953,827381,55425,2250356
2021-03-19 15:00:00,38318,1461380,15567.0,783155,1044.0,60837.0,39362,1522217,16611,843992,54929,2305285
2021-03-20 15:00:00,24534,1485914,10017.0,793172,1122.0,61959.0,25656,1547873,11139,855131,35673,2340958
2021-03-21 15:00:00,19094,1505008,7789.0,800961,330.0,62289.0,19424,1567297,8119,863250,27213,2368171
2021-03-22 15:00:00,32560,1537568,11619.0,812580,830.0,63119.0,33390,1600687,12449,875699,45009,2413180
2021-03-23 15:00:00,37781,1575349,17461.0,830041,1545.0,64664.0,39326,1640013,19006,894705,56787,2469967
2021-03-24 15:00:00,41149,1616498,21174.0,851215,1375.0,66039.0,42524,1682537,22549,917254,63698,2533665
2021-03-25 15:00:00,42465,1658963,21024.0,872239,2514.0,68553.0,44979,1727516,23538,940792,66003,2599668
2021-03-26 15:00:00,36602,1695565,26447.0,898686,2498.0,71051.0,39100,1766616,28945,969737,65547,2665215
2021-03-27 15:00:00,27740,1723305,16852.0,915538,2765.0,73816.0,30505,1797121,19617,989354,47357,2712572
2021-03-28 15:00:00,16980,1740285,12558.0,928096,1615.0,75431.0,18595,1815716,14173,1003527,31153,2743725
2021-03-29 15:00:00,29691,1769976,26496.0,954592,1135.0,76566.0,30826,1846542,27631,1031158,57322,2801047
2021-03-30 15:00:00,40003,1809979,29148.0,983740,1848.0,78414.0,41851,1888393,30996,1062154,70999,2872046
2021-03-31 15:00:00,41007,1850986,34844.0,1018584,5743.0,84157.0,46750,1935143,40587,1102741,81594,2953640
2021-04-01 15:00:00,40637,1891623,39790.0,1058374,5613.0,89770.0,46250,1981393,45403,1148144,86040,3039680
2021-04-02 15:00:00,34935,1926558,32720.0,1091094,6097.0,95867.0,41032,2022425,38817,1186961,73752,3113432
2021-04-03 15:00:00,21557,1948115,18621.0,1109715,4360.0,100227.0,25917,2048342,22981,1209942,44538,3157970
2021-04-04 15:00:00,8210,1956325,10139.0,1119854,960.0,101187.0,9170,2057512,11099,1221041,19309,3177279
2021-04-05 15:00:00,27914,1984239,29066.0,1148920,6638.0,107825.0,34552,2092064,35704,1256745,63618,3240897
2021-04-06 15:00:00,39835,2024074,30549.0,1179469,10477.0,118302.0,50312,2142376,41026,1297771,80861,3321758
2021-04-07 15:00:00,36121,2060195,34273.0,1213742,12948.0,131250.0,49069,2191445,47221,1344992,83342,3405100
2021-04-08 15:00:00,42361,2102556,36054.0,1249796,13851.0,145101.0,56212,2247657,49905,1394897,92266,3497366
2021-04-09 15:00:00,34084,2136640,36330.0,1286126,14494.0,159595.0,48578,2296235,50824,1445721,84908,3582274
2021-04-10 15:00:00,23926,2160566,23002.0,1309128,7614.0,167209.0,31540,2327775,30616,1476337,54542,3636816
2021-04-11 15:00:00,17534,2178100,13229.0,1322357,10624.0,177833.0,28158,2355933,23853,1500190,41387,3678203
2021-04-12 15:00:00,24619,2202719,33122.0,1355479,10916.0,188749.0,35535,2391468,44038,1544228,68657,3746860
2021-04-13 15:00:00,126862,2329581,90649.0,1446128,3292.0,192041.0,130154,2521622,93941,1638169,220803,3967663
2021-04-14 15:00:00,40769,2370350,37844.0,1483972,207.0,192248.0,40976,2562598,38051,1676220,78820,4046483
2021-04-15 15:00:00,41795,2412145,39239.0,1523211,169.0,192417.0,41964,2604562,39408,1715628,81203,4127686
2021-04-16 15:00:00,37306,2449451,38748.0,1561959,22.0,192439.0,37328,2641890,38770,1754398,76076,4203762
2021-04-17 15:00:00,32900,2482351,21912.0,1583871,12.0,192451.0,32912,2674802,21924,1776322,54824,4258586
2021-04-18 15:00:00,20045,2502396,16153.0,1600024,4.0,192455.0,20049,2694851,16157,1792479,36202,4294788
2021-04-19 15:00:00,29958,2532354,36528.0,1636552,61.0,192516.0,30019,2724870,36589,1829068,66547,4361335
2021-04-20 15:00:00,33126,2565480,44108.0,1680660,54.0,192570.0,33180,2758050,44162,1873230,77288,4438623
2021-04-21 15:00:00,39820,2605300,46867.0,1727527,21.0,192591.0,39841,2797891,46888,1920118,86708,4525331
2021-04-22 15:00:00,36409,2641709,41918.0,1769445,16.0,192607.0,36425,2834316,41934,1962052,78343,4603674
2021-04-23 15:00:00,33150,2674859,39993.0,1809438,12.0,192619.0,33162,2867478,40005,2002057,73155,4676829
2021-04-24 15:00:00,26366,2701225,28578.0,1838016,80.0,192699.0,26446,2893924,28658,2030715,55024,4731853
2021-04-25 15:00:00,20202,2721427,10892.0,1848908,30.0,192729.0,20232,2914156,10922,2041637,31124,4762977
2021-04-26 15:00:00,27409,2748836,32742.0,1881650,203.0,192932.0,27612,2941768,32945,2074582,60354,4823331
2021-04-27 15:00:00,26717,2775553,33026.0,1914676,1096.0,194028.0,27813,2969581,34122,2108704,60839,4884170
2021-04-28 15:00:00,28983,2804536,39471.0,1954147,1362.0,195390.0,30345,2999926,40833,2149537,69816,4953986
2021-04-29 15:00:00,27384,2831920,39424.0,1993571,1462.0,196852.0,28846,3028772,40886,2190423,68270,5022256
2021-04-30 15:00:00,28231,2860151,32125.0,2025696,1640.0,198492.0,29871,3058643,33765,2224188,61996,5084252
2021-05-01 15:00:00,20321,2880472,26707.0,2052403,1016.0,199508.0,21337,3079980,27723,2251911,48044,5132296
2021-05-02 15:00:00,10260,2890732,16983.0,2069386,818.0,200326.0,11078,3091058,17801,2269712,28061,5160357
2021-05-03 15:00:00,13075,2903807,29720.0,2099106,1914.0,202240.0,14989,3106047,31634,2301346,44709,5205066
2021-05-04 15:00:00,14216,2918023,39529.0,2138635,1732.0,203972.0,15948,3121995,41261,2342607,55477,5260543
2021-05-05 15:00:00,19324,2937347,37760.0,2176395,1917.0,205889.0,21241,3143236,39677,2382284,59001,5319544
2021-05-06 15:00:00,16979,2954326,40571.0,2216966,1711.0,207600.0,18690,3161926,42282,2424566,59261,5378805
2021-05-07 15:00:00,17403,2971729,36022.0,2252988,1958.0,209558.0,19361,3181287,37980,2462546,55383,5434188
2021-05-08 15:00:00,10779,2982508,31136.0,2284124,1292.0,210850.0,12071,3193358,32428,2494974,43207,5477395
2021-05-09 15:00:00,5045,2987553,11882.0,2296006,695.0,211545.0,5740,3199098,12577,2507551,17622,5495017
2021-05-10 15:00:00,8945,2996498,31099.0,2327105,1356.0,212901.0,10301,3209399,32455,2540006,41400,5536417
2021-05-11 15:00:00,12195,3008693,30282.0,2357387,1443.0,214344.0,13638,3223037,31725,2571731,43920,5580337
2021-05-12 15:00:00,13919,3022612,38560.0,2395947,1911.0,216255.0,15830,3238867,40471,2612202,54390,5634727
2021-05-13 15:00:00,21825,3044437,33383.0,2429330,1352.0,217607.0,23177,3262044,34735,2646937,56560,5691287
2021-05-14 15:00:00,24323,3068760,29965.0,2459295,1771.0,219378.0,26094,3288138,31736,2678673,56059,5747346
2021-05-15 15:00:00,21848,3090608,25005.0,2484300,1532.0,220910.0,23380,3311518,26537,2705210,48385,5795731
2021-05-16 15:00:00,9057,3099665,17510.0,2501810,1113.0,222023.0,10170,3321688,18623,2723833,27680,5823411
2021-05-17 15:00:00,16848,3116513,28367.0,2530177,1948.0,223971.0,18796,3340484,30315,2754148,47163,5870574
2021-05-18 15:00:00,21248,3137761,30680.0,2560857,1947.0,225918.0,23195,3363679,32627,2786775,53875,5924449
2021-05-19 15:00:00,27581,3165342,32368.0,2593225,1624.0,227542.0,29205,3392884,33992,2820767,61573,5986022
2021-05-20 15:00:00,20782,3186124,33254.0,2626479,1966.0,229508.0,22748,3415632,35220,2855987,56002,6042024
2021-05-21 15:00:00,19122,3205246,30224.0,2656703,1610.0,231118.0,20732,3436364,31834,2887821,50956,6092980
2021-05-22 15:00:00,16880,3222126,20601.0,2677304,1269.0,232387.0,18149,3454513,21870,2909691,38750,6131730
2021-05-23 15:00:00,8739,3230865,11412.0,2688716,962.0,233349.0,9701,3464214,12374,2922065,21113,6152843
2021-05-24 15:00:00,13464,3244329,17860.0,2706576,1481.0,234830.0,14945,3479159,19341,2941406,32805,6185648
2021-05-25 15:00:00,12892,3257221,18771.0,2725347,1328.0,236158.0,14220,3493379,20099,2961505,32991,6218639
2021-05-26 15:00:00,18268,3275489,19438.0,2744785,1508.0,237666.0,19776,3513155,20946,2982451,39214,6257853
2021-05-27 15:00:00,11678,3287167,18629.0,2763414,1133.0,238799.0,12811,3525966,19762,3002213,31440,6289293
2021-05-28 15:00:00,12470,3299637,19730.0,2783144,1402.0,240201.0,13872,3539838,21132,3023345,33602,6322895
2021-05-29 15:00:00,9528,3309165,11628.0,2794772,936.0,241137.0,10464,3550302,12564,3035909,22092,6344987
2021-05-30 15:00:00,4895,3314060,6473.0,2801245,596.0,241733.0,5491,3555793,7069,3042978,11964,6356951
2021-05-31 15:00:00,1770,3315830,3687.0,2804932,304.0,242037.0,2074,3557867,3991,3046969,5761,6362712
2021-06-01 15:00:00,9379,3325209,16595.0,2821527,1144.0,243181.0,10523,3568390,17739,3064708,27118,6389830
2021-06-02 15:00:00,10137,3335346,16812.0,2838339,958.0,244139.0,11095,3579485,17770,3082478,27907,6417737
2021-06-03 15:00:00,7887,3343233,21170.0,2859509,1083.0,245222.0,8970,3588455,22253,3104731,30140,6447877
2021-06-04 15:00:00,8210,3351443,22177.0,2881686,1123.0,246345.0,9333,3597788,23300,3128031,31510,6479387
2021-06-05 15:00:00,6985,3358428,19373.0,2901059,718.0,247063.0,7703,3605491,20091,3148122,27076,6506463
2021-06-06 15:00:00,3461,3361889,7184.0,2908243,420.0,247483.0,3881,3609372,7604,3155726,11065,6517528
2021-06-07 15:00:00,6825,3368714,15720.0,2923963,725.0,248208.0,7550,3616922,16445,3172171,23270,6540798
2021-06-08 15:00:00,6681,3375395,19692.0,2943655,816.0,249024.0,7497,3624419,20508,3192679,27189,6567987
2021-06-09 15:00:00,8196,3383591,23839.0,2967494,968.0,249992.0,9164,3633583,24807,3217486,33003,6600990
2021-06-10 15:00:00,7165,3390756,19075.0,2986569,898.0,250890.0,8063,3641646,19973,3237459,27138,6628128
2021-06-11 15:00:00,7434,3398190,17652.0,3004221,1125.0,252015.0,8559,3650205,18777,3256236,26211,6654339
2021-06-12 15:00:00,5235,3403425,14683.0,3018904,603.0,252618.0,5838,3656043,15286,3271522,20521,6674860
2021-06-13 15:00:00,1927,3405352,7552.0,3026456,426.0,253044.0,2353,3658396,7978,3279500,9905,6684765
2021-06-14 15:00:00,5651,3411003,11783.0,3038239,727.0,253771.0,6378,3664774,12510,3292010,18161,6702926
2021-06-15 15:00:00,5639,3416642,14310.0,3052549,860.0,254631.0,6499,3671273,15170,3307180,20809,6723735
2021-06-16 15:00:00,8716,3425358,21501.0,3074050,754.0,255385.0,9470,3680743,22255,3329435,30971,6754706
2021-06-17 15:00:00,6673,3432031,12365.0,3086415,720.0,256105.0,7393,3688136,13085,3342520,19758,6774464
2021-06-18 15:00:00,6851,3438882,12649.0,3099064,703.0,256808.0,7554,3695690,13352,3355872,20203,6794667
2021-06-19 15:00:00,4655,3443537,9339.0,3108403,614.0,257422.0,5269,3700959,9953,3365825,14608,6809275
2021-06-20 15:00:00,2499,3446036,5024.0,3113427,377.0,257799.0,2876,3703835,5401,3371226,7900,6817175
2021-06-21 15:00:00,5542,3451578,5313.0,3118740,636.0,258435.0,6178,3710013,5949,3377175,11491,6828666
2021-06-22 15:00:00,5202,3456780,8851.0,3127591,682.0,259117.0,5884,3715897,9533,3386708,14735,6843401
2021-06-23 15:00:00,6061,3462841,10275.0,3137866,641.0,259758.0,6702,3722599,10916,3397624,16977,6860378
2021-06-24 15:00:00,5923,3468764,8186.0,3146052,593.0,260351.0,6516,3729115,8779,3406403,14702,6875080
2021-06-25 15:00:00,5811,3474575,8604.0,3154656,620.0,260971.0,6431,3735546,9224,3415627,15035,6890115
2021-06-26 15:00:00,3702,3478277,6271.0,3160927,394.0,261365.0,4096,3739642,6665,3422292,10367,6900482
2021-06-27 15:00:00,2796,3481073,3530.0,3164457,182.0,261547.0,2978,3742620,3712,3426004,6508,6906990
2021-06-28 15:00:00,4727,3485800,6092.0,3170549,521.0,262068.0,5248,3747868,6613,3432617,11340,6918330
2021-06-29 15:00:00,5073,3490873,6490.0,3177039,517.0,262585.0,5590,3753458,7007,3439624,12080,6930410
2021-06-30 15:00:00,5592,3496465,7396.0,3184435,604.0,263189.0,6196,3759654,8000,3447624,13592,6944002
2021-07-01 15:00:00,5297,3501762,6922.0,3191357,486.0,263675.0,5783,3765437,7408,3455032,12705,6956707
2021-07-02 15:00:00,5271,3507033,6821.0,3198178,519.0,264194.0,5790,3771227,7340,3462372,12611,6969318
2021-07-03 15:00:00,3257,3510290,4062.0,3202240,260.0,264454.0,3517,3774744,4322,3466694,7579,6976897
2021-07-04 15:00:00,490,3510780,540.0,3202780,66.0,264520.0,556,3775300,606,3467300,1096,6977993
2021-07-05 15:00:00,3749,3514529,3958.0,3206738,281.0,264801.0,4030,3779330,4239,3471539,7988,6985981
2021-07-06 15:00:00,4457,3518986,6207.0,3212945,450.0,265251.0,4907,3784237,6657,3478196,11114,6997095
2021-07-07 15:00:00,4457,3523443,6358.0,3219303,480.0,265731.0,4937,3789174,6838,3485034,11295,7008390
2021-07-08 15:00:00,4818,3528261,6107.0,3225410,562.0,266293.0,5380,3794554,6669,3491703,11487,7019877
2021-07-09 15:00:00,5343,3533604,6602.0,3232012,571.0,266864.0,5914,3800468,7173,3498876,12516,7032393
2021-07-10 15:00:00,3507,3537111,4368.0,3236380,302.0,267166.0,3809,3804277,4670,3503546,8177,7040570
2021-07-11 15:00:00,2664,3539775,2547.0,3238927,223.0,267389.0,2887,3807164,2770,3506316,5434,7046004
2021-07-12 15:00:00,4404,3544179,5100.0,3244027,375.0,267764.0,4779,3811943,5475,3511791,9879,7055883
2021-07-13 15:00:00,4737,3548916,4580.0,3248607,363.0,268127.0,5100,3817043,4943,3516734,9680,7065563
2021-07-14 15:00:00,4594,3553510,5237.0,3253844,420.0,268547.0,5014,3822057,5657,3522391,10251,7075814
2021-07-15 15:00:00,4864,3558374,4968.0,3258812,357.0,268904.0,5221,3827278,5325,3527716,10189,7086003
2021-07-16 15:00:00,6266,3564640,5804.0,3264616,400.0,269304.0,6666,3833944,6204,3533920,12470,7098473
2021-07-17 15:00:00,3401,3568041,3547.0,3268163,299.0,269603.0,3700,3837644,3846,3537766,7247,7105720
2021-07-18 15:00:00,2297,3570338,2368.0,3270531,109.0,269712.0,2406,3840050,2477,3540243,4774,7110494
2021-07-19 15:00:00,5225,3575563,4459.0,3274990,375.0,270087.0,5600,3845650,4834,3545077,10059,7120553
2021-07-20 15:00:00,5317,3580880,4682.0,3279672,366.0,270453.0,5683,3851333,5048,3550125,10365,7130918
2021-07-21 15:00:00,5620,3586500,4928.0,3284600,414.0,270867.0,6034,3857367,5342,3555467,10962,7141880
2021-07-22 15:00:00,5989,3592489,4632.0,3289232,407.0,271274.0,6396,3863763,5039,3560506,11028,7152908
2021-07-23 15:00:00,6821,3599310,4859.0,3294091,490.0,271764.0,7311,3871074,5349,3565855,12170,7165078
2021-07-24 15:00:00,4269,3603579,3203.0,3297294,266.0,272030.0,4535,3875609,3469,3569324,7738,7172816
2021-07-25 15:00:00,3290,3606869,1119.0,3298413,138.0,272168.0,3428,3879037,1257,3570581,4547,7177363
2021-07-26 15:00:00,6187,3613056,3906.0,3302319,411.0,272579.0,6598,3885635,4317,3574898,10504,7187867
2021-07-27 15:00:00,6339,3619395,4066.0,3306385,450.0,273029.0,6789,3892424,4516,3579414,10855,7198722
2021-07-28 15:00:00,6789,3626184,4014.0,3310399,458.0,273487.0,7247,3899671,4472,3583886,11261,7209983
2021-07-29 15:00:00,6793,3632977,4151.0,3314550,410.0,273897.0,7203,3906874,4561,3588447,11354,7221337
2021-07-30 15:00:00,7508,3640485,4533.0,3319083,520.0,274417.0,8028,3914902,5053,3593500,12561,7233898
2021-07-31 15:00:00,4777,3645262,3046.0,3322129,272.0,274689.0,5049,3919951,3318,3596818,8095,7241993
2021-08-01 15:00:00,3755,3649017,2086.0,3324215,153.0,274842.0,3908,3923859,2239,3599057,5994,7247987
2021-08-02 15:00:00,6999,3656016,3658.0,3327873,332.0,275174.0,7331,3931190,3990,3603047,10989,7258976
2021-08-03 15:00:00,6971,3662987,3906.0,3331779,502.0,275676.0,7473,3938663,4408,3607455,11379,7270355
2021-08-04 15:00:00,7145,3670132,3898.0,3335677,527.0,276203.0,7672,3946335,4425,3611880,11570,7281925
2021-08-05 15:00:00,7632,3677764,4113.0,3339790,535.0,276738.0,8167,3954502,4648,3616528,12280,7294205
2021-08-06 15:00:00,8255,3686019,4709.0,3344499,448.0,277186.0,8703,3963205,5157,3621685,13412,7307617
2021-08-07 15:00:00,5237,3691256,2796.0,3347295,262.0,277448.0,5499,3968704,3058,3624743,8295,7315912
2021-08-08 15:00:00,3937,3695193,2046.0,3349341,140.0,277588.0,4077,3972781,2186,3626929,6123,7322035
2021-08-09 15:00:00,6894,3702087,4502.0,3353843,361.0,277949.0,7255,3980036,4863,3631792,11757,7333792
2021-08-10 15:00:00,7096,3709183,4443.0,3358286,335.0,278284.0,7431,3987467,4778,3636570,11874,7345666
2021-08-11 15:00:00,7016,3716199,4420.0,3362706,438.0,278722.0,7454,3994921,4858,3641428,11874,7357540
2021-08-12 15:00:00,8550,3724749,4692.0,3367398,438.0,279160.0,8988,4003909,5130,3646558,13680,7371220
2021-08-13 15:00:00,7092,3731841,5353.0,3372751,387.0,279547.0,7479,4011388,5740,3652298,12832,7384052
2021-08-14 15:00:00,4913,3736754,3339.0,3376090,284.0,279831.0,5197,4016585,3623,3655921,8536,7392588
2021-08-15 15:00:00,3315,3740069,2731.0,3378821,163.0,279994.0,3478,4020063,2894,3658815,6209,7398797
2021-08-16 15:00:00,5394,3745463,5059.0,3383880,348.0,280342.0,5742,4025805,5407,3664222,10801,7409598
2021-08-17 15:00:00,6920,3752383,5184.0,3389064,387.0,280729.0,7307,4033112,5571,3669793,12491,7422089
2021-08-18 15:00:00,6488,3758871,5283.0,3394347,465.0,281194.0,6953,4040065,5748,3675541,12236,7434325
2021-08-19 15:00:00,5964,3764835,5311.0,3399658,409.0,281603.0,6373,4046438,5720,3681261,11684,7446009
2021-08-20 15:00:00,7009,3771844,6303.0,3405961,400.0,282003.0,7409,4053847,6703,3687964,13712,7459721
2021-08-21 15:00:00,4303,3776147,3916.0,3409877,223.0,282226.0,4526,4058373,4139,3692103,8442,7468163
2021-08-22 15:00:00,3058,3779205,3157.0,3413034,109.0,282335.0,3167,4061540,3266,3695369,6324,7474487
2021-08-23 15:00:00,6141,3785346,5902.0,3418936,284.0,282619.0,6425,4067965,6186,3701555,12327,7486814
2021-08-24 15:00:00,6624,3791970,5851.0,3424787,425.0,283044.0,7049,4075014,6276,3707831,12900,7499714
2021-08-25 15:00:00,6871,3798841,5991.0,3430778,436.0,283480.0,7307,4082321,6427,3714258,13298,7513012
2021-08-26 15:00:00,7153,3805994,6389.0,3437167,427.0,283907.0,7580,4089901,6816,3721074,13969,7526981
2021-08-27 15:00:00,6826,3812820,6980.0,3444147,314.0,284221.0,7140,4097041,7294,3728368,14120,7541101
2021-08-28 15:00:00,6902,3819722,6467.0,3450614,324.0,284545.0,7226,4104267,6791,3735159,13693,7554794
2021-08-29 15:00:00,3743,3823465,3670.0,3454284,611.0,285156.0,4354,4108621,4281,3739440,8024,7562818
2021-08-30 15:00:00,5930,3829395,6069.0,3460353,947.0,286103.0,6877,4115498,7016,3746456,12946,7575764
2021-08-31 15:00:00,5665,3835060,5914.0,3466267,945.0,287048.0,6610,4122108,6859,3753315,12524,7588288
2021-09-01 15:00:00,5509,3840569,5557.0,3471824,899.0,287947.0,6408,4128516,6456,3759771,11965,7600253
2021-09-02 15:00:00,5520,3846089,5865.0,3477689,699.0,288646.0,6219,4134735,6564,3766335,12084,7612337
2021-09-03 15:00:00,5962,3852051,6851.0,3484540,968.0,289614.0,6930,4141665,7819,3774154,13781,7626118
2021-09-04 15:00:00,3714,3855765,4312.0,3488852,875.0,290489.0,4589,4146254,5187,3779341,8901,7635019
2021-09-05 15:00:00,2886,3858651,2791.0,3491643,105.0,290594.0,2991,4149245,2896,3782237,5782,7640801
2021-09-06 15:00:00,1048,3859699,1138.0,3492781,62.0,290656.0,1110,4150355,1200,3783437,2248,7643049
2021-09-07 15:00:00,5263,3864962,7231.0,3500012,2301.0,292957.0,7564,4157919,9532,3792969,14795,7657844
2021-09-08 15:00:00,4641,3869603,5428.0,3505440,365.0,293322.0,5006,4162925,5793,3798762,10434,7668278
2021-09-09 15:00:00,5050,3874653,5322.0,3510762,321.0,293643.0,5371,4168296,5643,3804405,10693,7678971
2021-09-10 15:00:00,6515,3881168,6567.0,3517329,1709.0,295352.0,8224,4176520,8276,3812681,14791,7693762
2021-09-11 15:00:00,4040,3885208,4321.0,3521650,663.0,296015.0,4703,4181223,4984,3817665,9024,7702786
2021-09-12 15:00:00,3059,3888267,3226.0,3524876,434.0,296449.0,3493,4184716,3660,3821325,6719,7709505
2021-09-13 15:00:00,4655,3892922,4824.0,3529700,345.0,296794.0,5000,4189716,5169,3826494,9824,7719329
2021-09-14 15:00:00,4562,3897484,5193.0,3534893,431.0,297225.0,4993,4194709,5624,3832118,10186,7729515
2021-09-15 15:00:00,4676,3902160,5572.0,3540465,385.0,297610.0,5061,4199770,5957,3838075,10633,7740148
2021-09-16 15:00:00,4560,3906720,5575.0,3546040,328.0,297938.0,4888,4204658,5903,3843978,10463,7750611
2021-09-17 15:00:00,4981,3911701,6301.0,3552341,335.0,298273.0,5316,4209974,6636,3850614,11617,7762228
2021-09-18 15:00:00,3757,3915458,4560.0,3556901,183.0,298456.0,3940,4213914,4743,3855357,8500,7770728
2021-09-19 15:00:00,2723,3918181,3164.0,3560065,75.0,298531.0,2798,4216712,3239,3858596,5962,7776690
2021-09-20 15:00:00,3522,3921703,4442.0,3564507,425.0,298956.0,3947,4220659,4867,3863463,8389,7785079
2021-09-21 15:00:00,3756,3925459,4786.0,3569293,322.0,299278.0,4078,4224737,5108,3868571,8864,7793943
2021-09-22 15:00:00,4155,3929614,4717.0,3574010,453.0,299731.0,4608,4229345,5170,3873741,9325,7803268
2021-09-23 15:00:00,4151,3933765,4667.0,3578677,486.0,300217.0,4637,4233982,5153,3878894,9304,7812572
2021-09-24 15:00:00,5051,3938816,5527.0,3584204,414.0,300631.0,5465,4239447,5941,3884835,10992,7823564
2021-09-25 15:00:00,3591,3942407,3621.0,3587825,384.0,301015.0,3975,4243422,4005,3888840,7596,7831160
2021-09-26 15:00:00,2335,3944742,2595.0,3590420,421.0,301436.0,2756,4246178,3016,3891856,5351,7836511
2021-09-27 15:00:00,4467,3949209,2680.0,3593100,506.0,301942.0,4973,4251151,3186,3895042,7653,7844164
2021-09-28 15:00:00,4371,3953580,4361.0,3597461,210.0,302152.0,4581,4255732,4571,3899613,8942,7853106
2021-09-29 15:00:00,4689,3958269,4460.0,3601921,915.0,303067.0,5604,4261336,5375,3904988,10064,7863170
2021-09-30 15:00:00,4843,3963112,4491.0,3606412,786.0,303853.0,5629,4266965,5277,3910265,10120,7873290
2021-10-01 15:00:00,5342,3968454,5223.0,3611635,760.0,304613.0,6102,4273067,5983,3916248,11325,7884615
2021-10-02 15:00:00,2881,3971335,2864.0,3614499,184.0,304797.0,3065,4276132,3048,3919296,5929,7890544
2021-10-03 15:00:00,2022,3973357,2166.0,3616665,69.0,304866.0,2091,4278223,2235,3921531,4257,7894801
2021-10-04 15:00:00,4078,3977435,3321.0,3619986,224.0,305090.0,4302,4282525,3545,3925076,7623,7902424
2021-10-05 15:00:00,3815,3981250,3366.0,3623352,201.0,305291.0,4016,4286541,3567,3928643,7382,7909806
2021-10-06 15:00:00,3886,3985136,3236.0,3626588,251.0,305542.0,4137,4290678,3487,3932130,7373,7917179
2021-10-07 15:00:00,4109,3989245,3288.0,3629876,302.0,305844.0,4411,4295089,3590,3935720,7699,7924878
2021-10-08 15:00:00,4600,3993845,3754.0,3633630,262.0,306106.0,4862,4299951,4016,3939736,8616,7933494
2021-10-09 15:00:00,2402,3996247,2393.0,3636023,254.0,306360.0,2656,4302607,2647,3942383,5049,7938543
2021-10-10 15:00:00,1663,3997910,1667.0,3637690,58.0,306418.0,1721,4304328,1725,3944108,3388,7941931
2021-10-11 15:00:00,4048,4001958,2922.0,3640612,221.0,306639.0,4269,4308597,3143,3947251,7191,7949122
2021-10-12 15:00:00,3394,4005352,2999.0,3643611,244.0,306883.0,3638,4312235,3243,3950494,6637,7955759
2021-10-13 15:00:00,2798,4008150,2560.0,3646171,288.0,307171.0,3086,4315321,2848,3953342,5646,7961405
2021-10-14 15:00:00,4765,4012915,5025.0,3651196,338.0,307509.0,5103,4320424,5363,3958705,10128,7971533
2021-10-15 15:00:00,4059,4016974,3977.0,3655173,213.0,307722.0,4272,4324696,4190,3962895,8249,7979782
2021-10-16 15:00:00,883,4017857,946.0,3656119,231.0,307953.0,1114,4325810,1177,3964072,2060,7981842
