VACCINATION_DATE,FirstDailyDose,FirstDoseCumulative,SecondDailyDose,SecondDoseCumulative,SingleDailyDose,SingleDoseCumulative,AtleastOneVaccine,AtleastOneVaccineCumulative,CompletedVax,CompletedVaxCumulative,FirstSecondSingleVaccinations,FirstSecondSingleVaccinationsCumulative
2020-12-14 15:00:00,4,168,,42,,,4,168,0,42,4,186
2020-12-15 15:00:00,11,179,,42,,,11,179,0,42,11,197
2020-12-16 15:00:00,545,724,1.0,43,,,545,724,1,43,546,743
2020-12-17 15:00:00,1046,1770,,43,,,1046,1770,0,43,1046,1789
2020-12-18 15:00:00,2863,4633,1.0,44,,,2863,4633,1,44,2864,4653
2020-12-19 15:00:00,849,5482,1.0,45,,,849,5482,1,45,850,5503
2020-12-20 15:00:00,280,5762,,45,,,280,5762,0,45,280,5783
2020-12-21 15:00:00,3721,9483,1.0,46,,,3721,9483,1,46,3722,9505
2020-12-22 15:00:00,6173,15656,4.0,50,,,6173,15656,4,50,6177,15682
2020-12-23 15:00:00,5463,21119,7.0,57,,,5463,21119,7,57,5470,21152
2020-12-24 15:00:00,2637,23756,1.0,58,,,2637,23756,1,58,2638,23790
2020-12-25 15:00:00,1031,24787,,58,,,1031,24787,0,58,1031,24821
2020-12-26 15:00:00,1653,26440,2.0,60,,,1653,26440,2,60,1655,26476
2020-12-27 15:00:00,1765,28205,3.0,63,,,1765,28205,3,63,1768,28244
2020-12-28 15:00:00,8595,36800,9.0,72,,,8595,36800,9,72,8604,36848
2020-12-29 15:00:00,10315,47115,6.0,78,,,10315,47115,6,78,10321,47169
2020-12-30 15:00:00,12168,59283,7.0,85,,,12168,59283,7,85,12175,59344
2020-12-31 15:00:00,7303,66586,9.0,94,,,7303,66586,9,94,7312,66656
2021-01-01 15:00:00,1548,68134,20.0,114,,,1548,68134,20,114,1568,68224
2021-01-02 15:00:00,2598,70732,24.0,138,,,2598,70732,24,138,2622,70846
2021-01-03 15:00:00,3158,73890,70.0,208,,,3158,73890,70,208,3228,74074
2021-01-04 15:00:00,12815,86705,250.0,458,,,12815,86705,250,458,13065,87139
2021-01-05 15:00:00,11678,98383,437.0,895,,,11678,98383,437,895,12115,99254
2021-01-06 15:00:00,14321,112704,768.0,1663,,,14321,112704,768,1663,15089,114343
2021-01-07 15:00:00,14595,127299,1585.0,3248,,,14595,127299,1585,3248,16180,130523
2021-01-08 15:00:00,23413,150712,2556.0,5804,,,23413,150712,2556,5804,25969,156492
2021-01-09 15:00:00,4793,155505,869.0,6673,,,4793,155505,869,6673,5662,162154
2021-01-10 15:00:00,2569,158074,327.0,7000,,,2569,158074,327,7000,2896,165050
2021-01-11 15:00:00,13284,171358,3248.0,10248,,,13284,171358,3248,10248,16532,181582
2021-01-12 15:00:00,16646,188004,5308.0,15556,,,16646,188004,5308,15556,21954,203536
2021-01-13 15:00:00,17835,205839,3633.0,19189,,,17835,205839,3633,19189,21468,225004
2021-01-14 15:00:00,17260,223099,1813.0,21002,,,17260,223099,1813,21002,19073,244077
2021-01-15 15:00:00,18874,241973,1791.0,22793,,,18874,241973,1791,22793,20665,264742
2021-01-16 15:00:00,5601,247574,1311.0,24104,,,5601,247574,1311,24104,6912,271654
2021-01-17 15:00:00,2032,249606,1322.0,25426,,,2032,249606,1322,25426,3354,275008
2021-01-18 15:00:00,7111,256717,2876.0,28302,,,7111,256717,2876,28302,9987,284995
2021-01-19 15:00:00,16275,272992,4625.0,32927,,,16275,272992,4625,32927,20900,305895
2021-01-20 15:00:00,20480,293472,4796.0,37723,,,20480,293472,4796,37723,25276,331171
2021-01-21 15:00:00,22841,316313,3183.0,40906,,,22841,316313,3183,40906,26024,357195
2021-01-22 15:00:00,28219,344532,3213.0,44119,,,28219,344532,3213,44119,31432,388627
2021-01-23 15:00:00,9445,353977,1491.0,45610,,,9445,353977,1491,45610,10936,399563
2021-01-24 15:00:00,3273,357250,1565.0,47175,,,3273,357250,1565,47175,4838,404401
2021-01-25 15:00:00,16176,373426,8109.0,55284,,,16176,373426,8109,55284,24285,428686
2021-01-26 15:00:00,17284,390710,8242.0,63526,,,17284,390710,8242,63526,25526,454212
2021-01-27 15:00:00,23963,414673,11898.0,75424,,,23963,414673,11898,75424,35861,490073
2021-01-28 15:00:00,22147,436820,8859.0,84283,,,22147,436820,8859,84283,31006,521079
2021-01-29 15:00:00,23653,460473,6728.0,91011,,,23653,460473,6728,91011,30381,551460
2021-01-30 15:00:00,17337,477810,2260.0,93271,,,17337,477810,2260,93271,19597,571057
2021-01-31 15:00:00,3650,481460,1196.0,94467,,,3650,481460,1196,94467,4846,575903
2021-02-01 15:00:00,6372,487832,4073.0,98540,,,6372,487832,4073,98540,10445,586348
2021-02-02 15:00:00,11713,499545,13040.0,111580,,,11713,499545,13040,111580,24753,611101
2021-02-03 15:00:00,17453,516998,17633.0,129213,,,17453,516998,17633,129213,35086,646187
2021-02-04 15:00:00,21451,538449,15079.0,144292,,,21451,538449,15079,144292,36530,682717
2021-02-05 15:00:00,19822,558271,16713.0,161005,,,19822,558271,16713,161005,36535,719252
2021-02-06 15:00:00,11020,569291,6042.0,167047,,,11020,569291,6042,167047,17062,736314
2021-02-07 15:00:00,5751,575042,1558.0,168605,,,5751,575042,1558,168605,7309,743623
2021-02-08 15:00:00,12544,587586,12334.0,180939,,,12544,587586,12334,180939,24878,768501
2021-02-09 15:00:00,16064,603650,13180.0,194119,,,16064,603650,13180,194119,29244,797745
2021-02-10 15:00:00,18871,622521,20596.0,214715,,,18871,622521,20596,214715,39467,837212
2021-02-11 15:00:00,22599,645120,16662.0,231377,,,22599,645120,16662,231377,39261,876473
2021-02-12 15:00:00,19729,664849,18993.0,250370,,,19729,664849,18993,250370,38722,915195
2021-02-13 15:00:00,10889,675738,5927.0,256297,,,10889,675738,5927,256297,16816,932011
2021-02-14 15:00:00,6892,682630,1934.0,258231,,,6892,682630,1934,258231,8826,940837
2021-02-15 15:00:00,11691,694321,12034.0,270265,,,11691,694321,12034,270265,23725,964562
2021-02-16 15:00:00,16477,710798,20378.0,290643,,,16477,710798,20378,290643,36855,1001417
2021-02-17 15:00:00,20486,731284,25603.0,316246,,,20486,731284,25603,316246,46089,1047506
2021-02-18 15:00:00,3325,734609,4168.0,320414,,,3325,734609,4168,320414,7493,1054999
2021-02-19 15:00:00,10736,745345,18820.0,339234,,,10736,745345,18820,339234,29556,1084555
2021-02-20 15:00:00,10051,755396,19667.0,358901,,,10051,755396,19667,358901,29718,1114273
2021-02-21 15:00:00,6045,761441,7203.0,366104,,,6045,761441,7203,366104,13248,1127521
2021-02-22 15:00:00,8094,769535,14816.0,380920,,,8094,769535,14816,380920,22910,1150431
2021-02-23 15:00:00,15439,784974,15241.0,396161,,,15439,784974,15241,396161,30680,1181111
2021-02-24 15:00:00,17771,802745,24130.0,420291,,,17771,802745,24130,420291,41901,1223012
2021-02-25 15:00:00,19970,822715,25789.0,446080,,,19970,822715,25789,446080,45759,1268771
2021-02-26 15:00:00,26158,848873,25261.0,471341,,,26158,848873,25261,471341,51419,1320190
2021-02-27 15:00:00,15722,864595,10661.0,482002,,,15722,864595,10661,482002,26383,1346573
2021-02-28 15:00:00,15382,879977,4356.0,486358,,,15382,879977,4356,486358,19738,1366311
2021-03-01 15:00:00,24020,903997,11202.0,497560,,,24020,903997,11202,497560,35222,1401533
2021-03-02 15:00:00,23219,927216,12716.0,510276,10.0,10.0,23229,927226,12726,510286,35945,1437478
2021-03-03 15:00:00,29107,956323,17710.0,527986,125.0,135.0,29232,956458,17835,528121,46942,1484420
2021-03-04 15:00:00,30347,986670,17488.0,545474,3573.0,3708.0,33920,990378,21061,549182,51408,1535828
2021-03-05 15:00:00,28340,1015010,18503.0,563977,4374.0,8082.0,32714,1023092,22877,572059,51217,1587045
2021-03-06 15:00:00,17461,1032471,8567.0,572544,5926.0,14008.0,23387,1046479,14493,586552,31954,1618999
2021-03-07 15:00:00,11894,1044365,4455.0,576999,6554.0,20562.0,18448,1064927,11009,597561,22903,1641902
2021-03-08 15:00:00,25234,1069599,8330.0,585329,8175.0,28737.0,33409,1098336,16505,614066,41739,1683641
2021-03-09 15:00:00,25441,1095040,14883.0,600212,8222.0,36959.0,33663,1131999,23105,637171,48546,1732187
2021-03-10 15:00:00,28893,1123933,15430.0,615642,7858.0,44817.0,36751,1168750,23288,660459,52181,1784368
2021-03-11 15:00:00,33198,1157131,15833.0,631475,3575.0,48392.0,36773,1205523,19408,679867,52606,1836974
2021-03-12 15:00:00,35599,1192730,16039.0,647514,2421.0,50813.0,38020,1243543,18460,698327,54059,1891033
2021-03-13 15:00:00,21276,1214006,8761.0,656275,1340.0,52153.0,22616,1266159,10101,708428,31377,1922410
2021-03-14 15:00:00,16245,1230251,5428.0,661703,791.0,52944.0,17036,1283195,6219,714647,22464,1944874
2021-03-15 15:00:00,28602,1258853,10388.0,672091,532.0,53476.0,29134,1312329,10920,725567,39522,1984396
2021-03-16 15:00:00,32628,1291481,13030.0,685121,755.0,54231.0,33383,1345712,13785,739352,46413,2030809
2021-03-17 15:00:00,36789,1328270,16361.0,701482,1133.0,55364.0,37922,1383634,17494,756846,54283,2085092
2021-03-18 15:00:00,40439,1368709,11713.0,713195,1142.0,56506.0,41581,1425215,12855,769701,53294,2138386
2021-03-19 15:00:00,37201,1405910,14767.0,727962,998.0,57504.0,38199,1463414,15765,785466,52966,2191352
2021-03-20 15:00:00,24034,1429944,9682.0,737644,650.0,58154.0,24684,1488098,10332,795798,34366,2225718
2021-03-21 15:00:00,18707,1448651,7314.0,744958,294.0,58448.0,19001,1507099,7608,803406,26315,2252033
2021-03-22 15:00:00,31863,1480514,10792.0,755750,810.0,59258.0,32673,1539772,11602,815008,43465,2295498
2021-03-23 15:00:00,37003,1517517,16526.0,772276,1495.0,60753.0,38498,1578270,18021,833029,55024,2350522
2021-03-24 15:00:00,40340,1557857,20226.0,792502,1240.0,61993.0,41580,1619850,21466,854495,61806,2412328
2021-03-25 15:00:00,41644,1599501,19887.0,812389,2349.0,64342.0,43993,1663843,22236,876731,63880,2476208
2021-03-26 15:00:00,36149,1635650,24971.0,837360,2433.0,66775.0,38582,1702425,27404,904135,63553,2539761
2021-03-27 15:00:00,26529,1662179,16271.0,853631,2367.0,69142.0,28896,1731321,18638,922773,45167,2584928
2021-03-28 15:00:00,16925,1679104,12215.0,865846,1605.0,70747.0,18530,1749851,13820,936593,30745,2615673
2021-03-29 15:00:00,29551,1708655,25322.0,891168,1095.0,71842.0,30646,1780497,26417,963010,55968,2671641
2021-03-30 15:00:00,39266,1747921,27868.0,919036,1738.0,73580.0,41004,1821501,29606,992616,68872,2740513
2021-03-31 15:00:00,40397,1788318,33447.0,952483,5685.0,79265.0,46082,1867583,39132,1031748,79529,2820042
2021-04-01 15:00:00,40172,1828490,35938.0,988421,5283.0,84548.0,45455,1913038,41221,1072969,81393,2901435
2021-04-02 15:00:00,34606,1863096,30774.0,1019195,5508.0,90056.0,40114,1953152,36282,1109251,70888,2972323
2021-04-03 15:00:00,21785,1884881,17601.0,1036796,4304.0,94360.0,26089,1979241,21905,1131156,43690,3016013
2021-04-04 15:00:00,8982,1893863,9085.0,1045881,902.0,95262.0,9884,1989125,9987,1141143,18969,3034982
2021-04-05 15:00:00,27875,1921738,27431.0,1073312,6511.0,101773.0,34386,2023511,33942,1175085,61817,3096799
2021-04-06 15:00:00,39379,1961117,29172.0,1102484,10226.0,111999.0,49605,2073116,39398,1214483,78777,3175576
2021-04-07 15:00:00,35321,1996438,32750.0,1135234,12415.0,124414.0,47736,2120852,45165,1259648,80486,3256062
2021-04-08 15:00:00,41640,2038078,34692.0,1169926,13386.0,137800.0,55026,2175878,48078,1307726,89718,3345780
2021-04-09 15:00:00,33241,2071319,35053.0,1204979,14145.0,151945.0,47386,2223264,49198,1356924,82439,3428219
2021-04-10 15:00:00,23055,2094374,22147.0,1227126,7238.0,159183.0,30293,2253557,29385,1386309,52440,3480659
2021-04-11 15:00:00,17651,2112025,12553.0,1239679,9915.0,169098.0,27566,2281123,22468,1408777,40119,3520778
2021-04-12 15:00:00,24301,2136326,31858.0,1271537,10485.0,179583.0,34786,2315909,42343,1451120,66644,3587422
2021-04-13 15:00:00,42019,2178345,35102.0,1306639,325.0,179908.0,42344,2358253,35427,1486547,77446,3664868
2021-04-14 15:00:00,38598,2216943,36158.0,1342797,197.0,180105.0,38795,2397048,36355,1522902,74953,3739821
2021-04-15 15:00:00,39595,2256538,36763.0,1379560,127.0,180232.0,39722,2436770,36890,1559792,76485,3816306
2021-04-16 15:00:00,35046,2291584,36382.0,1415942,7.0,180239.0,35053,2471823,36389,1596181,71435,3887741
2021-04-17 15:00:00,29870,2321454,19974.0,1435916,2.0,180241.0,29872,2501695,19976,1616157,49846,3937587
2021-04-18 15:00:00,17063,2338517,15408.0,1451324,2.0,180243.0,17065,2518760,15410,1631567,32473,3970060
2021-04-19 15:00:00,27095,2365612,32400.0,1483724,2.0,180245.0,27097,2545857,32402,1663969,59497,4029557
2021-04-20 15:00:00,25236,2390848,36619.0,1520343,,180245.0,25236,2571093,36619,1700588,61855,4091412
2021-04-21 15:00:00,24897,2415745,28045.0,1548388,1.0,180246.0,24898,2595991,28046,1728634,52943,4144355
