VACCINATION_DATE,FirstDailyDose,FirstDoseCumulative,SecondDailyDose,SecondDoseCumulative,SingleDailyDose,SingleDoseCumulative,AtleastOneVaccine,AtleastOneVaccineCumulative,CompletedVax,CompletedVaxCumulative,FirstSecondSingleVaccinations,FirstSecondSingleVaccinationsCumulative
2020-12-14 15:00:00,19,1320,,514,,,19,1320,0,514,19,1730
2020-12-15 15:00:00,59,1379,3.0,517,,,59,1379,3,517,62,1792
2020-12-16 15:00:00,587,1966,5.0,522,,,587,1966,5,522,592,2384
2020-12-17 15:00:00,1154,3120,5.0,527,,,1154,3120,5,527,1159,3543
2020-12-18 15:00:00,3010,6130,13.0,540,,,3010,6130,13,540,3023,6566
2020-12-19 15:00:00,928,7058,5.0,545,,,928,7058,5,545,933,7499
2020-12-20 15:00:00,358,7416,5.0,550,,,358,7416,5,550,363,7862
2020-12-21 15:00:00,3883,11299,26.0,576,,,3883,11299,26,576,3909,11771
2020-12-22 15:00:00,6318,17617,25.0,601,,,6318,17617,25,601,6343,18114
2020-12-23 15:00:00,5772,23389,35.0,636,,,5772,23389,35,636,5807,23921
2020-12-24 15:00:00,2722,26111,16.0,652,,,2722,26111,16,652,2738,26659
2020-12-25 15:00:00,1034,27145,4.0,656,,,1034,27145,4,656,1038,27697
2020-12-26 15:00:00,1881,29026,9.0,665,,,1881,29026,9,665,1890,29587
2020-12-27 15:00:00,1803,30829,10.0,675,,,1803,30829,10,675,1813,31400
2020-12-28 15:00:00,8979,39808,47.0,722,,,8979,39808,47,722,9026,40426
2020-12-29 15:00:00,10956,50764,50.0,772,,,10956,50764,50,772,11006,51432
2020-12-30 15:00:00,12484,63248,87.0,859,,,12484,63248,87,859,12571,64003
2020-12-31 15:00:00,7547,70795,45.0,904,,,7547,70795,45,904,7592,71595
2021-01-01 15:00:00,3166,73961,136.0,1040,,,3166,73961,136,1040,3302,74897
2021-01-02 15:00:00,3034,76995,34.0,1074,,,3034,76995,34,1074,3068,77965
2021-01-03 15:00:00,3402,80397,81.0,1155,,,3402,80397,81,1155,3483,81448
2021-01-04 15:00:00,13348,93745,331.0,1486,,,13348,93745,331,1486,13679,95127
2021-01-05 15:00:00,12460,106205,542.0,2028,,,12460,106205,542,2028,13002,108129
2021-01-06 15:00:00,15238,121443,858.0,2886,,,15238,121443,858,2886,16096,124225
2021-01-07 15:00:00,15010,136453,1760.0,4646,,,15010,136453,1760,4646,16770,140995
2021-01-08 15:00:00,24000,160453,2772.0,7418,,,24000,160453,2772,7418,26772,167767
2021-01-09 15:00:00,5160,165613,951.0,8369,,,5160,165613,951,8369,6111,173878
2021-01-10 15:00:00,2964,168577,380.0,8749,,,2964,168577,380,8749,3344,177222
2021-01-11 15:00:00,13708,182285,3465.0,12214,,,13708,182285,3465,12214,17173,194395
2021-01-12 15:00:00,17372,199657,5585.0,17799,,,17372,199657,5585,17799,22957,217352
2021-01-13 15:00:00,18599,218256,3909.0,21708,,,18599,218256,3909,21708,22508,239860
2021-01-14 15:00:00,17830,236086,1957.0,23665,,,17830,236086,1957,23665,19787,259647
2021-01-15 15:00:00,19452,255538,2023.0,25688,,,19452,255538,2023,25688,21475,281122
2021-01-16 15:00:00,5816,261354,1612.0,27300,,,5816,261354,1612,27300,7428,288550
2021-01-17 15:00:00,2115,263469,1478.0,28778,,,2115,263469,1478,28778,3593,292143
2021-01-18 15:00:00,7069,270538,3253.0,32031,,,7069,270538,3253,32031,10322,302465
2021-01-19 15:00:00,16933,287471,5397.0,37428,,,16933,287471,5397,37428,22330,324795
2021-01-20 15:00:00,20995,308466,5313.0,42741,,,20995,308466,5313,42741,26308,351103
2021-01-21 15:00:00,23782,332248,3828.0,46569,,,23782,332248,3828,46569,27610,378713
2021-01-22 15:00:00,28651,360899,3737.0,50306,,,28651,360899,3737,50306,32388,411101
2021-01-23 15:00:00,10110,371009,1934.0,52240,,,10110,371009,1934,52240,12044,423145
2021-01-24 15:00:00,3350,374359,1722.0,53962,,,3350,374359,1722,53962,5072,428217
2021-01-25 15:00:00,16297,390656,8591.0,62553,,,16297,390656,8591,62553,24888,453105
2021-01-26 15:00:00,17547,408203,8963.0,71516,,,17547,408203,8963,71516,26510,479615
2021-01-27 15:00:00,24431,432634,12539.0,84055,,,24431,432634,12539,84055,36970,516585
2021-01-28 15:00:00,22646,455280,9319.0,93374,,,22646,455280,9319,93374,31965,548550
2021-01-29 15:00:00,24766,480046,7913.0,101287,,,24766,480046,7913,101287,32679,581229
2021-01-30 15:00:00,17771,497817,2548.0,103835,,,17771,497817,2548,103835,20319,601548
2021-01-31 15:00:00,3758,501575,1357.0,105192,,,3758,501575,1357,105192,5115,606663
2021-02-01 15:00:00,8029,509604,5325.0,110517,,,8029,509604,5325,110517,13354,620017
2021-02-02 15:00:00,12478,522082,13816.0,124333,,,12478,522082,13816,124333,26294,646311
2021-02-03 15:00:00,18237,540319,18115.0,142448,,,18237,540319,18115,142448,36352,682663
2021-02-04 15:00:00,22104,562423,15763.0,158211,,,22104,562423,15763,158211,37867,720530
2021-02-05 15:00:00,20337,582760,17399.0,175610,,,20337,582760,17399,175610,37736,758266
2021-02-06 15:00:00,11316,594076,14462.0,190072,,,11316,594076,14462,190072,25778,784044
2021-02-07 15:00:00,5945,600021,1829.0,191901,,,5945,600021,1829,191901,7774,791818
2021-02-08 15:00:00,12968,612989,12909.0,204810,,,12968,612989,12909,204810,25877,817695
2021-02-09 15:00:00,16638,629627,13861.0,218671,,,16638,629627,13861,218671,30499,848194
2021-02-10 15:00:00,19275,648902,21223.0,239894,,,19275,648902,21223,239894,40498,888692
2021-02-11 15:00:00,22838,671740,17325.0,257219,,,22838,671740,17325,257219,40163,928855
2021-02-12 15:00:00,20382,692122,19605.0,276824,,,20382,692122,19605,276824,39987,968842
2021-02-13 15:00:00,11436,703558,6407.0,283231,,,11436,703558,6407,283231,17843,986685
2021-02-14 15:00:00,7106,710664,2117.0,285348,,,7106,710664,2117,285348,9223,995908
2021-02-15 15:00:00,11756,722420,13316.0,298664,,,11756,722420,13316,298664,25072,1020980
2021-02-16 15:00:00,16597,739017,21001.0,319665,,,16597,739017,21001,319665,37598,1058578
2021-02-17 15:00:00,20648,759665,26362.0,346027,,,20648,759665,26362,346027,47010,1105588
2021-02-18 15:00:00,3194,762859,4615.0,350642,,,3194,762859,4615,350642,7809,1113397
2021-02-19 15:00:00,10254,773113,19920.0,370562,,,10254,773113,19920,370562,30174,1143571
2021-02-20 15:00:00,10305,783418,20276.0,390838,,,10305,783418,20276,390838,30581,1174152
2021-02-21 15:00:00,6168,789586,7637.0,398475,,,6168,789586,7637,398475,13805,1187957
2021-02-22 15:00:00,8029,797615,15462.0,413937,,,8029,797615,15462,413937,23491,1211448
2021-02-23 15:00:00,15516,813131,15970.0,429907,,,15516,813131,15970,429907,31486,1242934
2021-02-24 15:00:00,17938,831069,24738.0,454645,,,17938,831069,24738,454645,42676,1285610
2021-02-25 15:00:00,20388,851457,26542.0,481187,,,20388,851457,26542,481187,46930,1332540
2021-02-26 15:00:00,26715,878172,26192.0,507379,,,26715,878172,26192,507379,52907,1385447
2021-02-27 15:00:00,15994,894166,11150.0,518529,,,15994,894166,11150,518529,27144,1412591
2021-02-28 15:00:00,15496,909662,4871.0,523400,,,15496,909662,4871,523400,20367,1432958
2021-03-01 15:00:00,26844,936506,12564.0,535964,,,26844,936506,12564,535964,39408,1472366
2021-03-02 15:00:00,23906,960412,13260.0,549224,32.0,32.0,23938,960444,13292,549256,37198,1509564
2021-03-03 15:00:00,30179,990591,18381.0,567605,186.0,218.0,30365,990809,18567,567823,48746,1558310
2021-03-04 15:00:00,30948,1021539,18178.0,585783,4067.0,4285.0,35015,1025824,22245,590068,53193,1611503
2021-03-05 15:00:00,30005,1051544,19704.0,605487,4910.0,9195.0,34915,1060739,24614,614682,54619,1666122
2021-03-06 15:00:00,18904,1070448,9501.0,614988,6006.0,15201.0,24910,1085649,15507,630189,34411,1700533
2021-03-07 15:00:00,12116,1082564,4848.0,619836,6612.0,21813.0,18728,1104377,11460,641649,23576,1724109
2021-03-08 15:00:00,25861,1108425,8831.0,628667,8277.0,30090.0,34138,1138515,17108,658757,42969,1767078
2021-03-09 15:00:00,26110,1134535,15453.0,644120,8345.0,38435.0,34455,1172970,23798,682555,49908,1816986
2021-03-10 15:00:00,29842,1164377,15981.0,660101,7940.0,46375.0,37782,1210752,23921,706476,53763,1870749
2021-03-11 15:00:00,35972,1200349,16395.0,676496,3980.0,50355.0,39952,1250704,20375,726851,56347,1927096
2021-03-12 15:00:00,36902,1237251,18084.0,694580,2923.0,53278.0,39825,1290529,21007,747858,57909,1985005
2021-03-13 15:00:00,22655,1259906,10276.0,704856,1626.0,54904.0,24281,1314810,11902,759760,34557,2019562
2021-03-14 15:00:00,17833,1277739,6712.0,711568,1004.0,55908.0,18837,1333647,7716,767476,25549,2045111
2021-03-15 15:00:00,29807,1307546,11284.0,722852,596.0,56504.0,30403,1364050,11880,779356,41687,2086798
2021-03-16 15:00:00,33410,1340956,13562.0,736414,769.0,57273.0,34179,1398229,14331,793687,47741,2134539
2021-03-17 15:00:00,37555,1378511,17034.0,753448,1180.0,58453.0,38735,1436964,18214,811901,55769,2190308
2021-03-18 15:00:00,41430,1419941,12623.0,766071,1348.0,59801.0,42778,1479742,13971,825872,55401,2245709
2021-03-19 15:00:00,38319,1458260,15413.0,781484,1036.0,60837.0,39355,1519097,16449,842321,54768,2300477
2021-03-20 15:00:00,24688,1482948,10143.0,791627,702.0,61539.0,25390,1544487,10845,853166,35533,2336010
2021-03-21 15:00:00,19167,1502115,7866.0,799493,336.0,61875.0,19503,1563990,8202,861368,27369,2363379
2021-03-22 15:00:00,32576,1534691,11462.0,810955,835.0,62710.0,33411,1597401,12297,873665,44873,2408252
2021-03-23 15:00:00,38414,1573105,17785.0,828740,1553.0,64263.0,39967,1637368,19338,893003,57752,2466004
2021-03-24 15:00:00,41069,1614174,21186.0,849926,1384.0,65647.0,42453,1679821,22570,915573,63639,2529643
2021-03-25 15:00:00,42864,1657038,21673.0,871599,2458.0,68105.0,45322,1725143,24131,939704,66995,2596638
2021-03-26 15:00:00,36330,1693368,26660.0,898259,2496.0,70601.0,38826,1763969,29156,968860,65486,2662124
2021-03-27 15:00:00,26459,1719827,17272.0,915531,2491.0,73092.0,28950,1792919,19763,988623,46222,2708346
2021-03-28 15:00:00,17005,1736832,12632.0,928163,1616.0,74708.0,18621,1811540,14248,1002871,31253,2739599
2021-03-29 15:00:00,29710,1766542,26266.0,954429,1140.0,75848.0,30850,1842390,27406,1030277,57116,2796715
2021-03-30 15:00:00,40042,1806584,28974.0,983403,1860.0,77708.0,41902,1884292,30834,1061111,70876,2867591
2021-03-31 15:00:00,41025,1847609,34669.0,1018072,5746.0,83454.0,46771,1931063,40415,1101526,81440,2949031
2021-04-01 15:00:00,42239,1889848,40937.0,1059009,5722.0,89176.0,47961,1979024,46659,1148185,88898,3037929
2021-04-02 15:00:00,34900,1924748,32650.0,1091659,6121.0,95297.0,41021,2020045,38771,1186956,73671,3111600
2021-04-03 15:00:00,21125,1945873,19176.0,1110835,4367.0,99664.0,25492,2045537,23543,1210499,44668,3156268
2021-04-04 15:00:00,8264,1954137,10182.0,1121017,965.0,100629.0,9229,2054766,11147,1221646,19411,3175679
2021-04-05 15:00:00,27929,1982066,28886.0,1149903,6653.0,107282.0,34582,2089348,35539,1257185,63468,3239147
2021-04-06 15:00:00,39754,2021820,30421.0,1180324,10488.0,117770.0,50242,2139590,40909,1298094,80663,3319810
2021-04-07 15:00:00,36058,2057878,34247.0,1214571,12980.0,130750.0,49038,2188628,47227,1345321,83285,3403095
2021-04-08 15:00:00,42276,2100154,36068.0,1250639,13861.0,144611.0,56137,2244765,49929,1395250,92205,3495300
2021-04-09 15:00:00,34040,2134194,36304.0,1286943,14522.0,159133.0,48562,2293327,50826,1446076,84866,3580166
2021-04-10 15:00:00,23453,2157647,23117.0,1310060,7633.0,166766.0,31086,2324413,30750,1476826,54203,3634369
2021-04-11 15:00:00,17558,2175205,13272.0,1323332,10122.0,176888.0,27680,2352093,23394,1500220,40952,3675321
2021-04-12 15:00:00,24591,2199796,33141.0,1356473,10897.0,187785.0,35488,2387581,44038,1544258,68629,3743950
2021-04-13 15:00:00,126173,2325969,91213.0,1447686,3292.0,191077.0,129465,2517046,94505,1638763,220678,3964628
2021-04-14 15:00:00,40698,2366667,37779.0,1485465,211.0,191288.0,40909,2557955,37990,1676753,78688,4043316
2021-04-15 15:00:00,41406,2408073,39502.0,1524967,173.0,191461.0,41579,2599534,39675,1716428,81081,4124397
2021-04-16 15:00:00,37146,2445219,38816.0,1563783,23.0,191484.0,37169,2636703,38839,1755267,75985,4200382
2021-04-17 15:00:00,32790,2478009,22015.0,1585798,12.0,191496.0,32802,2669505,22027,1777294,54817,4255199
2021-04-18 15:00:00,20063,2498072,16187.0,1601985,5.0,191501.0,20068,2689573,16192,1793486,36255,4291454
2021-04-19 15:00:00,29866,2527938,36532.0,1638517,61.0,191562.0,29927,2719500,36593,1830079,66459,4357913
2021-04-20 15:00:00,32914,2560852,44415.0,1682932,57.0,191619.0,32971,2752471,44472,1874551,77386,4435299
2021-04-21 15:00:00,39802,2600654,47020.0,1729952,25.0,191644.0,39827,2792298,47045,1921596,86847,4522146
2021-04-22 15:00:00,35809,2636463,42631.0,1772583,16.0,191660.0,35825,2828123,42647,1964243,78456,4600602
2021-04-23 15:00:00,33123,2669586,40108.0,1812691,14.0,191674.0,33137,2861260,40122,2004365,73245,4673847
2021-04-24 15:00:00,26391,2695977,27867.0,1840558,81.0,191755.0,26472,2887732,27948,2032313,54339,4728186
2021-04-25 15:00:00,20224,2716201,10957.0,1851515,31.0,191786.0,20255,2907987,10988,2043301,31212,4759398
2021-04-26 15:00:00,27399,2743600,32685.0,1884200,202.0,191988.0,27601,2935588,32887,2076188,60286,4819684
2021-04-27 15:00:00,26695,2770295,33044.0,1917244,1098.0,193086.0,27793,2963381,34142,2110330,60837,4880521
2021-04-28 15:00:00,28926,2799221,39495.0,1956739,1362.0,194448.0,30288,2993669,40857,2151187,69783,4950304
2021-04-29 15:00:00,27076,2826297,39683.0,1996422,1463.0,195911.0,28539,3022208,41146,2192333,68222,5018526
2021-04-30 15:00:00,28198,2854495,32242.0,2028664,1646.0,197557.0,29844,3052052,33888,2226221,62086,5080612
2021-05-01 15:00:00,20607,2875102,26614.0,2055278,1045.0,198602.0,21652,3073704,27659,2253880,48266,5128878
2021-05-02 15:00:00,10281,2885383,17031.0,2072309,822.0,199424.0,11103,3084807,17853,2271733,28134,5157012
2021-05-03 15:00:00,12747,2898130,28559.0,2100868,1915.0,201339.0,14662,3099469,30474,2302207,43221,5200233
2021-05-04 15:00:00,13569,2911699,38567.0,2139435,1737.0,203076.0,15306,3114775,40304,2342511,53873,5254106
2021-05-05 15:00:00,19321,2931020,37721.0,2177156,1921.0,204997.0,21242,3136017,39642,2382153,58963,5313069
2021-05-06 15:00:00,16918,2947938,40569.0,2217725,1720.0,206717.0,18638,3154655,42289,2424442,59207,5372276
2021-05-07 15:00:00,17581,2965519,36984.0,2254709,1958.0,208675.0,19539,3174194,38942,2463384,56523,5428799
2021-05-08 15:00:00,10783,2976302,31213.0,2285922,1291.0,209966.0,12074,3186268,32504,2495888,43287,5472086
2021-05-09 15:00:00,5079,2981381,12231.0,2298153,695.0,210661.0,5774,3192042,12926,2508814,18005,5490091
2021-05-10 15:00:00,8955,2990336,31034.0,2329187,1362.0,212023.0,10317,3202359,32396,2541210,41351,5531442
2021-05-11 15:00:00,12182,3002518,30260.0,2359447,1440.0,213463.0,13622,3215981,31700,2572910,43882,5575324
2021-05-12 15:00:00,13945,3016463,38562.0,2398009,1919.0,215382.0,15864,3231845,40481,2613391,54426,5629750
2021-05-13 15:00:00,21857,3038320,33434.0,2431443,1345.0,216727.0,23202,3255047,34779,2648170,56636,5686386
2021-05-14 15:00:00,24370,3062690,30012.0,2461455,1775.0,218502.0,26145,3281192,31787,2679957,56157,5742543
2021-05-15 15:00:00,21916,3084606,25089.0,2486544,1490.0,219992.0,23406,3304598,26579,2706536,48495,5791038
2021-05-16 15:00:00,9082,3093688,17572.0,2504116,1113.0,221105.0,10195,3314793,18685,2725221,27767,5818805
2021-05-17 15:00:00,16843,3110531,28366.0,2532482,1949.0,223054.0,18792,3333585,30315,2755536,47158,5865963
2021-05-18 15:00:00,21243,3131774,30666.0,2563148,1942.0,224996.0,23185,3356770,32608,2788144,53851,5919814
2021-05-19 15:00:00,27629,3159403,32397.0,2595545,1628.0,226624.0,29257,3386027,34025,2822169,61654,5981468
2021-05-20 15:00:00,20802,3180205,33232.0,2628777,1966.0,228590.0,22768,3408795,35198,2857367,56000,6037468
2021-05-21 15:00:00,19157,3199362,30312.0,2659089,1607.0,230197.0,20764,3429559,31919,2889286,51076,6088544
2021-05-22 15:00:00,16922,3216284,20660.0,2679749,1270.0,231467.0,18192,3447751,21930,2911216,38852,6127396
2021-05-23 15:00:00,8758,3225042,11433.0,2691182,964.0,232431.0,9722,3457473,12397,2923613,21155,6148551
2021-05-24 15:00:00,13560,3238602,17751.0,2708933,1473.0,233904.0,15033,3472506,19224,2942837,32784,6181335
2021-05-25 15:00:00,13059,3251661,18704.0,2727637,1329.0,235233.0,14388,3486894,20033,2962870,33092,6214427
2021-05-26 15:00:00,18298,3269959,19482.0,2747119,1511.0,236744.0,19809,3506703,20993,2983863,39291,6253718
2021-05-27 15:00:00,11683,3281642,18639.0,2765758,1116.0,237860.0,12799,3519502,19755,3003618,31438,6285156
2021-05-28 15:00:00,12404,3294046,19816.0,2785574,1399.0,239259.0,13803,3533305,21215,3024833,33619,6318775
2021-05-29 15:00:00,9549,3303595,11658.0,2797232,935.0,240194.0,10484,3543789,12593,3037426,22142,6340917
2021-05-30 15:00:00,4965,3308560,6421.0,2803653,595.0,240789.0,5560,3549349,7016,3044442,11981,6352898
2021-05-31 15:00:00,1776,3310336,3711.0,2807364,305.0,241094.0,2081,3551430,4016,3048458,5792,6358690
2021-06-01 15:00:00,9824,3320160,16403.0,2823767,1157.0,242251.0,10981,3562411,17560,3066018,27384,6386074
2021-06-02 15:00:00,10229,3330389,16795.0,2840562,959.0,243210.0,11188,3573599,17754,3083772,27983,6414057
2021-06-03 15:00:00,7896,3338285,21165.0,2861727,1086.0,244296.0,8982,3582581,22251,3106023,30147,6444204
2021-06-04 15:00:00,8166,3346451,22322.0,2884049,1120.0,245416.0,9286,3591867,23442,3129465,31608,6475812
2021-06-05 15:00:00,7000,3353451,19430.0,2903479,720.0,246136.0,7720,3599587,20150,3149615,27150,6502962
2021-06-06 15:00:00,3458,3356909,7233.0,2910712,423.0,246559.0,3881,3603468,7656,3157271,11114,6514076
2021-06-07 15:00:00,6849,3363758,15749.0,2926461,726.0,247285.0,7575,3611043,16475,3173746,23324,6537400
2021-06-08 15:00:00,6665,3370423,19683.0,2946144,829.0,248114.0,7494,3618537,20512,3194258,27177,6564577
2021-06-09 15:00:00,8191,3378614,23922.0,2970066,970.0,249084.0,9161,3627698,24892,3219150,33083,6597660
2021-06-10 15:00:00,7143,3385757,19102.0,2989168,894.0,249978.0,8037,3635735,19996,3239146,27139,6624799
2021-06-11 15:00:00,7472,3393229,17699.0,3006867,1125.0,251103.0,8597,3644332,18824,3257970,26296,6651095
2021-06-12 15:00:00,5230,3398459,14742.0,3021609,605.0,251708.0,5835,3650167,15347,3273317,20577,6671672
2021-06-13 15:00:00,1931,3400390,7564.0,3029173,427.0,252135.0,2358,3652525,7991,3281308,9922,6681594
2021-06-14 15:00:00,5657,3406047,11801.0,3040974,734.0,252869.0,6391,3658916,12535,3293843,18192,6699786
2021-06-15 15:00:00,5630,3411677,14323.0,3055297,873.0,253742.0,6503,3665419,15196,3309039,20826,6720612
2021-06-16 15:00:00,8747,3420424,21566.0,3076863,757.0,254499.0,9504,3674923,22323,3331362,31070,6751682
2021-06-17 15:00:00,6683,3427107,12351.0,3089214,720.0,255219.0,7403,3682326,13071,3344433,19754,6771436
2021-06-18 15:00:00,6835,3433942,12721.0,3101935,704.0,255923.0,7539,3689865,13425,3357858,20260,6791696
2021-06-19 15:00:00,4658,3438600,9359.0,3111294,614.0,256537.0,5272,3695137,9973,3367831,14631,6806327
2021-06-20 15:00:00,2505,3441105,5048.0,3116342,377.0,256914.0,2882,3698019,5425,3373256,7930,6814257
2021-06-21 15:00:00,5556,3446661,5332.0,3121674,635.0,257549.0,6191,3704210,5967,3379223,11523,6825780
2021-06-22 15:00:00,5344,3452005,9036.0,3130710,692.0,258241.0,6036,3710246,9728,3388951,15072,6840852
2021-06-23 15:00:00,6061,3458066,10312.0,3141022,646.0,258887.0,6707,3716953,10958,3399909,17019,6857871
2021-06-24 15:00:00,5930,3463996,8188.0,3149210,594.0,259481.0,6524,3723477,8782,3408691,14712,6872583
2021-06-25 15:00:00,5804,3469800,8644.0,3157854,620.0,260101.0,6424,3729901,9264,3417955,15068,6887651
2021-06-26 15:00:00,3700,3473500,6296.0,3164150,396.0,260497.0,4096,3733997,6692,3424647,10392,6898043
2021-06-27 15:00:00,2809,3476309,3516.0,3167666,185.0,260682.0,2994,3736991,3701,3428348,6510,6904553
2021-06-28 15:00:00,4915,3481224,6372.0,3174038,539.0,261221.0,5454,3742445,6911,3435259,11826,6916379
2021-06-29 15:00:00,5059,3486283,6460.0,3180498,520.0,261741.0,5579,3748024,6980,3442239,12039,6928418
2021-06-30 15:00:00,5617,3491900,7375.0,3187873,605.0,262346.0,6222,3754246,7980,3450219,13597,6942015
2021-07-01 15:00:00,5396,3497296,6960.0,3194833,498.0,262844.0,5894,3760140,7458,3457677,12854,6954869
2021-07-02 15:00:00,5284,3502580,6824.0,3201657,523.0,263367.0,5807,3765947,7347,3465024,12631,6967500
2021-07-03 15:00:00,3265,3505845,4059.0,3205716,264.0,263631.0,3529,3769476,4323,3469347,7588,6975088
2021-07-04 15:00:00,492,3506337,544.0,3206260,67.0,263698.0,559,3770035,611,3469958,1103,6976191
2021-07-05 15:00:00,3760,3510097,3949.0,3210209,287.0,263985.0,4047,3774082,4236,3474194,7996,6984187
2021-07-06 15:00:00,4486,3514583,6253.0,3216462,452.0,264437.0,4938,3779020,6705,3480899,11191,6995378
2021-07-07 15:00:00,4464,3519047,6396.0,3222858,482.0,264919.0,4946,3783966,6878,3487777,11342,7006720
2021-07-08 15:00:00,4827,3523874,6147.0,3229005,563.0,265482.0,5390,3789356,6710,3494487,11537,7018257
2021-07-09 15:00:00,5351,3529225,6645.0,3235650,571.0,266053.0,5922,3795278,7216,3501703,12567,7030824
2021-07-10 15:00:00,3524,3532749,4383.0,3240033,302.0,266355.0,3826,3799104,4685,3506388,8209,7039033
2021-07-11 15:00:00,2672,3535421,2564.0,3242597,225.0,266580.0,2897,3802001,2789,3509177,5461,7044494
2021-07-12 15:00:00,4408,3539829,5104.0,3247701,378.0,266958.0,4786,3806787,5482,3514659,9890,7054384
2021-07-13 15:00:00,4656,3544485,4706.0,3252407,366.0,267324.0,5022,3811809,5072,3519731,9728,7064112
2021-07-14 15:00:00,4608,3549093,5262.0,3257669,421.0,267745.0,5029,3816838,5683,3525414,10291,7074403
2021-07-15 15:00:00,4885,3553978,5000.0,3262669,357.0,268102.0,5242,3822080,5357,3530771,10242,7084645
2021-07-16 15:00:00,6271,3560249,5824.0,3268493,401.0,268503.0,6672,3828752,6225,3536996,12496,7097141
2021-07-17 15:00:00,3413,3563662,3544.0,3272037,299.0,268802.0,3712,3832464,3843,3540839,7256,7104397
2021-07-18 15:00:00,2304,3565966,2371.0,3274408,110.0,268912.0,2414,3834878,2481,3543320,4785,7109182
2021-07-19 15:00:00,5130,3571096,4603.0,3279011,379.0,269291.0,5509,3840387,4982,3548302,10112,7119294
2021-07-20 15:00:00,5314,3576410,4703.0,3283714,366.0,269657.0,5680,3846067,5069,3553371,10383,7129677
2021-07-21 15:00:00,5632,3582042,4922.0,3288636,416.0,270073.0,6048,3852115,5338,3558709,10970,7140647
2021-07-22 15:00:00,6009,3588051,4616.0,3293252,469.0,270542.0,6478,3858593,5085,3563794,11094,7151741
2021-07-23 15:00:00,6828,3594879,4826.0,3298078,493.0,271035.0,7321,3865914,5319,3569113,12147,7163888
2021-07-24 15:00:00,4278,3599157,3195.0,3301273,267.0,271302.0,4545,3870459,3462,3572575,7740,7171628
2021-07-25 15:00:00,3290,3602447,1111.0,3302384,138.0,271440.0,3428,3873887,1249,3573824,4539,7176167
2021-07-26 15:00:00,6197,3608644,3890.0,3306274,418.0,271858.0,6615,3880502,4308,3578132,10505,7186672
2021-07-27 15:00:00,6582,3615226,4264.0,3310538,457.0,272315.0,7039,3887541,4721,3582853,11303,7197975
2021-07-28 15:00:00,7063,3622289,4128.0,3314666,460.0,272775.0,7523,3895064,4588,3587441,11651,7209626
2021-07-29 15:00:00,7058,3629347,4288.0,3318954,419.0,273194.0,7477,3902541,4707,3592148,11765,7221391
2021-07-30 15:00:00,7797,3637144,4784.0,3323738,525.0,273719.0,8322,3910863,5309,3597457,13106,7234497
2021-07-31 15:00:00,4791,3641935,3054.0,3326792,273.0,273992.0,5064,3915927,3327,3600784,8118,7242615
2021-08-01 15:00:00,3869,3645804,2151.0,3328943,161.0,274153.0,4030,3919957,2312,3603096,6181,7248796
2021-08-02 15:00:00,7228,3653032,3824.0,3332767,339.0,274492.0,7567,3927524,4163,3607259,11391,7260187
2021-08-03 15:00:00,7231,3660263,4073.0,3336840,515.0,275007.0,7746,3935270,4588,3611847,11819,7272006
2021-08-04 15:00:00,7400,3667663,4086.0,3340926,532.0,275539.0,7932,3943202,4618,3616465,12018,7284024
2021-08-05 15:00:00,7930,3675593,4269.0,3345195,537.0,276076.0,8467,3951669,4806,3621271,12736,7296760
2021-08-06 15:00:00,8292,3683885,4705.0,3349900,453.0,276529.0,8745,3960414,5158,3626429,13450,7310210
2021-08-07 15:00:00,5267,3689152,2807.0,3352707,263.0,276792.0,5530,3965944,3070,3629499,8337,7318547
2021-08-08 15:00:00,3951,3693103,2047.0,3354754,143.0,276935.0,4094,3970038,2190,3631689,6141,7324688
2021-08-09 15:00:00,6920,3700023,4517.0,3359271,368.0,277303.0,7288,3977326,4885,3636574,11805,7336493
2021-08-10 15:00:00,7130,3707153,4446.0,3363717,338.0,277641.0,7468,3984794,4784,3641358,11914,7348407
2021-08-11 15:00:00,7050,3714203,4422.0,3368139,441.0,278082.0,7491,3992285,4863,3646221,11913,7360320
2021-08-12 15:00:00,8598,3722801,4719.0,3372858,444.0,278526.0,9042,4001327,5163,3651384,13761,7374081
2021-08-13 15:00:00,7136,3729937,5357.0,3378215,396.0,278922.0,7532,4008859,5753,3657137,12889,7386970
2021-08-14 15:00:00,4912,3734849,3337.0,3381552,285.0,279207.0,5197,4014056,3622,3660759,8534,7395504
2021-08-15 15:00:00,3324,3738173,2729.0,3384281,163.0,279370.0,3487,4017543,2892,3663651,6216,7401720
2021-08-16 15:00:00,5428,3743601,5082.0,3389363,352.0,279722.0,5780,4023323,5434,3669085,10862,7412582
2021-08-17 15:00:00,6808,3750409,5345.0,3394708,389.0,280111.0,7197,4030520,5734,3674819,12542,7425124
2021-08-18 15:00:00,6320,3756729,5480.0,3400188,478.0,280589.0,6798,4037318,5958,3680777,12278,7437402
2021-08-19 15:00:00,6205,3762934,5537.0,3405725,416.0,281005.0,6621,4043939,5953,3686730,12158,7449560
2021-08-20 15:00:00,6830,3769764,6531.0,3412256,401.0,281406.0,7231,4051170,6932,3693662,13762,7463322
2021-08-21 15:00:00,4320,3774084,3913.0,3416169,228.0,281634.0,4548,4055718,4141,3697803,8461,7471783
2021-08-22 15:00:00,3057,3777141,3167.0,3419336,110.0,281744.0,3167,4058885,3277,3701080,6334,7478117
2021-08-23 15:00:00,5984,3783125,6080.0,3425416,285.0,282029.0,6269,4065154,6365,3707445,12349,7490466
2021-08-24 15:00:00,6546,3789671,6043.0,3431459,423.0,282452.0,6969,4072123,6466,3713911,13012,7503478
2021-08-25 15:00:00,6713,3796384,6199.0,3437658,440.0,282892.0,7153,4079276,6639,3720550,13352,7516830
2021-08-26 15:00:00,6964,3803348,6639.0,3444297,427.0,283319.0,7391,4086667,7066,3727616,14030,7530860
2021-08-27 15:00:00,6823,3810171,7055.0,3451352,316.0,283635.0,7139,4093806,7371,3734987,14194,7545054
2021-08-28 15:00:00,6897,3817068,6501.0,3457853,324.0,283959.0,7221,4101027,6825,3741812,13722,7558776
2021-08-29 15:00:00,3732,3820800,3680.0,3461533,610.0,284569.0,4342,4105369,4290,3746102,8022,7566798
2021-08-30 15:00:00,5927,3826727,6110.0,3467643,959.0,285528.0,6886,4112255,7069,3753171,12996,7579794
2021-08-31 15:00:00,5891,3832618,6037.0,3473680,946.0,286474.0,6837,4119092,6983,3760154,12874,7592668
2021-09-01 15:00:00,5573,3838191,5630.0,3479310,914.0,287388.0,6487,4125579,6544,3766698,12117,7604785
2021-09-02 15:00:00,5518,3843709,5907.0,3485217,703.0,288091.0,6221,4131800,6610,3773308,12128,7616913
2021-09-03 15:00:00,5986,3849695,6898.0,3492115,973.0,289064.0,6959,4138759,7871,3781179,13857,7630770
2021-09-04 15:00:00,3717,3853412,4335.0,3496450,879.0,289943.0,4596,4143355,5214,3786393,8931,7639701
2021-09-05 15:00:00,2952,3856364,2807.0,3499257,106.0,290049.0,3058,4146413,2913,3789306,5865,7645566
2021-09-06 15:00:00,1059,3857423,1149.0,3500406,63.0,290112.0,1122,4147535,1212,3790518,2271,7647837
2021-09-07 15:00:00,5332,3862755,7274.0,3507680,2304.0,292416.0,7636,4155171,9578,3800096,14910,7662747
2021-09-08 15:00:00,4645,3867400,5462.0,3513142,364.0,292780.0,5009,4160180,5826,3805922,10471,7673218
2021-09-09 15:00:00,5001,3872401,5436.0,3518578,324.0,293104.0,5325,4165505,5760,3811682,10761,7683979
2021-09-10 15:00:00,6507,3878908,6638.0,3525216,1718.0,294822.0,8225,4173730,8356,3820038,14863,7698842
2021-09-11 15:00:00,4169,3883077,4324.0,3529540,665.0,295487.0,4834,4178564,4989,3825027,9158,7708000
2021-09-12 15:00:00,3162,3886239,3236.0,3532776,436.0,295923.0,3598,4182162,3672,3828699,6834,7714834
2021-09-13 15:00:00,4877,3891116,5042.0,3537818,346.0,296269.0,5223,4187385,5388,3834087,10265,7725099
2021-09-14 15:00:00,4760,3895876,5422.0,3543240,435.0,296704.0,5195,4192580,5857,3839944,10617,7735716
2021-09-15 15:00:00,5024,3900900,5854.0,3549094,388.0,297092.0,5412,4197992,6242,3846186,11266,7746982
2021-09-16 15:00:00,4798,3905698,5821.0,3554915,336.0,297428.0,5134,4203126,6157,3852343,10955,7757937
2021-09-17 15:00:00,5242,3910940,6571.0,3561486,343.0,297771.0,5585,4208711,6914,3859257,12156,7770093
2021-09-18 15:00:00,3791,3914731,4563.0,3566049,185.0,297956.0,3976,4212687,4748,3864005,8539,7778632
2021-09-19 15:00:00,2742,3917473,3158.0,3569207,75.0,298031.0,2817,4215504,3233,3867238,5975,7784607
2021-09-20 15:00:00,3747,3921220,4670.0,3573877,430.0,298461.0,4177,4219681,5100,3872338,8847,7793454
2021-09-21 15:00:00,3999,3925219,4991.0,3578868,326.0,298787.0,4325,4224006,5317,3877655,9316,7802770
2021-09-22 15:00:00,4189,3929408,4760.0,3583628,458.0,299245.0,4647,4228653,5218,3882873,9407,7812177
2021-09-23 15:00:00,4163,3933571,4721.0,3588349,492.0,299737.0,4655,4233308,5213,3888086,9376,7821553
2021-09-24 15:00:00,5067,3938638,5597.0,3593946,422.0,300159.0,5489,4238797,6019,3894105,11086,7832639
2021-09-25 15:00:00,3626,3942264,3623.0,3597569,385.0,300544.0,4011,4242808,4008,3898113,7634,7840273
2021-09-26 15:00:00,2358,3944622,2658.0,3600227,424.0,300968.0,2782,4245590,3082,3901195,5440,7845713
2021-09-27 15:00:00,4501,3949123,2695.0,3602922,509.0,301477.0,5010,4250600,3204,3904399,7705,7853418
2021-09-28 15:00:00,4394,3953517,4440.0,3607362,211.0,301688.0,4605,4255205,4651,3909050,9045,7862463
2021-09-29 15:00:00,4696,3958213,4503.0,3611865,919.0,302607.0,5615,4260820,5422,3914472,10118,7872581
2021-09-30 15:00:00,4880,3963093,4552.0,3616417,792.0,303399.0,5672,4266492,5344,3919816,10224,7882805
2021-10-01 15:00:00,5474,3968567,5309.0,3621726,782.0,304181.0,6256,4272748,6091,3925907,11565,7894370
2021-10-02 15:00:00,2937,3971504,2888.0,3624614,187.0,304368.0,3124,4275872,3075,3928982,6012,7900382
2021-10-03 15:00:00,2078,3973582,2372.0,3626986,86.0,304454.0,2164,4278036,2458,3931440,4536,7904918
2021-10-04 15:00:00,4019,3977601,3495.0,3630481,232.0,304686.0,4251,4282287,3727,3935167,7746,7912664
2021-10-05 15:00:00,3952,3981553,3658.0,3634139,207.0,304893.0,4159,4286446,3865,3939032,7817,7920481
2021-10-06 15:00:00,4025,3985578,3574.0,3637713,264.0,305157.0,4289,4290735,3838,3942870,7863,7928344
2021-10-07 15:00:00,4229,3989807,3623.0,3641336,331.0,305488.0,4560,4295295,3954,3946824,8183,7936527
2021-10-08 15:00:00,4778,3994585,4275.0,3645611,282.0,305770.0,5060,4300355,4557,3951381,9335,7945862
2021-10-09 15:00:00,2683,3997268,2673.0,3648284,270.0,306040.0,2953,4303308,2943,3954324,5626,7951488
2021-10-10 15:00:00,1865,3999133,1843.0,3650127,59.0,306099.0,1924,4305232,1902,3956226,3767,7955255
2021-10-11 15:00:00,4216,4003349,3331.0,3653458,249.0,306348.0,4465,4309697,3580,3959806,7796,7963051
2021-10-12 15:00:00,3591,4006940,3525.0,3656983,271.0,306619.0,3862,4313559,3796,3963602,7387,7970438
2021-10-13 15:00:00,3956,4010896,3446.0,3660429,346.0,306965.0,4302,4317861,3792,3967394,7748,7978186
2021-10-14 15:00:00,5161,4016057,5482.0,3665911,429.0,307394.0,5590,4323451,5911,3973305,11072,7989258
2021-10-15 15:00:00,4704,4020761,4584.0,3670495,347.0,307741.0,5051,4328502,4931,3978236,9635,7998893
2021-10-16 15:00:00,2494,4023255,2500.0,3672995,290.0,308031.0,2784,4331286,2790,3981026,5284,8004177
2021-10-17 15:00:00,1808,4025063,1775.0,3674770,55.0,308086.0,1863,4333149,1830,3982856,3638,8007815
2021-10-18 15:00:00,4287,4029350,3568.0,3678338,266.0,308352.0,4553,4337702,3834,3986690,8121,8015936
2021-10-19 15:00:00,4301,4033651,4023.0,3682361,222.0,308574.0,4523,4342225,4245,3990935,8546,8024482
2021-10-20 15:00:00,3529,4037180,3417.0,3685778,254.0,308828.0,3783,4346008,3671,3994606,7200,8031682
2021-10-21 15:00:00,3300,4040480,3255.0,3689033,290.0,309118.0,3590,4349598,3545,3998151,6845,8038527
2021-10-22 15:00:00,4685,4045165,4024.0,3693057,475.0,309593.0,5160,4354758,4499,4002650,9184,8047711
2021-10-23 15:00:00,2891,4048056,2112.0,3695169,321.0,309914.0,3212,4357970,2433,4005083,5324,8053035
2021-10-24 15:00:00,2060,4050116,1558.0,3696727,78.0,309992.0,2138,4360108,1636,4006719,3696,8056731
2021-10-25 15:00:00,4548,4054664,3074.0,3699801,316.0,310308.0,4864,4364972,3390,4010109,7938,8064669
2021-10-26 15:00:00,4511,4059175,3087.0,3702888,311.0,310619.0,4822,4369794,3398,4013507,7909,8072578
2021-10-27 15:00:00,4737,4063912,3343.0,3706231,429.0,311048.0,5166,4374960,3772,4017279,8509,8081087
2021-10-28 15:00:00,4556,4068468,3364.0,3709595,496.0,311544.0,5052,4380012,3860,4021139,8416,8089503
2021-10-29 15:00:00,4970,4073438,3912.0,3713507,393.0,311937.0,5363,4385375,4305,4025444,9275,8098778
2021-10-30 15:00:00,2633,4076071,1841.0,3715348,308.0,312245.0,2941,4388316,2149,4027593,4782,8103560
2021-10-31 15:00:00,1944,4078015,1516.0,3716864,93.0,312338.0,2037,4390353,1609,4029202,3553,8107113
2021-11-01 15:00:00,4690,4082705,3420.0,3720284,342.0,312680.0,5032,4395385,3762,4032964,8452,8115565
2021-11-02 15:00:00,4252,4086957,2944.0,3723228,406.0,313086.0,4658,4400043,3350,4036314,7602,8123167
2021-11-03 15:00:00,4671,4091628,3056.0,3726284,458.0,313544.0,5129,4405172,3514,4039828,8185,8131352
2021-11-04 15:00:00,6289,4097917,3358.0,3729642,512.0,314056.0,6801,4411973,3870,4043698,10159,8141511
2021-11-05 15:00:00,8216,4106133,3758.0,3733400,408.0,314464.0,8624,4420597,4166,4047864,12382,8153893
2021-11-06 15:00:00,10070,4116203,1974.0,3735374,305.0,314769.0,10375,4430972,2279,4050143,12349,8166242
2021-11-07 15:00:00,7717,4123920,1468.0,3736842,94.0,314863.0,7811,4438783,1562,4051705,9279,8175521
2021-11-08 15:00:00,11287,4135207,3039.0,3739881,379.0,315242.0,11666,4450449,3418,4055123,14705,8190226
2021-11-09 15:00:00,11749,4146956,2655.0,3742536,268.0,315510.0,12017,4462466,2923,4058046,14672,8204898
2021-11-10 15:00:00,12562,4159518,2763.0,3745299,337.0,315847.0,12899,4475365,3100,4061146,15662,8220560
2021-11-11 15:00:00,11326,4170844,2382.0,3747681,282.0,316129.0,11608,4486973,2664,4063810,13990,8234550
2021-11-12 15:00:00,12270,4183114,3353.0,3751034,548.0,316677.0,12818,4499791,3901,4067711,16171,8250721
2021-11-13 15:00:00,9770,4192884,1587.0,3752621,342.0,317019.0,10112,4509903,1929,4069640,11699,8262420
2021-11-14 15:00:00,3919,4196803,1129.0,3753750,121.0,317140.0,4040,4513943,1250,4070890,5169,8267589
2021-11-15 15:00:00,8593,4205396,2521.0,3756271,205.0,317345.0,8798,4522741,2726,4073616,11319,8278908
2021-11-16 15:00:00,9212,4214608,2491.0,3758762,255.0,317600.0,9467,4532208,2746,4076362,11958,8290866
2021-11-17 15:00:00,9378,4223986,2875.0,3761637,312.0,317912.0,9690,4541898,3187,4079549,12565,8303431
2021-11-18 15:00:00,9280,4233266,2629.0,3764266,479.0,318391.0,9759,4551657,3108,4082657,12388,8315819
2021-11-19 15:00:00,9779,4243045,2914.0,3767180,382.0,318773.0,10161,4561818,3296,4085953,13075,8328894
2021-11-20 15:00:00,10623,4253668,1606.0,3768786,454.0,319227.0,11077,4572895,2060,4088013,12683,8341577
2021-11-21 15:00:00,4345,4258013,1199.0,3769985,99.0,319326.0,4444,4577339,1298,4089311,5643,8347220
2021-11-22 15:00:00,9778,4267791,2489.0,3772474,292.0,319618.0,10070,4587409,2781,4092092,12559,8359779
2021-11-23 15:00:00,9163,4276954,2398.0,3774872,280.0,319898.0,9443,4596852,2678,4094770,11841,8371620
2021-11-24 15:00:00,8098,4285052,2443.0,3777315,215.0,320113.0,8313,4605165,2658,4097428,10756,8382376
2021-11-25 15:00:00,239,4285291,74.0,3777389,10.0,320123.0,249,4605414,84,4097512,323,8382699
2021-11-26 15:00:00,5664,4290955,4011.0,3781400,152.0,320275.0,5816,4611230,4163,4101675,9827,8392526
2021-11-27 15:00:00,3786,4294741,5440.0,3786840,134.0,320409.0,3920,4615150,5574,4107249,9360,8401886
2021-11-28 15:00:00,2419,4297160,6372.0,3793212,77.0,320486.0,2496,4617646,6449,4113698,8868,8410754
2021-11-29 15:00:00,6360,4303520,9243.0,3802455,379.0,320865.0,6739,4624385,9622,4123320,15982,8426736
2021-11-30 15:00:00,6227,4309747,9239.0,3811694,264.0,321129.0,6491,4630876,9503,4132823,15730,8442466
2021-12-01 15:00:00,7213,4316960,9564.0,3821258,305.0,321434.0,7518,4638394,9869,4142692,17082,8459548
2021-12-02 15:00:00,6857,4323817,8678.0,3829936,450.0,321884.0,7307,4645701,9128,4151820,15985,8475533
2021-12-03 15:00:00,7542,4331359,9186.0,3839122,249.0,322133.0,7791,4653492,9435,4161255,16977,8492510
2021-12-04 15:00:00,5851,4337210,9717.0,3848839,457.0,322590.0,6308,4659800,10174,4171429,16025,8508535
2021-12-05 15:00:00,3462,4340672,3243.0,3852082,77.0,322667.0,3539,4663339,3320,4174749,6782,8515317
2021-12-06 15:00:00,6728,4347400,7059.0,3859141,277.0,322944.0,7005,4670344,7336,4182085,14064,8529381
2021-12-07 15:00:00,6354,4353754,6948.0,3866089,247.0,323191.0,6601,4676945,7195,4189280,13549,8542930
2021-12-08 15:00:00,6890,4360644,7311.0,3873400,314.0,323505.0,7204,4684149,7625,4196905,14515,8557445
2021-12-09 15:00:00,6475,4367119,6947.0,3880347,397.0,323902.0,6872,4691021,7344,4204249,13819,8571264
2021-12-10 15:00:00,7213,4374332,7285.0,3887632,228.0,324130.0,7441,4698462,7513,4211762,14726,8585990
2021-12-11 15:00:00,4441,4378773,7600.0,3895232,333.0,324463.0,4774,4703236,7933,4219695,12374,8598364
2021-12-12 15:00:00,3990,4382763,2782.0,3898014,60.0,324523.0,4050,4707286,2842,4222537,6832,8605196
2021-12-13 15:00:00,5688,4388451,5721.0,3903735,242.0,324765.0,5930,4713216,5963,4228500,11651,8616847
2021-12-14 15:00:00,6428,4394879,5881.0,3909616,214.0,324979.0,6642,4719858,6095,4234595,12523,8629370
2021-12-15 15:00:00,7096,4401975,5615.0,3915231,248.0,325227.0,7344,4727202,5863,4240458,12959,8642329
2021-12-16 15:00:00,7810,4409785,2795.0,3918026,422.0,325649.0,8232,4735434,3217,4243675,11027,8653356
2021-12-17 15:00:00,7768,4417553,4129.0,3922155,192.0,325841.0,7960,4743394,4321,4247996,12089,8665445
2021-12-18 15:00:00,5775,4423328,3167.0,3925322,297.0,326138.0,6072,4749466,3464,4251460,9239,8674684
2021-12-19 15:00:00,3379,4426707,1340.0,3926662,35.0,326173.0,3414,4752880,1375,4252835,4754,8679438
2021-12-20 15:00:00,8014,4434721,3714.0,3930376,164.0,326337.0,8178,4761058,3878,4256713,11892,8691330
2021-12-21 15:00:00,8899,4443620,4086.0,3934462,168.0,326505.0,9067,4770125,4254,4260967,13153,8704483
2021-12-22 15:00:00,8608,4452228,3807.0,3938269,172.0,326677.0,8780,4778905,3979,4264946,12587,8717070
2021-12-23 15:00:00,8300,4460528,3486.0,3941755,355.0,327032.0,8655,4787560,3841,4268787,12141,8729211
2021-12-24 15:00:00,1607,4462135,1000.0,3942755,39.0,327071.0,1646,4789206,1039,4269826,2646,8731857
2021-12-25 15:00:00,50,4462185,36.0,3942791,1.0,327072.0,51,4789257,37,4269863,87,8731944
2021-12-26 15:00:00,2520,4464705,1741.0,3944532,44.0,327116.0,2564,4791821,1785,4271648,4305,8736249
2021-12-27 15:00:00,7132,4471837,3943.0,3948475,295.0,327411.0,7427,4799248,4238,4275886,11370,8747619
2021-12-28 15:00:00,7767,4479604,3744.0,3952219,166.0,327577.0,7933,4807181,3910,4279796,11677,8759296
2021-12-29 15:00:00,8126,4487730,3956.0,3956175,154.0,327731.0,8280,4815461,4110,4283906,12236,8771532
2021-12-30 15:00:00,7385,4495115,3734.0,3959909,288.0,328019.0,7673,4823134,4022,4287928,11407,8782939
2021-12-31 15:00:00,2541,4497656,1511.0,3961420,92.0,328111.0,2633,4825767,1603,4289531,4144,8787083
2022-01-01 15:00:00,701,4498357,336.0,3961756,31.0,328142.0,732,4826499,367,4289898,1068,8788151
2022-01-02 15:00:00,2157,4500514,1616.0,3963372,42.0,328184.0,2199,4828698,1658,4291556,3815,8791966
2022-01-03 15:00:00,3343,4503857,2041.0,3965413,220.0,328404.0,3563,4832261,2261,4293817,5604,8797570
2022-01-04 15:00:00,5713,4509570,3387.0,3968800,162.0,328566.0,5875,4838136,3549,4297366,9262,8806832
2022-01-05 15:00:00,6690,4516260,4608.0,3973408,173.0,328739.0,6863,4844999,4781,4302147,11471,8818303
2022-01-06 15:00:00,6576,4522836,4701.0,3978109,258.0,328997.0,6834,4851833,4959,4307106,11535,8829838
2022-01-07 15:00:00,5777,4528613,3659.0,3981768,158.0,329155.0,5935,4857768,3817,4310923,9594,8839432
2022-01-08 15:00:00,4443,4533056,3760.0,3985528,73.0,329228.0,4516,4862284,3833,4314756,8276,8847708
2022-01-09 15:00:00,2715,4535771,2004.0,3987532,154.0,329382.0,2869,4865153,2158,4316914,4873,8852581
2022-01-10 15:00:00,6196,4541967,3757.0,3991289,153.0,329535.0,6349,4871502,3910,4320824,10106,8862687
2022-01-11 15:00:00,6393,4548360,4175.0,3995464,137.0,329672.0,6530,4878032,4312,4325136,10705,8873392
2022-01-12 15:00:00,6557,4554917,4296.0,3999760,220.0,329892.0,6777,4884809,4516,4329652,11073,8884465
2022-01-13 15:00:00,6288,4561205,4250.0,4004010,137.0,330029.0,6425,4891234,4387,4334039,10675,8895140
2022-01-14 15:00:00,6614,4567819,2932.0,4006942,234.0,330263.0,6848,4898082,3166,4337205,9780,8904920
2022-01-15 15:00:00,3692,4571511,1473.0,4008415,64.0,330327.0,3756,4901838,1537,4338742,5229,8910149
2022-01-16 15:00:00,828,4572339,549.0,4008964,99.0,330426.0,927,4902765,648,4339390,1476,8911625
