VACCINATION_DATE,FirstDailyDose,FirstDoseCumulative,SecondDailyDose,SecondDoseCumulative,SingleDailyDose,SingleDoseCumulative,AtleastOneVaccine,AtleastOneVaccineCumulative,CompletedVax,CompletedVaxCumulative,FirstSecondSingleVaccinations,FirstSecondSingleVaccinationsCumulative
2020-12-14 15:00:00,3,222,,58,,,3,222,0,58,3,251
2020-12-15 15:00:00,15,237,1.0,59,,,15,237,1,59,16,267
2020-12-16 15:00:00,548,785,2.0,61,,,548,785,2,61,550,817
2020-12-17 15:00:00,1057,1842,,61,,,1057,1842,0,61,1057,1874
2020-12-18 15:00:00,2870,4712,2.0,63,,,2870,4712,2,63,2872,4746
2020-12-19 15:00:00,853,5565,1.0,64,,,853,5565,1,64,854,5600
2020-12-20 15:00:00,287,5852,2.0,66,,,287,5852,2,66,289,5889
2020-12-21 15:00:00,3728,9580,4.0,70,,,3728,9580,4,70,3732,9621
2020-12-22 15:00:00,6189,15769,1.0,71,,,6189,15769,1,71,6190,15811
2020-12-23 15:00:00,5479,21248,10.0,81,,,5479,21248,10,81,5489,21300
2020-12-24 15:00:00,2644,23892,4.0,85,,,2644,23892,4,85,2648,23948
2020-12-25 15:00:00,1031,24923,2.0,87,,,1031,24923,2,87,1033,24981
2020-12-26 15:00:00,1667,26590,3.0,90,,,1667,26590,3,90,1670,26651
2020-12-27 15:00:00,1770,28360,4.0,94,,,1770,28360,4,94,1774,28425
2020-12-28 15:00:00,8625,36985,10.0,104,,,8625,36985,10,104,8635,37060
2020-12-29 15:00:00,10357,47342,8.0,112,,,10357,47342,8,112,10365,47425
2020-12-30 15:00:00,12189,59531,20.0,132,,,12189,59531,20,132,12209,59634
2020-12-31 15:00:00,7319,66850,13.0,145,,,7319,66850,13,145,7332,66966
2021-01-01 15:00:00,1653,68503,34.0,179,,,1653,68503,34,179,1687,68653
2021-01-02 15:00:00,2638,71141,25.0,204,,,2638,71141,25,204,2663,71316
2021-01-03 15:00:00,3181,74322,69.0,273,,,3181,74322,69,273,3250,74566
2021-01-04 15:00:00,12858,87180,254.0,527,,,12858,87180,254,527,13112,87678
2021-01-05 15:00:00,11774,98954,442.0,969,,,11774,98954,442,969,12216,99894
2021-01-06 15:00:00,14692,113646,773.0,1742,,,14692,113646,773,1742,15465,115359
2021-01-07 15:00:00,14652,128298,1598.0,3340,,,14652,128298,1598,3340,16250,131609
2021-01-08 15:00:00,23616,151914,2565.0,5905,,,23616,151914,2565,5905,26181,157790
2021-01-09 15:00:00,4853,156767,870.0,6775,,,4853,156767,870,6775,5723,163513
2021-01-10 15:00:00,2748,159515,341.0,7116,,,2748,159515,341,7116,3089,166602
2021-01-11 15:00:00,13314,172829,3262.0,10378,,,13314,172829,3262,10378,16576,183178
2021-01-12 15:00:00,16936,189765,5337.0,15715,,,16936,189765,5337,15715,22273,205451
2021-01-13 15:00:00,17967,207732,3704.0,19419,,,17967,207732,3704,19419,21671,227122
2021-01-14 15:00:00,17420,225152,1833.0,21252,,,17420,225152,1833,21252,19253,246375
2021-01-15 15:00:00,18980,244132,1818.0,23070,,,18980,244132,1818,23070,20798,267173
2021-01-16 15:00:00,5504,249636,1524.0,24594,,,5504,249636,1524,24594,7028,274201
2021-01-17 15:00:00,2104,251740,1324.0,25918,,,2104,251740,1324,25918,3428,277629
2021-01-18 15:00:00,7128,258868,2888.0,28806,,,7128,258868,2888,28806,10016,287645
2021-01-19 15:00:00,16442,275310,4655.0,33461,,,16442,275310,4655,33461,21097,308742
2021-01-20 15:00:00,20531,295841,4811.0,38272,,,20531,295841,4811,38272,25342,334084
2021-01-21 15:00:00,22913,318754,3276.0,41548,,,22913,318754,3276,41548,26189,360273
2021-01-22 15:00:00,28311,347065,3264.0,44812,,,28311,347065,3264,44812,31575,391848
2021-01-23 15:00:00,9495,356560,1519.0,46331,,,9495,356560,1519,46331,11014,402862
2021-01-24 15:00:00,3284,359844,1564.0,47895,,,3284,359844,1564,47895,4848,407710
2021-01-25 15:00:00,16250,376094,8088.0,55983,,,16250,376094,8088,55983,24338,432048
2021-01-26 15:00:00,17351,393445,8451.0,64434,,,17351,393445,8451,64434,25802,457850
2021-01-27 15:00:00,24073,417518,12038.0,76472,,,24073,417518,12038,76472,36111,493961
2021-01-28 15:00:00,22350,439868,8937.0,85409,,,22350,439868,8937,85409,31287,525248
2021-01-29 15:00:00,23571,463439,6936.0,92345,,,23571,463439,6936,92345,30507,555755
2021-01-30 15:00:00,17488,480927,2307.0,94652,,,17488,480927,2307,94652,19795,575550
2021-01-31 15:00:00,3671,484598,1216.0,95868,,,3671,484598,1216,95868,4887,580437
2021-02-01 15:00:00,6508,491106,4164.0,100032,,,6508,491106,4164,100032,10672,591109
2021-02-02 15:00:00,11769,502875,13250.0,113282,,,11769,502875,13250,113282,25019,616128
2021-02-03 15:00:00,17524,520399,17536.0,130818,,,17524,520399,17536,130818,35060,651188
2021-02-04 15:00:00,21667,542066,15211.0,146029,,,21667,542066,15211,146029,36878,688066
2021-02-05 15:00:00,19879,561945,16930.0,162959,,,19879,561945,16930,162959,36809,724875
2021-02-06 15:00:00,10996,572941,14177.0,177136,,,10996,572941,14177,177136,25173,750048
2021-02-07 15:00:00,5826,578767,1639.0,178775,,,5826,578767,1639,178775,7465,757513
2021-02-08 15:00:00,12565,591332,12410.0,191185,,,12565,591332,12410,191185,24975,782488
2021-02-09 15:00:00,16360,607692,13254.0,204439,,,16360,607692,13254,204439,29614,812102
2021-02-10 15:00:00,19060,626752,20664.0,225103,,,19060,626752,20664,225103,39724,851826
2021-02-11 15:00:00,22742,649494,16840.0,241943,,,22742,649494,16840,241943,39582,891408
2021-02-12 15:00:00,19875,669369,19088.0,261031,,,19875,669369,19088,261031,38963,930371
2021-02-13 15:00:00,11039,680408,5974.0,267005,,,11039,680408,5974,267005,17013,947384
2021-02-14 15:00:00,6994,687402,1961.0,268966,,,6994,687402,1961,268966,8955,956339
2021-02-15 15:00:00,11400,698802,12427.0,281393,,,11400,698802,12427,281393,23827,980166
2021-02-16 15:00:00,16432,715234,20502.0,301895,,,16432,715234,20502,301895,36934,1017100
2021-02-17 15:00:00,20531,735765,25734.0,327629,,,20531,735765,25734,327629,46265,1063365
2021-02-18 15:00:00,3214,738979,4211.0,331840,,,3214,738979,4211,331840,7425,1070790
2021-02-19 15:00:00,10766,749745,18902.0,350742,,,10766,749745,18902,350742,29668,1100458
2021-02-20 15:00:00,10078,759823,19738.0,370480,,,10078,759823,19738,370480,29816,1130274
2021-02-21 15:00:00,6065,765888,7253.0,377733,,,6065,765888,7253,377733,13318,1143592
2021-02-22 15:00:00,8054,773942,14901.0,392634,,,8054,773942,14901,392634,22955,1166547
2021-02-23 15:00:00,15489,789431,15296.0,407930,,,15489,789431,15296,407930,30785,1197332
2021-02-24 15:00:00,17780,807211,24231.0,432161,,,17780,807211,24231,432161,42011,1239343
2021-02-25 15:00:00,20088,827299,26075.0,458236,,,20088,827299,26075,458236,46163,1285506
2021-02-26 15:00:00,26387,853686,25389.0,483625,,,26387,853686,25389,483625,51776,1337282
2021-02-27 15:00:00,15721,869407,10862.0,494487,,,15721,869407,10862,494487,26583,1363865
2021-02-28 15:00:00,15421,884828,4461.0,498948,,,15421,884828,4461,498948,19882,1383747
2021-03-01 15:00:00,24258,909086,11341.0,510289,,,24258,909086,11341,510289,35599,1419346
2021-03-02 15:00:00,23334,932420,12670.0,522959,14.0,14.0,23348,932434,12684,522973,36018,1455364
2021-03-03 15:00:00,29344,961764,17780.0,540739,147.0,161.0,29491,961925,17927,540900,47271,1502635
2021-03-04 15:00:00,30422,992186,17677.0,558416,4060.0,4221.0,34482,996407,21737,562637,52159,1554794
2021-03-05 15:00:00,28360,1020546,18705.0,577121,4848.0,9069.0,33208,1029615,23553,586190,51913,1606707
2021-03-06 15:00:00,17520,1038066,8617.0,585738,5949.0,15018.0,23469,1053084,14566,600756,32086,1638793
2021-03-07 15:00:00,11945,1050011,4500.0,590238,6561.0,21579.0,18506,1071590,11061,611817,23006,1661799
2021-03-08 15:00:00,25340,1075351,8402.0,598640,8185.0,29764.0,33525,1105115,16587,628404,41927,1703726
2021-03-09 15:00:00,25614,1100965,14953.0,613593,8251.0,38015.0,33865,1138980,23204,651608,48818,1752544
2021-03-10 15:00:00,29097,1130062,15492.0,629085,7904.0,45919.0,37001,1175981,23396,675004,52493,1805037
2021-03-11 15:00:00,33624,1163686,15948.0,645033,3851.0,49770.0,37475,1213456,19799,694803,53423,1858460
2021-03-12 15:00:00,36638,1200324,17300.0,662333,2797.0,52567.0,39435,1252891,20097,714900,56735,1915195
2021-03-13 15:00:00,22489,1222813,9852.0,672185,1494.0,54061.0,23983,1276874,11346,726246,33835,1949030
2021-03-14 15:00:00,17670,1240483,6511.0,678696,960.0,55021.0,18630,1295504,7471,733717,25141,1974171
2021-03-15 15:00:00,29270,1269753,10852.0,689548,549.0,55570.0,29819,1325323,11401,745118,40671,2014842
2021-03-16 15:00:00,32925,1302678,13064.0,702612,759.0,56329.0,33684,1359007,13823,758941,46748,2061590
2021-03-17 15:00:00,37025,1339703,16464.0,719076,1140.0,57469.0,38165,1397172,17604,776545,54629,2116219
2021-03-18 15:00:00,40819,1380522,11986.0,731062,1292.0,58761.0,42111,1439283,13278,789823,54097,2170316
2021-03-19 15:00:00,37486,1418008,14881.0,745943,1010.0,59771.0,38496,1477779,15891,805714,53377,2223693
2021-03-20 15:00:00,24122,1442130,9728.0,755671,670.0,60441.0,24792,1502571,10398,816112,34520,2258213
2021-03-21 15:00:00,18807,1460937,7352.0,763023,310.0,60751.0,19117,1521688,7662,823774,26469,2284682
2021-03-22 15:00:00,32136,1493073,10943.0,773966,818.0,61569.0,32954,1554642,11761,835535,43897,2328579
2021-03-23 15:00:00,37264,1530337,16722.0,790688,1514.0,63083.0,38778,1593420,18236,853771,55500,2384079
2021-03-24 15:00:00,40584,1570921,20425.0,811113,1353.0,64436.0,41937,1635357,21778,875549,62362,2446441
2021-03-25 15:00:00,41868,1612789,20205.0,831318,2452.0,66888.0,44320,1679677,22657,898206,64525,2510966
2021-03-26 15:00:00,36369,1649158,25161.0,856479,2492.0,69380.0,38861,1718538,27653,925859,64022,2574988
2021-03-27 15:00:00,26825,1675983,16393.0,872872,2384.0,71764.0,29209,1747747,18777,944636,45602,2620590
2021-03-28 15:00:00,16939,1692922,12300.0,885172,1610.0,73374.0,18549,1766296,13910,958546,30849,2651439
2021-03-29 15:00:00,29562,1722484,25574.0,910746,1123.0,74497.0,30685,1796981,26697,985243,56259,2707698
2021-03-30 15:00:00,39460,1761944,28124.0,938870,1830.0,76327.0,41290,1838271,29954,1015197,69414,2777112
2021-03-31 15:00:00,40604,1802548,33684.0,972554,5714.0,82041.0,46318,1884589,39398,1054595,80002,2857114
2021-04-01 15:00:00,40466,1843014,36365.0,1008919,5439.0,87480.0,45905,1930494,41804,1096399,82270,2939384
2021-04-02 15:00:00,34436,1877450,31487.0,1040406,5762.0,93242.0,40198,1970692,37249,1133648,71685,3011069
2021-04-03 15:00:00,21408,1898858,18159.0,1058565,4325.0,97567.0,25733,1996425,22484,1156132,43892,3054961
2021-04-04 15:00:00,8294,1907152,9905.0,1068470,911.0,98478.0,9205,2005630,10816,1166948,19110,3074071
2021-04-05 15:00:00,27487,1934639,28142.0,1096612,6581.0,105059.0,34068,2039698,34723,1201671,62210,3136281
2021-04-06 15:00:00,39489,1974128,29609.0,1126221,10434.0,115493.0,49923,2089621,40043,1241714,79532,3215813
2021-04-07 15:00:00,35559,2009687,33238.0,1159459,12650.0,128143.0,48209,2137830,45888,1287602,81447,3297260
2021-04-08 15:00:00,41847,2051534,35312.0,1194771,13659.0,141802.0,55506,2193336,48971,1336573,90818,3388078
2021-04-09 15:00:00,33601,2085135,35488.0,1230259,14398.0,156200.0,47999,2241335,49886,1386459,83487,3471565
2021-04-10 15:00:00,23223,2108358,22666.0,1252925,7532.0,163732.0,30755,2272090,30198,1416657,53421,3524986
2021-04-11 15:00:00,17453,2125811,13059.0,1265984,10061.0,173793.0,27514,2299604,23120,1439777,40573,3565559
2021-04-12 15:00:00,24212,2150023,32509.0,1298493,10836.0,184629.0,35048,2334652,43345,1483122,67557,3633116
2021-04-13 15:00:00,126598,2276621,89908.0,1388401,3289.0,187918.0,129887,2464539,93197,1576319,219795,3852911
2021-04-14 15:00:00,40499,2317120,37044.0,1425445,202.0,188120.0,40701,2505240,37246,1613565,77745,3930656
2021-04-15 15:00:00,41167,2358287,38251.0,1463696,166.0,188286.0,41333,2546573,38417,1651982,79584,4010240
2021-04-16 15:00:00,36881,2395168,37982.0,1501678,18.0,188304.0,36899,2583472,38000,1689982,74881,4085121
2021-04-17 15:00:00,32663,2427831,21537.0,1523215,11.0,188315.0,32674,2616146,21548,1711530,54211,4139332
2021-04-18 15:00:00,19568,2447399,15787.0,1539002,3.0,188318.0,19571,2635717,15790,1727320,35358,4174690
2021-04-19 15:00:00,29490,2476889,35631.0,1574633,62.0,188380.0,29552,2665269,35693,1763013,65183,4239873
2021-04-20 15:00:00,31867,2508756,42249.0,1616882,52.0,188432.0,31919,2697188,42301,1805314,74168,4314041
2021-04-21 15:00:00,37435,2546191,42856.0,1659738,19.0,188451.0,37454,2734642,42875,1848189,80310,4394351
2021-04-22 15:00:00,35616,2581807,39069.0,1698807,15.0,188466.0,35631,2770273,39084,1887273,74700,4469051
2021-04-23 15:00:00,31539,2613346,38232.0,1737039,14.0,188480.0,31553,2801826,38246,1925519,69785,4538836
2021-04-24 15:00:00,26254,2639600,27397.0,1764436,73.0,188553.0,26327,2828153,27470,1952989,53724,4592560
2021-04-25 15:00:00,20157,2659757,10671.0,1775107,29.0,188582.0,20186,2848339,10700,1963689,30857,4623417
2021-04-26 15:00:00,26554,2686311,31426.0,1806533,204.0,188786.0,26758,2875097,31630,1995319,58184,4681601
2021-04-27 15:00:00,26314,2712625,31981.0,1838514,1092.0,189878.0,27406,2902503,33073,2028392,59387,4740988
2021-04-28 15:00:00,27947,2740572,37605.0,1876119,1355.0,191233.0,29302,2931805,38960,2067352,66907,4807895
2021-04-29 15:00:00,26435,2767007,37647.0,1913766,1425.0,192658.0,27860,2959665,39072,2106424,65507,4873402
2021-04-30 15:00:00,27038,2794045,30554.0,1944320,1596.0,194254.0,28634,2988299,32150,2138574,59188,4932590
2021-05-01 15:00:00,19512,2813557,24448.0,1968768,968.0,195222.0,20480,3008779,25416,2163990,44928,4977518
2021-05-02 15:00:00,10235,2823792,16787.0,1985555,795.0,196017.0,11030,3019809,17582,2181572,27817,5005335
2021-05-03 15:00:00,13109,2836901,28438.0,2013993,1896.0,197913.0,15005,3034814,30334,2211906,43443,5048778
2021-05-04 15:00:00,13550,2850451,37318.0,2051311,1714.0,199627.0,15264,3050078,39032,2250938,52582,5101360
2021-05-05 15:00:00,18403,2868854,35816.0,2087127,1889.0,201516.0,20292,3070370,37705,2288643,56108,5157468
2021-05-06 15:00:00,16898,2885752,38732.0,2125859,1677.0,203193.0,18575,3088945,40409,2329052,57307,5214775
2021-05-07 15:00:00,17102,2902854,34065.0,2159924,1910.0,205103.0,19012,3107957,35975,2365027,53077,5267852
2021-05-08 15:00:00,10415,2913269,30157.0,2190081,1279.0,206382.0,11694,3119651,31436,2396463,41851,5309703
2021-05-09 15:00:00,5121,2918390,11244.0,2201325,689.0,207071.0,5810,3125461,11933,2408396,17054,5326757
2021-05-10 15:00:00,8784,2927174,30007.0,2231332,1268.0,208339.0,10052,3135513,31275,2439671,40059,5366816
2021-05-11 15:00:00,11498,2938672,28123.0,2259455,1382.0,209721.0,12880,3148393,29505,2469176,41003,5407819
2021-05-12 15:00:00,14288,2952960,36800.0,2296255,1834.0,211555.0,16122,3164515,38634,2507810,52922,5460741
2021-05-13 15:00:00,21250,2974210,32047.0,2328302,1315.0,212870.0,22565,3187080,33362,2541172,54612,5515353
2021-05-14 15:00:00,23627,2997837,27816.0,2356118,1740.0,214610.0,25367,3212447,29556,2570728,53183,5568536
2021-05-15 15:00:00,21150,3018987,24125.0,2380243,1411.0,216021.0,22561,3235008,25536,2596264,46686,5615222
2021-05-16 15:00:00,8585,3027572,16986.0,2397229,1093.0,217114.0,9678,3244686,18079,2614343,26664,5641886
2021-05-17 15:00:00,16804,3044376,26774.0,2424003,1840.0,218954.0,18644,3263330,28614,2642957,45418,5687304
2021-05-18 15:00:00,20333,3064709,28777.0,2452780,1888.0,220842.0,22221,3285551,30665,2673622,50998,5738302
2021-05-19 15:00:00,24588,3089297,27496.0,2480276,1458.0,222300.0,26046,3311597,28954,2702576,53542,5791844
2021-05-20 15:00:00,16444,3105741,25988.0,2506264,1532.0,223832.0,17976,3329573,27520,2730096,43964,5835808
2021-05-21 15:00:00,14094,3119835,21845.0,2528109,1185.0,225017.0,15279,3344852,23030,2753126,37124,5872932
2021-05-22 15:00:00,8741,3128576,10256.0,2538365,711.0,225728.0,9452,3354304,10967,2764093,19708,5892640