VACCINATION_DATE,FirstDailyDose,FirstDoseCumulative,SecondDailyDose,SecondDoseCumulative,SingleDailyDose,SingleDoseCumulative,AtleastOneVaccine,AtleastOneVaccineCumulative,CompletedVax,CompletedVaxCumulative,FirstSecondSingleVaccinations,FirstSecondSingleVaccinationsCumulative
2020-12-14 15:00:00,15,890,,363,,,15,890,0,363,15,1164
2020-12-15 15:00:00,42,932,2.0,365,,,42,932,2,365,44,1208
2020-12-16 15:00:00,570,1502,2.0,367,,,570,1502,2,367,572,1780
2020-12-17 15:00:00,1129,2631,2.0,369,,,1129,2631,2,369,1131,2911
2020-12-18 15:00:00,2999,5630,10.0,379,,,2999,5630,10,379,3009,5920
2020-12-19 15:00:00,919,6549,4.0,383,,,919,6549,4,383,923,6843
2020-12-20 15:00:00,324,6873,4.0,387,,,324,6873,4,387,328,7171
2020-12-21 15:00:00,3841,10714,17.0,404,,,3841,10714,17,404,3858,11029
2020-12-22 15:00:00,6315,17029,13.0,417,,,6315,17029,13,417,6328,17357
2020-12-23 15:00:00,5729,22758,26.0,443,,,5729,22758,26,443,5755,23112
2020-12-24 15:00:00,2708,25466,8.0,451,,,2708,25466,8,451,2716,25828
2020-12-25 15:00:00,1033,26499,3.0,454,,,1033,26499,3,454,1036,26864
2020-12-26 15:00:00,1862,28361,7.0,461,,,1862,28361,7,461,1869,28733
2020-12-27 15:00:00,1784,30145,9.0,470,,,1784,30145,9,470,1793,30526
2020-12-28 15:00:00,8922,39067,32.0,502,,,8922,39067,32,502,8954,39480
2020-12-29 15:00:00,10900,49967,33.0,535,,,10900,49967,33,535,10933,50413
2020-12-30 15:00:00,12427,62394,62.0,597,,,12427,62394,62,597,12489,62902
2020-12-31 15:00:00,7493,69887,31.0,628,,,7493,69887,31,628,7524,70426
2021-01-01 15:00:00,2390,72277,99.0,727,,,2390,72277,99,727,2489,72915
2021-01-02 15:00:00,2950,75227,32.0,759,,,2950,75227,32,759,2982,75897
2021-01-03 15:00:00,3356,78583,78.0,837,,,3356,78583,78,837,3434,79331
2021-01-04 15:00:00,13233,91816,304.0,1141,,,13233,91816,304,1141,13537,92868
2021-01-05 15:00:00,12354,104170,500.0,1641,,,12354,104170,500,1641,12854,105722
2021-01-06 15:00:00,15132,119302,821.0,2462,,,15132,119302,821,2462,15953,121675
2021-01-07 15:00:00,14924,134226,1714.0,4176,,,14924,134226,1714,4176,16638,138313
2021-01-08 15:00:00,23906,158132,2722.0,6898,,,23906,158132,2722,6898,26628,164941
2021-01-09 15:00:00,5110,163242,937.0,7835,,,5110,163242,937,7835,6047,170988
2021-01-10 15:00:00,2895,166137,365.0,8200,,,2895,166137,365,8200,3260,174248
2021-01-11 15:00:00,13645,179782,3396.0,11596,,,13645,179782,3396,11596,17041,191289
2021-01-12 15:00:00,17244,197026,5562.0,17158,,,17244,197026,5562,17158,22806,214095
2021-01-13 15:00:00,18464,215490,3846.0,21004,,,18464,215490,3846,21004,22310,236405
2021-01-14 15:00:00,17778,233268,1910.0,22914,,,17778,233268,1910,22914,19688,256093
2021-01-15 15:00:00,19420,252688,1939.0,24853,,,19420,252688,1939,24853,21359,277452
2021-01-16 15:00:00,5749,258437,1574.0,26427,,,5749,258437,1574,26427,7323,284775
2021-01-17 15:00:00,2089,260526,1460.0,27887,,,2089,260526,1460,27887,3549,288324
2021-01-18 15:00:00,7007,267533,3219.0,31106,,,7007,267533,3219,31106,10226,298550
2021-01-19 15:00:00,17119,284652,5308.0,36414,,,17119,284652,5308,36414,22427,320977
2021-01-20 15:00:00,21192,305844,5226.0,41640,,,21192,305844,5226,41640,26418,347395
2021-01-21 15:00:00,23760,329604,3658.0,45298,,,23760,329604,3658,45298,27418,374813
2021-01-22 15:00:00,28800,358404,3571.0,48869,,,28800,358404,3571,48869,32371,407184
2021-01-23 15:00:00,10016,368420,1889.0,50758,,,10016,368420,1889,50758,11905,419089
2021-01-24 15:00:00,3316,371736,1703.0,52461,,,3316,371736,1703,52461,5019,424108
2021-01-25 15:00:00,16588,388324,8482.0,60943,,,16588,388324,8482,60943,25070,449178
2021-01-26 15:00:00,17863,406187,8858.0,69801,,,17863,406187,8858,69801,26721,475899
2021-01-27 15:00:00,25013,431200,12361.0,82162,,,25013,431200,12361,82162,37374,513273
2021-01-28 15:00:00,23257,454457,9193.0,91355,,,23257,454457,9193,91355,32450,545723
2021-01-29 15:00:00,25481,479938,7779.0,99134,,,25481,479938,7779,99134,33260,578983
2021-01-30 15:00:00,18410,498348,2472.0,101606,,,18410,498348,2472,101606,20882,599865
2021-01-31 15:00:00,4112,502460,1294.0,102900,,,4112,502460,1294,102900,5406,605271
2021-02-01 15:00:00,7569,510029,4945.0,107845,,,7569,510029,4945,107845,12514,617785
2021-02-02 15:00:00,12768,522797,13687.0,121532,,,12768,522797,13687,121532,26455,644240
2021-02-03 15:00:00,18649,541446,18018.0,139550,,,18649,541446,18018,139550,36667,680907
2021-02-04 15:00:00,22427,563873,15691.0,155241,,,22427,563873,15691,155241,38118,719025
2021-02-05 15:00:00,20494,584367,17370.0,172611,,,20494,584367,17370,172611,37864,756889
2021-02-06 15:00:00,12097,596464,14383.0,186994,,,12097,596464,14383,186994,26480,783369
2021-02-07 15:00:00,5950,602414,1754.0,188748,,,5950,602414,1754,188748,7704,791073
2021-02-08 15:00:00,13260,615674,13067.0,201815,,,13260,615674,13067,201815,26327,817400
2021-02-09 15:00:00,16668,632342,13980.0,215795,,,16668,632342,13980,215795,30648,848048
2021-02-10 15:00:00,19253,651595,21362.0,237157,,,19253,651595,21362,237157,40615,888663
2021-02-11 15:00:00,22844,674439,17477.0,254634,,,22844,674439,17477,254634,40321,928984
2021-02-12 15:00:00,20366,694805,19823.0,274457,,,20366,694805,19823,274457,40189,969173
2021-02-13 15:00:00,11356,706161,6326.0,280783,,,11356,706161,6326,280783,17682,986855
2021-02-14 15:00:00,7072,713233,2061.0,282844,,,7072,713233,2061,282844,9133,995988
2021-02-15 15:00:00,11692,724925,13186.0,296030,,,11692,724925,13186,296030,24878,1020866
2021-02-16 15:00:00,16553,741478,21640.0,317670,,,16553,741478,21640,317670,38193,1059059
2021-02-17 15:00:00,20601,762079,27103.0,344773,,,20601,762079,27103,344773,47704,1106763
2021-02-18 15:00:00,3152,765231,4711.0,349484,,,3152,765231,4711,349484,7863,1114626
2021-02-19 15:00:00,10240,775471,20381.0,369865,,,10240,775471,20381,369865,30621,1145247
2021-02-20 15:00:00,10288,785759,20848.0,390713,,,10288,785759,20848,390713,31136,1176383
2021-02-21 15:00:00,6143,791902,7915.0,398628,,,6143,791902,7915,398628,14058,1190441
2021-02-22 15:00:00,8074,799976,15864.0,414492,,,8074,799976,15864,414492,23938,1214379
2021-02-23 15:00:00,15573,815549,16447.0,430939,,,15573,815549,16447,430939,32020,1246399
2021-02-24 15:00:00,17949,833498,25125.0,456064,,,17949,833498,25125,456064,43074,1289473
2021-02-25 15:00:00,20397,853895,26854.0,482918,,,20397,853895,26854,482918,47251,1336724
2021-02-26 15:00:00,26801,880696,26410.0,509328,,,26801,880696,26410,509328,53211,1389935
2021-02-27 15:00:00,16083,896779,11669.0,520997,,,16083,896779,11669,520997,27752,1417687
2021-02-28 15:00:00,15484,912263,4796.0,525793,,,15484,912263,4796,525793,20280,1437967
2021-03-01 15:00:00,25837,938100,12478.0,538271,,,25837,938100,12478,538271,38315,1476282
2021-03-02 15:00:00,23963,962063,13286.0,551557,29.0,29.0,23992,962092,13315,551586,37278,1513560
2021-03-03 15:00:00,30179,992242,18335.0,569892,171.0,200.0,30350,992442,18506,570092,48685,1562245
2021-03-04 15:00:00,31050,1023292,18094.0,587986,4059.0,4259.0,35109,1027551,22153,592245,53203,1615448
2021-03-05 15:00:00,29536,1052828,19340.0,607326,4905.0,9164.0,34441,1061992,24245,616490,53781,1669229
2021-03-06 15:00:00,17748,1070576,8894.0,616220,5986.0,15150.0,23734,1085726,14880,631370,32628,1701857
2021-03-07 15:00:00,12060,1082636,4783.0,621003,6610.0,21760.0,18670,1104396,11393,642763,23453,1725310
2021-03-08 15:00:00,26151,1108787,8723.0,629726,8285.0,30045.0,34436,1138832,17008,659771,43159,1768469
2021-03-09 15:00:00,26362,1135149,15349.0,645075,8342.0,38387.0,34704,1173536,23691,683462,50053,1818522
2021-03-10 15:00:00,30105,1165254,15867.0,660942,7939.0,46326.0,38044,1211580,23806,707268,53911,1872433
2021-03-11 15:00:00,36168,1201422,16361.0,677303,4035.0,50361.0,40203,1251783,20396,727664,56564,1928997
2021-03-12 15:00:00,37156,1238578,17977.0,695280,2916.0,53277.0,40072,1291855,20893,748557,58049,1987046
2021-03-13 15:00:00,22586,1261164,10189.0,705469,1598.0,54875.0,24184,1316039,11787,760344,34373,2021419
2021-03-14 15:00:00,17838,1279002,6644.0,712113,993.0,55868.0,18831,1334870,7637,767981,25475,2046894
2021-03-15 15:00:00,29963,1308965,11290.0,723403,595.0,56463.0,30558,1365428,11885,779866,41848,2088742
2021-03-16 15:00:00,33608,1342573,13509.0,736912,764.0,57227.0,34372,1399800,14273,794139,47881,2136623
2021-03-17 15:00:00,37731,1380304,16930.0,753842,1182.0,58409.0,38913,1438713,18112,812251,55843,2192466
2021-03-18 15:00:00,41464,1421768,12573.0,766415,1359.0,59768.0,42823,1481536,13932,826183,55396,2247862
2021-03-19 15:00:00,38284,1460052,15556.0,781971,1044.0,60812.0,39328,1520864,16600,842783,54884,2302746
2021-03-20 15:00:00,24512,1484564,10001.0,791972,1120.0,61932.0,25632,1546496,11121,853904,35633,2338379
2021-03-21 15:00:00,19121,1503685,7770.0,799742,328.0,62260.0,19449,1565945,8098,862002,27219,2365598
2021-03-22 15:00:00,32583,1536268,11596.0,811338,827.0,63087.0,33410,1599355,12423,874425,45006,2410604
2021-03-23 15:00:00,37793,1574061,17437.0,828775,1542.0,64629.0,39335,1638690,18979,893404,56772,2467376
2021-03-24 15:00:00,41167,1615228,21138.0,849913,1373.0,66002.0,42540,1681230,22511,915915,63678,2531054
2021-03-25 15:00:00,42467,1657695,20994.0,870907,2512.0,68514.0,44979,1726209,23506,939421,65973,2597027
2021-03-26 15:00:00,36608,1694303,26427.0,897334,2499.0,71013.0,39107,1765316,28926,968347,65534,2662561
2021-03-27 15:00:00,27840,1722143,16845.0,914179,2764.0,73777.0,30604,1795920,19609,987956,47449,2710010
2021-03-28 15:00:00,17013,1739156,12548.0,926727,1614.0,75391.0,18627,1814547,14162,1002118,31175,2741185
2021-03-29 15:00:00,29744,1768900,26483.0,953210,1134.0,76525.0,30878,1845425,27617,1029735,57361,2798546
2021-03-30 15:00:00,40063,1808963,29117.0,982327,1847.0,78372.0,41910,1887335,30964,1060699,71027,2869573
2021-03-31 15:00:00,41063,1850026,34819.0,1017146,5744.0,84116.0,46807,1934142,40563,1101262,81626,2951199
2021-04-01 15:00:00,40571,1890597,39687.0,1056833,5602.0,89718.0,46173,1980315,45289,1146551,85860,3037059
2021-04-02 15:00:00,34940,1925537,32687.0,1089520,6090.0,95808.0,41030,2021345,38777,1185328,73717,3110776
2021-04-03 15:00:00,21578,1947115,18610.0,1108130,4422.0,100230.0,26000,2047345,23032,1208360,44610,3155386
2021-04-04 15:00:00,8277,1955392,10130.0,1118260,959.0,101189.0,9236,2056581,11089,1219449,19366,3174752
2021-04-05 15:00:00,27951,1983343,29042.0,1147302,6636.0,107825.0,34587,2091168,35678,1255127,63629,3238381
2021-04-06 15:00:00,39889,2023232,30535.0,1177837,10470.0,118295.0,50359,2141527,41005,1296132,80894,3319275
2021-04-07 15:00:00,36168,2059400,34208.0,1212045,12944.0,131239.0,49112,2190639,47152,1343284,83320,3402595
2021-04-08 15:00:00,42419,2101819,36033.0,1248078,13859.0,145098.0,56278,2246917,49892,1393176,92311,3494906
2021-04-09 15:00:00,34113,2135932,36341.0,1284419,14490.0,159588.0,48603,2295520,50831,1444007,84944,3579850
2021-04-10 15:00:00,24001,2159933,22988.0,1307407,7614.0,167202.0,31615,2327135,30602,1474609,54603,3634453
2021-04-11 15:00:00,17553,2177486,13237.0,1320644,10624.0,177826.0,28177,2355312,23861,1498470,41414,3675867
2021-04-12 15:00:00,24689,2202175,33132.0,1353776,10930.0,188756.0,35619,2390931,44062,1542532,68751,3744618
2021-04-13 15:00:00,126928,2329103,90651.0,1444427,3292.0,192048.0,130220,2521151,93943,1636475,220871,3965489
2021-04-14 15:00:00,40823,2369926,37846.0,1482273,208.0,192256.0,41031,2562182,38054,1674529,78877,4044366
2021-04-15 15:00:00,41851,2411777,39204.0,1521477,169.0,192425.0,42020,2604202,39373,1713902,81224,4125590
2021-04-16 15:00:00,37371,2449148,38729.0,1560206,22.0,192447.0,37393,2641595,38751,1752653,76122,4201712
2021-04-17 15:00:00,32994,2482142,21923.0,1582129,12.0,192459.0,33006,2674601,21935,1774588,54929,4256641
2021-04-18 15:00:00,20016,2502158,16128.0,1598257,4.0,192463.0,20020,2694621,16132,1790720,36148,4292789
2021-04-19 15:00:00,29949,2532107,36511.0,1634768,61.0,192524.0,30010,2724631,36572,1827292,66521,4359310
2021-04-20 15:00:00,33109,2565216,44093.0,1678861,55.0,192579.0,33164,2757795,44148,1871440,77257,4436567
2021-04-21 15:00:00,39810,2605026,46846.0,1725707,21.0,192600.0,39831,2797626,46867,1918307,86677,4523244
2021-04-22 15:00:00,36407,2641433,41891.0,1767598,16.0,192616.0,36423,2834049,41907,1960214,78314,4601558
2021-04-23 15:00:00,33139,2674572,39955.0,1807553,12.0,192628.0,33151,2867200,39967,2000181,73106,4674664
2021-04-24 15:00:00,26360,2700932,28573.0,1836126,80.0,192708.0,26440,2893640,28653,2028834,55013,4729677
2021-04-25 15:00:00,20203,2721135,10886.0,1847012,30.0,192738.0,20233,2913873,10916,2039750,31119,4760796
2021-04-26 15:00:00,27409,2748544,32727.0,1879739,203.0,192941.0,27612,2941485,32930,2072680,60339,4821135
2021-04-27 15:00:00,26716,2775260,33003.0,1912742,1095.0,194036.0,27811,2969296,34098,2106778,60814,4881949
2021-04-28 15:00:00,28983,2804243,39480.0,1952222,1360.0,195396.0,30343,2999639,40840,2147618,69823,4951772
2021-04-29 15:00:00,27384,2831627,39399.0,1991621,1462.0,196858.0,28846,3028485,40861,2188479,68245,5020017
2021-04-30 15:00:00,28231,2859858,32088.0,2023709,1639.0,198497.0,29870,3058355,33727,2222206,61958,5081975
2021-05-01 15:00:00,20281,2880139,26650.0,2050359,1015.0,199512.0,21296,3079651,27665,2249871,47946,5129921
2021-05-02 15:00:00,10255,2890394,16982.0,2067341,818.0,200330.0,11073,3090724,17800,2267671,28055,5157976
2021-05-03 15:00:00,13064,2903458,29713.0,2097054,1914.0,202244.0,14978,3105702,31627,2299298,44691,5202667
2021-05-04 15:00:00,14212,2917670,39510.0,2136564,1732.0,203976.0,15944,3121646,41242,2340540,55454,5258121
2021-05-05 15:00:00,19318,2936988,37744.0,2174308,1917.0,205893.0,21235,3142881,39661,2380201,58979,5317100
2021-05-06 15:00:00,16977,2953965,40544.0,2214852,1711.0,207604.0,18688,3161569,42255,2422456,59232,5376332
2021-05-07 15:00:00,17402,2971367,36004.0,2250856,1952.0,209556.0,19354,3180923,37956,2460412,55358,5431690
2021-05-08 15:00:00,10778,2982145,31122.0,2281978,1292.0,210848.0,12070,3192993,32414,2492826,43192,5474882
2021-05-09 15:00:00,5059,2987204,11861.0,2293839,695.0,211543.0,5754,3198747,12556,2505382,17615,5492497
2021-05-10 15:00:00,8939,2996143,31099.0,2324938,1357.0,212900.0,10296,3209043,32456,2537838,41395,5533892
2021-05-11 15:00:00,12191,3008334,30274.0,2355212,1443.0,214343.0,13634,3222677,31717,2569555,43908,5577800
2021-05-12 15:00:00,13909,3022243,38536.0,2393748,1909.0,216252.0,15818,3238495,40445,2610000,54354,5632154
2021-05-13 15:00:00,21809,3044052,33371.0,2427119,1352.0,217604.0,23161,3261656,34723,2644723,56532,5688686
2021-05-14 15:00:00,24315,3068367,29953.0,2457072,1770.0,219374.0,26085,3287741,31723,2676446,56038,5744724
2021-05-15 15:00:00,21836,3090203,24997.0,2482069,1532.0,220906.0,23368,3311109,26529,2702975,48365,5793089
2021-05-16 15:00:00,9053,3099256,17505.0,2499574,1113.0,222019.0,10166,3321275,18618,2721593,27671,5820760
2021-05-17 15:00:00,16844,3116100,28355.0,2527929,1948.0,223967.0,18792,3340067,30303,2751896,47147,5867907
2021-05-18 15:00:00,21247,3137347,30669.0,2558598,1947.0,225914.0,23194,3363261,32616,2784512,53863,5921770
2021-05-19 15:00:00,27573,3164920,32359.0,2590957,1623.0,227537.0,29196,3392457,33982,2818494,61555,5983325
2021-05-20 15:00:00,20779,3185699,33252.0,2624209,1963.0,229500.0,22742,3415199,35215,2853709,55994,6039319
2021-05-21 15:00:00,19123,3204822,30221.0,2654430,1612.0,231112.0,20735,3435934,31833,2885542,50956,6090275
2021-05-22 15:00:00,16873,3221695,20594.0,2675024,1270.0,232382.0,18143,3454077,21864,2907406,38737,6129012
2021-05-23 15:00:00,8739,3230434,11405.0,2686429,960.0,233342.0,9699,3463776,12365,2919771,21104,6150116
2021-05-24 15:00:00,13454,3243888,17848.0,2704277,1480.0,234822.0,14934,3478710,19328,2939099,32782,6182898
2021-05-25 15:00:00,12885,3256773,18762.0,2723039,1328.0,236150.0,14213,3492923,20090,2959189,32975,6215873
2021-05-26 15:00:00,18256,3275029,19433.0,2742472,1508.0,237658.0,19764,3512687,20941,2980130,39197,6255070
2021-05-27 15:00:00,11674,3286703,18624.0,2761096,1132.0,238790.0,12806,3525493,19756,2999886,31430,6286500
2021-05-28 15:00:00,12471,3299174,19726.0,2780822,1400.0,240190.0,13871,3539364,21126,3021012,33597,6320097
2021-05-29 15:00:00,9534,3308708,11614.0,2792436,936.0,241126.0,10470,3549834,12550,3033562,22084,6342181
2021-05-30 15:00:00,4893,3313601,6468.0,2798904,596.0,241722.0,5489,3555323,7064,3040626,11957,6354138
2021-05-31 15:00:00,1770,3315371,3684.0,2802588,304.0,242026.0,2074,3557397,3988,3044614,5758,6359896
2021-06-01 15:00:00,9366,3324737,16568.0,2819156,1142.0,243168.0,10508,3567905,17710,3062324,27076,6386972
2021-06-02 15:00:00,10138,3334875,16797.0,2835953,959.0,244127.0,11097,3579002,17756,3080080,27894,6414866
2021-06-03 15:00:00,7890,3342765,21152.0,2857105,1083.0,245210.0,8973,3587975,22235,3102315,30125,6444991
2021-06-04 15:00:00,8212,3350977,22159.0,2879264,1123.0,246333.0,9335,3597310,23282,3125597,31494,6476485
2021-06-05 15:00:00,6988,3357965,19361.0,2898625,718.0,247051.0,7706,3605016,20079,3145676,27067,6503552
2021-06-06 15:00:00,3465,3361430,7177.0,2905802,420.0,247471.0,3885,3608901,7597,3153273,11062,6514614
2021-06-07 15:00:00,6822,3368252,15715.0,2921517,725.0,248196.0,7547,3616448,16440,3169713,23262,6537876
2021-06-08 15:00:00,6674,3374926,19682.0,2941199,816.0,249012.0,7490,3623938,20498,3190211,27172,6565048
2021-06-09 15:00:00,8198,3383124,23833.0,2965032,968.0,249980.0,9166,3633104,24801,3215012,32999,6598047
2021-06-10 15:00:00,7164,3390288,19065.0,2984097,897.0,250877.0,8061,3641165,19962,3234974,27126,6625173
2021-06-11 15:00:00,7433,3397721,17646.0,3001743,1124.0,252001.0,8557,3649722,18770,3253744,26203,6651376
2021-06-12 15:00:00,5234,3402955,14675.0,3016418,602.0,252603.0,5836,3655558,15277,3269021,20511,6671887
2021-06-13 15:00:00,1930,3404885,7549.0,3023967,426.0,253029.0,2356,3657914,7975,3276996,9905,6681792
2021-06-14 15:00:00,5652,3410537,11771.0,3035738,727.0,253756.0,6379,3664293,12498,3289494,18150,6699942
2021-06-15 15:00:00,5633,3416170,14299.0,3050037,859.0,254615.0,6492,3670785,15158,3304652,20791,6720733
2021-06-16 15:00:00,8709,3424879,21493.0,3071530,753.0,255368.0,9462,3680247,22246,3326898,30955,6751688
2021-06-17 15:00:00,6667,3431546,12353.0,3083883,720.0,256088.0,7387,3687634,13073,3339971,19740,6771428
2021-06-18 15:00:00,6832,3438378,12634.0,3096517,694.0,256782.0,7526,3695160,13328,3353299,20160,6791588
2021-06-19 15:00:00,4655,3443033,9341.0,3105858,614.0,257396.0,5269,3700429,9955,3363254,14610,6806198
2021-06-20 15:00:00,2496,3445529,5022.0,3110880,377.0,257773.0,2873,3703302,5399,3368653,7895,6814093
2021-06-21 15:00:00,5540,3451069,5301.0,3116181,634.0,258407.0,6174,3709476,5935,3374588,11475,6825568
2021-06-22 15:00:00,5193,3456262,8842.0,3125023,681.0,259088.0,5874,3715350,9523,3384111,14716,6840284
2021-06-23 15:00:00,6055,3462317,10263.0,3135286,641.0,259729.0,6696,3722046,10904,3395015,16959,6857243
2021-06-24 15:00:00,5920,3468237,8171.0,3143457,590.0,260319.0,6510,3728556,8761,3403776,14681,6871924
2021-06-25 15:00:00,5811,3474048,8598.0,3152055,620.0,260939.0,6431,3734987,9218,3412994,15029,6886953
2021-06-26 15:00:00,3701,3477749,6265.0,3158320,393.0,261332.0,4094,3739081,6658,3419652,10359,6897312
2021-06-27 15:00:00,2792,3480541,3529.0,3161849,182.0,261514.0,2974,3742055,3711,3423363,6503,6903815
2021-06-28 15:00:00,4722,3485263,6084.0,3167933,521.0,262035.0,5243,3747298,6605,3429968,11327,6915142
2021-06-29 15:00:00,5063,3490326,6484.0,3174417,517.0,262552.0,5580,3752878,7001,3436969,12064,6927206
2021-06-30 15:00:00,5586,3495912,7391.0,3181808,603.0,263155.0,6189,3759067,7994,3444963,13580,6940786
2021-07-01 15:00:00,5274,3501186,6908.0,3188716,486.0,263641.0,5760,3764827,7394,3452357,12668,6953454
2021-07-02 15:00:00,5257,3506443,6811.0,3195527,515.0,264156.0,5772,3770599,7326,3459683,12583,6966037
2021-07-03 15:00:00,3255,3509698,4061.0,3199588,260.0,264416.0,3515,3774114,4321,3464004,7576,6973613
2021-07-04 15:00:00,490,3510188,540.0,3200128,66.0,264482.0,556,3774670,606,3464610,1096,6974709
2021-07-05 15:00:00,3745,3513933,3955.0,3204083,279.0,264761.0,4024,3778694,4234,3468844,7979,6982688
2021-07-06 15:00:00,4457,3518390,6202.0,3210285,447.0,265208.0,4904,3783598,6649,3475493,11106,6993794
2021-07-07 15:00:00,4459,3522849,6346.0,3216631,478.0,265686.0,4937,3788535,6824,3482317,11283,7005077
2021-07-08 15:00:00,4815,3527664,6098.0,3222729,560.0,266246.0,5375,3793910,6658,3488975,11473,7016550
2021-07-09 15:00:00,5320,3532984,6604.0,3229333,569.0,266815.0,5889,3799799,7173,3496148,12493,7029043
2021-07-10 15:00:00,3508,3536492,4364.0,3233697,301.0,267116.0,3809,3803608,4665,3500813,8173,7037216
2021-07-11 15:00:00,2661,3539153,2546.0,3236243,222.0,267338.0,2883,3806491,2768,3503581,5429,7042645
2021-07-12 15:00:00,4395,3543548,5098.0,3241341,372.0,267710.0,4767,3811258,5470,3509051,9865,7052510
2021-07-13 15:00:00,4730,3548278,4570.0,3245911,359.0,268069.0,5089,3816347,4929,3513980,9659,7062169
2021-07-14 15:00:00,4593,3552871,5230.0,3251141,420.0,268489.0,5013,3821360,5650,3519630,10243,7072412
2021-07-15 15:00:00,4861,3557732,4957.0,3256098,356.0,268845.0,5217,3826577,5313,3524943,10174,7082586
2021-07-16 15:00:00,6260,3563992,5796.0,3261894,400.0,269245.0,6660,3833237,6196,3531139,12456,7095042
2021-07-17 15:00:00,3405,3567397,3546.0,3265440,299.0,269544.0,3704,3836941,3845,3534984,7250,7102292
2021-07-18 15:00:00,2298,3569695,2364.0,3267804,108.0,269652.0,2406,3839347,2472,3537456,4770,7107062
2021-07-19 15:00:00,5220,3574915,4457.0,3272261,373.0,270025.0,5593,3844940,4830,3542286,10050,7117112
2021-07-20 15:00:00,5321,3580236,4673.0,3276934,365.0,270390.0,5686,3850626,5038,3547324,10359,7127471
2021-07-21 15:00:00,5607,3585843,4917.0,3281851,411.0,270801.0,6018,3856644,5328,3552652,10935,7138406
2021-07-22 15:00:00,5982,3591825,4623.0,3286474,404.0,271205.0,6386,3863030,5027,3557679,11009,7149415
2021-07-23 15:00:00,6815,3598640,4852.0,3291326,485.0,271690.0,7300,3870330,5337,3563016,12152,7161567
2021-07-24 15:00:00,4269,3602909,3195.0,3294521,264.0,271954.0,4533,3874863,3459,3566475,7728,7169295
2021-07-25 15:00:00,3290,3606199,1117.0,3295638,138.0,272092.0,3428,3878291,1255,3567730,4545,7173840
2021-07-26 15:00:00,6185,3612384,3899.0,3299537,409.0,272501.0,6594,3884885,4308,3572038,10493,7184333
2021-07-27 15:00:00,6328,3618712,4057.0,3303594,450.0,272951.0,6778,3891663,4507,3576545,10835,7195168
2021-07-28 15:00:00,6775,3625487,4002.0,3307596,452.0,273403.0,7227,3898890,4454,3580999,11229,7206397
2021-07-29 15:00:00,6780,3632267,4144.0,3311740,409.0,273812.0,7189,3906079,4553,3585552,11333,7217730
2021-07-30 15:00:00,7491,3639758,4512.0,3316252,515.0,274327.0,8006,3914085,5027,3590579,12518,7230248
2021-07-31 15:00:00,4777,3644535,3041.0,3319293,270.0,274597.0,5047,3919132,3311,3593890,8088,7238336
2021-08-01 15:00:00,3732,3648267,2081.0,3321374,152.0,274749.0,3884,3923016,2233,3596123,5965,7244301
2021-08-02 15:00:00,6989,3655256,3652.0,3325026,332.0,275081.0,7321,3930337,3984,3600107,10973,7255274
2021-08-03 15:00:00,6957,3662213,3890.0,3328916,502.0,275583.0,7459,3937796,4392,3604499,11349,7266623
2021-08-04 15:00:00,7139,3669352,3893.0,3332809,525.0,276108.0,7664,3945460,4418,3608917,11557,7278180
2021-08-05 15:00:00,7620,3676972,4108.0,3336917,534.0,276642.0,8154,3953614,4642,3613559,12262,7290442
2021-08-06 15:00:00,8245,3685217,4696.0,3341613,445.0,277087.0,8690,3962304,5141,3618700,13386,7303828
2021-08-07 15:00:00,5230,3690447,2792.0,3344405,262.0,277349.0,5492,3967796,3054,3621754,8284,7312112
2021-08-08 15:00:00,3935,3694382,2044.0,3346449,140.0,277489.0,4075,3971871,2184,3623938,6119,7318231
2021-08-09 15:00:00,6898,3701280,4497.0,3350946,361.0,277850.0,7259,3979130,4858,3628796,11756,7329987
2021-08-10 15:00:00,7087,3708367,4436.0,3355382,333.0,278183.0,7420,3986550,4769,3633565,11856,7341843
2021-08-11 15:00:00,7011,3715378,4416.0,3359798,438.0,278621.0,7449,3993999,4854,3638419,11865,7353708
2021-08-12 15:00:00,8537,3723915,4687.0,3364485,436.0,279057.0,8973,4002972,5123,3643542,13660,7367368
2021-08-13 15:00:00,7074,3730989,5326.0,3369811,379.0,279436.0,7453,4010425,5705,3649247,12779,7380147
2021-08-14 15:00:00,4907,3735896,3335.0,3373146,281.0,279717.0,5188,4015613,3616,3652863,8523,7388670
2021-08-15 15:00:00,3313,3739209,2726.0,3375872,163.0,279880.0,3476,4019089,2889,3655752,6202,7394872
2021-08-16 15:00:00,5378,3744587,5051.0,3380923,346.0,280226.0,5724,4024813,5397,3661149,10775,7405647
2021-08-17 15:00:00,6903,3751490,5173.0,3386096,383.0,280609.0,7286,4032099,5556,3666705,12459,7418106
2021-08-18 15:00:00,6476,3757966,5266.0,3391362,459.0,281068.0,6935,4039034,5725,3672430,12201,7430307
2021-08-19 15:00:00,5953,3763919,5302.0,3396664,406.0,281474.0,6359,4045393,5708,3678138,11661,7441968
2021-08-20 15:00:00,6976,3770895,6291.0,3402955,399.0,281873.0,7375,4052768,6690,3684828,13666,7455634
2021-08-21 15:00:00,4302,3775197,3913.0,3406868,223.0,282096.0,4525,4057293,4136,3688964,8438,7464072
2021-08-22 15:00:00,3059,3778256,3150.0,3410018,108.0,282204.0,3167,4060460,3258,3692222,6317,7470389
2021-08-23 15:00:00,6139,3784395,5887.0,3415905,283.0,282487.0,6422,4066882,6170,3698392,12309,7482698
2021-08-24 15:00:00,6603,3790998,5829.0,3421734,422.0,282909.0,7025,4073907,6251,3704643,12854,7495552
2021-08-25 15:00:00,6847,3797845,5976.0,3427710,432.0,283341.0,7279,4081186,6408,3711051,13255,7508807
2021-08-26 15:00:00,7141,3804986,6374.0,3434084,423.0,283764.0,7564,4088750,6797,3717848,13938,7522745
2021-08-27 15:00:00,6812,3811798,6971.0,3441055,311.0,284075.0,7123,4095873,7282,3725130,14094,7536839
2021-08-28 15:00:00,6902,3818700,6458.0,3447513,324.0,284399.0,7226,4103099,6782,3731912,13684,7550523
2021-08-29 15:00:00,3746,3822446,3669.0,3451182,611.0,285010.0,4357,4107456,4280,3736192,8026,7558549
2021-08-30 15:00:00,5912,3828358,6064.0,3457246,945.0,285955.0,6857,4114313,7009,3743201,12921,7571470
2021-08-31 15:00:00,5661,3834019,5905.0,3463151,945.0,286900.0,6606,4120919,6850,3750051,12511,7583981
2021-09-01 15:00:00,5482,3839501,5542.0,3468693,893.0,287793.0,6375,4127294,6435,3756486,11917,7595898
2021-09-02 15:00:00,5506,3845007,5846.0,3474539,693.0,288486.0,6199,4133493,6539,3763025,12045,7607943
2021-09-03 15:00:00,5950,3850957,6848.0,3481387,966.0,289452.0,6916,4140409,7814,3770839,13764,7621707
2021-09-04 15:00:00,3716,3854673,4294.0,3485681,875.0,290327.0,4591,4145000,5169,3776008,8885,7630592
2021-09-05 15:00:00,2880,3857553,2785.0,3488466,105.0,290432.0,2985,4147985,2890,3778898,5770,7636362
2021-09-06 15:00:00,1042,3858595,1139.0,3489605,62.0,290494.0,1104,4149089,1201,3780099,2243,7638605
2021-09-07 15:00:00,5263,3863858,7203.0,3496808,2299.0,292793.0,7562,4156651,9502,3789601,14765,7653370
2021-09-08 15:00:00,4632,3868490,5413.0,3502221,365.0,293158.0,4997,4161648,5778,3795379,10410,7663780
2021-09-09 15:00:00,5026,3873516,5306.0,3507527,321.0,293479.0,5347,4166995,5627,3801006,10653,7674433
2021-09-10 15:00:00,6486,3880002,6528.0,3514055,1703.0,295182.0,8189,4175184,8231,3809237,14717,7689150
2021-09-11 15:00:00,4024,3884026,4312.0,3518367,661.0,295843.0,4685,4179869,4973,3814210,8997,7698147
2021-09-12 15:00:00,3052,3887078,3220.0,3521587,433.0,296276.0,3485,4183354,3653,3817863,6705,7704852
2021-09-13 15:00:00,4640,3891718,4801.0,3526388,345.0,296621.0,4985,4188339,5146,3823009,9786,7714638
2021-09-14 15:00:00,4538,3896256,5180.0,3531568,427.0,297048.0,4965,4193304,5607,3828616,10145,7724783
2021-09-15 15:00:00,4653,3900909,5546.0,3537114,382.0,297430.0,5035,4198339,5928,3834544,10581,7735364
2021-09-16 15:00:00,4539,3905448,5537.0,3542651,324.0,297754.0,4863,4203202,5861,3840405,10400,7745764
2021-09-17 15:00:00,4955,3910403,6244.0,3548895,331.0,298085.0,5286,4208488,6575,3846980,11530,7757294
2021-09-18 15:00:00,3733,3914136,4541.0,3553436,183.0,298268.0,3916,4212404,4724,3851704,8457,7765751
2021-09-19 15:00:00,2708,3916844,3142.0,3556578,75.0,298343.0,2783,4215187,3217,3854921,5925,7771676
2021-09-20 15:00:00,3493,3920337,4417.0,3560995,424.0,298767.0,3917,4219104,4841,3859762,8334,7780010
2021-09-21 15:00:00,3741,3924078,4732.0,3565727,319.0,299086.0,4060,4223164,5051,3864813,8792,7788802
2021-09-22 15:00:00,4097,3928175,4666.0,3570393,451.0,299537.0,4548,4227712,5117,3869930,9214,7798016
2021-09-23 15:00:00,4121,3932296,4641.0,3575034,484.0,300021.0,4605,4232317,5125,3875055,9246,7807262
2021-09-24 15:00:00,4988,3937284,5459.0,3580493,413.0,300434.0,5401,4237718,5872,3880927,10860,7818122
2021-09-25 15:00:00,3537,3940821,3589.0,3584082,384.0,300818.0,3921,4241639,3973,3884900,7510,7825632
2021-09-26 15:00:00,2288,3943109,2558.0,3586640,420.0,301238.0,2708,4244347,2978,3887878,5266,7830898
2021-09-27 15:00:00,4237,3947346,2495.0,3589135,502.0,301740.0,4739,4249086,2997,3890875,7234,7838132
2021-09-28 15:00:00,4268,3951614,4254.0,3593389,208.0,301948.0,4476,4253562,4462,3895337,8730,7846862
2021-09-29 15:00:00,4376,3955990,4229.0,3597618,893.0,302841.0,5269,4258831,5122,3900459,9498,7856360
2021-09-30 15:00:00,4532,3960522,4184.0,3601802,768.0,303609.0,5300,4264131,4952,3905411,9484,7865844
2021-10-01 15:00:00,4839,3965361,4747.0,3606549,730.0,304339.0,5569,4269700,5477,3910888,10316,7876160
2021-10-02 15:00:00,2512,3967873,2571.0,3609120,161.0,304500.0,2673,4272373,2732,3913620,5244,7881404
2021-10-03 15:00:00,1720,3969593,1877.0,3610997,56.0,304556.0,1776,4274149,1933,3915553,3653,7885057
2021-10-04 15:00:00,1438,3971031,1104.0,3612101,151.0,304707.0,1589,4275738,1255,3916808,2693,7887750
