VACCINATION_DATE,FirstDailyDose,FirstDoseCumulative,SecondDailyDose,SecondDoseCumulative,SingleDailyDose,SingleDoseCumulative,AtleastOneVaccine,AtleastOneVaccineCumulative,CompletedVax,CompletedVaxCumulative,FirstSecondSingleVaccinations,FirstSecondSingleVaccinationsCumulative
2020-12-14 15:00:00,4,180,,44,,,4,180,0,44,4,200
2020-12-15 15:00:00,11,191,,44,,,11,191,0,44,11,211
2020-12-16 15:00:00,546,737,1.0,45,,,546,737,1,45,547,758
2020-12-17 15:00:00,1047,1784,,45,,,1047,1784,0,45,1047,1805
2020-12-18 15:00:00,2863,4647,1.0,46,,,2863,4647,1,46,2864,4669
2020-12-19 15:00:00,850,5497,1.0,47,,,850,5497,1,47,851,5520
2020-12-20 15:00:00,280,5777,,47,,,280,5777,0,47,280,5800
2020-12-21 15:00:00,3723,9500,1.0,48,,,3723,9500,1,48,3724,9524
2020-12-22 15:00:00,6177,15677,4.0,52,,,6177,15677,4,52,6181,15705
2020-12-23 15:00:00,5466,21143,7.0,59,,,5466,21143,7,59,5473,21178
2020-12-24 15:00:00,2640,23783,1.0,60,,,2640,23783,1,60,2641,23819
2020-12-25 15:00:00,1030,24813,1.0,61,,,1030,24813,1,61,1031,24850
2020-12-26 15:00:00,1653,26466,3.0,64,,,1653,26466,3,64,1656,26506
2020-12-27 15:00:00,1766,28232,4.0,68,,,1766,28232,4,68,1770,28276
2020-12-28 15:00:00,8600,36832,11.0,79,,,8600,36832,11,79,8611,36887
2020-12-29 15:00:00,10319,47151,7.0,86,,,10319,47151,7,86,10326,47213
2020-12-30 15:00:00,12167,59318,9.0,95,,,12167,59318,9,95,12176,59389
2020-12-31 15:00:00,7306,66624,9.0,104,,,7306,66624,9,104,7315,66704
2021-01-01 15:00:00,1565,68189,22.0,126,,,1565,68189,22,126,1587,68291
2021-01-02 15:00:00,2600,70789,24.0,150,,,2600,70789,24,150,2624,70915
2021-01-03 15:00:00,3162,73951,70.0,220,,,3162,73951,70,220,3232,74147
2021-01-04 15:00:00,12818,86769,250.0,470,,,12818,86769,250,470,13068,87215
2021-01-05 15:00:00,11685,98454,440.0,910,,,11685,98454,440,910,12125,99340
2021-01-06 15:00:00,14332,112786,769.0,1679,,,14332,112786,769,1679,15101,114441
2021-01-07 15:00:00,14598,127384,1587.0,3266,,,14598,127384,1587,3266,16185,130626
2021-01-08 15:00:00,23420,150804,2558.0,5824,,,23420,150804,2558,5824,25978,156604
2021-01-09 15:00:00,4797,155601,869.0,6693,,,4797,155601,869,6693,5666,162270
2021-01-10 15:00:00,2571,158172,329.0,7022,,,2571,158172,329,7022,2900,165170
2021-01-11 15:00:00,13293,171465,3250.0,10272,,,13293,171465,3250,10272,16543,181713
2021-01-12 15:00:00,16653,188118,5313.0,15585,,,16653,188118,5313,15585,21966,203679
2021-01-13 15:00:00,17841,205959,3634.0,19219,,,17841,205959,3634,19219,21475,225154
2021-01-14 15:00:00,17265,223224,1814.0,21033,,,17265,223224,1814,21033,19079,244233
2021-01-15 15:00:00,18887,242111,1793.0,22826,,,18887,242111,1793,22826,20680,264913
2021-01-16 15:00:00,5600,247711,1315.0,24141,,,5600,247711,1315,24141,6915,271828
2021-01-17 15:00:00,2035,249746,1322.0,25463,,,2035,249746,1322,25463,3357,275185
2021-01-18 15:00:00,7119,256865,2880.0,28343,,,7119,256865,2880,28343,9999,285184
2021-01-19 15:00:00,16278,273143,4629.0,32972,,,16278,273143,4629,32972,20907,306091
2021-01-20 15:00:00,20486,293629,4798.0,37770,,,20486,293629,4798,37770,25284,331375
2021-01-21 15:00:00,22829,316458,3193.0,40963,,,22829,316458,3193,40963,26022,357397
2021-01-22 15:00:00,28231,344689,3219.0,44182,,,28231,344689,3219,44182,31450,388847
2021-01-23 15:00:00,9451,354140,1490.0,45672,,,9451,354140,1490,45672,10941,399788
2021-01-24 15:00:00,3278,357418,1566.0,47238,,,3278,357418,1566,47238,4844,404632
2021-01-25 15:00:00,16183,373601,8110.0,55348,,,16183,373601,8110,55348,24293,428925
2021-01-26 15:00:00,17288,390889,8249.0,63597,,,17288,390889,8249,63597,25537,454462
2021-01-27 15:00:00,23965,414854,11903.0,75500,,,23965,414854,11903,75500,35868,490330
2021-01-28 15:00:00,22149,437003,8867.0,84367,,,22149,437003,8867,84367,31016,521346
2021-01-29 15:00:00,23662,460665,6733.0,91100,,,23662,460665,6733,91100,30395,551741
2021-01-30 15:00:00,17341,478006,2263.0,93363,,,17341,478006,2263,93363,19604,571345
2021-01-31 15:00:00,3653,481659,1200.0,94563,,,3653,481659,1200,94563,4853,576198
2021-02-01 15:00:00,6389,488048,4093.0,98656,,,6389,488048,4093,98656,10482,586680
2021-02-02 15:00:00,11717,499765,13048.0,111704,,,11717,499765,13048,111704,24765,611445
2021-02-03 15:00:00,17464,517229,17639.0,129343,,,17464,517229,17639,129343,35103,646548
2021-02-04 15:00:00,21462,538691,15084.0,144427,,,21462,538691,15084,144427,36546,683094
2021-02-05 15:00:00,19831,558522,16734.0,161161,,,19831,558522,16734,161161,36565,719659
2021-02-06 15:00:00,11028,569550,6047.0,167208,,,11028,569550,6047,167208,17075,736734
2021-02-07 15:00:00,5751,575301,1561.0,168769,,,5751,575301,1561,168769,7312,744046
2021-02-08 15:00:00,12552,587853,12340.0,181109,,,12552,587853,12340,181109,24892,768938
2021-02-09 15:00:00,16070,603923,13182.0,194291,,,16070,603923,13182,194291,29252,798190
2021-02-10 15:00:00,18883,622806,20604.0,214895,,,18883,622806,20604,214895,39487,837677
2021-02-11 15:00:00,22606,645412,16679.0,231574,,,22606,645412,16679,231574,39285,876962
2021-02-12 15:00:00,19735,665147,19007.0,250581,,,19735,665147,19007,250581,38742,915704
2021-02-13 15:00:00,10892,676039,5929.0,256510,,,10892,676039,5929,256510,16821,932525
2021-02-14 15:00:00,6894,682933,1935.0,258445,,,6894,682933,1935,258445,8829,941354
2021-02-15 15:00:00,11697,694630,12037.0,270482,,,11697,694630,12037,270482,23734,965088
2021-02-16 15:00:00,16482,711112,20386.0,290868,,,16482,711112,20386,290868,36868,1001956
2021-02-17 15:00:00,20499,731611,25603.0,316471,,,20499,731611,25603,316471,46102,1048058
2021-02-18 15:00:00,3330,734941,4174.0,320645,,,3330,734941,4174,320645,7504,1055562
2021-02-19 15:00:00,10762,745703,18813.0,339458,,,10762,745703,18813,339458,29575,1085137
2021-02-20 15:00:00,10051,755754,19676.0,359134,,,10051,755754,19676,359134,29727,1114864
2021-02-21 15:00:00,6047,761801,7203.0,366337,,,6047,761801,7203,366337,13250,1128114
2021-02-22 15:00:00,8101,769902,14823.0,381160,,,8101,769902,14823,381160,22924,1151038
2021-02-23 15:00:00,15445,785347,15248.0,396408,,,15445,785347,15248,396408,30693,1181731
2021-02-24 15:00:00,17776,803123,24131.0,420539,,,17776,803123,24131,420539,41907,1223638
2021-02-25 15:00:00,19982,823105,25796.0,446335,,,19982,823105,25796,446335,45778,1269416
2021-02-26 15:00:00,26175,849280,25271.0,471606,,,26175,849280,25271,471606,51446,1320862
2021-02-27 15:00:00,15728,865008,10669.0,482275,,,15728,865008,10669,482275,26397,1347259
2021-02-28 15:00:00,15389,880397,4360.0,486635,,,15389,880397,4360,486635,19749,1367008
2021-03-01 15:00:00,24044,904441,11231.0,497866,,,24044,904441,11231,497866,35275,1402283
2021-03-02 15:00:00,23238,927679,12723.0,510589,12.0,12.0,23250,927691,12735,510601,35973,1438256
2021-03-03 15:00:00,29122,956801,17730.0,528319,127.0,139.0,29249,956940,17857,528458,46979,1485235
2021-03-04 15:00:00,30368,987169,17495.0,545814,3573.0,3712.0,33941,990881,21068,549526,51436,1536671
2021-03-05 15:00:00,28355,1015524,18514.0,564328,4375.0,8087.0,32730,1023611,22889,572415,51244,1587915
2021-03-06 15:00:00,17516,1033040,8571.0,572899,5927.0,14014.0,23443,1047054,14498,586913,32014,1619929
2021-03-07 15:00:00,11898,1044938,4459.0,577358,6553.0,20567.0,18451,1065505,11012,597925,22910,1642839
2021-03-08 15:00:00,25256,1070194,8344.0,585702,8181.0,28748.0,33437,1098942,16525,614450,41781,1684620
2021-03-09 15:00:00,25476,1095670,14898.0,600600,8246.0,36994.0,33722,1132664,23144,637594,48620,1733240
2021-03-10 15:00:00,28901,1124571,15441.0,616041,7860.0,44854.0,36761,1169425,23301,660895,52202,1785442
2021-03-11 15:00:00,33222,1157793,15845.0,631886,3576.0,48430.0,36798,1206223,19421,680316,52643,1838085
2021-03-12 15:00:00,35594,1193387,16073.0,647959,2424.0,50854.0,38018,1244241,18497,698813,54091,1892176
2021-03-13 15:00:00,21291,1214678,8766.0,656725,1340.0,52194.0,22631,1266872,10106,708919,31397,1923573
2021-03-14 15:00:00,16254,1230932,5436.0,662161,792.0,52986.0,17046,1283918,6228,715147,22482,1946055
2021-03-15 15:00:00,28621,1259553,10409.0,672570,534.0,53520.0,29155,1313073,10943,726090,39564,1985619
2021-03-16 15:00:00,32663,1292216,13038.0,685608,756.0,54276.0,33419,1346492,13794,739884,46457,2032076
2021-03-17 15:00:00,36860,1329076,16373.0,701981,1133.0,55409.0,37993,1384485,17506,757390,54366,2086442
2021-03-18 15:00:00,40452,1369528,11732.0,713713,1142.0,56551.0,41594,1426079,12874,770264,53326,2139768
2021-03-19 15:00:00,37227,1406755,14789.0,728502,999.0,57550.0,38226,1464305,15788,786052,53015,2192783
2021-03-20 15:00:00,24039,1430794,9689.0,738191,651.0,58201.0,24690,1488995,10340,796392,34379,2227162
2021-03-21 15:00:00,18725,1449519,7320.0,745511,296.0,58497.0,19021,1508016,7616,804008,26341,2253503
2021-03-22 15:00:00,31914,1481433,10801.0,756312,813.0,59310.0,32727,1540743,11614,815622,43528,2297031
2021-03-23 15:00:00,37012,1518445,16537.0,772849,1500.0,60810.0,38512,1579255,18037,833659,55049,2352080
2021-03-24 15:00:00,40378,1558823,20244.0,793093,1303.0,62113.0,41681,1620936,21547,855206,61925,2414005
2021-03-25 15:00:00,41653,1600476,19914.0,813007,2348.0,64461.0,44001,1664937,22262,877468,63915,2477920
2021-03-26 15:00:00,36210,1636686,25003.0,838010,2442.0,66903.0,38652,1703589,27445,904913,63655,2541575
2021-03-27 15:00:00,26760,1663446,16323.0,854333,2371.0,69274.0,29131,1732720,18694,923607,45454,2587029
2021-03-28 15:00:00,16929,1680375,12221.0,866554,1605.0,70879.0,18534,1751254,13826,937433,30755,2617784
2021-03-29 15:00:00,29563,1709938,25365.0,891919,1096.0,71975.0,30659,1781913,26461,963894,56024,2673808
2021-03-30 15:00:00,39282,1749220,27893.0,919812,1738.0,73713.0,41020,1822933,29631,993525,68913,2742721
2021-03-31 15:00:00,40429,1789649,33466.0,953278,5686.0,79399.0,46115,1869048,39152,1032677,79581,2822302
2021-04-01 15:00:00,40202,1829851,35986.0,989264,5294.0,84693.0,45496,1914544,41280,1073957,81482,2903784
2021-04-02 15:00:00,34649,1864500,30786.0,1020050,5516.0,90209.0,40165,1954709,36302,1110259,70951,2974735
2021-04-03 15:00:00,21798,1886298,17622.0,1037672,4308.0,94517.0,26106,1980815,21930,1132189,43728,3018463
2021-04-04 15:00:00,8986,1895284,9110.0,1046782,904.0,95421.0,9890,1990705,10014,1142203,19000,3037463
2021-04-05 15:00:00,27897,1923181,27471.0,1074253,6523.0,101944.0,34420,2025125,33994,1176197,61891,3099354
2021-04-06 15:00:00,39424,1962605,29222.0,1103475,10274.0,112218.0,49698,2074823,39496,1215693,78920,3178274
2021-04-07 15:00:00,35386,1997991,32791.0,1136266,12471.0,124689.0,47857,2122680,45262,1260955,80648,3258922
2021-04-08 15:00:00,41684,2039675,34939.0,1171205,13408.0,138097.0,55092,2177772,48347,1309302,90031,3348953
2021-04-09 15:00:00,33406,2073081,35189.0,1206394,14205.0,152302.0,47611,2225383,49394,1358696,82800,3431753
2021-04-10 15:00:00,23060,2096141,22157.0,1228551,7241.0,159543.0,30301,2255684,29398,1388094,52458,3484211
2021-04-11 15:00:00,17793,2113934,12566.0,1241117,9920.0,169463.0,27713,2283397,22486,1410580,40279,3524490
2021-04-12 15:00:00,24307,2138241,31871.0,1272988,10540.0,180003.0,34847,2318244,42411,1452991,66718,3591208
2021-04-13 15:00:00,42172,2180413,35303.0,1308291,327.0,180330.0,42499,2360743,35630,1488621,77802,3669010
2021-04-14 15:00:00,39494,2219907,36614.0,1344905,198.0,180528.0,39692,2400435,36812,1525433,76306,3745316
2021-04-15 15:00:00,40121,2260028,37166.0,1382071,127.0,180655.0,40248,2440683,37293,1562726,77414,3822730
2021-04-16 15:00:00,35701,2295729,36719.0,1418790,7.0,180662.0,35708,2476391,36726,1599452,72427,3895157
2021-04-17 15:00:00,31039,2326768,20164.0,1438954,2.0,180664.0,31041,2507432,20166,1619618,51205,3946362
2021-04-18 15:00:00,19016,2345784,15676.0,1454630,2.0,180666.0,19018,2526450,15678,1635296,34694,3981056
2021-04-19 15:00:00,27627,2373411,32955.0,1487585,52.0,180718.0,27679,2554129,33007,1668303,60634,4041690
2021-04-20 15:00:00,28078,2401489,39275.0,1526860,31.0,180749.0,28109,2582238,39306,1707609,67384,4109074
2021-04-21 15:00:00,35577,2437066,41052.0,1567912,10.0,180759.0,35587,2617825,41062,1748671,76639,4185713
2021-04-22 15:00:00,34306,2471372,38070.0,1605982,6.0,180765.0,34312,2652137,38076,1786747,72382,4258095
2021-04-23 15:00:00,29808,2501180,37080.0,1643062,,180765.0,29808,2681945,37080,1823827,66888,4324983
2021-04-24 15:00:00,25135,2526315,26953.0,1670015,62.0,180827.0,25197,2707142,27015,1850842,52150,4377133
2021-04-25 15:00:00,18626,2544941,7962.0,1677977,2.0,180829.0,18628,2725770,7964,1858806,26590,4403723
2021-04-26 15:00:00,12247,2557188,17631.0,1695608,125.0,180954.0,12372,2738142,17756,1876562,30003,4433726