VACCINATION_DATE,FirstDailyDose,FirstDoseCumulative,SecondDailyDose,SecondDoseCumulative,SingleDailyDose,SingleDoseCumulative,AtleastOneVaccine,AtleastOneVaccineCumulative,CompletedVax,CompletedVaxCumulative,FirstSecondSingleVaccinations,FirstSecondSingleVaccinationsCumulative
2020-12-14 15:00:00,17,1252,,505,,,17,1252,0,505,17,1642
2020-12-15 15:00:00,56,1308,3.0,508,,,56,1308,3,508,59,1701
2020-12-16 15:00:00,586,1894,3.0,511,,,586,1894,3,511,589,2290
2020-12-17 15:00:00,1153,3047,2.0,513,,,1153,3047,2,513,1155,3445
2020-12-18 15:00:00,3003,6050,12.0,525,,,3003,6050,12,525,3015,6460
2020-12-19 15:00:00,927,6977,5.0,530,,,927,6977,5,530,932,7392
2020-12-20 15:00:00,347,7324,4.0,534,,,347,7324,4,534,351,7743
2020-12-21 15:00:00,3876,11200,25.0,559,,,3876,11200,25,559,3901,11644
2020-12-22 15:00:00,6310,17510,23.0,582,,,6310,17510,23,582,6333,17977
2020-12-23 15:00:00,5767,23277,33.0,615,,,5767,23277,33,615,5800,23777
2020-12-24 15:00:00,2717,25994,15.0,630,,,2717,25994,15,630,2732,26509
2020-12-25 15:00:00,1034,27028,4.0,634,,,1034,27028,4,634,1038,27547
2020-12-26 15:00:00,1876,28904,9.0,643,,,1876,28904,9,643,1885,29432
2020-12-27 15:00:00,1799,30703,10.0,653,,,1799,30703,10,653,1809,31241
2020-12-28 15:00:00,8973,39676,42.0,695,,,8973,39676,42,695,9015,40256
2020-12-29 15:00:00,10946,50622,48.0,743,,,10946,50622,48,743,10994,51250
2020-12-30 15:00:00,12485,63107,76.0,819,,,12485,63107,76,819,12561,63811
2020-12-31 15:00:00,7542,70649,41.0,860,,,7542,70649,41,860,7583,71394
2021-01-01 15:00:00,2903,73552,129.0,989,,,2903,73552,129,989,3032,74426
2021-01-02 15:00:00,3017,76569,34.0,1023,,,3017,76569,34,1023,3051,77477
2021-01-03 15:00:00,3392,79961,80.0,1103,,,3392,79961,80,1103,3472,80949
2021-01-04 15:00:00,13326,93287,321.0,1424,,,13326,93287,321,1424,13647,94596
2021-01-05 15:00:00,12445,105732,533.0,1957,,,12445,105732,533,1957,12978,107574
2021-01-06 15:00:00,15220,120952,851.0,2808,,,15220,120952,851,2808,16071,123645
2021-01-07 15:00:00,14999,135951,1752.0,4560,,,14999,135951,1752,4560,16751,140396
2021-01-08 15:00:00,23982,159933,2759.0,7319,,,23982,159933,2759,7319,26741,167137
2021-01-09 15:00:00,5147,165080,946.0,8265,,,5147,165080,946,8265,6093,173230
2021-01-10 15:00:00,2952,168032,375.0,8640,,,2952,168032,375,8640,3327,176557
2021-01-11 15:00:00,13699,181731,3458.0,12098,,,13699,181731,3458,12098,17157,193714
2021-01-12 15:00:00,17356,199087,5572.0,17670,,,17356,199087,5572,17670,22928,216642
2021-01-13 15:00:00,18578,217665,3894.0,21564,,,18578,217665,3894,21564,22472,239114
2021-01-14 15:00:00,17812,235477,1943.0,23507,,,17812,235477,1943,23507,19755,258869
2021-01-15 15:00:00,19421,254898,2002.0,25509,,,19421,254898,2002,25509,21423,280292
2021-01-16 15:00:00,5806,260704,1605.0,27114,,,5806,260704,1605,27114,7411,287703
2021-01-17 15:00:00,2107,262811,1476.0,28590,,,2107,262811,1476,28590,3583,291286
2021-01-18 15:00:00,7061,269872,3242.0,31832,,,7061,269872,3242,31832,10303,301589
2021-01-19 15:00:00,16913,286785,5382.0,37214,,,16913,286785,5382,37214,22295,323884
2021-01-20 15:00:00,20986,307771,5292.0,42506,,,20986,307771,5292,42506,26278,350162
2021-01-21 15:00:00,23759,331530,3800.0,46306,,,23759,331530,3800,46306,27559,377721
2021-01-22 15:00:00,28642,360172,3712.0,50018,,,28642,360172,3712,50018,32354,410075
2021-01-23 15:00:00,10101,370273,1927.0,51945,,,10101,370273,1927,51945,12028,422103
2021-01-24 15:00:00,3341,373614,1720.0,53665,,,3341,373614,1720,53665,5061,427164
2021-01-25 15:00:00,16290,389904,8577.0,62242,,,16290,389904,8577,62242,24867,452031
2021-01-26 15:00:00,17541,407445,8952.0,71194,,,17541,407445,8952,71194,26493,478524
2021-01-27 15:00:00,24442,431887,12521.0,83715,,,24442,431887,12521,83715,36963,515487
2021-01-28 15:00:00,22650,454537,9296.0,93011,,,22650,454537,9296,93011,31946,547433
2021-01-29 15:00:00,24759,479296,7885.0,100896,,,24759,479296,7885,100896,32644,580077
2021-01-30 15:00:00,17765,497061,2531.0,103427,,,17765,497061,2531,103427,20296,600373
2021-01-31 15:00:00,3754,500815,1344.0,104771,,,3754,500815,1344,104771,5098,605471
2021-02-01 15:00:00,7830,508645,5234.0,110005,,,7830,508645,5234,110005,13064,618535
2021-02-02 15:00:00,12461,521106,13798.0,123803,,,12461,521106,13798,123803,26259,644794
2021-02-03 15:00:00,18221,539327,18093.0,141896,,,18221,539327,18093,141896,36314,681108
2021-02-04 15:00:00,22085,561412,15747.0,157643,,,22085,561412,15747,157643,37832,718940
2021-02-05 15:00:00,20331,581743,17372.0,175015,,,20331,581743,17372,175015,37703,756643
2021-02-06 15:00:00,11310,593053,14446.0,189461,,,11310,593053,14446,189461,25756,782399
2021-02-07 15:00:00,5941,598994,1815.0,191276,,,5941,598994,1815,191276,7756,790155
2021-02-08 15:00:00,12945,611939,12903.0,204179,,,12945,611939,12903,204179,25848,816003
2021-02-09 15:00:00,16620,628559,13839.0,218018,,,16620,628559,13839,218018,30459,846462
2021-02-10 15:00:00,19267,647826,21203.0,239221,,,19267,647826,21203,239221,40470,886932
2021-02-11 15:00:00,22849,670675,17299.0,256520,,,22849,670675,17299,256520,40148,927080
2021-02-12 15:00:00,20365,691040,19593.0,276113,,,20365,691040,19593,276113,39958,967038
2021-02-13 15:00:00,11416,702456,6393.0,282506,,,11416,702456,6393,282506,17809,984847
2021-02-14 15:00:00,7110,709566,2105.0,284611,,,7110,709566,2105,284611,9215,994062
2021-02-15 15:00:00,11743,721309,13297.0,297908,,,11743,721309,13297,297908,25040,1019102
2021-02-16 15:00:00,16586,737895,20990.0,318898,,,16586,737895,20990,318898,37576,1056678
2021-02-17 15:00:00,20643,758538,26351.0,345249,,,20643,758538,26351,345249,46994,1103672
2021-02-18 15:00:00,3189,761727,4605.0,349854,,,3189,761727,4605,349854,7794,1111466
2021-02-19 15:00:00,10245,771972,19905.0,369759,,,10245,771972,19905,369759,30150,1141616
2021-02-20 15:00:00,10299,782271,20259.0,390018,,,10299,782271,20259,390018,30558,1172174
2021-02-21 15:00:00,6162,788433,7628.0,397646,,,6162,788433,7628,397646,13790,1185964
2021-02-22 15:00:00,8024,796457,15451.0,413097,,,8024,796457,15451,413097,23475,1209439
2021-02-23 15:00:00,15517,811974,15945.0,429042,,,15517,811974,15945,429042,31462,1240901
2021-02-24 15:00:00,17924,829898,24734.0,453776,,,17924,829898,24734,453776,42658,1283559
2021-02-25 15:00:00,20384,850282,26532.0,480308,,,20384,850282,26532,480308,46916,1330475
2021-02-26 15:00:00,26699,876981,26185.0,506493,,,26699,876981,26185,506493,52884,1383359
2021-02-27 15:00:00,15988,892969,11128.0,517621,,,15988,892969,11128,517621,27116,1410475
2021-02-28 15:00:00,15493,908462,4867.0,522488,,,15493,908462,4867,522488,20360,1430835
2021-03-01 15:00:00,26505,934967,12480.0,534968,,,26505,934967,12480,534968,38985,1469820
2021-03-02 15:00:00,23869,958836,13243.0,548211,32.0,32.0,23901,958868,13275,548243,37144,1506964
2021-03-03 15:00:00,30131,988967,18362.0,566573,182.0,214.0,30313,989181,18544,566787,48675,1555639
2021-03-04 15:00:00,30941,1019908,18151.0,584724,4067.0,4281.0,35008,1024189,22218,589005,53159,1608798
2021-03-05 15:00:00,29424,1049332,19441.0,604165,4910.0,9191.0,34334,1058523,24351,613356,53775,1662573
2021-03-06 15:00:00,17859,1067191,8959.0,613124,6004.0,15195.0,23863,1082386,14963,628319,32822,1695395
2021-03-07 15:00:00,12110,1079301,4836.0,617960,6613.0,21808.0,18723,1101109,11449,639768,23559,1718954
2021-03-08 15:00:00,25834,1105135,8805.0,626765,8277.0,30085.0,34111,1135220,17082,656850,42916,1761870
2021-03-09 15:00:00,26086,1131221,15434.0,642199,8347.0,38432.0,34433,1169653,23781,680631,49867,1811737
2021-03-10 15:00:00,29811,1161032,15970.0,658169,7935.0,46367.0,37746,1207399,23905,704536,53716,1865453
2021-03-11 15:00:00,35946,1196978,16396.0,674565,3983.0,50350.0,39929,1247328,20379,724915,56325,1921778
2021-03-12 15:00:00,36879,1233857,18055.0,692620,2921.0,53271.0,39800,1287128,20976,745891,57855,1979633
2021-03-13 15:00:00,22648,1256505,10253.0,702873,1623.0,54894.0,24271,1311399,11876,757767,34524,2014157
2021-03-14 15:00:00,17838,1274343,6698.0,709571,1000.0,55894.0,18838,1330237,7698,765465,25536,2039693
2021-03-15 15:00:00,29788,1304131,11265.0,720836,594.0,56488.0,30382,1360619,11859,777324,41647,2081340
2021-03-16 15:00:00,33414,1337545,13540.0,734376,768.0,57256.0,34182,1394801,14308,791632,47722,2129062
2021-03-17 15:00:00,37543,1375088,17008.0,751384,1176.0,58432.0,38719,1433520,18184,809816,55727,2184789
2021-03-18 15:00:00,41412,1416500,12601.0,763985,1349.0,59781.0,42761,1476281,13950,823766,55362,2240151
2021-03-19 15:00:00,38294,1454794,15380.0,779365,1036.0,60817.0,39330,1515611,16416,840182,54710,2294861
2021-03-20 15:00:00,24667,1479461,10119.0,789484,699.0,61516.0,25366,1540977,10818,851000,35485,2330346
2021-03-21 15:00:00,19157,1498618,7842.0,797326,335.0,61851.0,19492,1560469,8177,859177,27334,2357680
2021-03-22 15:00:00,32565,1531183,11436.0,808762,834.0,62685.0,33399,1593868,12270,871447,44835,2402515
2021-03-23 15:00:00,37730,1568913,17313.0,826075,1554.0,64239.0,39284,1633152,18867,890314,56597,2459112
2021-03-24 15:00:00,41062,1609975,21151.0,847226,1381.0,65620.0,42443,1675595,22532,912846,63594,2522706
2021-03-25 15:00:00,42334,1652309,21017.0,868243,2457.0,68077.0,44791,1720386,23474,936320,65808,2588514
2021-03-26 15:00:00,36667,1688976,26286.0,894529,2499.0,70576.0,39166,1759552,28785,965105,65452,2653966
2021-03-27 15:00:00,26923,1715899,16779.0,911308,2483.0,73059.0,29406,1788958,19262,984367,46185,2700151
2021-03-28 15:00:00,17010,1732909,12608.0,923916,1616.0,74675.0,18626,1807584,14224,998591,31234,2731385
2021-03-29 15:00:00,29701,1762610,26225.0,950141,1140.0,75815.0,30841,1838425,27365,1025956,57066,2788451
2021-03-30 15:00:00,40026,1802636,28924.0,979065,1857.0,77672.0,41883,1880308,30781,1056737,70807,2859258
2021-03-31 15:00:00,41027,1843663,34605.0,1013670,5749.0,83421.0,46776,1927084,40354,1097091,81381,2940639
2021-04-01 15:00:00,41113,1884776,39900.0,1053570,5669.0,89090.0,46782,1973866,45569,1142660,86682,3027321
2021-04-02 15:00:00,35004,1919780,32497.0,1086067,6122.0,95212.0,41126,2014992,38619,1181279,73623,3100944
2021-04-03 15:00:00,21618,1941398,18667.0,1104734,4367.0,99579.0,25985,2040977,23034,1204313,44652,3145596
2021-04-04 15:00:00,8246,1949644,10175.0,1114909,964.0,100543.0,9210,2050187,11139,1215452,19385,3164981
2021-04-05 15:00:00,27903,1977547,28850.0,1143759,6655.0,107198.0,34558,2084745,35505,1250957,63408,3228389
2021-04-06 15:00:00,39744,2017291,30398.0,1174157,10493.0,117691.0,50237,2134982,40891,1291848,80635,3309024
2021-04-07 15:00:00,36028,2053319,34209.0,1208366,12978.0,130669.0,49006,2183988,47187,1339035,83215,3392239
2021-04-08 15:00:00,42295,2095614,36017.0,1244383,13859.0,144528.0,56154,2240142,49876,1388911,92171,3484410
2021-04-09 15:00:00,34018,2129632,36286.0,1280669,14525.0,159053.0,48543,2288685,50811,1439722,84829,3569239
2021-04-10 15:00:00,23447,2153079,23099.0,1303768,7634.0,166687.0,31081,2319766,30733,1470455,54180,3623419
2021-04-11 15:00:00,17555,2170634,13269.0,1317037,10125.0,176812.0,27680,2347446,23394,1493849,40949,3664368
2021-04-12 15:00:00,24581,2195215,33133.0,1350170,10895.0,187707.0,35476,2382922,44028,1537877,68609,3732977
2021-04-13 15:00:00,126778,2321993,90573.0,1440743,3293.0,191000.0,130071,2512993,93866,1631743,220644,3953621
2021-04-14 15:00:00,40683,2362676,37761.0,1478504,210.0,191210.0,40893,2553886,37971,1669714,78654,4032275
2021-04-15 15:00:00,41676,2404352,39164.0,1517668,172.0,191382.0,41848,2595734,39336,1709050,81012,4113287
2021-04-16 15:00:00,37141,2441493,38784.0,1556452,23.0,191405.0,37164,2632898,38807,1747857,75948,4189235
2021-04-17 15:00:00,32784,2474277,21990.0,1578442,12.0,191417.0,32796,2665694,22002,1769859,54786,4244021
2021-04-18 15:00:00,20061,2494338,16176.0,1594618,5.0,191422.0,20066,2685760,16181,1786040,36242,4280263
2021-04-19 15:00:00,29884,2524222,36488.0,1631106,61.0,191483.0,29945,2715705,36549,1822589,66433,4346696
2021-04-20 15:00:00,33104,2557326,44180.0,1675286,56.0,191539.0,33160,2748865,44236,1866825,77340,4424036
2021-04-21 15:00:00,39801,2597127,46984.0,1722270,22.0,191561.0,39823,2788688,47006,1913831,86807,4510843
2021-04-22 15:00:00,36399,2633526,42034.0,1764304,16.0,191577.0,36415,2825103,42050,1955881,78449,4589292
2021-04-23 15:00:00,33118,2666644,40076.0,1804380,14.0,191591.0,33132,2858235,40090,1995971,73208,4662500
2021-04-24 15:00:00,26403,2693047,27844.0,1832224,81.0,191672.0,26484,2884719,27925,2023896,54328,4716828
2021-04-25 15:00:00,20215,2713262,10934.0,1843158,31.0,191703.0,20246,2904965,10965,2034861,31180,4748008
2021-04-26 15:00:00,27414,2740676,32657.0,1875815,202.0,191905.0,27616,2932581,32859,2067720,60273,4808281
2021-04-27 15:00:00,26688,2767364,33000.0,1908815,1099.0,193004.0,27787,2960368,34099,2101819,60787,4869068
2021-04-28 15:00:00,28922,2796286,39468.0,1948283,1362.0,194366.0,30284,2990652,40830,2142649,69752,4938820
2021-04-29 15:00:00,27297,2823583,39424.0,1987707,1465.0,195831.0,28762,3019414,40889,2183538,68186,5007006
2021-04-30 15:00:00,28187,2851770,32179.0,2019886,1646.0,197477.0,29833,3049247,33825,2217363,62012,5069018
2021-05-01 15:00:00,20519,2872289,26488.0,2046374,1035.0,198512.0,21554,3070801,27523,2244886,48042,5117060
2021-05-02 15:00:00,10277,2882566,17019.0,2063393,821.0,199333.0,11098,3081899,17840,2262726,28117,5145177
2021-05-03 15:00:00,12741,2895307,28520.0,2091913,1913.0,201246.0,14654,3096553,30433,2293159,43174,5188351
2021-05-04 15:00:00,13568,2908875,38537.0,2130450,1736.0,202982.0,15304,3111857,40273,2333432,53841,5242192
2021-05-05 15:00:00,19324,2928199,37689.0,2168139,1919.0,204901.0,21243,3133100,39608,2373040,58932,5301124
2021-05-06 15:00:00,16923,2945122,40553.0,2208692,1721.0,206622.0,18644,3151744,42274,2415314,59197,5360321
2021-05-07 15:00:00,17415,2962537,36031.0,2244723,1958.0,208580.0,19373,3171117,37989,2453303,55404,5415725
2021-05-08 15:00:00,10784,2973321,31213.0,2275936,1292.0,209872.0,12076,3183193,32505,2485808,43289,5459014
2021-05-09 15:00:00,5051,2978372,11914.0,2287850,695.0,210567.0,5746,3188939,12609,2498417,17660,5476674
2021-05-10 15:00:00,8951,2987323,31020.0,2318870,1361.0,211928.0,10312,3199251,32381,2530798,41332,5518006
2021-05-11 15:00:00,12191,2999514,30250.0,2349120,1437.0,213365.0,13628,3212879,31687,2562485,43878,5561884
2021-05-12 15:00:00,13941,3013455,38566.0,2387686,1919.0,215284.0,15860,3228739,40485,2602970,54426,5616310
2021-05-13 15:00:00,21850,3035305,33431.0,2421117,1347.0,216631.0,23197,3251936,34778,2637748,56628,5672938
2021-05-14 15:00:00,24350,3059655,29988.0,2451105,1775.0,218406.0,26125,3278061,31763,2669511,56113,5729051
2021-05-15 15:00:00,21899,3081554,25069.0,2476174,1490.0,219896.0,23389,3301450,26559,2696070,48458,5777509
2021-05-16 15:00:00,9080,3090634,17558.0,2493732,1113.0,221009.0,10193,3311643,18671,2714741,27751,5805260
2021-05-17 15:00:00,16843,3107477,28365.0,2522097,1949.0,222958.0,18792,3330435,30314,2745055,47157,5852417
2021-05-18 15:00:00,21248,3128725,30653.0,2552750,1941.0,224899.0,23189,3353624,32594,2777649,53842,5906259
2021-05-19 15:00:00,27622,3156347,32396.0,2585146,1626.0,226525.0,29248,3382872,34022,2811671,61644,5967903
2021-05-20 15:00:00,20799,3177146,33229.0,2618375,1970.0,228495.0,22769,3405641,35199,2846870,55998,6023901
2021-05-21 15:00:00,19161,3196307,30281.0,2648656,1608.0,230103.0,20769,3426410,31889,2878759,51050,6074951
2021-05-22 15:00:00,16920,3213227,20666.0,2669322,1270.0,231373.0,18190,3444600,21936,2900695,38856,6113807
2021-05-23 15:00:00,8754,3221981,11429.0,2680751,964.0,232337.0,9718,3454318,12393,2913088,21147,6134954
2021-05-24 15:00:00,13566,3235547,17745.0,2698496,1474.0,233811.0,15040,3469358,19219,2932307,32785,6167739
2021-05-25 15:00:00,12998,3248545,18665.0,2717161,1329.0,235140.0,14327,3483685,19994,2952301,32992,6200731
2021-05-26 15:00:00,18287,3266832,19461.0,2736622,1511.0,236651.0,19798,3503483,20972,2973273,39259,6239990
2021-05-27 15:00:00,11682,3278514,18631.0,2755253,1116.0,237767.0,12798,3516281,19747,2993020,31429,6271419
2021-05-28 15:00:00,12500,3291014,19715.0,2774968,1400.0,239167.0,13900,3530181,21115,3014135,33615,6305034
2021-05-29 15:00:00,9552,3300566,11639.0,2786607,935.0,240102.0,10487,3540668,12574,3026709,22126,6327160
2021-05-30 15:00:00,4967,3305533,6418.0,2793025,596.0,240698.0,5563,3546231,7014,3033723,11981,6339141
2021-05-31 15:00:00,1773,3307306,3705.0,2796730,305.0,241003.0,2078,3548309,4010,3037733,5783,6344924
2021-06-01 15:00:00,9782,3317088,16352.0,2813082,1154.0,242157.0,10936,3559245,17506,3055239,27288,6372212
2021-06-02 15:00:00,10228,3327316,16781.0,2829863,958.0,243115.0,11186,3570431,17739,3072978,27967,6400179
2021-06-03 15:00:00,7898,3335214,21154.0,2851017,1086.0,244201.0,8984,3579415,22240,3095218,30138,6430317
2021-06-04 15:00:00,8201,3343415,22267.0,2873284,1121.0,245322.0,9322,3588737,23388,3118606,31589,6461906
2021-06-05 15:00:00,7014,3350429,19411.0,2892695,720.0,246042.0,7734,3596471,20131,3138737,27145,6489051
2021-06-06 15:00:00,3461,3353890,7230.0,2899925,423.0,246465.0,3884,3600355,7653,3146390,11114,6500165
2021-06-07 15:00:00,6856,3360746,15738.0,2915663,726.0,247191.0,7582,3607937,16464,3162854,23320,6523485
2021-06-08 15:00:00,6668,3367414,19678.0,2935341,829.0,248020.0,7497,3615434,20507,3183361,27175,6550660
2021-06-09 15:00:00,8195,3375609,23912.0,2959253,969.0,248989.0,9164,3624598,24881,3208242,33076,6583736
2021-06-10 15:00:00,7145,3382754,19095.0,2978348,894.0,249883.0,8039,3632637,19989,3228231,27134,6610870
2021-06-11 15:00:00,7470,3390224,17701.0,2996049,1125.0,251008.0,8595,3641232,18826,3247057,26296,6637166
2021-06-12 15:00:00,5227,3395451,14742.0,3010791,604.0,251612.0,5831,3647063,15346,3262403,20573,6657739
2021-06-13 15:00:00,1931,3397382,7559.0,3018350,427.0,252039.0,2358,3649421,7986,3270389,9917,6667656
2021-06-14 15:00:00,5654,3403036,11801.0,3030151,734.0,252773.0,6388,3655809,12535,3282924,18189,6685845
2021-06-15 15:00:00,5654,3408690,14299.0,3044450,872.0,253645.0,6526,3662335,15171,3298095,20825,6706670
2021-06-16 15:00:00,8748,3417438,21557.0,3066007,757.0,254402.0,9505,3671840,22314,3320409,31062,6737732
2021-06-17 15:00:00,6683,3424121,12349.0,3078356,720.0,255122.0,7403,3679243,13069,3333478,19752,6757484
2021-06-18 15:00:00,6836,3430957,12702.0,3091058,704.0,255826.0,7540,3686783,13406,3346884,20242,6777726
2021-06-19 15:00:00,4663,3435620,9353.0,3100411,613.0,256439.0,5276,3692059,9966,3356850,14629,6792355
2021-06-20 15:00:00,2505,3438125,5041.0,3105452,378.0,256817.0,2883,3694942,5419,3362269,7924,6800279
2021-06-21 15:00:00,5560,3443685,5323.0,3110775,636.0,257453.0,6196,3701138,5959,3368228,11519,6811798
2021-06-22 15:00:00,5193,3448878,8852.0,3119627,683.0,258136.0,5876,3707014,9535,3377763,14728,6826526
2021-06-23 15:00:00,6064,3454942,10303.0,3129930,646.0,258782.0,6710,3713724,10949,3388712,17013,6843539
2021-06-24 15:00:00,5930,3460872,8186.0,3138116,594.0,259376.0,6524,3720248,8780,3397492,14710,6858249
2021-06-25 15:00:00,5828,3466700,8623.0,3146739,620.0,259996.0,6448,3726696,9243,3406735,15071,6873320
2021-06-26 15:00:00,3699,3470399,6293.0,3153032,396.0,260392.0,4095,3730791,6689,3413424,10388,6883708
2021-06-27 15:00:00,2810,3473209,3516.0,3156548,185.0,260577.0,2995,3733786,3701,3417125,6511,6890219
2021-06-28 15:00:00,4735,3477944,6086.0,3162634,523.0,261100.0,5258,3739044,6609,3423734,11344,6901563
2021-06-29 15:00:00,5059,3483003,6451.0,3169085,519.0,261619.0,5578,3744622,6970,3430704,12029,6913592
2021-06-30 15:00:00,5610,3488613,7369.0,3176454,605.0,262224.0,6215,3750837,7974,3438678,13584,6927176
2021-07-01 15:00:00,5357,3493970,6927.0,3183381,495.0,262719.0,5852,3756689,7422,3446100,12779,6939955
2021-07-02 15:00:00,5284,3499254,6816.0,3190197,521.0,263240.0,5805,3762494,7337,3453437,12621,6952576
2021-07-03 15:00:00,3263,3502517,4055.0,3194252,265.0,263505.0,3528,3766022,4320,3457757,7583,6960159
2021-07-04 15:00:00,492,3503009,545.0,3194797,67.0,263572.0,559,3766581,612,3458369,1104,6961263
2021-07-05 15:00:00,3760,3506769,3945.0,3198742,287.0,263859.0,4047,3770628,4232,3462601,7992,6969255
2021-07-06 15:00:00,4480,3511249,6238.0,3204980,452.0,264311.0,4932,3775560,6690,3469291,11170,6980425
2021-07-07 15:00:00,4458,3515707,6387.0,3211367,482.0,264793.0,4940,3780500,6869,3476160,11327,6991752
2021-07-08 15:00:00,4829,3520536,6144.0,3217511,564.0,265357.0,5393,3785893,6708,3482868,11537,7003289
2021-07-09 15:00:00,5349,3525885,6637.0,3224148,572.0,265929.0,5921,3791814,7209,3490077,12558,7015847
2021-07-10 15:00:00,3524,3529409,4386.0,3228534,302.0,266231.0,3826,3795640,4688,3494765,8212,7024059
2021-07-11 15:00:00,2668,3532077,2565.0,3231099,224.0,266455.0,2892,3798532,2789,3497554,5457,7029516
2021-07-12 15:00:00,4414,3536491,5101.0,3236200,377.0,266832.0,4791,3803323,5478,3503032,9892,7039408
2021-07-13 15:00:00,4762,3541253,4596.0,3240796,366.0,267198.0,5128,3808451,4962,3507994,9724,7049132
2021-07-14 15:00:00,4611,3545864,5253.0,3246049,421.0,267619.0,5032,3813483,5674,3513668,10285,7059417
2021-07-15 15:00:00,4884,3550748,4992.0,3251041,357.0,267976.0,5241,3818724,5349,3519017,10233,7069650
2021-07-16 15:00:00,6279,3557027,5813.0,3256854,401.0,268377.0,6680,3825404,6214,3525231,12493,7082143
2021-07-17 15:00:00,3410,3560437,3542.0,3260396,300.0,268677.0,3710,3829114,3842,3529073,7252,7089395
2021-07-18 15:00:00,2305,3562742,2371.0,3262767,110.0,268787.0,2415,3831529,2481,3531554,4786,7094181
2021-07-19 15:00:00,5258,3568000,4471.0,3267238,379.0,269166.0,5637,3837166,4850,3536404,10108,7104289
2021-07-20 15:00:00,5327,3573327,4685.0,3271923,366.0,269532.0,5693,3842859,5051,3541455,10378,7114667
2021-07-21 15:00:00,5637,3578964,4912.0,3276835,415.0,269947.0,6052,3848911,5327,3546782,10964,7125631
2021-07-22 15:00:00,6013,3584977,4608.0,3281443,469.0,270416.0,6482,3855393,5077,3551859,11090,7136721
2021-07-23 15:00:00,6833,3591810,4820.0,3286263,492.0,270908.0,7325,3862718,5312,3557171,12145,7148866
2021-07-24 15:00:00,4277,3596087,3193.0,3289456,267.0,271175.0,4544,3867262,3460,3560631,7737,7156603
2021-07-25 15:00:00,3290,3599377,1111.0,3290567,138.0,271313.0,3428,3870690,1249,3561880,4539,7161142
2021-07-26 15:00:00,6197,3605574,3888.0,3294455,418.0,271731.0,6615,3877305,4306,3566186,10503,7171645
2021-07-27 15:00:00,6348,3611922,4055.0,3298510,455.0,272186.0,6803,3884108,4510,3570696,10858,7182503
2021-07-28 15:00:00,6801,3618723,4000.0,3302510,458.0,272644.0,7259,3891367,4458,3575154,11259,7193762
2021-07-29 15:00:00,6801,3625524,4145.0,3306655,416.0,273060.0,7217,3898584,4561,3579715,11362,7205124
2021-07-30 15:00:00,7539,3633063,4509.0,3311164,523.0,273583.0,8062,3906646,5032,3584747,12571,7217695
2021-07-31 15:00:00,4782,3637845,3038.0,3314202,273.0,273856.0,5055,3911701,3311,3588058,8093,7225788
2021-08-01 15:00:00,3836,3641681,2120.0,3316322,160.0,274016.0,3996,3915697,2280,3590338,6116,7231904
2021-08-02 15:00:00,7022,3648703,3638.0,3319960,336.0,274352.0,7358,3923055,3974,3594312,10996,7242900
2021-08-03 15:00:00,7002,3655705,3895.0,3323855,511.0,274863.0,7513,3930568,4406,3598718,11408,7254308
2021-08-04 15:00:00,7157,3662862,3897.0,3327752,528.0,275391.0,7685,3938253,4425,3603143,11582,7265890
2021-08-05 15:00:00,7681,3670543,4114.0,3331866,537.0,275928.0,8218,3946471,4651,3607794,12332,7278222
2021-08-06 15:00:00,8294,3678837,4692.0,3336558,452.0,276380.0,8746,3955217,5144,3612938,13438,7291660
2021-08-07 15:00:00,5258,3684095,2805.0,3339363,264.0,276644.0,5522,3960739,3069,3616007,8327,7299987
2021-08-08 15:00:00,3945,3688040,2046.0,3341409,143.0,276787.0,4088,3964827,2189,3618196,6134,7306121
2021-08-09 15:00:00,6922,3694962,4510.0,3345919,367.0,277154.0,7289,3972116,4877,3623073,11799,7317920
2021-08-10 15:00:00,7124,3702086,4443.0,3350362,338.0,277492.0,7462,3979578,4781,3627854,11905,7329825
2021-08-11 15:00:00,7049,3709135,4419.0,3354781,440.0,277932.0,7489,3987067,4859,3632713,11908,7341733
2021-08-12 15:00:00,8597,3717732,4718.0,3359499,443.0,278375.0,9040,3996107,5161,3637874,13758,7355491
2021-08-13 15:00:00,7132,3724864,5355.0,3364854,395.0,278770.0,7527,4003634,5750,3643624,12882,7368373
2021-08-14 15:00:00,4913,3729777,3337.0,3368191,285.0,279055.0,5198,4008832,3622,3647246,8535,7376908
2021-08-15 15:00:00,3320,3733097,2730.0,3370921,164.0,279219.0,3484,4012316,2894,3650140,6214,7383122
2021-08-16 15:00:00,5434,3738531,5074.0,3375995,352.0,279571.0,5786,4018102,5426,3655566,10860,7393982
2021-08-17 15:00:00,6961,3745492,5176.0,3381171,389.0,279960.0,7350,4025452,5565,3661131,12526,7406508
2021-08-18 15:00:00,6501,3751993,5294.0,3386465,477.0,280437.0,6978,4032430,5771,3666902,12272,7418780
2021-08-19 15:00:00,5990,3757983,5316.0,3391781,415.0,280852.0,6405,4038835,5731,3672633,11721,7430501
2021-08-20 15:00:00,7031,3765014,6325.0,3398106,402.0,281254.0,7433,4046268,6727,3679360,13758,7444259
2021-08-21 15:00:00,4319,3769333,3915.0,3402021,227.0,281481.0,4546,4050814,4142,3683502,8461,7452720
2021-08-22 15:00:00,3061,3772394,3160.0,3405181,110.0,281591.0,3171,4053985,3270,3686772,6331,7459051
2021-08-23 15:00:00,6164,3778558,5915.0,3411096,285.0,281876.0,6449,4060434,6200,3692972,12364,7471415
2021-08-24 15:00:00,6647,3785205,5868.0,3416964,424.0,282300.0,7071,4067505,6292,3699264,12939,7484354
2021-08-25 15:00:00,6912,3792117,6013.0,3422977,439.0,282739.0,7351,4074856,6452,3705716,13364,7497718
2021-08-26 15:00:00,7180,3799297,6426.0,3429403,427.0,283166.0,7607,4082463,6853,3712569,14033,7511751
2021-08-27 15:00:00,6870,3806167,7013.0,3436416,316.0,283482.0,7186,4089649,7329,3719898,14199,7525950
2021-08-28 15:00:00,6906,3813073,6494.0,3442910,325.0,283807.0,7231,4096880,6819,3726717,13725,7539675
2021-08-29 15:00:00,3736,3816809,3677.0,3446587,611.0,284418.0,4347,4101227,4288,3731005,8024,7547699
2021-08-30 15:00:00,5947,3822756,6093.0,3452680,960.0,285378.0,6907,4108134,7053,3738058,13000,7560699
2021-08-31 15:00:00,5703,3828459,5913.0,3458593,945.0,286323.0,6648,4114782,6858,3744916,12561,7573260
2021-09-01 15:00:00,5559,3834018,5593.0,3464186,911.0,287234.0,6470,4121252,6504,3751420,12063,7585323
2021-09-02 15:00:00,5523,3839541,5899.0,3470085,703.0,287937.0,6226,4127478,6602,3758022,12125,7597448
2021-09-03 15:00:00,6001,3845542,6881.0,3476966,971.0,288908.0,6972,4134450,7852,3765874,13853,7611301
2021-09-04 15:00:00,3718,3849260,4334.0,3481300,879.0,289787.0,4597,4139047,5213,3771087,8931,7620232
2021-09-05 15:00:00,2956,3852216,2801.0,3484101,106.0,289893.0,3062,4142109,2907,3773994,5863,7626095
2021-09-06 15:00:00,1056,3853272,1150.0,3485251,63.0,289956.0,1119,4143228,1213,3775207,2269,7628364
2021-09-07 15:00:00,5342,3858614,7261.0,3492512,2304.0,292260.0,7646,4150874,9565,3784772,14907,7643271
2021-09-08 15:00:00,4661,3863275,5447.0,3497959,365.0,292625.0,5026,4155900,5812,3790584,10473,7653744
2021-09-09 15:00:00,5085,3868360,5360.0,3503319,324.0,292949.0,5409,4161309,5684,3796268,10769,7664513
2021-09-10 15:00:00,6546,3874906,6594.0,3509913,1716.0,294665.0,8262,4169571,8310,3804578,14856,7679369
2021-09-11 15:00:00,4168,3879074,4321.0,3514234,665.0,295330.0,4833,4174404,4986,3809564,9154,7688523
2021-09-12 15:00:00,3164,3882238,3231.0,3517465,436.0,295766.0,3600,4178004,3667,3813231,6831,7695354
2021-09-13 15:00:00,4671,3886909,4845.0,3522310,346.0,296112.0,5017,4183021,5191,3818422,9862,7705216
2021-09-14 15:00:00,4584,3891493,5196.0,3527506,434.0,296546.0,5018,4188039,5630,3824052,10214,7715430
2021-09-15 15:00:00,4852,3896345,5604.0,3533110,388.0,296934.0,5240,4193279,5992,3830044,10844,7726274
2021-09-16 15:00:00,4590,3900935,5613.0,3538723,335.0,297269.0,4925,4198204,5948,3835992,10538,7736812
2021-09-17 15:00:00,5045,3905980,6332.0,3545055,343.0,297612.0,5388,4203592,6675,3842667,11720,7748532
2021-09-18 15:00:00,3789,3909769,4561.0,3549616,185.0,297797.0,3974,4207566,4746,3847413,8535,7757067
2021-09-19 15:00:00,2742,3912511,3157.0,3552773,75.0,297872.0,2817,4210383,3232,3850645,5974,7763041
2021-09-20 15:00:00,3558,3916069,4469.0,3557242,429.0,298301.0,3987,4214370,4898,3855543,8456,7771497
2021-09-21 15:00:00,3809,3919878,4811.0,3562053,326.0,298627.0,4135,4218505,5137,3860680,8946,7780443
2021-09-22 15:00:00,4201,3924079,4753.0,3566806,459.0,299086.0,4660,4223165,5212,3865892,9413,7789856
2021-09-23 15:00:00,4183,3928262,4699.0,3571505,492.0,299578.0,4675,4227840,5191,3871083,9374,7799230
2021-09-24 15:00:00,5089,3933351,5579.0,3577084,422.0,300000.0,5511,4233351,6001,3877084,11090,7810320
2021-09-25 15:00:00,3630,3936981,3624.0,3580708,385.0,300385.0,4015,4237366,4009,3881093,7639,7817959
2021-09-26 15:00:00,2358,3939339,2658.0,3583366,423.0,300808.0,2781,4240147,3081,3884174,5439,7823398
2021-09-27 15:00:00,4515,3943854,2691.0,3586057,509.0,301317.0,5024,4245171,3200,3887374,7715,7831113
2021-09-28 15:00:00,4406,3948260,4439.0,3590496,211.0,301528.0,4617,4249788,4650,3892024,9056,7840169
2021-09-29 15:00:00,4709,3952969,4500.0,3594996,918.0,302446.0,5627,4255415,5418,3897442,10127,7850296
2021-09-30 15:00:00,4889,3957858,4556.0,3599552,792.0,303238.0,5681,4261096,5348,3902790,10237,7860533
2021-10-01 15:00:00,5485,3963343,5293.0,3604845,779.0,304017.0,6264,4267360,6072,3908862,11557,7872090
2021-10-02 15:00:00,2940,3966283,2890.0,3607735,187.0,304204.0,3127,4270487,3077,3911939,6017,7878107
2021-10-03 15:00:00,2082,3968365,2377.0,3610112,86.0,304290.0,2168,4272655,2463,3914402,4545,7882652
2021-10-04 15:00:00,4156,3972521,3370.0,3613482,232.0,304522.0,4388,4277043,3602,3918004,7758,7890410
2021-10-05 15:00:00,4058,3976579,3573.0,3617055,207.0,304729.0,4265,4281308,3780,3921784,7838,7898248
2021-10-06 15:00:00,4123,3980702,3491.0,3620546,264.0,304993.0,4387,4285695,3755,3925539,7878,7906126
2021-10-07 15:00:00,4371,3985073,3509.0,3624055,332.0,305325.0,4703,4290398,3841,3929380,8212,7914338
2021-10-08 15:00:00,4947,3990020,4122.0,3628177,283.0,305608.0,5230,4295628,4405,3933785,9352,7923690
2021-10-09 15:00:00,2687,3992707,2671.0,3630848,270.0,305878.0,2957,4298585,2941,3936726,5628,7929318
2021-10-10 15:00:00,1865,3994572,1847.0,3632695,59.0,305937.0,1924,4300509,1906,3938632,3771,7933089
2021-10-11 15:00:00,4371,3998943,3190.0,3635885,248.0,306185.0,4619,4305128,3438,3942070,7809,7940898
2021-10-12 15:00:00,3729,4002672,3405.0,3639290,270.0,306455.0,3999,4309127,3675,3945745,7404,7948302
2021-10-13 15:00:00,3982,4006654,3444.0,3642734,347.0,306802.0,4329,4313456,3791,3949536,7773,7956075
2021-10-14 15:00:00,5188,4011842,5479.0,3648213,429.0,307231.0,5617,4319073,5908,3955444,11096,7967171
2021-10-15 15:00:00,4732,4016574,4583.0,3652796,347.0,307578.0,5079,4324152,4930,3960374,9662,7976833
2021-10-16 15:00:00,2502,4019076,2504.0,3655300,291.0,307869.0,2793,4326945,2795,3963169,5297,7982130
2021-10-17 15:00:00,1809,4020885,1774.0,3657074,55.0,307924.0,1864,4328809,1829,3964998,3638,7985768
2021-10-18 15:00:00,4311,4025196,3570.0,3660644,267.0,308191.0,4578,4333387,3837,3968835,8148,7993916
2021-10-19 15:00:00,4324,4029520,4033.0,3664677,222.0,308413.0,4546,4337933,4255,3973090,8579,8002495
2021-10-20 15:00:00,3546,4033066,3429.0,3668106,254.0,308667.0,3800,4341733,3683,3976773,7229,8009724
2021-10-21 15:00:00,3311,4036377,3261.0,3671367,290.0,308957.0,3601,4345334,3551,3980324,6862,8016586
2021-10-22 15:00:00,4703,4041080,4042.0,3675409,475.0,309432.0,5178,4350512,4517,3984841,9220,8025806
2021-10-23 15:00:00,2903,4043983,2127.0,3677536,321.0,309753.0,3224,4353736,2448,3987289,5351,8031157
2021-10-24 15:00:00,2062,4046045,1560.0,3679096,78.0,309831.0,2140,4355876,1638,3988927,3700,8034857
2021-10-25 15:00:00,4554,4050599,3116.0,3682212,317.0,310148.0,4871,4360747,3433,3992360,7987,8042844
2021-10-26 15:00:00,4522,4055121,3144.0,3685356,311.0,310459.0,4833,4365580,3455,3995815,7977,8050821
2021-10-27 15:00:00,4746,4059867,3401.0,3688757,429.0,310888.0,5175,4370755,3830,3999645,8576,8059397
2021-10-28 15:00:00,4568,4064435,3432.0,3692189,496.0,311384.0,5064,4375819,3928,4003573,8496,8067893
2021-10-29 15:00:00,4978,4069413,3948.0,3696137,393.0,311777.0,5371,4381190,4341,4007914,9319,8077212
2021-10-30 15:00:00,2633,4072046,1859.0,3697996,308.0,312085.0,2941,4384131,2167,4010081,4800,8082012
2021-10-31 15:00:00,1952,4073998,1518.0,3699514,93.0,312178.0,2045,4386176,1611,4011692,3563,8085575
2021-11-01 15:00:00,4670,4078668,3486.0,3703000,340.0,312518.0,5010,4391186,3826,4015518,8496,8094071
2021-11-02 15:00:00,4256,4082924,3031.0,3706031,406.0,312924.0,4662,4395848,3437,4018955,7693,8101764
2021-11-03 15:00:00,4678,4087602,3131.0,3709162,460.0,313384.0,5138,4400986,3591,4022546,8269,8110033
2021-11-04 15:00:00,6292,4093894,3427.0,3712589,512.0,313896.0,6804,4407790,3939,4026485,10231,8120264
2021-11-05 15:00:00,8208,4102102,3843.0,3716432,408.0,314304.0,8616,4416406,4251,4030736,12459,8132723
2021-11-06 15:00:00,10061,4112163,1993.0,3718425,305.0,314609.0,10366,4426772,2298,4033034,12359,8145082
2021-11-07 15:00:00,7703,4119866,1477.0,3719902,94.0,314703.0,7797,4434569,1571,4034605,9274,8154356
2021-11-08 15:00:00,11287,4131153,3114.0,3723016,379.0,315082.0,11666,4446235,3493,4038098,14780,8169136
2021-11-09 15:00:00,11753,4142906,2737.0,3725753,268.0,315350.0,12021,4458256,3005,4041103,14758,8183894
2021-11-10 15:00:00,12561,4155467,2837.0,3728590,338.0,315688.0,12899,4471155,3175,4044278,15736,8199630
2021-11-11 15:00:00,11325,4166792,2463.0,3731053,281.0,315969.0,11606,4482761,2744,4047022,14069,8213699
2021-11-12 15:00:00,12261,4179053,3443.0,3734496,548.0,316517.0,12809,4495570,3991,4051013,16252,8229951
2021-11-13 15:00:00,9740,4188793,1604.0,3736100,342.0,316859.0,10082,4505652,1946,4052959,11686,8241637
2021-11-14 15:00:00,3917,4192710,1132.0,3737232,121.0,316980.0,4038,4509690,1253,4054212,5170,8246807
2021-11-15 15:00:00,8597,4201307,2622.0,3739854,205.0,317185.0,8802,4518492,2827,4057039,11424,8258231
2021-11-16 15:00:00,9221,4210528,2599.0,3742453,255.0,317440.0,9476,4527968,2854,4059893,12075,8270306
2021-11-17 15:00:00,9374,4219902,2960.0,3745413,312.0,317752.0,9686,4537654,3272,4063165,12646,8282952
2021-11-18 15:00:00,9274,4229176,2711.0,3748124,479.0,318231.0,9753,4547407,3190,4066355,12464,8295416
2021-11-19 15:00:00,9781,4238957,3021.0,3751145,382.0,318613.0,10163,4557570,3403,4069758,13184,8308600
2021-11-20 15:00:00,10625,4249582,1620.0,3752765,453.0,319066.0,11078,4568648,2073,4071831,12698,8321298
2021-11-21 15:00:00,4348,4253930,1208.0,3753973,99.0,319165.0,4447,4573095,1307,4073138,5655,8326953
2021-11-22 15:00:00,9768,4263698,2573.0,3756546,292.0,319457.0,10060,4583155,2865,4076003,12633,8339586
2021-11-23 15:00:00,9172,4272870,2495.0,3759041,280.0,319737.0,9452,4592607,2775,4078778,11947,8351533
2021-11-24 15:00:00,8096,4280966,2544.0,3761585,216.0,319953.0,8312,4600919,2760,4081538,10856,8362389
2021-11-25 15:00:00,238,4281204,77.0,3761662,9.0,319962.0,247,4601166,86,4081624,324,8362713
2021-11-26 15:00:00,5675,4286879,4048.0,3765710,152.0,320114.0,5827,4606993,4200,4085824,9875,8372588
2021-11-27 15:00:00,3785,4290664,5446.0,3771156,134.0,320248.0,3919,4610912,5580,4091404,9365,8381953
2021-11-28 15:00:00,2421,4293085,6365.0,3777521,77.0,320325.0,2498,4613410,6442,4097846,8863,8390816
2021-11-29 15:00:00,6363,4299448,9310.0,3786831,378.0,320703.0,6741,4620151,9688,4107534,16051,8406867
2021-11-30 15:00:00,6207,4305655,9334.0,3796165,264.0,320967.0,6471,4626622,9598,4117132,15805,8422672
2021-12-01 15:00:00,7184,4312839,9610.0,3805775,305.0,321272.0,7489,4634111,9915,4127047,17099,8439771
2021-12-02 15:00:00,6839,4319678,8758.0,3814533,449.0,321721.0,7288,4641399,9207,4136254,16046,8455817
2021-12-03 15:00:00,7506,4327184,9186.0,3823719,247.0,321968.0,7753,4649152,9433,4145687,16939,8472756
2021-12-04 15:00:00,5832,4333016,9558.0,3833277,457.0,322425.0,6289,4655441,10015,4155702,15847,8488603
2021-12-05 15:00:00,3466,4336482,3114.0,3836391,76.0,322501.0,3542,4658983,3190,4158892,6656,8495259
2021-12-06 15:00:00,6558,4343040,6933.0,3843324,275.0,322776.0,6833,4665816,7208,4166100,13766,8509025
2021-12-07 15:00:00,6184,4349224,6713.0,3850037,241.0,323017.0,6425,4672241,6954,4173054,13138,8522163
2021-12-08 15:00:00,6691,4355915,7126.0,3857163,309.0,323326.0,7000,4679241,7435,4180489,14126,8536289
2021-12-09 15:00:00,6275,4362190,6778.0,3863941,397.0,323723.0,6672,4685913,7175,4187664,13450,8549739
2021-12-10 15:00:00,7033,4369223,7138.0,3871079,226.0,323949.0,7259,4693172,7364,4195028,14397,8564136
2021-12-11 15:00:00,4331,4373554,7190.0,3878269,331.0,324280.0,4662,4697834,7521,4202549,11852,8575988
2021-12-12 15:00:00,3986,4377540,2774.0,3881043,60.0,324340.0,4046,4701880,2834,4205383,6820,8582808
2021-12-13 15:00:00,5538,4383078,5603.0,3886646,238.0,324578.0,5776,4707656,5841,4211224,11379,8594187
2021-12-14 15:00:00,6279,4389357,5799.0,3892445,204.0,324782.0,6483,4714139,6003,4217227,12282,8606469
2021-12-15 15:00:00,6902,4396259,5502.0,3897947,245.0,325027.0,7147,4721286,5747,4222974,12649,8619118
2021-12-16 15:00:00,7610,4403869,2768.0,3900715,414.0,325441.0,8024,4729310,3182,4226156,10792,8629910
2021-12-17 15:00:00,7599,4411468,4025.0,3904740,184.0,325625.0,7783,4737093,4209,4230365,11808,8641718
2021-12-18 15:00:00,5689,4417157,3103.0,3907843,294.0,325919.0,5983,4743076,3397,4233762,9086,8650804
2021-12-19 15:00:00,3331,4420488,1290.0,3909133,35.0,325954.0,3366,4746442,1325,4235087,4656,8655460
2021-12-20 15:00:00,7829,4428317,3672.0,3912805,150.0,326104.0,7979,4754421,3822,4238909,11651,8667111
2021-12-21 15:00:00,8722,4437039,4109.0,3916914,158.0,326262.0,8880,4763301,4267,4243176,12989,8680100
2021-12-22 15:00:00,8302,4445341,3773.0,3920687,169.0,326431.0,8471,4771772,3942,4247118,12244,8692344
2021-12-23 15:00:00,8065,4453406,3460.0,3924147,351.0,326782.0,8416,4780188,3811,4250929,11876,8704220
2021-12-24 15:00:00,1565,4454971,986.0,3925133,36.0,326818.0,1601,4781789,1022,4251951,2587,8706807
2021-12-25 15:00:00,47,4455018,36.0,3925169,1.0,326819.0,48,4781837,37,4251988,84,8706891
2021-12-26 15:00:00,2479,4457497,1726.0,3926895,44.0,326863.0,2523,4784360,1770,4253758,4249,8711140
2021-12-27 15:00:00,6997,4464494,3917.0,3930812,293.0,327156.0,7290,4791650,4210,4257968,11207,8722347
2021-12-28 15:00:00,7539,4472033,3673.0,3934485,157.0,327313.0,7696,4799346,3830,4261798,11369,8733716
2021-12-29 15:00:00,7820,4479853,3854.0,3938339,152.0,327465.0,7972,4807318,4006,4265804,11826,8745542
2021-12-30 15:00:00,7066,4486919,3617.0,3941956,280.0,327745.0,7346,4814664,3897,4269701,10963,8756505
2021-12-31 15:00:00,2464,4489383,1457.0,3943413,89.0,327834.0,2553,4817217,1546,4271247,4010,8760515
2022-01-01 15:00:00,664,4490047,319.0,3943732,31.0,327865.0,695,4817912,350,4271597,1014,8761529
2022-01-02 15:00:00,2139,4492186,1590.0,3945322,42.0,327907.0,2181,4820093,1632,4273229,3771,8765300
2022-01-03 15:00:00,3257,4495443,2000.0,3947322,219.0,328126.0,3476,4823569,2219,4275448,5476,8770776
2022-01-04 15:00:00,5571,4501014,3326.0,3950648,160.0,328286.0,5731,4829300,3486,4278934,9057,8779833
2022-01-05 15:00:00,6456,4507470,4479.0,3955127,162.0,328448.0,6618,4835918,4641,4283575,11097,8790930
2022-01-06 15:00:00,6348,4513818,4530.0,3959657,253.0,328701.0,6601,4842519,4783,4288358,11131,8802061
2022-01-07 15:00:00,5516,4519334,3496.0,3963153,150.0,328851.0,5666,4848185,3646,4292004,9162,8811223
2022-01-08 15:00:00,4234,4523568,3580.0,3966733,71.0,328922.0,4305,4852490,3651,4295655,7885,8819108
2022-01-09 15:00:00,2665,4526233,1937.0,3968670,152.0,329074.0,2817,4855307,2089,4297744,4754,8823862
2022-01-10 15:00:00,5587,4531820,3487.0,3972157,132.0,329206.0,5719,4861026,3619,4301363,9206,8833068
2022-01-11 15:00:00,3173,4534993,2293.0,3974450,87.0,329293.0,3260,4864286,2380,4303743,5553,8838621
