VACCINATION_DATE,FirstDailyDose,FirstDoseCumulative,SecondDailyDose,SecondDoseCumulative,SingleDailyDose,SingleDoseCumulative,AtleastOneVaccine,AtleastOneVaccineCumulative,CompletedVax,CompletedVaxCumulative,FirstSecondSingleVaccinations,FirstSecondSingleVaccinationsCumulative
2020-12-14 15:00:00,17,1219,,490,,,17,1219,0,490,17,1601
2020-12-15 15:00:00,56,1275,3.0,493,,,56,1275,3,493,59,1660
2020-12-16 15:00:00,584,1859,3.0,496,,,584,1859,3,496,587,2247
2020-12-17 15:00:00,1151,3010,2.0,498,,,1151,3010,2,498,1153,3400
2020-12-18 15:00:00,3001,6011,12.0,510,,,3001,6011,12,510,3013,6413
2020-12-19 15:00:00,927,6938,5.0,515,,,927,6938,5,515,932,7345
2020-12-20 15:00:00,346,7284,4.0,519,,,346,7284,4,519,350,7695
2020-12-21 15:00:00,3874,11158,25.0,544,,,3874,11158,25,544,3899,11594
2020-12-22 15:00:00,6304,17462,23.0,567,,,6304,17462,23,567,6327,17921
2020-12-23 15:00:00,5765,23227,33.0,600,,,5765,23227,33,600,5798,23719
2020-12-24 15:00:00,2718,25945,14.0,614,,,2718,25945,14,614,2732,26451
2020-12-25 15:00:00,1033,26978,4.0,618,,,1033,26978,4,618,1037,27488
2020-12-26 15:00:00,1875,28853,9.0,627,,,1875,28853,9,627,1884,29372
2020-12-27 15:00:00,1799,30652,10.0,637,,,1799,30652,10,637,1809,31181
2020-12-28 15:00:00,8971,39623,41.0,678,,,8971,39623,41,678,9012,40193
2020-12-29 15:00:00,10946,50569,47.0,725,,,10946,50569,47,725,10993,51186
2020-12-30 15:00:00,12482,63051,75.0,800,,,12482,63051,75,800,12557,63743
2020-12-31 15:00:00,7539,70590,40.0,840,,,7539,70590,40,840,7579,71322
2021-01-01 15:00:00,2876,73466,129.0,969,,,2876,73466,129,969,3005,74327
2021-01-02 15:00:00,3016,76482,34.0,1003,,,3016,76482,34,1003,3050,77377
2021-01-03 15:00:00,3390,79872,80.0,1083,,,3390,79872,80,1083,3470,80847
2021-01-04 15:00:00,13318,93190,320.0,1403,,,13318,93190,320,1403,13638,94485
2021-01-05 15:00:00,12445,105635,531.0,1934,,,12445,105635,531,1934,12976,107461
2021-01-06 15:00:00,15214,120849,850.0,2784,,,15214,120849,850,2784,16064,123525
2021-01-07 15:00:00,14990,135839,1748.0,4532,,,14990,135839,1748,4532,16738,140263
2021-01-08 15:00:00,23972,159811,2755.0,7287,,,23972,159811,2755,7287,26727,166990
2021-01-09 15:00:00,5150,164961,945.0,8232,,,5150,164961,945,8232,6095,173085
2021-01-10 15:00:00,2948,167909,375.0,8607,,,2948,167909,375,8607,3323,176408
2021-01-11 15:00:00,13694,181603,3454.0,12061,,,13694,181603,3454,12061,17148,193556
2021-01-12 15:00:00,17352,198955,5571.0,17632,,,17352,198955,5571,17632,22923,216479
2021-01-13 15:00:00,18571,217526,3893.0,21525,,,18571,217526,3893,21525,22464,238943
2021-01-14 15:00:00,17803,235329,1942.0,23467,,,17803,235329,1942,23467,19745,258688
2021-01-15 15:00:00,19414,254743,2002.0,25469,,,19414,254743,2002,25469,21416,280104
2021-01-16 15:00:00,5802,260545,1602.0,27071,,,5802,260545,1602,27071,7404,287508
2021-01-17 15:00:00,2107,262652,1476.0,28547,,,2107,262652,1476,28547,3583,291091
2021-01-18 15:00:00,7061,269713,3241.0,31788,,,7061,269713,3241,31788,10302,301393
2021-01-19 15:00:00,16909,286622,5381.0,37169,,,16909,286622,5381,37169,22290,323683
2021-01-20 15:00:00,20979,307601,5291.0,42460,,,20979,307601,5291,42460,26270,349953
2021-01-21 15:00:00,23755,331356,3794.0,46254,,,23755,331356,3794,46254,27549,377502
2021-01-22 15:00:00,28637,359993,3711.0,49965,,,28637,359993,3711,49965,32348,409850
2021-01-23 15:00:00,10098,370091,1927.0,51892,,,10098,370091,1927,51892,12025,421875
2021-01-24 15:00:00,3338,373429,1720.0,53612,,,3338,373429,1720,53612,5058,426933
2021-01-25 15:00:00,16287,389716,8572.0,62184,,,16287,389716,8572,62184,24859,451792
2021-01-26 15:00:00,17536,407252,8953.0,71137,,,17536,407252,8953,71137,26489,478281
2021-01-27 15:00:00,24442,431694,12517.0,83654,,,24442,431694,12517,83654,36959,515240
2021-01-28 15:00:00,22643,454337,9288.0,92942,,,22643,454337,9288,92942,31931,547171
2021-01-29 15:00:00,24755,479092,7880.0,100822,,,24755,479092,7880,100822,32635,579806
2021-01-30 15:00:00,17762,496854,2528.0,103350,,,17762,496854,2528,103350,20290,600096
2021-01-31 15:00:00,3752,500606,1343.0,104693,,,3752,500606,1343,104693,5095,605191
2021-02-01 15:00:00,7810,508416,5225.0,109918,,,7810,508416,5225,109918,13035,618226
2021-02-02 15:00:00,12458,520874,13792.0,123710,,,12458,520874,13792,123710,26250,644476
2021-02-03 15:00:00,18216,539090,18084.0,141794,,,18216,539090,18084,141794,36300,680776
2021-02-04 15:00:00,22082,561172,15735.0,157529,,,22082,561172,15735,157529,37817,718593
2021-02-05 15:00:00,20327,581499,17369.0,174898,,,20327,581499,17369,174898,37696,756289
2021-02-06 15:00:00,11306,592805,14445.0,189343,,,11306,592805,14445,189343,25751,782040
2021-02-07 15:00:00,5939,598744,1801.0,191144,,,5939,598744,1801,191144,7740,789780
2021-02-08 15:00:00,12945,611689,12903.0,204047,,,12945,611689,12903,204047,25848,815628
2021-02-09 15:00:00,16616,628305,13833.0,217880,,,16616,628305,13833,217880,30449,846077
2021-02-10 15:00:00,19263,647568,21195.0,239075,,,19263,647568,21195,239075,40458,886535
2021-02-11 15:00:00,22849,670417,17293.0,256368,,,22849,670417,17293,256368,40142,926677
2021-02-12 15:00:00,20362,690779,19588.0,275956,,,20362,690779,19588,275956,39950,966627
2021-02-13 15:00:00,11414,702193,6392.0,282348,,,11414,702193,6392,282348,17806,984433
2021-02-14 15:00:00,7107,709300,2103.0,284451,,,7107,709300,2103,284451,9210,993643
2021-02-15 15:00:00,11739,721039,13294.0,297745,,,11739,721039,13294,297745,25033,1018676
2021-02-16 15:00:00,16581,737620,20982.0,318727,,,16581,737620,20982,318727,37563,1056239
2021-02-17 15:00:00,20640,758260,26349.0,345076,,,20640,758260,26349,345076,46989,1103228
2021-02-18 15:00:00,3189,761449,4606.0,349682,,,3189,761449,4606,349682,7795,1111023
2021-02-19 15:00:00,10243,771692,19902.0,369584,,,10243,771692,19902,369584,30145,1141168
2021-02-20 15:00:00,10295,781987,20256.0,389840,,,10295,781987,20256,389840,30551,1171719
2021-02-21 15:00:00,6158,788145,7625.0,397465,,,6158,788145,7625,397465,13783,1185502
2021-02-22 15:00:00,8016,796161,15449.0,412914,,,8016,796161,15449,412914,23465,1208967
2021-02-23 15:00:00,15512,811673,15940.0,428854,,,15512,811673,15940,428854,31452,1240419
2021-02-24 15:00:00,17919,829592,24730.0,453584,,,17919,829592,24730,453584,42649,1283068
2021-02-25 15:00:00,20379,849971,26525.0,480109,,,20379,849971,26525,480109,46904,1329972
2021-02-26 15:00:00,26694,876665,26172.0,506281,,,26694,876665,26172,506281,52866,1382838
2021-02-27 15:00:00,15982,892647,11122.0,517403,,,15982,892647,11122,517403,27104,1409942
2021-02-28 15:00:00,15489,908136,4863.0,522266,,,15489,908136,4863,522266,20352,1430294
2021-03-01 15:00:00,26471,934607,12465.0,534731,,,26471,934607,12465,534731,38936,1469230
2021-03-02 15:00:00,23863,958470,13240.0,547971,32.0,32.0,23895,958502,13272,548003,37135,1506365
2021-03-03 15:00:00,30125,988595,18357.0,566328,182.0,214.0,30307,988809,18539,566542,48664,1555029
2021-03-04 15:00:00,30934,1019529,18149.0,584477,4065.0,4279.0,34999,1023808,22214,588756,53148,1608177
2021-03-05 15:00:00,29412,1048941,19435.0,603912,4911.0,9190.0,34323,1058131,24346,613102,53758,1661935
2021-03-06 15:00:00,17849,1066790,8958.0,612870,6005.0,15195.0,23854,1081985,14963,628065,32812,1694747
2021-03-07 15:00:00,12107,1078897,4833.0,617703,6613.0,21808.0,18720,1100705,11446,639511,23553,1718300
2021-03-08 15:00:00,25830,1104727,8799.0,626502,8276.0,30084.0,34106,1134811,17075,656586,42905,1761205
2021-03-09 15:00:00,26082,1130809,15422.0,641924,8346.0,38430.0,34428,1169239,23768,680354,49850,1811055
2021-03-10 15:00:00,29813,1160622,15963.0,657887,7936.0,46366.0,37749,1206988,23899,704253,53712,1864767
2021-03-11 15:00:00,35937,1196559,16395.0,674282,3983.0,50349.0,39920,1246908,20378,724631,56315,1921082
2021-03-12 15:00:00,36876,1233435,18048.0,692330,2920.0,53269.0,39796,1286704,20968,745599,57844,1978926
2021-03-13 15:00:00,22645,1256080,10251.0,702581,1621.0,54890.0,24266,1310970,11872,757471,34517,2013443
2021-03-14 15:00:00,17838,1273918,6694.0,709275,999.0,55889.0,18837,1329807,7693,765164,25531,2038974
2021-03-15 15:00:00,29784,1303702,11257.0,720532,593.0,56482.0,30377,1360184,11850,777014,41634,2080608
2021-03-16 15:00:00,33403,1337105,13539.0,734071,766.0,57248.0,34169,1394353,14305,791319,47708,2128316
2021-03-17 15:00:00,37536,1374641,17004.0,751075,1175.0,58423.0,38711,1433064,18179,809498,55715,2184031
2021-03-18 15:00:00,41402,1416043,12592.0,763667,1348.0,59771.0,42750,1475814,13940,823438,55342,2239373
2021-03-19 15:00:00,38286,1454329,15372.0,779039,1036.0,60807.0,39322,1515136,16408,839846,54694,2294067
2021-03-20 15:00:00,24666,1478995,10110.0,789149,699.0,61506.0,25365,1540501,10809,850655,35475,2329542
2021-03-21 15:00:00,19156,1498151,7836.0,796985,334.0,61840.0,19490,1559991,8170,858825,27326,2356868
2021-03-22 15:00:00,32554,1530705,11434.0,808419,834.0,62674.0,33388,1593379,12268,871093,44822,2401690
2021-03-23 15:00:00,37727,1568432,17305.0,825724,1553.0,64227.0,39280,1632659,18858,889951,56585,2458275
2021-03-24 15:00:00,41054,1609486,21143.0,846867,1381.0,65608.0,42435,1675094,22524,912475,63578,2521853
2021-03-25 15:00:00,42322,1651808,21004.0,867871,2457.0,68065.0,44779,1719873,23461,935936,65783,2587636
2021-03-26 15:00:00,36590,1688398,26260.0,894131,2498.0,70563.0,39088,1758961,28758,964694,65348,2652984
2021-03-27 15:00:00,26915,1715313,16772.0,910903,2484.0,73047.0,29399,1788360,19256,983950,46171,2699155
2021-03-28 15:00:00,17005,1732318,12606.0,923509,1615.0,74662.0,18620,1806980,14221,998171,31226,2730381
2021-03-29 15:00:00,29702,1762020,26215.0,949724,1140.0,75802.0,30842,1837822,27355,1025526,57057,2787438
2021-03-30 15:00:00,40016,1802036,28915.0,978639,1856.0,77658.0,41872,1879694,30771,1056297,70787,2858225
2021-03-31 15:00:00,41021,1843057,34597.0,1013236,5749.0,83407.0,46770,1926464,40346,1096643,81367,2939592
2021-04-01 15:00:00,41084,1884141,39876.0,1053112,5664.0,89071.0,46748,1973212,45540,1142183,86624,3026216
2021-04-02 15:00:00,34987,1919128,32490.0,1085602,6119.0,95190.0,41106,2014318,38609,1180792,73596,3099812
2021-04-03 15:00:00,21615,1940743,18661.0,1104263,4367.0,99557.0,25982,2040300,23028,1203820,44643,3144455
2021-04-04 15:00:00,8243,1948986,10173.0,1114436,964.0,100521.0,9207,2049507,11137,1214957,19380,3163835
2021-04-05 15:00:00,27899,1976885,28846.0,1143282,6653.0,107174.0,34552,2084059,35499,1250456,63398,3227233
2021-04-06 15:00:00,39735,2016620,30393.0,1173675,10489.0,117663.0,50224,2134283,40882,1291338,80617,3307850
2021-04-07 15:00:00,36025,2052645,34192.0,1207867,12973.0,130636.0,48998,2183281,47165,1338503,83190,3391040
2021-04-08 15:00:00,42289,2094934,36004.0,1243871,13852.0,144488.0,56141,2239422,49856,1388359,92145,3483185
2021-04-09 15:00:00,34001,2128935,36276.0,1280147,14523.0,159011.0,48524,2287946,50799,1439158,84800,3567985
2021-04-10 15:00:00,23442,2152377,23092.0,1303239,7631.0,166642.0,31073,2319019,30723,1469881,54165,3622150
2021-04-11 15:00:00,17550,2169927,13265.0,1316504,10122.0,176764.0,27672,2346691,23387,1493268,40937,3663087
2021-04-12 15:00:00,24571,2194498,33125.0,1349629,10895.0,187659.0,35466,2382157,44020,1537288,68591,3731678
2021-04-13 15:00:00,126766,2321264,90566.0,1440195,3293.0,190952.0,130059,2512216,93859,1631147,220625,3952303
2021-04-14 15:00:00,40677,2361941,37753.0,1477948,210.0,191162.0,40887,2553103,37963,1669110,78640,4030943
2021-04-15 15:00:00,41666,2403607,39154.0,1517102,172.0,191334.0,41838,2594941,39326,1708436,80992,4111935
2021-04-16 15:00:00,37191,2440798,38721.0,1555823,23.0,191357.0,37214,2632155,38744,1747180,75935,4187870
2021-04-17 15:00:00,32775,2473573,21984.0,1577807,12.0,191369.0,32787,2664942,21996,1769176,54771,4242641
2021-04-18 15:00:00,20058,2493631,16171.0,1593978,5.0,191374.0,20063,2685005,16176,1785352,36234,4278875
2021-04-19 15:00:00,29881,2523512,36475.0,1630453,61.0,191435.0,29942,2714947,36536,1821888,66417,4345292
2021-04-20 15:00:00,33095,2556607,44173.0,1674626,56.0,191491.0,33151,2748098,44229,1866117,77324,4422616
2021-04-21 15:00:00,39794,2596401,46961.0,1721587,22.0,191513.0,39816,2787914,46983,1913100,86777,4509393
2021-04-22 15:00:00,36398,2632799,42013.0,1763600,16.0,191529.0,36414,2824328,42029,1955129,78427,4587820
2021-04-23 15:00:00,33111,2665910,40058.0,1803658,14.0,191543.0,33125,2857453,40072,1995201,73183,4661003
2021-04-24 15:00:00,26398,2692308,27836.0,1831494,81.0,191624.0,26479,2883932,27917,2023118,54315,4715318
2021-04-25 15:00:00,20212,2712520,10930.0,1842424,31.0,191655.0,20243,2904175,10961,2034079,31173,4746491
2021-04-26 15:00:00,27414,2739934,32644.0,1875068,202.0,191857.0,27616,2931791,32846,2066925,60260,4806751
2021-04-27 15:00:00,26686,2766620,32998.0,1908066,1098.0,192955.0,27784,2959575,34096,2101021,60782,4867533
2021-04-28 15:00:00,28923,2795543,39462.0,1947528,1362.0,194317.0,30285,2989860,40824,2141845,69747,4937280
2021-04-29 15:00:00,27294,2822837,39408.0,1986936,1466.0,195783.0,28760,3018620,40874,2182719,68168,5005448
2021-04-30 15:00:00,28189,2851026,32162.0,2019098,1646.0,197429.0,29835,3048455,33808,2216527,61997,5067445
2021-05-01 15:00:00,20510,2871536,26466.0,2045564,1034.0,198463.0,21544,3069999,27500,2244027,48010,5115455
2021-05-02 15:00:00,10277,2881813,17014.0,2062578,820.0,199283.0,11097,3081096,17834,2261861,28111,5143566
2021-05-03 15:00:00,12744,2894557,28507.0,2091085,1912.0,201195.0,14656,3095752,30419,2292280,43163,5186729
2021-05-04 15:00:00,13564,2908121,38526.0,2129611,1736.0,202931.0,15300,3111052,40262,2332542,53826,5240555
2021-05-05 15:00:00,19324,2927445,37681.0,2167292,1920.0,204851.0,21244,3132296,39601,2372143,58925,5299480
2021-05-06 15:00:00,16923,2944368,40540.0,2207832,1721.0,206572.0,18644,3150940,42261,2414404,59184,5358664
2021-05-07 15:00:00,17415,2961783,36020.0,2243852,1958.0,208530.0,19373,3170313,37978,2452382,55393,5414057
2021-05-08 15:00:00,10784,2972567,31198.0,2275050,1292.0,209822.0,12076,3182389,32490,2484872,43274,5457331
2021-05-09 15:00:00,5052,2977619,11906.0,2286956,695.0,210517.0,5747,3188136,12601,2497473,17653,5474984
2021-05-10 15:00:00,8951,2986570,31012.0,2317968,1359.0,211876.0,10310,3198446,32371,2529844,41322,5516306
2021-05-11 15:00:00,12186,2998756,30244.0,2348212,1437.0,213313.0,13623,3212069,31681,2561525,43867,5560173
2021-05-12 15:00:00,13945,3012701,38554.0,2386766,1919.0,215232.0,15864,3227933,40473,2601998,54418,5614591
2021-05-13 15:00:00,21849,3034550,33422.0,2420188,1347.0,216579.0,23196,3251129,34769,2636767,56618,5671209
2021-05-14 15:00:00,24348,3058898,29977.0,2450165,1774.0,218353.0,26122,3277251,31751,2668518,56099,5727308
2021-05-15 15:00:00,21901,3080799,25065.0,2475230,1490.0,219843.0,23391,3300642,26555,2695073,48456,5775764
2021-05-16 15:00:00,9077,3089876,17552.0,2492782,1113.0,220956.0,10190,3310832,18665,2713738,27742,5803506
2021-05-17 15:00:00,16842,3106718,28359.0,2521141,1949.0,222905.0,18791,3329623,30308,2744046,47150,5850656
2021-05-18 15:00:00,21243,3127961,30642.0,2551783,1941.0,224846.0,23184,3352807,32583,2776629,53826,5904482
2021-05-19 15:00:00,27617,3155578,32383.0,2584166,1626.0,226472.0,29243,3382050,34009,2810638,61626,5966108
2021-05-20 15:00:00,20792,3176370,33204.0,2617370,1970.0,228442.0,22762,3404812,35174,2845812,55966,6022074
2021-05-21 15:00:00,19157,3195527,30251.0,2647621,1607.0,230049.0,20764,3425576,31858,2877670,51015,6073089
2021-05-22 15:00:00,16915,3212442,20652.0,2668273,1270.0,231319.0,18185,3443761,21922,2899592,38837,6111926
2021-05-23 15:00:00,8752,3221194,11423.0,2679696,964.0,232283.0,9716,3453477,12387,2911979,21139,6133065
2021-05-24 15:00:00,13561,3234755,17733.0,2697429,1475.0,233758.0,15036,3468513,19208,2931187,32769,6165834
2021-05-25 15:00:00,12992,3247747,18656.0,2716085,1329.0,235087.0,14321,3482834,19985,2951172,32977,6198811
2021-05-26 15:00:00,18281,3266028,19435.0,2735520,1512.0,236599.0,19793,3502627,20947,2972119,39228,6238039
2021-05-27 15:00:00,11682,3277710,18628.0,2754148,1116.0,237715.0,12798,3515425,19744,2991863,31426,6269465
2021-05-28 15:00:00,12500,3290210,19708.0,2773856,1400.0,239115.0,13900,3529325,21108,3012971,33608,6303073
2021-05-29 15:00:00,9551,3299761,11638.0,2785494,935.0,240050.0,10486,3539811,12573,3025544,22124,6325197
2021-05-30 15:00:00,4964,3304725,6416.0,2791910,596.0,240646.0,5560,3545371,7012,3032556,11976,6337173
2021-05-31 15:00:00,1774,3306499,3704.0,2795614,305.0,240951.0,2079,3547450,4009,3036565,5783,6342956
2021-06-01 15:00:00,9780,3316279,16342.0,2811956,1153.0,242104.0,10933,3558383,17495,3054060,27275,6370231
2021-06-02 15:00:00,10228,3326507,16775.0,2828731,959.0,243063.0,11187,3569570,17734,3071794,27962,6398193
2021-06-03 15:00:00,7898,3334405,21150.0,2849881,1086.0,244149.0,8984,3578554,22236,3094030,30134,6428327
2021-06-04 15:00:00,8201,3342606,22261.0,2872142,1121.0,245270.0,9322,3587876,23382,3117412,31583,6459910
2021-06-05 15:00:00,7014,3349620,19410.0,2891552,720.0,245990.0,7734,3595610,20130,3137542,27144,6487054
2021-06-06 15:00:00,3464,3353084,7223.0,2898775,423.0,246413.0,3887,3599497,7646,3145188,11110,6498164
2021-06-07 15:00:00,6854,3359938,15735.0,2914510,725.0,247138.0,7579,3607076,16460,3161648,23314,6521478
2021-06-08 15:00:00,6670,3366608,19669.0,2934179,829.0,247967.0,7499,3614575,20498,3182146,27168,6548646
2021-06-09 15:00:00,8193,3374801,23909.0,2958088,969.0,248936.0,9162,3623737,24878,3207024,33071,6581717
2021-06-10 15:00:00,7147,3381948,19087.0,2977175,895.0,249831.0,8042,3631779,19982,3227006,27129,6608846
2021-06-11 15:00:00,7466,3389414,17698.0,2994873,1125.0,250956.0,8591,3640370,18823,3245829,26289,6635135
2021-06-12 15:00:00,5229,3394643,14737.0,3009610,604.0,251560.0,5833,3646203,15341,3261170,20570,6655705
2021-06-13 15:00:00,1931,3396574,7557.0,3017167,427.0,251987.0,2358,3648561,7984,3269154,9915,6665620
2021-06-14 15:00:00,5654,3402228,11803.0,3028970,734.0,252721.0,6388,3654949,12537,3281691,18191,6683811
2021-06-15 15:00:00,5650,3407878,14298.0,3043268,872.0,253593.0,6522,3661471,15170,3296861,20820,6704631
2021-06-16 15:00:00,8747,3416625,21556.0,3064824,757.0,254350.0,9504,3670975,22313,3319174,31060,6735691
2021-06-17 15:00:00,6681,3423306,12343.0,3077167,720.0,255070.0,7401,3678376,13063,3332237,19744,6755435
2021-06-18 15:00:00,6834,3430140,12699.0,3089866,702.0,255772.0,7536,3685912,13401,3345638,20235,6775670
2021-06-19 15:00:00,4662,3434802,9354.0,3099220,613.0,256385.0,5275,3691187,9967,3355605,14629,6790299
2021-06-20 15:00:00,2505,3437307,5037.0,3104257,378.0,256763.0,2883,3694070,5415,3361020,7920,6798219
2021-06-21 15:00:00,5555,3442862,5318.0,3109575,636.0,257399.0,6191,3700261,5954,3366974,11509,6809728
2021-06-22 15:00:00,5195,3448057,8849.0,3118424,682.0,258081.0,5877,3706138,9531,3376505,14726,6824454
2021-06-23 15:00:00,6063,3454120,10300.0,3128724,646.0,258727.0,6709,3712847,10946,3387451,17009,6841463
2021-06-24 15:00:00,5928,3460048,8183.0,3136907,594.0,259321.0,6522,3719369,8777,3396228,14705,6856168
2021-06-25 15:00:00,5827,3465875,8619.0,3145526,620.0,259941.0,6447,3725816,9239,3405467,15066,6871234
2021-06-26 15:00:00,3700,3469575,6293.0,3151819,396.0,260337.0,4096,3729912,6689,3412156,10389,6881623
2021-06-27 15:00:00,2810,3472385,3516.0,3155335,185.0,260522.0,2995,3732907,3701,3415857,6511,6888134
2021-06-28 15:00:00,4733,3477118,6084.0,3161419,523.0,261045.0,5256,3738163,6607,3422464,11340,6899474
2021-06-29 15:00:00,5057,3482175,6450.0,3167869,519.0,261564.0,5576,3743739,6969,3429433,12026,6911500
2021-06-30 15:00:00,5607,3487782,7366.0,3175235,605.0,262169.0,6212,3749951,7971,3437404,13578,6925078
2021-07-01 15:00:00,5353,3493135,6923.0,3182158,495.0,262664.0,5848,3755799,7418,3444822,12771,6937849
2021-07-02 15:00:00,5282,3498417,6816.0,3188974,521.0,263185.0,5803,3761602,7337,3452159,12619,6950468
2021-07-03 15:00:00,3262,3501679,4053.0,3193027,265.0,263450.0,3527,3765129,4318,3456477,7580,6958048
2021-07-04 15:00:00,492,3502171,545.0,3193572,67.0,263517.0,559,3765688,612,3457089,1104,6959152
2021-07-05 15:00:00,3758,3505929,3945.0,3197517,287.0,263804.0,4045,3769733,4232,3461321,7990,6967142
2021-07-06 15:00:00,4479,3510408,6234.0,3203751,452.0,264256.0,4931,3774664,6686,3468007,11165,6978307
2021-07-07 15:00:00,4460,3514868,6382.0,3210133,482.0,264738.0,4942,3779606,6864,3474871,11324,6989631
2021-07-08 15:00:00,4828,3519696,6142.0,3216275,564.0,265302.0,5392,3784998,6706,3481577,11534,7001165
2021-07-09 15:00:00,5347,3525043,6632.0,3222907,572.0,265874.0,5919,3790917,7204,3488781,12551,7013716
2021-07-10 15:00:00,3523,3528566,4386.0,3227293,302.0,266176.0,3825,3794742,4688,3493469,8211,7021927
2021-07-11 15:00:00,2669,3531235,2564.0,3229857,224.0,266400.0,2893,3797635,2788,3496257,5457,7027384
2021-07-12 15:00:00,4414,3535649,5099.0,3234956,377.0,266777.0,4791,3802426,5476,3501733,9890,7037274
2021-07-13 15:00:00,4761,3540410,4594.0,3239550,366.0,267143.0,5127,3807553,4960,3506693,9721,7046995
2021-07-14 15:00:00,4610,3545020,5250.0,3244800,421.0,267564.0,5031,3812584,5671,3512364,10281,7057276
2021-07-15 15:00:00,4885,3549905,4990.0,3249790,357.0,267921.0,5242,3817826,5347,3517711,10232,7067508
2021-07-16 15:00:00,6279,3556184,5813.0,3255603,401.0,268322.0,6680,3824506,6214,3523925,12493,7080001
2021-07-17 15:00:00,3408,3559592,3541.0,3259144,300.0,268622.0,3708,3828214,3841,3527766,7249,7087250
2021-07-18 15:00:00,2305,3561897,2370.0,3261514,110.0,268732.0,2415,3830629,2480,3530246,4785,7092035
2021-07-19 15:00:00,5255,3567152,4469.0,3265983,379.0,269111.0,5634,3836263,4848,3535094,10103,7102138
2021-07-20 15:00:00,5328,3572480,4685.0,3270668,366.0,269477.0,5694,3841957,5051,3540145,10379,7112517
2021-07-21 15:00:00,5636,3578116,4912.0,3275580,415.0,269892.0,6051,3848008,5327,3545472,10963,7123480
2021-07-22 15:00:00,6014,3584130,4603.0,3280183,469.0,270361.0,6483,3854491,5072,3550544,11086,7134566
2021-07-23 15:00:00,6833,3590963,4819.0,3285002,491.0,270852.0,7324,3861815,5310,3555854,12143,7146709
2021-07-24 15:00:00,4278,3595241,3194.0,3288196,267.0,271119.0,4545,3866360,3461,3559315,7739,7154448
2021-07-25 15:00:00,3290,3598531,1111.0,3289307,138.0,271257.0,3428,3869788,1249,3560564,4539,7158987
2021-07-26 15:00:00,6197,3604728,3887.0,3293194,418.0,271675.0,6615,3876403,4305,3564869,10502,7169489
2021-07-27 15:00:00,6347,3611075,4052.0,3297246,455.0,272130.0,6802,3883205,4507,3569376,10854,7180343
2021-07-28 15:00:00,6802,3617877,3998.0,3301244,458.0,272588.0,7260,3890465,4456,3573832,11258,7191601
2021-07-29 15:00:00,6800,3624677,4140.0,3305384,416.0,273004.0,7216,3897681,4556,3578388,11356,7202957
2021-07-30 15:00:00,7537,3632214,4508.0,3309892,523.0,273527.0,8060,3905741,5031,3583419,12568,7215525
2021-07-31 15:00:00,4781,3636995,3037.0,3312929,273.0,273800.0,5054,3910795,3310,3586729,8091,7223616
2021-08-01 15:00:00,3827,3640822,2118.0,3315047,160.0,273960.0,3987,3914782,2278,3589007,6105,7229721
2021-08-02 15:00:00,7021,3647843,3636.0,3318683,336.0,274296.0,7357,3922139,3972,3592979,10993,7240714
2021-08-03 15:00:00,6999,3654842,3894.0,3322577,511.0,274807.0,7510,3929649,4405,3597384,11404,7252118
2021-08-04 15:00:00,7157,3661999,3893.0,3326470,528.0,275335.0,7685,3937334,4421,3601805,11578,7263696
2021-08-05 15:00:00,7678,3669677,4110.0,3330580,537.0,275872.0,8215,3945549,4647,3606452,12325,7276021
2021-08-06 15:00:00,8293,3677970,4689.0,3335269,452.0,276324.0,8745,3954294,5141,3611593,13434,7289455
2021-08-07 15:00:00,5255,3683225,2802.0,3338071,264.0,276588.0,5519,3959813,3066,3614659,8321,7297776
2021-08-08 15:00:00,3944,3687169,2042.0,3340113,143.0,276731.0,4087,3963900,2185,3616844,6129,7303905
2021-08-09 15:00:00,6919,3694088,4509.0,3344622,367.0,277098.0,7286,3971186,4876,3621720,11795,7315700
2021-08-10 15:00:00,7120,3701208,4439.0,3349061,338.0,277436.0,7458,3978644,4777,3626497,11897,7327597
2021-08-11 15:00:00,7042,3708250,4417.0,3353478,440.0,277876.0,7482,3986126,4857,3631354,11899,7339496
2021-08-12 15:00:00,8588,3716838,4717.0,3358195,443.0,278319.0,9031,3995157,5160,3636514,13748,7353244
2021-08-13 15:00:00,7129,3723967,5352.0,3363547,394.0,278713.0,7523,4002680,5746,3642260,12875,7366119
2021-08-14 15:00:00,4910,3728877,3338.0,3366885,285.0,278998.0,5195,4007875,3623,3645883,8533,7374652
2021-08-15 15:00:00,3319,3732196,2729.0,3369614,163.0,279161.0,3482,4011357,2892,3648775,6211,7380863
2021-08-16 15:00:00,5428,3737624,5069.0,3374683,352.0,279513.0,5780,4017137,5421,3654196,10849,7391712
2021-08-17 15:00:00,6957,3744581,5174.0,3379857,389.0,279902.0,7346,4024483,5563,3659759,12520,7404232
2021-08-18 15:00:00,6498,3751079,5291.0,3385148,477.0,280379.0,6975,4031458,5768,3665527,12266,7416498
2021-08-19 15:00:00,5985,3757064,5314.0,3390462,415.0,280794.0,6400,4037858,5729,3671256,11714,7428212
2021-08-20 15:00:00,7029,3764093,6321.0,3396783,402.0,281196.0,7431,4045289,6723,3677979,13752,7441964
2021-08-21 15:00:00,4317,3768410,3912.0,3400695,227.0,281423.0,4544,4049833,4139,3682118,8456,7450420
2021-08-22 15:00:00,3060,3771470,3157.0,3403852,109.0,281532.0,3169,4053002,3266,3685384,6326,7456746
2021-08-23 15:00:00,6166,3777636,5915.0,3409767,285.0,281817.0,6451,4059453,6200,3691584,12366,7469112
2021-08-24 15:00:00,6646,3784282,5865.0,3415632,424.0,282241.0,7070,4066523,6289,3697873,12935,7482047
2021-08-25 15:00:00,6912,3791194,6013.0,3421645,439.0,282680.0,7351,4073874,6452,3704325,13364,7495411
2021-08-26 15:00:00,7179,3798373,6426.0,3428071,427.0,283107.0,7606,4081480,6853,3711178,14032,7509443
2021-08-27 15:00:00,6868,3805241,7011.0,3435082,317.0,283424.0,7185,4088665,7328,3718506,14196,7523639
2021-08-28 15:00:00,6906,3812147,6494.0,3441576,325.0,283749.0,7231,4095896,6819,3725325,13725,7537364
2021-08-29 15:00:00,3736,3815883,3677.0,3445253,611.0,284360.0,4347,4100243,4288,3729613,8024,7545388
2021-08-30 15:00:00,5942,3821825,6091.0,3451344,960.0,285320.0,6902,4107145,7051,3736664,12993,7558381
2021-08-31 15:00:00,5700,3827525,5914.0,3457258,945.0,286265.0,6645,4113790,6859,3743523,12559,7570940
2021-09-01 15:00:00,5559,3833084,5586.0,3462844,910.0,287175.0,6469,4120259,6496,3750019,12055,7582995
2021-09-02 15:00:00,5525,3838609,5895.0,3468739,703.0,287878.0,6228,4126487,6598,3756617,12123,7595118
2021-09-03 15:00:00,6000,3844609,6880.0,3475619,971.0,288849.0,6971,4133458,7851,3764468,13851,7608969
2021-09-04 15:00:00,3716,3848325,4333.0,3479952,879.0,289728.0,4595,4138053,5212,3769680,8928,7617897
2021-09-05 15:00:00,2956,3851281,2800.0,3482752,105.0,289833.0,3061,4141114,2905,3772585,5861,7623758
2021-09-06 15:00:00,1057,3852338,1147.0,3483899,63.0,289896.0,1120,4142234,1210,3773795,2267,7626025
2021-09-07 15:00:00,5344,3857682,7256.0,3491155,2304.0,292200.0,7648,4149882,9560,3783355,14904,7640929
2021-09-08 15:00:00,4663,3862345,5438.0,3496593,365.0,292565.0,5028,4154910,5803,3789158,10466,7651395
2021-09-09 15:00:00,5084,3867429,5355.0,3501948,324.0,292889.0,5408,4160318,5679,3794837,10763,7662158
2021-09-10 15:00:00,6544,3873973,6594.0,3508542,1716.0,294605.0,8260,4168578,8310,3803147,14854,7677012
2021-09-11 15:00:00,4167,3878140,4320.0,3512862,663.0,295268.0,4830,4173408,4983,3808130,9150,7686162
2021-09-12 15:00:00,3162,3881302,3229.0,3516091,436.0,295704.0,3598,4177006,3665,3811795,6827,7692989
2021-09-13 15:00:00,4669,3885971,4843.0,3520934,346.0,296050.0,5015,4182021,5189,3816984,9858,7702847
2021-09-14 15:00:00,4585,3890556,5190.0,3526124,434.0,296484.0,5019,4187040,5624,3822608,10209,7713056
2021-09-15 15:00:00,4849,3895405,5604.0,3531728,388.0,296872.0,5237,4192277,5992,3828600,10841,7723897
2021-09-16 15:00:00,4587,3899992,5613.0,3537341,335.0,297207.0,4922,4197199,5948,3834548,10535,7734432
2021-09-17 15:00:00,5042,3905034,6332.0,3543673,342.0,297549.0,5384,4202583,6674,3841222,11716,7746148
2021-09-18 15:00:00,3788,3908822,4559.0,3548232,185.0,297734.0,3973,4206556,4744,3845966,8532,7754680
2021-09-19 15:00:00,2742,3911564,3157.0,3551389,75.0,297809.0,2817,4209373,3232,3849198,5974,7760654
2021-09-20 15:00:00,3559,3915123,4467.0,3555856,430.0,298239.0,3989,4213362,4897,3854095,8456,7769110
2021-09-21 15:00:00,3808,3918931,4811.0,3560667,326.0,298565.0,4134,4217496,5137,3859232,8945,7778055
2021-09-22 15:00:00,4199,3923130,4750.0,3565417,459.0,299024.0,4658,4222154,5209,3864441,9408,7787463
2021-09-23 15:00:00,4183,3927313,4693.0,3570110,492.0,299516.0,4675,4226829,5185,3869626,9368,7796831
2021-09-24 15:00:00,5092,3932405,5576.0,3575686,422.0,299938.0,5514,4232343,5998,3875624,11090,7807921
2021-09-25 15:00:00,3628,3936033,3624.0,3579310,385.0,300323.0,4013,4236356,4009,3879633,7637,7815558
2021-09-26 15:00:00,2360,3938393,2657.0,3581967,423.0,300746.0,2783,4239139,3080,3882713,5440,7820998
2021-09-27 15:00:00,4517,3942910,2690.0,3584657,509.0,301255.0,5026,4244165,3199,3885912,7716,7828714
2021-09-28 15:00:00,4408,3947318,4440.0,3589097,211.0,301466.0,4619,4248784,4651,3890563,9059,7837773
2021-09-29 15:00:00,4710,3952028,4500.0,3593597,918.0,302384.0,5628,4254412,5418,3895981,10128,7847901
2021-09-30 15:00:00,4889,3956917,4555.0,3598152,792.0,303176.0,5681,4260093,5347,3901328,10236,7858137
2021-10-01 15:00:00,5480,3962397,5287.0,3603439,778.0,303954.0,6258,4266351,6065,3907393,11545,7869682
2021-10-02 15:00:00,2939,3965336,2889.0,3606328,187.0,304141.0,3126,4269477,3076,3910469,6015,7875697
2021-10-03 15:00:00,2082,3967418,2376.0,3608704,86.0,304227.0,2168,4271645,2462,3912931,4544,7880241
2021-10-04 15:00:00,4154,3971572,3371.0,3612075,233.0,304460.0,4387,4276032,3604,3916535,7758,7887999
2021-10-05 15:00:00,4059,3975631,3570.0,3615645,207.0,304667.0,4266,4280298,3777,3920312,7836,7895835
2021-10-06 15:00:00,4125,3979756,3490.0,3619135,264.0,304931.0,4389,4284687,3754,3924066,7879,7903714
2021-10-07 15:00:00,4370,3984126,3507.0,3622642,331.0,305262.0,4701,4289388,3838,3927904,8208,7911922
2021-10-08 15:00:00,4950,3989076,4122.0,3626764,283.0,305545.0,5233,4294621,4405,3932309,9355,7921277
2021-10-09 15:00:00,2688,3991764,2671.0,3629435,271.0,305816.0,2959,4297580,2942,3935251,5630,7926907
2021-10-10 15:00:00,1865,3993629,1844.0,3631279,59.0,305875.0,1924,4299504,1903,3937154,3768,7930675
2021-10-11 15:00:00,4372,3998001,3191.0,3634470,248.0,306123.0,4620,4304124,3439,3940593,7811,7938486
2021-10-12 15:00:00,3727,4001728,3402.0,3637872,270.0,306393.0,3997,4308121,3672,3944265,7399,7945885
2021-10-13 15:00:00,3983,4005711,3444.0,3641316,347.0,306740.0,4330,4312451,3791,3948056,7774,7953659
2021-10-14 15:00:00,5189,4010900,5475.0,3646791,429.0,307169.0,5618,4318069,5904,3953960,11093,7964752
2021-10-15 15:00:00,4735,4015635,4582.0,3651373,347.0,307516.0,5082,4323151,4929,3958889,9664,7974416
2021-10-16 15:00:00,2504,4018139,2501.0,3653874,291.0,307807.0,2795,4325946,2792,3961681,5296,7979712
2021-10-17 15:00:00,1810,4019949,1773.0,3655647,55.0,307862.0,1865,4327811,1828,3963509,3638,7983350
2021-10-18 15:00:00,4312,4024261,3570.0,3659217,267.0,308129.0,4579,4332390,3837,3967346,8149,7991499
2021-10-19 15:00:00,4322,4028583,4033.0,3663250,222.0,308351.0,4544,4336934,4255,3971601,8577,8000076
2021-10-20 15:00:00,3541,4032124,3423.0,3666673,254.0,308605.0,3795,4340729,3677,3975278,7218,8007294
2021-10-21 15:00:00,3312,4035436,3258.0,3669931,290.0,308895.0,3602,4344331,3548,3978826,6860,8014154
2021-10-22 15:00:00,4701,4040137,4039.0,3673970,475.0,309370.0,5176,4349507,4514,3983340,9215,8023369
2021-10-23 15:00:00,2905,4043042,2126.0,3676096,321.0,309691.0,3226,4352733,2447,3985787,5352,8028721
2021-10-24 15:00:00,2062,4045104,1559.0,3677655,78.0,309769.0,2140,4354873,1637,3987424,3699,8032420
2021-10-25 15:00:00,4553,4049657,3115.0,3680770,317.0,310086.0,4870,4359743,3432,3990856,7985,8040405
2021-10-26 15:00:00,4522,4054179,3146.0,3683916,311.0,310397.0,4833,4364576,3457,3994313,7979,8048384
2021-10-27 15:00:00,4744,4058923,3398.0,3687314,429.0,310826.0,5173,4369749,3827,3998140,8571,8056955
2021-10-28 15:00:00,4570,4063493,3432.0,3690746,495.0,311321.0,5065,4374814,3927,4002067,8497,8065452
2021-10-29 15:00:00,4983,4068476,3945.0,3694691,393.0,311714.0,5376,4380190,4338,4006405,9321,8074773
2021-10-30 15:00:00,2631,4071107,1859.0,3696550,308.0,312022.0,2939,4383129,2167,4008572,4798,8079571
2021-10-31 15:00:00,1952,4073059,1515.0,3698065,93.0,312115.0,2045,4385174,1608,4010180,3560,8083131
2021-11-01 15:00:00,4655,4077714,3479.0,3701544,339.0,312454.0,4994,4390168,3818,4013998,8473,8091604
2021-11-02 15:00:00,4253,4081967,3028.0,3704572,405.0,312859.0,4658,4394826,3433,4017431,7686,8099290
2021-11-03 15:00:00,4670,4086637,3134.0,3707706,460.0,313319.0,5130,4399956,3594,4021025,8264,8107554
2021-11-04 15:00:00,6244,4092881,3424.0,3711130,513.0,313832.0,6757,4406713,3937,4024962,10181,8117735
2021-11-05 15:00:00,8183,4101064,3842.0,3714972,407.0,314239.0,8590,4415303,4249,4029211,12432,8130167
2021-11-06 15:00:00,10056,4111120,1993.0,3716965,305.0,314544.0,10361,4425664,2298,4031509,12354,8142521
2021-11-07 15:00:00,7747,4118867,1428.0,3718393,94.0,314638.0,7841,4433505,1522,4033031,9269,8151790
2021-11-08 15:00:00,11284,4130151,3111.0,3721504,377.0,315015.0,11661,4445166,3488,4036519,14772,8166562
2021-11-09 15:00:00,11769,4141920,2715.0,3724219,268.0,315283.0,12037,4457203,2983,4039502,14752,8181314
2021-11-10 15:00:00,12561,4154481,2834.0,3727053,336.0,315619.0,12897,4470100,3170,4042672,15731,8197045
2021-11-11 15:00:00,11321,4165802,2464.0,3729517,281.0,315900.0,11602,4481702,2745,4045417,14066,8211111
2021-11-12 15:00:00,12252,4178054,3443.0,3732960,548.0,316448.0,12800,4494502,3991,4049408,16243,8227354
2021-11-13 15:00:00,9737,4187791,1605.0,3734565,341.0,316789.0,10078,4504580,1946,4051354,11683,8239037
2021-11-14 15:00:00,3915,4191706,1132.0,3735697,121.0,316910.0,4036,4508616,1253,4052607,5168,8244205
2021-11-15 15:00:00,8593,4200299,2620.0,3738317,205.0,317115.0,8798,4517414,2825,4055432,11418,8255623
2021-11-16 15:00:00,9218,4209517,2599.0,3740916,254.0,317369.0,9472,4526886,2853,4058285,12071,8267694
2021-11-17 15:00:00,9368,4218885,2961.0,3743877,312.0,317681.0,9680,4536566,3273,4061558,12641,8280335
2021-11-18 15:00:00,9268,4228153,2709.0,3746586,480.0,318161.0,9748,4546314,3189,4064747,12457,8292792
2021-11-19 15:00:00,9780,4237933,3017.0,3749603,383.0,318544.0,10163,4556477,3400,4068147,13180,8305972
2021-11-20 15:00:00,10624,4248557,1619.0,3751222,453.0,318997.0,11077,4567554,2072,4070219,12696,8318668
2021-11-21 15:00:00,4352,4252909,1207.0,3752429,99.0,319096.0,4451,4572005,1306,4071525,5658,8324326
2021-11-22 15:00:00,9769,4262678,2571.0,3755000,292.0,319388.0,10061,4582066,2863,4074388,12632,8336958
2021-11-23 15:00:00,9166,4271844,2496.0,3757496,280.0,319668.0,9446,4591512,2776,4077164,11942,8348900
2021-11-24 15:00:00,8098,4279942,2543.0,3760039,216.0,319884.0,8314,4599826,2759,4079923,10857,8359757
2021-11-25 15:00:00,238,4280180,77.0,3760116,9.0,319893.0,247,4600073,86,4080009,324,8360081
2021-11-26 15:00:00,5678,4285858,4063.0,3764179,152.0,320045.0,5830,4605903,4215,4084224,9893,8369974
2021-11-27 15:00:00,3780,4289638,5448.0,3769627,134.0,320179.0,3914,4609817,5582,4089806,9362,8379336
2021-11-28 15:00:00,2424,4292062,6361.0,3775988,77.0,320256.0,2501,4612318,6438,4096244,8862,8388198
2021-11-29 15:00:00,6365,4298427,9315.0,3785303,379.0,320635.0,6744,4619062,9694,4105938,16059,8404257
2021-11-30 15:00:00,6179,4304606,9336.0,3794639,264.0,320899.0,6443,4625505,9600,4115538,15779,8420036
2021-12-01 15:00:00,7162,4311768,9599.0,3804238,305.0,321204.0,7467,4632972,9904,4125442,17066,8437102
2021-12-02 15:00:00,6812,4318580,8746.0,3812984,447.0,321651.0,7259,4640231,9193,4134635,16005,8453107
2021-12-03 15:00:00,7440,4326020,9007.0,3821991,247.0,321898.0,7687,4647918,9254,4143889,16694,8469801
2021-12-04 15:00:00,5831,4331851,9547.0,3831538,455.0,322353.0,6286,4654204,10002,4153891,15833,8485634
2021-12-05 15:00:00,3359,4335210,3067.0,3834605,74.0,322427.0,3433,4657637,3141,4157032,6500,8492134
2021-12-06 15:00:00,6488,4341698,6925.0,3841530,266.0,322693.0,6754,4664391,7191,4164223,13679,8505813
2021-12-07 15:00:00,6134,4347832,6690.0,3848220,240.0,322933.0,6374,4670765,6930,4171153,13064,8518877
2021-12-08 15:00:00,6654,4354486,7105.0,3855325,309.0,323242.0,6963,4677728,7414,4178567,14068,8532945
2021-12-09 15:00:00,6219,4360705,6746.0,3862071,394.0,323636.0,6613,4684341,7140,4185707,13359,8546304
2021-12-10 15:00:00,6918,4367623,6987.0,3869058,226.0,323862.0,7144,4691485,7213,4192920,14131,8560435
2021-12-11 15:00:00,4242,4371865,7128.0,3876186,331.0,324193.0,4573,4696058,7459,4200379,11701,8572136
2021-12-12 15:00:00,3937,4375802,2759.0,3878945,57.0,324250.0,3994,4700052,2816,4203195,6753,8578889
2021-12-13 15:00:00,5499,4381301,5583.0,3884528,235.0,324485.0,5734,4705786,5818,4209013,11317,8590206
2021-12-14 15:00:00,6192,4387493,5766.0,3890294,203.0,324688.0,6395,4712181,5969,4214982,12161,8602367
2021-12-15 15:00:00,6796,4394289,5464.0,3895758,239.0,324927.0,7035,4719216,5703,4220685,12499,8614866
2021-12-16 15:00:00,7502,4401791,2744.0,3898502,412.0,325339.0,7914,4727130,3156,4223841,10658,8625524
2021-12-17 15:00:00,7429,4409220,3978.0,3902480,173.0,325512.0,7602,4734732,4151,4227992,11580,8637104
2021-12-18 15:00:00,5594,4414814,3062.0,3905542,294.0,325806.0,5888,4740620,3356,4231348,8950,8646054
2021-12-19 15:00:00,3287,4418101,1279.0,3906821,35.0,325841.0,3322,4743942,1314,4232662,4601,8650655
2021-12-20 15:00:00,7762,4425863,3656.0,3910477,149.0,325990.0,7911,4751853,3805,4236467,11567,8662222
2021-12-21 15:00:00,8563,4434426,4065.0,3914542,158.0,326148.0,8721,4760574,4223,4240690,12786,8675008
2021-12-22 15:00:00,8171,4442597,3700.0,3918242,169.0,326317.0,8340,4768914,3869,4244559,12040,8687048
2021-12-23 15:00:00,7896,4450493,3365.0,3921607,346.0,326663.0,8242,4777156,3711,4248270,11607,8698655
2021-12-24 15:00:00,1494,4451987,964.0,3922571,34.0,326697.0,1528,4778684,998,4249268,2492,8701147
2021-12-25 15:00:00,42,4452029,36.0,3922607,1.0,326698.0,43,4778727,37,4249305,79,8701226
2021-12-26 15:00:00,2371,4454400,1609.0,3924216,39.0,326737.0,2410,4781137,1648,4250953,4019,8705245
2021-12-27 15:00:00,6780,4461180,3769.0,3927985,289.0,327026.0,7069,4788206,4058,4255011,10838,8716083
2021-12-28 15:00:00,7264,4468444,3517.0,3931502,150.0,327176.0,7414,4795620,3667,4258678,10931,8727014
2021-12-29 15:00:00,7528,4475972,3710.0,3935212,147.0,327323.0,7675,4803295,3857,4262535,11385,8738399
2021-12-30 15:00:00,6583,4482555,3286.0,3938498,270.0,327593.0,6853,4810148,3556,4266091,10139,8748538
2021-12-31 15:00:00,2205,4484760,1358.0,3939856,78.0,327671.0,2283,4812431,1436,4267527,3641,8752179
2022-01-01 15:00:00,502,4485262,231.0,3940087,26.0,327697.0,528,4812959,257,4267784,759,8752938
2022-01-02 15:00:00,900,4486162,752.0,3940839,28.0,327725.0,928,4813887,780,4268564,1680,8754618
