VACCINATION_DATE,FirstDailyDose,FirstDoseCumulative,SecondDailyDose,SecondDoseCumulative,SingleDailyDose,SingleDoseCumulative,AtleastOneVaccine,AtleastOneVaccineCumulative,CompletedVax,CompletedVaxCumulative,FirstSecondSingleVaccinations,FirstSecondSingleVaccinationsCumulative
2020-12-14 15:00:00,19,1327,,514,,,19,1327,0,514,19,1737
2020-12-15 15:00:00,59,1386,3.0,517,,,59,1386,3,517,62,1799
2020-12-16 15:00:00,587,1973,5.0,522,,,587,1973,5,522,592,2391
2020-12-17 15:00:00,1154,3127,5.0,527,,,1154,3127,5,527,1159,3550
2020-12-18 15:00:00,3010,6137,13.0,540,,,3010,6137,13,540,3023,6573
2020-12-19 15:00:00,928,7065,5.0,545,,,928,7065,5,545,933,7506
2020-12-20 15:00:00,360,7425,5.0,550,,,360,7425,5,550,365,7871
2020-12-21 15:00:00,3883,11308,26.0,576,,,3883,11308,26,576,3909,11780
2020-12-22 15:00:00,6318,17626,25.0,601,,,6318,17626,25,601,6343,18123
2020-12-23 15:00:00,5773,23399,35.0,636,,,5773,23399,35,636,5808,23931
2020-12-24 15:00:00,2722,26121,16.0,652,,,2722,26121,16,652,2738,26669
2020-12-25 15:00:00,1034,27155,4.0,656,,,1034,27155,4,656,1038,27707
2020-12-26 15:00:00,1881,29036,9.0,665,,,1881,29036,9,665,1890,29597
2020-12-27 15:00:00,1803,30839,10.0,675,,,1803,30839,10,675,1813,31410
2020-12-28 15:00:00,8979,39818,47.0,722,,,8979,39818,47,722,9026,40436
2020-12-29 15:00:00,10957,50775,50.0,772,,,10957,50775,50,772,11007,51443
2020-12-30 15:00:00,12484,63259,87.0,859,,,12484,63259,87,859,12571,64014
2020-12-31 15:00:00,7550,70809,45.0,904,,,7550,70809,45,904,7595,71609
2021-01-01 15:00:00,3181,73990,136.0,1040,,,3181,73990,136,1040,3317,74926
2021-01-02 15:00:00,3035,77025,34.0,1074,,,3035,77025,34,1074,3069,77995
2021-01-03 15:00:00,3403,80428,81.0,1155,,,3403,80428,81,1155,3484,81479
2021-01-04 15:00:00,13349,93777,331.0,1486,,,13349,93777,331,1486,13680,95159
2021-01-05 15:00:00,12463,106240,542.0,2028,,,12463,106240,542,2028,13005,108164
2021-01-06 15:00:00,15240,121480,858.0,2886,,,15240,121480,858,2886,16098,124262
2021-01-07 15:00:00,15013,136493,1761.0,4647,,,15013,136493,1761,4647,16774,141036
2021-01-08 15:00:00,24003,160496,2773.0,7420,,,24003,160496,2773,7420,26776,167812
2021-01-09 15:00:00,5162,165658,951.0,8371,,,5162,165658,951,8371,6113,173925
2021-01-10 15:00:00,2964,168622,380.0,8751,,,2964,168622,380,8751,3344,177269
2021-01-11 15:00:00,13711,182333,3465.0,12216,,,13711,182333,3465,12216,17176,194445
2021-01-12 15:00:00,17376,199709,5586.0,17802,,,17376,199709,5586,17802,22962,217407
2021-01-13 15:00:00,18600,218309,3909.0,21711,,,18600,218309,3909,21711,22509,239916
2021-01-14 15:00:00,17835,236144,1957.0,23668,,,17835,236144,1957,23668,19792,259708
2021-01-15 15:00:00,19455,255599,2023.0,25691,,,19455,255599,2023,25691,21478,281186
2021-01-16 15:00:00,5819,261418,1612.0,27303,,,5819,261418,1612,27303,7431,288617
2021-01-17 15:00:00,2117,263535,1478.0,28781,,,2117,263535,1478,28781,3595,292212
2021-01-18 15:00:00,7069,270604,3256.0,32037,,,7069,270604,3256,32037,10325,302537
2021-01-19 15:00:00,16933,287537,5398.0,37435,,,16933,287537,5398,37435,22331,324868
2021-01-20 15:00:00,20994,308531,5316.0,42751,,,20994,308531,5316,42751,26310,351178
2021-01-21 15:00:00,23785,332316,3831.0,46582,,,23785,332316,3831,46582,27616,378794
2021-01-22 15:00:00,28650,360966,3740.0,50322,,,28650,360966,3740,50322,32390,411184
2021-01-23 15:00:00,10112,371078,1934.0,52256,,,10112,371078,1934,52256,12046,423230
2021-01-24 15:00:00,3349,374427,1722.0,53978,,,3349,374427,1722,53978,5071,428301
2021-01-25 15:00:00,16299,390726,8593.0,62571,,,16299,390726,8593,62571,24892,453193
2021-01-26 15:00:00,17549,408275,8965.0,71536,,,17549,408275,8965,71536,26514,479707
2021-01-27 15:00:00,24434,432709,12539.0,84075,,,24434,432709,12539,84075,36973,516680
2021-01-28 15:00:00,22646,455355,9318.0,93393,,,22646,455355,9318,93393,31964,548644
2021-01-29 15:00:00,24767,480122,7918.0,101311,,,24767,480122,7918,101311,32685,581329
2021-01-30 15:00:00,17771,497893,2550.0,103861,,,17771,497893,2550,103861,20321,601650
2021-01-31 15:00:00,3760,501653,1360.0,105221,,,3760,501653,1360,105221,5120,606770
2021-02-01 15:00:00,8046,509699,5329.0,110550,,,8046,509699,5329,110550,13375,620145
2021-02-02 15:00:00,12483,522182,13818.0,124368,,,12483,522182,13818,124368,26301,646446
2021-02-03 15:00:00,18242,540424,18116.0,142484,,,18242,540424,18116,142484,36358,682804
2021-02-04 15:00:00,22106,562530,15765.0,158249,,,22106,562530,15765,158249,37871,720675
2021-02-05 15:00:00,20337,582867,17404.0,175653,,,20337,582867,17404,175653,37741,758416
2021-02-06 15:00:00,11317,594184,14463.0,190116,,,11317,594184,14463,190116,25780,784196
2021-02-07 15:00:00,5946,600130,1831.0,191947,,,5946,600130,1831,191947,7777,791973
2021-02-08 15:00:00,12966,613096,12913.0,204860,,,12966,613096,12913,204860,25879,817852
2021-02-09 15:00:00,16642,629738,13862.0,218722,,,16642,629738,13862,218722,30504,848356
2021-02-10 15:00:00,19276,649014,21223.0,239945,,,19276,649014,21223,239945,40499,888855
2021-02-11 15:00:00,22839,671853,17329.0,257274,,,22839,671853,17329,257274,40168,929023
2021-02-12 15:00:00,20385,692238,19607.0,276881,,,20385,692238,19607,276881,39992,969015
2021-02-13 15:00:00,11435,703673,6411.0,283292,,,11435,703673,6411,283292,17846,986861
2021-02-14 15:00:00,7107,710780,2119.0,285411,,,7107,710780,2119,285411,9226,996087
2021-02-15 15:00:00,11757,722537,13320.0,298731,,,11757,722537,13320,298731,25077,1021164
2021-02-16 15:00:00,16597,739134,21003.0,319734,,,16597,739134,21003,319734,37600,1058764
2021-02-17 15:00:00,20649,759783,26363.0,346097,,,20649,759783,26363,346097,47012,1105776
2021-02-18 15:00:00,3194,762977,4615.0,350712,,,3194,762977,4615,350712,7809,1113585
2021-02-19 15:00:00,10254,773231,19919.0,370631,,,10254,773231,19919,370631,30173,1143758
2021-02-20 15:00:00,10307,783538,20276.0,390907,,,10307,783538,20276,390907,30583,1174341
2021-02-21 15:00:00,6169,789707,7638.0,398545,,,6169,789707,7638,398545,13807,1188148
2021-02-22 15:00:00,8031,797738,15465.0,414010,,,8031,797738,15465,414010,23496,1211644
2021-02-23 15:00:00,15517,813255,15971.0,429981,,,15517,813255,15971,429981,31488,1243132
2021-02-24 15:00:00,17939,831194,24739.0,454720,,,17939,831194,24739,454720,42678,1285810
2021-02-25 15:00:00,20390,851584,26547.0,481267,,,20390,851584,26547,481267,46937,1332747
2021-02-26 15:00:00,26714,878298,26198.0,507465,,,26714,878298,26198,507465,52912,1385659
2021-02-27 15:00:00,15999,894297,11150.0,518615,,,15999,894297,11150,518615,27149,1412808
2021-02-28 15:00:00,15497,909794,4872.0,523487,,,15497,909794,4872,523487,20369,1433177
2021-03-01 15:00:00,26866,936660,12576.0,536063,,,26866,936660,12576,536063,39442,1472619
2021-03-02 15:00:00,23904,960564,13263.0,549326,33.0,33.0,23937,960597,13296,549359,37200,1509819
2021-03-03 15:00:00,30177,990741,18384.0,567710,186.0,219.0,30363,990960,18570,567929,48747,1558566
2021-03-04 15:00:00,30950,1021691,18180.0,585890,4067.0,4286.0,35017,1025977,22247,590176,53197,1611763
2021-03-05 15:00:00,30007,1051698,19706.0,605596,4910.0,9196.0,34917,1060894,24616,614792,54623,1666386
2021-03-06 15:00:00,18905,1070603,9500.0,615096,6006.0,15202.0,24911,1085805,15506,630298,34411,1700797
2021-03-07 15:00:00,12117,1082720,4848.0,619944,6613.0,21815.0,18730,1104535,11461,641759,23578,1724375
2021-03-08 15:00:00,25865,1108585,8831.0,628775,8277.0,30092.0,34142,1138677,17108,658867,42973,1767348
2021-03-09 15:00:00,26111,1134696,15458.0,644233,8348.0,38440.0,34459,1173136,23806,682673,49917,1817265
2021-03-10 15:00:00,29842,1164538,15984.0,660217,7939.0,46379.0,37781,1210917,23923,706596,53765,1871030
2021-03-11 15:00:00,35976,1200514,16395.0,676612,3980.0,50359.0,39956,1250873,20375,726971,56351,1927381
2021-03-12 15:00:00,36901,1237415,18084.0,694696,2923.0,53282.0,39824,1290697,21007,747978,57908,1985289
2021-03-13 15:00:00,22656,1260071,10276.0,704972,1626.0,54908.0,24282,1314979,11902,759880,34558,2019847
2021-03-14 15:00:00,17833,1277904,6712.0,711684,1004.0,55912.0,18837,1333816,7716,767596,25549,2045396
2021-03-15 15:00:00,29808,1307712,11291.0,722975,596.0,56508.0,30404,1364220,11887,779483,41695,2087091
2021-03-16 15:00:00,33408,1341120,13564.0,736539,769.0,57277.0,34177,1398397,14333,793816,47741,2134832
2021-03-17 15:00:00,37554,1378674,17035.0,753574,1181.0,58458.0,38735,1437132,18216,812032,55770,2190602
2021-03-18 15:00:00,41431,1420105,12631.0,766205,1348.0,59806.0,42779,1479911,13979,826011,55410,2246012
2021-03-19 15:00:00,38327,1458432,15414.0,781619,1036.0,60842.0,39363,1519274,16450,842461,54777,2300789
2021-03-20 15:00:00,24689,1483121,10146.0,791765,702.0,61544.0,25391,1544665,10848,853309,35537,2336326
2021-03-21 15:00:00,19168,1502289,7867.0,799632,336.0,61880.0,19504,1564169,8203,861512,27371,2363697
2021-03-22 15:00:00,32583,1534872,11465.0,811097,835.0,62715.0,33418,1597587,12300,873812,44883,2408580
2021-03-23 15:00:00,38415,1573287,17785.0,828882,1554.0,64269.0,39969,1637556,19339,893151,57754,2466334
2021-03-24 15:00:00,41071,1614358,21193.0,850075,1386.0,65655.0,42457,1680013,22579,915730,63650,2529984
2021-03-25 15:00:00,42865,1657223,21672.0,871747,2458.0,68113.0,45323,1725336,24130,939860,66995,2596979
2021-03-26 15:00:00,36335,1693558,26660.0,898407,2496.0,70609.0,38831,1764167,29156,969016,65491,2662470
2021-03-27 15:00:00,26459,1720017,17273.0,915680,2490.0,73099.0,28949,1793116,19763,988779,46222,2708692
2021-03-28 15:00:00,17005,1737022,12630.0,928310,1616.0,74715.0,18621,1811737,14246,1003025,31251,2739943
2021-03-29 15:00:00,29712,1766734,26269.0,954579,1140.0,75855.0,30852,1842589,27409,1030434,57121,2797064
2021-03-30 15:00:00,40040,1806774,28974.0,983553,1860.0,77715.0,41900,1884489,30834,1061268,70874,2867938
2021-03-31 15:00:00,41031,1847805,34668.0,1018221,5748.0,83463.0,46779,1931268,40416,1101684,81447,2949385
2021-04-01 15:00:00,42247,1890052,40953.0,1059174,5723.0,89186.0,47970,1979238,46676,1148360,88923,3038308
2021-04-02 15:00:00,34903,1924955,32650.0,1091824,6121.0,95307.0,41024,2020262,38771,1187131,73674,3111982
2021-04-03 15:00:00,21128,1946083,19178.0,1111002,4385.0,99692.0,25513,2045775,23563,1210694,44691,3156673
2021-04-04 15:00:00,8265,1954348,10182.0,1121184,967.0,100659.0,9232,2055007,11149,1221843,19414,3176087
2021-04-05 15:00:00,27932,1982280,28889.0,1150073,6652.0,107311.0,34584,2089591,35541,1257384,63473,3239560
2021-04-06 15:00:00,39755,2022035,30423.0,1180496,10488.0,117799.0,50243,2139834,40911,1298295,80666,3320226
2021-04-07 15:00:00,36059,2058094,34252.0,1214748,12982.0,130781.0,49041,2188875,47234,1345529,83293,3403519
2021-04-08 15:00:00,42278,2100372,36075.0,1250823,13864.0,144645.0,56142,2245017,49939,1395468,92217,3495736
2021-04-09 15:00:00,34041,2134413,36305.0,1287128,14520.0,159165.0,48561,2293578,50825,1446293,84866,3580602
2021-04-10 15:00:00,23454,2157867,23116.0,1310244,7642.0,166807.0,31096,2324674,30758,1477051,54212,3634814
2021-04-11 15:00:00,17558,2175425,13273.0,1323517,10122.0,176929.0,27680,2352354,23395,1500446,40953,3675767
2021-04-12 15:00:00,24593,2200018,33144.0,1356661,10897.0,187826.0,35490,2387844,44041,1544487,68634,3744401
2021-04-13 15:00:00,126176,2326194,91213.0,1447874,3292.0,191118.0,129468,2517312,94505,1638992,220681,3965082
2021-04-14 15:00:00,40702,2366896,37787.0,1485661,211.0,191329.0,40913,2558225,37998,1676990,78700,4043782
2021-04-15 15:00:00,41409,2408305,39504.0,1525165,174.0,191503.0,41583,2599808,39678,1716668,81087,4124869
2021-04-16 15:00:00,37144,2445449,38825.0,1563990,23.0,191526.0,37167,2636975,38848,1755516,75992,4200861
2021-04-17 15:00:00,32792,2478241,22016.0,1586006,12.0,191538.0,32804,2669779,22028,1777544,54820,4255681
2021-04-18 15:00:00,20066,2498307,16187.0,1602193,5.0,191543.0,20071,2689850,16192,1793736,36258,4291939
2021-04-19 15:00:00,29868,2528175,36533.0,1638726,61.0,191604.0,29929,2719779,36594,1830330,66462,4358401
2021-04-20 15:00:00,32917,2561092,44416.0,1683142,57.0,191661.0,32974,2752753,44473,1874803,77390,4435791
2021-04-21 15:00:00,39803,2600895,47022.0,1730164,25.0,191686.0,39828,2792581,47047,1921850,86850,4522641
2021-04-22 15:00:00,35809,2636704,42632.0,1772796,16.0,191702.0,35825,2828406,42648,1964498,78457,4601098
2021-04-23 15:00:00,33121,2669825,40115.0,1812911,14.0,191716.0,33135,2861541,40129,2004627,73250,4674348
2021-04-24 15:00:00,26400,2696225,27870.0,1840781,81.0,191797.0,26481,2888022,27951,2032578,54351,4728699
2021-04-25 15:00:00,20226,2716451,10957.0,1851738,31.0,191828.0,20257,2908279,10988,2043566,31214,4759913
2021-04-26 15:00:00,27398,2743849,32690.0,1884428,202.0,192030.0,27600,2935879,32892,2076458,60290,4820203
2021-04-27 15:00:00,26694,2770543,33042.0,1917470,1098.0,193128.0,27792,2963671,34140,2110598,60834,4881037
2021-04-28 15:00:00,28926,2799469,39500.0,1956970,1362.0,194490.0,30288,2993959,40862,2151460,69788,4950825
2021-04-29 15:00:00,27083,2826552,39683.0,1996653,1463.0,195953.0,28546,3022505,41146,2192606,68229,5019054
2021-04-30 15:00:00,28201,2854753,32246.0,2028899,1647.0,197600.0,29848,3052353,33893,2226499,62094,5081148
2021-05-01 15:00:00,20614,2875367,26618.0,2055517,1045.0,198645.0,21659,3074012,27663,2254162,48277,5129425
2021-05-02 15:00:00,10282,2885649,17033.0,2072550,822.0,199467.0,11104,3085116,17855,2272017,28137,5157562
2021-05-03 15:00:00,12750,2898399,28561.0,2101111,1915.0,201382.0,14665,3099781,30476,2302493,43226,5200788
2021-05-04 15:00:00,13568,2911967,38574.0,2139685,1737.0,203119.0,15305,3115086,40311,2342804,53879,5254667
2021-05-05 15:00:00,19321,2931288,37725.0,2177410,1921.0,205040.0,21242,3136328,39646,2382450,58967,5313634
2021-05-06 15:00:00,16918,2948206,40571.0,2217981,1720.0,206760.0,18638,3154966,42291,2424741,59209,5372843
2021-05-07 15:00:00,17580,2965786,36986.0,2254967,1957.0,208717.0,19537,3174503,38943,2463684,56523,5429366
2021-05-08 15:00:00,10784,2976570,31214.0,2286181,1291.0,210008.0,12075,3186578,32505,2496189,43289,5472655
2021-05-09 15:00:00,5078,2981648,12234.0,2298415,695.0,210703.0,5773,3192351,12929,2509118,18007,5490662
2021-05-10 15:00:00,8954,2990602,31037.0,2329452,1362.0,212065.0,10316,3202667,32399,2541517,41353,5532015
2021-05-11 15:00:00,12183,3002785,30262.0,2359714,1440.0,213505.0,13623,3216290,31702,2573219,43885,5575900
2021-05-12 15:00:00,13948,3016733,38561.0,2398275,1919.0,215424.0,15867,3232157,40480,2613699,54428,5630328
2021-05-13 15:00:00,21858,3038591,33438.0,2431713,1345.0,216769.0,23203,3255360,34783,2648482,56641,5686969
2021-05-14 15:00:00,24367,3062958,30016.0,2461729,1775.0,218544.0,26142,3281502,31791,2680273,56158,5743127
2021-05-15 15:00:00,21915,3084873,25096.0,2486825,1490.0,220034.0,23405,3304907,26586,2706859,48501,5791628
2021-05-16 15:00:00,9081,3093954,17575.0,2504400,1113.0,221147.0,10194,3315101,18688,2725547,27769,5819397
2021-05-17 15:00:00,16839,3110793,28372.0,2532772,1949.0,223096.0,18788,3333889,30321,2755868,47160,5866557
2021-05-18 15:00:00,21245,3132038,30667.0,2563439,1942.0,225038.0,23187,3357076,32609,2788477,53854,5920411
2021-05-19 15:00:00,27631,3159669,32403.0,2595842,1628.0,226666.0,29259,3386335,34031,2822508,61662,5982073
2021-05-20 15:00:00,20801,3180470,33238.0,2629080,1966.0,228632.0,22767,3409102,35204,2857712,56005,6038078
2021-05-21 15:00:00,19155,3199625,30320.0,2659400,1607.0,230239.0,20762,3429864,31927,2889639,51082,6089160
2021-05-22 15:00:00,16926,3216551,20660.0,2680060,1270.0,231509.0,18196,3448060,21930,2911569,38856,6128016
2021-05-23 15:00:00,8759,3225310,11433.0,2691493,964.0,232473.0,9723,3457783,12397,2923966,21156,6149172
2021-05-24 15:00:00,13559,3238869,17755.0,2709248,1473.0,233946.0,15032,3472815,19228,2943194,32787,6181959
2021-05-25 15:00:00,13061,3251930,18706.0,2727954,1329.0,235275.0,14390,3487205,20035,2963229,33096,6215055
2021-05-26 15:00:00,18301,3270231,19482.0,2747436,1511.0,236786.0,19812,3507017,20993,2984222,39294,6254349
2021-05-27 15:00:00,11684,3281915,18640.0,2766076,1116.0,237902.0,12800,3519817,19756,3003978,31440,6285789
2021-05-28 15:00:00,12406,3294321,19831.0,2785907,1399.0,239301.0,13805,3533622,21230,3025208,33636,6319425
2021-05-29 15:00:00,9548,3303869,11663.0,2797570,935.0,240236.0,10483,3544105,12598,3037806,22146,6341571
2021-05-30 15:00:00,4965,3308834,6422.0,2803992,595.0,240831.0,5560,3549665,7017,3044823,11982,6353553
2021-05-31 15:00:00,1777,3310611,3712.0,2807704,305.0,241136.0,2082,3551747,4017,3048840,5794,6359347
2021-06-01 15:00:00,9827,3320438,16407.0,2824111,1157.0,242293.0,10984,3562731,17564,3066404,27391,6386738
2021-06-02 15:00:00,10230,3330668,16798.0,2840909,959.0,243252.0,11189,3573920,17757,3084161,27987,6414725
2021-06-03 15:00:00,7892,3338560,21175.0,2862084,1086.0,244338.0,8978,3582898,22261,3106422,30153,6444878
2021-06-04 15:00:00,8167,3346727,22328.0,2884412,1120.0,245458.0,9287,3592185,23448,3129870,31615,6476493
2021-06-05 15:00:00,7003,3353730,19452.0,2903864,720.0,246178.0,7723,3599908,20172,3150042,27175,6503668
2021-06-06 15:00:00,3459,3357189,7234.0,2911098,423.0,246601.0,3882,3603790,7657,3157699,11116,6514784
2021-06-07 15:00:00,6848,3364037,15749.0,2926847,726.0,247327.0,7574,3611364,16475,3174174,23323,6538107
2021-06-08 15:00:00,6669,3370706,19688.0,2946535,830.0,248157.0,7499,3618863,20518,3194692,27187,6565294
2021-06-09 15:00:00,8194,3378900,23923.0,2970458,970.0,249127.0,9164,3628027,24893,3219585,33087,6598381
2021-06-10 15:00:00,7144,3386044,19106.0,2989564,894.0,250021.0,8038,3636065,20000,3239585,27144,6625525
2021-06-11 15:00:00,7474,3393518,17702.0,3007266,1125.0,251146.0,8599,3644664,18827,3258412,26301,6651826
2021-06-12 15:00:00,5230,3398748,14748.0,3022014,605.0,251751.0,5835,3650499,15353,3273765,20583,6672409
2021-06-13 15:00:00,1930,3400678,7565.0,3029579,427.0,252178.0,2357,3652856,7992,3281757,9922,6682331
2021-06-14 15:00:00,5657,3406335,11802.0,3041381,734.0,252912.0,6391,3659247,12536,3294293,18193,6700524
2021-06-15 15:00:00,5631,3411966,14322.0,3055703,873.0,253785.0,6504,3665751,15195,3309488,20826,6721350
2021-06-16 15:00:00,8752,3420718,21566.0,3077269,757.0,254542.0,9509,3675260,22323,3331811,31075,6752425
2021-06-17 15:00:00,6681,3427399,12352.0,3089621,720.0,255262.0,7401,3682661,13072,3344883,19753,6772178
2021-06-18 15:00:00,6831,3434230,12727.0,3102348,703.0,255965.0,7534,3690195,13430,3358313,20261,6792439
2021-06-19 15:00:00,4659,3438889,9362.0,3111710,614.0,256579.0,5273,3695468,9976,3368289,14635,6807074
2021-06-20 15:00:00,2505,3441394,5048.0,3116758,377.0,256956.0,2882,3698350,5425,3373714,7930,6815004
2021-06-21 15:00:00,5557,3446951,5330.0,3122088,635.0,257591.0,6192,3704542,5965,3379679,11522,6826526
2021-06-22 15:00:00,5345,3452296,9039.0,3131127,692.0,258283.0,6037,3710579,9731,3389410,15076,6841602
2021-06-23 15:00:00,6061,3458357,10313.0,3141440,646.0,258929.0,6707,3717286,10959,3400369,17020,6858622
2021-06-24 15:00:00,5930,3464287,8189.0,3149629,595.0,259524.0,6525,3723811,8784,3409153,14714,6873336
2021-06-25 15:00:00,5804,3470091,8647.0,3158276,620.0,260144.0,6424,3730235,9267,3418420,15071,6888407
2021-06-26 15:00:00,3699,3473790,6297.0,3164573,396.0,260540.0,4095,3734330,6693,3425113,10392,6898799
2021-06-27 15:00:00,2808,3476598,3518.0,3168091,185.0,260725.0,2993,3737323,3703,3428816,6511,6905310
2021-06-28 15:00:00,4914,3481512,6374.0,3174465,539.0,261264.0,5453,3742776,6913,3435729,11827,6917137
2021-06-29 15:00:00,5059,3486571,6462.0,3180927,520.0,261784.0,5579,3748355,6982,3442711,12041,6929178
2021-06-30 15:00:00,5616,3492187,7377.0,3188304,605.0,262389.0,6221,3754576,7982,3450693,13598,6942776
2021-07-01 15:00:00,5398,3497585,6961.0,3195265,498.0,262887.0,5896,3760472,7459,3458152,12857,6955633
2021-07-02 15:00:00,5285,3502870,6825.0,3202090,523.0,263410.0,5808,3766280,7348,3465500,12633,6968266
2021-07-03 15:00:00,3266,3506136,4059.0,3206149,264.0,263674.0,3530,3769810,4323,3469823,7589,6975855
2021-07-04 15:00:00,492,3506628,544.0,3206693,67.0,263741.0,559,3770369,611,3470434,1103,6976958
2021-07-05 15:00:00,3760,3510388,3950.0,3210643,287.0,264028.0,4047,3774416,4237,3474671,7997,6984955
2021-07-06 15:00:00,4489,3514877,6254.0,3216897,452.0,264480.0,4941,3779357,6706,3481377,11195,6996150
2021-07-07 15:00:00,4466,3519343,6400.0,3223297,482.0,264962.0,4948,3784305,6882,3488259,11348,7007498
2021-07-08 15:00:00,4830,3524173,6153.0,3229450,563.0,265525.0,5393,3789698,6716,3494975,11546,7019044
2021-07-09 15:00:00,5356,3529529,6649.0,3236099,572.0,266097.0,5928,3795626,7221,3502196,12577,7031621
2021-07-10 15:00:00,3526,3533055,4384.0,3240483,302.0,266399.0,3828,3799454,4686,3506882,8212,7039833
2021-07-11 15:00:00,2674,3535729,2563.0,3243046,225.0,266624.0,2899,3802353,2788,3509670,5462,7045295
2021-07-12 15:00:00,4408,3540137,5108.0,3248154,378.0,267002.0,4786,3807139,5486,3515156,9894,7055189
2021-07-13 15:00:00,4657,3544794,4714.0,3252868,366.0,267368.0,5023,3812162,5080,3520236,9737,7064926
2021-07-14 15:00:00,4610,3549404,5267.0,3258135,421.0,267789.0,5031,3817193,5688,3525924,10298,7075224
2021-07-15 15:00:00,4895,3554299,5006.0,3263141,358.0,268147.0,5253,3822446,5364,3531288,10259,7085483
2021-07-16 15:00:00,6272,3560571,5827.0,3268968,402.0,268549.0,6674,3829120,6229,3537517,12501,7097984
2021-07-17 15:00:00,3413,3563984,3544.0,3272512,299.0,268848.0,3712,3832832,3843,3541360,7256,7105240
2021-07-18 15:00:00,2306,3566290,2370.0,3274882,110.0,268958.0,2416,3835248,2480,3543840,4786,7110026
2021-07-19 15:00:00,5130,3571420,4604.0,3279486,379.0,269337.0,5509,3840757,4983,3548823,10113,7120139
2021-07-20 15:00:00,5312,3576732,4704.0,3284190,366.0,269703.0,5678,3846435,5070,3553893,10382,7130521
2021-07-21 15:00:00,5635,3582367,4922.0,3289112,416.0,270119.0,6051,3852486,5338,3559231,10973,7141494
2021-07-22 15:00:00,6009,3588376,4617.0,3293729,469.0,270588.0,6478,3858964,5086,3564317,11095,7152589
2021-07-23 15:00:00,6828,3595204,4826.0,3298555,493.0,271081.0,7321,3866285,5319,3569636,12147,7164736
2021-07-24 15:00:00,4278,3599482,3195.0,3301750,267.0,271348.0,4545,3870830,3462,3573098,7740,7172476
2021-07-25 15:00:00,3290,3602772,1111.0,3302861,138.0,271486.0,3428,3874258,1249,3574347,4539,7177015
2021-07-26 15:00:00,6199,3608971,3892.0,3306753,419.0,271905.0,6618,3880876,4311,3578658,10510,7187525
2021-07-27 15:00:00,6587,3615558,4264.0,3311017,457.0,272362.0,7044,3887920,4721,3583379,11308,7198833
2021-07-28 15:00:00,7063,3622621,4129.0,3315146,460.0,272822.0,7523,3895443,4589,3587968,11652,7210485
2021-07-29 15:00:00,7057,3629678,4289.0,3319435,419.0,273241.0,7476,3902919,4708,3592676,11765,7222250
2021-07-30 15:00:00,7797,3637475,4784.0,3324219,525.0,273766.0,8322,3911241,5309,3597985,13106,7235356
2021-07-31 15:00:00,4789,3642264,3056.0,3327275,273.0,274039.0,5062,3916303,3329,3601314,8118,7243474
2021-08-01 15:00:00,3870,3646134,2152.0,3329427,161.0,274200.0,4031,3920334,2313,3603627,6183,7249657
2021-08-02 15:00:00,7246,3653380,3835.0,3333262,339.0,274539.0,7585,3927919,4174,3607801,11420,7261077
2021-08-03 15:00:00,7242,3660622,4083.0,3337345,515.0,275054.0,7757,3935676,4598,3612399,11840,7272917
2021-08-04 15:00:00,7401,3668023,4089.0,3341434,532.0,275586.0,7933,3943609,4621,3617020,12022,7284939
2021-08-05 15:00:00,7928,3675951,4272.0,3345706,537.0,276123.0,8465,3952074,4809,3621829,12737,7297676
2021-08-06 15:00:00,8291,3684242,4707.0,3350413,453.0,276576.0,8744,3960818,5160,3626989,13451,7311127
2021-08-07 15:00:00,5269,3689511,2807.0,3353220,263.0,276839.0,5532,3966350,3070,3630059,8339,7319466
2021-08-08 15:00:00,3951,3693462,2048.0,3355268,143.0,276982.0,4094,3970444,2191,3632250,6142,7325608
2021-08-09 15:00:00,6922,3700384,4519.0,3359787,368.0,277350.0,7290,3977734,4887,3637137,11809,7337417
2021-08-10 15:00:00,7130,3707514,4446.0,3364233,338.0,277688.0,7468,3985202,4784,3641921,11914,7349331
2021-08-11 15:00:00,7051,3714565,4425.0,3368658,441.0,278129.0,7492,3992694,4866,3646787,11917,7361248
2021-08-12 15:00:00,8599,3723164,4719.0,3373377,444.0,278573.0,9043,4001737,5163,3651950,13762,7375010
2021-08-13 15:00:00,7137,3730301,5358.0,3378735,396.0,278969.0,7533,4009270,5754,3657704,12891,7387901
2021-08-14 15:00:00,4913,3735214,3337.0,3382072,285.0,279254.0,5198,4014468,3622,3661326,8535,7396436
2021-08-15 15:00:00,3324,3738538,2729.0,3384801,163.0,279417.0,3487,4017955,2892,3664218,6216,7402652
2021-08-16 15:00:00,5428,3743966,5083.0,3389884,352.0,279769.0,5780,4023735,5435,3669653,10863,7413515
2021-08-17 15:00:00,6809,3750775,5347.0,3395231,390.0,280159.0,7199,4030934,5737,3675390,12546,7426061
2021-08-18 15:00:00,6319,3757094,5481.0,3400712,478.0,280637.0,6797,4037731,5959,3681349,12278,7438339
2021-08-19 15:00:00,6205,3763299,5536.0,3406248,416.0,281053.0,6621,4044352,5952,3687301,12157,7450496
2021-08-20 15:00:00,6829,3770128,6531.0,3412779,401.0,281454.0,7230,4051582,6932,3694233,13761,7464257
2021-08-21 15:00:00,4320,3774448,3913.0,3416692,228.0,281682.0,4548,4056130,4141,3698374,8461,7472718
2021-08-22 15:00:00,3057,3777505,3167.0,3419859,110.0,281792.0,3167,4059297,3277,3701651,6334,7479052
2021-08-23 15:00:00,5981,3783486,6082.0,3425941,285.0,282077.0,6266,4065563,6367,3708018,12348,7491400
2021-08-24 15:00:00,6544,3790030,6045.0,3431986,424.0,282501.0,6968,4072531,6469,3714487,13013,7504413
2021-08-25 15:00:00,6713,3796743,6199.0,3438185,440.0,282941.0,7153,4079684,6639,3721126,13352,7517765
2021-08-26 15:00:00,6963,3803706,6640.0,3444825,427.0,283368.0,7390,4087074,7067,3728193,14030,7531795
2021-08-27 15:00:00,6827,3810533,7055.0,3451880,316.0,283684.0,7143,4094217,7371,3735564,14198,7545993
2021-08-28 15:00:00,6896,3817429,6502.0,3458382,324.0,284008.0,7220,4101437,6826,3742390,13722,7559715
2021-08-29 15:00:00,3732,3821161,3681.0,3462063,610.0,284618.0,4342,4105779,4291,3746681,8023,7567738
2021-08-30 15:00:00,5924,3827085,6113.0,3468176,960.0,285578.0,6884,4112663,7073,3753754,12997,7580735
2021-08-31 15:00:00,5892,3832977,6038.0,3474214,946.0,286524.0,6838,4119501,6984,3760738,12876,7593611
2021-09-01 15:00:00,5575,3838552,5632.0,3479846,914.0,287438.0,6489,4125990,6546,3767284,12121,7605732
2021-09-02 15:00:00,5516,3844068,5910.0,3485756,703.0,288141.0,6219,4132209,6613,3773897,12129,7617861
2021-09-03 15:00:00,5986,3850054,6900.0,3492656,973.0,289114.0,6959,4139168,7873,3781770,13859,7631720
2021-09-04 15:00:00,3717,3853771,4335.0,3496991,879.0,289993.0,4596,4143764,5214,3786984,8931,7640651
2021-09-05 15:00:00,2952,3856723,2806.0,3499797,106.0,290099.0,3058,4146822,2912,3789896,5864,7646515
2021-09-06 15:00:00,1058,3857781,1149.0,3500946,63.0,290162.0,1121,4147943,1212,3791108,2270,7648785
2021-09-07 15:00:00,5333,3863114,7276.0,3508222,2304.0,292466.0,7637,4155580,9580,3800688,14913,7663698
2021-09-08 15:00:00,4644,3867758,5461.0,3513683,364.0,292830.0,5008,4160588,5825,3806513,10469,7674167
2021-09-09 15:00:00,5000,3872758,5438.0,3519121,324.0,293154.0,5324,4165912,5762,3812275,10762,7684929
2021-09-10 15:00:00,6507,3879265,6640.0,3525761,1718.0,294872.0,8225,4174137,8358,3820633,14865,7699794
2021-09-11 15:00:00,4169,3883434,4325.0,3530086,666.0,295538.0,4835,4178972,4991,3825624,9160,7708954
2021-09-12 15:00:00,3163,3886597,3237.0,3533323,436.0,295974.0,3599,4182571,3673,3829297,6836,7715790
2021-09-13 15:00:00,4877,3891474,5044.0,3538367,346.0,296320.0,5223,4187794,5390,3834687,10267,7726057
2021-09-14 15:00:00,4760,3896234,5422.0,3543789,435.0,296755.0,5195,4192989,5857,3840544,10617,7736674
2021-09-15 15:00:00,5023,3901257,5855.0,3549644,388.0,297143.0,5411,4198400,6243,3846787,11266,7747940
2021-09-16 15:00:00,4798,3906055,5822.0,3555466,336.0,297479.0,5134,4203534,6158,3852945,10956,7758896
2021-09-17 15:00:00,5241,3911296,6572.0,3562038,343.0,297822.0,5584,4209118,6915,3859860,12156,7771052
2021-09-18 15:00:00,3791,3915087,4563.0,3566601,185.0,298007.0,3976,4213094,4748,3864608,8539,7779591
2021-09-19 15:00:00,2741,3917828,3158.0,3569759,75.0,298082.0,2816,4215910,3233,3867841,5974,7785565
2021-09-20 15:00:00,3747,3921575,4670.0,3574429,430.0,298512.0,4177,4220087,5100,3872941,8847,7794412
2021-09-21 15:00:00,3999,3925574,4992.0,3579421,326.0,298838.0,4325,4224412,5318,3878259,9317,7803729
2021-09-22 15:00:00,4190,3929764,4760.0,3584181,458.0,299296.0,4648,4229060,5218,3883477,9408,7813137
2021-09-23 15:00:00,4165,3933929,4721.0,3588902,492.0,299788.0,4657,4233717,5213,3888690,9378,7822515
2021-09-24 15:00:00,5068,3938997,5596.0,3594498,422.0,300210.0,5490,4239207,6018,3894708,11086,7833601
2021-09-25 15:00:00,3627,3942624,3623.0,3598121,385.0,300595.0,4012,4243219,4008,3898716,7635,7841236
2021-09-26 15:00:00,2358,3944982,2658.0,3600779,424.0,301019.0,2782,4246001,3082,3901798,5440,7846676
2021-09-27 15:00:00,4500,3949482,2697.0,3603476,509.0,301528.0,5009,4251010,3206,3905004,7706,7854382
2021-09-28 15:00:00,4396,3953878,4441.0,3607917,211.0,301739.0,4607,4255617,4652,3909656,9048,7863430
2021-09-29 15:00:00,4697,3958575,4502.0,3612419,919.0,302658.0,5616,4261233,5421,3915077,10118,7873548
2021-09-30 15:00:00,4880,3963455,4553.0,3616972,792.0,303450.0,5672,4266905,5345,3920422,10225,7883773
2021-10-01 15:00:00,5476,3968931,5312.0,3622284,782.0,304232.0,6258,4273163,6094,3926516,11570,7895343
2021-10-02 15:00:00,2937,3971868,2889.0,3625173,187.0,304419.0,3124,4276287,3076,3929592,6013,7901356
2021-10-03 15:00:00,2078,3973946,2373.0,3627546,86.0,304505.0,2164,4278451,2459,3932051,4537,7905893
2021-10-04 15:00:00,4018,3977964,3495.0,3631041,232.0,304737.0,4250,4282701,3727,3935778,7745,7913638
2021-10-05 15:00:00,3953,3981917,3657.0,3634698,207.0,304944.0,4160,4286861,3864,3939642,7817,7921455
2021-10-06 15:00:00,4026,3985943,3574.0,3638272,264.0,305208.0,4290,4291151,3838,3943480,7864,7929319
2021-10-07 15:00:00,4230,3990173,3623.0,3641895,331.0,305539.0,4561,4295712,3954,3947434,8184,7937503
2021-10-08 15:00:00,4777,3994950,4275.0,3646170,282.0,305821.0,5059,4300771,4557,3951991,9334,7946837
2021-10-09 15:00:00,2685,3997635,2673.0,3648843,270.0,306091.0,2955,4303726,2943,3954934,5628,7952465
2021-10-10 15:00:00,1864,3999499,1844.0,3650687,59.0,306150.0,1923,4305649,1903,3956837,3767,7956232
2021-10-11 15:00:00,4216,4003715,3331.0,3654018,249.0,306399.0,4465,4310114,3580,3960417,7796,7964028
2021-10-12 15:00:00,3591,4007306,3525.0,3657543,271.0,306670.0,3862,4313976,3796,3964213,7387,7971415
2021-10-13 15:00:00,3956,4011262,3447.0,3660990,346.0,307016.0,4302,4318278,3793,3968006,7749,7979164
2021-10-14 15:00:00,5162,4016424,5483.0,3666473,429.0,307445.0,5591,4323869,5912,3973918,11074,7990238
2021-10-15 15:00:00,4703,4021127,4586.0,3671059,347.0,307792.0,5050,4328919,4933,3978851,9636,7999874
2021-10-16 15:00:00,2494,4023621,2501.0,3673560,290.0,308082.0,2784,4331703,2791,3981642,5285,8005159
2021-10-17 15:00:00,1808,4025429,1774.0,3675334,55.0,308137.0,1863,4333566,1829,3983471,3637,8008796
2021-10-18 15:00:00,4286,4029715,3570.0,3678904,266.0,308403.0,4552,4338118,3836,3987307,8122,8016918
2021-10-19 15:00:00,4300,4034015,4024.0,3682928,222.0,308625.0,4522,4342640,4246,3991553,8546,8025464
2021-10-20 15:00:00,3527,4037542,3420.0,3686348,254.0,308879.0,3781,4346421,3674,3995227,7201,8032665
2021-10-21 15:00:00,3301,4040843,3255.0,3689603,290.0,309169.0,3591,4350012,3545,3998772,6846,8039511
2021-10-22 15:00:00,4682,4045525,4023.0,3693626,475.0,309644.0,5157,4355169,4498,4003270,9180,8048691
2021-10-23 15:00:00,2891,4048416,2112.0,3695738,321.0,309965.0,3212,4358381,2433,4005703,5324,8054015
2021-10-24 15:00:00,2063,4050479,1556.0,3697294,78.0,310043.0,2141,4360522,1634,4007337,3697,8057712
2021-10-25 15:00:00,4545,4055024,3074.0,3700368,316.0,310359.0,4861,4365383,3390,4010727,7935,8065647
2021-10-26 15:00:00,4510,4059534,3087.0,3703455,311.0,310670.0,4821,4370204,3398,4014125,7908,8073555
2021-10-27 15:00:00,4735,4064269,3343.0,3706798,429.0,311099.0,5164,4375368,3772,4017897,8507,8082062
2021-10-28 15:00:00,4553,4068822,3364.0,3710162,496.0,311595.0,5049,4380417,3860,4021757,8413,8090475
2021-10-29 15:00:00,4970,4073792,3912.0,3714074,393.0,311988.0,5363,4385780,4305,4026062,9275,8099750
2021-10-30 15:00:00,2632,4076424,1842.0,3715916,308.0,312296.0,2940,4388720,2150,4028212,4782,8104532
2021-10-31 15:00:00,1943,4078367,1517.0,3717433,93.0,312389.0,2036,4390756,1610,4029822,3553,8108085
2021-11-01 15:00:00,4690,4083057,3422.0,3720855,341.0,312730.0,5031,4395787,3763,4033585,8453,8116538
2021-11-02 15:00:00,4252,4087309,2947.0,3723802,406.0,313136.0,4658,4400445,3353,4036938,7605,8124143
2021-11-03 15:00:00,4672,4091981,3055.0,3726857,458.0,313594.0,5130,4405575,3513,4040451,8185,8132328
2021-11-04 15:00:00,6290,4098271,3359.0,3730216,512.0,314106.0,6802,4412377,3871,4044322,10161,8142489
2021-11-05 15:00:00,8214,4106485,3759.0,3733975,408.0,314514.0,8622,4420999,4167,4048489,12381,8154870
2021-11-06 15:00:00,10070,4116555,1974.0,3735949,305.0,314819.0,10375,4431374,2279,4050768,12349,8167219
2021-11-07 15:00:00,7718,4124273,1469.0,3737418,94.0,314913.0,7812,4439186,1563,4052331,9281,8176500
2021-11-08 15:00:00,11283,4135556,3041.0,3740459,379.0,315292.0,11662,4450848,3420,4055751,14703,8191203
2021-11-09 15:00:00,11749,4147305,2655.0,3743114,268.0,315560.0,12017,4462865,2923,4058674,14672,8205875
2021-11-10 15:00:00,12564,4159869,2763.0,3745877,337.0,315897.0,12901,4475766,3100,4061774,15664,8221539
2021-11-11 15:00:00,11329,4171198,2382.0,3748259,282.0,316179.0,11611,4487377,2664,4064438,13993,8235532
2021-11-12 15:00:00,12272,4183470,3353.0,3751612,547.0,316726.0,12819,4500196,3900,4068338,16172,8251704
2021-11-13 15:00:00,9774,4193244,1587.0,3753199,342.0,317068.0,10116,4510312,1929,4070267,11703,8263407
2021-11-14 15:00:00,3922,4197166,1129.0,3754328,121.0,317189.0,4043,4514355,1250,4071517,5172,8268579
2021-11-15 15:00:00,8594,4205760,2522.0,3756850,205.0,317394.0,8799,4523154,2727,4074244,11321,8279900
2021-11-16 15:00:00,9211,4214971,2491.0,3759341,255.0,317649.0,9466,4532620,2746,4076990,11957,8291857
2021-11-17 15:00:00,9374,4224345,2876.0,3762217,312.0,317961.0,9686,4542306,3188,4080178,12562,8304419
2021-11-18 15:00:00,9285,4233630,2629.0,3764846,479.0,318440.0,9764,4552070,3108,4083286,12393,8316812
2021-11-19 15:00:00,9782,4243412,2915.0,3767761,381.0,318821.0,10163,4562233,3296,4086582,13078,8329890
2021-11-20 15:00:00,10624,4254036,1606.0,3769367,454.0,319275.0,11078,4573311,2060,4088642,12684,8342574
2021-11-21 15:00:00,4349,4258385,1200.0,3770567,99.0,319374.0,4448,4577759,1299,4089941,5648,8348222
2021-11-22 15:00:00,9776,4268161,2490.0,3773057,292.0,319666.0,10068,4587827,2782,4092723,12558,8360780
2021-11-23 15:00:00,9168,4277329,2397.0,3775454,280.0,319946.0,9448,4597275,2677,4095400,11845,8372625
2021-11-24 15:00:00,8101,4285430,2443.0,3777897,215.0,320161.0,8316,4605591,2658,4098058,10759,8383384
2021-11-25 15:00:00,239,4285669,75.0,3777972,10.0,320171.0,249,4605840,85,4098143,324,8383708
2021-11-26 15:00:00,5655,4291324,3952.0,3781924,152.0,320323.0,5807,4611647,4104,4102247,9759,8393467
2021-11-27 15:00:00,3789,4295113,5441.0,3787365,134.0,320457.0,3923,4615570,5575,4107822,9364,8402831
2021-11-28 15:00:00,2418,4297531,6375.0,3793740,77.0,320534.0,2495,4618065,6452,4114274,8870,8411701
2021-11-29 15:00:00,6360,4303891,9243.0,3802983,379.0,320913.0,6739,4624804,9622,4123896,15982,8427683
2021-11-30 15:00:00,6226,4310117,9243.0,3812226,264.0,321177.0,6490,4631294,9507,4133403,15733,8443416
2021-12-01 15:00:00,7231,4317348,9568.0,3821794,305.0,321482.0,7536,4638830,9873,4143276,17104,8460520
2021-12-02 15:00:00,6868,4324216,8686.0,3830480,450.0,321932.0,7318,4646148,9136,4152412,16004,8476524
2021-12-03 15:00:00,7554,4331770,9196.0,3839676,249.0,322181.0,7803,4653951,9445,4161857,16999,8493523
2021-12-04 15:00:00,5857,4337627,9725.0,3849401,457.0,322638.0,6314,4660265,10182,4172039,16039,8509562
2021-12-05 15:00:00,3463,4341090,3275.0,3852676,77.0,322715.0,3540,4663805,3352,4175391,6815,8516377
2021-12-06 15:00:00,6728,4347818,7065.0,3859741,276.0,322991.0,7004,4670809,7341,4182732,14069,8530446
2021-12-07 15:00:00,6381,4354199,6986.0,3866727,249.0,323240.0,6630,4677439,7235,4189967,13616,8544062
2021-12-08 15:00:00,6894,4361093,7313.0,3874040,314.0,323554.0,7208,4684647,7627,4197594,14521,8558583
2021-12-09 15:00:00,6508,4367601,6947.0,3880987,396.0,323950.0,6904,4691551,7343,4204937,13851,8572434
2021-12-10 15:00:00,7220,4374821,7287.0,3888274,228.0,324178.0,7448,4698999,7515,4212452,14735,8587169
2021-12-11 15:00:00,4448,4379269,7620.0,3895894,333.0,324511.0,4781,4703780,7953,4220405,12401,8599570
2021-12-12 15:00:00,3992,4383261,2782.0,3898676,60.0,324571.0,4052,4707832,2842,4223247,6834,8606404
2021-12-13 15:00:00,5692,4388953,5724.0,3904400,243.0,324814.0,5935,4713767,5967,4229214,11659,8618063
2021-12-14 15:00:00,6432,4395385,5887.0,3910287,214.0,325028.0,6646,4720413,6101,4235315,12533,8630596
2021-12-15 15:00:00,7099,4402484,5615.0,3915902,248.0,325276.0,7347,4727760,5863,4241178,12962,8643558
2021-12-16 15:00:00,7822,4410306,2795.0,3918697,422.0,325698.0,8244,4736004,3217,4244395,11039,8654597
2021-12-17 15:00:00,7778,4418084,4130.0,3922827,193.0,325891.0,7971,4743975,4323,4248718,12101,8666698
2021-12-18 15:00:00,5785,4423869,3170.0,3925997,297.0,326188.0,6082,4750057,3467,4252185,9252,8675950
2021-12-19 15:00:00,3382,4427251,1341.0,3927338,34.0,326222.0,3416,4753473,1375,4253560,4757,8680707
2021-12-20 15:00:00,8020,4435271,3715.0,3931053,172.0,326394.0,8192,4761665,3887,4257447,11907,8692614
2021-12-21 15:00:00,8904,4444175,4091.0,3935144,169.0,326563.0,9073,4770738,4260,4261707,13164,8705778
2021-12-22 15:00:00,8614,4452789,3814.0,3938958,172.0,326735.0,8786,4779524,3986,4265693,12600,8718378
2021-12-23 15:00:00,8331,4461120,3497.0,3942455,355.0,327090.0,8686,4788210,3852,4269545,12183,8730561
2021-12-24 15:00:00,1610,4462730,1002.0,3943457,39.0,327129.0,1649,4789859,1041,4270586,2651,8733212
2021-12-25 15:00:00,50,4462780,35.0,3943492,1.0,327130.0,51,4789910,36,4270622,86,8733298
2021-12-26 15:00:00,2519,4465299,1746.0,3945238,44.0,327174.0,2563,4792473,1790,4272412,4309,8737607
2021-12-27 15:00:00,7142,4472441,3946.0,3949184,295.0,327469.0,7437,4799910,4241,4276653,11383,8748990
2021-12-28 15:00:00,7788,4480229,3751.0,3952935,166.0,327635.0,7954,4807864,3917,4280570,11705,8760695
2021-12-29 15:00:00,8132,4488361,3970.0,3956905,154.0,327789.0,8286,4816150,4124,4284694,12256,8772951
2021-12-30 15:00:00,7416,4495777,3747.0,3960652,287.0,328076.0,7703,4823853,4034,4288728,11450,8784401
2021-12-31 15:00:00,2552,4498329,1513.0,3962165,92.0,328168.0,2644,4826497,1605,4290333,4157,8788558
2022-01-01 15:00:00,707,4499036,337.0,3962502,31.0,328199.0,738,4827235,368,4290701,1075,8789633
2022-01-02 15:00:00,2181,4501217,1632.0,3964134,44.0,328243.0,2225,4829460,1676,4292377,3857,8793490
2022-01-03 15:00:00,3378,4504595,2054.0,3966188,221.0,328464.0,3599,4833059,2275,4294652,5653,8799143
2022-01-04 15:00:00,5722,4510317,3396.0,3969584,162.0,328626.0,5884,4838943,3558,4298210,9280,8808423
2022-01-05 15:00:00,6743,4517060,4636.0,3974220,173.0,328799.0,6916,4845859,4809,4303019,11552,8819975
2022-01-06 15:00:00,6625,4523685,4718.0,3978938,259.0,329058.0,6884,4852743,4977,4307996,11602,8831577
2022-01-07 15:00:00,5803,4529488,3685.0,3982623,159.0,329217.0,5962,4858705,3844,4311840,9647,8841224
2022-01-08 15:00:00,4532,4534020,3810.0,3986433,73.0,329290.0,4605,4863310,3883,4315723,8415,8849639
2022-01-09 15:00:00,2731,4536751,2012.0,3988445,154.0,329444.0,2885,4866195,2166,4317889,4897,8854536
2022-01-10 15:00:00,6239,4542990,3787.0,3992232,155.0,329599.0,6394,4872589,3942,4321831,10181,8864717
2022-01-11 15:00:00,6457,4549447,4209.0,3996441,140.0,329739.0,6597,4879186,4349,4326180,10806,8875523
2022-01-12 15:00:00,6627,4556074,4341.0,4000782,223.0,329962.0,6850,4886036,4564,4330744,11191,8886714
2022-01-13 15:00:00,6442,4562516,4322.0,4005104,145.0,330107.0,6587,4892623,4467,4335211,10909,8897623
2022-01-14 15:00:00,6824,4569340,3051.0,4008155,246.0,330353.0,7070,4899693,3297,4338508,10121,8907744
2022-01-15 15:00:00,4056,4573396,1627.0,4009782,68.0,330421.0,4124,4903817,1695,4340203,5751,8913495
2022-01-16 15:00:00,2075,4575471,1259.0,4011041,116.0,330537.0,2191,4906008,1375,4341578,3450,8916945
2022-01-17 15:00:00,3472,4578943,2240.0,4013281,70.0,330607.0,3542,4909550,2310,4343888,5782,8922727
2022-01-18 15:00:00,2489,4581432,2247.0,4015528,62.0,330669.0,2551,4912101,2309,4346197,4798,8927525
