VACCINATION_DATE,FirstDailyDose,FirstDoseCumulative,SecondDailyDose,SecondDoseCumulative,SingleDailyDose,SingleDoseCumulative,AtleastOneVaccine,AtleastOneVaccineCumulative,CompletedVax,CompletedVaxCumulative,FirstSecondSingleVaccinations,FirstSecondSingleVaccinationsCumulative
2020-12-14 15:00:00,19,1455,,533,,,19,1455,0,533,19,1895
2020-12-15 15:00:00,62,1517,3.0,536,,,62,1517,3,536,65,1960
2020-12-16 15:00:00,597,2114,5.0,541,,,597,2114,5,541,602,2562
2020-12-17 15:00:00,1165,3279,8.0,549,,,1165,3279,8,549,1173,3735
2020-12-18 15:00:00,3029,6308,12.0,561,,,3029,6308,12,561,3041,6776
2020-12-19 15:00:00,929,7237,7.0,568,,,929,7237,7,568,936,7712
2020-12-20 15:00:00,367,7604,6.0,574,,,367,7604,6,574,373,8085
2020-12-21 15:00:00,3896,11500,26.0,600,,,3896,11500,26,600,3922,12007
2020-12-22 15:00:00,6325,17825,30.0,630,,,6325,17825,30,630,6355,18362
2020-12-23 15:00:00,5791,23616,38.0,668,,,5791,23616,38,668,5829,24191
2020-12-24 15:00:00,2729,26345,15.0,683,,,2729,26345,15,683,2744,26935
2020-12-25 15:00:00,1035,27380,4.0,687,,,1035,27380,4,687,1039,27974
2020-12-26 15:00:00,1885,29265,10.0,697,,,1885,29265,10,697,1895,29869
2020-12-27 15:00:00,1803,31068,12.0,709,,,1803,31068,12,709,1815,31684
2020-12-28 15:00:00,8994,40062,50.0,759,,,8994,40062,50,759,9044,40728
2020-12-29 15:00:00,10978,51040,53.0,812,,,10978,51040,53,812,11031,51759
2020-12-30 15:00:00,12504,63544,93.0,905,,,12504,63544,93,905,12597,64356
2020-12-31 15:00:00,7558,71102,48.0,953,,,7558,71102,48,953,7606,71962
2021-01-01 15:00:00,3361,74463,146.0,1099,,,3361,74463,146,1099,3507,75469
2021-01-02 15:00:00,3057,77520,34.0,1133,,,3057,77520,34,1133,3091,78560
2021-01-03 15:00:00,3414,80934,82.0,1215,,,3414,80934,82,1215,3496,82056
2021-01-04 15:00:00,13371,94305,339.0,1554,,,13371,94305,339,1554,13710,95766
2021-01-05 15:00:00,12494,106799,550.0,2104,,,12494,106799,550,2104,13044,108810
2021-01-06 15:00:00,15274,122073,868.0,2972,,,15274,122073,868,2972,16142,124952
2021-01-07 15:00:00,15048,137121,1786.0,4758,,,15048,137121,1786,4758,16834,141786
2021-01-08 15:00:00,24022,161143,2790.0,7548,,,24022,161143,2790,7548,26812,168598
2021-01-09 15:00:00,5180,166323,956.0,8504,,,5180,166323,956,8504,6136,174734
2021-01-10 15:00:00,2980,169303,387.0,8891,,,2980,169303,387,8891,3367,178101
2021-01-11 15:00:00,13738,183041,3485.0,12376,,,13738,183041,3485,12376,17223,195324
2021-01-12 15:00:00,17404,200445,5600.0,17976,,,17404,200445,5600,17976,23004,218328
2021-01-13 15:00:00,18627,219072,3935.0,21911,,,18627,219072,3935,21911,22562,240890
2021-01-14 15:00:00,17876,236948,1964.0,23875,,,17876,236948,1964,23875,19840,260730
2021-01-15 15:00:00,19497,256445,2035.0,25910,,,19497,256445,2035,25910,21532,282262
2021-01-16 15:00:00,5843,262288,1621.0,27531,,,5843,262288,1621,27531,7464,289726
2021-01-17 15:00:00,2126,264414,1480.0,29011,,,2126,264414,1480,29011,3606,293332
2021-01-18 15:00:00,7081,271495,3269.0,32280,,,7081,271495,3269,32280,10350,303682
2021-01-19 15:00:00,16958,288453,5416.0,37696,,,16958,288453,5416,37696,22374,326056
2021-01-20 15:00:00,21015,309468,5333.0,43029,,,21015,309468,5333,43029,26348,352404
2021-01-21 15:00:00,23832,333300,3864.0,46893,,,23832,333300,3864,46893,27696,380100
2021-01-22 15:00:00,28664,361964,3767.0,50660,,,28664,361964,3767,50660,32431,412531
2021-01-23 15:00:00,10132,372096,1946.0,52606,,,10132,372096,1946,52606,12078,424609
2021-01-24 15:00:00,3360,375456,1724.0,54330,,,3360,375456,1724,54330,5084,429693
2021-01-25 15:00:00,16312,391768,8619.0,62949,,,16312,391768,8619,62949,24931,454624
2021-01-26 15:00:00,17567,409335,8983.0,71932,,,17567,409335,8983,71932,26550,481174
2021-01-27 15:00:00,24445,433780,12571.0,84503,,,24445,433780,12571,84503,37016,518190
2021-01-28 15:00:00,22666,456446,9333.0,93836,,,22666,456446,9333,93836,31999,550189
2021-01-29 15:00:00,24790,481236,7934.0,101770,,,24790,481236,7934,101770,32724,582913
2021-01-30 15:00:00,17782,499018,2572.0,104342,,,17782,499018,2572,104342,20354,603267
2021-01-31 15:00:00,3764,502782,1375.0,105717,,,3764,502782,1375,105717,5139,608406
2021-02-01 15:00:00,8166,510948,5419.0,111136,,,8166,510948,5419,111136,13585,621991
2021-02-02 15:00:00,12523,523471,13835.0,124971,,,12523,523471,13835,124971,26358,648349
2021-02-03 15:00:00,18269,541740,18145.0,143116,,,18269,541740,18145,143116,36414,684763
2021-02-04 15:00:00,22147,563887,15805.0,158921,,,22147,563887,15805,158921,37952,722715
2021-02-05 15:00:00,20417,584304,17449.0,176370,,,20417,584304,17449,176370,37866,760581
2021-02-06 15:00:00,11379,595683,14539.0,190909,,,11379,595683,14539,190909,25918,786499
2021-02-07 15:00:00,5990,601673,1947.0,192856,,,5990,601673,1947,192856,7937,794436
2021-02-08 15:00:00,13016,614689,12984.0,205840,,,13016,614689,12984,205840,26000,820436
2021-02-09 15:00:00,16666,631355,13887.0,219727,,,16666,631355,13887,219727,30553,850989
2021-02-10 15:00:00,19331,650686,21320.0,241047,,,19331,650686,21320,241047,40651,891640
2021-02-11 15:00:00,22944,673630,17394.0,258441,,,22944,673630,17394,258441,40338,931978
2021-02-12 15:00:00,20441,694071,19680.0,278121,,,20441,694071,19680,278121,40121,972099
2021-02-13 15:00:00,11471,705542,6428.0,284549,,,11471,705542,6428,284549,17899,989998
2021-02-14 15:00:00,7122,712664,2137.0,286686,,,7122,712664,2137,286686,9259,999257
2021-02-15 15:00:00,11772,724436,13346.0,300032,,,11772,724436,13346,300032,25118,1024375
2021-02-16 15:00:00,16655,741091,21035.0,321067,,,16655,741091,21035,321067,37690,1062065
2021-02-17 15:00:00,20684,761775,26389.0,347456,,,20684,761775,26389,347456,47073,1109138
2021-02-18 15:00:00,3205,764980,4626.0,352082,,,3205,764980,4626,352082,7831,1116969
2021-02-19 15:00:00,10265,775245,19935.0,372017,,,10265,775245,19935,372017,30200,1147169
2021-02-20 15:00:00,10321,785566,20305.0,392322,,,10321,785566,20305,392322,30626,1177795
2021-02-21 15:00:00,6192,791758,7668.0,399990,,,6192,791758,7668,399990,13860,1191655
2021-02-22 15:00:00,8039,799797,15492.0,415482,,,8039,799797,15492,415482,23531,1215186
2021-02-23 15:00:00,15548,815345,15982.0,431464,,,15548,815345,15982,431464,31530,1246716
2021-02-24 15:00:00,17998,833343,24852.0,456316,,,17998,833343,24852,456316,42850,1289566
2021-02-25 15:00:00,20397,853740,26592.0,482908,,,20397,853740,26592,482908,46989,1336555
2021-02-26 15:00:00,26700,880440,26278.0,509186,,,26700,880440,26278,509186,52978,1389533
2021-02-27 15:00:00,16030,896470,11163.0,520349,,,16030,896470,11163,520349,27193,1416726
2021-02-28 15:00:00,15525,911995,4890.0,525239,,,15525,911995,4890,525239,20415,1437141
2021-03-01 15:00:00,27213,939208,12671.0,537910,,,27213,939208,12671,537910,39884,1477025
2021-03-02 15:00:00,23994,963202,13303.0,551213,37.0,37.0,24031,963239,13340,551250,37334,1514359
2021-03-03 15:00:00,30239,993441,18422.0,569635,191.0,228.0,30430,993669,18613,569863,48852,1563211
2021-03-04 15:00:00,31005,1024446,18258.0,587893,4068.0,4296.0,35073,1028742,22326,592189,53331,1616542
2021-03-05 15:00:00,30093,1054539,19771.0,607664,4910.0,9206.0,35003,1063745,24681,616870,54774,1671316
2021-03-06 15:00:00,18994,1073533,9537.0,617201,6010.0,15216.0,25004,1088749,15547,632417,34541,1705857
2021-03-07 15:00:00,12153,1085686,4927.0,622128,6608.0,21824.0,18761,1107510,11535,643952,23688,1729545
2021-03-08 15:00:00,25931,1111617,8862.0,630990,8274.0,30098.0,34205,1141715,17136,661088,43067,1772612
2021-03-09 15:00:00,26147,1137764,15498.0,646488,8343.0,38441.0,34490,1176205,23841,684929,49988,1822600
2021-03-10 15:00:00,29891,1167655,16051.0,662539,7935.0,46376.0,37826,1214031,23986,708915,53877,1876477
2021-03-11 15:00:00,36013,1203668,16425.0,678964,3982.0,50358.0,39995,1254026,20407,729322,56420,1932897
2021-03-12 15:00:00,36909,1240577,18162.0,697126,2928.0,53286.0,39837,1293863,21090,750412,57999,1990896
2021-03-13 15:00:00,22668,1263245,10338.0,707464,1630.0,54916.0,24298,1318161,11968,762380,34636,2025532
2021-03-14 15:00:00,17839,1281084,6736.0,714200,1009.0,55925.0,18848,1337009,7745,770125,25584,2051116
2021-03-15 15:00:00,29886,1310970,11364.0,725564,599.0,56524.0,30485,1367494,11963,782088,41849,2092965
2021-03-16 15:00:00,33480,1344450,13587.0,739151,770.0,57294.0,34250,1401744,14357,796445,47837,2140802
2021-03-17 15:00:00,37631,1382081,17080.0,756231,1181.0,58475.0,38812,1440556,18261,814706,55892,2196694
2021-03-18 15:00:00,41471,1423552,12697.0,768928,1354.0,59829.0,42825,1483381,14051,828757,55522,2252216
2021-03-19 15:00:00,38387,1461939,15444.0,784372,1046.0,60875.0,39433,1522814,16490,845247,54877,2307093
2021-03-20 15:00:00,24730,1486669,10233.0,794605,705.0,61580.0,25435,1548249,10938,856185,35668,2342761
2021-03-21 15:00:00,19197,1505866,7906.0,802511,341.0,61921.0,19538,1567787,8247,864432,27444,2370205
2021-03-22 15:00:00,32600,1538466,11514.0,814025,835.0,62756.0,33435,1601222,12349,876781,44949,2415154
2021-03-23 15:00:00,38406,1576872,17867.0,831892,1556.0,64312.0,39962,1641184,19423,896204,57829,2472983
2021-03-24 15:00:00,41085,1617957,21255.0,853147,1386.0,65698.0,42471,1683655,22641,918845,63726,2536709
2021-03-25 15:00:00,42914,1660871,21739.0,874886,2456.0,68154.0,45370,1729025,24195,943040,67109,2603818
2021-03-26 15:00:00,36385,1697256,26720.0,901606,2495.0,70649.0,38880,1767905,29215,972255,65600,2669418
2021-03-27 15:00:00,26472,1723728,17322.0,918928,2490.0,73139.0,28962,1796867,19812,992067,46284,2715702
2021-03-28 15:00:00,17010,1740738,12691.0,931619,1614.0,74753.0,18624,1815491,14305,1006372,31315,2747017
2021-03-29 15:00:00,29723,1770461,26394.0,958013,1141.0,75894.0,30864,1846355,27535,1033907,57258,2804275
2021-03-30 15:00:00,40062,1810523,29091.0,987104,1865.0,77759.0,41927,1888282,30956,1064863,71018,2875293
2021-03-31 15:00:00,41020,1851543,34754.0,1021858,5750.0,83509.0,46770,1935052,40504,1105367,81524,2956817
2021-04-01 15:00:00,42470,1894013,41170.0,1063028,5764.0,89273.0,48234,1983286,46934,1152301,89404,3046221
2021-04-02 15:00:00,34929,1928942,32736.0,1095764,6131.0,95404.0,41060,2024346,38867,1191168,73796,3120017
2021-04-03 15:00:00,21170,1950112,19236.0,1115000,4394.0,99798.0,25564,2049910,23630,1214798,44800,3164817
2021-04-04 15:00:00,8297,1958409,10223.0,1125223,968.0,100766.0,9265,2059175,11191,1225989,19488,3184305
2021-04-05 15:00:00,27961,1986370,28983.0,1154206,6663.0,107429.0,34624,2093799,35646,1261635,63607,3247912
2021-04-06 15:00:00,39799,2026169,30520.0,1184726,10501.0,117930.0,50300,2144099,41021,1302656,80820,3328732
2021-04-07 15:00:00,36107,2062276,34368.0,1219094,13001.0,130931.0,49108,2193207,47369,1350025,83476,3412208
2021-04-08 15:00:00,42358,2104634,36163.0,1255257,13873.0,144804.0,56231,2249438,50036,1400061,92394,3504602
2021-04-09 15:00:00,34097,2138731,36363.0,1291620,14533.0,159337.0,48630,2298068,50896,1450957,84993,3589595
2021-04-10 15:00:00,23496,2162227,23183.0,1314803,7641.0,166978.0,31137,2329205,30824,1481781,54320,3643915
2021-04-11 15:00:00,17586,2179813,13298.0,1328101,10122.0,177100.0,27708,2356913,23420,1505201,41006,3684921
2021-04-12 15:00:00,24604,2204417,33291.0,1361392,10907.0,188007.0,35511,2392424,44198,1549399,68802,3753723
2021-04-13 15:00:00,126173,2330590,91356.0,1452748,3293.0,191300.0,129466,2521890,94649,1644048,220822,3974545
2021-04-14 15:00:00,40737,2371327,37849.0,1490597,213.0,191513.0,40950,2562840,38062,1682110,78799,4053344
2021-04-15 15:00:00,41421,2412748,39575.0,1530172,176.0,191689.0,41597,2604437,39751,1721861,81172,4134516
2021-04-16 15:00:00,37149,2449897,38897.0,1569069,25.0,191714.0,37174,2641611,38922,1760783,76071,4210587
2021-04-17 15:00:00,32816,2482713,22043.0,1591112,13.0,191727.0,32829,2674440,22056,1782839,54872,4265459
2021-04-18 15:00:00,20062,2502775,16211.0,1607323,5.0,191732.0,20067,2694507,16216,1799055,36278,4301737
2021-04-19 15:00:00,29888,2532663,36565.0,1643888,61.0,191793.0,29949,2724456,36626,1835681,66514,4368251
2021-04-20 15:00:00,32938,2565601,44501.0,1688389,59.0,191852.0,32997,2757453,44560,1880241,77498,4445749
2021-04-21 15:00:00,39836,2605437,47084.0,1735473,26.0,191878.0,39862,2797315,47110,1927351,86946,4532695
2021-04-22 15:00:00,35856,2641293,42700.0,1778173,16.0,191894.0,35872,2833187,42716,1970067,78572,4611267
2021-04-23 15:00:00,33147,2674440,40172.0,1818345,14.0,191908.0,33161,2866348,40186,2010253,73333,4684600
2021-04-24 15:00:00,26419,2700859,27930.0,1846275,81.0,191989.0,26500,2892848,28011,2038264,54430,4739030
2021-04-25 15:00:00,20218,2721077,10997.0,1857272,31.0,192020.0,20249,2913097,11028,2049292,31246,4770276
2021-04-26 15:00:00,27385,2748462,32767.0,1890039,201.0,192221.0,27586,2940683,32968,2082260,60353,4830629
2021-04-27 15:00:00,26679,2775141,33106.0,1923145,1097.0,193318.0,27776,2968459,34203,2116463,60882,4891511
2021-04-28 15:00:00,28923,2804064,39563.0,1962708,1367.0,194685.0,30290,2998749,40930,2157393,69853,4961364
2021-04-29 15:00:00,27064,2831128,39783.0,2002491,1463.0,196148.0,28527,3027276,41246,2198639,68310,5029674
2021-04-30 15:00:00,28203,2859331,32313.0,2034804,1649.0,197797.0,29852,3057128,33962,2232601,62165,5091839
2021-05-01 15:00:00,20751,2880082,26783.0,2061587,1056.0,198853.0,21807,3078935,27839,2260440,48590,5140429
2021-05-02 15:00:00,10269,2890351,17083.0,2078670,823.0,199676.0,11092,3090027,17906,2278346,28175,5168604
2021-05-03 15:00:00,12721,2903072,28637.0,2107307,1916.0,201592.0,14637,3104664,30553,2308899,43274,5211878
2021-05-04 15:00:00,13556,2916628,38653.0,2145960,1742.0,203334.0,15298,3119962,40395,2349294,53951,5265829
2021-05-05 15:00:00,19317,2935945,37787.0,2183747,1921.0,205255.0,21238,3141200,39708,2389002,59025,5324854
2021-05-06 15:00:00,16929,2952874,40604.0,2224351,1721.0,206976.0,18650,3159850,42325,2431327,59254,5384108
2021-05-07 15:00:00,17587,2970461,37028.0,2261379,1960.0,208936.0,19547,3179397,38988,2470315,56575,5440683
2021-05-08 15:00:00,10797,2981258,31236.0,2292615,1293.0,210229.0,12090,3191487,32529,2502844,43326,5484009
2021-05-09 15:00:00,5078,2986336,12255.0,2304870,695.0,210924.0,5773,3197260,12950,2515794,18028,5502037
2021-05-10 15:00:00,8956,2995292,31064.0,2335934,1362.0,212286.0,10318,3207578,32426,2548220,41382,5543419
2021-05-11 15:00:00,12180,3007472,30304.0,2366238,1442.0,213728.0,13622,3221200,31746,2579966,43926,5587345
2021-05-12 15:00:00,13947,3021419,38637.0,2404875,1917.0,215645.0,15864,3237064,40554,2620520,54501,5641846
2021-05-13 15:00:00,21844,3043263,33525.0,2438400,1347.0,216992.0,23191,3260255,34872,2655392,56716,5698562
2021-05-14 15:00:00,24397,3067660,30069.0,2468469,1774.0,218766.0,26171,3286426,31843,2687235,56240,5754802
2021-05-15 15:00:00,21953,3089613,25120.0,2493589,1490.0,220256.0,23443,3309869,26610,2713845,48563,5803365
2021-05-16 15:00:00,9090,3098703,17583.0,2511172,1113.0,221369.0,10203,3320072,18696,2732541,27786,5831151
2021-05-17 15:00:00,16839,3115542,28413.0,2539585,1949.0,223318.0,18788,3338860,30362,2762903,47201,5878352
2021-05-18 15:00:00,21263,3136805,30702.0,2570287,1943.0,225261.0,23206,3362066,32645,2795548,53908,5932260
2021-05-19 15:00:00,27670,3164475,32440.0,2602727,1632.0,226893.0,29302,3391368,34072,2829620,61742,5994002
2021-05-20 15:00:00,20808,3185283,33280.0,2636007,1965.0,228858.0,22773,3414141,35245,2864865,56053,6050055
2021-05-21 15:00:00,19164,3204447,30364.0,2666371,1609.0,230467.0,20773,3434914,31973,2896838,51137,6101192
2021-05-22 15:00:00,16945,3221392,20699.0,2687070,1269.0,231736.0,18214,3453128,21968,2918806,38913,6140105
2021-05-23 15:00:00,8816,3230208,11453.0,2698523,965.0,232701.0,9781,3462909,12418,2931224,21234,6161339
2021-05-24 15:00:00,13573,3243781,17781.0,2716304,1473.0,234174.0,15046,3477955,19254,2950478,32827,6194166
2021-05-25 15:00:00,13075,3256856,18719.0,2735023,1328.0,235502.0,14403,3492358,20047,2970525,33122,6227288
2021-05-26 15:00:00,18309,3275165,19523.0,2754546,1512.0,237014.0,19821,3512179,21035,2991560,39344,6266632
2021-05-27 15:00:00,11686,3286851,18675.0,2773221,1117.0,238131.0,12803,3524982,19792,3011352,31478,6298110
2021-05-28 15:00:00,12422,3299273,19858.0,2793079,1402.0,239533.0,13824,3538806,21260,3032612,33682,6331792
2021-05-29 15:00:00,9515,3308788,11730.0,2804809,937.0,240470.0,10452,3549258,12667,3045279,22182,6353974
2021-05-30 15:00:00,4969,3313757,6439.0,2811248,596.0,241066.0,5565,3554823,7035,3052314,12004,6365978
2021-05-31 15:00:00,1779,3315536,3713.0,2814961,305.0,241371.0,2084,3556907,4018,3056332,5797,6371775
2021-06-01 15:00:00,9877,3325413,16485.0,2831446,1159.0,242530.0,11036,3567943,17644,3073976,27521,6399296
2021-06-02 15:00:00,10236,3335649,16825.0,2848271,961.0,243491.0,11197,3579140,17786,3091762,28022,6427318
2021-06-03 15:00:00,7897,3343546,21199.0,2869470,1089.0,244580.0,8986,3588126,22288,3114050,30185,6457503
2021-06-04 15:00:00,8198,3351744,22363.0,2891833,1120.0,245700.0,9318,3597444,23483,3137533,31681,6489184
2021-06-05 15:00:00,7000,3358744,19478.0,2911311,720.0,246420.0,7720,3605164,20198,3157731,27198,6516382
2021-06-06 15:00:00,3457,3362201,7258.0,2918569,426.0,246846.0,3883,3609047,7684,3165415,11141,6527523
2021-06-07 15:00:00,6859,3369060,15795.0,2934364,725.0,247571.0,7584,3616631,16520,3181935,23379,6550902
2021-06-08 15:00:00,6671,3375731,19739.0,2954103,831.0,248402.0,7502,3624133,20570,3202505,27241,6578143
2021-06-09 15:00:00,8202,3383933,23995.0,2978098,969.0,249371.0,9171,3633304,24964,3227469,33166,6611309
2021-06-10 15:00:00,7153,3391086,19144.0,2997242,895.0,250266.0,8048,3641352,20039,3247508,27192,6638501
2021-06-11 15:00:00,7492,3398578,17734.0,3014976,1125.0,251391.0,8617,3649969,18859,3266367,26351,6664852
2021-06-12 15:00:00,5242,3403820,14771.0,3029747,605.0,251996.0,5847,3655816,15376,3281743,20618,6685470
2021-06-13 15:00:00,1946,3405766,7635.0,3037382,427.0,252423.0,2373,3658189,8062,3289805,10008,6695478
2021-06-14 15:00:00,5655,3411421,11827.0,3049209,733.0,253156.0,6388,3664577,12560,3302365,18215,6713693
2021-06-15 15:00:00,5647,3417068,14344.0,3063553,874.0,254030.0,6521,3671098,15218,3317583,20865,6734558
2021-06-16 15:00:00,8755,3425823,21593.0,3085146,758.0,254788.0,9513,3680611,22351,3339934,31106,6765664
2021-06-17 15:00:00,6692,3432515,12368.0,3097514,720.0,255508.0,7412,3688023,13088,3353022,19780,6785444
2021-06-18 15:00:00,6834,3439349,12746.0,3110260,702.0,256210.0,7536,3695559,13448,3366470,20282,6805726
2021-06-19 15:00:00,4655,3444004,9386.0,3119646,614.0,256824.0,5269,3700828,10000,3376470,14655,6820381
2021-06-20 15:00:00,2508,3446512,5067.0,3124713,377.0,257201.0,2885,3703713,5444,3381914,7952,6828333
2021-06-21 15:00:00,5568,3452080,5339.0,3130052,635.0,257836.0,6203,3709916,5974,3387888,11542,6839875
2021-06-22 15:00:00,5345,3457425,9056.0,3139108,694.0,258530.0,6039,3715955,9750,3397638,15095,6854970
2021-06-23 15:00:00,6080,3463505,10340.0,3149448,646.0,259176.0,6726,3722681,10986,3408624,17066,6872036
2021-06-24 15:00:00,5936,3469441,8204.0,3157652,595.0,259771.0,6531,3729212,8799,3417423,14735,6886771
2021-06-25 15:00:00,5828,3475269,8670.0,3166322,620.0,260391.0,6448,3735660,9290,3426713,15118,6901889
2021-06-26 15:00:00,3706,3478975,6306.0,3172628,398.0,260789.0,4104,3739764,6704,3433417,10410,6912299
2021-06-27 15:00:00,2810,3481785,3525.0,3176153,185.0,260974.0,2995,3742759,3710,3437127,6520,6918819
2021-06-28 15:00:00,4924,3486709,6394.0,3182547,539.0,261513.0,5463,3748222,6933,3444060,11857,6930676
2021-06-29 15:00:00,5062,3491771,6483.0,3189030,523.0,262036.0,5585,3753807,7006,3451066,12068,6942744
2021-06-30 15:00:00,5630,3497401,7390.0,3196420,607.0,262643.0,6237,3760044,7997,3459063,13627,6956371
2021-07-01 15:00:00,5441,3502842,7000.0,3203420,504.0,263147.0,5945,3765989,7504,3466567,12945,6969316
2021-07-02 15:00:00,5296,3508138,6848.0,3210268,527.0,263674.0,5823,3771812,7375,3473942,12671,6981987
2021-07-03 15:00:00,3274,3511412,4072.0,3214340,264.0,263938.0,3538,3775350,4336,3478278,7610,6989597
2021-07-04 15:00:00,494,3511906,551.0,3214891,69.0,264007.0,563,3775913,620,3478898,1114,6990711
2021-07-05 15:00:00,3771,3515677,3953.0,3218844,287.0,264294.0,4058,3779971,4240,3483138,8011,6998722
2021-07-06 15:00:00,4497,3520174,6285.0,3225129,455.0,264749.0,4952,3784923,6740,3489878,11237,7009959
2021-07-07 15:00:00,4473,3524647,6419.0,3231548,483.0,265232.0,4956,3789879,6902,3496780,11375,7021334
2021-07-08 15:00:00,4838,3529485,6186.0,3237734,564.0,265796.0,5402,3795281,6750,3503530,11588,7032922
2021-07-09 15:00:00,5365,3534850,6678.0,3244412,573.0,266369.0,5938,3801219,7251,3510781,12616,7045538
2021-07-10 15:00:00,3522,3538372,4405.0,3248817,305.0,266674.0,3827,3805046,4710,3515491,8232,7053770
2021-07-11 15:00:00,2681,3541053,2578.0,3251395,227.0,266901.0,2908,3807954,2805,3518296,5486,7059256
2021-07-12 15:00:00,4427,3545480,5133.0,3256528,379.0,267280.0,4806,3812760,5512,3523808,9939,7069195
2021-07-13 15:00:00,4669,3550149,4726.0,3261254,366.0,267646.0,5035,3817795,5092,3528900,9761,7078956
2021-07-14 15:00:00,4627,3554776,5290.0,3266544,422.0,268068.0,5049,3822844,5712,3534612,10339,7089295
2021-07-15 15:00:00,4914,3559690,5019.0,3271563,358.0,268426.0,5272,3828116,5377,3539989,10291,7099586
2021-07-16 15:00:00,6276,3565966,5849.0,3277412,405.0,268831.0,6681,3834797,6254,3546243,12530,7112116
2021-07-17 15:00:00,3416,3569382,3554.0,3280966,303.0,269134.0,3719,3838516,3857,3550100,7273,7119389
2021-07-18 15:00:00,2311,3571693,2384.0,3283350,110.0,269244.0,2421,3840937,2494,3552594,4805,7124194
2021-07-19 15:00:00,5145,3576838,4614.0,3287964,383.0,269627.0,5528,3846465,4997,3557591,10142,7134336
2021-07-20 15:00:00,5345,3582183,4728.0,3292692,367.0,269994.0,5712,3852177,5095,3562686,10440,7144776
2021-07-21 15:00:00,5664,3587847,4958.0,3297650,416.0,270410.0,6080,3858257,5374,3568060,11038,7155814
2021-07-22 15:00:00,6033,3593880,4649.0,3302299,472.0,270882.0,6505,3864762,5121,3573181,11154,7166968
2021-07-23 15:00:00,6846,3600726,4849.0,3307148,499.0,271381.0,7345,3872107,5348,3578529,12194,7179162
2021-07-24 15:00:00,4282,3605008,3209.0,3310357,267.0,271648.0,4549,3876656,3476,3582005,7758,7186920
2021-07-25 15:00:00,3299,3608307,1122.0,3311479,140.0,271788.0,3439,3880095,1262,3583267,4561,7191481
2021-07-26 15:00:00,6220,3614527,3912.0,3315391,419.0,272207.0,6639,3886734,4331,3587598,10551,7202032
2021-07-27 15:00:00,6607,3621134,4291.0,3319682,458.0,272665.0,7065,3893799,4749,3592347,11356,7213388
2021-07-28 15:00:00,7091,3628225,4153.0,3323835,460.0,273125.0,7551,3901350,4613,3596960,11704,7225092
2021-07-29 15:00:00,7083,3635308,4312.0,3328147,419.0,273544.0,7502,3908852,4731,3601691,11814,7236906
2021-07-30 15:00:00,7826,3643134,4813.0,3332960,527.0,274071.0,8353,3917205,5340,3607031,13166,7250072
2021-07-31 15:00:00,4793,3647927,3085.0,3336045,274.0,274345.0,5067,3922272,3359,3610390,8152,7258224
2021-08-01 15:00:00,3908,3651835,2189.0,3338234,165.0,274510.0,4073,3926345,2354,3612744,6262,7264486
2021-08-02 15:00:00,7275,3659110,3852.0,3342086,342.0,274852.0,7617,3933962,4194,3616938,11469,7275955
2021-08-03 15:00:00,7275,3666385,4109.0,3346195,517.0,275369.0,7792,3941754,4626,3621564,11901,7287856
2021-08-04 15:00:00,7430,3673815,4123.0,3350318,536.0,275905.0,7966,3949720,4659,3626223,12089,7299945
2021-08-05 15:00:00,7962,3681777,4304.0,3354622,539.0,276444.0,8501,3958221,4843,3631066,12805,7312750
2021-08-06 15:00:00,8341,3690118,4743.0,3359365,454.0,276898.0,8795,3967016,5197,3636263,13538,7326288
2021-08-07 15:00:00,5305,3695423,2842.0,3362207,264.0,277162.0,5569,3972585,3106,3639369,8411,7334699
2021-08-08 15:00:00,3979,3699402,2063.0,3364270,146.0,277308.0,4125,3976710,2209,3641578,6188,7340887
2021-08-09 15:00:00,6959,3706361,4568.0,3368838,370.0,277678.0,7329,3984039,4938,3646516,11897,7352784
2021-08-10 15:00:00,7176,3713537,4497.0,3373335,340.0,278018.0,7516,3991555,4837,3651353,12013,7364797
2021-08-11 15:00:00,7090,3720627,4448.0,3377783,443.0,278461.0,7533,3999088,4891,3656244,11981,7376778
2021-08-12 15:00:00,8642,3729269,4760.0,3382543,445.0,278906.0,9087,4008175,5205,3661449,13847,7390625
2021-08-13 15:00:00,7166,3736435,5403.0,3387946,397.0,279303.0,7563,4015738,5800,3667249,12966,7403591
2021-08-14 15:00:00,4924,3741359,3343.0,3391289,285.0,279588.0,5209,4020947,3628,3670877,8552,7412143
2021-08-15 15:00:00,3328,3744687,2740.0,3394029,163.0,279751.0,3491,4024438,2903,3673780,6231,7418374
2021-08-16 15:00:00,5455,3750142,5094.0,3399123,354.0,280105.0,5809,4030247,5448,3679228,10903,7429277
2021-08-17 15:00:00,6821,3756963,5365.0,3404488,391.0,280496.0,7212,4037459,5756,3684984,12577,7441854
2021-08-18 15:00:00,6335,3763298,5514.0,3410002,481.0,280977.0,6816,4044275,5995,3690979,12330,7454184
2021-08-19 15:00:00,6228,3769526,5558.0,3415560,417.0,281394.0,6645,4050920,5975,3696954,12203,7466387
2021-08-20 15:00:00,6845,3776371,6556.0,3422116,401.0,281795.0,7246,4058166,6957,3703911,13802,7480189
2021-08-21 15:00:00,4340,3780711,3919.0,3426035,229.0,282024.0,4569,4062735,4148,3708059,8488,7488677
2021-08-22 15:00:00,3060,3783771,3170.0,3429205,110.0,282134.0,3170,4065905,3280,3711339,6340,7495017
2021-08-23 15:00:00,5998,3789769,6108.0,3435313,287.0,282421.0,6285,4072190,6395,3717734,12393,7507410
2021-08-24 15:00:00,6548,3796317,6079.0,3441392,425.0,282846.0,6973,4079163,6504,3724238,13052,7520462
2021-08-25 15:00:00,6721,3803038,6229.0,3447621,441.0,283287.0,7162,4086325,6670,3730908,13391,7533853
2021-08-26 15:00:00,6970,3810008,6661.0,3454282,428.0,283715.0,7398,4093723,7089,3737997,14059,7547912
2021-08-27 15:00:00,6832,3816840,7088.0,3461370,317.0,284032.0,7149,4100872,7405,3745402,14237,7562149
2021-08-28 15:00:00,6908,3823748,6527.0,3467897,326.0,284358.0,7234,4108106,6853,3752255,13761,7575910
2021-08-29 15:00:00,3738,3827486,3693.0,3471590,610.0,284968.0,4348,4112454,4303,3756558,8041,7583951
2021-08-30 15:00:00,5932,3833418,6131.0,3477721,960.0,285928.0,6892,4119346,7091,3763649,13023,7596974
2021-08-31 15:00:00,5904,3839322,6078.0,3483799,946.0,286874.0,6850,4126196,7024,3770673,12928,7609902
2021-09-01 15:00:00,5597,3844919,5706.0,3489505,918.0,287792.0,6515,4132711,6624,3777297,12221,7622123
2021-09-02 15:00:00,5540,3850459,5948.0,3495453,709.0,288501.0,6249,4138960,6657,3783954,12197,7634320
2021-09-03 15:00:00,6012,3856471,6947.0,3502400,977.0,289478.0,6989,4145949,7924,3791878,13936,7648256
2021-09-04 15:00:00,3734,3860205,4356.0,3506756,878.0,290356.0,4612,4150561,5234,3797112,8968,7657224
2021-09-05 15:00:00,2957,3863162,2814.0,3509570,106.0,290462.0,3063,4153624,2920,3800032,5877,7663101
2021-09-06 15:00:00,1059,3864221,1161.0,3510731,69.0,290531.0,1128,4154752,1230,3801262,2289,7665390
2021-09-07 15:00:00,5349,3869570,7306.0,3518037,2303.0,292834.0,7652,4162404,9609,3810871,14958,7680348
2021-09-08 15:00:00,4656,3874226,5482.0,3523519,364.0,293198.0,5020,4167424,5846,3816717,10502,7690850
2021-09-09 15:00:00,5020,3879246,5467.0,3528986,325.0,293523.0,5345,4172769,5792,3822509,10812,7701662
2021-09-10 15:00:00,6527,3885773,6672.0,3535658,1719.0,295242.0,8246,4181015,8391,3830900,14918,7716580
2021-09-11 15:00:00,4177,3889950,4345.0,3540003,666.0,295908.0,4843,4185858,5011,3835911,9188,7725768
2021-09-12 15:00:00,3171,3893121,3239.0,3543242,436.0,296344.0,3607,4189465,3675,3839586,6846,7732614
2021-09-13 15:00:00,4885,3898006,5074.0,3548316,347.0,296691.0,5232,4194697,5421,3845007,10306,7742920
2021-09-14 15:00:00,4776,3902782,5447.0,3553763,437.0,297128.0,5213,4199910,5884,3850891,10660,7753580
2021-09-15 15:00:00,5047,3907829,5885.0,3559648,392.0,297520.0,5439,4205349,6277,3857168,11324,7764904
2021-09-16 15:00:00,4813,3912642,5851.0,3565499,336.0,297856.0,5149,4210498,6187,3863355,11000,7775904
2021-09-17 15:00:00,5282,3917924,6584.0,3572083,344.0,298200.0,5626,4216124,6928,3870283,12210,7788114
2021-09-18 15:00:00,3823,3921747,4580.0,3576663,185.0,298385.0,4008,4220132,4765,3875048,8588,7796702
2021-09-19 15:00:00,2741,3924488,3177.0,3579840,75.0,298460.0,2816,4222948,3252,3878300,5993,7802695
2021-09-20 15:00:00,3756,3928244,4678.0,3584518,429.0,298889.0,4185,4227133,5107,3883407,8863,7811558
2021-09-21 15:00:00,4005,3932249,5007.0,3589525,327.0,299216.0,4332,4231465,5334,3888741,9339,7820897
2021-09-22 15:00:00,4197,3936446,4779.0,3594304,459.0,299675.0,4656,4236121,5238,3893979,9435,7830332
2021-09-23 15:00:00,4185,3940631,4732.0,3599036,492.0,300167.0,4677,4240798,5224,3899203,9409,7839741
2021-09-24 15:00:00,5087,3945718,5616.0,3604652,422.0,300589.0,5509,4246307,6038,3905241,11125,7850866
2021-09-25 15:00:00,3641,3949359,3629.0,3608281,384.0,300973.0,4025,4250332,4013,3909254,7654,7858520
2021-09-26 15:00:00,2348,3951707,2666.0,3610947,431.0,301404.0,2779,4253111,3097,3912351,5445,7863965
2021-09-27 15:00:00,4509,3956216,2711.0,3613658,512.0,301916.0,5021,4258132,3223,3915574,7732,7871697
2021-09-28 15:00:00,4405,3960621,4452.0,3618110,211.0,302127.0,4616,4262748,4663,3920237,9068,7880765
2021-09-29 15:00:00,4694,3965315,4512.0,3622622,920.0,303047.0,5614,4268362,5432,3925669,10126,7890891
2021-09-30 15:00:00,4893,3970208,4562.0,3627184,796.0,303843.0,5689,4274051,5358,3931027,10251,7901142
2021-10-01 15:00:00,5525,3975733,5354.0,3632538,785.0,304628.0,6310,4280361,6139,3937166,11664,7912806
2021-10-02 15:00:00,2945,3978678,2898.0,3635436,187.0,304815.0,3132,4283493,3085,3940251,6030,7918836
2021-10-03 15:00:00,2075,3980753,2377.0,3637813,86.0,304901.0,2161,4285654,2463,3942714,4538,7923374
2021-10-04 15:00:00,4025,3984778,3499.0,3641312,232.0,305133.0,4257,4289911,3731,3946445,7756,7931130
2021-10-05 15:00:00,3954,3988732,3661.0,3644973,207.0,305340.0,4161,4294072,3868,3950313,7822,7938952
2021-10-06 15:00:00,4023,3992755,3572.0,3648545,266.0,305606.0,4289,4298361,3838,3954151,7861,7946813
2021-10-07 15:00:00,4233,3996988,3627.0,3652172,332.0,305938.0,4565,4302926,3959,3958110,8192,7955005
2021-10-08 15:00:00,4772,4001760,4291.0,3656463,283.0,306221.0,5055,4307981,4574,3962684,9346,7964351
2021-10-09 15:00:00,2692,4004452,2677.0,3659140,270.0,306491.0,2962,4310943,2947,3965631,5639,7969990
2021-10-10 15:00:00,1861,4006313,1850.0,3660990,59.0,306550.0,1920,4312863,1909,3967540,3770,7973760
2021-10-11 15:00:00,4211,4010524,3315.0,3664305,250.0,306800.0,4461,4317324,3565,3971105,7776,7981536
2021-10-12 15:00:00,3599,4014123,3534.0,3667839,273.0,307073.0,3872,4321196,3807,3974912,7406,7988942
2021-10-13 15:00:00,3981,4018104,3457.0,3671296,346.0,307419.0,4327,4325523,3803,3978715,7784,7996726
2021-10-14 15:00:00,5165,4023269,5496.0,3676792,431.0,307850.0,5596,4331119,5927,3984642,11092,8007818
2021-10-15 15:00:00,4759,4028028,4601.0,3681393,347.0,308197.0,5106,4336225,4948,3989590,9707,8017525
2021-10-16 15:00:00,2497,4030525,2516.0,3683909,291.0,308488.0,2788,4339013,2807,3992397,5304,8022829
2021-10-17 15:00:00,1805,4032330,1774.0,3685683,55.0,308543.0,1860,4340873,1829,3994226,3634,8026463
2021-10-18 15:00:00,4281,4036611,3577.0,3689260,268.0,308811.0,4549,4345422,3845,3998071,8126,8034589
2021-10-19 15:00:00,4302,4040913,4002.0,3693262,223.0,309034.0,4525,4349947,4225,4002296,8527,8043116
2021-10-20 15:00:00,3536,4044449,3420.0,3696682,255.0,309289.0,3791,4353738,3675,4005971,7211,8050327
2021-10-21 15:00:00,3302,4047751,3275.0,3699957,291.0,309580.0,3593,4357331,3566,4009537,6868,8057195
2021-10-22 15:00:00,4684,4052435,4032.0,3703989,477.0,310057.0,5161,4362492,4509,4014046,9193,8066388
2021-10-23 15:00:00,2885,4055320,2112.0,3706101,321.0,310378.0,3206,4365698,2433,4016479,5318,8071706
2021-10-24 15:00:00,2056,4057376,1551.0,3707652,79.0,310457.0,2135,4367833,1630,4018109,3686,8075392
2021-10-25 15:00:00,4548,4061924,3068.0,3710720,320.0,310777.0,4868,4372701,3388,4021497,7936,8083328
2021-10-26 15:00:00,4511,4066435,3075.0,3713795,316.0,311093.0,4827,4377528,3391,4024888,7902,8091230
2021-10-27 15:00:00,4735,4071170,3338.0,3717133,436.0,311529.0,5171,4382699,3774,4028662,8509,8099739
2021-10-28 15:00:00,4569,4075739,3359.0,3720492,502.0,312031.0,5071,4387770,3861,4032523,8430,8108169
2021-10-29 15:00:00,4990,4080729,3917.0,3724409,395.0,312426.0,5385,4393155,4312,4036835,9302,8117471
2021-10-30 15:00:00,2632,4083361,1841.0,3726250,307.0,312733.0,2939,4396094,2148,4038983,4780,8122251
2021-10-31 15:00:00,1933,4085294,1518.0,3727768,93.0,312826.0,2026,4398120,1611,4040594,3544,8125795
2021-11-01 15:00:00,4732,4090026,3432.0,3731200,349.0,313175.0,5081,4403201,3781,4044375,8513,8134308
2021-11-02 15:00:00,4261,4094287,2940.0,3734140,409.0,313584.0,4670,4407871,3349,4047724,7610,8141918
2021-11-03 15:00:00,4663,4098950,3047.0,3737187,464.0,314048.0,5127,4412998,3511,4051235,8174,8150092
2021-11-04 15:00:00,6317,4105267,3365.0,3740552,513.0,314561.0,6830,4419828,3878,4055113,10195,8160287
2021-11-05 15:00:00,8243,4113510,3767.0,3744319,413.0,314974.0,8656,4428484,4180,4059293,12423,8172710
2021-11-06 15:00:00,10173,4123683,1970.0,3746289,308.0,315282.0,10481,4438965,2278,4061571,12451,8185161
2021-11-07 15:00:00,7717,4131400,1461.0,3747750,95.0,315377.0,7812,4446777,1556,4063127,9273,8194434
2021-11-08 15:00:00,11306,4142706,3049.0,3750799,379.0,315756.0,11685,4458462,3428,4066555,14734,8209168
2021-11-09 15:00:00,11763,4154469,2645.0,3753444,268.0,316024.0,12031,4470493,2913,4069468,14676,8223844
2021-11-10 15:00:00,12594,4167063,2759.0,3756203,339.0,316363.0,12933,4483426,3098,4072566,15692,8239536
2021-11-11 15:00:00,11372,4178435,2373.0,3758576,280.0,316643.0,11652,4495078,2653,4075219,14025,8253561
2021-11-12 15:00:00,12293,4190728,3355.0,3761931,548.0,317191.0,12841,4507919,3903,4079122,16196,8269757
2021-11-13 15:00:00,9896,4200624,1592.0,3763523,342.0,317533.0,10238,4518157,1934,4081056,11830,8281587
2021-11-14 15:00:00,4199,4204823,1112.0,3764635,121.0,317654.0,4320,4522477,1233,4082289,5432,8287019
2021-11-15 15:00:00,8629,4213452,2514.0,3767149,210.0,317864.0,8839,4531316,2724,4085013,11353,8298372
2021-11-16 15:00:00,9229,4222681,2506.0,3769655,257.0,318121.0,9486,4540802,2763,4087776,11992,8310364
2021-11-17 15:00:00,9388,4232069,2862.0,3772517,312.0,318433.0,9700,4550502,3174,4090950,12562,8322926
2021-11-18 15:00:00,9282,4241351,2624.0,3775141,481.0,318914.0,9763,4560265,3105,4094055,12387,8335313
2021-11-19 15:00:00,9807,4251158,2918.0,3778059,381.0,319295.0,10188,4570453,3299,4097354,13106,8348419
2021-11-20 15:00:00,10630,4261788,1602.0,3779661,455.0,319750.0,11085,4581538,2057,4099411,12687,8361106
2021-11-21 15:00:00,4342,4266130,1201.0,3780862,100.0,319850.0,4442,4585980,1301,4100712,5643,8366749
2021-11-22 15:00:00,9824,4275954,2489.0,3783351,293.0,320143.0,10117,4596097,2782,4103494,12606,8379355
2021-11-23 15:00:00,9211,4285165,2388.0,3785739,283.0,320426.0,9494,4605591,2671,4106165,11882,8391237
2021-11-24 15:00:00,8171,4293336,2434.0,3788173,216.0,320642.0,8387,4613978,2650,4108815,10821,8402058
2021-11-25 15:00:00,239,4293575,78.0,3788251,10.0,320652.0,249,4614227,88,4108903,327,8402385
2021-11-26 15:00:00,5653,4299228,3961.0,3792212,153.0,320805.0,5806,4620033,4114,4113017,9767,8412152
2021-11-27 15:00:00,3778,4303006,5480.0,3797692,134.0,320939.0,3912,4623945,5614,4118631,9392,8421544
2021-11-28 15:00:00,2415,4305421,6385.0,3804077,77.0,321016.0,2492,4626437,6462,4125093,8877,8430421
2021-11-29 15:00:00,6382,4311803,9289.0,3813366,379.0,321395.0,6761,4633198,9668,4134761,16050,8446471
2021-11-30 15:00:00,6254,4318057,9322.0,3822688,264.0,321659.0,6518,4639716,9586,4144347,15840,8462311
2021-12-01 15:00:00,7321,4325378,9727.0,3832415,308.0,321967.0,7629,4647345,10035,4154382,17356,8479667
2021-12-02 15:00:00,6929,4332307,8789.0,3841204,450.0,322417.0,7379,4654724,9239,4163621,16168,8495835
2021-12-03 15:00:00,7619,4339926,9263.0,3850467,251.0,322668.0,7870,4662594,9514,4173135,17133,8512968
2021-12-04 15:00:00,5953,4345879,10053.0,3860520,467.0,323135.0,6420,4669014,10520,4183655,16473,8529441
2021-12-05 15:00:00,3446,4349325,3549.0,3864069,78.0,323213.0,3524,4672538,3627,4187282,7073,8536514
2021-12-06 15:00:00,6768,4356093,7098.0,3871167,281.0,323494.0,7049,4679587,7379,4194661,14147,8550661
2021-12-07 15:00:00,6419,4362512,7041.0,3878208,250.0,323744.0,6669,4686256,7291,4201952,13710,8564371
2021-12-08 15:00:00,6943,4369455,7412.0,3885620,315.0,324059.0,7258,4693514,7727,4209679,14670,8579041
2021-12-09 15:00:00,6550,4376005,7028.0,3892648,398.0,324457.0,6948,4700462,7426,4217105,13976,8593017
2021-12-10 15:00:00,7293,4383298,7330.0,3899978,232.0,324689.0,7525,4707987,7562,4224667,14855,8607872
2021-12-11 15:00:00,4462,4387760,7675.0,3907653,333.0,325022.0,4795,4712782,8008,4232675,12470,8620342
2021-12-12 15:00:00,4001,4391761,2771.0,3910424,60.0,325082.0,4061,4716843,2831,4235506,6832,8627174
2021-12-13 15:00:00,5698,4397459,5769.0,3916193,243.0,325325.0,5941,4722784,6012,4241518,11710,8638884
2021-12-14 15:00:00,6469,4403928,5932.0,3922125,222.0,325547.0,6691,4729475,6154,4247672,12623,8651507
2021-12-15 15:00:00,7174,4411102,5720.0,3927845,258.0,325805.0,7432,4736907,5978,4253650,13152,8664659
2021-12-16 15:00:00,7899,4419001,2827.0,3930672,423.0,326228.0,8322,4745229,3250,4256900,11149,8675808
2021-12-17 15:00:00,7849,4426850,4163.0,3934835,195.0,326423.0,8044,4753273,4358,4261258,12207,8688015
2021-12-18 15:00:00,5846,4432696,3182.0,3938017,298.0,326721.0,6144,4759417,3480,4264738,9326,8697341
2021-12-19 15:00:00,3377,4436073,1342.0,3939359,37.0,326758.0,3414,4762831,1379,4266117,4756,8702097
2021-12-20 15:00:00,8102,4444175,3748.0,3943107,173.0,326931.0,8275,4771106,3921,4270038,12023,8714120
2021-12-21 15:00:00,9001,4453176,4160.0,3947267,175.0,327106.0,9176,4780282,4335,4274373,13336,8727456
2021-12-22 15:00:00,8698,4461874,3878.0,3951145,184.0,327290.0,8882,4789164,4062,4278435,12760,8740216
2021-12-23 15:00:00,8416,4470290,3573.0,3954718,359.0,327649.0,8775,4797939,3932,4282367,12348,8752564
2021-12-24 15:00:00,1635,4471925,1010.0,3955728,39.0,327688.0,1674,4799613,1049,4283416,2684,8755248
2021-12-25 15:00:00,47,4471972,36.0,3955764,1.0,327689.0,48,4799661,37,4283453,84,8755332
2021-12-26 15:00:00,2518,4474490,1746.0,3957510,44.0,327733.0,2562,4802223,1790,4285243,4308,8759640
2021-12-27 15:00:00,7220,4481710,4003.0,3961513,297.0,328030.0,7517,4809740,4300,4289543,11520,8771160
2021-12-28 15:00:00,7944,4489654,3859.0,3965372,178.0,328208.0,8122,4817862,4037,4293580,11981,8783141
2021-12-29 15:00:00,8244,4497898,4021.0,3969393,156.0,328364.0,8400,4826262,4177,4297757,12421,8795562
2021-12-30 15:00:00,7485,4505383,3791.0,3973184,290.0,328654.0,7775,4834037,4081,4301838,11566,8807128
2021-12-31 15:00:00,2576,4507959,1532.0,3974716,90.0,328744.0,2666,4836703,1622,4303460,4198,8811326
2022-01-01 15:00:00,737,4508696,347.0,3975063,34.0,328778.0,771,4837474,381,4303841,1118,8812444
2022-01-02 15:00:00,2216,4510912,1650.0,3976713,48.0,328826.0,2264,4839738,1698,4305539,3914,8816358
2022-01-03 15:00:00,3399,4514311,2067.0,3978780,222.0,329048.0,3621,4843359,2289,4307828,5688,8822046
2022-01-04 15:00:00,5859,4520170,3489.0,3982269,165.0,329213.0,6024,4849383,3654,4311482,9513,8831559
2022-01-05 15:00:00,6835,4527005,4697.0,3986966,175.0,329388.0,7010,4856393,4872,4316354,11707,8843266
2022-01-06 15:00:00,6783,4533788,4825.0,3991791,265.0,329653.0,7048,4863441,5090,4321444,11873,8855139
2022-01-07 15:00:00,6010,4539798,3784.0,3995575,162.0,329815.0,6172,4869613,3946,4325390,9956,8865095
2022-01-08 15:00:00,4810,4544608,3911.0,3999486,78.0,329893.0,4888,4874501,3989,4329379,8799,8873894
2022-01-09 15:00:00,2764,4547372,2017.0,4001503,154.0,330047.0,2918,4877419,2171,4331550,4935,8878829
2022-01-10 15:00:00,6358,4553730,3842.0,4005345,161.0,330208.0,6519,4883938,4003,4335553,10361,8889190
2022-01-11 15:00:00,6571,4560301,4256.0,4009601,142.0,330350.0,6713,4890651,4398,4339951,10969,8900159
2022-01-12 15:00:00,6828,4567129,4440.0,4014041,225.0,330575.0,7053,4897704,4665,4344616,11493,8911652
2022-01-13 15:00:00,6681,4573810,4387.0,4018428,153.0,330728.0,6834,4904538,4540,4349156,11221,8922873
2022-01-14 15:00:00,7235,4581045,3295.0,4021723,252.0,330980.0,7487,4912025,3547,4352703,10782,8933655
2022-01-15 15:00:00,4275,4585320,1698.0,4023421,71.0,331051.0,4346,4916371,1769,4354472,6044,8939699
2022-01-16 15:00:00,2219,4587539,1319.0,4024740,116.0,331167.0,2335,4918706,1435,4355907,3654,8943353
2022-01-17 15:00:00,3629,4591168,2372.0,4027112,74.0,331241.0,3703,4922409,2446,4358353,6075,8949428
2022-01-18 15:00:00,5298,4596466,4204.0,4031316,102.0,331343.0,5400,4927809,4306,4362659,9604,8959032
2022-01-19 15:00:00,5297,4601763,4483.0,4035799,99.0,331442.0,5396,4933205,4582,4367241,9879,8968911
2022-01-20 15:00:00,4528,4606291,3628.0,4039427,176.0,331618.0,4704,4937909,3804,4371045,8332,8977243
2022-01-21 15:00:00,5601,4611892,2935.0,4042362,126.0,331744.0,5727,4943636,3061,4374106,8662,8985905
2022-01-22 15:00:00,3462,4615354,1727.0,4044089,134.0,331878.0,3596,4947232,1861,4375967,5323,8991228
2022-01-23 15:00:00,2032,4617386,1496.0,4045585,30.0,331908.0,2062,4949294,1526,4377493,3558,8994786
2022-01-24 15:00:00,4126,4621512,2774.0,4048359,89.0,331997.0,4215,4953509,2863,4380356,6989,9001775
2022-01-25 15:00:00,3818,4625330,3315.0,4051674,95.0,332092.0,3913,4957422,3410,4383766,7228,9009003
2022-01-26 15:00:00,3880,4629210,3696.0,4055370,94.0,332186.0,3974,4961396,3790,4387556,7670,9016673
2022-01-27 15:00:00,3778,4632988,3922.0,4059292,187.0,332373.0,3965,4965361,4109,4391665,7887,9024560
2022-01-28 15:00:00,3854,4636842,3284.0,4062576,75.0,332448.0,3929,4969290,3359,4395024,7213,9031773
2022-01-29 15:00:00,2304,4639146,2294.0,4064870,117.0,332565.0,2421,4971711,2411,4397435,4715,9036488
2022-01-30 15:00:00,1560,4640706,1637.0,4066507,16.0,332581.0,1576,4973287,1653,4399088,3213,9039701
2022-01-31 15:00:00,2996,4643702,3239.0,4069746,58.0,332639.0,3054,4976341,3297,4402385,6293,9045994
2022-02-01 15:00:00,2644,4646346,3411.0,4073157,75.0,332714.0,2719,4979060,3486,4405871,6130,9052124
2022-02-02 15:00:00,2820,4649166,3724.0,4076881,77.0,332791.0,2897,4981957,3801,4409672,6621,9058745
2022-02-03 15:00:00,2764,4651930,3655.0,4080536,41.0,332832.0,2805,4984762,3696,4413368,6460,9065205
2022-02-04 15:00:00,2779,4654709,4382.0,4084918,128.0,332960.0,2907,4987669,4510,4417878,7289,9072494
2022-02-05 15:00:00,1927,4656636,2897.0,4087815,112.0,333072.0,2039,4989708,3009,4420887,4936,9077430
2022-02-06 15:00:00,1064,4657700,1343.0,4089158,24.0,333096.0,1088,4990796,1367,4422254,2431,9079861
2022-02-07 15:00:00,2061,4659761,2692.0,4091850,47.0,333143.0,2108,4992904,2739,4424993,4800,9084661
2022-02-08 15:00:00,2082,4661843,3069.0,4094919,63.0,333206.0,2145,4995049,3132,4428125,5214,9089875
2022-02-09 15:00:00,2195,4664038,3300.0,4098219,73.0,333279.0,2268,4997317,3373,4431498,5568,9095443
2022-02-10 15:00:00,2072,4666110,2846.0,4101065,55.0,333334.0,2127,4999444,2901,4434399,4973,9100416
2022-02-11 15:00:00,2465,4668575,3485.0,4104550,121.0,333455.0,2586,5002030,3606,4438005,6071,9106487
2022-02-12 15:00:00,1641,4670216,2267.0,4106817,97.0,333552.0,1738,5003768,2364,4440369,4005,9110492
2022-02-13 15:00:00,737,4670953,1078.0,4107895,17.0,333569.0,754,5004522,1095,4441464,1832,9112324
2022-02-14 15:00:00,1445,4672398,2212.0,4110107,65.0,333634.0,1510,5006032,2277,4443741,3722,9116046
2022-02-15 15:00:00,1895,4674293,2407.0,4112514,47.0,333681.0,1942,5007974,2454,4446195,4349,9120395
2022-02-16 15:00:00,1601,4675894,2345.0,4114859,49.0,333730.0,1650,5009624,2394,4448589,3995,9124390
2022-02-17 15:00:00,865,4676759,1177.0,4116036,24.0,333754.0,889,5010513,1201,4449790,2066,9126456
