VACCINATION_DATE,FirstDailyDose,FirstDoseCumulative,SecondDailyDose,SecondDoseCumulative,SingleDailyDose,SingleDoseCumulative,AtleastOneVaccine,AtleastOneVaccineCumulative,CompletedVax,CompletedVaxCumulative,FirstSecondSingleVaccinations,FirstSecondSingleVaccinationsCumulative
2020-12-14 15:00:00,19,1441,,530,,,19,1441,0,530,19,1868
2020-12-15 15:00:00,61,1502,3.0,533,,,61,1502,3,533,64,1932
2020-12-16 15:00:00,596,2098,5.0,538,,,596,2098,5,538,601,2533
2020-12-17 15:00:00,1165,3263,8.0,546,,,1165,3263,8,546,1173,3706
2020-12-18 15:00:00,3028,6291,12.0,558,,,3028,6291,12,558,3040,6746
2020-12-19 15:00:00,929,7220,7.0,565,,,929,7220,7,565,936,7682
2020-12-20 15:00:00,365,7585,6.0,571,,,365,7585,6,571,371,8053
2020-12-21 15:00:00,3893,11478,27.0,598,,,3893,11478,27,598,3920,11973
2020-12-22 15:00:00,6325,17803,28.0,626,,,6325,17803,28,626,6353,18326
2020-12-23 15:00:00,5789,23592,38.0,664,,,5789,23592,38,664,5827,24153
2020-12-24 15:00:00,2729,26321,15.0,679,,,2729,26321,15,679,2744,26897
2020-12-25 15:00:00,1035,27356,4.0,683,,,1035,27356,4,683,1039,27936
2020-12-26 15:00:00,1883,29239,10.0,693,,,1883,29239,10,693,1893,29829
2020-12-27 15:00:00,1803,31042,12.0,705,,,1803,31042,12,705,1815,31644
2020-12-28 15:00:00,8989,40031,50.0,755,,,8989,40031,50,755,9039,40683
2020-12-29 15:00:00,10974,51005,53.0,808,,,10974,51005,53,808,11027,51710
2020-12-30 15:00:00,12500,63505,92.0,900,,,12500,63505,92,900,12592,64302
2020-12-31 15:00:00,7558,71063,47.0,947,,,7558,71063,47,947,7605,71907
2021-01-01 15:00:00,3336,74399,145.0,1092,,,3336,74399,145,1092,3481,75388
2021-01-02 15:00:00,3052,77451,34.0,1126,,,3052,77451,34,1126,3086,78474
2021-01-03 15:00:00,3412,80863,82.0,1208,,,3412,80863,82,1208,3494,81968
2021-01-04 15:00:00,13368,94231,338.0,1546,,,13368,94231,338,1546,13706,95674
2021-01-05 15:00:00,12492,106723,550.0,2096,,,12492,106723,550,2096,13042,108716
2021-01-06 15:00:00,15273,121996,868.0,2964,,,15273,121996,868,2964,16141,124857
2021-01-07 15:00:00,15051,137047,1779.0,4743,,,15051,137047,1779,4743,16830,141687
2021-01-08 15:00:00,24021,161068,2789.0,7532,,,24021,161068,2789,7532,26810,168497
2021-01-09 15:00:00,5177,166245,956.0,8488,,,5177,166245,956,8488,6133,174630
2021-01-10 15:00:00,2973,169218,386.0,8874,,,2973,169218,386,8874,3359,177989
2021-01-11 15:00:00,13737,182955,3478.0,12352,,,13737,182955,3478,12352,17215,195204
2021-01-12 15:00:00,17400,200355,5595.0,17947,,,17400,200355,5595,17947,22995,218199
2021-01-13 15:00:00,18626,218981,3935.0,21882,,,18626,218981,3935,21882,22561,240760
2021-01-14 15:00:00,17873,236854,1964.0,23846,,,17873,236854,1964,23846,19837,260597
2021-01-15 15:00:00,19492,256346,2033.0,25879,,,19492,256346,2033,25879,21525,282122
2021-01-16 15:00:00,5842,262188,1618.0,27497,,,5842,262188,1618,27497,7460,289582
2021-01-17 15:00:00,2125,264313,1480.0,28977,,,2125,264313,1480,28977,3605,293187
2021-01-18 15:00:00,7082,271395,3267.0,32244,,,7082,271395,3267,32244,10349,303536
2021-01-19 15:00:00,16957,288352,5412.0,37656,,,16957,288352,5412,37656,22369,325905
2021-01-20 15:00:00,21014,309366,5330.0,42986,,,21014,309366,5330,42986,26344,352249
2021-01-21 15:00:00,23819,333185,3856.0,46842,,,23819,333185,3856,46842,27675,379924
2021-01-22 15:00:00,28664,361849,3762.0,50604,,,28664,361849,3762,50604,32426,412350
2021-01-23 15:00:00,10129,371978,1945.0,52549,,,10129,371978,1945,52549,12074,424424
2021-01-24 15:00:00,3359,375337,1723.0,54272,,,3359,375337,1723,54272,5082,429506
2021-01-25 15:00:00,16312,391649,8614.0,62886,,,16312,391649,8614,62886,24926,454432
2021-01-26 15:00:00,17564,409213,8982.0,71868,,,17564,409213,8982,71868,26546,480978
2021-01-27 15:00:00,24442,433655,12564.0,84432,,,24442,433655,12564,84432,37006,517984
2021-01-28 15:00:00,22666,456321,9333.0,93765,,,22666,456321,9333,93765,31999,549983
2021-01-29 15:00:00,24789,481110,7933.0,101698,,,24789,481110,7933,101698,32722,582705
2021-01-30 15:00:00,17782,498892,2570.0,104268,,,17782,498892,2570,104268,20352,603057
2021-01-31 15:00:00,3765,502657,1374.0,105642,,,3765,502657,1374,105642,5139,608196
2021-02-01 15:00:00,8151,510808,5410.0,111052,,,8151,510808,5410,111052,13561,621757
2021-02-02 15:00:00,12519,523327,13833.0,124885,,,12519,523327,13833,124885,26352,648109
2021-02-03 15:00:00,18263,541590,18144.0,143029,,,18263,541590,18144,143029,36407,684516
2021-02-04 15:00:00,22143,563733,15801.0,158830,,,22143,563733,15801,158830,37944,722460
2021-02-05 15:00:00,20415,584148,17449.0,176279,,,20415,584148,17449,176279,37864,760324
2021-02-06 15:00:00,11377,595525,14537.0,190816,,,11377,595525,14537,190816,25914,786238
2021-02-07 15:00:00,5990,601515,1945.0,192761,,,5990,601515,1945,192761,7935,794173
2021-02-08 15:00:00,13012,614527,12981.0,205742,,,13012,614527,12981,205742,25993,820166
2021-02-09 15:00:00,16665,631192,13880.0,219622,,,16665,631192,13880,219622,30545,850711
2021-02-10 15:00:00,19327,650519,21320.0,240942,,,19327,650519,21320,240942,40647,891358
2021-02-11 15:00:00,22947,673466,17387.0,258329,,,22947,673466,17387,258329,40334,931692
2021-02-12 15:00:00,20440,693906,19672.0,278001,,,20440,693906,19672,278001,40112,971804
2021-02-13 15:00:00,11469,705375,6426.0,284427,,,11469,705375,6426,284427,17895,989699
2021-02-14 15:00:00,7122,712497,2137.0,286564,,,7122,712497,2137,286564,9259,998958
2021-02-15 15:00:00,11771,724268,13345.0,299909,,,11771,724268,13345,299909,25116,1024074
2021-02-16 15:00:00,16651,740919,21033.0,320942,,,16651,740919,21033,320942,37684,1061758
2021-02-17 15:00:00,20683,761602,26388.0,347330,,,20683,761602,26388,347330,47071,1108829
2021-02-18 15:00:00,3204,764806,4623.0,351953,,,3204,764806,4623,351953,7827,1116656
2021-02-19 15:00:00,10263,775069,19931.0,371884,,,10263,775069,19931,371884,30194,1146850
2021-02-20 15:00:00,10319,785388,20304.0,392188,,,10319,785388,20304,392188,30623,1177473
2021-02-21 15:00:00,6190,791578,7666.0,399854,,,6190,791578,7666,399854,13856,1191329
2021-02-22 15:00:00,8038,799616,15489.0,415343,,,8038,799616,15489,415343,23527,1214856
2021-02-23 15:00:00,15545,815161,15979.0,431322,,,15545,815161,15979,431322,31524,1246380
2021-02-24 15:00:00,18000,833161,24846.0,456168,,,18000,833161,24846,456168,42846,1289226
2021-02-25 15:00:00,20391,853552,26582.0,482750,,,20391,853552,26582,482750,46973,1336199
2021-02-26 15:00:00,26699,880251,26279.0,509029,,,26699,880251,26279,509029,52978,1389177
2021-02-27 15:00:00,16031,896282,11162.0,520191,,,16031,896282,11162,520191,27193,1416370
2021-02-28 15:00:00,15523,911805,4891.0,525082,,,15523,911805,4891,525082,20414,1436784
2021-03-01 15:00:00,27164,938969,12655.0,537737,,,27164,938969,12655,537737,39819,1476603
2021-03-02 15:00:00,23989,962958,13301.0,551038,36.0,36.0,24025,962994,13337,551074,37326,1513929
2021-03-03 15:00:00,30233,993191,18417.0,569455,190.0,226.0,30423,993417,18607,569681,48840,1562769
2021-03-04 15:00:00,31004,1024195,18255.0,587710,4068.0,4294.0,35072,1028489,22323,592004,53327,1616096
2021-03-05 15:00:00,30083,1054278,19766.0,607476,4909.0,9203.0,34992,1063481,24675,616679,54758,1670854
2021-03-06 15:00:00,18990,1073268,9536.0,617012,6010.0,15213.0,25000,1088481,15546,632225,34536,1705390
2021-03-07 15:00:00,12150,1085418,4929.0,621941,6609.0,21822.0,18759,1107240,11538,643763,23688,1729078
2021-03-08 15:00:00,25925,1111343,8860.0,630801,8274.0,30096.0,34199,1141439,17134,660897,43059,1772137
2021-03-09 15:00:00,26143,1137486,15496.0,646297,8344.0,38440.0,34487,1175926,23840,684737,49983,1822120
2021-03-10 15:00:00,29885,1167371,16047.0,662344,7937.0,46377.0,37822,1213748,23984,708721,53869,1875989
2021-03-11 15:00:00,36011,1203382,16419.0,678763,3982.0,50359.0,39993,1253741,20401,729122,56412,1932401
2021-03-12 15:00:00,36904,1240286,18154.0,696917,2929.0,53288.0,39833,1293574,21083,750205,57987,1990388
2021-03-13 15:00:00,22669,1262955,10331.0,707248,1630.0,54918.0,24299,1317873,11961,762166,34630,2025018
2021-03-14 15:00:00,17834,1280789,6737.0,713985,1009.0,55927.0,18843,1336716,7746,769912,25580,2050598
2021-03-15 15:00:00,29884,1310673,11360.0,725345,598.0,56525.0,30482,1367198,11958,781870,41842,2092440
2021-03-16 15:00:00,33476,1344149,13586.0,738931,770.0,57295.0,34246,1401444,14356,796226,47832,2140272
2021-03-17 15:00:00,37624,1381773,17077.0,756008,1181.0,58476.0,38805,1440249,18258,814484,55882,2196154
2021-03-18 15:00:00,41471,1423244,12690.0,768698,1354.0,59830.0,42825,1483074,14044,828528,55515,2251669
2021-03-19 15:00:00,38382,1461626,15440.0,784138,1045.0,60875.0,39427,1522501,16485,845013,54867,2306536
2021-03-20 15:00:00,24728,1486354,10228.0,794366,705.0,61580.0,25433,1547934,10933,855946,35661,2342197
2021-03-21 15:00:00,19190,1505544,7902.0,802268,341.0,61921.0,19531,1567465,8243,864189,27433,2369630
2021-03-22 15:00:00,32602,1538146,11509.0,813777,835.0,62756.0,33437,1600902,12344,876533,44946,2414576
2021-03-23 15:00:00,38409,1576555,17856.0,831633,1556.0,64312.0,39965,1640867,19412,895945,57821,2472397
2021-03-24 15:00:00,41085,1617640,21252.0,852885,1387.0,65699.0,42472,1683339,22639,918584,63724,2536121
2021-03-25 15:00:00,42907,1660547,21728.0,874613,2456.0,68155.0,45363,1728702,24184,942768,67091,2603212
2021-03-26 15:00:00,36380,1696927,26715.0,901328,2495.0,70650.0,38875,1767577,29210,971978,65590,2668802
2021-03-27 15:00:00,26472,1723399,17323.0,918651,2491.0,73141.0,28963,1796540,19814,991792,46286,2715088
2021-03-28 15:00:00,17009,1740408,12686.0,931337,1615.0,74756.0,18624,1815164,14301,1006093,31310,2746398
2021-03-29 15:00:00,29722,1770130,26391.0,957728,1142.0,75898.0,30864,1846028,27533,1033626,57255,2803653
2021-03-30 15:00:00,40061,1810191,29084.0,986812,1866.0,77764.0,41927,1887955,30950,1064576,71011,2874664
2021-03-31 15:00:00,41023,1851214,34747.0,1021559,5750.0,83514.0,46773,1934728,40497,1105073,81520,2956184
2021-04-01 15:00:00,42427,1893641,41145.0,1062704,5754.0,89268.0,48181,1982909,46899,1151972,89326,3045510
2021-04-02 15:00:00,34923,1928564,32732.0,1095436,6132.0,95400.0,41055,2023964,38864,1190836,73787,3119297
2021-04-03 15:00:00,21168,1949732,19233.0,1114669,4393.0,99793.0,25561,2049525,23626,1214462,44794,3164091
2021-04-04 15:00:00,8298,1958030,10221.0,1124890,967.0,100760.0,9265,2058790,11188,1225650,19486,3183577
2021-04-05 15:00:00,27953,1985983,28980.0,1153870,6661.0,107421.0,34614,2093404,35641,1261291,63594,3247171
2021-04-06 15:00:00,39800,2025783,30510.0,1184380,10502.0,117923.0,50302,2143706,41012,1302303,80812,3327983
2021-04-07 15:00:00,36108,2061891,34361.0,1218741,12999.0,130922.0,49107,2192813,47360,1349663,83468,3411451
2021-04-08 15:00:00,42360,2104251,36158.0,1254899,13870.0,144792.0,56230,2249043,50028,1399691,92388,3503839
2021-04-09 15:00:00,34098,2138349,36356.0,1291255,14535.0,159327.0,48633,2297676,50891,1450582,84989,3588828
2021-04-10 15:00:00,23477,2161826,23159.0,1314414,7642.0,166969.0,31119,2328795,30801,1481383,54278,3643106
2021-04-11 15:00:00,17582,2179408,13287.0,1327701,10124.0,177093.0,27706,2356501,23411,1504794,40993,3684099
2021-04-12 15:00:00,24584,2203992,33254.0,1360955,10904.0,187997.0,35488,2391989,44158,1548952,68742,3752841
2021-04-13 15:00:00,126156,2330148,91314.0,1452269,3293.0,191290.0,129449,2521438,94607,1643559,220763,3973604
2021-04-14 15:00:00,40730,2370878,37845.0,1490114,213.0,191503.0,40943,2562381,38058,1681617,78788,4052392
2021-04-15 15:00:00,41417,2412295,39570.0,1529684,176.0,191679.0,41593,2603974,39746,1721363,81163,4133555
2021-04-16 15:00:00,37147,2449442,38890.0,1568574,24.0,191703.0,37171,2641145,38914,1760277,76061,4209616
2021-04-17 15:00:00,32811,2482253,22041.0,1590615,13.0,191716.0,32824,2673969,22054,1782331,54865,4264481
2021-04-18 15:00:00,20065,2502318,16208.0,1606823,5.0,191721.0,20070,2694039,16213,1798544,36278,4300759
2021-04-19 15:00:00,29885,2532203,36566.0,1643389,61.0,191782.0,29946,2723985,36627,1835171,66512,4367271
2021-04-20 15:00:00,32934,2565137,44491.0,1687880,58.0,191840.0,32992,2756977,44549,1879720,77483,4444754
2021-04-21 15:00:00,39835,2604972,47082.0,1734962,26.0,191866.0,39861,2796838,47108,1926828,86943,4531697
2021-04-22 15:00:00,35853,2640825,42695.0,1777657,16.0,191882.0,35869,2832707,42711,1969539,78564,4610261
2021-04-23 15:00:00,33149,2673974,40171.0,1817828,14.0,191896.0,33163,2865870,40185,2009724,73334,4683595
2021-04-24 15:00:00,26418,2700392,27927.0,1845755,81.0,191977.0,26499,2892369,28008,2037732,54426,4738021
2021-04-25 15:00:00,20219,2720611,10994.0,1856749,31.0,192008.0,20250,2912619,11025,2048757,31244,4769265
2021-04-26 15:00:00,27384,2747995,32759.0,1889508,201.0,192209.0,27585,2940204,32960,2081717,60344,4829609
2021-04-27 15:00:00,26676,2774671,33104.0,1922612,1097.0,193306.0,27773,2967977,34201,2115918,60877,4890486
2021-04-28 15:00:00,28926,2803597,39563.0,1962175,1367.0,194673.0,30293,2998270,40930,2156848,69856,4960342
2021-04-29 15:00:00,27069,2830666,39777.0,2001952,1463.0,196136.0,28532,3026802,41240,2198088,68309,5028651
2021-04-30 15:00:00,28199,2858865,32313.0,2034265,1649.0,197785.0,29848,3056650,33962,2232050,62161,5090812
2021-05-01 15:00:00,20742,2879607,26745.0,2061010,1054.0,198839.0,21796,3078446,27799,2259849,48541,5139353
2021-05-02 15:00:00,10273,2889880,17081.0,2078091,823.0,199662.0,11096,3089542,17904,2277753,28177,5167530
2021-05-03 15:00:00,12733,2902613,28621.0,2106712,1917.0,201579.0,14650,3104192,30538,2308291,43271,5210801
2021-05-04 15:00:00,13562,2916175,38640.0,2145352,1742.0,203321.0,15304,3119496,40382,2348673,53944,5264745
2021-05-05 15:00:00,19318,2935493,37779.0,2183131,1921.0,205242.0,21239,3140735,39700,2388373,59018,5323763
2021-05-06 15:00:00,16924,2952417,40600.0,2223731,1721.0,206963.0,18645,3159380,42321,2430694,59245,5383008
2021-05-07 15:00:00,17582,2969999,37021.0,2260752,1959.0,208922.0,19541,3178921,38980,2469674,56562,5439570
2021-05-08 15:00:00,10796,2980795,31226.0,2291978,1292.0,210214.0,12088,3191009,32518,2502192,43314,5482884
2021-05-09 15:00:00,5077,2985872,12251.0,2304229,695.0,210909.0,5772,3196781,12946,2515138,18023,5500907
2021-05-10 15:00:00,8954,2994826,31059.0,2335288,1362.0,212271.0,10316,3207097,32421,2547559,41375,5542282
2021-05-11 15:00:00,12187,3007013,30292.0,2365580,1442.0,213713.0,13629,3220726,31734,2579293,43921,5586203
2021-05-12 15:00:00,13948,3020961,38637.0,2404217,1917.0,215630.0,15865,3236591,40554,2619847,54502,5640705
2021-05-13 15:00:00,21841,3042802,33520.0,2437737,1347.0,216977.0,23188,3259779,34867,2654714,56708,5697413
2021-05-14 15:00:00,24396,3067198,30064.0,2467801,1774.0,218751.0,26170,3285949,31838,2686552,56234,5753647
2021-05-15 15:00:00,21953,3089151,25117.0,2492918,1490.0,220241.0,23443,3309392,26607,2713159,48560,5802207
2021-05-16 15:00:00,9090,3098241,17586.0,2510504,1113.0,221354.0,10203,3319595,18699,2731858,27789,5829996
2021-05-17 15:00:00,16838,3115079,28413.0,2538917,1949.0,223303.0,18787,3338382,30362,2762220,47200,5877196
2021-05-18 15:00:00,21265,3136344,30696.0,2569613,1943.0,225246.0,23208,3361590,32639,2794859,53904,5931100
2021-05-19 15:00:00,27664,3164008,32439.0,2602052,1633.0,226879.0,29297,3390887,34072,2828931,61736,5992836
2021-05-20 15:00:00,20809,3184817,33280.0,2635332,1965.0,228844.0,22774,3413661,35245,2864176,56054,6048890
2021-05-21 15:00:00,19163,3203980,30362.0,2665694,1609.0,230453.0,20772,3434433,31971,2896147,51134,6100024
2021-05-22 15:00:00,16941,3220921,20698.0,2686392,1270.0,231723.0,18211,3452644,21968,2918115,38909,6138933
2021-05-23 15:00:00,8815,3229736,11453.0,2697845,965.0,232688.0,9780,3462424,12418,2930533,21233,6160166
2021-05-24 15:00:00,13572,3243308,17780.0,2715625,1473.0,234161.0,15045,3477469,19253,2949786,32825,6192991
2021-05-25 15:00:00,13076,3256384,18721.0,2734346,1329.0,235490.0,14405,3491874,20050,2969836,33126,6226117
2021-05-26 15:00:00,18311,3274695,19521.0,2753867,1512.0,237002.0,19823,3511697,21033,2990869,39344,6265461
2021-05-27 15:00:00,11689,3286384,18675.0,2772542,1117.0,238119.0,12806,3524503,19792,3010661,31481,6296942
2021-05-28 15:00:00,12418,3298802,19854.0,2792396,1402.0,239521.0,13820,3538323,21256,3031917,33674,6330616
2021-05-29 15:00:00,9516,3308318,11729.0,2804125,937.0,240458.0,10453,3548776,12666,3044583,22182,6352798
2021-05-30 15:00:00,4968,3313286,6438.0,2810563,596.0,241054.0,5564,3554340,7034,3051617,12002,6364800
2021-05-31 15:00:00,1779,3315065,3712.0,2814275,305.0,241359.0,2084,3556424,4017,3055634,5796,6370596
2021-06-01 15:00:00,9868,3324933,16466.0,2830741,1160.0,242519.0,11028,3567452,17626,3073260,27494,6398090
2021-06-02 15:00:00,10235,3335168,16824.0,2847565,961.0,243480.0,11196,3578648,17785,3091045,28020,6426110
2021-06-03 15:00:00,7896,3343064,21193.0,2868758,1088.0,244568.0,8984,3587632,22281,3113326,30177,6456287
2021-06-04 15:00:00,8198,3351262,22363.0,2891121,1120.0,245688.0,9318,3596950,23483,3136809,31681,6487968
2021-06-05 15:00:00,7000,3358262,19479.0,2910600,720.0,246408.0,7720,3604670,20199,3157008,27199,6515167
2021-06-06 15:00:00,3456,3361718,7257.0,2917857,425.0,246833.0,3881,3608551,7682,3164690,11138,6526305
2021-06-07 15:00:00,6858,3368576,15795.0,2933652,725.0,247558.0,7583,3616134,16520,3181210,23378,6549683
2021-06-08 15:00:00,6671,3375247,19739.0,2953391,831.0,248389.0,7502,3623636,20570,3201780,27241,6576924
2021-06-09 15:00:00,8202,3383449,23991.0,2977382,969.0,249358.0,9171,3632807,24960,3226740,33162,6610086
2021-06-10 15:00:00,7151,3390600,19143.0,2996525,895.0,250253.0,8046,3640853,20038,3246778,27189,6637275
2021-06-11 15:00:00,7492,3398092,17727.0,3014252,1125.0,251378.0,8617,3649470,18852,3265630,26344,6663619
2021-06-12 15:00:00,5244,3403336,14769.0,3029021,605.0,251983.0,5849,3655319,15374,3281004,20618,6684237
2021-06-13 15:00:00,1947,3405283,7634.0,3036655,427.0,252410.0,2374,3657693,8061,3289065,10008,6694245
2021-06-14 15:00:00,5656,3410939,11825.0,3048480,733.0,253143.0,6389,3664082,12558,3301623,18214,6712459
2021-06-15 15:00:00,5645,3416584,14348.0,3062828,874.0,254017.0,6519,3670601,15222,3316845,20867,6733326
2021-06-16 15:00:00,8757,3425341,21594.0,3084422,757.0,254774.0,9514,3680115,22351,3339196,31108,6764434
2021-06-17 15:00:00,6690,3432031,12369.0,3096791,720.0,255494.0,7410,3687525,13089,3352285,19779,6784213
2021-06-18 15:00:00,6836,3438867,12742.0,3109533,702.0,256196.0,7538,3695063,13444,3365729,20280,6804493
2021-06-19 15:00:00,4657,3443524,9386.0,3118919,615.0,256811.0,5272,3700335,10001,3375730,14658,6819151
2021-06-20 15:00:00,2503,3446027,5061.0,3123980,377.0,257188.0,2880,3703215,5438,3381168,7941,6827092
2021-06-21 15:00:00,5567,3451594,5338.0,3129318,635.0,257823.0,6202,3709417,5973,3387141,11540,6838632
2021-06-22 15:00:00,5345,3456939,9057.0,3138375,693.0,258516.0,6038,3715455,9750,3396891,15095,6853727
2021-06-23 15:00:00,6079,3463018,10340.0,3148715,646.0,259162.0,6725,3722180,10986,3407877,17065,6870792
2021-06-24 15:00:00,5936,3468954,8202.0,3156917,595.0,259757.0,6531,3728711,8797,3416674,14733,6885525
2021-06-25 15:00:00,5829,3474783,8669.0,3165586,620.0,260377.0,6449,3735160,9289,3425963,15118,6900643
2021-06-26 15:00:00,3706,3478489,6306.0,3171892,398.0,260775.0,4104,3739264,6704,3432667,10410,6911053
2021-06-27 15:00:00,2810,3481299,3525.0,3175417,185.0,260960.0,2995,3742259,3710,3436377,6520,6917573
2021-06-28 15:00:00,4924,3486223,6392.0,3181809,539.0,261499.0,5463,3747722,6931,3443308,11855,6929428
2021-06-29 15:00:00,5062,3491285,6481.0,3188290,522.0,262021.0,5584,3753306,7003,3450311,12065,6941493
2021-06-30 15:00:00,5628,3496913,7390.0,3195680,606.0,262627.0,6234,3759540,7996,3458307,13624,6955117
2021-07-01 15:00:00,5426,3502339,6994.0,3202674,504.0,263131.0,5930,3765470,7498,3465805,12924,6968041
2021-07-02 15:00:00,5295,3507634,6847.0,3209521,527.0,263658.0,5822,3771292,7374,3473179,12669,6980710
2021-07-03 15:00:00,3274,3510908,4070.0,3213591,264.0,263922.0,3538,3774830,4334,3477513,7608,6988318
2021-07-04 15:00:00,494,3511402,550.0,3214141,69.0,263991.0,563,3775393,619,3478132,1113,6989431
2021-07-05 15:00:00,3771,3515173,3953.0,3218094,287.0,264278.0,4058,3779451,4240,3482372,8011,6997442
2021-07-06 15:00:00,4496,3519669,6283.0,3224377,455.0,264733.0,4951,3784402,6738,3489110,11234,7008676
2021-07-07 15:00:00,4471,3524140,6414.0,3230791,483.0,265216.0,4954,3789356,6897,3496007,11368,7020044
2021-07-08 15:00:00,4840,3528980,6181.0,3236972,564.0,265780.0,5404,3794760,6745,3502752,11585,7031629
2021-07-09 15:00:00,5367,3534347,6678.0,3243650,573.0,266353.0,5940,3800700,7251,3510003,12618,7044247
2021-07-10 15:00:00,3521,3537868,4408.0,3248058,305.0,266658.0,3826,3804526,4713,3514716,8234,7052481
2021-07-11 15:00:00,2681,3540549,2574.0,3250632,226.0,266884.0,2907,3807433,2800,3517516,5481,7057962
2021-07-12 15:00:00,4426,3544975,5133.0,3255765,379.0,267263.0,4805,3812238,5512,3523028,9938,7067900
2021-07-13 15:00:00,4668,3549643,4724.0,3260489,366.0,267629.0,5034,3817272,5090,3528118,9758,7077658
2021-07-14 15:00:00,4627,3554270,5287.0,3265776,422.0,268051.0,5049,3822321,5709,3533827,10336,7087994
2021-07-15 15:00:00,4912,3559182,5018.0,3270794,358.0,268409.0,5270,3827591,5376,3539203,10288,7098282
2021-07-16 15:00:00,6275,3565457,5850.0,3276644,405.0,268814.0,6680,3834271,6255,3545458,12530,7110812
2021-07-17 15:00:00,3417,3568874,3552.0,3280196,303.0,269117.0,3720,3837991,3855,3549313,7272,7118084
2021-07-18 15:00:00,2310,3571184,2384.0,3282580,110.0,269227.0,2420,3840411,2494,3551807,4804,7122888
2021-07-19 15:00:00,5144,3576328,4615.0,3287195,383.0,269610.0,5527,3845938,4998,3556805,10142,7133030
2021-07-20 15:00:00,5344,3581672,4726.0,3291921,367.0,269977.0,5711,3851649,5093,3561898,10437,7143467
2021-07-21 15:00:00,5664,3587336,4955.0,3296876,416.0,270393.0,6080,3857729,5371,3567269,11035,7154502
2021-07-22 15:00:00,6032,3593368,4645.0,3301521,472.0,270865.0,6504,3864233,5117,3572386,11149,7165651
2021-07-23 15:00:00,6846,3600214,4848.0,3306369,499.0,271364.0,7345,3871578,5347,3577733,12193,7177844
2021-07-24 15:00:00,4282,3604496,3208.0,3309577,267.0,271631.0,4549,3876127,3475,3581208,7757,7185601
2021-07-25 15:00:00,3299,3607795,1122.0,3310699,140.0,271771.0,3439,3879566,1262,3582470,4561,7190162
2021-07-26 15:00:00,6218,3614013,3912.0,3314611,419.0,272190.0,6637,3886203,4331,3586801,10549,7200711
2021-07-27 15:00:00,6606,3620619,4291.0,3318902,458.0,272648.0,7064,3893267,4749,3591550,11355,7212066
2021-07-28 15:00:00,7092,3627711,4149.0,3323051,460.0,273108.0,7552,3900819,4609,3596159,11701,7223767
2021-07-29 15:00:00,7082,3634793,4312.0,3327363,419.0,273527.0,7501,3908320,4731,3600890,11813,7235580
2021-07-30 15:00:00,7823,3642616,4814.0,3332177,527.0,274054.0,8350,3916670,5341,3606231,13164,7248744
2021-07-31 15:00:00,4793,3647409,3084.0,3335261,274.0,274328.0,5067,3921737,3358,3609589,8151,7256895
2021-08-01 15:00:00,3899,3651308,2174.0,3337435,164.0,274492.0,4063,3925800,2338,3611927,6237,7263132
2021-08-02 15:00:00,7274,3658582,3852.0,3341287,341.0,274833.0,7615,3933415,4193,3616120,11467,7274599
2021-08-03 15:00:00,7271,3665853,4109.0,3345396,517.0,275350.0,7788,3941203,4626,3620746,11897,7286496
2021-08-04 15:00:00,7428,3673281,4124.0,3349520,536.0,275886.0,7964,3949167,4660,3625406,12088,7298584
2021-08-05 15:00:00,7961,3681242,4303.0,3353823,539.0,276425.0,8500,3957667,4842,3630248,12803,7311387
2021-08-06 15:00:00,8332,3689574,4740.0,3358563,454.0,276879.0,8786,3966453,5194,3635442,13526,7324913
2021-08-07 15:00:00,5302,3694876,2844.0,3361407,264.0,277143.0,5566,3972019,3108,3638550,8410,7333323
2021-08-08 15:00:00,3980,3698856,2063.0,3363470,145.0,277288.0,4125,3976144,2208,3640758,6188,7339511
2021-08-09 15:00:00,6958,3705814,4566.0,3368036,370.0,277658.0,7328,3983472,4936,3645694,11894,7351405
2021-08-10 15:00:00,7173,3712987,4489.0,3372525,340.0,277998.0,7513,3990985,4829,3650523,12002,7363407
2021-08-11 15:00:00,7082,3720069,4450.0,3376975,443.0,278441.0,7525,3998510,4893,3655416,11975,7375382
2021-08-12 15:00:00,8635,3728704,4757.0,3381732,445.0,278886.0,9080,4007590,5202,3660618,13837,7389219
2021-08-13 15:00:00,7156,3735860,5389.0,3387121,397.0,279283.0,7553,4015143,5786,3666404,12942,7402161
2021-08-14 15:00:00,4921,3740781,3345.0,3390466,285.0,279568.0,5206,4020349,3630,3670034,8551,7410712
2021-08-15 15:00:00,3328,3744109,2739.0,3393205,163.0,279731.0,3491,4023840,2902,3672936,6230,7416942
2021-08-16 15:00:00,5454,3749563,5096.0,3398301,354.0,280085.0,5808,4029648,5450,3678386,10904,7427846
2021-08-17 15:00:00,6822,3756385,5365.0,3403666,391.0,280476.0,7213,4036861,5756,3684142,12578,7440424
2021-08-18 15:00:00,6328,3762713,5513.0,3409179,481.0,280957.0,6809,4043670,5994,3690136,12322,7452746
2021-08-19 15:00:00,6217,3768930,5556.0,3414735,417.0,281374.0,6634,4050304,5973,3696109,12190,7464936
2021-08-20 15:00:00,6846,3775776,6553.0,3421288,401.0,281775.0,7247,4057551,6954,3703063,13800,7478736
2021-08-21 15:00:00,4338,3780114,3919.0,3425207,229.0,282004.0,4567,4062118,4148,3707211,8486,7487222
2021-08-22 15:00:00,3060,3783174,3172.0,3428379,110.0,282114.0,3170,4065288,3282,3710493,6342,7493564
2021-08-23 15:00:00,5995,3789169,6106.0,3434485,287.0,282401.0,6282,4071570,6393,3716886,12388,7505952
2021-08-24 15:00:00,6547,3795716,6070.0,3440555,425.0,282826.0,6972,4078542,6495,3723381,13042,7518994
2021-08-25 15:00:00,6722,3802438,6224.0,3446779,441.0,283267.0,7163,4085705,6665,3730046,13387,7532381
2021-08-26 15:00:00,6968,3809406,6659.0,3453438,428.0,283695.0,7396,4093101,7087,3737133,14055,7546436
2021-08-27 15:00:00,6828,3816234,7085.0,3460523,317.0,284012.0,7145,4100246,7402,3744535,14230,7560666
2021-08-28 15:00:00,6899,3823133,6527.0,3467050,326.0,284338.0,7225,4107471,6853,3751388,13752,7574418
2021-08-29 15:00:00,3733,3826866,3694.0,3470744,610.0,284948.0,4343,4111814,4304,3755692,8037,7582455
2021-08-30 15:00:00,5925,3832791,6129.0,3476873,960.0,285908.0,6885,4118699,7089,3762781,13014,7595469
2021-08-31 15:00:00,5903,3838694,6073.0,3482946,946.0,286854.0,6849,4125548,7019,3769800,12922,7608391
2021-09-01 15:00:00,5593,3844287,5694.0,3488640,917.0,287771.0,6510,4132058,6611,3776411,12204,7620595
2021-09-02 15:00:00,5540,3849827,5945.0,3494585,709.0,288480.0,6249,4138307,6654,3783065,12194,7632789
2021-09-03 15:00:00,6001,3855828,6938.0,3501523,977.0,289457.0,6978,4145285,7915,3790980,13916,7646705
2021-09-04 15:00:00,3732,3859560,4354.0,3505877,878.0,290335.0,4610,4149895,5232,3796212,8964,7655669
2021-09-05 15:00:00,2956,3862516,2813.0,3508690,106.0,290441.0,3062,4152957,2919,3799131,5875,7661544
2021-09-06 15:00:00,1060,3863576,1159.0,3509849,69.0,290510.0,1129,4154086,1228,3800359,2288,7663832
2021-09-07 15:00:00,5346,3868922,7307.0,3517156,2303.0,292813.0,7649,4161735,9610,3809969,14956,7678788
2021-09-08 15:00:00,4654,3873576,5480.0,3522636,364.0,293177.0,5018,4166753,5844,3815813,10498,7689286
2021-09-09 15:00:00,5018,3878594,5465.0,3528101,325.0,293502.0,5343,4172096,5790,3821603,10808,7700094
2021-09-10 15:00:00,6526,3885120,6668.0,3534769,1719.0,295221.0,8245,4180341,8387,3829990,14913,7715007
2021-09-11 15:00:00,4175,3889295,4343.0,3539112,666.0,295887.0,4841,4185182,5009,3834999,9184,7724191
2021-09-12 15:00:00,3171,3892466,3238.0,3542350,436.0,296323.0,3607,4188789,3674,3838673,6845,7731036
2021-09-13 15:00:00,4883,3897349,5070.0,3547420,346.0,296669.0,5229,4194018,5416,3844089,10299,7741335
2021-09-14 15:00:00,4775,3902124,5447.0,3552867,437.0,297106.0,5212,4199230,5884,3849973,10659,7751994
2021-09-15 15:00:00,5045,3907169,5879.0,3558746,392.0,297498.0,5437,4204667,6271,3856244,11316,7763310
2021-09-16 15:00:00,4811,3911980,5849.0,3564595,336.0,297834.0,5147,4209814,6185,3862429,10996,7774306
2021-09-17 15:00:00,5258,3917238,6583.0,3571178,344.0,298178.0,5602,4215416,6927,3869356,12185,7786491
2021-09-18 15:00:00,3803,3921041,4578.0,3575756,185.0,298363.0,3988,4219404,4763,3874119,8566,7795057
2021-09-19 15:00:00,2741,3923782,3177.0,3578933,75.0,298438.0,2816,4222220,3252,3877371,5993,7801050
2021-09-20 15:00:00,3752,3927534,4678.0,3583611,430.0,298868.0,4182,4226402,5108,3882479,8860,7809910
2021-09-21 15:00:00,3999,3931533,5005.0,3588616,327.0,299195.0,4326,4230728,5332,3887811,9331,7819241
2021-09-22 15:00:00,4196,3935729,4775.0,3593391,459.0,299654.0,4655,4235383,5234,3893045,9430,7828671
2021-09-23 15:00:00,4175,3939904,4730.0,3598121,492.0,300146.0,4667,4240050,5222,3898267,9397,7838068
2021-09-24 15:00:00,5078,3944982,5605.0,3603726,422.0,300568.0,5500,4245550,6027,3904294,11105,7849173
2021-09-25 15:00:00,3624,3948606,3629.0,3607355,384.0,300952.0,4008,4249558,4013,3908307,7637,7856810
2021-09-26 15:00:00,2352,3950958,2665.0,3610020,431.0,301383.0,2783,4252341,3096,3911403,5448,7862258
2021-09-27 15:00:00,4505,3955463,2710.0,3612730,512.0,301895.0,5017,4257358,3222,3914625,7727,7869985
2021-09-28 15:00:00,4399,3959862,4450.0,3617180,211.0,302106.0,4610,4261968,4661,3919286,9060,7879045
2021-09-29 15:00:00,4690,3964552,4508.0,3621688,920.0,303026.0,5610,4267578,5428,3924714,10118,7889163
2021-09-30 15:00:00,4887,3969439,4561.0,3626249,796.0,303822.0,5683,4273261,5357,3930071,10244,7899407
2021-10-01 15:00:00,5507,3974946,5341.0,3631590,785.0,304607.0,6292,4279553,6126,3936197,11633,7911040
2021-10-02 15:00:00,2934,3977880,2895.0,3634485,187.0,304794.0,3121,4282674,3082,3939279,6016,7917056
2021-10-03 15:00:00,2074,3979954,2377.0,3636862,86.0,304880.0,2160,4284834,2463,3941742,4537,7921593
2021-10-04 15:00:00,4023,3983977,3498.0,3640360,232.0,305112.0,4255,4289089,3730,3945472,7753,7929346
2021-10-05 15:00:00,3951,3987928,3659.0,3644019,207.0,305319.0,4158,4293247,3866,3949338,7817,7937163
2021-10-06 15:00:00,4021,3991949,3572.0,3647591,266.0,305585.0,4287,4297534,3838,3953176,7859,7945022
2021-10-07 15:00:00,4234,3996183,3624.0,3651215,331.0,305916.0,4565,4302099,3955,3957131,8189,7953211
2021-10-08 15:00:00,4770,4000953,4282.0,3655497,283.0,306199.0,5053,4307152,4565,3961696,9335,7962546
2021-10-09 15:00:00,2690,4003643,2676.0,3658173,270.0,306469.0,2960,4310112,2946,3964642,5636,7968182
2021-10-10 15:00:00,1861,4005504,1850.0,3660023,59.0,306528.0,1920,4312032,1909,3966551,3770,7971952
2021-10-11 15:00:00,4205,4009709,3314.0,3663337,249.0,306777.0,4454,4316486,3563,3970114,7768,7979720
2021-10-12 15:00:00,3597,4013306,3532.0,3666869,273.0,307050.0,3870,4320356,3805,3973919,7402,7987122
2021-10-13 15:00:00,3971,4017277,3458.0,3670327,346.0,307396.0,4317,4324673,3804,3977723,7775,7994897
2021-10-14 15:00:00,5158,4022435,5493.0,3675820,431.0,307827.0,5589,4330262,5924,3983647,11082,8005979
2021-10-15 15:00:00,4708,4027143,4597.0,3680417,347.0,308174.0,5055,4335317,4944,3988591,9652,8015631
2021-10-16 15:00:00,2494,4029637,2508.0,3682925,291.0,308465.0,2785,4338102,2799,3991390,5293,8020924
2021-10-17 15:00:00,1805,4031442,1774.0,3684699,55.0,308520.0,1860,4339962,1829,3993219,3634,8024558
2021-10-18 15:00:00,4273,4035715,3576.0,3688275,268.0,308788.0,4541,4344503,3844,3997063,8117,8032675
2021-10-19 15:00:00,4299,4040014,4000.0,3692275,223.0,309011.0,4522,4349025,4223,4001286,8522,8041197
2021-10-20 15:00:00,3529,4043543,3419.0,3695694,255.0,309266.0,3784,4352809,3674,4004960,7203,8048400
2021-10-21 15:00:00,3299,4046842,3272.0,3698966,291.0,309557.0,3590,4356399,3563,4008523,6862,8055262
2021-10-22 15:00:00,4678,4051520,4024.0,3702990,477.0,310034.0,5155,4361554,4501,4013024,9179,8064441
2021-10-23 15:00:00,2884,4054404,2108.0,3705098,321.0,310355.0,3205,4364759,2429,4015453,5313,8069754
2021-10-24 15:00:00,2056,4056460,1552.0,3706650,79.0,310434.0,2135,4366894,1631,4017084,3687,8073441
2021-10-25 15:00:00,4546,4061006,3068.0,3709718,320.0,310754.0,4866,4371760,3388,4020472,7934,8081375
2021-10-26 15:00:00,4510,4065516,3075.0,3712793,316.0,311070.0,4826,4376586,3391,4023863,7901,8089276
2021-10-27 15:00:00,4736,4070252,3336.0,3716129,436.0,311506.0,5172,4381758,3772,4027635,8508,8097784
2021-10-28 15:00:00,4558,4074810,3351.0,3719480,502.0,312008.0,5060,4386818,3853,4031488,8411,8106195
2021-10-29 15:00:00,4979,4079789,3911.0,3723391,395.0,312403.0,5374,4392192,4306,4035794,9285,8115480
2021-10-30 15:00:00,2630,4082419,1836.0,3725227,307.0,312710.0,2937,4395129,2143,4037937,4773,8120253
2021-10-31 15:00:00,1934,4084353,1518.0,3726745,93.0,312803.0,2027,4397156,1611,4039548,3545,8123798
2021-11-01 15:00:00,4712,4089065,3425.0,3730170,348.0,313151.0,5060,4402216,3773,4043321,8485,8132283
2021-11-02 15:00:00,4251,4093316,2938.0,3733108,409.0,313560.0,4660,4406876,3347,4046668,7598,8139881
2021-11-03 15:00:00,4668,4097984,3042.0,3736150,464.0,314024.0,5132,4412008,3506,4050174,8174,8148055
2021-11-04 15:00:00,6311,4104295,3365.0,3739515,513.0,314537.0,6824,4418832,3878,4054052,10189,8158244
2021-11-05 15:00:00,8237,4112532,3760.0,3743275,413.0,314950.0,8650,4427482,4173,4058225,12410,8170654
2021-11-06 15:00:00,10171,4122703,1965.0,3745240,308.0,315258.0,10479,4437961,2273,4060498,12444,8183098
2021-11-07 15:00:00,7714,4130417,1461.0,3746701,95.0,315353.0,7809,4445770,1556,4062054,9270,8192368
2021-11-08 15:00:00,11303,4141720,3042.0,3749743,379.0,315732.0,11682,4457452,3421,4065475,14724,8207092
2021-11-09 15:00:00,11763,4153483,2643.0,3752386,269.0,316001.0,12032,4469484,2912,4068387,14675,8221767
2021-11-10 15:00:00,12589,4166072,2755.0,3755141,339.0,316340.0,12928,4482412,3094,4071481,15683,8237450
2021-11-11 15:00:00,11374,4177446,2371.0,3757512,280.0,316620.0,11654,4494066,2651,4074132,14025,8251475
2021-11-12 15:00:00,12287,4189733,3349.0,3760861,548.0,317168.0,12835,4506901,3897,4078029,16184,8267659
2021-11-13 15:00:00,9894,4199627,1591.0,3762452,342.0,317510.0,10236,4517137,1933,4079962,11827,8279486
2021-11-14 15:00:00,4195,4203822,1112.0,3763564,121.0,317631.0,4316,4521453,1233,4081195,5428,8284914
2021-11-15 15:00:00,8626,4212448,2513.0,3766077,208.0,317839.0,8834,4530287,2721,4083916,11347,8296261
2021-11-16 15:00:00,9223,4221671,2508.0,3768585,255.0,318094.0,9478,4539765,2763,4086679,11986,8308247
2021-11-17 15:00:00,9393,4231064,2860.0,3771445,312.0,318406.0,9705,4549470,3172,4089851,12565,8320812
2021-11-18 15:00:00,9274,4240338,2623.0,3774068,481.0,318887.0,9755,4559225,3104,4092955,12378,8333190
2021-11-19 15:00:00,9806,4250144,2906.0,3776974,381.0,319268.0,10187,4569412,3287,4096242,13093,8346283
2021-11-20 15:00:00,10629,4260773,1599.0,3778573,455.0,319723.0,11084,4580496,2054,4098296,12683,8358966
2021-11-21 15:00:00,4342,4265115,1199.0,3779772,100.0,319823.0,4442,4584938,1299,4099595,5641,8364607
2021-11-22 15:00:00,9821,4274936,2481.0,3782253,293.0,320116.0,10114,4595052,2774,4102369,12595,8377202
2021-11-23 15:00:00,9207,4284143,2379.0,3784632,282.0,320398.0,9489,4604541,2661,4105030,11868,8389070
2021-11-24 15:00:00,8159,4292302,2435.0,3787067,216.0,320614.0,8375,4612916,2651,4107681,10810,8399880
2021-11-25 15:00:00,239,4292541,77.0,3787144,10.0,320624.0,249,4613165,87,4107768,326,8400206
2021-11-26 15:00:00,5651,4298192,3950.0,3791094,153.0,320777.0,5804,4618969,4103,4111871,9754,8409960
2021-11-27 15:00:00,3776,4301968,5478.0,3796572,134.0,320911.0,3910,4622879,5612,4117483,9388,8419348
2021-11-28 15:00:00,2413,4304381,6385.0,3802957,77.0,320988.0,2490,4625369,6462,4123945,8875,8428223
2021-11-29 15:00:00,6369,4310750,9284.0,3812241,379.0,321367.0,6748,4632117,9663,4133608,16032,8444255
2021-11-30 15:00:00,6250,4317000,9322.0,3821563,264.0,321631.0,6514,4638631,9586,4143194,15836,8460091
2021-12-01 15:00:00,7311,4324311,9717.0,3831280,308.0,321939.0,7619,4646250,10025,4153219,17336,8477427
2021-12-02 15:00:00,6920,4331231,8793.0,3840073,450.0,322389.0,7370,4653620,9243,4162462,16163,8493590
2021-12-03 15:00:00,7606,4338837,9255.0,3849328,251.0,322640.0,7857,4661477,9506,4171968,17112,8510702
2021-12-04 15:00:00,5951,4344788,10044.0,3859372,467.0,323107.0,6418,4667895,10511,4182479,16462,8527164
2021-12-05 15:00:00,3444,4348232,3547.0,3862919,78.0,323185.0,3522,4671417,3625,4186104,7069,8534233
2021-12-06 15:00:00,6751,4354983,7090.0,3870009,280.0,323465.0,7031,4678448,7370,4193474,14121,8548354
2021-12-07 15:00:00,6410,4361393,7030.0,3877039,249.0,323714.0,6659,4685107,7279,4200753,13689,8562043
2021-12-08 15:00:00,6932,4368325,7417.0,3884456,315.0,324029.0,7247,4692354,7732,4208485,14664,8576707
2021-12-09 15:00:00,6545,4374870,7030.0,3891486,398.0,324427.0,6943,4699297,7428,4215913,13973,8590680
2021-12-10 15:00:00,7288,4382158,7328.0,3898814,232.0,324659.0,7520,4706817,7560,4223473,14848,8605528
2021-12-11 15:00:00,4449,4386607,7673.0,3906487,333.0,324992.0,4782,4711599,8006,4231479,12455,8617983
2021-12-12 15:00:00,4000,4390607,2772.0,3909259,60.0,325052.0,4060,4715659,2832,4234311,6832,8624815
2021-12-13 15:00:00,5695,4396302,5762.0,3915021,243.0,325295.0,5938,4721597,6005,4240316,11700,8636515
2021-12-14 15:00:00,6464,4402766,5934.0,3920955,222.0,325517.0,6686,4728283,6156,4246472,12620,8649135
2021-12-15 15:00:00,7162,4409928,5712.0,3926667,254.0,325771.0,7416,4735699,5966,4252438,13128,8662263
2021-12-16 15:00:00,7867,4417795,2827.0,3929494,421.0,326192.0,8288,4743987,3248,4255686,11115,8673378
2021-12-17 15:00:00,7841,4425636,4152.0,3933646,195.0,326387.0,8036,4752023,4347,4260033,12188,8685566
2021-12-18 15:00:00,5837,4431473,3182.0,3936828,298.0,326685.0,6135,4758158,3480,4263513,9317,8694883
2021-12-19 15:00:00,3378,4434851,1341.0,3938169,37.0,326722.0,3415,4761573,1378,4264891,4756,8699639
2021-12-20 15:00:00,8081,4442932,3740.0,3941909,173.0,326895.0,8254,4769827,3913,4268804,11994,8711633
2021-12-21 15:00:00,8994,4451926,4158.0,3946067,175.0,327070.0,9169,4778996,4333,4273137,13327,8724960
2021-12-22 15:00:00,8681,4460607,3871.0,3949938,184.0,327254.0,8865,4787861,4055,4277192,12736,8737696
2021-12-23 15:00:00,8402,4469009,3572.0,3953510,359.0,327613.0,8761,4796622,3931,4281123,12333,8750029
2021-12-24 15:00:00,1634,4470643,1007.0,3954517,39.0,327652.0,1673,4798295,1046,4282169,2680,8752709
2021-12-25 15:00:00,49,4470692,36.0,3954553,1.0,327653.0,50,4798345,37,4282206,86,8752795
2021-12-26 15:00:00,2517,4473209,1743.0,3956296,44.0,327697.0,2561,4800906,1787,4283993,4304,8757099
2021-12-27 15:00:00,7192,4480401,3991.0,3960287,297.0,327994.0,7489,4808395,4288,4288281,11480,8768579
2021-12-28 15:00:00,7926,4488327,3850.0,3964137,178.0,328172.0,8104,4816499,4028,4292309,11954,8780533
2021-12-29 15:00:00,8230,4496557,4012.0,3968149,156.0,328328.0,8386,4824885,4168,4296477,12398,8792931
2021-12-30 15:00:00,7474,4504031,3779.0,3971928,290.0,328618.0,7764,4832649,4069,4300546,11543,8804474
2021-12-31 15:00:00,2574,4506605,1528.0,3973456,90.0,328708.0,2664,4835313,1618,4302164,4192,8808666
2022-01-01 15:00:00,738,4507343,347.0,3973803,34.0,328742.0,772,4836085,381,4302545,1119,8809785
2022-01-02 15:00:00,2216,4509559,1650.0,3975453,48.0,328790.0,2264,4838349,1698,4304243,3914,8813699
2022-01-03 15:00:00,3398,4512957,2064.0,3977517,222.0,329012.0,3620,4841969,2286,4306529,5684,8819383
2022-01-04 15:00:00,5844,4518801,3482.0,3980999,165.0,329177.0,6009,4847978,3647,4310176,9491,8828874
2022-01-05 15:00:00,6819,4525620,4690.0,3985689,175.0,329352.0,6994,4854972,4865,4315041,11684,8840558
2022-01-06 15:00:00,6750,4532370,4819.0,3990508,265.0,329617.0,7015,4861987,5084,4320125,11834,8852392
2022-01-07 15:00:00,5975,4538345,3772.0,3994280,162.0,329779.0,6137,4868124,3934,4324059,9909,8862301
2022-01-08 15:00:00,4803,4543148,3907.0,3998187,78.0,329857.0,4881,4873005,3985,4328044,8788,8871089
2022-01-09 15:00:00,2764,4545912,2017.0,4000204,154.0,330011.0,2918,4875923,2171,4330215,4935,8876024
2022-01-10 15:00:00,6337,4552249,3832.0,4004036,160.0,330171.0,6497,4882420,3992,4334207,10329,8886353
2022-01-11 15:00:00,6550,4558799,4243.0,4008279,142.0,330313.0,6692,4889112,4385,4338592,10935,8897288
2022-01-12 15:00:00,6814,4565613,4440.0,4012719,225.0,330538.0,7039,4896151,4665,4343257,11479,8908767
2022-01-13 15:00:00,6634,4572247,4380.0,4017099,153.0,330691.0,6787,4902938,4533,4347790,11167,8919934
2022-01-14 15:00:00,7205,4579452,3281.0,4020380,252.0,330943.0,7457,4910395,3533,4351323,10738,8930672
2022-01-15 15:00:00,4267,4583719,1686.0,4022066,71.0,331014.0,4338,4914733,1757,4353080,6024,8936696
2022-01-16 15:00:00,2217,4585936,1319.0,4023385,116.0,331130.0,2333,4917066,1435,4354515,3652,8940348
2022-01-17 15:00:00,3615,4589551,2361.0,4025746,74.0,331204.0,3689,4920755,2435,4356950,6050,8946398
2022-01-18 15:00:00,5273,4594824,4198.0,4029944,102.0,331306.0,5375,4926130,4300,4361250,9573,8955971
2022-01-19 15:00:00,5291,4600115,4469.0,4034413,99.0,331405.0,5390,4931520,4568,4365818,9859,8965830
2022-01-20 15:00:00,4525,4604640,3618.0,4038031,176.0,331581.0,4701,4936221,3794,4369612,8319,8974149
2022-01-21 15:00:00,5593,4610233,2929.0,4040960,125.0,331706.0,5718,4941939,3054,4372666,8647,8982796
2022-01-22 15:00:00,3458,4613691,1721.0,4042681,134.0,331840.0,3592,4945531,1855,4374521,5313,8988109
2022-01-23 15:00:00,2034,4615725,1498.0,4044179,30.0,331870.0,2064,4947595,1528,4376049,3562,8991671
2022-01-24 15:00:00,4125,4619850,2771.0,4046950,88.0,331958.0,4213,4951808,2859,4378908,6984,8998655
2022-01-25 15:00:00,3798,4623648,3307.0,4050257,95.0,332053.0,3893,4955701,3402,4382310,7200,9005855
2022-01-26 15:00:00,3864,4627512,3685.0,4053942,94.0,332147.0,3958,4959659,3779,4386089,7643,9013498
2022-01-27 15:00:00,3765,4631277,3863.0,4057805,187.0,332334.0,3952,4963611,4050,4390139,7815,9021313
2022-01-28 15:00:00,3841,4635118,3216.0,4061021,75.0,332409.0,3916,4967527,3291,4393430,7132,9028445
2022-01-29 15:00:00,2295,4637413,2265.0,4063286,117.0,332526.0,2412,4969939,2382,4395812,4677,9033122
2022-01-30 15:00:00,1562,4638975,1602.0,4064888,16.0,332542.0,1578,4971517,1618,4397430,3180,9036302
2022-01-31 15:00:00,2981,4641956,3157.0,4068045,58.0,332600.0,3039,4974556,3215,4400645,6196,9042498
2022-02-01 15:00:00,2637,4644593,3395.0,4071440,75.0,332675.0,2712,4977268,3470,4404115,6107,9048605
2022-02-02 15:00:00,2816,4647409,3720.0,4075160,75.0,332750.0,2891,4980159,3795,4407910,6611,9055216
2022-02-03 15:00:00,2758,4650167,3645.0,4078805,41.0,332791.0,2799,4982958,3686,4411596,6444,9061660
2022-02-04 15:00:00,2777,4652944,4371.0,4083176,127.0,332918.0,2904,4985862,4498,4416094,7275,9068935
2022-02-05 15:00:00,1921,4654865,2878.0,4086054,112.0,333030.0,2033,4987895,2990,4419084,4911,9073846
2022-02-06 15:00:00,1063,4655928,1342.0,4087396,24.0,333054.0,1087,4988982,1366,4420450,2429,9076275
2022-02-07 15:00:00,2051,4657979,2678.0,4090074,46.0,333100.0,2097,4991079,2724,4423174,4775,9081050
2022-02-08 15:00:00,2081,4660060,3056.0,4093130,63.0,333163.0,2144,4993223,3119,4426293,5200,9086250
2022-02-09 15:00:00,2173,4662233,3274.0,4096404,73.0,333236.0,2246,4995469,3347,4429640,5520,9091770
2022-02-10 15:00:00,2032,4664265,2812.0,4099216,55.0,333291.0,2087,4997556,2867,4432507,4899,9096669
2022-02-11 15:00:00,2428,4666693,3405.0,4102621,119.0,333410.0,2547,5000103,3524,4436031,5952,9102621
2022-02-12 15:00:00,1608,4668301,2215.0,4104836,97.0,333507.0,1705,5001808,2312,4438343,3920,9106541
2022-02-13 15:00:00,718,4669019,1040.0,4105876,13.0,333520.0,731,5002539,1053,4439396,1771,9108312
2022-02-14 15:00:00,746,4669765,1099.0,4106975,37.0,333557.0,783,5003322,1136,4440532,1882,9110194
