VACCINATION_DATE,FirstDailyDose,FirstDoseCumulative,SecondDailyDose,SecondDoseCumulative,SingleDailyDose,SingleDoseCumulative,AtleastOneVaccine,AtleastOneVaccineCumulative,CompletedVax,CompletedVaxCumulative,FirstSecondSingleVaccinations,FirstSecondSingleVaccinationsCumulative
2020-12-14 15:00:00,19,1436,,528,,,19,1436,0,528,19,1860
2020-12-15 15:00:00,61,1497,3.0,531,,,61,1497,3,531,64,1924
2020-12-16 15:00:00,596,2093,5.0,536,,,596,2093,5,536,601,2525
2020-12-17 15:00:00,1165,3258,8.0,544,,,1165,3258,8,544,1173,3698
2020-12-18 15:00:00,3026,6284,12.0,556,,,3026,6284,12,556,3038,6736
2020-12-19 15:00:00,929,7213,7.0,563,,,929,7213,7,563,936,7672
2020-12-20 15:00:00,365,7578,6.0,569,,,365,7578,6,569,371,8043
2020-12-21 15:00:00,3892,11470,27.0,596,,,3892,11470,27,596,3919,11962
2020-12-22 15:00:00,6325,17795,28.0,624,,,6325,17795,28,624,6353,18315
2020-12-23 15:00:00,5789,23584,37.0,661,,,5789,23584,37,661,5826,24141
2020-12-24 15:00:00,2729,26313,15.0,676,,,2729,26313,15,676,2744,26885
2020-12-25 15:00:00,1035,27348,4.0,680,,,1035,27348,4,680,1039,27924
2020-12-26 15:00:00,1883,29231,10.0,690,,,1883,29231,10,690,1893,29817
2020-12-27 15:00:00,1803,31034,12.0,702,,,1803,31034,12,702,1815,31632
2020-12-28 15:00:00,8987,40021,51.0,753,,,8987,40021,51,753,9038,40670
2020-12-29 15:00:00,10974,50995,53.0,806,,,10974,50995,53,806,11027,51697
2020-12-30 15:00:00,12497,63492,92.0,898,,,12497,63492,92,898,12589,64286
2020-12-31 15:00:00,7557,71049,47.0,945,,,7557,71049,47,945,7604,71890
2021-01-01 15:00:00,3332,74381,145.0,1090,,,3332,74381,145,1090,3477,75367
2021-01-02 15:00:00,3049,77430,34.0,1124,,,3049,77430,34,1124,3083,78450
2021-01-03 15:00:00,3412,80842,82.0,1206,,,3412,80842,82,1206,3494,81944
2021-01-04 15:00:00,13368,94210,337.0,1543,,,13368,94210,337,1543,13705,95649
2021-01-05 15:00:00,12489,106699,550.0,2093,,,12489,106699,550,2093,13039,108688
2021-01-06 15:00:00,15273,121972,867.0,2960,,,15273,121972,867,2960,16140,124828
2021-01-07 15:00:00,15051,137023,1778.0,4738,,,15051,137023,1778,4738,16829,141657
2021-01-08 15:00:00,24018,161041,2787.0,7525,,,24018,161041,2787,7525,26805,168462
2021-01-09 15:00:00,5177,166218,956.0,8481,,,5177,166218,956,8481,6133,174595
2021-01-10 15:00:00,2973,169191,386.0,8867,,,2973,169191,386,8867,3359,177954
2021-01-11 15:00:00,13737,182928,3476.0,12343,,,13737,182928,3476,12343,17213,195167
2021-01-12 15:00:00,17400,200328,5593.0,17936,,,17400,200328,5593,17936,22993,218160
2021-01-13 15:00:00,18626,218954,3934.0,21870,,,18626,218954,3934,21870,22560,240720
2021-01-14 15:00:00,17869,236823,1964.0,23834,,,17869,236823,1964,23834,19833,260553
2021-01-15 15:00:00,19492,256315,2032.0,25866,,,19492,256315,2032,25866,21524,282077
2021-01-16 15:00:00,5841,262156,1618.0,27484,,,5841,262156,1618,27484,7459,289536
2021-01-17 15:00:00,2125,264281,1480.0,28964,,,2125,264281,1480,28964,3605,293141
2021-01-18 15:00:00,7081,271362,3266.0,32230,,,7081,271362,3266,32230,10347,303488
2021-01-19 15:00:00,16957,288319,5411.0,37641,,,16957,288319,5411,37641,22368,325856
2021-01-20 15:00:00,21013,309332,5329.0,42970,,,21013,309332,5329,42970,26342,352198
2021-01-21 15:00:00,23819,333151,3855.0,46825,,,23819,333151,3855,46825,27674,379872
2021-01-22 15:00:00,28661,361812,3762.0,50587,,,28661,361812,3762,50587,32423,412295
2021-01-23 15:00:00,10127,371939,1945.0,52532,,,10127,371939,1945,52532,12072,424367
2021-01-24 15:00:00,3359,375298,1723.0,54255,,,3359,375298,1723,54255,5082,429449
2021-01-25 15:00:00,16311,391609,8611.0,62866,,,16311,391609,8611,62866,24922,454371
2021-01-26 15:00:00,17565,409174,8980.0,71846,,,17565,409174,8980,71846,26545,480916
2021-01-27 15:00:00,24443,433617,12563.0,84409,,,24443,433617,12563,84409,37006,517922
2021-01-28 15:00:00,22664,456281,9333.0,93742,,,22664,456281,9333,93742,31997,549919
2021-01-29 15:00:00,24787,481068,7933.0,101675,,,24787,481068,7933,101675,32720,582639
2021-01-30 15:00:00,17781,498849,2570.0,104245,,,17781,498849,2570,104245,20351,602990
2021-01-31 15:00:00,3765,502614,1372.0,105617,,,3765,502614,1372,105617,5137,608127
2021-02-01 15:00:00,8143,510757,5407.0,111024,,,8143,510757,5407,111024,13550,621677
2021-02-02 15:00:00,12516,523273,13833.0,124857,,,12516,523273,13833,124857,26349,648026
2021-02-03 15:00:00,18264,541537,18144.0,143001,,,18264,541537,18144,143001,36408,684434
2021-02-04 15:00:00,22141,563678,15803.0,158804,,,22141,563678,15803,158804,37944,722378
2021-02-05 15:00:00,20414,584092,17446.0,176250,,,20414,584092,17446,176250,37860,760238
2021-02-06 15:00:00,11377,595469,14535.0,190785,,,11377,595469,14535,190785,25912,786150
2021-02-07 15:00:00,5990,601459,1945.0,192730,,,5990,601459,1945,192730,7935,794085
2021-02-08 15:00:00,13012,614471,12981.0,205711,,,13012,614471,12981,205711,25993,820078
2021-02-09 15:00:00,16665,631136,13883.0,219594,,,16665,631136,13883,219594,30548,850626
2021-02-10 15:00:00,19325,650461,21316.0,240910,,,19325,650461,21316,240910,40641,891267
2021-02-11 15:00:00,22948,673409,17384.0,258294,,,22948,673409,17384,258294,40332,931599
2021-02-12 15:00:00,20439,693848,19672.0,277966,,,20439,693848,19672,277966,40111,971710
2021-02-13 15:00:00,11468,705316,6423.0,284389,,,11468,705316,6423,284389,17891,989601
2021-02-14 15:00:00,7121,712437,2137.0,286526,,,7121,712437,2137,286526,9258,998859
2021-02-15 15:00:00,11771,724208,13345.0,299871,,,11771,724208,13345,299871,25116,1023975
2021-02-16 15:00:00,16653,740861,21030.0,320901,,,16653,740861,21030,320901,37683,1061658
2021-02-17 15:00:00,20680,761541,26386.0,347287,,,20680,761541,26386,347287,47066,1108724
2021-02-18 15:00:00,3201,764742,4624.0,351911,,,3201,764742,4624,351911,7825,1116549
2021-02-19 15:00:00,10260,775002,19930.0,371841,,,10260,775002,19930,371841,30190,1146739
2021-02-20 15:00:00,10320,785322,20302.0,392143,,,10320,785322,20302,392143,30622,1177361
2021-02-21 15:00:00,6190,791512,7664.0,399807,,,6190,791512,7664,399807,13854,1191215
2021-02-22 15:00:00,8037,799549,15487.0,415294,,,8037,799549,15487,415294,23524,1214739
2021-02-23 15:00:00,15544,815093,15979.0,431273,,,15544,815093,15979,431273,31523,1246262
2021-02-24 15:00:00,17999,833092,24846.0,456119,,,17999,833092,24846,456119,42845,1289107
2021-02-25 15:00:00,20389,853481,26584.0,482703,,,20389,853481,26584,482703,46973,1336080
2021-02-26 15:00:00,26700,880181,26278.0,508981,,,26700,880181,26278,508981,52978,1389058
2021-02-27 15:00:00,16031,896212,11162.0,520143,,,16031,896212,11162,520143,27193,1416251
2021-02-28 15:00:00,15522,911734,4891.0,525034,,,15522,911734,4891,525034,20413,1436664
2021-03-01 15:00:00,27151,938885,12652.0,537686,,,27151,938885,12652,537686,39803,1476467
2021-03-02 15:00:00,23988,962873,13298.0,550984,36.0,36.0,24024,962909,13334,551020,37322,1513789
2021-03-03 15:00:00,30231,993104,18415.0,569399,190.0,226.0,30421,993330,18605,569625,48836,1562625
2021-03-04 15:00:00,31003,1024107,18253.0,587652,4068.0,4294.0,35071,1028401,22321,591946,53324,1615949
2021-03-05 15:00:00,30080,1054187,19762.0,607414,4909.0,9203.0,34989,1063390,24671,616617,54751,1670700
2021-03-06 15:00:00,18990,1073177,9537.0,616951,6010.0,15213.0,25000,1088390,15547,632164,34537,1705237
2021-03-07 15:00:00,12150,1085327,4929.0,621880,6610.0,21823.0,18760,1107150,11539,643703,23689,1728926
2021-03-08 15:00:00,25924,1111251,8859.0,630739,8274.0,30097.0,34198,1141348,17133,660836,43057,1771983
2021-03-09 15:00:00,26144,1137395,15494.0,646233,8343.0,38440.0,34487,1175835,23837,684673,49981,1821964
2021-03-10 15:00:00,29885,1167280,16048.0,662281,7937.0,46377.0,37822,1213657,23985,708658,53870,1875834
2021-03-11 15:00:00,36010,1203290,16419.0,678700,3982.0,50359.0,39992,1253649,20401,729059,56411,1932245
2021-03-12 15:00:00,36904,1240194,18150.0,696850,2929.0,53288.0,39833,1293482,21079,750138,57983,1990228
2021-03-13 15:00:00,22669,1262863,10332.0,707182,1629.0,54917.0,24298,1317780,11961,762099,34630,2024858
2021-03-14 15:00:00,17833,1280696,6737.0,713919,1009.0,55926.0,18842,1336622,7746,769845,25579,2050437
2021-03-15 15:00:00,29882,1310578,11358.0,725277,598.0,56524.0,30480,1367102,11956,781801,41838,2092275
2021-03-16 15:00:00,33473,1344051,13588.0,738865,770.0,57294.0,34243,1401345,14358,796159,47831,2140106
2021-03-17 15:00:00,37621,1381672,17077.0,755942,1181.0,58475.0,38802,1440147,18258,814417,55879,2195985
2021-03-18 15:00:00,41472,1423144,12687.0,768629,1354.0,59829.0,42826,1482973,14041,828458,55513,2251498
2021-03-19 15:00:00,38381,1461525,15436.0,784065,1045.0,60874.0,39426,1522399,16481,844939,54862,2306360
2021-03-20 15:00:00,24725,1486250,10227.0,794292,704.0,61578.0,25429,1547828,10931,855870,35656,2342016
2021-03-21 15:00:00,19189,1505439,7902.0,802194,340.0,61918.0,19529,1567357,8242,864112,27431,2369447
2021-03-22 15:00:00,32602,1538041,11508.0,813702,835.0,62753.0,33437,1600794,12343,876455,44945,2414392
2021-03-23 15:00:00,38407,1576448,17855.0,831557,1556.0,64309.0,39963,1640757,19411,895866,57818,2472210
2021-03-24 15:00:00,41085,1617533,21251.0,852808,1387.0,65696.0,42472,1683229,22638,918504,63723,2535933
2021-03-25 15:00:00,42904,1660437,21728.0,874536,2456.0,68152.0,45360,1728589,24184,942688,67088,2603021
2021-03-26 15:00:00,36375,1696812,26714.0,901250,2495.0,70647.0,38870,1767459,29209,971897,65584,2668605
2021-03-27 15:00:00,26471,1723283,17322.0,918572,2491.0,73138.0,28962,1796421,19813,991710,46284,2714889
2021-03-28 15:00:00,17010,1740293,12685.0,931257,1615.0,74753.0,18625,1815046,14300,1006010,31310,2746199
2021-03-29 15:00:00,29719,1770012,26388.0,957645,1142.0,75895.0,30861,1845907,27530,1033540,57249,2803448
2021-03-30 15:00:00,40059,1810071,29083.0,986728,1866.0,77761.0,41925,1887832,30949,1064489,71008,2874456
2021-03-31 15:00:00,41021,1851092,34744.0,1021472,5750.0,83511.0,46771,1934603,40494,1104983,81515,2955971
2021-04-01 15:00:00,42418,1893510,41142.0,1062614,5753.0,89264.0,48171,1982774,46895,1151878,89313,3045284
2021-04-02 15:00:00,34921,1928431,32733.0,1095347,6131.0,95395.0,41052,2023826,38864,1190742,73785,3119069
2021-04-03 15:00:00,21165,1949596,19233.0,1114580,4393.0,99788.0,25558,2049384,23626,1214368,44791,3163860
2021-04-04 15:00:00,8296,1957892,10221.0,1124801,967.0,100755.0,9263,2058647,11188,1225556,19484,3183344
2021-04-05 15:00:00,27949,1985841,28976.0,1153777,6661.0,107416.0,34610,2093257,35637,1261193,63586,3246930
2021-04-06 15:00:00,39796,2025637,30510.0,1184287,10502.0,117918.0,50298,2143555,41012,1302205,80808,3327738
2021-04-07 15:00:00,36104,2061741,34359.0,1218646,12999.0,130917.0,49103,2192658,47358,1349563,83462,3411200
2021-04-08 15:00:00,42360,2104101,36156.0,1254802,13871.0,144788.0,56231,2248889,50027,1399590,92387,3503587
2021-04-09 15:00:00,34071,2138172,36339.0,1291141,14533.0,159321.0,48604,2297493,50872,1450462,84943,3588530
2021-04-10 15:00:00,23474,2161646,23157.0,1314298,7642.0,166963.0,31116,2328609,30799,1481261,54273,3642803
2021-04-11 15:00:00,17582,2179228,13288.0,1327586,10124.0,177087.0,27706,2356315,23412,1504673,40994,3683797
2021-04-12 15:00:00,24582,2203810,33253.0,1360839,10904.0,187991.0,35486,2391801,44157,1548830,68739,3752536
2021-04-13 15:00:00,126153,2329963,91310.0,1452149,3293.0,191284.0,129446,2521247,94603,1643433,220756,3973292
2021-04-14 15:00:00,40727,2370690,37842.0,1489991,213.0,191497.0,40940,2562187,38055,1681488,78782,4052074
2021-04-15 15:00:00,41413,2412103,39572.0,1529563,176.0,191673.0,41589,2603776,39748,1721236,81161,4133235
2021-04-16 15:00:00,37144,2449247,38888.0,1568451,24.0,191697.0,37168,2640944,38912,1760148,76056,4209291
2021-04-17 15:00:00,32811,2482058,22037.0,1590488,13.0,191710.0,32824,2673768,22050,1782198,54861,4264152
2021-04-18 15:00:00,20065,2502123,16205.0,1606693,5.0,191715.0,20070,2693838,16210,1798408,36275,4300427
2021-04-19 15:00:00,29885,2532008,36567.0,1643260,61.0,191776.0,29946,2723784,36628,1835036,66513,4366940
2021-04-20 15:00:00,32933,2564941,44488.0,1687748,58.0,191834.0,32991,2756775,44546,1879582,77479,4444419
2021-04-21 15:00:00,39832,2604773,47080.0,1734828,26.0,191860.0,39858,2796633,47106,1926688,86938,4531357
2021-04-22 15:00:00,35852,2640625,42693.0,1777521,16.0,191876.0,35868,2832501,42709,1969397,78561,4609918
2021-04-23 15:00:00,33148,2673773,40167.0,1817688,14.0,191890.0,33162,2865663,40181,2009578,73329,4683247
2021-04-24 15:00:00,26414,2700187,27923.0,1845611,81.0,191971.0,26495,2892158,28004,2037582,54418,4737665
2021-04-25 15:00:00,20219,2720406,10994.0,1856605,31.0,192002.0,20250,2912408,11025,2048607,31244,4768909
2021-04-26 15:00:00,27385,2747791,32753.0,1889358,201.0,192203.0,27586,2939994,32954,2081561,60339,4829248
2021-04-27 15:00:00,26677,2774468,33099.0,1922457,1097.0,193300.0,27774,2967768,34196,2115757,60873,4890121
2021-04-28 15:00:00,28926,2803394,39559.0,1962016,1367.0,194667.0,30293,2998061,40926,2156683,69852,4959973
2021-04-29 15:00:00,27069,2830463,39773.0,2001789,1463.0,196130.0,28532,3026593,41236,2197919,68305,5028278
2021-04-30 15:00:00,28201,2858664,32302.0,2034091,1649.0,197779.0,29850,3056443,33951,2231870,62152,5090430
2021-05-01 15:00:00,20736,2879400,26739.0,2060830,1054.0,198833.0,21790,3078233,27793,2259663,48529,5138959
2021-05-02 15:00:00,10268,2889668,17072.0,2077902,823.0,199656.0,11091,3089324,17895,2277558,28163,5167122
2021-05-03 15:00:00,12732,2902400,28616.0,2106518,1917.0,201573.0,14649,3103973,30533,2308091,43265,5210387
2021-05-04 15:00:00,13562,2915962,38639.0,2145157,1741.0,203314.0,15303,3119276,40380,2348471,53942,5264329
2021-05-05 15:00:00,19319,2935281,37775.0,2182932,1921.0,205235.0,21240,3140516,39696,2388167,59015,5323344
2021-05-06 15:00:00,16925,2952206,40598.0,2223530,1721.0,206956.0,18646,3159162,42319,2430486,59244,5382588
2021-05-07 15:00:00,17585,2969791,37013.0,2260543,1959.0,208915.0,19544,3178706,38972,2469458,56557,5439145
2021-05-08 15:00:00,10796,2980587,31226.0,2291769,1291.0,210206.0,12087,3190793,32517,2501975,43313,5482458
2021-05-09 15:00:00,5077,2985664,12251.0,2304020,695.0,210901.0,5772,3196565,12946,2514921,18023,5500481
2021-05-10 15:00:00,8955,2994619,31055.0,2335075,1362.0,212263.0,10317,3206882,32417,2547338,41372,5541853
2021-05-11 15:00:00,12187,3006806,30291.0,2365366,1442.0,213705.0,13629,3220511,31733,2579071,43920,5585773
2021-05-12 15:00:00,13949,3020755,38636.0,2404002,1917.0,215622.0,15866,3236377,40553,2619624,54502,5640275
2021-05-13 15:00:00,21840,3042595,33521.0,2437523,1347.0,216969.0,23187,3259564,34868,2654492,56708,5696983
2021-05-14 15:00:00,24395,3066990,30063.0,2467586,1774.0,218743.0,26169,3285733,31837,2686329,56232,5753215
2021-05-15 15:00:00,21950,3088940,25115.0,2492701,1490.0,220233.0,23440,3309173,26605,2712934,48555,5801770
2021-05-16 15:00:00,9091,3098031,17586.0,2510287,1113.0,221346.0,10204,3319377,18699,2731633,27790,5829560
2021-05-17 15:00:00,16837,3114868,28415.0,2538702,1950.0,223296.0,18787,3338164,30365,2761998,47202,5876762
2021-05-18 15:00:00,21266,3136134,30694.0,2569396,1942.0,225238.0,23208,3361372,32636,2794634,53902,5930664
2021-05-19 15:00:00,27666,3163800,32434.0,2601830,1633.0,226871.0,29299,3390671,34067,2828701,61733,5992397
2021-05-20 15:00:00,20808,3184608,33278.0,2635108,1964.0,228835.0,22772,3413443,35242,2863943,56050,6048447
2021-05-21 15:00:00,19164,3203772,30363.0,2665471,1609.0,230444.0,20773,3434216,31972,2895915,51136,6099583
2021-05-22 15:00:00,16940,3220712,20697.0,2686168,1270.0,231714.0,18210,3452426,21967,2917882,38907,6138490
2021-05-23 15:00:00,8818,3229530,11450.0,2697618,965.0,232679.0,9783,3462209,12415,2930297,21233,6159723
2021-05-24 15:00:00,13571,3243101,17777.0,2715395,1473.0,234152.0,15044,3477253,19250,2949547,32821,6192544
2021-05-25 15:00:00,13075,3256176,18721.0,2734116,1329.0,235481.0,14404,3491657,20050,2969597,33125,6225669
2021-05-26 15:00:00,18312,3274488,19519.0,2753635,1512.0,236993.0,19824,3511481,21031,2990628,39343,6265012
2021-05-27 15:00:00,11688,3286176,18675.0,2772310,1117.0,238110.0,12805,3524286,19792,3010420,31480,6296492
2021-05-28 15:00:00,12418,3298594,19853.0,2792163,1402.0,239512.0,13820,3538106,21255,3031675,33673,6330165
2021-05-29 15:00:00,9517,3308111,11727.0,2803890,937.0,240449.0,10454,3548560,12664,3044339,22181,6352346
2021-05-30 15:00:00,4968,3313079,6438.0,2810328,596.0,241045.0,5564,3554124,7034,3051373,12002,6364348
2021-05-31 15:00:00,1779,3314858,3713.0,2814041,305.0,241350.0,2084,3556208,4018,3055391,5797,6370145
2021-06-01 15:00:00,9867,3324725,16461.0,2830502,1160.0,242510.0,11027,3567235,17621,3073012,27488,6397633
2021-06-02 15:00:00,10236,3334961,16822.0,2847324,961.0,243471.0,11197,3578432,17783,3090795,28019,6425652
2021-06-03 15:00:00,7897,3342858,21192.0,2868516,1088.0,244559.0,8985,3587417,22280,3113075,30177,6455829
2021-06-04 15:00:00,8198,3351056,22361.0,2890877,1120.0,245679.0,9318,3596735,23481,3136556,31679,6487508
2021-06-05 15:00:00,7000,3358056,19477.0,2910354,720.0,246399.0,7720,3604455,20197,3156753,27197,6514705
2021-06-06 15:00:00,3455,3361511,7255.0,2917609,425.0,246824.0,3880,3608335,7680,3164433,11135,6525840
2021-06-07 15:00:00,6858,3368369,15794.0,2933403,725.0,247549.0,7583,3615918,16519,3180952,23377,6549217
2021-06-08 15:00:00,6671,3375040,19735.0,2953138,831.0,248380.0,7502,3623420,20566,3201518,27237,6576454
2021-06-09 15:00:00,8202,3383242,23992.0,2977130,969.0,249349.0,9171,3632591,24961,3226479,33163,6609617
2021-06-10 15:00:00,7151,3390393,19142.0,2996272,895.0,250244.0,8046,3640637,20037,3246516,27188,6636805
2021-06-11 15:00:00,7490,3397883,17726.0,3013998,1125.0,251369.0,8615,3649252,18851,3265367,26341,6663146
2021-06-12 15:00:00,5243,3403126,14770.0,3028768,605.0,251974.0,5848,3655100,15375,3280742,20618,6683764
2021-06-13 15:00:00,1947,3405073,7633.0,3036401,427.0,252401.0,2374,3657474,8060,3288802,10007,6693771
2021-06-14 15:00:00,5656,3410729,11825.0,3048226,733.0,253134.0,6389,3663863,12558,3301360,18214,6711985
2021-06-15 15:00:00,5644,3416373,14346.0,3062572,874.0,254008.0,6518,3670381,15220,3316580,20864,6732849
2021-06-16 15:00:00,8756,3425129,21595.0,3084167,757.0,254765.0,9513,3679894,22352,3338932,31108,6763957
2021-06-17 15:00:00,6690,3431819,12366.0,3096533,720.0,255485.0,7410,3687304,13086,3352018,19776,6783733
2021-06-18 15:00:00,6835,3438654,12742.0,3109275,702.0,256187.0,7537,3694841,13444,3365462,20279,6804012
2021-06-19 15:00:00,4659,3443313,9386.0,3118661,615.0,256802.0,5274,3700115,10001,3375463,14660,6818672
2021-06-20 15:00:00,2503,3445816,5060.0,3123721,377.0,257179.0,2880,3702995,5437,3380900,7940,6826612
2021-06-21 15:00:00,5566,3451382,5339.0,3129060,635.0,257814.0,6201,3709196,5974,3386874,11540,6838152
2021-06-22 15:00:00,5345,3456727,9057.0,3138117,693.0,258507.0,6038,3715234,9750,3396624,15095,6853247
2021-06-23 15:00:00,6079,3462806,10340.0,3148457,646.0,259153.0,6725,3721959,10986,3407610,17065,6870312
2021-06-24 15:00:00,5936,3468742,8202.0,3156659,595.0,259748.0,6531,3728490,8797,3416407,14733,6885045
2021-06-25 15:00:00,5828,3474570,8668.0,3165327,620.0,260368.0,6448,3734938,9288,3425695,15116,6900161
2021-06-26 15:00:00,3707,3478277,6306.0,3171633,398.0,260766.0,4105,3739043,6704,3432399,10411,6910572
2021-06-27 15:00:00,2809,3481086,3525.0,3175158,185.0,260951.0,2994,3742037,3710,3436109,6519,6917091
2021-06-28 15:00:00,4922,3486008,6391.0,3181549,539.0,261490.0,5461,3747498,6930,3443039,11852,6928943
2021-06-29 15:00:00,5062,3491070,6481.0,3188030,523.0,262013.0,5585,3753083,7004,3450043,12066,6941009
2021-06-30 15:00:00,5627,3496697,7390.0,3195420,606.0,262619.0,6233,3759316,7996,3458039,13623,6954632
2021-07-01 15:00:00,5425,3502122,6994.0,3202414,504.0,263123.0,5929,3765245,7498,3465537,12923,6967555
2021-07-02 15:00:00,5295,3507417,6846.0,3209260,527.0,263650.0,5822,3771067,7373,3472910,12668,6980223
2021-07-03 15:00:00,3274,3510691,4070.0,3213330,264.0,263914.0,3538,3774605,4334,3477244,7608,6987831
2021-07-04 15:00:00,494,3511185,550.0,3213880,69.0,263983.0,563,3775168,619,3477863,1113,6988944
2021-07-05 15:00:00,3771,3514956,3954.0,3217834,287.0,264270.0,4058,3779226,4241,3482104,8012,6996956
2021-07-06 15:00:00,4497,3519453,6281.0,3224115,455.0,264725.0,4952,3784178,6736,3488840,11233,7008189
2021-07-07 15:00:00,4471,3523924,6414.0,3230529,483.0,265208.0,4954,3789132,6897,3495737,11368,7019557
2021-07-08 15:00:00,4840,3528764,6181.0,3236710,564.0,265772.0,5404,3794536,6745,3502482,11585,7031142
2021-07-09 15:00:00,5368,3534132,6674.0,3243384,573.0,266345.0,5941,3800477,7247,3509729,12615,7043757
2021-07-10 15:00:00,3522,3537654,4406.0,3247790,305.0,266650.0,3827,3804304,4711,3514440,8233,7051990
2021-07-11 15:00:00,2681,3540335,2574.0,3250364,226.0,266876.0,2907,3807211,2800,3517240,5481,7057471
2021-07-12 15:00:00,4426,3544761,5133.0,3255497,379.0,267255.0,4805,3812016,5512,3522752,9938,7067409
2021-07-13 15:00:00,4667,3549428,4724.0,3260221,366.0,267621.0,5033,3817049,5090,3527842,9757,7077166
2021-07-14 15:00:00,4626,3554054,5287.0,3265508,422.0,268043.0,5048,3822097,5709,3533551,10335,7087501
2021-07-15 15:00:00,4911,3558965,5017.0,3270525,358.0,268401.0,5269,3827366,5375,3538926,10286,7097787
2021-07-16 15:00:00,6275,3565240,5850.0,3276375,405.0,268806.0,6680,3834046,6255,3545181,12530,7110317
2021-07-17 15:00:00,3417,3568657,3552.0,3279927,303.0,269109.0,3720,3837766,3855,3549036,7272,7117589
2021-07-18 15:00:00,2311,3570968,2383.0,3282310,110.0,269219.0,2421,3840187,2493,3551529,4804,7122393
2021-07-19 15:00:00,5144,3576112,4613.0,3286923,383.0,269602.0,5527,3845714,4996,3556525,10140,7132533
2021-07-20 15:00:00,5342,3581454,4725.0,3291648,367.0,269969.0,5709,3851423,5092,3561617,10434,7142967
2021-07-21 15:00:00,5666,3587120,4954.0,3296602,416.0,270385.0,6082,3857505,5370,3566987,11036,7154003
2021-07-22 15:00:00,6033,3593153,4643.0,3301245,472.0,270857.0,6505,3864010,5115,3572102,11148,7165151
2021-07-23 15:00:00,6847,3600000,4848.0,3306093,499.0,271356.0,7346,3871356,5347,3577449,12194,7177345
2021-07-24 15:00:00,4283,3604283,3208.0,3309301,267.0,271623.0,4550,3875906,3475,3580924,7758,7185103
2021-07-25 15:00:00,3299,3607582,1121.0,3310422,140.0,271763.0,3439,3879345,1261,3582185,4560,7189663
2021-07-26 15:00:00,6218,3613800,3912.0,3314334,419.0,272182.0,6637,3885982,4331,3586516,10549,7200212
2021-07-27 15:00:00,6605,3620405,4291.0,3318625,458.0,272640.0,7063,3893045,4749,3591265,11354,7211566
2021-07-28 15:00:00,7091,3627496,4148.0,3322773,460.0,273100.0,7551,3900596,4608,3595873,11699,7223265
2021-07-29 15:00:00,7082,3634578,4312.0,3327085,419.0,273519.0,7501,3908097,4731,3600604,11813,7235078
2021-07-30 15:00:00,7823,3642401,4815.0,3331900,526.0,274045.0,8349,3916446,5341,3605945,13164,7248242
2021-07-31 15:00:00,4793,3647194,3084.0,3334984,274.0,274319.0,5067,3921513,3358,3609303,8151,7256393
2021-08-01 15:00:00,3896,3651090,2174.0,3337158,164.0,274483.0,4060,3925573,2338,3611641,6234,7262627
2021-08-02 15:00:00,7273,3658363,3850.0,3341008,341.0,274824.0,7614,3933187,4191,3615832,11464,7274091
2021-08-03 15:00:00,7269,3665632,4107.0,3345115,517.0,275341.0,7786,3940973,4624,3620456,11893,7285984
2021-08-04 15:00:00,7428,3673060,4124.0,3349239,536.0,275877.0,7964,3948937,4660,3625116,12088,7298072
2021-08-05 15:00:00,7958,3681018,4303.0,3353542,539.0,276416.0,8497,3957434,4842,3629958,12800,7310872
2021-08-06 15:00:00,8330,3689348,4740.0,3358282,454.0,276870.0,8784,3966218,5194,3635152,13524,7324396
2021-08-07 15:00:00,5302,3694650,2844.0,3361126,264.0,277134.0,5566,3971784,3108,3638260,8410,7332806
2021-08-08 15:00:00,3976,3698626,2064.0,3363190,144.0,277278.0,4120,3975904,2208,3640468,6184,7338990
2021-08-09 15:00:00,6957,3705583,4564.0,3367754,370.0,277648.0,7327,3983231,4934,3645402,11891,7350881
2021-08-10 15:00:00,7170,3712753,4486.0,3372240,339.0,277987.0,7509,3990740,4825,3650227,11995,7362876
2021-08-11 15:00:00,7081,3719834,4449.0,3376689,443.0,278430.0,7524,3998264,4892,3655119,11973,7374849
2021-08-12 15:00:00,8635,3728469,4758.0,3381447,445.0,278875.0,9080,4007344,5203,3660322,13838,7388687
2021-08-13 15:00:00,7152,3735621,5386.0,3386833,397.0,279272.0,7549,4014893,5783,3666105,12935,7401622
2021-08-14 15:00:00,4920,3740541,3345.0,3390178,285.0,279557.0,5205,4020098,3630,3669735,8550,7410172
2021-08-15 15:00:00,3328,3743869,2739.0,3392917,163.0,279720.0,3491,4023589,2902,3672637,6230,7416402
2021-08-16 15:00:00,5454,3749323,5096.0,3398013,354.0,280074.0,5808,4029397,5450,3678087,10904,7427306
2021-08-17 15:00:00,6822,3756145,5365.0,3403378,391.0,280465.0,7213,4036610,5756,3683843,12578,7439884
2021-08-18 15:00:00,6327,3762472,5513.0,3408891,481.0,280946.0,6808,4043418,5994,3689837,12321,7452205
2021-08-19 15:00:00,6216,3768688,5556.0,3414447,417.0,281363.0,6633,4050051,5973,3695810,12189,7464394
2021-08-20 15:00:00,6845,3775533,6553.0,3421000,401.0,281764.0,7246,4057297,6954,3702764,13799,7478193
2021-08-21 15:00:00,4336,3779869,3919.0,3424919,229.0,281993.0,4565,4061862,4148,3706912,8484,7486677
2021-08-22 15:00:00,3060,3782929,3172.0,3428091,110.0,282103.0,3170,4065032,3282,3710194,6342,7493019
2021-08-23 15:00:00,5995,3788924,6104.0,3434195,287.0,282390.0,6282,4071314,6391,3716585,12386,7505405
2021-08-24 15:00:00,6546,3795470,6067.0,3440262,425.0,282815.0,6971,4078285,6492,3723077,13038,7518443
2021-08-25 15:00:00,6722,3802192,6224.0,3446486,441.0,283256.0,7163,4085448,6665,3729742,13387,7531830
2021-08-26 15:00:00,6967,3809159,6659.0,3453145,428.0,283684.0,7395,4092843,7087,3736829,14054,7545884
2021-08-27 15:00:00,6829,3815988,7083.0,3460228,317.0,284001.0,7146,4099989,7400,3744229,14229,7560113
2021-08-28 15:00:00,6899,3822887,6526.0,3466754,326.0,284327.0,7225,4107214,6852,3751081,13751,7573864
2021-08-29 15:00:00,3733,3826620,3694.0,3470448,610.0,284937.0,4343,4111557,4304,3755385,8037,7581901
2021-08-30 15:00:00,5925,3832545,6129.0,3476577,960.0,285897.0,6885,4118442,7089,3762474,13014,7594915
2021-08-31 15:00:00,5901,3838446,6072.0,3482649,946.0,286843.0,6847,4125289,7018,3769492,12919,7607834
2021-09-01 15:00:00,5590,3844036,5693.0,3488342,916.0,287759.0,6506,4131795,6609,3776101,12199,7620033
2021-09-02 15:00:00,5540,3849576,5939.0,3494281,707.0,288466.0,6247,4138042,6646,3782747,12186,7632219
2021-09-03 15:00:00,6000,3855576,6935.0,3501216,973.0,289439.0,6973,4145015,7908,3790655,13908,7646127
2021-09-04 15:00:00,3732,3859308,4355.0,3505571,878.0,290317.0,4610,4149625,5233,3795888,8965,7655092
2021-09-05 15:00:00,2956,3862264,2813.0,3508384,106.0,290423.0,3062,4152687,2919,3798807,5875,7660967
2021-09-06 15:00:00,1060,3863324,1158.0,3509542,65.0,290488.0,1125,4153812,1223,3800030,2283,7663250
2021-09-07 15:00:00,5346,3868670,7307.0,3516849,2303.0,292791.0,7649,4161461,9610,3809640,14956,7678206
2021-09-08 15:00:00,4655,3873325,5479.0,3522328,364.0,293155.0,5019,4166480,5843,3815483,10498,7688704
2021-09-09 15:00:00,5018,3878343,5464.0,3527792,324.0,293479.0,5342,4171822,5788,3821271,10806,7699510
2021-09-10 15:00:00,6525,3884868,6663.0,3534455,1719.0,295198.0,8244,4180066,8382,3829653,14907,7714417
2021-09-11 15:00:00,4176,3889044,4341.0,3538796,666.0,295864.0,4842,4184908,5007,3834660,9183,7723600
2021-09-12 15:00:00,3172,3892216,3238.0,3542034,436.0,296300.0,3608,4188516,3674,3838334,6846,7730446
2021-09-13 15:00:00,4882,3897098,5068.0,3547102,346.0,296646.0,5228,4193744,5414,3843748,10296,7740742
2021-09-14 15:00:00,4775,3901873,5440.0,3552542,436.0,297082.0,5211,4198955,5876,3849624,10651,7751393
2021-09-15 15:00:00,5042,3906915,5872.0,3558414,392.0,297474.0,5434,4204389,6264,3855888,11306,7762699
2021-09-16 15:00:00,4810,3911725,5847.0,3564261,336.0,297810.0,5146,4209535,6183,3862071,10993,7773692
2021-09-17 15:00:00,5258,3916983,6584.0,3570845,344.0,298154.0,5602,4215137,6928,3868999,12186,7785878
2021-09-18 15:00:00,3803,3920786,4577.0,3575422,185.0,298339.0,3988,4219125,4762,3873761,8565,7794443
2021-09-19 15:00:00,2741,3923527,3167.0,3578589,75.0,298414.0,2816,4221941,3242,3877003,5983,7800426
2021-09-20 15:00:00,3752,3927279,4679.0,3583268,430.0,298844.0,4182,4226123,5109,3882112,8861,7809287
2021-09-21 15:00:00,3997,3931276,5004.0,3588272,327.0,299171.0,4324,4230447,5331,3887443,9328,7818615
2021-09-22 15:00:00,4196,3935472,4775.0,3593047,459.0,299630.0,4655,4235102,5234,3892677,9430,7828045
2021-09-23 15:00:00,4175,3939647,4730.0,3597777,492.0,300122.0,4667,4239769,5222,3897899,9397,7837442
2021-09-24 15:00:00,5078,3944725,5604.0,3603381,422.0,300544.0,5500,4245269,6026,3903925,11104,7848546
2021-09-25 15:00:00,3624,3948349,3629.0,3607010,384.0,300928.0,4008,4249277,4013,3907938,7637,7856183
2021-09-26 15:00:00,2352,3950701,2665.0,3609675,431.0,301359.0,2783,4252060,3096,3911034,5448,7861631
2021-09-27 15:00:00,4506,3955207,2711.0,3612386,512.0,301871.0,5018,4257078,3223,3914257,7729,7869360
2021-09-28 15:00:00,4398,3959605,4450.0,3616836,211.0,302082.0,4609,4261687,4661,3918918,9059,7878419
2021-09-29 15:00:00,4691,3964296,4506.0,3621342,920.0,303002.0,5611,4267298,5426,3924344,10117,7888536
2021-09-30 15:00:00,4885,3969181,4561.0,3625903,796.0,303798.0,5681,4272979,5357,3929701,10242,7898778
2021-10-01 15:00:00,5506,3974687,5341.0,3631244,785.0,304583.0,6291,4279270,6126,3935827,11632,7910410
2021-10-02 15:00:00,2934,3977621,2895.0,3634139,187.0,304770.0,3121,4282391,3082,3938909,6016,7916426
2021-10-03 15:00:00,2074,3979695,2377.0,3636516,86.0,304856.0,2160,4284551,2463,3941372,4537,7920963
2021-10-04 15:00:00,4024,3983719,3498.0,3640014,232.0,305088.0,4256,4288807,3730,3945102,7754,7928717
2021-10-05 15:00:00,3951,3987670,3659.0,3643673,207.0,305295.0,4158,4292965,3866,3948968,7817,7936534
2021-10-06 15:00:00,4021,3991691,3571.0,3647244,266.0,305561.0,4287,4297252,3837,3952805,7858,7944392
2021-10-07 15:00:00,4235,3995926,3623.0,3650867,331.0,305892.0,4566,4301818,3954,3956759,8189,7952581
2021-10-08 15:00:00,4771,4000697,4283.0,3655150,283.0,306175.0,5054,4306872,4566,3961325,9337,7961918
2021-10-09 15:00:00,2691,4003388,2677.0,3657827,270.0,306445.0,2961,4309833,2947,3964272,5638,7967556
2021-10-10 15:00:00,1861,4005249,1850.0,3659677,59.0,306504.0,1920,4311753,1909,3966181,3770,7971326
2021-10-11 15:00:00,4205,4009454,3315.0,3662992,249.0,306753.0,4454,4316207,3564,3969745,7769,7979095
2021-10-12 15:00:00,3597,4013051,3532.0,3666524,273.0,307026.0,3870,4320077,3805,3973550,7402,7986497
2021-10-13 15:00:00,3970,4017021,3456.0,3669980,346.0,307372.0,4316,4324393,3802,3977352,7772,7994269
2021-10-14 15:00:00,5158,4022179,5493.0,3675473,431.0,307803.0,5589,4329982,5924,3983276,11082,8005351
2021-10-15 15:00:00,4709,4026888,4597.0,3680070,347.0,308150.0,5056,4335038,4944,3988220,9653,8015004
2021-10-16 15:00:00,2494,4029382,2507.0,3682577,291.0,308441.0,2785,4337823,2798,3991018,5292,8020296
2021-10-17 15:00:00,1805,4031187,1774.0,3684351,55.0,308496.0,1860,4339683,1829,3992847,3634,8023930
2021-10-18 15:00:00,4274,4035461,3578.0,3687929,268.0,308764.0,4542,4344225,3846,3996693,8120,8032050
2021-10-19 15:00:00,4298,4039759,4000.0,3691929,223.0,308987.0,4521,4348746,4223,4000916,8521,8040571
2021-10-20 15:00:00,3528,4043287,3419.0,3695348,255.0,309242.0,3783,4352529,3674,4004590,7202,8047773
2021-10-21 15:00:00,3299,4046586,3271.0,3698619,291.0,309533.0,3590,4356119,3562,4008152,6861,8054634
2021-10-22 15:00:00,4676,4051262,4024.0,3702643,477.0,310010.0,5153,4361272,4501,4012653,9177,8063811
2021-10-23 15:00:00,2884,4054146,2108.0,3704751,321.0,310331.0,3205,4364477,2429,4015082,5313,8069124
2021-10-24 15:00:00,2056,4056202,1553.0,3706304,79.0,310410.0,2135,4366612,1632,4016714,3688,8072812
2021-10-25 15:00:00,4545,4060747,3068.0,3709372,320.0,310730.0,4865,4371477,3388,4020102,7933,8080745
2021-10-26 15:00:00,4511,4065258,3075.0,3712447,316.0,311046.0,4827,4376304,3391,4023493,7902,8088647
2021-10-27 15:00:00,4736,4069994,3336.0,3715783,436.0,311482.0,5172,4381476,3772,4027265,8508,8097155
2021-10-28 15:00:00,4558,4074552,3351.0,3719134,502.0,311984.0,5060,4386536,3853,4031118,8411,8105566
2021-10-29 15:00:00,4977,4079529,3911.0,3723045,394.0,312378.0,5371,4391907,4305,4035423,9282,8114848
2021-10-30 15:00:00,2630,4082159,1835.0,3724880,307.0,312685.0,2937,4394844,2142,4037565,4772,8119620
2021-10-31 15:00:00,1936,4084095,1519.0,3726399,93.0,312778.0,2029,4396873,1612,4039177,3548,8123168
2021-11-01 15:00:00,4713,4088808,3421.0,3729820,347.0,313125.0,5060,4401933,3768,4042945,8481,8131649
2021-11-02 15:00:00,4254,4093062,2938.0,3732758,408.0,313533.0,4662,4406595,3346,4046291,7600,8139249
2021-11-03 15:00:00,4668,4097730,3042.0,3735800,464.0,313997.0,5132,4411727,3506,4049797,8174,8147423
2021-11-04 15:00:00,6315,4104045,3364.0,3739164,513.0,314510.0,6828,4418555,3877,4053674,10192,8157615
2021-11-05 15:00:00,8236,4112281,3760.0,3742924,413.0,314923.0,8649,4427204,4173,4057847,12409,8170024
2021-11-06 15:00:00,10169,4122450,1965.0,3744889,308.0,315231.0,10477,4437681,2273,4060120,12442,8182466
2021-11-07 15:00:00,7714,4130164,1462.0,3746351,95.0,315326.0,7809,4445490,1557,4061677,9271,8191737
2021-11-08 15:00:00,11302,4141466,3040.0,3749391,379.0,315705.0,11681,4457171,3419,4065096,14721,8206458
2021-11-09 15:00:00,11762,4153228,2640.0,3752031,269.0,315974.0,12031,4469202,2909,4068005,14671,8221129
2021-11-10 15:00:00,12585,4165813,2750.0,3754781,339.0,316313.0,12924,4482126,3089,4071094,15674,8236803
2021-11-11 15:00:00,11374,4177187,2372.0,3757153,280.0,316593.0,11654,4493780,2652,4073746,14026,8250829
2021-11-12 15:00:00,12288,4189475,3350.0,3760503,548.0,317141.0,12836,4506616,3898,4077644,16186,8267015
2021-11-13 15:00:00,9893,4199368,1591.0,3762094,342.0,317483.0,10235,4516851,1933,4079577,11826,8278841
2021-11-14 15:00:00,3925,4203293,1112.0,3763206,121.0,317604.0,4046,4520897,1233,4080810,5158,8283999
2021-11-15 15:00:00,8625,4211918,2511.0,3765717,207.0,317811.0,8832,4529729,2718,4083528,11343,8295342
2021-11-16 15:00:00,9225,4221143,2506.0,3768223,255.0,318066.0,9480,4539209,2761,4086289,11986,8307328
2021-11-17 15:00:00,9395,4230538,2860.0,3771083,312.0,318378.0,9707,4548916,3172,4089461,12567,8319895
2021-11-18 15:00:00,9275,4239813,2623.0,3773706,481.0,318859.0,9756,4558672,3104,4092565,12379,8332274
2021-11-19 15:00:00,9805,4249618,2906.0,3776612,381.0,319240.0,10186,4568858,3287,4095852,13092,8345366
2021-11-20 15:00:00,10629,4260247,1600.0,3778212,455.0,319695.0,11084,4579942,2055,4097907,12684,8358050
2021-11-21 15:00:00,4342,4264589,1199.0,3779411,100.0,319795.0,4442,4584384,1299,4099206,5641,8363691
2021-11-22 15:00:00,9821,4274410,2479.0,3781890,293.0,320088.0,10114,4594498,2772,4101978,12593,8376284
2021-11-23 15:00:00,9207,4283617,2380.0,3784270,280.0,320368.0,9487,4603985,2660,4104638,11867,8388151
2021-11-24 15:00:00,8155,4291772,2437.0,3786707,216.0,320584.0,8371,4612356,2653,4107291,10808,8398959
2021-11-25 15:00:00,239,4292011,77.0,3786784,10.0,320594.0,249,4612605,87,4107378,326,8399285
2021-11-26 15:00:00,5652,4297663,3950.0,3790734,153.0,320747.0,5805,4618410,4103,4111481,9755,8409040
2021-11-27 15:00:00,3776,4301439,5477.0,3796211,134.0,320881.0,3910,4622320,5611,4117092,9387,8418427
2021-11-28 15:00:00,2412,4303851,6387.0,3802598,77.0,320958.0,2489,4624809,6464,4123556,8876,8427303
2021-11-29 15:00:00,6368,4310219,9281.0,3811879,379.0,321337.0,6747,4631556,9660,4133216,16028,8443331
2021-11-30 15:00:00,6252,4316471,9317.0,3821196,264.0,321601.0,6516,4638072,9581,4142797,15833,8459164
2021-12-01 15:00:00,7304,4323775,9716.0,3830912,308.0,321909.0,7612,4645684,10024,4152821,17328,8476492
2021-12-02 15:00:00,6914,4330689,8788.0,3839700,450.0,322359.0,7364,4653048,9238,4162059,16152,8492644
2021-12-03 15:00:00,7604,4338293,9254.0,3848954,249.0,322608.0,7853,4660901,9503,4171562,17107,8509751
2021-12-04 15:00:00,5950,4344243,10043.0,3858997,466.0,323074.0,6416,4667317,10509,4182071,16459,8526210
2021-12-05 15:00:00,3463,4347706,3285.0,3862282,78.0,323152.0,3541,4670858,3363,4185434,6826,8533036
2021-12-06 15:00:00,6746,4354452,7089.0,3869371,277.0,323429.0,7023,4677881,7366,4192800,14112,8547148
2021-12-07 15:00:00,6410,4360862,7030.0,3876401,249.0,323678.0,6659,4684540,7279,4200079,13689,8560837
2021-12-08 15:00:00,6932,4367794,7413.0,3883814,315.0,323993.0,7247,4691787,7728,4207807,14660,8575497
2021-12-09 15:00:00,6547,4374341,7025.0,3890839,398.0,324391.0,6945,4698732,7423,4215230,13970,8589467
2021-12-10 15:00:00,7289,4381630,7329.0,3898168,230.0,324621.0,7519,4706251,7559,4222789,14848,8604315
2021-12-11 15:00:00,4450,4386080,7670.0,3905838,333.0,324954.0,4783,4711034,8003,4230792,12453,8616768
2021-12-12 15:00:00,4000,4390080,2772.0,3908610,60.0,325014.0,4060,4715094,2832,4233624,6832,8623600
2021-12-13 15:00:00,5695,4395775,5762.0,3914372,243.0,325257.0,5938,4721032,6005,4239629,11700,8635300
2021-12-14 15:00:00,6461,4402236,5922.0,3920294,222.0,325479.0,6683,4727715,6144,4245773,12605,8647905
2021-12-15 15:00:00,7160,4409396,5708.0,3926002,254.0,325733.0,7414,4735129,5962,4251735,13122,8661027
2021-12-16 15:00:00,7867,4417263,2828.0,3928830,421.0,326154.0,8288,4743417,3249,4254984,11116,8672143
2021-12-17 15:00:00,7841,4425104,4150.0,3932980,195.0,326349.0,8036,4751453,4345,4259329,12186,8684329
2021-12-18 15:00:00,5838,4430942,3182.0,3936162,298.0,326647.0,6136,4757589,3480,4262809,9318,8693647
2021-12-19 15:00:00,3379,4434321,1340.0,3937502,37.0,326684.0,3416,4761005,1377,4264186,4756,8698403
2021-12-20 15:00:00,8079,4442400,3741.0,3941243,173.0,326857.0,8252,4769257,3914,4268100,11993,8710396
2021-12-21 15:00:00,8991,4451391,4155.0,3945398,175.0,327032.0,9166,4778423,4330,4272430,13321,8723717
2021-12-22 15:00:00,8684,4460075,3859.0,3949257,184.0,327216.0,8868,4787291,4043,4276473,12727,8736444
2021-12-23 15:00:00,8399,4468474,3571.0,3952828,359.0,327575.0,8758,4796049,3930,4280403,12329,8748773
2021-12-24 15:00:00,1633,4470107,1006.0,3953834,39.0,327614.0,1672,4797721,1045,4281448,2678,8751451
2021-12-25 15:00:00,50,4470157,36.0,3953870,1.0,327615.0,51,4797772,37,4281485,87,8751538
2021-12-26 15:00:00,2518,4472675,1742.0,3955612,44.0,327659.0,2562,4800334,1786,4283271,4304,8755842
2021-12-27 15:00:00,7191,4479866,3989.0,3959601,297.0,327956.0,7488,4807822,4286,4287557,11477,8767319
2021-12-28 15:00:00,7926,4487792,3850.0,3963451,178.0,328134.0,8104,4815926,4028,4291585,11954,8779273
2021-12-29 15:00:00,8231,4496023,4013.0,3967464,155.0,328289.0,8386,4824312,4168,4295753,12399,8791672
2021-12-30 15:00:00,7471,4503494,3777.0,3971241,290.0,328579.0,7761,4832073,4067,4299820,11538,8803210
2021-12-31 15:00:00,2573,4506067,1526.0,3972767,90.0,328669.0,2663,4834736,1616,4301436,4189,8807399
2022-01-01 15:00:00,738,4506805,347.0,3973114,34.0,328703.0,772,4835508,381,4301817,1119,8808518
2022-01-02 15:00:00,2216,4509021,1650.0,3974764,48.0,328751.0,2264,4837772,1698,4303515,3914,8812432
2022-01-03 15:00:00,3398,4512419,2063.0,3976827,222.0,328973.0,3620,4841392,2285,4305800,5683,8818115
2022-01-04 15:00:00,5845,4518264,3480.0,3980307,165.0,329138.0,6010,4847402,3645,4309445,9490,8827605
2022-01-05 15:00:00,6820,4525084,4691.0,3984998,175.0,329313.0,6995,4854397,4866,4314311,11686,8839291
2022-01-06 15:00:00,6750,4531834,4818.0,3989816,265.0,329578.0,7015,4861412,5083,4319394,11833,8851124
2022-01-07 15:00:00,5975,4537809,3772.0,3993588,161.0,329739.0,6136,4867548,3933,4323327,9908,8861032
2022-01-08 15:00:00,4801,4542610,3910.0,3997498,79.0,329818.0,4880,4872428,3989,4327316,8790,8869822
2022-01-09 15:00:00,2760,4545370,2014.0,3999512,154.0,329972.0,2914,4875342,2168,4329484,4928,8874750
2022-01-10 15:00:00,6337,4551707,3834.0,4003346,160.0,330132.0,6497,4881839,3994,4333478,10331,8885081
2022-01-11 15:00:00,6551,4558258,4243.0,4007589,142.0,330274.0,6693,4888532,4385,4337863,10936,8896017
2022-01-12 15:00:00,6813,4565071,4439.0,4012028,225.0,330499.0,7038,4895570,4664,4342527,11477,8907494
2022-01-13 15:00:00,6634,4571705,4380.0,4016408,153.0,330652.0,6787,4902357,4533,4347060,11167,8918661
2022-01-14 15:00:00,7206,4578911,3279.0,4019687,252.0,330904.0,7458,4909815,3531,4350591,10737,8929398
2022-01-15 15:00:00,4267,4583178,1686.0,4021373,71.0,330975.0,4338,4914153,1757,4352348,6024,8935422
2022-01-16 15:00:00,2217,4585395,1319.0,4022692,116.0,331091.0,2333,4916486,1435,4353783,3652,8939074
2022-01-17 15:00:00,3612,4589007,2361.0,4025053,74.0,331165.0,3686,4920172,2435,4356218,6047,8945121
2022-01-18 15:00:00,5270,4594277,4198.0,4029251,102.0,331267.0,5372,4925544,4300,4360518,9570,8954691
2022-01-19 15:00:00,5293,4599570,4466.0,4033717,99.0,331366.0,5392,4930936,4565,4365083,9858,8964549
2022-01-20 15:00:00,4521,4604091,3619.0,4037336,176.0,331542.0,4697,4935633,3795,4368878,8316,8972865
2022-01-21 15:00:00,5592,4609683,2927.0,4040263,125.0,331667.0,5717,4941350,3052,4371930,8644,8981509
2022-01-22 15:00:00,3458,4613141,1721.0,4041984,134.0,331801.0,3592,4944942,1855,4373785,5313,8986822
2022-01-23 15:00:00,2034,4615175,1496.0,4043480,30.0,331831.0,2064,4947006,1526,4375311,3560,8990382
2022-01-24 15:00:00,4123,4619298,2770.0,4046250,88.0,331919.0,4211,4951217,2858,4378169,6981,8997363
2022-01-25 15:00:00,3794,4623092,3306.0,4049556,95.0,332014.0,3889,4955106,3401,4381570,7195,9004558
2022-01-26 15:00:00,3860,4626952,3683.0,4053239,94.0,332108.0,3954,4959060,3777,4385347,7637,9012195
2022-01-27 15:00:00,3763,4630715,3859.0,4057098,187.0,332295.0,3950,4963010,4046,4389393,7809,9020004
2022-01-28 15:00:00,3840,4634555,3212.0,4060310,75.0,332370.0,3915,4966925,3287,4392680,7127,9027131
2022-01-29 15:00:00,2296,4636851,2265.0,4062575,117.0,332487.0,2413,4969338,2382,4395062,4678,9031809
2022-01-30 15:00:00,1553,4638404,1602.0,4064177,16.0,332503.0,1569,4970907,1618,4396680,3171,9034980
2022-01-31 15:00:00,2979,4641383,3157.0,4067334,58.0,332561.0,3037,4973944,3215,4399895,6194,9041174
2022-02-01 15:00:00,2634,4644017,3390.0,4070724,75.0,332636.0,2709,4976653,3465,4403360,6099,9047273
2022-02-02 15:00:00,2819,4646836,3718.0,4074442,75.0,332711.0,2894,4979547,3793,4407153,6612,9053885
2022-02-03 15:00:00,2745,4649581,3630.0,4078072,41.0,332752.0,2786,4982333,3671,4410824,6416,9060301
2022-02-04 15:00:00,2759,4652340,4328.0,4082400,127.0,332879.0,2886,4985219,4455,4415279,7214,9067515
2022-02-05 15:00:00,1913,4654253,2867.0,4085267,112.0,332991.0,2025,4987244,2979,4418258,4892,9072407
2022-02-06 15:00:00,1058,4655311,1334.0,4086601,24.0,333015.0,1082,4988326,1358,4419616,2416,9074823
2022-02-07 15:00:00,2018,4657329,2635.0,4089236,46.0,333061.0,2064,4990390,2681,4422297,4699,9079522
2022-02-08 15:00:00,2062,4659391,3013.0,4092249,63.0,333124.0,2125,4992515,3076,4425373,5138,9084660
2022-02-09 15:00:00,2070,4661461,3061.0,4095310,66.0,333190.0,2136,4994651,3127,4428500,5197,9089857
2022-02-10 15:00:00,1960,4663421,2696.0,4098006,42.0,333232.0,2002,4996653,2738,4431238,4698,9094555
2022-02-11 15:00:00,1164,4664585,1798.0,4099804,48.0,333280.0,1212,4997865,1846,4433084,3010,9097565
