VACCINATION_DATE,FirstDailyDose,FirstDoseCumulative,SecondDailyDose,SecondDoseCumulative,SingleDailyDose,SingleDoseCumulative,AtleastOneVaccine,AtleastOneVaccineCumulative,CompletedVax,CompletedVaxCumulative,FirstSecondSingleVaccinations,FirstSecondSingleVaccinationsCumulative
2020-12-14 15:00:00,19,1448,,530,,,19,1448,0,530,19,1877
2020-12-15 15:00:00,61,1509,3.0,533,,,61,1509,3,533,64,1941
2020-12-16 15:00:00,597,2106,5.0,538,,,597,2106,5,538,602,2543
2020-12-17 15:00:00,1165,3271,8.0,546,,,1165,3271,8,546,1173,3716
2020-12-18 15:00:00,3029,6300,12.0,558,,,3029,6300,12,558,3041,6757
2020-12-19 15:00:00,929,7229,7.0,565,,,929,7229,7,565,936,7693
2020-12-20 15:00:00,366,7595,6.0,571,,,366,7595,6,571,372,8065
2020-12-21 15:00:00,3896,11491,26.0,597,,,3896,11491,26,597,3922,11987
2020-12-22 15:00:00,6325,17816,30.0,627,,,6325,17816,30,627,6355,18342
2020-12-23 15:00:00,5790,23606,38.0,665,,,5790,23606,38,665,5828,24170
2020-12-24 15:00:00,2729,26335,15.0,680,,,2729,26335,15,680,2744,26914
2020-12-25 15:00:00,1035,27370,4.0,684,,,1035,27370,4,684,1039,27953
2020-12-26 15:00:00,1885,29255,10.0,694,,,1885,29255,10,694,1895,29848
2020-12-27 15:00:00,1803,31058,12.0,706,,,1803,31058,12,706,1815,31663
2020-12-28 15:00:00,8994,40052,50.0,756,,,8994,40052,50,756,9044,40707
2020-12-29 15:00:00,10977,51029,53.0,809,,,10977,51029,53,809,11030,51737
2020-12-30 15:00:00,12502,63531,93.0,902,,,12502,63531,93,902,12595,64332
2020-12-31 15:00:00,7557,71088,48.0,950,,,7557,71088,48,950,7605,71937
2021-01-01 15:00:00,3355,74443,146.0,1096,,,3355,74443,146,1096,3501,75438
2021-01-02 15:00:00,3057,77500,34.0,1130,,,3057,77500,34,1130,3091,78529
2021-01-03 15:00:00,3413,80913,82.0,1212,,,3413,80913,82,1212,3495,82024
2021-01-04 15:00:00,13370,94283,339.0,1551,,,13370,94283,339,1551,13709,95733
2021-01-05 15:00:00,12493,106776,550.0,2101,,,12493,106776,550,2101,13043,108776
2021-01-06 15:00:00,15272,122048,868.0,2969,,,15272,122048,868,2969,16140,124916
2021-01-07 15:00:00,15051,137099,1783.0,4752,,,15051,137099,1783,4752,16834,141750
2021-01-08 15:00:00,24020,161119,2789.0,7541,,,24020,161119,2789,7541,26809,168559
2021-01-09 15:00:00,5179,166298,956.0,8497,,,5179,166298,956,8497,6135,174694
2021-01-10 15:00:00,2979,169277,386.0,8883,,,2979,169277,386,8883,3365,178059
2021-01-11 15:00:00,13739,183016,3482.0,12365,,,13739,183016,3482,12365,17221,195280
2021-01-12 15:00:00,17404,200420,5598.0,17963,,,17404,200420,5598,17963,23002,218282
2021-01-13 15:00:00,18626,219046,3936.0,21899,,,18626,219046,3936,21899,22562,240844
2021-01-14 15:00:00,17874,236920,1964.0,23863,,,17874,236920,1964,23863,19838,260682
2021-01-15 15:00:00,19496,256416,2035.0,25898,,,19496,256416,2035,25898,21531,282213
2021-01-16 15:00:00,5843,262259,1620.0,27518,,,5843,262259,1620,27518,7463,289676
2021-01-17 15:00:00,2126,264385,1480.0,28998,,,2126,264385,1480,28998,3606,293282
2021-01-18 15:00:00,7081,271466,3269.0,32267,,,7081,271466,3269,32267,10350,303632
2021-01-19 15:00:00,16958,288424,5416.0,37683,,,16958,288424,5416,37683,22374,326006
2021-01-20 15:00:00,21015,309439,5331.0,43014,,,21015,309439,5331,43014,26346,352352
2021-01-21 15:00:00,23828,333267,3863.0,46877,,,23828,333267,3863,46877,27691,380043
2021-01-22 15:00:00,28663,361930,3766.0,50643,,,28663,361930,3766,50643,32429,412472
2021-01-23 15:00:00,10131,372061,1946.0,52589,,,10131,372061,1946,52589,12077,424549
2021-01-24 15:00:00,3360,375421,1723.0,54312,,,3360,375421,1723,54312,5083,429632
2021-01-25 15:00:00,16313,391734,8615.0,62927,,,16313,391734,8615,62927,24928,454560
2021-01-26 15:00:00,17564,409298,8983.0,71910,,,17564,409298,8983,71910,26547,481107
2021-01-27 15:00:00,24443,433741,12567.0,84477,,,24443,433741,12567,84477,37010,518117
2021-01-28 15:00:00,22665,456406,9333.0,93810,,,22665,456406,9333,93810,31998,550115
2021-01-29 15:00:00,24790,481196,7934.0,101744,,,24790,481196,7934,101744,32724,582839
2021-01-30 15:00:00,17783,498979,2570.0,104314,,,17783,498979,2570,104314,20353,603192
2021-01-31 15:00:00,3764,502743,1375.0,105689,,,3764,502743,1375,105689,5139,608331
2021-02-01 15:00:00,8163,510906,5418.0,111107,,,8163,510906,5418,111107,13581,621912
2021-02-02 15:00:00,12520,523426,13835.0,124942,,,12520,523426,13835,124942,26355,648267
2021-02-03 15:00:00,18266,541692,18146.0,143088,,,18266,541692,18146,143088,36412,684679
2021-02-04 15:00:00,22146,563838,15803.0,158891,,,22146,563838,15803,158891,37949,722628
2021-02-05 15:00:00,20415,584253,17450.0,176341,,,20415,584253,17450,176341,37865,760493
2021-02-06 15:00:00,11380,595633,14538.0,190879,,,11380,595633,14538,190879,25918,786411
2021-02-07 15:00:00,5990,601623,1947.0,192826,,,5990,601623,1947,192826,7937,794348
2021-02-08 15:00:00,13016,614639,12983.0,205809,,,13016,614639,12983,205809,25999,820347
2021-02-09 15:00:00,16665,631304,13882.0,219691,,,16665,631304,13882,219691,30547,850894
2021-02-10 15:00:00,19329,650633,21319.0,241010,,,19329,650633,21319,241010,40648,891542
2021-02-11 15:00:00,22945,673578,17395.0,258405,,,22945,673578,17395,258405,40340,931882
2021-02-12 15:00:00,20439,694017,19678.0,278083,,,20439,694017,19678,278083,40117,971999
2021-02-13 15:00:00,11471,705488,6427.0,284510,,,11471,705488,6427,284510,17898,989897
2021-02-14 15:00:00,7123,712611,2137.0,286647,,,7123,712611,2137,286647,9260,999157
2021-02-15 15:00:00,11773,724384,13346.0,299993,,,11773,724384,13346,299993,25119,1024276
2021-02-16 15:00:00,16655,741039,21035.0,321028,,,16655,741039,21035,321028,37690,1061966
2021-02-17 15:00:00,20683,761722,26389.0,347417,,,20683,761722,26389,347417,47072,1109038
2021-02-18 15:00:00,3204,764926,4626.0,352043,,,3204,764926,4626,352043,7830,1116868
2021-02-19 15:00:00,10263,775189,19933.0,371976,,,10263,775189,19933,371976,30196,1147064
2021-02-20 15:00:00,10321,785510,20305.0,392281,,,10321,785510,20305,392281,30626,1177690
2021-02-21 15:00:00,6191,791701,7668.0,399949,,,6191,791701,7668,399949,13859,1191549
2021-02-22 15:00:00,8038,799739,15492.0,415441,,,8038,799739,15492,415441,23530,1215079
2021-02-23 15:00:00,15547,815286,15980.0,431421,,,15547,815286,15980,431421,31527,1246606
2021-02-24 15:00:00,17999,833285,24849.0,456270,,,17999,833285,24849,456270,42848,1289454
2021-02-25 15:00:00,20394,853679,26589.0,482859,,,20394,853679,26589,482859,46983,1336437
2021-02-26 15:00:00,26700,880379,26279.0,509138,,,26700,880379,26279,509138,52979,1389416
2021-02-27 15:00:00,16028,896407,11164.0,520302,,,16028,896407,11164,520302,27192,1416608
2021-02-28 15:00:00,15525,911932,4891.0,525193,,,15525,911932,4891,525193,20416,1437024
2021-03-01 15:00:00,27201,939133,12667.0,537860,,,27201,939133,12667,537860,39868,1476892
2021-03-02 15:00:00,23992,963125,13302.0,551162,37.0,37.0,24029,963162,13339,551199,37331,1514223
2021-03-03 15:00:00,30236,993361,18421.0,569583,191.0,228.0,30427,993589,18612,569811,48848,1563071
2021-03-04 15:00:00,31005,1024366,18256.0,587839,4068.0,4296.0,35073,1028662,22324,592135,53329,1616400
2021-03-05 15:00:00,30089,1054455,19770.0,607609,4910.0,9206.0,34999,1063661,24680,616815,54769,1671169
2021-03-06 15:00:00,18993,1073448,9535.0,617144,6009.0,15215.0,25002,1088663,15544,632359,34537,1705706
2021-03-07 15:00:00,12153,1085601,4929.0,622073,6608.0,21823.0,18761,1107424,11537,643896,23690,1729396
2021-03-08 15:00:00,25929,1111530,8862.0,630935,8274.0,30097.0,34203,1141627,17136,661032,43065,1772461
2021-03-09 15:00:00,26146,1137676,15496.0,646431,8344.0,38441.0,34490,1176117,23840,684872,49986,1822447
2021-03-10 15:00:00,29890,1167566,16048.0,662479,7935.0,46376.0,37825,1213942,23983,708855,53873,1876320
2021-03-11 15:00:00,36010,1203576,16425.0,678904,3982.0,50358.0,39992,1253934,20407,729262,56417,1932737
2021-03-12 15:00:00,36906,1240482,18159.0,697063,2928.0,53286.0,39834,1293768,21087,750349,57993,1990730
2021-03-13 15:00:00,22670,1263152,10335.0,707398,1630.0,54916.0,24300,1318068,11965,762314,34635,2025365
2021-03-14 15:00:00,17837,1280989,6737.0,714135,1009.0,55925.0,18846,1336914,7746,770060,25583,2050948
2021-03-15 15:00:00,29886,1310875,11364.0,725499,599.0,56524.0,30485,1367399,11963,782023,41849,2092797
2021-03-16 15:00:00,33480,1344355,13587.0,739086,770.0,57294.0,34250,1401649,14357,796380,47837,2140634
2021-03-17 15:00:00,37631,1381986,17078.0,756164,1181.0,58475.0,38812,1440461,18259,814639,55890,2196524
2021-03-18 15:00:00,41471,1423457,12696.0,768860,1354.0,59829.0,42825,1483286,14050,828689,55521,2252045
2021-03-19 15:00:00,38388,1461845,15443.0,784303,1046.0,60875.0,39434,1522720,16489,845178,54877,2306922
2021-03-20 15:00:00,24729,1486574,10229.0,794532,705.0,61580.0,25434,1548154,10934,856112,35663,2342585
2021-03-21 15:00:00,19194,1505768,7904.0,802436,341.0,61921.0,19535,1567689,8245,864357,27439,2370024
2021-03-22 15:00:00,32599,1538367,11513.0,813949,835.0,62756.0,33434,1601123,12348,876705,44947,2414971
2021-03-23 15:00:00,38406,1576773,17861.0,831810,1556.0,64312.0,39962,1641085,19417,896122,57823,2472794
2021-03-24 15:00:00,41086,1617859,21254.0,853064,1386.0,65698.0,42472,1683557,22640,918762,63726,2536520
2021-03-25 15:00:00,42911,1660770,21739.0,874803,2456.0,68154.0,45367,1728924,24195,942957,67106,2603626
2021-03-26 15:00:00,36381,1697151,26718.0,901521,2495.0,70649.0,38876,1767800,29213,972170,65594,2669220
2021-03-27 15:00:00,26472,1723623,17322.0,918843,2490.0,73139.0,28962,1796762,19812,991982,46284,2715504
2021-03-28 15:00:00,17011,1740634,12690.0,931533,1614.0,74753.0,18625,1815387,14304,1006286,31315,2746819
2021-03-29 15:00:00,29722,1770356,26391.0,957924,1141.0,75894.0,30863,1846250,27532,1033818,57254,2804073
2021-03-30 15:00:00,40060,1810416,29089.0,987013,1865.0,77759.0,41925,1888175,30954,1064772,71014,2875087
2021-03-31 15:00:00,41023,1851439,34749.0,1021762,5750.0,83509.0,46773,1934948,40499,1105271,81522,2956609
2021-04-01 15:00:00,42467,1893906,41166.0,1062928,5760.0,89269.0,48227,1983175,46926,1152197,89393,3046002
2021-04-02 15:00:00,34924,1928830,32735.0,1095663,6131.0,95400.0,41055,2024230,38866,1191063,73790,3119792
2021-04-03 15:00:00,21169,1949999,19236.0,1114899,4393.0,99793.0,25562,2049792,23629,1214692,44798,3164590
2021-04-04 15:00:00,8297,1958296,10223.0,1125122,967.0,100760.0,9264,2059056,11190,1225882,19487,3184077
2021-04-05 15:00:00,27957,1986253,28980.0,1154102,6662.0,107422.0,34619,2093675,35642,1261524,63599,3247676
2021-04-06 15:00:00,39799,2026052,30518.0,1184620,10501.0,117923.0,50300,2143975,41019,1302543,80818,3328494
2021-04-07 15:00:00,36106,2062158,34367.0,1218987,13001.0,130924.0,49107,2193082,47368,1349911,83474,3411968
2021-04-08 15:00:00,42360,2104518,36161.0,1255148,13873.0,144797.0,56233,2249315,50034,1399945,92394,3504362
2021-04-09 15:00:00,34098,2138616,36363.0,1291511,14534.0,159331.0,48632,2297947,50897,1450842,84995,3589357
2021-04-10 15:00:00,23495,2162111,23183.0,1314694,7641.0,166972.0,31136,2329083,30824,1481666,54319,3643676
2021-04-11 15:00:00,17588,2179699,13296.0,1327990,10123.0,177095.0,27711,2356794,23419,1505085,41007,3684683
2021-04-12 15:00:00,24602,2204301,33292.0,1361282,10907.0,188002.0,35509,2392303,44199,1549284,68801,3753484
2021-04-13 15:00:00,126159,2330460,91324.0,1452606,3293.0,191295.0,129452,2521755,94617,1643901,220776,3974260
2021-04-14 15:00:00,40735,2371195,37849.0,1490455,213.0,191508.0,40948,2562703,38062,1681963,78797,4053057
2021-04-15 15:00:00,41421,2412616,39574.0,1530029,176.0,191684.0,41597,2604300,39750,1721713,81171,4134228
2021-04-16 15:00:00,37150,2449766,38891.0,1568920,25.0,191709.0,37175,2641475,38916,1760629,76066,4210294
2021-04-17 15:00:00,32815,2482581,22041.0,1590961,13.0,191722.0,32828,2674303,22054,1782683,54869,4265163
2021-04-18 15:00:00,20064,2502645,16208.0,1607169,5.0,191727.0,20069,2694372,16213,1798896,36277,4301440
2021-04-19 15:00:00,29887,2532532,36564.0,1643733,61.0,191788.0,29948,2724320,36625,1835521,66512,4367952
2021-04-20 15:00:00,32935,2565467,44497.0,1688230,58.0,191846.0,32993,2757313,44555,1880076,77490,4445442
2021-04-21 15:00:00,39835,2605302,47085.0,1735315,26.0,191872.0,39861,2797174,47111,1927187,86946,4532388
2021-04-22 15:00:00,35856,2641158,42697.0,1778012,16.0,191888.0,35872,2833046,42713,1969900,78569,4610957
2021-04-23 15:00:00,33146,2674304,40170.0,1818182,14.0,191902.0,33160,2866206,40184,2010084,73330,4684287
2021-04-24 15:00:00,26418,2700722,27928.0,1846110,81.0,191983.0,26499,2892705,28009,2038093,54427,4738714
2021-04-25 15:00:00,20218,2720940,10996.0,1857106,31.0,192014.0,20249,2912954,11027,2049120,31245,4769959
2021-04-26 15:00:00,27384,2748324,32763.0,1889869,201.0,192215.0,27585,2940539,32964,2082084,60348,4830307
2021-04-27 15:00:00,26679,2775003,33106.0,1922975,1097.0,193312.0,27776,2968315,34203,2116287,60882,4891189
2021-04-28 15:00:00,28924,2803927,39565.0,1962540,1367.0,194679.0,30291,2998606,40932,2157219,69856,4961045
2021-04-29 15:00:00,27067,2830994,39778.0,2002318,1463.0,196142.0,28530,3027136,41241,2198460,68308,5029353
2021-04-30 15:00:00,28202,2859196,32313.0,2034631,1649.0,197791.0,29851,3056987,33962,2232422,62164,5091517
2021-05-01 15:00:00,20749,2879945,26781.0,2061412,1055.0,198846.0,21804,3078791,27836,2260258,48585,5140102
2021-05-02 15:00:00,10269,2890214,17084.0,2078496,823.0,199669.0,11092,3089883,17907,2278165,28176,5168278
2021-05-03 15:00:00,12721,2902935,28636.0,2107132,1916.0,201585.0,14637,3104520,30552,2308717,43273,5211551
2021-05-04 15:00:00,13561,2916496,38643.0,2145775,1742.0,203327.0,15303,3119823,40385,2349102,53946,5265497
2021-05-05 15:00:00,19318,2935814,37785.0,2183560,1921.0,205248.0,21239,3141062,39706,2388808,59024,5324521
2021-05-06 15:00:00,16925,2952739,40602.0,2224162,1721.0,206969.0,18646,3159708,42323,2431131,59248,5383769
2021-05-07 15:00:00,17581,2970320,37026.0,2261188,1959.0,208928.0,19540,3179248,38985,2470116,56566,5440335
2021-05-08 15:00:00,10794,2981114,31234.0,2292422,1293.0,210221.0,12087,3191335,32527,2502643,43321,5483656
2021-05-09 15:00:00,5077,2986191,12252.0,2304674,695.0,210916.0,5772,3197107,12947,2515590,18024,5501680
2021-05-10 15:00:00,8955,2995146,31062.0,2335736,1362.0,212278.0,10317,3207424,32424,2548014,41379,5543059
2021-05-11 15:00:00,12183,3007329,30297.0,2366033,1442.0,213720.0,13625,3221049,31739,2579753,43922,5586981
2021-05-12 15:00:00,13947,3021276,38639.0,2404672,1917.0,215637.0,15864,3236913,40556,2620309,54503,5641484
2021-05-13 15:00:00,21843,3043119,33524.0,2438196,1347.0,216984.0,23190,3260103,34871,2655180,56714,5698198
2021-05-14 15:00:00,24397,3067516,30066.0,2468262,1774.0,218758.0,26171,3286274,31840,2687020,56237,5754435
2021-05-15 15:00:00,21953,3089469,25119.0,2493381,1490.0,220248.0,23443,3309717,26609,2713629,48562,5802997
2021-05-16 15:00:00,9090,3098559,17582.0,2510963,1113.0,221361.0,10203,3319920,18695,2732324,27785,5830782
2021-05-17 15:00:00,16839,3115398,28414.0,2539377,1949.0,223310.0,18788,3338708,30363,2762687,47202,5877984
2021-05-18 15:00:00,21262,3136660,30703.0,2570080,1943.0,225253.0,23205,3361913,32646,2795333,53908,5931892
2021-05-19 15:00:00,27668,3164328,32440.0,2602520,1632.0,226885.0,29300,3391213,34072,2829405,61740,5993632
2021-05-20 15:00:00,20808,3185136,33282.0,2635802,1965.0,228850.0,22773,3413986,35247,2864652,56055,6049687
2021-05-21 15:00:00,19163,3204299,30362.0,2666164,1609.0,230459.0,20772,3434758,31971,2896623,51134,6100821
2021-05-22 15:00:00,16945,3221244,20697.0,2686861,1269.0,231728.0,18214,3452972,21966,2918589,38911,6139732
2021-05-23 15:00:00,8816,3230060,11453.0,2698314,965.0,232693.0,9781,3462753,12418,2931007,21234,6160966
2021-05-24 15:00:00,13573,3243633,17781.0,2716095,1473.0,234166.0,15046,3477799,19254,2950261,32827,6193793
2021-05-25 15:00:00,13076,3256709,18719.0,2734814,1329.0,235495.0,14405,3492204,20048,2970309,33124,6226917
2021-05-26 15:00:00,18309,3275018,19521.0,2754335,1512.0,237007.0,19821,3512025,21033,2991342,39342,6266259
2021-05-27 15:00:00,11688,3286706,18673.0,2773008,1117.0,238124.0,12805,3524830,19790,3011132,31478,6297737
2021-05-28 15:00:00,12423,3299129,19855.0,2792863,1402.0,239526.0,13825,3538655,21257,3032389,33680,6331417
2021-05-29 15:00:00,9516,3308645,11728.0,2804591,937.0,240463.0,10453,3549108,12665,3045054,22181,6353598
2021-05-30 15:00:00,4969,3313614,6438.0,2811029,596.0,241059.0,5565,3554673,7034,3052088,12003,6365601
2021-05-31 15:00:00,1779,3315393,3712.0,2814741,305.0,241364.0,2084,3556757,4017,3056105,5796,6371397
2021-06-01 15:00:00,9878,3325271,16483.0,2831224,1159.0,242523.0,11037,3567794,17642,3073747,27520,6398917
2021-06-02 15:00:00,10236,3335507,16825.0,2848049,961.0,243484.0,11197,3578991,17786,3091533,28022,6426939
2021-06-03 15:00:00,7896,3343403,21198.0,2869247,1089.0,244573.0,8985,3587976,22287,3113820,30183,6457122
2021-06-04 15:00:00,8198,3351601,22362.0,2891609,1120.0,245693.0,9318,3597294,23482,3137302,31680,6488802
2021-06-05 15:00:00,7000,3358601,19477.0,2911086,720.0,246413.0,7720,3605014,20197,3157499,27197,6515999
2021-06-06 15:00:00,3457,3362058,7257.0,2918343,425.0,246838.0,3882,3608896,7682,3165181,11139,6527138
2021-06-07 15:00:00,6859,3368917,15795.0,2934138,725.0,247563.0,7584,3616480,16520,3181701,23379,6550517
2021-06-08 15:00:00,6670,3375587,19740.0,2953878,831.0,248394.0,7501,3623981,20571,3202272,27241,6577758
2021-06-09 15:00:00,8201,3383788,23994.0,2977872,969.0,249363.0,9170,3633151,24963,3227235,33164,6610922
2021-06-10 15:00:00,7152,3390940,19144.0,2997016,895.0,250258.0,8047,3641198,20039,3247274,27191,6638113
2021-06-11 15:00:00,7493,3398433,17733.0,3014749,1125.0,251383.0,8618,3649816,18858,3266132,26351,6664464
2021-06-12 15:00:00,5242,3403675,14770.0,3029519,605.0,251988.0,5847,3655663,15375,3281507,20617,6685081
2021-06-13 15:00:00,1946,3405621,7635.0,3037154,427.0,252415.0,2373,3658036,8062,3289569,10008,6695089
2021-06-14 15:00:00,5655,3411276,11827.0,3048981,733.0,253148.0,6388,3664424,12560,3302129,18215,6713304
2021-06-15 15:00:00,5647,3416923,14344.0,3063325,874.0,254022.0,6521,3670945,15218,3317347,20865,6734169
2021-06-16 15:00:00,8756,3425679,21591.0,3084916,757.0,254779.0,9513,3680458,22348,3339695,31104,6765273
2021-06-17 15:00:00,6692,3432371,12369.0,3097285,720.0,255499.0,7412,3687870,13089,3352784,19781,6785054
2021-06-18 15:00:00,6834,3439205,12747.0,3110032,702.0,256201.0,7536,3695406,13449,3366233,20283,6805337
2021-06-19 15:00:00,4655,3443860,9386.0,3119418,615.0,256816.0,5270,3700676,10001,3376234,14656,6819993
2021-06-20 15:00:00,2508,3446368,5063.0,3124481,377.0,257193.0,2885,3703561,5440,3381674,7948,6827941
2021-06-21 15:00:00,5567,3451935,5339.0,3129820,635.0,257828.0,6202,3709763,5974,3387648,11541,6839482
2021-06-22 15:00:00,5345,3457280,9056.0,3138876,694.0,258522.0,6039,3715802,9750,3397398,15095,6854577
2021-06-23 15:00:00,6080,3463360,10340.0,3149216,646.0,259168.0,6726,3722528,10986,3408384,17066,6871643
2021-06-24 15:00:00,5937,3469297,8202.0,3157418,595.0,259763.0,6532,3729060,8797,3417181,14734,6886377
2021-06-25 15:00:00,5828,3475125,8669.0,3166087,620.0,260383.0,6448,3735508,9289,3426470,15117,6901494
2021-06-26 15:00:00,3706,3478831,6306.0,3172393,398.0,260781.0,4104,3739612,6704,3433174,10410,6911904
2021-06-27 15:00:00,2810,3481641,3525.0,3175918,185.0,260966.0,2995,3742607,3710,3436884,6520,6918424
2021-06-28 15:00:00,4924,3486565,6394.0,3182312,539.0,261505.0,5463,3748070,6933,3443817,11857,6930281
2021-06-29 15:00:00,5062,3491627,6482.0,3188794,523.0,262028.0,5585,3753655,7005,3450822,12067,6942348
2021-06-30 15:00:00,5628,3497255,7390.0,3196184,606.0,262634.0,6234,3759889,7996,3458818,13624,6955972
2021-07-01 15:00:00,5438,3502693,7000.0,3203184,504.0,263138.0,5942,3765831,7504,3466322,12942,6968914
2021-07-02 15:00:00,5296,3507989,6848.0,3210032,527.0,263665.0,5823,3771654,7375,3473697,12671,6981585
2021-07-03 15:00:00,3274,3511263,4070.0,3214102,264.0,263929.0,3538,3775192,4334,3478031,7608,6989193
2021-07-04 15:00:00,494,3511757,551.0,3214653,69.0,263998.0,563,3775755,620,3478651,1114,6990307
2021-07-05 15:00:00,3771,3515528,3953.0,3218606,287.0,264285.0,4058,3779813,4240,3482891,8011,6998318
2021-07-06 15:00:00,4497,3520025,6285.0,3224891,455.0,264740.0,4952,3784765,6740,3489631,11237,7009555
2021-07-07 15:00:00,4471,3524496,6417.0,3231308,483.0,265223.0,4954,3789719,6900,3496531,11371,7020926
2021-07-08 15:00:00,4838,3529334,6185.0,3237493,564.0,265787.0,5402,3795121,6749,3503280,11587,7032513
2021-07-09 15:00:00,5365,3534699,6678.0,3244171,573.0,266360.0,5938,3801059,7251,3510531,12616,7045129
2021-07-10 15:00:00,3522,3538221,4405.0,3248576,305.0,266665.0,3827,3804886,4710,3515241,8232,7053361
2021-07-11 15:00:00,2681,3540902,2577.0,3251153,227.0,266892.0,2908,3807794,2804,3518045,5485,7058846
2021-07-12 15:00:00,4426,3545328,5134.0,3256287,379.0,267271.0,4805,3812599,5513,3523558,9939,7068785
2021-07-13 15:00:00,4668,3549996,4725.0,3261012,366.0,267637.0,5034,3817633,5091,3528649,9759,7078544
2021-07-14 15:00:00,4627,3554623,5290.0,3266302,422.0,268059.0,5049,3822682,5712,3534361,10339,7088883
2021-07-15 15:00:00,4915,3559538,5019.0,3271321,358.0,268417.0,5273,3827955,5377,3539738,10292,7099175
2021-07-16 15:00:00,6275,3565813,5849.0,3277170,405.0,268822.0,6680,3834635,6254,3545992,12529,7111704
2021-07-17 15:00:00,3415,3569228,3554.0,3280724,303.0,269125.0,3718,3838353,3857,3549849,7272,7118976
2021-07-18 15:00:00,2310,3571538,2384.0,3283108,110.0,269235.0,2420,3840773,2494,3552343,4804,7123780
2021-07-19 15:00:00,5144,3576682,4614.0,3287722,383.0,269618.0,5527,3846300,4997,3557340,10141,7133921
2021-07-20 15:00:00,5345,3582027,4727.0,3292449,367.0,269985.0,5712,3852012,5094,3562434,10439,7144360
2021-07-21 15:00:00,5664,3587691,4957.0,3297406,416.0,270401.0,6080,3858092,5373,3567807,11037,7155397
2021-07-22 15:00:00,6033,3593724,4647.0,3302053,472.0,270873.0,6505,3864597,5119,3572926,11152,7166549
2021-07-23 15:00:00,6846,3600570,4849.0,3306902,499.0,271372.0,7345,3871942,5348,3578274,12194,7178743
2021-07-24 15:00:00,4282,3604852,3208.0,3310110,267.0,271639.0,4549,3876491,3475,3581749,7757,7186500
2021-07-25 15:00:00,3299,3608151,1122.0,3311232,140.0,271779.0,3439,3879930,1262,3583011,4561,7191061
2021-07-26 15:00:00,6219,3614370,3912.0,3315144,419.0,272198.0,6638,3886568,4331,3587342,10550,7201611
2021-07-27 15:00:00,6607,3620977,4291.0,3319435,458.0,272656.0,7065,3893633,4749,3592091,11356,7212967
2021-07-28 15:00:00,7091,3628068,4152.0,3323587,460.0,273116.0,7551,3901184,4612,3596703,11703,7224670
2021-07-29 15:00:00,7083,3635151,4312.0,3327899,419.0,273535.0,7502,3908686,4731,3601434,11814,7236484
2021-07-30 15:00:00,7826,3642977,4813.0,3332712,527.0,274062.0,8353,3917039,5340,3606774,13166,7249650
2021-07-31 15:00:00,4793,3647770,3084.0,3335796,274.0,274336.0,5067,3922106,3358,3610132,8151,7257801
2021-08-01 15:00:00,3908,3651678,2189.0,3337985,165.0,274501.0,4073,3926179,2354,3612486,6262,7264063
2021-08-02 15:00:00,7274,3658952,3852.0,3341837,341.0,274842.0,7615,3933794,4193,3616679,11467,7275530
2021-08-03 15:00:00,7274,3666226,4110.0,3345947,517.0,275359.0,7791,3941585,4627,3621306,11901,7287431
2021-08-04 15:00:00,7429,3673655,4123.0,3350070,536.0,275895.0,7965,3949550,4659,3625965,12088,7299519
2021-08-05 15:00:00,7962,3681617,4304.0,3354374,539.0,276434.0,8501,3958051,4843,3630808,12805,7312324
2021-08-06 15:00:00,8340,3689957,4743.0,3359117,454.0,276888.0,8794,3966845,5197,3636005,13537,7325861
2021-08-07 15:00:00,5305,3695262,2843.0,3361960,264.0,277152.0,5569,3972414,3107,3639112,8412,7334273
2021-08-08 15:00:00,3979,3699241,2063.0,3364023,146.0,277298.0,4125,3976539,2209,3641321,6188,7340461
2021-08-09 15:00:00,6958,3706199,4568.0,3368591,370.0,277668.0,7328,3983867,4938,3646259,11896,7352357
2021-08-10 15:00:00,7177,3713376,4496.0,3373087,340.0,278008.0,7517,3991384,4836,3651095,12013,7364370
2021-08-11 15:00:00,7088,3720464,4448.0,3377535,443.0,278451.0,7531,3998915,4891,3655986,11979,7376349
2021-08-12 15:00:00,8639,3729103,4759.0,3382294,445.0,278896.0,9084,4007999,5204,3661190,13843,7390192
2021-08-13 15:00:00,7161,3736264,5397.0,3387691,397.0,279293.0,7558,4015557,5794,3666984,12955,7403147
2021-08-14 15:00:00,4922,3741186,3342.0,3391033,285.0,279578.0,5207,4020764,3627,3670611,8549,7411696
2021-08-15 15:00:00,3328,3744514,2740.0,3393773,163.0,279741.0,3491,4024255,2903,3673514,6231,7417927
2021-08-16 15:00:00,5454,3749968,5094.0,3398867,354.0,280095.0,5808,4030063,5448,3678962,10902,7428829
2021-08-17 15:00:00,6822,3756790,5364.0,3404231,391.0,280486.0,7213,4037276,5755,3684717,12577,7441406
2021-08-18 15:00:00,6334,3763124,5514.0,3409745,481.0,280967.0,6815,4044091,5995,3690712,12329,7453735
2021-08-19 15:00:00,6227,3769351,5558.0,3415303,417.0,281384.0,6644,4050735,5975,3696687,12202,7465937
2021-08-20 15:00:00,6845,3776196,6556.0,3421859,401.0,281785.0,7246,4057981,6957,3703644,13802,7479739
2021-08-21 15:00:00,4340,3780536,3919.0,3425778,229.0,282014.0,4569,4062550,4148,3707792,8488,7488227
2021-08-22 15:00:00,3060,3783596,3170.0,3428948,110.0,282124.0,3170,4065720,3280,3711072,6340,7494567
2021-08-23 15:00:00,5997,3789593,6107.0,3435055,287.0,282411.0,6284,4072004,6394,3717466,12391,7506958
2021-08-24 15:00:00,6550,3796143,6075.0,3441130,425.0,282836.0,6975,4078979,6500,3723966,13050,7520008
2021-08-25 15:00:00,6722,3802865,6227.0,3447357,441.0,283277.0,7163,4086142,6668,3730634,13390,7533398
2021-08-26 15:00:00,6969,3809834,6660.0,3454017,428.0,283705.0,7397,4093539,7088,3737722,14057,7547455
2021-08-27 15:00:00,6831,3816665,7088.0,3461105,317.0,284022.0,7148,4100687,7405,3745127,14236,7561691
2021-08-28 15:00:00,6908,3823573,6527.0,3467632,326.0,284348.0,7234,4107921,6853,3751980,13761,7575452
2021-08-29 15:00:00,3738,3827311,3693.0,3471325,610.0,284958.0,4348,4112269,4303,3756283,8041,7583493
2021-08-30 15:00:00,5930,3833241,6129.0,3477454,960.0,285918.0,6890,4119159,7089,3763372,13019,7596512
2021-08-31 15:00:00,5903,3839144,6077.0,3483531,946.0,286864.0,6849,4126008,7023,3770395,12926,7609438
2021-09-01 15:00:00,5597,3844741,5706.0,3489237,918.0,287782.0,6515,4132523,6624,3777019,12221,7621659
2021-09-02 15:00:00,5539,3850280,5947.0,3495184,709.0,288491.0,6248,4138771,6656,3783675,12195,7633854
2021-09-03 15:00:00,6010,3856290,6945.0,3502129,977.0,289468.0,6987,4145758,7922,3791597,13932,7647786
2021-09-04 15:00:00,3734,3860024,4355.0,3506484,878.0,290346.0,4612,4150370,5233,3796830,8967,7656753
2021-09-05 15:00:00,2956,3862980,2813.0,3509297,106.0,290452.0,3062,4153432,2919,3799749,5875,7662628
2021-09-06 15:00:00,1060,3864040,1159.0,3510456,69.0,290521.0,1129,4154561,1228,3800977,2288,7664916
2021-09-07 15:00:00,5348,3869388,7307.0,3517763,2303.0,292824.0,7651,4162212,9610,3810587,14958,7679874
2021-09-08 15:00:00,4656,3874044,5482.0,3523245,364.0,293188.0,5020,4167232,5846,3816433,10502,7690376
2021-09-09 15:00:00,5020,3879064,5467.0,3528712,325.0,293513.0,5345,4172577,5792,3822225,10812,7701188
2021-09-10 15:00:00,6527,3885591,6671.0,3535383,1719.0,295232.0,8246,4180823,8390,3830615,14917,7716105
2021-09-11 15:00:00,4175,3889766,4344.0,3539727,666.0,295898.0,4841,4185664,5010,3835625,9185,7725290
2021-09-12 15:00:00,3171,3892937,3239.0,3542966,436.0,296334.0,3607,4189271,3675,3839300,6846,7732136
2021-09-13 15:00:00,4884,3897821,5073.0,3548039,347.0,296681.0,5231,4194502,5420,3844720,10304,7742440
2021-09-14 15:00:00,4775,3902596,5446.0,3553485,437.0,297118.0,5212,4199714,5883,3850603,10658,7753098
2021-09-15 15:00:00,5044,3907640,5883.0,3559368,392.0,297510.0,5436,4205150,6275,3856878,11319,7764417
2021-09-16 15:00:00,4810,3912450,5850.0,3565218,336.0,297846.0,5146,4210296,6186,3863064,10996,7775413
2021-09-17 15:00:00,5258,3917708,6582.0,3571800,344.0,298190.0,5602,4215898,6926,3869990,12184,7787597
2021-09-18 15:00:00,3806,3921514,4580.0,3576380,185.0,298375.0,3991,4219889,4765,3874755,8571,7796168
2021-09-19 15:00:00,2741,3924255,3177.0,3579557,75.0,298450.0,2816,4222705,3252,3878007,5993,7802161
2021-09-20 15:00:00,3753,3928008,4678.0,3584235,429.0,298879.0,4182,4226887,5107,3883114,8860,7811021
2021-09-21 15:00:00,3998,3932006,5006.0,3589241,327.0,299206.0,4325,4231212,5333,3888447,9331,7820352
2021-09-22 15:00:00,4195,3936201,4777.0,3594018,459.0,299665.0,4654,4235866,5236,3893683,9431,7829783
2021-09-23 15:00:00,4175,3940376,4732.0,3598750,492.0,300157.0,4667,4240533,5224,3898907,9399,7839182
2021-09-24 15:00:00,5080,3945456,5614.0,3604364,422.0,300579.0,5502,4246035,6036,3904943,11116,7850298
2021-09-25 15:00:00,3624,3949080,3629.0,3607993,384.0,300963.0,4008,4250043,4013,3908956,7637,7857935
2021-09-26 15:00:00,2349,3951429,2666.0,3610659,431.0,301394.0,2780,4252823,3097,3912053,5446,7863381
2021-09-27 15:00:00,4504,3955933,2711.0,3613370,512.0,301906.0,5016,4257839,3223,3915276,7727,7871108
2021-09-28 15:00:00,4398,3960331,4453.0,3617823,211.0,302117.0,4609,4262448,4664,3919940,9062,7880170
2021-09-29 15:00:00,4691,3965022,4510.0,3622333,920.0,303037.0,5611,4268059,5430,3925370,10121,7890291
2021-09-30 15:00:00,4886,3969908,4562.0,3626895,796.0,303833.0,5682,4273741,5358,3930728,10244,7900535
2021-10-01 15:00:00,5516,3975424,5350.0,3632245,785.0,304618.0,6301,4280042,6135,3936863,11651,7912186
2021-10-02 15:00:00,2934,3978358,2897.0,3635142,187.0,304805.0,3121,4283163,3084,3939947,6018,7918204
2021-10-03 15:00:00,2075,3980433,2377.0,3637519,86.0,304891.0,2161,4285324,2463,3942410,4538,7922742
2021-10-04 15:00:00,4025,3984458,3498.0,3641017,232.0,305123.0,4257,4289581,3730,3946140,7755,7930497
2021-10-05 15:00:00,3952,3988410,3661.0,3644678,207.0,305330.0,4159,4293740,3868,3950008,7820,7938317
2021-10-06 15:00:00,4020,3992430,3574.0,3648252,266.0,305596.0,4286,4298026,3840,3953848,7860,7946177
2021-10-07 15:00:00,4233,3996663,3627.0,3651879,331.0,305927.0,4564,4302590,3958,3957806,8191,7954368
2021-10-08 15:00:00,4769,4001432,4283.0,3656162,283.0,306210.0,5052,4307642,4566,3962372,9335,7963703
2021-10-09 15:00:00,2691,4004123,2674.0,3658836,270.0,306480.0,2961,4310603,2944,3965316,5635,7969338
2021-10-10 15:00:00,1861,4005984,1850.0,3660686,59.0,306539.0,1920,4312523,1909,3967225,3770,7973108
2021-10-11 15:00:00,4207,4010191,3314.0,3664000,250.0,306789.0,4457,4316980,3564,3970789,7771,7980879
2021-10-12 15:00:00,3598,4013789,3533.0,3667533,273.0,307062.0,3871,4320851,3806,3974595,7404,7988283
2021-10-13 15:00:00,3978,4017767,3457.0,3670990,346.0,307408.0,4324,4325175,3803,3978398,7781,7996064
2021-10-14 15:00:00,5157,4022924,5494.0,3676484,431.0,307839.0,5588,4330763,5925,3984323,11082,8007146
2021-10-15 15:00:00,4757,4027681,4598.0,3681082,347.0,308186.0,5104,4335867,4945,3989268,9702,8016848
2021-10-16 15:00:00,2495,4030176,2509.0,3683591,291.0,308477.0,2786,4338653,2800,3992068,5295,8022143
2021-10-17 15:00:00,1805,4031981,1775.0,3685366,55.0,308532.0,1860,4340513,1830,3993898,3635,8025778
2021-10-18 15:00:00,4280,4036261,3576.0,3688942,268.0,308800.0,4548,4345061,3844,3997742,8124,8033902
2021-10-19 15:00:00,4302,4040563,4001.0,3692943,223.0,309023.0,4525,4349586,4224,4001966,8526,8042428
2021-10-20 15:00:00,3534,4044097,3418.0,3696361,255.0,309278.0,3789,4353375,3673,4005639,7207,8049635
2021-10-21 15:00:00,3299,4047396,3273.0,3699634,291.0,309569.0,3590,4356965,3564,4009203,6863,8056498
2021-10-22 15:00:00,4679,4052075,4027.0,3703661,477.0,310046.0,5156,4362121,4504,4013707,9183,8065681
2021-10-23 15:00:00,2882,4054957,2108.0,3705769,321.0,310367.0,3203,4365324,2429,4016136,5311,8070992
2021-10-24 15:00:00,2056,4057013,1551.0,3707320,79.0,310446.0,2135,4367459,1630,4017766,3686,8074678
2021-10-25 15:00:00,4547,4061560,3068.0,3710388,320.0,310766.0,4867,4372326,3388,4021154,7935,8082613
2021-10-26 15:00:00,4511,4066071,3074.0,3713462,316.0,311082.0,4827,4377153,3390,4024544,7901,8090514
2021-10-27 15:00:00,4734,4070805,3338.0,3716800,436.0,311518.0,5170,4382323,3774,4028318,8508,8099022
2021-10-28 15:00:00,4566,4075371,3358.0,3720158,502.0,312020.0,5068,4387391,3860,4032178,8426,8107448
2021-10-29 15:00:00,4986,4080357,3916.0,3724074,395.0,312415.0,5381,4392772,4311,4036489,9297,8116745
2021-10-30 15:00:00,2630,4082987,1836.0,3725910,307.0,312722.0,2937,4395709,2143,4038632,4773,8121518
2021-10-31 15:00:00,1933,4084920,1518.0,3727428,93.0,312815.0,2026,4397735,1611,4040243,3544,8125062
2021-11-01 15:00:00,4725,4089645,3428.0,3730856,348.0,313163.0,5073,4402808,3776,4044019,8501,8133563
2021-11-02 15:00:00,4253,4093898,2936.0,3733792,409.0,313572.0,4662,4407470,3345,4047364,7598,8141161
2021-11-03 15:00:00,4666,4098564,3044.0,3736836,464.0,314036.0,5130,4412600,3508,4050872,8174,8149335
2021-11-04 15:00:00,6317,4104881,3365.0,3740201,513.0,314549.0,6830,4419430,3878,4054750,10195,8159530
2021-11-05 15:00:00,8238,4113119,3760.0,3743961,413.0,314962.0,8651,4428081,4173,4058923,12411,8171941
2021-11-06 15:00:00,10171,4123290,1967.0,3745928,308.0,315270.0,10479,4438560,2275,4061198,12446,8184387
2021-11-07 15:00:00,7717,4131007,1461.0,3747389,95.0,315365.0,7812,4446372,1556,4062754,9273,8193660
2021-11-08 15:00:00,11305,4142312,3046.0,3750435,379.0,315744.0,11684,4458056,3425,4066179,14730,8208390
2021-11-09 15:00:00,11763,4154075,2643.0,3753078,269.0,316013.0,12032,4470088,2912,4069091,14675,8223065
2021-11-10 15:00:00,12591,4166666,2758.0,3755836,339.0,316352.0,12930,4483018,3097,4072188,15688,8238753
2021-11-11 15:00:00,11372,4178038,2373.0,3758209,280.0,316632.0,11652,4494670,2653,4074841,14025,8252778
2021-11-12 15:00:00,12288,4190326,3349.0,3761558,548.0,317180.0,12836,4507506,3897,4078738,16185,8268963
2021-11-13 15:00:00,9894,4200220,1590.0,3763148,342.0,317522.0,10236,4517742,1932,4080670,11826,8280789
2021-11-14 15:00:00,4198,4204418,1111.0,3764259,121.0,317643.0,4319,4522061,1232,4081902,5430,8286219
2021-11-15 15:00:00,8625,4213043,2512.0,3766771,210.0,317853.0,8835,4530896,2722,4084624,11347,8297566
2021-11-16 15:00:00,9227,4222270,2508.0,3769279,257.0,318110.0,9484,4540380,2765,4087389,11992,8309558
2021-11-17 15:00:00,9390,4231660,2863.0,3772142,312.0,318422.0,9702,4550082,3175,4090564,12565,8322123
2021-11-18 15:00:00,9279,4240939,2624.0,3774766,481.0,318903.0,9760,4559842,3105,4093669,12384,8334507
2021-11-19 15:00:00,9808,4250747,2908.0,3777674,381.0,319284.0,10189,4570031,3289,4096958,13097,8347604
2021-11-20 15:00:00,10626,4261373,1600.0,3779274,455.0,319739.0,11081,4581112,2055,4099013,12681,8360285
2021-11-21 15:00:00,4342,4265715,1201.0,3780475,100.0,319839.0,4442,4585554,1301,4100314,5643,8365928
2021-11-22 15:00:00,9819,4275534,2481.0,3782956,293.0,320132.0,10112,4595666,2774,4103088,12593,8378521
2021-11-23 15:00:00,9211,4284745,2386.0,3785342,282.0,320414.0,9493,4605159,2668,4105756,11879,8390400
2021-11-24 15:00:00,8167,4292912,2435.0,3787777,216.0,320630.0,8383,4613542,2651,4108407,10818,8401218
2021-11-25 15:00:00,239,4293151,78.0,3787855,10.0,320640.0,249,4613791,88,4108495,327,8401545
2021-11-26 15:00:00,5650,4298801,3955.0,3791810,153.0,320793.0,5803,4619594,4108,4112603,9758,8411303
2021-11-27 15:00:00,3776,4302577,5479.0,3797289,134.0,320927.0,3910,4623504,5613,4118216,9389,8420692
2021-11-28 15:00:00,2415,4304992,6385.0,3803674,77.0,321004.0,2492,4625996,6462,4124678,8877,8429569
2021-11-29 15:00:00,6373,4311365,9287.0,3812961,379.0,321383.0,6752,4632748,9666,4134344,16039,8445608
2021-11-30 15:00:00,6252,4317617,9322.0,3822283,264.0,321647.0,6516,4639264,9586,4143930,15838,8461446
2021-12-01 15:00:00,7317,4324934,9725.0,3832008,308.0,321955.0,7625,4646889,10033,4153963,17350,8478796
2021-12-02 15:00:00,6928,4331862,8793.0,3840801,450.0,322405.0,7378,4654267,9243,4163206,16171,8494967
2021-12-03 15:00:00,7607,4339469,9259.0,3850060,251.0,322656.0,7858,4662125,9510,4172716,17117,8512084
2021-12-04 15:00:00,5950,4345419,10050.0,3860110,467.0,323123.0,6417,4668542,10517,4183233,16467,8528551
2021-12-05 15:00:00,3447,4348866,3548.0,3863658,78.0,323201.0,3525,4672067,3626,4186859,7073,8535624
2021-12-06 15:00:00,6766,4355632,7095.0,3870753,281.0,323482.0,7047,4679114,7376,4194235,14142,8549766
2021-12-07 15:00:00,6412,4362044,7036.0,3877789,250.0,323732.0,6662,4685776,7286,4201521,13698,8563464
2021-12-08 15:00:00,6932,4368976,7414.0,3885203,315.0,324047.0,7247,4693023,7729,4209250,14661,8578125
2021-12-09 15:00:00,6546,4375522,7029.0,3892232,398.0,324445.0,6944,4699967,7427,4216677,13973,8592098
2021-12-10 15:00:00,7287,4382809,7325.0,3899557,232.0,324677.0,7519,4707486,7557,4224234,14844,8606942
2021-12-11 15:00:00,4450,4387259,7673.0,3907230,333.0,325010.0,4783,4712269,8006,4232240,12456,8619398
2021-12-12 15:00:00,4001,4391260,2773.0,3910003,60.0,325070.0,4061,4716330,2833,4235073,6834,8626232
2021-12-13 15:00:00,5696,4396956,5763.0,3915766,243.0,325313.0,5939,4722269,6006,4241079,11702,8637934
2021-12-14 15:00:00,6464,4403420,5932.0,3921698,222.0,325535.0,6686,4728955,6154,4247233,12618,8650552
2021-12-15 15:00:00,7170,4410590,5714.0,3927412,258.0,325793.0,7428,4736383,5972,4253205,13142,8663694
2021-12-16 15:00:00,7890,4418480,2826.0,3930238,423.0,326216.0,8313,4744696,3249,4256454,11139,8674833
2021-12-17 15:00:00,7844,4426324,4159.0,3934397,195.0,326411.0,8039,4752735,4354,4260808,12198,8687031
2021-12-18 15:00:00,5837,4432161,3180.0,3937577,298.0,326709.0,6135,4758870,3478,4264286,9315,8696346
2021-12-19 15:00:00,3377,4435538,1342.0,3938919,37.0,326746.0,3414,4762284,1379,4265665,4756,8701102
2021-12-20 15:00:00,8083,4443621,3744.0,3942663,173.0,326919.0,8256,4770540,3917,4269582,12000,8713102
2021-12-21 15:00:00,8999,4452620,4160.0,3946823,175.0,327094.0,9174,4779714,4335,4273917,13334,8726436
2021-12-22 15:00:00,8687,4461307,3871.0,3950694,184.0,327278.0,8871,4788585,4055,4277972,12742,8739178
2021-12-23 15:00:00,8403,4469710,3574.0,3954268,359.0,327637.0,8762,4797347,3933,4281905,12336,8751514
2021-12-24 15:00:00,1634,4471344,1008.0,3955276,39.0,327676.0,1673,4799020,1047,4282952,2681,8754195
2021-12-25 15:00:00,49,4471393,36.0,3955312,1.0,327677.0,50,4799070,37,4282989,86,8754281
2021-12-26 15:00:00,2516,4473909,1744.0,3957056,44.0,327721.0,2560,4801630,1788,4284777,4304,8758585
2021-12-27 15:00:00,7203,4481112,3996.0,3961052,297.0,328018.0,7500,4809130,4293,4289070,11496,8770081
2021-12-28 15:00:00,7928,4489040,3852.0,3964904,178.0,328196.0,8106,4817236,4030,4293100,11958,8782039
2021-12-29 15:00:00,8230,4497270,4012.0,3968916,156.0,328352.0,8386,4825622,4168,4297268,12398,8794437
2021-12-30 15:00:00,7477,4504747,3783.0,3972699,290.0,328642.0,7767,4833389,4073,4301341,11550,8805987
2021-12-31 15:00:00,2575,4507322,1530.0,3974229,90.0,328732.0,2665,4836054,1620,4302961,4195,8810182
2022-01-01 15:00:00,737,4508059,347.0,3974576,34.0,328766.0,771,4836825,381,4303342,1118,8811300
2022-01-02 15:00:00,2217,4510276,1651.0,3976227,48.0,328814.0,2265,4839090,1699,4305041,3916,8815216
2022-01-03 15:00:00,3398,4513674,2067.0,3978294,222.0,329036.0,3620,4842710,2289,4307330,5687,8820903
2022-01-04 15:00:00,5848,4519522,3486.0,3981780,165.0,329201.0,6013,4848723,3651,4310981,9499,8830402
2022-01-05 15:00:00,6825,4526347,4691.0,3986471,175.0,329376.0,7000,4855723,4866,4315847,11691,8842093
2022-01-06 15:00:00,6752,4533099,4823.0,3991294,265.0,329641.0,7017,4862740,5088,4320935,11840,8853933
2022-01-07 15:00:00,5980,4539079,3772.0,3995066,162.0,329803.0,6142,4868882,3934,4324869,9914,8863847
2022-01-08 15:00:00,4804,4543883,3906.0,3998972,78.0,329881.0,4882,4873764,3984,4328853,8788,8872635
2022-01-09 15:00:00,2764,4546647,2017.0,4000989,154.0,330035.0,2918,4876682,2171,4331024,4935,8877570
2022-01-10 15:00:00,6342,4552989,3833.0,4004822,160.0,330195.0,6502,4883184,3993,4335017,10335,8887905
2022-01-11 15:00:00,6554,4559543,4247.0,4009069,142.0,330337.0,6696,4889880,4389,4339406,10943,8898848
2022-01-12 15:00:00,6811,4566354,4439.0,4013508,225.0,330562.0,7036,4896916,4664,4344070,11475,8910323
2022-01-13 15:00:00,6658,4573012,4382.0,4017890,153.0,330715.0,6811,4903727,4535,4348605,11193,8921516
2022-01-14 15:00:00,7209,4580221,3284.0,4021174,252.0,330967.0,7461,4911188,3536,4352141,10745,8932261
2022-01-15 15:00:00,4264,4584485,1689.0,4022863,71.0,331038.0,4335,4915523,1760,4353901,6024,8938285
2022-01-16 15:00:00,2217,4586702,1319.0,4024182,116.0,331154.0,2333,4917856,1435,4355336,3652,8941937
2022-01-17 15:00:00,3616,4590318,2364.0,4026546,74.0,331228.0,3690,4921546,2438,4357774,6054,8947991
2022-01-18 15:00:00,5283,4595601,4201.0,4030747,102.0,331330.0,5385,4926931,4303,4362077,9586,8957577
2022-01-19 15:00:00,5292,4600893,4472.0,4035219,99.0,331429.0,5391,4932322,4571,4366648,9863,8967440
2022-01-20 15:00:00,4527,4605420,3622.0,4038841,176.0,331605.0,4703,4937025,3798,4370446,8325,8975765
2022-01-21 15:00:00,5595,4611015,2929.0,4041770,126.0,331731.0,5721,4942746,3055,4373501,8650,8984415
2022-01-22 15:00:00,3456,4614471,1723.0,4043493,134.0,331865.0,3590,4946336,1857,4375358,5313,8989728
2022-01-23 15:00:00,2032,4616503,1495.0,4044988,30.0,331895.0,2062,4948398,1525,4376883,3557,8993285
2022-01-24 15:00:00,4125,4620628,2772.0,4047760,89.0,331984.0,4214,4952612,2861,4379744,6986,9000271
2022-01-25 15:00:00,3816,4624444,3315.0,4051075,95.0,332079.0,3911,4956523,3410,4383154,7226,9007497
2022-01-26 15:00:00,3869,4628313,3692.0,4054767,94.0,332173.0,3963,4960486,3786,4386940,7655,9015152
2022-01-27 15:00:00,3768,4632081,3918.0,4058685,187.0,332360.0,3955,4964441,4105,4391045,7873,9023025
2022-01-28 15:00:00,3842,4635923,3275.0,4061960,75.0,332435.0,3917,4968358,3350,4394395,7192,9030217
2022-01-29 15:00:00,2298,4638221,2293.0,4064253,117.0,332552.0,2415,4970773,2410,4396805,4708,9034925
2022-01-30 15:00:00,1562,4639783,1635.0,4065888,16.0,332568.0,1578,4972351,1651,4398456,3213,9038138
2022-01-31 15:00:00,2986,4642769,3228.0,4069116,58.0,332626.0,3044,4975395,3286,4401742,6272,9044410
2022-02-01 15:00:00,2639,4645408,3408.0,4072524,75.0,332701.0,2714,4978109,3483,4405225,6122,9050532
2022-02-02 15:00:00,2820,4648228,3721.0,4076245,77.0,332778.0,2897,4981006,3798,4409023,6618,9057150
2022-02-03 15:00:00,2760,4650988,3649.0,4079894,41.0,332819.0,2801,4983807,3690,4412713,6450,9063600
2022-02-04 15:00:00,2778,4653766,4375.0,4084269,128.0,332947.0,2906,4986713,4503,4417216,7281,9070881
2022-02-05 15:00:00,1921,4655687,2882.0,4087151,112.0,333059.0,2033,4988746,2994,4420210,4915,9075796
2022-02-06 15:00:00,1064,4656751,1343.0,4088494,24.0,333083.0,1088,4989834,1367,4421577,2431,9078227
2022-02-07 15:00:00,2058,4658809,2685.0,4091179,47.0,333130.0,2105,4991939,2732,4424309,4790,9083017
2022-02-08 15:00:00,2083,4660892,3062.0,4094241,63.0,333193.0,2146,4994085,3125,4427434,5208,9088225
2022-02-09 15:00:00,2187,4663079,3296.0,4097537,73.0,333266.0,2260,4996345,3369,4430803,5556,9093781
2022-02-10 15:00:00,2066,4665145,2846.0,4100383,55.0,333321.0,2121,4998466,2901,4433704,4967,9098748
2022-02-11 15:00:00,2455,4667600,3473.0,4103856,121.0,333442.0,2576,5001042,3594,4437298,6049,9104797
2022-02-12 15:00:00,1621,4669221,2254.0,4106110,97.0,333539.0,1718,5002760,2351,4439649,3972,9108769
2022-02-13 15:00:00,734,4669955,1075.0,4107185,17.0,333556.0,751,5003511,1092,4440741,1826,9110595
2022-02-14 15:00:00,1440,4671395,2200.0,4109385,63.0,333619.0,1503,5005014,2263,4443004,3703,9114298
2022-02-15 15:00:00,1865,4673260,2346.0,4111731,47.0,333666.0,1912,5006926,2393,4445397,4258,9118556
2022-02-16 15:00:00,966,4674226,1300.0,4113031,39.0,333705.0,1005,5007931,1339,4446736,2305,9120861
