VACCINATION_DATE,FirstDailyDose,FirstDoseCumulative,SecondDailyDose,SecondDoseCumulative,SingleDailyDose,SingleDoseCumulative,AtleastOneVaccine,AtleastOneVaccineCumulative,CompletedVax,CompletedVaxCumulative,FirstSecondSingleVaccinations,FirstSecondSingleVaccinationsCumulative
2020-12-14 15:00:00,19,1402,,523,,,19,1402,0,523,19,1821
2020-12-15 15:00:00,61,1463,3.0,526,,,61,1463,3,526,64,1885
2020-12-16 15:00:00,595,2058,5.0,531,,,595,2058,5,531,600,2485
2020-12-17 15:00:00,1164,3222,8.0,539,,,1164,3222,8,539,1172,3657
2020-12-18 15:00:00,3021,6243,12.0,551,,,3021,6243,12,551,3033,6690
2020-12-19 15:00:00,931,7174,5.0,556,,,931,7174,5,556,936,7626
2020-12-20 15:00:00,364,7538,6.0,562,,,364,7538,6,562,370,7996
2020-12-21 15:00:00,3889,11427,26.0,588,,,3889,11427,26,588,3915,11911
2020-12-22 15:00:00,6323,17750,27.0,615,,,6323,17750,27,615,6350,18261
2020-12-23 15:00:00,5784,23534,36.0,651,,,5784,23534,36,651,5820,24081
2020-12-24 15:00:00,2728,26262,15.0,666,,,2728,26262,15,666,2743,26824
2020-12-25 15:00:00,1035,27297,4.0,670,,,1035,27297,4,670,1039,27863
2020-12-26 15:00:00,1883,29180,9.0,679,,,1883,29180,9,679,1892,29755
2020-12-27 15:00:00,1802,30982,12.0,691,,,1802,30982,12,691,1814,31569
2020-12-28 15:00:00,8983,39965,50.0,741,,,8983,39965,50,741,9033,40602
2020-12-29 15:00:00,10968,50933,53.0,794,,,10968,50933,53,794,11021,51623
2020-12-30 15:00:00,12491,63424,92.0,886,,,12491,63424,92,886,12583,64206
2020-12-31 15:00:00,7552,70976,47.0,933,,,7552,70976,47,933,7599,71805
2021-01-01 15:00:00,3301,74277,141.0,1074,,,3301,74277,141,1074,3442,75247
2021-01-02 15:00:00,3044,77321,34.0,1108,,,3044,77321,34,1108,3078,78325
2021-01-03 15:00:00,3411,80732,82.0,1190,,,3411,80732,82,1190,3493,81818
2021-01-04 15:00:00,13363,94095,336.0,1526,,,13363,94095,336,1526,13699,95517
2021-01-05 15:00:00,12486,106581,548.0,2074,,,12486,106581,548,2074,13034,108551
2021-01-06 15:00:00,15267,121848,864.0,2938,,,15267,121848,864,2938,16131,124682
2021-01-07 15:00:00,15038,136886,1777.0,4715,,,15038,136886,1777,4715,16815,141497
2021-01-08 15:00:00,24013,160899,2785.0,7500,,,24013,160899,2785,7500,26798,168295
2021-01-09 15:00:00,5175,166074,954.0,8454,,,5175,166074,954,8454,6129,174424
2021-01-10 15:00:00,2971,169045,384.0,8838,,,2971,169045,384,8838,3355,177779
2021-01-11 15:00:00,13722,182767,3470.0,12308,,,13722,182767,3470,12308,17192,194971
2021-01-12 15:00:00,17392,200159,5593.0,17901,,,17392,200159,5593,17901,22985,217956
2021-01-13 15:00:00,18619,218778,3928.0,21829,,,18619,218778,3928,21829,22547,240503
2021-01-14 15:00:00,17853,236631,1962.0,23791,,,17853,236631,1962,23791,19815,260318
2021-01-15 15:00:00,19482,256113,2033.0,25824,,,19482,256113,2033,25824,21515,281833
2021-01-16 15:00:00,5837,261950,1617.0,27441,,,5837,261950,1617,27441,7454,289287
2021-01-17 15:00:00,2122,264072,1480.0,28921,,,2122,264072,1480,28921,3602,292889
2021-01-18 15:00:00,7079,271151,3260.0,32181,,,7079,271151,3260,32181,10339,303228
2021-01-19 15:00:00,16956,288107,5405.0,37586,,,16956,288107,5405,37586,22361,325589
2021-01-20 15:00:00,21007,309114,5324.0,42910,,,21007,309114,5324,42910,26331,351920
2021-01-21 15:00:00,23811,332925,3848.0,46758,,,23811,332925,3848,46758,27659,379579
2021-01-22 15:00:00,28658,361583,3757.0,50515,,,28658,361583,3757,50515,32415,411994
2021-01-23 15:00:00,10122,371705,1943.0,52458,,,10122,371705,1943,52458,12065,424059
2021-01-24 15:00:00,3355,375060,1723.0,54181,,,3355,375060,1723,54181,5078,429137
2021-01-25 15:00:00,16307,391367,8605.0,62786,,,16307,391367,8605,62786,24912,454049
2021-01-26 15:00:00,17564,408931,8977.0,71763,,,17564,408931,8977,71763,26541,480590
2021-01-27 15:00:00,24437,433368,12552.0,84315,,,24437,433368,12552,84315,36989,517579
2021-01-28 15:00:00,22656,456024,9330.0,93645,,,22656,456024,9330,93645,31986,549565
2021-01-29 15:00:00,24786,480810,7928.0,101573,,,24786,480810,7928,101573,32714,582279
2021-01-30 15:00:00,17783,498593,2561.0,104134,,,17783,498593,2561,104134,20344,602623
2021-01-31 15:00:00,3765,502358,1370.0,105504,,,3765,502358,1370,105504,5135,607758
2021-02-01 15:00:00,8128,510486,5390.0,110894,,,8128,510486,5390,110894,13518,621276
2021-02-02 15:00:00,12510,522996,13827.0,124721,,,12510,522996,13827,124721,26337,647613
2021-02-03 15:00:00,18260,541256,18134.0,142855,,,18260,541256,18134,142855,36394,684007
2021-02-04 15:00:00,22133,563389,15790.0,158645,,,22133,563389,15790,158645,37923,721930
2021-02-05 15:00:00,20347,583736,17424.0,176069,,,20347,583736,17424,176069,37771,759701
2021-02-06 15:00:00,11333,595069,14478.0,190547,,,11333,595069,14478,190547,25811,785512
2021-02-07 15:00:00,5950,601019,1839.0,192386,,,5950,601019,1839,192386,7789,793301
2021-02-08 15:00:00,12986,614005,12924.0,205310,,,12986,614005,12924,205310,25910,819211
2021-02-09 15:00:00,16651,630656,13878.0,219188,,,16651,630656,13878,219188,30529,849740
2021-02-10 15:00:00,19304,649960,21235.0,240423,,,19304,649960,21235,240423,40539,890279
2021-02-11 15:00:00,22853,672813,17344.0,257767,,,22853,672813,17344,257767,40197,930476
2021-02-12 15:00:00,20399,693212,19639.0,277406,,,20399,693212,19639,277406,40038,970514
2021-02-13 15:00:00,11438,704650,6425.0,283831,,,11438,704650,6425,283831,17863,988377
2021-02-14 15:00:00,7113,711763,2131.0,285962,,,7113,711763,2131,285962,9244,997621
2021-02-15 15:00:00,11763,723526,13337.0,299299,,,11763,723526,13337,299299,25100,1022721
2021-02-16 15:00:00,16612,740138,21020.0,320319,,,16612,740138,21020,320319,37632,1060353
2021-02-17 15:00:00,20663,760801,26380.0,346699,,,20663,760801,26380,346699,47043,1107396
2021-02-18 15:00:00,3200,764001,4621.0,351320,,,3200,764001,4621,351320,7821,1115217
2021-02-19 15:00:00,10256,774257,19928.0,371248,,,10256,774257,19928,371248,30184,1145401
2021-02-20 15:00:00,10315,784572,20292.0,391540,,,10315,784572,20292,391540,30607,1176008
2021-02-21 15:00:00,6183,790755,7660.0,399200,,,6183,790755,7660,399200,13843,1189851
2021-02-22 15:00:00,8034,798789,15478.0,414678,,,8034,798789,15478,414678,23512,1213363
2021-02-23 15:00:00,15537,814326,15992.0,430670,,,15537,814326,15992,430670,31529,1244892
2021-02-24 15:00:00,17956,832282,24741.0,455411,,,17956,832282,24741,455411,42697,1287589
2021-02-25 15:00:00,20397,852679,26558.0,481969,,,20397,852679,26558,481969,46955,1334544
2021-02-26 15:00:00,26722,879401,26229.0,508198,,,26722,879401,26229,508198,52951,1387495
2021-02-27 15:00:00,16009,895410,11159.0,519357,,,16009,895410,11159,519357,27168,1414663
2021-02-28 15:00:00,15496,910906,4885.0,524242,,,15496,910906,4885,524242,20381,1435044
2021-03-01 15:00:00,27046,937952,12644.0,536886,,,27046,937952,12644,536886,39690,1474734
2021-03-02 15:00:00,23936,961888,13280.0,550166,35.0,35.0,23971,961923,13315,550201,37251,1511985
2021-03-03 15:00:00,30202,992090,18400.0,568566,188.0,223.0,30390,992313,18588,568789,48790,1560775
2021-03-04 15:00:00,30965,1023055,18211.0,586777,4068.0,4291.0,35033,1027346,22279,591068,53244,1614019
2021-03-05 15:00:00,30033,1053088,19729.0,606506,4909.0,9200.0,34942,1062288,24638,615706,54671,1668690
2021-03-06 15:00:00,18924,1072012,9512.0,616018,6010.0,15210.0,24934,1087222,15522,631228,34446,1703136
2021-03-07 15:00:00,12124,1084136,4865.0,620883,6609.0,21819.0,18733,1105955,11474,642702,23598,1726734
2021-03-08 15:00:00,25887,1110023,8854.0,629737,8273.0,30092.0,34160,1140115,17127,659829,43014,1769748
2021-03-09 15:00:00,26139,1136162,15473.0,645210,8342.0,38434.0,34481,1174596,23815,683644,49954,1819702
2021-03-10 15:00:00,29869,1166031,16007.0,661217,7939.0,46373.0,37808,1212404,23946,707590,53815,1873517
2021-03-11 15:00:00,35993,1202024,16406.0,677623,3981.0,50354.0,39974,1252378,20387,727977,56380,1929897
2021-03-12 15:00:00,36922,1238946,18091.0,695714,2927.0,53281.0,39849,1292227,21018,748995,57940,1987837
2021-03-13 15:00:00,22676,1261622,10290.0,706004,1629.0,54910.0,24305,1316532,11919,760914,34595,2022432
2021-03-14 15:00:00,17834,1279456,6720.0,712724,1007.0,55917.0,18841,1335373,7727,768641,25561,2047993
2021-03-15 15:00:00,29837,1309293,11308.0,724032,597.0,56514.0,30434,1365807,11905,780546,41742,2089735
2021-03-16 15:00:00,33422,1342715,13578.0,737610,770.0,57284.0,34192,1399999,14348,794894,47770,2137505
2021-03-17 15:00:00,37584,1380299,17062.0,754672,1181.0,58465.0,38765,1438764,18243,813137,55827,2193332
2021-03-18 15:00:00,41456,1421755,12659.0,767331,1348.0,59813.0,42804,1481568,14007,827144,55463,2248795
2021-03-19 15:00:00,38347,1460102,15423.0,782754,1044.0,60857.0,39391,1520959,16467,843611,54814,2303609
2021-03-20 15:00:00,24709,1484811,10169.0,792923,704.0,61561.0,25413,1546372,10873,854484,35582,2339191
2021-03-21 15:00:00,19185,1503996,7886.0,800809,337.0,61898.0,19522,1565894,8223,862707,27408,2366599
2021-03-22 15:00:00,32599,1536595,11487.0,812296,835.0,62733.0,33434,1599328,12322,875029,44921,2411520
2021-03-23 15:00:00,38422,1575017,17814.0,830110,1556.0,64289.0,39978,1639306,19370,894399,57792,2469312
2021-03-24 15:00:00,41097,1616114,21222.0,851332,1388.0,65677.0,42485,1681791,22610,917009,63707,2533019
2021-03-25 15:00:00,42900,1659014,21699.0,873031,2457.0,68134.0,45357,1727148,24156,941165,67056,2600075
2021-03-26 15:00:00,36381,1695395,26687.0,899718,2495.0,70629.0,38876,1766024,29182,970347,65563,2665638
2021-03-27 15:00:00,26477,1721872,17287.0,917005,2491.0,73120.0,28968,1794992,19778,990125,46255,2711893
2021-03-28 15:00:00,17016,1738888,12647.0,929652,1616.0,74736.0,18632,1813624,14263,1004388,31279,2743172
2021-03-29 15:00:00,29727,1768615,26299.0,955951,1143.0,75879.0,30870,1844494,27442,1031830,57169,2800341
2021-03-30 15:00:00,40064,1808679,29006.0,984957,1864.0,77743.0,41928,1886422,30870,1062700,70934,2871275
2021-03-31 15:00:00,41047,1849726,34699.0,1019656,5748.0,83491.0,46795,1933217,40447,1103147,81494,2952769
2021-04-01 15:00:00,42393,1892119,41049.0,1060705,5748.0,89239.0,48141,1981358,46797,1149944,89190,3041959
2021-04-02 15:00:00,34937,1927056,32677.0,1093382,6128.0,95367.0,41065,2022423,38805,1188749,73742,3115701
2021-04-03 15:00:00,21170,1948226,19192.0,1112574,4389.0,99756.0,25559,2047982,23581,1212330,44751,3160452
2021-04-04 15:00:00,8287,1956513,10189.0,1122763,968.0,100724.0,9255,2057237,11157,1223487,19444,3179896
2021-04-05 15:00:00,27970,1984483,28931.0,1151694,6658.0,107382.0,34628,2091865,35589,1259076,63559,3243455
2021-04-06 15:00:00,39784,2024267,30477.0,1182171,10494.0,117876.0,50278,2142143,40971,1300047,80755,3324210
2021-04-07 15:00:00,36098,2060365,34300.0,1216471,12989.0,130865.0,49087,2191230,47289,1347336,83387,3407597
2021-04-08 15:00:00,42340,2102705,36109.0,1252580,13863.0,144728.0,56203,2247433,49972,1397308,92312,3499909
2021-04-09 15:00:00,34062,2136767,36326.0,1288906,14528.0,159256.0,48590,2296023,50854,1448162,84916,3584825
2021-04-10 15:00:00,23473,2160240,23140.0,1312046,7640.0,166896.0,31113,2327136,30780,1478942,54253,3639078
2021-04-11 15:00:00,17567,2177807,13277.0,1325323,10119.0,177015.0,27686,2354822,23396,1502338,40963,3680041
2021-04-12 15:00:00,24609,2202416,33168.0,1358491,10896.0,187911.0,35505,2390327,44064,1546402,68673,3748714
2021-04-13 15:00:00,126198,2328614,91238.0,1449729,3293.0,191204.0,129491,2519818,94531,1640933,220729,3969443
2021-04-14 15:00:00,40722,2369336,37831.0,1487560,213.0,191417.0,40935,2560753,38044,1678977,78766,4048209
2021-04-15 15:00:00,41417,2410753,39560.0,1527120,176.0,191593.0,41593,2602346,39736,1718713,81153,4129362
2021-04-16 15:00:00,37151,2447904,38873.0,1565993,24.0,191617.0,37175,2639521,38897,1757610,76048,4205410
2021-04-17 15:00:00,32804,2480708,22031.0,1588024,12.0,191629.0,32816,2672337,22043,1779653,54847,4260257
2021-04-18 15:00:00,20068,2500776,16200.0,1604224,5.0,191634.0,20073,2692410,16205,1795858,36273,4296530
2021-04-19 15:00:00,29896,2530672,36548.0,1640772,61.0,191695.0,29957,2722367,36609,1832467,66505,4363035
2021-04-20 15:00:00,32938,2563610,44460.0,1685232,58.0,191753.0,32996,2755363,44518,1876985,77456,4440491
2021-04-21 15:00:00,39839,2603449,47062.0,1732294,26.0,191779.0,39865,2795228,47088,1924073,86927,4527418
2021-04-22 15:00:00,35868,2639317,42667.0,1774961,16.0,191795.0,35884,2831112,42683,1966756,78551,4605969
2021-04-23 15:00:00,33155,2672472,40154.0,1815115,14.0,191809.0,33169,2864281,40168,2006924,73323,4679292
2021-04-24 15:00:00,26417,2698889,27912.0,1843027,81.0,191890.0,26498,2890779,27993,2034917,54410,4733702
2021-04-25 15:00:00,20234,2719123,10976.0,1854003,31.0,191921.0,20265,2911044,11007,2045924,31241,4764943
2021-04-26 15:00:00,27414,2746537,32715.0,1886718,201.0,192122.0,27615,2938659,32916,2078840,60330,4825273
2021-04-27 15:00:00,26689,2773226,33080.0,1919798,1097.0,193219.0,27786,2966445,34177,2113017,60866,4886139
2021-04-28 15:00:00,28932,2802158,39546.0,1959344,1364.0,194583.0,30296,2996741,40910,2153927,69842,4955981
2021-04-29 15:00:00,27080,2829238,39748.0,1999092,1463.0,196046.0,28543,3025284,41211,2195138,68291,5024272
2021-04-30 15:00:00,28211,2857449,32277.0,2031369,1648.0,197694.0,29859,3055143,33925,2229063,62136,5086408
2021-05-01 15:00:00,20736,2878185,26702.0,2058071,1050.0,198744.0,21786,3076929,27752,2256815,48488,5134896
2021-05-02 15:00:00,10289,2888474,17044.0,2075115,822.0,199566.0,11111,3088040,17866,2274681,28155,5163051
2021-05-03 15:00:00,12752,2901226,28589.0,2103704,1915.0,201481.0,14667,3102707,30504,2305185,43256,5206307
2021-05-04 15:00:00,13569,2914795,38620.0,2142324,1739.0,203220.0,15308,3118015,40359,2345544,53928,5260235
2021-05-05 15:00:00,19326,2934121,37760.0,2180084,1921.0,205141.0,21247,3139262,39681,2385225,59007,5319242
2021-05-06 15:00:00,16921,2951042,40594.0,2220678,1722.0,206863.0,18643,3157905,42316,2427541,59237,5378479
2021-05-07 15:00:00,17590,2968632,37001.0,2257679,1959.0,208822.0,19549,3177454,38960,2466501,56550,5435029
2021-05-08 15:00:00,10795,2979427,31224.0,2288903,1291.0,210113.0,12086,3189540,32515,2499016,43310,5478339
2021-05-09 15:00:00,5085,2984512,12242.0,2301145,695.0,210808.0,5780,3195320,12937,2511953,18022,5496361
2021-05-10 15:00:00,8955,2993467,31051.0,2332196,1362.0,212170.0,10317,3205637,32413,2544366,41368,5537729
2021-05-11 15:00:00,12183,3005650,30285.0,2362481,1441.0,213611.0,13624,3219261,31726,2576092,43909,5581638
2021-05-12 15:00:00,13949,3019599,38622.0,2401103,1919.0,215530.0,15868,3235129,40541,2616633,54490,5636128
2021-05-13 15:00:00,21841,3041440,33514.0,2434617,1347.0,216877.0,23188,3258317,34861,2651494,56702,5692830
2021-05-14 15:00:00,24389,3065829,30059.0,2464676,1773.0,218650.0,26162,3284479,31832,2683326,56221,5749051
2021-05-15 15:00:00,21941,3087770,25109.0,2489785,1489.0,220139.0,23430,3307909,26598,2709924,48539,5797590
2021-05-16 15:00:00,9091,3096861,17585.0,2507370,1113.0,221252.0,10204,3318113,18698,2728622,27789,5825379
2021-05-17 15:00:00,16837,3113698,28411.0,2535781,1949.0,223201.0,18786,3336899,30360,2758982,47197,5872576
2021-05-18 15:00:00,21264,3134962,30689.0,2566470,1942.0,225143.0,23206,3360105,32631,2791613,53895,5926471
2021-05-19 15:00:00,27664,3162626,32435.0,2598905,1631.0,226774.0,29295,3389400,34066,2825679,61730,5988201
2021-05-20 15:00:00,20805,3183431,33278.0,2632183,1964.0,228738.0,22769,3412169,35242,2860921,56047,6044248
2021-05-21 15:00:00,19166,3202597,30354.0,2662537,1608.0,230346.0,20774,3432943,31962,2892883,51128,6095376
2021-05-22 15:00:00,16937,3219534,20695.0,2683232,1270.0,231616.0,18207,3451150,21965,2914848,38902,6134278
2021-05-23 15:00:00,8815,3228349,11448.0,2694680,965.0,232581.0,9780,3460930,12413,2927261,21228,6155506
2021-05-24 15:00:00,13568,3241917,17774.0,2712454,1474.0,234055.0,15042,3475972,19248,2946509,32816,6188322
2021-05-25 15:00:00,13072,3254989,18720.0,2731174,1329.0,235384.0,14401,3490373,20049,2966558,33121,6221443
2021-05-26 15:00:00,18314,3273303,19512.0,2750686,1512.0,236896.0,19826,3510199,21024,2987582,39338,6260781
2021-05-27 15:00:00,11687,3284990,18671.0,2769357,1116.0,238012.0,12803,3523002,19787,3007369,31474,6292255
2021-05-28 15:00:00,12419,3297409,19849.0,2789206,1401.0,239413.0,13820,3536822,21250,3028619,33669,6325924
2021-05-29 15:00:00,9516,3306925,11727.0,2800933,937.0,240350.0,10453,3547275,12664,3041283,22180,6348104
2021-05-30 15:00:00,4969,3311894,6434.0,2807367,596.0,240946.0,5565,3552840,7030,3048313,11999,6360103
2021-05-31 15:00:00,1779,3313673,3710.0,2811077,305.0,241251.0,2084,3554924,4015,3052328,5794,6365897
2021-06-01 15:00:00,9855,3323528,16443.0,2827520,1160.0,242411.0,11015,3565939,17603,3069931,27458,6393355
2021-06-02 15:00:00,10233,3333761,16821.0,2844341,960.0,243371.0,11193,3577132,17781,3087712,28014,6421369
2021-06-03 15:00:00,7899,3341660,21187.0,2865528,1087.0,244458.0,8986,3586118,22274,3109986,30173,6451542
2021-06-04 15:00:00,8198,3349858,22353.0,2887881,1120.0,245578.0,9318,3595436,23473,3133459,31671,6483213
2021-06-05 15:00:00,7001,3356859,19471.0,2907352,720.0,246298.0,7721,3603157,20191,3153650,27192,6510405
2021-06-06 15:00:00,3454,3360313,7253.0,2914605,423.0,246721.0,3877,3607034,7676,3161326,11130,6521535
2021-06-07 15:00:00,6857,3367170,15789.0,2930394,726.0,247447.0,7583,3614617,16515,3177841,23372,6544907
2021-06-08 15:00:00,6669,3373839,19735.0,2950129,830.0,248277.0,7499,3622116,20565,3198406,27234,6572141
2021-06-09 15:00:00,8200,3382039,23988.0,2974117,968.0,249245.0,9168,3631284,24956,3223362,33156,6605297
2021-06-10 15:00:00,7151,3389190,19139.0,2993256,895.0,250140.0,8046,3639330,20034,3243396,27185,6632482
2021-06-11 15:00:00,7487,3396677,17725.0,3010981,1125.0,251265.0,8612,3647942,18850,3262246,26337,6658819
2021-06-12 15:00:00,5241,3401918,14768.0,3025749,605.0,251870.0,5846,3653788,15373,3277619,20614,6679433
2021-06-13 15:00:00,1936,3403854,7633.0,3033382,427.0,252297.0,2363,3656151,8060,3285679,9996,6689429
2021-06-14 15:00:00,5656,3409510,11816.0,3045198,733.0,253030.0,6389,3662540,12549,3298228,18205,6707634
2021-06-15 15:00:00,5646,3415156,14341.0,3059539,873.0,253903.0,6519,3669059,15214,3313442,20860,6728494
2021-06-16 15:00:00,8757,3423913,21594.0,3081133,757.0,254660.0,9514,3678573,22351,3335793,31108,6759602
2021-06-17 15:00:00,6689,3430602,12367.0,3093500,720.0,255380.0,7409,3685982,13087,3348880,19776,6779378
2021-06-18 15:00:00,6835,3437437,12742.0,3106242,703.0,256083.0,7538,3693520,13445,3362325,20280,6799658
2021-06-19 15:00:00,4660,3442097,9382.0,3115624,615.0,256698.0,5275,3698795,9997,3372322,14657,6814315
2021-06-20 15:00:00,2504,3444601,5059.0,3120683,377.0,257075.0,2881,3701676,5436,3377758,7940,6822255
2021-06-21 15:00:00,5565,3450166,5338.0,3126021,635.0,257710.0,6200,3707876,5973,3383731,11538,6833793
2021-06-22 15:00:00,5346,3455512,9053.0,3135074,693.0,258403.0,6039,3713915,9746,3393477,15092,6848885
2021-06-23 15:00:00,6077,3461589,10336.0,3145410,646.0,259049.0,6723,3720638,10982,3404459,17059,6865944
2021-06-24 15:00:00,5937,3467526,8201.0,3153611,595.0,259644.0,6532,3727170,8796,3413255,14733,6880677
2021-06-25 15:00:00,5828,3473354,8667.0,3162278,620.0,260264.0,6448,3733618,9287,3422542,15115,6895792
2021-06-26 15:00:00,3704,3477058,6308.0,3168586,398.0,260662.0,4102,3737720,6706,3429248,10410,6906202
2021-06-27 15:00:00,2808,3479866,3524.0,3172110,185.0,260847.0,2993,3740713,3709,3432957,6517,6912719
2021-06-28 15:00:00,4920,3484786,6388.0,3178498,539.0,261386.0,5459,3746172,6927,3439884,11847,6924566
2021-06-29 15:00:00,5063,3489849,6476.0,3184974,519.0,261905.0,5582,3751754,6995,3446879,12058,6936624
2021-06-30 15:00:00,5626,3495475,7388.0,3192362,605.0,262510.0,6231,3757985,7993,3454872,13619,6950243
2021-07-01 15:00:00,5416,3500891,6989.0,3199351,500.0,263010.0,5916,3763901,7489,3462361,12905,6963148
2021-07-02 15:00:00,5293,3506184,6842.0,3206193,524.0,263534.0,5817,3769718,7366,3469727,12659,6975807
2021-07-03 15:00:00,3271,3509455,4067.0,3210260,264.0,263798.0,3535,3773253,4331,3474058,7602,6983409
2021-07-04 15:00:00,494,3509949,549.0,3210809,68.0,263866.0,562,3773815,617,3474675,1111,6984520
2021-07-05 15:00:00,3768,3513717,3955.0,3214764,287.0,264153.0,4055,3777870,4242,3478917,8010,6992530
2021-07-06 15:00:00,4492,3518209,6272.0,3221036,454.0,264607.0,4946,3782816,6726,3485643,11218,7003748
2021-07-07 15:00:00,4468,3522677,6413.0,3227449,482.0,265089.0,4950,3787766,6895,3492538,11363,7015111
2021-07-08 15:00:00,4838,3527515,6177.0,3233626,564.0,265653.0,5402,3793168,6741,3499279,11579,7026690
2021-07-09 15:00:00,5369,3532884,6667.0,3240293,573.0,266226.0,5942,3799110,7240,3506519,12609,7039299
2021-07-10 15:00:00,3520,3536404,4406.0,3244699,304.0,266530.0,3824,3802934,4710,3511229,8230,7047529
2021-07-11 15:00:00,2678,3539082,2574.0,3247273,226.0,266756.0,2904,3805838,2800,3514029,5478,7053007
2021-07-12 15:00:00,4422,3543504,5130.0,3252403,379.0,267135.0,4801,3810639,5509,3519538,9931,7062938
2021-07-13 15:00:00,4665,3548169,4721.0,3257124,366.0,267501.0,5031,3815670,5087,3524625,9752,7072690
2021-07-14 15:00:00,4623,3552792,5285.0,3262409,422.0,267923.0,5045,3820715,5707,3530332,10330,7083020
2021-07-15 15:00:00,4907,3557699,5015.0,3267424,359.0,268282.0,5266,3825981,5374,3535706,10281,7093301
2021-07-16 15:00:00,6275,3563974,5847.0,3273271,405.0,268687.0,6680,3832661,6252,3541958,12527,7105828
2021-07-17 15:00:00,3416,3567390,3551.0,3276822,303.0,268990.0,3719,3836380,3854,3545812,7270,7113098
2021-07-18 15:00:00,2309,3569699,2379.0,3279201,110.0,269100.0,2419,3838799,2489,3548301,4798,7117896
2021-07-19 15:00:00,5143,3574842,4611.0,3283812,383.0,269483.0,5526,3844325,4994,3553295,10137,7128033
2021-07-20 15:00:00,5339,3580181,4716.0,3288528,366.0,269849.0,5705,3850030,5082,3558377,10421,7138454
2021-07-21 15:00:00,5664,3585845,4945.0,3293473,416.0,270265.0,6080,3856110,5361,3563738,11025,7149479
2021-07-22 15:00:00,6029,3591874,4640.0,3298113,472.0,270737.0,6501,3862611,5112,3568850,11141,7160620
2021-07-23 15:00:00,6845,3598719,4846.0,3302959,498.0,271235.0,7343,3869954,5344,3574194,12189,7172809
2021-07-24 15:00:00,4284,3603003,3200.0,3306159,267.0,271502.0,4551,3874505,3467,3577661,7751,7180560
2021-07-25 15:00:00,3298,3606301,1120.0,3307279,140.0,271642.0,3438,3877943,1260,3578921,4558,7185118
2021-07-26 15:00:00,6217,3612518,3908.0,3311187,419.0,272061.0,6636,3884579,4327,3583248,10544,7195662
2021-07-27 15:00:00,6603,3619121,4285.0,3315472,458.0,272519.0,7061,3891640,4743,3587991,11346,7207008
2021-07-28 15:00:00,7085,3626206,4145.0,3319617,460.0,272979.0,7545,3899185,4605,3592596,11690,7218698
2021-07-29 15:00:00,7080,3633286,4302.0,3323919,419.0,273398.0,7499,3906684,4721,3597317,11801,7230499
2021-07-30 15:00:00,7820,3641106,4810.0,3328729,526.0,273924.0,8346,3915030,5336,3602653,13156,7243655
2021-07-31 15:00:00,4793,3645899,3078.0,3331807,274.0,274198.0,5067,3920097,3352,3606005,8145,7251800
2021-08-01 15:00:00,3890,3649789,2166.0,3333973,163.0,274361.0,4053,3924150,2329,3608334,6219,7258019
2021-08-02 15:00:00,7271,3657060,3843.0,3337816,341.0,274702.0,7612,3931762,4184,3612518,11455,7269474
2021-08-03 15:00:00,7269,3664329,4106.0,3341922,517.0,275219.0,7786,3939548,4623,3617141,11892,7281366
2021-08-04 15:00:00,7423,3671752,4121.0,3346043,535.0,275754.0,7958,3947506,4656,3621797,12079,7293445
2021-08-05 15:00:00,7945,3679697,4298.0,3350341,538.0,276292.0,8483,3955989,4836,3626633,12781,7306226
2021-08-06 15:00:00,8323,3688020,4736.0,3355077,454.0,276746.0,8777,3964766,5190,3631823,13513,7319739
2021-08-07 15:00:00,5303,3693323,2840.0,3357917,264.0,277010.0,5567,3970333,3104,3634927,8407,7328146
2021-08-08 15:00:00,3974,3697297,2062.0,3359979,144.0,277154.0,4118,3974451,2206,3637133,6180,7334326
2021-08-09 15:00:00,6955,3704252,4558.0,3364537,369.0,277523.0,7324,3981775,4927,3642060,11882,7346208
2021-08-10 15:00:00,7161,3711413,4479.0,3369016,339.0,277862.0,7500,3989275,4818,3646878,11979,7358187
2021-08-11 15:00:00,7077,3718490,4448.0,3373464,443.0,278305.0,7520,3996795,4891,3651769,11968,7370155
2021-08-12 15:00:00,8625,3727115,4754.0,3378218,445.0,278750.0,9070,4005865,5199,3656968,13824,7383979
2021-08-13 15:00:00,7143,3734258,5379.0,3383597,397.0,279147.0,7540,4013405,5776,3662744,12919,7396898
2021-08-14 15:00:00,4915,3739173,3347.0,3386944,285.0,279432.0,5200,4018605,3632,3666376,8547,7405445
2021-08-15 15:00:00,3328,3742501,2740.0,3389684,163.0,279595.0,3491,4022096,2903,3669279,6231,7411676
2021-08-16 15:00:00,5442,3747943,5097.0,3394781,354.0,279949.0,5796,4027892,5451,3674730,10893,7422569
2021-08-17 15:00:00,6813,3754756,5362.0,3400143,390.0,280339.0,7203,4035095,5752,3680482,12565,7435134
2021-08-18 15:00:00,6326,3761082,5506.0,3405649,481.0,280820.0,6807,4041902,5987,3686469,12313,7447447
2021-08-19 15:00:00,6213,3767295,5555.0,3411204,417.0,281237.0,6630,4048532,5972,3692441,12185,7459632
2021-08-20 15:00:00,6839,3774134,6550.0,3417754,401.0,281638.0,7240,4055772,6951,3699392,13790,7473422
2021-08-21 15:00:00,4327,3778461,3919.0,3421673,230.0,281868.0,4557,4060329,4149,3703541,8476,7481898
2021-08-22 15:00:00,3060,3781521,3173.0,3424846,110.0,281978.0,3170,4063499,3283,3706824,6343,7488241
2021-08-23 15:00:00,5986,3787507,6099.0,3430945,287.0,282265.0,6273,4069772,6386,3713210,12372,7500613
2021-08-24 15:00:00,6545,3794052,6064.0,3437009,425.0,282690.0,6970,4076742,6489,3719699,13034,7513647
2021-08-25 15:00:00,6717,3800769,6222.0,3443231,441.0,283131.0,7158,4083900,6663,3726362,13380,7527027
2021-08-26 15:00:00,6965,3807734,6650.0,3449881,428.0,283559.0,7393,4091293,7078,3733440,14043,7541070
2021-08-27 15:00:00,6825,3814559,7072.0,3456953,316.0,283875.0,7141,4098434,7388,3740828,14213,7555283
2021-08-28 15:00:00,6895,3821454,6522.0,3463475,326.0,284201.0,7221,4105655,6848,3747676,13743,7569026
2021-08-29 15:00:00,3733,3825187,3689.0,3467164,610.0,284811.0,4343,4109998,4299,3751975,8032,7577058
2021-08-30 15:00:00,5923,3831110,6127.0,3473291,960.0,285771.0,6883,4116881,7087,3759062,13010,7590068
2021-08-31 15:00:00,5899,3837009,6070.0,3479361,946.0,286717.0,6845,4123726,7016,3766078,12915,7602983
2021-09-01 15:00:00,5589,3842598,5675.0,3485036,915.0,287632.0,6504,4130230,6590,3772668,12179,7615162
2021-09-02 15:00:00,5529,3848127,5925.0,3490961,707.0,288339.0,6236,4136466,6632,3779300,12161,7627323
2021-09-03 15:00:00,5992,3854119,6930.0,3497891,973.0,289312.0,6965,4143431,7903,3787203,13895,7641218
2021-09-04 15:00:00,3726,3857845,4352.0,3502243,878.0,290190.0,4604,4148035,5230,3792433,8956,7650174
2021-09-05 15:00:00,2956,3860801,2809.0,3505052,106.0,290296.0,3062,4151097,2915,3795348,5871,7656045
2021-09-06 15:00:00,1059,3861860,1156.0,3506208,65.0,290361.0,1124,4152221,1221,3796569,2280,7658325
2021-09-07 15:00:00,5343,3867203,7299.0,3513507,2303.0,292664.0,7646,4159867,9602,3806171,14945,7673270
2021-09-08 15:00:00,4653,3871856,5475.0,3518982,364.0,293028.0,5017,4164884,5839,3812010,10492,7683762
2021-09-09 15:00:00,5017,3876873,5458.0,3524440,324.0,293352.0,5341,4170225,5782,3817792,10799,7694561
2021-09-10 15:00:00,6519,3883392,6655.0,3531095,1719.0,295071.0,8238,4178463,8374,3826166,14893,7709454
2021-09-11 15:00:00,4173,3887565,4334.0,3535429,666.0,295737.0,4839,4183302,5000,3831166,9173,7718627
2021-09-12 15:00:00,3172,3890737,3241.0,3538670,436.0,296173.0,3608,4186910,3677,3834843,6849,7725476
2021-09-13 15:00:00,4885,3895622,5067.0,3543737,346.0,296519.0,5231,4192141,5413,3840256,10298,7735774
2021-09-14 15:00:00,4776,3900398,5437.0,3549174,436.0,296955.0,5212,4197353,5873,3846129,10649,7746423
2021-09-15 15:00:00,5039,3905437,5870.0,3555044,392.0,297347.0,5431,4202784,6262,3852391,11301,7757724
2021-09-16 15:00:00,4808,3910245,5844.0,3560888,336.0,297683.0,5144,4207928,6180,3858571,10988,7768712
2021-09-17 15:00:00,5258,3915503,6584.0,3567472,344.0,298027.0,5602,4213530,6928,3865499,12186,7780898
2021-09-18 15:00:00,3801,3919304,4577.0,3572049,185.0,298212.0,3986,4217516,4762,3870261,8563,7789461
2021-09-19 15:00:00,2741,3922045,3167.0,3575216,75.0,298287.0,2816,4220332,3242,3873503,5983,7795444
2021-09-20 15:00:00,3750,3925795,4680.0,3579896,430.0,298717.0,4180,4224512,5110,3878613,8860,7804304
2021-09-21 15:00:00,4002,3929797,5001.0,3584897,327.0,299044.0,4329,4228841,5328,3883941,9330,7813634
2021-09-22 15:00:00,4196,3933993,4775.0,3589672,458.0,299502.0,4654,4233495,5233,3889174,9429,7823063
2021-09-23 15:00:00,4175,3938168,4731.0,3594403,492.0,299994.0,4667,4238162,5223,3894397,9398,7832461
2021-09-24 15:00:00,5078,3943246,5606.0,3600009,422.0,300416.0,5500,4243662,6028,3900425,11106,7843567
2021-09-25 15:00:00,3626,3946872,3632.0,3603641,384.0,300800.0,4010,4247672,4016,3904441,7642,7851209
2021-09-26 15:00:00,2354,3949226,2667.0,3606308,425.0,301225.0,2779,4250451,3092,3907533,5446,7856655
2021-09-27 15:00:00,4506,3953732,2712.0,3609020,512.0,301737.0,5018,4255469,3224,3910757,7730,7864385
2021-09-28 15:00:00,4400,3958132,4455.0,3613475,211.0,301948.0,4611,4260080,4666,3915423,9066,7873451
2021-09-29 15:00:00,4696,3962828,4511.0,3617986,920.0,302868.0,5616,4265696,5431,3920854,10127,7883578
2021-09-30 15:00:00,4887,3967715,4566.0,3622552,795.0,303663.0,5682,4271378,5361,3926215,10248,7893826
2021-10-01 15:00:00,5503,3973218,5340.0,3627892,785.0,304448.0,6288,4277666,6125,3932340,11628,7905454
2021-10-02 15:00:00,2937,3976155,2897.0,3630789,187.0,304635.0,3124,4280790,3084,3935424,6021,7911475
2021-10-03 15:00:00,2073,3978228,2378.0,3633167,86.0,304721.0,2159,4282949,2464,3937888,4537,7916012
2021-10-04 15:00:00,4022,3982250,3501.0,3636668,232.0,304953.0,4254,4287203,3733,3941621,7755,7923767
2021-10-05 15:00:00,3958,3986208,3661.0,3640329,207.0,305160.0,4165,4291368,3868,3945489,7826,7931593
2021-10-06 15:00:00,4023,3990231,3579.0,3643908,266.0,305426.0,4289,4295657,3845,3949334,7868,7939461
2021-10-07 15:00:00,4234,3994465,3627.0,3647535,331.0,305757.0,4565,4300222,3958,3953292,8192,7947653
2021-10-08 15:00:00,4770,3999235,4290.0,3651825,283.0,306040.0,5053,4305275,4573,3957865,9343,7956996
2021-10-09 15:00:00,2691,4001926,2682.0,3654507,270.0,306310.0,2961,4308236,2952,3960817,5643,7962639
2021-10-10 15:00:00,1865,4003791,1850.0,3656357,59.0,306369.0,1924,4310160,1909,3962726,3774,7966413
2021-10-11 15:00:00,4213,4008004,3338.0,3659695,249.0,306618.0,4462,4314622,3587,3966313,7800,7974213
2021-10-12 15:00:00,3590,4011594,3525.0,3663220,273.0,306891.0,3863,4318485,3798,3970111,7388,7981601
2021-10-13 15:00:00,3959,4015553,3458.0,3666678,346.0,307237.0,4305,4322790,3804,3973915,7763,7989364
2021-10-14 15:00:00,5161,4020714,5492.0,3672170,431.0,307668.0,5592,4328382,5923,3979838,11084,8000448
2021-10-15 15:00:00,4710,4025424,4596.0,3676766,347.0,308015.0,5057,4333439,4943,3984781,9653,8010101
2021-10-16 15:00:00,2496,4027920,2507.0,3679273,291.0,308306.0,2787,4336226,2798,3987579,5294,8015395
2021-10-17 15:00:00,1806,4029726,1776.0,3681049,55.0,308361.0,1861,4338087,1831,3989410,3637,8019032
2021-10-18 15:00:00,4283,4034009,3581.0,3684630,268.0,308629.0,4551,4342638,3849,3993259,8132,8027164
2021-10-19 15:00:00,4301,4038310,4031.0,3688661,223.0,308852.0,4524,4347162,4254,3997513,8555,8035719
2021-10-20 15:00:00,3526,4041836,3427.0,3692088,255.0,309107.0,3781,4350943,3682,4001195,7208,8042927
2021-10-21 15:00:00,3298,4045134,3270.0,3695358,291.0,309398.0,3589,4354532,3561,4004756,6859,8049786
2021-10-22 15:00:00,4681,4049815,4034.0,3699392,477.0,309875.0,5158,4359690,4511,4009267,9192,8058978
2021-10-23 15:00:00,2886,4052701,2115.0,3701507,321.0,310196.0,3207,4362897,2436,4011703,5322,8064300
2021-10-24 15:00:00,2057,4054758,1560.0,3703067,79.0,310275.0,2136,4365033,1639,4013342,3696,8067996
2021-10-25 15:00:00,4541,4059299,3082.0,3706149,319.0,310594.0,4860,4369893,3401,4016743,7942,8075938
2021-10-26 15:00:00,4506,4063805,3095.0,3709244,316.0,310910.0,4822,4374715,3411,4020154,7917,8083855
2021-10-27 15:00:00,4734,4068539,3345.0,3712589,437.0,311347.0,5171,4379886,3782,4023936,8516,8092371
2021-10-28 15:00:00,4559,4073098,3365.0,3715954,501.0,311848.0,5060,4384946,3866,4027802,8425,8100796
2021-10-29 15:00:00,4979,4078077,3921.0,3719875,394.0,312242.0,5373,4390319,4315,4032117,9294,8110090
2021-10-30 15:00:00,2632,4080709,1844.0,3721719,308.0,312550.0,2940,4393259,2152,4034269,4784,8114874
2021-10-31 15:00:00,1938,4082647,1522.0,3723241,93.0,312643.0,2031,4395290,1615,4035884,3553,8118427
2021-11-01 15:00:00,4709,4087356,3437.0,3726678,346.0,312989.0,5055,4400345,3783,4039667,8492,8126919
2021-11-02 15:00:00,4255,4091611,2956.0,3729634,408.0,313397.0,4663,4405008,3364,4043031,7619,8134538
2021-11-03 15:00:00,4665,4096276,3062.0,3732696,463.0,313860.0,5128,4410136,3525,4046556,8190,8142728
2021-11-04 15:00:00,6312,4102588,3368.0,3736064,513.0,314373.0,6825,4416961,3881,4050437,10193,8152921
2021-11-05 15:00:00,8238,4110826,3773.0,3739837,414.0,314787.0,8652,4425613,4187,4054624,12425,8165346
2021-11-06 15:00:00,10185,4121011,1979.0,3741816,308.0,315095.0,10493,4436106,2287,4056911,12472,8177818
2021-11-07 15:00:00,7732,4128743,1468.0,3743284,94.0,315189.0,7826,4443932,1562,4058473,9294,8187112
2021-11-08 15:00:00,11309,4140052,3050.0,3746334,379.0,315568.0,11688,4455620,3429,4061902,14738,8201850
2021-11-09 15:00:00,11763,4151815,2665.0,3748999,269.0,315837.0,12032,4467652,2934,4064836,14697,8216547
2021-11-10 15:00:00,12585,4164400,2762.0,3751761,338.0,316175.0,12923,4480575,3100,4067936,15685,8232232
2021-11-11 15:00:00,11373,4175773,2382.0,3754143,280.0,316455.0,11653,4492228,2662,4070598,14035,8246267
2021-11-12 15:00:00,12290,4188063,3360.0,3757503,548.0,317003.0,12838,4505066,3908,4074506,16198,8262465
2021-11-13 15:00:00,9886,4197949,1593.0,3759096,342.0,317345.0,10228,4515294,1935,4076441,11821,8274286
2021-11-14 15:00:00,3922,4201871,1131.0,3760227,121.0,317466.0,4043,4519337,1252,4077693,5174,8279460
2021-11-15 15:00:00,8622,4210493,2529.0,3762756,205.0,317671.0,8827,4528164,2734,4080427,11356,8290816
2021-11-16 15:00:00,9227,4219720,2502.0,3765258,255.0,317926.0,9482,4537646,2757,4083184,11984,8302800
2021-11-17 15:00:00,9399,4229119,2880.0,3768138,312.0,318238.0,9711,4547357,3192,4086376,12591,8315391
2021-11-18 15:00:00,9290,4238409,2637.0,3770775,482.0,318720.0,9772,4557129,3119,4089495,12409,8327800
2021-11-19 15:00:00,9795,4248204,2921.0,3773696,381.0,319101.0,10176,4567305,3302,4092797,13097,8340897
2021-11-20 15:00:00,10627,4258831,1608.0,3775304,455.0,319556.0,11082,4578387,2063,4094860,12690,8353587
2021-11-21 15:00:00,4343,4263174,1203.0,3776507,99.0,319655.0,4442,4582829,1302,4096162,5645,8359232
2021-11-22 15:00:00,9824,4272998,2489.0,3778996,293.0,319948.0,10117,4592946,2782,4098944,12606,8371838
2021-11-23 15:00:00,9206,4282204,2401.0,3781397,280.0,320228.0,9486,4602432,2681,4101625,11887,8383725
2021-11-24 15:00:00,8156,4290360,2447.0,3783844,216.0,320444.0,8372,4610804,2663,4104288,10819,8394544
2021-11-25 15:00:00,239,4290599,77.0,3783921,10.0,320454.0,249,4611053,87,4104375,326,8394870
2021-11-26 15:00:00,5652,4296251,3959.0,3787880,153.0,320607.0,5805,4616858,4112,4108487,9764,8404634
2021-11-27 15:00:00,3783,4300034,5475.0,3793355,134.0,320741.0,3917,4620775,5609,4114096,9392,8414026
2021-11-28 15:00:00,2414,4302448,6392.0,3799747,77.0,320818.0,2491,4623266,6469,4120565,8883,8422909
2021-11-29 15:00:00,6370,4308818,9285.0,3809032,379.0,321197.0,6749,4630015,9664,4130229,16034,8438943
2021-11-30 15:00:00,6253,4315071,9314.0,3818346,264.0,321461.0,6517,4636532,9578,4139807,15831,8454774
2021-12-01 15:00:00,7284,4322355,9711.0,3828057,308.0,321769.0,7592,4644124,10019,4149826,17303,8472077
2021-12-02 15:00:00,6910,4329265,8791.0,3836848,451.0,322220.0,7361,4651485,9242,4159068,16152,8488229
2021-12-03 15:00:00,7596,4336861,9256.0,3846104,249.0,322469.0,7845,4659330,9505,4168573,17101,8505330
2021-12-04 15:00:00,5949,4342810,10040.0,3856144,465.0,322934.0,6414,4665744,10505,4179078,16454,8521784
2021-12-05 15:00:00,3469,4346279,3287.0,3859431,78.0,323012.0,3547,4669291,3365,4182443,6834,8528618
2021-12-06 15:00:00,6751,4353030,7110.0,3866541,277.0,323289.0,7028,4676319,7387,4189830,14138,8542756
2021-12-07 15:00:00,6410,4359440,7027.0,3873568,249.0,323538.0,6659,4682978,7276,4197106,13686,8556442
2021-12-08 15:00:00,6931,4366371,7423.0,3880991,315.0,323853.0,7246,4690224,7738,4204844,14669,8571111
2021-12-09 15:00:00,6528,4372899,7036.0,3888027,398.0,324251.0,6926,4697150,7434,4212278,13962,8585073
2021-12-10 15:00:00,7272,4380171,7334.0,3895361,230.0,324481.0,7502,4704652,7564,4219842,14836,8599909
2021-12-11 15:00:00,4455,4384626,7668.0,3903029,333.0,324814.0,4788,4709440,8001,4227843,12456,8612365
2021-12-12 15:00:00,4002,4388628,2782.0,3905811,60.0,324874.0,4062,4713502,2842,4230685,6844,8619209
2021-12-13 15:00:00,5696,4394324,5763.0,3911574,243.0,325117.0,5939,4719441,6006,4236691,11702,8630911
2021-12-14 15:00:00,6454,4400778,5933.0,3917507,221.0,325338.0,6675,4726116,6154,4242845,12608,8643519
2021-12-15 15:00:00,7140,4407918,5686.0,3923193,251.0,325589.0,7391,4733507,5937,4248782,13077,8656596
2021-12-16 15:00:00,7850,4415768,2817.0,3926010,420.0,326009.0,8270,4741777,3237,4252019,11087,8667683
2021-12-17 15:00:00,7808,4423576,4155.0,3930165,195.0,326204.0,8003,4749780,4350,4256369,12158,8679841
2021-12-18 15:00:00,5824,4429400,3187.0,3933352,298.0,326502.0,6122,4755902,3485,4259854,9309,8689150
2021-12-19 15:00:00,3379,4432779,1344.0,3934696,36.0,326538.0,3415,4759317,1380,4261234,4759,8693909
2021-12-20 15:00:00,8063,4440842,3754.0,3938450,173.0,326711.0,8236,4767553,3927,4265161,11990,8705899
2021-12-21 15:00:00,8993,4449835,4162.0,3942612,175.0,326886.0,9168,4776721,4337,4269498,13330,8719229
2021-12-22 15:00:00,8678,4458513,3867.0,3946479,184.0,327070.0,8862,4785583,4051,4273549,12729,8731958
2021-12-23 15:00:00,8397,4466910,3559.0,3950038,359.0,327429.0,8756,4794339,3918,4277467,12315,8744273
2021-12-24 15:00:00,1634,4468544,1006.0,3951044,39.0,327468.0,1673,4796012,1045,4278512,2679,8746952
2021-12-25 15:00:00,50,4468594,36.0,3951080,1.0,327469.0,51,4796063,37,4278549,87,8747039
2021-12-26 15:00:00,2519,4471113,1747.0,3952827,44.0,327513.0,2563,4798626,1791,4280340,4310,8751349
2021-12-27 15:00:00,7195,4478308,3995.0,3956822,297.0,327810.0,7492,4806118,4292,4284632,11487,8762836
2021-12-28 15:00:00,7890,4486198,3845.0,3960667,177.0,327987.0,8067,4814185,4022,4288654,11912,8774748
2021-12-29 15:00:00,8210,4494408,4023.0,3964690,155.0,328142.0,8365,4822550,4178,4292832,12388,8787136
2021-12-30 15:00:00,7467,4501875,3781.0,3968471,289.0,328431.0,7756,4830306,4070,4296902,11537,8798673
2021-12-31 15:00:00,2571,4504446,1525.0,3969996,90.0,328521.0,2661,4832967,1615,4298517,4186,8802859
2022-01-01 15:00:00,737,4505183,345.0,3970341,33.0,328554.0,770,4833737,378,4298895,1115,8803974
2022-01-02 15:00:00,2210,4507393,1646.0,3971987,47.0,328601.0,2257,4835994,1693,4300588,3903,8807877
2022-01-03 15:00:00,3393,4510786,2067.0,3974054,221.0,328822.0,3614,4839608,2288,4302876,5681,8813558
2022-01-04 15:00:00,5841,4516627,3471.0,3977525,162.0,328984.0,6003,4845611,3633,4306509,9474,8823032
2022-01-05 15:00:00,6827,4523454,4690.0,3982215,176.0,329160.0,7003,4852614,4866,4311375,11693,8834725
2022-01-06 15:00:00,6748,4530202,4807.0,3987022,264.0,329424.0,7012,4859626,5071,4316446,11819,8846544
2022-01-07 15:00:00,5957,4536159,3753.0,3990775,159.0,329583.0,6116,4865742,3912,4320358,9869,8856413
2022-01-08 15:00:00,4804,4540963,3910.0,3994685,79.0,329662.0,4883,4870625,3989,4324347,8793,8865206
2022-01-09 15:00:00,2758,4543721,2016.0,3996701,154.0,329816.0,2912,4873537,2170,4326517,4928,8870134
2022-01-10 15:00:00,6310,4550031,3838.0,4000539,156.0,329972.0,6466,4880003,3994,4330511,10304,8880438
2022-01-11 15:00:00,6539,4556570,4242.0,4004781,142.0,330114.0,6681,4886684,4384,4334895,10923,8891361
2022-01-12 15:00:00,6804,4563374,4451.0,4009232,225.0,330339.0,7029,4893713,4676,4339571,11480,8902841
2022-01-13 15:00:00,6604,4569978,4376.0,4013608,150.0,330489.0,6754,4900467,4526,4344097,11130,8913971
2022-01-14 15:00:00,7199,4577177,3274.0,4016882,252.0,330741.0,7451,4907918,3526,4347623,10725,8924696
2022-01-15 15:00:00,4265,4581442,1685.0,4018567,70.0,330811.0,4335,4912253,1755,4349378,6020,8930716
2022-01-16 15:00:00,2216,4583658,1318.0,4019885,116.0,330927.0,2332,4914585,1434,4350812,3650,8934366
2022-01-17 15:00:00,3609,4587267,2365.0,4022250,74.0,331001.0,3683,4918268,2439,4353251,6048,8940414
2022-01-18 15:00:00,5267,4592534,4175.0,4026425,102.0,331103.0,5369,4923637,4277,4357528,9544,8949958
2022-01-19 15:00:00,5278,4597812,4462.0,4030887,99.0,331202.0,5377,4929014,4561,4362089,9839,8959797
2022-01-20 15:00:00,4520,4602332,3598.0,4034485,176.0,331378.0,4696,4933710,3774,4365863,8294,8968091
2022-01-21 15:00:00,5575,4607907,2921.0,4037406,126.0,331504.0,5701,4939411,3047,4368910,8622,8976713
2022-01-22 15:00:00,3448,4611355,1722.0,4039128,134.0,331638.0,3582,4942993,1856,4370766,5304,8982017
2022-01-23 15:00:00,2033,4613388,1489.0,4040617,30.0,331668.0,2063,4945056,1519,4372285,3552,8985569
2022-01-24 15:00:00,4117,4617505,2768.0,4043385,88.0,331756.0,4205,4949261,2856,4375141,6973,8992542
2022-01-25 15:00:00,3791,4621296,3302.0,4046687,93.0,331849.0,3884,4953145,3395,4378536,7186,8999728
2022-01-26 15:00:00,3841,4625137,3668.0,4050355,93.0,331942.0,3934,4957079,3761,4382297,7602,9007330
2022-01-27 15:00:00,3753,4628890,3855.0,4054210,186.0,332128.0,3939,4961018,4041,4386338,7794,9015124
2022-01-28 15:00:00,3816,4632706,3211.0,4057421,75.0,332203.0,3891,4964909,3286,4389624,7102,9022226
2022-01-29 15:00:00,2264,4634970,2263.0,4059684,117.0,332320.0,2381,4967290,2380,4392004,4644,9026870
2022-01-30 15:00:00,1507,4636477,1600.0,4061284,16.0,332336.0,1523,4968813,1616,4393620,3123,9029993
2022-01-31 15:00:00,2966,4639443,3133.0,4064417,58.0,332394.0,3024,4971837,3191,4396811,6157,9036150
2022-02-01 15:00:00,2615,4642058,3348.0,4067765,75.0,332469.0,2690,4974527,3423,4400234,6038,9042188
2022-02-02 15:00:00,2766,4644824,3614.0,4071379,71.0,332540.0,2837,4977364,3685,4403919,6451,9048639
2022-02-03 15:00:00,2681,4647505,3551.0,4074930,42.0,332582.0,2723,4980087,3593,4407512,6274,9054913
2022-02-04 15:00:00,2580,4650085,4046.0,4078976,115.0,332697.0,2695,4982782,4161,4411673,6741,9061654
2022-02-05 15:00:00,1803,4651888,2468.0,4081444,110.0,332807.0,1913,4984695,2578,4414251,4381,9066035
2022-02-06 15:00:00,298,4652186,381.0,4081825,5.0,332812.0,303,4984998,386,4414637,684,9066719
