VACCINATION_DATE,FirstDailyDose,FirstDoseCumulative,SecondDailyDose,SecondDoseCumulative,SingleDailyDose,SingleDoseCumulative,AtleastOneVaccine,AtleastOneVaccineCumulative,CompletedVax,CompletedVaxCumulative,FirstSecondSingleVaccinations,FirstSecondSingleVaccinationsCumulative
2020-12-14 15:00:00,17,1240,,504,,,17,1240,0,504,17,1629
2020-12-15 15:00:00,56,1296,3.0,507,,,56,1296,3,507,59,1688
2020-12-16 15:00:00,585,1881,3.0,510,,,585,1881,3,510,588,2276
2020-12-17 15:00:00,1152,3033,2.0,512,,,1152,3033,2,512,1154,3430
2020-12-18 15:00:00,3001,6034,12.0,524,,,3001,6034,12,524,3013,6443
2020-12-19 15:00:00,927,6961,5.0,529,,,927,6961,5,529,932,7375
2020-12-20 15:00:00,346,7307,4.0,533,,,346,7307,4,533,350,7725
2020-12-21 15:00:00,3875,11182,25.0,558,,,3875,11182,25,558,3900,11625
2020-12-22 15:00:00,6310,17492,23.0,581,,,6310,17492,23,581,6333,17958
2020-12-23 15:00:00,5767,23259,32.0,613,,,5767,23259,32,613,5799,23757
2020-12-24 15:00:00,2718,25977,14.0,627,,,2718,25977,14,627,2732,26489
2020-12-25 15:00:00,1033,27010,4.0,631,,,1033,27010,4,631,1037,27526
2020-12-26 15:00:00,1875,28885,9.0,640,,,1875,28885,9,640,1884,29410
2020-12-27 15:00:00,1799,30684,10.0,650,,,1799,30684,10,650,1809,31219
2020-12-28 15:00:00,8971,39655,41.0,691,,,8971,39655,41,691,9012,40231
2020-12-29 15:00:00,10945,50600,48.0,739,,,10945,50600,48,739,10993,51224
2020-12-30 15:00:00,12484,63084,75.0,814,,,12484,63084,75,814,12559,63783
2020-12-31 15:00:00,7538,70622,41.0,855,,,7538,70622,41,855,7579,71362
2021-01-01 15:00:00,2884,73506,129.0,984,,,2884,73506,129,984,3013,74375
2021-01-02 15:00:00,3017,76523,34.0,1018,,,3017,76523,34,1018,3051,77426
2021-01-03 15:00:00,3390,79913,80.0,1098,,,3390,79913,80,1098,3470,80896
2021-01-04 15:00:00,13323,93236,320.0,1418,,,13323,93236,320,1418,13643,94539
2021-01-05 15:00:00,12443,105679,532.0,1950,,,12443,105679,532,1950,12975,107514
2021-01-06 15:00:00,15216,120895,851.0,2801,,,15216,120895,851,2801,16067,123581
2021-01-07 15:00:00,14995,135890,1749.0,4550,,,14995,135890,1749,4550,16744,140325
2021-01-08 15:00:00,23975,159865,2757.0,7307,,,23975,159865,2757,7307,26732,167057
2021-01-09 15:00:00,5149,165014,945.0,8252,,,5149,165014,945,8252,6094,173151
2021-01-10 15:00:00,2948,167962,375.0,8627,,,2948,167962,375,8627,3323,176474
2021-01-11 15:00:00,13696,181658,3456.0,12083,,,13696,181658,3456,12083,17152,193626
2021-01-12 15:00:00,17353,199011,5573.0,17656,,,17353,199011,5573,17656,22926,216552
2021-01-13 15:00:00,18573,217584,3894.0,21550,,,18573,217584,3894,21550,22467,239019
2021-01-14 15:00:00,17808,235392,1943.0,23493,,,17808,235392,1943,23493,19751,258770
2021-01-15 15:00:00,19418,254810,2002.0,25495,,,19418,254810,2002,25495,21420,280190
2021-01-16 15:00:00,5803,260613,1602.0,27097,,,5803,260613,1602,27097,7405,287595
2021-01-17 15:00:00,2107,262720,1476.0,28573,,,2107,262720,1476,28573,3583,291178
2021-01-18 15:00:00,7062,269782,3241.0,31814,,,7062,269782,3241,31814,10303,301481
2021-01-19 15:00:00,16913,286695,5381.0,37195,,,16913,286695,5381,37195,22294,323775
2021-01-20 15:00:00,20984,307679,5292.0,42487,,,20984,307679,5292,42487,26276,350051
2021-01-21 15:00:00,23759,331438,3797.0,46284,,,23759,331438,3797,46284,27556,377607
2021-01-22 15:00:00,28640,360078,3712.0,49996,,,28640,360078,3712,49996,32352,409959
2021-01-23 15:00:00,10099,370177,1927.0,51923,,,10099,370177,1927,51923,12026,421985
2021-01-24 15:00:00,3338,373515,1720.0,53643,,,3338,373515,1720,53643,5058,427043
2021-01-25 15:00:00,16289,389804,8575.0,62218,,,16289,389804,8575,62218,24864,451907
2021-01-26 15:00:00,17537,407341,8952.0,71170,,,17537,407341,8952,71170,26489,478396
2021-01-27 15:00:00,24441,431782,12519.0,83689,,,24441,431782,12519,83689,36960,515356
2021-01-28 15:00:00,22648,454430,9289.0,92978,,,22648,454430,9289,92978,31937,547293
2021-01-29 15:00:00,24757,479187,7883.0,100861,,,24757,479187,7883,100861,32640,579933
2021-01-30 15:00:00,17762,496949,2530.0,103391,,,17762,496949,2530,103391,20292,600225
2021-01-31 15:00:00,3753,500702,1343.0,104734,,,3753,500702,1343,104734,5096,605321
2021-02-01 15:00:00,7818,508520,5226.0,109960,,,7818,508520,5226,109960,13044,618365
2021-02-02 15:00:00,12459,520979,13794.0,123754,,,12459,520979,13794,123754,26253,644618
2021-02-03 15:00:00,18218,539197,18089.0,141843,,,18218,539197,18089,141843,36307,680925
2021-02-04 15:00:00,22081,561278,15744.0,157587,,,22081,561278,15744,157587,37825,718750
2021-02-05 15:00:00,20331,581609,17371.0,174958,,,20331,581609,17371,174958,37702,756452
2021-02-06 15:00:00,11307,592916,14448.0,189406,,,11307,592916,14448,189406,25755,782207
2021-02-07 15:00:00,5940,598856,1814.0,191220,,,5940,598856,1814,191220,7754,789961
2021-02-08 15:00:00,12945,611801,12903.0,204123,,,12945,611801,12903,204123,25848,815809
2021-02-09 15:00:00,16620,628421,13836.0,217959,,,16620,628421,13836,217959,30456,846265
2021-02-10 15:00:00,19264,647685,21201.0,239160,,,19264,647685,21201,239160,40465,886730
2021-02-11 15:00:00,22849,670534,17297.0,256457,,,22849,670534,17297,256457,40146,926876
2021-02-12 15:00:00,20366,690900,19590.0,276047,,,20366,690900,19590,276047,39956,966832
2021-02-13 15:00:00,11415,702315,6393.0,282440,,,11415,702315,6393,282440,17808,984640
2021-02-14 15:00:00,7109,709424,2103.0,284543,,,7109,709424,2103,284543,9212,993852
2021-02-15 15:00:00,11738,721162,13296.0,297839,,,11738,721162,13296,297839,25034,1018886
2021-02-16 15:00:00,16585,737747,20985.0,318824,,,16585,737747,20985,318824,37570,1056456
2021-02-17 15:00:00,20641,758388,26349.0,345173,,,20641,758388,26349,345173,46990,1103446
2021-02-18 15:00:00,3189,761577,4606.0,349779,,,3189,761577,4606,349779,7795,1111241
2021-02-19 15:00:00,10243,771820,19902.0,369681,,,10243,771820,19902,369681,30145,1141386
2021-02-20 15:00:00,10297,782117,20257.0,389938,,,10297,782117,20257,389938,30554,1171940
2021-02-21 15:00:00,6159,788276,7626.0,397564,,,6159,788276,7626,397564,13785,1185725
2021-02-22 15:00:00,8021,796297,15450.0,413014,,,8021,796297,15450,413014,23471,1209196
2021-02-23 15:00:00,15515,811812,15940.0,428954,,,15515,811812,15940,428954,31455,1240651
2021-02-24 15:00:00,17921,829733,24731.0,453685,,,17921,829733,24731,453685,42652,1283303
2021-02-25 15:00:00,20381,850114,26530.0,480215,,,20381,850114,26530,480215,46911,1330214
2021-02-26 15:00:00,26698,876812,26177.0,506392,,,26698,876812,26177,506392,52875,1383089
2021-02-27 15:00:00,15984,892796,11126.0,517518,,,15984,892796,11126,517518,27110,1410199
2021-02-28 15:00:00,15492,908288,4865.0,522383,,,15492,908288,4865,522383,20357,1430556
2021-03-01 15:00:00,26481,934769,12472.0,534855,,,26481,934769,12472,534855,38953,1469509
2021-03-02 15:00:00,23868,958637,13243.0,548098,32.0,32.0,23900,958669,13275,548130,37143,1506652
2021-03-03 15:00:00,30128,988765,18361.0,566459,182.0,214.0,30310,988979,18543,566673,48671,1555323
2021-03-04 15:00:00,30937,1019702,18150.0,584609,4066.0,4280.0,35003,1023982,22216,588889,53153,1608476
2021-03-05 15:00:00,29417,1049119,19437.0,604046,4910.0,9190.0,34327,1058309,24347,613236,53764,1662240
2021-03-06 15:00:00,17856,1066975,8957.0,613003,6005.0,15195.0,23861,1082170,14962,628198,32818,1695058
2021-03-07 15:00:00,12111,1079086,4834.0,617837,6613.0,21808.0,18724,1100894,11447,639645,23558,1718616
2021-03-08 15:00:00,25831,1104917,8802.0,626639,8277.0,30085.0,34108,1135002,17079,656724,42910,1761526
2021-03-09 15:00:00,26082,1130999,15428.0,642067,8346.0,38431.0,34428,1169430,23774,680498,49856,1811382
2021-03-10 15:00:00,29815,1160814,15965.0,658032,7935.0,46366.0,37750,1207180,23900,704398,53715,1865097
2021-03-11 15:00:00,35940,1196754,16397.0,674429,3983.0,50349.0,39923,1247103,20380,724778,56320,1921417
2021-03-12 15:00:00,36879,1233633,18050.0,692479,2921.0,53270.0,39800,1286903,20971,745749,57850,1979267
2021-03-13 15:00:00,22646,1256279,10253.0,702732,1622.0,54892.0,24268,1311171,11875,757624,34521,2013788
2021-03-14 15:00:00,17838,1274117,6695.0,709427,999.0,55891.0,18837,1330008,7694,765318,25532,2039320
2021-03-15 15:00:00,29785,1303902,11262.0,720689,594.0,56485.0,30379,1360387,11856,777174,41641,2080961
2021-03-16 15:00:00,33409,1337311,13542.0,734231,768.0,57253.0,34177,1394564,14310,791484,47719,2128680
2021-03-17 15:00:00,37539,1374850,17004.0,751235,1176.0,58429.0,38715,1433279,18180,809664,55719,2184399
2021-03-18 15:00:00,41406,1416256,12598.0,763833,1348.0,59777.0,42754,1476033,13946,823610,55352,2239751
2021-03-19 15:00:00,38294,1454550,15376.0,779209,1036.0,60813.0,39330,1515363,16412,840022,54706,2294457
2021-03-20 15:00:00,24665,1479215,10113.0,789322,699.0,61512.0,25364,1540727,10812,850834,35477,2329934
2021-03-21 15:00:00,19156,1498371,7836.0,797158,334.0,61846.0,19490,1560217,8170,859004,27326,2357260
2021-03-22 15:00:00,32562,1530933,11434.0,808592,834.0,62680.0,33396,1593613,12268,871272,44830,2402090
2021-03-23 15:00:00,37731,1568664,17307.0,825899,1553.0,64233.0,39284,1632897,18860,890132,56591,2458681
2021-03-24 15:00:00,41057,1609721,21149.0,847048,1381.0,65614.0,42438,1675335,22530,912662,63587,2522268
2021-03-25 15:00:00,42330,1652051,21008.0,868056,2457.0,68071.0,44787,1720122,23465,936127,65795,2588063
2021-03-26 15:00:00,36591,1688642,26262.0,894318,2498.0,70569.0,39089,1759211,28760,964887,65351,2653414
2021-03-27 15:00:00,26916,1715558,16776.0,911094,2483.0,73052.0,29399,1788610,19259,984146,46175,2699589
2021-03-28 15:00:00,17009,1732567,12608.0,923702,1616.0,74668.0,18625,1807235,14224,998370,31233,2730822
2021-03-29 15:00:00,29703,1762270,26217.0,949919,1140.0,75808.0,30843,1838078,27357,1025727,57060,2787882
2021-03-30 15:00:00,40019,1802289,28919.0,978838,1856.0,77664.0,41875,1879953,30775,1056502,70794,2858676
2021-03-31 15:00:00,41025,1843314,34600.0,1013438,5749.0,83413.0,46774,1926727,40349,1096851,81374,2940050
2021-04-01 15:00:00,41094,1884408,39889.0,1053327,5669.0,89082.0,46763,1973490,45558,1142409,86652,3026702
2021-04-02 15:00:00,34998,1919406,32494.0,1085821,6121.0,95203.0,41119,2014609,38615,1181024,73613,3100315
2021-04-03 15:00:00,21618,1941024,18666.0,1104487,4367.0,99570.0,25985,2040594,23033,1204057,44651,3144966
2021-04-04 15:00:00,8243,1949267,10173.0,1114660,964.0,100534.0,9207,2049801,11137,1215194,19380,3164346
2021-04-05 15:00:00,27902,1977169,28850.0,1143510,6654.0,107188.0,34556,2084357,35504,1250698,63406,3227752
2021-04-06 15:00:00,39738,2016907,30394.0,1173904,10490.0,117678.0,50228,2134585,40884,1291582,80622,3308374
2021-04-07 15:00:00,36025,2052932,34207.0,1208111,12976.0,130654.0,49001,2183586,47183,1338765,83208,3391582
2021-04-08 15:00:00,42296,2095228,36008.0,1244119,13856.0,144510.0,56152,2239738,49864,1388629,92160,3483742
2021-04-09 15:00:00,34008,2129236,36283.0,1280402,14524.0,159034.0,48532,2288270,50807,1439436,84815,3568557
2021-04-10 15:00:00,23444,2152680,23097.0,1303499,7633.0,166667.0,31077,2319347,30730,1470166,54174,3622731
2021-04-11 15:00:00,17553,2170233,13268.0,1316767,10124.0,176791.0,27677,2347024,23392,1493558,40945,3663676
2021-04-12 15:00:00,24577,2194810,33132.0,1349899,10895.0,187686.0,35472,2382496,44027,1537585,68604,3732280
2021-04-13 15:00:00,126767,2321577,90568.0,1440467,3293.0,190979.0,130060,2512556,93861,1631446,220628,3952908
2021-04-14 15:00:00,40678,2362255,37756.0,1478223,210.0,191189.0,40888,2553444,37966,1669412,78644,4031552
2021-04-15 15:00:00,41665,2403920,39164.0,1517387,172.0,191361.0,41837,2595281,39336,1708748,81001,4112553
2021-04-16 15:00:00,37196,2441116,38725.0,1556112,23.0,191384.0,37219,2632500,38748,1747496,75944,4188497
2021-04-17 15:00:00,32778,2473894,21984.0,1578096,12.0,191396.0,32790,2665290,21996,1769492,54774,4243271
2021-04-18 15:00:00,20056,2493950,16175.0,1594271,5.0,191401.0,20061,2685351,16180,1785672,36236,4279507
2021-04-19 15:00:00,29882,2523832,36482.0,1630753,61.0,191462.0,29943,2715294,36543,1822215,66425,4345932
2021-04-20 15:00:00,33096,2556928,44175.0,1674928,56.0,191518.0,33152,2748446,44231,1866446,77327,4423259
2021-04-21 15:00:00,39795,2596723,46973.0,1721901,22.0,191540.0,39817,2788263,46995,1913441,86790,4510049
2021-04-22 15:00:00,36401,2633124,42022.0,1763923,16.0,191556.0,36417,2824680,42038,1955479,78439,4588488
2021-04-23 15:00:00,33115,2666239,40063.0,1803986,14.0,191570.0,33129,2857809,40077,1995556,73192,4661680
2021-04-24 15:00:00,26400,2692639,27844.0,1831830,81.0,191651.0,26481,2884290,27925,2023481,54325,4716005
2021-04-25 15:00:00,20214,2712853,10931.0,1842761,31.0,191682.0,20245,2904535,10962,2034443,31176,4747181
2021-04-26 15:00:00,27413,2740266,32650.0,1875411,202.0,191884.0,27615,2932150,32852,2067295,60265,4807446
2021-04-27 15:00:00,26686,2766952,33000.0,1908411,1098.0,192982.0,27784,2959934,34098,2101393,60784,4868230
2021-04-28 15:00:00,28921,2795873,39470.0,1947881,1362.0,194344.0,30283,2990217,40832,2142225,69753,4937983
2021-04-29 15:00:00,27295,2823168,39414.0,1987295,1465.0,195809.0,28760,3018977,40879,2183104,68174,5006157
2021-04-30 15:00:00,28189,2851357,32167.0,2019462,1646.0,197455.0,29835,3048812,33813,2216917,62002,5068159
2021-05-01 15:00:00,20510,2871867,26477.0,2045939,1034.0,198489.0,21544,3070356,27511,2244428,48021,5116180
2021-05-02 15:00:00,10277,2882144,17017.0,2062956,820.0,199309.0,11097,3081453,17837,2262265,28114,5144294
2021-05-03 15:00:00,12739,2894883,28518.0,2091474,1912.0,201221.0,14651,3096104,30430,2292695,43169,5187463
2021-05-04 15:00:00,13569,2908452,38529.0,2130003,1736.0,202957.0,15305,3111409,40265,2332960,53834,5241297
2021-05-05 15:00:00,19324,2927776,37683.0,2167686,1919.0,204876.0,21243,3132652,39602,2372562,58926,5300223
2021-05-06 15:00:00,16920,2944696,40544.0,2208230,1721.0,206597.0,18641,3151293,42265,2414827,59185,5359408
2021-05-07 15:00:00,17411,2962107,36027.0,2244257,1958.0,208555.0,19369,3170662,37985,2452812,55396,5414804
2021-05-08 15:00:00,10786,2972893,31209.0,2275466,1292.0,209847.0,12078,3182740,32501,2485313,43287,5458091
2021-05-09 15:00:00,5050,2977943,11911.0,2287377,695.0,210542.0,5745,3188485,12606,2497919,17656,5475747
2021-05-10 15:00:00,8950,2986893,31013.0,2318390,1360.0,211902.0,10310,3198795,32373,2530292,41323,5517070
2021-05-11 15:00:00,12190,2999083,30246.0,2348636,1437.0,213339.0,13627,3212422,31683,2561975,43873,5560943
2021-05-12 15:00:00,13943,3013026,38561.0,2387197,1919.0,215258.0,15862,3228284,40480,2602455,54423,5615366
2021-05-13 15:00:00,21852,3034878,33425.0,2420622,1347.0,216605.0,23199,3251483,34772,2637227,56624,5671990
2021-05-14 15:00:00,24348,3059226,29983.0,2450605,1774.0,218379.0,26122,3277605,31757,2668984,56105,5728095
2021-05-15 15:00:00,21902,3081128,25066.0,2475671,1490.0,219869.0,23392,3300997,26556,2695540,48458,5776553
2021-05-16 15:00:00,9079,3090207,17555.0,2493226,1113.0,220982.0,10192,3311189,18668,2714208,27747,5804300
2021-05-17 15:00:00,16843,3107050,28362.0,2521588,1949.0,222931.0,18792,3329981,30311,2744519,47154,5851454
2021-05-18 15:00:00,21243,3128293,30647.0,2552235,1941.0,224872.0,23184,3353165,32588,2777107,53831,5905285
2021-05-19 15:00:00,27621,3155914,32391.0,2584626,1626.0,226498.0,29247,3382412,34017,2811124,61638,5966923
2021-05-20 15:00:00,20796,3176710,33220.0,2617846,1970.0,228468.0,22766,3405178,35190,2846314,55986,6022909
2021-05-21 15:00:00,19161,3195871,30274.0,2648120,1608.0,230076.0,20769,3425947,31882,2878196,51043,6073952
2021-05-22 15:00:00,16918,3212789,20659.0,2668779,1270.0,231346.0,18188,3444135,21929,2900125,38847,6112799
2021-05-23 15:00:00,8752,3221541,11423.0,2680202,964.0,232310.0,9716,3453851,12387,2912512,21139,6133938
2021-05-24 15:00:00,13562,3235103,17736.0,2697938,1474.0,233784.0,15036,3468887,19210,2931722,32772,6166710
2021-05-25 15:00:00,12991,3248094,18661.0,2716599,1329.0,235113.0,14320,3483207,19990,2951712,32981,6199691
2021-05-26 15:00:00,18280,3266374,19440.0,2736039,1512.0,236625.0,19792,3502999,20952,2972664,39232,6238923
2021-05-27 15:00:00,11681,3278055,18629.0,2754668,1116.0,237741.0,12797,3515796,19745,2992409,31426,6270349
2021-05-28 15:00:00,12500,3290555,19713.0,2774381,1400.0,239141.0,13900,3529696,21113,3013522,33613,6303962
2021-05-29 15:00:00,9551,3300106,11638.0,2786019,935.0,240076.0,10486,3540182,12573,3026095,22124,6326086
2021-05-30 15:00:00,4964,3305070,6417.0,2792436,596.0,240672.0,5560,3545742,7013,3033108,11977,6338063
2021-05-31 15:00:00,1773,3306843,3705.0,2796141,305.0,240977.0,2078,3547820,4010,3037118,5783,6343846
2021-06-01 15:00:00,9778,3316621,16348.0,2812489,1153.0,242130.0,10931,3558751,17501,3054619,27279,6371125
2021-06-02 15:00:00,10229,3326850,16779.0,2829268,959.0,243089.0,11188,3569939,17738,3072357,27967,6399092
2021-06-03 15:00:00,7898,3334748,21154.0,2850422,1086.0,244175.0,8984,3578923,22240,3094597,30138,6429230
2021-06-04 15:00:00,8201,3342949,22262.0,2872684,1121.0,245296.0,9322,3588245,23383,3117980,31584,6460814
2021-06-05 15:00:00,7013,3349962,19414.0,2892098,720.0,246016.0,7733,3595978,20134,3138114,27147,6487961
2021-06-06 15:00:00,3462,3353424,7226.0,2899324,423.0,246439.0,3885,3599863,7649,3145763,11111,6499072
2021-06-07 15:00:00,6856,3360280,15736.0,2915060,725.0,247164.0,7581,3607444,16461,3162224,23317,6522389
2021-06-08 15:00:00,6669,3366949,19670.0,2934730,829.0,247993.0,7498,3614942,20499,3182723,27168,6549557
2021-06-09 15:00:00,8193,3375142,23910.0,2958640,969.0,248962.0,9162,3624104,24879,3207602,33072,6582629
2021-06-10 15:00:00,7148,3382290,19086.0,2977726,895.0,249857.0,8043,3632147,19981,3227583,27129,6609758
2021-06-11 15:00:00,7467,3389757,17701.0,2995427,1125.0,250982.0,8592,3640739,18826,3246409,26293,6636051
2021-06-12 15:00:00,5228,3394985,14739.0,3010166,604.0,251586.0,5832,3646571,15343,3261752,20571,6656622
2021-06-13 15:00:00,1931,3396916,7558.0,3017724,427.0,252013.0,2358,3648929,7985,3269737,9916,6666538
2021-06-14 15:00:00,5654,3402570,11802.0,3029526,734.0,252747.0,6388,3655317,12536,3282273,18190,6684728
2021-06-15 15:00:00,5652,3408222,14298.0,3043824,872.0,253619.0,6524,3661841,15170,3297443,20822,6705550
2021-06-16 15:00:00,8748,3416970,21558.0,3065382,757.0,254376.0,9505,3671346,22315,3319758,31063,6736613
2021-06-17 15:00:00,6683,3423653,12346.0,3077728,720.0,255096.0,7403,3678749,13066,3332824,19749,6756362
2021-06-18 15:00:00,6834,3430487,12701.0,3090429,704.0,255800.0,7538,3686287,13405,3346229,20239,6776601
2021-06-19 15:00:00,4661,3435148,9355.0,3099784,613.0,256413.0,5274,3691561,9968,3356197,14629,6791230
2021-06-20 15:00:00,2505,3437653,5037.0,3104821,378.0,256791.0,2883,3694444,5415,3361612,7920,6799150
2021-06-21 15:00:00,5555,3443208,5319.0,3110140,636.0,257427.0,6191,3700635,5955,3367567,11510,6810660
2021-06-22 15:00:00,5193,3448401,8850.0,3118990,682.0,258109.0,5875,3706510,9532,3377099,14725,6825385
2021-06-23 15:00:00,6063,3454464,10302.0,3129292,646.0,258755.0,6709,3713219,10948,3388047,17011,6842396
2021-06-24 15:00:00,5930,3460394,8184.0,3137476,594.0,259349.0,6524,3719743,8778,3396825,14708,6857104
2021-06-25 15:00:00,5827,3466221,8621.0,3146097,620.0,259969.0,6447,3726190,9241,3406066,15068,6872172
2021-06-26 15:00:00,3700,3469921,6291.0,3152388,396.0,260365.0,4096,3730286,6687,3412753,10387,6882559
2021-06-27 15:00:00,2810,3472731,3516.0,3155904,185.0,260550.0,2995,3733281,3701,3416454,6511,6889070
2021-06-28 15:00:00,4733,3477464,6085.0,3161989,523.0,261073.0,5256,3738537,6608,3423062,11341,6900411
2021-06-29 15:00:00,5059,3482523,6451.0,3168440,519.0,261592.0,5578,3744115,6970,3430032,12029,6912440
2021-06-30 15:00:00,5607,3488130,7369.0,3175809,605.0,262197.0,6212,3750327,7974,3438006,13581,6926021
2021-07-01 15:00:00,5353,3493483,6925.0,3182734,495.0,262692.0,5848,3756175,7420,3445426,12773,6938794
2021-07-02 15:00:00,5282,3498765,6816.0,3189550,521.0,263213.0,5803,3761978,7337,3452763,12619,6951413
2021-07-03 15:00:00,3262,3502027,4053.0,3193603,265.0,263478.0,3527,3765505,4318,3457081,7580,6958993
2021-07-04 15:00:00,492,3502519,545.0,3194148,67.0,263545.0,559,3766064,612,3457693,1104,6960097
2021-07-05 15:00:00,3759,3506278,3945.0,3198093,287.0,263832.0,4046,3770110,4232,3461925,7991,6968088
2021-07-06 15:00:00,4479,3510757,6235.0,3204328,452.0,264284.0,4931,3775041,6687,3468612,11166,6979254
2021-07-07 15:00:00,4458,3515215,6385.0,3210713,482.0,264766.0,4940,3779981,6867,3475479,11325,6990579
2021-07-08 15:00:00,4827,3520042,6144.0,3216857,564.0,265330.0,5391,3785372,6708,3482187,11535,7002114
2021-07-09 15:00:00,5347,3525389,6633.0,3223490,572.0,265902.0,5919,3791291,7205,3489392,12552,7014666
2021-07-10 15:00:00,3523,3528912,4385.0,3227875,302.0,266204.0,3825,3795116,4687,3494079,8210,7022876
2021-07-11 15:00:00,2669,3531581,2564.0,3230439,224.0,266428.0,2893,3798009,2788,3496867,5457,7028333
2021-07-12 15:00:00,4414,3535995,5099.0,3235538,377.0,266805.0,4791,3802800,5476,3502343,9890,7038223
2021-07-13 15:00:00,4761,3540756,4594.0,3240132,366.0,267171.0,5127,3807927,4960,3507303,9721,7047944
2021-07-14 15:00:00,4610,3545366,5251.0,3245383,421.0,267592.0,5031,3812958,5672,3512975,10282,7058226
2021-07-15 15:00:00,4883,3550249,4992.0,3250375,357.0,267949.0,5240,3818198,5349,3518324,10232,7068458
2021-07-16 15:00:00,6279,3556528,5813.0,3256188,401.0,268350.0,6680,3824878,6214,3524538,12493,7080951
2021-07-17 15:00:00,3410,3559938,3541.0,3259729,300.0,268650.0,3710,3828588,3841,3528379,7251,7088202
2021-07-18 15:00:00,2305,3562243,2370.0,3262099,110.0,268760.0,2415,3831003,2480,3530859,4785,7092987
2021-07-19 15:00:00,5256,3567499,4469.0,3266568,379.0,269139.0,5635,3836638,4848,3535707,10104,7103091
2021-07-20 15:00:00,5326,3572825,4686.0,3271254,366.0,269505.0,5692,3842330,5052,3540759,10378,7113469
2021-07-21 15:00:00,5637,3578462,4912.0,3276166,415.0,269920.0,6052,3848382,5327,3546086,10964,7124433
2021-07-22 15:00:00,6012,3584474,4607.0,3280773,469.0,270389.0,6481,3854863,5076,3551162,11088,7135521
2021-07-23 15:00:00,6834,3591308,4820.0,3285593,491.0,270880.0,7325,3862188,5311,3556473,12145,7147666
2021-07-24 15:00:00,4277,3595585,3194.0,3288787,267.0,271147.0,4544,3866732,3461,3559934,7738,7155404
2021-07-25 15:00:00,3290,3598875,1111.0,3289898,138.0,271285.0,3428,3870160,1249,3561183,4539,7159943
2021-07-26 15:00:00,6197,3605072,3888.0,3293786,418.0,271703.0,6615,3876775,4306,3565489,10503,7170446
2021-07-27 15:00:00,6346,3611418,4053.0,3297839,455.0,272158.0,6801,3883576,4508,3569997,10854,7181300
2021-07-28 15:00:00,6801,3618219,3999.0,3301838,458.0,272616.0,7259,3890835,4457,3574454,11258,7192558
2021-07-29 15:00:00,6801,3625020,4141.0,3305979,416.0,273032.0,7217,3898052,4557,3579011,11358,7203916
2021-07-30 15:00:00,7537,3632557,4508.0,3310487,523.0,273555.0,8060,3906112,5031,3584042,12568,7216484
2021-07-31 15:00:00,4781,3637338,3037.0,3313524,273.0,273828.0,5054,3911166,3310,3587352,8091,7224575
2021-08-01 15:00:00,3831,3641169,2118.0,3315642,160.0,273988.0,3991,3915157,2278,3589630,6109,7230684
2021-08-02 15:00:00,7021,3648190,3636.0,3319278,336.0,274324.0,7357,3922514,3972,3593602,10993,7241677
2021-08-03 15:00:00,7001,3655191,3894.0,3323172,511.0,274835.0,7512,3930026,4405,3598007,11406,7253083
2021-08-04 15:00:00,7157,3662348,3894.0,3327066,528.0,275363.0,7685,3937711,4422,3602429,11579,7264662
2021-08-05 15:00:00,7678,3670026,4112.0,3331178,537.0,275900.0,8215,3945926,4649,3607078,12327,7276989
2021-08-06 15:00:00,8294,3678320,4689.0,3335867,452.0,276352.0,8746,3954672,5141,3612219,13435,7290424
2021-08-07 15:00:00,5257,3683577,2804.0,3338671,264.0,276616.0,5521,3960193,3068,3615287,8325,7298749
2021-08-08 15:00:00,3944,3687521,2042.0,3340713,143.0,276759.0,4087,3964280,2185,3617472,6129,7304878
2021-08-09 15:00:00,6921,3694442,4509.0,3345222,367.0,277126.0,7288,3971568,4876,3622348,11797,7316675
2021-08-10 15:00:00,7123,3701565,4440.0,3349662,338.0,277464.0,7461,3979029,4778,3627126,11901,7328576
2021-08-11 15:00:00,7044,3708609,4419.0,3354081,440.0,277904.0,7484,3986513,4859,3631985,11903,7340479
2021-08-12 15:00:00,8592,3717201,4716.0,3358797,443.0,278347.0,9035,3995548,5159,3637144,13751,7354230
2021-08-13 15:00:00,7131,3724332,5354.0,3364151,394.0,278741.0,7525,4003073,5748,3642892,12879,7367109
2021-08-14 15:00:00,4912,3729244,3337.0,3367488,285.0,279026.0,5197,4008270,3622,3646514,8534,7375643
2021-08-15 15:00:00,3320,3732564,2730.0,3370218,163.0,279189.0,3483,4011753,2893,3649407,6213,7381856
2021-08-16 15:00:00,5433,3737997,5070.0,3375288,352.0,279541.0,5785,4017538,5422,3654829,10855,7392711
2021-08-17 15:00:00,6959,3744956,5174.0,3380462,389.0,279930.0,7348,4024886,5563,3660392,12522,7405233
2021-08-18 15:00:00,6501,3751457,5293.0,3385755,477.0,280407.0,6978,4031864,5770,3666162,12271,7417504
2021-08-19 15:00:00,5988,3757445,5314.0,3391069,415.0,280822.0,6403,4038267,5729,3671891,11717,7429221
2021-08-20 15:00:00,7029,3764474,6322.0,3397391,402.0,281224.0,7431,4045698,6724,3678615,13753,7442974
2021-08-21 15:00:00,4318,3768792,3915.0,3401306,227.0,281451.0,4545,4050243,4142,3682757,8460,7451434
2021-08-22 15:00:00,3060,3771852,3158.0,3404464,110.0,281561.0,3170,4053413,3268,3686025,6328,7457762
2021-08-23 15:00:00,6167,3778019,5914.0,3410378,285.0,281846.0,6452,4059865,6199,3692224,12366,7470128
2021-08-24 15:00:00,6646,3784665,5867.0,3416245,424.0,282270.0,7070,4066935,6291,3698515,12937,7483065
2021-08-25 15:00:00,6912,3791577,6013.0,3422258,439.0,282709.0,7351,4074286,6452,3704967,13364,7496429
2021-08-26 15:00:00,7180,3798757,6425.0,3428683,427.0,283136.0,7607,4081893,6852,3711819,14032,7510461
2021-08-27 15:00:00,6867,3805624,7012.0,3435695,316.0,283452.0,7183,4089076,7328,3719147,14195,7524656
2021-08-28 15:00:00,6906,3812530,6494.0,3442189,325.0,283777.0,7231,4096307,6819,3725966,13725,7538381
2021-08-29 15:00:00,3736,3816266,3676.0,3445865,611.0,284388.0,4347,4100654,4287,3730253,8023,7546404
2021-08-30 15:00:00,5941,3822207,6094.0,3451959,960.0,285348.0,6901,4107555,7054,3737307,12995,7559399
2021-08-31 15:00:00,5700,3827907,5914.0,3457873,945.0,286293.0,6645,4114200,6859,3744166,12559,7571958
2021-09-01 15:00:00,5560,3833467,5589.0,3463462,910.0,287203.0,6470,4120670,6499,3750665,12059,7584017
2021-09-02 15:00:00,5524,3838991,5898.0,3469360,703.0,287906.0,6227,4126897,6601,3757266,12125,7596142
2021-09-03 15:00:00,6000,3844991,6881.0,3476241,971.0,288877.0,6971,4133868,7852,3765118,13852,7609994
2021-09-04 15:00:00,3716,3848707,4333.0,3480574,879.0,289756.0,4595,4138463,5212,3770330,8928,7618922
2021-09-05 15:00:00,2956,3851663,2801.0,3483375,105.0,289861.0,3061,4141524,2906,3773236,5862,7624784
2021-09-06 15:00:00,1056,3852719,1148.0,3484523,63.0,289924.0,1119,4142643,1211,3774447,2267,7627051
2021-09-07 15:00:00,5343,3858062,7257.0,3491780,2304.0,292228.0,7647,4150290,9561,3784008,14904,7641955
2021-09-08 15:00:00,4664,3862726,5441.0,3497221,365.0,292593.0,5029,4155319,5806,3789814,10470,7652425
2021-09-09 15:00:00,5085,3867811,5357.0,3502578,324.0,292917.0,5409,4160728,5681,3795495,10766,7663191
2021-09-10 15:00:00,6545,3874356,6594.0,3509172,1716.0,294633.0,8261,4168989,8310,3803805,14855,7678046
2021-09-11 15:00:00,4167,3878523,4320.0,3513492,663.0,295296.0,4830,4173819,4983,3808788,9150,7687196
2021-09-12 15:00:00,3164,3881687,3229.0,3516721,436.0,295732.0,3600,4177419,3665,3812453,6829,7694025
2021-09-13 15:00:00,4671,3886358,4844.0,3521565,346.0,296078.0,5017,4182436,5190,3817643,9861,7703886
2021-09-14 15:00:00,4584,3890942,5193.0,3526758,434.0,296512.0,5018,4187454,5627,3823270,10211,7714097
2021-09-15 15:00:00,4850,3895792,5604.0,3532362,388.0,296900.0,5238,4192692,5992,3829262,10842,7724939
2021-09-16 15:00:00,4588,3900380,5613.0,3537975,335.0,297235.0,4923,4197615,5948,3835210,10536,7735475
2021-09-17 15:00:00,5042,3905422,6331.0,3544306,342.0,297577.0,5384,4202999,6673,3841883,11715,7747190
2021-09-18 15:00:00,3788,3909210,4559.0,3548865,185.0,297762.0,3973,4206972,4744,3846627,8532,7755722
2021-09-19 15:00:00,2742,3911952,3157.0,3552022,75.0,297837.0,2817,4209789,3232,3849859,5974,7761696
2021-09-20 15:00:00,3559,3915511,4467.0,3556489,430.0,298267.0,3989,4213778,4897,3854756,8456,7770152
2021-09-21 15:00:00,3808,3919319,4809.0,3561298,326.0,298593.0,4134,4217912,5135,3859891,8943,7779095
2021-09-22 15:00:00,4201,3923520,4751.0,3566049,459.0,299052.0,4660,4222572,5210,3865101,9411,7788506
2021-09-23 15:00:00,4185,3927705,4697.0,3570746,492.0,299544.0,4677,4227249,5189,3870290,9374,7797880
2021-09-24 15:00:00,5090,3932795,5577.0,3576323,422.0,299966.0,5512,4232761,5999,3876289,11089,7808969
2021-09-25 15:00:00,3628,3936423,3623.0,3579946,385.0,300351.0,4013,4236774,4008,3880297,7636,7816605
2021-09-26 15:00:00,2359,3938782,2659.0,3582605,423.0,300774.0,2782,4239556,3082,3883379,5441,7822046
2021-09-27 15:00:00,4516,3943298,2692.0,3585297,509.0,301283.0,5025,4244581,3201,3886580,7717,7829763
2021-09-28 15:00:00,4407,3947705,4439.0,3589736,211.0,301494.0,4618,4249199,4650,3891230,9057,7838820
2021-09-29 15:00:00,4709,3952414,4500.0,3594236,918.0,302412.0,5627,4254826,5418,3896648,10127,7848947
2021-09-30 15:00:00,4888,3957302,4557.0,3598793,792.0,303204.0,5680,4260506,5349,3901997,10237,7859184
2021-10-01 15:00:00,5483,3962785,5293.0,3604086,779.0,303983.0,6262,4266768,6072,3908069,11555,7870739
2021-10-02 15:00:00,2939,3965724,2889.0,3606975,187.0,304170.0,3126,4269894,3076,3911145,6015,7876754
2021-10-03 15:00:00,2082,3967806,2376.0,3609351,86.0,304256.0,2168,4272062,2462,3913607,4544,7881298
2021-10-04 15:00:00,4156,3971962,3370.0,3612721,232.0,304488.0,4388,4276450,3602,3917209,7758,7889056
2021-10-05 15:00:00,4057,3976019,3572.0,3616293,207.0,304695.0,4264,4280714,3779,3920988,7836,7896892
2021-10-06 15:00:00,4125,3980144,3489.0,3619782,264.0,304959.0,4389,4285103,3753,3924741,7878,7904770
2021-10-07 15:00:00,4371,3984515,3508.0,3623290,331.0,305290.0,4702,4289805,3839,3928580,8210,7912980
2021-10-08 15:00:00,4949,3989464,4121.0,3627411,283.0,305573.0,5232,4295037,4404,3932984,9353,7922333
2021-10-09 15:00:00,2687,3992151,2671.0,3630082,271.0,305844.0,2958,4297995,2942,3935926,5629,7927962
2021-10-10 15:00:00,1864,3994015,1845.0,3631927,59.0,305903.0,1923,4299918,1904,3937830,3768,7931730
2021-10-11 15:00:00,4372,3998387,3190.0,3635117,248.0,306151.0,4620,4304538,3438,3941268,7810,7939540
2021-10-12 15:00:00,3727,4002114,3406.0,3638523,270.0,306421.0,3997,4308535,3676,3944944,7403,7946943
2021-10-13 15:00:00,3983,4006097,3444.0,3641967,347.0,306768.0,4330,4312865,3791,3948735,7774,7954717
2021-10-14 15:00:00,5188,4011285,5477.0,3647444,429.0,307197.0,5617,4318482,5906,3954641,11094,7965811
2021-10-15 15:00:00,4733,4016018,4582.0,3652026,347.0,307544.0,5080,4323562,4929,3959570,9662,7975473
2021-10-16 15:00:00,2504,4018522,2502.0,3654528,291.0,307835.0,2795,4326357,2793,3962363,5297,7980770
2021-10-17 15:00:00,1809,4020331,1774.0,3656302,55.0,307890.0,1864,4328221,1829,3964192,3638,7984408
2021-10-18 15:00:00,4311,4024642,3569.0,3659871,267.0,308157.0,4578,4332799,3836,3968028,8147,7992555
2021-10-19 15:00:00,4324,4028966,4033.0,3663904,222.0,308379.0,4546,4337345,4255,3972283,8579,8001134
2021-10-20 15:00:00,3546,4032512,3427.0,3667331,254.0,308633.0,3800,4341145,3681,3975964,7227,8008361
2021-10-21 15:00:00,3311,4035823,3262.0,3670593,290.0,308923.0,3601,4344746,3552,3979516,6863,8015224
2021-10-22 15:00:00,4701,4040524,4041.0,3674634,475.0,309398.0,5176,4349922,4516,3984032,9217,8024441
2021-10-23 15:00:00,2906,4043430,2126.0,3676760,321.0,309719.0,3227,4353149,2447,3986479,5353,8029794
2021-10-24 15:00:00,2062,4045492,1560.0,3678320,78.0,309797.0,2140,4355289,1638,3988117,3700,8033494
2021-10-25 15:00:00,4554,4050046,3116.0,3681436,317.0,310114.0,4871,4360160,3433,3991550,7987,8041481
2021-10-26 15:00:00,4523,4054569,3145.0,3684581,311.0,310425.0,4834,4364994,3456,3995006,7979,8049460
2021-10-27 15:00:00,4743,4059312,3397.0,3687978,429.0,310854.0,5172,4370166,3826,3998832,8569,8058029
2021-10-28 15:00:00,4568,4063880,3433.0,3691411,495.0,311349.0,5063,4375229,3928,4002760,8496,8066525
2021-10-29 15:00:00,4981,4068861,3947.0,3695358,393.0,311742.0,5374,4380603,4340,4007100,9321,8075846
2021-10-30 15:00:00,2631,4071492,1858.0,3697216,308.0,312050.0,2939,4383542,2166,4009266,4797,8080643
2021-10-31 15:00:00,1952,4073444,1515.0,3698731,93.0,312143.0,2045,4385587,1608,4010874,3560,8084203
2021-11-01 15:00:00,4658,4078102,3482.0,3702213,339.0,312482.0,4997,4390584,3821,4014695,8479,8092682
2021-11-02 15:00:00,4252,4082354,3028.0,3705241,405.0,312887.0,4657,4395241,3433,4018128,7685,8100367
2021-11-03 15:00:00,4671,4087025,3132.0,3708373,460.0,313347.0,5131,4400372,3592,4021720,8263,8108630
2021-11-04 15:00:00,6293,4093318,3424.0,3711797,513.0,313860.0,6806,4407178,3937,4025657,10230,8118860
2021-11-05 15:00:00,8184,4101502,3842.0,3715639,407.0,314267.0,8591,4415769,4249,4029906,12433,8131293
2021-11-06 15:00:00,10061,4111563,1994.0,3717633,305.0,314572.0,10366,4426135,2299,4032205,12360,8143653
2021-11-07 15:00:00,7693,4119256,1477.0,3719110,94.0,314666.0,7787,4433922,1571,4033776,9264,8152917
2021-11-08 15:00:00,11281,4130537,3112.0,3722222,378.0,315044.0,11659,4445581,3490,4037266,14771,8167688
2021-11-09 15:00:00,11762,4142299,2713.0,3724935,268.0,315312.0,12030,4457611,2981,4040247,14743,8182431
2021-11-10 15:00:00,12553,4154852,2834.0,3727769,337.0,315649.0,12890,4470501,3171,4043418,15724,8198155
2021-11-11 15:00:00,11322,4166174,2464.0,3730233,281.0,315930.0,11603,4482104,2745,4046163,14067,8212222
2021-11-12 15:00:00,12251,4178425,3440.0,3733673,548.0,316478.0,12799,4494903,3988,4050151,16239,8228461
2021-11-13 15:00:00,9729,4188154,1601.0,3735274,341.0,316819.0,10070,4504973,1942,4052093,11671,8240132
2021-11-14 15:00:00,3917,4192071,1132.0,3736406,121.0,316940.0,4038,4509011,1253,4053346,5170,8245302
2021-11-15 15:00:00,8592,4200663,2620.0,3739026,205.0,317145.0,8797,4517808,2825,4056171,11417,8256719
2021-11-16 15:00:00,9220,4209883,2599.0,3741625,255.0,317400.0,9475,4527283,2854,4059025,12074,8268793
2021-11-17 15:00:00,9370,4219253,2960.0,3744585,312.0,317712.0,9682,4536965,3272,4062297,12642,8281435
2021-11-18 15:00:00,9269,4228522,2710.0,3747295,480.0,318192.0,9749,4546714,3190,4065487,12459,8293894
2021-11-19 15:00:00,9782,4238304,3020.0,3750315,382.0,318574.0,10164,4556878,3402,4068889,13184,8307078
2021-11-20 15:00:00,10624,4248928,1619.0,3751934,453.0,319027.0,11077,4567955,2072,4070961,12696,8319774
2021-11-21 15:00:00,4352,4253280,1207.0,3753141,99.0,319126.0,4451,4572406,1306,4072267,5658,8325432
2021-11-22 15:00:00,9768,4263048,2573.0,3755714,292.0,319418.0,10060,4582466,2865,4075132,12633,8338065
2021-11-23 15:00:00,9164,4272212,2498.0,3758212,280.0,319698.0,9444,4591910,2778,4077910,11942,8350007
2021-11-24 15:00:00,8097,4280309,2539.0,3760751,216.0,319914.0,8313,4600223,2755,4080665,10852,8360859
2021-11-25 15:00:00,238,4280547,77.0,3760828,9.0,319923.0,247,4600470,86,4080751,324,8361183
2021-11-26 15:00:00,5677,4286224,4051.0,3764879,152.0,320075.0,5829,4606299,4203,4084954,9880,8371063
2021-11-27 15:00:00,3784,4290008,5446.0,3770325,134.0,320209.0,3918,4610217,5580,4090534,9364,8380427
2021-11-28 15:00:00,2423,4292431,6361.0,3776686,77.0,320286.0,2500,4612717,6438,4096972,8861,8389288
2021-11-29 15:00:00,6363,4298794,9315.0,3786001,379.0,320665.0,6742,4619459,9694,4106666,16057,8405345
2021-11-30 15:00:00,6185,4304979,9334.0,3795335,264.0,320929.0,6449,4625908,9598,4116264,15783,8421128
2021-12-01 15:00:00,7172,4312151,9601.0,3804936,305.0,321234.0,7477,4633385,9906,4126170,17078,8438206
2021-12-02 15:00:00,6813,4318964,8748.0,3813684,447.0,321681.0,7260,4640645,9195,4135365,16008,8454214
2021-12-03 15:00:00,7446,4326410,9072.0,3822756,247.0,321928.0,7693,4648338,9319,4144684,16765,8470979
2021-12-04 15:00:00,5835,4332245,9549.0,3832305,456.0,322384.0,6291,4654629,10005,4154689,15840,8486819
2021-12-05 15:00:00,3388,4335633,3079.0,3835384,74.0,322458.0,3462,4658091,3153,4157842,6541,8493360
2021-12-06 15:00:00,6489,4342122,6926.0,3842310,266.0,322724.0,6755,4664846,7192,4165034,13681,8507041
2021-12-07 15:00:00,6138,4348260,6697.0,3849007,240.0,322964.0,6378,4671224,6937,4171971,13075,8520116
2021-12-08 15:00:00,6659,4354919,7113.0,3856120,309.0,323273.0,6968,4678192,7422,4179393,14081,8534197
2021-12-09 15:00:00,6224,4361143,6747.0,3862867,394.0,323667.0,6618,4684810,7141,4186534,13365,8547562
2021-12-10 15:00:00,6925,4368068,7037.0,3869904,225.0,323892.0,7150,4691960,7262,4193796,14187,8561749
2021-12-11 15:00:00,4289,4372357,7170.0,3877074,330.0,324222.0,4619,4696579,7500,4201296,11789,8573538
2021-12-12 15:00:00,3949,4376306,2761.0,3879835,57.0,324279.0,4006,4700585,2818,4204114,6767,8580305
2021-12-13 15:00:00,5511,4381817,5586.0,3885421,236.0,324515.0,5747,4706332,5822,4209936,11333,8591638
2021-12-14 15:00:00,6240,4388057,5773.0,3891194,203.0,324718.0,6443,4712775,5976,4215912,12216,8603854
2021-12-15 15:00:00,6830,4394887,5474.0,3896668,242.0,324960.0,7072,4719847,5716,4221628,12546,8616400
2021-12-16 15:00:00,7544,4402431,2747.0,3899415,414.0,325374.0,7958,4727805,3161,4224789,10705,8627105
2021-12-17 15:00:00,7492,4409923,4005.0,3903420,175.0,325549.0,7667,4735472,4180,4228969,11672,8638777
2021-12-18 15:00:00,5625,4415548,3079.0,3906499,294.0,325843.0,5919,4741391,3373,4232342,8998,8647775
2021-12-19 15:00:00,3315,4418863,1283.0,3907782,35.0,325878.0,3350,4744741,1318,4233660,4633,8652408
2021-12-20 15:00:00,7789,4426652,3667.0,3911449,149.0,326027.0,7938,4752679,3816,4237476,11605,8664013
2021-12-21 15:00:00,8638,4435290,4091.0,3915540,158.0,326185.0,8796,4761475,4249,4241725,12887,8676900
2021-12-22 15:00:00,8216,4443506,3735.0,3919275,169.0,326354.0,8385,4769860,3904,4245629,12120,8689020
2021-12-23 15:00:00,8020,4451526,3434.0,3922709,350.0,326704.0,8370,4778230,3784,4249413,11804,8700824
2021-12-24 15:00:00,1547,4453073,984.0,3923693,36.0,326740.0,1583,4779813,1020,4250433,2567,8703391
2021-12-25 15:00:00,47,4453120,36.0,3923729,1.0,326741.0,48,4779861,37,4250470,84,8703475
2021-12-26 15:00:00,2451,4455571,1687.0,3925416,44.0,326785.0,2495,4782356,1731,4252201,4182,8707657
2021-12-27 15:00:00,6933,4462504,3860.0,3929276,293.0,327078.0,7226,4789582,4153,4256354,11086,8718743
2021-12-28 15:00:00,7439,4469943,3615.0,3932891,154.0,327232.0,7593,4797175,3769,4260123,11208,8729951
2021-12-29 15:00:00,7718,4477661,3804.0,3936695,149.0,327381.0,7867,4805042,3953,4264076,11671,8741622
2021-12-30 15:00:00,6964,4484625,3536.0,3940231,277.0,327658.0,7241,4812283,3813,4267889,10777,8752399
2021-12-31 15:00:00,2393,4487018,1438.0,3941669,88.0,327746.0,2481,4814764,1526,4269415,3919,8756318
2022-01-01 15:00:00,621,4487639,298.0,3941967,31.0,327777.0,652,4815416,329,4269744,950,8757268
2022-01-02 15:00:00,2098,4489737,1564.0,3943531,42.0,327819.0,2140,4817556,1606,4271350,3704,8760972
2022-01-03 15:00:00,3172,4492909,1908.0,3945439,219.0,328038.0,3391,4820947,2127,4273477,5299,8766271
2022-01-04 15:00:00,5332,4498241,3162.0,3948601,155.0,328193.0,5487,4826434,3317,4276794,8649,8774920
2022-01-05 15:00:00,5977,4504218,4075.0,3952676,153.0,328346.0,6130,4832564,4228,4281022,10205,8785125
2022-01-06 15:00:00,2943,4507161,2319.0,3954995,197.0,328543.0,3140,4835704,2516,4283538,5459,8790584
