VACCINATION_DATE,FirstDailyDose,FirstDoseCumulative,SecondDailyDose,SecondDoseCumulative,SingleDailyDose,SingleDoseCumulative,AtleastOneVaccine,AtleastOneVaccineCumulative,CompletedVax,CompletedVaxCumulative,FirstSecondSingleVaccinations,FirstSecondSingleVaccinationsCumulative
2020-12-14 15:00:00,19,1473,,534,,,19,1473,0,534,19,1930
2020-12-15 15:00:00,62,1535,3.0,537,,,62,1535,3,537,65,1995
2020-12-16 15:00:00,597,2132,5.0,542,,,597,2132,5,542,602,2597
2020-12-17 15:00:00,1167,3299,8.0,550,,,1167,3299,8,550,1175,3772
2020-12-18 15:00:00,3031,6330,12.0,562,,,3031,6330,12,562,3043,6815
2020-12-19 15:00:00,930,7260,7.0,569,,,930,7260,7,569,937,7752
2020-12-20 15:00:00,369,7629,6.0,575,,,369,7629,6,575,375,8127
2020-12-21 15:00:00,3898,11527,26.0,601,,,3898,11527,26,601,3924,12051
2020-12-22 15:00:00,6326,17853,30.0,631,,,6326,17853,30,631,6356,18407
2020-12-23 15:00:00,5790,23643,39.0,670,,,5790,23643,39,670,5829,24236
2020-12-24 15:00:00,2729,26372,15.0,685,,,2729,26372,15,685,2744,26980
2020-12-25 15:00:00,1035,27407,4.0,689,,,1035,27407,4,689,1039,28019
2020-12-26 15:00:00,1885,29292,10.0,699,,,1885,29292,10,699,1895,29914
2020-12-27 15:00:00,1803,31095,12.0,711,,,1803,31095,12,711,1815,31729
2020-12-28 15:00:00,8993,40088,51.0,762,,,8993,40088,51,762,9044,40773
2020-12-29 15:00:00,10978,51066,53.0,815,,,10978,51066,53,815,11031,51804
2020-12-30 15:00:00,12507,63573,95.0,910,,,12507,63573,95,910,12602,64406
2020-12-31 15:00:00,7557,71130,49.0,959,,,7557,71130,49,959,7606,72012
2021-01-01 15:00:00,3379,74509,146.0,1105,,,3379,74509,146,1105,3525,75537
2021-01-02 15:00:00,3060,77569,34.0,1139,,,3060,77569,34,1139,3094,78631
2021-01-03 15:00:00,3416,80985,82.0,1221,,,3416,80985,82,1221,3498,82129
2021-01-04 15:00:00,13374,94359,341.0,1562,,,13374,94359,341,1562,13715,95844
2021-01-05 15:00:00,12498,106857,550.0,2112,,,12498,106857,550,2112,13048,108892
2021-01-06 15:00:00,15278,122135,870.0,2982,,,15278,122135,870,2982,16148,125040
2021-01-07 15:00:00,15051,137186,1788.0,4770,,,15051,137186,1788,4770,16839,141879
2021-01-08 15:00:00,24023,161209,2793.0,7563,,,24023,161209,2793,7563,26816,168695
2021-01-09 15:00:00,5182,166391,957.0,8520,,,5182,166391,957,8520,6139,174834
2021-01-10 15:00:00,2982,169373,386.0,8906,,,2982,169373,386,8906,3368,178202
2021-01-11 15:00:00,13744,183117,3486.0,12392,,,13744,183117,3486,12392,17230,195432
2021-01-12 15:00:00,17407,200524,5600.0,17992,,,17407,200524,5600,17992,23007,218439
2021-01-13 15:00:00,18631,219155,3936.0,21928,,,18631,219155,3936,21928,22567,241006
2021-01-14 15:00:00,17876,237031,1967.0,23895,,,17876,237031,1967,23895,19843,260849
2021-01-15 15:00:00,19501,256532,2038.0,25933,,,19501,256532,2038,25933,21539,282388
2021-01-16 15:00:00,5845,262377,1622.0,27555,,,5845,262377,1622,27555,7467,289855
2021-01-17 15:00:00,2127,264504,1480.0,29035,,,2127,264504,1480,29035,3607,293462
2021-01-18 15:00:00,7083,271587,3268.0,32303,,,7083,271587,3268,32303,10351,303813
2021-01-19 15:00:00,16961,288548,5416.0,37719,,,16961,288548,5416,37719,22377,326190
2021-01-20 15:00:00,21021,309569,5336.0,43055,,,21021,309569,5336,43055,26357,352547
2021-01-21 15:00:00,23832,333401,3871.0,46926,,,23832,333401,3871,46926,27703,380250
2021-01-22 15:00:00,28668,362069,3768.0,50694,,,28668,362069,3768,50694,32436,412686
2021-01-23 15:00:00,10132,372201,1949.0,52643,,,10132,372201,1949,52643,12081,424767
2021-01-24 15:00:00,3361,375562,1727.0,54370,,,3361,375562,1727,54370,5088,429855
2021-01-25 15:00:00,16312,391874,8621.0,62991,,,16312,391874,8621,62991,24933,454788
2021-01-26 15:00:00,17568,409442,8984.0,71975,,,17568,409442,8984,71975,26552,481340
2021-01-27 15:00:00,24446,433888,12577.0,84552,,,24446,433888,12577,84552,37023,518363
2021-01-28 15:00:00,22667,456555,9336.0,93888,,,22667,456555,9336,93888,32003,550366
2021-01-29 15:00:00,24789,481344,7941.0,101829,,,24789,481344,7941,101829,32730,583096
2021-01-30 15:00:00,17787,499131,2571.0,104400,,,17787,499131,2571,104400,20358,603454
2021-01-31 15:00:00,3765,502896,1375.0,105775,,,3765,502896,1375,105775,5140,608594
2021-02-01 15:00:00,8177,511073,5428.0,111203,,,8177,511073,5428,111203,13605,622199
2021-02-02 15:00:00,12526,523599,13839.0,125042,,,12526,523599,13839,125042,26365,648564
2021-02-03 15:00:00,18272,541871,18147.0,143189,,,18272,541871,18147,143189,36419,684983
2021-02-04 15:00:00,22150,564021,15807.0,158996,,,22150,564021,15807,158996,37957,722940
2021-02-05 15:00:00,20417,584438,17450.0,176446,,,20417,584438,17450,176446,37867,760807
2021-02-06 15:00:00,11382,595820,14540.0,190986,,,11382,595820,14540,190986,25922,786729
2021-02-07 15:00:00,5990,601810,1949.0,192935,,,5990,601810,1949,192935,7939,794668
2021-02-08 15:00:00,13017,614827,12985.0,205920,,,13017,614827,12985,205920,26002,820670
2021-02-09 15:00:00,16667,631494,13893.0,219813,,,16667,631494,13893,219813,30560,851230
2021-02-10 15:00:00,19333,650827,21325.0,241138,,,19333,650827,21325,241138,40658,891888
2021-02-11 15:00:00,22945,673772,17391.0,258529,,,22945,673772,17391,258529,40336,932224
2021-02-12 15:00:00,20443,694215,19682.0,278211,,,20443,694215,19682,278211,40125,972349
2021-02-13 15:00:00,11472,705687,6429.0,284640,,,11472,705687,6429,284640,17901,990250
2021-02-14 15:00:00,7122,712809,2139.0,286779,,,7122,712809,2139,286779,9261,999511
2021-02-15 15:00:00,11772,724581,13345.0,300124,,,11772,724581,13345,300124,25117,1024628
2021-02-16 15:00:00,16656,741237,21036.0,321160,,,16656,741237,21036,321160,37692,1062320
2021-02-17 15:00:00,20687,761924,26391.0,347551,,,20687,761924,26391,347551,47078,1109398
2021-02-18 15:00:00,3206,765130,4627.0,352178,,,3206,765130,4627,352178,7833,1117231
2021-02-19 15:00:00,10265,775395,19940.0,372118,,,10265,775395,19940,372118,30205,1147436
2021-02-20 15:00:00,10321,785716,20314.0,392432,,,10321,785716,20314,392432,30635,1178071
2021-02-21 15:00:00,6194,791910,7668.0,400100,,,6194,791910,7668,400100,13862,1191933
2021-02-22 15:00:00,8042,799952,15496.0,415596,,,8042,799952,15496,415596,23538,1215471
2021-02-23 15:00:00,15547,815499,15985.0,431581,,,15547,815499,15985,431581,31532,1247003
2021-02-24 15:00:00,17997,833496,24852.0,456433,,,17997,833496,24852,456433,42849,1289852
2021-02-25 15:00:00,20397,853893,26600.0,483033,,,20397,853893,26600,483033,46997,1336849
2021-02-26 15:00:00,26698,880591,26273.0,509306,,,26698,880591,26273,509306,52971,1389820
2021-02-27 15:00:00,16032,896623,11164.0,520470,,,16032,896623,11164,520470,27196,1417016
2021-02-28 15:00:00,15524,912147,4893.0,525363,,,15524,912147,4893,525363,20417,1437433
2021-03-01 15:00:00,27231,939378,12679.0,538042,,,27231,939378,12679,538042,39910,1477343
2021-03-02 15:00:00,24000,963378,13303.0,551345,38.0,38.0,24038,963416,13341,551383,37341,1514684
2021-03-03 15:00:00,30248,993626,18422.0,569767,192.0,230.0,30440,993856,18614,569997,48862,1563546
2021-03-04 15:00:00,31008,1024634,18262.0,588029,4068.0,4298.0,35076,1028932,22330,592327,53338,1616884
2021-03-05 15:00:00,30092,1054726,19779.0,607808,4912.0,9210.0,35004,1063936,24691,617018,54783,1671667
2021-03-06 15:00:00,18999,1073725,9538.0,617346,6010.0,15220.0,25009,1088945,15548,632566,34547,1706214
2021-03-07 15:00:00,12154,1085879,4928.0,622274,6606.0,21826.0,18760,1107705,11534,644100,23688,1729902
2021-03-08 15:00:00,25929,1111808,8863.0,631137,8274.0,30100.0,34203,1141908,17137,661237,43066,1772968
2021-03-09 15:00:00,26149,1137957,15501.0,646638,8343.0,38443.0,34492,1176400,23844,685081,49993,1822961
2021-03-10 15:00:00,29889,1167846,16055.0,662693,7936.0,46379.0,37825,1214225,23991,709072,53880,1876841
2021-03-11 15:00:00,36017,1203863,16427.0,679120,3982.0,50361.0,39999,1254224,20409,729481,56426,1933267
2021-03-12 15:00:00,36914,1240777,18165.0,697285,2928.0,53289.0,39842,1294066,21093,750574,58007,1991274
2021-03-13 15:00:00,22671,1263448,10338.0,707623,1630.0,54919.0,24301,1318367,11968,762542,34639,2025913
2021-03-14 15:00:00,17839,1281287,6738.0,714361,1010.0,55929.0,18849,1337216,7748,770290,25587,2051500
2021-03-15 15:00:00,29891,1311178,11368.0,725729,599.0,56528.0,30490,1367706,11967,782257,41858,2093358
2021-03-16 15:00:00,33482,1344660,13588.0,739317,770.0,57298.0,34252,1401958,14358,796615,47840,2141198
2021-03-17 15:00:00,37637,1382297,17084.0,756401,1182.0,58480.0,38819,1440777,18266,814881,55903,2197101
2021-03-18 15:00:00,41482,1423779,12700.0,769101,1354.0,59834.0,42836,1483613,14054,828935,55536,2252637
2021-03-19 15:00:00,38389,1462168,15443.0,784544,1046.0,60880.0,39435,1523048,16489,845424,54878,2307515
2021-03-20 15:00:00,24732,1486900,10237.0,794781,704.0,61584.0,25436,1548484,10941,856365,35673,2343188
2021-03-21 15:00:00,19199,1506099,7909.0,802690,341.0,61925.0,19540,1568024,8250,864615,27449,2370637
2021-03-22 15:00:00,32602,1538701,11519.0,814209,835.0,62760.0,33437,1601461,12354,876969,44956,2415593
2021-03-23 15:00:00,38409,1577110,17874.0,832083,1557.0,64317.0,39966,1641427,19431,896400,57840,2473433
2021-03-24 15:00:00,41092,1618202,21257.0,853340,1386.0,65703.0,42478,1683905,22643,919043,63735,2537168
2021-03-25 15:00:00,42919,1661121,21739.0,875079,2456.0,68159.0,45375,1729280,24195,943238,67114,2604282
2021-03-26 15:00:00,36387,1697508,26721.0,901800,2495.0,70654.0,38882,1768162,29216,972454,65603,2669885
2021-03-27 15:00:00,26474,1723982,17327.0,919127,2490.0,73144.0,28964,1797126,19817,992271,46291,2716176
2021-03-28 15:00:00,17010,1740992,12692.0,931819,1614.0,74758.0,18624,1815750,14306,1006577,31316,2747492
2021-03-29 15:00:00,29721,1770713,26392.0,958211,1141.0,75899.0,30862,1846612,27533,1034110,57254,2804746
2021-03-30 15:00:00,40061,1810774,29091.0,987302,1865.0,77764.0,41926,1888538,30956,1065066,71017,2875763
2021-03-31 15:00:00,41021,1851795,34757.0,1022059,5750.0,83514.0,46771,1935309,40507,1105573,81528,2957291
2021-04-01 15:00:00,42487,1894282,41189.0,1063248,5764.0,89278.0,48251,1983560,46953,1152526,89440,3046731
2021-04-02 15:00:00,34938,1929220,32739.0,1095987,6131.0,95409.0,41069,2024629,38870,1191396,73808,3120539
2021-04-03 15:00:00,21177,1950397,19239.0,1115226,4394.0,99803.0,25571,2050200,23633,1215029,44810,3165349
2021-04-04 15:00:00,8299,1958696,10223.0,1125449,968.0,100771.0,9267,2059467,11191,1226220,19490,3184839
2021-04-05 15:00:00,27967,1986663,28983.0,1154432,6663.0,107434.0,34630,2094097,35646,1261866,63613,3248452
2021-04-06 15:00:00,39801,2026464,30524.0,1184956,10503.0,117937.0,50304,2144401,41027,1302893,80828,3329280
2021-04-07 15:00:00,36115,2062579,34373.0,1219329,13002.0,130939.0,49117,2193518,47375,1350268,83490,3412770
2021-04-08 15:00:00,42365,2104944,36167.0,1255496,13870.0,144809.0,56235,2249753,50037,1400305,92402,3505172
2021-04-09 15:00:00,34094,2139038,36367.0,1291863,14532.0,159341.0,48626,2298379,50899,1451204,84993,3590165
2021-04-10 15:00:00,23500,2162538,23185.0,1315048,7641.0,166982.0,31141,2329520,30826,1482030,54326,3644491
2021-04-11 15:00:00,17586,2180124,13300.0,1328348,10120.0,177102.0,27706,2357226,23420,1505450,41006,3685497
2021-04-12 15:00:00,24606,2204730,33295.0,1361643,10907.0,188009.0,35513,2392739,44202,1549652,68808,3754305
2021-04-13 15:00:00,126171,2330901,91363.0,1453006,3293.0,191302.0,129464,2522203,94656,1644308,220827,3975132
2021-04-14 15:00:00,40741,2371642,37854.0,1490860,213.0,191515.0,40954,2563157,38067,1682375,78808,4053940
2021-04-15 15:00:00,41418,2413060,39588.0,1530448,176.0,191691.0,41594,2604751,39764,1722139,81182,4135122
2021-04-16 15:00:00,37151,2450211,38899.0,1569347,25.0,191716.0,37176,2641927,38924,1761063,76075,4211197
2021-04-17 15:00:00,32818,2483029,22044.0,1591391,13.0,191729.0,32831,2674758,22057,1783120,54875,4266072
2021-04-18 15:00:00,20062,2503091,16208.0,1607599,5.0,191734.0,20067,2694825,16213,1799333,36275,4302347
2021-04-19 15:00:00,29886,2532977,36562.0,1644161,61.0,191795.0,29947,2724772,36623,1835956,66509,4368856
2021-04-20 15:00:00,32936,2565913,44504.0,1688665,59.0,191854.0,32995,2757767,44563,1880519,77499,4446355
2021-04-21 15:00:00,39841,2605754,47090.0,1735755,26.0,191880.0,39867,2797634,47116,1927635,86957,4533312
2021-04-22 15:00:00,35860,2641614,42706.0,1778461,16.0,191896.0,35876,2833510,42722,1970357,78582,4611894
2021-04-23 15:00:00,33146,2674760,40175.0,1818636,14.0,191910.0,33160,2866670,40189,2010546,73335,4685229
2021-04-24 15:00:00,26421,2701181,27932.0,1846568,81.0,191991.0,26502,2893172,28013,2038559,54434,4739663
2021-04-25 15:00:00,20219,2721400,10999.0,1857567,31.0,192022.0,20250,2913422,11030,2049589,31249,4770912
2021-04-26 15:00:00,27384,2748784,32769.0,1890336,201.0,192223.0,27585,2941007,32970,2082559,60354,4831266
2021-04-27 15:00:00,26678,2775462,33110.0,1923446,1097.0,193320.0,27775,2968782,34207,2116766,60885,4892151
2021-04-28 15:00:00,28922,2804384,39570.0,1963016,1367.0,194687.0,30289,2999071,40937,2157703,69859,4962010
2021-04-29 15:00:00,27064,2831448,39787.0,2002803,1463.0,196150.0,28527,3027598,41250,2198953,68314,5030324
2021-04-30 15:00:00,28204,2859652,32312.0,2035115,1649.0,197799.0,29853,3057451,33961,2232914,62165,5092489
2021-05-01 15:00:00,20755,2880407,26802.0,2061917,1057.0,198856.0,21812,3079263,27859,2260773,48614,5141103
2021-05-02 15:00:00,10268,2890675,17084.0,2079001,823.0,199679.0,11091,3090354,17907,2278680,28175,5169278
2021-05-03 15:00:00,12722,2903397,28641.0,2107642,1917.0,201596.0,14639,3104993,30558,2309238,43280,5212558
2021-05-04 15:00:00,13557,2916954,38653.0,2146295,1743.0,203339.0,15300,3120293,40396,2349634,53953,5266511
2021-05-05 15:00:00,19319,2936273,37790.0,2184085,1921.0,205260.0,21240,3141533,39711,2389345,59030,5325541
2021-05-06 15:00:00,16931,2953204,40606.0,2224691,1721.0,206981.0,18652,3160185,42327,2431672,59258,5384799
2021-05-07 15:00:00,17587,2970791,37029.0,2261720,1960.0,208941.0,19547,3179732,38989,2470661,56576,5441375
2021-05-08 15:00:00,10797,2981588,31240.0,2292960,1292.0,210233.0,12089,3191821,32532,2503193,43329,5484704
2021-05-09 15:00:00,5078,2986666,12254.0,2305214,695.0,210928.0,5773,3197594,12949,2516142,18027,5502731
2021-05-10 15:00:00,8960,2995626,31062.0,2336276,1362.0,212290.0,10322,3207916,32424,2548566,41384,5544115
2021-05-11 15:00:00,12182,3007808,30302.0,2366578,1441.0,213731.0,13623,3221539,31743,2580309,43925,5588040
2021-05-12 15:00:00,13944,3021752,38642.0,2405220,1917.0,215648.0,15861,3237400,40559,2620868,54503,5642543
2021-05-13 15:00:00,21845,3043597,33525.0,2438745,1347.0,216995.0,23192,3260592,34872,2655740,56717,5699260
2021-05-14 15:00:00,24397,3067994,30069.0,2468814,1774.0,218769.0,26171,3286763,31843,2687583,56240,5755500
2021-05-15 15:00:00,21952,3089946,25124.0,2493938,1490.0,220259.0,23442,3310205,26614,2714197,48566,5804066
2021-05-16 15:00:00,9090,3099036,17583.0,2511521,1113.0,221372.0,10203,3320408,18696,2732893,27786,5831852
2021-05-17 15:00:00,16838,3115874,28417.0,2539938,1950.0,223322.0,18788,3339196,30367,2763260,47205,5879057
2021-05-18 15:00:00,21266,3137140,30699.0,2570637,1943.0,225265.0,23209,3362405,32642,2795902,53908,5932965
2021-05-19 15:00:00,27672,3164812,32445.0,2603082,1632.0,226897.0,29304,3391709,34077,2829979,61749,5994714
2021-05-20 15:00:00,20805,3185617,33285.0,2636367,1965.0,228862.0,22770,3414479,35250,2865229,56055,6050769
2021-05-21 15:00:00,19166,3204783,30366.0,2666733,1609.0,230471.0,20775,3435254,31975,2897204,51141,6101910
2021-05-22 15:00:00,16946,3221729,20701.0,2687434,1269.0,231740.0,18215,3453469,21970,2919174,38916,6140826
2021-05-23 15:00:00,8816,3230545,11454.0,2698888,965.0,232705.0,9781,3463250,12419,2931593,21235,6162061
2021-05-24 15:00:00,13574,3244119,17783.0,2716671,1473.0,234178.0,15047,3478297,19256,2950849,32830,6194891
2021-05-25 15:00:00,13076,3257195,18718.0,2735389,1328.0,235506.0,14404,3492701,20046,2970895,33122,6228013
2021-05-26 15:00:00,18370,3275565,19695.0,2755084,1512.0,237018.0,19882,3512583,21207,2992102,39577,6267590
2021-05-27 15:00:00,11697,3287262,18706.0,2773790,1117.0,238135.0,12814,3525397,19823,3011925,31520,6299110
2021-05-28 15:00:00,12419,3299681,19862.0,2793652,1402.0,239537.0,13821,3539218,21264,3033189,33683,6332793
2021-05-29 15:00:00,9515,3309196,11731.0,2805383,937.0,240474.0,10452,3549670,12668,3045857,22183,6354976
2021-05-30 15:00:00,4968,3314164,6439.0,2811822,596.0,241070.0,5564,3555234,7035,3052892,12003,6366979
2021-05-31 15:00:00,1780,3315944,3714.0,2815536,305.0,241375.0,2085,3557319,4019,3056911,5799,6372778
2021-06-01 15:00:00,9878,3325822,16491.0,2832027,1160.0,242535.0,11038,3568357,17651,3074562,27529,6400307
2021-06-02 15:00:00,10236,3336058,16825.0,2848852,961.0,243496.0,11197,3579554,17786,3092348,28022,6428329
2021-06-03 15:00:00,7897,3343955,21213.0,2870065,1089.0,244585.0,8986,3588540,22302,3114650,30199,6458528
2021-06-04 15:00:00,8198,3352153,22363.0,2892428,1120.0,245705.0,9318,3597858,23483,3138133,31681,6490209
2021-06-05 15:00:00,7000,3359153,19479.0,2911907,720.0,246425.0,7720,3605578,20199,3158332,27199,6517408
2021-06-06 15:00:00,3456,3362609,7257.0,2919164,426.0,246851.0,3882,3609460,7683,3166015,11139,6528547
2021-06-07 15:00:00,6859,3369468,15795.0,2934959,726.0,247577.0,7585,3617045,16521,3182536,23380,6551927
2021-06-08 15:00:00,6671,3376139,19741.0,2954700,831.0,248408.0,7502,3624547,20572,3203108,27243,6579170
2021-06-09 15:00:00,8202,3384341,23998.0,2978698,969.0,249377.0,9171,3633718,24967,3228075,33169,6612339
2021-06-10 15:00:00,7153,3391494,19143.0,2997841,895.0,250272.0,8048,3641766,20038,3248113,27191,6639530
2021-06-11 15:00:00,7492,3398986,17733.0,3015574,1125.0,251397.0,8617,3650383,18858,3266971,26350,6665880
2021-06-12 15:00:00,5241,3404227,14770.0,3030344,605.0,252002.0,5846,3656229,15375,3282346,20616,6686496
2021-06-13 15:00:00,1946,3406173,7634.0,3037978,427.0,252429.0,2373,3658602,8061,3290407,10007,6696503
2021-06-14 15:00:00,5656,3411829,11828.0,3049806,733.0,253162.0,6389,3664991,12561,3302968,18217,6714720
2021-06-15 15:00:00,5648,3417477,14345.0,3064151,874.0,254036.0,6522,3671513,15219,3318187,20867,6735587
2021-06-16 15:00:00,8726,3426203,21622.0,3085773,758.0,254794.0,9484,3680997,22380,3340567,31106,6766693
2021-06-17 15:00:00,6681,3432884,12381.0,3098154,720.0,255514.0,7401,3688398,13101,3353668,19782,6786475
2021-06-18 15:00:00,6833,3439717,12747.0,3110901,702.0,256216.0,7535,3695933,13449,3367117,20282,6806757
2021-06-19 15:00:00,4655,3444372,9389.0,3120290,614.0,256830.0,5269,3701202,10003,3377120,14658,6821415
2021-06-20 15:00:00,2507,3446879,5069.0,3125359,377.0,257207.0,2884,3704086,5446,3382566,7953,6829368
2021-06-21 15:00:00,5569,3452448,5340.0,3130699,636.0,257843.0,6205,3710291,5976,3388542,11545,6840913
2021-06-22 15:00:00,5346,3457794,9056.0,3139755,698.0,258541.0,6044,3716335,9754,3398296,15100,6856013
2021-06-23 15:00:00,6062,3463856,10358.0,3150113,645.0,259186.0,6707,3723042,11003,3409299,17065,6873078
2021-06-24 15:00:00,5929,3469785,8214.0,3158327,595.0,259781.0,6524,3729566,8809,3418108,14738,6887816
2021-06-25 15:00:00,5828,3475613,8671.0,3166998,619.0,260400.0,6447,3736013,9290,3427398,15118,6902934
2021-06-26 15:00:00,3707,3479320,6305.0,3173303,398.0,260798.0,4105,3740118,6703,3434101,10410,6913344
2021-06-27 15:00:00,2810,3482130,3524.0,3176827,185.0,260983.0,2995,3743113,3709,3437810,6519,6919863
2021-06-28 15:00:00,4925,3487055,6394.0,3183221,539.0,261522.0,5464,3748577,6933,3444743,11858,6931721
2021-06-29 15:00:00,5062,3492117,6484.0,3189705,523.0,262045.0,5585,3754162,7007,3451750,12069,6943790
2021-06-30 15:00:00,5630,3497747,7391.0,3197096,607.0,262652.0,6237,3760399,7998,3459748,13628,6957418
2021-07-01 15:00:00,5445,3503192,7003.0,3204099,505.0,263157.0,5950,3766349,7508,3467256,12953,6970371
2021-07-02 15:00:00,5298,3508490,6850.0,3210949,527.0,263684.0,5825,3772174,7377,3474633,12675,6983046
2021-07-03 15:00:00,3275,3511765,4071.0,3215020,264.0,263948.0,3539,3775713,4335,3478968,7610,6990656
2021-07-04 15:00:00,493,3512258,551.0,3215571,69.0,264017.0,562,3776275,620,3479588,1113,6991769
2021-07-05 15:00:00,3771,3516029,3953.0,3219524,287.0,264304.0,4058,3780333,4240,3483828,8011,6999780
2021-07-06 15:00:00,4497,3520526,6285.0,3225809,455.0,264759.0,4952,3785285,6740,3490568,11237,7011017
2021-07-07 15:00:00,4471,3524997,6419.0,3232228,483.0,265242.0,4954,3790239,6902,3497470,11373,7022390
2021-07-08 15:00:00,4837,3529834,6187.0,3238415,564.0,265806.0,5401,3795640,6751,3504221,11588,7033978
2021-07-09 15:00:00,5364,3535198,6680.0,3245095,573.0,266379.0,5937,3801577,7253,3511474,12617,7046595
2021-07-10 15:00:00,3522,3538720,4407.0,3249502,305.0,266684.0,3827,3805404,4712,3516186,8234,7054829
2021-07-11 15:00:00,2681,3541401,2578.0,3252080,227.0,266911.0,2908,3808312,2805,3518991,5486,7060315
2021-07-12 15:00:00,4427,3545828,5132.0,3257212,379.0,267290.0,4806,3813118,5511,3524502,9938,7070253
2021-07-13 15:00:00,4668,3550496,4727.0,3261939,366.0,267656.0,5034,3818152,5093,3529595,9761,7080014
2021-07-14 15:00:00,4626,3555122,5289.0,3267228,422.0,268078.0,5048,3823200,5711,3535306,10337,7090351
2021-07-15 15:00:00,4913,3560035,5021.0,3272249,358.0,268436.0,5271,3828471,5379,3540685,10292,7100643
2021-07-16 15:00:00,6274,3566309,5853.0,3278102,405.0,268841.0,6679,3835150,6258,3546943,12532,7113175
2021-07-17 15:00:00,3417,3569726,3554.0,3281656,303.0,269144.0,3720,3838870,3857,3550800,7274,7120449
2021-07-18 15:00:00,2311,3572037,2383.0,3284039,110.0,269254.0,2421,3841291,2493,3553293,4804,7125253
2021-07-19 15:00:00,5147,3577184,4616.0,3288655,383.0,269637.0,5530,3846821,4999,3558292,10146,7135399
2021-07-20 15:00:00,5346,3582530,4728.0,3293383,367.0,270004.0,5713,3852534,5095,3563387,10441,7145840
2021-07-21 15:00:00,5667,3588197,4957.0,3298340,416.0,270420.0,6083,3858617,5373,3568760,11040,7156880
2021-07-22 15:00:00,6033,3594230,4651.0,3302991,472.0,270892.0,6505,3865122,5123,3573883,11156,7168036
2021-07-23 15:00:00,6849,3601079,4851.0,3307842,499.0,271391.0,7348,3872470,5350,3579233,12199,7180235
2021-07-24 15:00:00,4282,3605361,3209.0,3311051,267.0,271658.0,4549,3877019,3476,3582709,7758,7187993
2021-07-25 15:00:00,3301,3608662,1122.0,3312173,140.0,271798.0,3441,3880460,1262,3583971,4563,7192556
2021-07-26 15:00:00,6220,3614882,3912.0,3316085,419.0,272217.0,6639,3887099,4331,3588302,10551,7203107
2021-07-27 15:00:00,6605,3621487,4293.0,3320378,458.0,272675.0,7063,3894162,4751,3593053,11356,7214463
2021-07-28 15:00:00,7091,3628578,4153.0,3324531,460.0,273135.0,7551,3901713,4613,3597666,11704,7226167
2021-07-29 15:00:00,7086,3635664,4313.0,3328844,419.0,273554.0,7505,3909218,4732,3602398,11818,7237985
2021-07-30 15:00:00,7826,3643490,4813.0,3333657,527.0,274081.0,8353,3917571,5340,3607738,13166,7251151
2021-07-31 15:00:00,4794,3648284,3083.0,3336740,274.0,274355.0,5068,3922639,3357,3611095,8151,7259302
2021-08-01 15:00:00,3911,3652195,2192.0,3338932,165.0,274520.0,4076,3926715,2357,3613452,6268,7265570
2021-08-02 15:00:00,7279,3659474,3852.0,3342784,342.0,274862.0,7621,3934336,4194,3617646,11473,7277043
2021-08-03 15:00:00,7276,3666750,4109.0,3346893,517.0,275379.0,7793,3942129,4626,3622272,11902,7288945
2021-08-04 15:00:00,7442,3674192,4129.0,3351022,536.0,275915.0,7978,3950107,4665,3626937,12107,7301052
2021-08-05 15:00:00,7965,3682157,4343.0,3355365,540.0,276455.0,8505,3958612,4883,3631820,12848,7313900
2021-08-06 15:00:00,8341,3690498,4743.0,3360108,454.0,276909.0,8795,3967407,5197,3637017,13538,7327438
2021-08-07 15:00:00,5304,3695802,2843.0,3362951,264.0,277173.0,5568,3972975,3107,3640124,8411,7335849
2021-08-08 15:00:00,3979,3699781,2063.0,3365014,146.0,277319.0,4125,3977100,2209,3642333,6188,7342037
2021-08-09 15:00:00,6960,3706741,4568.0,3369582,370.0,277689.0,7330,3984430,4938,3647271,11898,7353935
2021-08-10 15:00:00,7176,3713917,4498.0,3374080,340.0,278029.0,7516,3991946,4838,3652109,12014,7365949
2021-08-11 15:00:00,7102,3721019,4453.0,3378533,443.0,278472.0,7545,3999491,4896,3657005,11998,7377947
2021-08-12 15:00:00,8663,3729682,4768.0,3383301,445.0,278917.0,9108,4008599,5213,3662218,13876,7391823
2021-08-13 15:00:00,7182,3736864,5412.0,3388713,397.0,279314.0,7579,4016178,5809,3668027,12991,7404814
2021-08-14 15:00:00,4924,3741788,3349.0,3392062,285.0,279599.0,5209,4021387,3634,3671661,8558,7413372
2021-08-15 15:00:00,3328,3745116,2741.0,3394803,163.0,279762.0,3491,4024878,2904,3674565,6232,7419604
2021-08-16 15:00:00,5456,3750572,5093.0,3399896,354.0,280116.0,5810,4030688,5447,3680012,10903,7430507
2021-08-17 15:00:00,6821,3757393,5364.0,3405260,391.0,280507.0,7212,4037900,5755,3685767,12576,7443083
2021-08-18 15:00:00,6339,3763732,5515.0,3410775,481.0,280988.0,6820,4044720,5996,3691763,12335,7455418
2021-08-19 15:00:00,6231,3769963,5575.0,3416350,417.0,281405.0,6648,4051368,5992,3697755,12223,7467641
2021-08-20 15:00:00,6848,3776811,6557.0,3422907,401.0,281806.0,7249,4058617,6958,3704713,13806,7481447
2021-08-21 15:00:00,4342,3781153,3920.0,3426827,229.0,282035.0,4571,4063188,4149,3708862,8491,7489938
2021-08-22 15:00:00,3060,3784213,3170.0,3429997,110.0,282145.0,3170,4066358,3280,3712142,6340,7496278
2021-08-23 15:00:00,5998,3790211,6111.0,3436108,287.0,282432.0,6285,4072643,6398,3718540,12396,7508674
2021-08-24 15:00:00,6549,3796760,6079.0,3442187,425.0,282857.0,6974,4079617,6504,3725044,13053,7521727
2021-08-25 15:00:00,6731,3803491,6237.0,3448424,440.0,283297.0,7171,4086788,6677,3731721,13408,7535135
2021-08-26 15:00:00,6970,3810461,6662.0,3455086,428.0,283725.0,7398,4094186,7090,3738811,14060,7549195
2021-08-27 15:00:00,6834,3817295,7088.0,3462174,317.0,284042.0,7151,4101337,7405,3746216,14239,7563434
2021-08-28 15:00:00,6909,3824204,6527.0,3468701,326.0,284368.0,7235,4108572,6853,3753069,13762,7577196
2021-08-29 15:00:00,3739,3827943,3693.0,3472394,610.0,284978.0,4349,4112921,4303,3757372,8042,7585238
2021-08-30 15:00:00,5931,3833874,6135.0,3478529,960.0,285938.0,6891,4119812,7095,3764467,13026,7598264
2021-08-31 15:00:00,5903,3839777,6080.0,3484609,946.0,286884.0,6849,4126661,7026,3771493,12929,7611193
2021-09-01 15:00:00,5607,3845384,5726.0,3490335,918.0,287802.0,6525,4133186,6644,3778137,12251,7623444
2021-09-02 15:00:00,5525,3850909,5963.0,3496298,709.0,288511.0,6234,4139420,6672,3784809,12197,7635641
2021-09-03 15:00:00,6013,3856922,6949.0,3503247,977.0,289488.0,6990,4146410,7926,3792735,13939,7649580
2021-09-04 15:00:00,3733,3860655,4357.0,3507604,878.0,290366.0,4611,4151021,5235,3797970,8968,7658548
2021-09-05 15:00:00,2958,3863613,2813.0,3510417,106.0,290472.0,3064,4154085,2919,3800889,5877,7664425
2021-09-06 15:00:00,1059,3864672,1161.0,3511578,69.0,290541.0,1128,4155213,1230,3802119,2289,7666714
2021-09-07 15:00:00,5350,3870022,7306.0,3518884,2303.0,292844.0,7653,4162866,9609,3811728,14959,7681673
2021-09-08 15:00:00,4657,3874679,5491.0,3524375,364.0,293208.0,5021,4167887,5855,3817583,10512,7692185
2021-09-09 15:00:00,5020,3879699,5469.0,3529844,325.0,293533.0,5345,4173232,5794,3823377,10814,7702999
2021-09-10 15:00:00,6528,3886227,6673.0,3536517,1719.0,295252.0,8247,4181479,8392,3831769,14920,7717919
2021-09-11 15:00:00,4178,3890405,4348.0,3540865,666.0,295918.0,4844,4186323,5014,3836783,9192,7727111
2021-09-12 15:00:00,3172,3893577,3239.0,3544104,436.0,296354.0,3608,4189931,3675,3840458,6847,7733958
2021-09-13 15:00:00,4886,3898463,5074.0,3549178,347.0,296701.0,5233,4195164,5421,3845879,10307,7744265
2021-09-14 15:00:00,4777,3903240,5447.0,3554625,437.0,297138.0,5214,4200378,5884,3851763,10661,7754926
2021-09-15 15:00:00,5045,3908285,5891.0,3560516,392.0,297530.0,5437,4205815,6283,3858046,11328,7766254
2021-09-16 15:00:00,4811,3913096,5853.0,3566369,336.0,297866.0,5147,4210962,6189,3864235,11000,7777254
2021-09-17 15:00:00,5284,3918380,6585.0,3572954,344.0,298210.0,5628,4216590,6929,3871164,12213,7789467
2021-09-18 15:00:00,3823,3922203,4582.0,3577536,186.0,298396.0,4009,4220599,4768,3875932,8591,7798058
2021-09-19 15:00:00,2741,3924944,3177.0,3580713,75.0,298471.0,2816,4223415,3252,3879184,5993,7804051
2021-09-20 15:00:00,3752,3928696,4683.0,3585396,429.0,298900.0,4181,4227596,5112,3884296,8864,7812915
2021-09-21 15:00:00,4000,3932696,5013.0,3590409,327.0,299227.0,4327,4231923,5340,3889636,9340,7822255
2021-09-22 15:00:00,4190,3936886,4789.0,3595198,459.0,299686.0,4649,4236572,5248,3894884,9438,7831693
2021-09-23 15:00:00,4185,3941071,4732.0,3599930,492.0,300178.0,4677,4241249,5224,3900108,9409,7841102
2021-09-24 15:00:00,5088,3946159,5618.0,3605548,422.0,300600.0,5510,4246759,6040,3906148,11128,7852230
2021-09-25 15:00:00,3640,3949799,3630.0,3609178,384.0,300984.0,4024,4250783,4014,3910162,7654,7859884
2021-09-26 15:00:00,2348,3952147,2666.0,3611844,431.0,301415.0,2779,4253562,3097,3913259,5445,7865329
2021-09-27 15:00:00,4508,3956655,2712.0,3614556,512.0,301927.0,5020,4258582,3224,3916483,7732,7873061
2021-09-28 15:00:00,4405,3961060,4453.0,3619009,211.0,302138.0,4616,4263198,4664,3921147,9069,7882130
2021-09-29 15:00:00,4690,3965750,4522.0,3623531,920.0,303058.0,5610,4268808,5442,3926589,10132,7892262
2021-09-30 15:00:00,4894,3970644,4569.0,3628100,796.0,303854.0,5690,4274498,5365,3931954,10259,7902521
2021-10-01 15:00:00,5522,3976166,5357.0,3633457,785.0,304639.0,6307,4280805,6142,3938096,11664,7914185
2021-10-02 15:00:00,2945,3979111,2898.0,3636355,187.0,304826.0,3132,4283937,3085,3941181,6030,7920215
2021-10-03 15:00:00,2074,3981185,2379.0,3638734,86.0,304912.0,2160,4286097,2465,3943646,4539,7924754
2021-10-04 15:00:00,4027,3985212,3500.0,3642234,232.0,305144.0,4259,4290356,3732,3947378,7759,7932513
2021-10-05 15:00:00,3954,3989166,3662.0,3645896,207.0,305351.0,4161,4294517,3869,3951247,7823,7940336
2021-10-06 15:00:00,4023,3993189,3572.0,3649468,266.0,305617.0,4289,4298806,3838,3955085,7861,7948197
2021-10-07 15:00:00,4233,3997422,3629.0,3653097,332.0,305949.0,4565,4303371,3961,3959046,8194,7956391
2021-10-08 15:00:00,4773,4002195,4290.0,3657387,283.0,306232.0,5056,4308427,4573,3963619,9346,7965737
2021-10-09 15:00:00,2693,4004888,2677.0,3660064,270.0,306502.0,2963,4311390,2947,3966566,5640,7971377
2021-10-10 15:00:00,1860,4006748,1850.0,3661914,59.0,306561.0,1919,4313309,1909,3968475,3769,7975146
2021-10-11 15:00:00,4210,4010958,3313.0,3665227,250.0,306811.0,4460,4317769,3563,3972038,7773,7982919
2021-10-12 15:00:00,3602,4014560,3534.0,3668761,274.0,307085.0,3876,4321645,3808,3975846,7410,7990329
2021-10-13 15:00:00,3983,4018543,3457.0,3672218,346.0,307431.0,4329,4325974,3803,3979649,7786,7998115
2021-10-14 15:00:00,5165,4023708,5496.0,3677714,431.0,307862.0,5596,4331570,5927,3985576,11092,8009207
2021-10-15 15:00:00,4758,4028466,4604.0,3682318,347.0,308209.0,5105,4336675,4951,3990527,9709,8018916
2021-10-16 15:00:00,2496,4030962,2517.0,3684835,291.0,308500.0,2787,4339462,2808,3993335,5304,8024220
2021-10-17 15:00:00,1805,4032767,1774.0,3686609,55.0,308555.0,1860,4341322,1829,3995164,3634,8027854
2021-10-18 15:00:00,4280,4037047,3577.0,3690186,268.0,308823.0,4548,4345870,3845,3999009,8125,8035979
2021-10-19 15:00:00,4303,4041350,4007.0,3694193,223.0,309046.0,4526,4350396,4230,4003239,8533,8044512
2021-10-20 15:00:00,3539,4044889,3422.0,3697615,255.0,309301.0,3794,4354190,3677,4006916,7216,8051728
2021-10-21 15:00:00,3300,4048189,3275.0,3700890,291.0,309592.0,3591,4357781,3566,4010482,6866,8058594
2021-10-22 15:00:00,4681,4052870,4033.0,3704923,477.0,310069.0,5158,4362939,4510,4014992,9191,8067785
2021-10-23 15:00:00,2883,4055753,2112.0,3707035,321.0,310390.0,3204,4366143,2433,4017425,5316,8073101
2021-10-24 15:00:00,2055,4057808,1551.0,3708586,79.0,310469.0,2134,4368277,1630,4019055,3685,8076786
2021-10-25 15:00:00,4547,4062355,3066.0,3711652,320.0,310789.0,4867,4373144,3386,4022441,7933,8084719
2021-10-26 15:00:00,4513,4066868,3076.0,3714728,316.0,311105.0,4829,4377973,3392,4025833,7905,8092624
2021-10-27 15:00:00,4734,4071602,3338.0,3718066,436.0,311541.0,5170,4383143,3774,4029607,8508,8101132
2021-10-28 15:00:00,4570,4076172,3361.0,3721427,501.0,312042.0,5071,4388214,3862,4033469,8432,8109564
2021-10-29 15:00:00,4990,4081162,3919.0,3725346,395.0,312437.0,5385,4393599,4314,4037783,9304,8118868
2021-10-30 15:00:00,2630,4083792,1841.0,3727187,307.0,312744.0,2937,4396536,2148,4039931,4778,8123646
2021-10-31 15:00:00,1933,4085725,1518.0,3728705,93.0,312837.0,2026,4398562,1611,4041542,3544,8127190
2021-11-01 15:00:00,4729,4090454,3436.0,3732141,350.0,313187.0,5079,4403641,3786,4045328,8515,8135705
2021-11-02 15:00:00,4263,4094717,2941.0,3735082,409.0,313596.0,4672,4408313,3350,4048678,7613,8143318
2021-11-03 15:00:00,4666,4099383,3047.0,3738129,464.0,314060.0,5130,4413443,3511,4052189,8177,8151495
2021-11-04 15:00:00,6319,4105702,3366.0,3741495,512.0,314572.0,6831,4420274,3878,4056067,10197,8161692
2021-11-05 15:00:00,8243,4113945,3769.0,3745264,413.0,314985.0,8656,4428930,4182,4060249,12425,8174117
2021-11-06 15:00:00,10179,4124124,1972.0,3747236,308.0,315293.0,10487,4439417,2280,4062529,12459,8186576
2021-11-07 15:00:00,7716,4131840,1461.0,3748697,95.0,315388.0,7811,4447228,1556,4064085,9272,8195848
2021-11-08 15:00:00,11307,4143147,3049.0,3751746,379.0,315767.0,11686,4458914,3428,4067513,14735,8210583
2021-11-09 15:00:00,11761,4154908,2646.0,3754392,268.0,316035.0,12029,4470943,2914,4070427,14675,8225258
2021-11-10 15:00:00,12591,4167499,2761.0,3757153,339.0,316374.0,12930,4483873,3100,4073527,15691,8240949
2021-11-11 15:00:00,11374,4178873,2373.0,3759526,280.0,316654.0,11654,4495527,2653,4076180,14027,8254976
2021-11-12 15:00:00,12297,4191170,3358.0,3762884,548.0,317202.0,12845,4508372,3906,4080086,16203,8271179
2021-11-13 15:00:00,9899,4201069,1593.0,3764477,342.0,317544.0,10241,4518613,1935,4082021,11834,8283013
2021-11-14 15:00:00,4199,4205268,1114.0,3765591,121.0,317665.0,4320,4522933,1235,4083256,5434,8288447
2021-11-15 15:00:00,8629,4213897,2517.0,3768108,210.0,317875.0,8839,4531772,2727,4085983,11356,8299803
2021-11-16 15:00:00,9231,4223128,2505.0,3770613,257.0,318132.0,9488,4541260,2762,4088745,11993,8311796
2021-11-17 15:00:00,9389,4232517,2861.0,3773474,312.0,318444.0,9701,4550961,3173,4091918,12562,8324358
2021-11-18 15:00:00,9281,4241798,2622.0,3776096,481.0,318925.0,9762,4560723,3103,4095021,12384,8336742
2021-11-19 15:00:00,9809,4251607,2919.0,3779015,380.0,319305.0,10189,4570912,3299,4098320,13108,8349850
2021-11-20 15:00:00,10635,4262242,1602.0,3780617,455.0,319760.0,11090,4582002,2057,4100377,12692,8362542
2021-11-21 15:00:00,4341,4266583,1201.0,3781818,100.0,319860.0,4441,4586443,1301,4101678,5642,8368184
2021-11-22 15:00:00,9828,4276411,2502.0,3784320,293.0,320153.0,10121,4596564,2795,4104473,12623,8380807
2021-11-23 15:00:00,9215,4285626,2394.0,3786714,283.0,320436.0,9498,4606062,2677,4107150,11892,8392699
2021-11-24 15:00:00,8173,4293799,2435.0,3789149,216.0,320652.0,8389,4614451,2651,4109801,10824,8403523
2021-11-25 15:00:00,239,4294038,78.0,3789227,10.0,320662.0,249,4614700,88,4109889,327,8403850
2021-11-26 15:00:00,5649,4299687,3961.0,3793188,153.0,320815.0,5802,4620502,4114,4114003,9763,8413613
2021-11-27 15:00:00,3780,4303467,5481.0,3798669,134.0,320949.0,3914,4624416,5615,4119618,9395,8423008
2021-11-28 15:00:00,2413,4305880,6384.0,3805053,77.0,321026.0,2490,4626906,6461,4126079,8874,8431882
2021-11-29 15:00:00,6382,4312262,9298.0,3814351,379.0,321405.0,6761,4633667,9677,4135756,16059,8447941
2021-11-30 15:00:00,6255,4318517,9317.0,3823668,264.0,321669.0,6519,4640186,9581,4145337,15836,8463777
2021-12-01 15:00:00,7325,4325842,9731.0,3833399,308.0,321977.0,7633,4647819,10039,4155376,17364,8481141
2021-12-02 15:00:00,6930,4332772,8787.0,3842186,450.0,322427.0,7380,4655199,9237,4164613,16167,8497308
2021-12-03 15:00:00,7614,4340386,9266.0,3851452,251.0,322678.0,7865,4663064,9517,4174130,17131,8514439
2021-12-04 15:00:00,5949,4346335,10055.0,3861507,467.0,323145.0,6416,4669480,10522,4184652,16471,8530910
2021-12-05 15:00:00,3445,4349780,3548.0,3865055,78.0,323223.0,3523,4673003,3626,4188278,7071,8537981
2021-12-06 15:00:00,6768,4356548,7098.0,3872153,281.0,323504.0,7049,4680052,7379,4195657,14147,8552128
2021-12-07 15:00:00,6422,4362970,7043.0,3879196,250.0,323754.0,6672,4686724,7293,4202950,13715,8565843
2021-12-08 15:00:00,6943,4369913,7415.0,3886611,315.0,324069.0,7258,4693982,7730,4210680,14673,8580516
2021-12-09 15:00:00,6548,4376461,7028.0,3893639,398.0,324467.0,6946,4700928,7426,4218106,13974,8594490
2021-12-10 15:00:00,7291,4383752,7327.0,3900966,232.0,324699.0,7523,4708451,7559,4225665,14850,8609340
2021-12-11 15:00:00,4462,4388214,7678.0,3908644,333.0,325032.0,4795,4713246,8011,4233676,12473,8621813
2021-12-12 15:00:00,4001,4392215,2771.0,3911415,60.0,325092.0,4061,4717307,2831,4236507,6832,8628645
2021-12-13 15:00:00,5696,4397911,5768.0,3917183,243.0,325335.0,5939,4723246,6011,4242518,11707,8640352
2021-12-14 15:00:00,6467,4404378,5931.0,3923114,222.0,325557.0,6689,4729935,6153,4248671,12620,8652972
2021-12-15 15:00:00,7176,4411554,5723.0,3928837,258.0,325815.0,7434,4737369,5981,4254652,13157,8666129
2021-12-16 15:00:00,7898,4419452,2824.0,3931661,423.0,326238.0,8321,4745690,3247,4257899,11145,8677274
2021-12-17 15:00:00,7853,4427305,4164.0,3935825,195.0,326433.0,8048,4753738,4359,4262258,12212,8689486
2021-12-18 15:00:00,5844,4433149,3185.0,3939010,298.0,326731.0,6142,4759880,3483,4265741,9327,8698813
2021-12-19 15:00:00,3375,4436524,1342.0,3940352,37.0,326768.0,3412,4763292,1379,4267120,4754,8703567
2021-12-20 15:00:00,8101,4444625,3748.0,3944100,173.0,326941.0,8274,4771566,3921,4271041,12022,8715589
2021-12-21 15:00:00,8998,4453623,4166.0,3948266,175.0,327116.0,9173,4780739,4341,4275382,13339,8728928
2021-12-22 15:00:00,8700,4462323,3877.0,3952143,184.0,327300.0,8884,4789623,4061,4279443,12761,8741689
2021-12-23 15:00:00,8418,4470741,3575.0,3955718,359.0,327659.0,8777,4798400,3934,4283377,12352,8754041
2021-12-24 15:00:00,1636,4472377,1011.0,3956729,39.0,327698.0,1675,4800075,1050,4284427,2686,8756727
2021-12-25 15:00:00,47,4472424,36.0,3956765,1.0,327699.0,48,4800123,37,4284464,84,8756811
2021-12-26 15:00:00,2518,4474942,1745.0,3958510,44.0,327743.0,2562,4802685,1789,4286253,4307,8761118
2021-12-27 15:00:00,7222,4482164,4007.0,3962517,297.0,328040.0,7519,4810204,4304,4290557,11526,8772644
2021-12-28 15:00:00,7952,4490116,3861.0,3966378,178.0,328218.0,8130,4818334,4039,4294596,11991,8784635
2021-12-29 15:00:00,8245,4498361,4019.0,3970397,156.0,328374.0,8401,4826735,4175,4298771,12420,8797055
2021-12-30 15:00:00,7490,4505851,3794.0,3974191,290.0,328664.0,7780,4834515,4084,4302855,11574,8808629
2021-12-31 15:00:00,2579,4508430,1532.0,3975723,90.0,328754.0,2669,4837184,1622,4304477,4201,8812830
2022-01-01 15:00:00,737,4509167,349.0,3976072,34.0,328788.0,771,4837955,383,4304860,1120,8813950
2022-01-02 15:00:00,2216,4511383,1649.0,3977721,48.0,328836.0,2264,4840219,1697,4306557,3913,8817863
2022-01-03 15:00:00,3399,4514782,2067.0,3979788,222.0,329058.0,3621,4843840,2289,4308846,5688,8823551
2022-01-04 15:00:00,5855,4520637,3491.0,3983279,165.0,329223.0,6020,4849860,3656,4312502,9511,8833062
2022-01-05 15:00:00,6838,4527475,4697.0,3987976,175.0,329398.0,7013,4856873,4872,4317374,11710,8844772
2022-01-06 15:00:00,6784,4534259,4825.0,3992801,265.0,329663.0,7049,4863922,5090,4322464,11874,8856646
2022-01-07 15:00:00,6010,4540269,3784.0,3996585,162.0,329825.0,6172,4870094,3946,4326410,9956,8866602
2022-01-08 15:00:00,4810,4545079,3913.0,4000498,78.0,329903.0,4888,4874982,3991,4330401,8801,8875403
2022-01-09 15:00:00,2765,4547844,2017.0,4002515,154.0,330057.0,2919,4877901,2171,4332572,4936,8880339
2022-01-10 15:00:00,6358,4554202,3845.0,4006360,161.0,330218.0,6519,4884420,4006,4336578,10364,8890703
2022-01-11 15:00:00,6571,4560773,4258.0,4010618,142.0,330360.0,6713,4891133,4400,4340978,10971,8901674
2022-01-12 15:00:00,6831,4567604,4444.0,4015062,225.0,330585.0,7056,4898189,4669,4345647,11500,8913174
2022-01-13 15:00:00,6680,4574284,4387.0,4019449,153.0,330738.0,6833,4905022,4540,4350187,11220,8924394
2022-01-14 15:00:00,7237,4581521,3291.0,4022740,252.0,330990.0,7489,4912511,3543,4353730,10780,8935174
2022-01-15 15:00:00,4278,4585799,1696.0,4024436,71.0,331061.0,4349,4916860,1767,4355497,6045,8941219
2022-01-16 15:00:00,2219,4588018,1321.0,4025757,116.0,331177.0,2335,4919195,1437,4356934,3656,8944875
2022-01-17 15:00:00,3630,4591648,2372.0,4028129,74.0,331251.0,3704,4922899,2446,4359380,6076,8950951
2022-01-18 15:00:00,5300,4596948,4202.0,4032331,102.0,331353.0,5402,4928301,4304,4363684,9604,8960555
2022-01-19 15:00:00,5299,4602247,4481.0,4036812,99.0,331452.0,5398,4933699,4580,4368264,9879,8970434
2022-01-20 15:00:00,4531,4606778,3629.0,4040441,176.0,331628.0,4707,4938406,3805,4372069,8336,8978770
2022-01-21 15:00:00,5607,4612385,2938.0,4043379,126.0,331754.0,5733,4944139,3064,4375133,8671,8987441
2022-01-22 15:00:00,3465,4615850,1724.0,4045103,134.0,331888.0,3599,4947738,1858,4376991,5323,8992764
2022-01-23 15:00:00,2032,4617882,1494.0,4046597,30.0,331918.0,2062,4949800,1524,4378515,3556,8996320
2022-01-24 15:00:00,4126,4622008,2770.0,4049367,89.0,332007.0,4215,4954015,2859,4381374,6985,9003305
2022-01-25 15:00:00,3819,4625827,3315.0,4052682,95.0,332102.0,3914,4957929,3410,4384784,7229,9010534
2022-01-26 15:00:00,3881,4629708,3697.0,4056379,94.0,332196.0,3975,4961904,3791,4388575,7672,9018206
2022-01-27 15:00:00,3782,4633490,3923.0,4060302,187.0,332383.0,3969,4965873,4110,4392685,7892,9026098
2022-01-28 15:00:00,3865,4637355,3276.0,4063578,75.0,332458.0,3940,4969813,3351,4396036,7216,9033314
2022-01-29 15:00:00,2309,4639664,2295.0,4065873,117.0,332575.0,2426,4972239,2412,4398448,4721,9038035
2022-01-30 15:00:00,1559,4641223,1638.0,4067511,16.0,332591.0,1575,4973814,1654,4400102,3213,9041248
2022-01-31 15:00:00,3002,4644225,3237.0,4070748,58.0,332649.0,3060,4976874,3295,4403397,6297,9047545
2022-02-01 15:00:00,2644,4646869,3409.0,4074157,75.0,332724.0,2719,4979593,3484,4406881,6128,9053673
2022-02-02 15:00:00,2819,4649688,3722.0,4077879,77.0,332801.0,2896,4982489,3799,4410680,6618,9060291
2022-02-03 15:00:00,2762,4652450,3656.0,4081535,42.0,332843.0,2804,4985293,3698,4414378,6460,9066751
2022-02-04 15:00:00,2782,4655232,4379.0,4085914,128.0,332971.0,2910,4988203,4507,4418885,7289,9074040
2022-02-05 15:00:00,1927,4657159,2898.0,4088812,112.0,333083.0,2039,4990242,3010,4421895,4937,9078977
2022-02-06 15:00:00,1081,4658240,1349.0,4090161,24.0,333107.0,1105,4991347,1373,4423268,2454,9081431
2022-02-07 15:00:00,2060,4660300,2692.0,4092853,47.0,333154.0,2107,4993454,2739,4426007,4799,9086230
2022-02-08 15:00:00,2085,4662385,3072.0,4095925,63.0,333217.0,2148,4995602,3135,4429142,5220,9091450
2022-02-09 15:00:00,2206,4664591,3310.0,4099235,75.0,333292.0,2281,4997883,3385,4432527,5591,9097041
2022-02-10 15:00:00,2095,4666686,2866.0,4102101,55.0,333347.0,2150,5000033,2921,4435448,5016,9102057
2022-02-11 15:00:00,2471,4669157,3490.0,4105591,121.0,333468.0,2592,5002625,3611,4439059,6082,9108139
2022-02-12 15:00:00,1659,4670816,2276.0,4107867,97.0,333565.0,1756,5004381,2373,4441432,4032,9112171
2022-02-13 15:00:00,738,4671554,1085.0,4108952,17.0,333582.0,755,5005136,1102,4442534,1840,9114011
2022-02-14 15:00:00,1467,4673021,2237.0,4111189,65.0,333647.0,1532,5006668,2302,4444836,3769,9117780
2022-02-15 15:00:00,1936,4674957,2446.0,4113635,47.0,333694.0,1983,5008651,2493,4447329,4429,9122209
2022-02-16 15:00:00,1672,4676629,2416.0,4116051,52.0,333746.0,1724,5010375,2468,4449797,4140,9126349
2022-02-17 15:00:00,16829,4693458,12970.0,4129021,483.0,334229.0,17312,5027687,13453,4463250,30282,9156631
2022-02-18 15:00:00,1905,4695363,2462.0,4131483,46.0,334275.0,1951,5029638,2508,4465758,4413,9161044
2022-02-19 15:00:00,1174,4696537,1601.0,4133084,39.0,334314.0,1213,5030851,1640,4467398,2814,9163858
2022-02-20 15:00:00,671,4697208,775.0,4133859,13.0,334327.0,684,5031535,788,4468186,1459,9165317
2022-02-21 15:00:00,617,4697825,838.0,4134697,24.0,334351.0,641,5032176,862,4469048,1479,9166796
