VACCINATION_DATE,FirstDailyDose,FirstDoseCumulative,SecondDailyDose,SecondDoseCumulative,SingleDailyDose,SingleDoseCumulative,AtleastOneVaccine,AtleastOneVaccineCumulative,CompletedVax,CompletedVaxCumulative,FirstSecondSingleVaccinations,FirstSecondSingleVaccinationsCumulative
2020-12-14 15:00:00,19,1352,,517,,,19,1352,0,517,19,1764
2020-12-15 15:00:00,59,1411,3.0,520,,,59,1411,3,520,62,1826
2020-12-16 15:00:00,589,2000,5.0,525,,,589,2000,5,525,594,2420
2020-12-17 15:00:00,1156,3156,5.0,530,,,1156,3156,5,530,1161,3581
2020-12-18 15:00:00,3013,6169,13.0,543,,,3013,6169,13,543,3026,6607
2020-12-19 15:00:00,930,7099,5.0,548,,,930,7099,5,548,935,7542
2020-12-20 15:00:00,362,7461,5.0,553,,,362,7461,5,553,367,7909
2020-12-21 15:00:00,3883,11344,26.0,579,,,3883,11344,26,579,3909,11818
2020-12-22 15:00:00,6318,17662,26.0,605,,,6318,17662,26,605,6344,18162
2020-12-23 15:00:00,5775,23437,35.0,640,,,5775,23437,35,640,5810,23972
2020-12-24 15:00:00,2722,26159,16.0,656,,,2722,26159,16,656,2738,26710
2020-12-25 15:00:00,1034,27193,4.0,660,,,1034,27193,4,660,1038,27748
2020-12-26 15:00:00,1882,29075,9.0,669,,,1882,29075,9,669,1891,29639
2020-12-27 15:00:00,1804,30879,10.0,679,,,1804,30879,10,679,1814,31453
2020-12-28 15:00:00,8980,39859,47.0,726,,,8980,39859,47,726,9027,40480
2020-12-29 15:00:00,10961,50820,50.0,776,,,10961,50820,50,776,11011,51491
2020-12-30 15:00:00,12489,63309,87.0,863,,,12489,63309,87,863,12576,64067
2020-12-31 15:00:00,7551,70860,45.0,908,,,7551,70860,45,908,7596,71663
2021-01-01 15:00:00,3212,74072,136.0,1044,,,3212,74072,136,1044,3348,75011
2021-01-02 15:00:00,3036,77108,34.0,1078,,,3036,77108,34,1078,3070,78081
2021-01-03 15:00:00,3404,80512,81.0,1159,,,3404,80512,81,1159,3485,81566
2021-01-04 15:00:00,13352,93864,331.0,1490,,,13352,93864,331,1490,13683,95249
2021-01-05 15:00:00,12471,106335,545.0,2035,,,12471,106335,545,2035,13016,108265
2021-01-06 15:00:00,15250,121585,860.0,2895,,,15250,121585,860,2895,16110,124375
2021-01-07 15:00:00,15025,136610,1766.0,4661,,,15025,136610,1766,4661,16791,141166
2021-01-08 15:00:00,24008,160618,2777.0,7438,,,24008,160618,2777,7438,26785,167951
2021-01-09 15:00:00,5167,165785,952.0,8390,,,5167,165785,952,8390,6119,174070
2021-01-10 15:00:00,2968,168753,382.0,8772,,,2968,168753,382,8772,3350,177420
2021-01-11 15:00:00,13719,182472,3468.0,12240,,,13719,182472,3468,12240,17187,194607
2021-01-12 15:00:00,17378,199850,5587.0,17827,,,17378,199850,5587,17827,22965,217572
2021-01-13 15:00:00,18605,218455,3912.0,21739,,,18605,218455,3912,21739,22517,240089
2021-01-14 15:00:00,17835,236290,1960.0,23699,,,17835,236290,1960,23699,19795,259884
2021-01-15 15:00:00,19464,255754,2025.0,25724,,,19464,255754,2025,25724,21489,281373
2021-01-16 15:00:00,5821,261575,1615.0,27339,,,5821,261575,1615,27339,7436,288809
2021-01-17 15:00:00,2119,263694,1478.0,28817,,,2119,263694,1478,28817,3597,292406
2021-01-18 15:00:00,7073,270767,3256.0,32073,,,7073,270767,3256,32073,10329,302735
2021-01-19 15:00:00,16941,287708,5400.0,37473,,,16941,287708,5400,37473,22341,325076
2021-01-20 15:00:00,21000,308708,5318.0,42791,,,21000,308708,5318,42791,26318,351394
2021-01-21 15:00:00,23795,332503,3837.0,46628,,,23795,332503,3837,46628,27632,379026
2021-01-22 15:00:00,28652,361155,3742.0,50370,,,28652,361155,3742,50370,32394,411420
2021-01-23 15:00:00,10112,371267,1938.0,52308,,,10112,371267,1938,52308,12050,423470
2021-01-24 15:00:00,3350,374617,1723.0,54031,,,3350,374617,1723,54031,5073,428543
2021-01-25 15:00:00,16299,390916,8597.0,62628,,,16299,390916,8597,62628,24896,453439
2021-01-26 15:00:00,17550,408466,8969.0,71597,,,17550,408466,8969,71597,26519,479958
2021-01-27 15:00:00,24432,432898,12543.0,84140,,,24432,432898,12543,84140,36975,516933
2021-01-28 15:00:00,22648,455546,9322.0,93462,,,22648,455546,9322,93462,31970,548903
2021-01-29 15:00:00,24771,480317,7922.0,101384,,,24771,480317,7922,101384,32693,581596
2021-01-30 15:00:00,17774,498091,2554.0,103938,,,17774,498091,2554,103938,20328,601924
2021-01-31 15:00:00,3762,501853,1362.0,105300,,,3762,501853,1362,105300,5124,607048
2021-02-01 15:00:00,8069,509922,5355.0,110655,,,8069,509922,5355,110655,13424,620472
2021-02-02 15:00:00,12487,522409,13821.0,124476,,,12487,522409,13821,124476,26308,646780
2021-02-03 15:00:00,18247,540656,18126.0,142602,,,18247,540656,18126,142602,36373,683153
2021-02-04 15:00:00,22110,562766,15777.0,158379,,,22110,562766,15777,158379,37887,721040
2021-02-05 15:00:00,20341,583107,17409.0,175788,,,20341,583107,17409,175788,37750,758790
2021-02-06 15:00:00,11321,594428,14465.0,190253,,,11321,594428,14465,190253,25786,784576
2021-02-07 15:00:00,5947,600375,1833.0,192086,,,5947,600375,1833,192086,7780,792356
2021-02-08 15:00:00,12971,613346,12917.0,205003,,,12971,613346,12917,205003,25888,818244
2021-02-09 15:00:00,16644,629990,13867.0,218870,,,16644,629990,13867,218870,30511,848755
2021-02-10 15:00:00,19281,649271,21225.0,240095,,,19281,649271,21225,240095,40506,889261
2021-02-11 15:00:00,22841,672112,17338.0,257433,,,22841,672112,17338,257433,40179,929440
2021-02-12 15:00:00,20386,692498,19614.0,277047,,,20386,692498,19614,277047,40000,969440
2021-02-13 15:00:00,11433,703931,6414.0,283461,,,11433,703931,6414,283461,17847,987287
2021-02-14 15:00:00,7110,711041,2120.0,285581,,,7110,711041,2120,285581,9230,996517
2021-02-15 15:00:00,11757,722798,13325.0,298906,,,11757,722798,13325,298906,25082,1021599
2021-02-16 15:00:00,16601,739399,21007.0,319913,,,16601,739399,21007,319913,37608,1059207
2021-02-17 15:00:00,20651,760050,26369.0,346282,,,20651,760050,26369,346282,47020,1106227
2021-02-18 15:00:00,3195,763245,4615.0,350897,,,3195,763245,4615,350897,7810,1114037
2021-02-19 15:00:00,10256,773501,19921.0,370818,,,10256,773501,19921,370818,30177,1144214
2021-02-20 15:00:00,10308,783809,20282.0,391100,,,10308,783809,20282,391100,30590,1174804
2021-02-21 15:00:00,6172,789981,7641.0,398741,,,6172,789981,7641,398741,13813,1188617
2021-02-22 15:00:00,8032,798013,15468.0,414209,,,8032,798013,15468,414209,23500,1212117
2021-02-23 15:00:00,15522,813535,15977.0,430186,,,15522,813535,15977,430186,31499,1243616
2021-02-24 15:00:00,17944,831479,24737.0,454923,,,17944,831479,24737,454923,42681,1286297
2021-02-25 15:00:00,20390,851869,26551.0,481474,,,20390,851869,26551,481474,46941,1333238
2021-02-26 15:00:00,26717,878586,26206.0,507680,,,26717,878586,26206,507680,52923,1386161
2021-02-27 15:00:00,16002,894588,11153.0,518833,,,16002,894588,11153,518833,27155,1413316
2021-02-28 15:00:00,15500,910088,4878.0,523711,,,15500,910088,4878,523711,20378,1433694
2021-03-01 15:00:00,26915,937003,12593.0,536304,,,26915,937003,12593,536304,39508,1473202
2021-03-02 15:00:00,23910,960913,13268.0,549572,33.0,33.0,23943,960946,13301,549605,37211,1510413
2021-03-03 15:00:00,30183,991096,18387.0,567959,187.0,220.0,30370,991316,18574,568179,48757,1559170
2021-03-04 15:00:00,30950,1022046,18187.0,586146,4068.0,4288.0,35018,1026334,22255,590434,53205,1612375
2021-03-05 15:00:00,30011,1052057,19709.0,605855,4909.0,9197.0,34920,1061254,24618,615052,54629,1667004
2021-03-06 15:00:00,18904,1070961,9502.0,615357,6007.0,15204.0,24911,1086165,15509,630561,34413,1701417
2021-03-07 15:00:00,12119,1083080,4854.0,620211,6613.0,21817.0,18732,1104897,11467,642028,23586,1725003
2021-03-08 15:00:00,25868,1108948,8838.0,629049,8275.0,30092.0,34143,1139040,17113,659141,42981,1767984
2021-03-09 15:00:00,26116,1135064,15466.0,644515,8347.0,38439.0,34463,1173503,23813,682954,49929,1817913
2021-03-10 15:00:00,29843,1164907,15987.0,660502,7941.0,46380.0,37784,1211287,23928,706882,53771,1871684
2021-03-11 15:00:00,35981,1200888,16394.0,676896,3981.0,50361.0,39962,1251249,20375,727257,56356,1928040
2021-03-12 15:00:00,36905,1237793,18082.0,694978,2924.0,53285.0,39829,1291078,21006,748263,57911,1985951
2021-03-13 15:00:00,22662,1260455,10275.0,705253,1626.0,54911.0,24288,1315366,11901,760164,34563,2020514
2021-03-14 15:00:00,17833,1278288,6715.0,711968,1004.0,55915.0,18837,1334203,7719,767883,25552,2046066
2021-03-15 15:00:00,29815,1308103,11295.0,723263,597.0,56512.0,30412,1364615,11892,779775,41707,2087773
2021-03-16 15:00:00,33410,1341513,13565.0,736828,769.0,57281.0,34179,1398794,14334,794109,47744,2135517
2021-03-17 15:00:00,37563,1379076,17042.0,753870,1181.0,58462.0,38744,1437538,18223,812332,55786,2191303
2021-03-18 15:00:00,41437,1420513,12636.0,766506,1348.0,59810.0,42785,1480323,13984,826316,55421,2246724
2021-03-19 15:00:00,38326,1458839,15420.0,781926,1039.0,60849.0,39365,1519688,16459,842775,54785,2301509
2021-03-20 15:00:00,24692,1483531,10154.0,792080,702.0,61551.0,25394,1545082,10856,853631,35548,2337057
2021-03-21 15:00:00,19170,1502701,7872.0,799952,336.0,61887.0,19506,1564588,8208,861839,27378,2364435
2021-03-22 15:00:00,32586,1535287,11471.0,811423,835.0,62722.0,33421,1598009,12306,874145,44892,2409327
2021-03-23 15:00:00,38417,1573704,17792.0,829215,1554.0,64276.0,39971,1637980,19346,893491,57763,2467090
2021-03-24 15:00:00,41071,1614775,21198.0,850413,1386.0,65662.0,42457,1680437,22584,916075,63655,2530745
2021-03-25 15:00:00,42868,1657643,21682.0,872095,2458.0,68120.0,45326,1725763,24140,940215,67008,2597753
2021-03-26 15:00:00,36345,1693988,26665.0,898760,2496.0,70616.0,38841,1764604,29161,969376,65506,2663259
2021-03-27 15:00:00,26460,1720448,17278.0,916038,2491.0,73107.0,28951,1793555,19769,989145,46229,2709488
2021-03-28 15:00:00,17007,1737455,12634.0,928672,1615.0,74722.0,18622,1812177,14249,1003394,31256,2740744
2021-03-29 15:00:00,29715,1767170,26271.0,954943,1140.0,75862.0,30855,1843032,27411,1030805,57126,2797870
2021-03-30 15:00:00,40045,1807215,28979.0,983922,1861.0,77723.0,41906,1884938,30840,1061645,70885,2868755
2021-03-31 15:00:00,41030,1848245,34675.0,1018597,5749.0,83472.0,46779,1931717,40424,1102069,81454,2950209
2021-04-01 15:00:00,42281,1890526,40978.0,1059575,5731.0,89203.0,48012,1979729,46709,1148778,88990,3039199
2021-04-02 15:00:00,34911,1925437,32653.0,1092228,6121.0,95324.0,41032,2020761,38774,1187552,73685,3112884
2021-04-03 15:00:00,21133,1946570,19182.0,1111410,4386.0,99710.0,25519,2046280,23568,1211120,44701,3157585
2021-04-04 15:00:00,8269,1954839,10183.0,1121593,967.0,100677.0,9236,2055516,11150,1222270,19419,3177004
2021-04-05 15:00:00,27938,1982777,28894.0,1150487,6656.0,107333.0,34594,2090110,35550,1257820,63488,3240492
2021-04-06 15:00:00,39760,2022537,30429.0,1180916,10487.0,117820.0,50247,2140357,40916,1298736,80676,3321168
2021-04-07 15:00:00,36069,2058606,34262.0,1215178,12982.0,130802.0,49051,2189408,47244,1345980,83313,3404481
2021-04-08 15:00:00,42293,2100899,36082.0,1251260,13865.0,144667.0,56158,2245566,49947,1395927,92240,3496721
2021-04-09 15:00:00,34044,2134943,36307.0,1287567,14522.0,159189.0,48566,2294132,50829,1446756,84873,3581594
2021-04-10 15:00:00,23460,2158403,23121.0,1310688,7642.0,166831.0,31102,2325234,30763,1477519,54223,3635817
2021-04-11 15:00:00,17560,2175963,13276.0,1323964,10121.0,176952.0,27681,2352915,23397,1500916,40957,3676774
2021-04-12 15:00:00,24597,2200560,33143.0,1357107,10896.0,187848.0,35493,2388408,44039,1544955,68636,3745410
2021-04-13 15:00:00,126182,2326742,91216.0,1448323,3292.0,191140.0,129474,2517882,94508,1639463,220690,3966100
2021-04-14 15:00:00,40706,2367448,37796.0,1486119,211.0,191351.0,40917,2558799,38007,1677470,78713,4044813
2021-04-15 15:00:00,41416,2408864,39516.0,1525635,174.0,191525.0,41590,2600389,39690,1717160,81106,4125919
2021-04-16 15:00:00,37146,2446010,38834.0,1564469,23.0,191548.0,37169,2637558,38857,1756017,76003,4201922
2021-04-17 15:00:00,32796,2478806,22016.0,1586485,12.0,191560.0,32808,2670366,22028,1778045,54824,4256746
2021-04-18 15:00:00,20069,2498875,16193.0,1602678,5.0,191565.0,20074,2690440,16198,1794243,36267,4293013
2021-04-19 15:00:00,29875,2528750,36536.0,1639214,61.0,191626.0,29936,2720376,36597,1830840,66472,4359485
2021-04-20 15:00:00,32924,2561674,44424.0,1683638,57.0,191683.0,32981,2753357,44481,1875321,77405,4436890
2021-04-21 15:00:00,39807,2601481,47030.0,1730668,26.0,191709.0,39833,2793190,47056,1922377,86863,4523753
2021-04-22 15:00:00,35832,2637313,42633.0,1773301,16.0,191725.0,35848,2829038,42649,1965026,78481,4602234
2021-04-23 15:00:00,33133,2670446,40117.0,1813418,14.0,191739.0,33147,2862185,40131,2005157,73264,4675498
2021-04-24 15:00:00,26407,2696853,27876.0,1841294,81.0,191820.0,26488,2888673,27957,2033114,54364,4729862
2021-04-25 15:00:00,20228,2717081,10960.0,1852254,31.0,191851.0,20259,2908932,10991,2044105,31219,4761081
2021-04-26 15:00:00,27408,2744489,32696.0,1884950,202.0,192053.0,27610,2936542,32898,2077003,60306,4821387
2021-04-27 15:00:00,26694,2771183,33054.0,1918004,1098.0,193151.0,27792,2964334,34152,2111155,60846,4882233
2021-04-28 15:00:00,28927,2800110,39510.0,1957514,1362.0,194513.0,30289,2994623,40872,2152027,69799,4952032
2021-04-29 15:00:00,27080,2827190,39700.0,1997214,1463.0,195976.0,28543,3023166,41163,2193190,68243,5020275
2021-04-30 15:00:00,28200,2855390,32249.0,2029463,1647.0,197623.0,29847,3053013,33896,2227086,62096,5082371
2021-05-01 15:00:00,20635,2876025,26643.0,2056106,1045.0,198668.0,21680,3074693,27688,2254774,48323,5130694
2021-05-02 15:00:00,10285,2886310,17035.0,2073141,822.0,199490.0,11107,3085800,17857,2272631,28142,5158836
2021-05-03 15:00:00,12755,2899065,28567.0,2101708,1915.0,201405.0,14670,3100470,30482,2303113,43237,5202073
2021-05-04 15:00:00,13565,2912630,38585.0,2140293,1737.0,203142.0,15302,3115772,40322,2343435,53887,5255960
2021-05-05 15:00:00,19324,2931954,37734.0,2178027,1921.0,205063.0,21245,3137017,39655,2383090,58979,5314939
2021-05-06 15:00:00,16915,2948869,40582.0,2218609,1720.0,206783.0,18635,3155652,42302,2425392,59217,5374156
2021-05-07 15:00:00,17581,2966450,36989.0,2255598,1957.0,208740.0,19538,3175190,38946,2464338,56527,5430683
2021-05-08 15:00:00,10787,2977237,31212.0,2286810,1291.0,210031.0,12078,3187268,32503,2496841,43290,5473973
2021-05-09 15:00:00,5078,2982315,12237.0,2299047,695.0,210726.0,5773,3193041,12932,2509773,18010,5491983
2021-05-10 15:00:00,8953,2991268,31044.0,2330091,1362.0,212088.0,10315,3203356,32406,2542179,41359,5533342
2021-05-11 15:00:00,12186,3003454,30266.0,2360357,1440.0,213528.0,13626,3216982,31706,2573885,43892,5577234
2021-05-12 15:00:00,13950,3017404,38579.0,2398936,1919.0,215447.0,15869,3232851,40498,2614383,54448,5631682
2021-05-13 15:00:00,21849,3039253,33464.0,2432400,1345.0,216792.0,23194,3256045,34809,2649192,56658,5688340
2021-05-14 15:00:00,24375,3063628,30024.0,2462424,1775.0,218567.0,26150,3282195,31799,2680991,56174,5744514
2021-05-15 15:00:00,21924,3085552,25104.0,2487528,1490.0,220057.0,23414,3305609,26594,2707585,48518,5793032
2021-05-16 15:00:00,9083,3094635,17579.0,2505107,1113.0,221170.0,10196,3315805,18692,2726277,27775,5820807
2021-05-17 15:00:00,16842,3111477,28384.0,2533491,1949.0,223119.0,18791,3334596,30333,2756610,47175,5867982
2021-05-18 15:00:00,21251,3132728,30668.0,2564159,1942.0,225061.0,23193,3357789,32610,2789220,53861,5921843
2021-05-19 15:00:00,27641,3160369,32408.0,2596567,1629.0,226690.0,29270,3387059,34037,2823257,61678,5983521
2021-05-20 15:00:00,20810,3181179,33243.0,2629810,1966.0,228656.0,22776,3409835,35209,2858466,56019,6039540
2021-05-21 15:00:00,19154,3200333,30329.0,2660139,1607.0,230263.0,20761,3430596,31936,2890402,51090,6090630
2021-05-22 15:00:00,16927,3217260,20670.0,2680809,1270.0,231533.0,18197,3448793,21940,2912342,38867,6129497
2021-05-23 15:00:00,8761,3226021,11435.0,2692244,964.0,232497.0,9725,3458518,12399,2924741,21160,6150657
2021-05-24 15:00:00,13559,3239580,17762.0,2710006,1473.0,233970.0,15032,3473550,19235,2943976,32794,6183451
2021-05-25 15:00:00,13065,3252645,18711.0,2728717,1329.0,235299.0,14394,3487944,20040,2964016,33105,6216556
2021-05-26 15:00:00,18304,3270949,19488.0,2748205,1511.0,236810.0,19815,3507759,20999,2985015,39303,6255859
2021-05-27 15:00:00,11684,3282633,18648.0,2766853,1116.0,237926.0,12800,3520559,19764,3004779,31448,6287307
2021-05-28 15:00:00,12408,3295041,19830.0,2786683,1400.0,239326.0,13808,3534367,21230,3026009,33638,6320945
2021-05-29 15:00:00,9543,3304584,11676.0,2798359,935.0,240261.0,10478,3544845,12611,3038620,22154,6343099
2021-05-30 15:00:00,4969,3309553,6424.0,2804783,595.0,240856.0,5564,3550409,7019,3045639,11988,6355087
2021-05-31 15:00:00,1777,3311330,3713.0,2808496,305.0,241161.0,2082,3552491,4018,3049657,5795,6360882
2021-06-01 15:00:00,9831,3321161,16415.0,2824911,1157.0,242318.0,10988,3563479,17572,3067229,27403,6388285
2021-06-02 15:00:00,10229,3331390,16803.0,2841714,959.0,243277.0,11188,3574667,17762,3084991,27991,6416276
2021-06-03 15:00:00,7898,3339288,21179.0,2862893,1086.0,244363.0,8984,3583651,22265,3107256,30163,6446439
2021-06-04 15:00:00,8175,3347463,22339.0,2885232,1120.0,245483.0,9295,3592946,23459,3130715,31634,6478073
2021-06-05 15:00:00,7005,3354468,19458.0,2904690,720.0,246203.0,7725,3600671,20178,3150893,27183,6505256
2021-06-06 15:00:00,3459,3357927,7239.0,2911929,423.0,246626.0,3882,3604553,7662,3158555,11121,6516377
2021-06-07 15:00:00,6857,3364784,15769.0,2927698,726.0,247352.0,7583,3612136,16495,3175050,23352,6539729
2021-06-08 15:00:00,6681,3371465,19710.0,2947408,830.0,248182.0,7511,3619647,20540,3195590,27221,6566950
2021-06-09 15:00:00,8201,3379666,23957.0,2971365,970.0,249152.0,9171,3628818,24927,3220517,33128,6600078
2021-06-10 15:00:00,7143,3386809,19125.0,2990490,895.0,250047.0,8038,3636856,20020,3240537,27163,6627241
2021-06-11 15:00:00,7480,3394289,17712.0,3008202,1125.0,251172.0,8605,3645461,18837,3259374,26317,6653558
2021-06-12 15:00:00,5233,3399522,14753.0,3022955,605.0,251777.0,5838,3651299,15358,3274732,20591,6674149
2021-06-13 15:00:00,1930,3401452,7566.0,3030521,427.0,252204.0,2357,3653656,7993,3282725,9923,6684072
2021-06-14 15:00:00,5659,3407111,11801.0,3042322,733.0,252937.0,6392,3660048,12534,3295259,18193,6702265
2021-06-15 15:00:00,5638,3412749,14330.0,3056652,873.0,253810.0,6511,3666559,15203,3310462,20841,6723106
2021-06-16 15:00:00,8753,3421502,21577.0,3078229,757.0,254567.0,9510,3676069,22334,3332796,31087,6754193
2021-06-17 15:00:00,6684,3428186,12358.0,3090587,720.0,255287.0,7404,3683473,13078,3345874,19762,6773955
2021-06-18 15:00:00,6833,3435019,12729.0,3103316,703.0,255990.0,7536,3691009,13432,3359306,20265,6794220
2021-06-19 15:00:00,4660,3439679,9365.0,3112681,614.0,256604.0,5274,3696283,9979,3369285,14639,6808859
2021-06-20 15:00:00,2505,3442184,5051.0,3117732,377.0,256981.0,2882,3699165,5428,3374713,7933,6816792
2021-06-21 15:00:00,5559,3447743,5330.0,3123062,635.0,257616.0,6194,3705359,5965,3380678,11524,6828316
2021-06-22 15:00:00,5344,3453087,9045.0,3132107,692.0,258308.0,6036,3711395,9737,3390415,15081,6843397
2021-06-23 15:00:00,6064,3459151,10315.0,3142422,646.0,258954.0,6710,3718105,10961,3401376,17025,6860422
2021-06-24 15:00:00,5934,3465085,8192.0,3150614,595.0,259549.0,6529,3724634,8787,3410163,14721,6875143
2021-06-25 15:00:00,5808,3470893,8653.0,3159267,620.0,260169.0,6428,3731062,9273,3419436,15081,6890224
2021-06-26 15:00:00,3701,3474594,6300.0,3165567,398.0,260567.0,4099,3735161,6698,3426134,10399,6900623
2021-06-27 15:00:00,2809,3477403,3519.0,3169086,185.0,260752.0,2994,3738155,3704,3429838,6513,6907136
2021-06-28 15:00:00,4914,3482317,6379.0,3175465,539.0,261291.0,5453,3743608,6918,3436756,11832,6918968
2021-06-29 15:00:00,5062,3487379,6466.0,3181931,520.0,261811.0,5582,3749190,6986,3443742,12048,6931016
2021-06-30 15:00:00,5614,3492993,7381.0,3189312,605.0,262416.0,6219,3755409,7986,3451728,13600,6944616
2021-07-01 15:00:00,5403,3498396,6963.0,3196275,499.0,262915.0,5902,3761311,7462,3459190,12865,6957481
2021-07-02 15:00:00,5285,3503681,6832.0,3203107,523.0,263438.0,5808,3767119,7355,3466545,12640,6970121
2021-07-03 15:00:00,3267,3506948,4060.0,3207167,264.0,263702.0,3531,3770650,4324,3470869,7591,6977712
2021-07-04 15:00:00,492,3507440,544.0,3207711,67.0,263769.0,559,3771209,611,3471480,1103,6978815
2021-07-05 15:00:00,3761,3511201,3951.0,3211662,287.0,264056.0,4048,3775257,4238,3475718,7999,6986814
2021-07-06 15:00:00,4491,3515692,6260.0,3217922,452.0,264508.0,4943,3780200,6712,3482430,11203,6998017
2021-07-07 15:00:00,4465,3520157,6406.0,3224328,482.0,264990.0,4947,3785147,6888,3489318,11353,7009370
2021-07-08 15:00:00,4834,3524991,6162.0,3230490,564.0,265554.0,5398,3790545,6726,3496044,11560,7020930
2021-07-09 15:00:00,5359,3530350,6654.0,3237144,572.0,266126.0,5931,3796476,7226,3503270,12585,7033515
2021-07-10 15:00:00,3526,3533876,4392.0,3241536,303.0,266429.0,3829,3800305,4695,3507965,8221,7041736
2021-07-11 15:00:00,2675,3536551,2564.0,3244100,225.0,266654.0,2900,3803205,2789,3510754,5464,7047200
2021-07-12 15:00:00,4410,3540961,5113.0,3249213,379.0,267033.0,4789,3807994,5492,3516246,9902,7057102
2021-07-13 15:00:00,4660,3545621,4714.0,3253927,366.0,267399.0,5026,3813020,5080,3521326,9740,7066842
2021-07-14 15:00:00,4616,3550237,5275.0,3259202,421.0,267820.0,5037,3818057,5696,3527022,10312,7077154
2021-07-15 15:00:00,4898,3555135,5013.0,3264215,358.0,268178.0,5256,3823313,5371,3532393,10269,7087423
2021-07-16 15:00:00,6276,3561411,5830.0,3270045,402.0,268580.0,6678,3829991,6232,3538625,12508,7099931
2021-07-17 15:00:00,3417,3564828,3548.0,3273593,300.0,268880.0,3717,3833708,3848,3542473,7265,7107196
2021-07-18 15:00:00,2310,3567138,2372.0,3275965,110.0,268990.0,2420,3836128,2482,3544955,4792,7111988
2021-07-19 15:00:00,5133,3572271,4609.0,3280574,381.0,269371.0,5514,3841642,4990,3549945,10123,7122111
2021-07-20 15:00:00,5323,3577594,4710.0,3285284,366.0,269737.0,5689,3847331,5076,3555021,10399,7132510
2021-07-21 15:00:00,5647,3583241,4932.0,3290216,416.0,270153.0,6063,3853394,5348,3560369,10995,7143505
2021-07-22 15:00:00,6018,3589259,4623.0,3294839,470.0,270623.0,6488,3859882,5093,3565462,11111,7154616
2021-07-23 15:00:00,6834,3596093,4834.0,3299673,497.0,271120.0,7331,3867213,5331,3570793,12165,7166781
2021-07-24 15:00:00,4276,3600369,3200.0,3302873,267.0,271387.0,4543,3871756,3467,3574260,7743,7174524
2021-07-25 15:00:00,3291,3603660,1111.0,3303984,139.0,271526.0,3430,3875186,1250,3575510,4541,7179065
2021-07-26 15:00:00,6205,3609865,3897.0,3307881,419.0,271945.0,6624,3881810,4316,3579826,10521,7189586
2021-07-27 15:00:00,6595,3616460,4276.0,3312157,457.0,272402.0,7052,3888862,4733,3584559,11328,7200914
2021-07-28 15:00:00,7071,3623531,4134.0,3316291,460.0,272862.0,7531,3896393,4594,3589153,11665,7212579
2021-07-29 15:00:00,7068,3630599,4295.0,3320586,419.0,273281.0,7487,3903880,4714,3593867,11782,7224361
2021-07-30 15:00:00,7805,3638404,4796.0,3325382,525.0,273806.0,8330,3912210,5321,3599188,13126,7237487
2021-07-31 15:00:00,4790,3643194,3069.0,3328451,273.0,274079.0,5063,3917273,3342,3602530,8132,7245619
2021-08-01 15:00:00,3873,3647067,2154.0,3330605,161.0,274240.0,4034,3921307,2315,3604845,6188,7251807
2021-08-02 15:00:00,7254,3654321,3835.0,3334440,340.0,274580.0,7594,3928901,4175,3609020,11429,7263236
2021-08-03 15:00:00,7254,3661575,4088.0,3338528,515.0,275095.0,7769,3936670,4603,3613623,11857,7275093
2021-08-04 15:00:00,7410,3668985,4103.0,3342631,532.0,275627.0,7942,3944612,4635,3618258,12045,7287138
2021-08-05 15:00:00,7930,3676915,4273.0,3346904,537.0,276164.0,8467,3953079,4810,3623068,12740,7299878
2021-08-06 15:00:00,8296,3685211,4713.0,3351617,454.0,276618.0,8750,3961829,5167,3628235,13463,7313341
2021-08-07 15:00:00,5273,3690484,2811.0,3354428,263.0,276881.0,5536,3967365,3074,3631309,8347,7321688
2021-08-08 15:00:00,3954,3694438,2050.0,3356478,143.0,277024.0,4097,3971462,2193,3633502,6147,7327835
2021-08-09 15:00:00,6926,3701364,4524.0,3361002,368.0,277392.0,7294,3978756,4892,3638394,11818,7339653
2021-08-10 15:00:00,7132,3708496,4452.0,3365454,338.0,277730.0,7470,3986226,4790,3643184,11922,7351575
2021-08-11 15:00:00,7052,3715548,4430.0,3369884,442.0,278172.0,7494,3993720,4872,3648056,11924,7363499
2021-08-12 15:00:00,8601,3724149,4724.0,3374608,445.0,278617.0,9046,4002766,5169,3653225,13770,7377269
2021-08-13 15:00:00,7139,3731288,5363.0,3379971,396.0,279013.0,7535,4010301,5759,3658984,12898,7390167
2021-08-14 15:00:00,4913,3736201,3339.0,3383310,285.0,279298.0,5198,4015499,3624,3662608,8537,7398704
2021-08-15 15:00:00,3324,3739525,2733.0,3386043,163.0,279461.0,3487,4018986,2896,3665504,6220,7404924
2021-08-16 15:00:00,5432,3744957,5089.0,3391132,353.0,279814.0,5785,4024771,5442,3670946,10874,7415798
2021-08-17 15:00:00,6809,3751766,5353.0,3396485,390.0,280204.0,7199,4031970,5743,3676689,12552,7428350
2021-08-18 15:00:00,6321,3758087,5492.0,3401977,479.0,280683.0,6800,4038770,5971,3682660,12292,7440642
2021-08-19 15:00:00,6208,3764295,5545.0,3407522,416.0,281099.0,6624,4045394,5961,3688621,12169,7452811
2021-08-20 15:00:00,6827,3771122,6538.0,3414060,401.0,281500.0,7228,4052622,6939,3695560,13766,7466577
2021-08-21 15:00:00,4321,3775443,3914.0,3417974,228.0,281728.0,4549,4057171,4142,3699702,8463,7475040
2021-08-22 15:00:00,3059,3778502,3169.0,3421143,110.0,281838.0,3169,4060340,3279,3702981,6338,7481378
2021-08-23 15:00:00,5984,3784486,6084.0,3427227,285.0,282123.0,6269,4066609,6369,3709350,12353,7493731
2021-08-24 15:00:00,6544,3791030,6047.0,3433274,424.0,282547.0,6968,4073577,6471,3715821,13015,7506746
2021-08-25 15:00:00,6713,3797743,6206.0,3439480,440.0,282987.0,7153,4080730,6646,3722467,13359,7520105
2021-08-26 15:00:00,6962,3804705,6642.0,3446122,428.0,283415.0,7390,4088120,7070,3729537,14032,7534137
2021-08-27 15:00:00,6826,3811531,7059.0,3453181,316.0,283731.0,7142,4095262,7375,3736912,14201,7548338
2021-08-28 15:00:00,6897,3818428,6507.0,3459688,324.0,284055.0,7221,4102483,6831,3743743,13728,7562066
2021-08-29 15:00:00,3731,3822159,3685.0,3463373,610.0,284665.0,4341,4106824,4295,3748038,8026,7570092
2021-08-30 15:00:00,5926,3828085,6114.0,3469487,960.0,285625.0,6886,4113710,7074,3755112,13000,7583092
2021-08-31 15:00:00,5896,3833981,6042.0,3475529,946.0,286571.0,6842,4120552,6988,3762100,12884,7595976
2021-09-01 15:00:00,5577,3839558,5640.0,3481169,915.0,287486.0,6492,4127044,6555,3768655,12132,7608108
2021-09-02 15:00:00,5530,3845088,5916.0,3487085,707.0,288193.0,6237,4133281,6623,3775278,12153,7620261
2021-09-03 15:00:00,5989,3851077,6915.0,3494000,973.0,289166.0,6962,4140243,7888,3783166,13877,7634138
2021-09-04 15:00:00,3725,3854802,4338.0,3498338,879.0,290045.0,4604,4144847,5217,3788383,8942,7643080
2021-09-05 15:00:00,2952,3857754,2807.0,3501145,106.0,290151.0,3058,4147905,2913,3791296,5865,7648945
2021-09-06 15:00:00,1059,3858813,1150.0,3502295,64.0,290215.0,1123,4149028,1214,3792510,2273,7651218
2021-09-07 15:00:00,5338,3864151,7292.0,3509587,2304.0,292519.0,7642,4156670,9596,3802106,14934,7666152
2021-09-08 15:00:00,4651,3868802,5468.0,3515055,364.0,292883.0,5015,4161685,5832,3807938,10483,7676635
2021-09-09 15:00:00,5010,3873812,5447.0,3520502,324.0,293207.0,5334,4167019,5771,3813709,10781,7687416
2021-09-10 15:00:00,6515,3880327,6646.0,3527148,1718.0,294925.0,8233,4175252,8364,3822073,14879,7702295
2021-09-11 15:00:00,4171,3884498,4328.0,3531476,666.0,295591.0,4837,4180089,4994,3827067,9165,7711460
2021-09-12 15:00:00,3168,3887666,3239.0,3534715,436.0,296027.0,3604,4183693,3675,3830742,6843,7718303
2021-09-13 15:00:00,4879,3892545,5051.0,3539766,346.0,296373.0,5225,4188918,5397,3836139,10276,7728579
2021-09-14 15:00:00,4765,3897310,5424.0,3545190,435.0,296808.0,5200,4194118,5859,3841998,10624,7739203
2021-09-15 15:00:00,5027,3902337,5860.0,3551050,389.0,297197.0,5416,4199534,6249,3848247,11276,7750479
2021-09-16 15:00:00,4798,3907135,5825.0,3556875,336.0,297533.0,5134,4204668,6161,3854408,10959,7761438
2021-09-17 15:00:00,5247,3912382,6573.0,3563448,343.0,297876.0,5590,4210258,6916,3861324,12163,7773601
2021-09-18 15:00:00,3803,3916185,4568.0,3568016,185.0,298061.0,3988,4214246,4753,3866077,8556,7782157
2021-09-19 15:00:00,2743,3918928,3161.0,3571177,75.0,298136.0,2818,4217064,3236,3869313,5979,7788136
2021-09-20 15:00:00,3750,3922678,4672.0,3575849,430.0,298566.0,4180,4221244,5102,3874415,8852,7796988
2021-09-21 15:00:00,4003,3926681,4995.0,3580844,326.0,298892.0,4329,4225573,5321,3879736,9324,7806312
2021-09-22 15:00:00,4194,3930875,4763.0,3585607,458.0,299350.0,4652,4230225,5221,3884957,9415,7815727
2021-09-23 15:00:00,4166,3935041,4726.0,3590333,492.0,299842.0,4658,4234883,5218,3890175,9384,7825111
2021-09-24 15:00:00,5068,3940109,5598.0,3595931,422.0,300264.0,5490,4240373,6020,3896195,11088,7836199
2021-09-25 15:00:00,3624,3943733,3628.0,3599559,385.0,300649.0,4009,4244382,4013,3900208,7637,7843836
2021-09-26 15:00:00,2359,3946092,2661.0,3602220,424.0,301073.0,2783,4247165,3085,3903293,5444,7849280
2021-09-27 15:00:00,4500,3950592,2700.0,3604920,509.0,301582.0,5009,4252174,3209,3906502,7709,7856989
2021-09-28 15:00:00,4398,3954990,4447.0,3609367,211.0,301793.0,4609,4256783,4658,3911160,9056,7866045
2021-09-29 15:00:00,4695,3959685,4508.0,3613875,919.0,302712.0,5614,4262397,5427,3916587,10122,7876167
2021-09-30 15:00:00,4886,3964571,4557.0,3618432,792.0,303504.0,5678,4268075,5349,3921936,10235,7886402
2021-10-01 15:00:00,5482,3970053,5317.0,3623749,782.0,304286.0,6264,4274339,6099,3928035,11581,7897983
2021-10-02 15:00:00,2935,3972988,2889.0,3626638,187.0,304473.0,3122,4277461,3076,3931111,6011,7903994
2021-10-03 15:00:00,2077,3975065,2374.0,3629012,86.0,304559.0,2163,4279624,2460,3933571,4537,7908531
2021-10-04 15:00:00,4019,3979084,3496.0,3632508,233.0,304792.0,4252,4283876,3729,3937300,7748,7916279
2021-10-05 15:00:00,3953,3983037,3658.0,3636166,207.0,304999.0,4160,4288036,3865,3941165,7818,7924097
2021-10-06 15:00:00,4025,3987062,3577.0,3639743,264.0,305263.0,4289,4292325,3841,3945006,7866,7931963
2021-10-07 15:00:00,4229,3991291,3621.0,3643364,331.0,305594.0,4560,4296885,3952,3948958,8181,7940144
2021-10-08 15:00:00,4775,3996066,4279.0,3647643,282.0,305876.0,5057,4301942,4561,3953519,9336,7949480
2021-10-09 15:00:00,2684,3998750,2675.0,3650318,270.0,306146.0,2954,4304896,2945,3956464,5629,7955109
2021-10-10 15:00:00,1864,4000614,1847.0,3652165,59.0,306205.0,1923,4306819,1906,3958370,3770,7958879
2021-10-11 15:00:00,4215,4004829,3332.0,3655497,249.0,306454.0,4464,4311283,3581,3961951,7796,7966675
2021-10-12 15:00:00,3591,4008420,3525.0,3659022,273.0,306727.0,3864,4315147,3798,3965749,7389,7974064
2021-10-13 15:00:00,3954,4012374,3456.0,3662478,346.0,307073.0,4300,4319447,3802,3969551,7756,7981820
2021-10-14 15:00:00,5163,4017537,5483.0,3667961,429.0,307502.0,5592,4325039,5912,3975463,11075,7992895
2021-10-15 15:00:00,4704,4022241,4586.0,3672547,347.0,307849.0,5051,4330090,4933,3980396,9637,8002532
2021-10-16 15:00:00,2494,4024735,2503.0,3675050,290.0,308139.0,2784,4332874,2793,3983189,5287,8007819
2021-10-17 15:00:00,1807,4026542,1775.0,3676825,55.0,308194.0,1862,4334736,1830,3985019,3637,8011456
2021-10-18 15:00:00,4282,4030824,3576.0,3680401,267.0,308461.0,4549,4339285,3843,3988862,8125,8019581
2021-10-19 15:00:00,4302,4035126,4026.0,3684427,222.0,308683.0,4524,4343809,4248,3993110,8550,8028131
2021-10-20 15:00:00,3526,4038652,3421.0,3687848,254.0,308937.0,3780,4347589,3675,3996785,7201,8035332
2021-10-21 15:00:00,3299,4041951,3260.0,3691108,290.0,309227.0,3589,4351178,3550,4000335,6849,8042181
2021-10-22 15:00:00,4680,4046631,4025.0,3695133,476.0,309703.0,5156,4356334,4501,4004836,9181,8051362
2021-10-23 15:00:00,2887,4049518,2115.0,3697248,321.0,310024.0,3208,4359542,2436,4007272,5323,8056685
2021-10-24 15:00:00,2060,4051578,1556.0,3698804,78.0,310102.0,2138,4361680,1634,4008906,3694,8060379
2021-10-25 15:00:00,4546,4056124,3074.0,3701878,316.0,310418.0,4862,4366542,3390,4012296,7936,8068315
2021-10-26 15:00:00,4511,4060635,3090.0,3704968,310.0,310728.0,4821,4371363,3400,4015696,7911,8076226
2021-10-27 15:00:00,4740,4065375,3344.0,3708312,429.0,311157.0,5169,4376532,3773,4019469,8513,8084739
2021-10-28 15:00:00,4549,4069924,3365.0,3711677,498.0,311655.0,5047,4381579,3863,4023332,8412,8093151
2021-10-29 15:00:00,4971,4074895,3915.0,3715592,393.0,312048.0,5364,4386943,4308,4027640,9279,8102430
2021-10-30 15:00:00,2630,4077525,1843.0,3717435,308.0,312356.0,2938,4389881,2151,4029791,4781,8107211
2021-10-31 15:00:00,1943,4079468,1517.0,3718952,93.0,312449.0,2036,4391917,1610,4031401,3553,8110764
2021-11-01 15:00:00,4694,4084162,3424.0,3722376,342.0,312791.0,5036,4396953,3766,4035167,8460,8119224
2021-11-02 15:00:00,4257,4088419,2949.0,3725325,406.0,313197.0,4663,4401616,3355,4038522,7612,8126836
2021-11-03 15:00:00,4668,4093087,3056.0,3728381,458.0,313655.0,5126,4406742,3514,4042036,8182,8135018
2021-11-04 15:00:00,6291,4099378,3360.0,3731741,512.0,314167.0,6803,4413545,3872,4045908,10163,8145181
2021-11-05 15:00:00,8225,4107603,3762.0,3735503,408.0,314575.0,8633,4422178,4170,4050078,12395,8157576
2021-11-06 15:00:00,10173,4117776,1977.0,3737480,305.0,314880.0,10478,4432656,2282,4052360,12455,8170031
2021-11-07 15:00:00,7720,4125496,1470.0,3738950,94.0,314974.0,7814,4440470,1564,4053924,9284,8179315
2021-11-08 15:00:00,11288,4136784,3040.0,3741990,379.0,315353.0,11667,4452137,3419,4057343,14707,8194022
2021-11-09 15:00:00,11753,4148537,2655.0,3744645,268.0,315621.0,12021,4464158,2923,4060266,14676,8208698
2021-11-10 15:00:00,12567,4161104,2763.0,3747408,337.0,315958.0,12904,4477062,3100,4063366,15667,8224365
2021-11-11 15:00:00,11347,4172451,2382.0,3749790,282.0,316240.0,11629,4488691,2664,4066030,14011,8238376
2021-11-12 15:00:00,12277,4184728,3352.0,3753142,547.0,316787.0,12824,4501515,3899,4069929,16176,8254552
2021-11-13 15:00:00,9780,4194508,1587.0,3754729,342.0,317129.0,10122,4511637,1929,4071858,11709,8266261
2021-11-14 15:00:00,3920,4198428,1129.0,3755858,121.0,317250.0,4041,4515678,1250,4073108,5170,8271431
2021-11-15 15:00:00,8604,4207032,2526.0,3758384,204.0,317454.0,8808,4524486,2730,4075838,11334,8282765
2021-11-16 15:00:00,9221,4216253,2491.0,3760875,255.0,317709.0,9476,4533962,2746,4078584,11967,8294732
2021-11-17 15:00:00,9387,4225640,2878.0,3763753,312.0,318021.0,9699,4543661,3190,4081774,12577,8307309
2021-11-18 15:00:00,9284,4234924,2629.0,3766382,480.0,318501.0,9764,4553425,3109,4084883,12393,8319702
2021-11-19 15:00:00,9790,4244714,2916.0,3769298,381.0,318882.0,10171,4563596,3297,4088180,13087,8332789
2021-11-20 15:00:00,10623,4255337,1608.0,3770906,455.0,319337.0,11078,4574674,2063,4090243,12686,8345475
2021-11-21 15:00:00,4347,4259684,1199.0,3772105,99.0,319436.0,4446,4579120,1298,4091541,5645,8351120
2021-11-22 15:00:00,9787,4269471,2490.0,3774595,292.0,319728.0,10079,4589199,2782,4094323,12569,8363689
2021-11-23 15:00:00,9167,4278638,2397.0,3776992,280.0,320008.0,9447,4598646,2677,4097000,11844,8375533
2021-11-24 15:00:00,8150,4286788,2445.0,3779437,215.0,320223.0,8365,4607011,2660,4099660,10810,8386343
2021-11-25 15:00:00,238,4287026,75.0,3779512,10.0,320233.0,248,4607259,85,4099745,323,8386666
2021-11-26 15:00:00,5657,4292683,3955.0,3783467,152.0,320385.0,5809,4613068,4107,4103852,9764,8396430
2021-11-27 15:00:00,3786,4296469,5449.0,3788916,134.0,320519.0,3920,4616988,5583,4109435,9369,8405799
2021-11-28 15:00:00,2418,4298887,6379.0,3795295,77.0,320596.0,2495,4619483,6456,4115891,8874,8414673
2021-11-29 15:00:00,6366,4305253,9262.0,3804557,379.0,320975.0,6745,4626228,9641,4125532,16007,8430680
2021-11-30 15:00:00,6240,4311493,9271.0,3813828,264.0,321239.0,6504,4632732,9535,4135067,15775,8446455
2021-12-01 15:00:00,7246,4318739,9623.0,3823451,305.0,321544.0,7551,4640283,9928,4144995,17174,8463629
2021-12-02 15:00:00,6898,4325637,8716.0,3832167,450.0,321994.0,7348,4647631,9166,4154161,16064,8479693
2021-12-03 15:00:00,7580,4333217,9229.0,3841396,250.0,322244.0,7830,4655461,9479,4163640,17059,8496752
2021-12-04 15:00:00,5953,4339170,9864.0,3851260,465.0,322709.0,6418,4661879,10329,4173969,16282,8513034
2021-12-05 15:00:00,3463,4342633,3277.0,3854537,77.0,322786.0,3540,4665419,3354,4177323,6817,8519851
2021-12-06 15:00:00,6740,4349373,7081.0,3861618,276.0,323062.0,7016,4672435,7357,4184680,14097,8533948
2021-12-07 15:00:00,6396,4355769,6995.0,3868613,249.0,323311.0,6645,4679080,7244,4191924,13640,8547588
2021-12-08 15:00:00,6916,4362685,7364.0,3875977,315.0,323626.0,7231,4686311,7679,4199603,14595,8562183
2021-12-09 15:00:00,6509,4369194,6955.0,3882932,396.0,324022.0,6905,4693216,7351,4206954,13860,8576043
2021-12-10 15:00:00,7232,4376426,7302.0,3890234,228.0,324250.0,7460,4700676,7530,4214484,14762,8590805
2021-12-11 15:00:00,4451,4380877,7632.0,3897866,333.0,324583.0,4784,4705460,7965,4222449,12416,8603221
2021-12-12 15:00:00,3991,4384868,2782.0,3900648,60.0,324643.0,4051,4709511,2842,4225291,6833,8610054
2021-12-13 15:00:00,5693,4390561,5738.0,3906386,243.0,324886.0,5936,4715447,5981,4231272,11674,8621728
2021-12-14 15:00:00,6446,4397007,5894.0,3912280,214.0,325100.0,6660,4722107,6108,4237380,12554,8634282
2021-12-15 15:00:00,7119,4404126,5664.0,3917944,248.0,325348.0,7367,4729474,5912,4243292,13031,8647313
2021-12-16 15:00:00,7842,4411968,2803.0,3920747,422.0,325770.0,8264,4737738,3225,4246517,11067,8658380
2021-12-17 15:00:00,7781,4419749,4135.0,3924882,193.0,325963.0,7974,4745712,4328,4250845,12109,8670489
2021-12-18 15:00:00,5795,4425544,3172.0,3928054,298.0,326261.0,6093,4751805,3470,4254315,9265,8679754
2021-12-19 15:00:00,3383,4428927,1344.0,3929398,36.0,326297.0,3419,4755224,1380,4255695,4763,8684517
2021-12-20 15:00:00,8027,4436954,3720.0,3933118,173.0,326470.0,8200,4763424,3893,4259588,11920,8696437
2021-12-21 15:00:00,8948,4445902,4107.0,3937225,172.0,326642.0,9120,4772544,4279,4263867,13227,8709664
2021-12-22 15:00:00,8663,4454565,3830.0,3941055,172.0,326814.0,8835,4781379,4002,4267869,12665,8722329
2021-12-23 15:00:00,8363,4462928,3532.0,3944587,359.0,327173.0,8722,4790101,3891,4271760,12254,8734583
2021-12-24 15:00:00,1614,4464542,1001.0,3945588,39.0,327212.0,1653,4791754,1040,4272800,2654,8737237
2021-12-25 15:00:00,50,4464592,35.0,3945623,1.0,327213.0,51,4791805,36,4272836,86,8737323
2021-12-26 15:00:00,2517,4467109,1748.0,3947371,44.0,327257.0,2561,4794366,1792,4274628,4309,8741632
2021-12-27 15:00:00,7153,4474262,3967.0,3951338,295.0,327552.0,7448,4801814,4262,4278890,11415,8753047
2021-12-28 15:00:00,7837,4482099,3802.0,3955140,166.0,327718.0,8003,4809817,3968,4282858,11805,8764852
2021-12-29 15:00:00,8163,4490262,4004.0,3959144,155.0,327873.0,8318,4818135,4159,4287017,12322,8777174
2021-12-30 15:00:00,7445,4497707,3755.0,3962899,287.0,328160.0,7732,4825867,4042,4291059,11487,8788661
2021-12-31 15:00:00,2556,4500263,1518.0,3964417,92.0,328252.0,2648,4828515,1610,4292669,4166,8792827
2022-01-01 15:00:00,725,4500988,341.0,3964758,31.0,328283.0,756,4829271,372,4293041,1097,8793924
2022-01-02 15:00:00,2211,4503199,1642.0,3966400,45.0,328328.0,2256,4831527,1687,4294728,3898,8797822
2022-01-03 15:00:00,3379,4506578,2057.0,3968457,221.0,328549.0,3600,4835127,2278,4297006,5657,8803479
2022-01-04 15:00:00,5768,4512346,3423.0,3971880,162.0,328711.0,5930,4841057,3585,4300591,9353,8812832
2022-01-05 15:00:00,6780,4519126,4668.0,3976548,173.0,328884.0,6953,4848010,4841,4305432,11621,8824453
2022-01-06 15:00:00,6681,4525807,4755.0,3981303,260.0,329144.0,6941,4854951,5015,4310447,11696,8836149
2022-01-07 15:00:00,5882,4531689,3707.0,3985010,159.0,329303.0,6041,4860992,3866,4314313,9748,8845897
2022-01-08 15:00:00,4607,4536296,3833.0,3988843,73.0,329376.0,4680,4865672,3906,4318219,8513,8854410
2022-01-09 15:00:00,2752,4539048,2013.0,3990856,154.0,329530.0,2906,4868578,2167,4320386,4919,8859329
2022-01-10 15:00:00,6265,4545313,3792.0,3994648,155.0,329685.0,6420,4874998,3947,4324333,10212,8869541
2022-01-11 15:00:00,6497,4551810,4240.0,3998888,141.0,329826.0,6638,4881636,4381,4328714,10878,8880419
2022-01-12 15:00:00,6719,4558529,4410.0,4003298,222.0,330048.0,6941,4888577,4632,4333346,11351,8891770
2022-01-13 15:00:00,6505,4565034,4390.0,4007688,148.0,330196.0,6653,4895230,4538,4337884,11043,8902813
2022-01-14 15:00:00,7066,4572100,3204.0,4010892,250.0,330446.0,7316,4902546,3454,4341338,10520,8913333
2022-01-15 15:00:00,4103,4576203,1657.0,4012549,68.0,330514.0,4171,4906717,1725,4343063,5828,8919161
2022-01-16 15:00:00,2145,4578348,1297.0,4013846,116.0,330630.0,2261,4908978,1413,4344476,3558,8922719
2022-01-17 15:00:00,3571,4581919,2313.0,4016159,72.0,330702.0,3643,4912621,2385,4346861,5956,8928675
2022-01-18 15:00:00,5138,4587057,4082.0,4020241,98.0,330800.0,5236,4917857,4180,4351041,9318,8937993
2022-01-19 15:00:00,5133,4592190,4311.0,4024552,96.0,330896.0,5229,4923086,4407,4355448,9540,8947533
2022-01-20 15:00:00,4229,4596419,3415.0,4027967,174.0,331070.0,4403,4927489,3589,4359037,7818,8955351
2022-01-21 15:00:00,5124,4601543,2615.0,4030582,99.0,331169.0,5223,4932712,2714,4361751,7838,8963189
2022-01-22 15:00:00,1462,4603005,874.0,4031456,88.0,331257.0,1550,4934262,962,4362713,2424,8965613
