VACCINATION_DATE,FirstDailyDose,FirstDoseCumulative,SecondDailyDose,SecondDoseCumulative,SingleDailyDose,SingleDoseCumulative,AtleastOneVaccine,AtleastOneVaccineCumulative,CompletedVax,CompletedVaxCumulative,FirstSecondSingleVaccinations,FirstSecondSingleVaccinationsCumulative
2020-12-14 15:00:00,15,883,,359,,,15,883,0,359,15,1146
2020-12-15 15:00:00,42,925,2.0,361,,,42,925,2,361,44,1190
2020-12-16 15:00:00,568,1493,2.0,363,,,568,1493,2,363,570,1760
2020-12-17 15:00:00,1129,2622,2.0,365,,,1129,2622,2,365,1131,2891
2020-12-18 15:00:00,2996,5618,10.0,375,,,2996,5618,10,375,3006,5897
2020-12-19 15:00:00,919,6537,4.0,379,,,919,6537,4,379,923,6820
2020-12-20 15:00:00,323,6860,4.0,383,,,323,6860,4,383,327,7147
2020-12-21 15:00:00,3838,10698,17.0,400,,,3838,10698,17,400,3855,11002
2020-12-22 15:00:00,6312,17010,13.0,413,,,6312,17010,13,413,6325,17327
2020-12-23 15:00:00,5727,22737,26.0,439,,,5727,22737,26,439,5753,23080
2020-12-24 15:00:00,2707,25444,8.0,447,,,2707,25444,8,447,2715,25795
2020-12-25 15:00:00,1033,26477,3.0,450,,,1033,26477,3,450,1036,26831
2020-12-26 15:00:00,1862,28339,7.0,457,,,1862,28339,7,457,1869,28700
2020-12-27 15:00:00,1784,30123,9.0,466,,,1784,30123,9,466,1793,30493
2020-12-28 15:00:00,8921,39044,32.0,498,,,8921,39044,32,498,8953,39446
2020-12-29 15:00:00,10898,49942,33.0,531,,,10898,49942,33,531,10931,50377
2020-12-30 15:00:00,12426,62368,61.0,592,,,12426,62368,61,592,12487,62864
2020-12-31 15:00:00,7493,69861,31.0,623,,,7493,69861,31,623,7524,70388
2021-01-01 15:00:00,2371,72232,98.0,721,,,2371,72232,98,721,2469,72857
2021-01-02 15:00:00,2948,75180,32.0,753,,,2948,75180,32,753,2980,75837
2021-01-03 15:00:00,3354,78534,78.0,831,,,3354,78534,78,831,3432,79269
2021-01-04 15:00:00,13224,91758,303.0,1134,,,13224,91758,303,1134,13527,92796
2021-01-05 15:00:00,12353,104111,500.0,1634,,,12353,104111,500,1634,12853,105649
2021-01-06 15:00:00,15128,119239,818.0,2452,,,15128,119239,818,2452,15946,121595
2021-01-07 15:00:00,14926,134165,1710.0,4162,,,14926,134165,1710,4162,16636,138231
2021-01-08 15:00:00,23904,158069,2719.0,6881,,,23904,158069,2719,6881,26623,164854
2021-01-09 15:00:00,5109,163178,937.0,7818,,,5109,163178,937,7818,6046,170900
2021-01-10 15:00:00,2890,166068,364.0,8182,,,2890,166068,364,8182,3254,174154
2021-01-11 15:00:00,13643,179711,3393.0,11575,,,13643,179711,3393,11575,17036,191190
2021-01-12 15:00:00,17243,196954,5559.0,17134,,,17243,196954,5559,17134,22802,213992
2021-01-13 15:00:00,18460,215414,3846.0,20980,,,18460,215414,3846,20980,22306,236298
2021-01-14 15:00:00,17778,233192,1906.0,22886,,,17778,233192,1906,22886,19684,255982
2021-01-15 15:00:00,19419,252611,1937.0,24823,,,19419,252611,1937,24823,21356,277338
2021-01-16 15:00:00,5745,258356,1573.0,26396,,,5745,258356,1573,26396,7318,284656
2021-01-17 15:00:00,2088,260444,1460.0,27856,,,2088,260444,1460,27856,3548,288204
2021-01-18 15:00:00,7007,267451,3219.0,31075,,,7007,267451,3219,31075,10226,298430
2021-01-19 15:00:00,17119,284570,5304.0,36379,,,17119,284570,5304,36379,22423,320853
2021-01-20 15:00:00,21191,305761,5226.0,41605,,,21191,305761,5226,41605,26417,347270
2021-01-21 15:00:00,23759,329520,3654.0,45259,,,23759,329520,3654,45259,27413,374683
2021-01-22 15:00:00,28796,358316,3569.0,48828,,,28796,358316,3569,48828,32365,407048
2021-01-23 15:00:00,10016,368332,1889.0,50717,,,10016,368332,1889,50717,11905,418953
2021-01-24 15:00:00,3316,371648,1702.0,52419,,,3316,371648,1702,52419,5018,423971
2021-01-25 15:00:00,16586,388234,8479.0,60898,,,16586,388234,8479,60898,25065,449036
2021-01-26 15:00:00,17861,406095,8857.0,69755,,,17861,406095,8857,69755,26718,475754
2021-01-27 15:00:00,25012,431107,12358.0,82113,,,25012,431107,12358,82113,37370,513124
2021-01-28 15:00:00,23256,454363,9192.0,91305,,,23256,454363,9192,91305,32448,545572
2021-01-29 15:00:00,25484,479847,7775.0,99080,,,25484,479847,7775,99080,33259,578831
2021-01-30 15:00:00,18406,498253,2471.0,101551,,,18406,498253,2471,101551,20877,599708
2021-01-31 15:00:00,4111,502364,1289.0,102840,,,4111,502364,1289,102840,5400,605108
2021-02-01 15:00:00,7554,509918,4934.0,107774,,,7554,509918,4934,107774,12488,617596
2021-02-02 15:00:00,12767,522685,13685.0,121459,,,12767,522685,13685,121459,26452,644048
2021-02-03 15:00:00,18646,541331,18017.0,139476,,,18646,541331,18017,139476,36663,680711
2021-02-04 15:00:00,22424,563755,15690.0,155166,,,22424,563755,15690,155166,38114,718825
2021-02-05 15:00:00,20495,584250,17367.0,172533,,,20495,584250,17367,172533,37862,756687
2021-02-06 15:00:00,12095,596345,14384.0,186917,,,12095,596345,14384,186917,26479,783166
2021-02-07 15:00:00,5949,602294,1750.0,188667,,,5949,602294,1750,188667,7699,790865
2021-02-08 15:00:00,13262,615556,13062.0,201729,,,13262,615556,13062,201729,26324,817189
2021-02-09 15:00:00,16666,632222,13980.0,215709,,,16666,632222,13980,215709,30646,847835
2021-02-10 15:00:00,19247,651469,21358.0,237067,,,19247,651469,21358,237067,40605,888440
2021-02-11 15:00:00,22844,674313,17479.0,254546,,,22844,674313,17479,254546,40323,928763
2021-02-12 15:00:00,20361,694674,19819.0,274365,,,20361,694674,19819,274365,40180,968943
2021-02-13 15:00:00,11355,706029,6324.0,280689,,,11355,706029,6324,280689,17679,986622
2021-02-14 15:00:00,7070,713099,2060.0,282749,,,7070,713099,2060,282749,9130,995752
2021-02-15 15:00:00,11689,724788,13186.0,295935,,,11689,724788,13186,295935,24875,1020627
2021-02-16 15:00:00,16556,741344,21637.0,317572,,,16556,741344,21637,317572,38193,1058820
2021-02-17 15:00:00,20600,761944,27101.0,344673,,,20600,761944,27101,344673,47701,1106521
2021-02-18 15:00:00,3151,765095,4710.0,349383,,,3151,765095,4710,349383,7861,1114382
2021-02-19 15:00:00,10240,775335,20381.0,369764,,,10240,775335,20381,369764,30621,1145003
2021-02-20 15:00:00,10287,785622,20845.0,390609,,,10287,785622,20845,390609,31132,1176135
2021-02-21 15:00:00,6142,791764,7915.0,398524,,,6142,791764,7915,398524,14057,1190192
2021-02-22 15:00:00,8072,799836,15857.0,414381,,,8072,799836,15857,414381,23929,1214121
2021-02-23 15:00:00,15571,815407,16445.0,430826,,,15571,815407,16445,430826,32016,1246137
2021-02-24 15:00:00,17946,833353,25125.0,455951,,,17946,833353,25125,455951,43071,1289208
2021-02-25 15:00:00,20395,853748,26851.0,482802,,,20395,853748,26851,482802,47246,1336454
2021-02-26 15:00:00,26796,880544,26412.0,509214,,,26796,880544,26412,509214,53208,1389662
2021-02-27 15:00:00,16085,896629,11668.0,520882,,,16085,896629,11668,520882,27753,1417415
2021-02-28 15:00:00,15481,912110,4796.0,525678,,,15481,912110,4796,525678,20277,1437692
2021-03-01 15:00:00,25815,937925,12466.0,538144,,,25815,937925,12466,538144,38281,1475973
2021-03-02 15:00:00,23965,961890,13285.0,551429,29.0,29.0,23994,961919,13314,551458,37279,1513252
2021-03-03 15:00:00,30166,992056,18333.0,569762,171.0,200.0,30337,992256,18504,569962,48670,1561922
2021-03-04 15:00:00,31044,1023100,18088.0,587850,4059.0,4259.0,35103,1027359,22147,592109,53191,1615113
2021-03-05 15:00:00,29533,1052633,19335.0,607185,4904.0,9163.0,34437,1061796,24239,616348,53772,1668885
2021-03-06 15:00:00,17745,1070378,8893.0,616078,5986.0,15149.0,23731,1085527,14879,631227,32624,1701509
2021-03-07 15:00:00,12058,1082436,4782.0,620860,6610.0,21759.0,18668,1104195,11392,642619,23450,1724959
2021-03-08 15:00:00,26152,1108588,8721.0,629581,8286.0,30045.0,34438,1138633,17007,659626,43159,1768118
2021-03-09 15:00:00,26364,1134952,15351.0,644932,8342.0,38387.0,34706,1173339,23693,683319,50057,1818175
2021-03-10 15:00:00,30100,1165052,15866.0,660798,7939.0,46326.0,38039,1211378,23805,707124,53905,1872080
2021-03-11 15:00:00,36165,1201217,16356.0,677154,4035.0,50361.0,40200,1251578,20391,727515,56556,1928636
2021-03-12 15:00:00,37154,1238371,17971.0,695125,2916.0,53277.0,40070,1291648,20887,748402,58041,1986677
2021-03-13 15:00:00,22583,1260954,10189.0,705314,1598.0,54875.0,24181,1315829,11787,760189,34370,2021047
2021-03-14 15:00:00,17835,1278789,6644.0,711958,993.0,55868.0,18828,1334657,7637,767826,25472,2046519
2021-03-15 15:00:00,29960,1308749,11290.0,723248,595.0,56463.0,30555,1365212,11885,779711,41845,2088364
2021-03-16 15:00:00,33609,1342358,13509.0,736757,764.0,57227.0,34373,1399585,14273,793984,47882,2136246
2021-03-17 15:00:00,37727,1380085,16929.0,753686,1182.0,58409.0,38909,1438494,18111,812095,55838,2192084
2021-03-18 15:00:00,41459,1421544,12571.0,766257,1359.0,59768.0,42818,1481312,13930,826025,55389,2247473
2021-03-19 15:00:00,38278,1459822,15549.0,781806,1044.0,60812.0,39322,1520634,16593,842618,54871,2302344
2021-03-20 15:00:00,24506,1484328,9999.0,791805,1121.0,61933.0,25627,1546261,11120,853738,35626,2337970
2021-03-21 15:00:00,19119,1503447,7769.0,799574,327.0,62260.0,19446,1565707,8096,861834,27215,2365185
2021-03-22 15:00:00,32580,1536027,11593.0,811167,826.0,63086.0,33406,1599113,12419,874253,44999,2410184
2021-03-23 15:00:00,37791,1573818,17433.0,828600,1542.0,64628.0,39333,1638446,18975,893228,56766,2466950
2021-03-24 15:00:00,41161,1614979,21127.0,849727,1373.0,66001.0,42534,1680980,22500,915728,63661,2530611
2021-03-25 15:00:00,42463,1657442,20987.0,870714,2512.0,68513.0,44975,1725955,23499,939227,65962,2596573
2021-03-26 15:00:00,36608,1694050,26421.0,897135,2499.0,71012.0,39107,1765062,28920,968147,65528,2662101
2021-03-27 15:00:00,27839,1721889,16844.0,913979,2763.0,73775.0,30602,1795664,19607,987754,47446,2709547
2021-03-28 15:00:00,17011,1738900,12550.0,926529,1614.0,75389.0,18625,1814289,14164,1001918,31175,2740722
2021-03-29 15:00:00,29745,1768645,26478.0,953007,1134.0,76523.0,30879,1845168,27612,1029530,57357,2798079
2021-03-30 15:00:00,40062,1808707,29108.0,982115,1847.0,78370.0,41909,1887077,30955,1060485,71017,2869096
2021-03-31 15:00:00,41061,1849768,34817.0,1016932,5742.0,84112.0,46803,1933880,40559,1101044,81620,2950716
2021-04-01 15:00:00,40553,1890321,39669.0,1056601,5600.0,89712.0,46153,1980033,45269,1146313,85822,3036538
2021-04-02 15:00:00,34940,1925261,32684.0,1089285,6090.0,95802.0,41030,2021063,38774,1185087,73714,3110252
2021-04-03 15:00:00,21578,1946839,18609.0,1107894,4422.0,100224.0,26000,2047063,23031,1208118,44609,3154861
2021-04-04 15:00:00,8275,1955114,10129.0,1118023,958.0,101182.0,9233,2056296,11087,1219205,19362,3174223
2021-04-05 15:00:00,27949,1983063,29039.0,1147062,6636.0,107818.0,34585,2090881,35675,1254880,63624,3237847
2021-04-06 15:00:00,39883,2022946,30533.0,1177595,10471.0,118289.0,50354,2141235,41004,1295884,80887,3318734
2021-04-07 15:00:00,36162,2059108,34204.0,1211799,12944.0,131233.0,49106,2190341,47148,1343032,83310,3402044
2021-04-08 15:00:00,42419,2101527,36032.0,1247831,13858.0,145091.0,56277,2246618,49890,1392922,92309,3494353
2021-04-09 15:00:00,34110,2135637,36339.0,1284170,14491.0,159582.0,48601,2295219,50830,1443752,84940,3579293
2021-04-10 15:00:00,24003,2159640,22981.0,1307151,7613.0,167195.0,31616,2326835,30594,1474346,54597,3633890
2021-04-11 15:00:00,17551,2177191,13237.0,1320388,10623.0,177818.0,28174,2355009,23860,1498206,41411,3675301
2021-04-12 15:00:00,24687,2201878,33123.0,1353511,10930.0,188748.0,35617,2390626,44053,1542259,68740,3744041
2021-04-13 15:00:00,126926,2328804,90652.0,1444163,3292.0,192040.0,130218,2520844,93944,1636203,220870,3964911
2021-04-14 15:00:00,40825,2369629,37845.0,1482008,207.0,192247.0,41032,2561876,38052,1674255,78877,4043788
2021-04-15 15:00:00,41849,2411478,39198.0,1521206,169.0,192416.0,42018,2603894,39367,1713622,81216,4125004
2021-04-16 15:00:00,37368,2448846,38729.0,1559935,22.0,192438.0,37390,2641284,38751,1752373,76119,4201123
2021-04-17 15:00:00,32991,2481837,21919.0,1581854,12.0,192450.0,33003,2674287,21931,1774304,54922,4256045
2021-04-18 15:00:00,20015,2501852,16125.0,1597979,4.0,192454.0,20019,2694306,16129,1790433,36144,4292189
2021-04-19 15:00:00,29948,2531800,36513.0,1634492,61.0,192515.0,30009,2724315,36574,1827007,66522,4358711
2021-04-20 15:00:00,33105,2564905,44092.0,1678584,55.0,192570.0,33160,2757475,44147,1871154,77252,4435963
2021-04-21 15:00:00,39810,2604715,46844.0,1725428,21.0,192591.0,39831,2797306,46865,1918019,86675,4522638
2021-04-22 15:00:00,36407,2641122,41881.0,1767309,16.0,192607.0,36423,2833729,41897,1959916,78304,4600942
2021-04-23 15:00:00,33139,2674261,39954.0,1807263,12.0,192619.0,33151,2866880,39966,1999882,73105,4674047
2021-04-24 15:00:00,26358,2700619,28574.0,1835837,80.0,192699.0,26438,2893318,28654,2028536,55012,4729059
2021-04-25 15:00:00,20202,2720821,10887.0,1846724,30.0,192729.0,20232,2913550,10917,2039453,31119,4760178
2021-04-26 15:00:00,27409,2748230,32721.0,1879445,203.0,192932.0,27612,2941162,32924,2072377,60333,4820511
2021-04-27 15:00:00,26713,2774943,33000.0,1912445,1095.0,194027.0,27808,2968970,34095,2106472,60808,4881319
2021-04-28 15:00:00,28983,2803926,39478.0,1951923,1360.0,195387.0,30343,2999313,40838,2147310,69821,4951140
2021-04-29 15:00:00,27384,2831310,39397.0,1991320,1462.0,196849.0,28846,3028159,40859,2188169,68243,5019383
2021-04-30 15:00:00,28231,2859541,32086.0,2023406,1640.0,198489.0,29871,3058030,33726,2221895,61957,5081340
2021-05-01 15:00:00,20272,2879813,26633.0,2050039,1014.0,199503.0,21286,3079316,27647,2249542,47919,5129259
2021-05-02 15:00:00,10254,2890067,16983.0,2067022,818.0,200321.0,11072,3090388,17801,2267343,28055,5157314
2021-05-03 15:00:00,13062,2903129,29712.0,2096734,1914.0,202235.0,14976,3105364,31626,2298969,44688,5202002
2021-05-04 15:00:00,14213,2917342,39506.0,2136240,1732.0,203967.0,15945,3121309,41238,2340207,55451,5257453
2021-05-05 15:00:00,19320,2936662,37740.0,2173980,1917.0,205884.0,21237,3142546,39657,2379864,58977,5316430
2021-05-06 15:00:00,16977,2953639,40545.0,2214525,1711.0,207595.0,18688,3161234,42256,2422120,59233,5375663
2021-05-07 15:00:00,17402,2971041,36003.0,2250528,1952.0,209547.0,19354,3180588,37955,2460075,55357,5431020
2021-05-08 15:00:00,10778,2981819,31120.0,2281648,1292.0,210839.0,12070,3192658,32412,2492487,43190,5474210
2021-05-09 15:00:00,5059,2986878,11860.0,2293508,695.0,211534.0,5754,3198412,12555,2505042,17614,5491824
2021-05-10 15:00:00,8939,2995817,31098.0,2324606,1357.0,212891.0,10296,3208708,32455,2537497,41394,5533218
2021-05-11 15:00:00,12190,3008007,30273.0,2354879,1443.0,214334.0,13633,3222341,31716,2569213,43906,5577124
2021-05-12 15:00:00,13911,3021918,38530.0,2393409,1909.0,216243.0,15820,3238161,40439,2609652,54350,5631474
2021-05-13 15:00:00,21808,3043726,33372.0,2426781,1352.0,217595.0,23160,3261321,34724,2644376,56532,5688006
2021-05-14 15:00:00,24316,3068042,29950.0,2456731,1770.0,219365.0,26086,3287407,31720,2676096,56036,5744042
2021-05-15 15:00:00,21836,3089878,24995.0,2481726,1532.0,220897.0,23368,3310775,26527,2702623,48363,5792405
2021-05-16 15:00:00,9053,3098931,17504.0,2499230,1113.0,222010.0,10166,3320941,18617,2721240,27670,5820075
2021-05-17 15:00:00,16844,3115775,28353.0,2527583,1948.0,223958.0,18792,3339733,30301,2751541,47145,5867220
2021-05-18 15:00:00,21247,3137022,30672.0,2558255,1947.0,225905.0,23194,3362927,32619,2784160,53866,5921086
2021-05-19 15:00:00,27574,3164596,32358.0,2590613,1623.0,227528.0,29197,3392124,33981,2818141,61555,5982641
2021-05-20 15:00:00,20778,3185374,33254.0,2623867,1963.0,229491.0,22741,3414865,35217,2853358,55995,6038636
2021-05-21 15:00:00,19123,3204497,30220.0,2654087,1612.0,231103.0,20735,3435600,31832,2885190,50955,6089591
2021-05-22 15:00:00,16874,3221371,20594.0,2674681,1270.0,232373.0,18144,3453744,21864,2907054,38738,6128329
2021-05-23 15:00:00,8739,3230110,11404.0,2686085,960.0,233333.0,9699,3463443,12364,2919418,21103,6149432
2021-05-24 15:00:00,13453,3243563,17848.0,2703933,1480.0,234813.0,14933,3478376,19328,2938746,32781,6182213
2021-05-25 15:00:00,12884,3256447,18764.0,2722697,1328.0,236141.0,14212,3492588,20092,2958838,32976,6215189
2021-05-26 15:00:00,18256,3274703,19432.0,2742129,1508.0,237649.0,19764,3512352,20940,2979778,39196,6254385
2021-05-27 15:00:00,11674,3286377,18624.0,2760753,1132.0,238781.0,12806,3525158,19756,2999534,31430,6285815
2021-05-28 15:00:00,12472,3298849,19726.0,2780479,1400.0,240181.0,13872,3539030,21126,3020660,33598,6319413
2021-05-29 15:00:00,9533,3308382,11614.0,2792093,936.0,241117.0,10469,3549499,12550,3033210,22083,6341496
2021-05-30 15:00:00,4891,3313273,6468.0,2798561,596.0,241713.0,5487,3554986,7064,3040274,11955,6353451
2021-05-31 15:00:00,1770,3315043,3681.0,2802242,304.0,242017.0,2074,3557060,3985,3044259,5755,6359206
2021-06-01 15:00:00,9358,3324401,16561.0,2818803,1142.0,243159.0,10500,3567560,17703,3061962,27061,6386267
2021-06-02 15:00:00,10137,3334538,16798.0,2835601,959.0,244118.0,11096,3578656,17757,3079719,27894,6414161
2021-06-03 15:00:00,7891,3342429,21152.0,2856753,1083.0,245201.0,8974,3587630,22235,3101954,30126,6444287
2021-06-04 15:00:00,8212,3350641,22160.0,2878913,1124.0,246325.0,9336,3596966,23284,3125238,31496,6475783
2021-06-05 15:00:00,6988,3357629,19360.0,2898273,718.0,247043.0,7706,3604672,20078,3145316,27066,6502849
2021-06-06 15:00:00,3466,3361095,7175.0,2905448,420.0,247463.0,3886,3608558,7595,3152911,11061,6513910
2021-06-07 15:00:00,6822,3367917,15714.0,2921162,725.0,248188.0,7547,3616105,16439,3169350,23261,6537171
2021-06-08 15:00:00,6674,3374591,19684.0,2940846,816.0,249004.0,7490,3623595,20500,3189850,27174,6564345
2021-06-09 15:00:00,8199,3382790,23834.0,2964680,968.0,249972.0,9167,3632762,24802,3214652,33001,6597346
2021-06-10 15:00:00,7165,3389955,19066.0,2983746,897.0,250869.0,8062,3640824,19963,3234615,27128,6624474
2021-06-11 15:00:00,7434,3397389,17644.0,3001390,1124.0,251993.0,8558,3649382,18768,3253383,26202,6650676
2021-06-12 15:00:00,5234,3402623,14676.0,3016066,602.0,252595.0,5836,3655218,15278,3268661,20512,6671188
2021-06-13 15:00:00,1930,3404553,7549.0,3023615,426.0,253021.0,2356,3657574,7975,3276636,9905,6681093
2021-06-14 15:00:00,5652,3410205,11771.0,3035386,727.0,253748.0,6379,3663953,12498,3289134,18150,6699243
2021-06-15 15:00:00,5631,3415836,14299.0,3049685,859.0,254607.0,6490,3670443,15158,3304292,20789,6720032
2021-06-16 15:00:00,8709,3424545,21492.0,3071177,753.0,255360.0,9462,3679905,22245,3326537,30954,6750986
2021-06-17 15:00:00,6666,3431211,12353.0,3083530,720.0,256080.0,7386,3687291,13073,3339610,19739,6770725
2021-06-18 15:00:00,6831,3438042,12633.0,3096163,694.0,256774.0,7525,3694816,13327,3352937,20158,6790883
2021-06-19 15:00:00,4656,3442698,9339.0,3105502,614.0,257388.0,5270,3700086,9953,3362890,14609,6805492
2021-06-20 15:00:00,2497,3445195,5021.0,3110523,377.0,257765.0,2874,3702960,5398,3368288,7895,6813387
2021-06-21 15:00:00,5540,3450735,5301.0,3115824,634.0,258399.0,6174,3709134,5935,3374223,11475,6824862
2021-06-22 15:00:00,5193,3455928,8842.0,3124666,681.0,259080.0,5874,3715008,9523,3383746,14716,6839578
2021-06-23 15:00:00,6056,3461984,10260.0,3134926,641.0,259721.0,6697,3721705,10901,3394647,16957,6856535
2021-06-24 15:00:00,5920,3467904,8172.0,3143098,590.0,260311.0,6510,3728215,8762,3403409,14682,6871217
2021-06-25 15:00:00,5812,3473716,8596.0,3151694,620.0,260931.0,6432,3734647,9216,3412625,15028,6886245
2021-06-26 15:00:00,3701,3477417,6265.0,3157959,393.0,261324.0,4094,3738741,6658,3419283,10359,6896604
2021-06-27 15:00:00,2792,3480209,3529.0,3161488,182.0,261506.0,2974,3741715,3711,3422994,6503,6903107
2021-06-28 15:00:00,4722,3484931,6083.0,3167571,521.0,262027.0,5243,3746958,6604,3429598,11326,6914433
2021-06-29 15:00:00,5062,3489993,6484.0,3174055,517.0,262544.0,5579,3752537,7001,3436599,12063,6926496
2021-06-30 15:00:00,5585,3495578,7392.0,3181447,603.0,263147.0,6188,3758725,7995,3444594,13580,6940076
2021-07-01 15:00:00,5270,3500848,6907.0,3188354,487.0,263634.0,5757,3764482,7394,3451988,12664,6952740
2021-07-02 15:00:00,5256,3506104,6810.0,3195164,515.0,264149.0,5771,3770253,7325,3459313,12581,6965321
2021-07-03 15:00:00,3255,3509359,4061.0,3199225,260.0,264409.0,3515,3773768,4321,3463634,7576,6972897
2021-07-04 15:00:00,490,3509849,539.0,3199764,66.0,264475.0,556,3774324,605,3464239,1095,6973992
2021-07-05 15:00:00,3744,3513593,3955.0,3203719,279.0,264754.0,4023,3778347,4234,3468473,7978,6981970
2021-07-06 15:00:00,4458,3518051,6202.0,3209921,447.0,265201.0,4905,3783252,6649,3475122,11107,6993077
2021-07-07 15:00:00,4459,3522510,6346.0,3216267,478.0,265679.0,4937,3788189,6824,3481946,11283,7004360
2021-07-08 15:00:00,4815,3527325,6098.0,3222365,560.0,266239.0,5375,3793564,6658,3488604,11473,7015833
2021-07-09 15:00:00,5320,3532645,6605.0,3228970,570.0,266809.0,5890,3799454,7175,3495779,12495,7028328
2021-07-10 15:00:00,3508,3536153,4365.0,3233335,301.0,267110.0,3809,3803263,4666,3500445,8174,7036502
2021-07-11 15:00:00,2661,3538814,2546.0,3235881,222.0,267332.0,2883,3806146,2768,3503213,5429,7041931
2021-07-12 15:00:00,4395,3543209,5098.0,3240979,372.0,267704.0,4767,3810913,5470,3508683,9865,7051796
2021-07-13 15:00:00,4730,3547939,4570.0,3245549,359.0,268063.0,5089,3816002,4929,3513612,9659,7061455
2021-07-14 15:00:00,4594,3552533,5230.0,3250779,420.0,268483.0,5014,3821016,5650,3519262,10244,7071699
2021-07-15 15:00:00,4861,3557394,4956.0,3255735,356.0,268839.0,5217,3826233,5312,3524574,10173,7081872
2021-07-16 15:00:00,6260,3563654,5797.0,3261532,400.0,269239.0,6660,3832893,6197,3530771,12457,7094329
2021-07-17 15:00:00,3405,3567059,3547.0,3265079,299.0,269538.0,3704,3836597,3846,3534617,7251,7101580
2021-07-18 15:00:00,2298,3569357,2364.0,3267443,107.0,269645.0,2405,3839002,2471,3537088,4769,7106349
2021-07-19 15:00:00,5220,3574577,4457.0,3271900,372.0,270017.0,5592,3844594,4829,3541917,10049,7116398
2021-07-20 15:00:00,5321,3579898,4673.0,3276573,365.0,270382.0,5686,3850280,5038,3546955,10359,7126757
2021-07-21 15:00:00,5608,3585506,4916.0,3281489,411.0,270793.0,6019,3856299,5327,3552282,10935,7137692
2021-07-22 15:00:00,5983,3591489,4622.0,3286111,404.0,271197.0,6387,3862686,5026,3557308,11009,7148701
2021-07-23 15:00:00,6816,3598305,4851.0,3290962,484.0,271681.0,7300,3869986,5335,3562643,12151,7160852
2021-07-24 15:00:00,4269,3602574,3195.0,3294157,264.0,271945.0,4533,3874519,3459,3566102,7728,7168580
2021-07-25 15:00:00,3288,3605862,1120.0,3295277,138.0,272083.0,3426,3877945,1258,3567360,4546,7173126
2021-07-26 15:00:00,6185,3612047,3899.0,3299176,409.0,272492.0,6594,3884539,4308,3571668,10493,7183619
2021-07-27 15:00:00,6328,3618375,4057.0,3303233,450.0,272942.0,6778,3891317,4507,3576175,10835,7194454
2021-07-28 15:00:00,6775,3625150,4003.0,3307236,453.0,273395.0,7228,3898545,4456,3580631,11231,7205685
2021-07-29 15:00:00,6780,3631930,4143.0,3311379,409.0,273804.0,7189,3905734,4552,3585183,11332,7217017
2021-07-30 15:00:00,7491,3639421,4511.0,3315890,515.0,274319.0,8006,3913740,5026,3590209,12517,7229534
2021-07-31 15:00:00,4777,3644198,3038.0,3318928,270.0,274589.0,5047,3918787,3308,3593517,8085,7237619
2021-08-01 15:00:00,3730,3647928,2077.0,3321005,152.0,274741.0,3882,3922669,2229,3595746,5959,7243578
2021-08-02 15:00:00,6987,3654915,3652.0,3324657,332.0,275073.0,7319,3929988,3984,3599730,10971,7254549
2021-08-03 15:00:00,6957,3661872,3889.0,3328546,502.0,275575.0,7459,3937447,4391,3604121,11348,7265897
2021-08-04 15:00:00,7139,3669011,3892.0,3332438,525.0,276100.0,7664,3945111,4417,3608538,11556,7277453
2021-08-05 15:00:00,7620,3676631,4108.0,3336546,534.0,276634.0,8154,3953265,4642,3613180,12262,7289715
2021-08-06 15:00:00,8245,3684876,4696.0,3341242,444.0,277078.0,8689,3961954,5140,3618320,13385,7303100
2021-08-07 15:00:00,5230,3690106,2792.0,3344034,262.0,277340.0,5492,3967446,3054,3621374,8284,7311384
2021-08-08 15:00:00,3934,3694040,2044.0,3346078,140.0,277480.0,4074,3971520,2184,3623558,6118,7317502
2021-08-09 15:00:00,6898,3700938,4499.0,3350577,361.0,277841.0,7259,3978779,4860,3628418,11758,7329260
2021-08-10 15:00:00,7087,3708025,4435.0,3355012,333.0,278174.0,7420,3986199,4768,3633186,11855,7341115
2021-08-11 15:00:00,7010,3715035,4417.0,3359429,438.0,278612.0,7448,3993647,4855,3638041,11865,7352980
2021-08-12 15:00:00,8538,3723573,4687.0,3364116,437.0,279049.0,8975,4002622,5124,3643165,13662,7366642
2021-08-13 15:00:00,7074,3730647,5325.0,3369441,379.0,279428.0,7453,4010075,5704,3648869,12778,7379420
2021-08-14 15:00:00,4908,3735555,3333.0,3372774,281.0,279709.0,5189,4015264,3614,3652483,8522,7387942
2021-08-15 15:00:00,3313,3738868,2725.0,3375499,163.0,279872.0,3476,4018740,2888,3655371,6201,7394143
2021-08-16 15:00:00,5378,3744246,5051.0,3380550,346.0,280218.0,5724,4024464,5397,3660768,10775,7404918
2021-08-17 15:00:00,6903,3751149,5172.0,3385722,383.0,280601.0,7286,4031750,5555,3666323,12458,7417376
2021-08-18 15:00:00,6473,3757622,5267.0,3390989,459.0,281060.0,6932,4038682,5726,3672049,12199,7429575
2021-08-19 15:00:00,5951,3763573,5302.0,3396291,406.0,281466.0,6357,4045039,5708,3677757,11659,7441234
2021-08-20 15:00:00,6979,3770552,6291.0,3402582,399.0,281865.0,7378,4052417,6690,3684447,13669,7454903
2021-08-21 15:00:00,4302,3774854,3914.0,3406496,223.0,282088.0,4525,4056942,4137,3688584,8439,7463342
2021-08-22 15:00:00,3059,3777913,3148.0,3409644,108.0,282196.0,3167,4060109,3256,3691840,6315,7469657
2021-08-23 15:00:00,6137,3784050,5887.0,3415531,283.0,282479.0,6420,4066529,6170,3698010,12307,7481964
2021-08-24 15:00:00,6604,3790654,5826.0,3421357,422.0,282901.0,7026,4073555,6248,3704258,12852,7494816
2021-08-25 15:00:00,6847,3797501,5972.0,3427329,432.0,283333.0,7279,4080834,6404,3710662,13251,7508067
2021-08-26 15:00:00,7140,3804641,6375.0,3433704,423.0,283756.0,7563,4088397,6798,3717460,13938,7522005
2021-08-27 15:00:00,6812,3811453,6969.0,3440673,305.0,284061.0,7117,4095514,7274,3724734,14086,7536091
2021-08-28 15:00:00,6902,3818355,6459.0,3447132,324.0,284385.0,7226,4102740,6783,3731517,13685,7549776
2021-08-29 15:00:00,3746,3822101,3668.0,3450800,611.0,284996.0,4357,4107097,4279,3735796,8025,7557801
2021-08-30 15:00:00,5913,3828014,6063.0,3456863,945.0,285941.0,6858,4113955,7008,3742804,12921,7570722
2021-08-31 15:00:00,5660,3833674,5902.0,3462765,945.0,286886.0,6605,4120560,6847,3749651,12507,7583229
2021-09-01 15:00:00,5479,3839153,5541.0,3468306,870.0,287756.0,6349,4126909,6411,3756062,11890,7595119
2021-09-02 15:00:00,5507,3844660,5841.0,3474147,693.0,288449.0,6200,4133109,6534,3762596,12041,7607160
2021-09-03 15:00:00,5925,3850585,6844.0,3480991,966.0,289415.0,6891,4140000,7810,3770406,13735,7620895
2021-09-04 15:00:00,3692,3854277,4294.0,3485285,875.0,290290.0,4567,4144567,5169,3775575,8861,7629756
2021-09-05 15:00:00,2830,3857107,2779.0,3488064,105.0,290395.0,2935,4147502,2884,3778459,5714,7635470
2021-09-06 15:00:00,1043,3858150,1136.0,3489200,62.0,290457.0,1105,4148607,1198,3779657,2241,7637711
2021-09-07 15:00:00,5249,3863399,7197.0,3496397,2299.0,292756.0,7548,4156155,9496,3789153,14745,7652456
2021-09-08 15:00:00,4632,3868031,5410.0,3501807,365.0,293121.0,4997,4161152,5775,3794928,10407,7662863
2021-09-09 15:00:00,5026,3873057,5303.0,3507110,321.0,293442.0,5347,4166499,5624,3800552,10650,7673513
2021-09-10 15:00:00,6484,3879541,6528.0,3513638,1681.0,295123.0,8165,4174664,8209,3808761,14693,7688206
2021-09-11 15:00:00,4015,3883556,4312.0,3517950,652.0,295775.0,4667,4179331,4964,3813725,8979,7697185
2021-09-12 15:00:00,3049,3886605,3219.0,3521169,433.0,296208.0,3482,4182813,3652,3817377,6701,7703886
2021-09-13 15:00:00,4620,3891225,4795.0,3525964,340.0,296548.0,4960,4187773,5135,3822512,9755,7713641
2021-09-14 15:00:00,4532,3895757,5179.0,3531143,415.0,296963.0,4947,4192720,5594,3828106,10126,7723767
2021-09-15 15:00:00,4647,3900404,5543.0,3536686,382.0,297345.0,5029,4197749,5925,3834031,10572,7734339
2021-09-16 15:00:00,4532,3904936,5530.0,3542216,324.0,297669.0,4856,4202605,5854,3839885,10386,7744725
2021-09-17 15:00:00,4947,3909883,6237.0,3548453,331.0,298000.0,5278,4207883,6568,3846453,11515,7756240
2021-09-18 15:00:00,3722,3913605,4531.0,3552984,183.0,298183.0,3905,4211788,4714,3851167,8436,7764676
2021-09-19 15:00:00,2702,3916307,3136.0,3556120,75.0,298258.0,2777,4214565,3211,3854378,5913,7770589
2021-09-20 15:00:00,3495,3919802,4409.0,3560529,423.0,298681.0,3918,4218483,4832,3859210,8327,7778916
2021-09-21 15:00:00,3703,3923505,4667.0,3565196,315.0,298996.0,4018,4222501,4982,3864192,8685,7787601
2021-09-22 15:00:00,4088,3927593,4659.0,3569855,450.0,299446.0,4538,4227039,5109,3869301,9197,7796798
2021-09-23 15:00:00,4108,3931701,4627.0,3574482,484.0,299930.0,4592,4231631,5111,3874412,9219,7806017
2021-09-24 15:00:00,4961,3936662,5435.0,3579917,413.0,300343.0,5374,4237005,5848,3880260,10809,7816826
2021-09-25 15:00:00,3488,3940150,3566.0,3583483,384.0,300727.0,3872,4240877,3950,3884210,7438,7824264
2021-09-26 15:00:00,2264,3942414,2544.0,3586027,420.0,301147.0,2684,4243561,2964,3887174,5228,7829492
2021-09-27 15:00:00,4085,3946499,2384.0,3588411,495.0,301642.0,4580,4248141,2879,3890053,6964,7836456
2021-09-28 15:00:00,3959,3950458,3909.0,3592320,192.0,301834.0,4151,4252292,4101,3894154,8060,7844516
2021-09-29 15:00:00,4235,3954693,4091.0,3596411,884.0,302718.0,5119,4257411,4975,3899129,9210,7853726
2021-09-30 15:00:00,4376,3959069,4044.0,3600455,754.0,303472.0,5130,4262541,4798,3903927,9174,7862900
2021-10-01 15:00:00,4429,3963498,4403.0,3604858,673.0,304145.0,5102,4267643,5076,3909003,9505,7872405
2021-10-02 15:00:00,789,3964287,895.0,3605753,124.0,304269.0,913,4268556,1019,3910022,1808,7874213
