VACCINATION_DATE,FirstDailyDose,FirstDoseCumulative,SecondDailyDose,SecondDoseCumulative,SingleDailyDose,SingleDoseCumulative,AtleastOneVaccine,AtleastOneVaccineCumulative,CompletedVax,CompletedVaxCumulative,FirstSecondSingleVaccinations,FirstSecondSingleVaccinationsCumulative
2020-12-14 15:00:00,19,1427,,526,,,19,1427,0,526,19,1848
2020-12-15 15:00:00,61,1488,3.0,529,,,61,1488,3,529,64,1912
2020-12-16 15:00:00,596,2084,5.0,534,,,596,2084,5,534,601,2513
2020-12-17 15:00:00,1165,3249,8.0,542,,,1165,3249,8,542,1173,3686
2020-12-18 15:00:00,3026,6275,12.0,554,,,3026,6275,12,554,3038,6724
2020-12-19 15:00:00,929,7204,7.0,561,,,929,7204,7,561,936,7660
2020-12-20 15:00:00,365,7569,6.0,567,,,365,7569,6,567,371,8031
2020-12-21 15:00:00,3891,11460,27.0,594,,,3891,11460,27,594,3918,11949
2020-12-22 15:00:00,6324,17784,28.0,622,,,6324,17784,28,622,6352,18301
2020-12-23 15:00:00,5789,23573,37.0,659,,,5789,23573,37,659,5826,24127
2020-12-24 15:00:00,2729,26302,15.0,674,,,2729,26302,15,674,2744,26871
2020-12-25 15:00:00,1035,27337,4.0,678,,,1035,27337,4,678,1039,27910
2020-12-26 15:00:00,1883,29220,10.0,688,,,1883,29220,10,688,1893,29803
2020-12-27 15:00:00,1802,31022,12.0,700,,,1802,31022,12,700,1814,31617
2020-12-28 15:00:00,8986,40008,51.0,751,,,8986,40008,51,751,9037,40654
2020-12-29 15:00:00,10971,50979,53.0,804,,,10971,50979,53,804,11024,51678
2020-12-30 15:00:00,12497,63476,92.0,896,,,12497,63476,92,896,12589,64267
2020-12-31 15:00:00,7557,71033,47.0,943,,,7557,71033,47,943,7604,71871
2021-01-01 15:00:00,3327,74360,145.0,1088,,,3327,74360,145,1088,3472,75343
2021-01-02 15:00:00,3046,77406,34.0,1122,,,3046,77406,34,1122,3080,78423
2021-01-03 15:00:00,3412,80818,82.0,1204,,,3412,80818,82,1204,3494,81917
2021-01-04 15:00:00,13368,94186,336.0,1540,,,13368,94186,336,1540,13704,95621
2021-01-05 15:00:00,12489,106675,549.0,2089,,,12489,106675,549,2089,13038,108659
2021-01-06 15:00:00,15271,121946,867.0,2956,,,15271,121946,867,2956,16138,124797
2021-01-07 15:00:00,15046,136992,1778.0,4734,,,15046,136992,1778,4734,16824,141621
2021-01-08 15:00:00,24017,161009,2787.0,7521,,,24017,161009,2787,7521,26804,168425
2021-01-09 15:00:00,5177,166186,956.0,8477,,,5177,166186,956,8477,6133,174558
2021-01-10 15:00:00,2973,169159,386.0,8863,,,2973,169159,386,8863,3359,177917
2021-01-11 15:00:00,13736,182895,3475.0,12338,,,13736,182895,3475,12338,17211,195128
2021-01-12 15:00:00,17397,200292,5592.0,17930,,,17397,200292,5592,17930,22989,218117
2021-01-13 15:00:00,18627,218919,3933.0,21863,,,18627,218919,3933,21863,22560,240677
2021-01-14 15:00:00,17867,236786,1964.0,23827,,,17867,236786,1964,23827,19831,260508
2021-01-15 15:00:00,19490,256276,2032.0,25859,,,19490,256276,2032,25859,21522,282030
2021-01-16 15:00:00,5842,262118,1617.0,27476,,,5842,262118,1617,27476,7459,289489
2021-01-17 15:00:00,2125,264243,1480.0,28956,,,2125,264243,1480,28956,3605,293094
2021-01-18 15:00:00,7082,271325,3265.0,32221,,,7082,271325,3265,32221,10347,303441
2021-01-19 15:00:00,16958,288283,5409.0,37630,,,16958,288283,5409,37630,22367,325808
2021-01-20 15:00:00,21012,309295,5328.0,42958,,,21012,309295,5328,42958,26340,352148
2021-01-21 15:00:00,23819,333114,3854.0,46812,,,23819,333114,3854,46812,27673,379821
2021-01-22 15:00:00,28660,361774,3761.0,50573,,,28660,361774,3761,50573,32421,412242
2021-01-23 15:00:00,10127,371901,1945.0,52518,,,10127,371901,1945,52518,12072,424314
2021-01-24 15:00:00,3359,375260,1723.0,54241,,,3359,375260,1723,54241,5082,429396
2021-01-25 15:00:00,16311,391571,8609.0,62850,,,16311,391571,8609,62850,24920,454316
2021-01-26 15:00:00,17565,409136,8980.0,71830,,,17565,409136,8980,71830,26545,480861
2021-01-27 15:00:00,24438,433574,12563.0,84393,,,24438,433574,12563,84393,37001,517862
2021-01-28 15:00:00,22664,456238,9331.0,93724,,,22664,456238,9331,93724,31995,549857
2021-01-29 15:00:00,24787,481025,7931.0,101655,,,24787,481025,7931,101655,32718,582575
2021-01-30 15:00:00,17782,498807,2569.0,104224,,,17782,498807,2569,104224,20351,602926
2021-01-31 15:00:00,3765,502572,1372.0,105596,,,3765,502572,1372,105596,5137,608063
2021-02-01 15:00:00,8139,510711,5405.0,111001,,,8139,510711,5405,111001,13544,621607
2021-02-02 15:00:00,12514,523225,13832.0,124833,,,12514,523225,13832,124833,26346,647953
2021-02-03 15:00:00,18263,541488,18144.0,142977,,,18263,541488,18144,142977,36407,684360
2021-02-04 15:00:00,22139,563627,15801.0,158778,,,22139,563627,15801,158778,37940,722300
2021-02-05 15:00:00,20412,584039,17442.0,176220,,,20412,584039,17442,176220,37854,760154
2021-02-06 15:00:00,11375,595414,14535.0,190755,,,11375,595414,14535,190755,25910,786064
2021-02-07 15:00:00,5988,601402,1945.0,192700,,,5988,601402,1945,192700,7933,793997
2021-02-08 15:00:00,13011,614413,12980.0,205680,,,13011,614413,12980,205680,25991,819988
2021-02-09 15:00:00,16665,631078,13881.0,219561,,,16665,631078,13881,219561,30546,850534
2021-02-10 15:00:00,19322,650400,21316.0,240877,,,19322,650400,21316,240877,40638,891172
2021-02-11 15:00:00,22947,673347,17383.0,258260,,,22947,673347,17383,258260,40330,931502
2021-02-12 15:00:00,20427,693774,19672.0,277932,,,20427,693774,19672,277932,40099,971601
2021-02-13 15:00:00,11471,705245,6424.0,284356,,,11471,705245,6424,284356,17895,989496
2021-02-14 15:00:00,7121,712366,2137.0,286493,,,7121,712366,2137,286493,9258,998754
2021-02-15 15:00:00,11771,724137,13345.0,299838,,,11771,724137,13345,299838,25116,1023870
2021-02-16 15:00:00,16656,740793,21030.0,320868,,,16656,740793,21030,320868,37686,1061556
2021-02-17 15:00:00,20675,761468,26381.0,347249,,,20675,761468,26381,347249,47056,1108612
2021-02-18 15:00:00,3205,764673,4624.0,351873,,,3205,764673,4624,351873,7829,1116441
2021-02-19 15:00:00,10261,774934,19930.0,371803,,,10261,774934,19930,371803,30191,1146632
2021-02-20 15:00:00,10321,785255,20301.0,392104,,,10321,785255,20301,392104,30622,1177254
2021-02-21 15:00:00,6187,791442,7665.0,399769,,,6187,791442,7665,399769,13852,1191106
2021-02-22 15:00:00,8037,799479,15485.0,415254,,,8037,799479,15485,415254,23522,1214628
2021-02-23 15:00:00,15544,815023,15978.0,431232,,,15544,815023,15978,431232,31522,1246150
2021-02-24 15:00:00,18001,833024,24842.0,456074,,,18001,833024,24842,456074,42843,1288993
2021-02-25 15:00:00,20388,853412,26585.0,482659,,,20388,853412,26585,482659,46973,1335966
2021-02-26 15:00:00,26699,880111,26277.0,508936,,,26699,880111,26277,508936,52976,1388942
2021-02-27 15:00:00,16031,896142,11162.0,520098,,,16031,896142,11162,520098,27193,1416135
2021-02-28 15:00:00,15521,911663,4890.0,524988,,,15521,911663,4890,524988,20411,1436546
2021-03-01 15:00:00,27138,938801,12648.0,537636,,,27138,938801,12648,537636,39786,1476332
2021-03-02 15:00:00,23987,962788,13295.0,550931,36.0,36.0,24023,962824,13331,550967,37318,1513650
2021-03-03 15:00:00,30228,993016,18413.0,569344,190.0,226.0,30418,993242,18603,569570,48831,1562481
2021-03-04 15:00:00,31003,1024019,18247.0,587591,4068.0,4294.0,35071,1028313,22315,591885,53318,1615799
2021-03-05 15:00:00,30080,1054099,19761.0,607352,4909.0,9203.0,34989,1063302,24670,616555,54750,1670549
2021-03-06 15:00:00,18989,1073088,9535.0,616887,6009.0,15212.0,24998,1088300,15544,632099,34533,1705082
2021-03-07 15:00:00,12149,1085237,4928.0,621815,6610.0,21822.0,18759,1107059,11538,643637,23687,1728769
2021-03-08 15:00:00,25924,1111161,8860.0,630675,8274.0,30096.0,34198,1141257,17134,660771,43058,1771827
2021-03-09 15:00:00,26145,1137306,15492.0,646167,8342.0,38438.0,34487,1175744,23834,684605,49979,1821806
2021-03-10 15:00:00,29886,1167192,16045.0,662212,7937.0,46375.0,37823,1213567,23982,708587,53868,1875674
2021-03-11 15:00:00,36011,1203203,16417.0,678629,3982.0,50357.0,39993,1253560,20399,728986,56410,1932084
2021-03-12 15:00:00,36905,1240108,18145.0,696774,2929.0,53286.0,39834,1293394,21074,750060,57979,1990063
2021-03-13 15:00:00,22671,1262779,10331.0,707105,1629.0,54915.0,24300,1317694,11960,762020,34631,2024694
2021-03-14 15:00:00,17830,1280609,6737.0,713842,1008.0,55923.0,18838,1336532,7745,769765,25575,2050269
2021-03-15 15:00:00,29878,1310487,11357.0,725199,598.0,56521.0,30476,1367008,11955,781720,41833,2092102
2021-03-16 15:00:00,33475,1343962,13587.0,738786,770.0,57291.0,34245,1401253,14357,796077,47832,2139934
2021-03-17 15:00:00,37622,1381584,17078.0,755864,1181.0,58472.0,38803,1440056,18259,814336,55881,2195815
2021-03-18 15:00:00,41472,1423056,12685.0,768549,1354.0,59826.0,42826,1482882,14039,828375,55511,2251326
2021-03-19 15:00:00,38375,1461431,15435.0,783984,1045.0,60871.0,39420,1522302,16480,844855,54855,2306181
2021-03-20 15:00:00,24722,1486153,10228.0,794212,704.0,61575.0,25426,1547728,10932,855787,35654,2341835
2021-03-21 15:00:00,19187,1505340,7901.0,802113,339.0,61914.0,19526,1567254,8240,864027,27427,2369262
2021-03-22 15:00:00,32605,1537945,11503.0,813616,835.0,62749.0,33440,1600694,12338,876365,44943,2414205
2021-03-23 15:00:00,38407,1576352,17853.0,831469,1556.0,64305.0,39963,1640657,19409,895774,57816,2472021
2021-03-24 15:00:00,41083,1617435,21250.0,852719,1387.0,65692.0,42470,1683127,22637,918411,63720,2535741
2021-03-25 15:00:00,42904,1660339,21728.0,874447,2456.0,68148.0,45360,1728487,24184,942595,67088,2602829
2021-03-26 15:00:00,36375,1696714,26714.0,901161,2495.0,70643.0,38870,1767357,29209,971804,65584,2668413
2021-03-27 15:00:00,26470,1723184,17320.0,918481,2491.0,73134.0,28961,1796318,19811,991615,46281,2714694
2021-03-28 15:00:00,17010,1740194,12686.0,931167,1615.0,74749.0,18625,1814943,14301,1005916,31311,2746005
2021-03-29 15:00:00,29715,1769909,26386.0,957553,1142.0,75891.0,30857,1845800,27528,1033444,57243,2803248
2021-03-30 15:00:00,40057,1809966,29083.0,986636,1866.0,77757.0,41923,1887723,30949,1064393,71006,2874254
2021-03-31 15:00:00,41018,1850984,34742.0,1021378,5750.0,83507.0,46768,1934491,40492,1104885,81510,2955764
2021-04-01 15:00:00,42410,1893394,41135.0,1062513,5750.0,89257.0,48160,1982651,46885,1151770,89295,3045059
2021-04-02 15:00:00,34923,1928317,32731.0,1095244,6131.0,95388.0,41054,2023705,38862,1190632,73785,3118844
2021-04-03 15:00:00,21162,1949479,19231.0,1114475,4393.0,99781.0,25555,2049260,23624,1214256,44786,3163630
2021-04-04 15:00:00,8296,1957775,10220.0,1124695,967.0,100748.0,9263,2058523,11187,1225443,19483,3183113
2021-04-05 15:00:00,27950,1985725,28977.0,1153672,6661.0,107409.0,34611,2093134,35638,1261081,63588,3246701
2021-04-06 15:00:00,39796,2025521,30508.0,1184180,10502.0,117911.0,50298,2143432,41010,1302091,80806,3327507
2021-04-07 15:00:00,36103,2061624,34357.0,1218537,12997.0,130908.0,49100,2192532,47354,1349445,83457,3410964
2021-04-08 15:00:00,42358,2103982,36155.0,1254692,13871.0,144779.0,56229,2248761,50026,1399471,92384,3503348
2021-04-09 15:00:00,34069,2138051,36338.0,1291030,14533.0,159312.0,48602,2297363,50871,1450342,84940,3588288
2021-04-10 15:00:00,23472,2161523,23157.0,1314187,7642.0,166954.0,31114,2328477,30799,1481141,54271,3642559
2021-04-11 15:00:00,17581,2179104,13286.0,1327473,10124.0,177078.0,27705,2356182,23410,1504551,40991,3683550
2021-04-12 15:00:00,24581,2203685,33251.0,1360724,10904.0,187982.0,35485,2391667,44155,1548706,68736,3752286
2021-04-13 15:00:00,126151,2329836,91310.0,1452034,3293.0,191275.0,129444,2521111,94603,1643309,220754,3973040
2021-04-14 15:00:00,40725,2370561,37841.0,1489875,213.0,191488.0,40938,2562049,38054,1681363,78779,4051819
2021-04-15 15:00:00,41411,2411972,39571.0,1529446,176.0,191664.0,41587,2603636,39747,1721110,81158,4132977
2021-04-16 15:00:00,37144,2449116,38889.0,1568335,24.0,191688.0,37168,2640804,38913,1760023,76057,4209034
2021-04-17 15:00:00,32810,2481926,22036.0,1590371,13.0,191701.0,32823,2673627,22049,1782072,54859,4263893
2021-04-18 15:00:00,20065,2501991,16205.0,1606576,5.0,191706.0,20070,2693697,16210,1798282,36275,4300168
2021-04-19 15:00:00,29885,2531876,36565.0,1643141,61.0,191767.0,29946,2723643,36626,1834908,66511,4366679
2021-04-20 15:00:00,32932,2564808,44485.0,1687626,58.0,191825.0,32990,2756633,44543,1879451,77475,4444154
2021-04-21 15:00:00,39833,2604641,47077.0,1734703,26.0,191851.0,39859,2796492,47103,1926554,86936,4531090
2021-04-22 15:00:00,35853,2640494,42688.0,1777391,16.0,191867.0,35869,2832361,42704,1969258,78557,4609647
2021-04-23 15:00:00,33146,2673640,40167.0,1817558,14.0,191881.0,33160,2865521,40181,2009439,73327,4682974
2021-04-24 15:00:00,26413,2700053,27921.0,1845479,81.0,191962.0,26494,2892015,28002,2037441,54415,4737389
2021-04-25 15:00:00,20218,2720271,10994.0,1856473,31.0,191993.0,20249,2912264,11025,2048466,31243,4768632
2021-04-26 15:00:00,27386,2747657,32749.0,1889222,201.0,192194.0,27587,2939851,32950,2081416,60336,4828968
2021-04-27 15:00:00,26676,2774333,33097.0,1922319,1097.0,193291.0,27773,2967624,34194,2115610,60870,4889838
2021-04-28 15:00:00,28926,2803259,39558.0,1961877,1367.0,194658.0,30293,2997917,40925,2156535,69851,4959689
2021-04-29 15:00:00,27070,2830329,39769.0,2001646,1463.0,196121.0,28533,3026450,41232,2197767,68302,5027991
2021-04-30 15:00:00,28201,2858530,32300.0,2033946,1649.0,197770.0,29850,3056300,33949,2231716,62150,5090141
2021-05-01 15:00:00,20732,2879262,26732.0,2060678,1054.0,198824.0,21786,3078086,27786,2259502,48518,5138659
2021-05-02 15:00:00,10269,2889531,17071.0,2077749,822.0,199646.0,11091,3089177,17893,2277395,28162,5166821
2021-05-03 15:00:00,12731,2902262,28615.0,2106364,1917.0,201563.0,14648,3103825,30532,2307927,43263,5210084
2021-05-04 15:00:00,13562,2915824,38637.0,2145001,1741.0,203304.0,15303,3119128,40378,2348305,53940,5264024
2021-05-05 15:00:00,19320,2935144,37773.0,2182774,1921.0,205225.0,21241,3140369,39694,2387999,59014,5323038
2021-05-06 15:00:00,16924,2952068,40596.0,2223370,1721.0,206946.0,18645,3159014,42317,2430316,59241,5382279
2021-05-07 15:00:00,17584,2969652,37013.0,2260383,1959.0,208905.0,19543,3178557,38972,2469288,56556,5438835
2021-05-08 15:00:00,10796,2980448,31225.0,2291608,1291.0,210196.0,12087,3190644,32516,2501804,43312,5482147
2021-05-09 15:00:00,5077,2985525,12251.0,2303859,695.0,210891.0,5772,3196416,12946,2514750,18023,5500170
2021-05-10 15:00:00,8954,2994479,31054.0,2334913,1362.0,212253.0,10316,3206732,32416,2547166,41370,5541540
2021-05-11 15:00:00,12187,3006666,30290.0,2365203,1442.0,213695.0,13629,3220361,31732,2578898,43919,5585459
2021-05-12 15:00:00,13951,3020617,38633.0,2403836,1918.0,215613.0,15869,3236230,40551,2619449,54502,5639961
2021-05-13 15:00:00,21841,3042458,33517.0,2437353,1347.0,216960.0,23188,3259418,34864,2654313,56705,5696666
2021-05-14 15:00:00,24396,3066854,30061.0,2467414,1774.0,218734.0,26170,3285588,31835,2686148,56231,5752897
2021-05-15 15:00:00,21948,3088802,25114.0,2492528,1490.0,220224.0,23438,3309026,26604,2712752,48552,5801449
2021-05-16 15:00:00,9090,3097892,17586.0,2510114,1113.0,221337.0,10203,3319229,18699,2731451,27789,5829238
2021-05-17 15:00:00,16838,3114730,28414.0,2538528,1950.0,223287.0,18788,3338017,30364,2761815,47202,5876440
2021-05-18 15:00:00,21265,3135995,30694.0,2569222,1942.0,225229.0,23207,3361224,32636,2794451,53901,5930341
2021-05-19 15:00:00,27666,3163661,32436.0,2601658,1632.0,226861.0,29298,3390522,34068,2828519,61734,5992075
2021-05-20 15:00:00,20808,3184469,33280.0,2634938,1964.0,228825.0,22772,3413294,35244,2863763,56052,6048127
2021-05-21 15:00:00,19165,3203634,30360.0,2665298,1609.0,230434.0,20774,3434068,31969,2895732,51134,6099261
2021-05-22 15:00:00,16940,3220574,20698.0,2685996,1270.0,231704.0,18210,3452278,21968,2917700,38908,6138169
2021-05-23 15:00:00,8818,3229392,11451.0,2697447,965.0,232669.0,9783,3462061,12416,2930116,21234,6159403
2021-05-24 15:00:00,13570,3242962,17777.0,2715224,1473.0,234142.0,15043,3477104,19250,2949366,32820,6192223
2021-05-25 15:00:00,13074,3256036,18720.0,2733944,1329.0,235471.0,14403,3491507,20049,2969415,33123,6225346
2021-05-26 15:00:00,18312,3274348,19519.0,2753463,1512.0,236983.0,19824,3511331,21031,2990446,39343,6264689
2021-05-27 15:00:00,11688,3286036,18675.0,2772138,1116.0,238099.0,12804,3524135,19791,3010237,31479,6296168
2021-05-28 15:00:00,12417,3298453,19854.0,2791992,1402.0,239501.0,13819,3537954,21256,3031493,33673,6329841
2021-05-29 15:00:00,9517,3307970,11727.0,2803719,937.0,240438.0,10454,3548408,12664,3044157,22181,6352022
2021-05-30 15:00:00,4968,3312938,6437.0,2810156,596.0,241034.0,5564,3553972,7033,3051190,12001,6364023
2021-05-31 15:00:00,1779,3314717,3713.0,2813869,305.0,241339.0,2084,3556056,4018,3055208,5797,6369820
2021-06-01 15:00:00,9866,3324583,16459.0,2830328,1160.0,242499.0,11026,3567082,17619,3072827,27485,6397305
2021-06-02 15:00:00,10235,3334818,16822.0,2847150,961.0,243460.0,11196,3578278,17783,3090610,28018,6425323
2021-06-03 15:00:00,7897,3342715,21191.0,2868341,1087.0,244547.0,8984,3587262,22278,3112888,30175,6455498
2021-06-04 15:00:00,8198,3350913,22360.0,2890701,1120.0,245667.0,9318,3596580,23480,3136368,31678,6487176
2021-06-05 15:00:00,7000,3357913,19476.0,2910177,720.0,246387.0,7720,3604300,20196,3156564,27196,6514372
2021-06-06 15:00:00,3455,3361368,7255.0,2917432,424.0,246811.0,3879,3608179,7679,3164243,11134,6525506
2021-06-07 15:00:00,6860,3368228,15792.0,2933224,725.0,247536.0,7585,3615764,16517,3180760,23377,6548883
2021-06-08 15:00:00,6671,3374899,19734.0,2952958,830.0,248366.0,7501,3623265,20564,3201324,27235,6576118
2021-06-09 15:00:00,8201,3383100,23991.0,2976949,968.0,249334.0,9169,3632434,24959,3226283,33160,6609278
2021-06-10 15:00:00,7150,3390250,19142.0,2996091,895.0,250229.0,8045,3640479,20037,3246320,27187,6636465
2021-06-11 15:00:00,7489,3397739,17726.0,3013817,1125.0,251354.0,8614,3649093,18851,3265171,26340,6662805
2021-06-12 15:00:00,5244,3402983,14770.0,3028587,605.0,251959.0,5849,3654942,15375,3280546,20619,6683424
2021-06-13 15:00:00,1947,3404930,7634.0,3036221,427.0,252386.0,2374,3657316,8061,3288607,10008,6693432
2021-06-14 15:00:00,5656,3410586,11825.0,3048046,733.0,253119.0,6389,3663705,12558,3301165,18214,6711646
2021-06-15 15:00:00,5644,3416230,14344.0,3062390,873.0,253992.0,6517,3670222,15217,3316382,20861,6732507
2021-06-16 15:00:00,8756,3424986,21595.0,3083985,757.0,254749.0,9513,3679735,22352,3338734,31108,6763615
2021-06-17 15:00:00,6690,3431676,12366.0,3096351,720.0,255469.0,7410,3687145,13086,3351820,19776,6783391
2021-06-18 15:00:00,6835,3438511,12741.0,3109092,702.0,256171.0,7537,3694682,13443,3365263,20278,6803669
2021-06-19 15:00:00,4660,3443171,9385.0,3118477,615.0,256786.0,5275,3699957,10000,3375263,14660,6818329
2021-06-20 15:00:00,2503,3445674,5060.0,3123537,377.0,257163.0,2880,3702837,5437,3380700,7940,6826269
2021-06-21 15:00:00,5565,3451239,5339.0,3128876,635.0,257798.0,6200,3709037,5974,3386674,11539,6837808
2021-06-22 15:00:00,5345,3456584,9057.0,3137933,693.0,258491.0,6038,3715075,9750,3396424,15095,6852903
2021-06-23 15:00:00,6079,3462663,10340.0,3148273,646.0,259137.0,6725,3721800,10986,3407410,17065,6869968
2021-06-24 15:00:00,5938,3468601,8200.0,3156473,595.0,259732.0,6533,3728333,8795,3416205,14733,6884701
2021-06-25 15:00:00,5828,3474429,8668.0,3165141,620.0,260352.0,6448,3734781,9288,3425493,15116,6899817
2021-06-26 15:00:00,3706,3478135,6306.0,3171447,398.0,260750.0,4104,3738885,6704,3432197,10410,6910227
2021-06-27 15:00:00,2809,3480944,3525.0,3174972,185.0,260935.0,2994,3741879,3710,3435907,6519,6916746
2021-06-28 15:00:00,4922,3485866,6391.0,3181363,539.0,261474.0,5461,3747340,6930,3442837,11852,6928598
2021-06-29 15:00:00,5062,3490928,6481.0,3187844,523.0,261997.0,5585,3752925,7004,3449841,12066,6940664
2021-06-30 15:00:00,5627,3496555,7390.0,3195234,606.0,262603.0,6233,3759158,7996,3457837,13623,6954287
2021-07-01 15:00:00,5424,3501979,6992.0,3202226,504.0,263107.0,5928,3765086,7496,3465333,12920,6967207
2021-07-02 15:00:00,5295,3507274,6846.0,3209072,527.0,263634.0,5822,3770908,7373,3472706,12668,6979875
2021-07-03 15:00:00,3274,3510548,4069.0,3213141,264.0,263898.0,3538,3774446,4333,3477039,7607,6987482
2021-07-04 15:00:00,494,3511042,550.0,3213691,69.0,263967.0,563,3775009,619,3477658,1113,6988595
2021-07-05 15:00:00,3771,3514813,3954.0,3217645,287.0,264254.0,4058,3779067,4241,3481899,8012,6996607
2021-07-06 15:00:00,4497,3519310,6281.0,3223926,455.0,264709.0,4952,3784019,6736,3488635,11233,7007840
2021-07-07 15:00:00,4472,3523782,6414.0,3230340,483.0,265192.0,4955,3788974,6897,3495532,11369,7019209
2021-07-08 15:00:00,4839,3528621,6181.0,3236521,564.0,265756.0,5403,3794377,6745,3502277,11584,7030793
2021-07-09 15:00:00,5368,3533989,6673.0,3243194,573.0,266329.0,5941,3800318,7246,3509523,12614,7043407
2021-07-10 15:00:00,3522,3537511,4406.0,3247600,305.0,266634.0,3827,3804145,4711,3514234,8233,7051640
2021-07-11 15:00:00,2681,3540192,2574.0,3250174,226.0,266860.0,2907,3807052,2800,3517034,5481,7057121
2021-07-12 15:00:00,4425,3544617,5133.0,3255307,379.0,267239.0,4804,3811856,5512,3522546,9937,7067058
2021-07-13 15:00:00,4667,3549284,4724.0,3260031,366.0,267605.0,5033,3816889,5090,3527636,9757,7076815
2021-07-14 15:00:00,4625,3553909,5287.0,3265318,422.0,268027.0,5047,3821936,5709,3533345,10334,7087149
2021-07-15 15:00:00,4910,3558819,5017.0,3270335,358.0,268385.0,5268,3827204,5375,3538720,10285,7097434
2021-07-16 15:00:00,6275,3565094,5850.0,3276185,405.0,268790.0,6680,3833884,6255,3544975,12530,7109964
2021-07-17 15:00:00,3418,3568512,3551.0,3279736,303.0,269093.0,3721,3837605,3854,3548829,7272,7117236
2021-07-18 15:00:00,2311,3570823,2380.0,3282116,110.0,269203.0,2421,3840026,2490,3551319,4801,7122037
2021-07-19 15:00:00,5144,3575967,4613.0,3286729,383.0,269586.0,5527,3845553,4996,3556315,10140,7132177
2021-07-20 15:00:00,5338,3581305,4723.0,3291452,366.0,269952.0,5704,3851257,5089,3561404,10427,7142604
2021-07-21 15:00:00,5666,3586971,4951.0,3296403,416.0,270368.0,6082,3857339,5367,3566771,11033,7153637
2021-07-22 15:00:00,6034,3593005,4643.0,3301046,472.0,270840.0,6506,3863845,5115,3571886,11149,7164786
2021-07-23 15:00:00,6847,3599852,4849.0,3305895,498.0,271338.0,7345,3871190,5347,3577233,12194,7176980
2021-07-24 15:00:00,4283,3604135,3204.0,3309099,267.0,271605.0,4550,3875740,3471,3580704,7754,7184734
2021-07-25 15:00:00,3299,3607434,1121.0,3310220,140.0,271745.0,3439,3879179,1261,3581965,4560,7189294
2021-07-26 15:00:00,6219,3613653,3909.0,3314129,419.0,272164.0,6638,3885817,4328,3586293,10547,7199841
2021-07-27 15:00:00,6605,3620258,4289.0,3318418,458.0,272622.0,7063,3892880,4747,3591040,11352,7211193
2021-07-28 15:00:00,7090,3627348,4147.0,3322565,460.0,273082.0,7550,3900430,4607,3595647,11697,7222890
2021-07-29 15:00:00,7081,3634429,4304.0,3326869,419.0,273501.0,7500,3907930,4723,3600370,11804,7234694
2021-07-30 15:00:00,7823,3642252,4814.0,3331683,526.0,274027.0,8349,3916279,5340,3605710,13163,7247857
2021-07-31 15:00:00,4793,3647045,3084.0,3334767,274.0,274301.0,5067,3921346,3358,3609068,8151,7256008
2021-08-01 15:00:00,3895,3650940,2173.0,3336940,164.0,274465.0,4059,3925405,2337,3611405,6232,7262240
2021-08-02 15:00:00,7273,3658213,3848.0,3340788,341.0,274806.0,7614,3933019,4189,3615594,11462,7273702
2021-08-03 15:00:00,7269,3665482,4107.0,3344895,517.0,275323.0,7786,3940805,4624,3620218,11893,7285595
2021-08-04 15:00:00,7428,3672910,4124.0,3349019,536.0,275859.0,7964,3948769,4660,3624878,12088,7297683
2021-08-05 15:00:00,7948,3680858,4302.0,3353321,538.0,276397.0,8486,3957255,4840,3629718,12788,7310471
2021-08-06 15:00:00,8328,3689186,4739.0,3358060,454.0,276851.0,8782,3966037,5193,3634911,13521,7323992
2021-08-07 15:00:00,5301,3694487,2844.0,3360904,264.0,277115.0,5565,3971602,3108,3638019,8409,7332401
2021-08-08 15:00:00,3976,3698463,2064.0,3362968,144.0,277259.0,4120,3975722,2208,3640227,6184,7338585
2021-08-09 15:00:00,6957,3705420,4564.0,3367532,370.0,277629.0,7327,3983049,4934,3645161,11891,7350476
2021-08-10 15:00:00,7165,3712585,4482.0,3372014,339.0,277968.0,7504,3990553,4821,3649982,11986,7362462
2021-08-11 15:00:00,7081,3719666,4447.0,3376461,443.0,278411.0,7524,3998077,4890,3654872,11971,7374433
2021-08-12 15:00:00,8634,3728300,4758.0,3381219,445.0,278856.0,9079,4007156,5203,3660075,13837,7388270
2021-08-13 15:00:00,7152,3735452,5385.0,3386604,397.0,279253.0,7549,4014705,5782,3665857,12934,7401204
2021-08-14 15:00:00,4920,3740372,3345.0,3389949,285.0,279538.0,5205,4019910,3630,3669487,8550,7409754
2021-08-15 15:00:00,3328,3743700,2739.0,3392688,163.0,279701.0,3491,4023401,2902,3672389,6230,7415984
2021-08-16 15:00:00,5453,3749153,5096.0,3397784,354.0,280055.0,5807,4029208,5450,3677839,10903,7426887
2021-08-17 15:00:00,6820,3755973,5364.0,3403148,390.0,280445.0,7210,4036418,5754,3683593,12574,7439461
2021-08-18 15:00:00,6327,3762300,5511.0,3408659,481.0,280926.0,6808,4043226,5992,3689585,12319,7451780
2021-08-19 15:00:00,6215,3768515,5556.0,3414215,417.0,281343.0,6632,4049858,5973,3695558,12188,7463968
2021-08-20 15:00:00,6845,3775360,6554.0,3420769,401.0,281744.0,7246,4057104,6955,3702513,13800,7477768
2021-08-21 15:00:00,4336,3779696,3917.0,3424686,229.0,281973.0,4565,4061669,4146,3706659,8482,7486250
2021-08-22 15:00:00,3060,3782756,3170.0,3427856,110.0,282083.0,3170,4064839,3280,3709939,6340,7492590
2021-08-23 15:00:00,5995,3788751,6104.0,3433960,287.0,282370.0,6282,4071121,6391,3716330,12386,7504976
2021-08-24 15:00:00,6546,3795297,6067.0,3440027,425.0,282795.0,6971,4078092,6492,3722822,13038,7518014
2021-08-25 15:00:00,6721,3802018,6224.0,3446251,441.0,283236.0,7162,4085254,6665,3729487,13386,7531400
2021-08-26 15:00:00,6967,3808985,6657.0,3452908,428.0,283664.0,7395,4092649,7085,3736572,14052,7545452
2021-08-27 15:00:00,6830,3815815,7080.0,3459988,317.0,283981.0,7147,4099796,7397,3743969,14227,7559679
2021-08-28 15:00:00,6899,3822714,6525.0,3466513,326.0,284307.0,7225,4107021,6851,3750820,13750,7573429
2021-08-29 15:00:00,3733,3826447,3694.0,3470207,610.0,284917.0,4343,4111364,4304,3755124,8037,7581466
2021-08-30 15:00:00,5925,3832372,6129.0,3476336,960.0,285877.0,6885,4118249,7089,3762213,13014,7594480
2021-08-31 15:00:00,5901,3838273,6071.0,3482407,946.0,286823.0,6847,4125096,7017,3769230,12918,7607398
2021-09-01 15:00:00,5586,3843859,5692.0,3488099,915.0,287738.0,6501,4131597,6607,3775837,12193,7619591
2021-09-02 15:00:00,5535,3849394,5930.0,3494029,707.0,288445.0,6242,4137839,6637,3782474,12172,7631763
2021-09-03 15:00:00,5995,3855389,6934.0,3500963,973.0,289418.0,6968,4144807,7907,3790381,13902,7645665
2021-09-04 15:00:00,3731,3859120,4355.0,3505318,878.0,290296.0,4609,4149416,5233,3795614,8964,7654629
2021-09-05 15:00:00,2957,3862077,2812.0,3508130,106.0,290402.0,3063,4152479,2918,3798532,5875,7660504
2021-09-06 15:00:00,1060,3863137,1158.0,3509288,65.0,290467.0,1125,4153604,1223,3799755,2283,7662787
2021-09-07 15:00:00,5346,3868483,7305.0,3516593,2303.0,292770.0,7649,4161253,9608,3809363,14954,7677741
2021-09-08 15:00:00,4654,3873137,5479.0,3522072,364.0,293134.0,5018,4166271,5843,3815206,10497,7688238
2021-09-09 15:00:00,5017,3878154,5460.0,3527532,324.0,293458.0,5341,4171612,5784,3820990,10801,7699039
2021-09-10 15:00:00,6526,3884680,6663.0,3534195,1719.0,295177.0,8245,4179857,8382,3829372,14908,7713947
2021-09-11 15:00:00,4176,3888856,4341.0,3538536,666.0,295843.0,4842,4184699,5007,3834379,9183,7723130
2021-09-12 15:00:00,3172,3892028,3238.0,3541774,436.0,296279.0,3608,4188307,3674,3838053,6846,7729976
2021-09-13 15:00:00,4882,3896910,5068.0,3546842,346.0,296625.0,5228,4193535,5414,3843467,10296,7740272
2021-09-14 15:00:00,4775,3901685,5440.0,3552282,436.0,297061.0,5211,4198746,5876,3849343,10651,7750923
2021-09-15 15:00:00,5040,3906725,5871.0,3558153,392.0,297453.0,5432,4204178,6263,3855606,11303,7762226
2021-09-16 15:00:00,4810,3911535,5845.0,3563998,336.0,297789.0,5146,4209324,6181,3861787,10991,7773217
2021-09-17 15:00:00,5257,3916792,6583.0,3570581,344.0,298133.0,5601,4214925,6927,3868714,12184,7785401
2021-09-18 15:00:00,3803,3920595,4577.0,3575158,185.0,298318.0,3988,4218913,4762,3873476,8565,7793966
2021-09-19 15:00:00,2741,3923336,3167.0,3578325,75.0,298393.0,2816,4221729,3242,3876718,5983,7799949
2021-09-20 15:00:00,3753,3927089,4679.0,3583004,430.0,298823.0,4183,4225912,5109,3881827,8862,7808811
2021-09-21 15:00:00,3998,3931087,5003.0,3588007,327.0,299150.0,4325,4230237,5330,3887157,9328,7818139
2021-09-22 15:00:00,4196,3935283,4774.0,3592781,459.0,299609.0,4655,4234892,5233,3892390,9429,7827568
2021-09-23 15:00:00,4176,3939459,4729.0,3597510,492.0,300101.0,4668,4239560,5221,3897611,9397,7836965
2021-09-24 15:00:00,5078,3944537,5603.0,3603113,422.0,300523.0,5500,4245060,6025,3903636,11103,7848068
2021-09-25 15:00:00,3624,3948161,3629.0,3606742,384.0,300907.0,4008,4249068,4013,3907649,7637,7855705
2021-09-26 15:00:00,2352,3950513,2665.0,3609407,430.0,301337.0,2782,4251850,3095,3910744,5447,7861152
2021-09-27 15:00:00,4506,3955019,2710.0,3612117,512.0,301849.0,5018,4256868,3222,3913966,7728,7868880
2021-09-28 15:00:00,4397,3959416,4450.0,3616567,211.0,302060.0,4608,4261476,4661,3918627,9058,7877938
2021-09-29 15:00:00,4691,3964107,4505.0,3621072,920.0,302980.0,5611,4267087,5425,3924052,10116,7888054
2021-09-30 15:00:00,4886,3968993,4560.0,3625632,796.0,303776.0,5682,4272769,5356,3929408,10242,7898296
2021-10-01 15:00:00,5502,3974495,5340.0,3630972,785.0,304561.0,6287,4279056,6125,3935533,11627,7909923
2021-10-02 15:00:00,2935,3977430,2895.0,3633867,187.0,304748.0,3122,4282178,3082,3938615,6017,7915940
2021-10-03 15:00:00,2073,3979503,2377.0,3636244,86.0,304834.0,2159,4284337,2463,3941078,4536,7920476
2021-10-04 15:00:00,4024,3983527,3497.0,3639741,232.0,305066.0,4256,4288593,3729,3944807,7753,7928229
2021-10-05 15:00:00,3951,3987478,3659.0,3643400,207.0,305273.0,4158,4292751,3866,3948673,7817,7936046
2021-10-06 15:00:00,4021,3991499,3571.0,3646971,266.0,305539.0,4287,4297038,3837,3952510,7858,7943904
2021-10-07 15:00:00,4232,3995731,3622.0,3650593,331.0,305870.0,4563,4301601,3953,3956463,8185,7952089
2021-10-08 15:00:00,4771,4000502,4284.0,3654877,283.0,306153.0,5054,4306655,4567,3961030,9338,7961427
2021-10-09 15:00:00,2691,4003193,2678.0,3657555,270.0,306423.0,2961,4309616,2948,3963978,5639,7967066
2021-10-10 15:00:00,1861,4005054,1850.0,3659405,59.0,306482.0,1920,4311536,1909,3965887,3770,7970836
2021-10-11 15:00:00,4205,4009259,3315.0,3662720,249.0,306731.0,4454,4315990,3564,3969451,7769,7978605
2021-10-12 15:00:00,3598,4012857,3534.0,3666254,273.0,307004.0,3871,4319861,3807,3973258,7405,7986010
2021-10-13 15:00:00,3969,4016826,3456.0,3669710,346.0,307350.0,4315,4324176,3802,3977060,7771,7993781
2021-10-14 15:00:00,5159,4021985,5492.0,3675202,431.0,307781.0,5590,4329766,5923,3982983,11082,8004863
2021-10-15 15:00:00,4711,4026696,4594.0,3679796,347.0,308128.0,5058,4334824,4941,3987924,9652,8014515
2021-10-16 15:00:00,2494,4029190,2507.0,3682303,291.0,308419.0,2785,4337609,2798,3990722,5292,8019807
2021-10-17 15:00:00,1805,4030995,1774.0,3684077,55.0,308474.0,1860,4339469,1829,3992551,3634,8023441
2021-10-18 15:00:00,4275,4035270,3579.0,3687656,268.0,308742.0,4543,4344012,3847,3996398,8122,8031563
2021-10-19 15:00:00,4298,4039568,4000.0,3691656,223.0,308965.0,4521,4348533,4223,4000621,8521,8040084
2021-10-20 15:00:00,3530,4043098,3420.0,3695076,255.0,309220.0,3785,4352318,3675,4004296,7205,8047289
2021-10-21 15:00:00,3299,4046397,3271.0,3698347,291.0,309511.0,3590,4355908,3562,4007858,6861,8054150
2021-10-22 15:00:00,4678,4051075,4023.0,3702370,477.0,309988.0,5155,4361063,4500,4012358,9178,8063328
2021-10-23 15:00:00,2884,4053959,2108.0,3704478,321.0,310309.0,3205,4364268,2429,4014787,5313,8068641
2021-10-24 15:00:00,2056,4056015,1553.0,3706031,79.0,310388.0,2135,4366403,1632,4016419,3688,8072329
2021-10-25 15:00:00,4544,4060559,3068.0,3709099,320.0,310708.0,4864,4371267,3388,4019807,7932,8080261
2021-10-26 15:00:00,4511,4065070,3075.0,3712174,316.0,311024.0,4827,4376094,3391,4023198,7902,8088163
2021-10-27 15:00:00,4735,4069805,3336.0,3715510,436.0,311460.0,5171,4381265,3772,4026970,8507,8096670
2021-10-28 15:00:00,4559,4074364,3349.0,3718859,501.0,311961.0,5060,4386325,3850,4030820,8409,8105079
2021-10-29 15:00:00,4978,4079342,3912.0,3722771,394.0,312355.0,5372,4391697,4306,4035126,9284,8114363
2021-10-30 15:00:00,2631,4081973,1834.0,3724605,307.0,312662.0,2938,4394635,2141,4037267,4772,8119135
2021-10-31 15:00:00,1937,4083910,1519.0,3726124,93.0,312755.0,2030,4396665,1612,4038879,3549,8122684
2021-11-01 15:00:00,4713,4088623,3421.0,3729545,347.0,313102.0,5060,4401725,3768,4042647,8481,8131165
2021-11-02 15:00:00,4255,4092878,2938.0,3732483,408.0,313510.0,4663,4406388,3346,4045993,7601,8138766
2021-11-03 15:00:00,4668,4097546,3042.0,3735525,463.0,313973.0,5131,4411519,3505,4049498,8173,8146939
2021-11-04 15:00:00,6316,4103862,3364.0,3738889,513.0,314486.0,6829,4418348,3877,4053375,10193,8157132
2021-11-05 15:00:00,8237,4112099,3761.0,3742650,413.0,314899.0,8650,4426998,4174,4057549,12411,8169543
2021-11-06 15:00:00,10168,4122267,1965.0,3744615,308.0,315207.0,10476,4437474,2273,4059822,12441,8181984
2021-11-07 15:00:00,7712,4129979,1462.0,3746077,95.0,315302.0,7807,4445281,1557,4061379,9269,8191253
2021-11-08 15:00:00,11303,4141282,3041.0,3749118,379.0,315681.0,11682,4456963,3420,4064799,14723,8205976
2021-11-09 15:00:00,11761,4153043,2640.0,3751758,269.0,315950.0,12030,4468993,2909,4067708,14670,8220646
2021-11-10 15:00:00,12584,4165627,2748.0,3754506,339.0,316289.0,12923,4481916,3087,4070795,15671,8236317
2021-11-11 15:00:00,11373,4177000,2371.0,3756877,280.0,316569.0,11653,4493569,2651,4073446,14024,8250341
2021-11-12 15:00:00,12288,4189288,3347.0,3760224,548.0,317117.0,12836,4506405,3895,4077341,16183,8266524
2021-11-13 15:00:00,9893,4199181,1591.0,3761815,342.0,317459.0,10235,4516640,1933,4079274,11826,8278350
2021-11-14 15:00:00,3924,4203105,1112.0,3762927,121.0,317580.0,4045,4520685,1233,4080507,5157,8283507
2021-11-15 15:00:00,8626,4211731,2511.0,3765438,205.0,317785.0,8831,4529516,2716,4083223,11342,8294849
2021-11-16 15:00:00,9225,4220956,2506.0,3767944,255.0,318040.0,9480,4538996,2761,4085984,11986,8306835
2021-11-17 15:00:00,9394,4230350,2859.0,3770803,312.0,318352.0,9706,4548702,3171,4089155,12565,8319400
2021-11-18 15:00:00,9275,4239625,2622.0,3773425,481.0,318833.0,9756,4558458,3103,4092258,12378,8331778
2021-11-19 15:00:00,9802,4249427,2906.0,3776331,381.0,319214.0,10183,4568641,3287,4095545,13089,8344867
2021-11-20 15:00:00,10629,4260056,1601.0,3777932,455.0,319669.0,11084,4579725,2056,4097601,12685,8357552
2021-11-21 15:00:00,4342,4264398,1199.0,3779131,100.0,319769.0,4442,4584167,1299,4098900,5641,8363193
2021-11-22 15:00:00,9823,4274221,2479.0,3781610,293.0,320062.0,10116,4594283,2772,4101672,12595,8375788
2021-11-23 15:00:00,9207,4283428,2380.0,3783990,280.0,320342.0,9487,4603770,2660,4104332,11867,8387655
2021-11-24 15:00:00,8154,4291582,2437.0,3786427,216.0,320558.0,8370,4612140,2653,4106985,10807,8398462
2021-11-25 15:00:00,239,4291821,77.0,3786504,10.0,320568.0,249,4612389,87,4107072,326,8398788
2021-11-26 15:00:00,5652,4297473,3950.0,3790454,153.0,320721.0,5805,4618194,4103,4111175,9755,8408543
2021-11-27 15:00:00,3778,4301251,5476.0,3795930,134.0,320855.0,3912,4622106,5610,4116785,9388,8417931
2021-11-28 15:00:00,2412,4303663,6384.0,3802314,77.0,320932.0,2489,4624595,6461,4123246,8873,8426804
2021-11-29 15:00:00,6366,4310029,9280.0,3811594,379.0,321311.0,6745,4631340,9659,4132905,16025,8442829
2021-11-30 15:00:00,6251,4316280,9316.0,3820910,264.0,321575.0,6515,4637855,9580,4142485,15831,8458660
2021-12-01 15:00:00,7300,4323580,9714.0,3830624,308.0,321883.0,7608,4645463,10022,4152507,17322,8475982
2021-12-02 15:00:00,6913,4330493,8786.0,3839410,450.0,322333.0,7363,4652826,9236,4161743,16149,8492131
2021-12-03 15:00:00,7605,4338098,9253.0,3848663,249.0,322582.0,7854,4660680,9502,4171245,17107,8509238
2021-12-04 15:00:00,5948,4344046,10040.0,3858703,466.0,323048.0,6414,4667094,10506,4181751,16454,8525692
2021-12-05 15:00:00,3463,4347509,3284.0,3861987,78.0,323126.0,3541,4670635,3362,4185113,6825,8532517
2021-12-06 15:00:00,6745,4354254,7088.0,3869075,277.0,323403.0,7022,4677657,7365,4192478,14110,8546627
2021-12-07 15:00:00,6409,4360663,7029.0,3876104,249.0,323652.0,6658,4684315,7278,4199756,13687,8560314
2021-12-08 15:00:00,6929,4367592,7411.0,3883515,315.0,323967.0,7244,4691559,7726,4207482,14655,8574969
2021-12-09 15:00:00,6547,4374139,7024.0,3890539,398.0,324365.0,6945,4698504,7422,4214904,13969,8588938
2021-12-10 15:00:00,7286,4381425,7326.0,3897865,230.0,324595.0,7516,4706020,7556,4222460,14842,8603780
2021-12-11 15:00:00,4450,4385875,7667.0,3905532,333.0,324928.0,4783,4710803,8000,4230460,12450,8616230
2021-12-12 15:00:00,4000,4389875,2772.0,3908304,60.0,324988.0,4060,4714863,2832,4233292,6832,8623062
2021-12-13 15:00:00,5692,4395567,5761.0,3914065,243.0,325231.0,5935,4720798,6004,4239296,11696,8634758
2021-12-14 15:00:00,6454,4402021,5919.0,3919984,221.0,325452.0,6675,4727473,6140,4245436,12594,8647352
2021-12-15 15:00:00,7160,4409181,5707.0,3925691,254.0,325706.0,7414,4734887,5961,4251397,13121,8660473
2021-12-16 15:00:00,7862,4417043,2825.0,3928516,421.0,326127.0,8283,4743170,3246,4254643,11108,8671581
2021-12-17 15:00:00,7841,4424884,4150.0,3932666,195.0,326322.0,8036,4751206,4345,4258988,12186,8683767
2021-12-18 15:00:00,5831,4430715,3169.0,3935835,298.0,326620.0,6129,4757335,3467,4262455,9298,8693065
2021-12-19 15:00:00,3379,4434094,1340.0,3937175,37.0,326657.0,3416,4760751,1377,4263832,4756,8697821
2021-12-20 15:00:00,8074,4442168,3741.0,3940916,173.0,326830.0,8247,4768998,3914,4267746,11988,8709809
2021-12-21 15:00:00,8989,4451157,4153.0,3945069,175.0,327005.0,9164,4778162,4328,4272074,13317,8723126
2021-12-22 15:00:00,8680,4459837,3859.0,3948928,184.0,327189.0,8864,4787026,4043,4276117,12723,8735849
2021-12-23 15:00:00,8401,4468238,3566.0,3952494,359.0,327548.0,8760,4795786,3925,4280042,12326,8748175
2021-12-24 15:00:00,1632,4469870,1006.0,3953500,39.0,327587.0,1671,4797457,1045,4281087,2677,8750852
2021-12-25 15:00:00,50,4469920,36.0,3953536,1.0,327588.0,51,4797508,37,4281124,87,8750939
2021-12-26 15:00:00,2518,4472438,1742.0,3955278,44.0,327632.0,2562,4800070,1786,4282910,4304,8755243
2021-12-27 15:00:00,7191,4479629,3989.0,3959267,297.0,327929.0,7488,4807558,4286,4287196,11477,8766720
2021-12-28 15:00:00,7927,4487556,3849.0,3963116,178.0,328107.0,8105,4815663,4027,4291223,11954,8778674
2021-12-29 15:00:00,8229,4495785,4015.0,3967131,155.0,328262.0,8384,4824047,4170,4295393,12399,8791073
2021-12-30 15:00:00,7469,4503254,3777.0,3970908,290.0,328552.0,7759,4831806,4067,4299460,11536,8802609
2021-12-31 15:00:00,2573,4505827,1525.0,3972433,90.0,328642.0,2663,4834469,1615,4301075,4188,8806797
2022-01-01 15:00:00,738,4506565,347.0,3972780,34.0,328676.0,772,4835241,381,4301456,1119,8807916
2022-01-02 15:00:00,2216,4508781,1649.0,3974429,48.0,328724.0,2264,4837505,1697,4303153,3913,8811829
2022-01-03 15:00:00,3394,4512175,2063.0,3976492,222.0,328946.0,3616,4841121,2285,4305438,5679,8817508
2022-01-04 15:00:00,5847,4518022,3476.0,3979968,165.0,329111.0,6012,4847133,3641,4309079,9488,8826996
2022-01-05 15:00:00,6822,4524844,4691.0,3984659,175.0,329286.0,6997,4854130,4866,4313945,11688,8838684
2022-01-06 15:00:00,6743,4531587,4813.0,3989472,265.0,329551.0,7008,4861138,5078,4319023,11821,8850505
2022-01-07 15:00:00,5965,4537552,3756.0,3993228,159.0,329710.0,6124,4867262,3915,4322938,9880,8860385
2022-01-08 15:00:00,4802,4542354,3908.0,3997136,79.0,329789.0,4881,4872143,3987,4326925,8789,8869174
2022-01-09 15:00:00,2760,4545114,2014.0,3999150,154.0,329943.0,2914,4875057,2168,4329093,4928,8874102
2022-01-10 15:00:00,6334,4551448,3833.0,4002983,160.0,330103.0,6494,4881551,3993,4333086,10327,8884429
2022-01-11 15:00:00,6553,4558001,4243.0,4007226,142.0,330245.0,6695,4888246,4385,4337471,10938,8895367
2022-01-12 15:00:00,6813,4564814,4439.0,4011665,225.0,330470.0,7038,4895284,4664,4342135,11477,8906844
2022-01-13 15:00:00,6629,4571443,4379.0,4016044,153.0,330623.0,6782,4902066,4532,4346667,11161,8918005
2022-01-14 15:00:00,7207,4578650,3277.0,4019321,252.0,330875.0,7459,4909525,3529,4350196,10736,8928741
2022-01-15 15:00:00,4268,4582918,1686.0,4021007,71.0,330946.0,4339,4913864,1757,4351953,6025,8934766
2022-01-16 15:00:00,2217,4585135,1318.0,4022325,116.0,331062.0,2333,4916197,1434,4353387,3651,8938417
2022-01-17 15:00:00,3612,4588747,2361.0,4024686,74.0,331136.0,3686,4919883,2435,4355822,6047,8944464
2022-01-18 15:00:00,5268,4594015,4198.0,4028884,102.0,331238.0,5370,4925253,4300,4360122,9568,8954032
2022-01-19 15:00:00,5290,4599305,4463.0,4033347,99.0,331337.0,5389,4930642,4562,4364684,9852,8963884
2022-01-20 15:00:00,4519,4603824,3616.0,4036963,176.0,331513.0,4695,4935337,3792,4368476,8311,8972195
2022-01-21 15:00:00,5587,4609411,2925.0,4039888,125.0,331638.0,5712,4941049,3050,4371526,8637,8980832
2022-01-22 15:00:00,3456,4612867,1721.0,4041609,134.0,331772.0,3590,4944639,1855,4373381,5311,8986143
2022-01-23 15:00:00,2034,4614901,1495.0,4043104,30.0,331802.0,2064,4946703,1525,4374906,3559,8989702
2022-01-24 15:00:00,4121,4619022,2767.0,4045871,88.0,331890.0,4209,4950912,2855,4377761,6976,8996678
2022-01-25 15:00:00,3794,4622816,3305.0,4049176,95.0,331985.0,3889,4954801,3400,4381161,7194,9003872
2022-01-26 15:00:00,3859,4626675,3683.0,4052859,94.0,332079.0,3953,4958754,3777,4384938,7636,9011508
2022-01-27 15:00:00,3762,4630437,3860.0,4056719,187.0,332266.0,3949,4962703,4047,4388985,7809,9019317
2022-01-28 15:00:00,3841,4634278,3212.0,4059931,75.0,332341.0,3916,4966619,3287,4392272,7128,9026445
2022-01-29 15:00:00,2298,4636576,2265.0,4062196,117.0,332458.0,2415,4969034,2382,4394654,4680,9031125
2022-01-30 15:00:00,1553,4638129,1602.0,4063798,16.0,332474.0,1569,4970603,1618,4396272,3171,9034296
2022-01-31 15:00:00,2978,4641107,3156.0,4066954,58.0,332532.0,3036,4973639,3214,4399486,6192,9040488
2022-02-01 15:00:00,2635,4643742,3388.0,4070342,75.0,332607.0,2710,4976349,3463,4402949,6098,9046586
2022-02-02 15:00:00,2815,4646557,3712.0,4074054,74.0,332681.0,2889,4979238,3786,4406735,6601,9053187
2022-02-03 15:00:00,2741,4649298,3629.0,4077683,41.0,332722.0,2782,4982020,3670,4410405,6411,9059598
2022-02-04 15:00:00,2751,4652049,4318.0,4082001,127.0,332849.0,2878,4984898,4445,4414850,7196,9066794
2022-02-05 15:00:00,1907,4653956,2854.0,4084855,112.0,332961.0,2019,4986917,2966,4417816,4873,9071667
2022-02-06 15:00:00,1052,4655008,1322.0,4086177,24.0,332985.0,1076,4987993,1346,4419162,2398,9074065
2022-02-07 15:00:00,2006,4657014,2616.0,4088793,46.0,333031.0,2052,4990045,2662,4421824,4668,9078733
2022-02-08 15:00:00,2056,4659070,2985.0,4091778,63.0,333094.0,2119,4992164,3048,4424872,5104,9083837
2022-02-09 15:00:00,1989,4661059,2960.0,4094738,64.0,333158.0,2053,4994217,3024,4427896,5013,9088850
2022-02-10 15:00:00,1030,4662089,1422.0,4096160,19.0,333177.0,1049,4995266,1441,4429337,2471,9091321
