VACCINATION_DATE,FirstDailyDose,FirstDoseCumulative,SecondDailyDose,SecondDoseCumulative,SingleDailyDose,SingleDoseCumulative,AtleastOneVaccine,AtleastOneVaccineCumulative,CompletedVax,CompletedVaxCumulative,FirstSecondSingleVaccinations,FirstSecondSingleVaccinationsCumulative
2020-12-14 15:00:00,17,1244,,504,,,17,1244,0,504,17,1633
2020-12-15 15:00:00,56,1300,3.0,507,,,56,1300,3,507,59,1692
2020-12-16 15:00:00,585,1885,3.0,510,,,585,1885,3,510,588,2280
2020-12-17 15:00:00,1152,3037,2.0,512,,,1152,3037,2,512,1154,3434
2020-12-18 15:00:00,3002,6039,12.0,524,,,3002,6039,12,524,3014,6448
2020-12-19 15:00:00,927,6966,5.0,529,,,927,6966,5,529,932,7380
2020-12-20 15:00:00,346,7312,4.0,533,,,346,7312,4,533,350,7730
2020-12-21 15:00:00,3875,11187,25.0,558,,,3875,11187,25,558,3900,11630
2020-12-22 15:00:00,6310,17497,23.0,581,,,6310,17497,23,581,6333,17963
2020-12-23 15:00:00,5766,23263,33.0,614,,,5766,23263,33,614,5799,23762
2020-12-24 15:00:00,2718,25981,14.0,628,,,2718,25981,14,628,2732,26494
2020-12-25 15:00:00,1034,27015,4.0,632,,,1034,27015,4,632,1038,27532
2020-12-26 15:00:00,1876,28891,9.0,641,,,1876,28891,9,641,1885,29417
2020-12-27 15:00:00,1799,30690,10.0,651,,,1799,30690,10,651,1809,31226
2020-12-28 15:00:00,8972,39662,41.0,692,,,8972,39662,41,692,9013,40239
2020-12-29 15:00:00,10945,50607,48.0,740,,,10945,50607,48,740,10993,51232
2020-12-30 15:00:00,12484,63091,75.0,815,,,12484,63091,75,815,12559,63791
2020-12-31 15:00:00,7539,70630,41.0,856,,,7539,70630,41,856,7580,71371
2021-01-01 15:00:00,2887,73517,129.0,985,,,2887,73517,129,985,3016,74387
2021-01-02 15:00:00,3017,76534,34.0,1019,,,3017,76534,34,1019,3051,77438
2021-01-03 15:00:00,3390,79924,80.0,1099,,,3390,79924,80,1099,3470,80908
2021-01-04 15:00:00,13325,93249,321.0,1420,,,13325,93249,321,1420,13646,94554
2021-01-05 15:00:00,12443,105692,532.0,1952,,,12443,105692,532,1952,12975,107529
2021-01-06 15:00:00,15218,120910,851.0,2803,,,15218,120910,851,2803,16069,123598
2021-01-07 15:00:00,14997,135907,1749.0,4552,,,14997,135907,1749,4552,16746,140344
2021-01-08 15:00:00,23977,159884,2757.0,7309,,,23977,159884,2757,7309,26734,167078
2021-01-09 15:00:00,5149,165033,945.0,8254,,,5149,165033,945,8254,6094,173172
2021-01-10 15:00:00,2948,167981,375.0,8629,,,2948,167981,375,8629,3323,176495
2021-01-11 15:00:00,13697,181678,3456.0,12085,,,13697,181678,3456,12085,17153,193648
2021-01-12 15:00:00,17353,199031,5573.0,17658,,,17353,199031,5573,17658,22926,216574
2021-01-13 15:00:00,18574,217605,3894.0,21552,,,18574,217605,3894,21552,22468,239042
2021-01-14 15:00:00,17808,235413,1943.0,23495,,,17808,235413,1943,23495,19751,258793
2021-01-15 15:00:00,19418,254831,2002.0,25497,,,19418,254831,2002,25497,21420,280213
2021-01-16 15:00:00,5805,260636,1604.0,27101,,,5805,260636,1604,27101,7409,287622
2021-01-17 15:00:00,2107,262743,1476.0,28577,,,2107,262743,1476,28577,3583,291205
2021-01-18 15:00:00,7062,269805,3241.0,31818,,,7062,269805,3241,31818,10303,301508
2021-01-19 15:00:00,16913,286718,5381.0,37199,,,16913,286718,5381,37199,22294,323802
2021-01-20 15:00:00,20985,307703,5291.0,42490,,,20985,307703,5291,42490,26276,350078
2021-01-21 15:00:00,23760,331463,3797.0,46287,,,23760,331463,3797,46287,27557,377635
2021-01-22 15:00:00,28641,360104,3712.0,49999,,,28641,360104,3712,49999,32353,409988
2021-01-23 15:00:00,10099,370203,1927.0,51926,,,10099,370203,1927,51926,12026,422014
2021-01-24 15:00:00,3338,373541,1720.0,53646,,,3338,373541,1720,53646,5058,427072
2021-01-25 15:00:00,16290,389831,8576.0,62222,,,16290,389831,8576,62222,24866,451938
2021-01-26 15:00:00,17537,407368,8952.0,71174,,,17537,407368,8952,71174,26489,478427
2021-01-27 15:00:00,24442,431810,12519.0,83693,,,24442,431810,12519,83693,36961,515388
2021-01-28 15:00:00,22649,454459,9291.0,92984,,,22649,454459,9291,92984,31940,547328
2021-01-29 15:00:00,24757,479216,7883.0,100867,,,24757,479216,7883,100867,32640,579968
2021-01-30 15:00:00,17763,496979,2530.0,103397,,,17763,496979,2530,103397,20293,600261
2021-01-31 15:00:00,3754,500733,1343.0,104740,,,3754,500733,1343,104740,5097,605358
2021-02-01 15:00:00,7820,508553,5230.0,109970,,,7820,508553,5230,109970,13050,618408
2021-02-02 15:00:00,12460,521013,13795.0,123765,,,12460,521013,13795,123765,26255,644663
2021-02-03 15:00:00,18218,539231,18091.0,141856,,,18218,539231,18091,141856,36309,680972
2021-02-04 15:00:00,22081,561312,15746.0,157602,,,22081,561312,15746,157602,37827,718799
2021-02-05 15:00:00,20332,581644,17371.0,174973,,,20332,581644,17371,174973,37703,756502
2021-02-06 15:00:00,11307,592951,14448.0,189421,,,11307,592951,14448,189421,25755,782257
2021-02-07 15:00:00,5940,598891,1816.0,191237,,,5940,598891,1816,191237,7756,790013
2021-02-08 15:00:00,12945,611836,12904.0,204141,,,12945,611836,12904,204141,25849,815862
2021-02-09 15:00:00,16621,628457,13836.0,217977,,,16621,628457,13836,217977,30457,846319
2021-02-10 15:00:00,19265,647722,21201.0,239178,,,19265,647722,21201,239178,40466,886785
2021-02-11 15:00:00,22848,670570,17298.0,256476,,,22848,670570,17298,256476,40146,926931
2021-02-12 15:00:00,20365,690935,19590.0,276066,,,20365,690935,19590,276066,39955,966886
2021-02-13 15:00:00,11416,702351,6393.0,282459,,,11416,702351,6393,282459,17809,984695
2021-02-14 15:00:00,7109,709460,2104.0,284563,,,7109,709460,2104,284563,9213,993908
2021-02-15 15:00:00,11740,721200,13297.0,297860,,,11740,721200,13297,297860,25037,1018945
2021-02-16 15:00:00,16588,737788,20987.0,318847,,,16588,737788,20987,318847,37575,1056520
2021-02-17 15:00:00,20643,758431,26349.0,345196,,,20643,758431,26349,345196,46992,1103512
2021-02-18 15:00:00,3189,761620,4606.0,349802,,,3189,761620,4606,349802,7795,1111307
2021-02-19 15:00:00,10243,771863,19903.0,369705,,,10243,771863,19903,369705,30146,1141453
2021-02-20 15:00:00,10297,782160,20257.0,389962,,,10297,782160,20257,389962,30554,1172007
2021-02-21 15:00:00,6160,788320,7627.0,397589,,,6160,788320,7627,397589,13787,1185794
2021-02-22 15:00:00,8021,796341,15451.0,413040,,,8021,796341,15451,413040,23472,1209266
2021-02-23 15:00:00,15516,811857,15940.0,428980,,,15516,811857,15940,428980,31456,1240722
2021-02-24 15:00:00,17923,829780,24733.0,453713,,,17923,829780,24733,453713,42656,1283378
2021-02-25 15:00:00,20382,850162,26530.0,480243,,,20382,850162,26530,480243,46912,1330290
2021-02-26 15:00:00,26699,876861,26178.0,506421,,,26699,876861,26178,506421,52877,1383167
2021-02-27 15:00:00,15985,892846,11127.0,517548,,,15985,892846,11127,517548,27112,1410279
2021-02-28 15:00:00,15492,908338,4865.0,522413,,,15492,908338,4865,522413,20357,1430636
2021-03-01 15:00:00,26485,934823,12474.0,534887,,,26485,934823,12474,534887,38959,1469595
2021-03-02 15:00:00,23868,958691,13243.0,548130,32.0,32.0,23900,958723,13275,548162,37143,1506738
2021-03-03 15:00:00,30129,988820,18361.0,566491,182.0,214.0,30311,989034,18543,566705,48672,1555410
2021-03-04 15:00:00,30937,1019757,18150.0,584641,4066.0,4280.0,35003,1024037,22216,588921,53153,1608563
2021-03-05 15:00:00,29419,1049176,19439.0,604080,4910.0,9190.0,34329,1058366,24349,613270,53768,1662331
2021-03-06 15:00:00,17856,1067032,8959.0,613039,6004.0,15194.0,23860,1082226,14963,628233,32819,1695150
2021-03-07 15:00:00,12111,1079143,4834.0,617873,6613.0,21807.0,18724,1100950,11447,639680,23558,1718708
2021-03-08 15:00:00,25831,1104974,8803.0,626676,8277.0,30084.0,34108,1135058,17080,656760,42911,1761619
2021-03-09 15:00:00,26083,1131057,15430.0,642106,8346.0,38430.0,34429,1169487,23776,680536,49859,1811478
2021-03-10 15:00:00,29813,1160870,15969.0,658075,7935.0,46365.0,37748,1207235,23904,704440,53717,1865195
2021-03-11 15:00:00,35941,1196811,16396.0,674471,3983.0,50348.0,39924,1247159,20379,724819,56320,1921515
2021-03-12 15:00:00,36879,1233690,18051.0,692522,2921.0,53269.0,39800,1286959,20972,745791,57851,1979366
2021-03-13 15:00:00,22646,1256336,10253.0,702775,1622.0,54891.0,24268,1311227,11875,757666,34521,2013887
2021-03-14 15:00:00,17838,1274174,6695.0,709470,999.0,55890.0,18837,1330064,7694,765360,25532,2039419
2021-03-15 15:00:00,29787,1303961,11263.0,720733,594.0,56484.0,30381,1360445,11857,777217,41644,2081063
2021-03-16 15:00:00,33409,1337370,13541.0,734274,768.0,57252.0,34177,1394622,14309,791526,47718,2128781
2021-03-17 15:00:00,37541,1374911,17006.0,751280,1176.0,58428.0,38717,1433339,18182,809708,55723,2184504
2021-03-18 15:00:00,41407,1416318,12598.0,763878,1348.0,59776.0,42755,1476094,13946,823654,55353,2239857
2021-03-19 15:00:00,38295,1454613,15377.0,779255,1036.0,60812.0,39331,1515425,16413,840067,54708,2294565
2021-03-20 15:00:00,24666,1479279,10114.0,789369,699.0,61511.0,25365,1540790,10813,850880,35479,2330044
2021-03-21 15:00:00,19156,1498435,7836.0,797205,334.0,61845.0,19490,1560280,8170,859050,27326,2357370
2021-03-22 15:00:00,32564,1530999,11435.0,808640,834.0,62679.0,33398,1593678,12269,871319,44833,2402203
2021-03-23 15:00:00,37733,1568732,17308.0,825948,1554.0,64233.0,39287,1632965,18862,890181,56595,2458798
2021-03-24 15:00:00,41058,1609790,21150.0,847098,1381.0,65614.0,42439,1675404,22531,912712,63589,2522387
2021-03-25 15:00:00,42333,1652123,21010.0,868108,2457.0,68071.0,44790,1720194,23467,936179,65800,2588187
2021-03-26 15:00:00,36591,1688714,26264.0,894372,2498.0,70569.0,39089,1759283,28762,964941,65353,2653540
2021-03-27 15:00:00,26917,1715631,16777.0,911149,2483.0,73052.0,29400,1788683,19260,984201,46177,2699717
2021-03-28 15:00:00,17010,1732641,12608.0,923757,1616.0,74668.0,18626,1807309,14224,998425,31234,2730951
2021-03-29 15:00:00,29702,1762343,26219.0,949976,1140.0,75808.0,30842,1838151,27359,1025784,57061,2788012
2021-03-30 15:00:00,40020,1802363,28920.0,978896,1856.0,77664.0,41876,1880027,30776,1056560,70796,2858808
2021-03-31 15:00:00,41027,1843390,34601.0,1013497,5749.0,83413.0,46776,1926803,40350,1096910,81377,2940185
2021-04-01 15:00:00,41100,1884490,39889.0,1053386,5669.0,89082.0,46769,1973572,45558,1142468,86658,3026843
2021-04-02 15:00:00,35001,1919491,32496.0,1085882,6121.0,95203.0,41122,2014694,38617,1181085,73618,3100461
2021-04-03 15:00:00,21617,1941108,18667.0,1104549,4367.0,99570.0,25984,2040678,23034,1204119,44651,3145112
2021-04-04 15:00:00,8243,1949351,10174.0,1114723,964.0,100534.0,9207,2049885,11138,1215257,19381,3164493
2021-04-05 15:00:00,27904,1977255,28850.0,1143573,6654.0,107188.0,34558,2084443,35504,1250761,63408,3227901
2021-04-06 15:00:00,39739,2016994,30396.0,1173969,10491.0,117679.0,50230,2134673,40887,1291648,80626,3308527
2021-04-07 15:00:00,36028,2053022,34206.0,1208175,12977.0,130656.0,49005,2183678,47183,1338831,83211,3391738
2021-04-08 15:00:00,42297,2095319,36011.0,1244186,13856.0,144512.0,56153,2239831,49867,1388698,92164,3483902
2021-04-09 15:00:00,34014,2129333,36284.0,1280470,14526.0,159038.0,48540,2288371,50810,1439508,84824,3568726
2021-04-10 15:00:00,23444,2152777,23098.0,1303568,7633.0,166671.0,31077,2319448,30731,1470239,54175,3622901
2021-04-11 15:00:00,17553,2170330,13268.0,1316836,10124.0,176795.0,27677,2347125,23392,1493631,40945,3663846
2021-04-12 15:00:00,24578,2194908,33131.0,1349967,10895.0,187690.0,35473,2382598,44026,1537657,68604,3732450
2021-04-13 15:00:00,126769,2321677,90571.0,1440538,3293.0,190983.0,130062,2512660,93864,1631521,220633,3953083
2021-04-14 15:00:00,40679,2362356,37759.0,1478297,210.0,191193.0,40889,2553549,37969,1669490,78648,4031731
2021-04-15 15:00:00,41667,2404023,39164.0,1517461,172.0,191365.0,41839,2595388,39336,1708826,81003,4112734
2021-04-16 15:00:00,37198,2441221,38727.0,1556188,23.0,191388.0,37221,2632609,38750,1747576,75948,4188682
2021-04-17 15:00:00,32780,2474001,21986.0,1578174,12.0,191400.0,32792,2665401,21998,1769574,54778,4243460
2021-04-18 15:00:00,20059,2494060,16176.0,1594350,5.0,191405.0,20064,2685465,16181,1785755,36240,4279700
2021-04-19 15:00:00,29883,2523943,36486.0,1630836,61.0,191466.0,29944,2715409,36547,1822302,66430,4346130
2021-04-20 15:00:00,33097,2557040,44176.0,1675012,56.0,191522.0,33153,2748562,44232,1866534,77329,4423459
2021-04-21 15:00:00,39797,2596837,46976.0,1721988,22.0,191544.0,39819,2788381,46998,1913532,86795,4510254
2021-04-22 15:00:00,36401,2633238,42025.0,1764013,16.0,191560.0,36417,2824798,42041,1955573,78442,4588696
2021-04-23 15:00:00,33117,2666355,40067.0,1804080,14.0,191574.0,33131,2857929,40081,1995654,73198,4661894
2021-04-24 15:00:00,26402,2692757,27844.0,1831924,81.0,191655.0,26483,2884412,27925,2023579,54327,4716221
2021-04-25 15:00:00,20215,2712972,10932.0,1842856,31.0,191686.0,20246,2904658,10963,2034542,31178,4747399
2021-04-26 15:00:00,27412,2740384,32655.0,1875511,202.0,191888.0,27614,2932272,32857,2067399,60269,4807668
2021-04-27 15:00:00,26687,2767071,33000.0,1908511,1098.0,192986.0,27785,2960057,34098,2101497,60785,4868453
2021-04-28 15:00:00,28920,2795991,39472.0,1947983,1362.0,194348.0,30282,2990339,40834,2142331,69754,4938207
2021-04-29 15:00:00,27296,2823287,39418.0,1987401,1465.0,195813.0,28761,3019100,40883,2183214,68179,5006386
2021-04-30 15:00:00,28187,2851474,32172.0,2019573,1646.0,197459.0,29833,3048933,33818,2217032,62005,5068391
2021-05-01 15:00:00,20513,2871987,26478.0,2046051,1034.0,198493.0,21547,3070480,27512,2244544,48025,5116416
2021-05-02 15:00:00,10277,2882264,17017.0,2063068,820.0,199313.0,11097,3081577,17837,2262381,28114,5144530
2021-05-03 15:00:00,12740,2895004,28518.0,2091586,1912.0,201225.0,14652,3096229,30430,2292811,43170,5187700
2021-05-04 15:00:00,13570,2908574,38530.0,2130116,1736.0,202961.0,15306,3111535,40266,2333077,53836,5241536
2021-05-05 15:00:00,19324,2927898,37688.0,2167804,1919.0,204880.0,21243,3132778,39607,2372684,58931,5300467
2021-05-06 15:00:00,16922,2944820,40544.0,2208348,1721.0,206601.0,18643,3151421,42265,2414949,59187,5359654
2021-05-07 15:00:00,17412,2962232,36027.0,2244375,1958.0,208559.0,19370,3170791,37985,2452934,55397,5415051
2021-05-08 15:00:00,10785,2973017,31212.0,2275587,1292.0,209851.0,12077,3182868,32504,2485438,43289,5458340
2021-05-09 15:00:00,5051,2978068,11912.0,2287499,695.0,210546.0,5746,3188614,12607,2498045,17658,5475998
2021-05-10 15:00:00,8951,2987019,31015.0,2318514,1360.0,211906.0,10311,3198925,32375,2530420,41326,5517324
2021-05-11 15:00:00,12190,2999209,30248.0,2348762,1437.0,213343.0,13627,3212552,31685,2562105,43875,5561199
2021-05-12 15:00:00,13942,3013151,38564.0,2387326,1919.0,215262.0,15861,3228413,40483,2602588,54425,5615624
2021-05-13 15:00:00,21850,3035001,33426.0,2420752,1347.0,216609.0,23197,3251610,34773,2637361,56623,5672247
2021-05-14 15:00:00,24348,3059349,29982.0,2450734,1774.0,218383.0,26122,3277732,31756,2669117,56104,5728351
2021-05-15 15:00:00,21898,3081247,25068.0,2475802,1490.0,219873.0,23388,3301120,26558,2695675,48456,5776807
2021-05-16 15:00:00,9080,3090327,17558.0,2493360,1113.0,220986.0,10193,3311313,18671,2714346,27751,5804558
2021-05-17 15:00:00,16841,3107168,28364.0,2521724,1949.0,222935.0,18790,3330103,30313,2744659,47154,5851712
2021-05-18 15:00:00,21245,3128413,30648.0,2552372,1941.0,224876.0,23186,3353289,32589,2777248,53834,5905546
2021-05-19 15:00:00,27622,3156035,32392.0,2584764,1626.0,226502.0,29248,3382537,34018,2811266,61640,5967186
2021-05-20 15:00:00,20798,3176833,33222.0,2617986,1970.0,228472.0,22768,3405305,35192,2846458,55990,6023176
2021-05-21 15:00:00,19161,3195994,30277.0,2648263,1608.0,230080.0,20769,3426074,31885,2878343,51046,6074222
2021-05-22 15:00:00,16918,3212912,20661.0,2668924,1270.0,231350.0,18188,3444262,21931,2900274,38849,6113071
2021-05-23 15:00:00,8752,3221664,11427.0,2680351,964.0,232314.0,9716,3453978,12391,2912665,21143,6134214
2021-05-24 15:00:00,13563,3235227,17735.0,2698086,1474.0,233788.0,15037,3469015,19209,2931874,32772,6166986
2021-05-25 15:00:00,12992,3248219,18662.0,2716748,1329.0,235117.0,14321,3483336,19991,2951865,32983,6199969
2021-05-26 15:00:00,18279,3266498,19442.0,2736190,1512.0,236629.0,19791,3503127,20954,2972819,39233,6239202
2021-05-27 15:00:00,11682,3278180,18629.0,2754819,1116.0,237745.0,12798,3515925,19745,2992564,31427,6270629
2021-05-28 15:00:00,12499,3290679,19715.0,2774534,1400.0,239145.0,13899,3529824,21115,3013679,33614,6304243
2021-05-29 15:00:00,9552,3300231,11638.0,2786172,935.0,240080.0,10487,3540311,12573,3026252,22125,6326368
2021-05-30 15:00:00,4964,3305195,6418.0,2792590,596.0,240676.0,5560,3545871,7014,3033266,11978,6338346
2021-05-31 15:00:00,1773,3306968,3705.0,2796295,305.0,240981.0,2078,3547949,4010,3037276,5783,6344129
2021-06-01 15:00:00,9779,3316747,16349.0,2812644,1153.0,242134.0,10932,3558881,17502,3054778,27281,6371410
2021-06-02 15:00:00,10229,3326976,16781.0,2829425,959.0,243093.0,11188,3570069,17740,3072518,27969,6399379
2021-06-03 15:00:00,7897,3334873,21153.0,2850578,1086.0,244179.0,8983,3579052,22239,3094757,30136,6429515
2021-06-04 15:00:00,8200,3343073,22262.0,2872840,1121.0,245300.0,9321,3588373,23383,3118140,31583,6461098
2021-06-05 15:00:00,7013,3350086,19411.0,2892251,720.0,246020.0,7733,3596106,20131,3138271,27144,6488242
2021-06-06 15:00:00,3462,3353548,7227.0,2899478,423.0,246443.0,3885,3599991,7650,3145921,11112,6499354
2021-06-07 15:00:00,6856,3360404,15736.0,2915214,726.0,247169.0,7582,3607573,16462,3162383,23318,6522672
2021-06-08 15:00:00,6668,3367072,19673.0,2934887,829.0,247998.0,7497,3615070,20502,3182885,27170,6549842
2021-06-09 15:00:00,8195,3375267,23909.0,2958796,969.0,248967.0,9164,3624234,24878,3207763,33073,6582915
2021-06-10 15:00:00,7148,3382415,19089.0,2977885,895.0,249862.0,8043,3632277,19984,3227747,27132,6610047
2021-06-11 15:00:00,7469,3389884,17701.0,2995586,1125.0,250987.0,8594,3640871,18826,3246573,26295,6636342
2021-06-12 15:00:00,5228,3395112,14739.0,3010325,604.0,251591.0,5832,3646703,15343,3261916,20571,6656913
2021-06-13 15:00:00,1930,3397042,7559.0,3017884,427.0,252018.0,2357,3649060,7986,3269902,9916,6666829
2021-06-14 15:00:00,5653,3402695,11803.0,3029687,734.0,252752.0,6387,3655447,12537,3282439,18190,6685019
2021-06-15 15:00:00,5653,3408348,14299.0,3043986,872.0,253624.0,6525,3661972,15171,3297610,20824,6705843
2021-06-16 15:00:00,8748,3417096,21557.0,3065543,757.0,254381.0,9505,3671477,22314,3319924,31062,6736905
2021-06-17 15:00:00,6683,3423779,12347.0,3077890,720.0,255101.0,7403,3678880,13067,3332991,19750,6756655
2021-06-18 15:00:00,6834,3430613,12702.0,3090592,704.0,255805.0,7538,3686418,13406,3346397,20240,6776895
2021-06-19 15:00:00,4662,3435275,9355.0,3099947,613.0,256418.0,5275,3691693,9968,3356365,14630,6791525
2021-06-20 15:00:00,2505,3437780,5037.0,3104984,378.0,256796.0,2883,3694576,5415,3361780,7920,6799445
2021-06-21 15:00:00,5555,3443335,5321.0,3110305,636.0,257432.0,6191,3700767,5957,3367737,11512,6810957
2021-06-22 15:00:00,5193,3448528,8850.0,3119155,682.0,258114.0,5875,3706642,9532,3377269,14725,6825682
2021-06-23 15:00:00,6064,3454592,10302.0,3129457,646.0,258760.0,6710,3713352,10948,3388217,17012,6842694
2021-06-24 15:00:00,5930,3460522,8184.0,3137641,594.0,259354.0,6524,3719876,8778,3396995,14708,6857402
2021-06-25 15:00:00,5827,3466349,8619.0,3146260,620.0,259974.0,6447,3726323,9239,3406234,15066,6872468
2021-06-26 15:00:00,3700,3470049,6293.0,3152553,396.0,260370.0,4096,3730419,6689,3412923,10389,6882857
2021-06-27 15:00:00,2810,3472859,3517.0,3156070,185.0,260555.0,2995,3733414,3702,3416625,6512,6889369
2021-06-28 15:00:00,4735,3477594,6085.0,3162155,523.0,261078.0,5258,3738672,6608,3423233,11343,6900712
2021-06-29 15:00:00,5059,3482653,6451.0,3168606,519.0,261597.0,5578,3744250,6970,3430203,12029,6912741
2021-06-30 15:00:00,5609,3488262,7369.0,3175975,605.0,262202.0,6214,3750464,7974,3438177,13583,6926324
2021-07-01 15:00:00,5355,3493617,6926.0,3182901,495.0,262697.0,5850,3756314,7421,3445598,12776,6939100
2021-07-02 15:00:00,5282,3498899,6816.0,3189717,521.0,263218.0,5803,3762117,7337,3452935,12619,6951719
2021-07-03 15:00:00,3263,3502162,4054.0,3193771,265.0,263483.0,3528,3765645,4319,3457254,7582,6959301
2021-07-04 15:00:00,492,3502654,544.0,3194315,67.0,263550.0,559,3766204,611,3457865,1103,6960404
2021-07-05 15:00:00,3759,3506413,3945.0,3198260,287.0,263837.0,4046,3770250,4232,3462097,7991,6968395
2021-07-06 15:00:00,4479,3510892,6235.0,3204495,452.0,264289.0,4931,3775181,6687,3468784,11166,6979561
2021-07-07 15:00:00,4458,3515350,6385.0,3210880,482.0,264771.0,4940,3780121,6867,3475651,11325,6990886
2021-07-08 15:00:00,4827,3520177,6144.0,3217024,564.0,265335.0,5391,3785512,6708,3482359,11535,7002421
2021-07-09 15:00:00,5348,3525525,6634.0,3223658,572.0,265907.0,5920,3791432,7206,3489565,12554,7014975
2021-07-10 15:00:00,3524,3529049,4386.0,3228044,302.0,266209.0,3826,3795258,4688,3494253,8212,7023187
2021-07-11 15:00:00,2668,3531717,2564.0,3230608,224.0,266433.0,2892,3798150,2788,3497041,5456,7028643
2021-07-12 15:00:00,4414,3536131,5099.0,3235707,377.0,266810.0,4791,3802941,5476,3502517,9890,7038533
2021-07-13 15:00:00,4763,3540894,4594.0,3240301,366.0,267176.0,5129,3808070,4960,3507477,9723,7048256
2021-07-14 15:00:00,4610,3545504,5252.0,3245553,421.0,267597.0,5031,3813101,5673,3513150,10283,7058539
2021-07-15 15:00:00,4883,3550387,4992.0,3250545,357.0,267954.0,5240,3818341,5349,3518499,10232,7068771
2021-07-16 15:00:00,6279,3556666,5813.0,3256358,401.0,268355.0,6680,3825021,6214,3524713,12493,7081264
2021-07-17 15:00:00,3410,3560076,3541.0,3259899,300.0,268655.0,3710,3828731,3841,3528554,7251,7088515
2021-07-18 15:00:00,2305,3562381,2371.0,3262270,110.0,268765.0,2415,3831146,2481,3531035,4786,7093301
2021-07-19 15:00:00,5259,3567640,4470.0,3266740,379.0,269144.0,5638,3836784,4849,3535884,10108,7103409
2021-07-20 15:00:00,5326,3572966,4686.0,3271426,366.0,269510.0,5692,3842476,5052,3540936,10378,7113787
2021-07-21 15:00:00,5637,3578603,4912.0,3276338,415.0,269925.0,6052,3848528,5327,3546263,10964,7124751
2021-07-22 15:00:00,6013,3584616,4607.0,3280945,469.0,270394.0,6482,3855010,5076,3551339,11089,7135840
2021-07-23 15:00:00,6835,3591451,4820.0,3285765,492.0,270886.0,7327,3862337,5312,3556651,12147,7147987
2021-07-24 15:00:00,4277,3595728,3194.0,3288959,267.0,271153.0,4544,3866881,3461,3560112,7738,7155725
2021-07-25 15:00:00,3290,3599018,1111.0,3290070,138.0,271291.0,3428,3870309,1249,3561361,4539,7160264
2021-07-26 15:00:00,6197,3605215,3888.0,3293958,418.0,271709.0,6615,3876924,4306,3565667,10503,7170767
2021-07-27 15:00:00,6346,3611561,4053.0,3298011,455.0,272164.0,6801,3883725,4508,3570175,10854,7181621
2021-07-28 15:00:00,6801,3618362,3999.0,3302010,458.0,272622.0,7259,3890984,4457,3574632,11258,7192879
2021-07-29 15:00:00,6801,3625163,4142.0,3306152,416.0,273038.0,7217,3898201,4558,3579190,11359,7204238
2021-07-30 15:00:00,7537,3632700,4509.0,3310661,523.0,273561.0,8060,3906261,5032,3584222,12569,7216807
2021-07-31 15:00:00,4781,3637481,3037.0,3313698,273.0,273834.0,5054,3911315,3310,3587532,8091,7224898
2021-08-01 15:00:00,3832,3641313,2118.0,3315816,160.0,273994.0,3992,3915307,2278,3589810,6110,7231008
2021-08-02 15:00:00,7021,3648334,3636.0,3319452,336.0,274330.0,7357,3922664,3972,3593782,10993,7242001
2021-08-03 15:00:00,7001,3655335,3895.0,3323347,511.0,274841.0,7512,3930176,4406,3598188,11407,7253408
2021-08-04 15:00:00,7157,3662492,3894.0,3327241,528.0,275369.0,7685,3937861,4422,3602610,11579,7264987
2021-08-05 15:00:00,7678,3670170,4112.0,3331353,537.0,275906.0,8215,3946076,4649,3607259,12327,7277314
2021-08-06 15:00:00,8294,3678464,4691.0,3336044,452.0,276358.0,8746,3954822,5143,3612402,13437,7290751
2021-08-07 15:00:00,5257,3683721,2804.0,3338848,264.0,276622.0,5521,3960343,3068,3615470,8325,7299076
2021-08-08 15:00:00,3944,3687665,2043.0,3340891,143.0,276765.0,4087,3964430,2186,3617656,6130,7305206
2021-08-09 15:00:00,6922,3694587,4511.0,3345402,367.0,277132.0,7289,3971719,4878,3622534,11800,7317006
2021-08-10 15:00:00,7124,3701711,4445.0,3349847,338.0,277470.0,7462,3979181,4783,3627317,11907,7328913
2021-08-11 15:00:00,7047,3708758,4420.0,3354267,440.0,277910.0,7487,3986668,4860,3632177,11907,7340820
2021-08-12 15:00:00,8594,3717352,4717.0,3358984,443.0,278353.0,9037,3995705,5160,3637337,13754,7354574
2021-08-13 15:00:00,7131,3724483,5355.0,3364339,394.0,278747.0,7525,4003230,5749,3643086,12880,7367454
2021-08-14 15:00:00,4912,3729395,3337.0,3367676,285.0,279032.0,5197,4008427,3622,3646708,8534,7375988
2021-08-15 15:00:00,3320,3732715,2730.0,3370406,164.0,279196.0,3484,4011911,2894,3649602,6214,7382202
2021-08-16 15:00:00,5433,3738148,5073.0,3375479,352.0,279548.0,5785,4017696,5425,3655027,10858,7393060
2021-08-17 15:00:00,6959,3745107,5174.0,3380653,389.0,279937.0,7348,4025044,5563,3660590,12522,7405582
2021-08-18 15:00:00,6502,3751609,5293.0,3385946,477.0,280414.0,6979,4032023,5770,3666360,12272,7417854
2021-08-19 15:00:00,5988,3757597,5314.0,3391260,415.0,280829.0,6403,4038426,5729,3672089,11717,7429571
2021-08-20 15:00:00,7029,3764626,6324.0,3397584,402.0,281231.0,7431,4045857,6726,3678815,13755,7443326
2021-08-21 15:00:00,4319,3768945,3915.0,3401499,227.0,281458.0,4546,4050403,4142,3682957,8461,7451787
2021-08-22 15:00:00,3060,3772005,3158.0,3404657,110.0,281568.0,3170,4053573,3268,3686225,6328,7458115
2021-08-23 15:00:00,6167,3778172,5914.0,3410571,285.0,281853.0,6452,4060025,6199,3692424,12366,7470481
2021-08-24 15:00:00,6646,3784818,5867.0,3416438,424.0,282277.0,7070,4067095,6291,3698715,12937,7483418
2021-08-25 15:00:00,6912,3791730,6013.0,3422451,439.0,282716.0,7351,4074446,6452,3705167,13364,7496782
2021-08-26 15:00:00,7181,3798911,6425.0,3428876,427.0,283143.0,7608,4082054,6852,3712019,14033,7510815
2021-08-27 15:00:00,6869,3805780,7013.0,3435889,316.0,283459.0,7185,4089239,7329,3719348,14198,7525013
2021-08-28 15:00:00,6906,3812686,6494.0,3442383,325.0,283784.0,7231,4096470,6819,3726167,13725,7538738
2021-08-29 15:00:00,3736,3816422,3676.0,3446059,611.0,284395.0,4347,4100817,4287,3730454,8023,7546761
2021-08-30 15:00:00,5946,3822368,6094.0,3452153,960.0,285355.0,6906,4107723,7054,3737508,13000,7559761
2021-08-31 15:00:00,5700,3828068,5913.0,3458066,945.0,286300.0,6645,4114368,6858,3744366,12558,7572319
2021-09-01 15:00:00,5560,3833628,5589.0,3463655,911.0,287211.0,6471,4120839,6500,3750866,12060,7584379
2021-09-02 15:00:00,5524,3839152,5898.0,3469553,703.0,287914.0,6227,4127066,6601,3757467,12125,7596504
2021-09-03 15:00:00,6001,3845153,6881.0,3476434,971.0,288885.0,6972,4134038,7852,3765319,13853,7610357
2021-09-04 15:00:00,3716,3848869,4333.0,3480767,879.0,289764.0,4595,4138633,5212,3770531,8928,7619285
2021-09-05 15:00:00,2956,3851825,2801.0,3483568,105.0,289869.0,3061,4141694,2906,3773437,5862,7625147
2021-09-06 15:00:00,1056,3852881,1148.0,3484716,63.0,289932.0,1119,4142813,1211,3774648,2267,7627414
2021-09-07 15:00:00,5343,3858224,7257.0,3491973,2304.0,292236.0,7647,4150460,9561,3784209,14904,7642318
2021-09-08 15:00:00,4661,3862885,5444.0,3497417,365.0,292601.0,5026,4155486,5809,3790018,10470,7652788
2021-09-09 15:00:00,5086,3867971,5357.0,3502774,324.0,292925.0,5410,4160896,5681,3795699,10767,7663555
2021-09-10 15:00:00,6545,3874516,6594.0,3509368,1716.0,294641.0,8261,4169157,8310,3804009,14855,7678410
2021-09-11 15:00:00,4167,3878683,4320.0,3513688,664.0,295305.0,4831,4173988,4984,3808993,9151,7687561
2021-09-12 15:00:00,3164,3881847,3229.0,3516917,436.0,295741.0,3600,4177588,3665,3812658,6829,7694390
2021-09-13 15:00:00,4671,3886518,4844.0,3521761,346.0,296087.0,5017,4182605,5190,3817848,9861,7704251
2021-09-14 15:00:00,4585,3891103,5193.0,3526954,434.0,296521.0,5019,4187624,5627,3823475,10212,7714463
2021-09-15 15:00:00,4851,3895954,5604.0,3532558,388.0,296909.0,5239,4192863,5992,3829467,10843,7725306
2021-09-16 15:00:00,4588,3900542,5613.0,3538171,335.0,297244.0,4923,4197786,5948,3835415,10536,7735842
2021-09-17 15:00:00,5044,3905586,6331.0,3544502,342.0,297586.0,5386,4203172,6673,3842088,11717,7747559
2021-09-18 15:00:00,3789,3909375,4560.0,3549062,185.0,297771.0,3974,4207146,4745,3846833,8534,7756093
2021-09-19 15:00:00,2742,3912117,3157.0,3552219,75.0,297846.0,2817,4209963,3232,3850065,5974,7762067
2021-09-20 15:00:00,3557,3915674,4469.0,3556688,429.0,298275.0,3986,4213949,4898,3854963,8455,7770522
2021-09-21 15:00:00,3808,3919482,4810.0,3561498,326.0,298601.0,4134,4218083,5136,3860099,8944,7779466
2021-09-22 15:00:00,4201,3923683,4751.0,3566249,459.0,299060.0,4660,4222743,5210,3865309,9411,7788877
2021-09-23 15:00:00,4185,3927868,4697.0,3570946,492.0,299552.0,4677,4227420,5189,3870498,9374,7798251
2021-09-24 15:00:00,5089,3932957,5578.0,3576524,422.0,299974.0,5511,4232931,6000,3876498,11089,7809340
2021-09-25 15:00:00,3629,3936586,3623.0,3580147,385.0,300359.0,4014,4236945,4008,3880506,7637,7816977
2021-09-26 15:00:00,2358,3938944,2659.0,3582806,423.0,300782.0,2781,4239726,3082,3883588,5440,7822417
2021-09-27 15:00:00,4516,3943460,2692.0,3585498,509.0,301291.0,5025,4244751,3201,3886789,7717,7830134
2021-09-28 15:00:00,4408,3947868,4439.0,3589937,211.0,301502.0,4619,4249370,4650,3891439,9058,7839192
2021-09-29 15:00:00,4709,3952577,4500.0,3594437,918.0,302420.0,5627,4254997,5418,3896857,10127,7849319
2021-09-30 15:00:00,4887,3957464,4557.0,3598994,792.0,303212.0,5679,4260676,5349,3902206,10236,7859555
2021-10-01 15:00:00,5484,3962948,5294.0,3604288,779.0,303991.0,6263,4266939,6073,3908279,11557,7871112
2021-10-02 15:00:00,2940,3965888,2889.0,3607177,187.0,304178.0,3127,4270066,3076,3911355,6016,7877128
2021-10-03 15:00:00,2082,3967970,2376.0,3609553,86.0,304264.0,2168,4272234,2462,3913817,4544,7881672
2021-10-04 15:00:00,4156,3972126,3370.0,3612923,232.0,304496.0,4388,4276622,3602,3917419,7758,7889430
2021-10-05 15:00:00,4057,3976183,3573.0,3616496,207.0,304703.0,4264,4280886,3780,3921199,7837,7897267
2021-10-06 15:00:00,4124,3980307,3490.0,3619986,264.0,304967.0,4388,4285274,3754,3924953,7878,7905145
2021-10-07 15:00:00,4371,3984678,3508.0,3623494,331.0,305298.0,4702,4289976,3839,3928792,8210,7913355
2021-10-08 15:00:00,4948,3989626,4123.0,3627617,283.0,305581.0,5231,4295207,4406,3933198,9354,7922709
2021-10-09 15:00:00,2687,3992313,2671.0,3630288,270.0,305851.0,2957,4298164,2941,3936139,5628,7928337
2021-10-10 15:00:00,1863,3994176,1846.0,3632134,59.0,305910.0,1922,4300086,1905,3938044,3768,7932105
2021-10-11 15:00:00,4372,3998548,3189.0,3635323,248.0,306158.0,4620,4304706,3437,3941481,7809,7939914
2021-10-12 15:00:00,3727,4002275,3406.0,3638729,270.0,306428.0,3997,4308703,3676,3945157,7403,7947317
2021-10-13 15:00:00,3982,4006257,3444.0,3642173,347.0,306775.0,4329,4313032,3791,3948948,7773,7955090
2021-10-14 15:00:00,5189,4011446,5477.0,3647650,429.0,307204.0,5618,4318650,5906,3954854,11095,7966185
2021-10-15 15:00:00,4733,4016179,4582.0,3652232,347.0,307551.0,5080,4323730,4929,3959783,9662,7975847
2021-10-16 15:00:00,2504,4018683,2502.0,3654734,291.0,307842.0,2795,4326525,2793,3962576,5297,7981144
2021-10-17 15:00:00,1809,4020492,1774.0,3656508,55.0,307897.0,1864,4328389,1829,3964405,3638,7984782
2021-10-18 15:00:00,4311,4024803,3569.0,3660077,267.0,308164.0,4578,4332967,3836,3968241,8147,7992929
2021-10-19 15:00:00,4324,4029127,4034.0,3664111,222.0,308386.0,4546,4337513,4256,3972497,8580,8001509
2021-10-20 15:00:00,3546,4032673,3428.0,3667539,254.0,308640.0,3800,4341313,3682,3976179,7228,8008737
2021-10-21 15:00:00,3311,4035984,3262.0,3670801,290.0,308930.0,3601,4344914,3552,3979731,6863,8015600
2021-10-22 15:00:00,4701,4040685,4042.0,3674843,475.0,309405.0,5176,4350090,4517,3984248,9218,8024818
2021-10-23 15:00:00,2904,4043589,2127.0,3676970,321.0,309726.0,3225,4353315,2448,3986696,5352,8030170
2021-10-24 15:00:00,2062,4045651,1560.0,3678530,78.0,309804.0,2140,4355455,1638,3988334,3700,8033870
2021-10-25 15:00:00,4553,4050204,3116.0,3681646,317.0,310121.0,4870,4360325,3433,3991767,7986,8041856
2021-10-26 15:00:00,4522,4054726,3144.0,3684790,311.0,310432.0,4833,4365158,3455,3995222,7977,8049833
2021-10-27 15:00:00,4744,4059470,3400.0,3688190,429.0,310861.0,5173,4370331,3829,3999051,8573,8058406
2021-10-28 15:00:00,4568,4064038,3432.0,3691622,495.0,311356.0,5063,4375394,3927,4002978,8495,8066901
2021-10-29 15:00:00,4981,4069019,3948.0,3695570,393.0,311749.0,5374,4380768,4341,4007319,9322,8076223
2021-10-30 15:00:00,2632,4071651,1859.0,3697429,308.0,312057.0,2940,4383708,2167,4009486,4799,8081022
2021-10-31 15:00:00,1953,4073604,1517.0,3698946,93.0,312150.0,2046,4385754,1610,4011096,3563,8084585
2021-11-01 15:00:00,4660,4078264,3484.0,3702430,339.0,312489.0,4999,4390753,3823,4014919,8483,8093068
2021-11-02 15:00:00,4252,4082516,3029.0,3705459,406.0,312895.0,4658,4395411,3435,4018354,7687,8100755
2021-11-03 15:00:00,4670,4087186,3131.0,3708590,460.0,313355.0,5130,4400541,3591,4021945,8261,8109016
2021-11-04 15:00:00,6293,4093479,3424.0,3712014,513.0,313868.0,6806,4407347,3937,4025882,10230,8119246
2021-11-05 15:00:00,8202,4101681,3842.0,3715856,408.0,314276.0,8610,4415957,4250,4030132,12452,8131698
2021-11-06 15:00:00,10062,4111743,1994.0,3717850,305.0,314581.0,10367,4426324,2299,4032431,12361,8144059
2021-11-07 15:00:00,7699,4119442,1477.0,3719327,94.0,314675.0,7793,4434117,1571,4034002,9270,8153329
2021-11-08 15:00:00,11287,4130729,3114.0,3722441,378.0,315053.0,11665,4445782,3492,4037494,14779,8168108
2021-11-09 15:00:00,11751,4142480,2737.0,3725178,268.0,315321.0,12019,4457801,3005,4040499,14756,8182864
2021-11-10 15:00:00,12562,4155042,2835.0,3728013,337.0,315658.0,12899,4470700,3172,4043671,15734,8198598
2021-11-11 15:00:00,11325,4166367,2465.0,3730478,281.0,315939.0,11606,4482306,2746,4046417,14071,8212669
2021-11-12 15:00:00,12261,4178628,3443.0,3733921,548.0,316487.0,12809,4495115,3991,4050408,16252,8228921
2021-11-13 15:00:00,9739,4188367,1604.0,3735525,342.0,316829.0,10081,4505196,1946,4052354,11685,8240606
2021-11-14 15:00:00,3917,4192284,1132.0,3736657,121.0,316950.0,4038,4509234,1253,4053607,5170,8245776
2021-11-15 15:00:00,8595,4200879,2621.0,3739278,205.0,317155.0,8800,4518034,2826,4056433,11421,8257197
2021-11-16 15:00:00,9219,4210098,2601.0,3741879,255.0,317410.0,9474,4527508,2856,4059289,12075,8269272
2021-11-17 15:00:00,9372,4219470,2960.0,3744839,312.0,317722.0,9684,4537192,3272,4062561,12644,8281916
2021-11-18 15:00:00,9269,4228739,2710.0,3747549,480.0,318202.0,9749,4546941,3190,4065751,12459,8294375
2021-11-19 15:00:00,9784,4238523,3020.0,3750569,382.0,318584.0,10166,4557107,3402,4069153,13186,8307561
2021-11-20 15:00:00,10626,4249149,1619.0,3752188,453.0,319037.0,11079,4568186,2072,4071225,12698,8320259
2021-11-21 15:00:00,4349,4253498,1208.0,3753396,99.0,319136.0,4448,4572634,1307,4072532,5656,8325915
2021-11-22 15:00:00,9768,4263266,2573.0,3755969,292.0,319428.0,10060,4582694,2865,4075397,12633,8338548
2021-11-23 15:00:00,9164,4272430,2496.0,3758465,280.0,319708.0,9444,4592138,2776,4078173,11940,8350488
2021-11-24 15:00:00,8097,4280527,2538.0,3761003,216.0,319924.0,8313,4600451,2754,4080927,10851,8361339
2021-11-25 15:00:00,238,4280765,77.0,3761080,9.0,319933.0,247,4600698,86,4081013,324,8361663
2021-11-26 15:00:00,5675,4286440,4049.0,3765129,152.0,320085.0,5827,4606525,4201,4085214,9876,8371539
2021-11-27 15:00:00,3786,4290226,5447.0,3770576,134.0,320219.0,3920,4610445,5581,4090795,9367,8380906
2021-11-28 15:00:00,2423,4292649,6364.0,3776940,77.0,320296.0,2500,4612945,6441,4097236,8864,8389770
2021-11-29 15:00:00,6363,4299012,9310.0,3786250,379.0,320675.0,6742,4619687,9689,4106925,16052,8405822
2021-11-30 15:00:00,6199,4305211,9331.0,3795581,264.0,320939.0,6463,4626150,9595,4116520,15794,8421616
2021-12-01 15:00:00,7174,4312385,9601.0,3805182,305.0,321244.0,7479,4633629,9906,4126426,17080,8438696
2021-12-02 15:00:00,6812,4319197,8751.0,3813933,447.0,321691.0,7259,4640888,9198,4135624,16010,8454706
2021-12-03 15:00:00,7457,4326654,9131.0,3823064,247.0,321938.0,7704,4648592,9378,4145002,16835,8471541
2021-12-04 15:00:00,5833,4332487,9553.0,3832617,457.0,322395.0,6290,4654882,10010,4155012,15843,8487384
2021-12-05 15:00:00,3387,4335874,3079.0,3835696,74.0,322469.0,3461,4658343,3153,4158165,6540,8493924
2021-12-06 15:00:00,6499,4342373,6921.0,3842617,266.0,322735.0,6765,4665108,7187,4165352,13686,8507610
2021-12-07 15:00:00,6149,4348522,6696.0,3849313,240.0,322975.0,6389,4671497,6936,4172288,13085,8520695
2021-12-08 15:00:00,6668,4355190,7117.0,3856430,309.0,323284.0,6977,4678474,7426,4179714,14094,8534789
2021-12-09 15:00:00,6231,4361421,6747.0,3863177,394.0,323678.0,6625,4685099,7141,4186855,13372,8548161
2021-12-10 15:00:00,6958,4368379,7042.0,3870219,225.0,323903.0,7183,4692282,7267,4194122,14225,8562386
2021-12-11 15:00:00,4290,4372669,7172.0,3877391,331.0,324234.0,4621,4696903,7503,4201625,11793,8574179
2021-12-12 15:00:00,3987,4376656,2775.0,3880166,60.0,324294.0,4047,4700950,2835,4204460,6822,8581001
2021-12-13 15:00:00,5516,4382172,5590.0,3885756,238.0,324532.0,5754,4706704,5828,4210288,11344,8592345
2021-12-14 15:00:00,6247,4388419,5775.0,3891531,204.0,324736.0,6451,4713155,5979,4216267,12226,8604571
2021-12-15 15:00:00,6858,4395277,5492.0,3897023,243.0,324979.0,7101,4720256,5735,4222002,12593,8617164
2021-12-16 15:00:00,7555,4402832,2752.0,3899775,414.0,325393.0,7969,4728225,3166,4225168,10721,8627885
2021-12-17 15:00:00,7537,4410369,4017.0,3903792,175.0,325568.0,7712,4735937,4192,4229360,11729,8639614
2021-12-18 15:00:00,5657,4416026,3088.0,3906880,294.0,325862.0,5951,4741888,3382,4232742,9039,8648653
2021-12-19 15:00:00,3324,4419350,1288.0,3908168,35.0,325897.0,3359,4745247,1323,4234065,4647,8653300
2021-12-20 15:00:00,7802,4427152,3669.0,3911837,149.0,326046.0,7951,4753198,3818,4237883,11620,8664920
2021-12-21 15:00:00,8657,4435809,4099.0,3915936,158.0,326204.0,8815,4762013,4257,4242140,12914,8677834
2021-12-22 15:00:00,8245,4444054,3739.0,3919675,169.0,326373.0,8414,4770427,3908,4246048,12153,8689987
2021-12-23 15:00:00,8038,4452092,3442.0,3923117,350.0,326723.0,8388,4778815,3792,4249840,11830,8701817
2021-12-24 15:00:00,1548,4453640,985.0,3924102,36.0,326759.0,1584,4780399,1021,4250861,2569,8704386
2021-12-25 15:00:00,47,4453687,36.0,3924138,1.0,326760.0,48,4780447,37,4250898,84,8704470
2021-12-26 15:00:00,2484,4456171,1715.0,3925853,44.0,326804.0,2528,4782975,1759,4252657,4243,8708713
2021-12-27 15:00:00,6947,4463118,3897.0,3929750,293.0,327097.0,7240,4790215,4190,4256847,11137,8719850
2021-12-28 15:00:00,7486,4470604,3634.0,3933384,156.0,327253.0,7642,4797857,3790,4260637,11276,8731126
2021-12-29 15:00:00,7760,4478364,3831.0,3937215,151.0,327404.0,7911,4805768,3982,4264619,11742,8742868
2021-12-30 15:00:00,6985,4485349,3564.0,3940779,280.0,327684.0,7265,4813033,3844,4268463,10829,8753697
2021-12-31 15:00:00,2417,4487766,1451.0,3942230,88.0,327772.0,2505,4815538,1539,4270002,3956,8757653
2022-01-01 15:00:00,646,4488412,311.0,3942541,31.0,327803.0,677,4816215,342,4270344,988,8758641
2022-01-02 15:00:00,2125,4490537,1584.0,3944125,42.0,327845.0,2167,4818382,1626,4271970,3751,8762392
2022-01-03 15:00:00,3224,4493761,1939.0,3946064,219.0,328064.0,3443,4821825,2158,4274128,5382,8767774
2022-01-04 15:00:00,5502,4499263,3266.0,3949330,159.0,328223.0,5661,4827486,3425,4277553,8927,8776701
2022-01-05 15:00:00,6396,4505659,4417.0,3953747,162.0,328385.0,6558,4834044,4579,4282132,10975,8787676
2022-01-06 15:00:00,6175,4511834,4382.0,3958129,245.0,328630.0,6420,4840464,4627,4286759,10802,8798478
2022-01-07 15:00:00,5255,4517089,3334.0,3961463,147.0,328777.0,5402,4845866,3481,4290240,8736,8807214
2022-01-08 15:00:00,3718,4520807,3136.0,3964599,67.0,328844.0,3785,4849651,3203,4293443,6921,8814135
2022-01-09 15:00:00,1146,4521953,1096.0,3965695,137.0,328981.0,1283,4850934,1233,4294676,2379,8816514
