VACCINATION_DATE,FirstDailyDose,FirstDoseCumulative,SecondDailyDose,SecondDoseCumulative,SingleDailyDose,SingleDoseCumulative,AtleastOneVaccine,AtleastOneVaccineCumulative,CompletedVax,CompletedVaxCumulative,FirstSecondSingleVaccinations,FirstSecondSingleVaccinationsCumulative
2020-12-14 15:00:00,18,1300,,511,,,18,1300,0,511,18,1708
2020-12-15 15:00:00,57,1357,3.0,514,,,57,1357,3,514,60,1768
2020-12-16 15:00:00,587,1944,5.0,519,,,587,1944,5,519,592,2360
2020-12-17 15:00:00,1154,3098,4.0,523,,,1154,3098,4,523,1158,3518
2020-12-18 15:00:00,3009,6107,13.0,536,,,3009,6107,13,536,3022,6540
2020-12-19 15:00:00,928,7035,5.0,541,,,928,7035,5,541,933,7473
2020-12-20 15:00:00,355,7390,5.0,546,,,355,7390,5,546,360,7833
2020-12-21 15:00:00,3882,11272,26.0,572,,,3882,11272,26,572,3908,11741
2020-12-22 15:00:00,6314,17586,25.0,597,,,6314,17586,25,597,6339,18080
2020-12-23 15:00:00,5771,23357,35.0,632,,,5771,23357,35,632,5806,23886
2020-12-24 15:00:00,2722,26079,15.0,647,,,2722,26079,15,647,2737,26623
2020-12-25 15:00:00,1034,27113,4.0,651,,,1034,27113,4,651,1038,27661
2020-12-26 15:00:00,1879,28992,9.0,660,,,1879,28992,9,660,1888,29549
2020-12-27 15:00:00,1803,30795,10.0,670,,,1803,30795,10,670,1813,31362
2020-12-28 15:00:00,8977,39772,47.0,717,,,8977,39772,47,717,9024,40386
2020-12-29 15:00:00,10954,50726,49.0,766,,,10954,50726,49,766,11003,51389
2020-12-30 15:00:00,12483,63209,84.0,850,,,12483,63209,84,850,12567,63956
2020-12-31 15:00:00,7546,70755,44.0,894,,,7546,70755,44,894,7590,71546
2021-01-01 15:00:00,3124,73879,136.0,1030,,,3124,73879,136,1030,3260,74806
2021-01-02 15:00:00,3030,76909,34.0,1064,,,3030,76909,34,1064,3064,77870
2021-01-03 15:00:00,3399,80308,81.0,1145,,,3399,80308,81,1145,3480,81350
2021-01-04 15:00:00,13341,93649,329.0,1474,,,13341,93649,329,1474,13670,95020
2021-01-05 15:00:00,12453,106102,542.0,2016,,,12453,106102,542,2016,12995,108015
2021-01-06 15:00:00,15237,121339,855.0,2871,,,15237,121339,855,2871,16092,124107
2021-01-07 15:00:00,15006,136345,1758.0,4629,,,15006,136345,1758,4629,16764,140871
2021-01-08 15:00:00,23994,160339,2771.0,7400,,,23994,160339,2771,7400,26765,167636
2021-01-09 15:00:00,5157,165496,950.0,8350,,,5157,165496,950,8350,6107,173743
2021-01-10 15:00:00,2962,168458,380.0,8730,,,2962,168458,380,8730,3342,177085
2021-01-11 15:00:00,13702,182160,3462.0,12192,,,13702,182160,3462,12192,17164,194249
2021-01-12 15:00:00,17365,199525,5584.0,17776,,,17365,199525,5584,17776,22949,217198
2021-01-13 15:00:00,18590,218115,3908.0,21684,,,18590,218115,3908,21684,22498,239696
2021-01-14 15:00:00,17821,235936,1952.0,23636,,,17821,235936,1952,23636,19773,259469
2021-01-15 15:00:00,19444,255380,2017.0,25653,,,19444,255380,2017,25653,21461,280930
2021-01-16 15:00:00,5811,261191,1611.0,27264,,,5811,261191,1611,27264,7422,288352
2021-01-17 15:00:00,2113,263304,1478.0,28742,,,2113,263304,1478,28742,3591,291943
2021-01-18 15:00:00,7064,270368,3250.0,31992,,,7064,270368,3250,31992,10314,302257
2021-01-19 15:00:00,16932,287300,5393.0,37385,,,16932,287300,5393,37385,22325,324582
2021-01-20 15:00:00,20992,308292,5308.0,42693,,,20992,308292,5308,42693,26300,350882
2021-01-21 15:00:00,23779,332071,3818.0,46511,,,23779,332071,3818,46511,27597,378479
2021-01-22 15:00:00,28639,360710,3734.0,50245,,,28639,360710,3734,50245,32373,410852
2021-01-23 15:00:00,10106,370816,1933.0,52178,,,10106,370816,1933,52178,12039,422891
2021-01-24 15:00:00,3347,374163,1721.0,53899,,,3347,374163,1721,53899,5068,427959
2021-01-25 15:00:00,16294,390457,8584.0,62483,,,16294,390457,8584,62483,24878,452837
2021-01-26 15:00:00,17546,408003,8957.0,71440,,,17546,408003,8957,71440,26503,479340
2021-01-27 15:00:00,24436,432439,12530.0,83970,,,24436,432439,12530,83970,36966,516306
2021-01-28 15:00:00,22650,455089,9311.0,93281,,,22650,455089,9311,93281,31961,548267
2021-01-29 15:00:00,24765,479854,7907.0,101188,,,24765,479854,7907,101188,32672,580939
2021-01-30 15:00:00,17764,497618,2544.0,103732,,,17764,497618,2544,103732,20308,601247
2021-01-31 15:00:00,3756,501374,1354.0,105086,,,3756,501374,1354,105086,5110,606357
2021-02-01 15:00:00,7999,509373,5302.0,110388,,,7999,509373,5302,110388,13301,619658
2021-02-02 15:00:00,12474,521847,13813.0,124201,,,12474,521847,13813,124201,26287,645945
2021-02-03 15:00:00,18229,540076,18111.0,142312,,,18229,540076,18111,142312,36340,682285
2021-02-04 15:00:00,22097,562173,15759.0,158071,,,22097,562173,15759,158071,37856,720141
2021-02-05 15:00:00,20334,582507,17397.0,175468,,,20334,582507,17397,175468,37731,757872
2021-02-06 15:00:00,11315,593822,14459.0,189927,,,11315,593822,14459,189927,25774,783646
2021-02-07 15:00:00,5942,599764,1828.0,191755,,,5942,599764,1828,191755,7770,791416
2021-02-08 15:00:00,12961,612725,12906.0,204661,,,12961,612725,12906,204661,25867,817283
2021-02-09 15:00:00,16633,629358,13854.0,218515,,,16633,629358,13854,218515,30487,847770
2021-02-10 15:00:00,19272,648630,21221.0,239736,,,19272,648630,21221,239736,40493,888263
2021-02-11 15:00:00,22841,671471,17318.0,257054,,,22841,671471,17318,257054,40159,928422
2021-02-12 15:00:00,20377,691848,19598.0,276652,,,20377,691848,19598,276652,39975,968397
2021-02-13 15:00:00,11436,703284,6400.0,283052,,,11436,703284,6400,283052,17836,986233
2021-02-14 15:00:00,7106,710390,2117.0,285169,,,7106,710390,2117,285169,9223,995456
2021-02-15 15:00:00,11750,722140,13313.0,298482,,,11750,722140,13313,298482,25063,1020519
2021-02-16 15:00:00,16597,738737,20995.0,319477,,,16597,738737,20995,319477,37592,1058111
2021-02-17 15:00:00,20645,759382,26361.0,345838,,,20645,759382,26361,345838,47006,1105117
2021-02-18 15:00:00,3192,762574,4615.0,350453,,,3192,762574,4615,350453,7807,1112924
2021-02-19 15:00:00,10251,772825,19911.0,370364,,,10251,772825,19911,370364,30162,1143086
2021-02-20 15:00:00,10303,783128,20266.0,390630,,,10303,783128,20266,390630,30569,1173655
2021-02-21 15:00:00,6167,789295,7633.0,398263,,,6167,789295,7633,398263,13800,1187455
2021-02-22 15:00:00,8026,797321,15461.0,413724,,,8026,797321,15461,413724,23487,1210942
2021-02-23 15:00:00,15517,812838,15961.0,429685,,,15517,812838,15961,429685,31478,1242420
2021-02-24 15:00:00,17934,830772,24742.0,454427,,,17934,830772,24742,454427,42676,1285096
2021-02-25 15:00:00,20385,851157,26543.0,480970,,,20385,851157,26543,480970,46928,1332024
2021-02-26 15:00:00,26709,877866,26191.0,507161,,,26709,877866,26191,507161,52900,1384924
2021-02-27 15:00:00,15992,893858,11142.0,518303,,,15992,893858,11142,518303,27134,1412058
2021-02-28 15:00:00,15497,909355,4871.0,523174,,,15497,909355,4871,523174,20368,1432426
2021-03-01 15:00:00,26789,936144,12552.0,535726,,,26789,936144,12552,535726,39341,1471767
2021-03-02 15:00:00,23895,960039,13257.0,548983,32.0,32.0,23927,960071,13289,549015,37184,1508951
2021-03-03 15:00:00,30171,990210,18374.0,567357,184.0,216.0,30355,990426,18558,567573,48729,1557680
2021-03-04 15:00:00,30942,1021152,18174.0,585531,4067.0,4283.0,35009,1025435,22241,589814,53183,1610863
2021-03-05 15:00:00,29463,1050615,19457.0,604988,4910.0,9193.0,34373,1059808,24367,614181,53830,1664693
2021-03-06 15:00:00,17865,1068480,8976.0,613964,6005.0,15198.0,23870,1083678,14981,629162,32846,1697539
2021-03-07 15:00:00,12114,1080594,4845.0,618809,6612.0,21810.0,18726,1102404,11457,640619,23571,1721110
2021-03-08 15:00:00,25852,1106446,8824.0,627633,8278.0,30088.0,34130,1136534,17102,657721,42954,1764064
2021-03-09 15:00:00,26110,1132556,15445.0,643078,8344.0,38432.0,34454,1170988,23789,681510,49899,1813963
2021-03-10 15:00:00,29834,1162390,15976.0,659054,7939.0,46371.0,37773,1208761,23915,705425,53749,1867712
2021-03-11 15:00:00,35968,1198358,16391.0,675445,3982.0,50353.0,39950,1248711,20373,725798,56341,1924053
2021-03-12 15:00:00,36889,1235247,18076.0,693521,2923.0,53276.0,39812,1288523,20999,746797,57888,1981941
2021-03-13 15:00:00,22658,1257905,10273.0,703794,1624.0,54900.0,24282,1312805,11897,758694,34555,2016496
2021-03-14 15:00:00,17833,1275738,6710.0,710504,1003.0,55903.0,18836,1331641,7713,766407,25546,2042042
2021-03-15 15:00:00,29799,1305537,11280.0,721784,596.0,56499.0,30395,1362036,11876,778283,41675,2083717
2021-03-16 15:00:00,33409,1338946,13558.0,735342,769.0,57268.0,34178,1396214,14327,792610,47736,2131453
2021-03-17 15:00:00,37556,1376502,17020.0,752362,1180.0,58448.0,38736,1434950,18200,810810,55756,2187209
2021-03-18 15:00:00,41423,1417925,12619.0,764981,1349.0,59797.0,42772,1477722,13968,824778,55391,2242600
2021-03-19 15:00:00,38311,1456236,15407.0,780388,1036.0,60833.0,39347,1517069,16443,841221,54754,2297354
2021-03-20 15:00:00,24681,1480917,10137.0,790525,700.0,61533.0,25381,1542450,10837,852058,35518,2332872
2021-03-21 15:00:00,19158,1500075,7863.0,798388,335.0,61868.0,19493,1561943,8198,860256,27356,2360228
2021-03-22 15:00:00,32572,1532647,11455.0,809843,833.0,62701.0,33405,1595348,12288,872544,44860,2405088
2021-03-23 15:00:00,37741,1570388,17344.0,827187,1553.0,64254.0,39294,1634642,18897,891441,56638,2461726
2021-03-24 15:00:00,41059,1611447,21177.0,848364,1384.0,65638.0,42443,1677085,22561,914002,63620,2525346
2021-03-25 15:00:00,42333,1653780,21058.0,869422,2457.0,68095.0,44790,1721875,23515,937517,65848,2591194
2021-03-26 15:00:00,36684,1690464,26296.0,895718,2496.0,70591.0,39180,1761055,28792,966309,65476,2656670
2021-03-27 15:00:00,26921,1717385,16798.0,912516,2490.0,73081.0,29411,1790466,19288,985597,46209,2702879
2021-03-28 15:00:00,17014,1734399,12620.0,925136,1616.0,74697.0,18630,1809096,14236,999833,31250,2734129
2021-03-29 15:00:00,29706,1764105,26258.0,951394,1141.0,75838.0,30847,1839943,27399,1027232,57105,2791234
2021-03-30 15:00:00,40038,1804143,28966.0,980360,1859.0,77697.0,41897,1881840,30825,1058057,70863,2862097
2021-03-31 15:00:00,41036,1845179,34644.0,1015004,5746.0,83443.0,46782,1928622,40390,1098447,81426,2943523
2021-04-01 15:00:00,41344,1886523,40072.0,1055076,5710.0,89153.0,47054,1975676,45782,1144229,87126,3030649
2021-04-02 15:00:00,35030,1921553,32509.0,1087585,6122.0,95275.0,41152,2016828,38631,1182860,73661,3104310
2021-04-03 15:00:00,21630,1943183,18666.0,1106251,4367.0,99642.0,25997,2042825,23033,1205893,44663,3148973
2021-04-04 15:00:00,8258,1951441,10179.0,1116430,965.0,100607.0,9223,2052048,11144,1217037,19402,3168375
2021-04-05 15:00:00,27919,1979360,28874.0,1145304,6654.0,107261.0,34573,2086621,35528,1252565,63447,3231822
2021-04-06 15:00:00,39748,2019108,30417.0,1175721,10489.0,117750.0,50237,2136858,40906,1293471,80654,3312476
2021-04-07 15:00:00,36044,2055152,34240.0,1209961,12980.0,130730.0,49024,2185882,47220,1340691,83264,3395740
2021-04-08 15:00:00,42297,2097449,36044.0,1246005,13860.0,144590.0,56157,2242039,49904,1390595,92201,3487941
2021-04-09 15:00:00,34042,2131491,36286.0,1282291,14523.0,159113.0,48565,2290604,50809,1441404,84851,3572792
2021-04-10 15:00:00,23451,2154942,23114.0,1305405,7636.0,166749.0,31087,2321691,30750,1472154,54201,3626993
2021-04-11 15:00:00,17558,2172500,13265.0,1318670,10122.0,176871.0,27680,2349371,23387,1495541,40945,3667938
2021-04-12 15:00:00,24590,2197090,33132.0,1351802,10898.0,187769.0,35488,2384859,44030,1539571,68620,3736558
2021-04-13 15:00:00,126787,2323877,90580.0,1442382,3292.0,191061.0,130079,2514938,93872,1633443,220659,3957217
2021-04-14 15:00:00,40699,2364576,37770.0,1480152,211.0,191272.0,40910,2555848,37981,1671424,78680,4035897
2021-04-15 15:00:00,41689,2406265,39198.0,1519350,173.0,191445.0,41862,2597710,39371,1710795,81060,4116957
2021-04-16 15:00:00,37157,2443422,38793.0,1558143,23.0,191468.0,37180,2634890,38816,1749611,75973,4192930
2021-04-17 15:00:00,32789,2476211,22006.0,1580149,12.0,191480.0,32801,2667691,22018,1771629,54807,4247737
2021-04-18 15:00:00,20065,2496276,16182.0,1596331,5.0,191485.0,20070,2687761,16187,1787816,36252,4283989
2021-04-19 15:00:00,29890,2526166,36493.0,1632824,61.0,191546.0,29951,2717712,36554,1824370,66444,4350433
2021-04-20 15:00:00,33122,2559288,44203.0,1677027,56.0,191602.0,33178,2750890,44259,1868629,77381,4427814
2021-04-21 15:00:00,39809,2599097,47000.0,1724027,24.0,191626.0,39833,2790723,47024,1915653,86833,4514647
2021-04-22 15:00:00,36395,2635492,42036.0,1766063,16.0,191642.0,36411,2827134,42052,1957705,78447,4593094
2021-04-23 15:00:00,33123,2668615,40092.0,1806155,14.0,191656.0,33137,2860271,40106,1997811,73229,4666323
2021-04-24 15:00:00,26398,2695013,27858.0,1834013,81.0,191737.0,26479,2886750,27939,2025750,54337,4720660
2021-04-25 15:00:00,20216,2715229,10952.0,1844965,31.0,191768.0,20247,2906997,10983,2036733,31199,4751859
2021-04-26 15:00:00,27404,2742633,32668.0,1877633,202.0,191970.0,27606,2934603,32870,2069603,60274,4812133
2021-04-27 15:00:00,26695,2769328,33032.0,1910665,1098.0,193068.0,27793,2962396,34130,2103733,60825,4872958
2021-04-28 15:00:00,28923,2798251,39484.0,1950149,1361.0,194429.0,30284,2992680,40845,2144578,69768,4942726
2021-04-29 15:00:00,27295,2825546,39453.0,1989602,1463.0,195892.0,28758,3021438,40916,2185494,68211,5010937
2021-04-30 15:00:00,28192,2853738,32225.0,2021827,1647.0,197539.0,29839,3051277,33872,2219366,62064,5073001
2021-05-01 15:00:00,20597,2874335,26597.0,2048424,1042.0,198581.0,21639,3072916,27639,2247005,48236,5121237
2021-05-02 15:00:00,10282,2884617,17028.0,2065452,822.0,199403.0,11104,3084020,17850,2264855,28132,5149369
2021-05-03 15:00:00,12748,2897365,28543.0,2093995,1914.0,201317.0,14662,3098682,30457,2295312,43205,5192574
2021-05-04 15:00:00,13566,2910931,38556.0,2132551,1737.0,203054.0,15303,3113985,40293,2335605,53859,5246433
2021-05-05 15:00:00,19323,2930254,37713.0,2170264,1921.0,204975.0,21244,3135229,39634,2375239,58957,5305390
2021-05-06 15:00:00,16916,2947170,40560.0,2210824,1721.0,206696.0,18637,3153866,42281,2417520,59197,5364587
2021-05-07 15:00:00,17422,2964592,36038.0,2246862,1958.0,208654.0,19380,3173246,37996,2455516,55418,5420005
2021-05-08 15:00:00,10785,2975377,31209.0,2278071,1291.0,209945.0,12076,3185322,32500,2488016,43285,5463290
2021-05-09 15:00:00,5053,2980430,11920.0,2289991,695.0,210640.0,5748,3191070,12615,2500631,17668,5480958
2021-05-10 15:00:00,8954,2989384,31030.0,2321021,1362.0,212002.0,10316,3201386,32392,2533023,41346,5522304
2021-05-11 15:00:00,12186,3001570,30255.0,2351276,1439.0,213441.0,13625,3215011,31694,2564717,43880,5566184
2021-05-12 15:00:00,13945,3015515,38566.0,2389842,1919.0,215360.0,15864,3230875,40485,2605202,54430,5620614
2021-05-13 15:00:00,21855,3037370,33429.0,2423271,1345.0,216705.0,23200,3254075,34774,2639976,56629,5677243
2021-05-14 15:00:00,24362,3061732,30002.0,2453273,1775.0,218480.0,26137,3280212,31777,2671753,56139,5733382
2021-05-15 15:00:00,21914,3083646,25085.0,2478358,1490.0,219970.0,23404,3303616,26575,2698328,48489,5781871
2021-05-16 15:00:00,9082,3092728,17563.0,2495921,1113.0,221083.0,10195,3313811,18676,2717004,27758,5809629
2021-05-17 15:00:00,16838,3109566,28362.0,2524283,1949.0,223032.0,18787,3332598,30311,2747315,47149,5856778
2021-05-18 15:00:00,21244,3130810,30664.0,2554947,1941.0,224973.0,23185,3355783,32605,2779920,53849,5910627
2021-05-19 15:00:00,27628,3158438,32392.0,2587339,1628.0,226601.0,29256,3385039,34020,2813940,61648,5972275
2021-05-20 15:00:00,20803,3179241,33232.0,2620571,1967.0,228568.0,22770,3407809,35199,2849139,56002,6028277
2021-05-21 15:00:00,19158,3198399,30296.0,2650867,1608.0,230176.0,20766,3428575,31904,2881043,51062,6079339
2021-05-22 15:00:00,16920,3215319,20665.0,2671532,1270.0,231446.0,18190,3446765,21935,2902978,38855,6118194
2021-05-23 15:00:00,8755,3224074,11431.0,2682963,964.0,232410.0,9719,3456484,12395,2915373,21150,6139344
2021-05-24 15:00:00,13563,3237637,17746.0,2700709,1474.0,233884.0,15037,3471521,19220,2934593,32783,6172127
2021-05-25 15:00:00,13000,3250637,18665.0,2719374,1329.0,235213.0,14329,3485850,19994,2954587,32994,6205121
2021-05-26 15:00:00,18290,3268927,19474.0,2738848,1511.0,236724.0,19801,3505651,20985,2975572,39275,6244396
2021-05-27 15:00:00,11684,3280611,18628.0,2757476,1116.0,237840.0,12800,3518451,19744,2995316,31428,6275824
2021-05-28 15:00:00,12499,3293110,19716.0,2777192,1400.0,239240.0,13899,3532350,21116,3016432,33615,6309439
2021-05-29 15:00:00,9549,3302659,11653.0,2788845,935.0,240175.0,10484,3542834,12588,3029020,22137,6331576
2021-05-30 15:00:00,4966,3307625,6421.0,2795266,595.0,240770.0,5561,3548395,7016,3036036,11982,6343558
2021-05-31 15:00:00,1776,3309401,3708.0,2798974,305.0,241075.0,2081,3550476,4013,3040049,5789,6349347
2021-06-01 15:00:00,9826,3319227,16389.0,2815363,1156.0,242231.0,10982,3561458,17545,3057594,27371,6376718
2021-06-02 15:00:00,10230,3329457,16781.0,2832144,959.0,243190.0,11189,3572647,17740,3075334,27970,6404688
2021-06-03 15:00:00,7898,3337355,21160.0,2853304,1086.0,244276.0,8984,3581631,22246,3097580,30144,6434832
2021-06-04 15:00:00,8202,3345557,22280.0,2875584,1119.0,245395.0,9321,3590952,23399,3120979,31601,6466433
2021-06-05 15:00:00,7012,3352569,19418.0,2895002,720.0,246115.0,7732,3598684,20138,3141117,27150,6493583
2021-06-06 15:00:00,3458,3356027,7231.0,2902233,423.0,246538.0,3881,3602565,7654,3148771,11112,6504695
2021-06-07 15:00:00,6854,3362881,15738.0,2917971,726.0,247264.0,7580,3610145,16464,3165235,23318,6528013
2021-06-08 15:00:00,6668,3369549,19677.0,2937648,829.0,248093.0,7497,3617642,20506,3185741,27174,6555187
2021-06-09 15:00:00,8193,3377742,23922.0,2961570,970.0,249063.0,9163,3626805,24892,3210633,33085,6588272
2021-06-10 15:00:00,7145,3384887,19100.0,2980670,894.0,249957.0,8039,3634844,19994,3230627,27139,6615411
2021-06-11 15:00:00,7470,3392357,17698.0,2998368,1125.0,251082.0,8595,3643439,18823,3249450,26293,6641704
2021-06-12 15:00:00,5229,3397586,14739.0,3013107,605.0,251687.0,5834,3649273,15344,3264794,20573,6662277
2021-06-13 15:00:00,1931,3399517,7560.0,3020667,427.0,252114.0,2358,3651631,7987,3272781,9918,6672195
2021-06-14 15:00:00,5654,3405171,11800.0,3032467,734.0,252848.0,6388,3658019,12534,3285315,18188,6690383
2021-06-15 15:00:00,5657,3410828,14291.0,3046758,872.0,253720.0,6529,3664548,15163,3300478,20820,6711203
2021-06-16 15:00:00,8747,3419575,21558.0,3068316,757.0,254477.0,9504,3674052,22315,3322793,31062,6742265
2021-06-17 15:00:00,6682,3426257,12352.0,3080668,720.0,255197.0,7402,3681454,13072,3335865,19754,6762019
2021-06-18 15:00:00,6838,3433095,12712.0,3093380,704.0,255901.0,7542,3688996,13416,3349281,20254,6782273
2021-06-19 15:00:00,4660,3437755,9354.0,3102734,613.0,256514.0,5273,3694269,9967,3359248,14627,6796900
2021-06-20 15:00:00,2504,3440259,5047.0,3107781,378.0,256892.0,2882,3697151,5425,3364673,7929,6804829
2021-06-21 15:00:00,5557,3445816,5330.0,3113111,635.0,257527.0,6192,3703343,5965,3370638,11522,6816351
2021-06-22 15:00:00,5196,3451012,8856.0,3121967,683.0,258210.0,5879,3709222,9539,3380177,14735,6831086
2021-06-23 15:00:00,6063,3457075,10304.0,3132271,646.0,258856.0,6709,3715931,10950,3391127,17013,6848099
2021-06-24 15:00:00,5931,3463006,8186.0,3140457,594.0,259450.0,6525,3722456,8780,3399907,14711,6862810
2021-06-25 15:00:00,5826,3468832,8622.0,3149079,620.0,260070.0,6446,3728902,9242,3409149,15068,6877878
2021-06-26 15:00:00,3699,3472531,6292.0,3155371,396.0,260466.0,4095,3732997,6688,3415837,10387,6888265
2021-06-27 15:00:00,2809,3475340,3516.0,3158887,185.0,260651.0,2994,3735991,3701,3419538,6510,6894775
2021-06-28 15:00:00,4735,3480075,6089.0,3164976,523.0,261174.0,5258,3741249,6612,3426150,11347,6906122
2021-06-29 15:00:00,5059,3485134,6457.0,3171433,520.0,261694.0,5579,3746828,6977,3433127,12036,6918158
2021-06-30 15:00:00,5617,3490751,7376.0,3178809,605.0,262299.0,6222,3753050,7981,3441108,13598,6931756
2021-07-01 15:00:00,5385,3496136,6955.0,3185764,498.0,262797.0,5883,3758933,7453,3448561,12838,6944594
2021-07-02 15:00:00,5285,3501421,6822.0,3192586,522.0,263319.0,5807,3764740,7344,3455905,12629,6957223
2021-07-03 15:00:00,3263,3504684,4056.0,3196642,264.0,263583.0,3527,3768267,4320,3460225,7583,6964806
2021-07-04 15:00:00,492,3505176,544.0,3197186,67.0,263650.0,559,3768826,611,3460836,1103,6965909
2021-07-05 15:00:00,3758,3508934,3948.0,3201134,287.0,263937.0,4045,3772871,4235,3465071,7993,6973902
2021-07-06 15:00:00,4479,3513413,6242.0,3207376,452.0,264389.0,4931,3777802,6694,3471765,11173,6985075
2021-07-07 15:00:00,4458,3517871,6390.0,3213766,482.0,264871.0,4940,3782742,6872,3478637,11330,6996405
2021-07-08 15:00:00,4827,3522698,6146.0,3219912,563.0,265434.0,5390,3788132,6709,3485346,11536,7007941
2021-07-09 15:00:00,5350,3528048,6639.0,3226551,571.0,266005.0,5921,3794053,7210,3492556,12560,7020501
2021-07-10 15:00:00,3525,3531573,4384.0,3230935,302.0,266307.0,3827,3797880,4686,3497242,8211,7028712
2021-07-11 15:00:00,2671,3534244,2564.0,3233499,225.0,266532.0,2896,3800776,2789,3500031,5460,7034172
2021-07-12 15:00:00,4413,3538657,5096.0,3238595,378.0,266910.0,4791,3805567,5474,3505505,9887,7044059
2021-07-13 15:00:00,4759,3543416,4601.0,3243196,366.0,267276.0,5125,3810692,4967,3510472,9726,7053785
2021-07-14 15:00:00,4612,3548028,5254.0,3248450,421.0,267697.0,5033,3815725,5675,3516147,10287,7064072
2021-07-15 15:00:00,4887,3552915,4995.0,3253445,357.0,268054.0,5244,3820969,5352,3521499,10239,7074311
2021-07-16 15:00:00,6279,3559194,5813.0,3259258,401.0,268455.0,6680,3827649,6214,3527713,12493,7086804
2021-07-17 15:00:00,3412,3562606,3542.0,3262800,299.0,268754.0,3711,3831360,3841,3531554,7253,7094057
2021-07-18 15:00:00,2304,3564910,2370.0,3265170,110.0,268864.0,2414,3833774,2480,3534034,4784,7098841
2021-07-19 15:00:00,5259,3570169,4473.0,3269643,379.0,269243.0,5638,3839412,4852,3538886,10111,7108952
2021-07-20 15:00:00,5327,3575496,4688.0,3274331,366.0,269609.0,5693,3845105,5054,3543940,10381,7119333
2021-07-21 15:00:00,5638,3581134,4915.0,3279246,415.0,270024.0,6053,3851158,5330,3549270,10968,7130301
2021-07-22 15:00:00,6012,3587146,4611.0,3283857,469.0,270493.0,6481,3857639,5080,3554350,11092,7141393
2021-07-23 15:00:00,6832,3593978,4818.0,3288675,493.0,270986.0,7325,3864964,5311,3559661,12143,7153536
2021-07-24 15:00:00,4278,3598256,3195.0,3291870,267.0,271253.0,4545,3869509,3462,3563123,7740,7161276
2021-07-25 15:00:00,3291,3601547,1110.0,3292980,138.0,271391.0,3429,3872938,1248,3564371,4539,7165815
2021-07-26 15:00:00,6197,3607744,3889.0,3296869,418.0,271809.0,6615,3879553,4307,3568678,10504,7176319
2021-07-27 15:00:00,6350,3614094,4055.0,3300924,455.0,272264.0,6805,3886358,4510,3573188,10860,7187179
2021-07-28 15:00:00,6803,3620897,4005.0,3304929,458.0,272722.0,7261,3893619,4463,3577651,11266,7198445
2021-07-29 15:00:00,6803,3627700,4148.0,3309077,417.0,273139.0,7220,3900839,4565,3582216,11368,7209813
2021-07-30 15:00:00,7538,3635238,4514.0,3313591,523.0,273662.0,8061,3908900,5037,3587253,12575,7222388
2021-07-31 15:00:00,4780,3640018,3042.0,3316633,273.0,273935.0,5053,3913953,3315,3590568,8095,7230483
2021-08-01 15:00:00,3857,3643875,2140.0,3318773,160.0,274095.0,4017,3917970,2300,3592868,6157,7236640
2021-08-02 15:00:00,7026,3650901,3643.0,3322416,336.0,274431.0,7362,3925332,3979,3596847,11005,7247645
2021-08-03 15:00:00,7015,3657916,3898.0,3326314,511.0,274942.0,7526,3932858,4409,3601256,11424,7259069
2021-08-04 15:00:00,7164,3665080,3899.0,3330213,530.0,275472.0,7694,3940552,4429,3605685,11593,7270662
2021-08-05 15:00:00,7685,3672765,4115.0,3334328,537.0,276009.0,8222,3948774,4652,3610337,12337,7282999
2021-08-06 15:00:00,8293,3681058,4695.0,3339023,452.0,276461.0,8745,3957519,5147,3615484,13440,7296439
2021-08-07 15:00:00,5258,3686316,2805.0,3341828,263.0,276724.0,5521,3963040,3068,3618552,8326,7304765
2021-08-08 15:00:00,3945,3690261,2046.0,3343874,143.0,276867.0,4088,3967128,2189,3620741,6134,7310899
2021-08-09 15:00:00,6922,3697183,4510.0,3348384,367.0,277234.0,7289,3974417,4877,3625618,11799,7322698
2021-08-10 15:00:00,7125,3704308,4443.0,3352827,338.0,277572.0,7463,3981880,4781,3630399,11906,7334604
2021-08-11 15:00:00,7050,3711358,4421.0,3357248,440.0,278012.0,7490,3989370,4861,3635260,11911,7346515
2021-08-12 15:00:00,8599,3719957,4717.0,3361965,444.0,278456.0,9043,3998413,5161,3640421,13760,7360275
2021-08-13 15:00:00,7135,3727092,5358.0,3367323,396.0,278852.0,7531,4005944,5754,3646175,12889,7373164
2021-08-14 15:00:00,4911,3732003,3337.0,3370660,285.0,279137.0,5196,4011140,3622,3649797,8533,7381697
2021-08-15 15:00:00,3324,3735327,2730.0,3373390,163.0,279300.0,3487,4014627,2893,3652690,6217,7387914
2021-08-16 15:00:00,5434,3740761,5076.0,3378466,352.0,279652.0,5786,4020413,5428,3658118,10862,7398776
2021-08-17 15:00:00,6965,3747726,5180.0,3383646,389.0,280041.0,7354,4027767,5569,3663687,12534,7411310
2021-08-18 15:00:00,6502,3754228,5297.0,3388943,478.0,280519.0,6980,4034747,5775,3669462,12277,7423587
2021-08-19 15:00:00,5987,3760215,5321.0,3394264,415.0,280934.0,6402,4041149,5736,3675198,11723,7435310
2021-08-20 15:00:00,7036,3767251,6325.0,3400589,401.0,281335.0,7437,4048586,6726,3681924,13762,7449072
2021-08-21 15:00:00,4321,3771572,3912.0,3404501,228.0,281563.0,4549,4053135,4140,3686064,8461,7457533
2021-08-22 15:00:00,3060,3774632,3164.0,3407665,110.0,281673.0,3170,4056305,3274,3689338,6334,7463867
2021-08-23 15:00:00,6165,3780797,5915.0,3413580,285.0,281958.0,6450,4062755,6200,3695538,12365,7476232
2021-08-24 15:00:00,6658,3787455,5878.0,3419458,424.0,282382.0,7082,4069837,6302,3701840,12960,7489192
2021-08-25 15:00:00,6911,3794366,6020.0,3425478,440.0,282822.0,7351,4077188,6460,3708300,13371,7502563
2021-08-26 15:00:00,7184,3801550,6428.0,3431906,427.0,283249.0,7611,4084799,6855,3715155,14039,7516602
2021-08-27 15:00:00,6872,3808422,7017.0,3438923,316.0,283565.0,7188,4091987,7333,3722488,14205,7530807
2021-08-28 15:00:00,6905,3815327,6493.0,3445416,324.0,283889.0,7229,4099216,6817,3729305,13722,7544529
2021-08-29 15:00:00,3737,3819064,3678.0,3449094,610.0,284499.0,4347,4103563,4288,3733593,8025,7552554
2021-08-30 15:00:00,5949,3825013,6096.0,3455190,960.0,285459.0,6909,4110472,7056,3740649,13005,7565559
2021-08-31 15:00:00,5704,3830717,5913.0,3461103,945.0,286404.0,6649,4117121,6858,3747507,12562,7578121
2021-09-01 15:00:00,5588,3836305,5610.0,3466713,914.0,287318.0,6502,4123623,6524,3754031,12112,7590233
2021-09-02 15:00:00,5523,3841828,5899.0,3472612,703.0,288021.0,6226,4129849,6602,3760633,12125,7602358
2021-09-03 15:00:00,6003,3847831,6882.0,3479494,973.0,288994.0,6976,4136825,7855,3768488,13858,7616216
2021-09-04 15:00:00,3717,3851548,4335.0,3483829,879.0,289873.0,4596,4141421,5214,3773702,8931,7625147
2021-09-05 15:00:00,2953,3854501,2807.0,3486636,106.0,289979.0,3059,4144480,2913,3776615,5866,7631013
2021-09-06 15:00:00,1058,3855559,1149.0,3487785,63.0,290042.0,1121,4145601,1212,3777827,2270,7633283
2021-09-07 15:00:00,5341,3860900,7266.0,3495051,2304.0,292346.0,7645,4153246,9570,3787397,14911,7648194
2021-09-08 15:00:00,4657,3865557,5449.0,3500500,364.0,292710.0,5021,4158267,5813,3793210,10470,7658664
2021-09-09 15:00:00,5082,3870639,5360.0,3505860,324.0,293034.0,5406,4163673,5684,3798894,10766,7669430
2021-09-10 15:00:00,6546,3877185,6597.0,3512457,1718.0,294752.0,8264,4171937,8315,3807209,14861,7684291
2021-09-11 15:00:00,4169,3881354,4325.0,3516782,665.0,295417.0,4834,4176771,4990,3812199,9159,7693450
2021-09-12 15:00:00,3163,3884517,3234.0,3520016,436.0,295853.0,3599,4180370,3670,3815869,6833,7700283
2021-09-13 15:00:00,4673,3889190,4847.0,3524863,346.0,296199.0,5019,4185389,5193,3821062,9866,7710149
2021-09-14 15:00:00,4585,3893775,5201.0,3530064,435.0,296634.0,5020,4190409,5636,3826698,10221,7720370
2021-09-15 15:00:00,4848,3898623,5608.0,3535672,388.0,297022.0,5236,4195645,5996,3832694,10844,7731214
2021-09-16 15:00:00,4593,3903216,5608.0,3541280,336.0,297358.0,4929,4200574,5944,3838638,10537,7741751
2021-09-17 15:00:00,5043,3908259,6332.0,3547612,343.0,297701.0,5386,4205960,6675,3845313,11718,7753469
2021-09-18 15:00:00,3792,3912051,4562.0,3552174,185.0,297886.0,3977,4209937,4747,3850060,8539,7762008
2021-09-19 15:00:00,2743,3914794,3156.0,3555330,75.0,297961.0,2818,4212755,3231,3853291,5974,7767982
2021-09-20 15:00:00,3561,3918355,4465.0,3559795,430.0,298391.0,3991,4216746,4895,3858186,8456,7776438
2021-09-21 15:00:00,3811,3922166,4819.0,3564614,326.0,298717.0,4137,4220883,5145,3863331,8956,7785394
2021-09-22 15:00:00,4201,3926367,4754.0,3569368,458.0,299175.0,4659,4225542,5212,3868543,9413,7794807
2021-09-23 15:00:00,4182,3930549,4704.0,3574072,492.0,299667.0,4674,4230216,5196,3873739,9378,7804185
2021-09-24 15:00:00,5087,3935636,5580.0,3579652,422.0,300089.0,5509,4235725,6002,3879741,11089,7815274
2021-09-25 15:00:00,3626,3939262,3625.0,3583277,385.0,300474.0,4011,4239736,4010,3883751,7636,7822910
2021-09-26 15:00:00,2357,3941619,2659.0,3585936,423.0,300897.0,2780,4242516,3082,3886833,5439,7828349
2021-09-27 15:00:00,4511,3946130,2690.0,3588626,509.0,301406.0,5020,4247536,3199,3890032,7710,7836059
2021-09-28 15:00:00,4404,3950534,4436.0,3593062,211.0,301617.0,4615,4252151,4647,3894679,9051,7845110
2021-09-29 15:00:00,4701,3955235,4504.0,3597566,919.0,302536.0,5620,4257771,5423,3900102,10124,7855234
2021-09-30 15:00:00,4890,3960125,4558.0,3602124,793.0,303329.0,5683,4263454,5351,3905453,10241,7865475
2021-10-01 15:00:00,5494,3965619,5300.0,3607424,781.0,304110.0,6275,4269729,6081,3911534,11575,7877050
2021-10-02 15:00:00,2937,3968556,2890.0,3610314,187.0,304297.0,3124,4272853,3077,3914611,6014,7883064
2021-10-03 15:00:00,2079,3970635,2377.0,3612691,86.0,304383.0,2165,4275018,2463,3917074,4542,7887606
2021-10-04 15:00:00,4155,3974790,3373.0,3616064,232.0,304615.0,4387,4279405,3605,3920679,7760,7895366
2021-10-05 15:00:00,4058,3978848,3571.0,3619635,207.0,304822.0,4265,4283670,3778,3924457,7836,7903202
2021-10-06 15:00:00,4121,3982969,3493.0,3623128,264.0,305086.0,4385,4288055,3757,3928214,7878,7911080
2021-10-07 15:00:00,4368,3987337,3512.0,3626640,331.0,305417.0,4699,4292754,3843,3932057,8211,7919291
2021-10-08 15:00:00,4946,3992283,4122.0,3630762,282.0,305699.0,5228,4297982,4404,3936461,9350,7928641
2021-10-09 15:00:00,2685,3994968,2674.0,3633436,270.0,305969.0,2955,4300937,2944,3939405,5629,7934270
2021-10-10 15:00:00,1865,3996833,1846.0,3635282,59.0,306028.0,1924,4302861,1905,3941310,3770,7938040
2021-10-11 15:00:00,4371,4001204,3190.0,3638472,249.0,306277.0,4620,4307481,3439,3944749,7810,7945850
2021-10-12 15:00:00,3726,4004930,3405.0,3641877,271.0,306548.0,3997,4311478,3676,3948425,7402,7953252
2021-10-13 15:00:00,3981,4008911,3443.0,3645320,346.0,306894.0,4327,4315805,3789,3952214,7770,7961022
2021-10-14 15:00:00,5191,4014102,5480.0,3650800,429.0,307323.0,5620,4321425,5909,3958123,11100,7972122
2021-10-15 15:00:00,4728,4018830,4585.0,3655385,347.0,307670.0,5075,4326500,4932,3963055,9660,7981782
2021-10-16 15:00:00,2494,4021324,2506.0,3657891,290.0,307960.0,2784,4329284,2796,3965851,5290,7987072
2021-10-17 15:00:00,1808,4023132,1776.0,3659667,55.0,308015.0,1863,4331147,1831,3967682,3639,7990711
2021-10-18 15:00:00,4308,4027440,3574.0,3663241,266.0,308281.0,4574,4335721,3840,3971522,8148,7998859
2021-10-19 15:00:00,4324,4031764,4037.0,3667278,222.0,308503.0,4546,4340267,4259,3975781,8583,8007442
2021-10-20 15:00:00,3547,4035311,3435.0,3670713,254.0,308757.0,3801,4344068,3689,3979470,7236,8014678
2021-10-21 15:00:00,3312,4038623,3263.0,3673976,290.0,309047.0,3602,4347670,3553,3983023,6865,8021543
2021-10-22 15:00:00,4699,4043322,4045.0,3678021,475.0,309522.0,5174,4352844,4520,3987543,9219,8030762
2021-10-23 15:00:00,2894,4046216,2126.0,3680147,321.0,309843.0,3215,4356059,2447,3989990,5341,8036103
2021-10-24 15:00:00,2060,4048276,1560.0,3681707,78.0,309921.0,2138,4358197,1638,3991628,3698,8039801
2021-10-25 15:00:00,4553,4052829,3120.0,3684827,316.0,310237.0,4869,4363066,3436,3995064,7989,8047790
2021-10-26 15:00:00,4516,4057345,3142.0,3687969,311.0,310548.0,4827,4367893,3453,3998517,7969,8055759
2021-10-27 15:00:00,4746,4062091,3398.0,3691367,429.0,310977.0,5175,4373068,3827,4002344,8573,8064332
2021-10-28 15:00:00,4564,4066655,3432.0,3694799,496.0,311473.0,5060,4378128,3928,4006272,8492,8072824
2021-10-29 15:00:00,4975,4071630,3948.0,3698747,393.0,311866.0,5368,4383496,4341,4010613,9316,8082140
2021-10-30 15:00:00,2633,4074263,1857.0,3700604,308.0,312174.0,2941,4386437,2165,4012778,4798,8086938
2021-10-31 15:00:00,1946,4076209,1522.0,3702126,93.0,312267.0,2039,4388476,1615,4014393,3561,8090499
2021-11-01 15:00:00,4686,4080895,3501.0,3705627,342.0,312609.0,5028,4393504,3843,4018236,8529,8099028
2021-11-02 15:00:00,4252,4085147,3030.0,3708657,405.0,313014.0,4657,4398161,3435,4021671,7687,8106715
2021-11-03 15:00:00,4669,4089816,3132.0,3711789,458.0,313472.0,5127,4403288,3590,4025261,8259,8114974
2021-11-04 15:00:00,6290,4096106,3427.0,3715216,512.0,313984.0,6802,4410090,3939,4029200,10229,8125203
2021-11-05 15:00:00,8212,4104318,3846.0,3719062,409.0,314393.0,8621,4418711,4255,4033455,12467,8137670
2021-11-06 15:00:00,10069,4114387,1994.0,3721056,305.0,314698.0,10374,4429085,2299,4035754,12368,8150038
2021-11-07 15:00:00,7717,4122104,1476.0,3722532,94.0,314792.0,7811,4436896,1570,4037324,9287,8159325
2021-11-08 15:00:00,11287,4133391,3116.0,3725648,379.0,315171.0,11666,4448562,3495,4040819,14782,8174107
2021-11-09 15:00:00,11752,4145143,2739.0,3728387,268.0,315439.0,12020,4460582,3007,4043826,14759,8188866
2021-11-10 15:00:00,12560,4157703,2841.0,3731228,337.0,315776.0,12897,4473479,3178,4047004,15738,8204604
2021-11-11 15:00:00,11321,4169024,2466.0,3733694,281.0,316057.0,11602,4485081,2747,4049751,14068,8218672
2021-11-12 15:00:00,12268,4181292,3440.0,3737134,548.0,316605.0,12816,4497897,3988,4053739,16256,8234928
2021-11-13 15:00:00,9765,4191057,1602.0,3738736,342.0,316947.0,10107,4508004,1944,4055683,11709,8246637
2021-11-14 15:00:00,3922,4194979,1134.0,3739870,121.0,317068.0,4043,4512047,1255,4056938,5177,8251814
2021-11-15 15:00:00,8594,4203573,2629.0,3742499,205.0,317273.0,8799,4520846,2834,4059772,11428,8263242
2021-11-16 15:00:00,9216,4212789,2597.0,3745096,255.0,317528.0,9471,4530317,2852,4062624,12068,8275310
2021-11-17 15:00:00,9375,4222164,2962.0,3748058,312.0,317840.0,9687,4540004,3274,4065898,12649,8287959
2021-11-18 15:00:00,9275,4231439,2713.0,3750771,479.0,318319.0,9754,4549758,3192,4069090,12467,8300426
2021-11-19 15:00:00,9779,4241218,3021.0,3753792,381.0,318700.0,10160,4559918,3402,4072492,13181,8313607
2021-11-20 15:00:00,10625,4251843,1622.0,3755414,454.0,319154.0,11079,4570997,2076,4074568,12701,8326308
2021-11-21 15:00:00,4344,4256187,1210.0,3756624,99.0,319253.0,4443,4575440,1309,4075877,5653,8331961
2021-11-22 15:00:00,9768,4265955,2578.0,3759202,292.0,319545.0,10060,4585500,2870,4078747,12638,8344599
2021-11-23 15:00:00,9161,4275116,2498.0,3761700,280.0,319825.0,9441,4594941,2778,4081525,11939,8356538
2021-11-24 15:00:00,8089,4283205,2546.0,3764246,215.0,320040.0,8304,4603245,2761,4084286,10850,8367388
2021-11-25 15:00:00,239,4283444,76.0,3764322,10.0,320050.0,249,4603494,86,4084372,325,8367713
2021-11-26 15:00:00,5664,4289108,4053.0,3768375,152.0,320202.0,5816,4609310,4205,4088577,9869,8377582
2021-11-27 15:00:00,3782,4292890,5450.0,3773825,134.0,320336.0,3916,4613226,5584,4094161,9366,8386948
2021-11-28 15:00:00,2419,4295309,6376.0,3780201,77.0,320413.0,2496,4615722,6453,4100614,8872,8395820
2021-11-29 15:00:00,6362,4301671,9319.0,3789520,378.0,320791.0,6740,4622462,9697,4110311,16059,8411879
2021-11-30 15:00:00,6227,4307898,9352.0,3798872,264.0,321055.0,6491,4628953,9616,4119927,15843,8427722
2021-12-01 15:00:00,7201,4315099,9635.0,3808507,305.0,321360.0,7506,4636459,9940,4129867,17141,8444863
2021-12-02 15:00:00,6857,4321956,8779.0,3817286,450.0,321810.0,7307,4643766,9229,4139096,16086,8460949
2021-12-03 15:00:00,7528,4329484,9249.0,3826535,249.0,322059.0,7777,4651543,9498,4148594,17026,8477975
2021-12-04 15:00:00,5844,4335328,9694.0,3836229,457.0,322516.0,6301,4657844,10151,4158745,15995,8493970
2021-12-05 15:00:00,3463,4338791,3193.0,3839422,77.0,322593.0,3540,4661384,3270,4162015,6733,8500703
2021-12-06 15:00:00,6718,4345509,7127.0,3846549,277.0,322870.0,6995,4668379,7404,4169419,14122,8514825
2021-12-07 15:00:00,6345,4351854,7028.0,3853577,247.0,323117.0,6592,4674971,7275,4176694,13620,8528445
2021-12-08 15:00:00,6868,4358722,7383.0,3860960,314.0,323431.0,7182,4682153,7697,4184391,14565,8543010
2021-12-09 15:00:00,6463,4365185,7032.0,3867992,397.0,323828.0,6860,4689013,7429,4191820,13892,8556902
2021-12-10 15:00:00,7196,4372381,7358.0,3875350,228.0,324056.0,7424,4696437,7586,4199406,14782,8571684
2021-12-11 15:00:00,4440,4376821,7611.0,3882961,333.0,324389.0,4773,4701210,7944,4207350,12384,8584068
2021-12-12 15:00:00,3989,4380810,2781.0,3885742,60.0,324449.0,4049,4705259,2841,4210191,6830,8590898
2021-12-13 15:00:00,5689,4386499,5779.0,3891521,241.0,324690.0,5930,4711189,6020,4216211,11709,8602607
2021-12-14 15:00:00,6413,4392912,5971.0,3897492,212.0,324902.0,6625,4717814,6183,4222394,12596,8615203
2021-12-15 15:00:00,7083,4399995,5684.0,3903176,247.0,325149.0,7330,4725144,5931,4228325,13014,8628217
2021-12-16 15:00:00,7781,4407776,2864.0,3906040,421.0,325570.0,8202,4733346,3285,4231610,11066,8639283
2021-12-17 15:00:00,7755,4415531,4202.0,3910242,192.0,325762.0,7947,4741293,4394,4236004,12149,8651432
2021-12-18 15:00:00,5765,4421296,3188.0,3913430,297.0,326059.0,6062,4747355,3485,4239489,9250,8660682
2021-12-19 15:00:00,3381,4424677,1351.0,3914781,35.0,326094.0,3416,4750771,1386,4240875,4767,8665449
2021-12-20 15:00:00,7985,4432662,3781.0,3918562,159.0,326253.0,8144,4758915,3940,4244815,11925,8677374
2021-12-21 15:00:00,8859,4441521,4146.0,3922708,160.0,326413.0,9019,4767934,4306,4249121,13165,8690539
2021-12-22 15:00:00,8544,4450065,3862.0,3926570,169.0,326582.0,8713,4776647,4031,4253152,12575,8703114
2021-12-23 15:00:00,8252,4458317,3529.0,3930099,355.0,326937.0,8607,4785254,3884,4257036,12136,8715250
2021-12-24 15:00:00,1593,4459910,996.0,3931095,37.0,326974.0,1630,4786884,1033,4258069,2626,8717876
2021-12-25 15:00:00,47,4459957,35.0,3931130,1.0,326975.0,48,4786932,36,4258105,83,8717959
2021-12-26 15:00:00,2486,4462443,1735.0,3932865,44.0,327019.0,2530,4789462,1779,4259884,4265,8722224
2021-12-27 15:00:00,7118,4469561,3994.0,3936859,294.0,327313.0,7412,4796874,4288,4264172,11406,8733630
2021-12-28 15:00:00,7686,4477247,3785.0,3940644,159.0,327472.0,7845,4804719,3944,4268116,11630,8745260
2021-12-29 15:00:00,8066,4485313,3991.0,3944635,152.0,327624.0,8218,4812937,4143,4272259,12209,8757469
2021-12-30 15:00:00,7286,4492599,3745.0,3948380,284.0,327908.0,7570,4820507,4029,4276288,11315,8768784
2021-12-31 15:00:00,2488,4495087,1492.0,3949872,89.0,327997.0,2577,4823084,1581,4277869,4069,8772853
2022-01-01 15:00:00,669,4495756,323.0,3950195,31.0,328028.0,700,4823784,354,4278223,1023,8773876
2022-01-02 15:00:00,2142,4497898,1613.0,3951808,42.0,328070.0,2184,4825968,1655,4279878,3797,8777673
2022-01-03 15:00:00,3300,4501198,2034.0,3953842,219.0,328289.0,3519,4829487,2253,4282131,5553,8783226
2022-01-04 15:00:00,5682,4506880,3400.0,3957242,162.0,328451.0,5844,4835331,3562,4285693,9244,8792470
2022-01-05 15:00:00,6608,4513488,4639.0,3961881,164.0,328615.0,6772,4842103,4803,4290496,11411,8803881
2022-01-06 15:00:00,6493,4519981,4703.0,3966584,255.0,328870.0,6748,4848851,4958,4295454,11451,8815332
2022-01-07 15:00:00,5651,4525632,3605.0,3970189,154.0,329024.0,5805,4854656,3759,4299213,9410,8824742
2022-01-08 15:00:00,4280,4529912,3664.0,3973853,72.0,329096.0,4352,4859008,3736,4302949,8016,8832758
2022-01-09 15:00:00,2688,4532600,1980.0,3975833,154.0,329250.0,2842,4861850,2134,4305083,4822,8837580
2022-01-10 15:00:00,6020,4538620,3741.0,3979574,148.0,329398.0,6168,4868018,3889,4308972,9909,8847489
2022-01-11 15:00:00,5976,4544596,4010.0,3983584,130.0,329528.0,6106,4874124,4140,4313112,10116,8857605
2022-01-12 15:00:00,3103,4547699,2131.0,3985715,159.0,329687.0,3262,4877386,2290,4315402,5393,8862998
