VACCINATION_DATE,FirstDailyDose,FirstDoseCumulative,SecondDailyDose,SecondDoseCumulative,SingleDailyDose,SingleDoseCumulative,AtleastOneVaccine,AtleastOneVaccineCumulative,CompletedVax,CompletedVaxCumulative,FirstSecondSingleVaccinations,FirstSecondSingleVaccinationsCumulative
2020-12-14 15:00:00,19,1405,,524,,,19,1405,0,524,19,1825
2020-12-15 15:00:00,61,1466,3.0,527,,,61,1466,3,527,64,1889
2020-12-16 15:00:00,595,2061,5.0,532,,,595,2061,5,532,600,2489
2020-12-17 15:00:00,1165,3226,8.0,540,,,1165,3226,8,540,1173,3662
2020-12-18 15:00:00,3021,6247,12.0,552,,,3021,6247,12,552,3033,6695
2020-12-19 15:00:00,931,7178,5.0,557,,,931,7178,5,557,936,7631
2020-12-20 15:00:00,364,7542,6.0,563,,,364,7542,6,563,370,8001
2020-12-21 15:00:00,3889,11431,26.0,589,,,3889,11431,26,589,3915,11916
2020-12-22 15:00:00,6324,17755,27.0,616,,,6324,17755,27,616,6351,18267
2020-12-23 15:00:00,5785,23540,36.0,652,,,5785,23540,36,652,5821,24088
2020-12-24 15:00:00,2729,26269,15.0,667,,,2729,26269,15,667,2744,26832
2020-12-25 15:00:00,1035,27304,4.0,671,,,1035,27304,4,671,1039,27871
2020-12-26 15:00:00,1883,29187,9.0,680,,,1883,29187,9,680,1892,29763
2020-12-27 15:00:00,1802,30989,12.0,692,,,1802,30989,12,692,1814,31577
2020-12-28 15:00:00,8983,39972,50.0,742,,,8983,39972,50,742,9033,40610
2020-12-29 15:00:00,10970,50942,53.0,795,,,10970,50942,53,795,11023,51633
2020-12-30 15:00:00,12494,63436,92.0,887,,,12494,63436,92,887,12586,64219
2020-12-31 15:00:00,7553,70989,47.0,934,,,7553,70989,47,934,7600,71819
2021-01-01 15:00:00,3307,74296,141.0,1075,,,3307,74296,141,1075,3448,75267
2021-01-02 15:00:00,3044,77340,34.0,1109,,,3044,77340,34,1109,3078,78345
2021-01-03 15:00:00,3411,80751,82.0,1191,,,3411,80751,82,1191,3493,81838
2021-01-04 15:00:00,13367,94118,336.0,1527,,,13367,94118,336,1527,13703,95541
2021-01-05 15:00:00,12487,106605,549.0,2076,,,12487,106605,549,2076,13036,108577
2021-01-06 15:00:00,15267,121872,864.0,2940,,,15267,121872,864,2940,16131,124708
2021-01-07 15:00:00,15040,136912,1779.0,4719,,,15040,136912,1779,4719,16819,141527
2021-01-08 15:00:00,24014,160926,2785.0,7504,,,24014,160926,2785,7504,26799,168326
2021-01-09 15:00:00,5174,166100,955.0,8459,,,5174,166100,955,8459,6129,174455
2021-01-10 15:00:00,2972,169072,384.0,8843,,,2972,169072,384,8843,3356,177811
2021-01-11 15:00:00,13729,182801,3470.0,12313,,,13729,182801,3470,12313,17199,195010
2021-01-12 15:00:00,17395,200196,5593.0,17906,,,17395,200196,5593,17906,22988,217998
2021-01-13 15:00:00,18621,218817,3930.0,21836,,,18621,218817,3930,21836,22551,240549
2021-01-14 15:00:00,17859,236676,1963.0,23799,,,17859,236676,1963,23799,19822,260371
2021-01-15 15:00:00,19484,256160,2033.0,25832,,,19484,256160,2033,25832,21517,281888
2021-01-16 15:00:00,5839,261999,1617.0,27449,,,5839,261999,1617,27449,7456,289344
2021-01-17 15:00:00,2124,264123,1480.0,28929,,,2124,264123,1480,28929,3604,292948
2021-01-18 15:00:00,7080,271203,3260.0,32189,,,7080,271203,3260,32189,10340,303288
2021-01-19 15:00:00,16958,288161,5406.0,37595,,,16958,288161,5406,37595,22364,325652
2021-01-20 15:00:00,21008,309169,5325.0,42920,,,21008,309169,5325,42920,26333,351985
2021-01-21 15:00:00,23816,332985,3851.0,46771,,,23816,332985,3851,46771,27667,379652
2021-01-22 15:00:00,28657,361642,3759.0,50530,,,28657,361642,3759,50530,32416,412068
2021-01-23 15:00:00,10124,371766,1943.0,52473,,,10124,371766,1943,52473,12067,424135
2021-01-24 15:00:00,3356,375122,1723.0,54196,,,3356,375122,1723,54196,5079,429214
2021-01-25 15:00:00,16307,391429,8606.0,62802,,,16307,391429,8606,62802,24913,454127
2021-01-26 15:00:00,17564,408993,8979.0,71781,,,17564,408993,8979,71781,26543,480670
2021-01-27 15:00:00,24439,433432,12555.0,84336,,,24439,433432,12555,84336,36994,517664
2021-01-28 15:00:00,22659,456091,9331.0,93667,,,22659,456091,9331,93667,31990,549654
2021-01-29 15:00:00,24785,480876,7930.0,101597,,,24785,480876,7930,101597,32715,582369
2021-01-30 15:00:00,17780,498656,2564.0,104161,,,17780,498656,2564,104161,20344,602713
2021-01-31 15:00:00,3765,502421,1371.0,105532,,,3765,502421,1371,105532,5136,607849
2021-02-01 15:00:00,8131,510552,5396.0,110928,,,8131,510552,5396,110928,13527,621376
2021-02-02 15:00:00,12514,523066,13831.0,124759,,,12514,523066,13831,124759,26345,647721
2021-02-03 15:00:00,18261,541327,18137.0,142896,,,18261,541327,18137,142896,36398,684119
2021-02-04 15:00:00,22136,563463,15795.0,158691,,,22136,563463,15795,158691,37931,722050
2021-02-05 15:00:00,20406,583869,17436.0,176127,,,20406,583869,17436,176127,37842,759892
2021-02-06 15:00:00,11370,595239,14534.0,190661,,,11370,595239,14534,190661,25904,785796
2021-02-07 15:00:00,5986,601225,1943.0,192604,,,5986,601225,1943,192604,7929,793725
2021-02-08 15:00:00,13006,614231,12972.0,205576,,,13006,614231,12972,205576,25978,819703
2021-02-09 15:00:00,16663,630894,13879.0,219455,,,16663,630894,13879,219455,30542,850245
2021-02-10 15:00:00,19315,650209,21315.0,240770,,,19315,650209,21315,240770,40630,890875
2021-02-11 15:00:00,22947,673156,17376.0,258146,,,22947,673156,17376,258146,40323,931198
2021-02-12 15:00:00,20423,693579,19667.0,277813,,,20423,693579,19667,277813,40090,971288
2021-02-13 15:00:00,11470,705049,6425.0,284238,,,11470,705049,6425,284238,17895,989183
2021-02-14 15:00:00,7118,712167,2136.0,286374,,,7118,712167,2136,286374,9254,998437
2021-02-15 15:00:00,11767,723934,13343.0,299717,,,11767,723934,13343,299717,25110,1023547
2021-02-16 15:00:00,16657,740591,21028.0,320745,,,16657,740591,21028,320745,37685,1061232
2021-02-17 15:00:00,20673,761264,26380.0,347125,,,20673,761264,26380,347125,47053,1108285
2021-02-18 15:00:00,3204,764468,4623.0,351748,,,3204,764468,4623,351748,7827,1116112
2021-02-19 15:00:00,10258,774726,19927.0,371675,,,10258,774726,19927,371675,30185,1146297
2021-02-20 15:00:00,10322,785048,20297.0,391972,,,10322,785048,20297,391972,30619,1176916
2021-02-21 15:00:00,6186,791234,7662.0,399634,,,6186,791234,7662,399634,13848,1190764
2021-02-22 15:00:00,8034,799268,15481.0,415115,,,8034,799268,15481,415115,23515,1214279
2021-02-23 15:00:00,15542,814810,15976.0,431091,,,15542,814810,15976,431091,31518,1245797
2021-02-24 15:00:00,18000,832810,24846.0,455937,,,18000,832810,24846,455937,42846,1288643
2021-02-25 15:00:00,20386,853196,26582.0,482519,,,20386,853196,26582,482519,46968,1335611
2021-02-26 15:00:00,26693,879889,26272.0,508791,,,26693,879889,26272,508791,52965,1388576
2021-02-27 15:00:00,16031,895920,11159.0,519950,,,16031,895920,11159,519950,27190,1415766
2021-02-28 15:00:00,15520,911440,4887.0,524837,,,15520,911440,4887,524837,20407,1436173
2021-03-01 15:00:00,27100,938540,12643.0,537480,,,27100,938540,12643,537480,39743,1475916
2021-03-02 15:00:00,23981,962521,13296.0,550776,36.0,36.0,24017,962557,13332,550812,37313,1513229
2021-03-03 15:00:00,30220,992741,18409.0,569185,189.0,225.0,30409,992966,18598,569410,48818,1562047
2021-03-04 15:00:00,31000,1023741,18247.0,587432,4068.0,4293.0,35068,1028034,22315,591725,53315,1615362
2021-03-05 15:00:00,30076,1053817,19751.0,607183,4909.0,9202.0,34985,1063019,24660,616385,54736,1670098
2021-03-06 15:00:00,18990,1072807,9531.0,616714,6010.0,15212.0,25000,1088019,15541,631926,34531,1704629
2021-03-07 15:00:00,12147,1084954,4928.0,621642,6610.0,21822.0,18757,1106776,11538,643464,23685,1728314
2021-03-08 15:00:00,25922,1110876,8858.0,630500,8273.0,30095.0,34195,1140971,17131,660595,43053,1771367
2021-03-09 15:00:00,26143,1137019,15488.0,645988,8342.0,38437.0,34485,1175456,23830,684425,49973,1821340
2021-03-10 15:00:00,29884,1166903,16043.0,662031,7939.0,46376.0,37823,1213279,23982,708407,53866,1875206
2021-03-11 15:00:00,36011,1202914,16415.0,678446,3981.0,50357.0,39992,1253271,20396,728803,56407,1931613
2021-03-12 15:00:00,36900,1239814,18140.0,696586,2928.0,53285.0,39828,1293099,21068,749871,57968,1989581
2021-03-13 15:00:00,22670,1262484,10330.0,706916,1629.0,54914.0,24299,1317398,11959,761830,34629,2024210
2021-03-14 15:00:00,17829,1280313,6734.0,713650,1007.0,55921.0,18836,1336234,7741,769571,25570,2049780
2021-03-15 15:00:00,29877,1310190,11351.0,725001,597.0,56518.0,30474,1366708,11948,781519,41825,2091605
2021-03-16 15:00:00,33472,1343662,13581.0,738582,770.0,57288.0,34242,1400950,14351,795870,47823,2139428
2021-03-17 15:00:00,37619,1381281,17071.0,755653,1181.0,58469.0,38800,1439750,18252,814122,55871,2195299
2021-03-18 15:00:00,41474,1422755,12679.0,768332,1354.0,59823.0,42828,1482578,14033,828155,55507,2250806
2021-03-19 15:00:00,38366,1461121,15429.0,783761,1045.0,60868.0,39411,1521989,16474,844629,54840,2305646
2021-03-20 15:00:00,24716,1485837,10227.0,793988,704.0,61572.0,25420,1547409,10931,855560,35647,2341293
2021-03-21 15:00:00,19186,1505023,7898.0,801886,337.0,61909.0,19523,1566932,8235,863795,27421,2368714
2021-03-22 15:00:00,32599,1537622,11499.0,813385,835.0,62744.0,33434,1600366,12334,876129,44933,2413647
2021-03-23 15:00:00,38405,1576027,17847.0,831232,1556.0,64300.0,39961,1640327,19403,895532,57808,2471455
2021-03-24 15:00:00,41075,1617102,21246.0,852478,1388.0,65688.0,42463,1682790,22634,918166,63709,2535164
2021-03-25 15:00:00,42902,1660004,21719.0,874197,2457.0,68145.0,45359,1728149,24176,942342,67078,2602242
2021-03-26 15:00:00,36373,1696377,26710.0,900907,2495.0,70640.0,38868,1767017,29205,971547,65578,2667820
2021-03-27 15:00:00,26470,1722847,17317.0,918224,2491.0,73131.0,28961,1795978,19808,991355,46278,2714098
2021-03-28 15:00:00,17009,1739856,12686.0,930910,1615.0,74746.0,18624,1814602,14301,1005656,31310,2745408
2021-03-29 15:00:00,29719,1769575,26384.0,957294,1143.0,75889.0,30862,1845464,27527,1033183,57246,2802654
2021-03-30 15:00:00,40046,1809621,29073.0,986367,1865.0,77754.0,41911,1887375,30938,1064121,70984,2873638
2021-03-31 15:00:00,41015,1850636,34738.0,1021105,5748.0,83502.0,46763,1934138,40486,1104607,81501,2955139
2021-04-01 15:00:00,42382,1893018,41111.0,1062216,5748.0,89250.0,48130,1982268,46859,1151466,89241,3044380
2021-04-02 15:00:00,34917,1927935,32729.0,1094945,6128.0,95378.0,41045,2023313,38857,1190323,73774,3118154
2021-04-03 15:00:00,21161,1949096,19226.0,1114171,4389.0,99767.0,25550,2048863,23615,1213938,44776,3162930
2021-04-04 15:00:00,8294,1957390,10220.0,1124391,968.0,100735.0,9262,2058125,11188,1225126,19482,3182412
2021-04-05 15:00:00,27950,1985340,28972.0,1153363,6658.0,107393.0,34608,2092733,35630,1260756,63580,3245992
2021-04-06 15:00:00,39797,2025137,30509.0,1183872,10496.0,117889.0,50293,2143026,41005,1301761,80802,3326794
2021-04-07 15:00:00,36092,2061229,34347.0,1218219,12991.0,130880.0,49083,2192109,47338,1349099,83430,3410224
2021-04-08 15:00:00,42344,2103573,36118.0,1254337,13864.0,144744.0,56208,2248317,49982,1399081,92326,3502550
2021-04-09 15:00:00,34066,2137639,36332.0,1290669,14528.0,159272.0,48594,2296911,50860,1449941,84926,3587476
2021-04-10 15:00:00,23468,2161107,23152.0,1313821,7640.0,166912.0,31108,2328019,30792,1480733,54260,3641736
2021-04-11 15:00:00,17577,2178684,13285.0,1327106,10124.0,177036.0,27701,2355720,23409,1504142,40986,3682722
2021-04-12 15:00:00,24580,2203264,33249.0,1360355,10899.0,187935.0,35479,2391199,44148,1548290,68728,3751450
2021-04-13 15:00:00,126144,2329408,91311.0,1451666,3293.0,191228.0,129437,2520636,94604,1642894,220748,3972198
2021-04-14 15:00:00,40721,2370129,37838.0,1489504,213.0,191441.0,40934,2561570,38051,1680945,78772,4050970
2021-04-15 15:00:00,41410,2411539,39569.0,1529073,176.0,191617.0,41586,2603156,39745,1720690,81155,4132125
2021-04-16 15:00:00,37142,2448681,38885.0,1567958,24.0,191641.0,37166,2640322,38909,1759599,76051,4208176
2021-04-17 15:00:00,32804,2481485,22033.0,1589991,12.0,191653.0,32816,2673138,22045,1781644,54849,4263025
2021-04-18 15:00:00,20064,2501549,16203.0,1606194,5.0,191658.0,20069,2693207,16208,1797852,36272,4299297
2021-04-19 15:00:00,29887,2531436,36559.0,1642753,61.0,191719.0,29948,2723155,36620,1834472,66507,4365804
2021-04-20 15:00:00,32925,2564361,44476.0,1687229,58.0,191777.0,32983,2756138,44534,1879006,77459,4443263
2021-04-21 15:00:00,39832,2604193,47067.0,1734296,26.0,191803.0,39858,2795996,47093,1926099,86925,4530188
2021-04-22 15:00:00,35854,2640047,42682.0,1776978,16.0,191819.0,35870,2831866,42698,1968797,78552,4608740
2021-04-23 15:00:00,33147,2673194,40163.0,1817141,14.0,191833.0,33161,2865027,40177,2008974,73324,4682064
2021-04-24 15:00:00,26412,2699606,27919.0,1845060,81.0,191914.0,26493,2891520,28000,2036974,54412,4736476
2021-04-25 15:00:00,20219,2719825,10992.0,1856052,31.0,191945.0,20250,2911770,11023,2047997,31242,4767718
2021-04-26 15:00:00,27387,2747212,32745.0,1888797,201.0,192146.0,27588,2939358,32946,2080943,60333,4828051
2021-04-27 15:00:00,26678,2773890,33093.0,1921890,1097.0,193243.0,27775,2967133,34190,2115133,60868,4888919
2021-04-28 15:00:00,28927,2802817,39556.0,1961446,1364.0,194607.0,30291,2997424,40920,2156053,69847,4958766
2021-04-29 15:00:00,27068,2829885,39764.0,2001210,1463.0,196070.0,28531,3025955,41227,2197280,68295,5027061
2021-04-30 15:00:00,28200,2858085,32294.0,2033504,1648.0,197718.0,29848,3055803,33942,2231222,62142,5089203
2021-05-01 15:00:00,20728,2878813,26714.0,2060218,1050.0,198768.0,21778,3077581,27764,2258986,48492,5137695
2021-05-02 15:00:00,10268,2889081,17067.0,2077285,822.0,199590.0,11090,3088671,17889,2276875,28157,5165852
2021-05-03 15:00:00,12731,2901812,28612.0,2105897,1916.0,201506.0,14647,3103318,30528,2307403,43259,5209111
2021-05-04 15:00:00,13562,2915374,38634.0,2144531,1740.0,203246.0,15302,3118620,40374,2347777,53936,5263047
2021-05-05 15:00:00,19321,2934695,37767.0,2182298,1922.0,205168.0,21243,3139863,39689,2387466,59010,5322057
2021-05-06 15:00:00,16920,2951615,40596.0,2222894,1722.0,206890.0,18642,3158505,42318,2429784,59238,5381295
2021-05-07 15:00:00,17587,2969202,37007.0,2259901,1959.0,208849.0,19546,3178051,38966,2468750,56553,5437848
2021-05-08 15:00:00,10794,2979996,31227.0,2291128,1291.0,210140.0,12085,3190136,32518,2501268,43312,5481160
2021-05-09 15:00:00,5077,2985073,12249.0,2303377,695.0,210835.0,5772,3195908,12944,2514212,18021,5499181
2021-05-10 15:00:00,8951,2994024,31056.0,2334433,1362.0,212197.0,10313,3206221,32418,2546630,41369,5540550
2021-05-11 15:00:00,12186,3006210,30286.0,2364719,1441.0,213638.0,13627,3219848,31727,2578357,43913,5584463
2021-05-12 15:00:00,13948,3020158,38625.0,2403344,1918.0,215556.0,15866,3235714,40543,2618900,54491,5638954
2021-05-13 15:00:00,21839,3041997,33513.0,2436857,1347.0,216903.0,23186,3258900,34860,2653760,56699,5695653
2021-05-14 15:00:00,24391,3066388,30062.0,2466919,1774.0,218677.0,26165,3285065,31836,2685596,56227,5751880
2021-05-15 15:00:00,21945,3088333,25110.0,2492029,1489.0,220166.0,23434,3308499,26599,2712195,48544,5800424
2021-05-16 15:00:00,9091,3097424,17587.0,2509616,1113.0,221279.0,10204,3318703,18700,2730895,27791,5828215
2021-05-17 15:00:00,16837,3114261,28414.0,2538030,1949.0,223228.0,18786,3337489,30363,2761258,47200,5875415
2021-05-18 15:00:00,21264,3135525,30691.0,2568721,1942.0,225170.0,23206,3360695,32633,2793891,53897,5929312
2021-05-19 15:00:00,27664,3163189,32433.0,2601154,1631.0,226801.0,29295,3389990,34064,2827955,61728,5991040
2021-05-20 15:00:00,20809,3183998,33276.0,2634430,1964.0,228765.0,22773,3412763,35240,2863195,56049,6047089
2021-05-21 15:00:00,19166,3203164,30355.0,2664785,1608.0,230373.0,20774,3433537,31963,2895158,51129,6098218
2021-05-22 15:00:00,16937,3220101,20695.0,2685480,1270.0,231643.0,18207,3451744,21965,2917123,38902,6137120
2021-05-23 15:00:00,8816,3228917,11450.0,2696930,965.0,232608.0,9781,3461525,12415,2929538,21231,6158351
2021-05-24 15:00:00,13568,3242485,17777.0,2714707,1474.0,234082.0,15042,3476567,19251,2948789,32819,6191170
2021-05-25 15:00:00,13073,3255558,18720.0,2733427,1329.0,235411.0,14402,3490969,20049,2968838,33122,6224292
2021-05-26 15:00:00,18313,3273871,19516.0,2752943,1512.0,236923.0,19825,3510794,21028,2989866,39341,6263633
2021-05-27 15:00:00,11689,3285560,18671.0,2771614,1116.0,238039.0,12805,3523599,19787,3009653,31476,6295109
2021-05-28 15:00:00,12419,3297979,19854.0,2791468,1401.0,239440.0,13820,3537419,21255,3030908,33674,6328783
2021-05-29 15:00:00,9517,3307496,11725.0,2803193,937.0,240377.0,10454,3547873,12662,3043570,22179,6350962
2021-05-30 15:00:00,4969,3312465,6435.0,2809628,596.0,240973.0,5565,3553438,7031,3050601,12000,6362962
2021-05-31 15:00:00,1779,3314244,3711.0,2813339,305.0,241278.0,2084,3555522,4016,3054617,5795,6368757
2021-06-01 15:00:00,9859,3324103,16448.0,2829787,1160.0,242438.0,11019,3566541,17608,3072225,27467,6396224
2021-06-02 15:00:00,10234,3334337,16821.0,2846608,960.0,243398.0,11194,3577735,17781,3090006,28015,6424239
2021-06-03 15:00:00,7899,3342236,21187.0,2867795,1087.0,244485.0,8986,3586721,22274,3112280,30173,6454412
2021-06-04 15:00:00,8195,3350431,22357.0,2890152,1120.0,245605.0,9315,3596036,23477,3135757,31672,6486084
2021-06-05 15:00:00,7003,3357434,19472.0,2909624,720.0,246325.0,7723,3603759,20192,3155949,27195,6513279
2021-06-06 15:00:00,3454,3360888,7255.0,2916879,423.0,246748.0,3877,3607636,7678,3163627,11132,6524411
2021-06-07 15:00:00,6858,3367746,15789.0,2932668,726.0,247474.0,7584,3615220,16515,3180142,23373,6547784
2021-06-08 15:00:00,6670,3374416,19734.0,2952402,830.0,248304.0,7500,3622720,20564,3200706,27234,6575018
2021-06-09 15:00:00,8202,3382618,23990.0,2976392,968.0,249272.0,9170,3631890,24958,3225664,33160,6608178
2021-06-10 15:00:00,7151,3389769,19141.0,2995533,895.0,250167.0,8046,3639936,20036,3245700,27187,6635365
2021-06-11 15:00:00,7486,3397255,17727.0,3013260,1125.0,251292.0,8611,3648547,18852,3264552,26338,6661703
2021-06-12 15:00:00,5243,3402498,14769.0,3028029,605.0,251897.0,5848,3654395,15374,3279926,20617,6682320
2021-06-13 15:00:00,1948,3404446,7633.0,3035662,427.0,252324.0,2375,3656770,8060,3287986,10008,6692328
2021-06-14 15:00:00,5654,3410100,11820.0,3047482,733.0,253057.0,6387,3663157,12553,3300539,18207,6710535
2021-06-15 15:00:00,5646,3415746,14343.0,3061825,873.0,253930.0,6519,3669676,15216,3315755,20862,6731397
2021-06-16 15:00:00,8757,3424503,21594.0,3083419,757.0,254687.0,9514,3679190,22351,3338106,31108,6762505
2021-06-17 15:00:00,6689,3431192,12367.0,3095786,720.0,255407.0,7409,3686599,13087,3351193,19776,6782281
2021-06-18 15:00:00,6835,3438027,12742.0,3108528,703.0,256110.0,7538,3694137,13445,3364638,20280,6802561
2021-06-19 15:00:00,4660,3442687,9382.0,3117910,615.0,256725.0,5275,3699412,9997,3374635,14657,6817218
2021-06-20 15:00:00,2503,3445190,5059.0,3122969,377.0,257102.0,2880,3702292,5436,3380071,7939,6825157
2021-06-21 15:00:00,5565,3450755,5339.0,3128308,635.0,257737.0,6200,3708492,5974,3386045,11539,6836696
2021-06-22 15:00:00,5344,3456099,9055.0,3137363,693.0,258430.0,6037,3714529,9748,3395793,15092,6851788
2021-06-23 15:00:00,6079,3462178,10338.0,3147701,646.0,259076.0,6725,3721254,10984,3406777,17063,6868851
2021-06-24 15:00:00,5938,3468116,8201.0,3155902,595.0,259671.0,6533,3727787,8796,3415573,14734,6883585
2021-06-25 15:00:00,5828,3473944,8668.0,3164570,620.0,260291.0,6448,3734235,9288,3424861,15116,6898701
2021-06-26 15:00:00,3705,3477649,6308.0,3170878,398.0,260689.0,4103,3738338,6706,3431567,10411,6909112
2021-06-27 15:00:00,2809,3480458,3524.0,3174402,185.0,260874.0,2994,3741332,3709,3435276,6518,6915630
2021-06-28 15:00:00,4920,3485378,6388.0,3180790,539.0,261413.0,5459,3746791,6927,3442203,11847,6927477
2021-06-29 15:00:00,5065,3490443,6477.0,3187267,520.0,261933.0,5585,3752376,6997,3449200,12062,6939539
2021-06-30 15:00:00,5626,3496069,7389.0,3194656,605.0,262538.0,6231,3758607,7994,3457194,13620,6953159
2021-07-01 15:00:00,5420,3501489,6989.0,3201645,500.0,263038.0,5920,3764527,7489,3464683,12909,6966068
2021-07-02 15:00:00,5294,3506783,6841.0,3208486,524.0,263562.0,5818,3770345,7365,3472048,12659,6978727
2021-07-03 15:00:00,3273,3510056,4069.0,3212555,264.0,263826.0,3537,3773882,4333,3476381,7606,6986333
2021-07-04 15:00:00,494,3510550,549.0,3213104,68.0,263894.0,562,3774444,617,3476998,1111,6987444
2021-07-05 15:00:00,3771,3514321,3955.0,3217059,287.0,264181.0,4058,3778502,4242,3481240,8013,6995457
2021-07-06 15:00:00,4494,3518815,6280.0,3223339,454.0,264635.0,4948,3783450,6734,3487974,11228,7006685
2021-07-07 15:00:00,4468,3523283,6417.0,3229756,482.0,265117.0,4950,3788400,6899,3494873,11367,7018052
2021-07-08 15:00:00,4838,3528121,6179.0,3235935,564.0,265681.0,5402,3793802,6743,3501616,11581,7029633
2021-07-09 15:00:00,5369,3533490,6667.0,3242602,573.0,266254.0,5942,3799744,7240,3508856,12609,7042242
2021-07-10 15:00:00,3521,3537011,4406.0,3247008,304.0,266558.0,3825,3803569,4710,3513566,8231,7050473
2021-07-11 15:00:00,2680,3539691,2574.0,3249582,226.0,266784.0,2906,3806475,2800,3516366,5480,7055953
2021-07-12 15:00:00,4423,3544114,5131.0,3254713,379.0,267163.0,4802,3811277,5510,3521876,9933,7065886
2021-07-13 15:00:00,4666,3548780,4721.0,3259434,366.0,267529.0,5032,3816309,5087,3526963,9753,7075639
2021-07-14 15:00:00,4623,3553403,5287.0,3264721,422.0,267951.0,5045,3821354,5709,3532672,10332,7085971
2021-07-15 15:00:00,4907,3558310,5015.0,3269736,359.0,268310.0,5266,3826620,5374,3538046,10281,7096252
2021-07-16 15:00:00,6276,3564586,5847.0,3275583,405.0,268715.0,6681,3833301,6252,3544298,12528,7108780
2021-07-17 15:00:00,3418,3568004,3552.0,3279135,303.0,269018.0,3721,3837022,3855,3548153,7273,7116053
2021-07-18 15:00:00,2311,3570315,2380.0,3281515,110.0,269128.0,2421,3839443,2490,3550643,4801,7120854
2021-07-19 15:00:00,5143,3575458,4611.0,3286126,383.0,269511.0,5526,3844969,4994,3555637,10137,7130991
2021-07-20 15:00:00,5339,3580797,4717.0,3290843,366.0,269877.0,5705,3850674,5083,3560720,10422,7141413
2021-07-21 15:00:00,5663,3586460,4946.0,3295789,416.0,270293.0,6079,3856753,5362,3566082,11025,7152438
2021-07-22 15:00:00,6033,3592493,4642.0,3300431,472.0,270765.0,6505,3863258,5114,3571196,11147,7163585
2021-07-23 15:00:00,6845,3599338,4849.0,3305280,498.0,271263.0,7343,3870601,5347,3576543,12192,7175777
2021-07-24 15:00:00,4284,3603622,3201.0,3308481,267.0,271530.0,4551,3875152,3468,3580011,7752,7183529
2021-07-25 15:00:00,3298,3606920,1121.0,3309602,140.0,271670.0,3438,3878590,1261,3581272,4559,7188088
2021-07-26 15:00:00,6218,3613138,3908.0,3313510,419.0,272089.0,6637,3885227,4327,3585599,10545,7198633
2021-07-27 15:00:00,6603,3619741,4287.0,3317797,458.0,272547.0,7061,3892288,4745,3590344,11348,7209981
2021-07-28 15:00:00,7085,3626826,4146.0,3321943,460.0,273007.0,7545,3899833,4606,3594950,11691,7221672
2021-07-29 15:00:00,7080,3633906,4303.0,3326246,419.0,273426.0,7499,3907332,4722,3599672,11802,7233474
2021-07-30 15:00:00,7820,3641726,4810.0,3331056,526.0,273952.0,8346,3915678,5336,3605008,13156,7246630
2021-07-31 15:00:00,4794,3646520,3082.0,3334138,274.0,274226.0,5068,3920746,3356,3608364,8150,7254780
2021-08-01 15:00:00,3892,3650412,2168.0,3336306,164.0,274390.0,4056,3924802,2332,3610696,6224,7261004
2021-08-02 15:00:00,7273,3657685,3845.0,3340151,341.0,274731.0,7614,3932416,4186,3614882,11459,7272463
2021-08-03 15:00:00,7269,3664954,4106.0,3344257,517.0,275248.0,7786,3940202,4623,3619505,11892,7284355
2021-08-04 15:00:00,7423,3672377,4122.0,3348379,535.0,275783.0,7958,3948160,4657,3624162,12080,7296435
2021-08-05 15:00:00,7947,3680324,4299.0,3352678,538.0,276321.0,8485,3956645,4837,3628999,12784,7309219
2021-08-06 15:00:00,8324,3688648,4739.0,3357417,454.0,276775.0,8778,3965423,5193,3634192,13517,7322736
2021-08-07 15:00:00,5303,3693951,2841.0,3360258,264.0,277039.0,5567,3970990,3105,3637297,8408,7331144
2021-08-08 15:00:00,3975,3697926,2064.0,3362322,144.0,277183.0,4119,3975109,2208,3639505,6183,7337327
2021-08-09 15:00:00,6955,3704881,4562.0,3366884,370.0,277553.0,7325,3982434,4932,3644437,11887,7349214
2021-08-10 15:00:00,7162,3712043,4480.0,3371364,339.0,277892.0,7501,3989935,4819,3649256,11981,7361195
2021-08-11 15:00:00,7077,3719120,4447.0,3375811,443.0,278335.0,7520,3997455,4890,3654146,11967,7373162
2021-08-12 15:00:00,8628,3727748,4755.0,3380566,445.0,278780.0,9073,4006528,5200,3659346,13828,7386990
2021-08-13 15:00:00,7143,3734891,5379.0,3385945,397.0,279177.0,7540,4014068,5776,3665122,12919,7399909
2021-08-14 15:00:00,4916,3739807,3346.0,3389291,285.0,279462.0,5201,4019269,3631,3668753,8547,7408456
2021-08-15 15:00:00,3328,3743135,2739.0,3392030,163.0,279625.0,3491,4022760,2902,3671655,6230,7414686
2021-08-16 15:00:00,5441,3748576,5096.0,3397126,354.0,279979.0,5795,4028555,5450,3677105,10891,7425577
2021-08-17 15:00:00,6814,3755390,5361.0,3402487,390.0,280369.0,7204,4035759,5751,3682856,12565,7438142
2021-08-18 15:00:00,6325,3761715,5509.0,3407996,481.0,280850.0,6806,4042565,5990,3688846,12315,7450457
2021-08-19 15:00:00,6212,3767927,5554.0,3413550,417.0,281267.0,6629,4049194,5971,3694817,12183,7462640
2021-08-20 15:00:00,6838,3774765,6550.0,3420100,401.0,281668.0,7239,4056433,6951,3701768,13789,7476429
2021-08-21 15:00:00,4331,3779096,3918.0,3424018,230.0,281898.0,4561,4060994,4148,3705916,8479,7484908
2021-08-22 15:00:00,3060,3782156,3171.0,3427189,110.0,282008.0,3170,4064164,3281,3709197,6341,7491249
2021-08-23 15:00:00,5987,3788143,6100.0,3433289,287.0,282295.0,6274,4070438,6387,3715584,12374,7503623
2021-08-24 15:00:00,6544,3794687,6066.0,3439355,425.0,282720.0,6969,4077407,6491,3722075,13035,7516658
2021-08-25 15:00:00,6718,3801405,6222.0,3445577,441.0,283161.0,7159,4084566,6663,3728738,13381,7530039
2021-08-26 15:00:00,6964,3808369,6652.0,3452229,428.0,283589.0,7392,4091958,7080,3735818,14044,7544083
2021-08-27 15:00:00,6826,3815195,7073.0,3459302,317.0,283906.0,7143,4099101,7390,3743208,14216,7558299
2021-08-28 15:00:00,6895,3822090,6523.0,3465825,326.0,284232.0,7221,4106322,6849,3750057,13744,7572043
2021-08-29 15:00:00,3734,3825824,3692.0,3469517,610.0,284842.0,4344,4110666,4302,3754359,8036,7580079
2021-08-30 15:00:00,5923,3831747,6127.0,3475644,960.0,285802.0,6883,4117549,7087,3761446,13010,7593089
2021-08-31 15:00:00,5899,3837646,6069.0,3481713,946.0,286748.0,6845,4124394,7015,3768461,12914,7606003
2021-09-01 15:00:00,5589,3843235,5675.0,3487388,915.0,287663.0,6504,4130898,6590,3775051,12179,7618182
2021-09-02 15:00:00,5531,3848766,5926.0,3493314,707.0,288370.0,6238,4137136,6633,3781684,12164,7630346
2021-09-03 15:00:00,5991,3854757,6929.0,3500243,973.0,289343.0,6964,4144100,7902,3789586,13893,7644239
2021-09-04 15:00:00,3726,3858483,4353.0,3504596,878.0,290221.0,4604,4148704,5231,3794817,8957,7653196
2021-09-05 15:00:00,2956,3861439,2809.0,3507405,106.0,290327.0,3062,4151766,2915,3797732,5871,7659067
2021-09-06 15:00:00,1059,3862498,1155.0,3508560,65.0,290392.0,1124,4152890,1220,3798952,2279,7661346
2021-09-07 15:00:00,5344,3867842,7300.0,3515860,2303.0,292695.0,7647,4160537,9603,3808555,14947,7676293
2021-09-08 15:00:00,4653,3872495,5475.0,3521335,364.0,293059.0,5017,4165554,5839,3814394,10492,7686785
2021-09-09 15:00:00,5017,3877512,5456.0,3526791,324.0,293383.0,5341,4170895,5780,3820174,10797,7697582
2021-09-10 15:00:00,6522,3884034,6657.0,3533448,1719.0,295102.0,8241,4179136,8376,3828550,14898,7712480
2021-09-11 15:00:00,4173,3888207,4336.0,3537784,666.0,295768.0,4839,4183975,5002,3833552,9175,7721655
2021-09-12 15:00:00,3172,3891379,3239.0,3541023,436.0,296204.0,3608,4187583,3675,3837227,6847,7728502
2021-09-13 15:00:00,4885,3896264,5066.0,3546089,346.0,296550.0,5231,4192814,5412,3842639,10297,7738799
2021-09-14 15:00:00,4776,3901040,5438.0,3551527,436.0,296986.0,5212,4198026,5874,3848513,10650,7749449
2021-09-15 15:00:00,5038,3906078,5871.0,3557398,392.0,297378.0,5430,4203456,6263,3854776,11301,7760750
2021-09-16 15:00:00,4810,3910888,5844.0,3563242,336.0,297714.0,5146,4208602,6180,3860956,10990,7771740
2021-09-17 15:00:00,5259,3916147,6584.0,3569826,344.0,298058.0,5603,4214205,6928,3867884,12187,7783927
2021-09-18 15:00:00,3803,3919950,4577.0,3574403,185.0,298243.0,3988,4218193,4762,3872646,8565,7792492
2021-09-19 15:00:00,2741,3922691,3167.0,3577570,75.0,298318.0,2816,4221009,3242,3875888,5983,7798475
2021-09-20 15:00:00,3751,3926442,4680.0,3582250,430.0,298748.0,4181,4225190,5110,3880998,8861,7807336
2021-09-21 15:00:00,4000,3930442,5002.0,3587252,327.0,299075.0,4327,4229517,5329,3886327,9329,7816665
2021-09-22 15:00:00,4195,3934637,4773.0,3592025,458.0,299533.0,4653,4234170,5231,3891558,9426,7826091
2021-09-23 15:00:00,4176,3938813,4730.0,3596755,492.0,300025.0,4668,4238838,5222,3896780,9398,7835489
2021-09-24 15:00:00,5078,3943891,5603.0,3602358,422.0,300447.0,5500,4244338,6025,3902805,11103,7846592
2021-09-25 15:00:00,3625,3947516,3629.0,3605987,384.0,300831.0,4009,4248347,4013,3906818,7638,7854230
2021-09-26 15:00:00,2354,3949870,2665.0,3608652,428.0,301259.0,2782,4251129,3093,3909911,5447,7859677
2021-09-27 15:00:00,4506,3954376,2705.0,3611357,512.0,301771.0,5018,4256147,3217,3913128,7723,7867400
2021-09-28 15:00:00,4399,3958775,4448.0,3615805,211.0,301982.0,4610,4260757,4659,3917787,9058,7876458
2021-09-29 15:00:00,4694,3963469,4503.0,3620308,920.0,302902.0,5614,4266371,5423,3923210,10117,7886575
2021-09-30 15:00:00,4887,3968356,4560.0,3624868,795.0,303697.0,5682,4272053,5355,3928565,10242,7896817
2021-10-01 15:00:00,5501,3973857,5339.0,3630207,785.0,304482.0,6286,4278339,6124,3934689,11625,7908442
2021-10-02 15:00:00,2937,3976794,2895.0,3633102,187.0,304669.0,3124,4281463,3082,3937771,6019,7914461
2021-10-03 15:00:00,2073,3978867,2376.0,3635478,86.0,304755.0,2159,4283622,2462,3940233,4535,7918996
2021-10-04 15:00:00,4021,3982888,3497.0,3638975,232.0,304987.0,4253,4287875,3729,3943962,7750,7926746
2021-10-05 15:00:00,3951,3986839,3658.0,3642633,207.0,305194.0,4158,4292033,3865,3947827,7816,7934562
2021-10-06 15:00:00,4021,3990860,3571.0,3646204,266.0,305460.0,4287,4296320,3837,3951664,7858,7942420
2021-10-07 15:00:00,4233,3995093,3620.0,3649824,331.0,305791.0,4564,4300884,3951,3955615,8184,7950604
2021-10-08 15:00:00,4772,3999865,4283.0,3654107,283.0,306074.0,5055,4305939,4566,3960181,9338,7959942
2021-10-09 15:00:00,2691,4002556,2678.0,3656785,270.0,306344.0,2961,4308900,2948,3963129,5639,7965581
2021-10-10 15:00:00,1863,4004419,1850.0,3658635,59.0,306403.0,1922,4310822,1909,3965038,3772,7969353
2021-10-11 15:00:00,4207,4008626,3316.0,3661951,249.0,306652.0,4456,4315278,3565,3968603,7772,7977125
2021-10-12 15:00:00,3589,4012215,3512.0,3665463,273.0,306925.0,3862,4319140,3785,3972388,7374,7984499
2021-10-13 15:00:00,3954,4016169,3447.0,3668910,346.0,307271.0,4300,4323440,3793,3976181,7747,7992246
2021-10-14 15:00:00,5162,4021331,5489.0,3674399,431.0,307702.0,5593,4329033,5920,3982101,11082,8003328
2021-10-15 15:00:00,4710,4026041,4590.0,3678989,347.0,308049.0,5057,4334090,4937,3987038,9647,8012975
2021-10-16 15:00:00,2496,4028537,2504.0,3681493,291.0,308340.0,2787,4336877,2795,3989833,5291,8018266
2021-10-17 15:00:00,1805,4030342,1774.0,3683267,55.0,308395.0,1860,4338737,1829,3991662,3634,8021900
2021-10-18 15:00:00,4278,4034620,3580.0,3686847,268.0,308663.0,4546,4343283,3848,3995510,8126,8030026
2021-10-19 15:00:00,4299,4038919,4001.0,3690848,223.0,308886.0,4522,4347805,4224,3999734,8523,8038549
2021-10-20 15:00:00,3525,4042444,3420.0,3694268,255.0,309141.0,3780,4351585,3675,4003409,7200,8045749
2021-10-21 15:00:00,3297,4045741,3268.0,3697536,291.0,309432.0,3588,4355173,3559,4006968,6856,8052605
2021-10-22 15:00:00,4680,4050421,4022.0,3701558,477.0,309909.0,5157,4360330,4499,4011467,9179,8061784
2021-10-23 15:00:00,2886,4053307,2110.0,3703668,321.0,310230.0,3207,4363537,2431,4013898,5317,8067101
2021-10-24 15:00:00,2057,4055364,1553.0,3705221,79.0,310309.0,2136,4365673,1632,4015530,3689,8070790
2021-10-25 15:00:00,4543,4059907,3067.0,3708288,320.0,310629.0,4863,4370536,3387,4018917,7930,8078720
2021-10-26 15:00:00,4504,4064411,3073.0,3711361,316.0,310945.0,4820,4375356,3389,4022306,7893,8086613
2021-10-27 15:00:00,4731,4069142,3335.0,3714696,437.0,311382.0,5168,4380524,3772,4026078,8503,8095116
2021-10-28 15:00:00,4554,4073696,3347.0,3718043,501.0,311883.0,5055,4385579,3848,4029926,8402,8103518
2021-10-29 15:00:00,4979,4078675,3912.0,3721955,394.0,312277.0,5373,4390952,4306,4034232,9285,8112803
2021-10-30 15:00:00,2631,4081306,1835.0,3723790,308.0,312585.0,2939,4393891,2143,4036375,4774,8117577
2021-10-31 15:00:00,1938,4083244,1519.0,3725309,93.0,312678.0,2031,4395922,1612,4037987,3550,8121127
2021-11-01 15:00:00,4712,4087956,3420.0,3728729,346.0,313024.0,5058,4400980,3766,4041753,8478,8129605
2021-11-02 15:00:00,4252,4092208,2936.0,3731665,408.0,313432.0,4660,4405640,3344,4045097,7596,8137201
2021-11-03 15:00:00,4665,4096873,3041.0,3734706,463.0,313895.0,5128,4410768,3504,4048601,8169,8145370
2021-11-04 15:00:00,6308,4103181,3362.0,3738068,513.0,314408.0,6821,4417589,3875,4052476,10183,8155553
2021-11-05 15:00:00,8236,4111417,3760.0,3741828,414.0,314822.0,8650,4426239,4174,4056650,12410,8167963
2021-11-06 15:00:00,10167,4121584,1965.0,3743793,308.0,315130.0,10475,4436714,2273,4058923,12440,8180403
2021-11-07 15:00:00,7706,4129290,1463.0,3745256,94.0,315224.0,7800,4444514,1557,4060480,9263,8189666
2021-11-08 15:00:00,11302,4140592,3040.0,3748296,379.0,315603.0,11681,4456195,3419,4063899,14721,8204387
2021-11-09 15:00:00,11761,4152353,2640.0,3750936,269.0,315872.0,12030,4468225,2909,4066808,14670,8219057
2021-11-10 15:00:00,12585,4164938,2748.0,3753684,338.0,316210.0,12923,4481148,3086,4069894,15671,8234728
2021-11-11 15:00:00,11372,4176310,2369.0,3756053,280.0,316490.0,11652,4492800,2649,4072543,14021,8248749
2021-11-12 15:00:00,12288,4188598,3344.0,3759397,548.0,317038.0,12836,4505636,3892,4076435,16180,8264929
2021-11-13 15:00:00,9888,4198486,1590.0,3760987,342.0,317380.0,10230,4515866,1932,4078367,11820,8276749
2021-11-14 15:00:00,3923,4202409,1112.0,3762099,121.0,317501.0,4044,4519910,1233,4079600,5156,8281905
2021-11-15 15:00:00,8622,4211031,2513.0,3764612,205.0,317706.0,8827,4528737,2718,4082318,11340,8293245
2021-11-16 15:00:00,9225,4220256,2498.0,3767110,255.0,317961.0,9480,4538217,2753,4085071,11978,8305223
2021-11-17 15:00:00,9395,4229651,2860.0,3769970,312.0,318273.0,9707,4547924,3172,4088243,12567,8317790
2021-11-18 15:00:00,9277,4238928,2622.0,3772592,482.0,318755.0,9759,4557683,3104,4091347,12381,8330171
2021-11-19 15:00:00,9792,4248720,2904.0,3775496,381.0,319136.0,10173,4567856,3285,4094632,13077,8343248
2021-11-20 15:00:00,10625,4259345,1599.0,3777095,455.0,319591.0,11080,4578936,2054,4096686,12679,8355927
2021-11-21 15:00:00,4343,4263688,1198.0,3778293,99.0,319690.0,4442,4583378,1297,4097983,5640,8361567
2021-11-22 15:00:00,9821,4273509,2475.0,3780768,293.0,319983.0,10114,4593492,2768,4100751,12589,8374156
2021-11-23 15:00:00,9206,4282715,2381.0,3783149,280.0,320263.0,9486,4602978,2661,4103412,11867,8386023
2021-11-24 15:00:00,8155,4290870,2430.0,3785579,216.0,320479.0,8371,4611349,2646,4106058,10801,8396824
2021-11-25 15:00:00,239,4291109,77.0,3785656,10.0,320489.0,249,4611598,87,4106145,326,8397150
2021-11-26 15:00:00,5652,4296761,3949.0,3789605,153.0,320642.0,5805,4617403,4102,4110247,9754,8406904
2021-11-27 15:00:00,3779,4300540,5475.0,3795080,134.0,320776.0,3913,4621316,5609,4115856,9388,8416292
2021-11-28 15:00:00,2413,4302953,6382.0,3801462,77.0,320853.0,2490,4623806,6459,4122315,8872,8425164
2021-11-29 15:00:00,6368,4309321,9275.0,3810737,379.0,321232.0,6747,4630553,9654,4131969,16022,8441186
2021-11-30 15:00:00,6252,4315573,9309.0,3820046,264.0,321496.0,6516,4637069,9573,4141542,15825,8457011
2021-12-01 15:00:00,7284,4322857,9703.0,3829749,308.0,321804.0,7592,4644661,10011,4151553,17295,8474306
2021-12-02 15:00:00,6908,4329765,8782.0,3838531,451.0,322255.0,7359,4652020,9233,4160786,16141,8490447
2021-12-03 15:00:00,7593,4337358,9241.0,3847772,249.0,322504.0,7842,4659862,9490,4170276,17083,8507530
2021-12-04 15:00:00,5948,4343306,10032.0,3857804,465.0,322969.0,6413,4666275,10497,4180773,16445,8523975
2021-12-05 15:00:00,3465,4346771,3281.0,3861085,78.0,323047.0,3543,4669818,3359,4184132,6824,8530799
2021-12-06 15:00:00,6748,4353519,7080.0,3868165,277.0,323324.0,7025,4676843,7357,4191489,14105,8544904
2021-12-07 15:00:00,6409,4359928,7024.0,3875189,249.0,323573.0,6658,4683501,7273,4198762,13682,8558586
2021-12-08 15:00:00,6931,4366859,7409.0,3882598,315.0,323888.0,7246,4690747,7724,4206486,14655,8573241
2021-12-09 15:00:00,6524,4373383,7018.0,3889616,398.0,324286.0,6922,4697669,7416,4213902,13940,8587181
2021-12-10 15:00:00,7272,4380655,7311.0,3896927,230.0,324516.0,7502,4705171,7541,4221443,14813,8601994
2021-12-11 15:00:00,4452,4385107,7666.0,3904593,333.0,324849.0,4785,4709956,7999,4229442,12451,8614445
2021-12-12 15:00:00,4001,4389108,2772.0,3907365,60.0,324909.0,4061,4714017,2832,4232274,6833,8621278
2021-12-13 15:00:00,5695,4394803,5756.0,3913121,243.0,325152.0,5938,4719955,5999,4238273,11694,8632972
2021-12-14 15:00:00,6453,4401256,5918.0,3919039,221.0,325373.0,6674,4726629,6139,4244412,12592,8645564
2021-12-15 15:00:00,7142,4408398,5688.0,3924727,251.0,325624.0,7393,4734022,5939,4250351,13081,8658645
2021-12-16 15:00:00,7854,4416252,2805.0,3927532,420.0,326044.0,8274,4742296,3225,4253576,11079,8669724
2021-12-17 15:00:00,7807,4424059,4139.0,3931671,195.0,326239.0,8002,4750298,4334,4257910,12141,8681865
2021-12-18 15:00:00,5821,4429880,3159.0,3934830,298.0,326537.0,6119,4756417,3457,4261367,9278,8691143
2021-12-19 15:00:00,3379,4433259,1339.0,3936169,36.0,326573.0,3415,4759832,1375,4262742,4754,8695897
2021-12-20 15:00:00,8058,4441317,3739.0,3939908,173.0,326746.0,8231,4768063,3912,4266654,11970,8707867
2021-12-21 15:00:00,8990,4450307,4150.0,3944058,175.0,326921.0,9165,4777228,4325,4270979,13315,8721182
2021-12-22 15:00:00,8678,4458985,3859.0,3947917,184.0,327105.0,8862,4786090,4043,4275022,12721,8733903
2021-12-23 15:00:00,8397,4467382,3548.0,3951465,359.0,327464.0,8756,4794846,3907,4278929,12304,8746207
2021-12-24 15:00:00,1634,4469016,1005.0,3952470,39.0,327503.0,1673,4796519,1044,4279973,2678,8748885
2021-12-25 15:00:00,50,4469066,36.0,3952506,1.0,327504.0,51,4796570,37,4280010,87,8748972
2021-12-26 15:00:00,2519,4471585,1743.0,3954249,44.0,327548.0,2563,4799133,1787,4281797,4306,8753278
2021-12-27 15:00:00,7192,4478777,3985.0,3958234,297.0,327845.0,7489,4806622,4282,4286079,11474,8764752
2021-12-28 15:00:00,7907,4486684,3843.0,3962077,177.0,328022.0,8084,4814706,4020,4290099,11927,8776679
2021-12-29 15:00:00,8218,4494902,4016.0,3966093,155.0,328177.0,8373,4823079,4171,4294270,12389,8789068
2021-12-30 15:00:00,7468,4502370,3776.0,3969869,290.0,328467.0,7758,4830837,4066,4298336,11534,8800602
2021-12-31 15:00:00,2572,4504942,1525.0,3971394,90.0,328557.0,2662,4833499,1615,4299951,4187,8804789
2022-01-01 15:00:00,736,4505678,345.0,3971739,33.0,328590.0,769,4834268,378,4300329,1114,8805903
2022-01-02 15:00:00,2209,4507887,1647.0,3973386,47.0,328637.0,2256,4836524,1694,4302023,3903,8809806
2022-01-03 15:00:00,3390,4511277,2065.0,3975451,221.0,328858.0,3611,4840135,2286,4304309,5676,8815482
2022-01-04 15:00:00,5841,4517118,3470.0,3978921,162.0,329020.0,6003,4846138,3632,4307941,9473,8824955
2022-01-05 15:00:00,6825,4523943,4685.0,3983606,176.0,329196.0,7001,4853139,4861,4312802,11686,8836641
2022-01-06 15:00:00,6749,4530692,4802.0,3988408,264.0,329460.0,7013,4860152,5066,4317868,11815,8848456
2022-01-07 15:00:00,5957,4536649,3751.0,3992159,159.0,329619.0,6116,4866268,3910,4321778,9867,8858323
2022-01-08 15:00:00,4802,4541451,3908.0,3996067,79.0,329698.0,4881,4871149,3987,4325765,8789,8867112
2022-01-09 15:00:00,2758,4544209,2009.0,3998076,154.0,329852.0,2912,4874061,2163,4327928,4921,8872033
2022-01-10 15:00:00,6315,4550524,3830.0,4001906,156.0,330008.0,6471,4880532,3986,4331914,10301,8882334
2022-01-11 15:00:00,6536,4557060,4236.0,4006142,142.0,330150.0,6678,4887210,4378,4336292,10914,8893248
2022-01-12 15:00:00,6802,4563862,4436.0,4010578,225.0,330375.0,7027,4894237,4661,4340953,11463,8904711
2022-01-13 15:00:00,6602,4570464,4372.0,4014950,150.0,330525.0,6752,4900989,4522,4345475,11124,8915835
2022-01-14 15:00:00,7201,4577665,3271.0,4018221,252.0,330777.0,7453,4908442,3523,4348998,10724,8926559
2022-01-15 15:00:00,4266,4581931,1683.0,4019904,70.0,330847.0,4336,4912778,1753,4350751,6019,8932578
2022-01-16 15:00:00,2216,4584147,1317.0,4021221,116.0,330963.0,2332,4915110,1433,4352184,3649,8936227
2022-01-17 15:00:00,3608,4587755,2361.0,4023582,74.0,331037.0,3682,4918792,2435,4354619,6043,8942270
2022-01-18 15:00:00,5267,4593022,4173.0,4027755,102.0,331139.0,5369,4924161,4275,4358894,9542,8951812
2022-01-19 15:00:00,5279,4598301,4458.0,4032213,99.0,331238.0,5378,4929539,4557,4363451,9836,8961648
2022-01-20 15:00:00,4521,4602822,3595.0,4035808,176.0,331414.0,4697,4934236,3771,4367222,8292,8969940
2022-01-21 15:00:00,5578,4608400,2921.0,4038729,126.0,331540.0,5704,4939940,3047,4370269,8625,8978565
2022-01-22 15:00:00,3448,4611848,1721.0,4040450,134.0,331674.0,3582,4943522,1855,4372124,5303,8983868
2022-01-23 15:00:00,2031,4613879,1492.0,4041942,30.0,331704.0,2061,4945583,1522,4373646,3553,8987421
2022-01-24 15:00:00,4115,4617994,2762.0,4044704,88.0,331792.0,4203,4949786,2850,4376496,6965,8994386
2022-01-25 15:00:00,3790,4621784,3302.0,4048006,93.0,331885.0,3883,4953669,3395,4379891,7185,9001571
2022-01-26 15:00:00,3837,4625621,3672.0,4051678,93.0,331978.0,3930,4957599,3765,4383656,7602,9009173
2022-01-27 15:00:00,3750,4629371,3856.0,4055534,186.0,332164.0,3936,4961535,4042,4387698,7792,9016965
2022-01-28 15:00:00,3820,4633191,3208.0,4058742,75.0,332239.0,3895,4965430,3283,4390981,7103,9024068
2022-01-29 15:00:00,2287,4635478,2262.0,4061004,117.0,332356.0,2404,4967834,2379,4393360,4666,9028734
2022-01-30 15:00:00,1550,4637028,1600.0,4062604,16.0,332372.0,1566,4969400,1616,4394976,3166,9031900
2022-01-31 15:00:00,2963,4639991,3140.0,4065744,58.0,332430.0,3021,4972421,3198,4398174,6161,9038061
2022-02-01 15:00:00,2631,4642622,3375.0,4069119,75.0,332505.0,2706,4975127,3450,4401624,6081,9044142
2022-02-02 15:00:00,2776,4645398,3689.0,4072808,71.0,332576.0,2847,4977974,3760,4405384,6536,9050678
2022-02-03 15:00:00,2722,4648120,3601.0,4076409,41.0,332617.0,2763,4980737,3642,4409026,6364,9057042
2022-02-04 15:00:00,2702,4650822,4251.0,4080660,122.0,332739.0,2824,4983561,4373,4413399,7075,9064117
2022-02-05 15:00:00,1875,4652697,2806.0,4083466,111.0,332850.0,1986,4985547,2917,4416316,4792,9068909
2022-02-06 15:00:00,1014,4653711,1287.0,4084753,19.0,332869.0,1033,4986580,1306,4417622,2320,9071229
2022-02-07 15:00:00,937,4654648,1074.0,4085827,26.0,332895.0,963,4987543,1100,4418722,2037,9073266
