VACCINATION_DATE,FirstDailyDose,FirstDoseCumulative,SecondDailyDose,SecondDoseCumulative,SingleDailyDose,SingleDoseCumulative,AtleastOneVaccine,AtleastOneVaccineCumulative,CompletedVax,CompletedVaxCumulative,FirstSecondSingleVaccinations,FirstSecondSingleVaccinationsCumulative
2020-12-14 15:00:00,17,1050,,396,,,17,1050,0,396,17,1363
2020-12-15 15:00:00,54,1104,3.0,399,,,54,1104,3,399,57,1420
2020-12-16 15:00:00,577,1681,2.0,401,,,577,1681,2,401,579,1999
2020-12-17 15:00:00,1145,2826,2.0,403,,,1145,2826,2,403,1147,3146
2020-12-18 15:00:00,2993,5819,10.0,413,,,2993,5819,10,413,3003,6149
2020-12-19 15:00:00,919,6738,5.0,418,,,919,6738,5,418,924,7073
2020-12-20 15:00:00,340,7078,4.0,422,,,340,7078,4,422,344,7417
2020-12-21 15:00:00,3863,10941,22.0,444,,,3863,10941,22,444,3885,11302
2020-12-22 15:00:00,6295,17236,21.0,465,,,6295,17236,21,465,6316,17618
2020-12-23 15:00:00,5736,22972,32.0,497,,,5736,22972,32,497,5768,23386
2020-12-24 15:00:00,2717,25689,13.0,510,,,2717,25689,13,510,2730,26116
2020-12-25 15:00:00,1034,26723,3.0,513,,,1034,26723,3,513,1037,27153
2020-12-26 15:00:00,1873,28596,9.0,522,,,1873,28596,9,522,1882,29035
2020-12-27 15:00:00,1795,30391,10.0,532,,,1795,30391,10,532,1805,30840
2020-12-28 15:00:00,8958,39349,40.0,572,,,8958,39349,40,572,8998,39838
2020-12-29 15:00:00,10926,50275,44.0,616,,,10926,50275,44,616,10970,50808
2020-12-30 15:00:00,12466,62741,69.0,685,,,12466,62741,69,685,12535,63343
2020-12-31 15:00:00,7520,70261,37.0,722,,,7520,70261,37,722,7557,70900
2021-01-01 15:00:00,2694,72955,121.0,843,,,2694,72955,121,843,2815,73715
2021-01-02 15:00:00,2994,75949,34.0,877,,,2994,75949,34,877,3028,76743
2021-01-03 15:00:00,3374,79323,80.0,957,,,3374,79323,80,957,3454,80197
2021-01-04 15:00:00,13286,92609,320.0,1277,,,13286,92609,320,1277,13606,93803
2021-01-05 15:00:00,12423,105032,519.0,1796,,,12423,105032,519,1796,12942,106745
2021-01-06 15:00:00,15179,120211,844.0,2640,,,15179,120211,844,2640,16023,122768
2021-01-07 15:00:00,14958,135169,1738.0,4378,,,14958,135169,1738,4378,16696,139464
2021-01-08 15:00:00,23955,159124,2734.0,7112,,,23955,159124,2734,7112,26689,166153
2021-01-09 15:00:00,5139,164263,939.0,8051,,,5139,164263,939,8051,6078,172231
2021-01-10 15:00:00,2933,167196,371.0,8422,,,2933,167196,371,8422,3304,175535
2021-01-11 15:00:00,13682,180878,3437.0,11859,,,13682,180878,3437,11859,17119,192654
2021-01-12 15:00:00,17311,198189,5560.0,17419,,,17311,198189,5560,17419,22871,215525
2021-01-13 15:00:00,18513,216702,3866.0,21285,,,18513,216702,3866,21285,22379,237904
2021-01-14 15:00:00,17779,234481,1929.0,23214,,,17779,234481,1929,23214,19708,257612
2021-01-15 15:00:00,19386,253867,1980.0,25194,,,19386,253867,1980,25194,21366,278978
2021-01-16 15:00:00,5790,259657,1597.0,26791,,,5790,259657,1597,26791,7387,286365
2021-01-17 15:00:00,2104,261761,1470.0,28261,,,2104,261761,1470,28261,3574,289939
2021-01-18 15:00:00,7046,268807,3235.0,31496,,,7046,268807,3235,31496,10281,300220
2021-01-19 15:00:00,16883,285690,5370.0,36866,,,16883,285690,5370,36866,22253,322473
2021-01-20 15:00:00,20965,306655,5264.0,42130,,,20965,306655,5264,42130,26229,348702
2021-01-21 15:00:00,23717,330372,3776.0,45906,,,23717,330372,3776,45906,27493,376195
2021-01-22 15:00:00,28618,358990,3686.0,49592,,,28618,358990,3686,49592,32304,408499
2021-01-23 15:00:00,10074,369064,1910.0,51502,,,10074,369064,1910,51502,11984,420483
2021-01-24 15:00:00,3342,372406,1707.0,53209,,,3342,372406,1707,53209,5049,425532
2021-01-25 15:00:00,16264,388670,8531.0,61740,,,16264,388670,8531,61740,24795,450327
2021-01-26 15:00:00,17525,406195,8928.0,70668,,,17525,406195,8928,70668,26453,476780
2021-01-27 15:00:00,24413,430608,12492.0,83160,,,24413,430608,12492,83160,36905,513685
2021-01-28 15:00:00,22622,453230,9255.0,92415,,,22622,453230,9255,92415,31877,545562
2021-01-29 15:00:00,24727,477957,7850.0,100265,,,24727,477957,7850,100265,32577,578139
2021-01-30 15:00:00,17747,495704,2507.0,102772,,,17747,495704,2507,102772,20254,598393
2021-01-31 15:00:00,3746,499450,1323.0,104095,,,3746,499450,1323,104095,5069,603462
2021-02-01 15:00:00,7680,507130,5145.0,109240,,,7680,507130,5145,109240,12825,616287
2021-02-02 15:00:00,12423,519553,13741.0,122981,,,12423,519553,13741,122981,26164,642451
2021-02-03 15:00:00,18180,537733,18054.0,141035,,,18180,537733,18054,141035,36234,678685
2021-02-04 15:00:00,22037,559770,15688.0,156723,,,22037,559770,15688,156723,37725,716410
2021-02-05 15:00:00,20245,580015,17337.0,174060,,,20245,580015,17337,174060,37582,753992
2021-02-06 15:00:00,11270,591285,14422.0,188482,,,11270,591285,14422,188482,25692,779684
2021-02-07 15:00:00,5907,597192,1789.0,190271,,,5907,597192,1789,190271,7696,787380
2021-02-08 15:00:00,12923,610115,12868.0,203139,,,12923,610115,12868,203139,25791,813171
2021-02-09 15:00:00,16589,626704,13805.0,216944,,,16589,626704,13805,216944,30394,843565
2021-02-10 15:00:00,19223,645927,21159.0,238103,,,19223,645927,21159,238103,40382,883947
2021-02-11 15:00:00,22837,668764,17256.0,255359,,,22837,668764,17256,255359,40093,924040
2021-02-12 15:00:00,20333,689097,19563.0,274922,,,20333,689097,19563,274922,39896,963936
2021-02-13 15:00:00,11387,700484,6370.0,281292,,,11387,700484,6370,281292,17757,981693
2021-02-14 15:00:00,7093,707577,2096.0,283388,,,7093,707577,2096,283388,9189,990882
2021-02-15 15:00:00,11730,719307,13260.0,296648,,,11730,719307,13260,296648,24990,1015872
2021-02-16 15:00:00,16552,735859,20955.0,317603,,,16552,735859,20955,317603,37507,1053379
2021-02-17 15:00:00,20606,756465,26324.0,343927,,,20606,756465,26324,343927,46930,1100309
2021-02-18 15:00:00,3171,759636,4584.0,348511,,,3171,759636,4584,348511,7755,1108064
2021-02-19 15:00:00,10223,769859,19884.0,368395,,,10223,769859,19884,368395,30107,1138171
2021-02-20 15:00:00,10279,780138,20239.0,388634,,,10279,780138,20239,388634,30518,1168689
2021-02-21 15:00:00,6151,786289,7615.0,396249,,,6151,786289,7615,396249,13766,1182455
2021-02-22 15:00:00,7997,794286,15425.0,411674,,,7997,794286,15425,411674,23422,1205877
2021-02-23 15:00:00,15494,809780,15900.0,427574,,,15494,809780,15900,427574,31394,1237271
2021-02-24 15:00:00,17899,827679,24693.0,452267,,,17899,827679,24693,452267,42592,1279863
2021-02-25 15:00:00,20363,848042,26471.0,478738,,,20363,848042,26471,478738,46834,1326697
2021-02-26 15:00:00,26681,874723,26109.0,504847,,,26681,874723,26109,504847,52790,1379487
2021-02-27 15:00:00,15947,890670,11093.0,515940,,,15947,890670,11093,515940,27040,1406527
2021-02-28 15:00:00,15487,906157,4838.0,520778,,,15487,906157,4838,520778,20325,1426852
2021-03-01 15:00:00,26222,932379,12374.0,533152,,,26222,932379,12374,533152,38596,1465448
2021-03-02 15:00:00,23798,956177,13209.0,546361,31.0,31.0,23829,956208,13240,546392,37038,1502486
2021-03-03 15:00:00,30040,986217,18323.0,564684,180.0,211.0,30220,986428,18503,564895,48543,1551029
2021-03-04 15:00:00,30908,1017125,18112.0,582796,4064.0,4275.0,34972,1021400,22176,587071,53084,1604113
2021-03-05 15:00:00,29376,1046501,19392.0,602188,4911.0,9186.0,34287,1055687,24303,611374,53679,1657792
2021-03-06 15:00:00,17809,1064310,8936.0,611124,6001.0,15187.0,23810,1079497,14937,626311,32746,1690538
2021-03-07 15:00:00,12091,1076401,4821.0,615945,6610.0,21797.0,18701,1098198,11431,637742,23522,1714060
2021-03-08 15:00:00,25797,1102198,8773.0,624718,8276.0,30073.0,34073,1132271,17049,654791,42846,1756906
2021-03-09 15:00:00,26049,1128247,15384.0,640102,8342.0,38415.0,34391,1166662,23726,678517,49775,1806681
2021-03-10 15:00:00,29779,1158026,15909.0,656011,7935.0,46350.0,37714,1204376,23844,702361,53623,1860304
2021-03-11 15:00:00,35888,1193914,16376.0,672387,3981.0,50331.0,39869,1244245,20357,722718,56245,1916549
2021-03-12 15:00:00,36843,1230757,17998.0,690385,2922.0,53253.0,39765,1284010,20920,743638,57763,1974312
2021-03-13 15:00:00,22628,1253385,10230.0,700615,1605.0,54858.0,24233,1308243,11835,755473,34463,2008775
2021-03-14 15:00:00,17822,1271207,6669.0,707284,996.0,55854.0,18818,1327061,7665,763138,25487,2034262
2021-03-15 15:00:00,29738,1300945,11215.0,718499,593.0,56447.0,30331,1357392,11808,774946,41546,2075808
2021-03-16 15:00:00,33353,1334298,13503.0,732002,764.0,57211.0,34117,1391509,14267,789213,47620,2123428
2021-03-17 15:00:00,37505,1371803,16951.0,748953,1174.0,58385.0,38679,1430188,18125,807338,55630,2179058
2021-03-18 15:00:00,41344,1413147,12541.0,761494,1348.0,59733.0,42692,1472880,13889,821227,55233,2234291
2021-03-19 15:00:00,38235,1451382,15338.0,776832,1035.0,60768.0,39270,1512150,16373,837600,54608,2288899
2021-03-20 15:00:00,24637,1476019,10068.0,786900,694.0,61462.0,25331,1537481,10762,848362,35399,2324298
2021-03-21 15:00:00,19130,1495149,7812.0,794712,332.0,61794.0,19462,1556943,8144,856506,27274,2351572
2021-03-22 15:00:00,32507,1527656,11407.0,806119,833.0,62627.0,33340,1590283,12240,868746,44747,2396319
2021-03-23 15:00:00,37708,1565364,17261.0,823380,1552.0,64179.0,39260,1629543,18813,887559,56521,2452840
2021-03-24 15:00:00,41002,1606366,21106.0,844486,1379.0,65558.0,42381,1671924,22485,910044,63487,2516327
2021-03-25 15:00:00,42282,1648648,20942.0,865428,2456.0,68014.0,44738,1716662,23398,933442,65680,2582007
2021-03-26 15:00:00,36542,1685190,26202.0,891630,2500.0,70514.0,39042,1755704,28702,962144,65244,2647251
2021-03-27 15:00:00,26890,1712080,16730.0,908360,2481.0,72995.0,29371,1785075,19211,981355,46101,2693352
2021-03-28 15:00:00,16995,1729075,12593.0,920953,1613.0,74608.0,18608,1803683,14206,995561,31201,2724553
2021-03-29 15:00:00,29668,1758743,26173.0,947126,1138.0,75746.0,30806,1834489,27311,1022872,56979,2781532
2021-03-30 15:00:00,39974,1798717,28876.0,976002,1854.0,77600.0,41828,1876317,30730,1053602,70704,2852236
2021-03-31 15:00:00,40973,1839690,34537.0,1010539,5745.0,83345.0,46718,1923035,40282,1093884,81255,2933491
2021-04-01 15:00:00,40826,1880516,39699.0,1050238,5624.0,88969.0,46450,1969485,45323,1139207,86149,3019640
2021-04-02 15:00:00,34911,1915427,32433.0,1082671,6108.0,95077.0,41019,2010504,38541,1177748,73452,3093092
2021-04-03 15:00:00,21588,1937015,18639.0,1101310,4363.0,99440.0,25951,2036455,23002,1200750,44590,3137682
2021-04-04 15:00:00,8226,1945241,10150.0,1111460,961.0,100401.0,9187,2045642,11111,1211861,19337,3157019
2021-04-05 15:00:00,27845,1973086,28796.0,1140256,6645.0,107046.0,34490,2080132,35441,1247302,63286,3220305
2021-04-06 15:00:00,39695,2012781,30346.0,1170602,10481.0,117527.0,50176,2130308,40827,1288129,80522,3300827
2021-04-07 15:00:00,35978,2048759,34124.0,1204726,12962.0,130489.0,48940,2179248,47086,1335215,83064,3383891
2021-04-08 15:00:00,42229,2090988,35942.0,1240668,13845.0,144334.0,56074,2235322,49787,1385002,92016,3475907
2021-04-09 15:00:00,33966,2124954,36225.0,1276893,14518.0,158852.0,48484,2283806,50743,1435745,84709,3560616
2021-04-10 15:00:00,23415,2148369,23069.0,1299962,7618.0,166470.0,31033,2314839,30687,1466432,54102,3614718
2021-04-11 15:00:00,17540,2165909,13244.0,1313206,10121.0,176591.0,27661,2342500,23365,1489797,40905,3655623
2021-04-12 15:00:00,24542,2190451,33083.0,1346289,10886.0,187477.0,35428,2377928,43969,1533766,68511,3724134
2021-04-13 15:00:00,126732,2317183,90513.0,1436802,3292.0,190769.0,130024,2507952,93805,1627571,220537,3944671
2021-04-14 15:00:00,40658,2357841,37696.0,1474498,210.0,190979.0,40868,2548820,37906,1665477,78564,4023235
2021-04-15 15:00:00,41647,2399488,39085.0,1513583,173.0,191152.0,41820,2590640,39258,1704735,80905,4104140
2021-04-16 15:00:00,37164,2436652,38664.0,1552247,23.0,191175.0,37187,2627827,38687,1743422,75851,4179991
2021-04-17 15:00:00,32755,2469407,21943.0,1574190,12.0,191187.0,32767,2660594,21955,1765377,54710,4234701
2021-04-18 15:00:00,20052,2489459,16156.0,1590346,5.0,191192.0,20057,2680651,16161,1781538,36213,4270914
2021-04-19 15:00:00,29857,2519316,36445.0,1626791,61.0,191253.0,29918,2710569,36506,1818044,66363,4337277
2021-04-20 15:00:00,33068,2552384,44114.0,1670905,54.0,191307.0,33122,2743691,44168,1862212,77236,4414513
2021-04-21 15:00:00,39760,2592144,46848.0,1717753,22.0,191329.0,39782,2783473,46870,1909082,86630,4501143
2021-04-22 15:00:00,36355,2628499,41912.0,1759665,16.0,191345.0,36371,2819844,41928,1951010,78283,4579426
2021-04-23 15:00:00,33064,2661563,39941.0,1799606,13.0,191358.0,33077,2852921,39954,1990964,73018,4652444
2021-04-24 15:00:00,26383,2687946,27796.0,1827402,80.0,191438.0,26463,2879384,27876,2018840,54259,4706703
2021-04-25 15:00:00,20210,2708156,10908.0,1838310,30.0,191468.0,20240,2899624,10938,2029778,31148,4737851
2021-04-26 15:00:00,27391,2735547,32568.0,1870878,202.0,191670.0,27593,2927217,32770,2062548,60161,4798012
2021-04-27 15:00:00,26689,2762236,32912.0,1903790,1096.0,192766.0,27785,2955002,34008,2096556,60697,4858709
2021-04-28 15:00:00,28899,2791135,39382.0,1943172,1362.0,194128.0,30261,2985263,40744,2137300,69643,4928352
2021-04-29 15:00:00,27291,2818426,39322.0,1982494,1462.0,195590.0,28753,3014016,40784,2178084,68075,4996427
2021-04-30 15:00:00,28158,2846584,32079.0,2014573,1643.0,197233.0,29801,3043817,33722,2211806,61880,5058307
2021-05-01 15:00:00,20428,2867012,26356.0,2040929,1024.0,198257.0,21452,3065269,27380,2239186,47808,5106115
2021-05-02 15:00:00,10268,2877280,16995.0,2057924,818.0,199075.0,11086,3076355,17813,2256999,28081,5134196
2021-05-03 15:00:00,12722,2890002,28370.0,2086294,1909.0,200984.0,14631,3090986,30279,2287278,43001,5177197
2021-05-04 15:00:00,13524,2903526,38361.0,2124655,1732.0,202716.0,15256,3106242,40093,2327371,53617,5230814
2021-05-05 15:00:00,19317,2922843,37622.0,2162277,1921.0,204637.0,21238,3127480,39543,2366914,58860,5289674
2021-05-06 15:00:00,16918,2939761,40485.0,2202762,1715.0,206352.0,18633,3146113,42200,2409114,59118,5348792
2021-05-07 15:00:00,17385,2957146,35949.0,2238711,1954.0,208306.0,19339,3165452,37903,2447017,55288,5404080
2021-05-08 15:00:00,10772,2967918,31140.0,2269851,1291.0,209597.0,12063,3177515,32431,2479448,43203,5447283
2021-05-09 15:00:00,5046,2972964,11889.0,2281740,695.0,210292.0,5741,3183256,12584,2492032,17630,5464913
2021-05-10 15:00:00,8931,2981895,30960.0,2312700,1357.0,211649.0,10288,3193544,32317,2524349,41248,5506161
2021-05-11 15:00:00,12177,2994072,30196.0,2342896,1435.0,213084.0,13612,3207156,31631,2555980,43808,5549969
2021-05-12 15:00:00,13929,3008001,38505.0,2381401,1914.0,214998.0,15843,3222999,40419,2596399,54348,5604317
2021-05-13 15:00:00,21804,3029805,33369.0,2414770,1346.0,216344.0,23150,3246149,34715,2631114,56519,5660836
2021-05-14 15:00:00,24323,3054128,29919.0,2444689,1770.0,218114.0,26093,3272242,31689,2662803,56012,5716848
2021-05-15 15:00:00,21873,3076001,25025.0,2469714,1489.0,219603.0,23362,3295604,26514,2689317,48387,5765235
2021-05-16 15:00:00,9066,3085067,17520.0,2487234,1111.0,220714.0,10177,3305781,18631,2707948,27697,5792932
2021-05-17 15:00:00,16821,3101888,28278.0,2515512,1948.0,222662.0,18769,3324550,30226,2738174,47047,5839979
2021-05-18 15:00:00,21239,3123127,30605.0,2546117,1942.0,224604.0,23181,3347731,32547,2770721,53786,5893765
2021-05-19 15:00:00,27572,3150699,32325.0,2578442,1623.0,226227.0,29195,3376926,33948,2804669,61520,5955285
2021-05-20 15:00:00,20776,3171475,33145.0,2611587,1963.0,228190.0,22739,3399665,35108,2839777,55884,6011169
2021-05-21 15:00:00,19130,3190605,30195.0,2641782,1606.0,229796.0,20736,3420401,31801,2871578,50931,6062100
2021-05-22 15:00:00,16902,3207507,20618.0,2662400,1269.0,231065.0,18171,3438572,21887,2893465,38789,6100889
2021-05-23 15:00:00,8750,3216257,11416.0,2673816,964.0,232029.0,9714,3448286,12380,2905845,21130,6122019
2021-05-24 15:00:00,13564,3229821,17696.0,2691512,1476.0,233505.0,15040,3463326,19172,2925017,32736,6154755
2021-05-25 15:00:00,13007,3242828,18616.0,2710128,1328.0,234833.0,14335,3477661,19944,2944961,32951,6187706
2021-05-26 15:00:00,18261,3261089,19402.0,2729530,1508.0,236341.0,19769,3497430,20910,2965871,39171,6226877
2021-05-27 15:00:00,11675,3272764,18606.0,2748136,1115.0,237456.0,12790,3510220,19721,2985592,31396,6258273
2021-05-28 15:00:00,12505,3285269,19694.0,2767830,1396.0,238852.0,13901,3524121,21090,3006682,33595,6291868
2021-05-29 15:00:00,9550,3294819,11617.0,2779447,934.0,239786.0,10484,3534605,12551,3019233,22101,6313969
2021-05-30 15:00:00,4968,3299787,6408.0,2785855,597.0,240383.0,5565,3540170,7005,3026238,11973,6325942
2021-05-31 15:00:00,1775,3301562,3700.0,2789555,305.0,240688.0,2080,3542250,4005,3030243,5780,6331722
2021-06-01 15:00:00,9763,3311325,16257.0,2805812,1150.0,241838.0,10913,3553163,17407,3047650,27170,6358892
2021-06-02 15:00:00,10224,3321549,16759.0,2822571,958.0,242796.0,11182,3564345,17717,3065367,27941,6386833
2021-06-03 15:00:00,7894,3329443,21122.0,2843693,1085.0,243881.0,8979,3573324,22207,3087574,30101,6416934
2021-06-04 15:00:00,8217,3337660,22219.0,2865912,1121.0,245002.0,9338,3582662,23340,3110914,31557,6448491
2021-06-05 15:00:00,7009,3344669,19396.0,2885308,718.0,245720.0,7727,3590389,20114,3131028,27123,6475614
2021-06-06 15:00:00,3467,3348136,7202.0,2892510,422.0,246142.0,3889,3594278,7624,3138652,11091,6486705
2021-06-07 15:00:00,6848,3354984,15715.0,2908225,725.0,246867.0,7573,3601851,16440,3155092,23288,6509993
2021-06-08 15:00:00,6674,3361658,19647.0,2927872,817.0,247684.0,7491,3609342,20464,3175556,27138,6537131
2021-06-09 15:00:00,8198,3369856,23875.0,2951747,968.0,248652.0,9166,3618508,24843,3200399,33041,6570172
2021-06-10 15:00:00,7163,3377019,19054.0,2970801,894.0,249546.0,8057,3626565,19948,3220347,27111,6597283
2021-06-11 15:00:00,7447,3384466,17670.0,2988471,1125.0,250671.0,8572,3635137,18795,3239142,26242,6623525
2021-06-12 15:00:00,5235,3389701,14707.0,3003178,604.0,251275.0,5839,3640976,15311,3254453,20546,6644071
2021-06-13 15:00:00,1932,3391633,7552.0,3010730,425.0,251700.0,2357,3643333,7977,3262430,9909,6653980
2021-06-14 15:00:00,5653,3397286,11801.0,3022531,728.0,252428.0,6381,3649714,12529,3274959,18182,6672162
2021-06-15 15:00:00,5642,3402928,14278.0,3036809,869.0,253297.0,6511,3656225,15147,3290106,20789,6692951
2021-06-16 15:00:00,8749,3411677,21531.0,3058340,757.0,254054.0,9506,3665731,22288,3312394,31037,6723988
2021-06-17 15:00:00,6672,3418349,12323.0,3070663,718.0,254772.0,7390,3673121,13041,3325435,19713,6743701
2021-06-18 15:00:00,6830,3425179,12687.0,3083350,703.0,255475.0,7533,3680654,13390,3338825,20220,6763921
2021-06-19 15:00:00,4656,3429835,9349.0,3092699,614.0,256089.0,5270,3685924,9963,3348788,14619,6778540
2021-06-20 15:00:00,2499,3432334,5032.0,3097731,378.0,256467.0,2877,3688801,5410,3354198,7909,6786449
2021-06-21 15:00:00,5546,3437880,5307.0,3103038,636.0,257103.0,6182,3694983,5943,3360141,11489,6797938
2021-06-22 15:00:00,5189,3443069,8830.0,3111868,681.0,257784.0,5870,3700853,9511,3369652,14700,6812638
2021-06-23 15:00:00,6056,3449125,10285.0,3122153,642.0,258426.0,6698,3707551,10927,3380579,16983,6829621
2021-06-24 15:00:00,5921,3455046,8172.0,3130325,593.0,259019.0,6514,3714065,8765,3389344,14686,6844307
2021-06-25 15:00:00,5825,3460871,8608.0,3138933,620.0,259639.0,6445,3720510,9228,3398572,15053,6859360
2021-06-26 15:00:00,3698,3464569,6284.0,3145217,396.0,260035.0,4094,3724604,6680,3405252,10378,6869738
2021-06-27 15:00:00,2802,3467371,3510.0,3148727,183.0,260218.0,2985,3727589,3693,3408945,6495,6876233
2021-06-28 15:00:00,4726,3472097,6077.0,3154804,521.0,260739.0,5247,3732836,6598,3415543,11324,6887557
2021-06-29 15:00:00,5054,3477151,6429.0,3161233,517.0,261256.0,5571,3738407,6946,3422489,12000,6899557
2021-06-30 15:00:00,5599,3482750,7356.0,3168589,602.0,261858.0,6201,3744608,7958,3430447,13557,6913114
2021-07-01 15:00:00,5328,3488078,6901.0,3175490,489.0,262347.0,5817,3750425,7390,3437837,12718,6925832
2021-07-02 15:00:00,5282,3493360,6797.0,3182287,519.0,262866.0,5801,3756226,7316,3445153,12598,6938430
2021-07-03 15:00:00,3259,3496619,4045.0,3186332,260.0,263126.0,3519,3759745,4305,3449458,7564,6945994
2021-07-04 15:00:00,493,3497112,542.0,3186874,66.0,263192.0,559,3760304,608,3450066,1101,6947095
2021-07-05 15:00:00,3749,3500861,3939.0,3190813,282.0,263474.0,4031,3764335,4221,3454287,7970,6955065
2021-07-06 15:00:00,4476,3505337,6221.0,3197034,450.0,263924.0,4926,3769261,6671,3460958,11147,6966212
2021-07-07 15:00:00,4453,3509790,6367.0,3203401,483.0,264407.0,4936,3774197,6850,3467808,11303,6977515
2021-07-08 15:00:00,4829,3514619,6122.0,3209523,563.0,264970.0,5392,3779589,6685,3474493,11514,6989029
2021-07-09 15:00:00,5346,3519965,6606.0,3216129,572.0,265542.0,5918,3785507,7178,3481671,12524,7001553
2021-07-10 15:00:00,3519,3523484,4372.0,3220501,301.0,265843.0,3820,3789327,4673,3486344,8192,7009745
2021-07-11 15:00:00,2663,3526147,2552.0,3223053,222.0,266065.0,2885,3792212,2774,3489118,5437,7015182
2021-07-12 15:00:00,4408,3530555,5088.0,3228141,374.0,266439.0,4782,3796994,5462,3494580,9870,7025052
2021-07-13 15:00:00,4744,3535299,4581.0,3232722,365.0,266804.0,5109,3802103,4946,3499526,9690,7034742
2021-07-14 15:00:00,4600,3539899,5242.0,3237964,422.0,267226.0,5022,3807125,5664,3505190,10264,7045006
2021-07-15 15:00:00,4870,3544769,4965.0,3242929,356.0,267582.0,5226,3812351,5321,3510511,10191,7055197
2021-07-16 15:00:00,6271,3551040,5799.0,3248728,401.0,267983.0,6672,3819023,6200,3516711,12471,7067668
2021-07-17 15:00:00,3403,3554443,3537.0,3252265,299.0,268282.0,3702,3822725,3836,3520547,7239,7074907
2021-07-18 15:00:00,2301,3556744,2363.0,3254628,110.0,268392.0,2411,3825136,2473,3523020,4774,7079681
2021-07-19 15:00:00,5245,3561989,4457.0,3259085,376.0,268768.0,5621,3830757,4833,3527853,10078,7089759
2021-07-20 15:00:00,5328,3567317,4679.0,3263764,366.0,269134.0,5694,3836451,5045,3532898,10373,7100132
2021-07-21 15:00:00,5629,3572946,4895.0,3268659,415.0,269549.0,6044,3842495,5310,3538208,10939,7111071
2021-07-22 15:00:00,6009,3578955,4596.0,3273255,469.0,270018.0,6478,3848973,5065,3543273,11074,7122145
2021-07-23 15:00:00,6821,3585776,4809.0,3278064,489.0,270507.0,7310,3856283,5298,3548571,12119,7134264
2021-07-24 15:00:00,4277,3590053,3186.0,3281250,267.0,270774.0,4544,3860827,3453,3552024,7730,7141994
2021-07-25 15:00:00,3289,3593342,1107.0,3282357,138.0,270912.0,3427,3864254,1245,3553269,4534,7146528
2021-07-26 15:00:00,6196,3599538,3876.0,3286233,414.0,271326.0,6610,3870864,4290,3557559,10486,7157014
2021-07-27 15:00:00,6342,3605880,4034.0,3290267,453.0,271779.0,6795,3877659,4487,3562046,10829,7167843
2021-07-28 15:00:00,6796,3612676,3988.0,3294255,458.0,272237.0,7254,3884913,4446,3566492,11242,7179085
2021-07-29 15:00:00,6804,3619480,4127.0,3298382,415.0,272652.0,7219,3892132,4542,3571034,11346,7190431
2021-07-30 15:00:00,7520,3627000,4497.0,3302879,521.0,273173.0,8041,3900173,5018,3576052,12538,7202969
2021-07-31 15:00:00,4778,3631778,3029.0,3305908,272.0,273445.0,5050,3905223,3301,3579353,8079,7211048
2021-08-01 15:00:00,3803,3635581,2095.0,3308003,158.0,273603.0,3961,3909184,2253,3581606,6056,7217104
2021-08-02 15:00:00,7006,3642587,3623.0,3311626,335.0,273938.0,7341,3916525,3958,3585564,10964,7228068
2021-08-03 15:00:00,6989,3649576,3889.0,3315515,508.0,274446.0,7497,3924022,4397,3589961,11386,7239454
2021-08-04 15:00:00,7154,3656730,3881.0,3319396,528.0,274974.0,7682,3931704,4409,3594370,11563,7251017
2021-08-05 15:00:00,7662,3664392,4093.0,3323489,535.0,275509.0,8197,3939901,4628,3598998,12290,7263307
2021-08-06 15:00:00,8280,3672672,4676.0,3328165,449.0,275958.0,8729,3948630,5125,3604123,13405,7276712
2021-08-07 15:00:00,5243,3677915,2786.0,3330951,264.0,276222.0,5507,3954137,3050,3607173,8293,7285005
2021-08-08 15:00:00,3949,3681864,2035.0,3332986,141.0,276363.0,4090,3958227,2176,3609349,6125,7291130
2021-08-09 15:00:00,6910,3688774,4492.0,3337478,364.0,276727.0,7274,3965501,4856,3614205,11766,7302896
2021-08-10 15:00:00,7115,3695889,4426.0,3341904,336.0,277063.0,7451,3972952,4762,3618967,11877,7314773
2021-08-11 15:00:00,7024,3702913,4415.0,3346319,438.0,277501.0,7462,3980414,4853,3623820,11877,7326650
2021-08-12 15:00:00,8560,3711473,4695.0,3351014,441.0,277942.0,9001,3989415,5136,3628956,13696,7340346
2021-08-13 15:00:00,7104,3718577,5322.0,3356336,390.0,278332.0,7494,3996909,5712,3634668,12816,7353162
2021-08-14 15:00:00,4913,3723490,3327.0,3359663,285.0,278617.0,5198,4002107,3612,3638280,8525,7361687
2021-08-15 15:00:00,3314,3726804,2722.0,3362385,163.0,278780.0,3477,4005584,2885,3641165,6199,7367886
2021-08-16 15:00:00,5411,3732215,5062.0,3367447,349.0,279129.0,5760,4011344,5411,3646576,10822,7378708
2021-08-17 15:00:00,6936,3739151,5163.0,3372610,387.0,279516.0,7323,4018667,5550,3652126,12486,7391194
2021-08-18 15:00:00,6502,3745653,5270.0,3377880,472.0,279988.0,6974,4025641,5742,3657868,12244,7403438
2021-08-19 15:00:00,5972,3751625,5304.0,3383184,410.0,280398.0,6382,4032023,5714,3663582,11686,7415124
2021-08-20 15:00:00,7022,3758647,6296.0,3389480,401.0,280799.0,7423,4039446,6697,3670279,13719,7428843
2021-08-21 15:00:00,4309,3762956,3900.0,3393380,225.0,281024.0,4534,4043980,4125,3674404,8434,7437277
2021-08-22 15:00:00,3061,3766017,3153.0,3396533,109.0,281133.0,3170,4047150,3262,3677666,6323,7443600
2021-08-23 15:00:00,6152,3772169,5898.0,3402431,285.0,281418.0,6437,4053587,6183,3683849,12335,7455935
2021-08-24 15:00:00,6631,3778800,5854.0,3408285,423.0,281841.0,7054,4060641,6277,3690126,12908,7468843
2021-08-25 15:00:00,6884,3785684,5987.0,3414272,438.0,282279.0,7322,4067963,6425,3696551,13309,7482152
2021-08-26 15:00:00,7163,3792847,6405.0,3420677,427.0,282706.0,7590,4075553,6832,3703383,13995,7496147
2021-08-27 15:00:00,6852,3799699,6997.0,3427674,315.0,283021.0,7167,4082720,7312,3710695,14164,7510311
2021-08-28 15:00:00,6898,3806597,6473.0,3434147,326.0,283347.0,7224,4089944,6799,3717494,13697,7524008
2021-08-29 15:00:00,3738,3810335,3673.0,3437820,611.0,283958.0,4349,4094293,4284,3721778,8022,7532030
2021-08-30 15:00:00,5938,3816273,6075.0,3443895,959.0,284917.0,6897,4101190,7034,3728812,12972,7545002
2021-08-31 15:00:00,5687,3821960,5906.0,3449801,944.0,285861.0,6631,4107821,6850,3735662,12537,7557539
2021-09-01 15:00:00,5537,3827497,5558.0,3455359,906.0,286767.0,6443,4114264,6464,3742126,12001,7569540
2021-09-02 15:00:00,5534,3833031,5872.0,3461231,700.0,287467.0,6234,4120498,6572,3748698,12106,7581646
2021-09-03 15:00:00,5986,3839017,6869.0,3468100,971.0,288438.0,6957,4127455,7840,3756538,13826,7595472
2021-09-04 15:00:00,3715,3842732,4315.0,3472415,875.0,289313.0,4590,4132045,5190,3761728,8905,7604377
2021-09-05 15:00:00,2947,3845679,2789.0,3475204,104.0,289417.0,3051,4135096,2893,3764621,5840,7610217
2021-09-06 15:00:00,1050,3846729,1138.0,3476342,62.0,289479.0,1112,4136208,1200,3765821,2250,7612467
2021-09-07 15:00:00,5296,3852025,7235.0,3483577,2303.0,291782.0,7599,4143807,9538,3775359,14834,7627301
2021-09-08 15:00:00,4658,3856683,5429.0,3489006,365.0,292147.0,5023,4148830,5794,3781153,10452,7637753
2021-09-09 15:00:00,5066,3861749,5339.0,3494345,322.0,292469.0,5388,4154218,5661,3786814,10727,7648480
2021-09-10 15:00:00,6529,3868278,6578.0,3500923,1712.0,294181.0,8241,4162459,8290,3795104,14819,7663299
2021-09-11 15:00:00,4043,3872321,4310.0,3505233,663.0,294844.0,4706,4167165,4973,3800077,9016,7672315
2021-09-12 15:00:00,3154,3875475,3225.0,3508458,436.0,295280.0,3590,4170755,3661,3803738,6815,7679130
2021-09-13 15:00:00,4662,3880137,4824.0,3513282,345.0,295625.0,5007,4175762,5169,3808907,9831,7688961
2021-09-14 15:00:00,4575,3884712,5176.0,3518458,432.0,296057.0,5007,4180769,5608,3814515,10183,7699144
2021-09-15 15:00:00,4844,3889556,5582.0,3524040,387.0,296444.0,5231,4186000,5969,3820484,10813,7709957
2021-09-16 15:00:00,4588,3894144,5591.0,3529631,331.0,296775.0,4919,4190919,5922,3826406,10510,7720467
2021-09-17 15:00:00,5036,3899180,6317.0,3535948,341.0,297116.0,5377,4196296,6658,3833064,11694,7732161
2021-09-18 15:00:00,3773,3902953,4554.0,3540502,186.0,297302.0,3959,4200255,4740,3837804,8513,7740674
2021-09-19 15:00:00,2745,3905698,3152.0,3543654,75.0,297377.0,2820,4203075,3227,3841031,5972,7746646
2021-09-20 15:00:00,3537,3909235,4453.0,3548107,427.0,297804.0,3964,4207039,4880,3845911,8417,7755063
2021-09-21 15:00:00,3782,3913017,4794.0,3552901,325.0,298129.0,4107,4211146,5119,3851030,8901,7763964
2021-09-22 15:00:00,4185,3917202,4738.0,3557639,459.0,298588.0,4644,4215790,5197,3856227,9382,7773346
2021-09-23 15:00:00,4177,3921379,4683.0,3562322,489.0,299077.0,4666,4220456,5172,3861399,9349,7782695
2021-09-24 15:00:00,5060,3926439,5560.0,3567882,422.0,299499.0,5482,4225938,5982,3867381,11042,7793737
2021-09-25 15:00:00,3623,3930062,3623.0,3571505,384.0,299883.0,4007,4229945,4007,3871388,7630,7801367
2021-09-26 15:00:00,2358,3932420,2651.0,3574156,421.0,300304.0,2779,4232724,3072,3874460,5430,7806797
2021-09-27 15:00:00,4501,3936921,2678.0,3576834,507.0,300811.0,5008,4237732,3185,3877645,7686,7814483
2021-09-28 15:00:00,4394,3941315,4383.0,3581217,211.0,301022.0,4605,4242337,4594,3882239,8988,7823471
2021-09-29 15:00:00,4694,3946009,4478.0,3585695,918.0,301940.0,5612,4247949,5396,3887635,10090,7833561
2021-09-30 15:00:00,4875,3950884,4536.0,3590231,791.0,302731.0,5666,4253615,5327,3892962,10202,7843763
2021-10-01 15:00:00,5418,3956302,5257.0,3595488,778.0,303509.0,6196,4259811,6035,3898997,11453,7855216
2021-10-02 15:00:00,2936,3959238,2882.0,3598370,187.0,303696.0,3123,4262934,3069,3902066,6005,7861221
2021-10-03 15:00:00,2057,3961295,2263.0,3600633,86.0,303782.0,2143,4265077,2349,3904415,4406,7865627
2021-10-04 15:00:00,4144,3965439,3356.0,3603989,233.0,304015.0,4377,4269454,3589,3908004,7733,7873360
2021-10-05 15:00:00,4047,3969486,3557.0,3607546,204.0,304219.0,4251,4273705,3761,3911765,7808,7881168
2021-10-06 15:00:00,4115,3973601,3477.0,3611023,264.0,304483.0,4379,4278084,3741,3915506,7856,7889024
2021-10-07 15:00:00,4350,3977951,3486.0,3614509,329.0,304812.0,4679,4282763,3815,3919321,8165,7897189
2021-10-08 15:00:00,4910,3982861,4095.0,3618604,281.0,305093.0,5191,4287954,4376,3923697,9286,7906475
2021-10-09 15:00:00,2678,3985539,2664.0,3621268,270.0,305363.0,2948,4290902,2934,3926631,5612,7912087
2021-10-10 15:00:00,1863,3987402,1839.0,3623107,59.0,305422.0,1922,4292824,1898,3928529,3761,7915848
2021-10-11 15:00:00,4360,3991762,3176.0,3626283,246.0,305668.0,4606,4297430,3422,3931951,7782,7923630
2021-10-12 15:00:00,3723,3995485,3319.0,3629602,268.0,305936.0,3991,4301421,3587,3935538,7310,7930940
2021-10-13 15:00:00,3964,3999449,3421.0,3633023,344.0,306280.0,4308,4305729,3765,3939303,7729,7938669
2021-10-14 15:00:00,5145,4004594,5432.0,3638455,424.0,306704.0,5569,4311298,5856,3945159,11001,7949670
2021-10-15 15:00:00,4707,4009301,4539.0,3642994,345.0,307049.0,5052,4316350,4884,3950043,9591,7959261
2021-10-16 15:00:00,2489,4011790,2486.0,3645480,288.0,307337.0,2777,4319127,2774,3952817,5263,7964524
2021-10-17 15:00:00,1799,4013589,1765.0,3647245,53.0,307390.0,1852,4320979,1818,3954635,3617,7968141
2021-10-18 15:00:00,4291,4017880,3544.0,3650789,266.0,307656.0,4557,4325536,3810,3958445,8101,7976242
2021-10-19 15:00:00,4305,4022185,4015.0,3654804,221.0,307877.0,4526,4330062,4236,3962681,8541,7984783
2021-10-20 15:00:00,3518,4025703,3404.0,3658208,253.0,308130.0,3771,4333833,3657,3966338,7175,7991958
2021-10-21 15:00:00,3298,4029001,3231.0,3661439,290.0,308420.0,3588,4337421,3521,3969859,6819,7998777
2021-10-22 15:00:00,4696,4033697,4001.0,3665440,475.0,308895.0,5171,4342592,4476,3974335,9172,8007949
2021-10-23 15:00:00,2900,4036597,2118.0,3667558,321.0,309216.0,3221,4345813,2439,3976774,5339,8013288
2021-10-24 15:00:00,2046,4038643,1550.0,3669108,77.0,309293.0,2123,4347936,1627,3978401,3673,8016961
2021-10-25 15:00:00,4533,4043176,3079.0,3672187,314.0,309607.0,4847,4352783,3393,3981794,7926,8024887
2021-10-26 15:00:00,4507,4047683,3125.0,3675312,308.0,309915.0,4815,4357598,3433,3985227,7940,8032827
2021-10-27 15:00:00,4697,4052380,3337.0,3678649,428.0,310343.0,5125,4362723,3765,3988992,8462,8041289
2021-10-28 15:00:00,4528,4056908,3377.0,3682026,493.0,310836.0,5021,4367744,3870,3992862,8398,8049687
2021-10-29 15:00:00,4929,4061837,3872.0,3685898,388.0,311224.0,5317,4373061,4260,3997122,9189,8058876
2021-10-30 15:00:00,2619,4064456,1832.0,3687730,308.0,311532.0,2927,4375988,2140,3999262,4759,8063635
2021-10-31 15:00:00,1929,4066385,1494.0,3689224,93.0,311625.0,2022,4378010,1587,4000849,3516,8067151
2021-11-01 15:00:00,4549,4070934,3429.0,3692653,329.0,311954.0,4878,4382888,3758,4004607,8307,8075458
2021-11-02 15:00:00,4218,4075152,2994.0,3695647,397.0,312351.0,4615,4387503,3391,4007998,7609,8083067
2021-11-03 15:00:00,4561,4079713,3095.0,3698742,452.0,312803.0,5013,4392516,3547,4011545,8108,8091175
2021-11-04 15:00:00,5967,4085680,3384.0,3702126,509.0,313312.0,6476,4398992,3893,4015438,9860,8101035
2021-11-05 15:00:00,7735,4093415,3797.0,3705923,403.0,313715.0,8138,4407130,4200,4019638,11935,8112970
2021-11-06 15:00:00,9803,4103218,1966.0,3707889,302.0,314017.0,10105,4417235,2268,4021906,12071,8125041
2021-11-07 15:00:00,7397,4110615,1391.0,3709280,91.0,314108.0,7488,4424723,1482,4023388,8879,8133920
2021-11-08 15:00:00,11058,4121673,3046.0,3712326,359.0,314467.0,11417,4436140,3405,4026793,14463,8148383
2021-11-09 15:00:00,11295,4132968,2620.0,3714946,246.0,314713.0,11541,4447681,2866,4029659,14161,8162544
2021-11-10 15:00:00,12021,4144989,2711.0,3717657,318.0,315031.0,12339,4460020,3029,4032688,15050,8177594
2021-11-11 15:00:00,10785,4155774,2363.0,3720020,267.0,315298.0,11052,4471072,2630,4035318,13415,8191009
2021-11-12 15:00:00,11495,4167269,3330.0,3723350,526.0,315824.0,12021,4483093,3856,4039174,15351,8206360
2021-11-13 15:00:00,9093,4176362,1495.0,3724845,330.0,316154.0,9423,4492516,1825,4040999,10918,8217278
2021-11-14 15:00:00,3258,4179620,1053.0,3725898,105.0,316259.0,3363,4495879,1158,4042157,4416,8221694
2021-11-15 15:00:00,7988,4187608,2468.0,3728366,192.0,316451.0,8180,4504059,2660,4044817,10648,8232342
2021-11-16 15:00:00,8240,4195848,2427.0,3730793,213.0,316664.0,8453,4512512,2640,4047457,10880,8243222
2021-11-17 15:00:00,4305,4200153,1411.0,3732204,180.0,316844.0,4485,4516997,1591,4049048,5896,8249118
