VACCINATION_DATE,FirstDailyDose,FirstDoseCumulative,SecondDailyDose,SecondDoseCumulative,SingleDailyDose,SingleDoseCumulative,AtleastOneVaccine,AtleastOneVaccineCumulative,CompletedVax,CompletedVaxCumulative,FirstSecondSingleVaccinations,FirstSecondSingleVaccinationsCumulative
2020-12-14 15:00:00,19,1333,,515,,,19,1333,0,515,19,1743
2020-12-15 15:00:00,59,1392,3.0,518,,,59,1392,3,518,62,1805
2020-12-16 15:00:00,588,1980,5.0,523,,,588,1980,5,523,593,2398
2020-12-17 15:00:00,1154,3134,5.0,528,,,1154,3134,5,528,1159,3557
2020-12-18 15:00:00,3011,6145,13.0,541,,,3011,6145,13,541,3024,6581
2020-12-19 15:00:00,928,7073,5.0,546,,,928,7073,5,546,933,7514
2020-12-20 15:00:00,360,7433,5.0,551,,,360,7433,5,551,365,7879
2020-12-21 15:00:00,3883,11316,26.0,577,,,3883,11316,26,577,3909,11788
2020-12-22 15:00:00,6318,17634,26.0,603,,,6318,17634,26,603,6344,18132
2020-12-23 15:00:00,5774,23408,35.0,638,,,5774,23408,35,638,5809,23941
2020-12-24 15:00:00,2722,26130,16.0,654,,,2722,26130,16,654,2738,26679
2020-12-25 15:00:00,1034,27164,4.0,658,,,1034,27164,4,658,1038,27717
2020-12-26 15:00:00,1882,29046,9.0,667,,,1882,29046,9,667,1891,29608
2020-12-27 15:00:00,1803,30849,10.0,677,,,1803,30849,10,677,1813,31421
2020-12-28 15:00:00,8981,39830,47.0,724,,,8981,39830,47,724,9028,40449
2020-12-29 15:00:00,10957,50787,50.0,774,,,10957,50787,50,774,11007,51456
2020-12-30 15:00:00,12486,63273,87.0,861,,,12486,63273,87,861,12573,64029
2020-12-31 15:00:00,7550,70823,45.0,906,,,7550,70823,45,906,7595,71624
2021-01-01 15:00:00,3190,74013,136.0,1042,,,3190,74013,136,1042,3326,74950
2021-01-02 15:00:00,3035,77048,34.0,1076,,,3035,77048,34,1076,3069,78019
2021-01-03 15:00:00,3405,80453,81.0,1157,,,3405,80453,81,1157,3486,81505
2021-01-04 15:00:00,13350,93803,331.0,1488,,,13350,93803,331,1488,13681,95186
2021-01-05 15:00:00,12464,106267,543.0,2031,,,12464,106267,543,2031,13007,108193
2021-01-06 15:00:00,15242,121509,858.0,2889,,,15242,121509,858,2889,16100,124293
2021-01-07 15:00:00,15015,136524,1761.0,4650,,,15015,136524,1761,4650,16776,141069
2021-01-08 15:00:00,24006,160530,2774.0,7424,,,24006,160530,2774,7424,26780,167849
2021-01-09 15:00:00,5164,165694,951.0,8375,,,5164,165694,951,8375,6115,173964
2021-01-10 15:00:00,2966,168660,381.0,8756,,,2966,168660,381,8756,3347,177311
2021-01-11 15:00:00,13713,182373,3467.0,12223,,,13713,182373,3467,12223,17180,194491
2021-01-12 15:00:00,17377,199750,5585.0,17808,,,17377,199750,5585,17808,22962,217453
2021-01-13 15:00:00,18599,218349,3911.0,21719,,,18599,218349,3911,21719,22510,239963
2021-01-14 15:00:00,17834,236183,1958.0,23677,,,17834,236183,1958,23677,19792,259755
2021-01-15 15:00:00,19456,255639,2024.0,25701,,,19456,255639,2024,25701,21480,281235
2021-01-16 15:00:00,5820,261459,1612.0,27313,,,5820,261459,1612,27313,7432,288667
2021-01-17 15:00:00,2119,263578,1478.0,28791,,,2119,263578,1478,28791,3597,292264
2021-01-18 15:00:00,7070,270648,3256.0,32047,,,7070,270648,3256,32047,10326,302590
2021-01-19 15:00:00,16938,287586,5399.0,37446,,,16938,287586,5399,37446,22337,324927
2021-01-20 15:00:00,20998,308584,5317.0,42763,,,20998,308584,5317,42763,26315,351242
2021-01-21 15:00:00,23787,332371,3833.0,46596,,,23787,332371,3833,46596,27620,378862
2021-01-22 15:00:00,28649,361020,3742.0,50338,,,28649,361020,3742,50338,32391,411253
2021-01-23 15:00:00,10112,371132,1934.0,52272,,,10112,371132,1934,52272,12046,423299
2021-01-24 15:00:00,3349,374481,1722.0,53994,,,3349,374481,1722,53994,5071,428370
2021-01-25 15:00:00,16299,390780,8595.0,62589,,,16299,390780,8595,62589,24894,453264
2021-01-26 15:00:00,17549,408329,8966.0,71555,,,17549,408329,8966,71555,26515,479779
2021-01-27 15:00:00,24431,432760,12541.0,84096,,,24431,432760,12541,84096,36972,516751
2021-01-28 15:00:00,22646,455406,9320.0,93416,,,22646,455406,9320,93416,31966,548717
2021-01-29 15:00:00,24767,480173,7916.0,101332,,,24767,480173,7916,101332,32683,581400
2021-01-30 15:00:00,17771,497944,2552.0,103884,,,17771,497944,2552,103884,20323,601723
2021-01-31 15:00:00,3760,501704,1362.0,105246,,,3760,501704,1362,105246,5122,606845
2021-02-01 15:00:00,8054,509758,5338.0,110584,,,8054,509758,5338,110584,13392,620237
2021-02-02 15:00:00,12484,522242,13820.0,124404,,,12484,522242,13820,124404,26304,646541
2021-02-03 15:00:00,18243,540485,18121.0,142525,,,18243,540485,18121,142525,36364,682905
2021-02-04 15:00:00,22109,562594,15765.0,158290,,,22109,562594,15765,158290,37874,720779
2021-02-05 15:00:00,20339,582933,17405.0,175695,,,20339,582933,17405,175695,37744,758523
2021-02-06 15:00:00,11317,594250,14465.0,190160,,,11317,594250,14465,190160,25782,784305
2021-02-07 15:00:00,5946,600196,1833.0,191993,,,5946,600196,1833,191993,7779,792084
2021-02-08 15:00:00,12968,613164,12916.0,204909,,,12968,613164,12916,204909,25884,817968
2021-02-09 15:00:00,16642,629806,13864.0,218773,,,16642,629806,13864,218773,30506,848474
2021-02-10 15:00:00,19278,649084,21221.0,239994,,,19278,649084,21221,239994,40499,888973
2021-02-11 15:00:00,22840,671924,17331.0,257325,,,22840,671924,17331,257325,40171,929144
2021-02-12 15:00:00,20386,692310,19606.0,276931,,,20386,692310,19606,276931,39992,969136
2021-02-13 15:00:00,11435,703745,6413.0,283344,,,11435,703745,6413,283344,17848,986984
2021-02-14 15:00:00,7107,710852,2119.0,285463,,,7107,710852,2119,285463,9226,996210
2021-02-15 15:00:00,11757,722609,13320.0,298783,,,11757,722609,13320,298783,25077,1021287
2021-02-16 15:00:00,16598,739207,21005.0,319788,,,16598,739207,21005,319788,37603,1058890
2021-02-17 15:00:00,20645,759852,26369.0,346157,,,20645,759852,26369,346157,47014,1105904
2021-02-18 15:00:00,3194,763046,4615.0,350772,,,3194,763046,4615,350772,7809,1113713
2021-02-19 15:00:00,10254,773300,19920.0,370692,,,10254,773300,19920,370692,30174,1143887
2021-02-20 15:00:00,10310,783610,20279.0,390971,,,10310,783610,20279,390971,30589,1174476
2021-02-21 15:00:00,6169,789779,7638.0,398609,,,6169,789779,7638,398609,13807,1188283
2021-02-22 15:00:00,8033,797812,15465.0,414074,,,8033,797812,15465,414074,23498,1211781
2021-02-23 15:00:00,15519,813331,15974.0,430048,,,15519,813331,15974,430048,31493,1243274
2021-02-24 15:00:00,17943,831274,24736.0,454784,,,17943,831274,24736,454784,42679,1285953
2021-02-25 15:00:00,20391,851665,26546.0,481330,,,20391,851665,26546,481330,46937,1332890
2021-02-26 15:00:00,26715,878380,26200.0,507530,,,26715,878380,26200,507530,52915,1385805
2021-02-27 15:00:00,16000,894380,11151.0,518681,,,16000,894380,11151,518681,27151,1412956
2021-02-28 15:00:00,15498,909878,4874.0,523555,,,15498,909878,4874,523555,20372,1433328
2021-03-01 15:00:00,26885,936763,12585.0,536140,,,26885,936763,12585,536140,39470,1472798
2021-03-02 15:00:00,23903,960666,13265.0,549405,33.0,33.0,23936,960699,13298,549438,37201,1509999
2021-03-03 15:00:00,30177,990843,18385.0,567790,186.0,219.0,30363,991062,18571,568009,48748,1558747
2021-03-04 15:00:00,30952,1021795,18180.0,585970,4068.0,4287.0,35020,1026082,22248,590257,53200,1611947
2021-03-05 15:00:00,30008,1051803,19707.0,605677,4909.0,9196.0,34917,1060999,24616,614873,54624,1666571
2021-03-06 15:00:00,18905,1070708,9501.0,615178,6006.0,15202.0,24911,1085910,15507,630380,34412,1700983
2021-03-07 15:00:00,12120,1082828,4849.0,620027,6613.0,21815.0,18733,1104643,11462,641842,23582,1724565
2021-03-08 15:00:00,25868,1108696,8834.0,628861,8277.0,30092.0,34145,1138788,17111,658953,42979,1767544
2021-03-09 15:00:00,26109,1134805,15459.0,644320,8349.0,38441.0,34458,1173246,23808,682761,49917,1817461
2021-03-10 15:00:00,29844,1164649,15982.0,660302,7940.0,46381.0,37784,1211030,23922,706683,53766,1871227
2021-03-11 15:00:00,35980,1200629,16394.0,676696,3981.0,50362.0,39961,1250991,20375,727058,56355,1927582
2021-03-12 15:00:00,36904,1237533,18084.0,694780,2924.0,53286.0,39828,1290819,21008,748066,57912,1985494
2021-03-13 15:00:00,22656,1260189,10278.0,705058,1626.0,54912.0,24282,1315101,11904,759970,34560,2020054
2021-03-14 15:00:00,17833,1278022,6713.0,711771,1004.0,55916.0,18837,1333938,7717,767687,25550,2045604
2021-03-15 15:00:00,29812,1307834,11293.0,723064,597.0,56513.0,30409,1364347,11890,779577,41702,2087306
2021-03-16 15:00:00,33410,1341244,13565.0,736629,769.0,57282.0,34179,1398526,14334,793911,47744,2135050
2021-03-17 15:00:00,37557,1378801,17036.0,753665,1180.0,58462.0,38737,1437263,18216,812127,55773,2190823
2021-03-18 15:00:00,41433,1420234,12634.0,766299,1348.0,59810.0,42781,1480044,13982,826109,55415,2246238
2021-03-19 15:00:00,38327,1458561,15415.0,781714,1036.0,60846.0,39363,1519407,16451,842560,54778,2301016
2021-03-20 15:00:00,24691,1483252,10149.0,791863,702.0,61548.0,25393,1544800,10851,853411,35542,2336558
2021-03-21 15:00:00,19168,1502420,7869.0,799732,336.0,61884.0,19504,1564304,8205,861616,27373,2363931
2021-03-22 15:00:00,32583,1535003,11466.0,811198,835.0,62719.0,33418,1597722,12301,873917,44884,2408815
2021-03-23 15:00:00,38415,1573418,17789.0,828987,1554.0,64273.0,39969,1637691,19343,893260,57758,2466573
2021-03-24 15:00:00,41072,1614490,21195.0,850182,1386.0,65659.0,42458,1680149,22581,915841,63653,2530226
2021-03-25 15:00:00,42867,1657357,21675.0,871857,2458.0,68117.0,45325,1725474,24133,939974,67000,2597226
2021-03-26 15:00:00,36340,1693697,26660.0,898517,2496.0,70613.0,38836,1764310,29156,969130,65496,2662722
2021-03-27 15:00:00,26458,1720155,17275.0,915792,2491.0,73104.0,28949,1793259,19766,988896,46224,2708946
2021-03-28 15:00:00,17005,1737160,12630.0,928422,1616.0,74720.0,18621,1811880,14246,1003142,31251,2740197
2021-03-29 15:00:00,29710,1766870,26270.0,954692,1140.0,75860.0,30850,1842730,27410,1030552,57120,2797317
2021-03-30 15:00:00,40039,1806909,28974.0,983666,1861.0,77721.0,41900,1884630,30835,1061387,70874,2868191
2021-03-31 15:00:00,41030,1847939,34671.0,1018337,5749.0,83470.0,46779,1931409,40420,1101807,81450,2949641
2021-04-01 15:00:00,42256,1890195,40962.0,1059299,5723.0,89193.0,47979,1979388,46685,1148492,88941,3038582
2021-04-02 15:00:00,34909,1925104,32651.0,1091950,6121.0,95314.0,41030,2020418,38772,1187264,73681,3112263
2021-04-03 15:00:00,21132,1946236,19180.0,1111130,4385.0,99699.0,25517,2045935,23565,1210829,44697,3156960
2021-04-04 15:00:00,8267,1954503,10182.0,1121312,967.0,100666.0,9234,2055169,11149,1221978,19416,3176376
2021-04-05 15:00:00,27934,1982437,28889.0,1150201,6653.0,107319.0,34587,2089756,35542,1257520,63476,3239852
2021-04-06 15:00:00,39757,2022194,30424.0,1180625,10488.0,117807.0,50245,2140001,40912,1298432,80669,3320521
2021-04-07 15:00:00,36061,2058255,34256.0,1214881,12981.0,130788.0,49042,2189043,47237,1345669,83298,3403819
2021-04-08 15:00:00,42286,2100541,36076.0,1250957,13864.0,144652.0,56150,2245193,49940,1395609,92226,3496045
2021-04-09 15:00:00,34041,2134582,36304.0,1287261,14521.0,159173.0,48562,2293755,50825,1446434,84866,3580911
2021-04-10 15:00:00,23454,2158036,23118.0,1310379,7642.0,166815.0,31096,2324851,30760,1477194,54214,3635125
2021-04-11 15:00:00,17558,2175594,13273.0,1323652,10122.0,176937.0,27680,2352531,23395,1500589,40953,3676078
2021-04-12 15:00:00,24592,2200186,33145.0,1356797,10897.0,187834.0,35489,2388020,44042,1544631,68634,3744712
2021-04-13 15:00:00,126180,2326366,91214.0,1448011,3292.0,191126.0,129472,2517492,94506,1639137,220686,3965398
2021-04-14 15:00:00,40704,2367070,37792.0,1485803,211.0,191337.0,40915,2558407,38003,1677140,78707,4044105
2021-04-15 15:00:00,41410,2408480,39509.0,1525312,174.0,191511.0,41584,2599991,39683,1716823,81093,4125198
2021-04-16 15:00:00,37144,2445624,38828.0,1564140,23.0,191534.0,37167,2637158,38851,1755674,75995,4201193
2021-04-17 15:00:00,32796,2478420,22014.0,1586154,12.0,191546.0,32808,2669966,22026,1777700,54822,4256015
2021-04-18 15:00:00,20066,2498486,16187.0,1602341,5.0,191551.0,20071,2690037,16192,1793892,36258,4292273
2021-04-19 15:00:00,29870,2528356,36535.0,1638876,61.0,191612.0,29931,2719968,36596,1830488,66466,4358739
2021-04-20 15:00:00,32919,2561275,44417.0,1683293,57.0,191669.0,32976,2752944,44474,1874962,77393,4436132
2021-04-21 15:00:00,39803,2601078,47025.0,1730318,25.0,191694.0,39828,2792772,47050,1922012,86853,4522985
2021-04-22 15:00:00,35813,2636891,42634.0,1772952,16.0,191710.0,35829,2828601,42650,1964662,78463,4601448
2021-04-23 15:00:00,33125,2670016,40116.0,1813068,14.0,191724.0,33139,2861740,40130,2004792,73255,4674703
2021-04-24 15:00:00,26403,2696419,27872.0,1840940,81.0,191805.0,26484,2888224,27953,2032745,54356,4729059
2021-04-25 15:00:00,20226,2716645,10957.0,1851897,31.0,191836.0,20257,2908481,10988,2043733,31214,4760273
2021-04-26 15:00:00,27398,2744043,32694.0,1884591,202.0,192038.0,27600,2936081,32896,2076629,60294,4820567
2021-04-27 15:00:00,26696,2770739,33046.0,1917637,1098.0,193136.0,27794,2963875,34144,2110773,60840,4881407
2021-04-28 15:00:00,28927,2799666,39502.0,1957139,1362.0,194498.0,30289,2994164,40864,2151637,69791,4951198
2021-04-29 15:00:00,27081,2826747,39692.0,1996831,1463.0,195961.0,28544,3022708,41155,2192792,68236,5019434
2021-04-30 15:00:00,28201,2854948,32245.0,2029076,1647.0,197608.0,29848,3052556,33892,2226684,62093,5081527
2021-05-01 15:00:00,20621,2875569,26624.0,2055700,1045.0,198653.0,21666,3074222,27669,2254353,48290,5129817
2021-05-02 15:00:00,10283,2885852,17035.0,2072735,822.0,199475.0,11105,3085327,17857,2272210,28140,5157957
2021-05-03 15:00:00,12752,2898604,28561.0,2101296,1915.0,201390.0,14667,3099994,30476,2302686,43228,5201185
2021-05-04 15:00:00,13565,2912169,38578.0,2139874,1737.0,203127.0,15302,3115296,40315,2343001,53880,5255065
2021-05-05 15:00:00,19321,2931490,37729.0,2177603,1921.0,205048.0,21242,3136538,39650,2382651,58971,5314036
2021-05-06 15:00:00,16916,2948406,40574.0,2218177,1720.0,206768.0,18636,3155174,42294,2424945,59210,5373246
2021-05-07 15:00:00,17581,2965987,36987.0,2255164,1957.0,208725.0,19538,3174712,38944,2463889,56525,5429771
2021-05-08 15:00:00,10786,2976773,31213.0,2286377,1291.0,210016.0,12077,3186789,32504,2496393,43290,5473061
2021-05-09 15:00:00,5078,2981851,12234.0,2298611,695.0,210711.0,5773,3192562,12929,2509322,18007,5491068
2021-05-10 15:00:00,8954,2990805,31041.0,2329652,1362.0,212073.0,10316,3202878,32403,2541725,41357,5532425
2021-05-11 15:00:00,12184,3002989,30264.0,2359916,1440.0,213513.0,13624,3216502,31704,2573429,43888,5576313
2021-05-12 15:00:00,13950,3016939,38567.0,2398483,1919.0,215432.0,15869,3232371,40486,2613915,54436,5630749
2021-05-13 15:00:00,21855,3038794,33445.0,2431928,1345.0,216777.0,23200,3255571,34790,2648705,56645,5687394
2021-05-14 15:00:00,24375,3063169,30017.0,2461945,1775.0,218552.0,26150,3281721,31792,2680497,56167,5743561
2021-05-15 15:00:00,21920,3085089,25098.0,2487043,1490.0,220042.0,23410,3305131,26588,2707085,48508,5792069
2021-05-16 15:00:00,9084,3094173,17575.0,2504618,1113.0,221155.0,10197,3315328,18688,2725773,27772,5819841
2021-05-17 15:00:00,16846,3111019,28376.0,2532994,1949.0,223104.0,18795,3334123,30325,2756098,47171,5867012
2021-05-18 15:00:00,21252,3132271,30669.0,2563663,1942.0,225046.0,23194,3357317,32611,2788709,53863,5920875
2021-05-19 15:00:00,27636,3159907,32401.0,2596064,1628.0,226674.0,29264,3386581,34029,2822738,61665,5982540
2021-05-20 15:00:00,20807,3180714,33239.0,2629303,1966.0,228640.0,22773,3409354,35205,2857943,56012,6038552
2021-05-21 15:00:00,19157,3199871,30323.0,2659626,1607.0,230247.0,20764,3430118,31930,2889873,51087,6089639
2021-05-22 15:00:00,16929,3216800,20663.0,2680289,1270.0,231517.0,18199,3448317,21933,2911806,38862,6128501
2021-05-23 15:00:00,8760,3225560,11434.0,2691723,964.0,232481.0,9724,3458041,12398,2924204,21158,6149659
2021-05-24 15:00:00,13558,3239118,17756.0,2709479,1473.0,233954.0,15031,3473072,19229,2943433,32787,6182446
2021-05-25 15:00:00,13065,3252183,18706.0,2728185,1329.0,235283.0,14394,3487466,20035,2963468,33100,6215546
2021-05-26 15:00:00,18303,3270486,19484.0,2747669,1511.0,236794.0,19814,3507280,20995,2984463,39298,6254844
2021-05-27 15:00:00,11685,3282171,18640.0,2766309,1116.0,237910.0,12801,3520081,19756,3004219,31441,6286285
2021-05-28 15:00:00,12408,3294579,19830.0,2786139,1400.0,239310.0,13808,3533889,21230,3025449,33638,6319923
2021-05-29 15:00:00,9547,3304126,11670.0,2797809,935.0,240245.0,10482,3544371,12605,3038054,22152,6342075
2021-05-30 15:00:00,4968,3309094,6422.0,2804231,595.0,240840.0,5563,3549934,7017,3045071,11985,6354060
2021-05-31 15:00:00,1777,3310871,3712.0,2807943,305.0,241145.0,2082,3552016,4017,3049088,5794,6359854
2021-06-01 15:00:00,9832,3320703,16409.0,2824352,1157.0,242302.0,10989,3563005,17566,3066654,27398,6387252
2021-06-02 15:00:00,10230,3330933,16800.0,2841152,959.0,243261.0,11189,3574194,17759,3084413,27989,6415241
2021-06-03 15:00:00,7896,3338829,21173.0,2862325,1086.0,244347.0,8982,3583176,22259,3106672,30155,6445396
2021-06-04 15:00:00,8168,3346997,22336.0,2884661,1120.0,245467.0,9288,3592464,23456,3130128,31624,6477020
2021-06-05 15:00:00,7004,3354001,19454.0,2904115,720.0,246187.0,7724,3600188,20174,3150302,27178,6504198
2021-06-06 15:00:00,3459,3357460,7236.0,2911351,423.0,246610.0,3882,3604070,7659,3157961,11118,6515316
2021-06-07 15:00:00,6854,3364314,15756.0,2927107,726.0,247336.0,7580,3611650,16482,3174443,23336,6538652
2021-06-08 15:00:00,6673,3370987,19694.0,2946801,830.0,248166.0,7503,3619153,20524,3194967,27197,6565849
2021-06-09 15:00:00,8195,3379182,23928.0,2970729,970.0,249136.0,9165,3628318,24898,3219865,33093,6598942
2021-06-10 15:00:00,7143,3386325,19113.0,2989842,894.0,250030.0,8037,3636355,20007,3239872,27150,6626092
2021-06-11 15:00:00,7476,3393801,17707.0,3007549,1125.0,251155.0,8601,3644956,18832,3258704,26308,6652400
2021-06-12 15:00:00,5232,3399033,14751.0,3022300,605.0,251760.0,5837,3650793,15356,3274060,20588,6672988
2021-06-13 15:00:00,1930,3400963,7565.0,3029865,427.0,252187.0,2357,3653150,7992,3282052,9922,6682910
2021-06-14 15:00:00,5659,3406622,11801.0,3041666,734.0,252921.0,6393,3659543,12535,3294587,18194,6701104
2021-06-15 15:00:00,5634,3412256,14326.0,3055992,873.0,253794.0,6507,3666050,15199,3309786,20833,6721937
2021-06-16 15:00:00,8754,3421010,21572.0,3077564,757.0,254551.0,9511,3675561,22329,3332115,31083,6753020
2021-06-17 15:00:00,6683,3427693,12354.0,3089918,720.0,255271.0,7403,3682964,13074,3345189,19757,6772777
2021-06-18 15:00:00,6832,3434525,12728.0,3102646,703.0,255974.0,7535,3690499,13431,3358620,20263,6793040
2021-06-19 15:00:00,4659,3439184,9364.0,3112010,614.0,256588.0,5273,3695772,9978,3368598,14637,6807677
2021-06-20 15:00:00,2505,3441689,5050.0,3117060,377.0,256965.0,2882,3698654,5427,3374025,7932,6815609
2021-06-21 15:00:00,5559,3447248,5330.0,3122390,635.0,257600.0,6194,3704848,5965,3379990,11524,6827133
2021-06-22 15:00:00,5344,3452592,9044.0,3131434,692.0,258292.0,6036,3710884,9736,3389726,15080,6842213
2021-06-23 15:00:00,6062,3458654,10315.0,3141749,646.0,258938.0,6708,3717592,10961,3400687,17023,6859236
2021-06-24 15:00:00,5932,3464586,8191.0,3149940,595.0,259533.0,6527,3724119,8786,3409473,14718,6873954
2021-06-25 15:00:00,5806,3470392,8654.0,3158594,620.0,260153.0,6426,3730545,9274,3418747,15080,6889034
2021-06-26 15:00:00,3699,3474091,6297.0,3164891,397.0,260550.0,4096,3734641,6694,3425441,10393,6899427
2021-06-27 15:00:00,2808,3476899,3518.0,3168409,185.0,260735.0,2993,3737634,3703,3429144,6511,6905938
2021-06-28 15:00:00,4914,3481813,6376.0,3174785,539.0,261274.0,5453,3743087,6915,3436059,11829,6917767
2021-06-29 15:00:00,5059,3486872,6465.0,3181250,520.0,261794.0,5579,3748666,6985,3443044,12044,6929811
2021-06-30 15:00:00,5617,3492489,7377.0,3188627,605.0,262399.0,6222,3754888,7982,3451026,13599,6943410
2021-07-01 15:00:00,5401,3497890,6962.0,3195589,498.0,262897.0,5899,3760787,7460,3458486,12861,6956271
2021-07-02 15:00:00,5287,3503177,6828.0,3202417,523.0,263420.0,5810,3766597,7351,3465837,12638,6968909
2021-07-03 15:00:00,3267,3506444,4061.0,3206478,264.0,263684.0,3531,3770128,4325,3470162,7592,6976501
2021-07-04 15:00:00,492,3506936,544.0,3207022,67.0,263751.0,559,3770687,611,3470773,1103,6977604
2021-07-05 15:00:00,3760,3510696,3951.0,3210973,287.0,264038.0,4047,3774734,4238,3475011,7998,6985602
2021-07-06 15:00:00,4489,3515185,6258.0,3217231,452.0,264490.0,4941,3779675,6710,3481721,11199,6996801
2021-07-07 15:00:00,4466,3519651,6402.0,3223633,482.0,264972.0,4948,3784623,6884,3488605,11350,7008151
2021-07-08 15:00:00,4832,3524483,6156.0,3229789,563.0,265535.0,5395,3790018,6719,3495324,11551,7019702
2021-07-09 15:00:00,5358,3529841,6651.0,3236440,572.0,266107.0,5930,3795948,7223,3502547,12581,7032283
2021-07-10 15:00:00,3526,3533367,4386.0,3240826,303.0,266410.0,3829,3799777,4689,3507236,8215,7040498
2021-07-11 15:00:00,2675,3536042,2563.0,3243389,225.0,266635.0,2900,3802677,2788,3510024,5463,7045961
2021-07-12 15:00:00,4409,3540451,5109.0,3248498,378.0,267013.0,4787,3807464,5487,3515511,9896,7055857
2021-07-13 15:00:00,4659,3545110,4714.0,3253212,366.0,267379.0,5025,3812489,5080,3520591,9739,7065596
2021-07-14 15:00:00,4612,3549722,5271.0,3258483,421.0,267800.0,5033,3817522,5692,3526283,10304,7075900
2021-07-15 15:00:00,4896,3554618,5007.0,3263490,358.0,268158.0,5254,3822776,5365,3531648,10261,7086161
2021-07-16 15:00:00,6274,3560892,5828.0,3269318,402.0,268560.0,6676,3829452,6230,3537878,12504,7098665
2021-07-17 15:00:00,3415,3564307,3544.0,3272862,300.0,268860.0,3715,3833167,3844,3541722,7259,7105924
2021-07-18 15:00:00,2307,3566614,2370.0,3275232,110.0,268970.0,2417,3835584,2480,3544202,4787,7110711
2021-07-19 15:00:00,5130,3571744,4605.0,3279837,379.0,269349.0,5509,3841093,4984,3549186,10114,7120825
2021-07-20 15:00:00,5315,3577059,4704.0,3284541,366.0,269715.0,5681,3846774,5070,3554256,10385,7131210
2021-07-21 15:00:00,5637,3582696,4924.0,3289465,416.0,270131.0,6053,3852827,5340,3559596,10977,7142187
2021-07-22 15:00:00,6012,3588708,4618.0,3294083,469.0,270600.0,6481,3859308,5087,3564683,11099,7153286
2021-07-23 15:00:00,6828,3595536,4829.0,3298912,497.0,271097.0,7325,3866633,5326,3570009,12154,7165440
2021-07-24 15:00:00,4277,3599813,3196.0,3302108,267.0,271364.0,4544,3871177,3463,3573472,7740,7173180
2021-07-25 15:00:00,3291,3603104,1111.0,3303219,138.0,271502.0,3429,3874606,1249,3574721,4540,7177720
2021-07-26 15:00:00,6200,3609304,3893.0,3307112,419.0,271921.0,6619,3881225,4312,3579033,10512,7188232
2021-07-27 15:00:00,6587,3615891,4266.0,3311378,457.0,272378.0,7044,3888269,4723,3583756,11310,7199542
2021-07-28 15:00:00,7063,3622954,4131.0,3315509,460.0,272838.0,7523,3895792,4591,3588347,11654,7211196
2021-07-29 15:00:00,7059,3630013,4289.0,3319798,419.0,273257.0,7478,3903270,4708,3593055,11767,7222963
2021-07-30 15:00:00,7799,3637812,4785.0,3324583,525.0,273782.0,8324,3911594,5310,3598365,13109,7236072
2021-07-31 15:00:00,4791,3642603,3066.0,3327649,273.0,274055.0,5064,3916658,3339,3601704,8130,7244202
2021-08-01 15:00:00,3872,3646475,2152.0,3329801,161.0,274216.0,4033,3920691,2313,3604017,6185,7250387
2021-08-02 15:00:00,7251,3653726,3834.0,3333635,339.0,274555.0,7590,3928281,4173,3608190,11424,7261811
2021-08-03 15:00:00,7250,3660976,4086.0,3337721,515.0,275070.0,7765,3936046,4601,3612791,11851,7273662
2021-08-04 15:00:00,7412,3668388,4099.0,3341820,532.0,275602.0,7944,3943990,4631,3617422,12043,7285705
2021-08-05 15:00:00,7931,3676319,4272.0,3346092,537.0,276139.0,8468,3952458,4809,3622231,12740,7298445
2021-08-06 15:00:00,8294,3684613,4712.0,3350804,454.0,276593.0,8748,3961206,5166,3627397,13460,7311905
2021-08-07 15:00:00,5273,3689886,2809.0,3353613,263.0,276856.0,5536,3966742,3072,3630469,8345,7320250
2021-08-08 15:00:00,3954,3693840,2049.0,3355662,143.0,276999.0,4097,3970839,2192,3632661,6146,7326396
2021-08-09 15:00:00,6926,3700766,4522.0,3360184,368.0,277367.0,7294,3978133,4890,3637551,11816,7338212
2021-08-10 15:00:00,7130,3707896,4448.0,3364632,338.0,277705.0,7468,3985601,4786,3642337,11916,7350128
2021-08-11 15:00:00,7052,3714948,4427.0,3369059,441.0,278146.0,7493,3993094,4868,3647205,11920,7362048
2021-08-12 15:00:00,8601,3723549,4723.0,3373782,444.0,278590.0,9045,4002139,5167,3652372,13768,7375816
2021-08-13 15:00:00,7139,3730688,5359.0,3379141,396.0,278986.0,7535,4009674,5755,3658127,12894,7388710
2021-08-14 15:00:00,4912,3735600,3338.0,3382479,285.0,279271.0,5197,4014871,3623,3661750,8535,7397245
2021-08-15 15:00:00,3324,3738924,2729.0,3385208,163.0,279434.0,3487,4018358,2892,3664642,6216,7403461
2021-08-16 15:00:00,5430,3744354,5084.0,3390292,353.0,279787.0,5783,4024141,5437,3670079,10867,7414328
2021-08-17 15:00:00,6810,3751164,5348.0,3395640,390.0,280177.0,7200,4031341,5738,3675817,12548,7426876
2021-08-18 15:00:00,6318,3757482,5482.0,3401122,478.0,280655.0,6796,4038137,5960,3681777,12278,7439154
2021-08-19 15:00:00,6208,3763690,5537.0,3406659,416.0,281071.0,6624,4044761,5953,3687730,12161,7451315
2021-08-20 15:00:00,6830,3770520,6532.0,3413191,401.0,281472.0,7231,4051992,6933,3694663,13763,7465078
2021-08-21 15:00:00,4321,3774841,3915.0,3417106,228.0,281700.0,4549,4056541,4143,3698806,8464,7473542
2021-08-22 15:00:00,3057,3777898,3167.0,3420273,110.0,281810.0,3167,4059708,3277,3702083,6334,7479876
2021-08-23 15:00:00,5982,3783880,6084.0,3426357,285.0,282095.0,6267,4065975,6369,3708452,12351,7492227
2021-08-24 15:00:00,6545,3790425,6047.0,3432404,424.0,282519.0,6969,4072944,6471,3714923,13016,7505243
2021-08-25 15:00:00,6713,3797138,6204.0,3438608,440.0,282959.0,7153,4080097,6644,3721567,13357,7518600
2021-08-26 15:00:00,6964,3804102,6640.0,3445248,427.0,283386.0,7391,4087488,7067,3728634,14031,7532631
2021-08-27 15:00:00,6827,3810929,7057.0,3452305,316.0,283702.0,7143,4094631,7373,3736007,14200,7546831
2021-08-28 15:00:00,6898,3817827,6505.0,3458810,324.0,284026.0,7222,4101853,6829,3742836,13727,7560558
2021-08-29 15:00:00,3732,3821559,3684.0,3462494,610.0,284636.0,4342,4106195,4294,3747130,8026,7568584
2021-08-30 15:00:00,5924,3827483,6115.0,3468609,960.0,285596.0,6884,4113079,7075,3754205,12999,7581583
2021-08-31 15:00:00,5895,3833378,6040.0,3474649,946.0,286542.0,6841,4119920,6986,3761191,12881,7594464
2021-09-01 15:00:00,5579,3838957,5633.0,3480282,914.0,287456.0,6493,4126413,6547,3767738,12126,7606590
2021-09-02 15:00:00,5519,3844476,5912.0,3486194,703.0,288159.0,6222,4132635,6615,3774353,12134,7618724
2021-09-03 15:00:00,5986,3850462,6904.0,3493098,973.0,289132.0,6959,4139594,7877,3782230,13863,7632587
2021-09-04 15:00:00,3718,3854180,4336.0,3497434,879.0,290011.0,4597,4144191,5215,3787445,8933,7641520
2021-09-05 15:00:00,2953,3857133,2807.0,3500241,106.0,290117.0,3059,4147250,2913,3790358,5866,7647386
2021-09-06 15:00:00,1059,3858192,1149.0,3501390,64.0,290181.0,1123,4148373,1213,3791571,2272,7649658
2021-09-07 15:00:00,5333,3863525,7275.0,3508665,2304.0,292485.0,7637,4156010,9579,3801150,14912,7664570
2021-09-08 15:00:00,4646,3868171,5463.0,3514128,364.0,292849.0,5010,4161020,5827,3806977,10473,7675043
2021-09-09 15:00:00,4999,3873170,5440.0,3519568,324.0,293173.0,5323,4166343,5764,3812741,10763,7685806
2021-09-10 15:00:00,6510,3879680,6641.0,3526209,1718.0,294891.0,8228,4174571,8359,3821100,14869,7700675
2021-09-11 15:00:00,4168,3883848,4326.0,3530535,666.0,295557.0,4834,4179405,4992,3826092,9160,7709835
2021-09-12 15:00:00,3165,3887013,3237.0,3533772,436.0,295993.0,3601,4183006,3673,3829765,6838,7716673
2021-09-13 15:00:00,4878,3891891,5047.0,3538819,346.0,296339.0,5224,4188230,5393,3835158,10271,7726944
2021-09-14 15:00:00,4762,3896653,5422.0,3544241,435.0,296774.0,5197,4193427,5857,3841015,10619,7737563
2021-09-15 15:00:00,5023,3901676,5856.0,3550097,388.0,297162.0,5411,4198838,6244,3847259,11267,7748830
2021-09-16 15:00:00,4798,3906474,5823.0,3555920,336.0,297498.0,5134,4203972,6159,3853418,10957,7759787
2021-09-17 15:00:00,5244,3911718,6574.0,3562494,343.0,297841.0,5587,4209559,6917,3860335,12161,7771948
2021-09-18 15:00:00,3795,3915513,4564.0,3567058,185.0,298026.0,3980,4213539,4749,3865084,8544,7780492
2021-09-19 15:00:00,2741,3918254,3160.0,3570218,75.0,298101.0,2816,4216355,3235,3868319,5976,7786468
2021-09-20 15:00:00,3750,3922004,4672.0,3574890,430.0,298531.0,4180,4220535,5102,3873421,8852,7795320
2021-09-21 15:00:00,3998,3926002,4994.0,3579884,326.0,298857.0,4324,4224859,5320,3878741,9318,7804638
2021-09-22 15:00:00,4191,3930193,4761.0,3584645,458.0,299315.0,4649,4229508,5219,3883960,9410,7814048
2021-09-23 15:00:00,4165,3934358,4721.0,3589366,492.0,299807.0,4657,4234165,5213,3889173,9378,7823426
2021-09-24 15:00:00,5067,3939425,5597.0,3594963,422.0,300229.0,5489,4239654,6019,3895192,11086,7834512
2021-09-25 15:00:00,3625,3943050,3624.0,3598587,385.0,300614.0,4010,4243664,4009,3899201,7634,7842146
2021-09-26 15:00:00,2358,3945408,2659.0,3601246,424.0,301038.0,2782,4246446,3083,3902284,5441,7847587
2021-09-27 15:00:00,4502,3949910,2697.0,3603943,509.0,301547.0,5011,4251457,3206,3905490,7708,7855295
2021-09-28 15:00:00,4394,3954304,4443.0,3608386,211.0,301758.0,4605,4256062,4654,3910144,9048,7864343
2021-09-29 15:00:00,4696,3959000,4506.0,3612892,919.0,302677.0,5615,4261677,5425,3915569,10121,7874464
2021-09-30 15:00:00,4881,3963881,4554.0,3617446,792.0,303469.0,5673,4267350,5346,3920915,10227,7884691
2021-10-01 15:00:00,5478,3969359,5313.0,3622759,782.0,304251.0,6260,4273610,6095,3927010,11573,7896264
2021-10-02 15:00:00,2937,3972296,2889.0,3625648,187.0,304438.0,3124,4276734,3076,3930086,6013,7902277
2021-10-03 15:00:00,2078,3974374,2373.0,3628021,86.0,304524.0,2164,4278898,2459,3932545,4537,7906814
2021-10-04 15:00:00,4018,3978392,3496.0,3631517,232.0,304756.0,4250,4283148,3728,3936273,7746,7914560
2021-10-05 15:00:00,3953,3982345,3658.0,3635175,207.0,304963.0,4160,4287308,3865,3940138,7818,7922378
2021-10-06 15:00:00,4026,3986371,3576.0,3638751,264.0,305227.0,4290,4291598,3840,3943978,7866,7930244
2021-10-07 15:00:00,4230,3990601,3623.0,3642374,331.0,305558.0,4561,4296159,3954,3947932,8184,7938428
2021-10-08 15:00:00,4779,3995380,4276.0,3646650,282.0,305840.0,5061,4301220,4558,3952490,9337,7947765
2021-10-09 15:00:00,2685,3998065,2675.0,3649325,270.0,306110.0,2955,4304175,2945,3955435,5630,7953395
2021-10-10 15:00:00,1864,3999929,1847.0,3651172,59.0,306169.0,1923,4306098,1906,3957341,3770,7957165
2021-10-11 15:00:00,4216,4004145,3331.0,3654503,249.0,306418.0,4465,4310563,3580,3960921,7796,7964961
2021-10-12 15:00:00,3591,4007736,3525.0,3658028,272.0,306690.0,3863,4314426,3797,3964718,7388,7972349
2021-10-13 15:00:00,3955,4011691,3450.0,3661478,346.0,307036.0,4301,4318727,3796,3968514,7751,7980100
2021-10-14 15:00:00,5163,4016854,5483.0,3666961,429.0,307465.0,5592,4324319,5912,3974426,11075,7991175
2021-10-15 15:00:00,4703,4021557,4586.0,3671547,347.0,307812.0,5050,4329369,4933,3979359,9636,8000811
2021-10-16 15:00:00,2494,4024051,2502.0,3674049,290.0,308102.0,2784,4332153,2792,3982151,5286,8006097
2021-10-17 15:00:00,1808,4025859,1774.0,3675823,55.0,308157.0,1863,4334016,1829,3983980,3637,8009734
2021-10-18 15:00:00,4286,4030145,3573.0,3679396,266.0,308423.0,4552,4338568,3839,3987819,8125,8017859
2021-10-19 15:00:00,4302,4034447,4024.0,3683420,222.0,308645.0,4524,4343092,4246,3992065,8548,8026407
2021-10-20 15:00:00,3527,4037974,3420.0,3686840,254.0,308899.0,3781,4346873,3674,3995739,7201,8033608
2021-10-21 15:00:00,3300,4041274,3257.0,3690097,290.0,309189.0,3590,4350463,3547,3999286,6847,8040455
2021-10-22 15:00:00,4682,4045956,4023.0,3694120,475.0,309664.0,5157,4355620,4498,4003784,9180,8049635
2021-10-23 15:00:00,2891,4048847,2113.0,3696233,321.0,309985.0,3212,4358832,2434,4006218,5325,8054960
2021-10-24 15:00:00,2061,4050908,1556.0,3697789,78.0,310063.0,2139,4360971,1634,4007852,3695,8058655
2021-10-25 15:00:00,4545,4055453,3074.0,3700863,316.0,310379.0,4861,4365832,3390,4011242,7935,8066590
2021-10-26 15:00:00,4511,4059964,3088.0,3703951,311.0,310690.0,4822,4370654,3399,4014641,7910,8074500
2021-10-27 15:00:00,4734,4064698,3344.0,3707295,429.0,311119.0,5163,4375817,3773,4018414,8507,8083007
2021-10-28 15:00:00,4552,4069250,3364.0,3710659,496.0,311615.0,5048,4380865,3860,4022274,8412,8091419
2021-10-29 15:00:00,4969,4074219,3913.0,3714572,393.0,312008.0,5362,4386227,4306,4026580,9275,8100694
2021-10-30 15:00:00,2631,4076850,1843.0,3716415,308.0,312316.0,2939,4389166,2151,4028731,4782,8105476
2021-10-31 15:00:00,1943,4078793,1517.0,3717932,93.0,312409.0,2036,4391202,1610,4030341,3553,8109029
2021-11-01 15:00:00,4694,4083487,3424.0,3721356,341.0,312750.0,5035,4396237,3765,4034106,8459,8117488
2021-11-02 15:00:00,4256,4087743,2948.0,3724304,406.0,313156.0,4662,4400899,3354,4037460,7610,8125098
2021-11-03 15:00:00,4672,4092415,3055.0,3727359,458.0,313614.0,5130,4406029,3513,4040973,8185,8133283
2021-11-04 15:00:00,6293,4098708,3359.0,3730718,512.0,314126.0,6805,4412834,3871,4044844,10164,8143447
2021-11-05 15:00:00,8218,4106926,3759.0,3734477,408.0,314534.0,8626,4421460,4167,4049011,12385,8155832
2021-11-06 15:00:00,10070,4116996,1975.0,3736452,305.0,314839.0,10375,4431835,2280,4051291,12350,8168182
2021-11-07 15:00:00,7719,4124715,1469.0,3737921,94.0,314933.0,7813,4439648,1563,4052854,9282,8177464
2021-11-08 15:00:00,11285,4136000,3040.0,3740961,379.0,315312.0,11664,4451312,3419,4056273,14704,8192168
2021-11-09 15:00:00,11751,4147751,2655.0,3743616,268.0,315580.0,12019,4463331,2923,4059196,14674,8206842
2021-11-10 15:00:00,12565,4160316,2763.0,3746379,337.0,315917.0,12902,4476233,3100,4062296,15665,8222507
2021-11-11 15:00:00,11331,4171647,2380.0,3748759,282.0,316199.0,11613,4487846,2662,4064958,13993,8236500
2021-11-12 15:00:00,12279,4183926,3353.0,3752112,547.0,316746.0,12826,4500672,3900,4068858,16179,8252679
2021-11-13 15:00:00,9775,4193701,1587.0,3753699,342.0,317088.0,10117,4510789,1929,4070787,11704,8264383
2021-11-14 15:00:00,3920,4197621,1129.0,3754828,121.0,317209.0,4041,4514830,1250,4072037,5170,8269553
2021-11-15 15:00:00,8602,4206223,2525.0,3757353,205.0,317414.0,8807,4523637,2730,4074767,11332,8280885
2021-11-16 15:00:00,9218,4215441,2490.0,3759843,255.0,317669.0,9473,4533110,2745,4077512,11963,8292848
2021-11-17 15:00:00,9373,4224814,2877.0,3762720,312.0,317981.0,9685,4542795,3189,4080701,12562,8305410
2021-11-18 15:00:00,9287,4234101,2628.0,3765348,479.0,318460.0,9766,4552561,3107,4083808,12394,8317804
2021-11-19 15:00:00,9783,4243884,2915.0,3768263,381.0,318841.0,10164,4562725,3296,4087104,13079,8330883
2021-11-20 15:00:00,10624,4254508,1606.0,3769869,454.0,319295.0,11078,4573803,2060,4089164,12684,8343567
2021-11-21 15:00:00,4347,4258855,1200.0,3771069,99.0,319394.0,4446,4578249,1299,4090463,5646,8349213
2021-11-22 15:00:00,9782,4268637,2490.0,3773559,292.0,319686.0,10074,4588323,2782,4093245,12564,8361777
2021-11-23 15:00:00,9165,4277802,2398.0,3775957,280.0,319966.0,9445,4597768,2678,4095923,11843,8373620
2021-11-24 15:00:00,8113,4285915,2446.0,3778403,215.0,320181.0,8328,4606096,2661,4098584,10774,8384394
2021-11-25 15:00:00,238,4286153,75.0,3778478,10.0,320191.0,248,4606344,85,4098669,323,8384717
2021-11-26 15:00:00,5654,4291807,3953.0,3782431,152.0,320343.0,5806,4612150,4105,4102774,9759,8394476
2021-11-27 15:00:00,3790,4295597,5441.0,3787872,134.0,320477.0,3924,4616074,5575,4108349,9365,8403841
2021-11-28 15:00:00,2419,4298016,6376.0,3794248,77.0,320554.0,2496,4618570,6453,4114802,8872,8412713
2021-11-29 15:00:00,6360,4304376,9247.0,3803495,379.0,320933.0,6739,4625309,9626,4124428,15986,8428699
2021-11-30 15:00:00,6226,4310602,9244.0,3812739,264.0,321197.0,6490,4631799,9508,4133936,15734,8444433
2021-12-01 15:00:00,7237,4317839,9571.0,3822310,305.0,321502.0,7542,4639341,9876,4143812,17113,8461546
2021-12-02 15:00:00,6871,4324710,8688.0,3830998,450.0,321952.0,7321,4646662,9138,4152950,16009,8477555
2021-12-03 15:00:00,7557,4332267,9204.0,3840202,249.0,322201.0,7806,4654468,9453,4162403,17010,8494565
2021-12-04 15:00:00,5857,4338124,9727.0,3849929,457.0,322658.0,6314,4660782,10184,4172587,16041,8510606
2021-12-05 15:00:00,3462,4341586,3276.0,3853205,77.0,322735.0,3539,4664321,3353,4175940,6815,8517421
2021-12-06 15:00:00,6728,4348314,7075.0,3860280,276.0,323011.0,7004,4671325,7351,4183291,14079,8531500
2021-12-07 15:00:00,6384,4354698,6989.0,3867269,249.0,323260.0,6633,4677958,7238,4190529,13622,8545122
2021-12-08 15:00:00,6896,4361594,7312.0,3874581,314.0,323574.0,7210,4685168,7626,4198155,14522,8559644
2021-12-09 15:00:00,6505,4368099,6948.0,3881529,396.0,323970.0,6901,4692069,7344,4205499,13849,8573493
2021-12-10 15:00:00,7223,4375322,7288.0,3888817,228.0,324198.0,7451,4699520,7516,4213015,14739,8588232
2021-12-11 15:00:00,4448,4379770,7622.0,3896439,333.0,324531.0,4781,4704301,7955,4220970,12403,8600635
2021-12-12 15:00:00,3992,4383762,2782.0,3899221,60.0,324591.0,4052,4708353,2842,4223812,6834,8607469
2021-12-13 15:00:00,5693,4389455,5729.0,3904950,243.0,324834.0,5936,4714289,5972,4229784,11665,8619134
2021-12-14 15:00:00,6433,4395888,5887.0,3910837,214.0,325048.0,6647,4720936,6101,4235885,12534,8631668
2021-12-15 15:00:00,7103,4402991,5627.0,3916464,248.0,325296.0,7351,4728287,5875,4241760,12978,8644646
2021-12-16 15:00:00,7823,4410814,2800.0,3919264,422.0,325718.0,8245,4736532,3222,4244982,11045,8655691
2021-12-17 15:00:00,7778,4418592,4132.0,3923396,193.0,325911.0,7971,4744503,4325,4249307,12103,8667794
2021-12-18 15:00:00,5785,4424377,3169.0,3926565,298.0,326209.0,6083,4750586,3467,4252774,9252,8677046
2021-12-19 15:00:00,3382,4427759,1341.0,3927906,34.0,326243.0,3416,4754002,1375,4254149,4757,8681803
2021-12-20 15:00:00,8020,4435779,3713.0,3931619,172.0,326415.0,8192,4762194,3885,4258034,11905,8693708
2021-12-21 15:00:00,8917,4444696,4093.0,3935712,169.0,326584.0,9086,4771280,4262,4262296,13179,8706887
2021-12-22 15:00:00,8625,4453321,3815.0,3939527,172.0,326756.0,8797,4780077,3987,4266283,12612,8719499
2021-12-23 15:00:00,8335,4461656,3503.0,3943030,355.0,327111.0,8690,4788767,3858,4270141,12193,8731692
2021-12-24 15:00:00,1612,4463268,1002.0,3944032,39.0,327150.0,1651,4790418,1041,4271182,2653,8734345
2021-12-25 15:00:00,50,4463318,35.0,3944067,1.0,327151.0,51,4790469,36,4271218,86,8734431
2021-12-26 15:00:00,2519,4465837,1746.0,3945813,44.0,327195.0,2563,4793032,1790,4273008,4309,8738740
2021-12-27 15:00:00,7151,4472988,3952.0,3949765,295.0,327490.0,7446,4800478,4247,4277255,11398,8750138
2021-12-28 15:00:00,7833,4480821,3763.0,3953528,166.0,327656.0,7999,4808477,3929,4281184,11762,8761900
2021-12-29 15:00:00,8135,4488956,3972.0,3957500,154.0,327810.0,8289,4816766,4126,4285310,12261,8774161
2021-12-30 15:00:00,7416,4496372,3749.0,3961249,287.0,328097.0,7703,4824469,4036,4289346,11452,8785613
2021-12-31 15:00:00,2554,4498926,1515.0,3962764,92.0,328189.0,2646,4827115,1607,4290953,4161,8789774
2022-01-01 15:00:00,719,4499645,340.0,3963104,31.0,328220.0,750,4827865,371,4291324,1090,8790864
2022-01-02 15:00:00,2202,4501847,1639.0,3964743,45.0,328265.0,2247,4830112,1684,4293008,3886,8794750
2022-01-03 15:00:00,3377,4505224,2056.0,3966799,221.0,328486.0,3598,4833710,2277,4295285,5654,8800404
2022-01-04 15:00:00,5724,4510948,3408.0,3970207,162.0,328648.0,5886,4839596,3570,4298855,9294,8809698
2022-01-05 15:00:00,6749,4517697,4644.0,3974851,173.0,328821.0,6922,4846518,4817,4303672,11566,8821264
2022-01-06 15:00:00,6646,4524343,4724.0,3979575,259.0,329080.0,6905,4853423,4983,4308655,11629,8832893
2022-01-07 15:00:00,5810,4530153,3688.0,3983263,159.0,329239.0,5969,4859392,3847,4312502,9657,8842550
2022-01-08 15:00:00,4585,4534738,3827.0,3987090,73.0,329312.0,4658,4864050,3900,4316402,8485,8851035
2022-01-09 15:00:00,2730,4537468,2013.0,3989103,154.0,329466.0,2884,4866934,2167,4318569,4897,8855932
2022-01-10 15:00:00,6249,4543717,3789.0,3992892,155.0,329621.0,6404,4873338,3944,4322513,10193,8866125
2022-01-11 15:00:00,6480,4550197,4220.0,3997112,141.0,329762.0,6621,4879959,4361,4326874,10841,8876966
2022-01-12 15:00:00,6665,4556862,4353.0,4001465,223.0,329985.0,6888,4886847,4576,4331450,11241,8888207
2022-01-13 15:00:00,6460,4563322,4344.0,4005809,147.0,330132.0,6607,4893454,4491,4335941,10951,8899158
2022-01-14 15:00:00,6930,4570252,3108.0,4008917,249.0,330381.0,7179,4900633,3357,4339298,10287,8909445
2022-01-15 15:00:00,4078,4574330,1640.0,4010557,68.0,330449.0,4146,4904779,1708,4341006,5786,8915231
2022-01-16 15:00:00,2101,4576431,1267.0,4011824,116.0,330565.0,2217,4906996,1383,4342389,3484,8918715
2022-01-17 15:00:00,3531,4579962,2279.0,4014103,71.0,330636.0,3602,4910598,2350,4344739,5881,8924596
2022-01-18 15:00:00,4874,4584836,3916.0,4018019,84.0,330720.0,4958,4915556,4000,4348739,8874,8933470
2022-01-19 15:00:00,2672,4587508,2312.0,4020331,60.0,330780.0,2732,4918288,2372,4351111,5044,8938514
