VACCINATION_DATE,FirstDailyDose,FirstDoseCumulative,SecondDailyDose,SecondDoseCumulative,SingleDailyDose,SingleDoseCumulative,AtleastOneVaccine,AtleastOneVaccineCumulative,CompletedVax,CompletedVaxCumulative,FirstSecondSingleVaccinations,FirstSecondSingleVaccinationsCumulative
2020-12-14 15:00:00,19,1436,,528,,,19,1436,0,528,19,1860
2020-12-15 15:00:00,61,1497,3.0,531,,,61,1497,3,531,64,1924
2020-12-16 15:00:00,596,2093,5.0,536,,,596,2093,5,536,601,2525
2020-12-17 15:00:00,1165,3258,8.0,544,,,1165,3258,8,544,1173,3698
2020-12-18 15:00:00,3026,6284,12.0,556,,,3026,6284,12,556,3038,6736
2020-12-19 15:00:00,929,7213,7.0,563,,,929,7213,7,563,936,7672
2020-12-20 15:00:00,365,7578,6.0,569,,,365,7578,6,569,371,8043
2020-12-21 15:00:00,3892,11470,27.0,596,,,3892,11470,27,596,3919,11962
2020-12-22 15:00:00,6325,17795,28.0,624,,,6325,17795,28,624,6353,18315
2020-12-23 15:00:00,5789,23584,37.0,661,,,5789,23584,37,661,5826,24141
2020-12-24 15:00:00,2729,26313,15.0,676,,,2729,26313,15,676,2744,26885
2020-12-25 15:00:00,1035,27348,4.0,680,,,1035,27348,4,680,1039,27924
2020-12-26 15:00:00,1883,29231,10.0,690,,,1883,29231,10,690,1893,29817
2020-12-27 15:00:00,1803,31034,12.0,702,,,1803,31034,12,702,1815,31632
2020-12-28 15:00:00,8987,40021,51.0,753,,,8987,40021,51,753,9038,40670
2020-12-29 15:00:00,10974,50995,53.0,806,,,10974,50995,53,806,11027,51697
2020-12-30 15:00:00,12497,63492,92.0,898,,,12497,63492,92,898,12589,64286
2020-12-31 15:00:00,7558,71050,47.0,945,,,7558,71050,47,945,7605,71891
2021-01-01 15:00:00,3332,74382,145.0,1090,,,3332,74382,145,1090,3477,75368
2021-01-02 15:00:00,3049,77431,34.0,1124,,,3049,77431,34,1124,3083,78451
2021-01-03 15:00:00,3412,80843,82.0,1206,,,3412,80843,82,1206,3494,81945
2021-01-04 15:00:00,13368,94211,337.0,1543,,,13368,94211,337,1543,13705,95650
2021-01-05 15:00:00,12490,106701,550.0,2093,,,12490,106701,550,2093,13040,108690
2021-01-06 15:00:00,15273,121974,867.0,2960,,,15273,121974,867,2960,16140,124830
2021-01-07 15:00:00,15051,137025,1778.0,4738,,,15051,137025,1778,4738,16829,141659
2021-01-08 15:00:00,24019,161044,2787.0,7525,,,24019,161044,2787,7525,26806,168465
2021-01-09 15:00:00,5177,166221,956.0,8481,,,5177,166221,956,8481,6133,174598
2021-01-10 15:00:00,2973,169194,386.0,8867,,,2973,169194,386,8867,3359,177957
2021-01-11 15:00:00,13737,182931,3476.0,12343,,,13737,182931,3476,12343,17213,195170
2021-01-12 15:00:00,17399,200330,5594.0,17937,,,17399,200330,5594,17937,22993,218163
2021-01-13 15:00:00,18626,218956,3934.0,21871,,,18626,218956,3934,21871,22560,240723
2021-01-14 15:00:00,17869,236825,1964.0,23835,,,17869,236825,1964,23835,19833,260556
2021-01-15 15:00:00,19492,256317,2032.0,25867,,,19492,256317,2032,25867,21524,282080
2021-01-16 15:00:00,5841,262158,1618.0,27485,,,5841,262158,1618,27485,7459,289539
2021-01-17 15:00:00,2125,264283,1480.0,28965,,,2125,264283,1480,28965,3605,293144
2021-01-18 15:00:00,7081,271364,3266.0,32231,,,7081,271364,3266,32231,10347,303491
2021-01-19 15:00:00,16957,288321,5411.0,37642,,,16957,288321,5411,37642,22368,325859
2021-01-20 15:00:00,21013,309334,5329.0,42971,,,21013,309334,5329,42971,26342,352201
2021-01-21 15:00:00,23819,333153,3855.0,46826,,,23819,333153,3855,46826,27674,379875
2021-01-22 15:00:00,28662,361815,3762.0,50588,,,28662,361815,3762,50588,32424,412299
2021-01-23 15:00:00,10127,371942,1945.0,52533,,,10127,371942,1945,52533,12072,424371
2021-01-24 15:00:00,3359,375301,1723.0,54256,,,3359,375301,1723,54256,5082,429453
2021-01-25 15:00:00,16311,391612,8613.0,62869,,,16311,391612,8613,62869,24924,454377
2021-01-26 15:00:00,17565,409177,8980.0,71849,,,17565,409177,8980,71849,26545,480922
2021-01-27 15:00:00,24443,433620,12563.0,84412,,,24443,433620,12563,84412,37006,517928
2021-01-28 15:00:00,22664,456284,9333.0,93745,,,22664,456284,9333,93745,31997,549925
2021-01-29 15:00:00,24787,481071,7933.0,101678,,,24787,481071,7933,101678,32720,582645
2021-01-30 15:00:00,17781,498852,2570.0,104248,,,17781,498852,2570,104248,20351,602996
2021-01-31 15:00:00,3765,502617,1372.0,105620,,,3765,502617,1372,105620,5137,608133
2021-02-01 15:00:00,8144,510761,5407.0,111027,,,8144,510761,5407,111027,13551,621684
2021-02-02 15:00:00,12517,523278,13832.0,124859,,,12517,523278,13832,124859,26349,648033
2021-02-03 15:00:00,18264,541542,18144.0,143003,,,18264,541542,18144,143003,36408,684441
2021-02-04 15:00:00,22141,563683,15803.0,158806,,,22141,563683,15803,158806,37944,722385
2021-02-05 15:00:00,20414,584097,17446.0,176252,,,20414,584097,17446,176252,37860,760245
2021-02-06 15:00:00,11377,595474,14535.0,190787,,,11377,595474,14535,190787,25912,786157
2021-02-07 15:00:00,5990,601464,1945.0,192732,,,5990,601464,1945,192732,7935,794092
2021-02-08 15:00:00,13012,614476,12981.0,205713,,,13012,614476,12981,205713,25993,820085
2021-02-09 15:00:00,16665,631141,13883.0,219596,,,16665,631141,13883,219596,30548,850633
2021-02-10 15:00:00,19325,650466,21316.0,240912,,,19325,650466,21316,240912,40641,891274
2021-02-11 15:00:00,22948,673414,17384.0,258296,,,22948,673414,17384,258296,40332,931606
2021-02-12 15:00:00,20439,693853,19672.0,277968,,,20439,693853,19672,277968,40111,971717
2021-02-13 15:00:00,11468,705321,6423.0,284391,,,11468,705321,6423,284391,17891,989608
2021-02-14 15:00:00,7121,712442,2137.0,286528,,,7121,712442,2137,286528,9258,998866
2021-02-15 15:00:00,11771,724213,13345.0,299873,,,11771,724213,13345,299873,25116,1023982
2021-02-16 15:00:00,16653,740866,21030.0,320903,,,16653,740866,21030,320903,37683,1061665
2021-02-17 15:00:00,20681,761547,26386.0,347289,,,20681,761547,26386,347289,47067,1108732
2021-02-18 15:00:00,3201,764748,4624.0,351913,,,3201,764748,4624,351913,7825,1116557
2021-02-19 15:00:00,10260,775008,19930.0,371843,,,10260,775008,19930,371843,30190,1146747
2021-02-20 15:00:00,10320,785328,20302.0,392145,,,10320,785328,20302,392145,30622,1177369
2021-02-21 15:00:00,6190,791518,7664.0,399809,,,6190,791518,7664,399809,13854,1191223
2021-02-22 15:00:00,8037,799555,15488.0,415297,,,8037,799555,15488,415297,23525,1214748
2021-02-23 15:00:00,15544,815099,15980.0,431277,,,15544,815099,15980,431277,31524,1246272
2021-02-24 15:00:00,17999,833098,24846.0,456123,,,17999,833098,24846,456123,42845,1289117
2021-02-25 15:00:00,20390,853488,26584.0,482707,,,20390,853488,26584,482707,46974,1336091
2021-02-26 15:00:00,26700,880188,26277.0,508984,,,26700,880188,26277,508984,52977,1389068
2021-02-27 15:00:00,16031,896219,11162.0,520146,,,16031,896219,11162,520146,27193,1416261
2021-02-28 15:00:00,15523,911742,4891.0,525037,,,15523,911742,4891,525037,20414,1436675
2021-03-01 15:00:00,27152,938894,12652.0,537689,,,27152,938894,12652,537689,39804,1476479
2021-03-02 15:00:00,23988,962882,13298.0,550987,36.0,36.0,24024,962918,13334,551023,37322,1513801
2021-03-03 15:00:00,30231,993113,18415.0,569402,190.0,226.0,30421,993339,18605,569628,48836,1562637
2021-03-04 15:00:00,31003,1024116,18253.0,587655,4068.0,4294.0,35071,1028410,22321,591949,53324,1615961
2021-03-05 15:00:00,30080,1054196,19762.0,607417,4909.0,9203.0,34989,1063399,24671,616620,54751,1670712
2021-03-06 15:00:00,18990,1073186,9537.0,616954,6010.0,15213.0,25000,1088399,15547,632167,34537,1705249
2021-03-07 15:00:00,12150,1085336,4929.0,621883,6610.0,21823.0,18760,1107159,11539,643706,23689,1728938
2021-03-08 15:00:00,25924,1111260,8859.0,630742,8274.0,30097.0,34198,1141357,17133,660839,43057,1771995
2021-03-09 15:00:00,26143,1137403,15495.0,646237,8343.0,38440.0,34486,1175843,23838,684677,49981,1821976
2021-03-10 15:00:00,29885,1167288,16048.0,662285,7937.0,46377.0,37822,1213665,23985,708662,53870,1875846
2021-03-11 15:00:00,36010,1203298,16419.0,678704,3982.0,50359.0,39992,1253657,20401,729063,56411,1932257
2021-03-12 15:00:00,36904,1240202,18150.0,696854,2929.0,53288.0,39833,1293490,21079,750142,57983,1990240
2021-03-13 15:00:00,22669,1262871,10332.0,707186,1629.0,54917.0,24298,1317788,11961,762103,34630,2024870
2021-03-14 15:00:00,17833,1280704,6737.0,713923,1009.0,55926.0,18842,1336630,7746,769849,25579,2050449
2021-03-15 15:00:00,29883,1310587,11358.0,725281,598.0,56524.0,30481,1367111,11956,781805,41839,2092288
2021-03-16 15:00:00,33474,1344061,13588.0,738869,770.0,57294.0,34244,1401355,14358,796163,47832,2140120
2021-03-17 15:00:00,37621,1381682,17077.0,755946,1181.0,58475.0,38802,1440157,18258,814421,55879,2195999
2021-03-18 15:00:00,41472,1423154,12687.0,768633,1354.0,59829.0,42826,1482983,14041,828462,55513,2251512
2021-03-19 15:00:00,38382,1461536,15436.0,784069,1045.0,60874.0,39427,1522410,16481,844943,54863,2306375
2021-03-20 15:00:00,24725,1486261,10227.0,794296,705.0,61579.0,25430,1547840,10932,855875,35657,2342032
2021-03-21 15:00:00,19189,1505450,7902.0,802198,340.0,61919.0,19529,1567369,8242,864117,27431,2369463
2021-03-22 15:00:00,32603,1538053,11508.0,813706,835.0,62754.0,33438,1600807,12343,876460,44946,2414409
2021-03-23 15:00:00,38407,1576460,17855.0,831561,1556.0,64310.0,39963,1640770,19411,895871,57818,2472227
2021-03-24 15:00:00,41085,1617545,21251.0,852812,1387.0,65697.0,42472,1683242,22638,918509,63723,2535950
2021-03-25 15:00:00,42904,1660449,21728.0,874540,2456.0,68153.0,45360,1728602,24184,942693,67088,2603038
2021-03-26 15:00:00,36374,1696823,26715.0,901255,2495.0,70648.0,38869,1767471,29210,971903,65584,2668622
2021-03-27 15:00:00,26471,1723294,17322.0,918577,2491.0,73139.0,28962,1796433,19813,991716,46284,2714906
2021-03-28 15:00:00,17010,1740304,12685.0,931262,1615.0,74754.0,18625,1815058,14300,1006016,31310,2746216
2021-03-29 15:00:00,29719,1770023,26388.0,957650,1142.0,75896.0,30861,1845919,27530,1033546,57249,2803465
2021-03-30 15:00:00,40059,1810082,29082.0,986732,1866.0,77762.0,41925,1887844,30948,1064494,71007,2874472
2021-03-31 15:00:00,41021,1851103,34745.0,1021477,5750.0,83512.0,46771,1934615,40495,1104989,81516,2955988
2021-04-01 15:00:00,42420,1893523,41142.0,1062619,5753.0,89265.0,48173,1982788,46895,1151884,89315,3045303
2021-04-02 15:00:00,34921,1928444,32733.0,1095352,6131.0,95396.0,41052,2023840,38864,1190748,73785,3119088
2021-04-03 15:00:00,21165,1949609,19233.0,1114585,4393.0,99789.0,25558,2049398,23626,1214374,44791,3163879
2021-04-04 15:00:00,8296,1957905,10221.0,1124806,967.0,100756.0,9263,2058661,11188,1225562,19484,3183363
2021-04-05 15:00:00,27949,1985854,28977.0,1153783,6661.0,107417.0,34610,2093271,35638,1261200,63587,3246950
2021-04-06 15:00:00,39796,2025650,30510.0,1184293,10502.0,117919.0,50298,2143569,41012,1302212,80808,3327758
2021-04-07 15:00:00,36104,2061754,34359.0,1218652,12999.0,130918.0,49103,2192672,47358,1349570,83462,3411220
2021-04-08 15:00:00,42360,2104114,36156.0,1254808,13871.0,144789.0,56231,2248903,50027,1399597,92387,3503607
2021-04-09 15:00:00,34071,2138185,36339.0,1291147,14533.0,159322.0,48604,2297507,50872,1450469,84943,3588550
2021-04-10 15:00:00,23475,2161660,23157.0,1314304,7642.0,166964.0,31117,2328624,30799,1481268,54274,3642824
2021-04-11 15:00:00,17582,2179242,13288.0,1327592,10124.0,177088.0,27706,2356330,23412,1504680,40994,3683818
2021-04-12 15:00:00,24582,2203824,33254.0,1360846,10904.0,187992.0,35486,2391816,44158,1548838,68740,3752558
2021-04-13 15:00:00,126153,2329977,91310.0,1452156,3293.0,191285.0,129446,2521262,94603,1643441,220756,3973314
2021-04-14 15:00:00,40727,2370704,37842.0,1489998,213.0,191498.0,40940,2562202,38055,1681496,78782,4052096
2021-04-15 15:00:00,41413,2412117,39573.0,1529571,176.0,191674.0,41589,2603791,39749,1721245,81162,4133258
2021-04-16 15:00:00,37146,2449263,38889.0,1568460,24.0,191698.0,37170,2640961,38913,1760158,76059,4209317
2021-04-17 15:00:00,32811,2482074,22037.0,1590497,13.0,191711.0,32824,2673785,22050,1782208,54861,4264178
2021-04-18 15:00:00,20066,2502140,16205.0,1606702,5.0,191716.0,20071,2693856,16210,1798418,36276,4300454
2021-04-19 15:00:00,29885,2532025,36566.0,1643268,61.0,191777.0,29946,2723802,36627,1835045,66512,4366966
2021-04-20 15:00:00,32934,2564959,44489.0,1687757,58.0,191835.0,32992,2756794,44547,1879592,77481,4444447
2021-04-21 15:00:00,39834,2604793,47080.0,1734837,26.0,191861.0,39860,2796654,47106,1926698,86940,4531387
2021-04-22 15:00:00,35853,2640646,42693.0,1777530,16.0,191877.0,35869,2832523,42709,1969407,78562,4609949
2021-04-23 15:00:00,33148,2673794,40168.0,1817698,14.0,191891.0,33162,2865685,40182,2009589,73330,4683279
2021-04-24 15:00:00,26415,2700209,27924.0,1845622,81.0,191972.0,26496,2892181,28005,2037594,54420,4737699
2021-04-25 15:00:00,20219,2720428,10994.0,1856616,31.0,192003.0,20250,2912431,11025,2048619,31244,4768943
2021-04-26 15:00:00,27384,2747812,32754.0,1889370,201.0,192204.0,27585,2940016,32955,2081574,60339,4829282
2021-04-27 15:00:00,26677,2774489,33099.0,1922469,1097.0,193301.0,27774,2967790,34196,2115770,60873,4890155
2021-04-28 15:00:00,28927,2803416,39559.0,1962028,1367.0,194668.0,30294,2998084,40926,2156696,69853,4960008
2021-04-29 15:00:00,27070,2830486,39771.0,2001799,1463.0,196131.0,28533,3026617,41234,2197930,68304,5028312
2021-04-30 15:00:00,28201,2858687,32303.0,2034102,1649.0,197780.0,29850,3056467,33952,2231882,62153,5090465
2021-05-01 15:00:00,20739,2879426,26739.0,2060841,1054.0,198834.0,21793,3078260,27793,2259675,48532,5138997
2021-05-02 15:00:00,10268,2889694,17072.0,2077913,823.0,199657.0,11091,3089351,17895,2277570,28163,5167160
2021-05-03 15:00:00,12732,2902426,28617.0,2106530,1917.0,201574.0,14649,3104000,30534,2308104,43266,5210426
2021-05-04 15:00:00,13562,2915988,38639.0,2145169,1741.0,203315.0,15303,3119303,40380,2348484,53942,5264368
2021-05-05 15:00:00,19319,2935307,37775.0,2182944,1921.0,205236.0,21240,3140543,39696,2388180,59015,5323383
2021-05-06 15:00:00,16924,2952231,40598.0,2223542,1721.0,206957.0,18645,3159188,42319,2430499,59243,5382626
2021-05-07 15:00:00,17585,2969816,37014.0,2260556,1959.0,208916.0,19544,3178732,38973,2469472,56558,5439184
2021-05-08 15:00:00,10796,2980612,31226.0,2291782,1291.0,210207.0,12087,3190819,32517,2501989,43313,5482497
2021-05-09 15:00:00,5077,2985689,12252.0,2304034,695.0,210902.0,5772,3196591,12947,2514936,18024,5500521
2021-05-10 15:00:00,8955,2994644,31055.0,2335089,1362.0,212264.0,10317,3206908,32417,2547353,41372,5541893
2021-05-11 15:00:00,12187,3006831,30291.0,2365380,1442.0,213706.0,13629,3220537,31733,2579086,43920,5585813
2021-05-12 15:00:00,13949,3020780,38636.0,2404016,1917.0,215623.0,15866,3236403,40553,2619639,54502,5640315
2021-05-13 15:00:00,21840,3042620,33521.0,2437537,1347.0,216970.0,23187,3259590,34868,2654507,56708,5697023
2021-05-14 15:00:00,24396,3067016,30063.0,2467600,1774.0,218744.0,26170,3285760,31837,2686344,56233,5753256
2021-05-15 15:00:00,21950,3088966,25115.0,2492715,1490.0,220234.0,23440,3309200,26605,2712949,48555,5801811
2021-05-16 15:00:00,9091,3098057,17586.0,2510301,1113.0,221347.0,10204,3319404,18699,2731648,27790,5829601
2021-05-17 15:00:00,16837,3114894,28415.0,2538716,1950.0,223297.0,18787,3338191,30365,2762013,47202,5876803
2021-05-18 15:00:00,21265,3136159,30695.0,2569411,1943.0,225240.0,23208,3361399,32638,2794651,53903,5930706
2021-05-19 15:00:00,27666,3163825,32434.0,2601845,1633.0,226873.0,29299,3390698,34067,2828718,61733,5992439
2021-05-20 15:00:00,20808,3184633,33278.0,2635123,1964.0,228837.0,22772,3413470,35242,2863960,56050,6048489
2021-05-21 15:00:00,19163,3203796,30363.0,2665486,1609.0,230446.0,20772,3434242,31972,2895932,51135,6099624
2021-05-22 15:00:00,16941,3220737,20698.0,2686184,1270.0,231716.0,18211,3452453,21968,2917900,38909,6138533
2021-05-23 15:00:00,8817,3229554,11451.0,2697635,965.0,232681.0,9782,3462235,12416,2930316,21233,6159766
2021-05-24 15:00:00,13571,3243125,17779.0,2715414,1473.0,234154.0,15044,3477279,19252,2949568,32823,6192589
2021-05-25 15:00:00,13076,3256201,18721.0,2734135,1329.0,235483.0,14405,3491684,20050,2969618,33126,6225715
2021-05-26 15:00:00,18312,3274513,19519.0,2753654,1512.0,236995.0,19824,3511508,21031,2990649,39343,6265058
2021-05-27 15:00:00,11688,3286201,18675.0,2772329,1117.0,238112.0,12805,3524313,19792,3010441,31480,6296538
2021-05-28 15:00:00,12418,3298619,19853.0,2792182,1402.0,239514.0,13820,3538133,21255,3031696,33673,6330211
2021-05-29 15:00:00,9517,3308136,11727.0,2803909,937.0,240451.0,10454,3548587,12664,3044360,22181,6352392
2021-05-30 15:00:00,4968,3313104,6438.0,2810347,596.0,241047.0,5564,3554151,7034,3051394,12002,6364394
2021-05-31 15:00:00,1779,3314883,3713.0,2814060,305.0,241352.0,2084,3556235,4018,3055412,5797,6370191
2021-06-01 15:00:00,9867,3324750,16461.0,2830521,1160.0,242512.0,11027,3567262,17621,3073033,27488,6397679
2021-06-02 15:00:00,10236,3334986,16822.0,2847343,961.0,243473.0,11197,3578459,17783,3090816,28019,6425698
2021-06-03 15:00:00,7897,3342883,21192.0,2868535,1088.0,244561.0,8985,3587444,22280,3113096,30177,6455875
2021-06-04 15:00:00,8198,3351081,22362.0,2890897,1120.0,245681.0,9318,3596762,23482,3136578,31680,6487555
2021-06-05 15:00:00,7000,3358081,19477.0,2910374,720.0,246401.0,7720,3604482,20197,3156775,27197,6514752
2021-06-06 15:00:00,3455,3361536,7255.0,2917629,425.0,246826.0,3880,3608362,7680,3164455,11135,6525887
2021-06-07 15:00:00,6858,3368394,15794.0,2933423,725.0,247551.0,7583,3615945,16519,3180974,23377,6549264
2021-06-08 15:00:00,6671,3375065,19735.0,2953158,831.0,248382.0,7502,3623447,20566,3201540,27237,6576501
2021-06-09 15:00:00,8202,3383267,23992.0,2977150,969.0,249351.0,9171,3632618,24961,3226501,33163,6609664
2021-06-10 15:00:00,7151,3390418,19143.0,2996293,895.0,250246.0,8046,3640664,20038,3246539,27189,6636853
2021-06-11 15:00:00,7491,3397909,17726.0,3014019,1125.0,251371.0,8616,3649280,18851,3265390,26342,6663195
2021-06-12 15:00:00,5243,3403152,14770.0,3028789,605.0,251976.0,5848,3655128,15375,3280765,20618,6683813
2021-06-13 15:00:00,1947,3405099,7634.0,3036423,427.0,252403.0,2374,3657502,8061,3288826,10008,6693821
2021-06-14 15:00:00,5656,3410755,11825.0,3048248,733.0,253136.0,6389,3663891,12558,3301384,18214,6712035
2021-06-15 15:00:00,5644,3416399,14347.0,3062595,874.0,254010.0,6518,3670409,15221,3316605,20865,6732900
2021-06-16 15:00:00,8756,3425155,21595.0,3084190,757.0,254767.0,9513,3679922,22352,3338957,31108,6764008
2021-06-17 15:00:00,6690,3431845,12366.0,3096556,720.0,255487.0,7410,3687332,13086,3352043,19776,6783784
2021-06-18 15:00:00,6836,3438681,12742.0,3109298,702.0,256189.0,7538,3694870,13444,3365487,20280,6804064
2021-06-19 15:00:00,4658,3443339,9387.0,3118685,615.0,256804.0,5273,3700143,10002,3375489,14660,6818724
2021-06-20 15:00:00,2503,3445842,5060.0,3123745,377.0,257181.0,2880,3703023,5437,3380926,7940,6826664
2021-06-21 15:00:00,5566,3451408,5338.0,3129083,635.0,257816.0,6201,3709224,5973,3386899,11539,6838203
2021-06-22 15:00:00,5345,3456753,9057.0,3138140,693.0,258509.0,6038,3715262,9750,3396649,15095,6853298
2021-06-23 15:00:00,6079,3462832,10340.0,3148480,646.0,259155.0,6725,3721987,10986,3407635,17065,6870363
2021-06-24 15:00:00,5936,3468768,8202.0,3156682,595.0,259750.0,6531,3728518,8797,3416432,14733,6885096
2021-06-25 15:00:00,5828,3474596,8669.0,3165351,620.0,260370.0,6448,3734966,9289,3425721,15117,6900213
2021-06-26 15:00:00,3707,3478303,6306.0,3171657,398.0,260768.0,4105,3739071,6704,3432425,10411,6910624
2021-06-27 15:00:00,2810,3481113,3525.0,3175182,185.0,260953.0,2995,3742066,3710,3436135,6520,6917144
2021-06-28 15:00:00,4922,3486035,6391.0,3181573,539.0,261492.0,5461,3747527,6930,3443065,11852,6928996
2021-06-29 15:00:00,5062,3491097,6481.0,3188054,523.0,262015.0,5585,3753112,7004,3450069,12066,6941062
2021-06-30 15:00:00,5627,3496724,7390.0,3195444,606.0,262621.0,6233,3759345,7996,3458065,13623,6954685
2021-07-01 15:00:00,5425,3502149,6994.0,3202438,504.0,263125.0,5929,3765274,7498,3465563,12923,6967608
2021-07-02 15:00:00,5295,3507444,6846.0,3209284,527.0,263652.0,5822,3771096,7373,3472936,12668,6980276
2021-07-03 15:00:00,3274,3510718,4069.0,3213353,264.0,263916.0,3538,3774634,4333,3477269,7607,6987883
2021-07-04 15:00:00,494,3511212,550.0,3213903,69.0,263985.0,563,3775197,619,3477888,1113,6988996
2021-07-05 15:00:00,3771,3514983,3954.0,3217857,287.0,264272.0,4058,3779255,4241,3482129,8012,6997008
2021-07-06 15:00:00,4497,3519480,6281.0,3224138,455.0,264727.0,4952,3784207,6736,3488865,11233,7008241
2021-07-07 15:00:00,4471,3523951,6414.0,3230552,483.0,265210.0,4954,3789161,6897,3495762,11368,7019609
2021-07-08 15:00:00,4840,3528791,6181.0,3236733,564.0,265774.0,5404,3794565,6745,3502507,11585,7031194
2021-07-09 15:00:00,5368,3534159,6676.0,3243409,573.0,266347.0,5941,3800506,7249,3509756,12617,7043811
2021-07-10 15:00:00,3522,3537681,4407.0,3247816,305.0,266652.0,3827,3804333,4712,3514468,8234,7052045
2021-07-11 15:00:00,2681,3540362,2574.0,3250390,226.0,266878.0,2907,3807240,2800,3517268,5481,7057526
2021-07-12 15:00:00,4426,3544788,5133.0,3255523,379.0,267257.0,4805,3812045,5512,3522780,9938,7067464
2021-07-13 15:00:00,4667,3549455,4724.0,3260247,366.0,267623.0,5033,3817078,5090,3527870,9757,7077221
2021-07-14 15:00:00,4626,3554081,5287.0,3265534,422.0,268045.0,5048,3822126,5709,3533579,10335,7087556
2021-07-15 15:00:00,4912,3558993,5017.0,3270551,358.0,268403.0,5270,3827396,5375,3538954,10287,7097843
2021-07-16 15:00:00,6275,3565268,5850.0,3276401,405.0,268808.0,6680,3834076,6255,3545209,12530,7110373
2021-07-17 15:00:00,3417,3568685,3552.0,3279953,303.0,269111.0,3720,3837796,3855,3549064,7272,7117645
2021-07-18 15:00:00,2311,3570996,2383.0,3282336,110.0,269221.0,2421,3840217,2493,3551557,4804,7122449
2021-07-19 15:00:00,5144,3576140,4613.0,3286949,383.0,269604.0,5527,3845744,4996,3556553,10140,7132589
2021-07-20 15:00:00,5342,3581482,4725.0,3291674,367.0,269971.0,5709,3851453,5092,3561645,10434,7143023
2021-07-21 15:00:00,5666,3587148,4954.0,3296628,416.0,270387.0,6082,3857535,5370,3567015,11036,7154059
2021-07-22 15:00:00,6033,3593181,4643.0,3301271,472.0,270859.0,6505,3864040,5115,3572130,11148,7165207
2021-07-23 15:00:00,6847,3600028,4848.0,3306119,499.0,271358.0,7346,3871386,5347,3577477,12194,7177401
2021-07-24 15:00:00,4283,3604311,3208.0,3309327,267.0,271625.0,4550,3875936,3475,3580952,7758,7185159
2021-07-25 15:00:00,3299,3607610,1121.0,3310448,140.0,271765.0,3439,3879375,1261,3582213,4560,7189719
2021-07-26 15:00:00,6218,3613828,3912.0,3314360,419.0,272184.0,6637,3886012,4331,3586544,10549,7200268
2021-07-27 15:00:00,6605,3620433,4291.0,3318651,458.0,272642.0,7063,3893075,4749,3591293,11354,7211622
2021-07-28 15:00:00,7091,3627524,4148.0,3322799,460.0,273102.0,7551,3900626,4608,3595901,11699,7223321
2021-07-29 15:00:00,7082,3634606,4312.0,3327111,419.0,273521.0,7501,3908127,4731,3600632,11813,7235134
2021-07-30 15:00:00,7823,3642429,4815.0,3331926,527.0,274048.0,8350,3916477,5342,3605974,13165,7248299
2021-07-31 15:00:00,4793,3647222,3084.0,3335010,274.0,274322.0,5067,3921544,3358,3609332,8151,7256450
2021-08-01 15:00:00,3897,3651119,2174.0,3337184,164.0,274486.0,4061,3925605,2338,3611670,6235,7262685
2021-08-02 15:00:00,7273,3658392,3850.0,3341034,341.0,274827.0,7614,3933219,4191,3615861,11464,7274149
2021-08-03 15:00:00,7269,3665661,4107.0,3345141,517.0,275344.0,7786,3941005,4624,3620485,11893,7286042
2021-08-04 15:00:00,7428,3673089,4124.0,3349265,536.0,275880.0,7964,3948969,4660,3625145,12088,7298130
2021-08-05 15:00:00,7958,3681047,4303.0,3353568,539.0,276419.0,8497,3957466,4842,3629987,12800,7310930
2021-08-06 15:00:00,8331,3689378,4740.0,3358308,454.0,276873.0,8785,3966251,5194,3635181,13525,7324455
2021-08-07 15:00:00,5301,3694679,2844.0,3361152,264.0,277137.0,5565,3971816,3108,3638289,8409,7332864
2021-08-08 15:00:00,3977,3698656,2064.0,3363216,144.0,277281.0,4121,3975937,2208,3640497,6185,7339049
2021-08-09 15:00:00,6957,3705613,4564.0,3367780,370.0,277651.0,7327,3983264,4934,3645431,11891,7350940
2021-08-10 15:00:00,7170,3712783,4486.0,3372266,339.0,277990.0,7509,3990773,4825,3650256,11995,7362935
2021-08-11 15:00:00,7082,3719865,4449.0,3376715,443.0,278433.0,7525,3998298,4892,3655148,11974,7374909
2021-08-12 15:00:00,8635,3728500,4758.0,3381473,445.0,278878.0,9080,4007378,5203,3660351,13838,7388747
2021-08-13 15:00:00,7152,3735652,5387.0,3386860,397.0,279275.0,7549,4014927,5784,3666135,12936,7401683
2021-08-14 15:00:00,4920,3740572,3345.0,3390205,285.0,279560.0,5205,4020132,3630,3669765,8550,7410233
2021-08-15 15:00:00,3328,3743900,2739.0,3392944,163.0,279723.0,3491,4023623,2902,3672667,6230,7416463
2021-08-16 15:00:00,5454,3749354,5096.0,3398040,354.0,280077.0,5808,4029431,5450,3678117,10904,7427367
2021-08-17 15:00:00,6822,3756176,5365.0,3403405,391.0,280468.0,7213,4036644,5756,3683873,12578,7439945
2021-08-18 15:00:00,6327,3762503,5513.0,3408918,481.0,280949.0,6808,4043452,5994,3689867,12321,7452266
2021-08-19 15:00:00,6216,3768719,5556.0,3414474,417.0,281366.0,6633,4050085,5973,3695840,12189,7464455
2021-08-20 15:00:00,6845,3775564,6553.0,3421027,401.0,281767.0,7246,4057331,6954,3702794,13799,7478254
2021-08-21 15:00:00,4336,3779900,3919.0,3424946,229.0,281996.0,4565,4061896,4148,3706942,8484,7486738
2021-08-22 15:00:00,3060,3782960,3172.0,3428118,110.0,282106.0,3170,4065066,3282,3710224,6342,7493080
2021-08-23 15:00:00,5995,3788955,6104.0,3434222,287.0,282393.0,6282,4071348,6391,3716615,12386,7505466
2021-08-24 15:00:00,6546,3795501,6067.0,3440289,425.0,282818.0,6971,4078319,6492,3723107,13038,7518504
2021-08-25 15:00:00,6722,3802223,6224.0,3446513,441.0,283259.0,7163,4085482,6665,3729772,13387,7531891
2021-08-26 15:00:00,6967,3809190,6659.0,3453172,428.0,283687.0,7395,4092877,7087,3736859,14054,7545945
2021-08-27 15:00:00,6829,3816019,7084.0,3460256,317.0,284004.0,7146,4100023,7401,3744260,14230,7560175
2021-08-28 15:00:00,6899,3822918,6527.0,3466783,326.0,284330.0,7225,4107248,6853,3751113,13752,7573927
2021-08-29 15:00:00,3733,3826651,3694.0,3470477,610.0,284940.0,4343,4111591,4304,3755417,8037,7581964
2021-08-30 15:00:00,5925,3832576,6129.0,3476606,960.0,285900.0,6885,4118476,7089,3762506,13014,7594978
2021-08-31 15:00:00,5901,3838477,6072.0,3482678,946.0,286846.0,6847,4125323,7018,3769524,12919,7607897
2021-09-01 15:00:00,5590,3844067,5693.0,3488371,916.0,287762.0,6506,4131829,6609,3776133,12199,7620096
2021-09-02 15:00:00,5540,3849607,5940.0,3494311,707.0,288469.0,6247,4138076,6647,3782780,12187,7632283
2021-09-03 15:00:00,6001,3855608,6935.0,3501246,973.0,289442.0,6974,4145050,7908,3790688,13909,7646192
2021-09-04 15:00:00,3732,3859340,4354.0,3505600,878.0,290320.0,4610,4149660,5232,3795920,8964,7655156
2021-09-05 15:00:00,2956,3862296,2813.0,3508413,106.0,290426.0,3062,4152722,2919,3798839,5875,7661031
2021-09-06 15:00:00,1060,3863356,1158.0,3509571,65.0,290491.0,1125,4153847,1223,3800062,2283,7663314
2021-09-07 15:00:00,5346,3868702,7307.0,3516878,2303.0,292794.0,7649,4161496,9610,3809672,14956,7678270
2021-09-08 15:00:00,4655,3873357,5479.0,3522357,364.0,293158.0,5019,4166515,5843,3815515,10498,7688768
2021-09-09 15:00:00,5018,3878375,5464.0,3527821,324.0,293482.0,5342,4171857,5788,3821303,10806,7699574
2021-09-10 15:00:00,6525,3884900,6663.0,3534484,1719.0,295201.0,8244,4180101,8382,3829685,14907,7714481
2021-09-11 15:00:00,4176,3889076,4341.0,3538825,666.0,295867.0,4842,4184943,5007,3834692,9183,7723664
2021-09-12 15:00:00,3172,3892248,3238.0,3542063,436.0,296303.0,3608,4188551,3674,3838366,6846,7730510
2021-09-13 15:00:00,4882,3897130,5068.0,3547131,346.0,296649.0,5228,4193779,5414,3843780,10296,7740806
2021-09-14 15:00:00,4775,3901905,5440.0,3552571,437.0,297086.0,5212,4198991,5877,3849657,10652,7751458
2021-09-15 15:00:00,5042,3906947,5873.0,3558444,392.0,297478.0,5434,4204425,6265,3855922,11307,7762765
2021-09-16 15:00:00,4810,3911757,5847.0,3564291,336.0,297814.0,5146,4209571,6183,3862105,10993,7773758
2021-09-17 15:00:00,5258,3917015,6584.0,3570875,344.0,298158.0,5602,4215173,6928,3869033,12186,7785944
2021-09-18 15:00:00,3803,3920818,4577.0,3575452,185.0,298343.0,3988,4219161,4762,3873795,8565,7794509
2021-09-19 15:00:00,2741,3923559,3167.0,3578619,75.0,298418.0,2816,4221977,3242,3877037,5983,7800492
2021-09-20 15:00:00,3752,3927311,4679.0,3583298,430.0,298848.0,4182,4226159,5109,3882146,8861,7809353
2021-09-21 15:00:00,3997,3931308,5004.0,3588302,327.0,299175.0,4324,4230483,5331,3887477,9328,7818681
2021-09-22 15:00:00,4196,3935504,4775.0,3593077,459.0,299634.0,4655,4235138,5234,3892711,9430,7828111
2021-09-23 15:00:00,4175,3939679,4730.0,3597807,492.0,300126.0,4667,4239805,5222,3897933,9397,7837508
2021-09-24 15:00:00,5078,3944757,5605.0,3603412,422.0,300548.0,5500,4245305,6027,3903960,11105,7848613
2021-09-25 15:00:00,3624,3948381,3629.0,3607041,384.0,300932.0,4008,4249313,4013,3907973,7637,7856250
2021-09-26 15:00:00,2352,3950733,2665.0,3609706,431.0,301363.0,2783,4252096,3096,3911069,5448,7861698
2021-09-27 15:00:00,4506,3955239,2711.0,3612417,512.0,301875.0,5018,4257114,3223,3914292,7729,7869427
2021-09-28 15:00:00,4398,3959637,4450.0,3616867,211.0,302086.0,4609,4261723,4661,3918953,9059,7878486
2021-09-29 15:00:00,4691,3964328,4506.0,3621373,920.0,303006.0,5611,4267334,5426,3924379,10117,7888603
2021-09-30 15:00:00,4885,3969213,4561.0,3625934,796.0,303802.0,5681,4273015,5357,3929736,10242,7898845
2021-10-01 15:00:00,5506,3974719,5341.0,3631275,785.0,304587.0,6291,4279306,6126,3935862,11632,7910477
2021-10-02 15:00:00,2934,3977653,2895.0,3634170,187.0,304774.0,3121,4282427,3082,3938944,6016,7916493
2021-10-03 15:00:00,2074,3979727,2377.0,3636547,86.0,304860.0,2160,4284587,2463,3941407,4537,7921030
2021-10-04 15:00:00,4024,3983751,3498.0,3640045,232.0,305092.0,4256,4288843,3730,3945137,7754,7928784
2021-10-05 15:00:00,3951,3987702,3659.0,3643704,207.0,305299.0,4158,4293001,3866,3949003,7817,7936601
2021-10-06 15:00:00,4021,3991723,3571.0,3647275,266.0,305565.0,4287,4297288,3837,3952840,7858,7944459
2021-10-07 15:00:00,4235,3995958,3623.0,3650898,331.0,305896.0,4566,4301854,3954,3956794,8189,7952648
2021-10-08 15:00:00,4771,4000729,4283.0,3655181,283.0,306179.0,5054,4306908,4566,3961360,9337,7961985
2021-10-09 15:00:00,2691,4003420,2677.0,3657858,270.0,306449.0,2961,4309869,2947,3964307,5638,7967623
2021-10-10 15:00:00,1861,4005281,1850.0,3659708,59.0,306508.0,1920,4311789,1909,3966216,3770,7971393
2021-10-11 15:00:00,4205,4009486,3315.0,3663023,249.0,306757.0,4454,4316243,3564,3969780,7769,7979162
2021-10-12 15:00:00,3597,4013083,3532.0,3666555,273.0,307030.0,3870,4320113,3805,3973585,7402,7986564
2021-10-13 15:00:00,3970,4017053,3456.0,3670011,346.0,307376.0,4316,4324429,3802,3977387,7772,7994336
2021-10-14 15:00:00,5158,4022211,5493.0,3675504,431.0,307807.0,5589,4330018,5924,3983311,11082,8005418
2021-10-15 15:00:00,4709,4026920,4597.0,3680101,347.0,308154.0,5056,4335074,4944,3988255,9653,8015071
2021-10-16 15:00:00,2494,4029414,2507.0,3682608,291.0,308445.0,2785,4337859,2798,3991053,5292,8020363
2021-10-17 15:00:00,1805,4031219,1774.0,3684382,55.0,308500.0,1860,4339719,1829,3992882,3634,8023997
2021-10-18 15:00:00,4273,4035492,3578.0,3687960,268.0,308768.0,4541,4344260,3846,3996728,8119,8032116
2021-10-19 15:00:00,4299,4039791,4000.0,3691960,223.0,308991.0,4522,4348782,4223,4000951,8522,8040638
2021-10-20 15:00:00,3529,4043320,3419.0,3695379,255.0,309246.0,3784,4352566,3674,4004625,7203,8047841
2021-10-21 15:00:00,3299,4046619,3271.0,3698650,291.0,309537.0,3590,4356156,3562,4008187,6861,8054702
2021-10-22 15:00:00,4677,4051296,4024.0,3702674,477.0,310014.0,5154,4361310,4501,4012688,9178,8063880
2021-10-23 15:00:00,2884,4054180,2108.0,3704782,321.0,310335.0,3205,4364515,2429,4015117,5313,8069193
2021-10-24 15:00:00,2056,4056236,1553.0,3706335,79.0,310414.0,2135,4366650,1632,4016749,3688,8072881
2021-10-25 15:00:00,4545,4060781,3068.0,3709403,320.0,310734.0,4865,4371515,3388,4020137,7933,8080814
2021-10-26 15:00:00,4511,4065292,3075.0,3712478,316.0,311050.0,4827,4376342,3391,4023528,7902,8088716
2021-10-27 15:00:00,4736,4070028,3336.0,3715814,436.0,311486.0,5172,4381514,3772,4027300,8508,8097224
2021-10-28 15:00:00,4558,4074586,3351.0,3719165,502.0,311988.0,5060,4386574,3853,4031153,8411,8105635
2021-10-29 15:00:00,4978,4079564,3911.0,3723076,394.0,312382.0,5372,4391946,4305,4035458,9283,8114918
2021-10-30 15:00:00,2630,4082194,1835.0,3724911,307.0,312689.0,2937,4394883,2142,4037600,4772,8119690
2021-10-31 15:00:00,1936,4084130,1519.0,3726430,93.0,312782.0,2029,4396912,1612,4039212,3548,8123238
2021-11-01 15:00:00,4713,4088843,3421.0,3729851,347.0,313129.0,5060,4401972,3768,4042980,8481,8131719
2021-11-02 15:00:00,4254,4093097,2938.0,3732789,408.0,313537.0,4662,4406634,3346,4046326,7600,8139319
2021-11-03 15:00:00,4668,4097765,3042.0,3735831,464.0,314001.0,5132,4411766,3506,4049832,8174,8147493
2021-11-04 15:00:00,6315,4104080,3364.0,3739195,513.0,314514.0,6828,4418594,3877,4053709,10192,8157685
2021-11-05 15:00:00,8236,4112316,3760.0,3742955,413.0,314927.0,8649,4427243,4173,4057882,12409,8170094
2021-11-06 15:00:00,10169,4122485,1965.0,3744920,308.0,315235.0,10477,4437720,2273,4060155,12442,8182536
2021-11-07 15:00:00,7714,4130199,1462.0,3746382,95.0,315330.0,7809,4445529,1557,4061712,9271,8191807
2021-11-08 15:00:00,11302,4141501,3040.0,3749422,379.0,315709.0,11681,4457210,3419,4065131,14721,8206528
2021-11-09 15:00:00,11762,4153263,2642.0,3752064,269.0,315978.0,12031,4469241,2911,4068042,14673,8221201
2021-11-10 15:00:00,12587,4165850,2751.0,3754815,339.0,316317.0,12926,4482167,3090,4071132,15677,8236878
2021-11-11 15:00:00,11375,4177225,2372.0,3757187,280.0,316597.0,11655,4493822,2652,4073784,14027,8250905
2021-11-12 15:00:00,12288,4189513,3350.0,3760537,548.0,317145.0,12836,4506658,3898,4077682,16186,8267091
2021-11-13 15:00:00,9893,4199406,1591.0,3762128,342.0,317487.0,10235,4516893,1933,4079615,11826,8278917
2021-11-14 15:00:00,3925,4203331,1112.0,3763240,121.0,317608.0,4046,4520939,1233,4080848,5158,8284075
2021-11-15 15:00:00,8625,4211956,2512.0,3765752,208.0,317816.0,8833,4529772,2720,4083568,11345,8295420
2021-11-16 15:00:00,9225,4221181,2506.0,3768258,255.0,318071.0,9480,4539252,2761,4086329,11986,8307406
2021-11-17 15:00:00,9396,4230577,2860.0,3771118,312.0,318383.0,9708,4548960,3172,4089501,12568,8319974
2021-11-18 15:00:00,9275,4239852,2623.0,3773741,481.0,318864.0,9756,4558716,3104,4092605,12379,8332353
2021-11-19 15:00:00,9805,4249657,2905.0,3776646,381.0,319245.0,10186,4568902,3286,4095891,13091,8345444
2021-11-20 15:00:00,10629,4260286,1599.0,3778245,455.0,319700.0,11084,4579986,2054,4097945,12683,8358127
2021-11-21 15:00:00,4342,4264628,1199.0,3779444,100.0,319800.0,4442,4584428,1299,4099244,5641,8363768
2021-11-22 15:00:00,9821,4274449,2481.0,3781925,293.0,320093.0,10114,4594542,2774,4102018,12595,8376363
2021-11-23 15:00:00,9207,4283656,2380.0,3784305,281.0,320374.0,9488,4604030,2661,4104679,11868,8388231
2021-11-24 15:00:00,8155,4291811,2437.0,3786742,216.0,320590.0,8371,4612401,2653,4107332,10808,8399039
2021-11-25 15:00:00,239,4292050,77.0,3786819,10.0,320600.0,249,4612650,87,4107419,326,8399365
2021-11-26 15:00:00,5651,4297701,3950.0,3790769,153.0,320753.0,5804,4618454,4103,4111522,9754,8409119
2021-11-27 15:00:00,3776,4301477,5477.0,3796246,134.0,320887.0,3910,4622364,5611,4117133,9387,8418506
2021-11-28 15:00:00,2412,4303889,6387.0,3802633,77.0,320964.0,2489,4624853,6464,4123597,8876,8427382
2021-11-29 15:00:00,6368,4310257,9281.0,3811914,379.0,321343.0,6747,4631600,9660,4133257,16028,8443410
2021-11-30 15:00:00,6252,4316509,9317.0,3821231,264.0,321607.0,6516,4638116,9581,4142838,15833,8459243
2021-12-01 15:00:00,7304,4323813,9716.0,3830947,308.0,321915.0,7612,4645728,10024,4152862,17328,8476571
2021-12-02 15:00:00,6918,4330731,8793.0,3839740,450.0,322365.0,7368,4653096,9243,4162105,16161,8492732
2021-12-03 15:00:00,7605,4338336,9254.0,3848994,249.0,322614.0,7854,4660950,9503,4171608,17108,8509840
2021-12-04 15:00:00,5950,4344286,10043.0,3859037,466.0,323080.0,6416,4667366,10509,4182117,16459,8526299
2021-12-05 15:00:00,3463,4347749,3285.0,3862322,78.0,323158.0,3541,4670907,3363,4185480,6826,8533125
2021-12-06 15:00:00,6755,4354504,7088.0,3869410,280.0,323438.0,7035,4677942,7368,4192848,14123,8547248
2021-12-07 15:00:00,6410,4360914,7031.0,3876441,249.0,323687.0,6659,4684601,7280,4200128,13690,8560938
2021-12-08 15:00:00,6932,4367846,7414.0,3883855,315.0,324002.0,7247,4691848,7729,4207857,14661,8575599
2021-12-09 15:00:00,6547,4374393,7025.0,3890880,398.0,324400.0,6945,4698793,7423,4215280,13970,8589569
2021-12-10 15:00:00,7289,4381682,7328.0,3898208,230.0,324630.0,7519,4706312,7558,4222838,14847,8604416
2021-12-11 15:00:00,4450,4386132,7670.0,3905878,333.0,324963.0,4783,4711095,8003,4230841,12453,8616869
2021-12-12 15:00:00,4000,4390132,2772.0,3908650,60.0,325023.0,4060,4715155,2832,4233673,6832,8623701
2021-12-13 15:00:00,5695,4395827,5761.0,3914411,243.0,325266.0,5938,4721093,6004,4239677,11699,8635400
2021-12-14 15:00:00,6466,4402293,5935.0,3920346,222.0,325488.0,6688,4727781,6157,4245834,12623,8648023
2021-12-15 15:00:00,7160,4409453,5709.0,3926055,254.0,325742.0,7414,4735195,5963,4251797,13123,8661146
2021-12-16 15:00:00,7867,4417320,2826.0,3928881,421.0,326163.0,8288,4743483,3247,4255044,11114,8672260
2021-12-17 15:00:00,7840,4425160,4150.0,3933031,195.0,326358.0,8035,4751518,4345,4259389,12185,8684445
2021-12-18 15:00:00,5838,4430998,3181.0,3936212,298.0,326656.0,6136,4757654,3479,4262868,9317,8693762
2021-12-19 15:00:00,3379,4434377,1340.0,3937552,37.0,326693.0,3416,4761070,1377,4264245,4756,8698518
2021-12-20 15:00:00,8081,4442458,3741.0,3941293,173.0,326866.0,8254,4769324,3914,4268159,11995,8710513
2021-12-21 15:00:00,8992,4451450,4155.0,3945448,175.0,327041.0,9167,4778491,4330,4272489,13322,8723835
2021-12-22 15:00:00,8685,4460135,3859.0,3949307,184.0,327225.0,8869,4787360,4043,4276532,12728,8736563
2021-12-23 15:00:00,8399,4468534,3571.0,3952878,359.0,327584.0,8758,4796118,3930,4280462,12329,8748892
2021-12-24 15:00:00,1632,4470166,1007.0,3953885,39.0,327623.0,1671,4797789,1046,4281508,2678,8751570
2021-12-25 15:00:00,50,4470216,36.0,3953921,1.0,327624.0,51,4797840,37,4281545,87,8751657
2021-12-26 15:00:00,2518,4472734,1742.0,3955663,44.0,327668.0,2562,4800402,1786,4283331,4304,8755961
2021-12-27 15:00:00,7191,4479925,3989.0,3959652,297.0,327965.0,7488,4807890,4286,4287617,11477,8767438
2021-12-28 15:00:00,7926,4487851,3850.0,3963502,178.0,328143.0,8104,4815994,4028,4291645,11954,8779392
2021-12-29 15:00:00,8230,4496081,4013.0,3967515,156.0,328299.0,8386,4824380,4169,4295814,12399,8791791
2021-12-30 15:00:00,7472,4503553,3777.0,3971292,290.0,328589.0,7762,4832142,4067,4299881,11539,8803330
2021-12-31 15:00:00,2573,4506126,1526.0,3972818,90.0,328679.0,2663,4834805,1616,4301497,4189,8807519
2022-01-01 15:00:00,738,4506864,347.0,3973165,34.0,328713.0,772,4835577,381,4301878,1119,8808638
2022-01-02 15:00:00,2216,4509080,1650.0,3974815,48.0,328761.0,2264,4837841,1698,4303576,3914,8812552
2022-01-03 15:00:00,3398,4512478,2063.0,3976878,222.0,328983.0,3620,4841461,2285,4305861,5683,8818235
2022-01-04 15:00:00,5845,4518323,3481.0,3980359,165.0,329148.0,6010,4847471,3646,4309507,9491,8827726
2022-01-05 15:00:00,6820,4525143,4691.0,3985050,175.0,329323.0,6995,4854466,4866,4314373,11686,8839412
2022-01-06 15:00:00,6750,4531893,4819.0,3989869,265.0,329588.0,7015,4861481,5084,4319457,11834,8851246
2022-01-07 15:00:00,5976,4537869,3772.0,3993641,162.0,329750.0,6138,4867619,3934,4323391,9910,8861156
2022-01-08 15:00:00,4801,4542670,3910.0,3997551,78.0,329828.0,4879,4872498,3988,4327379,8789,8869945
2022-01-09 15:00:00,2760,4545430,2017.0,3999568,154.0,329982.0,2914,4875412,2171,4329550,4931,8874876
2022-01-10 15:00:00,6337,4551767,3834.0,4003402,160.0,330142.0,6497,4881909,3994,4333544,10331,8885207
2022-01-11 15:00:00,6551,4558318,4242.0,4007644,142.0,330284.0,6693,4888602,4384,4337928,10935,8896142
2022-01-12 15:00:00,6813,4565131,4439.0,4012083,225.0,330509.0,7038,4895640,4664,4342592,11477,8907619
2022-01-13 15:00:00,6634,4571765,4380.0,4016463,153.0,330662.0,6787,4902427,4533,4347125,11167,8918786
2022-01-14 15:00:00,7206,4578971,3279.0,4019742,252.0,330914.0,7458,4909885,3531,4350656,10737,8929523
2022-01-15 15:00:00,4268,4583239,1686.0,4021428,71.0,330985.0,4339,4914224,1757,4352413,6025,8935548
2022-01-16 15:00:00,2217,4585456,1319.0,4022747,116.0,331101.0,2333,4916557,1435,4353848,3652,8939200
2022-01-17 15:00:00,3614,4589070,2361.0,4025108,74.0,331175.0,3688,4920245,2435,4356283,6049,8945249
2022-01-18 15:00:00,5270,4594340,4198.0,4029306,102.0,331277.0,5372,4925617,4300,4360583,9570,8954819
2022-01-19 15:00:00,5293,4599633,4467.0,4033773,99.0,331376.0,5392,4931009,4566,4365149,9859,8964678
2022-01-20 15:00:00,4525,4604158,3619.0,4037392,176.0,331552.0,4701,4935710,3795,4368944,8320,8972998
2022-01-21 15:00:00,5592,4609750,2927.0,4040319,125.0,331677.0,5717,4941427,3052,4371996,8644,8981642
2022-01-22 15:00:00,3458,4613208,1721.0,4042040,134.0,331811.0,3592,4945019,1855,4373851,5313,8986955
2022-01-23 15:00:00,2034,4615242,1496.0,4043536,30.0,331841.0,2064,4947083,1526,4375377,3560,8990515
2022-01-24 15:00:00,4123,4619365,2770.0,4046306,88.0,331929.0,4211,4951294,2858,4378235,6981,8997496
2022-01-25 15:00:00,3794,4623159,3306.0,4049612,95.0,332024.0,3889,4955183,3401,4381636,7195,9004691
2022-01-26 15:00:00,3861,4627020,3684.0,4053296,94.0,332118.0,3955,4959138,3778,4385414,7639,9012330
2022-01-27 15:00:00,3767,4630787,3862.0,4057158,187.0,332305.0,3954,4963092,4049,4389463,7816,9020146
2022-01-28 15:00:00,3838,4634625,3214.0,4060372,75.0,332380.0,3913,4967005,3289,4392752,7127,9027273
2022-01-29 15:00:00,2295,4636920,2265.0,4062637,117.0,332497.0,2412,4969417,2382,4395134,4677,9031950
2022-01-30 15:00:00,1563,4638483,1602.0,4064239,16.0,332513.0,1579,4970996,1618,4396752,3181,9035131
2022-01-31 15:00:00,2979,4641462,3156.0,4067395,58.0,332571.0,3037,4974033,3214,4399966,6193,9041324
2022-02-01 15:00:00,2634,4644096,3390.0,4070785,75.0,332646.0,2709,4976742,3465,4403431,6099,9047423
2022-02-02 15:00:00,2819,4646915,3719.0,4074504,75.0,332721.0,2894,4979636,3794,4407225,6613,9054036
2022-02-03 15:00:00,2745,4649660,3632.0,4078136,41.0,332762.0,2786,4982422,3673,4410898,6418,9060454
2022-02-04 15:00:00,2759,4652419,4329.0,4082465,127.0,332889.0,2886,4985308,4456,4415354,7215,9067669
2022-02-05 15:00:00,1916,4654335,2870.0,4085335,112.0,333001.0,2028,4987336,2982,4418336,4898,9072567
2022-02-06 15:00:00,1061,4655396,1338.0,4086673,24.0,333025.0,1085,4988421,1362,4419698,2423,9074990
2022-02-07 15:00:00,2030,4657426,2651.0,4089324,46.0,333071.0,2076,4990497,2697,4422395,4727,9079717
2022-02-08 15:00:00,2072,4659498,3028.0,4092352,63.0,333134.0,2135,4992632,3091,4425486,5163,9084880
2022-02-09 15:00:00,2079,4661577,3085.0,4095437,73.0,333207.0,2152,4994784,3158,4428644,5237,9090117
2022-02-10 15:00:00,1971,4663548,2725.0,4098162,52.0,333259.0,2023,4996807,2777,4431421,4748,9094865
2022-02-11 15:00:00,2268,4665816,3185.0,4101347,117.0,333376.0,2385,4999192,3302,4434723,5570,9100435
2022-02-12 15:00:00,756,4666572,1128.0,4102475,84.0,333460.0,840,5000032,1212,4435935,1968,9102403
