VACCINATION_DATE,FirstDailyDose,FirstDoseCumulative,SecondDailyDose,SecondDoseCumulative,SingleDailyDose,SingleDoseCumulative,AtleastOneVaccine,AtleastOneVaccineCumulative,CompletedVax,CompletedVaxCumulative,FirstSecondSingleVaccinations,FirstSecondSingleVaccinationsCumulative
2020-12-14 15:00:00,19,1375,,521,,,19,1375,0,521,19,1792
2020-12-15 15:00:00,61,1436,3.0,524,,,61,1436,3,524,64,1856
2020-12-16 15:00:00,590,2026,5.0,529,,,590,2026,5,529,595,2451
2020-12-17 15:00:00,1160,3186,7.0,536,,,1160,3186,7,536,1167,3618
2020-12-18 15:00:00,3018,6204,12.0,548,,,3018,6204,12,548,3030,6648
2020-12-19 15:00:00,931,7135,5.0,553,,,931,7135,5,553,936,7584
2020-12-20 15:00:00,364,7499,6.0,559,,,364,7499,6,559,370,7954
2020-12-21 15:00:00,3886,11385,26.0,585,,,3886,11385,26,585,3912,11866
2020-12-22 15:00:00,6323,17708,26.0,611,,,6323,17708,26,611,6349,18215
2020-12-23 15:00:00,5778,23486,36.0,647,,,5778,23486,36,647,5814,24029
2020-12-24 15:00:00,2725,26211,16.0,663,,,2725,26211,16,663,2741,26770
2020-12-25 15:00:00,1035,27246,4.0,667,,,1035,27246,4,667,1039,27809
2020-12-26 15:00:00,1882,29128,9.0,676,,,1882,29128,9,676,1891,29700
2020-12-27 15:00:00,1802,30930,12.0,688,,,1802,30930,12,688,1814,31514
2020-12-28 15:00:00,8981,39911,49.0,737,,,8981,39911,49,737,9030,40544
2020-12-29 15:00:00,10966,50877,53.0,790,,,10966,50877,53,790,11019,51563
2020-12-30 15:00:00,12494,63371,88.0,878,,,12494,63371,88,878,12582,64145
2020-12-31 15:00:00,7551,70922,47.0,925,,,7551,70922,47,925,7598,71743
2021-01-01 15:00:00,3268,74190,138.0,1063,,,3268,74190,138,1063,3406,75149
2021-01-02 15:00:00,3039,77229,34.0,1097,,,3039,77229,34,1097,3073,78222
2021-01-03 15:00:00,3409,80638,81.0,1178,,,3409,80638,81,1178,3490,81712
2021-01-04 15:00:00,13357,93995,332.0,1510,,,13357,93995,332,1510,13689,95401
2021-01-05 15:00:00,12484,106479,547.0,2057,,,12484,106479,547,2057,13031,108432
2021-01-06 15:00:00,15262,121741,863.0,2920,,,15262,121741,863,2920,16125,124557
2021-01-07 15:00:00,15034,136775,1775.0,4695,,,15034,136775,1775,4695,16809,141366
2021-01-08 15:00:00,24009,160784,2781.0,7476,,,24009,160784,2781,7476,26790,168156
2021-01-09 15:00:00,5173,165957,954.0,8430,,,5173,165957,954,8430,6127,174283
2021-01-10 15:00:00,2970,168927,384.0,8814,,,2970,168927,384,8814,3354,177637
2021-01-11 15:00:00,13718,182645,3470.0,12284,,,13718,182645,3470,12284,17188,194825
2021-01-12 15:00:00,17385,200030,5593.0,17877,,,17385,200030,5593,17877,22978,217803
2021-01-13 15:00:00,18619,218649,3920.0,21797,,,18619,218649,3920,21797,22539,240342
2021-01-14 15:00:00,17849,236498,1962.0,23759,,,17849,236498,1962,23759,19811,260153
2021-01-15 15:00:00,19478,255976,2030.0,25789,,,19478,255976,2030,25789,21508,281661
2021-01-16 15:00:00,5831,261807,1616.0,27405,,,5831,261807,1616,27405,7447,289108
2021-01-17 15:00:00,2121,263928,1479.0,28884,,,2121,263928,1479,28884,3600,292708
2021-01-18 15:00:00,7074,271002,3255.0,32139,,,7074,271002,3255,32139,10329,303037
2021-01-19 15:00:00,16953,287955,5404.0,37543,,,16953,287955,5404,37543,22357,325394
2021-01-20 15:00:00,21005,308960,5322.0,42865,,,21005,308960,5322,42865,26327,351721
2021-01-21 15:00:00,23805,332765,3843.0,46708,,,23805,332765,3843,46708,27648,379369
2021-01-22 15:00:00,28656,361421,3752.0,50460,,,28656,361421,3752,50460,32408,411777
2021-01-23 15:00:00,10116,371537,1942.0,52402,,,10116,371537,1942,52402,12058,423835
2021-01-24 15:00:00,3352,374889,1723.0,54125,,,3352,374889,1723,54125,5075,428910
2021-01-25 15:00:00,16305,391194,8602.0,62727,,,16305,391194,8602,62727,24907,453817
2021-01-26 15:00:00,17558,408752,8973.0,71700,,,17558,408752,8973,71700,26531,480348
2021-01-27 15:00:00,24436,433188,12545.0,84245,,,24436,433188,12545,84245,36981,517329
2021-01-28 15:00:00,22652,455840,9330.0,93575,,,22652,455840,9330,93575,31982,549311
2021-01-29 15:00:00,24780,480620,7924.0,101499,,,24780,480620,7924,101499,32704,582015
2021-01-30 15:00:00,17778,498398,2559.0,104058,,,17778,498398,2559,104058,20337,602352
2021-01-31 15:00:00,3762,502160,1367.0,105425,,,3762,502160,1367,105425,5129,607481
2021-02-01 15:00:00,8100,510260,5375.0,110800,,,8100,510260,5375,110800,13475,620956
2021-02-02 15:00:00,12505,522765,13822.0,124622,,,12505,522765,13822,124622,26327,647283
2021-02-03 15:00:00,18249,541014,18133.0,142755,,,18249,541014,18133,142755,36382,683665
2021-02-04 15:00:00,22129,563143,15786.0,158541,,,22129,563143,15786,158541,37915,721580
2021-02-05 15:00:00,20347,583490,17418.0,175959,,,20347,583490,17418,175959,37765,759345
2021-02-06 15:00:00,11331,594821,14474.0,190433,,,11331,594821,14474,190433,25805,785150
2021-02-07 15:00:00,5951,600772,1837.0,192270,,,5951,600772,1837,192270,7788,792938
2021-02-08 15:00:00,12984,613756,12918.0,205188,,,12984,613756,12918,205188,25902,818840
2021-02-09 15:00:00,16650,630406,13874.0,219062,,,16650,630406,13874,219062,30524,849364
2021-02-10 15:00:00,19296,649702,21228.0,240290,,,19296,649702,21228,240290,40524,889888
2021-02-11 15:00:00,22848,672550,17342.0,257632,,,22848,672550,17342,257632,40190,930078
2021-02-12 15:00:00,20394,692944,19637.0,277269,,,20394,692944,19637,277269,40031,970109
2021-02-13 15:00:00,11437,704381,6419.0,283688,,,11437,704381,6419,283688,17856,987965
2021-02-14 15:00:00,7110,711491,2129.0,285817,,,7110,711491,2129,285817,9239,997204
2021-02-15 15:00:00,11764,723255,13328.0,299145,,,11764,723255,13328,299145,25092,1022296
2021-02-16 15:00:00,16607,739862,21021.0,320166,,,16607,739862,21021,320166,37628,1059924
2021-02-17 15:00:00,20657,760519,26377.0,346543,,,20657,760519,26377,346543,47034,1106958
2021-02-18 15:00:00,3198,763717,4619.0,351162,,,3198,763717,4619,351162,7817,1114775
2021-02-19 15:00:00,10253,773970,19927.0,371089,,,10253,773970,19927,371089,30180,1144955
2021-02-20 15:00:00,10310,784280,20288.0,391377,,,10310,784280,20288,391377,30598,1175553
2021-02-21 15:00:00,6180,790460,7649.0,399026,,,6180,790460,7649,399026,13829,1189382
2021-02-22 15:00:00,8033,798493,15474.0,414500,,,8033,798493,15474,414500,23507,1212889
2021-02-23 15:00:00,15534,814027,15986.0,430486,,,15534,814027,15986,430486,31520,1244409
2021-02-24 15:00:00,17953,831980,24740.0,455226,,,17953,831980,24740,455226,42693,1287102
2021-02-25 15:00:00,20391,852371,26558.0,481784,,,20391,852371,26558,481784,46949,1334051
2021-02-26 15:00:00,26720,879091,26220.0,508004,,,26720,879091,26220,508004,52940,1386991
2021-02-27 15:00:00,16005,895096,11160.0,519164,,,16005,895096,11160,519164,27165,1414156
2021-02-28 15:00:00,15495,910591,4884.0,524048,,,15495,910591,4884,524048,20379,1434535
2021-03-01 15:00:00,26992,937583,12619.0,536667,,,26992,937583,12619,536667,39611,1474146
2021-03-02 15:00:00,23924,961507,13278.0,549945,34.0,34.0,23958,961541,13312,549979,37236,1511382
2021-03-03 15:00:00,30196,991703,18397.0,568342,188.0,222.0,30384,991925,18585,568564,48781,1560163
2021-03-04 15:00:00,30962,1022665,18199.0,586541,4069.0,4291.0,35031,1026956,22268,590832,53230,1613393
2021-03-05 15:00:00,30025,1052690,19722.0,606263,4909.0,9200.0,34934,1061890,24631,615463,54656,1668049
2021-03-06 15:00:00,18918,1071608,9511.0,615774,6009.0,15209.0,24927,1086817,15520,630983,34438,1702487
2021-03-07 15:00:00,12121,1083729,4863.0,620637,6610.0,21819.0,18731,1105548,11473,642456,23594,1726081
2021-03-08 15:00:00,25883,1109612,8847.0,629484,8273.0,30092.0,34156,1139704,17120,659576,43003,1769084
2021-03-09 15:00:00,26130,1135742,15467.0,644951,8345.0,38437.0,34475,1174179,23812,683388,49942,1819026
2021-03-10 15:00:00,29860,1165602,16001.0,660952,7940.0,46377.0,37800,1211979,23941,707329,53801,1872827
2021-03-11 15:00:00,35991,1201593,16401.0,677353,3981.0,50358.0,39972,1251951,20382,727711,56373,1929200
2021-03-12 15:00:00,36920,1238513,18087.0,695440,2926.0,53284.0,39846,1291797,21013,748724,57933,1987133
2021-03-13 15:00:00,22671,1261184,10283.0,705723,1629.0,54913.0,24300,1316097,11912,760636,34583,2021716
2021-03-14 15:00:00,17833,1279017,6721.0,712444,1005.0,55918.0,18838,1334935,7726,768362,25559,2047275
2021-03-15 15:00:00,29831,1308848,11306.0,723750,597.0,56515.0,30428,1365363,11903,780265,41734,2089009
2021-03-16 15:00:00,33417,1342265,13575.0,737325,769.0,57284.0,34186,1399549,14344,794609,47761,2136770
2021-03-17 15:00:00,37576,1379841,17057.0,754382,1181.0,58465.0,38757,1438306,18238,812847,55814,2192584
2021-03-18 15:00:00,41446,1421287,12651.0,767033,1348.0,59813.0,42794,1481100,13999,826846,55445,2248029
2021-03-19 15:00:00,38336,1459623,15419.0,782452,1042.0,60855.0,39378,1520478,16461,843307,54797,2302826
2021-03-20 15:00:00,24703,1484326,10160.0,792612,703.0,61558.0,25406,1545884,10863,854170,35566,2338392
2021-03-21 15:00:00,19182,1503508,7880.0,800492,336.0,61894.0,19518,1565402,8216,862386,27398,2365790
2021-03-22 15:00:00,32597,1536105,11481.0,811973,835.0,62729.0,33432,1598834,12316,874702,44913,2410703
2021-03-23 15:00:00,38418,1574523,17809.0,829782,1554.0,64283.0,39972,1638806,19363,894065,57781,2468484
2021-03-24 15:00:00,41090,1615613,21218.0,851000,1388.0,65671.0,42478,1681284,22606,916671,63696,2532180
2021-03-25 15:00:00,42887,1658500,21691.0,872691,2458.0,68129.0,45345,1726629,24149,940820,67036,2599216
2021-03-26 15:00:00,36367,1694867,26678.0,899369,2496.0,70625.0,38863,1765492,29174,969994,65541,2664757
2021-03-27 15:00:00,26478,1721345,17277.0,916646,2490.0,73115.0,28968,1794460,19767,989761,46245,2711002
2021-03-28 15:00:00,17014,1738359,12645.0,929291,1615.0,74730.0,18629,1813089,14260,1004021,31274,2742276
2021-03-29 15:00:00,29719,1768078,26289.0,955580,1140.0,75870.0,30859,1843948,27429,1031450,57148,2799424
2021-03-30 15:00:00,40065,1808143,28992.0,984572,1863.0,77733.0,41928,1885876,30855,1062305,70920,2870344
2021-03-31 15:00:00,41036,1849179,34694.0,1019266,5748.0,83481.0,46784,1932660,40442,1102747,81478,2951822
2021-04-01 15:00:00,42356,1891535,41025.0,1060291,5743.0,89224.0,48099,1980759,46768,1149515,89124,3040946
2021-04-02 15:00:00,34929,1926464,32673.0,1092964,6125.0,95349.0,41054,2021813,38798,1188313,73727,3114673
2021-04-03 15:00:00,21152,1947616,19187.0,1112151,4389.0,99738.0,25541,2047354,23576,1211889,44728,3159401
2021-04-04 15:00:00,8282,1955898,10186.0,1122337,967.0,100705.0,9249,2056603,11153,1223042,19435,3178836
2021-04-05 15:00:00,27950,1983848,28909.0,1151246,6658.0,107363.0,34608,2091211,35567,1258609,63517,3242353
2021-04-06 15:00:00,39766,2023614,30449.0,1181695,10493.0,117856.0,50259,2141470,40942,1299551,80708,3323061
2021-04-07 15:00:00,36095,2059709,34285.0,1215980,12988.0,130844.0,49083,2190553,47273,1346824,83368,3406429
2021-04-08 15:00:00,42336,2102045,36101.0,1252081,13864.0,144708.0,56200,2246753,49965,1396789,92301,3498730
2021-04-09 15:00:00,34056,2136101,36320.0,1288401,14525.0,159233.0,48581,2295334,50845,1447634,84901,3583631
2021-04-10 15:00:00,23469,2159570,23131.0,1311532,7641.0,166874.0,31110,2326444,30772,1478406,54241,3637872
2021-04-11 15:00:00,17565,2177135,13280.0,1324812,10119.0,176993.0,27684,2354128,23399,1501805,40964,3678836
2021-04-12 15:00:00,24607,2201742,33162.0,1357974,10895.0,187888.0,35502,2389630,44057,1545862,68664,3747500
2021-04-13 15:00:00,126195,2327937,91231.0,1449205,3292.0,191180.0,129487,2519117,94523,1640385,220718,3968218
2021-04-14 15:00:00,40715,2368652,37826.0,1487031,212.0,191392.0,40927,2560044,38038,1678423,78753,4046971
2021-04-15 15:00:00,41417,2410069,39544.0,1526575,175.0,191567.0,41592,2601636,39719,1718142,81136,4128107
2021-04-16 15:00:00,37145,2447214,38863.0,1565438,24.0,191591.0,37169,2638805,38887,1757029,76032,4204139
2021-04-17 15:00:00,32801,2480015,22029.0,1587467,12.0,191603.0,32813,2671618,22041,1779070,54842,4258981
2021-04-18 15:00:00,20067,2500082,16196.0,1603663,5.0,191608.0,20072,2691690,16201,1795271,36268,4295249
2021-04-19 15:00:00,29896,2529978,36547.0,1640210,61.0,191669.0,29957,2721647,36608,1831879,66504,4361753
2021-04-20 15:00:00,32937,2562915,44442.0,1684652,57.0,191726.0,32994,2754641,44499,1876378,77436,4439189
2021-04-21 15:00:00,39831,2602746,47050.0,1731702,26.0,191752.0,39857,2794498,47076,1923454,86907,4526096
2021-04-22 15:00:00,35861,2638607,42652.0,1774354,16.0,191768.0,35877,2830375,42668,1966122,78529,4604625
2021-04-23 15:00:00,33145,2671752,40144.0,1814498,14.0,191782.0,33159,2863534,40158,2006280,73303,4677928
2021-04-24 15:00:00,26414,2698166,27903.0,1842401,81.0,191863.0,26495,2890029,27984,2034264,54398,4732326
2021-04-25 15:00:00,20235,2718401,10970.0,1853371,31.0,191894.0,20266,2910295,11001,2045265,31236,4763562
2021-04-26 15:00:00,27413,2745814,32709.0,1886080,201.0,192095.0,27614,2937909,32910,2078175,60323,4823885
2021-04-27 15:00:00,26690,2772504,33068.0,1919148,1097.0,193192.0,27787,2965696,34165,2112340,60855,4884740
2021-04-28 15:00:00,28929,2801433,39541.0,1958689,1364.0,194556.0,30293,2995989,40905,2153245,69834,4954574
2021-04-29 15:00:00,27076,2828509,39741.0,1998430,1463.0,196019.0,28539,3024528,41204,2194449,68280,5022854
2021-04-30 15:00:00,28211,2856720,32266.0,2030696,1647.0,197666.0,29858,3054386,33913,2228362,62124,5084978
2021-05-01 15:00:00,20711,2877431,26684.0,2057380,1048.0,198714.0,21759,3076145,27732,2256094,48443,5133421
2021-05-02 15:00:00,10288,2887719,17040.0,2074420,822.0,199536.0,11110,3087255,17862,2273956,28150,5161571
2021-05-03 15:00:00,12756,2900475,28578.0,2102998,1915.0,201451.0,14671,3101926,30493,2304449,43249,5204820
2021-05-04 15:00:00,13572,2914047,38611.0,2141609,1739.0,203190.0,15311,3117237,40350,2344799,53922,5258742
2021-05-05 15:00:00,19324,2933371,37756.0,2179365,1921.0,205111.0,21245,3138482,39677,2384476,59001,5317743
2021-05-06 15:00:00,16920,2950291,40592.0,2219957,1721.0,206832.0,18641,3157123,42313,2426789,59233,5376976
2021-05-07 15:00:00,17586,2967877,36994.0,2256951,1959.0,208791.0,19545,3176668,38953,2465742,56539,5433515
2021-05-08 15:00:00,10793,2978670,31221.0,2288172,1291.0,210082.0,12084,3188752,32512,2498254,43305,5476820
2021-05-09 15:00:00,5083,2983753,12240.0,2300412,695.0,210777.0,5778,3194530,12935,2511189,18018,5494838
2021-05-10 15:00:00,8953,2992706,31050.0,2331462,1362.0,212139.0,10315,3204845,32412,2543601,41365,5536203
2021-05-11 15:00:00,12185,3004891,30288.0,2361750,1441.0,213580.0,13626,3218471,31729,2575330,43914,5580117
2021-05-12 15:00:00,13945,3018836,38620.0,2400370,1919.0,215499.0,15864,3234335,40539,2615869,54484,5634601
2021-05-13 15:00:00,21839,3040675,33510.0,2433880,1347.0,216846.0,23186,3257521,34857,2650726,56696,5691297
2021-05-14 15:00:00,24391,3065066,30048.0,2463928,1774.0,218620.0,26165,3283686,31822,2682548,56213,5747510
2021-05-15 15:00:00,21938,3087004,25107.0,2489035,1489.0,220109.0,23427,3307113,26596,2709144,48534,5796044
2021-05-16 15:00:00,9093,3096097,17584.0,2506619,1113.0,221222.0,10206,3317319,18697,2727841,27790,5823834
2021-05-17 15:00:00,16836,3112933,28402.0,2535021,1949.0,223171.0,18785,3336104,30351,2758192,47187,5871021
2021-05-18 15:00:00,21267,3134200,30689.0,2565710,1942.0,225113.0,23209,3359313,32631,2790823,53898,5924919
2021-05-19 15:00:00,27665,3161865,32432.0,2598142,1631.0,226744.0,29296,3388609,34063,2824886,61728,5986647
2021-05-20 15:00:00,20808,3182673,33268.0,2631410,1965.0,228709.0,22773,3411382,35233,2860119,56041,6042688
2021-05-21 15:00:00,19162,3201835,30350.0,2661760,1607.0,230316.0,20769,3432151,31957,2892076,51119,6093807
2021-05-22 15:00:00,16939,3218774,20689.0,2682449,1271.0,231587.0,18210,3450361,21960,2914036,38899,6132706
2021-05-23 15:00:00,8793,3227567,11445.0,2693894,965.0,232552.0,9758,3460119,12410,2926446,21203,6153909
2021-05-24 15:00:00,13566,3241133,17774.0,2711668,1473.0,234025.0,15039,3475158,19247,2945693,32813,6186722
2021-05-25 15:00:00,13072,3254205,18717.0,2730385,1329.0,235354.0,14401,3489559,20046,2965739,33118,6219840
2021-05-26 15:00:00,18317,3272522,19492.0,2749877,1512.0,236866.0,19829,3509388,21004,2986743,39321,6259161
2021-05-27 15:00:00,11686,3284208,18662.0,2768539,1116.0,237982.0,12802,3522190,19778,3006521,31464,6290625
2021-05-28 15:00:00,12415,3296623,19838.0,2788377,1401.0,239383.0,13816,3536006,21239,3027760,33654,6324279
2021-05-29 15:00:00,9514,3306137,11721.0,2800098,937.0,240320.0,10451,3546457,12658,3040418,22172,6346451
2021-05-30 15:00:00,4968,3311105,6430.0,2806528,596.0,240916.0,5564,3552021,7026,3047444,11994,6358445
2021-05-31 15:00:00,1778,3312883,3711.0,2810239,305.0,241221.0,2083,3554104,4016,3051460,5794,6364239
2021-06-01 15:00:00,9849,3322732,16433.0,2826672,1159.0,242380.0,11008,3565112,17592,3069052,27441,6391680
2021-06-02 15:00:00,10231,3332963,16816.0,2843488,959.0,243339.0,11190,3576302,17775,3086827,28006,6419686
2021-06-03 15:00:00,7900,3340863,21189.0,2864677,1087.0,244426.0,8987,3585289,22276,3109103,30176,6449862
2021-06-04 15:00:00,8197,3349060,22355.0,2887032,1120.0,245546.0,9317,3594606,23475,3132578,31672,6481534
2021-06-05 15:00:00,6999,3356059,19470.0,2906502,720.0,246266.0,7719,3602325,20190,3152768,27189,6508723
2021-06-06 15:00:00,3456,3359515,7250.0,2913752,423.0,246689.0,3879,3606204,7673,3160441,11129,6519852
2021-06-07 15:00:00,6859,3366374,15784.0,2929536,726.0,247415.0,7585,3613789,16510,3176951,23369,6543221
2021-06-08 15:00:00,6670,3373044,19734.0,2949270,830.0,248245.0,7500,3621289,20564,3197515,27234,6570455
2021-06-09 15:00:00,8199,3381243,23985.0,2973255,969.0,249214.0,9168,3630457,24954,3222469,33153,6603608
2021-06-10 15:00:00,7150,3388393,19136.0,2992391,895.0,250109.0,8045,3638502,20031,3242500,27181,6630789
2021-06-11 15:00:00,7486,3395879,17725.0,3010116,1125.0,251234.0,8611,3647113,18850,3261350,26336,6657125
2021-06-12 15:00:00,5240,3401119,14766.0,3024882,605.0,251839.0,5845,3652958,15371,3276721,20611,6677736
2021-06-13 15:00:00,1930,3403049,7612.0,3032494,427.0,252266.0,2357,3655315,8039,3284760,9969,6687705
2021-06-14 15:00:00,5657,3408706,11813.0,3044307,733.0,252999.0,6390,3661705,12546,3297306,18203,6705908
2021-06-15 15:00:00,5640,3414346,14340.0,3058647,873.0,253872.0,6513,3668218,15213,3312519,20853,6726761
2021-06-16 15:00:00,8754,3423100,21597.0,3080244,757.0,254629.0,9511,3677729,22354,3334873,31108,6757869
2021-06-17 15:00:00,6687,3429787,12364.0,3092608,720.0,255349.0,7407,3685136,13084,3347957,19771,6777640
2021-06-18 15:00:00,6835,3436622,12734.0,3105342,703.0,256052.0,7538,3692674,13437,3361394,20272,6797912
2021-06-19 15:00:00,4660,3441282,9375.0,3114717,615.0,256667.0,5275,3697949,9990,3371384,14650,6812562
2021-06-20 15:00:00,2505,3443787,5053.0,3119770,377.0,257044.0,2882,3700831,5430,3376814,7935,6820497
2021-06-21 15:00:00,5562,3449349,5331.0,3125101,635.0,257679.0,6197,3707028,5966,3382780,11528,6832025
2021-06-22 15:00:00,5344,3454693,9050.0,3134151,693.0,258372.0,6037,3713065,9743,3392523,15087,6847112
2021-06-23 15:00:00,6070,3460763,10324.0,3144475,646.0,259018.0,6716,3719781,10970,3403493,17040,6864152
2021-06-24 15:00:00,5936,3466699,8198.0,3152673,595.0,259613.0,6531,3726312,8793,3412286,14729,6878881
2021-06-25 15:00:00,5819,3472518,8657.0,3161330,620.0,260233.0,6439,3732751,9277,3421563,15096,6893977
2021-06-26 15:00:00,3701,3476219,6307.0,3167637,398.0,260631.0,4099,3736850,6705,3428268,10406,6904383
2021-06-27 15:00:00,2808,3479027,3520.0,3171157,185.0,260816.0,2993,3739843,3705,3431973,6513,6910896
2021-06-28 15:00:00,4917,3483944,6387.0,3177544,539.0,261355.0,5456,3745299,6926,3438899,11843,6922739
2021-06-29 15:00:00,5061,3489005,6474.0,3184018,519.0,261874.0,5580,3750879,6993,3445892,12054,6934793
2021-06-30 15:00:00,5615,3494620,7384.0,3191402,605.0,262479.0,6220,3757099,7989,3453881,13604,6948397
2021-07-01 15:00:00,5401,3500021,6986.0,3198388,500.0,262979.0,5901,3763000,7486,3461367,12887,6961284
2021-07-02 15:00:00,5292,3505313,6836.0,3205224,524.0,263503.0,5816,3768816,7360,3468727,12652,6973936
2021-07-03 15:00:00,3269,3508582,4065.0,3209289,264.0,263767.0,3533,3772349,4329,3473056,7598,6981534
2021-07-04 15:00:00,494,3509076,545.0,3209834,68.0,263835.0,562,3772911,613,3473669,1107,6982641
2021-07-05 15:00:00,3763,3512839,3952.0,3213786,287.0,264122.0,4050,3776961,4239,3477908,8002,6990643
2021-07-06 15:00:00,4491,3517330,6265.0,3220051,452.0,264574.0,4943,3781904,6717,3484625,11208,7001851
2021-07-07 15:00:00,4467,3521797,6409.0,3226460,482.0,265056.0,4949,3786853,6891,3491516,11358,7013209
2021-07-08 15:00:00,4833,3526630,6168.0,3232628,564.0,265620.0,5397,3792250,6732,3498248,11565,7024774
2021-07-09 15:00:00,5365,3531995,6662.0,3239290,573.0,266193.0,5938,3798188,7235,3505483,12600,7037374
2021-07-10 15:00:00,3516,3535511,4406.0,3243696,303.0,266496.0,3819,3802007,4709,3510192,8225,7045599
2021-07-11 15:00:00,2676,3538187,2565.0,3246261,225.0,266721.0,2901,3804908,2790,3512982,5466,7051065
2021-07-12 15:00:00,4416,3542603,5117.0,3251378,379.0,267100.0,4795,3809703,5496,3518478,9912,7060977
2021-07-13 15:00:00,4659,3547262,4721.0,3256099,366.0,267466.0,5025,3814728,5087,3523565,9746,7070723
2021-07-14 15:00:00,4616,3551878,5281.0,3261380,422.0,267888.0,5038,3819766,5703,3529268,10319,7081042
2021-07-15 15:00:00,4902,3556780,5016.0,3266396,359.0,268247.0,5261,3825027,5375,3534643,10277,7091319
2021-07-16 15:00:00,6274,3563054,5838.0,3272234,405.0,268652.0,6679,3831706,6243,3540886,12517,7103836
2021-07-17 15:00:00,3415,3566469,3548.0,3275782,303.0,268955.0,3718,3835424,3851,3544737,7266,7111102
2021-07-18 15:00:00,2311,3568780,2377.0,3278159,110.0,269065.0,2421,3837845,2487,3547224,4798,7115900
2021-07-19 15:00:00,5138,3573918,4609.0,3282768,382.0,269447.0,5520,3843365,4991,3552215,10129,7126029
2021-07-20 15:00:00,5332,3579250,4714.0,3287482,366.0,269813.0,5698,3849063,5080,3557295,10412,7136441
2021-07-21 15:00:00,5658,3584908,4940.0,3292422,416.0,270229.0,6074,3855137,5356,3562651,11014,7147455
2021-07-22 15:00:00,6022,3590930,4637.0,3297059,472.0,270701.0,6494,3861631,5109,3567760,11131,7158586
2021-07-23 15:00:00,6839,3597769,4844.0,3301903,497.0,271198.0,7336,3868967,5341,3573101,12180,7170766
2021-07-24 15:00:00,4280,3602049,3201.0,3305104,267.0,271465.0,4547,3873514,3468,3576569,7748,7178514
2021-07-25 15:00:00,3298,3605347,1113.0,3306217,140.0,271605.0,3438,3876952,1253,3577822,4551,7183065
2021-07-26 15:00:00,6213,3611560,3907.0,3310124,419.0,272024.0,6632,3883584,4326,3582148,10539,7193604
2021-07-27 15:00:00,6602,3618162,4277.0,3314401,457.0,272481.0,7059,3890643,4734,3586882,11336,7204940
2021-07-28 15:00:00,7076,3625238,4139.0,3318540,460.0,272941.0,7536,3898179,4599,3591481,11675,7216615
2021-07-29 15:00:00,7074,3632312,4302.0,3322842,419.0,273360.0,7493,3905672,4721,3596202,11795,7228410
2021-07-30 15:00:00,7814,3640126,4802.0,3327644,526.0,273886.0,8340,3914012,5328,3601530,13142,7241552
2021-07-31 15:00:00,4792,3644918,3074.0,3330718,273.0,274159.0,5065,3919077,3347,3604877,8139,7249691
2021-08-01 15:00:00,3882,3648800,2157.0,3332875,163.0,274322.0,4045,3923122,2320,3607197,6202,7255893
2021-08-02 15:00:00,7265,3656065,3838.0,3336713,340.0,274662.0,7605,3930727,4178,3611375,11443,7267336
2021-08-03 15:00:00,7263,3663328,4093.0,3340806,516.0,275178.0,7779,3938506,4609,3615984,11872,7279208
2021-08-04 15:00:00,7423,3670751,4117.0,3344923,535.0,275713.0,7958,3946464,4652,3620636,12075,7291283
2021-08-05 15:00:00,7941,3678692,4292.0,3349215,537.0,276250.0,8478,3954942,4829,3625465,12770,7304053
2021-08-06 15:00:00,8324,3687016,4728.0,3353943,454.0,276704.0,8778,3963720,5182,3630647,13506,7317559
2021-08-07 15:00:00,5293,3692309,2833.0,3356776,263.0,276967.0,5556,3969276,3096,3633743,8389,7325948
2021-08-08 15:00:00,3972,3696281,2062.0,3358838,143.0,277110.0,4115,3973391,2205,3635948,6177,7332125
2021-08-09 15:00:00,6948,3703229,4551.0,3363389,369.0,277479.0,7317,3980708,4920,3640868,11868,7343993
2021-08-10 15:00:00,7153,3710382,4476.0,3367865,339.0,277818.0,7492,3988200,4815,3645683,11968,7355961
2021-08-11 15:00:00,7071,3717453,4445.0,3372310,443.0,278261.0,7514,3995714,4888,3650571,11959,7367920
2021-08-12 15:00:00,8619,3726072,4749.0,3377059,445.0,278706.0,9064,4004778,5194,3655765,13813,7381733
2021-08-13 15:00:00,7142,3733214,5368.0,3382427,397.0,279103.0,7539,4012317,5765,3661530,12907,7394640
2021-08-14 15:00:00,4914,3738128,3342.0,3385769,285.0,279388.0,5199,4017516,3627,3665157,8541,7403181
2021-08-15 15:00:00,3328,3741456,2737.0,3388506,163.0,279551.0,3491,4021007,2900,3668057,6228,7409409
2021-08-16 15:00:00,5437,3746893,5093.0,3393599,354.0,279905.0,5791,4026798,5447,3673504,10884,7420293
2021-08-17 15:00:00,6811,3753704,5362.0,3398961,390.0,280295.0,7201,4033999,5752,3679256,12563,7432856
2021-08-18 15:00:00,6325,3760029,5499.0,3404460,481.0,280776.0,6806,4040805,5980,3685236,12305,7445161
2021-08-19 15:00:00,6211,3766240,5553.0,3410013,416.0,281192.0,6627,4047432,5969,3691205,12180,7457341
2021-08-20 15:00:00,6832,3773072,6545.0,3416558,401.0,281593.0,7233,4054665,6946,3698151,13778,7471119
2021-08-21 15:00:00,4324,3777396,3917.0,3420475,229.0,281822.0,4553,4059218,4146,3702297,8470,7479589
2021-08-22 15:00:00,3060,3780456,3171.0,3423646,110.0,281932.0,3170,4062388,3281,3705578,6341,7485930
2021-08-23 15:00:00,5986,3786442,6090.0,3429736,285.0,282217.0,6271,4068659,6375,3711953,12361,7498291
2021-08-24 15:00:00,6544,3792986,6060.0,3435796,425.0,282642.0,6969,4075628,6485,3718438,13029,7511320
2021-08-25 15:00:00,6713,3799699,6219.0,3442015,441.0,283083.0,7154,4082782,6660,3725098,13373,7524693
2021-08-26 15:00:00,6966,3806665,6646.0,3448661,428.0,283511.0,7394,4090176,7074,3732172,14040,7538733
2021-08-27 15:00:00,6822,3813487,7067.0,3455728,316.0,283827.0,7138,4097314,7383,3739555,14205,7552938
2021-08-28 15:00:00,6898,3820385,6516.0,3462244,324.0,284151.0,7222,4104536,6840,3746395,13738,7566676
2021-08-29 15:00:00,3734,3824119,3687.0,3465931,610.0,284761.0,4344,4108880,4297,3750692,8031,7574707
2021-08-30 15:00:00,5924,3830043,6119.0,3472050,960.0,285721.0,6884,4115764,7079,3757771,13003,7587710
2021-08-31 15:00:00,5892,3835935,6054.0,3478104,946.0,286667.0,6838,4122602,7000,3764771,12892,7600602
2021-09-01 15:00:00,5585,3841520,5657.0,3483761,915.0,287582.0,6500,4129102,6572,3771343,12157,7612759
2021-09-02 15:00:00,5528,3847048,5921.0,3489682,707.0,288289.0,6235,4135337,6628,3777971,12156,7624915
2021-09-03 15:00:00,5993,3853041,6926.0,3496608,973.0,289262.0,6966,4142303,7899,3785870,13892,7638807
2021-09-04 15:00:00,3727,3856768,4346.0,3500954,878.0,290140.0,4605,4146908,5224,3791094,8951,7647758
2021-09-05 15:00:00,2954,3859722,2807.0,3503761,106.0,290246.0,3060,4149968,2913,3794007,5867,7653625
2021-09-06 15:00:00,1059,3860781,1154.0,3504915,65.0,290311.0,1124,4151092,1219,3795226,2278,7655903
2021-09-07 15:00:00,5343,3866124,7299.0,3512214,2303.0,292614.0,7646,4158738,9602,3804828,14945,7670848
2021-09-08 15:00:00,4653,3870777,5470.0,3517684,364.0,292978.0,5017,4163755,5834,3810662,10487,7681335
2021-09-09 15:00:00,5016,3875793,5456.0,3523140,324.0,293302.0,5340,4169095,5780,3816442,10796,7692131
2021-09-10 15:00:00,6519,3882312,6649.0,3529789,1719.0,295021.0,8238,4177333,8368,3824810,14887,7707018
2021-09-11 15:00:00,4172,3886484,4332.0,3534121,666.0,295687.0,4838,4182171,4998,3829808,9170,7716188
2021-09-12 15:00:00,3171,3889655,3241.0,3537362,436.0,296123.0,3607,4185778,3677,3833485,6848,7723036
2021-09-13 15:00:00,4884,3894539,5065.0,3542427,346.0,296469.0,5230,4191008,5411,3838896,10295,7733331
2021-09-14 15:00:00,4773,3899312,5438.0,3547865,436.0,296905.0,5209,4196217,5874,3844770,10647,7743978
2021-09-15 15:00:00,5035,3904347,5870.0,3553735,389.0,297294.0,5424,4201641,6259,3851029,11294,7755272
2021-09-16 15:00:00,4806,3909153,5843.0,3559578,336.0,297630.0,5142,4206783,6179,3857208,10985,7766257
2021-09-17 15:00:00,5258,3914411,6582.0,3566160,344.0,297974.0,5602,4212385,6926,3864134,12184,7778441
2021-09-18 15:00:00,3800,3918211,4577.0,3570737,185.0,298159.0,3985,4216370,4762,3868896,8562,7787003
2021-09-19 15:00:00,2742,3920953,3167.0,3573904,75.0,298234.0,2817,4219187,3242,3872138,5984,7792987
2021-09-20 15:00:00,3749,3924702,4680.0,3578584,430.0,298664.0,4179,4223366,5110,3877248,8859,7801846
2021-09-21 15:00:00,4002,3928704,5001.0,3583585,327.0,298991.0,4329,4227695,5328,3882576,9330,7811176
2021-09-22 15:00:00,4195,3932899,4772.0,3588357,458.0,299449.0,4653,4232348,5230,3887806,9425,7820601
2021-09-23 15:00:00,4174,3937073,4731.0,3593088,492.0,299941.0,4666,4237014,5223,3893029,9397,7829998
2021-09-24 15:00:00,5074,3942147,5605.0,3598693,422.0,300363.0,5496,4242510,6027,3899056,11101,7841099
2021-09-25 15:00:00,3626,3945773,3633.0,3602326,384.0,300747.0,4010,4246520,4017,3903073,7643,7848742
2021-09-26 15:00:00,2355,3948128,2666.0,3604992,425.0,301172.0,2780,4249300,3091,3906164,5446,7854188
2021-09-27 15:00:00,4506,3952634,2710.0,3607702,511.0,301683.0,5017,4254317,3221,3909385,7727,7861915
2021-09-28 15:00:00,4398,3957032,4455.0,3612157,211.0,301894.0,4609,4258926,4666,3914051,9064,7870979
2021-09-29 15:00:00,4700,3961732,4510.0,3616667,920.0,302814.0,5620,4264546,5430,3919481,10130,7881109
2021-09-30 15:00:00,4888,3966620,4563.0,3621230,795.0,303609.0,5683,4270229,5358,3924839,10246,7891355
2021-10-01 15:00:00,5502,3972122,5336.0,3626566,784.0,304393.0,6286,4276515,6120,3930959,11622,7902977
2021-10-02 15:00:00,2936,3975058,2897.0,3629463,187.0,304580.0,3123,4279638,3084,3934043,6020,7908997
2021-10-03 15:00:00,2073,3977131,2378.0,3631841,86.0,304666.0,2159,4281797,2464,3936507,4537,7913534
2021-10-04 15:00:00,4019,3981150,3499.0,3635340,232.0,304898.0,4251,4286048,3731,3940238,7750,7921284
2021-10-05 15:00:00,3958,3985108,3661.0,3639001,207.0,305105.0,4165,4290213,3868,3944106,7826,7929110
2021-10-06 15:00:00,4025,3989133,3578.0,3642579,265.0,305370.0,4290,4294503,3843,3947949,7868,7936978
2021-10-07 15:00:00,4233,3993366,3626.0,3646205,331.0,305701.0,4564,4299067,3957,3951906,8190,7945168
2021-10-08 15:00:00,4772,3998138,4289.0,3650494,282.0,305983.0,5054,4304121,4571,3956477,9343,7954511
2021-10-09 15:00:00,2690,4000828,2681.0,3653175,270.0,306253.0,2960,4307081,2951,3959428,5641,7960152
2021-10-10 15:00:00,1865,4002693,1849.0,3655024,59.0,306312.0,1924,4309005,1908,3961336,3773,7963925
2021-10-11 15:00:00,4216,4006909,3335.0,3658359,249.0,306561.0,4465,4313470,3584,3964920,7800,7971725
2021-10-12 15:00:00,3589,4010498,3527.0,3661886,273.0,306834.0,3862,4317332,3800,3968720,7389,7979114
2021-10-13 15:00:00,3958,4014456,3458.0,3665344,346.0,307180.0,4304,4321636,3804,3972524,7762,7986876
2021-10-14 15:00:00,5166,4019622,5487.0,3670831,429.0,307609.0,5595,4327231,5916,3978440,11082,7997958
2021-10-15 15:00:00,4708,4024330,4592.0,3675423,347.0,307956.0,5055,4332286,4939,3983379,9647,8007605
2021-10-16 15:00:00,2496,4026826,2506.0,3677929,290.0,308246.0,2786,4335072,2796,3986175,5292,8012897
2021-10-17 15:00:00,1805,4028631,1776.0,3679705,55.0,308301.0,1860,4336932,1831,3988006,3636,8016533
2021-10-18 15:00:00,4282,4032913,3579.0,3683284,267.0,308568.0,4549,4341481,3846,3991852,8128,8024661
2021-10-19 15:00:00,4301,4037214,4030.0,3687314,222.0,308790.0,4523,4346004,4252,3996104,8553,8033214
2021-10-20 15:00:00,3527,4040741,3426.0,3690740,254.0,309044.0,3781,4349785,3680,3999784,7207,8040421
2021-10-21 15:00:00,3298,4044039,3268.0,3694008,290.0,309334.0,3588,4353373,3558,4003342,6856,8047277
2021-10-22 15:00:00,4682,4048721,4036.0,3698044,476.0,309810.0,5158,4358531,4512,4007854,9194,8056471
2021-10-23 15:00:00,2887,4051608,2115.0,3700159,321.0,310131.0,3208,4361739,2436,4010290,5323,8061794
2021-10-24 15:00:00,2055,4053663,1559.0,3701718,78.0,310209.0,2133,4363872,1637,4011927,3692,8065486
2021-10-25 15:00:00,4545,4058208,3081.0,3704799,316.0,310525.0,4861,4368733,3397,4015324,7942,8073428
2021-10-26 15:00:00,4505,4062713,3096.0,3707895,310.0,310835.0,4815,4373548,3406,4018730,7911,8081339
2021-10-27 15:00:00,4736,4067449,3344.0,3711239,429.0,311264.0,5165,4378713,3773,4022503,8509,8089848
2021-10-28 15:00:00,4557,4072006,3368.0,3714607,498.0,311762.0,5055,4383768,3866,4026369,8423,8098271
2021-10-29 15:00:00,4978,4076984,3921.0,3718528,392.0,312154.0,5370,4389138,4313,4030682,9291,8107562
2021-10-30 15:00:00,2632,4079616,1844.0,3720372,308.0,312462.0,2940,4392078,2152,4032834,4784,8112346
2021-10-31 15:00:00,1938,4081554,1523.0,3721895,93.0,312555.0,2031,4394109,1616,4034450,3554,8115900
2021-11-01 15:00:00,4704,4086258,3429.0,3725324,342.0,312897.0,5046,4399155,3771,4038221,8475,8124375
2021-11-02 15:00:00,4253,4090511,2951.0,3728275,406.0,313303.0,4659,4403814,3357,4041578,7610,8131985
2021-11-03 15:00:00,4666,4095177,3063.0,3731338,458.0,313761.0,5124,4408938,3521,4045099,8187,8140172
2021-11-04 15:00:00,6311,4101488,3363.0,3734701,512.0,314273.0,6823,4415761,3875,4048974,10186,8150358
2021-11-05 15:00:00,8230,4109718,3770.0,3738471,409.0,314682.0,8639,4424400,4179,4053153,12409,8162767
2021-11-06 15:00:00,10185,4119903,1981.0,3740452,306.0,314988.0,10491,4434891,2287,4055440,12472,8175239
2021-11-07 15:00:00,7722,4127625,1469.0,3741921,94.0,315082.0,7816,4442707,1563,4057003,9285,8184524
2021-11-08 15:00:00,11309,4138934,3047.0,3744968,379.0,315461.0,11688,4454395,3426,4060429,14735,8199259
2021-11-09 15:00:00,11763,4150697,2660.0,3747628,269.0,315730.0,12032,4466427,2929,4063358,14692,8213951
2021-11-10 15:00:00,12580,4163277,2763.0,3750391,338.0,316068.0,12918,4479345,3101,4066459,15681,8229632
2021-11-11 15:00:00,11369,4174646,2381.0,3752772,280.0,316348.0,11649,4490994,2661,4069120,14030,8243662
2021-11-12 15:00:00,12290,4186936,3359.0,3756131,547.0,316895.0,12837,4503831,3906,4073026,16196,8259858
2021-11-13 15:00:00,9880,4196816,1592.0,3757723,342.0,317237.0,10222,4514053,1934,4074960,11814,8271672
2021-11-14 15:00:00,3922,4200738,1131.0,3758854,121.0,317358.0,4043,4518096,1252,4076212,5174,8276846
2021-11-15 15:00:00,8622,4209360,2529.0,3761383,204.0,317562.0,8826,4526922,2733,4078945,11355,8288201
2021-11-16 15:00:00,9228,4218588,2497.0,3763880,255.0,317817.0,9483,4536405,2752,4081697,11980,8300181
2021-11-17 15:00:00,9397,4227985,2881.0,3766761,312.0,318129.0,9709,4546114,3193,4084890,12590,8312771
2021-11-18 15:00:00,9299,4237284,2633.0,3769394,481.0,318610.0,9780,4555894,3114,4088004,12413,8325184
2021-11-19 15:00:00,9797,4247081,2923.0,3772317,381.0,318991.0,10178,4566072,3304,4091308,13101,8338285
2021-11-20 15:00:00,10628,4257709,1607.0,3773924,455.0,319446.0,11083,4577155,2062,4093370,12690,8350975
2021-11-21 15:00:00,4346,4262055,1200.0,3775124,99.0,319545.0,4445,4581600,1299,4094669,5645,8356620
2021-11-22 15:00:00,9818,4271873,2493.0,3777617,292.0,319837.0,10110,4591710,2785,4097454,12603,8369223
2021-11-23 15:00:00,9170,4281043,2402.0,3780019,280.0,320117.0,9450,4601160,2682,4100136,11852,8381075
2021-11-24 15:00:00,8154,4289197,2446.0,3782465,216.0,320333.0,8370,4609530,2662,4102798,10816,8391891
2021-11-25 15:00:00,238,4289435,77.0,3782542,10.0,320343.0,248,4609778,87,4102885,325,8392216
2021-11-26 15:00:00,5653,4295088,3961.0,3786503,152.0,320495.0,5805,4615583,4113,4106998,9766,8401982
2021-11-27 15:00:00,3771,4298859,5468.0,3791971,134.0,320629.0,3905,4619488,5602,4112600,9373,8411355
2021-11-28 15:00:00,2414,4301273,6386.0,3798357,77.0,320706.0,2491,4621979,6463,4119063,8877,8420232
2021-11-29 15:00:00,6375,4307648,9283.0,3807640,379.0,321085.0,6754,4628733,9662,4128725,16037,8436269
2021-11-30 15:00:00,6246,4313894,9308.0,3816948,264.0,321349.0,6510,4635243,9572,4138297,15818,8452087
2021-12-01 15:00:00,7271,4321165,9666.0,3826614,307.0,321656.0,7578,4642821,9973,4148270,17244,8469331
2021-12-02 15:00:00,6917,4328082,8776.0,3835390,451.0,322107.0,7368,4650189,9227,4157497,16144,8485475
2021-12-03 15:00:00,7583,4335665,9251.0,3844641,250.0,322357.0,7833,4658022,9501,4166998,17084,8502559
2021-12-04 15:00:00,5953,4341618,10028.0,3854669,465.0,322822.0,6418,4664440,10493,4177491,16446,8519005
2021-12-05 15:00:00,3469,4345087,3287.0,3857956,78.0,322900.0,3547,4667987,3365,4180856,6834,8525839
2021-12-06 15:00:00,6754,4351841,7108.0,3865064,277.0,323177.0,7031,4675018,7385,4188241,14139,8539978
2021-12-07 15:00:00,6412,4358253,7019.0,3872083,249.0,323426.0,6661,4681679,7268,4195509,13680,8553658
2021-12-08 15:00:00,6931,4365184,7420.0,3879503,315.0,323741.0,7246,4688925,7735,4203244,14666,8568324
2021-12-09 15:00:00,6512,4371696,7002.0,3886505,398.0,324139.0,6910,4695835,7400,4210644,13912,8582236
2021-12-10 15:00:00,7250,4378946,7313.0,3893818,229.0,324368.0,7479,4703314,7542,4218186,14792,8597028
2021-12-11 15:00:00,4460,4383406,7662.0,3901480,333.0,324701.0,4793,4708107,7995,4226181,12455,8609483
2021-12-12 15:00:00,4002,4387408,2782.0,3904262,60.0,324761.0,4062,4712169,2842,4229023,6844,8616327
2021-12-13 15:00:00,5699,4393107,5759.0,3910021,243.0,325004.0,5942,4718111,6002,4235025,11701,8628028
2021-12-14 15:00:00,6449,4399556,5923.0,3915944,221.0,325225.0,6670,4724781,6144,4241169,12593,8640621
2021-12-15 15:00:00,7142,4406698,5684.0,3921628,252.0,325477.0,7394,4732175,5936,4247105,13078,8653699
2021-12-16 15:00:00,7849,4414547,2808.0,3924436,421.0,325898.0,8270,4740445,3229,4250334,11078,8664777
2021-12-17 15:00:00,7794,4422341,4153.0,3928589,195.0,326093.0,7989,4748434,4348,4254682,12142,8676919
2021-12-18 15:00:00,5827,4428168,3187.0,3931776,298.0,326391.0,6125,4754559,3485,4258167,9312,8686231
2021-12-19 15:00:00,3381,4431549,1342.0,3933118,36.0,326427.0,3417,4757976,1378,4259545,4759,8690990
2021-12-20 15:00:00,8061,4439610,3754.0,3936872,173.0,326600.0,8234,4766210,3927,4263472,11988,8702978
2021-12-21 15:00:00,8983,4448593,4149.0,3941021,173.0,326773.0,9156,4775366,4322,4267794,13305,8716283
2021-12-22 15:00:00,8682,4457275,3853.0,3944874,184.0,326957.0,8866,4784232,4037,4271831,12719,8729002
2021-12-23 15:00:00,8402,4465677,3551.0,3948425,359.0,327316.0,8761,4792993,3910,4275741,12312,8741314
2021-12-24 15:00:00,1632,4467309,1005.0,3949430,39.0,327355.0,1671,4794664,1044,4276785,2676,8743990
2021-12-25 15:00:00,51,4467360,35.0,3949465,1.0,327356.0,52,4794716,36,4276821,87,8744077
2021-12-26 15:00:00,2521,4469881,1746.0,3951211,44.0,327400.0,2565,4797281,1790,4278611,4311,8748388
2021-12-27 15:00:00,7183,4477064,3988.0,3955199,296.0,327696.0,7479,4804760,4284,4282895,11467,8759855
2021-12-28 15:00:00,7888,4484952,3836.0,3959035,175.0,327871.0,8063,4812823,4011,4286906,11899,8771754
2021-12-29 15:00:00,8180,4493132,4015.0,3963050,155.0,328026.0,8335,4821158,4170,4291076,12350,8784104
2021-12-30 15:00:00,7459,4500591,3766.0,3966816,288.0,328314.0,7747,4828905,4054,4295130,11513,8795617
2021-12-31 15:00:00,2559,4503150,1524.0,3968340,92.0,328406.0,2651,4831556,1616,4296746,4175,8799792
2022-01-01 15:00:00,735,4503885,344.0,3968684,33.0,328439.0,768,4832324,377,4297123,1112,8800904
2022-01-02 15:00:00,2210,4506095,1646.0,3970330,47.0,328486.0,2257,4834581,1693,4298816,3903,8804807
2022-01-03 15:00:00,3394,4509489,2065.0,3972395,221.0,328707.0,3615,4838196,2286,4301102,5680,8810487
2022-01-04 15:00:00,5830,4515319,3454.0,3975849,162.0,328869.0,5992,4844188,3616,4304718,9446,8819933
2022-01-05 15:00:00,6820,4522139,4687.0,3980536,175.0,329044.0,6995,4851183,4862,4309580,11682,8831615
2022-01-06 15:00:00,6749,4528888,4804.0,3985340,263.0,329307.0,7012,4858195,5067,4314647,11816,8843431
2022-01-07 15:00:00,5943,4534831,3744.0,3989084,159.0,329466.0,6102,4864297,3903,4318550,9846,8853277
2022-01-08 15:00:00,4795,4539626,3905.0,3992989,79.0,329545.0,4874,4869171,3984,4322534,8779,8862056
2022-01-09 15:00:00,2756,4542382,2014.0,3995003,154.0,329699.0,2910,4872081,2168,4324702,4924,8866980
2022-01-10 15:00:00,6301,4548683,3839.0,3998842,155.0,329854.0,6456,4878537,3994,4328696,10295,8877275
2022-01-11 15:00:00,6532,4555215,4232.0,4003074,141.0,329995.0,6673,4885210,4373,4333069,10905,8888180
2022-01-12 15:00:00,6788,4562003,4442.0,4007516,225.0,330220.0,7013,4892223,4667,4337736,11455,8899635
2022-01-13 15:00:00,6588,4568591,4374.0,4011890,150.0,330370.0,6738,4898961,4524,4342260,11112,8910747
2022-01-14 15:00:00,7169,4575760,3266.0,4015156,252.0,330622.0,7421,4906382,3518,4345778,10687,8921434
2022-01-15 15:00:00,4246,4580006,1680.0,4016836,70.0,330692.0,4316,4910698,1750,4347528,5996,8927430
2022-01-16 15:00:00,2218,4582224,1315.0,4018151,116.0,330808.0,2334,4913032,1431,4348959,3649,8931079
2022-01-17 15:00:00,3605,4585829,2365.0,4020516,74.0,330882.0,3679,4916711,2439,4351398,6044,8937123
2022-01-18 15:00:00,5264,4591093,4167.0,4024683,100.0,330982.0,5364,4922075,4267,4355665,9531,8946654
2022-01-19 15:00:00,5249,4596342,4447.0,4029130,96.0,331078.0,5345,4927420,4543,4360208,9792,8956446
2022-01-20 15:00:00,4474,4600816,3583.0,4032713,176.0,331254.0,4650,4932070,3759,4363967,8233,8964679
2022-01-21 15:00:00,5507,4606323,2901.0,4035614,123.0,331377.0,5630,4937700,3024,4366991,8531,8973210
2022-01-22 15:00:00,3375,4609698,1707.0,4037321,133.0,331510.0,3508,4941208,1840,4368831,5215,8978425
2022-01-23 15:00:00,1950,4611648,1472.0,4038793,31.0,331541.0,1981,4943189,1503,4370334,3453,8981878
2022-01-24 15:00:00,4088,4615736,2749.0,4041542,84.0,331625.0,4172,4947361,2833,4373167,6921,8988799
2022-01-25 15:00:00,3756,4619492,3274.0,4044816,92.0,331717.0,3848,4951209,3366,4376533,7122,8995921
2022-01-26 15:00:00,3793,4623285,3626.0,4048442,91.0,331808.0,3884,4955093,3717,4380250,7510,9003431
2022-01-27 15:00:00,3664,4626949,3782.0,4052224,183.0,331991.0,3847,4958940,3965,4384215,7629,9011060
2022-01-28 15:00:00,3610,4630559,3040.0,4055264,74.0,332065.0,3684,4962624,3114,4387329,6724,9017784
2022-01-29 15:00:00,2143,4632702,2129.0,4057393,113.0,332178.0,2256,4964880,2242,4389571,4385,9022169
2022-01-30 15:00:00,1316,4634018,1465.0,4058858,16.0,332194.0,1332,4966212,1481,4391052,2797,9024966
2022-01-31 15:00:00,1338,4635356,1607.0,4060465,31.0,332225.0,1369,4967581,1638,4392690,2976,9027942
