VACCINATION_DATE,FirstDailyDose,FirstDoseCumulative,SecondDailyDose,SecondDoseCumulative,SingleDailyDose,SingleDoseCumulative,AtleastOneVaccine,AtleastOneVaccineCumulative,CompletedVax,CompletedVaxCumulative,FirstSecondSingleVaccinations,FirstSecondSingleVaccinationsCumulative
2020-12-14 15:00:00,19,1386,,521,,,19,1386,0,521,19,1803
2020-12-15 15:00:00,61,1447,3.0,524,,,61,1447,3,524,64,1867
2020-12-16 15:00:00,592,2039,5.0,529,,,592,2039,5,529,597,2464
2020-12-17 15:00:00,1162,3201,7.0,536,,,1162,3201,7,536,1169,3633
2020-12-18 15:00:00,3020,6221,12.0,548,,,3020,6221,12,548,3032,6665
2020-12-19 15:00:00,931,7152,5.0,553,,,931,7152,5,553,936,7601
2020-12-20 15:00:00,363,7515,6.0,559,,,363,7515,6,559,369,7970
2020-12-21 15:00:00,3887,11402,26.0,585,,,3887,11402,26,585,3913,11883
2020-12-22 15:00:00,6322,17724,27.0,612,,,6322,17724,27,612,6349,18232
2020-12-23 15:00:00,5781,23505,36.0,648,,,5781,23505,36,648,5817,24049
2020-12-24 15:00:00,2727,26232,15.0,663,,,2727,26232,15,663,2742,26791
2020-12-25 15:00:00,1035,27267,4.0,667,,,1035,27267,4,667,1039,27830
2020-12-26 15:00:00,1882,29149,9.0,676,,,1882,29149,9,676,1891,29721
2020-12-27 15:00:00,1802,30951,12.0,688,,,1802,30951,12,688,1814,31535
2020-12-28 15:00:00,8981,39932,50.0,738,,,8981,39932,50,738,9031,40566
2020-12-29 15:00:00,10969,50901,52.0,790,,,10969,50901,52,790,11021,51587
2020-12-30 15:00:00,12493,63394,90.0,880,,,12493,63394,90,880,12583,64170
2020-12-31 15:00:00,7553,70947,47.0,927,,,7553,70947,47,927,7600,71770
2021-01-01 15:00:00,3286,74233,138.0,1065,,,3286,74233,138,1065,3424,75194
2021-01-02 15:00:00,3041,77274,34.0,1099,,,3041,77274,34,1099,3075,78269
2021-01-03 15:00:00,3411,80685,82.0,1181,,,3411,80685,82,1181,3493,81762
2021-01-04 15:00:00,13360,94045,333.0,1514,,,13360,94045,333,1514,13693,95455
2021-01-05 15:00:00,12484,106529,547.0,2061,,,12484,106529,547,2061,13031,108486
2021-01-06 15:00:00,15264,121793,864.0,2925,,,15264,121793,864,2925,16128,124614
2021-01-07 15:00:00,15037,136830,1776.0,4701,,,15037,136830,1776,4701,16813,141427
2021-01-08 15:00:00,24013,160843,2783.0,7484,,,24013,160843,2783,7484,26796,168223
2021-01-09 15:00:00,5173,166016,954.0,8438,,,5173,166016,954,8438,6127,174350
2021-01-10 15:00:00,2971,168987,384.0,8822,,,2971,168987,384,8822,3355,177705
2021-01-11 15:00:00,13723,182710,3469.0,12291,,,13723,182710,3469,12291,17192,194897
2021-01-12 15:00:00,17390,200100,5593.0,17884,,,17390,200100,5593,17884,22983,217880
2021-01-13 15:00:00,18620,218720,3924.0,21808,,,18620,218720,3924,21808,22544,240424
2021-01-14 15:00:00,17852,236572,1962.0,23770,,,17852,236572,1962,23770,19814,260238
2021-01-15 15:00:00,19480,256052,2031.0,25801,,,19480,256052,2031,25801,21511,281749
2021-01-16 15:00:00,5833,261885,1617.0,27418,,,5833,261885,1617,27418,7450,289199
2021-01-17 15:00:00,2122,264007,1479.0,28897,,,2122,264007,1479,28897,3601,292800
2021-01-18 15:00:00,7075,271082,3257.0,32154,,,7075,271082,3257,32154,10332,303132
2021-01-19 15:00:00,16954,288036,5404.0,37558,,,16954,288036,5404,37558,22358,325490
2021-01-20 15:00:00,21006,309042,5323.0,42881,,,21006,309042,5323,42881,26329,351819
2021-01-21 15:00:00,23811,332853,3846.0,46727,,,23811,332853,3846,46727,27657,379476
2021-01-22 15:00:00,28657,361510,3755.0,50482,,,28657,361510,3755,50482,32412,411888
2021-01-23 15:00:00,10117,371627,1942.0,52424,,,10117,371627,1942,52424,12059,423947
2021-01-24 15:00:00,3354,374981,1723.0,54147,,,3354,374981,1723,54147,5077,429024
2021-01-25 15:00:00,16306,391287,8603.0,62750,,,16306,391287,8603,62750,24909,453933
2021-01-26 15:00:00,17559,408846,8976.0,71726,,,17559,408846,8976,71726,26535,480468
2021-01-27 15:00:00,24436,433282,12551.0,84277,,,24436,433282,12551,84277,36987,517455
2021-01-28 15:00:00,22654,455936,9331.0,93608,,,22654,455936,9331,93608,31985,549440
2021-01-29 15:00:00,24782,480718,7927.0,101535,,,24782,480718,7927,101535,32709,582149
2021-01-30 15:00:00,17780,498498,2561.0,104096,,,17780,498498,2561,104096,20341,602490
2021-01-31 15:00:00,3764,502262,1369.0,105465,,,3764,502262,1369,105465,5133,607623
2021-02-01 15:00:00,8115,510377,5383.0,110848,,,8115,510377,5383,110848,13498,621121
2021-02-02 15:00:00,12510,522887,13823.0,124671,,,12510,522887,13823,124671,26333,647454
2021-02-03 15:00:00,18255,541142,18135.0,142806,,,18255,541142,18135,142806,36390,683844
2021-02-04 15:00:00,22133,563275,15788.0,158594,,,22133,563275,15788,158594,37921,721765
2021-02-05 15:00:00,20348,583623,17423.0,176017,,,20348,583623,17423,176017,37771,759536
2021-02-06 15:00:00,11332,594955,14476.0,190493,,,11332,594955,14476,190493,25808,785344
2021-02-07 15:00:00,5950,600905,1838.0,192331,,,5950,600905,1838,192331,7788,793132
2021-02-08 15:00:00,12984,613889,12921.0,205252,,,12984,613889,12921,205252,25905,819037
2021-02-09 15:00:00,16650,630539,13878.0,219130,,,16650,630539,13878,219130,30528,849565
2021-02-10 15:00:00,19300,649839,21233.0,240363,,,19300,649839,21233,240363,40533,890098
2021-02-11 15:00:00,22852,672691,17343.0,257706,,,22852,672691,17343,257706,40195,930293
2021-02-12 15:00:00,20395,693086,19640.0,277346,,,20395,693086,19640,277346,40035,970328
2021-02-13 15:00:00,11436,704522,6421.0,283767,,,11436,704522,6421,283767,17857,988185
2021-02-14 15:00:00,7111,711633,2131.0,285898,,,7111,711633,2131,285898,9242,997427
2021-02-15 15:00:00,11765,723398,13327.0,299225,,,11765,723398,13327,299225,25092,1022519
2021-02-16 15:00:00,16610,740008,21020.0,320245,,,16610,740008,21020,320245,37630,1060149
2021-02-17 15:00:00,20659,760667,26380.0,346625,,,20659,760667,26380,346625,47039,1107188
2021-02-18 15:00:00,3200,763867,4621.0,351246,,,3200,763867,4621,351246,7821,1115009
2021-02-19 15:00:00,10254,774121,19928.0,371174,,,10254,774121,19928,371174,30182,1145191
2021-02-20 15:00:00,10314,784435,20289.0,391463,,,10314,784435,20289,391463,30603,1175794
2021-02-21 15:00:00,6182,790617,7655.0,399118,,,6182,790617,7655,399118,13837,1189631
2021-02-22 15:00:00,8034,798651,15479.0,414597,,,8034,798651,15479,414597,23513,1213144
2021-02-23 15:00:00,15535,814186,15985.0,430582,,,15535,814186,15985,430582,31520,1244664
2021-02-24 15:00:00,17952,832138,24739.0,455321,,,17952,832138,24739,455321,42691,1287355
2021-02-25 15:00:00,20392,852530,26560.0,481881,,,20392,852530,26560,481881,46952,1334307
2021-02-26 15:00:00,26720,879250,26225.0,508106,,,26720,879250,26225,508106,52945,1387252
2021-02-27 15:00:00,16009,895259,11160.0,519266,,,16009,895259,11160,519266,27169,1414421
2021-02-28 15:00:00,15496,910755,4885.0,524151,,,15496,910755,4885,524151,20381,1434802
2021-03-01 15:00:00,27021,937776,12630.0,536781,,,27021,937776,12630,536781,39651,1474453
2021-03-02 15:00:00,23928,961704,13279.0,550060,35.0,35.0,23963,961739,13314,550095,37242,1511695
2021-03-03 15:00:00,30200,991904,18398.0,568458,188.0,223.0,30388,992127,18586,568681,48786,1560481
2021-03-04 15:00:00,30963,1022867,18206.0,586664,4069.0,4292.0,35032,1027159,22275,590956,53238,1613719
2021-03-05 15:00:00,30033,1052900,19722.0,606386,4910.0,9202.0,34943,1062102,24632,615588,54665,1668384
2021-03-06 15:00:00,18919,1071819,9510.0,615896,6010.0,15212.0,24929,1087031,15520,631108,34439,1702823
2021-03-07 15:00:00,12123,1083942,4863.0,620759,6610.0,21822.0,18733,1105764,11473,642581,23596,1726419
2021-03-08 15:00:00,25884,1109826,8851.0,629610,8272.0,30094.0,34156,1139920,17123,659704,43007,1769426
2021-03-09 15:00:00,26135,1135961,15467.0,645077,8343.0,38437.0,34478,1174398,23810,683514,49945,1819371
2021-03-10 15:00:00,29865,1165826,16003.0,661080,7939.0,46376.0,37804,1212202,23942,707456,53807,1873178
2021-03-11 15:00:00,35993,1201819,16403.0,677483,3981.0,50357.0,39974,1252176,20384,727840,56377,1929555
2021-03-12 15:00:00,36920,1238739,18089.0,695572,2927.0,53284.0,39847,1292023,21016,748856,57936,1987491
2021-03-13 15:00:00,22675,1261414,10288.0,705860,1629.0,54913.0,24304,1316327,11917,760773,34592,2022083
2021-03-14 15:00:00,17833,1279247,6722.0,712582,1006.0,55919.0,18839,1335166,7728,768501,25561,2047644
2021-03-15 15:00:00,29835,1309082,11308.0,723890,597.0,56516.0,30432,1365598,11905,780406,41740,2089384
2021-03-16 15:00:00,33419,1342501,13578.0,737468,770.0,57286.0,34189,1399787,14348,794754,47767,2137151
2021-03-17 15:00:00,37577,1380078,17059.0,754527,1181.0,58467.0,38758,1438545,18240,812994,55817,2192968
2021-03-18 15:00:00,41449,1421527,12656.0,767183,1348.0,59815.0,42797,1481342,14004,826998,55453,2248421
2021-03-19 15:00:00,38341,1459868,15423.0,782606,1043.0,60858.0,39384,1520726,16466,843464,54807,2303228
2021-03-20 15:00:00,24707,1484575,10164.0,792770,703.0,61561.0,25410,1546136,10867,854331,35574,2338802
2021-03-21 15:00:00,19181,1503756,7887.0,800657,336.0,61897.0,19517,1565653,8223,862554,27404,2366206
2021-03-22 15:00:00,32597,1536353,11484.0,812141,835.0,62732.0,33432,1599085,12319,874873,44916,2411122
2021-03-23 15:00:00,38419,1574772,17810.0,829951,1555.0,64287.0,39974,1639059,19365,894238,57784,2468906
2021-03-24 15:00:00,41094,1615866,21215.0,851166,1388.0,65675.0,42482,1681541,22603,916841,63697,2532603
2021-03-25 15:00:00,42894,1658760,21695.0,872861,2458.0,68133.0,45352,1726893,24153,940994,67047,2599650
2021-03-26 15:00:00,36373,1695133,26682.0,899543,2496.0,70629.0,38869,1765762,29178,970172,65551,2665201
2021-03-27 15:00:00,26477,1721610,17284.0,916827,2491.0,73120.0,28968,1794730,19775,989947,46252,2711453
2021-03-28 15:00:00,17017,1738627,12645.0,929472,1615.0,74735.0,18632,1813362,14260,1004207,31277,2742730
2021-03-29 15:00:00,29726,1768353,26292.0,955764,1141.0,75876.0,30867,1844229,27433,1031640,57159,2799889
2021-03-30 15:00:00,40065,1808418,28997.0,984761,1863.0,77739.0,41928,1886157,30860,1062500,70925,2870814
2021-03-31 15:00:00,41043,1849461,34695.0,1019456,5748.0,83487.0,46791,1932948,40443,1102943,81486,2952300
2021-04-01 15:00:00,42378,1891839,41042.0,1060498,5743.0,89230.0,48121,1981069,46785,1149728,89163,3041463
2021-04-02 15:00:00,34937,1926776,32675.0,1093173,6125.0,95355.0,41062,2022131,38800,1188528,73737,3115200
2021-04-03 15:00:00,21155,1947931,19186.0,1112359,4389.0,99744.0,25544,2047675,23575,1212103,44730,3159930
2021-04-04 15:00:00,8284,1956215,10189.0,1122548,968.0,100712.0,9252,2056927,11157,1223260,19441,3179371
2021-04-05 15:00:00,27952,1984167,28911.0,1151459,6658.0,107370.0,34610,2091537,35569,1258829,63521,3242892
2021-04-06 15:00:00,39766,2023933,30456.0,1181915,10493.0,117863.0,50259,2141796,40949,1299778,80715,3323607
2021-04-07 15:00:00,36096,2060029,34292.0,1216207,12990.0,130853.0,49086,2190882,47282,1347060,83378,3406985
2021-04-08 15:00:00,42335,2102364,36103.0,1252310,13865.0,144718.0,56200,2247082,49968,1397028,92303,3499288
2021-04-09 15:00:00,34058,2136422,36323.0,1288633,14527.0,159245.0,48585,2295667,50850,1447878,84908,3584196
2021-04-10 15:00:00,23470,2159892,23135.0,1311768,7641.0,166886.0,31111,2326778,30776,1478654,54246,3638442
2021-04-11 15:00:00,17565,2177457,13278.0,1325046,10119.0,177005.0,27684,2354462,23397,1502051,40962,3679404
2021-04-12 15:00:00,24607,2202064,33165.0,1358211,10896.0,187901.0,35503,2389965,44061,1546112,68668,3748072
2021-04-13 15:00:00,126199,2328263,91233.0,1449444,3292.0,191193.0,129491,2519456,94525,1640637,220724,3968796
2021-04-14 15:00:00,40721,2368984,37827.0,1487271,212.0,191405.0,40933,2560389,38039,1678676,78760,4047556
2021-04-15 15:00:00,41416,2410400,39550.0,1526821,176.0,191581.0,41592,2601981,39726,1718402,81142,4128698
2021-04-16 15:00:00,37150,2447550,38865.0,1565686,24.0,191605.0,37174,2639155,38889,1757291,76039,4204737
2021-04-17 15:00:00,32803,2480353,22028.0,1587714,12.0,191617.0,32815,2671970,22040,1779331,54843,4259580
2021-04-18 15:00:00,20066,2500419,16198.0,1603912,5.0,191622.0,20071,2692041,16203,1795534,36269,4295849
2021-04-19 15:00:00,29896,2530315,36548.0,1640460,61.0,191683.0,29957,2721998,36609,1832143,66505,4362354
2021-04-20 15:00:00,32933,2563248,44451.0,1684911,58.0,191741.0,32991,2754989,44509,1876652,77442,4439796
2021-04-21 15:00:00,39831,2603079,47056.0,1731967,26.0,191767.0,39857,2794846,47082,1923734,86913,4526709
2021-04-22 15:00:00,35859,2638938,42658.0,1774625,16.0,191783.0,35875,2830721,42674,1966408,78533,4605242
2021-04-23 15:00:00,33151,2672089,40151.0,1814776,14.0,191797.0,33165,2863886,40165,2006573,73316,4678558
2021-04-24 15:00:00,26414,2698503,27909.0,1842685,81.0,191878.0,26495,2890381,27990,2034563,54404,4732962
2021-04-25 15:00:00,20234,2718737,10974.0,1853659,31.0,191909.0,20265,2910646,11005,2045568,31239,4764201
2021-04-26 15:00:00,27414,2746151,32709.0,1886368,201.0,192110.0,27615,2938261,32910,2078478,60324,4824525
2021-04-27 15:00:00,26692,2772843,33072.0,1919440,1097.0,193207.0,27789,2966050,34169,2112647,60861,4885386
2021-04-28 15:00:00,28932,2801775,39545.0,1958985,1364.0,194571.0,30296,2996346,40909,2153556,69841,4955227
2021-04-29 15:00:00,27079,2828854,39743.0,1998728,1464.0,196035.0,28543,3024889,41207,2194763,68286,5023513
2021-04-30 15:00:00,28211,2857065,32271.0,2030999,1648.0,197683.0,29859,3054748,33919,2228682,62130,5085643
2021-05-01 15:00:00,20726,2877791,26690.0,2057689,1049.0,198732.0,21775,3076523,27739,2256421,48465,5134108
2021-05-02 15:00:00,10289,2888080,17040.0,2074729,822.0,199554.0,11111,3087634,17862,2274283,28151,5162259
2021-05-03 15:00:00,12756,2900836,28583.0,2103312,1915.0,201469.0,14671,3102305,30498,2304781,43254,5205513
2021-05-04 15:00:00,13573,2914409,38613.0,2141925,1739.0,203208.0,15312,3117617,40352,2345133,53925,5259438
2021-05-05 15:00:00,19325,2933734,37758.0,2179683,1921.0,205129.0,21246,3138863,39679,2384812,59004,5318442
2021-05-06 15:00:00,16921,2950655,40592.0,2220275,1721.0,206850.0,18642,3157505,42313,2427125,59234,5377676
2021-05-07 15:00:00,17589,2968244,36994.0,2257269,1959.0,208809.0,19548,3177053,38953,2466078,56542,5434218
2021-05-08 15:00:00,10793,2979037,31225.0,2288494,1291.0,210100.0,12084,3189137,32516,2498594,43309,5477527
2021-05-09 15:00:00,5083,2984120,12242.0,2300736,695.0,210795.0,5778,3194915,12937,2511531,18020,5495547
2021-05-10 15:00:00,8955,2993075,31051.0,2331787,1362.0,212157.0,10317,3205232,32413,2543944,41368,5536915
2021-05-11 15:00:00,12183,3005258,30289.0,2362076,1441.0,213598.0,13624,3218856,31730,2575674,43913,5580828
2021-05-12 15:00:00,13947,3019205,38622.0,2400698,1919.0,215517.0,15866,3234722,40541,2616215,54488,5635316
2021-05-13 15:00:00,21839,3041044,33511.0,2434209,1347.0,216864.0,23186,3257908,34858,2651073,56697,5692013
2021-05-14 15:00:00,24388,3065432,30056.0,2464265,1773.0,218637.0,26161,3284069,31829,2682902,56217,5748230
2021-05-15 15:00:00,21940,3087372,25108.0,2489373,1489.0,220126.0,23429,3307498,26597,2709499,48537,5796767
2021-05-16 15:00:00,9093,3096465,17584.0,2506957,1113.0,221239.0,10206,3317704,18697,2728196,27790,5824557
2021-05-17 15:00:00,16838,3113303,28403.0,2535360,1949.0,223188.0,18787,3336491,30352,2758548,47190,5871747
2021-05-18 15:00:00,21266,3134569,30686.0,2566046,1942.0,225130.0,23208,3359699,32628,2791176,53894,5925641
2021-05-19 15:00:00,27665,3162234,32431.0,2598477,1631.0,226761.0,29296,3388995,34062,2825238,61727,5987368
2021-05-20 15:00:00,20808,3183042,33269.0,2631746,1964.0,228725.0,22772,3411767,35233,2860471,56041,6043409
2021-05-21 15:00:00,19165,3202207,30349.0,2662095,1608.0,230333.0,20773,3432540,31957,2892428,51122,6094531
2021-05-22 15:00:00,16938,3219145,20692.0,2682787,1271.0,231604.0,18209,3450749,21963,2914391,38901,6133432
2021-05-23 15:00:00,8814,3227959,11447.0,2694234,965.0,232569.0,9779,3460528,12412,2926803,21226,6154658
2021-05-24 15:00:00,13568,3241527,17776.0,2712010,1474.0,234043.0,15042,3475570,19250,2946053,32818,6187476
2021-05-25 15:00:00,13073,3254600,18719.0,2730729,1329.0,235372.0,14402,3489972,20048,2966101,33121,6220597
2021-05-26 15:00:00,18313,3272913,19495.0,2750224,1512.0,236884.0,19825,3509797,21007,2987108,39320,6259917
2021-05-27 15:00:00,11684,3284597,18665.0,2768889,1116.0,238000.0,12800,3522597,19781,3006889,31465,6291382
2021-05-28 15:00:00,12416,3297013,19836.0,2788725,1401.0,239401.0,13817,3536414,21237,3028126,33653,6325035
2021-05-29 15:00:00,9513,3306526,11727.0,2800452,937.0,240338.0,10450,3546864,12664,3040790,22177,6347212
2021-05-30 15:00:00,4968,3311494,6431.0,2806883,596.0,240934.0,5564,3552428,7027,3047817,11995,6359207
2021-05-31 15:00:00,1779,3313273,3710.0,2810593,305.0,241239.0,2084,3554512,4015,3051832,5794,6365001
2021-06-01 15:00:00,9852,3323125,16438.0,2827031,1160.0,242399.0,11012,3565524,17598,3069430,27450,6392451
2021-06-02 15:00:00,10231,3333356,16821.0,2843852,960.0,243359.0,11191,3576715,17781,3087211,28012,6420463
2021-06-03 15:00:00,7900,3341256,21188.0,2865040,1087.0,244446.0,8987,3585702,22275,3109486,30175,6450638
2021-06-04 15:00:00,8197,3349453,22353.0,2887393,1120.0,245566.0,9317,3595019,23473,3132959,31670,6482308
2021-06-05 15:00:00,7001,3356454,19470.0,2906863,720.0,246286.0,7721,3602740,20190,3153149,27191,6509499
2021-06-06 15:00:00,3456,3359910,7250.0,2914113,423.0,246709.0,3879,3606619,7673,3160822,11129,6520628
2021-06-07 15:00:00,6857,3366767,15788.0,2929901,726.0,247435.0,7583,3614202,16514,3177336,23371,6543999
2021-06-08 15:00:00,6670,3373437,19733.0,2949634,830.0,248265.0,7500,3621702,20563,3197899,27233,6571232
2021-06-09 15:00:00,8201,3381638,23984.0,2973618,968.0,249233.0,9169,3630871,24952,3222851,33153,6604385
2021-06-10 15:00:00,7150,3388788,19137.0,2992755,895.0,250128.0,8045,3638916,20032,3242883,27182,6631567
2021-06-11 15:00:00,7486,3396274,17725.0,3010480,1125.0,251253.0,8611,3647527,18850,3261733,26336,6657903
2021-06-12 15:00:00,5240,3401514,14767.0,3025247,605.0,251858.0,5845,3653372,15372,3277105,20612,6678515
2021-06-13 15:00:00,1930,3403444,7631.0,3032878,427.0,252285.0,2357,3655729,8058,3285163,9988,6688503
2021-06-14 15:00:00,5657,3409101,11814.0,3044692,733.0,253018.0,6390,3662119,12547,3297710,18204,6706707
2021-06-15 15:00:00,5642,3414743,14340.0,3059032,873.0,253891.0,6515,3668634,15213,3312923,20855,6727562
2021-06-16 15:00:00,8755,3423498,21596.0,3080628,757.0,254648.0,9512,3678146,22353,3335276,31108,6758670
2021-06-17 15:00:00,6689,3430187,12364.0,3092992,720.0,255368.0,7409,3685555,13084,3348360,19773,6778443
2021-06-18 15:00:00,6836,3437023,12739.0,3105731,703.0,256071.0,7539,3693094,13442,3361802,20278,6798721
2021-06-19 15:00:00,4660,3441683,9377.0,3115108,615.0,256686.0,5275,3698369,9992,3371794,14652,6813373
2021-06-20 15:00:00,2505,3444188,5053.0,3120161,377.0,257063.0,2882,3701251,5430,3377224,7935,6821308
2021-06-21 15:00:00,5564,3449752,5333.0,3125494,635.0,257698.0,6199,3707450,5968,3383192,11532,6832840
2021-06-22 15:00:00,5345,3455097,9053.0,3134547,693.0,258391.0,6038,3713488,9746,3392938,15091,6847931
2021-06-23 15:00:00,6077,3461174,10329.0,3144876,646.0,259037.0,6723,3720211,10975,3403913,17052,6864983
2021-06-24 15:00:00,5936,3467110,8198.0,3153074,595.0,259632.0,6531,3726742,8793,3412706,14729,6879712
2021-06-25 15:00:00,5825,3472935,8661.0,3161735,620.0,260252.0,6445,3733187,9281,3421987,15106,6894818
2021-06-26 15:00:00,3701,3476636,6308.0,3168043,398.0,260650.0,4099,3737286,6706,3428693,10407,6905225
2021-06-27 15:00:00,2808,3479444,3521.0,3171564,185.0,260835.0,2993,3740279,3706,3432399,6514,6911739
2021-06-28 15:00:00,4917,3484361,6386.0,3177950,539.0,261374.0,5456,3745735,6925,3439324,11842,6923581
2021-06-29 15:00:00,5062,3489423,6476.0,3184426,519.0,261893.0,5581,3751316,6995,3446319,12057,6935638
2021-06-30 15:00:00,5619,3495042,7388.0,3191814,605.0,262498.0,6224,3757540,7993,3454312,13612,6949250
2021-07-01 15:00:00,5406,3500448,6986.0,3198800,500.0,262998.0,5906,3763446,7486,3461798,12892,6962142
2021-07-02 15:00:00,5292,3505740,6837.0,3205637,524.0,263522.0,5816,3769262,7361,3469159,12653,6974795
2021-07-03 15:00:00,3270,3509010,4066.0,3209703,264.0,263786.0,3534,3772796,4330,3473489,7600,6982395
2021-07-04 15:00:00,494,3509504,546.0,3210249,68.0,263854.0,562,3773358,614,3474103,1108,6983503
2021-07-05 15:00:00,3762,3513266,3952.0,3214201,287.0,264141.0,4049,3777407,4239,3478342,8001,6991504
2021-07-06 15:00:00,4491,3517757,6266.0,3220467,453.0,264594.0,4944,3782351,6719,3485061,11210,7002714
2021-07-07 15:00:00,4467,3522224,6410.0,3226877,482.0,265076.0,4949,3787300,6892,3491953,11359,7014073
2021-07-08 15:00:00,4833,3527057,6168.0,3233045,564.0,265640.0,5397,3792697,6732,3498685,11565,7025638
2021-07-09 15:00:00,5365,3532422,6662.0,3239707,573.0,266213.0,5938,3798635,7235,3505920,12600,7038238
2021-07-10 15:00:00,3517,3535939,4405.0,3244112,304.0,266517.0,3821,3802456,4709,3510629,8226,7046464
2021-07-11 15:00:00,2676,3538615,2565.0,3246677,225.0,266742.0,2901,3805357,2790,3513419,5466,7051930
2021-07-12 15:00:00,4415,3543030,5120.0,3251797,379.0,267121.0,4794,3810151,5499,3518918,9914,7061844
2021-07-13 15:00:00,4660,3547690,4721.0,3256518,366.0,267487.0,5026,3815177,5087,3524005,9747,7071591
2021-07-14 15:00:00,4616,3552306,5282.0,3261800,422.0,267909.0,5038,3820215,5704,3529709,10320,7081911
2021-07-15 15:00:00,4902,3557208,5016.0,3266816,359.0,268268.0,5261,3825476,5375,3535084,10277,7092188
2021-07-16 15:00:00,6275,3563483,5841.0,3272657,405.0,268673.0,6680,3832156,6246,3541330,12521,7104709
2021-07-17 15:00:00,3415,3566898,3548.0,3276205,303.0,268976.0,3718,3835874,3851,3545181,7266,7111975
2021-07-18 15:00:00,2310,3569208,2378.0,3278583,110.0,269086.0,2420,3838294,2488,3547669,4798,7116773
2021-07-19 15:00:00,5138,3574346,4609.0,3283192,382.0,269468.0,5520,3843814,4991,3552660,10129,7126902
2021-07-20 15:00:00,5333,3579679,4715.0,3287907,366.0,269834.0,5699,3849513,5081,3557741,10414,7137316
2021-07-21 15:00:00,5659,3585338,4939.0,3292846,416.0,270250.0,6075,3855588,5355,3563096,11014,7148330
2021-07-22 15:00:00,6024,3591362,4637.0,3297483,472.0,270722.0,6496,3862084,5109,3568205,11133,7159463
2021-07-23 15:00:00,6838,3598200,4845.0,3302328,498.0,271220.0,7336,3869420,5343,3573548,12181,7171644
2021-07-24 15:00:00,4281,3602481,3201.0,3305529,267.0,271487.0,4548,3873968,3468,3577016,7749,7179393
2021-07-25 15:00:00,3299,3605780,1113.0,3306642,140.0,271627.0,3439,3877407,1253,3578269,4552,7183945
2021-07-26 15:00:00,6213,3611993,3907.0,3310549,419.0,272046.0,6632,3884039,4326,3582595,10539,7194484
2021-07-27 15:00:00,6601,3618594,4278.0,3314827,458.0,272504.0,7059,3891098,4736,3587331,11337,7205821
2021-07-28 15:00:00,7077,3625671,4139.0,3318966,460.0,272964.0,7537,3898635,4599,3591930,11676,7217497
2021-07-29 15:00:00,7076,3632747,4302.0,3323268,420.0,273384.0,7496,3906131,4722,3596652,11798,7229295
2021-07-30 15:00:00,7815,3640562,4802.0,3328070,526.0,273910.0,8341,3914472,5328,3601980,13143,7242438
2021-07-31 15:00:00,4792,3645354,3075.0,3331145,274.0,274184.0,5066,3919538,3349,3605329,8141,7250579
2021-08-01 15:00:00,3886,3649240,2160.0,3333305,163.0,274347.0,4049,3923587,2323,3607652,6209,7256788
2021-08-02 15:00:00,7263,3656503,3840.0,3337145,340.0,274687.0,7603,3931190,4180,3611832,11443,7268231
2021-08-03 15:00:00,7264,3663767,4098.0,3341243,517.0,275204.0,7781,3938971,4615,3616447,11879,7280110
2021-08-04 15:00:00,7422,3671189,4118.0,3345361,535.0,275739.0,7957,3946928,4653,3621100,12075,7292185
2021-08-05 15:00:00,7943,3679132,4292.0,3349653,537.0,276276.0,8480,3955408,4829,3625929,12772,7304957
2021-08-06 15:00:00,8324,3687456,4728.0,3354381,454.0,276730.0,8778,3964186,5182,3631111,13506,7318463
2021-08-07 15:00:00,5296,3692752,2833.0,3357214,263.0,276993.0,5559,3969745,3096,3634207,8392,7326855
2021-08-08 15:00:00,3973,3696725,2062.0,3359276,143.0,277136.0,4116,3973861,2205,3636412,6178,7333033
2021-08-09 15:00:00,6949,3703674,4552.0,3363828,369.0,277505.0,7318,3981179,4921,3641333,11870,7344903
2021-08-10 15:00:00,7156,3710830,4477.0,3368305,339.0,277844.0,7495,3988674,4816,3646149,11972,7356875
2021-08-11 15:00:00,7071,3717901,4445.0,3372750,443.0,278287.0,7514,3996188,4888,3651037,11959,7368834
2021-08-12 15:00:00,8622,3726523,4752.0,3377502,445.0,278732.0,9067,4005255,5197,3656234,13819,7382653
2021-08-13 15:00:00,7142,3733665,5368.0,3382870,397.0,279129.0,7539,4012794,5765,3661999,12907,7395560
2021-08-14 15:00:00,4914,3738579,3343.0,3386213,285.0,279414.0,5199,4017993,3628,3665627,8542,7404102
2021-08-15 15:00:00,3328,3741907,2738.0,3388951,163.0,279577.0,3491,4021484,2901,3668528,6229,7410331
2021-08-16 15:00:00,5438,3747345,5092.0,3394043,354.0,279931.0,5792,4027276,5446,3673974,10884,7421215
2021-08-17 15:00:00,6812,3754157,5362.0,3399405,390.0,280321.0,7202,4034478,5752,3679726,12564,7433779
2021-08-18 15:00:00,6324,3760481,5503.0,3404908,481.0,280802.0,6805,4041283,5984,3685710,12308,7446087
2021-08-19 15:00:00,6211,3766692,5553.0,3410461,417.0,281219.0,6628,4047911,5970,3691680,12181,7458268
2021-08-20 15:00:00,6833,3773525,6545.0,3417006,401.0,281620.0,7234,4055145,6946,3698626,13779,7472047
2021-08-21 15:00:00,4326,3777851,3917.0,3420923,230.0,281850.0,4556,4059701,4147,3702773,8473,7480520
2021-08-22 15:00:00,3060,3780911,3172.0,3424095,110.0,281960.0,3170,4062871,3282,3706055,6342,7486862
2021-08-23 15:00:00,5986,3786897,6092.0,3430187,287.0,282247.0,6273,4069144,6379,3712434,12365,7499227
2021-08-24 15:00:00,6544,3793441,6062.0,3436249,425.0,282672.0,6969,4076113,6487,3718921,13031,7512258
2021-08-25 15:00:00,6717,3800158,6220.0,3442469,441.0,283113.0,7158,4083271,6661,3725582,13378,7525636
2021-08-26 15:00:00,6966,3807124,6648.0,3449117,428.0,283541.0,7394,4090665,7076,3732658,14042,7539678
2021-08-27 15:00:00,6821,3813945,7067.0,3456184,316.0,283857.0,7137,4097802,7383,3740041,14204,7553882
2021-08-28 15:00:00,6897,3820842,6517.0,3462701,325.0,284182.0,7222,4105024,6842,3746883,13739,7567621
2021-08-29 15:00:00,3733,3824575,3688.0,3466389,610.0,284792.0,4343,4109367,4298,3751181,8031,7575652
2021-08-30 15:00:00,5924,3830499,6122.0,3472511,960.0,285752.0,6884,4116251,7082,3758263,13006,7588658
2021-08-31 15:00:00,5894,3836393,6055.0,3478566,946.0,286698.0,6840,4123091,7001,3765264,12895,7601553
2021-09-01 15:00:00,5587,3841980,5657.0,3484223,915.0,287613.0,6502,4129593,6572,3771836,12159,7613712
2021-09-02 15:00:00,5529,3847509,5924.0,3490147,707.0,288320.0,6236,4135829,6631,3778467,12160,7625872
2021-09-03 15:00:00,5992,3853501,6926.0,3497073,973.0,289293.0,6965,4142794,7899,3786366,13891,7639763
2021-09-04 15:00:00,3726,3857227,4349.0,3501422,878.0,290171.0,4604,4147398,5227,3791593,8953,7648716
2021-09-05 15:00:00,2956,3860183,2807.0,3504229,106.0,290277.0,3062,4150460,2913,3794506,5869,7654585
2021-09-06 15:00:00,1059,3861242,1156.0,3505385,65.0,290342.0,1124,4151584,1221,3795727,2280,7656865
2021-09-07 15:00:00,5343,3866585,7297.0,3512682,2303.0,292645.0,7646,4159230,9600,3805327,14943,7671808
2021-09-08 15:00:00,4653,3871238,5469.0,3518151,364.0,293009.0,5017,4164247,5833,3811160,10486,7682294
2021-09-09 15:00:00,5016,3876254,5457.0,3523608,324.0,293333.0,5340,4169587,5781,3816941,10797,7693091
2021-09-10 15:00:00,6518,3882772,6651.0,3530259,1719.0,295052.0,8237,4177824,8370,3825311,14888,7707979
2021-09-11 15:00:00,4173,3886945,4334.0,3534593,666.0,295718.0,4839,4182663,5000,3830311,9173,7717152
2021-09-12 15:00:00,3171,3890116,3241.0,3537834,436.0,296154.0,3607,4186270,3677,3833988,6848,7724000
2021-09-13 15:00:00,4884,3895000,5066.0,3542900,346.0,296500.0,5230,4191500,5412,3839400,10296,7734296
2021-09-14 15:00:00,4774,3899774,5436.0,3548336,436.0,296936.0,5210,4196710,5872,3845272,10646,7744942
2021-09-15 15:00:00,5037,3904811,5870.0,3554206,392.0,297328.0,5429,4202139,6262,3851534,11299,7756241
2021-09-16 15:00:00,4807,3909618,5844.0,3560050,336.0,297664.0,5143,4207282,6180,3857714,10987,7767228
2021-09-17 15:00:00,5257,3914875,6583.0,3566633,344.0,298008.0,5601,4212883,6927,3864641,12184,7779412
2021-09-18 15:00:00,3801,3918676,4577.0,3571210,185.0,298193.0,3986,4216869,4762,3869403,8563,7787975
2021-09-19 15:00:00,2742,3921418,3167.0,3574377,75.0,298268.0,2817,4219686,3242,3872645,5984,7793959
2021-09-20 15:00:00,3750,3925168,4680.0,3579057,430.0,298698.0,4180,4223866,5110,3877755,8860,7802819
2021-09-21 15:00:00,4002,3929170,5002.0,3584059,327.0,299025.0,4329,4228195,5329,3883084,9331,7812150
2021-09-22 15:00:00,4196,3933366,4772.0,3588831,458.0,299483.0,4654,4232849,5230,3888314,9426,7821576
2021-09-23 15:00:00,4174,3937540,4731.0,3593562,492.0,299975.0,4666,4237515,5223,3893537,9397,7830973
2021-09-24 15:00:00,5076,3942616,5607.0,3599169,422.0,300397.0,5498,4243013,6029,3899566,11105,7842078
2021-09-25 15:00:00,3626,3946242,3633.0,3602802,384.0,300781.0,4010,4247023,4017,3903583,7643,7849721
2021-09-26 15:00:00,2355,3948597,2666.0,3605468,425.0,301206.0,2780,4249803,3091,3906674,5446,7855167
2021-09-27 15:00:00,4506,3953103,2712.0,3608180,512.0,301718.0,5018,4254821,3224,3909898,7730,7862897
2021-09-28 15:00:00,4399,3957502,4454.0,3612634,211.0,301929.0,4610,4259431,4665,3914563,9064,7871961
2021-09-29 15:00:00,4696,3962198,4512.0,3617146,920.0,302849.0,5616,4265047,5432,3919995,10128,7882089
2021-09-30 15:00:00,4889,3967087,4564.0,3621710,795.0,303644.0,5684,4270731,5359,3925354,10248,7892337
2021-10-01 15:00:00,5502,3972589,5338.0,3627048,784.0,304428.0,6286,4277017,6122,3931476,11624,7903961
2021-10-02 15:00:00,2936,3975525,2897.0,3629945,187.0,304615.0,3123,4280140,3084,3934560,6020,7909981
2021-10-03 15:00:00,2073,3977598,2378.0,3632323,86.0,304701.0,2159,4282299,2464,3937024,4537,7914518
2021-10-04 15:00:00,4020,3981618,3499.0,3635822,232.0,304933.0,4252,4286551,3731,3940755,7751,7922269
2021-10-05 15:00:00,3959,3985577,3661.0,3639483,207.0,305140.0,4166,4290717,3868,3944623,7827,7930096
2021-10-06 15:00:00,4023,3989600,3580.0,3643063,266.0,305406.0,4289,4295006,3846,3948469,7869,7937965
2021-10-07 15:00:00,4234,3993834,3627.0,3646690,331.0,305737.0,4565,4299571,3958,3952427,8192,7946157
2021-10-08 15:00:00,4771,3998605,4290.0,3650980,283.0,306020.0,5054,4304625,4573,3957000,9344,7955501
2021-10-09 15:00:00,2691,4001296,2681.0,3653661,270.0,306290.0,2961,4307586,2951,3959951,5642,7961143
2021-10-10 15:00:00,1865,4003161,1849.0,3655510,59.0,306349.0,1924,4309510,1908,3961859,3773,7964916
2021-10-11 15:00:00,4215,4007376,3338.0,3658848,249.0,306598.0,4464,4313974,3587,3965446,7802,7972718
2021-10-12 15:00:00,3590,4010966,3527.0,3662375,273.0,306871.0,3863,4317837,3800,3969246,7390,7980108
2021-10-13 15:00:00,3958,4014924,3457.0,3665832,346.0,307217.0,4304,4322141,3803,3973049,7761,7987869
2021-10-14 15:00:00,5164,4020088,5488.0,3671320,431.0,307648.0,5595,4327736,5919,3978968,11083,7998952
2021-10-15 15:00:00,4711,4024799,4595.0,3675915,347.0,307995.0,5058,4332794,4942,3983910,9653,8008605
2021-10-16 15:00:00,2495,4027294,2507.0,3678422,291.0,308286.0,2786,4335580,2798,3986708,5293,8013898
2021-10-17 15:00:00,1806,4029100,1776.0,3680198,55.0,308341.0,1861,4337441,1831,3988539,3637,8017535
2021-10-18 15:00:00,4282,4033382,3580.0,3683778,268.0,308609.0,4550,4341991,3848,3992387,8130,8025665
2021-10-19 15:00:00,4301,4037683,4031.0,3687809,223.0,308832.0,4524,4346515,4254,3996641,8555,8034220
2021-10-20 15:00:00,3526,4041209,3427.0,3691236,254.0,309086.0,3780,4350295,3681,4000322,7207,8041427
2021-10-21 15:00:00,3298,4044507,3271.0,3694507,291.0,309377.0,3589,4353884,3562,4003884,6860,8048287
2021-10-22 15:00:00,4682,4049189,4035.0,3698542,477.0,309854.0,5159,4359043,4512,4008396,9194,8057481
2021-10-23 15:00:00,2885,4052074,2115.0,3700657,321.0,310175.0,3206,4362249,2436,4010832,5321,8062802
2021-10-24 15:00:00,2057,4054131,1560.0,3702217,79.0,310254.0,2136,4364385,1639,4012471,3696,8066498
2021-10-25 15:00:00,4545,4058676,3080.0,3705297,319.0,310573.0,4864,4369249,3399,4015870,7944,8074442
2021-10-26 15:00:00,4507,4063183,3094.0,3708391,317.0,310890.0,4824,4374073,3411,4019281,7918,8082360
2021-10-27 15:00:00,4736,4067919,3344.0,3711735,437.0,311327.0,5173,4379246,3781,4023062,8517,8090877
2021-10-28 15:00:00,4558,4072477,3364.0,3715099,501.0,311828.0,5059,4384305,3865,4026927,8423,8099300
2021-10-29 15:00:00,4977,4077454,3920.0,3719019,394.0,312222.0,5371,4389676,4314,4031241,9291,8108591
2021-10-30 15:00:00,2633,4080087,1845.0,3720864,308.0,312530.0,2941,4392617,2153,4033394,4786,8113377
2021-10-31 15:00:00,1938,4082025,1522.0,3722386,93.0,312623.0,2031,4394648,1615,4035009,3553,8116930
2021-11-01 15:00:00,4706,4086731,3431.0,3725817,346.0,312969.0,5052,4399700,3777,4038786,8483,8125413
2021-11-02 15:00:00,4255,4090986,2954.0,3728771,408.0,313377.0,4663,4404363,3362,4042148,7617,8133030
2021-11-03 15:00:00,4666,4095652,3063.0,3731834,463.0,313840.0,5129,4409492,3526,4045674,8192,8141222
2021-11-04 15:00:00,6307,4101959,3364.0,3735198,513.0,314353.0,6820,4416312,3877,4049551,10184,8151406
2021-11-05 15:00:00,8235,4110194,3772.0,3738970,414.0,314767.0,8649,4424961,4186,4053737,12421,8163827
2021-11-06 15:00:00,10185,4120379,1980.0,3740950,308.0,315075.0,10493,4435454,2288,4056025,12473,8176300
2021-11-07 15:00:00,7729,4128108,1468.0,3742418,94.0,315169.0,7823,4443277,1562,4057587,9291,8185591
2021-11-08 15:00:00,11311,4139419,3048.0,3745466,379.0,315548.0,11690,4454967,3427,4061014,14738,8200329
2021-11-09 15:00:00,11762,4151181,2664.0,3748130,269.0,315817.0,12031,4466998,2933,4063947,14695,8215024
2021-11-10 15:00:00,12583,4163764,2761.0,3750891,338.0,316155.0,12921,4479919,3099,4067046,15682,8230706
2021-11-11 15:00:00,11370,4175134,2383.0,3753274,280.0,316435.0,11650,4491569,2663,4069709,14033,8244739
2021-11-12 15:00:00,12291,4187425,3359.0,3756633,547.0,316982.0,12838,4504407,3906,4073615,16197,8260936
2021-11-13 15:00:00,9882,4197307,1593.0,3758226,342.0,317324.0,10224,4514631,1935,4075550,11817,8272753
2021-11-14 15:00:00,3925,4201232,1131.0,3759357,121.0,317445.0,4046,4518677,1252,4076802,5177,8277930
2021-11-15 15:00:00,8622,4209854,2529.0,3761886,205.0,317650.0,8827,4527504,2734,4079536,11356,8289286
2021-11-16 15:00:00,9227,4219081,2499.0,3764385,255.0,317905.0,9482,4536986,2754,4082290,11981,8301267
2021-11-17 15:00:00,9398,4228479,2881.0,3767266,312.0,318217.0,9710,4546696,3193,4085483,12591,8313858
2021-11-18 15:00:00,9296,4237775,2634.0,3769900,482.0,318699.0,9778,4556474,3116,4088599,12412,8326270
2021-11-19 15:00:00,9796,4247571,2922.0,3772822,381.0,319080.0,10177,4566651,3303,4091902,13099,8339369
2021-11-20 15:00:00,10626,4258197,1608.0,3774430,455.0,319535.0,11081,4577732,2063,4093965,12689,8352058
2021-11-21 15:00:00,4344,4262541,1202.0,3775632,99.0,319634.0,4443,4582175,1301,4095266,5645,8357703
2021-11-22 15:00:00,9821,4272362,2492.0,3778124,293.0,319927.0,10114,4592289,2785,4098051,12606,8370309
2021-11-23 15:00:00,9204,4281566,2403.0,3780527,280.0,320207.0,9484,4601773,2683,4100734,11887,8382196
2021-11-24 15:00:00,8155,4289721,2447.0,3782974,216.0,320423.0,8371,4610144,2663,4103397,10818,8393014
2021-11-25 15:00:00,239,4289960,77.0,3783051,10.0,320433.0,249,4610393,87,4103484,326,8393340
2021-11-26 15:00:00,5653,4295613,3959.0,3787010,152.0,320585.0,5805,4616198,4111,4107595,9764,8403104
2021-11-27 15:00:00,3784,4299397,5472.0,3792482,134.0,320719.0,3918,4620116,5606,4113201,9390,8412494
2021-11-28 15:00:00,2413,4301810,6387.0,3798869,77.0,320796.0,2490,4622606,6464,4119665,8877,8421371
2021-11-29 15:00:00,6371,4308181,9283.0,3808152,379.0,321175.0,6750,4629356,9662,4129327,16033,8437404
2021-11-30 15:00:00,6253,4314434,9311.0,3817463,264.0,321439.0,6517,4635873,9575,4138902,15828,8453232
2021-12-01 15:00:00,7268,4321702,9669.0,3827132,308.0,321747.0,7576,4643449,9977,4148879,17245,8470477
2021-12-02 15:00:00,6915,4328617,8785.0,3835917,451.0,322198.0,7366,4650815,9236,4158115,16151,8486628
2021-12-03 15:00:00,7580,4336197,9253.0,3845170,249.0,322447.0,7829,4658644,9502,4167617,17082,8503710
2021-12-04 15:00:00,5948,4342145,10035.0,3855205,465.0,322912.0,6413,4665057,10500,4178117,16448,8520158
2021-12-05 15:00:00,3468,4345613,3287.0,3858492,78.0,322990.0,3546,4668603,3365,4181482,6833,8526991
2021-12-06 15:00:00,6755,4352368,7109.0,3865601,277.0,323267.0,7032,4675635,7386,4188868,14141,8541132
2021-12-07 15:00:00,6412,4358780,7022.0,3872623,249.0,323516.0,6661,4682296,7271,4196139,13683,8554815
2021-12-08 15:00:00,6930,4365710,7421.0,3880044,315.0,323831.0,7245,4689541,7736,4203875,14666,8569481
2021-12-09 15:00:00,6512,4372222,7002.0,3887046,398.0,324229.0,6910,4696451,7400,4211275,13912,8583393
2021-12-10 15:00:00,7266,4379488,7315.0,3894361,229.0,324458.0,7495,4703946,7544,4218819,14810,8598203
2021-12-11 15:00:00,4455,4383943,7664.0,3902025,333.0,324791.0,4788,4708734,7997,4226816,12452,8610655
2021-12-12 15:00:00,4002,4387945,2782.0,3904807,60.0,324851.0,4062,4712796,2842,4229658,6844,8617499
2021-12-13 15:00:00,5697,4393642,5761.0,3910568,243.0,325094.0,5940,4718736,6004,4235662,11701,8629200
2021-12-14 15:00:00,6449,4400091,5925.0,3916493,221.0,325315.0,6670,4725406,6146,4241808,12595,8641795
2021-12-15 15:00:00,7138,4407229,5685.0,3922178,252.0,325567.0,7390,4732796,5937,4247745,13075,8654870
2021-12-16 15:00:00,7848,4415077,2811.0,3924989,420.0,325987.0,8268,4741064,3231,4250976,11079,8665949
2021-12-17 15:00:00,7799,4422876,4152.0,3929141,195.0,326182.0,7994,4749058,4347,4255323,12146,8678095
2021-12-18 15:00:00,5824,4428700,3189.0,3932330,298.0,326480.0,6122,4755180,3487,4258810,9311,8687406
2021-12-19 15:00:00,3381,4432081,1342.0,3933672,36.0,326516.0,3417,4758597,1378,4260188,4759,8692165
2021-12-20 15:00:00,8061,4440142,3754.0,3937426,173.0,326689.0,8234,4766831,3927,4264115,11988,8704153
2021-12-21 15:00:00,8985,4449127,4148.0,3941574,173.0,326862.0,9158,4775989,4321,4268436,13306,8717459
2021-12-22 15:00:00,8681,4457808,3856.0,3945430,184.0,327046.0,8865,4784854,4040,4272476,12721,8730180
2021-12-23 15:00:00,8398,4466206,3556.0,3948986,359.0,327405.0,8757,4793611,3915,4276391,12313,8742493
2021-12-24 15:00:00,1633,4467839,1007.0,3949993,39.0,327444.0,1672,4795283,1046,4277437,2679,8745172
2021-12-25 15:00:00,50,4467889,36.0,3950029,1.0,327445.0,51,4795334,37,4277474,87,8745259
2021-12-26 15:00:00,2521,4470410,1746.0,3951775,44.0,327489.0,2565,4797899,1790,4279264,4311,8749570
2021-12-27 15:00:00,7186,4477596,3991.0,3955766,296.0,327785.0,7482,4805381,4287,4283551,11473,8761043
2021-12-28 15:00:00,7886,4485482,3841.0,3959607,175.0,327960.0,8061,4813442,4016,4287567,11902,8772945
2021-12-29 15:00:00,8190,4493672,4018.0,3963625,155.0,328115.0,8345,4821787,4173,4291740,12363,8785308
2021-12-30 15:00:00,7457,4501129,3771.0,3967396,288.0,328403.0,7745,4829532,4059,4295799,11516,8796824
2021-12-31 15:00:00,2564,4503693,1524.0,3968920,90.0,328493.0,2654,4832186,1614,4297413,4178,8801002
2022-01-01 15:00:00,737,4504430,346.0,3969266,33.0,328526.0,770,4832956,379,4297792,1116,8802118
2022-01-02 15:00:00,2210,4506640,1646.0,3970912,47.0,328573.0,2257,4835213,1693,4299485,3903,8806021
2022-01-03 15:00:00,3394,4510034,2066.0,3972978,221.0,328794.0,3615,4838828,2287,4301772,5681,8811702
2022-01-04 15:00:00,5830,4515864,3460.0,3976438,162.0,328956.0,5992,4844820,3622,4305394,9452,8821154
2022-01-05 15:00:00,6824,4522688,4688.0,3981126,175.0,329131.0,6999,4851819,4863,4310257,11687,8832841
2022-01-06 15:00:00,6744,4529432,4807.0,3985933,263.0,329394.0,7007,4858826,5070,4315327,11814,8844655
2022-01-07 15:00:00,5942,4535374,3749.0,3989682,159.0,329553.0,6101,4864927,3908,4319235,9850,8854505
2022-01-08 15:00:00,4803,4540177,3910.0,3993592,79.0,329632.0,4882,4869809,3989,4323224,8792,8863297
2022-01-09 15:00:00,2757,4542934,2015.0,3995607,154.0,329786.0,2911,4872720,2169,4325393,4926,8868223
2022-01-10 15:00:00,6305,4549239,3836.0,3999443,155.0,329941.0,6460,4879180,3991,4329384,10296,8878519
2022-01-11 15:00:00,6537,4555776,4236.0,4003679,141.0,330082.0,6678,4885858,4377,4333761,10914,8889433
2022-01-12 15:00:00,6794,4562570,4443.0,4008122,225.0,330307.0,7019,4892877,4668,4338429,11462,8900895
2022-01-13 15:00:00,6589,4569159,4376.0,4012498,150.0,330457.0,6739,4899616,4526,4342955,11115,8912010
2022-01-14 15:00:00,7173,4576332,3269.0,4015767,252.0,330709.0,7425,4907041,3521,4346476,10694,8922704
2022-01-15 15:00:00,4251,4580583,1682.0,4017449,70.0,330779.0,4321,4911362,1752,4348228,6003,8928707
2022-01-16 15:00:00,2216,4582799,1318.0,4018767,116.0,330895.0,2332,4913694,1434,4349662,3650,8932357
2022-01-17 15:00:00,3608,4586407,2367.0,4021134,74.0,330969.0,3682,4917376,2441,4352103,6049,8938406
2022-01-18 15:00:00,5268,4591675,4170.0,4025304,102.0,331071.0,5370,4922746,4272,4356375,9540,8947946
2022-01-19 15:00:00,5272,4596947,4452.0,4029756,99.0,331170.0,5371,4928117,4551,4360926,9823,8957769
2022-01-20 15:00:00,4499,4601446,3587.0,4033343,176.0,331346.0,4675,4932792,3763,4364689,8262,8966031
2022-01-21 15:00:00,5558,4607004,2916.0,4036259,124.0,331470.0,5682,4938474,3040,4367729,8598,8974629
2022-01-22 15:00:00,3429,4610433,1716.0,4037975,134.0,331604.0,3563,4942037,1850,4369579,5279,8979908
2022-01-23 15:00:00,2029,4612462,1486.0,4039461,30.0,331634.0,2059,4944096,1516,4371095,3545,8983453
2022-01-24 15:00:00,4112,4616574,2765.0,4042226,88.0,331722.0,4200,4948296,2853,4373948,6965,8990418
2022-01-25 15:00:00,3781,4620355,3290.0,4045516,93.0,331815.0,3874,4952170,3383,4377331,7164,8997582
2022-01-26 15:00:00,3810,4624165,3648.0,4049164,93.0,331908.0,3903,4956073,3741,4381072,7551,9005133
2022-01-27 15:00:00,3698,4627863,3824.0,4052988,186.0,332094.0,3884,4959957,4010,4385082,7708,9012841
2022-01-28 15:00:00,3676,4631539,3113.0,4056101,74.0,332168.0,3750,4963707,3187,4388269,6863,9019704
2022-01-29 15:00:00,2189,4633728,2175.0,4058276,116.0,332284.0,2305,4966012,2291,4390560,4480,9024184
2022-01-30 15:00:00,1458,4635186,1567.0,4059843,16.0,332300.0,1474,4967486,1583,4392143,3041,9027225
2022-01-31 15:00:00,2883,4638069,3050.0,4062893,56.0,332356.0,2939,4970425,3106,4395249,5989,9033214
2022-02-01 15:00:00,2545,4640614,3243.0,4066136,70.0,332426.0,2615,4973040,3313,4398562,5858,9039072
2022-02-02 15:00:00,1519,4642133,2121.0,4068257,49.0,332475.0,1568,4974608,2170,4400732,3689,9042761
