VACCINATION_DATE,FirstDailyDose,FirstDoseCumulative,SecondDailyDose,SecondDoseCumulative,SingleDailyDose,SingleDoseCumulative,AtleastOneVaccine,AtleastOneVaccineCumulative,CompletedVax,CompletedVaxCumulative,FirstSecondSingleVaccinations,FirstSecondSingleVaccinationsCumulative
2020-12-14 15:00:00,19,1320,,514,,,19,1320,0,514,19,1730
2020-12-15 15:00:00,59,1379,3.0,517,,,59,1379,3,517,62,1792
2020-12-16 15:00:00,587,1966,5.0,522,,,587,1966,5,522,592,2384
2020-12-17 15:00:00,1154,3120,5.0,527,,,1154,3120,5,527,1159,3543
2020-12-18 15:00:00,3010,6130,13.0,540,,,3010,6130,13,540,3023,6566
2020-12-19 15:00:00,928,7058,5.0,545,,,928,7058,5,545,933,7499
2020-12-20 15:00:00,358,7416,5.0,550,,,358,7416,5,550,363,7862
2020-12-21 15:00:00,3883,11299,26.0,576,,,3883,11299,26,576,3909,11771
2020-12-22 15:00:00,6318,17617,25.0,601,,,6318,17617,25,601,6343,18114
2020-12-23 15:00:00,5772,23389,35.0,636,,,5772,23389,35,636,5807,23921
2020-12-24 15:00:00,2722,26111,16.0,652,,,2722,26111,16,652,2738,26659
2020-12-25 15:00:00,1034,27145,4.0,656,,,1034,27145,4,656,1038,27697
2020-12-26 15:00:00,1881,29026,9.0,665,,,1881,29026,9,665,1890,29587
2020-12-27 15:00:00,1803,30829,10.0,675,,,1803,30829,10,675,1813,31400
2020-12-28 15:00:00,8979,39808,47.0,722,,,8979,39808,47,722,9026,40426
2020-12-29 15:00:00,10956,50764,50.0,772,,,10956,50764,50,772,11006,51432
2020-12-30 15:00:00,12484,63248,87.0,859,,,12484,63248,87,859,12571,64003
2020-12-31 15:00:00,7547,70795,45.0,904,,,7547,70795,45,904,7592,71595
2021-01-01 15:00:00,3163,73958,136.0,1040,,,3163,73958,136,1040,3299,74894
2021-01-02 15:00:00,3034,76992,34.0,1074,,,3034,76992,34,1074,3068,77962
2021-01-03 15:00:00,3401,80393,81.0,1155,,,3401,80393,81,1155,3482,81444
2021-01-04 15:00:00,13349,93742,330.0,1485,,,13349,93742,330,1485,13679,95123
2021-01-05 15:00:00,12460,106202,542.0,2027,,,12460,106202,542,2027,13002,108125
2021-01-06 15:00:00,15238,121440,858.0,2885,,,15238,121440,858,2885,16096,124221
2021-01-07 15:00:00,15010,136450,1760.0,4645,,,15010,136450,1760,4645,16770,140991
2021-01-08 15:00:00,23999,160449,2772.0,7417,,,23999,160449,2772,7417,26771,167762
2021-01-09 15:00:00,5160,165609,951.0,8368,,,5160,165609,951,8368,6111,173873
2021-01-10 15:00:00,2964,168573,380.0,8748,,,2964,168573,380,8748,3344,177217
2021-01-11 15:00:00,13708,182281,3465.0,12213,,,13708,182281,3465,12213,17173,194390
2021-01-12 15:00:00,17372,199653,5585.0,17798,,,17372,199653,5585,17798,22957,217347
2021-01-13 15:00:00,18598,218251,3909.0,21707,,,18598,218251,3909,21707,22507,239854
2021-01-14 15:00:00,17830,236081,1957.0,23664,,,17830,236081,1957,23664,19787,259641
2021-01-15 15:00:00,19452,255533,2023.0,25687,,,19452,255533,2023,25687,21475,281116
2021-01-16 15:00:00,5816,261349,1612.0,27299,,,5816,261349,1612,27299,7428,288544
2021-01-17 15:00:00,2115,263464,1478.0,28777,,,2115,263464,1478,28777,3593,292137
2021-01-18 15:00:00,7068,270532,3253.0,32030,,,7068,270532,3253,32030,10321,302458
2021-01-19 15:00:00,16932,287464,5397.0,37427,,,16932,287464,5397,37427,22329,324787
2021-01-20 15:00:00,20995,308459,5313.0,42740,,,20995,308459,5313,42740,26308,351095
2021-01-21 15:00:00,23782,332241,3827.0,46567,,,23782,332241,3827,46567,27609,378704
2021-01-22 15:00:00,28651,360892,3737.0,50304,,,28651,360892,3737,50304,32388,411092
2021-01-23 15:00:00,10109,371001,1934.0,52238,,,10109,371001,1934,52238,12043,423135
2021-01-24 15:00:00,3350,374351,1722.0,53960,,,3350,374351,1722,53960,5072,428207
2021-01-25 15:00:00,16297,390648,8591.0,62551,,,16297,390648,8591,62551,24888,453095
2021-01-26 15:00:00,17547,408195,8962.0,71513,,,17547,408195,8962,71513,26509,479604
2021-01-27 15:00:00,24430,432625,12539.0,84052,,,24430,432625,12539,84052,36969,516573
2021-01-28 15:00:00,22647,455272,9318.0,93370,,,22647,455272,9318,93370,31965,548538
2021-01-29 15:00:00,24766,480038,7912.0,101282,,,24766,480038,7912,101282,32678,581216
2021-01-30 15:00:00,17771,497809,2548.0,103830,,,17771,497809,2548,103830,20319,601535
2021-01-31 15:00:00,3758,501567,1357.0,105187,,,3758,501567,1357,105187,5115,606650
2021-02-01 15:00:00,8026,509593,5325.0,110512,,,8026,509593,5325,110512,13351,620001
2021-02-02 15:00:00,12476,522069,13817.0,124329,,,12476,522069,13817,124329,26293,646294
2021-02-03 15:00:00,18237,540306,18115.0,142444,,,18237,540306,18115,142444,36352,682646
2021-02-04 15:00:00,22104,562410,15763.0,158207,,,22104,562410,15763,158207,37867,720513
2021-02-05 15:00:00,20336,582746,17399.0,175606,,,20336,582746,17399,175606,37735,758248
2021-02-06 15:00:00,11316,594062,14462.0,190068,,,11316,594062,14462,190068,25778,784026
2021-02-07 15:00:00,5945,600007,1828.0,191896,,,5945,600007,1828,191896,7773,791799
2021-02-08 15:00:00,12968,612975,12909.0,204805,,,12968,612975,12909,204805,25877,817676
2021-02-09 15:00:00,16637,629612,13861.0,218666,,,16637,629612,13861,218666,30498,848174
2021-02-10 15:00:00,19275,648887,21223.0,239889,,,19275,648887,21223,239889,40498,888672
2021-02-11 15:00:00,22838,671725,17325.0,257214,,,22838,671725,17325,257214,40163,928835
2021-02-12 15:00:00,20382,692107,19605.0,276819,,,20382,692107,19605,276819,39987,968822
2021-02-13 15:00:00,11437,703544,6406.0,283225,,,11437,703544,6406,283225,17843,986665
2021-02-14 15:00:00,7106,710650,2117.0,285342,,,7106,710650,2117,285342,9223,995888
2021-02-15 15:00:00,11758,722408,13314.0,298656,,,11758,722408,13314,298656,25072,1020960
2021-02-16 15:00:00,16598,739006,21000.0,319656,,,16598,739006,21000,319656,37598,1058558
2021-02-17 15:00:00,20648,759654,26363.0,346019,,,20648,759654,26363,346019,47011,1105569
2021-02-18 15:00:00,3194,762848,4615.0,350634,,,3194,762848,4615,350634,7809,1113378
2021-02-19 15:00:00,10253,773101,19920.0,370554,,,10253,773101,19920,370554,30173,1143551
2021-02-20 15:00:00,10305,783406,20276.0,390830,,,10305,783406,20276,390830,30581,1174132
2021-02-21 15:00:00,6168,789574,7636.0,398466,,,6168,789574,7636,398466,13804,1187936
2021-02-22 15:00:00,8029,797603,15462.0,413928,,,8029,797603,15462,413928,23491,1211427
2021-02-23 15:00:00,15516,813119,15970.0,429898,,,15516,813119,15970,429898,31486,1242913
2021-02-24 15:00:00,17938,831057,24737.0,454635,,,17938,831057,24737,454635,42675,1285588
2021-02-25 15:00:00,20388,851445,26542.0,481177,,,20388,851445,26542,481177,46930,1332518
2021-02-26 15:00:00,26715,878160,26192.0,507369,,,26715,878160,26192,507369,52907,1385425
2021-02-27 15:00:00,15994,894154,11150.0,518519,,,15994,894154,11150,518519,27144,1412569
2021-02-28 15:00:00,15496,909650,4871.0,523390,,,15496,909650,4871,523390,20367,1432936
2021-03-01 15:00:00,26839,936489,12561.0,535951,,,26839,936489,12561,535951,39400,1472336
2021-03-02 15:00:00,23906,960395,13260.0,549211,32.0,32.0,23938,960427,13292,549243,37198,1509534
2021-03-03 15:00:00,30178,990573,18382.0,567593,186.0,218.0,30364,990791,18568,567811,48746,1558280
2021-03-04 15:00:00,30947,1021520,18178.0,585771,4067.0,4285.0,35014,1025805,22245,590056,53192,1611472
2021-03-05 15:00:00,30005,1051525,19704.0,605475,4910.0,9195.0,34915,1060720,24614,614670,54619,1666091
2021-03-06 15:00:00,18904,1070429,9501.0,614976,6006.0,15201.0,24910,1085630,15507,630177,34411,1700502
2021-03-07 15:00:00,12116,1082545,4848.0,619824,6612.0,21813.0,18728,1104358,11460,641637,23576,1724078
2021-03-08 15:00:00,25860,1108405,8831.0,628655,8277.0,30090.0,34137,1138495,17108,658745,42968,1767046
2021-03-09 15:00:00,26110,1134515,15451.0,644106,8345.0,38435.0,34455,1172950,23796,682541,49906,1816952
2021-03-10 15:00:00,29841,1164356,15981.0,660087,7940.0,46375.0,37781,1210731,23921,706462,53762,1870714
2021-03-11 15:00:00,35971,1200327,16394.0,676481,3981.0,50356.0,39952,1250683,20375,726837,56346,1927060
2021-03-12 15:00:00,36902,1237229,18084.0,694565,2923.0,53279.0,39825,1290508,21007,747844,57909,1984969
2021-03-13 15:00:00,22656,1259885,10276.0,704841,1626.0,54905.0,24282,1314790,11902,759746,34558,2019527
2021-03-14 15:00:00,17832,1277717,6712.0,711553,1004.0,55909.0,18836,1333626,7716,767462,25548,2045075
2021-03-15 15:00:00,29807,1307524,11285.0,722838,596.0,56505.0,30403,1364029,11881,779343,41688,2086763
2021-03-16 15:00:00,33410,1340934,13562.0,736400,769.0,57274.0,34179,1398208,14331,793674,47741,2134504
2021-03-17 15:00:00,37556,1378490,17032.0,753432,1180.0,58454.0,38736,1436944,18212,811886,55768,2190272
2021-03-18 15:00:00,41430,1419920,12623.0,766055,1348.0,59802.0,42778,1479722,13971,825857,55401,2245673
2021-03-19 15:00:00,38317,1458237,15413.0,781468,1036.0,60838.0,39353,1519075,16449,842306,54766,2300439
2021-03-20 15:00:00,24686,1482923,10143.0,791611,702.0,61540.0,25388,1544463,10845,853151,35531,2335970
2021-03-21 15:00:00,19167,1502090,7866.0,799477,336.0,61876.0,19503,1563966,8202,861353,27369,2363339
2021-03-22 15:00:00,32576,1534666,11461.0,810938,835.0,62711.0,33411,1597377,12296,873649,44872,2408211
2021-03-23 15:00:00,38414,1573080,17785.0,828723,1553.0,64264.0,39967,1637344,19338,892987,57752,2465963
2021-03-24 15:00:00,41069,1614149,21184.0,849907,1384.0,65648.0,42453,1679797,22568,915555,63637,2529600
2021-03-25 15:00:00,42864,1657013,21671.0,871578,2457.0,68105.0,45321,1725118,24128,939683,66992,2596592
2021-03-26 15:00:00,36329,1693342,26660.0,898238,2496.0,70601.0,38825,1763943,29156,968839,65485,2662077
2021-03-27 15:00:00,26459,1719801,17272.0,915510,2491.0,73092.0,28950,1792893,19763,988602,46222,2708299
2021-03-28 15:00:00,17004,1736805,12632.0,928142,1616.0,74708.0,18620,1811513,14248,1002850,31252,2739551
2021-03-29 15:00:00,29710,1766515,26267.0,954409,1140.0,75848.0,30850,1842363,27407,1030257,57117,2796668
2021-03-30 15:00:00,40039,1806554,28974.0,983383,1860.0,77708.0,41899,1884262,30834,1061091,70873,2867541
2021-03-31 15:00:00,41026,1847580,34668.0,1018051,5746.0,83454.0,46772,1931034,40414,1101505,81440,2948981
2021-04-01 15:00:00,42237,1889817,40934.0,1058985,5721.0,89175.0,47958,1978992,46655,1148160,88892,3037873
2021-04-02 15:00:00,34900,1924717,32650.0,1091635,6121.0,95296.0,41021,2020013,38771,1186931,73671,3111544
2021-04-03 15:00:00,21125,1945842,19176.0,1110811,4367.0,99663.0,25492,2045505,23543,1210474,44668,3156212
2021-04-04 15:00:00,8264,1954106,10182.0,1120993,965.0,100628.0,9229,2054734,11147,1221621,19411,3175623
2021-04-05 15:00:00,27928,1982034,28886.0,1149879,6653.0,107281.0,34581,2089315,35539,1257160,63467,3239090
2021-04-06 15:00:00,39752,2021786,30421.0,1180300,10488.0,117769.0,50240,2139555,40909,1298069,80661,3319751
2021-04-07 15:00:00,36058,2057844,34245.0,1214545,12980.0,130749.0,49038,2188593,47225,1345294,83283,3403034
2021-04-08 15:00:00,42276,2100120,36070.0,1250615,13861.0,144610.0,56137,2244730,49931,1395225,92207,3495241
2021-04-09 15:00:00,34039,2134159,36304.0,1286919,14522.0,159132.0,48561,2293291,50826,1446051,84865,3580106
2021-04-10 15:00:00,23453,2157612,23117.0,1310036,7633.0,166765.0,31086,2324377,30750,1476801,54203,3634309
2021-04-11 15:00:00,17559,2175171,13270.0,1323306,10122.0,176887.0,27681,2352058,23392,1500193,40951,3675260
2021-04-12 15:00:00,24591,2199762,33141.0,1356447,10897.0,187784.0,35488,2387546,44038,1544231,68629,3743889
2021-04-13 15:00:00,126173,2325935,91214.0,1447661,3292.0,191076.0,129465,2517011,94506,1638737,220679,3964568
2021-04-14 15:00:00,40696,2366631,37780.0,1485441,211.0,191287.0,40907,2557918,37991,1676728,78687,4043255
2021-04-15 15:00:00,41407,2408038,39500.0,1524941,173.0,191460.0,41580,2599498,39673,1716401,81080,4124335
2021-04-16 15:00:00,37145,2445183,38814.0,1563755,23.0,191483.0,37168,2636666,38837,1755238,75982,4200317
2021-04-17 15:00:00,32790,2477973,22015.0,1585770,12.0,191495.0,32802,2669468,22027,1777265,54817,4255134
2021-04-18 15:00:00,20064,2498037,16186.0,1601956,5.0,191500.0,20069,2689537,16191,1793456,36255,4291389
2021-04-19 15:00:00,29865,2527902,36532.0,1638488,61.0,191561.0,29926,2719463,36593,1830049,66458,4357847
2021-04-20 15:00:00,32915,2560817,44415.0,1682903,57.0,191618.0,32972,2752435,44472,1874521,77387,4435234
2021-04-21 15:00:00,39801,2600618,47019.0,1729922,25.0,191643.0,39826,2792261,47044,1921565,86845,4522079
2021-04-22 15:00:00,35809,2636427,42632.0,1772554,16.0,191659.0,35825,2828086,42648,1964213,78457,4600536
2021-04-23 15:00:00,33123,2669550,40108.0,1812662,14.0,191673.0,33137,2861223,40122,2004335,73245,4673781
2021-04-24 15:00:00,26391,2695941,27866.0,1840528,81.0,191754.0,26472,2887695,27947,2032282,54338,4728119
2021-04-25 15:00:00,20224,2716165,10957.0,1851485,31.0,191785.0,20255,2907950,10988,2043270,31212,4759331
2021-04-26 15:00:00,27399,2743564,32684.0,1884169,202.0,191987.0,27601,2935551,32886,2076156,60285,4819616
2021-04-27 15:00:00,26693,2770257,33041.0,1917210,1098.0,193085.0,27791,2963342,34139,2110295,60832,4880448
2021-04-28 15:00:00,28925,2799182,39495.0,1956705,1362.0,194447.0,30287,2993629,40857,2151152,69782,4950230
2021-04-29 15:00:00,27076,2826258,39683.0,1996388,1463.0,195910.0,28539,3022168,41146,2192298,68222,5018452
2021-04-30 15:00:00,28196,2854454,32230.0,2028618,1646.0,197556.0,29842,3052010,33876,2226174,62072,5080524
2021-05-01 15:00:00,20607,2875061,26612.0,2055230,1045.0,198601.0,21652,3073662,27657,2253831,48264,5128788
2021-05-02 15:00:00,10282,2885343,17030.0,2072260,822.0,199423.0,11104,3084766,17852,2271683,28134,5156922
2021-05-03 15:00:00,12747,2898090,28559.0,2100819,1915.0,201338.0,14662,3099428,30474,2302157,43221,5200143
2021-05-04 15:00:00,13568,2911658,38566.0,2139385,1737.0,203075.0,15305,3114733,40303,2342460,53871,5254014
2021-05-05 15:00:00,19321,2930979,37722.0,2177107,1921.0,204996.0,21242,3135975,39643,2382103,58964,5312978
2021-05-06 15:00:00,16917,2947896,40568.0,2217675,1720.0,206716.0,18637,3154612,42288,2424391,59205,5372183
2021-05-07 15:00:00,17582,2965478,36983.0,2254658,1958.0,208674.0,19540,3174152,38941,2463332,56523,5428706
2021-05-08 15:00:00,10781,2976259,31213.0,2285871,1291.0,209965.0,12072,3186224,32504,2495836,43285,5471991
2021-05-09 15:00:00,5079,2981338,12231.0,2298102,695.0,210660.0,5774,3191998,12926,2508762,18005,5489996
2021-05-10 15:00:00,8955,2990293,31034.0,2329136,1362.0,212022.0,10317,3202315,32396,2541158,41351,5531347
2021-05-11 15:00:00,12182,3002475,30260.0,2359396,1440.0,213462.0,13622,3215937,31700,2572858,43882,5575229
2021-05-12 15:00:00,13945,3016420,38562.0,2397958,1919.0,215381.0,15864,3231801,40481,2613339,54426,5629655
2021-05-13 15:00:00,21855,3038275,33435.0,2431393,1345.0,216726.0,23200,3255001,34780,2648119,56635,5686290
2021-05-14 15:00:00,24368,3062643,30012.0,2461405,1775.0,218501.0,26143,3281144,31787,2679906,56155,5742445
2021-05-15 15:00:00,21914,3084557,25087.0,2486492,1490.0,219991.0,23404,3304548,26577,2706483,48491,5790936
2021-05-16 15:00:00,9082,3093639,17572.0,2504064,1113.0,221104.0,10195,3314743,18685,2725168,27767,5818703
2021-05-17 15:00:00,16843,3110482,28365.0,2532429,1949.0,223053.0,18792,3333535,30314,2755482,47157,5865860
2021-05-18 15:00:00,21243,3131725,30666.0,2563095,1942.0,224995.0,23185,3356720,32608,2788090,53851,5919711
2021-05-19 15:00:00,27629,3159354,32396.0,2595491,1628.0,226623.0,29257,3385977,34024,2822114,61653,5981364
2021-05-20 15:00:00,20802,3180156,33232.0,2628723,1966.0,228589.0,22768,3408745,35198,2857312,56000,6037364
2021-05-21 15:00:00,19157,3199313,30312.0,2659035,1607.0,230196.0,20764,3429509,31919,2889231,51076,6088440
2021-05-22 15:00:00,16922,3216235,20661.0,2679696,1270.0,231466.0,18192,3447701,21931,2911162,38853,6127293
2021-05-23 15:00:00,8757,3224992,11433.0,2691129,964.0,232430.0,9721,3457422,12397,2923559,21154,6148447
2021-05-24 15:00:00,13560,3238552,17751.0,2708880,1473.0,233903.0,15033,3472455,19224,2942783,32784,6181231
2021-05-25 15:00:00,13059,3251611,18704.0,2727584,1329.0,235232.0,14388,3486843,20033,2962816,33092,6214323
2021-05-26 15:00:00,18298,3269909,19482.0,2747066,1511.0,236743.0,19809,3506652,20993,2983809,39291,6253614
2021-05-27 15:00:00,11683,3281592,18637.0,2765703,1116.0,237859.0,12799,3519451,19753,3003562,31436,6285050
2021-05-28 15:00:00,12403,3293995,19815.0,2785518,1399.0,239258.0,13802,3533253,21214,3024776,33617,6318667
2021-05-29 15:00:00,9548,3303543,11656.0,2797174,935.0,240193.0,10483,3543736,12591,3037367,22139,6340806
2021-05-30 15:00:00,4965,3308508,6421.0,2803595,595.0,240788.0,5560,3549296,7016,3044383,11981,6352787
2021-05-31 15:00:00,1776,3310284,3711.0,2807306,305.0,241093.0,2081,3551377,4016,3048399,5792,6358579
2021-06-01 15:00:00,9824,3320108,16403.0,2823709,1157.0,242250.0,10981,3562358,17560,3065959,27384,6385963
2021-06-02 15:00:00,10227,3330335,16795.0,2840504,959.0,243209.0,11186,3573544,17754,3083713,27981,6413944
2021-06-03 15:00:00,7896,3338231,21164.0,2861668,1086.0,244295.0,8982,3582526,22250,3105963,30146,6444090
2021-06-04 15:00:00,8166,3346397,22320.0,2883988,1120.0,245415.0,9286,3591812,23440,3129403,31606,6475696
2021-06-05 15:00:00,7000,3353397,19428.0,2903416,720.0,246135.0,7720,3599532,20148,3149551,27148,6502844
2021-06-06 15:00:00,3458,3356855,7233.0,2910649,423.0,246558.0,3881,3603413,7656,3157207,11114,6513958
2021-06-07 15:00:00,6851,3363706,15746.0,2926395,726.0,247284.0,7577,3610990,16472,3173679,23323,6537281
2021-06-08 15:00:00,6666,3370372,19682.0,2946077,829.0,248113.0,7495,3618485,20511,3194190,27177,6564458
2021-06-09 15:00:00,8191,3378563,23923.0,2970000,970.0,249083.0,9161,3627646,24893,3219083,33084,6597542
2021-06-10 15:00:00,7144,3385707,19101.0,2989101,894.0,249977.0,8038,3635684,19995,3239078,27139,6624681
2021-06-11 15:00:00,7471,3393178,17699.0,3006800,1125.0,251102.0,8596,3644280,18824,3257902,26295,6650976
2021-06-12 15:00:00,5230,3398408,14742.0,3021542,605.0,251707.0,5835,3650115,15347,3273249,20577,6671553
2021-06-13 15:00:00,1931,3400339,7563.0,3029105,427.0,252134.0,2358,3652473,7990,3281239,9921,6681474
2021-06-14 15:00:00,5656,3405995,11801.0,3040906,734.0,252868.0,6390,3658863,12535,3293774,18191,6699665
2021-06-15 15:00:00,5629,3411624,14323.0,3055229,873.0,253741.0,6502,3665365,15196,3308970,20825,6720490
2021-06-16 15:00:00,8747,3420371,21565.0,3076794,757.0,254498.0,9504,3674869,22322,3331292,31069,6751559
2021-06-17 15:00:00,6683,3427054,12351.0,3089145,720.0,255218.0,7403,3682272,13071,3344363,19754,6771313
2021-06-18 15:00:00,6835,3433889,12721.0,3101866,704.0,255922.0,7539,3689811,13425,3357788,20260,6791573
2021-06-19 15:00:00,4658,3438547,9358.0,3111224,614.0,256536.0,5272,3695083,9972,3367760,14630,6806203
2021-06-20 15:00:00,2505,3441052,5048.0,3116272,377.0,256913.0,2882,3697965,5425,3373185,7930,6814133
2021-06-21 15:00:00,5556,3446608,5332.0,3121604,635.0,257548.0,6191,3704156,5967,3379152,11523,6825656
2021-06-22 15:00:00,5344,3451952,9036.0,3130640,692.0,258240.0,6036,3710192,9728,3388880,15072,6840728
2021-06-23 15:00:00,6061,3458013,10311.0,3140951,646.0,258886.0,6707,3716899,10957,3399837,17018,6857746
2021-06-24 15:00:00,5930,3463943,8188.0,3149139,594.0,259480.0,6524,3723423,8782,3408619,14712,6872458
2021-06-25 15:00:00,5804,3469747,8644.0,3157783,620.0,260100.0,6424,3729847,9264,3417883,15068,6887526
2021-06-26 15:00:00,3700,3473447,6295.0,3164078,395.0,260495.0,4095,3733942,6690,3424573,10390,6897916
2021-06-27 15:00:00,2809,3476256,3516.0,3167594,185.0,260680.0,2994,3736936,3701,3428274,6510,6904426
2021-06-28 15:00:00,4914,3481170,6372.0,3173966,539.0,261219.0,5453,3742389,6911,3435185,11825,6916251
2021-06-29 15:00:00,5059,3486229,6460.0,3180426,520.0,261739.0,5579,3747968,6980,3442165,12039,6928290
2021-06-30 15:00:00,5616,3491845,7375.0,3187801,605.0,262344.0,6221,3754189,7980,3450145,13596,6941886
2021-07-01 15:00:00,5396,3497241,6959.0,3194760,498.0,262842.0,5894,3760083,7457,3457602,12853,6954739
2021-07-02 15:00:00,5284,3502525,6825.0,3201585,523.0,263365.0,5807,3765890,7348,3464950,12632,6967371
2021-07-03 15:00:00,3264,3505789,4059.0,3205644,264.0,263629.0,3528,3769418,4323,3469273,7587,6974958
2021-07-04 15:00:00,492,3506281,544.0,3206188,67.0,263696.0,559,3769977,611,3469884,1103,6976061
2021-07-05 15:00:00,3760,3510041,3949.0,3210137,287.0,263983.0,4047,3774024,4236,3474120,7996,6984057
2021-07-06 15:00:00,4487,3514528,6252.0,3216389,452.0,264435.0,4939,3778963,6704,3480824,11191,6995248
2021-07-07 15:00:00,4458,3518986,6393.0,3222782,482.0,264917.0,4940,3783903,6875,3487699,11333,7006581
2021-07-08 15:00:00,4827,3523813,6147.0,3228929,563.0,265480.0,5390,3789293,6710,3494409,11537,7018118
2021-07-09 15:00:00,5351,3529164,6644.0,3235573,571.0,266051.0,5922,3795215,7215,3501624,12566,7030684
2021-07-10 15:00:00,3524,3532688,4383.0,3239956,302.0,266353.0,3826,3799041,4685,3506309,8209,7038893
2021-07-11 15:00:00,2671,3535359,2564.0,3242520,225.0,266578.0,2896,3801937,2789,3509098,5460,7044353
2021-07-12 15:00:00,4408,3539767,5104.0,3247624,378.0,266956.0,4786,3806723,5482,3514580,9890,7054243
2021-07-13 15:00:00,4657,3544424,4705.0,3252329,366.0,267322.0,5023,3811746,5071,3519651,9728,7063971
2021-07-14 15:00:00,4608,3549032,5262.0,3257591,421.0,267743.0,5029,3816775,5683,3525334,10291,7074262
2021-07-15 15:00:00,4885,3553917,5000.0,3262591,357.0,268100.0,5242,3822017,5357,3530691,10242,7084504
2021-07-16 15:00:00,6270,3560187,5824.0,3268415,401.0,268501.0,6671,3828688,6225,3536916,12495,7096999
2021-07-17 15:00:00,3413,3563600,3544.0,3271959,299.0,268800.0,3712,3832400,3843,3540759,7256,7104255
2021-07-18 15:00:00,2304,3565904,2371.0,3274330,110.0,268910.0,2414,3834814,2481,3543240,4785,7109040
2021-07-19 15:00:00,5130,3571034,4603.0,3278933,379.0,269289.0,5509,3840323,4982,3548222,10112,7119152
2021-07-20 15:00:00,5313,3576347,4703.0,3283636,366.0,269655.0,5679,3846002,5069,3553291,10382,7129534
2021-07-21 15:00:00,5632,3581979,4921.0,3288557,416.0,270071.0,6048,3852050,5337,3558628,10969,7140503
2021-07-22 15:00:00,6009,3587988,4615.0,3293172,469.0,270540.0,6478,3858528,5084,3563712,11093,7151596
2021-07-23 15:00:00,6828,3594816,4825.0,3297997,493.0,271033.0,7321,3865849,5318,3569030,12146,7163742
2021-07-24 15:00:00,4278,3599094,3195.0,3301192,267.0,271300.0,4545,3870394,3462,3572492,7740,7171482
2021-07-25 15:00:00,3290,3602384,1111.0,3302303,138.0,271438.0,3428,3873822,1249,3573741,4539,7176021
2021-07-26 15:00:00,6197,3608581,3890.0,3306193,418.0,271856.0,6615,3880437,4308,3578049,10505,7186526
2021-07-27 15:00:00,6582,3615163,4265.0,3310458,457.0,272313.0,7039,3887476,4722,3582771,11304,7197830
2021-07-28 15:00:00,7063,3622226,4127.0,3314585,460.0,272773.0,7523,3894999,4587,3587358,11650,7209480
2021-07-29 15:00:00,7058,3629284,4288.0,3318873,419.0,273192.0,7477,3902476,4707,3592065,11765,7221245
2021-07-30 15:00:00,7797,3637081,4784.0,3323657,525.0,273717.0,8322,3910798,5309,3597374,13106,7234351
2021-07-31 15:00:00,4791,3641872,3053.0,3326710,273.0,273990.0,5064,3915862,3326,3600700,8117,7242468
2021-08-01 15:00:00,3869,3645741,2151.0,3328861,161.0,274151.0,4030,3919892,2312,3603012,6181,7248649
2021-08-02 15:00:00,7228,3652969,3824.0,3332685,339.0,274490.0,7567,3927459,4163,3607175,11391,7260040
2021-08-03 15:00:00,7231,3660200,4073.0,3336758,515.0,275005.0,7746,3935205,4588,3611763,11819,7271859
2021-08-04 15:00:00,7400,3667600,4086.0,3340844,532.0,275537.0,7932,3943137,4618,3616381,12018,7283877
2021-08-05 15:00:00,7930,3675530,4269.0,3345113,537.0,276074.0,8467,3951604,4806,3621187,12736,7296613
2021-08-06 15:00:00,8292,3683822,4705.0,3349818,453.0,276527.0,8745,3960349,5158,3626345,13450,7310063
2021-08-07 15:00:00,5267,3689089,2807.0,3352625,263.0,276790.0,5530,3965879,3070,3629415,8337,7318400
2021-08-08 15:00:00,3951,3693040,2047.0,3354672,143.0,276933.0,4094,3969973,2190,3631605,6141,7324541
2021-08-09 15:00:00,6920,3699960,4517.0,3359189,368.0,277301.0,7288,3977261,4885,3636490,11805,7336346
2021-08-10 15:00:00,7130,3707090,4446.0,3363635,338.0,277639.0,7468,3984729,4784,3641274,11914,7348260
2021-08-11 15:00:00,7050,3714140,4422.0,3368057,440.0,278079.0,7490,3992219,4862,3646136,11912,7360172
2021-08-12 15:00:00,8598,3722738,4718.0,3372775,444.0,278523.0,9042,4001261,5162,3651298,13760,7373932
2021-08-13 15:00:00,7136,3729874,5357.0,3378132,396.0,278919.0,7532,4008793,5753,3657051,12889,7386821
2021-08-14 15:00:00,4911,3734785,3337.0,3381469,285.0,279204.0,5196,4013989,3622,3660673,8533,7395354
2021-08-15 15:00:00,3324,3738109,2729.0,3384198,163.0,279367.0,3487,4017476,2892,3663565,6216,7401570
2021-08-16 15:00:00,5428,3743537,5082.0,3389280,352.0,279719.0,5780,4023256,5434,3668999,10862,7412432
2021-08-17 15:00:00,6807,3750344,5345.0,3394625,389.0,280108.0,7196,4030452,5734,3674733,12541,7424973
2021-08-18 15:00:00,6320,3756664,5480.0,3400105,478.0,280586.0,6798,4037250,5958,3680691,12278,7437251
2021-08-19 15:00:00,6205,3762869,5537.0,3405642,416.0,281002.0,6621,4043871,5953,3686644,12158,7449409
2021-08-20 15:00:00,6831,3769700,6530.0,3412172,401.0,281403.0,7232,4051103,6931,3693575,13762,7463171
2021-08-21 15:00:00,4320,3774020,3913.0,3416085,228.0,281631.0,4548,4055651,4141,3697716,8461,7471632
2021-08-22 15:00:00,3057,3777077,3167.0,3419252,110.0,281741.0,3167,4058818,3277,3700993,6334,7477966
2021-08-23 15:00:00,5984,3783061,6080.0,3425332,285.0,282026.0,6269,4065087,6365,3707358,12349,7490315
2021-08-24 15:00:00,6547,3789608,6042.0,3431374,423.0,282449.0,6970,4072057,6465,3713823,13012,7503327
2021-08-25 15:00:00,6713,3796321,6199.0,3437573,440.0,282889.0,7153,4079210,6639,3720462,13352,7516679
2021-08-26 15:00:00,6964,3803285,6639.0,3444212,427.0,283316.0,7391,4086601,7066,3727528,14030,7530709
2021-08-27 15:00:00,6823,3810108,7055.0,3451267,316.0,283632.0,7139,4093740,7371,3734899,14194,7544903
2021-08-28 15:00:00,6898,3817006,6501.0,3457768,324.0,283956.0,7222,4100962,6825,3741724,13723,7558626
2021-08-29 15:00:00,3733,3820739,3680.0,3461448,610.0,284566.0,4343,4105305,4290,3746014,8023,7566649
2021-08-30 15:00:00,5927,3826666,6110.0,3467558,959.0,285525.0,6886,4112191,7069,3753083,12996,7579645
2021-08-31 15:00:00,5891,3832557,6036.0,3473594,945.0,286470.0,6836,4119027,6981,3760064,12872,7592517
2021-09-01 15:00:00,5572,3838129,5630.0,3479224,914.0,287384.0,6486,4125513,6544,3766608,12116,7604633
2021-09-02 15:00:00,5517,3843646,5907.0,3485131,703.0,288087.0,6220,4131733,6610,3773218,12127,7616760
2021-09-03 15:00:00,5986,3849632,6898.0,3492029,973.0,289060.0,6959,4138692,7871,3781089,13857,7630617
2021-09-04 15:00:00,3717,3853349,4335.0,3496364,879.0,289939.0,4596,4143288,5214,3786303,8931,7639548
2021-09-05 15:00:00,2952,3856301,2807.0,3499171,106.0,290045.0,3058,4146346,2913,3789216,5865,7645413
2021-09-06 15:00:00,1059,3857360,1149.0,3500320,63.0,290108.0,1122,4147468,1212,3790428,2271,7647684
2021-09-07 15:00:00,5331,3862691,7273.0,3507593,2304.0,292412.0,7635,4155103,9577,3800005,14908,7662592
2021-09-08 15:00:00,4645,3867336,5462.0,3513055,364.0,292776.0,5009,4160112,5826,3805831,10471,7673063
2021-09-09 15:00:00,5001,3872337,5436.0,3518491,324.0,293100.0,5325,4165437,5760,3811591,10761,7683824
2021-09-10 15:00:00,6504,3878841,6639.0,3525130,1718.0,294818.0,8222,4173659,8357,3819948,14861,7698685
2021-09-11 15:00:00,4169,3883010,4324.0,3529454,665.0,295483.0,4834,4178493,4989,3824937,9158,7707843
2021-09-12 15:00:00,3162,3886172,3236.0,3532690,436.0,295919.0,3598,4182091,3672,3828609,6834,7714677
2021-09-13 15:00:00,4877,3891049,5042.0,3537732,346.0,296265.0,5223,4187314,5388,3833997,10265,7724942
2021-09-14 15:00:00,4760,3895809,5422.0,3543154,435.0,296700.0,5195,4192509,5857,3839854,10617,7735559
2021-09-15 15:00:00,5024,3900833,5854.0,3549008,388.0,297088.0,5412,4197921,6242,3846096,11266,7746825
2021-09-16 15:00:00,4798,3905631,5821.0,3554829,336.0,297424.0,5134,4203055,6157,3852253,10955,7757780
2021-09-17 15:00:00,5242,3910873,6571.0,3561400,343.0,297767.0,5585,4208640,6914,3859167,12156,7769936
2021-09-18 15:00:00,3791,3914664,4563.0,3565963,185.0,297952.0,3976,4212616,4748,3863915,8539,7778475
2021-09-19 15:00:00,2742,3917406,3158.0,3569121,75.0,298027.0,2817,4215433,3233,3867148,5975,7784450
2021-09-20 15:00:00,3747,3921153,4670.0,3573791,430.0,298457.0,4177,4219610,5100,3872248,8847,7793297
2021-09-21 15:00:00,3999,3925152,4991.0,3578782,326.0,298783.0,4325,4223935,5317,3877565,9316,7802613
2021-09-22 15:00:00,4189,3929341,4760.0,3583542,458.0,299241.0,4647,4228582,5218,3882783,9407,7812020
2021-09-23 15:00:00,4162,3933503,4721.0,3588263,492.0,299733.0,4654,4233236,5213,3887996,9375,7821395
2021-09-24 15:00:00,5067,3938570,5596.0,3593859,422.0,300155.0,5489,4238725,6018,3894014,11085,7832480
2021-09-25 15:00:00,3626,3942196,3624.0,3597483,385.0,300540.0,4011,4242736,4009,3898023,7635,7840115
2021-09-26 15:00:00,2358,3944554,2658.0,3600141,424.0,300964.0,2782,4245518,3082,3901105,5440,7845555
2021-09-27 15:00:00,4501,3949055,2695.0,3602836,509.0,301473.0,5010,4250528,3204,3904309,7705,7853260
2021-09-28 15:00:00,4394,3953449,4440.0,3607276,211.0,301684.0,4605,4255133,4651,3908960,9045,7862305
2021-09-29 15:00:00,4696,3958145,4503.0,3611779,919.0,302603.0,5615,4260748,5422,3914382,10118,7872423
2021-09-30 15:00:00,4880,3963025,4552.0,3616331,792.0,303395.0,5672,4266420,5344,3919726,10224,7882647
2021-10-01 15:00:00,5474,3968499,5308.0,3621639,782.0,304177.0,6256,4272676,6090,3925816,11564,7894211
2021-10-02 15:00:00,2937,3971436,2888.0,3624527,187.0,304364.0,3124,4275800,3075,3928891,6012,7900223
2021-10-03 15:00:00,2078,3973514,2372.0,3626899,86.0,304450.0,2164,4277964,2458,3931349,4536,7904759
2021-10-04 15:00:00,4019,3977533,3495.0,3630394,232.0,304682.0,4251,4282215,3727,3935076,7746,7912505
2021-10-05 15:00:00,3952,3981485,3658.0,3634052,207.0,304889.0,4159,4286374,3865,3938941,7817,7920322
2021-10-06 15:00:00,4024,3985509,3574.0,3637626,264.0,305153.0,4288,4290662,3838,3942779,7862,7928184
2021-10-07 15:00:00,4229,3989738,3623.0,3641249,331.0,305484.0,4560,4295222,3954,3946733,8183,7936367
2021-10-08 15:00:00,4776,3994514,4275.0,3645524,282.0,305766.0,5058,4300280,4557,3951290,9333,7945700
2021-10-09 15:00:00,2683,3997197,2673.0,3648197,270.0,306036.0,2953,4303233,2943,3954233,5626,7951326
2021-10-10 15:00:00,1865,3999062,1843.0,3650040,59.0,306095.0,1924,4305157,1902,3956135,3767,7955093
2021-10-11 15:00:00,4215,4003277,3331.0,3653371,249.0,306344.0,4464,4309621,3580,3959715,7795,7962888
2021-10-12 15:00:00,3591,4006868,3525.0,3656896,271.0,306615.0,3862,4313483,3796,3963511,7387,7970275
2021-10-13 15:00:00,3955,4010823,3445.0,3660341,346.0,306961.0,4301,4317784,3791,3967302,7746,7978021
2021-10-14 15:00:00,5161,4015984,5482.0,3665823,429.0,307390.0,5590,4323374,5911,3973213,11072,7989093
2021-10-15 15:00:00,4704,4020688,4584.0,3670407,347.0,307737.0,5051,4328425,4931,3978144,9635,7998728
2021-10-16 15:00:00,2494,4023182,2500.0,3672907,290.0,308027.0,2784,4331209,2790,3980934,5284,8004012
2021-10-17 15:00:00,1808,4024990,1775.0,3674682,55.0,308082.0,1863,4333072,1830,3982764,3638,8007650
2021-10-18 15:00:00,4287,4029277,3568.0,3678250,266.0,308348.0,4553,4337625,3834,3986598,8121,8015771
2021-10-19 15:00:00,4301,4033578,4023.0,3682273,222.0,308570.0,4523,4342148,4245,3990843,8546,8024317
2021-10-20 15:00:00,3529,4037107,3417.0,3685690,254.0,308824.0,3783,4345931,3671,3994514,7200,8031517
2021-10-21 15:00:00,3300,4040407,3255.0,3688945,290.0,309114.0,3590,4349521,3545,3998059,6845,8038362
2021-10-22 15:00:00,4686,4045093,4024.0,3692969,475.0,309589.0,5161,4354682,4499,4002558,9185,8047547
2021-10-23 15:00:00,2891,4047984,2112.0,3695081,321.0,309910.0,3212,4357894,2433,4004991,5324,8052871
2021-10-24 15:00:00,2060,4050044,1558.0,3696639,78.0,309988.0,2138,4360032,1636,4006627,3696,8056567
2021-10-25 15:00:00,4548,4054592,3074.0,3699713,316.0,310304.0,4864,4364896,3390,4010017,7938,8064505
2021-10-26 15:00:00,4511,4059103,3087.0,3702800,311.0,310615.0,4822,4369718,3398,4013415,7909,8072414
2021-10-27 15:00:00,4737,4063840,3343.0,3706143,429.0,311044.0,5166,4374884,3772,4017187,8509,8080923
2021-10-28 15:00:00,4556,4068396,3364.0,3709507,496.0,311540.0,5052,4379936,3860,4021047,8416,8089339
2021-10-29 15:00:00,4969,4073365,3911.0,3713418,393.0,311933.0,5362,4385298,4304,4025351,9273,8098612
2021-10-30 15:00:00,2633,4075998,1842.0,3715260,308.0,312241.0,2941,4388239,2150,4027501,4783,8103395
2021-10-31 15:00:00,1944,4077942,1516.0,3716776,93.0,312334.0,2037,4390276,1609,4029110,3553,8106948
2021-11-01 15:00:00,4688,4082630,3420.0,3720196,342.0,312676.0,5030,4395306,3762,4032872,8450,8115398
2021-11-02 15:00:00,4250,4086880,2945.0,3723141,406.0,313082.0,4656,4399962,3351,4036223,7601,8122999
2021-11-03 15:00:00,4668,4091548,3057.0,3726198,458.0,313540.0,5126,4405088,3515,4039738,8183,8131182
2021-11-04 15:00:00,6289,4097837,3358.0,3729556,512.0,314052.0,6801,4411889,3870,4043608,10159,8141341
2021-11-05 15:00:00,8215,4106052,3757.0,3733313,408.0,314460.0,8623,4420512,4165,4047773,12380,8153721
2021-11-06 15:00:00,10070,4116122,1974.0,3735287,305.0,314765.0,10375,4430887,2279,4050052,12349,8166070
2021-11-07 15:00:00,7717,4123839,1468.0,3736755,94.0,314859.0,7811,4438698,1562,4051614,9279,8175349
2021-11-08 15:00:00,11286,4135125,3040.0,3739795,379.0,315238.0,11665,4450363,3419,4055033,14705,8190054
2021-11-09 15:00:00,11749,4146874,2655.0,3742450,268.0,315506.0,12017,4462380,2923,4057956,14672,8204726
2021-11-10 15:00:00,12560,4159434,2763.0,3745213,337.0,315843.0,12897,4475277,3100,4061056,15660,8220386
2021-11-11 15:00:00,11327,4170761,2382.0,3747595,282.0,316125.0,11609,4486886,2664,4063720,13991,8234377
2021-11-12 15:00:00,12270,4183031,3353.0,3750948,548.0,316673.0,12818,4499704,3901,4067621,16171,8250548
2021-11-13 15:00:00,9770,4192801,1587.0,3752535,342.0,317015.0,10112,4509816,1929,4069550,11699,8262247
2021-11-14 15:00:00,3920,4196721,1128.0,3753663,121.0,317136.0,4041,4513857,1249,4070799,5169,8267416
2021-11-15 15:00:00,8593,4205314,2520.0,3756183,205.0,317341.0,8798,4522655,2725,4073524,11318,8278734
2021-11-16 15:00:00,9211,4214525,2491.0,3758674,255.0,317596.0,9466,4532121,2746,4076270,11957,8290691
2021-11-17 15:00:00,9377,4223902,2875.0,3761549,312.0,317908.0,9689,4541810,3187,4079457,12564,8303255
2021-11-18 15:00:00,9280,4233182,2629.0,3764178,479.0,318387.0,9759,4551569,3108,4082565,12388,8315643
2021-11-19 15:00:00,9779,4242961,2915.0,3767093,382.0,318769.0,10161,4561730,3297,4085862,13076,8328719
2021-11-20 15:00:00,10623,4253584,1606.0,3768699,454.0,319223.0,11077,4572807,2060,4087922,12683,8341402
2021-11-21 15:00:00,4345,4257929,1199.0,3769898,99.0,319322.0,4444,4577251,1298,4089220,5643,8347045
2021-11-22 15:00:00,9777,4267706,2488.0,3772386,292.0,319614.0,10069,4587320,2780,4092000,12557,8359602
2021-11-23 15:00:00,9163,4276869,2398.0,3774784,280.0,319894.0,9443,4596763,2678,4094678,11841,8371443
2021-11-24 15:00:00,8090,4284959,2440.0,3777224,215.0,320109.0,8305,4605068,2655,4097333,10745,8382188
2021-11-25 15:00:00,239,4285198,74.0,3777298,10.0,320119.0,249,4605317,84,4097417,323,8382511
2021-11-26 15:00:00,5664,4290862,4011.0,3781309,152.0,320271.0,5816,4611133,4163,4101580,9827,8392338
2021-11-27 15:00:00,3786,4294648,5440.0,3786749,134.0,320405.0,3920,4615053,5574,4107154,9360,8401698
2021-11-28 15:00:00,2419,4297067,6372.0,3793121,77.0,320482.0,2496,4617549,6449,4113603,8868,8410566
2021-11-29 15:00:00,6361,4303428,9243.0,3802364,378.0,320860.0,6739,4624288,9621,4123224,15982,8426548
2021-11-30 15:00:00,6226,4309654,9239.0,3811603,264.0,321124.0,6490,4630778,9503,4132727,15729,8442277
2021-12-01 15:00:00,7213,4316867,9563.0,3821166,304.0,321428.0,7517,4638295,9867,4142594,17080,8459357
2021-12-02 15:00:00,6857,4323724,8677.0,3829843,450.0,321878.0,7307,4645602,9127,4151721,15984,8475341
2021-12-03 15:00:00,7541,4331265,9183.0,3839026,249.0,322127.0,7790,4653392,9432,4161153,16973,8492314
2021-12-04 15:00:00,5847,4337112,9717.0,3848743,457.0,322584.0,6304,4659696,10174,4171327,16021,8508335
2021-12-05 15:00:00,3461,4340573,3243.0,3851986,77.0,322661.0,3538,4663234,3320,4174647,6781,8515116
2021-12-06 15:00:00,6728,4347301,7058.0,3859044,277.0,322938.0,7005,4670239,7335,4181982,14063,8529179
2021-12-07 15:00:00,6349,4353650,6947.0,3865991,247.0,323185.0,6596,4676835,7194,4189176,13543,8542722
2021-12-08 15:00:00,6874,4360524,7306.0,3873297,314.0,323499.0,7188,4684023,7620,4196796,14494,8557216
2021-12-09 15:00:00,6474,4366998,6947.0,3880244,397.0,323896.0,6871,4690894,7344,4204140,13818,8571034
2021-12-10 15:00:00,7208,4374206,7283.0,3887527,228.0,324124.0,7436,4698330,7511,4211651,14719,8585753
2021-12-11 15:00:00,4441,4378647,7597.0,3895124,333.0,324457.0,4774,4703104,7930,4219581,12371,8598124
2021-12-12 15:00:00,3990,4382637,2782.0,3897906,60.0,324517.0,4050,4707154,2842,4222423,6832,8604956
2021-12-13 15:00:00,5688,4388325,5718.0,3903624,242.0,324759.0,5930,4713084,5960,4228383,11648,8616604
2021-12-14 15:00:00,6428,4394753,5880.0,3909504,214.0,324973.0,6642,4719726,6094,4234477,12522,8629126
2021-12-15 15:00:00,7095,4401848,5613.0,3915117,248.0,325221.0,7343,4727069,5861,4240338,12956,8642082
2021-12-16 15:00:00,7807,4409655,2793.0,3917910,422.0,325643.0,8229,4735298,3215,4243553,11022,8653104
2021-12-17 15:00:00,7766,4417421,4127.0,3922037,192.0,325835.0,7958,4743256,4319,4247872,12085,8665189
2021-12-18 15:00:00,5774,4423195,3166.0,3925203,297.0,326132.0,6071,4749327,3463,4251335,9237,8674426
2021-12-19 15:00:00,3379,4426574,1340.0,3926543,35.0,326167.0,3414,4752741,1375,4252710,4754,8679180
2021-12-20 15:00:00,8013,4434587,3714.0,3930257,164.0,326331.0,8177,4760918,3878,4256588,11891,8691071
2021-12-21 15:00:00,8893,4443480,4085.0,3934342,167.0,326498.0,9060,4769978,4252,4260840,13145,8704216
2021-12-22 15:00:00,8603,4452083,3806.0,3938148,172.0,326670.0,8775,4778753,3978,4264818,12581,8716797
2021-12-23 15:00:00,8292,4460375,3485.0,3941633,355.0,327025.0,8647,4787400,3840,4268658,12132,8728929
2021-12-24 15:00:00,1604,4461979,1000.0,3942633,39.0,327064.0,1643,4789043,1039,4269697,2643,8731572
2021-12-25 15:00:00,50,4462029,36.0,3942669,1.0,327065.0,51,4789094,37,4269734,87,8731659
2021-12-26 15:00:00,2518,4464547,1741.0,3944410,44.0,327109.0,2562,4791656,1785,4271519,4303,8735962
2021-12-27 15:00:00,7130,4471677,3944.0,3948354,295.0,327404.0,7425,4799081,4239,4275758,11369,8747331
2021-12-28 15:00:00,7752,4479429,3741.0,3952095,166.0,327570.0,7918,4806999,3907,4279665,11659,8758990
2021-12-29 15:00:00,8111,4487540,3950.0,3956045,154.0,327724.0,8265,4815264,4104,4283769,12215,8771205
2021-12-30 15:00:00,7379,4494919,3734.0,3959779,288.0,328012.0,7667,4822931,4022,4287791,11401,8782606
2021-12-31 15:00:00,2541,4497460,1510.0,3961289,92.0,328104.0,2633,4825564,1602,4289393,4143,8786749
2022-01-01 15:00:00,677,4498137,325.0,3961614,31.0,328135.0,708,4826272,356,4289749,1033,8787782
2022-01-02 15:00:00,2145,4500282,1611.0,3963225,42.0,328177.0,2187,4828459,1653,4291402,3798,8791580
2022-01-03 15:00:00,3313,4503595,2015.0,3965240,220.0,328397.0,3533,4831992,2235,4293637,5548,8797128
2022-01-04 15:00:00,5690,4509285,3372.0,3968612,162.0,328559.0,5852,4837844,3534,4297171,9224,8806352
2022-01-05 15:00:00,6650,4515935,4590.0,3973202,173.0,328732.0,6823,4844667,4763,4301934,11413,8817765
2022-01-06 15:00:00,6546,4522481,4671.0,3977873,258.0,328990.0,6804,4851471,4929,4306863,11475,8829240
2022-01-07 15:00:00,5680,4528161,3600.0,3981473,158.0,329148.0,5838,4857309,3758,4310621,9438,8838678
2022-01-08 15:00:00,4350,4532511,3702.0,3985175,73.0,329221.0,4423,4861732,3775,4314396,8125,8846803
2022-01-09 15:00:00,2693,4535204,1989.0,3987164,154.0,329375.0,2847,4864579,2143,4316539,4836,8851639
2022-01-10 15:00:00,6152,4541356,3728.0,3990892,151.0,329526.0,6303,4870882,3879,4320418,10031,8861670
2022-01-11 15:00:00,6269,4547625,4134.0,3995026,137.0,329663.0,6406,4877288,4271,4324689,10540,8872210
2022-01-12 15:00:00,6459,4554084,4256.0,3999282,220.0,329883.0,6679,4883967,4476,4329165,10935,8883145
2022-01-13 15:00:00,5950,4560034,3988.0,4003270,129.0,330012.0,6079,4890046,4117,4333282,10067,8893212
2022-01-14 15:00:00,3762,4563796,1884.0,4005154,201.0,330213.0,3963,4894009,2085,4335367,5847,8899059
