VACCINATION_DATE,FirstDailyDose,FirstDoseCumulative,SecondDailyDose,SecondDoseCumulative,SingleDailyDose,SingleDoseCumulative,AtleastOneVaccine,AtleastOneVaccineCumulative,CompletedVax,CompletedVaxCumulative,FirstSecondSingleVaccinations,FirstSecondSingleVaccinationsCumulative
2020-12-14 15:00:00,19,1515,,537,,,19,1515,0,537,19,1987
2020-12-15 15:00:00,63,1578,3.0,540,,,63,1578,3,540,66,2053
2020-12-16 15:00:00,598,2176,5.0,545,,,598,2176,5,545,603,2656
2020-12-17 15:00:00,1171,3347,8.0,553,,,1171,3347,8,553,1179,3835
2020-12-18 15:00:00,3033,6380,12.0,565,,,3033,6380,12,565,3045,6880
2020-12-19 15:00:00,929,7309,8.0,573,,,929,7309,8,573,937,7817
2020-12-20 15:00:00,370,7679,6.0,579,,,370,7679,6,579,376,8193
2020-12-21 15:00:00,3902,11581,28.0,607,,,3902,11581,28,607,3930,12123
2020-12-22 15:00:00,6330,17911,31.0,638,,,6330,17911,31,638,6361,18484
2020-12-23 15:00:00,5795,23706,42.0,680,,,5795,23706,42,680,5837,24321
2020-12-24 15:00:00,2729,26435,16.0,696,,,2729,26435,16,696,2745,27066
2020-12-25 15:00:00,1035,27470,4.0,700,,,1035,27470,4,700,1039,28105
2020-12-26 15:00:00,1887,29357,10.0,710,,,1887,29357,10,710,1897,30002
2020-12-27 15:00:00,1805,31162,12.0,722,,,1805,31162,12,722,1817,31819
2020-12-28 15:00:00,9000,40162,53.0,775,,,9000,40162,53,775,9053,40872
2020-12-29 15:00:00,10986,51148,54.0,829,,,10986,51148,54,829,11040,51912
2020-12-30 15:00:00,12515,63663,98.0,927,,,12515,63663,98,927,12613,64525
2020-12-31 15:00:00,7567,71230,49.0,976,,,7567,71230,49,976,7616,72141
2021-01-01 15:00:00,3450,74680,146.0,1122,,,3450,74680,146,1122,3596,75737
2021-01-02 15:00:00,3066,77746,34.0,1156,,,3066,77746,34,1156,3100,78837
2021-01-03 15:00:00,3419,81165,82.0,1238,,,3419,81165,82,1238,3501,82338
2021-01-04 15:00:00,13386,94551,345.0,1583,,,13386,94551,345,1583,13731,96069
2021-01-05 15:00:00,12498,107049,551.0,2134,,,12498,107049,551,2134,13049,109118
2021-01-06 15:00:00,15289,122338,872.0,3006,,,15289,122338,872,3006,16161,125279
2021-01-07 15:00:00,15057,137395,1792.0,4798,,,15057,137395,1792,4798,16849,142128
2021-01-08 15:00:00,24038,161433,2797.0,7595,,,24038,161433,2797,7595,26835,168963
2021-01-09 15:00:00,5191,166624,959.0,8554,,,5191,166624,959,8554,6150,175113
2021-01-10 15:00:00,2992,169616,390.0,8944,,,2992,169616,390,8944,3382,178495
2021-01-11 15:00:00,13756,183372,3490.0,12434,,,13756,183372,3490,12434,17246,195741
2021-01-12 15:00:00,17411,200783,5603.0,18037,,,17411,200783,5603,18037,23014,218755
2021-01-13 15:00:00,18645,219428,3942.0,21979,,,18645,219428,3942,21979,22587,241342
2021-01-14 15:00:00,17886,237314,1974.0,23953,,,17886,237314,1974,23953,19860,261202
2021-01-15 15:00:00,19516,256830,2043.0,25996,,,19516,256830,2043,25996,21559,282761
2021-01-16 15:00:00,5852,262682,1626.0,27622,,,5852,262682,1626,27622,7478,290239
2021-01-17 15:00:00,2131,264813,1479.0,29101,,,2131,264813,1479,29101,3610,293849
2021-01-18 15:00:00,7087,271900,3273.0,32374,,,7087,271900,3273,32374,10360,304209
2021-01-19 15:00:00,16969,288869,5423.0,37797,,,16969,288869,5423,37797,22392,326601
2021-01-20 15:00:00,21024,309893,5349.0,43146,,,21024,309893,5349,43146,26373,352974
2021-01-21 15:00:00,23844,333737,3877.0,47023,,,23844,333737,3877,47023,27721,380695
2021-01-22 15:00:00,28677,362414,3779.0,50802,,,28677,362414,3779,50802,32456,413151
2021-01-23 15:00:00,10133,372547,1951.0,52753,,,10133,372547,1951,52753,12084,425235
2021-01-24 15:00:00,3365,375912,1727.0,54480,,,3365,375912,1727,54480,5092,430327
2021-01-25 15:00:00,16319,392231,8631.0,63111,,,16319,392231,8631,63111,24950,455277
2021-01-26 15:00:00,17575,409806,8994.0,72105,,,17575,409806,8994,72105,26569,481846
2021-01-27 15:00:00,24451,434257,12592.0,84697,,,24451,434257,12592,84697,37043,518889
2021-01-28 15:00:00,22669,456926,9349.0,94046,,,22669,456926,9349,94046,32018,550907
2021-01-29 15:00:00,24800,481726,7947.0,101993,,,24800,481726,7947,101993,32747,583654
2021-01-30 15:00:00,17804,499530,2575.0,104568,,,17804,499530,2575,104568,20379,604033
2021-01-31 15:00:00,3769,503299,1376.0,105944,,,3769,503299,1376,105944,5145,609178
2021-02-01 15:00:00,8242,511541,5460.0,111404,,,8242,511541,5460,111404,13702,622880
2021-02-02 15:00:00,12537,524078,13850.0,125254,,,12537,524078,13850,125254,26387,649267
2021-02-03 15:00:00,18289,542367,18158.0,143412,,,18289,542367,18158,143412,36447,685714
2021-02-04 15:00:00,22156,564523,15812.0,159224,,,22156,564523,15812,159224,37968,723682
2021-02-05 15:00:00,20426,584949,17463.0,176687,,,20426,584949,17463,176687,37889,761571
2021-02-06 15:00:00,11391,596340,14546.0,191233,,,11391,596340,14546,191233,25937,787508
2021-02-07 15:00:00,5994,602334,1956.0,193189,,,5994,602334,1956,193189,7950,795458
2021-02-08 15:00:00,13030,615364,12992.0,206181,,,13030,615364,12992,206181,26022,821480
2021-02-09 15:00:00,16681,632045,13903.0,220084,,,16681,632045,13903,220084,30584,852064
2021-02-10 15:00:00,19344,651389,21335.0,241419,,,19344,651389,21335,241419,40679,892743
2021-02-11 15:00:00,22956,674345,17400.0,258819,,,22956,674345,17400,258819,40356,933099
2021-02-12 15:00:00,20455,694800,19689.0,278508,,,20455,694800,19689,278508,40144,973243
2021-02-13 15:00:00,11479,706279,6436.0,284944,,,11479,706279,6436,284944,17915,991158
2021-02-14 15:00:00,7122,713401,2144.0,287088,,,7122,713401,2144,287088,9266,1000424
2021-02-15 15:00:00,11774,725175,13361.0,300449,,,11774,725175,13361,300449,25135,1025559
2021-02-16 15:00:00,16666,741841,21044.0,321493,,,16666,741841,21044,321493,37710,1063269
2021-02-17 15:00:00,20696,762537,26402.0,347895,,,20696,762537,26402,347895,47098,1110367
2021-02-18 15:00:00,3209,765746,4634.0,352529,,,3209,765746,4634,352529,7843,1118210
2021-02-19 15:00:00,10272,776018,19948.0,372477,,,10272,776018,19948,372477,30220,1148430
2021-02-20 15:00:00,10321,786339,20330.0,392807,,,10321,786339,20330,392807,30651,1179081
2021-02-21 15:00:00,6198,792537,7674.0,400481,,,6198,792537,7674,400481,13872,1192953
2021-02-22 15:00:00,8051,800588,15507.0,415988,,,8051,800588,15507,415988,23558,1216511
2021-02-23 15:00:00,15542,816130,15997.0,431985,,,15542,816130,15997,431985,31539,1248050
2021-02-24 15:00:00,18009,834139,24858.0,456843,,,18009,834139,24858,456843,42867,1290917
2021-02-25 15:00:00,20409,854548,26606.0,483449,,,20409,854548,26606,483449,47015,1337932
2021-02-26 15:00:00,26696,881244,26295.0,509744,,,26696,881244,26295,509744,52991,1390923
2021-02-27 15:00:00,16036,897280,11172.0,520916,,,16036,897280,11172,520916,27208,1418131
2021-02-28 15:00:00,15535,912815,4901.0,525817,,,15535,912815,4901,525817,20436,1438567
2021-03-01 15:00:00,27345,940160,12724.0,538541,,,27345,940160,12724,538541,40069,1478636
2021-03-02 15:00:00,24020,964180,13316.0,551857,38.0,38.0,24058,964218,13354,551895,37374,1516010
2021-03-03 15:00:00,30269,994449,18440.0,570297,195.0,233.0,30464,994682,18635,570530,48904,1564914
2021-03-04 15:00:00,31023,1025472,18268.0,588565,4065.0,4298.0,35088,1029770,22333,592863,53356,1618270
2021-03-05 15:00:00,30130,1055602,19797.0,608362,4913.0,9211.0,35043,1064813,24710,617573,54840,1673110
2021-03-06 15:00:00,19006,1074608,9543.0,617905,6011.0,15222.0,25017,1089830,15554,633127,34560,1707670
2021-03-07 15:00:00,12156,1086764,4934.0,622839,6606.0,21828.0,18762,1108592,11540,644667,23696,1731366
2021-03-08 15:00:00,25939,1112703,8872.0,631711,8276.0,30104.0,34215,1142807,17148,661815,43087,1774453
2021-03-09 15:00:00,26164,1138867,15514.0,647225,8345.0,38449.0,34509,1177316,23859,685674,50023,1824476
2021-03-10 15:00:00,29905,1168772,16072.0,663297,7936.0,46385.0,37841,1215157,24008,709682,53913,1878389
2021-03-11 15:00:00,36036,1204808,16440.0,679737,3981.0,50366.0,40017,1255174,20421,730103,56457,1934846
2021-03-12 15:00:00,36929,1241737,18180.0,697917,2928.0,53294.0,39857,1295031,21108,751211,58037,1992883
2021-03-13 15:00:00,22677,1264414,10349.0,708266,1629.0,54923.0,24306,1319337,11978,763189,34655,2027538
2021-03-14 15:00:00,17847,1282261,6744.0,715010,1010.0,55933.0,18857,1338194,7754,770943,25601,2053139
2021-03-15 15:00:00,29918,1312179,11385.0,726395,600.0,56533.0,30518,1368712,11985,782928,41903,2095042
2021-03-16 15:00:00,33494,1345673,13602.0,739997,774.0,57307.0,34268,1402980,14376,797304,47870,2142912
2021-03-17 15:00:00,37648,1383321,17108.0,757105,1184.0,58491.0,38832,1441812,18292,815596,55940,2198852
2021-03-18 15:00:00,41487,1424808,12720.0,769825,1353.0,59844.0,42840,1484652,14073,829669,55560,2254412
2021-03-19 15:00:00,38393,1463201,15449.0,785274,1045.0,60889.0,39438,1524090,16494,846163,54887,2309299
2021-03-20 15:00:00,24752,1487953,10241.0,795515,706.0,61595.0,25458,1549548,10947,857110,35699,2344998
2021-03-21 15:00:00,19210,1507163,7924.0,803439,342.0,61937.0,19552,1569100,8266,865376,27476,2372474
2021-03-22 15:00:00,32617,1539780,11524.0,814963,835.0,62772.0,33452,1602552,12359,877735,44976,2417450
2021-03-23 15:00:00,38421,1578201,17887.0,832850,1557.0,64329.0,39978,1642530,19444,897179,57865,2475315
2021-03-24 15:00:00,41091,1619292,21282.0,854132,1389.0,65718.0,42480,1685010,22671,919850,63762,2539077
2021-03-25 15:00:00,42942,1662234,21770.0,875902,2457.0,68175.0,45399,1730409,24227,944077,67169,2606246
2021-03-26 15:00:00,36406,1698640,26730.0,902632,2495.0,70670.0,38901,1769310,29225,973302,65631,2671877
2021-03-27 15:00:00,26476,1725116,17341.0,919973,2490.0,73160.0,28966,1798276,19831,993133,46307,2718184
2021-03-28 15:00:00,17013,1742129,12695.0,932668,1615.0,74775.0,18628,1816904,14310,1007443,31323,2749507
2021-03-29 15:00:00,29727,1771856,26419.0,959087,1142.0,75917.0,30869,1847773,27561,1035004,57288,2806795
2021-03-30 15:00:00,40085,1811941,29106.0,988193,1865.0,77782.0,41950,1889723,30971,1065975,71056,2877851
2021-03-31 15:00:00,41038,1852979,34770.0,1022963,5747.0,83529.0,46785,1936508,40517,1106492,81555,2959406
2021-04-01 15:00:00,42559,1895538,41267.0,1064230,5771.0,89300.0,48330,1984838,47038,1153530,89597,3049003
2021-04-02 15:00:00,34971,1930509,32759.0,1096989,6135.0,95435.0,41106,2025944,38894,1192424,73865,3122868
2021-04-03 15:00:00,21191,1951700,19248.0,1116237,4395.0,99830.0,25586,2051530,23643,1216067,44834,3167702
2021-04-04 15:00:00,8310,1960010,10226.0,1126463,968.0,100798.0,9278,2060808,11194,1227261,19504,3187206
2021-04-05 15:00:00,27973,1987983,28996.0,1155459,6665.0,107463.0,34638,2095446,35661,1262922,63634,3250840
2021-04-06 15:00:00,39822,2027805,30541.0,1186000,10506.0,117969.0,50328,2145774,41047,1303969,80869,3331709
2021-04-07 15:00:00,36124,2063929,34384.0,1220384,13000.0,130969.0,49124,2194898,47384,1351353,83508,3415217
2021-04-08 15:00:00,42374,2106303,36176.0,1256560,13877.0,144846.0,56251,2251149,50053,1401406,92427,3507644
2021-04-09 15:00:00,34104,2140407,36388.0,1292948,14532.0,159378.0,48636,2299785,50920,1452326,85024,3592668
2021-04-10 15:00:00,23512,2163919,23199.0,1316147,7643.0,167021.0,31155,2330940,30842,1483168,54354,3647022
2021-04-11 15:00:00,17586,2181505,13304.0,1329451,10123.0,177144.0,27709,2358649,23427,1506595,41013,3688035
2021-04-12 15:00:00,24612,2206117,33302.0,1362753,10909.0,188053.0,35521,2394170,44211,1550806,68823,3756858
2021-04-13 15:00:00,126196,2332313,91385.0,1454138,3293.0,191346.0,129489,2523659,94678,1645484,220874,3977732
2021-04-14 15:00:00,40775,2373088,37891.0,1492029,214.0,191560.0,40989,2564648,38105,1683589,78880,4056612
2021-04-15 15:00:00,41441,2414529,39642.0,1531671,176.0,191736.0,41617,2606265,39818,1723407,81259,4137871
2021-04-16 15:00:00,37189,2451718,38955.0,1570626,25.0,191761.0,37214,2643479,38980,1762387,76169,4214040
2021-04-17 15:00:00,32832,2484550,22073.0,1592699,13.0,191774.0,32845,2676324,22086,1784473,54918,4268958
2021-04-18 15:00:00,20069,2504619,16231.0,1608930,5.0,191779.0,20074,2696398,16236,1800709,36305,4305263
2021-04-19 15:00:00,29894,2534513,36566.0,1645496,60.0,191839.0,29954,2726352,36626,1837335,66520,4371783
2021-04-20 15:00:00,32946,2567459,44527.0,1690023,59.0,191898.0,33005,2759357,44586,1881921,77532,4449315
2021-04-21 15:00:00,39848,2607307,47110.0,1737133,26.0,191924.0,39874,2799231,47136,1929057,86984,4536299
2021-04-22 15:00:00,35871,2643178,42751.0,1779884,17.0,191941.0,35888,2835119,42768,1971825,78639,4614938
2021-04-23 15:00:00,33156,2676334,40202.0,1820086,14.0,191955.0,33170,2868289,40216,2012041,73372,4688310
2021-04-24 15:00:00,26433,2702767,27944.0,1848030,81.0,192036.0,26514,2894803,28025,2040066,54458,4742768
2021-04-25 15:00:00,20222,2722989,11010.0,1859040,31.0,192067.0,20253,2915056,11041,2051107,31263,4774031
2021-04-26 15:00:00,27387,2750376,32791.0,1891831,201.0,192268.0,27588,2942644,32992,2084099,60379,4834410
2021-04-27 15:00:00,26672,2777048,33137.0,1924968,1097.0,193365.0,27769,2970413,34234,2118333,60906,4895316
2021-04-28 15:00:00,28936,2805984,39596.0,1964564,1367.0,194732.0,30303,3000716,40963,2159296,69899,4965215
2021-04-29 15:00:00,27074,2833058,39816.0,2004380,1463.0,196195.0,28537,3029253,41279,2200575,68353,5033568
2021-04-30 15:00:00,28207,2861265,32339.0,2036719,1650.0,197845.0,29857,3059110,33989,2234564,62196,5095764
2021-05-01 15:00:00,20803,2882068,26867.0,2063586,1058.0,198903.0,21861,3080971,27925,2262489,48728,5144492
2021-05-02 15:00:00,10272,2892340,17096.0,2080682,823.0,199726.0,11095,3092066,17919,2280408,28191,5172683
2021-05-03 15:00:00,12732,2905072,28709.0,2109391,1917.0,201643.0,14649,3106715,30626,2311034,43358,5216041
2021-05-04 15:00:00,13560,2918632,38736.0,2148127,1742.0,203385.0,15302,3122017,40478,2351512,54038,5270079
2021-05-05 15:00:00,19302,2937934,37820.0,2185947,1924.0,205309.0,21226,3143243,39744,2391256,59046,5329125
2021-05-06 15:00:00,16923,2954857,40609.0,2226556,1722.0,207031.0,18645,3161888,42331,2433587,59254,5388379
2021-05-07 15:00:00,17575,2972432,37066.0,2263622,1959.0,208990.0,19534,3181422,39025,2472612,56600,5444979
2021-05-08 15:00:00,10790,2983222,31256.0,2294878,1293.0,210283.0,12083,3193505,32549,2505161,43339,5488318
2021-05-09 15:00:00,5076,2988298,12264.0,2307142,695.0,210978.0,5771,3199276,12959,2518120,18035,5506353
2021-05-10 15:00:00,8955,2997253,31071.0,2338213,1362.0,212340.0,10317,3209593,32433,2550553,41388,5547741
2021-05-11 15:00:00,12188,3009441,30308.0,2368521,1442.0,213782.0,13630,3223223,31750,2582303,43938,5591679
2021-05-12 15:00:00,13949,3023390,38658.0,2407179,1918.0,215700.0,15867,3239090,40576,2622879,54525,5646204
2021-05-13 15:00:00,21847,3045237,33543.0,2440722,1346.0,217046.0,23193,3262283,34889,2657768,56736,5702940
2021-05-14 15:00:00,24410,3069647,30101.0,2470823,1775.0,218821.0,26185,3288468,31876,2689644,56286,5759226
2021-05-15 15:00:00,21969,3091616,25143.0,2495966,1490.0,220311.0,23459,3311927,26633,2716277,48602,5807828
2021-05-16 15:00:00,9103,3100719,17587.0,2513553,1115.0,221426.0,10218,3322145,18702,2734979,27805,5835633
2021-05-17 15:00:00,16861,3117580,28435.0,2541988,1951.0,223377.0,18812,3340957,30386,2765365,47247,5882880
2021-05-18 15:00:00,21271,3138851,30715.0,2572703,1944.0,225321.0,23215,3364172,32659,2798024,53930,5936810
2021-05-19 15:00:00,27678,3166529,32462.0,2605165,1633.0,226954.0,29311,3393483,34095,2832119,61773,5998583
2021-05-20 15:00:00,20821,3187350,33298.0,2638463,1965.0,228919.0,22786,3416269,35263,2867382,56084,6054667
2021-05-21 15:00:00,19167,3206517,30387.0,2668850,1609.0,230528.0,20776,3437045,31996,2899378,51163,6105830
2021-05-22 15:00:00,16959,3223476,20712.0,2689562,1269.0,231797.0,18228,3455273,21981,2921359,38940,6144770
2021-05-23 15:00:00,8808,3232284,11459.0,2701021,965.0,232762.0,9773,3465046,12424,2933783,21232,6166002
2021-05-24 15:00:00,13577,3245861,17793.0,2718814,1473.0,234235.0,15050,3480096,19266,2953049,32843,6198845
2021-05-25 15:00:00,13086,3258947,18729.0,2737543,1328.0,235563.0,14414,3494510,20057,2973106,33143,6231988
2021-05-26 15:00:00,18372,3277319,19699.0,2757242,1512.0,237075.0,19884,3514394,21211,2994317,39583,6271571
2021-05-27 15:00:00,11700,3289019,18721.0,2775963,1120.0,238195.0,12820,3527214,19841,3014158,31541,6303112
2021-05-28 15:00:00,12415,3301434,19873.0,2795836,1402.0,239597.0,13817,3541031,21275,3035433,33690,6336802
2021-05-29 15:00:00,9516,3310950,11740.0,2807576,938.0,240535.0,10454,3551485,12678,3048111,22194,6358996
2021-05-30 15:00:00,4968,3315918,6446.0,2814022,596.0,241131.0,5564,3557049,7042,3055153,12010,6371006
2021-05-31 15:00:00,1779,3317697,3715.0,2817737,305.0,241436.0,2084,3559133,4020,3059173,5799,6376805
2021-06-01 15:00:00,9890,3327587,16517.0,2834254,1162.0,242598.0,11052,3570185,17679,3076852,27569,6404374
2021-06-02 15:00:00,10245,3337832,16845.0,2851099,963.0,243561.0,11208,3581393,17808,3094660,28053,6432427
2021-06-03 15:00:00,7897,3345729,21234.0,2872333,1089.0,244650.0,8986,3590379,22323,3116983,30220,6462647
2021-06-04 15:00:00,8199,3353928,22385.0,2894718,1120.0,245770.0,9319,3599698,23505,3140488,31704,6494351
2021-06-05 15:00:00,6994,3360922,19485.0,2914203,721.0,246491.0,7715,3607413,20206,3160694,27200,6521551
2021-06-06 15:00:00,3458,3364380,7265.0,2921468,426.0,246917.0,3884,3611297,7691,3168385,11149,6532700
2021-06-07 15:00:00,6857,3371237,15816.0,2937284,726.0,247643.0,7583,3618880,16542,3184927,23399,6556099
2021-06-08 15:00:00,6667,3377904,19754.0,2957038,831.0,248474.0,7498,3626378,20585,3205512,27252,6583351
2021-06-09 15:00:00,8193,3386097,24032.0,2981070,971.0,249445.0,9164,3635542,25003,3230515,33196,6616547
2021-06-10 15:00:00,7157,3393254,19157.0,3000227,895.0,250340.0,8052,3643594,20052,3250567,27209,6643756
2021-06-11 15:00:00,7489,3400743,17746.0,3017973,1126.0,251466.0,8615,3652209,18872,3269439,26361,6670117
2021-06-12 15:00:00,5243,3405986,14792.0,3032765,605.0,252071.0,5848,3658057,15397,3284836,20640,6690757
2021-06-13 15:00:00,1946,3407932,7641.0,3040406,427.0,252498.0,2373,3660430,8068,3292904,10014,6700771
2021-06-14 15:00:00,5653,3413585,11842.0,3052248,734.0,253232.0,6387,3666817,12576,3305480,18229,6719000
2021-06-15 15:00:00,5654,3419239,14360.0,3066608,873.0,254105.0,6527,3673344,15233,3320713,20887,6739887
2021-06-16 15:00:00,8731,3427970,21647.0,3088255,758.0,254863.0,9489,3682833,22405,3343118,31136,6771023
2021-06-17 15:00:00,6685,3434655,12386.0,3100641,720.0,255583.0,7405,3690238,13106,3356224,19791,6790814
2021-06-18 15:00:00,6839,3441494,12753.0,3113394,704.0,256287.0,7543,3697781,13457,3369681,20296,6811110
2021-06-19 15:00:00,4656,3446150,9389.0,3122783,614.0,256901.0,5270,3703051,10003,3379684,14659,6825769
2021-06-20 15:00:00,2514,3448664,5068.0,3127851,377.0,257278.0,2891,3705942,5445,3385129,7959,6833728
2021-06-21 15:00:00,5569,3454233,5345.0,3133196,636.0,257914.0,6205,3712147,5981,3391110,11550,6845278
2021-06-22 15:00:00,5351,3459584,9071.0,3142267,699.0,258613.0,6050,3718197,9770,3400880,15121,6860399
2021-06-23 15:00:00,6061,3465645,10368.0,3152635,645.0,259258.0,6706,3724903,11013,3411893,17074,6877473
2021-06-24 15:00:00,5931,3471576,8225.0,3160860,595.0,259853.0,6526,3731429,8820,3420713,14751,6892224
2021-06-25 15:00:00,5834,3477410,8674.0,3169534,619.0,260472.0,6453,3737882,9293,3430006,15127,6907351
2021-06-26 15:00:00,3707,3481117,6304.0,3175838,398.0,260870.0,4105,3741987,6702,3436708,10409,6917760
2021-06-27 15:00:00,2811,3483928,3526.0,3179364,185.0,261055.0,2996,3744983,3711,3440419,6522,6924282
2021-06-28 15:00:00,4929,3488857,6399.0,3185763,539.0,261594.0,5468,3750451,6938,3447357,11867,6936149
2021-06-29 15:00:00,5063,3493920,6493.0,3192256,524.0,262118.0,5587,3756038,7017,3454374,12080,6948229
2021-06-30 15:00:00,5641,3499561,7398.0,3199654,607.0,262725.0,6248,3762286,8005,3462379,13646,6961875
2021-07-01 15:00:00,5453,3505014,7012.0,3206666,505.0,263230.0,5958,3768244,7517,3469896,12970,6974845
2021-07-02 15:00:00,5308,3510322,6865.0,3213531,527.0,263757.0,5835,3774079,7392,3477288,12700,6987545
2021-07-03 15:00:00,3278,3513600,4076.0,3217607,264.0,264021.0,3542,3777621,4340,3481628,7618,6995163
2021-07-04 15:00:00,494,3514094,551.0,3218158,70.0,264091.0,564,3778185,621,3482249,1115,6996278
2021-07-05 15:00:00,3774,3517868,3954.0,3222112,287.0,264378.0,4061,3782246,4241,3486490,8015,7004293
2021-07-06 15:00:00,4491,3522359,6298.0,3228410,455.0,264833.0,4946,3787192,6753,3493243,11244,7015537
2021-07-07 15:00:00,4467,3526826,6434.0,3234844,483.0,265316.0,4950,3792142,6917,3500160,11384,7026921
2021-07-08 15:00:00,4836,3531662,6200.0,3241044,564.0,265880.0,5400,3797542,6764,3506924,11600,7038521
2021-07-09 15:00:00,5368,3537030,6699.0,3247743,573.0,266453.0,5941,3803483,7272,3514196,12640,7051161
2021-07-10 15:00:00,3529,3540559,4414.0,3252157,304.0,266757.0,3833,3807316,4718,3518914,8247,7059408
2021-07-11 15:00:00,2682,3543241,2583.0,3254740,227.0,266984.0,2909,3810225,2810,3521724,5492,7064900
2021-07-12 15:00:00,4430,3547671,5135.0,3259875,379.0,267363.0,4809,3815034,5514,3527238,9944,7074844
2021-07-13 15:00:00,4673,3552344,4733.0,3264608,366.0,267729.0,5039,3820073,5099,3532337,9772,7084616
2021-07-14 15:00:00,4637,3556981,5300.0,3269908,421.0,268150.0,5058,3825131,5721,3538058,10358,7094974
2021-07-15 15:00:00,4913,3561894,5030.0,3274938,359.0,268509.0,5272,3830403,5389,3543447,10302,7105276
2021-07-16 15:00:00,6282,3568176,5880.0,3280818,405.0,268914.0,6687,3837090,6285,3549732,12567,7117843
2021-07-17 15:00:00,3424,3571600,3555.0,3284373,304.0,269218.0,3728,3840818,3859,3553591,7283,7125126
2021-07-18 15:00:00,2311,3573911,2386.0,3286759,110.0,269328.0,2421,3843239,2496,3556087,4807,7129933
2021-07-19 15:00:00,5153,3579064,4617.0,3291376,383.0,269711.0,5536,3848775,5000,3561087,10153,7140086
2021-07-20 15:00:00,5350,3584414,4737.0,3296113,367.0,270078.0,5717,3854492,5104,3566191,10454,7150540
2021-07-21 15:00:00,5668,3590082,4972.0,3301085,415.0,270493.0,6083,3860575,5387,3571578,11055,7161595
2021-07-22 15:00:00,6032,3596114,4657.0,3305742,472.0,270965.0,6504,3867079,5129,3576707,11161,7172756
2021-07-23 15:00:00,6848,3602962,4862.0,3310604,499.0,271464.0,7347,3874426,5361,3582068,12209,7184965
2021-07-24 15:00:00,4287,3607249,3209.0,3313813,267.0,271731.0,4554,3878980,3476,3585544,7763,7192728
2021-07-25 15:00:00,3302,3610551,1124.0,3314937,142.0,271873.0,3444,3882424,1266,3586810,4568,7197296
2021-07-26 15:00:00,6224,3616775,3918.0,3318855,420.0,272293.0,6644,3889068,4338,3591148,10562,7207858
2021-07-27 15:00:00,6619,3623394,4306.0,3323161,459.0,272752.0,7078,3896146,4765,3595913,11384,7219242
2021-07-28 15:00:00,7099,3630493,4159.0,3327320,462.0,273214.0,7561,3903707,4621,3600534,11720,7230962
2021-07-29 15:00:00,7095,3637588,4330.0,3331650,420.0,273634.0,7515,3911222,4750,3605284,11845,7242807
2021-07-30 15:00:00,7836,3645424,4843.0,3336493,527.0,274161.0,8363,3919585,5370,3610654,13206,7256013
2021-07-31 15:00:00,4794,3650218,3090.0,3339583,274.0,274435.0,5068,3924653,3364,3614018,8158,7264171
2021-08-01 15:00:00,3923,3654141,2201.0,3341784,165.0,274600.0,4088,3928741,2366,3616384,6289,7270460
2021-08-02 15:00:00,7283,3661424,3854.0,3345638,342.0,274942.0,7625,3936366,4196,3620580,11479,7281939
2021-08-03 15:00:00,7282,3668706,4116.0,3349754,517.0,275459.0,7799,3944165,4633,3625213,11915,7293854
2021-08-04 15:00:00,7446,3676152,4132.0,3353886,536.0,275995.0,7982,3952147,4668,3629881,12114,7305968
2021-08-05 15:00:00,7965,3684117,4349.0,3358235,541.0,276536.0,8506,3960653,4890,3634771,12855,7318823
2021-08-06 15:00:00,8336,3692453,4766.0,3363001,454.0,276990.0,8790,3969443,5220,3639991,13556,7332379
2021-08-07 15:00:00,5305,3697758,2850.0,3365851,264.0,277254.0,5569,3975012,3114,3643105,8419,7340798
2021-08-08 15:00:00,3981,3701739,2061.0,3367912,146.0,277400.0,4127,3979139,2207,3645312,6188,7346986
2021-08-09 15:00:00,6961,3708700,4576.0,3372488,371.0,277771.0,7332,3986471,4947,3650259,11908,7358894
2021-08-10 15:00:00,7174,3715874,4512.0,3377000,340.0,278111.0,7514,3993985,4852,3655111,12026,7370920
2021-08-11 15:00:00,7108,3722982,4462.0,3381462,443.0,278554.0,7551,4001536,4905,3660016,12013,7382933
2021-08-12 15:00:00,8671,3731653,4775.0,3386237,446.0,279000.0,9117,4010653,5221,3665237,13892,7396825
2021-08-13 15:00:00,7190,3738843,5421.0,3391658,398.0,279398.0,7588,4018241,5819,3671056,13009,7409834
2021-08-14 15:00:00,4929,3743772,3358.0,3395016,288.0,279686.0,5217,4023458,3646,3674702,8575,7418409
2021-08-15 15:00:00,3332,3747104,2750.0,3397766,163.0,279849.0,3495,4026953,2913,3677615,6245,7424654
2021-08-16 15:00:00,5461,3752565,5111.0,3402877,353.0,280202.0,5814,4032767,5464,3683079,10925,7435579
2021-08-17 15:00:00,6832,3759397,5385.0,3408262,391.0,280593.0,7223,4039990,5776,3688855,12608,7448187
2021-08-18 15:00:00,6353,3765750,5534.0,3413796,481.0,281074.0,6834,4046824,6015,3694870,12368,7460555
2021-08-19 15:00:00,6243,3771993,5592.0,3419388,417.0,281491.0,6660,4053484,6009,3700879,12252,7472807
2021-08-20 15:00:00,6857,3778850,6581.0,3425969,401.0,281892.0,7258,4060742,6982,3707861,13839,7486646
2021-08-21 15:00:00,4350,3783200,3929.0,3429898,230.0,282122.0,4580,4065322,4159,3712020,8509,7495155
2021-08-22 15:00:00,3064,3786264,3179.0,3433077,111.0,282233.0,3175,4068497,3290,3715310,6354,7501509
2021-08-23 15:00:00,6004,3792268,6143.0,3439220,287.0,282520.0,6291,4074788,6430,3721740,12434,7513943
2021-08-24 15:00:00,6558,3798826,6107.0,3445327,426.0,282946.0,6984,4081772,6533,3728273,13091,7527034
2021-08-25 15:00:00,6737,3805563,6256.0,3451583,440.0,283386.0,7177,4088949,6696,3734969,13433,7540467
2021-08-26 15:00:00,6975,3812538,6690.0,3458273,427.0,283813.0,7402,4096351,7117,3742086,14092,7554559
2021-08-27 15:00:00,6848,3819386,7113.0,3465386,317.0,284130.0,7165,4103516,7430,3749516,14278,7568837
2021-08-28 15:00:00,6919,3826305,6542.0,3471928,329.0,284459.0,7248,4110764,6871,3756387,13790,7582627
2021-08-29 15:00:00,3745,3830050,3709.0,3475637,610.0,285069.0,4355,4115119,4319,3760706,8064,7590691
2021-08-30 15:00:00,5936,3835986,6160.0,3481797,962.0,286031.0,6898,4122017,7122,3767828,13058,7603749
2021-08-31 15:00:00,5912,3841898,6098.0,3487895,947.0,286978.0,6859,4128876,7045,3774873,12957,7616706
2021-09-01 15:00:00,5628,3847526,5747.0,3493642,918.0,287896.0,6546,4135422,6665,3781538,12293,7628999
2021-09-02 15:00:00,5532,3853058,5980.0,3499622,709.0,288605.0,6241,4141663,6689,3788227,12221,7641220
2021-09-03 15:00:00,6029,3859087,6986.0,3506608,977.0,289582.0,7006,4148669,7963,3796190,13992,7655212
2021-09-04 15:00:00,3742,3862829,4367.0,3510975,878.0,290460.0,4620,4153289,5245,3801435,8987,7664199
2021-09-05 15:00:00,2959,3865788,2819.0,3513794,106.0,290566.0,3065,4156354,2925,3804360,5884,7670083
2021-09-06 15:00:00,1061,3866849,1163.0,3514957,70.0,290636.0,1131,4157485,1233,3805593,2294,7672377
2021-09-07 15:00:00,5352,3872201,7326.0,3522283,2305.0,292941.0,7657,4165142,9631,3815224,14983,7687360
2021-09-08 15:00:00,4665,3876866,5508.0,3527791,364.0,293305.0,5029,4170171,5872,3821096,10537,7697897
2021-09-09 15:00:00,5030,3881896,5489.0,3533280,325.0,293630.0,5355,4175526,5814,3826910,10844,7708741
2021-09-10 15:00:00,6537,3888433,6684.0,3539964,1719.0,295349.0,8256,4183782,8403,3835313,14940,7723681
2021-09-11 15:00:00,4185,3892618,4357.0,3544321,666.0,296015.0,4851,4188633,5023,3840336,9208,7732889
2021-09-12 15:00:00,3180,3895798,3247.0,3547568,436.0,296451.0,3616,4192249,3683,3844019,6863,7739752
2021-09-13 15:00:00,4898,3900696,5085.0,3552653,347.0,296798.0,5245,4197494,5432,3849451,10330,7750082
2021-09-14 15:00:00,4779,3905475,5470.0,3558123,438.0,297236.0,5217,4202711,5908,3855359,10687,7760769
2021-09-15 15:00:00,5047,3910522,5907.0,3564030,394.0,297630.0,5441,4208152,6301,3861660,11348,7772117
2021-09-16 15:00:00,4817,3915339,5863.0,3569893,341.0,297971.0,5158,4213310,6204,3867864,11021,7783138
2021-09-17 15:00:00,5292,3920631,6601.0,3576494,344.0,298315.0,5636,4218946,6945,3874809,12237,7795375
2021-09-18 15:00:00,3826,3924457,4593.0,3581087,186.0,298501.0,4012,4222958,4779,3879588,8605,7803980
2021-09-19 15:00:00,2743,3927200,3184.0,3584271,75.0,298576.0,2818,4225776,3259,3882847,6002,7809982
2021-09-20 15:00:00,3757,3930957,4692.0,3588963,428.0,299004.0,4185,4229961,5120,3887967,8877,7818859
2021-09-21 15:00:00,4004,3934961,5027.0,3593990,327.0,299331.0,4331,4234292,5354,3893321,9358,7828217
2021-09-22 15:00:00,4194,3939155,4805.0,3598795,459.0,299790.0,4653,4238945,5264,3898585,9458,7837675
2021-09-23 15:00:00,4193,3943348,4738.0,3603533,492.0,300282.0,4685,4243630,5230,3903815,9423,7847098
2021-09-24 15:00:00,5098,3948446,5638.0,3609171,422.0,300704.0,5520,4249150,6060,3909875,11158,7858256
2021-09-25 15:00:00,3643,3952089,3649.0,3612820,384.0,301088.0,4027,4253177,4033,3913908,7676,7865932
2021-09-26 15:00:00,2353,3954442,2672.0,3615492,433.0,301521.0,2786,4255963,3105,3917013,5458,7871390
2021-09-27 15:00:00,4512,3958954,2721.0,3618213,512.0,302033.0,5024,4260987,3233,3920246,7745,7879135
2021-09-28 15:00:00,4423,3963377,4481.0,3622694,212.0,302245.0,4635,4265622,4693,3924939,9116,7888251
2021-09-29 15:00:00,4690,3968067,4540.0,3627234,920.0,303165.0,5610,4271232,5460,3930399,10150,7898401
2021-09-30 15:00:00,4895,3972962,4579.0,3631813,796.0,303961.0,5691,4276923,5375,3935774,10270,7908671
2021-10-01 15:00:00,5533,3978495,5381.0,3637194,786.0,304747.0,6319,4283242,6167,3941941,11700,7920371
2021-10-02 15:00:00,2948,3981443,2907.0,3640101,187.0,304934.0,3135,4286377,3094,3945035,6042,7926413
2021-10-03 15:00:00,2079,3983522,2386.0,3642487,87.0,305021.0,2166,4288543,2473,3947508,4552,7930965
2021-10-04 15:00:00,4035,3987557,3512.0,3645999,234.0,305255.0,4269,4292812,3746,3951254,7781,7938746
2021-10-05 15:00:00,3966,3991523,3681.0,3649680,206.0,305461.0,4172,4296984,3887,3955141,7853,7946599
2021-10-06 15:00:00,4035,3995558,3582.0,3653262,266.0,305727.0,4301,4301285,3848,3958989,7883,7954482
2021-10-07 15:00:00,4236,3999794,3662.0,3656924,332.0,306059.0,4568,4305853,3994,3962983,8230,7962712
2021-10-08 15:00:00,4782,4004576,4315.0,3661239,283.0,306342.0,5065,4310918,4598,3967581,9380,7972092
2021-10-09 15:00:00,2693,4007269,2686.0,3663925,270.0,306612.0,2963,4313881,2956,3970537,5649,7977741
2021-10-10 15:00:00,1860,4009129,1855.0,3665780,60.0,306672.0,1920,4315801,1915,3972452,3775,7981516
2021-10-11 15:00:00,4216,4013345,3320.0,3669100,251.0,306923.0,4467,4320268,3571,3976023,7787,7989303
2021-10-12 15:00:00,3608,4016953,3549.0,3672649,277.0,307200.0,3885,4324153,3826,3979849,7434,7996737
2021-10-13 15:00:00,3994,4020947,3480.0,3676129,346.0,307546.0,4340,4328493,3826,3983675,7820,8004557
2021-10-14 15:00:00,5176,4026123,5511.0,3681640,430.0,307976.0,5606,4334099,5941,3989616,11117,8015674
2021-10-15 15:00:00,4770,4030893,4624.0,3686264,347.0,308323.0,5117,4339216,4971,3994587,9741,8025415
2021-10-16 15:00:00,2498,4033391,2531.0,3688795,291.0,308614.0,2789,4342005,2822,3997409,5320,8030735
2021-10-17 15:00:00,1811,4035202,1781.0,3690576,55.0,308669.0,1866,4343871,1836,3999245,3647,8034382
2021-10-18 15:00:00,4280,4039482,3587.0,3694163,283.0,308952.0,4563,4348434,3870,4003115,8150,8042532
2021-10-19 15:00:00,4305,4043787,4039.0,3698202,223.0,309175.0,4528,4352962,4262,4007377,8567,8051099
2021-10-20 15:00:00,3546,4047333,3437.0,3701639,259.0,309434.0,3805,4356767,3696,4011073,7242,8058341
2021-10-21 15:00:00,3311,4050644,3287.0,3704926,291.0,309725.0,3602,4360369,3578,4014651,6889,8065230
2021-10-22 15:00:00,4691,4055335,4042.0,3708968,477.0,310202.0,5168,4365537,4519,4019170,9210,8074440
2021-10-23 15:00:00,2887,4058222,2121.0,3711089,322.0,310524.0,3209,4368746,2443,4021613,5330,8079770
2021-10-24 15:00:00,2057,4060279,1555.0,3712644,79.0,310603.0,2136,4370882,1634,4023247,3691,8083461
2021-10-25 15:00:00,4558,4064837,3084.0,3715728,323.0,310926.0,4881,4375763,3407,4026654,7965,8091426
2021-10-26 15:00:00,4544,4069381,3091.0,3718819,316.0,311242.0,4860,4380623,3407,4030061,7951,8099377
2021-10-27 15:00:00,4730,4074111,3354.0,3722173,436.0,311678.0,5166,4385789,3790,4033851,8520,8107897
2021-10-28 15:00:00,4569,4078680,3377.0,3725550,501.0,312179.0,5070,4390859,3878,4037729,8447,8116344
2021-10-29 15:00:00,5000,4083680,3935.0,3729485,396.0,312575.0,5396,4396255,4331,4042060,9331,8125675
2021-10-30 15:00:00,2631,4086311,1850.0,3731335,306.0,312881.0,2937,4399192,2156,4044216,4787,8130462
2021-10-31 15:00:00,1935,4088246,1522.0,3732857,94.0,312975.0,2029,4401221,1616,4045832,3551,8134013
2021-11-01 15:00:00,4753,4092999,3456.0,3736313,352.0,313327.0,5105,4406326,3808,4049640,8561,8142574
2021-11-02 15:00:00,4279,4097278,2950.0,3739263,410.0,313737.0,4689,4411015,3360,4053000,7639,8150213
2021-11-03 15:00:00,4681,4101959,3052.0,3742315,464.0,314201.0,5145,4416160,3516,4056516,8197,8158410
2021-11-04 15:00:00,6332,4108291,3386.0,3745701,530.0,314731.0,6862,4423022,3916,4060432,10248,8168658
2021-11-05 15:00:00,8265,4116556,3786.0,3749487,415.0,315146.0,8680,4431702,4201,4064633,12466,8181124
2021-11-06 15:00:00,10207,4126763,1976.0,3751463,309.0,315455.0,10516,4442218,2285,4066918,12492,8193616
2021-11-07 15:00:00,7755,4134518,1463.0,3752926,95.0,315550.0,7850,4450068,1558,4068476,9313,8202929
2021-11-08 15:00:00,11362,4145880,3066.0,3755992,379.0,315929.0,11741,4461809,3445,4071921,14807,8217736
2021-11-09 15:00:00,11811,4157691,2658.0,3758650,268.0,316197.0,12079,4473888,2926,4074847,14737,8232473
2021-11-10 15:00:00,12641,4170332,2775.0,3761425,340.0,316537.0,12981,4486869,3115,4077962,15756,8248229
2021-11-11 15:00:00,11447,4181779,2385.0,3763810,280.0,316817.0,11727,4498596,2665,4080627,14112,8262341
2021-11-12 15:00:00,12386,4194165,3378.0,3767188,548.0,317365.0,12934,4511530,3926,4084553,16312,8278653
2021-11-13 15:00:00,9983,4204148,1603.0,3768791,342.0,317707.0,10325,4521855,1945,4086498,11928,8290581
2021-11-14 15:00:00,4249,4208397,1119.0,3769910,121.0,317828.0,4370,4526225,1240,4087738,5489,8296070
2021-11-15 15:00:00,8655,4217052,2523.0,3772433,211.0,318039.0,8866,4535091,2734,4090472,11389,8307459
2021-11-16 15:00:00,9300,4226352,2517.0,3774950,258.0,318297.0,9558,4544649,2775,4093247,12075,8319534
2021-11-17 15:00:00,9423,4235775,2868.0,3777818,313.0,318610.0,9736,4554385,3181,4096428,12604,8332138
2021-11-18 15:00:00,9334,4245109,2628.0,3780446,481.0,319091.0,9815,4564200,3109,4099537,12443,8344581
2021-11-19 15:00:00,9853,4254962,2929.0,3783375,382.0,319473.0,10235,4574435,3311,4102848,13164,8357745
2021-11-20 15:00:00,10665,4265627,1604.0,3784979,455.0,319928.0,11120,4585555,2059,4104907,12724,8370469
2021-11-21 15:00:00,4396,4270023,1209.0,3786188,100.0,320028.0,4496,4590051,1309,4106216,5705,8376174
2021-11-22 15:00:00,9854,4279877,2516.0,3788704,293.0,320321.0,10147,4600198,2809,4109025,12663,8388837
2021-11-23 15:00:00,9261,4289138,2410.0,3791114,318.0,320639.0,9579,4609777,2728,4111753,11989,8400826
2021-11-24 15:00:00,8193,4297331,2444.0,3793558,215.0,320854.0,8408,4618185,2659,4114412,10852,8411678
2021-11-25 15:00:00,235,4297566,81.0,3793639,10.0,320864.0,245,4618430,91,4114503,326,8412004
2021-11-26 15:00:00,5674,4303240,3984.0,3797623,153.0,321017.0,5827,4624257,4137,4118640,9811,8421815
2021-11-27 15:00:00,3781,4307021,5499.0,3803122,134.0,321151.0,3915,4628172,5633,4124273,9414,8431229
2021-11-28 15:00:00,2408,4309429,6414.0,3809536,77.0,321228.0,2485,4630657,6491,4130764,8899,8440128
2021-11-29 15:00:00,6390,4315819,9342.0,3818878,380.0,321608.0,6770,4637427,9722,4140486,16112,8456240
2021-11-30 15:00:00,6284,4322103,9374.0,3828252,264.0,321872.0,6548,4643975,9638,4150124,15922,8472162
2021-12-01 15:00:00,7362,4329465,9796.0,3838048,310.0,322182.0,7672,4651647,10106,4160230,17468,8489630
2021-12-02 15:00:00,6971,4336436,8870.0,3846918,463.0,322645.0,7434,4659081,9333,4169563,16304,8505934
2021-12-03 15:00:00,7656,4344092,9384.0,3856302,253.0,322898.0,7909,4666990,9637,4179200,17293,8523227
2021-12-04 15:00:00,5962,4350054,10171.0,3866473,468.0,323366.0,6430,4673420,10639,4189839,16601,8539828
2021-12-05 15:00:00,3448,4353502,3586.0,3870059,79.0,323445.0,3527,4676947,3665,4193504,7113,8546941
2021-12-06 15:00:00,6780,4360282,7125.0,3877184,289.0,323734.0,7069,4684016,7414,4200918,14194,8561135
2021-12-07 15:00:00,6466,4366748,7098.0,3884282,254.0,323988.0,6720,4690736,7352,4208270,13818,8574953
2021-12-08 15:00:00,6950,4373698,7451.0,3891733,316.0,324304.0,7266,4698002,7767,4216037,14717,8589670
2021-12-09 15:00:00,6556,4380254,7083.0,3898816,412.0,324716.0,6968,4704970,7495,4223532,14051,8603721
2021-12-10 15:00:00,7314,4387568,7372.0,3906188,260.0,324976.0,7574,4712544,7632,4231164,14946,8618667
2021-12-11 15:00:00,4467,4392035,7718.0,3913906,333.0,325309.0,4800,4717344,8051,4239215,12518,8631185
2021-12-12 15:00:00,4011,4396046,2816.0,3916722,60.0,325369.0,4071,4721415,2876,4242091,6887,8638072
2021-12-13 15:00:00,5798,4401844,5842.0,3922564,243.0,325612.0,6041,4727456,6085,4248176,11883,8649955
2021-12-14 15:00:00,6478,4408322,5970.0,3928534,223.0,325835.0,6701,4734157,6193,4254369,12671,8662626
2021-12-15 15:00:00,7203,4415525,5746.0,3934280,259.0,326094.0,7462,4741619,6005,4260374,13208,8675834
2021-12-16 15:00:00,7921,4423446,2840.0,3937120,423.0,326517.0,8344,4749963,3263,4263637,11184,8687018
2021-12-17 15:00:00,7884,4431330,4196.0,3941316,195.0,326712.0,8079,4758042,4391,4268028,12275,8699293
2021-12-18 15:00:00,5869,4437199,3209.0,3944525,298.0,327010.0,6167,4764209,3507,4271535,9376,8708669
2021-12-19 15:00:00,3391,4440590,1355.0,3945880,37.0,327047.0,3428,4767637,1392,4272927,4783,8713452
2021-12-20 15:00:00,8122,4448712,3776.0,3949656,174.0,327221.0,8296,4775933,3950,4276877,12072,8725524
2021-12-21 15:00:00,9096,4457808,4233.0,3953889,177.0,327398.0,9273,4785206,4410,4281287,13506,8739030
2021-12-22 15:00:00,8728,4466536,3921.0,3957810,184.0,327582.0,8912,4794118,4105,4285392,12833,8751863
2021-12-23 15:00:00,8463,4474999,3604.0,3961414,359.0,327941.0,8822,4802940,3963,4289355,12426,8764289
2021-12-24 15:00:00,1637,4476636,1018.0,3962432,39.0,327980.0,1676,4804616,1057,4290412,2694,8766983
2021-12-25 15:00:00,47,4476683,36.0,3962468,1.0,327981.0,48,4804664,37,4290449,84,8767067
2021-12-26 15:00:00,2520,4479203,1757.0,3964225,44.0,328025.0,2564,4807228,1801,4292250,4321,8771388
2021-12-27 15:00:00,7269,4486472,4060.0,3968285,297.0,328322.0,7566,4814794,4357,4296607,11626,8783014
2021-12-28 15:00:00,7978,4494450,3892.0,3972177,179.0,328501.0,8157,4822951,4071,4300678,12049,8795063
2021-12-29 15:00:00,8276,4502726,4044.0,3976221,157.0,328658.0,8433,4831384,4201,4304879,12477,8807540
2021-12-30 15:00:00,7514,4510240,3819.0,3980040,291.0,328949.0,7805,4839189,4110,4308989,11624,8819164
2021-12-31 15:00:00,2590,4512830,1546.0,3981586,89.0,329038.0,2679,4841868,1635,4310624,4225,8823389
2022-01-01 15:00:00,745,4513575,354.0,3981940,34.0,329072.0,779,4842647,388,4311012,1133,8824522
2022-01-02 15:00:00,2220,4515795,1655.0,3983595,49.0,329121.0,2269,4844916,1704,4312716,3924,8828446
2022-01-03 15:00:00,3394,4519189,2095.0,3985690,224.0,329345.0,3618,4848534,2319,4315035,5713,8834159
2022-01-04 15:00:00,5877,4525066,3543.0,3989233,165.0,329510.0,6042,4854576,3708,4318743,9585,8843744
2022-01-05 15:00:00,6854,4531920,4722.0,3993955,176.0,329686.0,7030,4861606,4898,4323641,11752,8855496
2022-01-06 15:00:00,6837,4538757,4887.0,3998842,265.0,329951.0,7102,4868708,5152,4328793,11989,8867485
2022-01-07 15:00:00,6050,4544807,3866.0,4002708,162.0,330113.0,6212,4874920,4028,4332821,10078,8877563
2022-01-08 15:00:00,4822,4549629,3942.0,4006650,78.0,330191.0,4900,4879820,4020,4336841,8842,8886405
2022-01-09 15:00:00,2769,4552398,2028.0,4008678,154.0,330345.0,2923,4882743,2182,4339023,4951,8891356
2022-01-10 15:00:00,6374,4558772,3883.0,4012561,160.0,330505.0,6534,4889277,4043,4343066,10417,8901773
2022-01-11 15:00:00,6555,4565327,4315.0,4016876,143.0,330648.0,6698,4895975,4458,4347524,11013,8912786
2022-01-12 15:00:00,6842,4572169,4473.0,4021349,224.0,330872.0,7066,4903041,4697,4352221,11539,8924325
2022-01-13 15:00:00,6713,4578882,4416.0,4025765,153.0,331025.0,6866,4909907,4569,4356790,11282,8935607
2022-01-14 15:00:00,7279,4586161,3318.0,4029083,253.0,331278.0,7532,4917439,3571,4360361,10850,8946457
2022-01-15 15:00:00,4299,4590460,1701.0,4030784,71.0,331349.0,4370,4921809,1772,4362133,6071,8952528
2022-01-16 15:00:00,2224,4592684,1326.0,4032110,116.0,331465.0,2340,4924149,1442,4363575,3666,8956194
2022-01-17 15:00:00,3635,4596319,2392.0,4034502,75.0,331540.0,3710,4927859,2467,4366042,6102,8962296
2022-01-18 15:00:00,5303,4601622,4240.0,4038742,103.0,331643.0,5406,4933265,4343,4370385,9646,8971942
2022-01-19 15:00:00,5308,4606930,4509.0,4043251,99.0,331742.0,5407,4938672,4608,4374993,9916,8981858
2022-01-20 15:00:00,4544,4611474,3649.0,4046900,176.0,331918.0,4720,4943392,3825,4378818,8369,8990227
2022-01-21 15:00:00,5616,4617090,2954.0,4049854,126.0,332044.0,5742,4949134,3080,4381898,8696,8998923
2022-01-22 15:00:00,3481,4620571,1731.0,4051585,134.0,332178.0,3615,4952749,1865,4383763,5346,9004269
2022-01-23 15:00:00,2051,4622622,1502.0,4053087,30.0,332208.0,2081,4954830,1532,4385295,3583,9007852
2022-01-24 15:00:00,4143,4626765,2783.0,4055870,90.0,332298.0,4233,4959063,2873,4388168,7016,9014868
2022-01-25 15:00:00,3857,4630622,3337.0,4059207,95.0,332393.0,3952,4963015,3432,4391600,7289,9022157
2022-01-26 15:00:00,3898,4634520,3728.0,4062935,95.0,332488.0,3993,4967008,3823,4395423,7721,9029878
2022-01-27 15:00:00,3766,4638286,3968.0,4066903,188.0,332676.0,3954,4970962,4156,4399579,7922,9037800
2022-01-28 15:00:00,3869,4642155,3302.0,4070205,76.0,332752.0,3945,4974907,3378,4402957,7247,9045047
2022-01-29 15:00:00,2313,4644468,2305.0,4072510,117.0,332869.0,2430,4977337,2422,4405379,4735,9049782
2022-01-30 15:00:00,1564,4646032,1649.0,4074159,16.0,332885.0,1580,4978917,1665,4407044,3229,9053011
2022-01-31 15:00:00,3012,4649044,3250.0,4077409,58.0,332943.0,3070,4981987,3308,4410352,6320,9059331
2022-02-01 15:00:00,2662,4651706,3419.0,4080828,75.0,333018.0,2737,4984724,3494,4413846,6156,9065487
2022-02-02 15:00:00,2839,4654545,3737.0,4084565,78.0,333096.0,2917,4987641,3815,4417661,6654,9072141
2022-02-03 15:00:00,2768,4657313,3690.0,4088255,42.0,333138.0,2810,4990451,3732,4421393,6500,9078641
2022-02-04 15:00:00,2797,4660110,4414.0,4092669,128.0,333266.0,2925,4993376,4542,4425935,7339,9085980
2022-02-05 15:00:00,1927,4662037,2915.0,4095584,112.0,333378.0,2039,4995415,3027,4428962,4954,9090934
2022-02-06 15:00:00,1078,4663115,1361.0,4096945,24.0,333402.0,1102,4996517,1385,4430347,2463,9093397
2022-02-07 15:00:00,2083,4665198,2716.0,4099661,51.0,333453.0,2134,4998651,2767,4433114,4850,9098247
2022-02-08 15:00:00,2103,4667301,3114.0,4102775,63.0,333516.0,2166,5000817,3177,4436291,5280,9103527
2022-02-09 15:00:00,2214,4669515,3327.0,4106102,76.0,333592.0,2290,5003107,3403,4439694,5617,9109144
2022-02-10 15:00:00,2109,4671624,2892.0,4108994,55.0,333647.0,2164,5005271,2947,4442641,5056,9114200
2022-02-11 15:00:00,2526,4674150,3538.0,4112532,123.0,333770.0,2649,5007920,3661,4446302,6187,9120387
2022-02-12 15:00:00,1687,4675837,2325.0,4114857,97.0,333867.0,1784,5009704,2422,4448724,4109,9124496
2022-02-13 15:00:00,739,4676576,1087.0,4115944,17.0,333884.0,756,5010460,1104,4449828,1843,9126339
2022-02-14 15:00:00,1465,4678041,2249.0,4118193,65.0,333949.0,1530,5011990,2314,4452142,3779,9130118
2022-02-15 15:00:00,1957,4679998,2483.0,4120676,47.0,333996.0,2004,5013994,2530,4454672,4487,9134605
2022-02-16 15:00:00,1699,4681697,2462.0,4123138,52.0,334048.0,1751,5015745,2514,4457186,4213,9138818
2022-02-17 15:00:00,16887,4698584,13064.0,4136202,488.0,334536.0,17375,5033120,13552,4470738,30439,9169257
2022-02-18 15:00:00,2024,4700608,2626.0,4138828,50.0,334586.0,2074,5035194,2676,4473414,4700,9173957
2022-02-19 15:00:00,1248,4701856,1726.0,4140554,39.0,334625.0,1287,5036481,1765,4475179,3013,9176970
2022-02-20 15:00:00,721,4702577,855.0,4141409,15.0,334640.0,736,5037217,870,4476049,1591,9178561
2022-02-21 15:00:00,1322,4703899,1800.0,4143209,32.0,334672.0,1354,5038571,1832,4477881,3154,9181715
2022-02-22 15:00:00,1481,4705380,1953.0,4145162,37.0,334709.0,1518,5040089,1990,4479871,3471,9185186
2022-02-23 15:00:00,1603,4706983,1939.0,4147101,36.0,334745.0,1639,5041728,1975,4481846,3578,9188764
2022-02-24 15:00:00,1524,4708507,1706.0,4148807,39.0,334784.0,1563,5043291,1745,4483591,3269,9192033
2022-02-25 15:00:00,1712,4710219,1887.0,4150694,72.0,334856.0,1784,5045075,1959,4485550,3671,9195704
2022-02-26 15:00:00,1214,4711433,1248.0,4151942,46.0,334902.0,1260,5046335,1294,4486844,2508,9198212
2022-02-27 15:00:00,586,4712019,534.0,4152476,15.0,334917.0,601,5046936,549,4487393,1135,9199347
2022-02-28 15:00:00,1298,4713317,1349.0,4153825,35.0,334952.0,1333,5048269,1384,4488777,2682,9202029
2022-03-01 15:00:00,1370,4714687,1361.0,4155186,28.0,334980.0,1398,5049667,1389,4490166,2759,9204788
2022-03-02 15:00:00,1172,4715859,1338.0,4156524,67.0,335047.0,1239,5050906,1405,4491571,2577,9207365
2022-03-03 15:00:00,1221,4717080,1268.0,4157792,32.0,335079.0,1253,5052159,1300,4492871,2521,9209886
2022-03-04 15:00:00,698,4717778,834.0,4158626,21.0,335100.0,719,5052878,855,4493726,1553,9211439
