VACCINATION_DATE,FirstDailyDose,FirstDoseCumulative,SecondDailyDose,SecondDoseCumulative,SingleDailyDose,SingleDoseCumulative,AtleastOneVaccine,AtleastOneVaccineCumulative,CompletedVax,CompletedVaxCumulative,FirstSecondSingleVaccinations,FirstSecondSingleVaccinationsCumulative
2020-12-14 15:00:00,17,1218,,490,,,17,1218,0,490,17,1600
2020-12-15 15:00:00,56,1274,3.0,493,,,56,1274,3,493,59,1659
2020-12-16 15:00:00,584,1858,3.0,496,,,584,1858,3,496,587,2246
2020-12-17 15:00:00,1151,3009,2.0,498,,,1151,3009,2,498,1153,3399
2020-12-18 15:00:00,3001,6010,12.0,510,,,3001,6010,12,510,3013,6412
2020-12-19 15:00:00,927,6937,5.0,515,,,927,6937,5,515,932,7344
2020-12-20 15:00:00,346,7283,4.0,519,,,346,7283,4,519,350,7694
2020-12-21 15:00:00,3874,11157,25.0,544,,,3874,11157,25,544,3899,11593
2020-12-22 15:00:00,6304,17461,23.0,567,,,6304,17461,23,567,6327,17920
2020-12-23 15:00:00,5765,23226,33.0,600,,,5765,23226,33,600,5798,23718
2020-12-24 15:00:00,2718,25944,14.0,614,,,2718,25944,14,614,2732,26450
2020-12-25 15:00:00,1033,26977,4.0,618,,,1033,26977,4,618,1037,27487
2020-12-26 15:00:00,1875,28852,9.0,627,,,1875,28852,9,627,1884,29371
2020-12-27 15:00:00,1799,30651,10.0,637,,,1799,30651,10,637,1809,31180
2020-12-28 15:00:00,8971,39622,41.0,678,,,8971,39622,41,678,9012,40192
2020-12-29 15:00:00,10946,50568,47.0,725,,,10946,50568,47,725,10993,51185
2020-12-30 15:00:00,12482,63050,75.0,800,,,12482,63050,75,800,12557,63742
2020-12-31 15:00:00,7539,70589,40.0,840,,,7539,70589,40,840,7579,71321
2021-01-01 15:00:00,2876,73465,129.0,969,,,2876,73465,129,969,3005,74326
2021-01-02 15:00:00,3016,76481,34.0,1003,,,3016,76481,34,1003,3050,77376
2021-01-03 15:00:00,3390,79871,80.0,1083,,,3390,79871,80,1083,3470,80846
2021-01-04 15:00:00,13317,93188,320.0,1403,,,13317,93188,320,1403,13637,94483
2021-01-05 15:00:00,12445,105633,531.0,1934,,,12445,105633,531,1934,12976,107459
2021-01-06 15:00:00,15214,120847,850.0,2784,,,15214,120847,850,2784,16064,123523
2021-01-07 15:00:00,14990,135837,1748.0,4532,,,14990,135837,1748,4532,16738,140261
2021-01-08 15:00:00,23971,159808,2755.0,7287,,,23971,159808,2755,7287,26726,166987
2021-01-09 15:00:00,5150,164958,945.0,8232,,,5150,164958,945,8232,6095,173082
2021-01-10 15:00:00,2947,167905,375.0,8607,,,2947,167905,375,8607,3322,176404
2021-01-11 15:00:00,13694,181599,3454.0,12061,,,13694,181599,3454,12061,17148,193552
2021-01-12 15:00:00,17352,198951,5571.0,17632,,,17352,198951,5571,17632,22923,216475
2021-01-13 15:00:00,18571,217522,3893.0,21525,,,18571,217522,3893,21525,22464,238939
2021-01-14 15:00:00,17803,235325,1942.0,23467,,,17803,235325,1942,23467,19745,258684
2021-01-15 15:00:00,19415,254740,2001.0,25468,,,19415,254740,2001,25468,21416,280100
2021-01-16 15:00:00,5802,260542,1602.0,27070,,,5802,260542,1602,27070,7404,287504
2021-01-17 15:00:00,2107,262649,1476.0,28546,,,2107,262649,1476,28546,3583,291087
2021-01-18 15:00:00,7061,269710,3241.0,31787,,,7061,269710,3241,31787,10302,301389
2021-01-19 15:00:00,16909,286619,5381.0,37168,,,16909,286619,5381,37168,22290,323679
2021-01-20 15:00:00,20979,307598,5291.0,42459,,,20979,307598,5291,42459,26270,349949
2021-01-21 15:00:00,23755,331353,3794.0,46253,,,23755,331353,3794,46253,27549,377498
2021-01-22 15:00:00,28637,359990,3711.0,49964,,,28637,359990,3711,49964,32348,409846
2021-01-23 15:00:00,10098,370088,1927.0,51891,,,10098,370088,1927,51891,12025,421871
2021-01-24 15:00:00,3338,373426,1720.0,53611,,,3338,373426,1720,53611,5058,426929
2021-01-25 15:00:00,16287,389713,8572.0,62183,,,16287,389713,8572,62183,24859,451788
2021-01-26 15:00:00,17536,407249,8953.0,71136,,,17536,407249,8953,71136,26489,478277
2021-01-27 15:00:00,24442,431691,12517.0,83653,,,24442,431691,12517,83653,36959,515236
2021-01-28 15:00:00,22642,454333,9287.0,92940,,,22642,454333,9287,92940,31929,547165
2021-01-29 15:00:00,24756,479089,7879.0,100819,,,24756,479089,7879,100819,32635,579800
2021-01-30 15:00:00,17761,496850,2528.0,103347,,,17761,496850,2528,103347,20289,600089
2021-01-31 15:00:00,3752,500602,1343.0,104690,,,3752,500602,1343,104690,5095,605184
2021-02-01 15:00:00,7808,508410,5225.0,109915,,,7808,508410,5225,109915,13033,618217
2021-02-02 15:00:00,12458,520868,13792.0,123707,,,12458,520868,13792,123707,26250,644467
2021-02-03 15:00:00,18216,539084,18084.0,141791,,,18216,539084,18084,141791,36300,680767
2021-02-04 15:00:00,22082,561166,15735.0,157526,,,22082,561166,15735,157526,37817,718584
2021-02-05 15:00:00,20327,581493,17370.0,174896,,,20327,581493,17370,174896,37697,756281
2021-02-06 15:00:00,11306,592799,14445.0,189341,,,11306,592799,14445,189341,25751,782032
2021-02-07 15:00:00,5939,598738,1801.0,191142,,,5939,598738,1801,191142,7740,789772
2021-02-08 15:00:00,12945,611683,12903.0,204045,,,12945,611683,12903,204045,25848,815620
2021-02-09 15:00:00,16616,628299,13832.0,217877,,,16616,628299,13832,217877,30448,846068
2021-02-10 15:00:00,19263,647562,21195.0,239072,,,19263,647562,21195,239072,40458,886526
2021-02-11 15:00:00,22849,670411,17293.0,256365,,,22849,670411,17293,256365,40142,926668
2021-02-12 15:00:00,20362,690773,19589.0,275954,,,20362,690773,19589,275954,39951,966619
2021-02-13 15:00:00,11414,702187,6392.0,282346,,,11414,702187,6392,282346,17806,984425
2021-02-14 15:00:00,7107,709294,2103.0,284449,,,7107,709294,2103,284449,9210,993635
2021-02-15 15:00:00,11739,721033,13294.0,297743,,,11739,721033,13294,297743,25033,1018668
2021-02-16 15:00:00,16580,737613,20982.0,318725,,,16580,737613,20982,318725,37562,1056230
2021-02-17 15:00:00,20640,758253,26348.0,345073,,,20640,758253,26348,345073,46988,1103218
2021-02-18 15:00:00,3189,761442,4606.0,349679,,,3189,761442,4606,349679,7795,1111013
2021-02-19 15:00:00,10242,771684,19902.0,369581,,,10242,771684,19902,369581,30144,1141157
2021-02-20 15:00:00,10295,781979,20256.0,389837,,,10295,781979,20256,389837,30551,1171708
2021-02-21 15:00:00,6158,788137,7625.0,397462,,,6158,788137,7625,397462,13783,1185491
2021-02-22 15:00:00,8016,796153,15449.0,412911,,,8016,796153,15449,412911,23465,1208956
2021-02-23 15:00:00,15512,811665,15939.0,428850,,,15512,811665,15939,428850,31451,1240407
2021-02-24 15:00:00,17919,829584,24730.0,453580,,,17919,829584,24730,453580,42649,1283056
2021-02-25 15:00:00,20378,849962,26524.0,480104,,,20378,849962,26524,480104,46902,1329958
2021-02-26 15:00:00,26694,876656,26172.0,506276,,,26694,876656,26172,506276,52866,1382824
2021-02-27 15:00:00,15982,892638,11121.0,517397,,,15982,892638,11121,517397,27103,1409927
2021-02-28 15:00:00,15489,908127,4863.0,522260,,,15489,908127,4863,522260,20352,1430279
2021-03-01 15:00:00,26471,934598,12465.0,534725,,,26471,934598,12465,534725,38936,1469215
2021-03-02 15:00:00,23863,958461,13240.0,547965,32.0,32.0,23895,958493,13272,547997,37135,1506350
2021-03-03 15:00:00,30125,988586,18357.0,566322,182.0,214.0,30307,988800,18539,566536,48664,1555014
2021-03-04 15:00:00,30934,1019520,18149.0,584471,4065.0,4279.0,34999,1023799,22214,588750,53148,1608162
2021-03-05 15:00:00,29412,1048932,19435.0,603906,4911.0,9190.0,34323,1058122,24346,613096,53758,1661920
2021-03-06 15:00:00,17849,1066781,8958.0,612864,6005.0,15195.0,23854,1081976,14963,628059,32812,1694732
2021-03-07 15:00:00,12107,1078888,4833.0,617697,6613.0,21808.0,18720,1100696,11446,639505,23553,1718285
2021-03-08 15:00:00,25830,1104718,8799.0,626496,8276.0,30084.0,34106,1134802,17075,656580,42905,1761190
2021-03-09 15:00:00,26082,1130800,15421.0,641917,8347.0,38431.0,34429,1169231,23768,680348,49850,1811040
2021-03-10 15:00:00,29813,1160613,15963.0,657880,7936.0,46367.0,37749,1206980,23899,704247,53712,1864752
2021-03-11 15:00:00,35937,1196550,16395.0,674275,3983.0,50350.0,39920,1246900,20378,724625,56315,1921067
2021-03-12 15:00:00,36876,1233426,18047.0,692322,2920.0,53270.0,39796,1286696,20967,745592,57843,1978910
2021-03-13 15:00:00,22645,1256071,10252.0,702574,1621.0,54891.0,24266,1310962,11873,757465,34518,2013428
2021-03-14 15:00:00,17838,1273909,6694.0,709268,999.0,55890.0,18837,1329799,7693,765158,25531,2038959
2021-03-15 15:00:00,29784,1303693,11257.0,720525,593.0,56483.0,30377,1360176,11850,777008,41634,2080593
2021-03-16 15:00:00,33403,1337096,13539.0,734064,766.0,57249.0,34169,1394345,14305,791313,47708,2128301
2021-03-17 15:00:00,37536,1374632,17004.0,751068,1175.0,58424.0,38711,1433056,18179,809492,55715,2184016
2021-03-18 15:00:00,41402,1416034,12591.0,763659,1348.0,59772.0,42750,1475806,13939,823431,55341,2239357
2021-03-19 15:00:00,38285,1454319,15372.0,779031,1036.0,60808.0,39321,1515127,16408,839839,54693,2294050
2021-03-20 15:00:00,24666,1478985,10110.0,789141,699.0,61507.0,25365,1540492,10809,850648,35475,2329525
2021-03-21 15:00:00,19156,1498141,7836.0,796977,334.0,61841.0,19490,1559982,8170,858818,27326,2356851
2021-03-22 15:00:00,32553,1530694,11434.0,808411,834.0,62675.0,33387,1593369,12268,871086,44821,2401672
2021-03-23 15:00:00,37727,1568421,17305.0,825716,1553.0,64228.0,39280,1632649,18858,889944,56585,2458257
2021-03-24 15:00:00,41054,1609475,21143.0,846859,1381.0,65609.0,42435,1675084,22524,912468,63578,2521835
2021-03-25 15:00:00,42322,1651797,21004.0,867863,2457.0,68066.0,44779,1719863,23461,935929,65783,2587618
2021-03-26 15:00:00,36590,1688387,26260.0,894123,2498.0,70564.0,39088,1758951,28758,964687,65348,2652966
2021-03-27 15:00:00,26915,1715302,16772.0,910895,2484.0,73048.0,29399,1788350,19256,983943,46171,2699137
2021-03-28 15:00:00,17005,1732307,12606.0,923501,1615.0,74663.0,18620,1806970,14221,998164,31226,2730363
2021-03-29 15:00:00,29701,1762008,26215.0,949716,1140.0,75803.0,30841,1837811,27355,1025519,57056,2787419
2021-03-30 15:00:00,40016,1802024,28915.0,978631,1856.0,77659.0,41872,1879683,30771,1056290,70787,2858206
2021-03-31 15:00:00,41021,1843045,34597.0,1013228,5749.0,83408.0,46770,1926453,40346,1096636,81367,2939573
2021-04-01 15:00:00,41082,1884127,39876.0,1053104,5664.0,89072.0,46746,1973199,45540,1142176,86622,3026195
2021-04-02 15:00:00,34987,1919114,32490.0,1085594,6119.0,95191.0,41106,2014305,38609,1180785,73596,3099791
2021-04-03 15:00:00,21615,1940729,18661.0,1104255,4367.0,99558.0,25982,2040287,23028,1203813,44643,3144434
2021-04-04 15:00:00,8242,1948971,10173.0,1114428,964.0,100522.0,9206,2049493,11137,1214950,19379,3163813
2021-04-05 15:00:00,27896,1976867,28846.0,1143274,6653.0,107175.0,34549,2084042,35499,1250449,63395,3227208
2021-04-06 15:00:00,39732,2016599,30393.0,1173667,10489.0,117664.0,50221,2134263,40882,1291331,80614,3307822
2021-04-07 15:00:00,36024,2052623,34192.0,1207859,12973.0,130637.0,48997,2183260,47165,1338496,83189,3391011
2021-04-08 15:00:00,42288,2094911,36004.0,1243863,13852.0,144489.0,56140,2239400,49856,1388352,92144,3483155
2021-04-09 15:00:00,34001,2128912,36276.0,1280139,14523.0,159012.0,48524,2287924,50799,1439151,84800,3567955
2021-04-10 15:00:00,23442,2152354,23092.0,1303231,7631.0,166643.0,31073,2318997,30723,1469874,54165,3622120
2021-04-11 15:00:00,17550,2169904,13265.0,1316496,10122.0,176765.0,27672,2346669,23387,1493261,40937,3663057
2021-04-12 15:00:00,24572,2194476,33125.0,1349621,10895.0,187660.0,35467,2382136,44020,1537281,68592,3731649
2021-04-13 15:00:00,126766,2321242,90566.0,1440187,3293.0,190953.0,130059,2512195,93859,1631140,220625,3952274
2021-04-14 15:00:00,40677,2361919,37752.0,1477939,210.0,191163.0,40887,2553082,37962,1669102,78639,4030913
2021-04-15 15:00:00,41666,2403585,39154.0,1517093,172.0,191335.0,41838,2594920,39326,1708428,80992,4111905
2021-04-16 15:00:00,37191,2440776,38721.0,1555814,23.0,191358.0,37214,2632134,38744,1747172,75935,4187840
2021-04-17 15:00:00,32774,2473550,21984.0,1577798,12.0,191370.0,32786,2664920,21996,1769168,54770,4242610
2021-04-18 15:00:00,20057,2493607,16171.0,1593969,5.0,191375.0,20062,2684982,16176,1785344,36233,4278843
2021-04-19 15:00:00,29881,2523488,36474.0,1630443,61.0,191436.0,29942,2714924,36535,1821879,66416,4345259
2021-04-20 15:00:00,33094,2556582,44173.0,1674616,56.0,191492.0,33150,2748074,44229,1866108,77323,4422582
2021-04-21 15:00:00,39794,2596376,46960.0,1721576,22.0,191514.0,39816,2787890,46982,1913090,86776,4509358
2021-04-22 15:00:00,36398,2632774,42013.0,1763589,16.0,191530.0,36414,2824304,42029,1955119,78427,4587785
2021-04-23 15:00:00,33110,2665884,40057.0,1803646,14.0,191544.0,33124,2857428,40071,1995190,73181,4660966
2021-04-24 15:00:00,26398,2692282,27835.0,1831481,81.0,191625.0,26479,2883907,27916,2023106,54314,4715280
2021-04-25 15:00:00,20212,2712494,10929.0,1842410,31.0,191656.0,20243,2904150,10960,2034066,31172,4746452
2021-04-26 15:00:00,27415,2739909,32643.0,1875053,202.0,191858.0,27617,2931767,32845,2066911,60260,4806712
2021-04-27 15:00:00,26687,2766596,32995.0,1908048,1098.0,192956.0,27785,2959552,34093,2101004,60780,4867492
2021-04-28 15:00:00,28923,2795519,39462.0,1947510,1362.0,194318.0,30285,2989837,40824,2141828,69747,4937239
2021-04-29 15:00:00,27294,2822813,39407.0,1986917,1466.0,195784.0,28760,3018597,40873,2182701,68167,5005406
2021-04-30 15:00:00,28189,2851002,32162.0,2019079,1646.0,197430.0,29835,3048432,33808,2216509,61997,5067403
2021-05-01 15:00:00,20508,2871510,26466.0,2045545,1034.0,198464.0,21542,3069974,27500,2244009,48008,5115411
2021-05-02 15:00:00,10277,2881787,17014.0,2062559,820.0,199284.0,11097,3081071,17834,2261843,28111,5143522
2021-05-03 15:00:00,12744,2894531,28506.0,2091065,1912.0,201196.0,14656,3095727,30418,2292261,43162,5186684
2021-05-04 15:00:00,13565,2908096,38523.0,2129588,1736.0,202932.0,15301,3111028,40259,2332520,53824,5240508
2021-05-05 15:00:00,19324,2927420,37680.0,2167268,1920.0,204852.0,21244,3132272,39600,2372120,58924,5299432
2021-05-06 15:00:00,16924,2944344,40539.0,2207807,1721.0,206573.0,18645,3150917,42260,2414380,59184,5358616
2021-05-07 15:00:00,17415,2961759,36020.0,2243827,1958.0,208531.0,19373,3170290,37978,2452358,55393,5414009
2021-05-08 15:00:00,10783,2972542,31198.0,2275025,1292.0,209823.0,12075,3182365,32490,2484848,43273,5457282
2021-05-09 15:00:00,5052,2977594,11905.0,2286930,695.0,210518.0,5747,3188112,12600,2497448,17652,5474934
2021-05-10 15:00:00,8951,2986545,31012.0,2317942,1359.0,211877.0,10310,3198422,32371,2529819,41322,5516256
2021-05-11 15:00:00,12186,2998731,30244.0,2348186,1437.0,213314.0,13623,3212045,31681,2561500,43867,5560123
2021-05-12 15:00:00,13944,3012675,38554.0,2386740,1919.0,215233.0,15863,3227908,40473,2601973,54417,5614540
2021-05-13 15:00:00,21849,3034524,33422.0,2420162,1347.0,216580.0,23196,3251104,34769,2636742,56618,5671158
2021-05-14 15:00:00,24348,3058872,29977.0,2450139,1774.0,218354.0,26122,3277226,31751,2668493,56099,5727257
2021-05-15 15:00:00,21901,3080773,25065.0,2475204,1490.0,219844.0,23391,3300617,26555,2695048,48456,5775713
2021-05-16 15:00:00,9077,3089850,17552.0,2492756,1113.0,220957.0,10190,3310807,18665,2713713,27742,5803455
2021-05-17 15:00:00,16842,3106692,28359.0,2521115,1949.0,222906.0,18791,3329598,30308,2744021,47150,5850605
2021-05-18 15:00:00,21243,3127935,30642.0,2551757,1941.0,224847.0,23184,3352782,32583,2776604,53826,5904431
2021-05-19 15:00:00,27617,3155552,32383.0,2584140,1626.0,226473.0,29243,3382025,34009,2810613,61626,5966057
2021-05-20 15:00:00,20791,3176343,33205.0,2617345,1970.0,228443.0,22761,3404786,35175,2845788,55966,6022023
2021-05-21 15:00:00,19157,3195500,30249.0,2647594,1607.0,230050.0,20764,3425550,31856,2877644,51013,6073036
2021-05-22 15:00:00,16915,3212415,20652.0,2668246,1270.0,231320.0,18185,3443735,21922,2899566,38837,6111873
2021-05-23 15:00:00,8752,3221167,11423.0,2679669,964.0,232284.0,9716,3453451,12387,2911953,21139,6133012
2021-05-24 15:00:00,13561,3234728,17728.0,2697397,1475.0,233759.0,15036,3468487,19203,2931156,32764,6165776
2021-05-25 15:00:00,12992,3247720,18656.0,2716053,1329.0,235088.0,14321,3482808,19985,2951141,32977,6198753
2021-05-26 15:00:00,18279,3265999,19435.0,2735488,1512.0,236600.0,19791,3502599,20947,2972088,39226,6237979
2021-05-27 15:00:00,11682,3277681,18628.0,2754116,1116.0,237716.0,12798,3515397,19744,2991832,31426,6269405
2021-05-28 15:00:00,12500,3290181,19708.0,2773824,1400.0,239116.0,13900,3529297,21108,3012940,33608,6303013
2021-05-29 15:00:00,9551,3299732,11638.0,2785462,935.0,240051.0,10486,3539783,12573,3025513,22124,6325137
2021-05-30 15:00:00,4964,3304696,6416.0,2791878,596.0,240647.0,5560,3545343,7012,3032525,11976,6337113
2021-05-31 15:00:00,1774,3306470,3704.0,2795582,305.0,240952.0,2079,3547422,4009,3036534,5783,6342896
2021-06-01 15:00:00,9779,3316249,16342.0,2811924,1153.0,242105.0,10932,3558354,17495,3054029,27274,6370170
2021-06-02 15:00:00,10228,3326477,16774.0,2828698,959.0,243064.0,11187,3569541,17733,3071762,27961,6398131
2021-06-03 15:00:00,7898,3334375,21144.0,2849842,1085.0,244149.0,8983,3578524,22229,3093991,30127,6428258
2021-06-04 15:00:00,8201,3342576,22261.0,2872103,1121.0,245270.0,9322,3587846,23382,3117373,31583,6459841
2021-06-05 15:00:00,7014,3349590,19408.0,2891511,720.0,245990.0,7734,3595580,20128,3137501,27142,6486983
2021-06-06 15:00:00,3464,3353054,7223.0,2898734,423.0,246413.0,3887,3599467,7646,3145147,11110,6498093
2021-06-07 15:00:00,6854,3359908,15735.0,2914469,725.0,247138.0,7579,3607046,16460,3161607,23314,6521407
2021-06-08 15:00:00,6669,3366577,19669.0,2934138,829.0,247967.0,7498,3614544,20498,3182105,27167,6548574
2021-06-09 15:00:00,8193,3374770,23909.0,2958047,969.0,248936.0,9162,3623706,24878,3206983,33071,6581645
2021-06-10 15:00:00,7147,3381917,19085.0,2977132,895.0,249831.0,8042,3631748,19980,3226963,27127,6608772
2021-06-11 15:00:00,7466,3389383,17698.0,2994830,1125.0,250956.0,8591,3640339,18823,3245786,26289,6635061
2021-06-12 15:00:00,5229,3394612,14737.0,3009567,604.0,251560.0,5833,3646172,15341,3261127,20570,6655631
2021-06-13 15:00:00,1931,3396543,7557.0,3017124,427.0,251987.0,2358,3648530,7984,3269111,9915,6665546
2021-06-14 15:00:00,5654,3402197,11803.0,3028927,734.0,252721.0,6388,3654918,12537,3281648,18191,6683737
2021-06-15 15:00:00,5650,3407847,14297.0,3043224,872.0,253593.0,6522,3661440,15169,3296817,20819,6704556
2021-06-16 15:00:00,8747,3416594,21555.0,3064779,757.0,254350.0,9504,3670944,22312,3319129,31059,6735615
2021-06-17 15:00:00,6681,3423275,12343.0,3077122,720.0,255070.0,7401,3678345,13063,3332192,19744,6755359
2021-06-18 15:00:00,6834,3430109,12699.0,3089821,702.0,255772.0,7536,3685881,13401,3345593,20235,6775594
2021-06-19 15:00:00,4661,3434770,9354.0,3099175,613.0,256385.0,5274,3691155,9967,3355560,14628,6790222
2021-06-20 15:00:00,2505,3437275,5037.0,3104212,378.0,256763.0,2883,3694038,5415,3360975,7920,6798142
2021-06-21 15:00:00,5555,3442830,5318.0,3109530,636.0,257399.0,6191,3700229,5954,3366929,11509,6809651
2021-06-22 15:00:00,5195,3448025,8849.0,3118379,682.0,258081.0,5877,3706106,9531,3376460,14726,6824377
2021-06-23 15:00:00,6064,3454089,10298.0,3128677,646.0,258727.0,6710,3712816,10944,3387404,17008,6841385
2021-06-24 15:00:00,5928,3460017,8183.0,3136860,594.0,259321.0,6522,3719338,8777,3396181,14705,6856090
2021-06-25 15:00:00,5827,3465844,8619.0,3145479,620.0,259941.0,6447,3725785,9239,3405420,15066,6871156
2021-06-26 15:00:00,3699,3469543,6293.0,3151772,396.0,260337.0,4095,3729880,6689,3412109,10388,6881544
2021-06-27 15:00:00,2810,3472353,3516.0,3155288,185.0,260522.0,2995,3732875,3701,3415810,6511,6888055
2021-06-28 15:00:00,4733,3477086,6084.0,3161372,523.0,261045.0,5256,3738131,6607,3422417,11340,6899395
2021-06-29 15:00:00,5057,3482143,6450.0,3167822,519.0,261564.0,5576,3743707,6969,3429386,12026,6911421
2021-06-30 15:00:00,5607,3487750,7365.0,3175187,605.0,262169.0,6212,3749919,7970,3437356,13577,6924998
2021-07-01 15:00:00,5351,3493101,6924.0,3182111,495.0,262664.0,5846,3755765,7419,3444775,12770,6937768
2021-07-02 15:00:00,5282,3498383,6816.0,3188927,521.0,263185.0,5803,3761568,7337,3452112,12619,6950387
2021-07-03 15:00:00,3262,3501645,4053.0,3192980,265.0,263450.0,3527,3765095,4318,3456430,7580,6957967
2021-07-04 15:00:00,492,3502137,545.0,3193525,67.0,263517.0,559,3765654,612,3457042,1104,6959071
2021-07-05 15:00:00,3758,3505895,3945.0,3197470,287.0,263804.0,4045,3769699,4232,3461274,7990,6967061
2021-07-06 15:00:00,4479,3510374,6233.0,3203703,452.0,264256.0,4931,3774630,6685,3467959,11164,6978225
2021-07-07 15:00:00,4460,3514834,6382.0,3210085,482.0,264738.0,4942,3779572,6864,3474823,11324,6989549
2021-07-08 15:00:00,4828,3519662,6142.0,3216227,564.0,265302.0,5392,3784964,6706,3481529,11534,7001083
2021-07-09 15:00:00,5347,3525009,6632.0,3222859,572.0,265874.0,5919,3790883,7204,3488733,12551,7013634
2021-07-10 15:00:00,3523,3528532,4385.0,3227244,302.0,266176.0,3825,3794708,4687,3493420,8210,7021844
2021-07-11 15:00:00,2669,3531201,2564.0,3229808,224.0,266400.0,2893,3797601,2788,3496208,5457,7027301
2021-07-12 15:00:00,4414,3535615,5099.0,3234907,377.0,266777.0,4791,3802392,5476,3501684,9890,7037191
2021-07-13 15:00:00,4761,3540376,4594.0,3239501,366.0,267143.0,5127,3807519,4960,3506644,9721,7046912
2021-07-14 15:00:00,4610,3544986,5250.0,3244751,421.0,267564.0,5031,3812550,5671,3512315,10281,7057193
2021-07-15 15:00:00,4885,3549871,4990.0,3249741,357.0,267921.0,5242,3817792,5347,3517662,10232,7067425
2021-07-16 15:00:00,6279,3556150,5813.0,3255554,401.0,268322.0,6680,3824472,6214,3523876,12493,7079918
2021-07-17 15:00:00,3408,3559558,3541.0,3259095,300.0,268622.0,3708,3828180,3841,3527717,7249,7087167
2021-07-18 15:00:00,2305,3561863,2370.0,3261465,110.0,268732.0,2415,3830595,2480,3530197,4785,7091952
2021-07-19 15:00:00,5255,3567118,4468.0,3265933,379.0,269111.0,5634,3836229,4847,3535044,10102,7102054
2021-07-20 15:00:00,5328,3572446,4685.0,3270618,366.0,269477.0,5694,3841923,5051,3540095,10379,7112433
2021-07-21 15:00:00,5636,3578082,4912.0,3275530,415.0,269892.0,6051,3847974,5327,3545422,10963,7123396
2021-07-22 15:00:00,6014,3584096,4603.0,3280133,469.0,270361.0,6483,3854457,5072,3550494,11086,7134482
2021-07-23 15:00:00,6833,3590929,4819.0,3284952,491.0,270852.0,7324,3861781,5310,3555804,12143,7146625
2021-07-24 15:00:00,4278,3595207,3193.0,3288145,267.0,271119.0,4545,3866326,3460,3559264,7738,7154363
2021-07-25 15:00:00,3290,3598497,1111.0,3289256,138.0,271257.0,3428,3869754,1249,3560513,4539,7158902
2021-07-26 15:00:00,6196,3604693,3887.0,3293143,418.0,271675.0,6614,3876368,4305,3564818,10501,7169403
2021-07-27 15:00:00,6347,3611040,4052.0,3297195,455.0,272130.0,6802,3883170,4507,3569325,10854,7180257
2021-07-28 15:00:00,6802,3617842,3998.0,3301193,458.0,272588.0,7260,3890430,4456,3573781,11258,7191515
2021-07-29 15:00:00,6800,3624642,4140.0,3305333,416.0,273004.0,7216,3897646,4556,3578337,11356,7202871
2021-07-30 15:00:00,7537,3632179,4508.0,3309841,523.0,273527.0,8060,3905706,5031,3583368,12568,7215439
2021-07-31 15:00:00,4781,3636960,3037.0,3312878,273.0,273800.0,5054,3910760,3310,3586678,8091,7223530
2021-08-01 15:00:00,3827,3640787,2118.0,3314996,160.0,273960.0,3987,3914747,2278,3588956,6105,7229635
2021-08-02 15:00:00,7020,3647807,3635.0,3318631,336.0,274296.0,7356,3922103,3971,3592927,10991,7240626
2021-08-03 15:00:00,6999,3654806,3894.0,3322525,511.0,274807.0,7510,3929613,4405,3597332,11404,7252030
2021-08-04 15:00:00,7157,3661963,3893.0,3326418,528.0,275335.0,7685,3937298,4421,3601753,11578,7263608
2021-08-05 15:00:00,7678,3669641,4109.0,3330527,537.0,275872.0,8215,3945513,4646,3606399,12324,7275932
2021-08-06 15:00:00,8293,3677934,4689.0,3335216,452.0,276324.0,8745,3954258,5141,3611540,13434,7289366
2021-08-07 15:00:00,5255,3683189,2801.0,3338017,264.0,276588.0,5519,3959777,3065,3614605,8320,7297686
2021-08-08 15:00:00,3944,3687133,2041.0,3340058,143.0,276731.0,4087,3963864,2184,3616789,6128,7303814
2021-08-09 15:00:00,6919,3694052,4509.0,3344567,367.0,277098.0,7286,3971150,4876,3621665,11795,7315609
2021-08-10 15:00:00,7120,3701172,4439.0,3349006,338.0,277436.0,7458,3978608,4777,3626442,11897,7327506
2021-08-11 15:00:00,7041,3708213,4417.0,3353423,440.0,277876.0,7481,3986089,4857,3631299,11898,7339404
2021-08-12 15:00:00,8588,3716801,4717.0,3358140,443.0,278319.0,9031,3995120,5160,3636459,13748,7353152
2021-08-13 15:00:00,7129,3723930,5350.0,3363490,394.0,278713.0,7523,4002643,5744,3642203,12873,7366025
2021-08-14 15:00:00,4911,3728841,3335.0,3366825,285.0,278998.0,5196,4007839,3620,3645823,8531,7374556
2021-08-15 15:00:00,3319,3732160,2728.0,3369553,163.0,279161.0,3482,4011321,2891,3648714,6210,7380766
2021-08-16 15:00:00,5428,3737588,5069.0,3374622,352.0,279513.0,5780,4017101,5421,3654135,10849,7391615
2021-08-17 15:00:00,6957,3744545,5173.0,3379795,389.0,279902.0,7346,4024447,5562,3659697,12519,7404134
2021-08-18 15:00:00,6498,3751043,5291.0,3385086,477.0,280379.0,6975,4031422,5768,3665465,12266,7416400
2021-08-19 15:00:00,5985,3757028,5314.0,3390400,415.0,280794.0,6400,4037822,5729,3671194,11714,7428114
2021-08-20 15:00:00,7029,3764057,6321.0,3396721,402.0,281196.0,7431,4045253,6723,3677917,13752,7441866
2021-08-21 15:00:00,4317,3768374,3902.0,3400623,227.0,281423.0,4544,4049797,4129,3682046,8446,7450312
2021-08-22 15:00:00,3060,3771434,3156.0,3403779,109.0,281532.0,3169,4052966,3265,3685311,6325,7456637
2021-08-23 15:00:00,6166,3777600,5912.0,3409691,285.0,281817.0,6451,4059417,6197,3691508,12363,7469000
2021-08-24 15:00:00,6647,3784247,5863.0,3415554,424.0,282241.0,7071,4066488,6287,3697795,12934,7481934
2021-08-25 15:00:00,6912,3791159,6005.0,3421559,439.0,282680.0,7351,4073839,6444,3704239,13356,7495290
2021-08-26 15:00:00,7179,3798338,6421.0,3427980,427.0,283107.0,7606,4081445,6848,3711087,14027,7509317
2021-08-27 15:00:00,6868,3805206,7011.0,3434991,317.0,283424.0,7185,4088630,7328,3718415,14196,7523513
2021-08-28 15:00:00,6905,3812111,6482.0,3441473,325.0,283749.0,7230,4095860,6807,3725222,13712,7537225
2021-08-29 15:00:00,3736,3815847,3678.0,3445151,611.0,284360.0,4347,4100207,4289,3729511,8025,7545250
2021-08-30 15:00:00,5941,3821788,6085.0,3451236,960.0,285320.0,6901,4107108,7045,3736556,12986,7558236
2021-08-31 15:00:00,5698,3827486,5914.0,3457150,945.0,286265.0,6643,4113751,6859,3743415,12557,7570793
2021-09-01 15:00:00,5558,3833044,5586.0,3462736,910.0,287175.0,6468,4120219,6496,3749911,12054,7582847
2021-09-02 15:00:00,5525,3838569,5894.0,3468630,703.0,287878.0,6228,4126447,6597,3756508,12122,7594969
2021-09-03 15:00:00,6000,3844569,6880.0,3475510,971.0,288849.0,6971,4133418,7851,3764359,13851,7608820
2021-09-04 15:00:00,3716,3848285,4323.0,3479833,879.0,289728.0,4595,4138013,5202,3769561,8918,7617738
2021-09-05 15:00:00,2956,3851241,2800.0,3482633,105.0,289833.0,3061,4141074,2905,3772466,5861,7623599
2021-09-06 15:00:00,1057,3852298,1147.0,3483780,63.0,289896.0,1120,4142194,1210,3773676,2267,7625866
2021-09-07 15:00:00,5344,3857642,7256.0,3491036,2304.0,292200.0,7648,4149842,9560,3783236,14904,7640770
2021-09-08 15:00:00,4663,3862305,5438.0,3496474,365.0,292565.0,5028,4154870,5803,3789039,10466,7651236
2021-09-09 15:00:00,5084,3867389,5355.0,3501829,324.0,292889.0,5408,4160278,5679,3794718,10763,7661999
2021-09-10 15:00:00,6545,3873934,6594.0,3508423,1716.0,294605.0,8261,4168539,8310,3803028,14855,7676854
2021-09-11 15:00:00,4167,3878101,4319.0,3512742,663.0,295268.0,4830,4173369,4982,3808010,9149,7686003
2021-09-12 15:00:00,3162,3881263,3229.0,3515971,436.0,295704.0,3598,4176967,3665,3811675,6827,7692830
2021-09-13 15:00:00,4669,3885932,4843.0,3520814,346.0,296050.0,5015,4181982,5189,3816864,9858,7702688
2021-09-14 15:00:00,4585,3890517,5190.0,3526004,434.0,296484.0,5019,4187001,5624,3822488,10209,7712897
2021-09-15 15:00:00,4849,3895366,5604.0,3531608,388.0,296872.0,5237,4192238,5992,3828480,10841,7723738
2021-09-16 15:00:00,4587,3899953,5613.0,3537221,335.0,297207.0,4922,4197160,5948,3834428,10535,7734273
2021-09-17 15:00:00,5042,3904995,6332.0,3543553,342.0,297549.0,5384,4202544,6674,3841102,11716,7745989
2021-09-18 15:00:00,3788,3908783,4559.0,3548112,185.0,297734.0,3973,4206517,4744,3845846,8532,7754521
2021-09-19 15:00:00,2742,3911525,3157.0,3551269,75.0,297809.0,2817,4209334,3232,3849078,5974,7760495
2021-09-20 15:00:00,3559,3915084,4467.0,3555736,430.0,298239.0,3989,4213323,4897,3853975,8456,7768951
2021-09-21 15:00:00,3809,3918893,4810.0,3560546,326.0,298565.0,4135,4217458,5136,3859111,8945,7777896
2021-09-22 15:00:00,4199,3923092,4750.0,3565296,459.0,299024.0,4658,4222116,5209,3864320,9408,7787304
2021-09-23 15:00:00,4183,3927275,4693.0,3569989,492.0,299516.0,4675,4226791,5185,3869505,9368,7796672
2021-09-24 15:00:00,5092,3932367,5576.0,3575565,422.0,299938.0,5514,4232305,5998,3875503,11090,7807762
2021-09-25 15:00:00,3627,3935994,3624.0,3579189,385.0,300323.0,4012,4236317,4009,3879512,7636,7815398
2021-09-26 15:00:00,2357,3938351,2657.0,3581846,423.0,300746.0,2780,4239097,3080,3882592,5437,7820835
2021-09-27 15:00:00,4518,3942869,2690.0,3584536,509.0,301255.0,5027,4244124,3199,3885791,7717,7828552
2021-09-28 15:00:00,4408,3947277,4440.0,3588976,211.0,301466.0,4619,4248743,4651,3890442,9059,7837611
2021-09-29 15:00:00,4710,3951987,4500.0,3593476,918.0,302384.0,5628,4254371,5418,3895860,10128,7847739
2021-09-30 15:00:00,4889,3956876,4555.0,3598031,792.0,303176.0,5681,4260052,5347,3901207,10236,7857975
2021-10-01 15:00:00,5480,3962356,5286.0,3603317,778.0,303954.0,6258,4266310,6064,3907271,11544,7869519
2021-10-02 15:00:00,2940,3965296,2887.0,3606204,187.0,304141.0,3127,4269437,3074,3910345,6014,7875533
2021-10-03 15:00:00,2082,3967378,2376.0,3608580,86.0,304227.0,2168,4271605,2462,3912807,4544,7880077
2021-10-04 15:00:00,4154,3971532,3371.0,3611951,233.0,304460.0,4387,4275992,3604,3916411,7758,7887835
2021-10-05 15:00:00,4058,3975590,3570.0,3615521,207.0,304667.0,4265,4280257,3777,3920188,7835,7895670
2021-10-06 15:00:00,4124,3979714,3490.0,3619011,264.0,304931.0,4388,4284645,3754,3923942,7878,7903548
2021-10-07 15:00:00,4370,3984084,3507.0,3622518,331.0,305262.0,4701,4289346,3838,3927780,8208,7911756
2021-10-08 15:00:00,4950,3989034,4122.0,3626640,283.0,305545.0,5233,4294579,4405,3932185,9355,7921111
2021-10-09 15:00:00,2688,3991722,2671.0,3629311,271.0,305816.0,2959,4297538,2942,3935127,5630,7926741
2021-10-10 15:00:00,1865,3993587,1844.0,3631155,59.0,305875.0,1924,4299462,1903,3937030,3768,7930509
2021-10-11 15:00:00,4372,3997959,3191.0,3634346,248.0,306123.0,4620,4304082,3439,3940469,7811,7938320
2021-10-12 15:00:00,3727,4001686,3402.0,3637748,270.0,306393.0,3997,4308079,3672,3944141,7399,7945719
2021-10-13 15:00:00,3982,4005668,3444.0,3641192,347.0,306740.0,4329,4312408,3791,3947932,7773,7953492
2021-10-14 15:00:00,5188,4010856,5475.0,3646667,429.0,307169.0,5617,4318025,5904,3953836,11092,7964584
2021-10-15 15:00:00,4735,4015591,4582.0,3651249,347.0,307516.0,5082,4323107,4929,3958765,9664,7974248
2021-10-16 15:00:00,2505,4018096,2497.0,3653746,291.0,307807.0,2796,4325903,2788,3961553,5293,7979541
2021-10-17 15:00:00,1810,4019906,1773.0,3655519,55.0,307862.0,1865,4327768,1828,3963381,3638,7983179
2021-10-18 15:00:00,4312,4024218,3570.0,3659089,267.0,308129.0,4579,4332347,3837,3967218,8149,7991328
2021-10-19 15:00:00,4322,4028540,4033.0,3663122,222.0,308351.0,4544,4336891,4255,3971473,8577,7999905
2021-10-20 15:00:00,3541,4032081,3423.0,3666545,254.0,308605.0,3795,4340686,3677,3975150,7218,8007123
2021-10-21 15:00:00,3312,4035393,3258.0,3669803,290.0,308895.0,3602,4344288,3548,3978698,6860,8013983
2021-10-22 15:00:00,4701,4040094,4039.0,3673842,475.0,309370.0,5176,4349464,4514,3983212,9215,8023198
2021-10-23 15:00:00,2905,4042999,2126.0,3675968,321.0,309691.0,3226,4352690,2447,3985659,5352,8028550
2021-10-24 15:00:00,2062,4045061,1559.0,3677527,78.0,309769.0,2140,4354830,1637,3987296,3699,8032249
2021-10-25 15:00:00,4553,4049614,3115.0,3680642,317.0,310086.0,4870,4359700,3432,3990728,7985,8040234
2021-10-26 15:00:00,4522,4054136,3145.0,3683787,311.0,310397.0,4833,4364533,3456,3994184,7978,8048212
2021-10-27 15:00:00,4744,4058880,3398.0,3687185,429.0,310826.0,5173,4369706,3827,3998011,8571,8056783
2021-10-28 15:00:00,4570,4063450,3432.0,3690617,495.0,311321.0,5065,4374771,3927,4001938,8497,8065280
2021-10-29 15:00:00,4982,4068432,3944.0,3694561,393.0,311714.0,5375,4380146,4337,4006275,9319,8074599
2021-10-30 15:00:00,2631,4071063,1860.0,3696421,308.0,312022.0,2939,4383085,2168,4008443,4799,8079398
2021-10-31 15:00:00,1952,4073015,1515.0,3697936,93.0,312115.0,2045,4385130,1608,4010051,3560,8082958
2021-11-01 15:00:00,4655,4077670,3479.0,3701415,339.0,312454.0,4994,4390124,3818,4013869,8473,8091431
2021-11-02 15:00:00,4253,4081923,3028.0,3704443,405.0,312859.0,4658,4394782,3433,4017302,7686,8099117
2021-11-03 15:00:00,4670,4086593,3134.0,3707577,460.0,313319.0,5130,4399912,3594,4020896,8264,8107381
2021-11-04 15:00:00,6238,4092831,3424.0,3711001,513.0,313832.0,6751,4406663,3937,4024833,10175,8117556
2021-11-05 15:00:00,8184,4101015,3842.0,3714843,407.0,314239.0,8591,4415254,4249,4029082,12433,8129989
2021-11-06 15:00:00,10056,4111071,1976.0,3716819,305.0,314544.0,10361,4425615,2281,4031363,12337,8142326
2021-11-07 15:00:00,7751,4118822,1425.0,3718244,94.0,314638.0,7845,4433460,1519,4032882,9270,8151596
2021-11-08 15:00:00,11284,4130106,3111.0,3721355,377.0,315015.0,11661,4445121,3488,4036370,14772,8166368
2021-11-09 15:00:00,11769,4141875,2715.0,3724070,268.0,315283.0,12037,4457158,2983,4039353,14752,8181120
2021-11-10 15:00:00,12560,4154435,2835.0,3726905,336.0,315619.0,12896,4470054,3171,4042524,15731,8196851
2021-11-11 15:00:00,11321,4165756,2464.0,3729369,281.0,315900.0,11602,4481656,2745,4045269,14066,8210917
2021-11-12 15:00:00,12251,4178007,3440.0,3732809,548.0,316448.0,12799,4494455,3988,4049257,16239,8227156
2021-11-13 15:00:00,9735,4187742,1590.0,3734399,341.0,316789.0,10076,4504531,1931,4051188,11666,8238822
2021-11-14 15:00:00,3915,4191657,1132.0,3735531,121.0,316910.0,4036,4508567,1253,4052441,5168,8243990
2021-11-15 15:00:00,8594,4200251,2616.0,3738147,205.0,317115.0,8799,4517366,2821,4055262,11415,8255405
2021-11-16 15:00:00,9218,4209469,2596.0,3740743,254.0,317369.0,9472,4526838,2850,4058112,12068,8267473
2021-11-17 15:00:00,9367,4218836,2956.0,3743699,311.0,317680.0,9678,4536516,3267,4061379,12634,8280107
2021-11-18 15:00:00,9267,4228103,2709.0,3746408,480.0,318160.0,9747,4546263,3189,4064568,12456,8292563
2021-11-19 15:00:00,9780,4237883,3017.0,3749425,383.0,318543.0,10163,4556426,3400,4067968,13180,8305743
2021-11-20 15:00:00,10621,4248504,1607.0,3751032,453.0,318996.0,11074,4567500,2060,4070028,12681,8318424
2021-11-21 15:00:00,4352,4252856,1205.0,3752237,99.0,319095.0,4451,4571951,1304,4071332,5656,8324080
2021-11-22 15:00:00,9769,4262625,2570.0,3754807,292.0,319387.0,10061,4582012,2862,4074194,12631,8336711
2021-11-23 15:00:00,9167,4271792,2496.0,3757303,280.0,319667.0,9447,4591459,2776,4076970,11943,8348654
2021-11-24 15:00:00,8099,4279891,2531.0,3759834,215.0,319882.0,8314,4599773,2746,4079716,10845,8359499
2021-11-25 15:00:00,238,4280129,77.0,3759911,9.0,319891.0,247,4600020,86,4079802,324,8359823
2021-11-26 15:00:00,5678,4285807,4064.0,3763975,152.0,320043.0,5830,4605850,4216,4084018,9894,8369717
2021-11-27 15:00:00,3780,4289587,5448.0,3769423,134.0,320177.0,3914,4609764,5582,4089600,9362,8379079
2021-11-28 15:00:00,2423,4292010,6363.0,3775786,77.0,320254.0,2500,4612264,6440,4096040,8863,8387942
2021-11-29 15:00:00,6363,4298373,9311.0,3785097,379.0,320633.0,6742,4619006,9690,4105730,16053,8403995
2021-11-30 15:00:00,6173,4304546,9332.0,3794429,264.0,320897.0,6437,4625443,9596,4115326,15769,8419764
2021-12-01 15:00:00,7162,4311708,9598.0,3804027,305.0,321202.0,7467,4632910,9903,4125229,17065,8436829
2021-12-02 15:00:00,6803,4318511,8727.0,3812754,447.0,321649.0,7250,4640160,9174,4134403,15977,8452806
2021-12-03 15:00:00,7440,4325951,9007.0,3821761,247.0,321896.0,7687,4647847,9254,4143657,16694,8469500
2021-12-04 15:00:00,5825,4331776,9532.0,3831293,455.0,322351.0,6280,4654127,9987,4153644,15812,8485312
2021-12-05 15:00:00,3353,4335129,3064.0,3834357,74.0,322425.0,3427,4657554,3138,4156782,6491,8491803
2021-12-06 15:00:00,6483,4341612,6923.0,3841280,266.0,322691.0,6749,4664303,7189,4163971,13672,8505475
2021-12-07 15:00:00,6134,4347746,6689.0,3847969,240.0,322931.0,6374,4670677,6929,4170900,13063,8518538
2021-12-08 15:00:00,6649,4354395,7098.0,3855067,309.0,323240.0,6958,4677635,7407,4178307,14056,8532594
2021-12-09 15:00:00,6212,4360607,6745.0,3861812,394.0,323634.0,6606,4684241,7139,4185446,13351,8545945
2021-12-10 15:00:00,6904,4367511,6982.0,3868794,225.0,323859.0,7129,4691370,7207,4192653,14111,8560056
2021-12-11 15:00:00,4202,4371713,7101.0,3875895,331.0,324190.0,4533,4695903,7432,4200085,11634,8571690
2021-12-12 15:00:00,3913,4375626,2757.0,3878652,57.0,324247.0,3970,4699873,2814,4202899,6727,8578417
2021-12-13 15:00:00,5494,4381120,5582.0,3884234,235.0,324482.0,5729,4705602,5817,4208716,11311,8589728
2021-12-14 15:00:00,6178,4387298,5763.0,3889997,203.0,324685.0,6381,4711983,5966,4214682,12144,8601872
2021-12-15 15:00:00,6775,4394073,5459.0,3895456,236.0,324921.0,7011,4718994,5695,4220377,12470,8614342
2021-12-16 15:00:00,7492,4401565,2738.0,3898194,412.0,325333.0,7904,4726898,3150,4223527,10642,8624984
2021-12-17 15:00:00,7405,4408970,3968.0,3902162,169.0,325502.0,7574,4734472,4137,4227664,11542,8636526
2021-12-18 15:00:00,5545,4414515,3056.0,3905218,293.0,325795.0,5838,4740310,3349,4231013,8894,8645420
2021-12-19 15:00:00,3276,4417791,1274.0,3906492,35.0,325830.0,3311,4743621,1309,4232322,4585,8650005
2021-12-20 15:00:00,7711,4425502,3639.0,3910131,149.0,325979.0,7860,4751481,3788,4236110,11499,8661504
2021-12-21 15:00:00,8511,4434013,4035.0,3914166,158.0,326137.0,8669,4760150,4193,4240303,12704,8674208
2021-12-22 15:00:00,8098,4442111,3683.0,3917849,167.0,326304.0,8265,4768415,3850,4244153,11948,8686156
2021-12-23 15:00:00,7806,4449917,3330.0,3921179,344.0,326648.0,8150,4776565,3674,4247827,11480,8697636
2021-12-24 15:00:00,1451,4451368,947.0,3922126,30.0,326678.0,1481,4778046,977,4248804,2428,8700064
2021-12-25 15:00:00,29,4451397,21.0,3922147,1.0,326679.0,30,4778076,22,4248826,51,8700115
2021-12-26 15:00:00,2332,4453729,1590.0,3923737,38.0,326717.0,2370,4780446,1628,4250454,3960,8704075
2021-12-27 15:00:00,6652,4460381,3692.0,3927429,281.0,326998.0,6933,4787379,3973,4254427,10625,8714700
2021-12-28 15:00:00,7161,4467542,3451.0,3930880,148.0,327146.0,7309,4794688,3599,4258026,10760,8725460
2021-12-29 15:00:00,7205,4474747,3523.0,3934403,144.0,327290.0,7349,4802037,3667,4261693,10872,8736332
2021-12-30 15:00:00,3744,4478491,1914.0,3936317,234.0,327524.0,3978,4806015,2148,4263841,5892,8742224
