VACCINATION_DATE,FirstDailyDose,FirstDoseCumulative,SecondDailyDose,SecondDoseCumulative,SingleDailyDose,SingleDoseCumulative,AtleastOneVaccine,AtleastOneVaccineCumulative,CompletedVax,CompletedVaxCumulative,FirstSecondSingleVaccinations,FirstSecondSingleVaccinationsCumulative
2020-12-14 15:00:00,3,118,,30,,,3,118,0,30,3,130
2020-12-15 15:00:00,9,127,,30,,,9,127,0,30,9,139
2020-12-16 15:00:00,540,667,1.0,31,,,540,667,1,31,541,680
2020-12-17 15:00:00,1043,1710,,31,,,1043,1710,0,31,1043,1723
2020-12-18 15:00:00,2856,4566,1.0,32,,,2856,4566,1,32,2857,4580
2020-12-19 15:00:00,845,5411,1.0,33,,,845,5411,1,33,846,5426
2020-12-20 15:00:00,277,5688,,33,,,277,5688,0,33,277,5703
2020-12-21 15:00:00,3716,9404,1.0,34,,,3716,9404,1,34,3717,9420
2020-12-22 15:00:00,6171,15575,2.0,36,,,6171,15575,2,36,6173,15593
2020-12-23 15:00:00,5452,21027,4.0,40,,,5452,21027,4,40,5456,21049
2020-12-24 15:00:00,2632,23659,1.0,41,,,2632,23659,1,41,2633,23682
2020-12-25 15:00:00,1030,24689,,41,,,1030,24689,0,41,1030,24712
2020-12-26 15:00:00,1645,26334,1.0,42,,,1645,26334,1,42,1646,26358
2020-12-27 15:00:00,1765,28099,1.0,43,,,1765,28099,1,43,1766,28124
2020-12-28 15:00:00,8585,36684,5.0,48,,,8585,36684,5,48,8590,36714
2020-12-29 15:00:00,10301,46985,4.0,52,,,10301,46985,4,52,10305,47019
2020-12-30 15:00:00,12154,59139,5.0,57,,,12154,59139,5,57,12159,59178
2020-12-31 15:00:00,7300,66439,3.0,60,,,7300,66439,3,60,7303,66481
2021-01-01 15:00:00,1481,67920,15.0,75,,,1481,67920,15,75,1496,67977
2021-01-02 15:00:00,2582,70502,21.0,96,,,2582,70502,21,96,2603,70580
2021-01-03 15:00:00,3148,73650,67.0,163,,,3148,73650,67,163,3215,73795
2021-01-04 15:00:00,12797,86447,245.0,408,,,12797,86447,245,408,13042,86837
2021-01-05 15:00:00,11659,98106,429.0,837,,,11659,98106,429,837,12088,98925
2021-01-06 15:00:00,14303,112409,764.0,1601,,,14303,112409,764,1601,15067,113992
2021-01-07 15:00:00,14573,126982,1585.0,3186,,,14573,126982,1585,3186,16158,130150
2021-01-08 15:00:00,23384,150366,2550.0,5736,,,23384,150366,2550,5736,25934,156084
2021-01-09 15:00:00,4776,155142,863.0,6599,,,4776,155142,863,6599,5639,161723
2021-01-10 15:00:00,2565,157707,326.0,6925,,,2565,157707,326,6925,2891,164614
2021-01-11 15:00:00,13259,170966,3242.0,10167,,,13259,170966,3242,10167,16501,181115
2021-01-12 15:00:00,16623,187589,5294.0,15461,,,16623,187589,5294,15461,21917,203032
2021-01-13 15:00:00,17807,205396,3623.0,19084,,,17807,205396,3623,19084,21430,224462
2021-01-14 15:00:00,17236,222632,1810.0,20894,,,17236,222632,1810,20894,19046,243508
2021-01-15 15:00:00,18833,241465,1773.0,22667,,,18833,241465,1773,22667,20606,264114
2021-01-16 15:00:00,5587,247052,1302.0,23969,,,5587,247052,1302,23969,6889,271003
2021-01-17 15:00:00,2018,249070,1320.0,25289,,,2018,249070,1320,25289,3338,274341
2021-01-18 15:00:00,7104,256174,2869.0,28158,,,7104,256174,2869,28158,9973,284314
2021-01-19 15:00:00,16243,272417,4538.0,32696,,,16243,272417,4538,32696,20781,305095
2021-01-20 15:00:00,20460,292877,4776.0,37472,,,20460,292877,4776,37472,25236,330331
2021-01-21 15:00:00,22803,315680,3160.0,40632,,,22803,315680,3160,40632,25963,356294
2021-01-22 15:00:00,28196,343876,3194.0,43826,,,28196,343876,3194,43826,31390,387684
2021-01-23 15:00:00,9430,353306,1481.0,45307,,,9430,353306,1481,45307,10911,398595
2021-01-24 15:00:00,3235,356541,1561.0,46868,,,3235,356541,1561,46868,4796,403391
2021-01-25 15:00:00,16145,372686,8085.0,54953,,,16145,372686,8085,54953,24230,427621
2021-01-26 15:00:00,17248,389934,8226.0,63179,,,17248,389934,8226,63179,25474,453095
2021-01-27 15:00:00,23934,413868,11875.0,75054,,,23934,413868,11875,75054,35809,488904
2021-01-28 15:00:00,22120,435988,8833.0,83887,,,22120,435988,8833,83887,30953,519857
2021-01-29 15:00:00,23624,459612,6689.0,90576,,,23624,459612,6689,90576,30313,550170
2021-01-30 15:00:00,17303,476915,2250.0,92826,,,17303,476915,2250,92826,19553,569723
2021-01-31 15:00:00,3640,480555,1187.0,94013,,,3640,480555,1187,94013,4827,574550
2021-02-01 15:00:00,6304,486859,4015.0,98028,,,6304,486859,4015,98028,10319,584869
2021-02-02 15:00:00,11662,498521,12999.0,111027,,,11662,498521,12999,111027,24661,609530
2021-02-03 15:00:00,17411,515932,17608.0,128635,,,17411,515932,17608,128635,35019,644549
2021-02-04 15:00:00,21414,537346,15032.0,143667,,,21414,537346,15032,143667,36446,680995
2021-02-05 15:00:00,19788,557134,16677.0,160344,,,19788,557134,16677,160344,36465,717460
2021-02-06 15:00:00,10994,568128,6028.0,166372,,,10994,568128,6028,166372,17022,734482
2021-02-07 15:00:00,5736,573864,1547.0,167919,,,5736,573864,1547,167919,7283,741765
2021-02-08 15:00:00,12515,586379,12313.0,180232,,,12515,586379,12313,180232,24828,766593
2021-02-09 15:00:00,16039,602418,13168.0,193400,,,16039,602418,13168,193400,29207,795800
2021-02-10 15:00:00,18822,621240,20573.0,213973,,,18822,621240,20573,213973,39395,835195
2021-02-11 15:00:00,22575,643815,16614.0,230587,,,22575,643815,16614,230587,39189,874384
2021-02-12 15:00:00,19670,663485,18953.0,249540,,,19670,663485,18953,249540,38623,913007
2021-02-13 15:00:00,10870,674355,5914.0,255454,,,10870,674355,5914,255454,16784,929791
2021-02-14 15:00:00,6876,681231,1902.0,257356,,,6876,681231,1902,257356,8778,938569
2021-02-15 15:00:00,11649,692880,12003.0,269359,,,11649,692880,12003,269359,23652,962221
2021-02-16 15:00:00,16435,709315,20334.0,289693,,,16435,709315,20334,289693,36769,998990
2021-02-17 15:00:00,20479,729794,25549.0,315242,,,20479,729794,25549,315242,46028,1045018
2021-02-18 15:00:00,3322,733116,4145.0,319387,,,3322,733116,4145,319387,7467,1052485
2021-02-19 15:00:00,10719,743835,18781.0,338168,,,10719,743835,18781,338168,29500,1081985
2021-02-20 15:00:00,10035,753870,19639.0,357807,,,10035,753870,19639,357807,29674,1111659
2021-02-21 15:00:00,6030,759900,7175.0,364982,,,6030,759900,7175,364982,13205,1124864
2021-02-22 15:00:00,8076,767976,14774.0,379756,,,8076,767976,14774,379756,22850,1147714
2021-02-23 15:00:00,15415,783391,15194.0,394950,,,15415,783391,15194,394950,30609,1178323
2021-02-24 15:00:00,17738,801129,24085.0,419035,,,17738,801129,24085,419035,41823,1220146
2021-02-25 15:00:00,19905,821034,25768.0,444803,,,19905,821034,25768,444803,45673,1265819
2021-02-26 15:00:00,26125,847159,25250.0,470053,,,26125,847159,25250,470053,51375,1317194
2021-02-27 15:00:00,15692,862851,10628.0,480681,,,15692,862851,10628,480681,26320,1343514
2021-02-28 15:00:00,15343,878194,4335.0,485016,,,15343,878194,4335,485016,19678,1363192
2021-03-01 15:00:00,23914,902108,11147.0,496163,,,23914,902108,11147,496163,35061,1398253
2021-03-02 15:00:00,23143,925251,12681.0,508844,8.0,8.0,23151,925259,12689,508852,35832,1434085
2021-03-03 15:00:00,29005,954256,17650.0,526494,115.0,123.0,29120,954379,17765,526617,46770,1480855
2021-03-04 15:00:00,30257,984513,17472.0,543966,3570.0,3693.0,33827,988206,21042,547659,51299,1532154
2021-03-05 15:00:00,28240,1012753,18479.0,562445,4345.0,8038.0,32585,1020791,22824,570483,51064,1583218
2021-03-06 15:00:00,17420,1030173,8553.0,570998,5913.0,13951.0,23333,1044124,14466,584949,31886,1615104
2021-03-07 15:00:00,11891,1042064,4438.0,575436,6553.0,20504.0,18444,1062568,10991,595940,22882,1637986
2021-03-08 15:00:00,25152,1067216,8292.0,583728,8125.0,28629.0,33277,1095845,16417,612357,41569,1679555
2021-03-09 15:00:00,25361,1092577,14863.0,598591,8222.0,36851.0,33583,1129428,23085,635442,48446,1728001
2021-03-10 15:00:00,28810,1121387,15394.0,613985,7856.0,44707.0,36666,1166094,23250,658692,52060,1780061
2021-03-11 15:00:00,33066,1154453,15741.0,629726,3564.0,48271.0,36630,1202724,19305,677997,52371,1832432
2021-03-12 15:00:00,35415,1189868,15953.0,645679,2298.0,50569.0,37713,1240437,18251,696248,53666,1886098
2021-03-13 15:00:00,21136,1211004,8712.0,654391,1329.0,51898.0,22465,1262902,10041,706289,31177,1917275
2021-03-14 15:00:00,16188,1227192,5318.0,659709,786.0,52684.0,16974,1279876,6104,712393,22292,1939567
2021-03-15 15:00:00,28471,1255663,10340.0,670049,531.0,53215.0,29002,1308878,10871,723264,39342,1978909
2021-03-16 15:00:00,32495,1288158,12966.0,683015,746.0,53961.0,33241,1342119,13712,736976,46207,2025116
2021-03-17 15:00:00,36527,1324685,16316.0,699331,1133.0,55094.0,37660,1379779,17449,754425,53976,2079092
2021-03-18 15:00:00,40363,1365048,11660.0,710991,1139.0,56233.0,41502,1421281,12799,767224,53162,2132254
2021-03-19 15:00:00,36489,1401537,14272.0,725263,977.0,57210.0,37466,1458747,15249,782473,51738,2183992
2021-03-20 15:00:00,23840,1425377,9636.0,734899,632.0,57842.0,24472,1483219,10268,792741,34108,2218100
2021-03-21 15:00:00,18577,1443954,7261.0,742160,288.0,58130.0,18865,1502084,7549,800290,26126,2244226
2021-03-22 15:00:00,31767,1475721,10707.0,752867,809.0,58939.0,32576,1534660,11516,811806,43283,2287509
2021-03-23 15:00:00,36870,1512591,16403.0,769270,1494.0,60433.0,38364,1573024,17897,829703,54767,2342276
2021-03-24 15:00:00,40207,1552798,20134.0,789404,1236.0,61669.0,41443,1614467,21370,851073,61577,2403853
2021-03-25 15:00:00,41517,1594315,19732.0,809136,2315.0,63984.0,43832,1658299,22047,873120,63564,2467417
2021-03-26 15:00:00,35718,1630033,24701.0,833837,2419.0,66403.0,38137,1696436,27120,900240,62838,2530255
2021-03-27 15:00:00,26304,1656337,16096.0,849933,2352.0,68755.0,28656,1725092,18448,918688,44752,2575007
2021-03-28 15:00:00,16590,1672927,12001.0,861934,1598.0,70353.0,18188,1743280,13599,932287,30189,2605196
2021-03-29 15:00:00,29144,1702071,24970.0,886904,1082.0,71435.0,30226,1773506,26052,958339,55196,2660392
2021-03-30 15:00:00,38515,1740586,27476.0,914380,1712.0,73147.0,40227,1813733,29188,987527,67703,2728095
2021-03-31 15:00:00,39440,1780026,32744.0,947124,5549.0,78696.0,44989,1858722,38293,1025820,77733,2805828
2021-04-01 15:00:00,38849,1818875,35410.0,982534,5109.0,83805.0,43958,1902680,40519,1066339,79368,2885196
2021-04-02 15:00:00,27523,1846398,26464.0,1008998,4664.0,88469.0,32187,1934867,31128,1097467,58651,2943847
2021-04-03 15:00:00,11586,1857984,11857.0,1020855,3606.0,92075.0,15192,1950059,15463,1112930,27049,2970896
