VACCINATION_DATE,FirstDailyDose,FirstDoseCumulative,SecondDailyDose,SecondDoseCumulative,SingleDailyDose,SingleDoseCumulative,AtleastOneVaccine,AtleastOneVaccineCumulative,CompletedVax,CompletedVaxCumulative,FirstSecondSingleVaccinations,FirstSecondSingleVaccinationsCumulative
2020-12-14 15:00:00,3,192,,52,,,3,192,0,52,3,217
2020-12-15 15:00:00,14,206,1.0,53,,,14,206,1,53,15,232
2020-12-16 15:00:00,545,751,2.0,55,,,545,751,2,55,547,779
2020-12-17 15:00:00,1054,1805,,55,,,1054,1805,0,55,1054,1833
2020-12-18 15:00:00,2867,4672,2.0,57,,,2867,4672,2,57,2869,4702
2020-12-19 15:00:00,853,5525,1.0,58,,,853,5525,1,58,854,5556
2020-12-20 15:00:00,284,5809,2.0,60,,,284,5809,2,60,286,5842
2020-12-21 15:00:00,3726,9535,1.0,61,,,3726,9535,1,61,3727,9569
2020-12-22 15:00:00,6187,15722,1.0,62,,,6187,15722,1,62,6188,15757
2020-12-23 15:00:00,5473,21195,7.0,69,,,5473,21195,7,69,5480,21237
2020-12-24 15:00:00,2644,23839,3.0,72,,,2644,23839,3,72,2647,23884
2020-12-25 15:00:00,1030,24869,1.0,73,,,1030,24869,1,73,1031,24915
2020-12-26 15:00:00,1655,26524,3.0,76,,,1655,26524,3,76,1658,26573
2020-12-27 15:00:00,1767,28291,4.0,80,,,1767,28291,4,80,1771,28344
2020-12-28 15:00:00,8622,36913,9.0,89,,,8622,36913,9,89,8631,36975
2020-12-29 15:00:00,10350,47263,6.0,95,,,10350,47263,6,95,10356,47331
2020-12-30 15:00:00,12184,59447,16.0,111,,,12184,59447,16,111,12200,59531
2020-12-31 15:00:00,7317,66764,12.0,123,,,7317,66764,12,123,7329,66860
2021-01-01 15:00:00,1628,68392,31.0,154,,,1628,68392,31,154,1659,68519
2021-01-02 15:00:00,2613,71005,25.0,179,,,2613,71005,25,179,2638,71157
2021-01-03 15:00:00,3170,74175,69.0,248,,,3170,74175,69,248,3239,74396
2021-01-04 15:00:00,12847,87022,252.0,500,,,12847,87022,252,500,13099,87495
2021-01-05 15:00:00,11763,98785,441.0,941,,,11763,98785,441,941,12204,99699
2021-01-06 15:00:00,14685,113470,771.0,1712,,,14685,113470,771,1712,15456,115155
2021-01-07 15:00:00,14644,128114,1595.0,3307,,,14644,128114,1595,3307,16239,131394
2021-01-08 15:00:00,23607,151721,2562.0,5869,,,23607,151721,2562,5869,26169,157563
2021-01-09 15:00:00,4846,156567,871.0,6740,,,4846,156567,871,6740,5717,163280
2021-01-10 15:00:00,2747,159314,340.0,7080,,,2747,159314,340,7080,3087,166367
2021-01-11 15:00:00,13307,172621,3261.0,10341,,,13307,172621,3261,10341,16568,182935
2021-01-12 15:00:00,16931,189552,5322.0,15663,,,16931,189552,5322,15663,22253,205188
2021-01-13 15:00:00,17951,207503,3696.0,19359,,,17951,207503,3696,19359,21647,226835
2021-01-14 15:00:00,17400,224903,1828.0,21187,,,17400,224903,1828,21187,19228,246063
2021-01-15 15:00:00,18976,243879,1802.0,22989,,,18976,243879,1802,22989,20778,266841
2021-01-16 15:00:00,5505,249384,1518.0,24507,,,5505,249384,1518,24507,7023,273864
2021-01-17 15:00:00,2098,251482,1323.0,25830,,,2098,251482,1323,25830,3421,277285
2021-01-18 15:00:00,7131,258613,2878.0,28708,,,7131,258613,2878,28708,10009,287294
2021-01-19 15:00:00,16439,275052,4646.0,33354,,,16439,275052,4646,33354,21085,308379
2021-01-20 15:00:00,20522,295574,4807.0,38161,,,20522,295574,4807,38161,25329,333708
2021-01-21 15:00:00,22897,318471,3262.0,41423,,,22897,318471,3262,41423,26159,359867
2021-01-22 15:00:00,28316,346787,3241.0,44664,,,28316,346787,3241,44664,31557,391424
2021-01-23 15:00:00,9492,356279,1507.0,46171,,,9492,356279,1507,46171,10999,402423
2021-01-24 15:00:00,3280,359559,1568.0,47739,,,3280,359559,1568,47739,4848,407271
2021-01-25 15:00:00,16241,375800,8077.0,55816,,,16241,375800,8077,55816,24318,431589
2021-01-26 15:00:00,17338,393138,8446.0,64262,,,17338,393138,8446,64262,25784,457373
2021-01-27 15:00:00,24058,417196,12032.0,76294,,,24058,417196,12032,76294,36090,493463
2021-01-28 15:00:00,22347,439543,8924.0,85218,,,22347,439543,8924,85218,31271,524734
2021-01-29 15:00:00,23568,463111,6919.0,92137,,,23568,463111,6919,92137,30487,555221
2021-01-30 15:00:00,17383,480494,2301.0,94438,,,17383,480494,2301,94438,19684,574905
2021-01-31 15:00:00,3666,484160,1210.0,95648,,,3666,484160,1210,95648,4876,579781
2021-02-01 15:00:00,6472,490632,4142.0,99790,,,6472,490632,4142,99790,10614,590395
2021-02-02 15:00:00,11755,502387,13243.0,113033,,,11755,502387,13243,113033,24998,615393
2021-02-03 15:00:00,17513,519900,17527.0,130560,,,17513,519900,17527,130560,35040,650433
2021-02-04 15:00:00,21566,541466,15195.0,145755,,,21566,541466,15195,145755,36761,687194
2021-02-05 15:00:00,19752,561218,16915.0,162670,,,19752,561218,16915,162670,36667,723861
2021-02-06 15:00:00,10976,572194,14171.0,176841,,,10976,572194,14171,176841,25147,749008
2021-02-07 15:00:00,5819,578013,1634.0,178475,,,5819,578013,1634,178475,7453,756461
2021-02-08 15:00:00,12553,590566,12408.0,190883,,,12553,590566,12408,190883,24961,781422
2021-02-09 15:00:00,16334,606900,13238.0,204121,,,16334,606900,13238,204121,29572,810994
2021-02-10 15:00:00,19027,625927,20648.0,224769,,,19027,625927,20648,224769,39675,850669
2021-02-11 15:00:00,22725,648652,16812.0,241581,,,22725,648652,16812,241581,39537,890206
2021-02-12 15:00:00,19802,668454,19075.0,260656,,,19802,668454,19075,260656,38877,929083
2021-02-13 15:00:00,10976,679430,5957.0,266613,,,10976,679430,5957,266613,16933,946016
2021-02-14 15:00:00,6987,686417,1955.0,268568,,,6987,686417,1955,268568,8942,954958
2021-02-15 15:00:00,11381,697798,12409.0,280977,,,11381,697798,12409,280977,23790,978748
2021-02-16 15:00:00,16439,714237,20493.0,301470,,,16439,714237,20493,301470,36932,1015680
2021-02-17 15:00:00,20521,734758,25694.0,327164,,,20521,734758,25694,327164,46215,1061895
2021-02-18 15:00:00,3222,737980,4235.0,331399,,,3222,737980,4235,331399,7457,1069352
2021-02-19 15:00:00,10754,748734,18897.0,350296,,,10754,748734,18897,350296,29651,1099003
2021-02-20 15:00:00,10065,758799,19716.0,370012,,,10065,758799,19716,370012,29781,1128784
2021-02-21 15:00:00,6056,764855,7240.0,377252,,,6056,764855,7240,377252,13296,1142080
2021-02-22 15:00:00,8057,772912,14894.0,392146,,,8057,772912,14894,392146,22951,1165031
2021-02-23 15:00:00,15467,788379,15285.0,407431,,,15467,788379,15285,407431,30752,1195783
2021-02-24 15:00:00,17769,806148,24219.0,431650,,,17769,806148,24219,431650,41988,1237771
2021-02-25 15:00:00,20145,826293,25953.0,457603,,,20145,826293,25953,457603,46098,1283869
2021-02-26 15:00:00,26385,852678,25334.0,482937,,,26385,852678,25334,482937,51719,1335588
2021-02-27 15:00:00,15824,868502,10763.0,493700,,,15824,868502,10763,493700,26587,1362175
2021-02-28 15:00:00,15416,883918,4443.0,498143,,,15416,883918,4443,498143,19859,1382034
2021-03-01 15:00:00,24192,908110,11330.0,509473,,,24192,908110,11330,509473,35522,1417556
2021-03-02 15:00:00,23325,931435,12645.0,522118,13.0,13.0,23338,931448,12658,522131,35983,1453539
2021-03-03 15:00:00,29323,960758,17735.0,539853,142.0,155.0,29465,960913,17877,540008,47200,1500739
2021-03-04 15:00:00,30400,991158,17608.0,557461,4060.0,4215.0,34460,995373,21668,561676,52068,1552807
2021-03-05 15:00:00,28436,1019594,18604.0,576065,4843.0,9058.0,33279,1028652,23447,585123,51883,1604690
2021-03-06 15:00:00,17519,1037113,8607.0,584672,5949.0,15007.0,23468,1052120,14556,599679,32075,1636765
2021-03-07 15:00:00,11941,1049054,4484.0,589156,6560.0,21567.0,18501,1070621,11044,610723,22985,1659750
2021-03-08 15:00:00,25333,1074387,8375.0,597531,8182.0,29749.0,33515,1104136,16557,627280,41890,1701640
2021-03-09 15:00:00,25586,1099973,14926.0,612457,8251.0,38000.0,33837,1137973,23177,650457,48763,1750403
2021-03-10 15:00:00,29067,1129040,15465.0,627922,7900.0,45900.0,36967,1174940,23365,673822,52432,1802835
2021-03-11 15:00:00,33501,1162541,15882.0,643804,3736.0,49636.0,37237,1212177,19618,693440,53119,1855954
2021-03-12 15:00:00,35814,1198355,16294.0,660098,2518.0,52154.0,38332,1250509,18812,712252,54626,1910580
2021-03-13 15:00:00,21447,1219802,8979.0,669077,1396.0,53550.0,22843,1273352,10375,722627,31822,1942402
2021-03-14 15:00:00,16405,1236207,5585.0,674662,919.0,54469.0,17324,1290676,6504,729131,22909,1965311
2021-03-15 15:00:00,28844,1265051,10492.0,685154,542.0,55011.0,29386,1320062,11034,740165,39878,2005189
2021-03-16 15:00:00,32908,1297959,13048.0,698202,759.0,55770.0,33667,1353729,13807,753972,46715,2051904
2021-03-17 15:00:00,37003,1334962,16435.0,714637,1137.0,56907.0,38140,1391869,17572,771544,54575,2106479
2021-03-18 15:00:00,40806,1375768,11969.0,726606,1291.0,58198.0,42097,1433966,13260,784804,54066,2160545
2021-03-19 15:00:00,37454,1413222,14869.0,741475,1004.0,59202.0,38458,1472424,15873,800677,53327,2213872
2021-03-20 15:00:00,24113,1437335,9708.0,751183,665.0,59867.0,24778,1497202,10373,811050,34486,2248358
2021-03-21 15:00:00,18796,1456131,7339.0,758522,307.0,60174.0,19103,1516305,7646,818696,26442,2274800
2021-03-22 15:00:00,32098,1488229,10917.0,769439,816.0,60990.0,32914,1549219,11733,830429,43831,2318631
2021-03-23 15:00:00,37096,1525325,16693.0,786132,1501.0,62491.0,38597,1587816,18194,848623,55290,2373921
2021-03-24 15:00:00,40515,1565840,20379.0,806511,1347.0,63838.0,41862,1629678,21726,870349,62241,2436162
2021-03-25 15:00:00,41854,1607694,20176.0,826687,2450.0,66288.0,44304,1673982,22626,892975,64480,2500642
2021-03-26 15:00:00,36369,1644063,25114.0,851801,2490.0,68778.0,38859,1712841,27604,920579,63973,2564615
2021-03-27 15:00:00,26816,1670879,16377.0,868178,2383.0,71161.0,29199,1742040,18760,939339,45576,2610191
2021-03-28 15:00:00,16930,1687809,12292.0,880470,1610.0,72771.0,18540,1760580,13902,953241,30832,2641023
2021-03-29 15:00:00,29569,1717378,25539.0,906009,1113.0,73884.0,30682,1791262,26652,979893,56221,2697244
2021-03-30 15:00:00,39466,1756844,28071.0,934080,1811.0,75695.0,41277,1832539,29882,1009775,69348,2766592
2021-03-31 15:00:00,40607,1797451,33631.0,967711,5689.0,81384.0,46296,1878835,39320,1049095,79927,2846519
2021-04-01 15:00:00,40510,1837961,36228.0,1003939,5412.0,86796.0,45922,1924757,41640,1090735,82150,2928669
2021-04-02 15:00:00,34864,1872825,30989.0,1034928,5751.0,92547.0,40615,1965372,36740,1127475,71604,3000273
2021-04-03 15:00:00,21848,1894673,17701.0,1052629,4321.0,96868.0,26169,1991541,22022,1149497,43870,3044143
2021-04-04 15:00:00,8962,1903635,9230.0,1061859,907.0,97775.0,9869,2001410,10137,1159634,19099,3063242
2021-04-05 15:00:00,27923,1931558,27670.0,1089529,6569.0,104344.0,34492,2035902,34239,1193873,62162,3125404
2021-04-06 15:00:00,39562,1971120,29489.0,1119018,10430.0,114774.0,49992,2085894,39919,1233792,79481,3204885
2021-04-07 15:00:00,35574,2006694,33191.0,1152209,12636.0,127410.0,48210,2134104,45827,1279619,81401,3286286
2021-04-08 15:00:00,41835,2048529,35296.0,1187505,13640.0,141050.0,55475,2189579,48936,1328555,90771,3377057
2021-04-09 15:00:00,33589,2082118,35446.0,1222951,14386.0,155436.0,47975,2237554,49832,1378387,83421,3460478
2021-04-10 15:00:00,23494,2105612,22376.0,1245327,7526.0,162962.0,31020,2268574,29902,1408289,53396,3513874
2021-04-11 15:00:00,17787,2123399,12714.0,1258041,10058.0,173020.0,27845,2296419,22772,1431061,40559,3554433
2021-04-12 15:00:00,24437,2147836,32233.0,1290274,10824.0,183844.0,35261,2331680,43057,1474118,67494,3621927
2021-04-13 15:00:00,126611,2274447,89822.0,1380096,3287.0,187131.0,129898,2461578,93109,1567227,219720,3841647
2021-04-14 15:00:00,40516,2314963,36978.0,1417074,202.0,187333.0,40718,2502296,37180,1604407,77696,3919343
2021-04-15 15:00:00,41155,2356118,38221.0,1455295,167.0,187500.0,41322,2543618,38388,1642795,79543,3998886
2021-04-16 15:00:00,36870,2392988,37941.0,1493236,18.0,187518.0,36888,2580506,37959,1680754,74829,4073715
2021-04-17 15:00:00,32649,2425637,21530.0,1514766,11.0,187529.0,32660,2613166,21541,1702295,54190,4127905
2021-04-18 15:00:00,19548,2445185,15777.0,1530543,3.0,187532.0,19551,2632717,15780,1718075,35328,4163233
2021-04-19 15:00:00,29500,2474685,35596.0,1566139,61.0,187593.0,29561,2662278,35657,1753732,65157,4228390
2021-04-20 15:00:00,31867,2506552,42200.0,1608339,51.0,187644.0,31918,2694196,42251,1795983,74118,4302508
2021-04-21 15:00:00,37194,2543746,42810.0,1651149,18.0,187662.0,37212,2731408,42828,1838811,80022,4382530
2021-04-22 15:00:00,35579,2579325,39007.0,1690156,15.0,187677.0,35594,2767002,39022,1877833,74601,4457131
2021-04-23 15:00:00,31480,2610805,38208.0,1728364,13.0,187690.0,31493,2798495,38221,1916054,69701,4526832
2021-04-24 15:00:00,26201,2637006,27385.0,1755749,71.0,187761.0,26272,2824767,27456,1943510,53657,4580489
2021-04-25 15:00:00,20130,2657136,10663.0,1766412,29.0,187790.0,20159,2844926,10692,1954202,30822,4611311
2021-04-26 15:00:00,24984,2682120,30320.0,1796732,204.0,187994.0,25188,2870114,30524,1984726,55508,4666819
2021-04-27 15:00:00,24369,2706489,30408.0,1827140,888.0,188882.0,25257,2895371,31296,2016022,55665,4722484
2021-04-28 15:00:00,27387,2733876,37130.0,1864270,1292.0,190174.0,28679,2924050,38422,2054444,65809,4788293
2021-04-29 15:00:00,26052,2759928,37268.0,1901538,1415.0,191589.0,27467,2951517,38683,2093127,64735,4853028
2021-04-30 15:00:00,26918,2786846,30477.0,1932015,1590.0,193179.0,28508,2980025,32067,2125194,58985,4912013
2021-05-01 15:00:00,19136,2805982,24213.0,1956228,923.0,194102.0,20059,3000084,25136,2150330,44272,4956285
2021-05-02 15:00:00,10175,2816157,16689.0,1972917,791.0,194893.0,10966,3011050,17480,2167810,27655,4983940
2021-05-03 15:00:00,12963,2829120,28095.0,2001012,1870.0,196763.0,14833,3025883,29965,2197775,42928,5026868
2021-05-04 15:00:00,13304,2842424,37083.0,2038095,1712.0,198475.0,15016,3040899,38795,2236570,52099,5078967
2021-05-05 15:00:00,18239,2860663,35695.0,2073790,1887.0,200362.0,20126,3061025,37582,2274152,55821,5134788
2021-05-06 15:00:00,16728,2877391,38238.0,2112028,1671.0,202033.0,18399,3079424,39909,2314061,56637,5191425
2021-05-07 15:00:00,16961,2894352,33768.0,2145796,1905.0,203938.0,18866,3098290,35673,2349734,52634,5244059
2021-05-08 15:00:00,10340,2904692,29332.0,2175128,1277.0,205215.0,11617,3109907,30609,2380343,40949,5285008
2021-05-09 15:00:00,5110,2909802,11041.0,2186169,689.0,205904.0,5799,3115706,11730,2392073,16840,5301848
2021-05-10 15:00:00,8676,2918478,29878.0,2216047,1238.0,207142.0,9914,3125620,31116,2423189,39792,5341640
2021-05-11 15:00:00,11137,2929615,27663.0,2243710,1297.0,208439.0,12434,3138054,28960,2452149,40097,5381737
2021-05-12 15:00:00,12718,2942333,34823.0,2278533,1679.0,210118.0,14397,3152451,36502,2488651,49220,5430957
2021-05-13 15:00:00,17944,2960277,28090.0,2306623,1170.0,211288.0,19114,3171565,29260,2517911,47204,5478161
2021-05-14 15:00:00,17365,2977642,22334.0,2328957,1451.0,212739.0,18816,3190381,23785,2541696,41150,5519311
2021-05-15 15:00:00,13836,2991478,13175.0,2342132,904.0,213643.0,14740,3205121,14079,2555775,27915,5547226