VACCINATION_DATE,FirstDailyDose,FirstDoseCumulative,SecondDailyDose,SecondDoseCumulative,SingleDailyDose,SingleDoseCumulative,AtleastOneVaccine,AtleastOneVaccineCumulative,CompletedVax,CompletedVaxCumulative,FirstSecondSingleVaccinations,FirstSecondSingleVaccinationsCumulative
2020-12-14 15:00:00,17,1016,,390,,,17,1016,0,390,17,1322
2020-12-15 15:00:00,54,1070,2.0,392,,,54,1070,2,392,56,1378
2020-12-16 15:00:00,577,1647,2.0,394,,,577,1647,2,394,579,1957
2020-12-17 15:00:00,1144,2791,2.0,396,,,1144,2791,2,396,1146,3103
2020-12-18 15:00:00,2990,5781,11.0,407,,,2990,5781,11,407,3001,6104
2020-12-19 15:00:00,919,6700,5.0,412,,,919,6700,5,412,924,7028
2020-12-20 15:00:00,336,7036,4.0,416,,,336,7036,4,416,340,7368
2020-12-21 15:00:00,3860,10896,21.0,437,,,3860,10896,21,437,3881,11249
2020-12-22 15:00:00,6297,17193,19.0,456,,,6297,17193,19,456,6316,17565
2020-12-23 15:00:00,5736,22929,30.0,486,,,5736,22929,30,486,5766,23331
2020-12-24 15:00:00,2717,25646,12.0,498,,,2717,25646,12,498,2729,26060
2020-12-25 15:00:00,1034,26680,3.0,501,,,1034,26680,3,501,1037,27097
2020-12-26 15:00:00,1871,28551,9.0,510,,,1871,28551,9,510,1880,28977
2020-12-27 15:00:00,1792,30343,10.0,520,,,1792,30343,10,520,1802,30779
2020-12-28 15:00:00,8956,39299,39.0,559,,,8956,39299,39,559,8995,39774
2020-12-29 15:00:00,10920,50219,44.0,603,,,10920,50219,44,603,10964,50738
2020-12-30 15:00:00,12458,62677,69.0,672,,,12458,62677,69,672,12527,63265
2020-12-31 15:00:00,7516,70193,35.0,707,,,7516,70193,35,707,7551,70816
2021-01-01 15:00:00,2644,72837,116.0,823,,,2644,72837,116,823,2760,73576
2021-01-02 15:00:00,2987,75824,34.0,857,,,2987,75824,34,857,3021,76597
2021-01-03 15:00:00,3372,79196,79.0,936,,,3372,79196,79,936,3451,80048
2021-01-04 15:00:00,13277,92473,318.0,1254,,,13277,92473,318,1254,13595,93643
2021-01-05 15:00:00,12407,104880,517.0,1771,,,12407,104880,517,1771,12924,106567
2021-01-06 15:00:00,15176,120056,841.0,2612,,,15176,120056,841,2612,16017,122584
2021-01-07 15:00:00,14950,135006,1736.0,4348,,,14950,135006,1736,4348,16686,139270
2021-01-08 15:00:00,23951,158957,2727.0,7075,,,23951,158957,2727,7075,26678,165948
2021-01-09 15:00:00,5133,164090,938.0,8013,,,5133,164090,938,8013,6071,172019
2021-01-10 15:00:00,2926,167016,369.0,8382,,,2926,167016,369,8382,3295,175314
2021-01-11 15:00:00,13677,180693,3434.0,11816,,,13677,180693,3434,11816,17111,192425
2021-01-12 15:00:00,17304,197997,5563.0,17379,,,17304,197997,5563,17379,22867,215292
2021-01-13 15:00:00,18505,216502,3861.0,21240,,,18505,216502,3861,21240,22366,237658
2021-01-14 15:00:00,17778,234280,1923.0,23163,,,17778,234280,1923,23163,19701,257359
2021-01-15 15:00:00,19378,253658,1975.0,25138,,,19378,253658,1975,25138,21353,278712
2021-01-16 15:00:00,5787,259445,1595.0,26733,,,5787,259445,1595,26733,7382,286094
2021-01-17 15:00:00,2102,261547,1469.0,28202,,,2102,261547,1469,28202,3571,289665
2021-01-18 15:00:00,7038,268585,3233.0,31435,,,7038,268585,3233,31435,10271,299936
2021-01-19 15:00:00,16875,285460,5325.0,36760,,,16875,285460,5325,36760,22200,322136
2021-01-20 15:00:00,20959,306419,5203.0,41963,,,20959,306419,5203,41963,26162,348298
2021-01-21 15:00:00,23711,330130,3755.0,45718,,,23711,330130,3755,45718,27466,375764
2021-01-22 15:00:00,28616,358746,3636.0,49354,,,28616,358746,3636,49354,32252,408016
2021-01-23 15:00:00,10067,368813,1885.0,51239,,,10067,368813,1885,51239,11952,419968
2021-01-24 15:00:00,3337,372150,1706.0,52945,,,3337,372150,1706,52945,5043,425011
2021-01-25 15:00:00,16256,388406,8526.0,61471,,,16256,388406,8526,61471,24782,449793
2021-01-26 15:00:00,17516,405922,8904.0,70375,,,17516,405922,8904,70375,26420,476213
2021-01-27 15:00:00,24410,430332,12439.0,82814,,,24410,430332,12439,82814,36849,513062
2021-01-28 15:00:00,22619,452951,9217.0,92031,,,22619,452951,9217,92031,31836,544898
2021-01-29 15:00:00,24719,477670,7761.0,99792,,,24719,477670,7761,99792,32480,577378
2021-01-30 15:00:00,17744,495414,2497.0,102289,,,17744,495414,2497,102289,20241,597619
2021-01-31 15:00:00,3745,499159,1314.0,103603,,,3745,499159,1314,103603,5059,602678
2021-02-01 15:00:00,7633,506792,5095.0,108698,,,7633,506792,5095,108698,12728,615406
2021-02-02 15:00:00,12412,519204,13684.0,122382,,,12412,519204,13684,122382,26096,641502
2021-02-03 15:00:00,18163,537367,18010.0,140392,,,18163,537367,18010,140392,36173,677675
2021-02-04 15:00:00,22030,559397,15680.0,156072,,,22030,559397,15680,156072,37710,715385
2021-02-05 15:00:00,20234,579631,17330.0,173402,,,20234,579631,17330,173402,37564,752949
2021-02-06 15:00:00,11259,590890,14422.0,187824,,,11259,590890,14422,187824,25681,778630
2021-02-07 15:00:00,5904,596794,1770.0,189594,,,5904,596794,1770,189594,7674,786304
2021-02-08 15:00:00,12915,609709,12859.0,202453,,,12915,609709,12859,202453,25774,812078
2021-02-09 15:00:00,16581,626290,13780.0,216233,,,16581,626290,13780,216233,30361,842439
2021-02-10 15:00:00,19215,645505,21144.0,237377,,,19215,645505,21144,237377,40359,882798
2021-02-11 15:00:00,22828,668333,17240.0,254617,,,22828,668333,17240,254617,40068,922866
2021-02-12 15:00:00,20325,688658,19536.0,274153,,,20325,688658,19536,274153,39861,962727
2021-02-13 15:00:00,11381,700039,6364.0,280517,,,11381,700039,6364,280517,17745,980472
2021-02-14 15:00:00,7091,707130,2091.0,282608,,,7091,707130,2091,282608,9182,989654
2021-02-15 15:00:00,11717,718847,13148.0,295756,,,11717,718847,13148,295756,24865,1014519
2021-02-16 15:00:00,16544,735391,20948.0,316704,,,16544,735391,20948,316704,37492,1052011
2021-02-17 15:00:00,20606,755997,26321.0,343025,,,20606,755997,26321,343025,46927,1098938
2021-02-18 15:00:00,3169,759166,4526.0,347551,,,3169,759166,4526,347551,7695,1106633
2021-02-19 15:00:00,10214,769380,19875.0,367426,,,10214,769380,19875,367426,30089,1136722
2021-02-20 15:00:00,10273,779653,20225.0,387651,,,10273,779653,20225,387651,30498,1167220
2021-02-21 15:00:00,6145,785798,7609.0,395260,,,6145,785798,7609,395260,13754,1180974
2021-02-22 15:00:00,7990,793788,15413.0,410673,,,7990,793788,15413,410673,23403,1204377
2021-02-23 15:00:00,15490,809278,15871.0,426544,,,15490,809278,15871,426544,31361,1235738
2021-02-24 15:00:00,17889,827167,24672.0,451216,,,17889,827167,24672,451216,42561,1278299
2021-02-25 15:00:00,20338,847505,26427.0,477643,,,20338,847505,26427,477643,46765,1325064
2021-02-26 15:00:00,26655,874160,26081.0,503724,,,26655,874160,26081,503724,52736,1377800
2021-02-27 15:00:00,15944,890104,11028.0,514752,,,15944,890104,11028,514752,26972,1404772
2021-02-28 15:00:00,15484,905588,4786.0,519538,,,15484,905588,4786,519538,20270,1425042
2021-03-01 15:00:00,26102,931690,12311.0,531849,,,26102,931690,12311,531849,38413,1463455
2021-03-02 15:00:00,23787,955477,13172.0,545021,31.0,31.0,23818,955508,13203,545052,36990,1500445
2021-03-03 15:00:00,30010,985487,18297.0,563318,179.0,210.0,30189,985697,18476,563528,48486,1548931
2021-03-04 15:00:00,30897,1016384,18096.0,581414,4064.0,4274.0,34961,1020658,22160,585688,53057,1601988
2021-03-05 15:00:00,29358,1045742,19356.0,600770,4911.0,9185.0,34269,1054927,24267,609955,53625,1655613
2021-03-06 15:00:00,17805,1063547,8914.0,609684,6004.0,15189.0,23809,1078736,14918,624873,32723,1688336
2021-03-07 15:00:00,12075,1075622,4791.0,614475,6611.0,21800.0,18686,1097422,11402,636275,23477,1711813
2021-03-08 15:00:00,25790,1101412,8761.0,623236,8279.0,30079.0,34069,1131491,17040,653315,42830,1754643
2021-03-09 15:00:00,26033,1127445,15349.0,638585,8341.0,38420.0,34374,1165865,23690,677005,49723,1804366
2021-03-10 15:00:00,29776,1157221,15892.0,654477,7936.0,46356.0,37712,1203577,23828,700833,53604,1857970
2021-03-11 15:00:00,35886,1193107,16362.0,670839,3980.0,50336.0,39866,1243443,20342,721175,56228,1914198
2021-03-12 15:00:00,36833,1229940,17980.0,688819,2924.0,53260.0,39757,1283200,20904,742079,57737,1971935
2021-03-13 15:00:00,22623,1252563,10223.0,699042,1603.0,54863.0,24226,1307426,11826,753905,34449,2006384
2021-03-14 15:00:00,17822,1270385,6666.0,705708,995.0,55858.0,18817,1326243,7661,761566,25483,2031867
2021-03-15 15:00:00,29718,1300103,11199.0,716907,592.0,56450.0,30310,1356553,11791,773357,41509,2073376
2021-03-16 15:00:00,33344,1333447,13490.0,730397,762.0,57212.0,34106,1390659,14252,787609,47596,2120972
2021-03-17 15:00:00,37495,1370942,16938.0,747335,1174.0,58386.0,38669,1429328,18112,805721,55607,2176579
2021-03-18 15:00:00,41332,1412274,12493.0,759828,1348.0,59734.0,42680,1472008,13841,819562,55173,2231752
2021-03-19 15:00:00,38231,1450505,15327.0,775155,1034.0,60768.0,39265,1511273,16361,835923,54592,2286344
2021-03-20 15:00:00,24622,1475127,10060.0,785215,692.0,61460.0,25314,1536587,10752,846675,35374,2321718
2021-03-21 15:00:00,19116,1494243,7808.0,793023,332.0,61792.0,19448,1556035,8140,854815,27256,2348974
2021-03-22 15:00:00,32500,1526743,11396.0,804419,833.0,62625.0,33333,1589368,12229,867044,44729,2393703
2021-03-23 15:00:00,37693,1564436,17247.0,821666,1551.0,64176.0,39244,1628612,18798,885842,56491,2450194
2021-03-24 15:00:00,40991,1605427,21087.0,842753,1377.0,65553.0,42368,1670980,22464,908306,63455,2513649
2021-03-25 15:00:00,42267,1647694,20916.0,863669,2455.0,68008.0,44722,1715702,23371,931677,65638,2579287
2021-03-26 15:00:00,36531,1684225,26189.0,889858,2499.0,70507.0,39030,1754732,28688,960365,65219,2644506
2021-03-27 15:00:00,26886,1711111,16723.0,906581,2482.0,72989.0,29368,1784100,19205,979570,46091,2690597
2021-03-28 15:00:00,16992,1728103,12588.0,919169,1614.0,74603.0,18606,1802706,14202,993772,31194,2721791
2021-03-29 15:00:00,29658,1757761,26170.0,945339,1139.0,75742.0,30797,1833503,27309,1021081,56967,2778758
2021-03-30 15:00:00,39962,1797723,28866.0,974205,1852.0,77594.0,41814,1875317,30718,1051799,70680,2849438
2021-03-31 15:00:00,40965,1838688,34532.0,1008737,5745.0,83339.0,46710,1922027,40277,1092076,81242,2930680
2021-04-01 15:00:00,40753,1879441,39659.0,1048396,5617.0,88956.0,46370,1968397,45276,1137352,86029,3016709
2021-04-02 15:00:00,34903,1914344,32433.0,1080829,6106.0,95062.0,41009,2009406,38539,1175891,73442,3090151
2021-04-03 15:00:00,21582,1935926,18646.0,1099475,4363.0,99425.0,25945,2035351,23009,1198900,44591,3134742
2021-04-04 15:00:00,8225,1944151,10153.0,1109628,961.0,100386.0,9186,2044537,11114,1210014,19339,3154081
2021-04-05 15:00:00,27833,1971984,28791.0,1138419,6645.0,107031.0,34478,2079015,35436,1245450,63269,3217350
2021-04-06 15:00:00,39691,2011675,30341.0,1168760,10480.0,117511.0,50171,2129186,40821,1286271,80512,3297862
2021-04-07 15:00:00,35980,2047655,34121.0,1202881,12958.0,130469.0,48938,2178124,47079,1333350,83059,3380921
2021-04-08 15:00:00,42221,2089876,35940.0,1238821,13843.0,144312.0,56064,2234188,49783,1383133,92004,3472925
2021-04-09 15:00:00,33956,2123832,36224.0,1275045,14517.0,158829.0,48473,2282661,50741,1433874,84697,3557622
2021-04-10 15:00:00,23418,2147250,23058.0,1298103,7612.0,166441.0,31030,2313691,30670,1464544,54088,3611710
2021-04-11 15:00:00,17538,2164788,13245.0,1311348,10119.0,176560.0,27657,2341348,23364,1487908,40902,3652612
2021-04-12 15:00:00,24533,2189321,33082.0,1344430,10885.0,187445.0,35418,2376766,43967,1531875,68500,3721112
2021-04-13 15:00:00,126730,2316051,90516.0,1434946,3292.0,190737.0,130022,2506788,93808,1625683,220538,3941650
2021-04-14 15:00:00,40658,2356709,37703.0,1472649,209.0,190946.0,40867,2547655,37912,1663595,78570,4020220
2021-04-15 15:00:00,41638,2398347,39081.0,1511730,172.0,191118.0,41810,2589465,39253,1702848,80891,4101111
2021-04-16 15:00:00,37165,2435512,38661.0,1550391,23.0,191141.0,37188,2626653,38684,1741532,75849,4176960
2021-04-17 15:00:00,32752,2468264,21953.0,1572344,12.0,191153.0,32764,2659417,21965,1763497,54717,4231677
2021-04-18 15:00:00,20051,2488315,16131.0,1588475,5.0,191158.0,20056,2679473,16136,1779633,36187,4267864
2021-04-19 15:00:00,29853,2518168,36428.0,1624903,61.0,191219.0,29914,2709387,36489,1816122,66342,4334206
2021-04-20 15:00:00,33067,2551235,44083.0,1668986,54.0,191273.0,33121,2742508,44137,1860259,77204,4411410
2021-04-21 15:00:00,39755,2590990,46840.0,1715826,22.0,191295.0,39777,2782285,46862,1907121,86617,4498027
2021-04-22 15:00:00,36355,2627345,41907.0,1757733,16.0,191311.0,36371,2818656,41923,1949044,78278,4576305
2021-04-23 15:00:00,33064,2660409,39915.0,1797648,13.0,191324.0,33077,2851733,39928,1988972,72992,4649297
2021-04-24 15:00:00,26376,2686785,27791.0,1825439,80.0,191404.0,26456,2878189,27871,2016843,54247,4703544
2021-04-25 15:00:00,20207,2706992,10904.0,1836343,30.0,191434.0,20237,2898426,10934,2027777,31141,4734685
2021-04-26 15:00:00,27381,2734373,32556.0,1868899,203.0,191637.0,27584,2926010,32759,2060536,60140,4794825
2021-04-27 15:00:00,26686,2761059,32893.0,1901792,1096.0,192733.0,27782,2953792,33989,2094525,60675,4855500
2021-04-28 15:00:00,28893,2789952,39374.0,1941166,1362.0,194095.0,30255,2984047,40736,2135261,69629,4925129
2021-04-29 15:00:00,27283,2817235,39318.0,1980484,1462.0,195557.0,28745,3012792,40780,2176041,68063,4993192
2021-04-30 15:00:00,28151,2845386,32037.0,2012521,1641.0,197198.0,29792,3042584,33678,2209719,61829,5055021
2021-05-01 15:00:00,20404,2865790,26293.0,2038814,1025.0,198223.0,21429,3064013,27318,2237037,47722,5102743
2021-05-02 15:00:00,10264,2876054,16982.0,2055796,818.0,199041.0,11082,3075095,17800,2254837,28064,5130807
2021-05-03 15:00:00,12711,2888765,28590.0,2084386,1908.0,200949.0,14619,3089714,30498,2285335,43209,5174016
2021-05-04 15:00:00,13520,2902285,38335.0,2122721,1731.0,202680.0,15251,3104965,40066,2325401,53586,5227602
2021-05-05 15:00:00,19305,2921590,37611.0,2160332,1918.0,204598.0,21223,3126188,39529,2364930,58834,5286436
2021-05-06 15:00:00,16909,2938499,40473.0,2200805,1714.0,206312.0,18623,3144811,42187,2407117,59096,5345532
2021-05-07 15:00:00,17365,2955864,35906.0,2236711,1955.0,208267.0,19320,3164131,37861,2444978,55226,5400758
2021-05-08 15:00:00,10768,2966632,31137.0,2267848,1291.0,209558.0,12059,3176190,32428,2477406,43196,5443954
2021-05-09 15:00:00,5045,2971677,11883.0,2279731,695.0,210253.0,5740,3181930,12578,2489984,17623,5461577
2021-05-10 15:00:00,8931,2980608,30943.0,2310674,1357.0,211610.0,10288,3192218,32300,2522284,41231,5502808
2021-05-11 15:00:00,12176,2992784,30179.0,2340853,1434.0,213044.0,13610,3205828,31613,2553897,43789,5546597
2021-05-12 15:00:00,13921,3006705,38498.0,2379351,1914.0,214958.0,15835,3221663,40412,2594309,54333,5600930
2021-05-13 15:00:00,21798,3028503,33362.0,2412713,1346.0,216304.0,23144,3244807,34708,2629017,56506,5657436
2021-05-14 15:00:00,24322,3052825,29921.0,2442634,1770.0,218074.0,26092,3270899,31691,2660708,56013,5713449
2021-05-15 15:00:00,21872,3074697,25035.0,2467669,1489.0,219563.0,23361,3294260,26524,2687232,48396,5761845
2021-05-16 15:00:00,9063,3083760,17516.0,2485185,1111.0,220674.0,10174,3304434,18627,2705859,27690,5789535
2021-05-17 15:00:00,16819,3100579,28274.0,2513459,1948.0,222622.0,18767,3323201,30222,2736081,47041,5836576
2021-05-18 15:00:00,21229,3121808,30613.0,2544072,1940.0,224562.0,23169,3346370,32553,2768634,53782,5890358
2021-05-19 15:00:00,27571,3149379,32318.0,2576390,1622.0,226184.0,29193,3375563,33940,2802574,61511,5951869
2021-05-20 15:00:00,20779,3170158,33151.0,2609541,1963.0,228147.0,22742,3398305,35114,2837688,55893,6007762
2021-05-21 15:00:00,19113,3189271,30175.0,2639716,1606.0,229753.0,20719,3419024,31781,2869469,50894,6058656
2021-05-22 15:00:00,16894,3206165,20616.0,2660332,1269.0,231022.0,18163,3437187,21885,2891354,38779,6097435
2021-05-23 15:00:00,8748,3214913,11414.0,2671746,963.0,231985.0,9711,3446898,12377,2903731,21125,6118560
2021-05-24 15:00:00,13561,3228474,17689.0,2689435,1476.0,233461.0,15037,3461935,19165,2922896,32726,6151286
2021-05-25 15:00:00,13007,3241481,18626.0,2708061,1327.0,234788.0,14334,3476269,19953,2942849,32960,6184246
2021-05-26 15:00:00,18261,3259742,19398.0,2727459,1505.0,236293.0,19766,3496035,20903,2963752,39164,6223410
2021-05-27 15:00:00,11680,3271422,18601.0,2746060,1115.0,237408.0,12795,3508830,19716,2983468,31396,6254806
2021-05-28 15:00:00,12510,3283932,19677.0,2765737,1395.0,238803.0,13905,3522735,21072,3004540,33582,6288388
2021-05-29 15:00:00,9547,3293479,11611.0,2777348,937.0,239740.0,10484,3533219,12548,3017088,22095,6310483
2021-05-30 15:00:00,4967,3298446,6407.0,2783755,597.0,240337.0,5564,3538783,7004,3024092,11971,6322454
2021-05-31 15:00:00,1773,3300219,3700.0,2787455,305.0,240642.0,2078,3540861,4005,3028097,5778,6328232
2021-06-01 15:00:00,9746,3309965,16243.0,2803698,1148.0,241790.0,10894,3551755,17391,3045488,27137,6355369
2021-06-02 15:00:00,10213,3320178,16758.0,2820456,958.0,242748.0,11171,3562926,17716,3063204,27929,6383298
2021-06-03 15:00:00,7896,3328074,21106.0,2841562,1085.0,243833.0,8981,3571907,22191,3085395,30087,6413385
2021-06-04 15:00:00,8215,3336289,22214.0,2863776,1121.0,244954.0,9336,3581243,23335,3108730,31550,6444935
2021-06-05 15:00:00,7008,3343297,19390.0,2883166,718.0,245672.0,7726,3588969,20108,3128838,27116,6472051
2021-06-06 15:00:00,3468,3346765,7190.0,2890356,421.0,246093.0,3889,3592858,7611,3136449,11079,6483130
2021-06-07 15:00:00,6847,3353612,15716.0,2906072,724.0,246817.0,7571,3600429,16440,3152889,23287,6506417
2021-06-08 15:00:00,6665,3360277,19650.0,2925722,817.0,247634.0,7482,3607911,20467,3173356,27132,6533549
2021-06-09 15:00:00,8194,3368471,23872.0,2949594,968.0,248602.0,9162,3617073,24840,3198196,33034,6566583
2021-06-10 15:00:00,7163,3375634,19053.0,2968647,894.0,249496.0,8057,3625130,19947,3218143,27110,6593693
2021-06-11 15:00:00,7441,3383075,17667.0,2986314,1125.0,250621.0,8566,3633696,18792,3236935,26233,6619926
2021-06-12 15:00:00,5236,3388311,14696.0,3001010,604.0,251225.0,5840,3639536,15300,3252235,20536,6640462
2021-06-13 15:00:00,1931,3390242,7546.0,3008556,425.0,251650.0,2356,3641892,7971,3260206,9902,6650364
2021-06-14 15:00:00,5654,3395896,11793.0,3020349,728.0,252378.0,6382,3648274,12521,3272727,18175,6668539
2021-06-15 15:00:00,5637,3401533,14275.0,3034624,869.0,253247.0,6506,3654780,15144,3287871,20781,6689320
2021-06-16 15:00:00,8746,3410279,21533.0,3056157,757.0,254004.0,9503,3664283,22290,3310161,31036,6720356
2021-06-17 15:00:00,6673,3416952,12331.0,3068488,718.0,254722.0,7391,3671674,13049,3323210,19722,6740078
2021-06-18 15:00:00,6847,3423799,12675.0,3081163,704.0,255426.0,7551,3679225,13379,3336589,20226,6760304
2021-06-19 15:00:00,4656,3428455,9351.0,3090514,614.0,256040.0,5270,3684495,9965,3346554,14621,6774925
2021-06-20 15:00:00,2499,3430954,5030.0,3095544,378.0,256418.0,2877,3687372,5408,3351962,7907,6782832
2021-06-21 15:00:00,5543,3436497,5316.0,3100860,636.0,257054.0,6179,3693551,5952,3357914,11495,6794327
2021-06-22 15:00:00,5187,3441684,8832.0,3109692,681.0,257735.0,5868,3699419,9513,3367427,14700,6809027
2021-06-23 15:00:00,6054,3447738,10290.0,3119982,641.0,258376.0,6695,3706114,10931,3378358,16985,6826012
2021-06-24 15:00:00,5919,3453657,8180.0,3128162,593.0,258969.0,6512,3712626,8773,3387131,14692,6840704
2021-06-25 15:00:00,5824,3459481,8618.0,3136780,620.0,259589.0,6444,3719070,9238,3396369,15062,6855766
2021-06-26 15:00:00,3698,3463179,6292.0,3143072,396.0,259985.0,4094,3723164,6688,3403057,10386,6866152
2021-06-27 15:00:00,2798,3465977,3524.0,3146596,182.0,260167.0,2980,3726144,3706,3406763,6504,6872656
2021-06-28 15:00:00,4725,3470702,6099.0,3152695,521.0,260688.0,5246,3731390,6620,3413383,11345,6884001
2021-06-29 15:00:00,5054,3475756,6467.0,3159162,517.0,261205.0,5571,3736961,6984,3420367,12038,6896039
2021-06-30 15:00:00,5597,3481353,7412.0,3166574,603.0,261808.0,6200,3743161,8015,3428382,13612,6909651
2021-07-01 15:00:00,5319,3486672,6947.0,3173521,489.0,262297.0,5808,3748969,7436,3435818,12755,6922406
2021-07-02 15:00:00,5283,3491955,6841.0,3180362,519.0,262816.0,5802,3754771,7360,3443178,12643,6935049
2021-07-03 15:00:00,3258,3495213,4065.0,3184427,260.0,263076.0,3518,3758289,4325,3447503,7583,6942632
2021-07-04 15:00:00,493,3495706,541.0,3184968,66.0,263142.0,559,3758848,607,3448110,1100,6943732
2021-07-05 15:00:00,3750,3499456,3964.0,3188932,282.0,263424.0,4032,3762880,4246,3452356,7996,6951728
2021-07-06 15:00:00,4473,3503929,6230.0,3195162,450.0,263874.0,4923,3767803,6680,3459036,11153,6962881
2021-07-07 15:00:00,4451,3508380,6379.0,3201541,483.0,264357.0,4934,3772737,6862,3465898,11313,6974194
2021-07-08 15:00:00,4826,3513206,6133.0,3207674,563.0,264920.0,5389,3778126,6696,3472594,11522,6985716
2021-07-09 15:00:00,5347,3518553,6620.0,3214294,572.0,265492.0,5919,3784045,7192,3479786,12539,6998255
2021-07-10 15:00:00,3516,3522069,4375.0,3218669,301.0,265793.0,3817,3787862,4676,3484462,8192,7006447
2021-07-11 15:00:00,2664,3524733,2552.0,3221221,222.0,266015.0,2886,3790748,2774,3487236,5438,7011885
2021-07-12 15:00:00,4405,3529138,5108.0,3226329,374.0,266389.0,4779,3795527,5482,3492718,9887,7021772
2021-07-13 15:00:00,4742,3533880,4592.0,3230921,364.0,266753.0,5106,3800633,4956,3497674,9698,7031470
2021-07-14 15:00:00,4600,3538480,5248.0,3236169,422.0,267175.0,5022,3805655,5670,3503344,10270,7041740
2021-07-15 15:00:00,4868,3543348,4978.0,3241147,356.0,267531.0,5224,3810879,5334,3508678,10202,7051942
2021-07-16 15:00:00,6268,3549616,5817.0,3246964,401.0,267932.0,6669,3817548,6218,3514896,12486,7064428
2021-07-17 15:00:00,3402,3553018,3549.0,3250513,299.0,268231.0,3701,3821249,3848,3518744,7250,7071678
2021-07-18 15:00:00,2299,3555317,2367.0,3252880,110.0,268341.0,2409,3823658,2477,3521221,4776,7076454
2021-07-19 15:00:00,5247,3560564,4466.0,3257346,376.0,268717.0,5623,3829281,4842,3526063,10089,7086543
2021-07-20 15:00:00,5324,3565888,4690.0,3262036,366.0,269083.0,5690,3834971,5056,3531119,10380,7096923
2021-07-21 15:00:00,5629,3571517,4937.0,3266973,415.0,269498.0,6044,3841015,5352,3536471,10981,7107904
2021-07-22 15:00:00,6004,3577521,4649.0,3271622,468.0,269966.0,6472,3847487,5117,3541588,11121,7119025
2021-07-23 15:00:00,6823,3584344,4875.0,3276497,489.0,270455.0,7312,3854799,5364,3546952,12187,7131212
2021-07-24 15:00:00,4276,3588620,3207.0,3279704,267.0,270722.0,4543,3859342,3474,3550426,7750,7138962
2021-07-25 15:00:00,3291,3591911,1122.0,3280826,138.0,270860.0,3429,3862771,1260,3551686,4551,7143513
2021-07-26 15:00:00,6196,3598107,3912.0,3284738,412.0,271272.0,6608,3869379,4324,3556010,10520,7154033
2021-07-27 15:00:00,6340,3604447,4072.0,3288810,453.0,271725.0,6793,3876172,4525,3560535,10865,7164898
2021-07-28 15:00:00,6795,3611242,4027.0,3292837,457.0,272182.0,7252,3883424,4484,3565019,11279,7176177
2021-07-29 15:00:00,6803,3618045,4169.0,3297006,414.0,272596.0,7217,3890641,4583,3569602,11386,7187563
2021-07-30 15:00:00,7517,3625562,4556.0,3301562,521.0,273117.0,8038,3898679,5077,3574679,12594,7200157
2021-07-31 15:00:00,4777,3630339,3055.0,3304617,272.0,273389.0,5049,3903728,3327,3578006,8104,7208261
2021-08-01 15:00:00,3790,3634129,2108.0,3306725,155.0,273544.0,3945,3907673,2263,3580269,6053,7214314
2021-08-02 15:00:00,7006,3641135,3659.0,3310384,335.0,273879.0,7341,3915014,3994,3584263,11000,7225314
2021-08-03 15:00:00,6986,3648121,3922.0,3314306,506.0,274385.0,7492,3922506,4428,3588691,11414,7236728
2021-08-04 15:00:00,7152,3655273,3910.0,3318216,528.0,274913.0,7680,3930186,4438,3593129,11590,7248318
2021-08-05 15:00:00,7656,3662929,4119.0,3322335,535.0,275448.0,8191,3938377,4654,3597783,12310,7260628
2021-08-06 15:00:00,8276,3671205,4724.0,3327059,449.0,275897.0,8725,3947102,5173,3602956,13449,7274077
2021-08-07 15:00:00,5240,3676445,2810.0,3329869,264.0,276161.0,5504,3952606,3074,3606030,8314,7282391
2021-08-08 15:00:00,3947,3680392,2049.0,3331918,141.0,276302.0,4088,3956694,2190,3608220,6137,7288528
2021-08-09 15:00:00,6911,3687303,4522.0,3336440,364.0,276666.0,7275,3963969,4886,3613106,11797,7300325
2021-08-10 15:00:00,7108,3694411,4463.0,3340903,337.0,277003.0,7445,3971414,4800,3617906,11908,7312233
2021-08-11 15:00:00,7025,3701436,4435.0,3345338,438.0,277441.0,7463,3978877,4873,3622779,11898,7324131
2021-08-12 15:00:00,8560,3709996,4718.0,3350056,440.0,277881.0,9000,3987877,5158,3627937,13718,7337849
2021-08-13 15:00:00,7107,3717103,5356.0,3355412,389.0,278270.0,7496,3995373,5745,3633682,12852,7350701
2021-08-14 15:00:00,4914,3722017,3349.0,3358761,285.0,278555.0,5199,4000572,3634,3637316,8548,7359249
2021-08-15 15:00:00,3316,3725333,2734.0,3361495,164.0,278719.0,3480,4004052,2898,3640214,6214,7365463
2021-08-16 15:00:00,5408,3730741,5078.0,3366573,348.0,279067.0,5756,4009808,5426,3645640,10834,7376297
2021-08-17 15:00:00,6936,3737677,5194.0,3371767,387.0,279454.0,7323,4017131,5581,3651221,12517,7388814
2021-08-18 15:00:00,6501,3744178,5301.0,3377068,472.0,279926.0,6973,4024104,5773,3656994,12274,7401088
2021-08-19 15:00:00,5972,3750150,5326.0,3382394,410.0,280336.0,6382,4030486,5736,3662730,11708,7412796
2021-08-20 15:00:00,7023,3757173,6323.0,3388717,401.0,280737.0,7424,4037910,6724,3669454,13747,7426543
2021-08-21 15:00:00,4310,3761483,3921.0,3392638,225.0,280962.0,4535,4042445,4146,3673600,8456,7434999
2021-08-22 15:00:00,3062,3764545,3166.0,3395804,109.0,281071.0,3171,4045616,3275,3676875,6337,7441336
2021-08-23 15:00:00,6152,3770697,5920.0,3401724,285.0,281356.0,6437,4052053,6205,3683080,12357,7453693
2021-08-24 15:00:00,6630,3777327,5879.0,3407603,423.0,281779.0,7053,4059106,6302,3689382,12932,7466625
2021-08-25 15:00:00,6884,3784211,6006.0,3413609,438.0,282217.0,7322,4066428,6444,3695826,13328,7479953
2021-08-26 15:00:00,7160,3791371,6412.0,3420021,427.0,282644.0,7587,4074015,6839,3702665,13999,7493952
2021-08-27 15:00:00,6854,3798225,7012.0,3427033,315.0,282959.0,7169,4081184,7327,3709992,14181,7508133
2021-08-28 15:00:00,6900,3805125,6479.0,3433512,326.0,283285.0,7226,4088410,6805,3716797,13705,7521838
2021-08-29 15:00:00,3741,3808866,3675.0,3437187,611.0,283896.0,4352,4092762,4286,3721083,8027,7529865
2021-08-30 15:00:00,5941,3814807,6095.0,3443282,959.0,284855.0,6900,4099662,7054,3728137,12995,7542860
2021-08-31 15:00:00,5686,3820493,5934.0,3449216,945.0,285800.0,6631,4106293,6879,3735016,12565,7555425
2021-09-01 15:00:00,5531,3826024,5582.0,3454798,905.0,286705.0,6436,4112729,6487,3741503,12018,7567443
2021-09-02 15:00:00,5532,3831556,5887.0,3460685,700.0,287405.0,6232,4118961,6587,3748090,12119,7579562
2021-09-03 15:00:00,5979,3837535,6883.0,3467568,971.0,288376.0,6950,4125911,7854,3755944,13833,7593395
2021-09-04 15:00:00,3713,3841248,4323.0,3471891,875.0,289251.0,4588,4130499,5198,3761142,8911,7602306
2021-09-05 15:00:00,2944,3844192,2800.0,3474691,104.0,289355.0,3048,4133547,2904,3764046,5848,7608154
2021-09-06 15:00:00,1049,3845241,1143.0,3475834,62.0,289417.0,1111,4134658,1205,3765251,2254,7610408
2021-09-07 15:00:00,5292,3850533,7248.0,3483082,2303.0,291720.0,7595,4142253,9551,3774802,14843,7625251
2021-09-08 15:00:00,4657,3855190,5445.0,3488527,365.0,292085.0,5022,4147275,5810,3780612,10467,7635718
2021-09-09 15:00:00,5062,3860252,5344.0,3493871,322.0,292407.0,5384,4152659,5666,3786278,10728,7646446
2021-09-10 15:00:00,6525,3866777,6589.0,3500460,1712.0,294119.0,8237,4160896,8301,3794579,14826,7661272
2021-09-11 15:00:00,4038,3870815,4327.0,3504787,663.0,294782.0,4701,4165597,4990,3799569,9028,7670300
2021-09-12 15:00:00,3064,3873879,3231.0,3508018,435.0,295217.0,3499,4169096,3666,3803235,6730,7677030
2021-09-13 15:00:00,4668,3878547,4846.0,3512864,345.0,295562.0,5013,4174109,5191,3808426,9859,7686889
2021-09-14 15:00:00,4571,3883118,5203.0,3518067,432.0,295994.0,5003,4179112,5635,3814061,10206,7697095
2021-09-15 15:00:00,4730,3887848,5603.0,3523670,387.0,296381.0,5117,4184229,5990,3820051,10720,7707815
2021-09-16 15:00:00,4582,3892430,5604.0,3529274,331.0,296712.0,4913,4189142,5935,3825986,10517,7718332
2021-09-17 15:00:00,5033,3897463,6336.0,3535610,341.0,297053.0,5374,4194516,6677,3832663,11710,7730042
2021-09-18 15:00:00,3771,3901234,4569.0,3540179,184.0,297237.0,3955,4198471,4753,3837416,8524,7738566
2021-09-19 15:00:00,2721,3903955,3163.0,3543342,75.0,297312.0,2796,4201267,3238,3840654,5959,7744525
2021-09-20 15:00:00,3535,3907490,4469.0,3547811,426.0,297738.0,3961,4205228,4895,3845549,8430,7752955
2021-09-21 15:00:00,3778,3911268,4809.0,3552620,325.0,298063.0,4103,4209331,5134,3850683,8912,7761867
2021-09-22 15:00:00,4184,3915452,4753.0,3557373,459.0,298522.0,4643,4213974,5212,3855895,9396,7771263
2021-09-23 15:00:00,4173,3919625,4695.0,3562068,489.0,299011.0,4662,4218636,5184,3861079,9357,7780620
2021-09-24 15:00:00,5060,3924685,5568.0,3567636,422.0,299433.0,5482,4224118,5990,3867069,11050,7791670
2021-09-25 15:00:00,3593,3928278,3629.0,3571265,384.0,299817.0,3977,4228095,4013,3871082,7606,7799276
2021-09-26 15:00:00,2351,3930629,2599.0,3573864,421.0,300238.0,2772,4230867,3020,3874102,5371,7804647
2021-09-27 15:00:00,4493,3935122,2696.0,3576560,506.0,300744.0,4999,4235866,3202,3877304,7695,7812342
2021-09-28 15:00:00,4386,3939508,4387.0,3580947,211.0,300955.0,4597,4240463,4598,3881902,8984,7821326
2021-09-29 15:00:00,4691,3944199,4488.0,3585435,918.0,301873.0,5609,4246072,5406,3887308,10097,7831423
2021-09-30 15:00:00,4867,3949066,4573.0,3590008,791.0,302664.0,5658,4251730,5364,3892672,10231,7841654
2021-10-01 15:00:00,5408,3954474,5286.0,3595294,779.0,303443.0,6187,4257917,6065,3898737,11473,7853127
2021-10-02 15:00:00,2935,3957409,2900.0,3598194,186.0,303629.0,3121,4261038,3086,3901823,6021,7859148
2021-10-03 15:00:00,2054,3959463,2187.0,3600381,87.0,303716.0,2141,4263179,2274,3904097,4328,7863476
2021-10-04 15:00:00,4143,3963606,3388.0,3603769,233.0,303949.0,4376,4267555,3621,3907718,7764,7871240
2021-10-05 15:00:00,4051,3967657,3580.0,3607349,204.0,304153.0,4255,4271810,3784,3911502,7835,7879075
2021-10-06 15:00:00,4113,3971770,3494.0,3610843,263.0,304416.0,4376,4276186,3757,3915259,7870,7886945
2021-10-07 15:00:00,4347,3976117,3504.0,3614347,326.0,304742.0,4673,4280859,3830,3919089,8177,7895122
2021-10-08 15:00:00,4910,3981027,4096.0,3618443,281.0,305023.0,5191,4286050,4377,3923466,9287,7904409
2021-10-09 15:00:00,2675,3983702,2675.0,3621118,270.0,305293.0,2945,4288995,2945,3926411,5620,7910029
2021-10-10 15:00:00,1863,3985565,1845.0,3622963,59.0,305352.0,1922,4290917,1904,3928315,3767,7913796
2021-10-11 15:00:00,4358,3989923,3194.0,3626157,246.0,305598.0,4604,4295521,3440,3931755,7798,7921594
2021-10-12 15:00:00,3713,3993636,3283.0,3629440,268.0,305866.0,3981,4299502,3551,3935306,7264,7928858
2021-10-13 15:00:00,3964,3997600,3456.0,3632896,343.0,306209.0,4307,4303809,3799,3939105,7763,7936621
2021-10-14 15:00:00,5139,4002739,5463.0,3638359,424.0,306633.0,5563,4309372,5887,3944992,11026,7947647
2021-10-15 15:00:00,4700,4007439,4567.0,3642926,344.0,306977.0,5044,4314416,4911,3949903,9611,7957258
2021-10-16 15:00:00,2488,4009927,2505.0,3645431,287.0,307264.0,2775,4317191,2792,3952695,5280,7962538
2021-10-17 15:00:00,1798,4011725,1784.0,3647215,52.0,307316.0,1850,4319041,1836,3954531,3634,7966172
2021-10-18 15:00:00,4285,4016010,3605.0,3650820,266.0,307582.0,4551,4323592,3871,3958402,8156,7974328
2021-10-19 15:00:00,4297,4020307,4068.0,3654888,221.0,307803.0,4518,4328110,4289,3962691,8586,7982914
2021-10-20 15:00:00,3508,4023815,3448.0,3658336,252.0,308055.0,3760,4331870,3700,3966391,7208,7990122
2021-10-21 15:00:00,3290,4027105,3341.0,3661677,290.0,308345.0,3580,4335450,3631,3970022,6921,7997043
2021-10-22 15:00:00,4686,4031791,5715.0,3667392,473.0,308818.0,5159,4340609,6188,3976210,10874,8007917
2021-10-23 15:00:00,2900,4034691,3395.0,3670787,321.0,309139.0,3221,4343830,3716,3979926,6616,8014533
2021-10-24 15:00:00,2034,4036725,2460.0,3673247,77.0,309216.0,2111,4345941,2537,3982463,4571,8019104
2021-10-25 15:00:00,4491,4041216,5826.0,3679073,314.0,309530.0,4805,4350746,6140,3988603,10631,8029735
2021-10-26 15:00:00,4479,4045695,5633.0,3684706,306.0,309836.0,4785,4355531,5939,3994542,10418,8040153
2021-10-27 15:00:00,4653,4050348,5838.0,3690544,421.0,310257.0,5074,4360605,6259,4000801,10912,8051065
2021-10-28 15:00:00,4504,4054852,5800.0,3696344,489.0,310746.0,4993,4365598,6289,4007090,10793,8061858
2021-10-29 15:00:00,4918,4059770,6391.0,3702735,386.0,311132.0,5304,4370902,6777,4013867,11695,8073553
2021-10-30 15:00:00,2605,4062375,3152.0,3705887,306.0,311438.0,2911,4373813,3458,4017325,6063,8079616
2021-10-31 15:00:00,1917,4064292,2255.0,3708142,93.0,311531.0,2010,4375823,2348,4019673,4265,8083881
2021-11-01 15:00:00,4508,4068800,5726.0,3713868,325.0,311856.0,4833,4380656,6051,4025724,10559,8094440
2021-11-02 15:00:00,4198,4072998,5234.0,3719102,392.0,312248.0,4590,4385246,5626,4031350,9824,8104264
2021-11-03 15:00:00,4513,4077511,5277.0,3724379,440.0,312688.0,4953,4390199,5717,4037067,10230,8114494
2021-11-04 15:00:00,5880,4083391,5397.0,3729776,504.0,313192.0,6384,4396583,5901,4042968,11781,8126275
2021-11-05 15:00:00,7561,4090952,5997.0,3735773,394.0,313586.0,7955,4404538,6391,4049359,13952,8140227
2021-11-06 15:00:00,9589,4100541,2997.0,3738770,297.0,313883.0,9886,4414424,3294,4052653,12883,8153110
2021-11-07 15:00:00,7106,4107647,1981.0,3740751,85.0,313968.0,7191,4421615,2066,4054719,9172,8162282
2021-11-08 15:00:00,10751,4118398,4467.0,3745218,347.0,314315.0,11098,4432713,4814,4059533,15565,8177847
2021-11-09 15:00:00,10564,4128962,3995.0,3749213,214.0,314529.0,10778,4443491,4209,4063742,14773,8192620
2021-11-10 15:00:00,6469,4135431,2083.0,3751296,182.0,314711.0,6651,4450142,2265,4066007,8734,8201354
