VACCINATION_DATE,FirstDailyDose,FirstDoseCumulative,SecondDailyDose,SecondDoseCumulative,SingleDailyDose,SingleDoseCumulative,AtleastOneVaccine,AtleastOneVaccineCumulative,CompletedVax,CompletedVaxCumulative,FirstSecondSingleVaccinations,FirstSecondSingleVaccinationsCumulative
2020-12-14 15:00:00,19,1443,,530,,,19,1443,0,530,19,1872
2020-12-15 15:00:00,61,1504,3.0,533,,,61,1504,3,533,64,1936
2020-12-16 15:00:00,597,2101,5.0,538,,,597,2101,5,538,602,2538
2020-12-17 15:00:00,1165,3266,8.0,546,,,1165,3266,8,546,1173,3711
2020-12-18 15:00:00,3028,6294,12.0,558,,,3028,6294,12,558,3040,6751
2020-12-19 15:00:00,929,7223,7.0,565,,,929,7223,7,565,936,7687
2020-12-20 15:00:00,365,7588,6.0,571,,,365,7588,6,571,371,8058
2020-12-21 15:00:00,3894,11482,27.0,598,,,3894,11482,27,598,3921,11979
2020-12-22 15:00:00,6326,17808,28.0,626,,,6326,17808,28,626,6354,18333
2020-12-23 15:00:00,5789,23597,38.0,664,,,5789,23597,38,664,5827,24160
2020-12-24 15:00:00,2729,26326,15.0,679,,,2729,26326,15,679,2744,26904
2020-12-25 15:00:00,1035,27361,4.0,683,,,1035,27361,4,683,1039,27943
2020-12-26 15:00:00,1884,29245,10.0,693,,,1884,29245,10,693,1894,29837
2020-12-27 15:00:00,1803,31048,12.0,705,,,1803,31048,12,705,1815,31652
2020-12-28 15:00:00,8992,40040,50.0,755,,,8992,40040,50,755,9042,40694
2020-12-29 15:00:00,10975,51015,53.0,808,,,10975,51015,53,808,11028,51722
2020-12-30 15:00:00,12501,63516,92.0,900,,,12501,63516,92,900,12593,64315
2020-12-31 15:00:00,7558,71074,47.0,947,,,7558,71074,47,947,7605,71920
2021-01-01 15:00:00,3348,74422,146.0,1093,,,3348,74422,146,1093,3494,75414
2021-01-02 15:00:00,3054,77476,34.0,1127,,,3054,77476,34,1127,3088,78502
2021-01-03 15:00:00,3412,80888,82.0,1209,,,3412,80888,82,1209,3494,81996
2021-01-04 15:00:00,13370,94258,339.0,1548,,,13370,94258,339,1548,13709,95705
2021-01-05 15:00:00,12492,106750,550.0,2098,,,12492,106750,550,2098,13042,108747
2021-01-06 15:00:00,15273,122023,868.0,2966,,,15273,122023,868,2966,16141,124888
2021-01-07 15:00:00,15051,137074,1783.0,4749,,,15051,137074,1783,4749,16834,141722
2021-01-08 15:00:00,24020,161094,2789.0,7538,,,24020,161094,2789,7538,26809,168531
2021-01-09 15:00:00,5178,166272,956.0,8494,,,5178,166272,956,8494,6134,174665
2021-01-10 15:00:00,2976,169248,386.0,8880,,,2976,169248,386,8880,3362,178027
2021-01-11 15:00:00,13738,182986,3480.0,12360,,,13738,182986,3480,12360,17218,195245
2021-01-12 15:00:00,17402,200388,5596.0,17956,,,17402,200388,5596,17956,22998,218243
2021-01-13 15:00:00,18627,219015,3936.0,21892,,,18627,219015,3936,21892,22563,240806
2021-01-14 15:00:00,17872,236887,1964.0,23856,,,17872,236887,1964,23856,19836,260642
2021-01-15 15:00:00,19494,256381,2033.0,25889,,,19494,256381,2033,25889,21527,282169
2021-01-16 15:00:00,5842,262223,1619.0,27508,,,5842,262223,1619,27508,7461,289630
2021-01-17 15:00:00,2126,264349,1480.0,28988,,,2126,264349,1480,28988,3606,293236
2021-01-18 15:00:00,7082,271431,3268.0,32256,,,7082,271431,3268,32256,10350,303586
2021-01-19 15:00:00,16958,288389,5415.0,37671,,,16958,288389,5415,37671,22373,325959
2021-01-20 15:00:00,21014,309403,5331.0,43002,,,21014,309403,5331,43002,26345,352304
2021-01-21 15:00:00,23824,333227,3862.0,46864,,,23824,333227,3862,46864,27686,379990
2021-01-22 15:00:00,28663,361890,3764.0,50628,,,28663,361890,3764,50628,32427,412417
2021-01-23 15:00:00,10131,372021,1946.0,52574,,,10131,372021,1946,52574,12077,424494
2021-01-24 15:00:00,3360,375381,1723.0,54297,,,3360,375381,1723,54297,5083,429577
2021-01-25 15:00:00,16313,391694,8614.0,62911,,,16313,391694,8614,62911,24927,454504
2021-01-26 15:00:00,17565,409259,8983.0,71894,,,17565,409259,8983,71894,26548,481052
2021-01-27 15:00:00,24442,433701,12566.0,84460,,,24442,433701,12566,84460,37008,518060
2021-01-28 15:00:00,22664,456365,9335.0,93795,,,22664,456365,9335,93795,31999,550059
2021-01-29 15:00:00,24790,481155,7933.0,101728,,,24790,481155,7933,101728,32723,582782
2021-01-30 15:00:00,17782,498937,2570.0,104298,,,17782,498937,2570,104298,20352,603134
2021-01-31 15:00:00,3765,502702,1374.0,105672,,,3765,502702,1374,105672,5139,608273
2021-02-01 15:00:00,8153,510855,5413.0,111085,,,8153,510855,5413,111085,13566,621839
2021-02-02 15:00:00,12518,523373,13835.0,124920,,,12518,523373,13835,124920,26353,648192
2021-02-03 15:00:00,18263,541636,18145.0,143065,,,18263,541636,18145,143065,36408,684600
2021-02-04 15:00:00,22146,563782,15802.0,158867,,,22146,563782,15802,158867,37948,722548
2021-02-05 15:00:00,20416,584198,17449.0,176316,,,20416,584198,17449,176316,37865,760413
2021-02-06 15:00:00,11379,595577,14538.0,190854,,,11379,595577,14538,190854,25917,786330
2021-02-07 15:00:00,5991,601568,1945.0,192799,,,5991,601568,1945,192799,7936,794266
2021-02-08 15:00:00,13015,614583,12982.0,205781,,,13015,614583,12982,205781,25997,820263
2021-02-09 15:00:00,16665,631248,13884.0,219665,,,16665,631248,13884,219665,30549,850812
2021-02-10 15:00:00,19327,650575,21317.0,240982,,,19327,650575,21317,240982,40644,891456
2021-02-11 15:00:00,22945,673520,17393.0,258375,,,22945,673520,17393,258375,40338,931794
2021-02-12 15:00:00,20439,693959,19676.0,278051,,,20439,693959,19676,278051,40115,971909
2021-02-13 15:00:00,11470,705429,6427.0,284478,,,11470,705429,6427,284478,17897,989806
2021-02-14 15:00:00,7123,712552,2137.0,286615,,,7123,712552,2137,286615,9260,999066
2021-02-15 15:00:00,11773,724325,13346.0,299961,,,11773,724325,13346,299961,25119,1024185
2021-02-16 15:00:00,16653,740978,21034.0,320995,,,16653,740978,21034,320995,37687,1061872
2021-02-17 15:00:00,20683,761661,26389.0,347384,,,20683,761661,26389,347384,47072,1108944
2021-02-18 15:00:00,3204,764865,4623.0,352007,,,3204,764865,4623,352007,7827,1116771
2021-02-19 15:00:00,10264,775129,19931.0,371938,,,10264,775129,19931,371938,30195,1146966
2021-02-20 15:00:00,10320,785449,20304.0,392242,,,10320,785449,20304,392242,30624,1177590
2021-02-21 15:00:00,6192,791641,7666.0,399908,,,6192,791641,7666,399908,13858,1191448
2021-02-22 15:00:00,8037,799678,15490.0,415398,,,8037,799678,15490,415398,23527,1214975
2021-02-23 15:00:00,15546,815224,15979.0,431377,,,15546,815224,15979,431377,31525,1246500
2021-02-24 15:00:00,18000,833224,24847.0,456224,,,18000,833224,24847,456224,42847,1289347
2021-02-25 15:00:00,20395,853619,26587.0,482811,,,20395,853619,26587,482811,46982,1336329
2021-02-26 15:00:00,26699,880318,26280.0,509091,,,26699,880318,26280,509091,52979,1389308
2021-02-27 15:00:00,16031,896349,11162.0,520253,,,16031,896349,11162,520253,27193,1416501
2021-02-28 15:00:00,15525,911874,4890.0,525143,,,15525,911874,4890,525143,20415,1436916
2021-03-01 15:00:00,27188,939062,12665.0,537808,,,27188,939062,12665,537808,39853,1476769
2021-03-02 15:00:00,23989,963051,13302.0,551110,36.0,36.0,24025,963087,13338,551146,37327,1514096
2021-03-03 15:00:00,30236,993287,18418.0,569528,190.0,226.0,30426,993513,18608,569754,48844,1562940
2021-03-04 15:00:00,31009,1024296,18255.0,587783,4068.0,4294.0,35077,1028590,22323,592077,53332,1616272
2021-03-05 15:00:00,30084,1054380,19767.0,607550,4910.0,9204.0,34994,1063584,24677,616754,54761,1671033
2021-03-06 15:00:00,18992,1073372,9535.0,617085,6009.0,15213.0,25001,1088585,15544,632298,34536,1705569
2021-03-07 15:00:00,12151,1085523,4929.0,622014,6608.0,21821.0,18759,1107344,11537,643835,23688,1729257
2021-03-08 15:00:00,25928,1111451,8861.0,630875,8274.0,30095.0,34202,1141546,17135,660970,43063,1772320
2021-03-09 15:00:00,26144,1137595,15495.0,646370,8344.0,38439.0,34488,1176034,23839,684809,49983,1822303
2021-03-10 15:00:00,29891,1167486,16046.0,662416,7937.0,46376.0,37828,1213862,23983,708792,53874,1876177
2021-03-11 15:00:00,36012,1203498,16421.0,678837,3982.0,50358.0,39994,1253856,20403,729195,56415,1932592
2021-03-12 15:00:00,36907,1240405,18156.0,696993,2929.0,53287.0,39836,1293692,21085,750280,57992,1990584
2021-03-13 15:00:00,22670,1263075,10333.0,707326,1630.0,54917.0,24300,1317992,11963,762243,34633,2025217
2021-03-14 15:00:00,17834,1280909,6737.0,714063,1009.0,55926.0,18843,1336835,7746,769989,25580,2050797
2021-03-15 15:00:00,29887,1310796,11362.0,725425,599.0,56525.0,30486,1367321,11961,781950,41848,2092645
2021-03-16 15:00:00,33478,1344274,13588.0,739013,770.0,57295.0,34248,1401569,14358,796308,47836,2140481
2021-03-17 15:00:00,37629,1381903,17076.0,756089,1181.0,58476.0,38810,1440379,18257,814565,55886,2196367
2021-03-18 15:00:00,41473,1423376,12695.0,768784,1354.0,59830.0,42827,1483206,14049,828614,55522,2251889
2021-03-19 15:00:00,38384,1461760,15441.0,784225,1046.0,60876.0,39430,1522636,16487,845101,54871,2306760
2021-03-20 15:00:00,24728,1486488,10228.0,794453,705.0,61581.0,25433,1548069,10933,856034,35661,2342421
2021-03-21 15:00:00,19191,1505679,7904.0,802357,341.0,61922.0,19532,1567601,8245,864279,27436,2369857
2021-03-22 15:00:00,32599,1538278,11511.0,813868,835.0,62757.0,33434,1601035,12346,876625,44945,2414802
2021-03-23 15:00:00,38408,1576686,17859.0,831727,1556.0,64313.0,39964,1640999,19415,896040,57823,2472625
2021-03-24 15:00:00,41089,1617775,21252.0,852979,1387.0,65700.0,42476,1683475,22639,918679,63728,2536353
2021-03-25 15:00:00,42908,1660683,21736.0,874715,2456.0,68156.0,45364,1728839,24192,942871,67100,2603453
2021-03-26 15:00:00,36379,1697062,26717.0,901432,2495.0,70651.0,38874,1767713,29212,972083,65591,2669044
2021-03-27 15:00:00,26471,1723533,17324.0,918756,2490.0,73141.0,28961,1796674,19814,991897,46285,2715329
2021-03-28 15:00:00,17011,1740544,12690.0,931446,1614.0,74755.0,18625,1815299,14304,1006201,31315,2746644
2021-03-29 15:00:00,29722,1770266,26391.0,957837,1141.0,75896.0,30863,1846162,27532,1033733,57254,2803898
2021-03-30 15:00:00,40061,1810327,29085.0,986922,1866.0,77762.0,41927,1888089,30951,1064684,71012,2874910
2021-03-31 15:00:00,41023,1851350,34748.0,1021670,5750.0,83512.0,46773,1934862,40498,1105182,81521,2956431
2021-04-01 15:00:00,42458,1893808,41161.0,1062831,5758.0,89270.0,48216,1983078,46919,1152101,89377,3045808
2021-04-02 15:00:00,34925,1928733,32733.0,1095564,6131.0,95401.0,41056,2024134,38864,1190965,73789,3119597
2021-04-03 15:00:00,21167,1949900,19236.0,1114800,4393.0,99794.0,25560,2049694,23629,1214594,44796,3164393
2021-04-04 15:00:00,8298,1958198,10222.0,1125022,967.0,100761.0,9265,2058959,11189,1225783,19487,3183880
2021-04-05 15:00:00,27953,1986151,28982.0,1154004,6661.0,107422.0,34614,2093573,35643,1261426,63596,3247476
2021-04-06 15:00:00,39796,2025947,30515.0,1184519,10501.0,117923.0,50297,2143870,41016,1302442,80812,3328288
2021-04-07 15:00:00,36104,2062051,34366.0,1218885,13001.0,130924.0,49105,2192975,47367,1349809,83471,3411759
2021-04-08 15:00:00,42361,2104412,36159.0,1255044,13872.0,144796.0,56233,2249208,50031,1399840,92392,3504151
2021-04-09 15:00:00,34099,2138511,36359.0,1291403,14534.0,159330.0,48633,2297841,50893,1450733,84992,3589143
2021-04-10 15:00:00,23493,2162004,23181.0,1314584,7641.0,166971.0,31134,2328975,30822,1481555,54315,3643458
2021-04-11 15:00:00,17588,2179592,13292.0,1327876,10123.0,177094.0,27711,2356686,23415,1504970,41003,3684461
2021-04-12 15:00:00,24587,2204179,33256.0,1361132,10905.0,187999.0,35492,2392178,44161,1549131,68748,3753209
2021-04-13 15:00:00,126157,2330336,91314.0,1452446,3293.0,191292.0,129450,2521628,94607,1643738,220764,3973973
2021-04-14 15:00:00,40730,2371066,37850.0,1490296,213.0,191505.0,40943,2562571,38063,1681801,78793,4052766
2021-04-15 15:00:00,41419,2412485,39573.0,1529869,176.0,191681.0,41595,2604166,39749,1721550,81168,4133934
2021-04-16 15:00:00,37147,2449632,38889.0,1568758,25.0,191706.0,37172,2641338,38914,1760464,76061,4209995
2021-04-17 15:00:00,32813,2482445,22041.0,1590799,13.0,191719.0,32826,2674164,22054,1782518,54867,4264862
2021-04-18 15:00:00,20064,2502509,16209.0,1607008,5.0,191724.0,20069,2694233,16214,1798732,36278,4301140
2021-04-19 15:00:00,29885,2532394,36566.0,1643574,61.0,191785.0,29946,2724179,36627,1835359,66512,4367652
2021-04-20 15:00:00,32935,2565329,44495.0,1688069,58.0,191843.0,32993,2757172,44553,1879912,77488,4445140
2021-04-21 15:00:00,39833,2605162,47089.0,1735158,26.0,191869.0,39859,2797031,47115,1927027,86948,4532088
2021-04-22 15:00:00,35853,2641015,42693.0,1777851,16.0,191885.0,35869,2832900,42709,1969736,78562,4610650
2021-04-23 15:00:00,33147,2674162,40170.0,1818021,14.0,191899.0,33161,2866061,40184,2009920,73331,4683981
2021-04-24 15:00:00,26418,2700580,27927.0,1845948,81.0,191980.0,26499,2892560,28008,2037928,54426,4738407
2021-04-25 15:00:00,20217,2720797,10996.0,1856944,31.0,192011.0,20248,2912808,11027,2048955,31244,4769651
2021-04-26 15:00:00,27384,2748181,32760.0,1889704,201.0,192212.0,27585,2940393,32961,2081916,60345,4829996
2021-04-27 15:00:00,26677,2774858,33104.0,1922808,1097.0,193309.0,27774,2968167,34201,2116117,60878,4890874
2021-04-28 15:00:00,28926,2803784,39561.0,1962369,1367.0,194676.0,30293,2998460,40928,2157045,69854,4960728
2021-04-29 15:00:00,27069,2830853,39775.0,2002144,1463.0,196139.0,28532,3026992,41238,2198283,68307,5029035
2021-04-30 15:00:00,28199,2859052,32312.0,2034456,1649.0,197788.0,29848,3056840,33961,2232244,62160,5091195
2021-05-01 15:00:00,20748,2879800,26777.0,2061233,1054.0,198842.0,21802,3078642,27831,2260075,48579,5139774
2021-05-02 15:00:00,10269,2890069,17085.0,2078318,823.0,199665.0,11092,3089734,17908,2277983,28177,5167951
2021-05-03 15:00:00,12733,2902802,28624.0,2106942,1917.0,201582.0,14650,3104384,30541,2308524,43274,5211225
2021-05-04 15:00:00,13562,2916364,38640.0,2145582,1742.0,203324.0,15304,3119688,40382,2348906,53944,5265169
2021-05-05 15:00:00,19316,2935680,37780.0,2183362,1921.0,205245.0,21237,3140925,39701,2388607,59017,5324186
2021-05-06 15:00:00,16924,2952604,40602.0,2223964,1721.0,206966.0,18645,3159570,42323,2430930,59247,5383433
2021-05-07 15:00:00,17581,2970185,37024.0,2260988,1959.0,208925.0,19540,3179110,38983,2469913,56564,5439997
2021-05-08 15:00:00,10795,2980980,31229.0,2292217,1293.0,210218.0,12088,3191198,32522,2502435,43317,5483314
2021-05-09 15:00:00,5077,2986057,12251.0,2304468,695.0,210913.0,5772,3196970,12946,2515381,18023,5501337
2021-05-10 15:00:00,8956,2995013,31059.0,2335527,1362.0,212275.0,10318,3207288,32421,2547802,41377,5542714
2021-05-11 15:00:00,12184,3007197,30296.0,2365823,1442.0,213717.0,13626,3220914,31738,2579540,43922,5586636
2021-05-12 15:00:00,13947,3021144,38638.0,2404461,1917.0,215634.0,15864,3236778,40555,2620095,54502,5641138
2021-05-13 15:00:00,21843,3042987,33522.0,2437983,1347.0,216981.0,23190,3259968,34869,2654964,56712,5697850
2021-05-14 15:00:00,24397,3067384,30065.0,2468048,1774.0,218755.0,26171,3286139,31839,2686803,56236,5754086
2021-05-15 15:00:00,21952,3089336,25119.0,2493167,1490.0,220245.0,23442,3309581,26609,2713412,48561,5802647
2021-05-16 15:00:00,9090,3098426,17582.0,2510749,1113.0,221358.0,10203,3319784,18695,2732107,27785,5830432
2021-05-17 15:00:00,16838,3115264,28412.0,2539161,1949.0,223307.0,18787,3338571,30361,2762468,47199,5877631
2021-05-18 15:00:00,21261,3136525,30701.0,2569862,1943.0,225250.0,23204,3361775,32644,2795112,53905,5931536
2021-05-19 15:00:00,27667,3164192,32437.0,2602299,1632.0,226882.0,29299,3391074,34069,2829181,61736,5993272
2021-05-20 15:00:00,20809,3185001,33280.0,2635579,1965.0,228847.0,22774,3413848,35245,2864426,56054,6049326
2021-05-21 15:00:00,19163,3204164,30361.0,2665940,1609.0,230456.0,20772,3434620,31970,2896396,51133,6100459
2021-05-22 15:00:00,16946,3221110,20697.0,2686637,1270.0,231726.0,18216,3452836,21967,2918363,38913,6139372
2021-05-23 15:00:00,8816,3229926,11453.0,2698090,965.0,232691.0,9781,3462617,12418,2930781,21234,6160606
2021-05-24 15:00:00,13573,3243499,17781.0,2715871,1473.0,234164.0,15046,3477663,19254,2950035,32827,6193433
2021-05-25 15:00:00,13076,3256575,18719.0,2734590,1329.0,235493.0,14405,3492068,20048,2970083,33124,6226557
2021-05-26 15:00:00,18310,3274885,19521.0,2754111,1512.0,237005.0,19822,3511890,21033,2991116,39343,6265900
2021-05-27 15:00:00,11688,3286573,18674.0,2772785,1117.0,238122.0,12805,3524695,19791,3010907,31479,6297379
2021-05-28 15:00:00,12423,3298996,19855.0,2792640,1402.0,239524.0,13825,3538520,21257,3032164,33680,6331059
2021-05-29 15:00:00,9516,3308512,11728.0,2804368,937.0,240461.0,10453,3548973,12665,3044829,22181,6353240
2021-05-30 15:00:00,4968,3313480,6438.0,2810806,596.0,241057.0,5564,3554537,7034,3051863,12002,6365242
2021-05-31 15:00:00,1779,3315259,3712.0,2814518,305.0,241362.0,2084,3556621,4017,3055880,5796,6371038
2021-06-01 15:00:00,9878,3325137,16483.0,2831001,1159.0,242521.0,11037,3567658,17642,3073522,27520,6398558
2021-06-02 15:00:00,10236,3335373,16822.0,2847823,961.0,243482.0,11197,3578855,17783,3091305,28019,6426577
2021-06-03 15:00:00,7896,3343269,21198.0,2869021,1088.0,244570.0,8984,3587839,22286,3113591,30182,6456759
2021-06-04 15:00:00,8197,3351466,22362.0,2891383,1120.0,245690.0,9317,3597156,23482,3137073,31679,6488438
2021-06-05 15:00:00,7000,3358466,19476.0,2910859,720.0,246410.0,7720,3604876,20196,3157269,27196,6515634
2021-06-06 15:00:00,3457,3361923,7257.0,2918116,425.0,246835.0,3882,3608758,7682,3164951,11139,6526773
2021-06-07 15:00:00,6859,3368782,15795.0,2933911,725.0,247560.0,7584,3616342,16520,3181471,23379,6550152
2021-06-08 15:00:00,6670,3375452,19740.0,2953651,831.0,248391.0,7501,3623843,20571,3202042,27241,6577393
2021-06-09 15:00:00,8201,3383653,23993.0,2977644,969.0,249360.0,9170,3633013,24962,3227004,33163,6610556
2021-06-10 15:00:00,7151,3390804,19142.0,2996786,895.0,250255.0,8046,3641059,20037,3247041,27188,6637744
2021-06-11 15:00:00,7492,3398296,17731.0,3014517,1125.0,251380.0,8617,3649676,18856,3265897,26348,6664092
2021-06-12 15:00:00,5243,3403539,14770.0,3029287,605.0,251985.0,5848,3655524,15375,3281272,20618,6684710
2021-06-13 15:00:00,1947,3405486,7634.0,3036921,427.0,252412.0,2374,3657898,8061,3289333,10008,6694718
2021-06-14 15:00:00,5656,3411142,11825.0,3048746,733.0,253145.0,6389,3664287,12558,3301891,18214,6712932
2021-06-15 15:00:00,5646,3416788,14344.0,3063090,874.0,254019.0,6520,3670807,15218,3317109,20864,6733796
2021-06-16 15:00:00,8757,3425545,21591.0,3084681,757.0,254776.0,9514,3680321,22348,3339457,31105,6764901
2021-06-17 15:00:00,6692,3432237,12369.0,3097050,720.0,255496.0,7412,3687733,13089,3352546,19781,6784682
2021-06-18 15:00:00,6834,3439071,12747.0,3109797,702.0,256198.0,7536,3695269,13449,3365995,20283,6804965
2021-06-19 15:00:00,4656,3443727,9385.0,3119182,615.0,256813.0,5271,3700540,10000,3375995,14656,6819621
2021-06-20 15:00:00,2503,3446230,5063.0,3124245,377.0,257190.0,2880,3703420,5440,3381435,7943,6827564
2021-06-21 15:00:00,5567,3451797,5339.0,3129584,635.0,257825.0,6202,3709622,5974,3387409,11541,6839105
2021-06-22 15:00:00,5345,3457142,9057.0,3138641,693.0,258518.0,6038,3715660,9750,3397159,15095,6854200
2021-06-23 15:00:00,6079,3463221,10340.0,3148981,646.0,259164.0,6725,3722385,10986,3408145,17065,6871265
2021-06-24 15:00:00,5936,3469157,8202.0,3157183,595.0,259759.0,6531,3728916,8797,3416942,14733,6885998
2021-06-25 15:00:00,5829,3474986,8668.0,3165851,620.0,260379.0,6449,3735365,9288,3426230,15117,6901115
2021-06-26 15:00:00,3706,3478692,6306.0,3172157,398.0,260777.0,4104,3739469,6704,3432934,10410,6911525
2021-06-27 15:00:00,2810,3481502,3525.0,3175682,185.0,260962.0,2995,3742464,3710,3436644,6520,6918045
2021-06-28 15:00:00,4923,3486425,6394.0,3182076,539.0,261501.0,5462,3747926,6933,3443577,11856,6929901
2021-06-29 15:00:00,5062,3491487,6482.0,3188558,523.0,262024.0,5585,3753511,7005,3450582,12067,6941968
2021-06-30 15:00:00,5628,3497115,7390.0,3195948,606.0,262630.0,6234,3759745,7996,3458578,13624,6955592
2021-07-01 15:00:00,5436,3502551,7000.0,3202948,504.0,263134.0,5940,3765685,7504,3466082,12940,6968532
2021-07-02 15:00:00,5296,3507847,6848.0,3209796,527.0,263661.0,5823,3771508,7375,3473457,12671,6981203
2021-07-03 15:00:00,3274,3511121,4070.0,3213866,264.0,263925.0,3538,3775046,4334,3477791,7608,6988811
2021-07-04 15:00:00,494,3511615,551.0,3214417,69.0,263994.0,563,3775609,620,3478411,1114,6989925
2021-07-05 15:00:00,3771,3515386,3953.0,3218370,287.0,264281.0,4058,3779667,4240,3482651,8011,6997936
2021-07-06 15:00:00,4497,3519883,6284.0,3224654,455.0,264736.0,4952,3784619,6739,3489390,11236,7009172
2021-07-07 15:00:00,4472,3524355,6416.0,3231070,483.0,265219.0,4955,3789574,6899,3496289,11371,7020543
2021-07-08 15:00:00,4839,3529194,6184.0,3237254,564.0,265783.0,5403,3794977,6748,3503037,11587,7032130
2021-07-09 15:00:00,5367,3534561,6678.0,3243932,573.0,266356.0,5940,3800917,7251,3510288,12618,7044748
2021-07-10 15:00:00,3521,3538082,4406.0,3248338,305.0,266661.0,3826,3804743,4711,3514999,8232,7052980
2021-07-11 15:00:00,2681,3540763,2574.0,3250912,226.0,266887.0,2907,3807650,2800,3517799,5481,7058461
2021-07-12 15:00:00,4426,3545189,5134.0,3256046,379.0,267266.0,4805,3812455,5513,3523312,9939,7068400
2021-07-13 15:00:00,4668,3549857,4725.0,3260771,366.0,267632.0,5034,3817489,5091,3528403,9759,7078159
2021-07-14 15:00:00,4627,3554484,5289.0,3266060,422.0,268054.0,5049,3822538,5711,3534114,10338,7088497
2021-07-15 15:00:00,4913,3559397,5019.0,3271079,358.0,268412.0,5271,3827809,5377,3539491,10290,7098787
2021-07-16 15:00:00,6275,3565672,5850.0,3276929,405.0,268817.0,6680,3834489,6255,3545746,12530,7111317
2021-07-17 15:00:00,3416,3569088,3553.0,3280482,303.0,269120.0,3719,3838208,3856,3549602,7272,7118589
2021-07-18 15:00:00,2310,3571398,2384.0,3282866,110.0,269230.0,2420,3840628,2494,3552096,4804,7123393
2021-07-19 15:00:00,5144,3576542,4614.0,3287480,383.0,269613.0,5527,3846155,4997,3557093,10141,7133534
2021-07-20 15:00:00,5345,3581887,4727.0,3292207,367.0,269980.0,5712,3851867,5094,3562187,10439,7143973
2021-07-21 15:00:00,5664,3587551,4957.0,3297164,416.0,270396.0,6080,3857947,5373,3567560,11037,7155010
2021-07-22 15:00:00,6033,3593584,4645.0,3301809,472.0,270868.0,6505,3864452,5117,3572677,11150,7166160
2021-07-23 15:00:00,6846,3600430,4848.0,3306657,499.0,271367.0,7345,3871797,5347,3578024,12193,7178353
2021-07-24 15:00:00,4282,3604712,3208.0,3309865,267.0,271634.0,4549,3876346,3475,3581499,7757,7186110
2021-07-25 15:00:00,3299,3608011,1122.0,3310987,140.0,271774.0,3439,3879785,1262,3582761,4561,7190671
2021-07-26 15:00:00,6219,3614230,3912.0,3314899,419.0,272193.0,6638,3886423,4331,3587092,10550,7201221
2021-07-27 15:00:00,6606,3620836,4291.0,3319190,458.0,272651.0,7064,3893487,4749,3591841,11355,7212576
2021-07-28 15:00:00,7091,3627927,4152.0,3323342,460.0,273111.0,7551,3901038,4612,3596453,11703,7224279
2021-07-29 15:00:00,7082,3635009,4312.0,3327654,419.0,273530.0,7501,3908539,4731,3601184,11813,7236092
2021-07-30 15:00:00,7824,3642833,4814.0,3332468,527.0,274057.0,8351,3916890,5341,3606525,13165,7249257
2021-07-31 15:00:00,4793,3647626,3084.0,3335552,274.0,274331.0,5067,3921957,3358,3609883,8151,7257408
2021-08-01 15:00:00,3905,3651531,2188.0,3337740,164.0,274495.0,4069,3926026,2352,3612235,6257,7263665
2021-08-02 15:00:00,7274,3658805,3852.0,3341592,341.0,274836.0,7615,3933641,4193,3616428,11467,7275132
2021-08-03 15:00:00,7271,3666076,4110.0,3345702,517.0,275353.0,7788,3941429,4627,3621055,11898,7287030
2021-08-04 15:00:00,7428,3673504,4123.0,3349825,536.0,275889.0,7964,3949393,4659,3625714,12087,7299117
2021-08-05 15:00:00,7961,3681465,4302.0,3354127,539.0,276428.0,8500,3957893,4841,3630555,12802,7311919
2021-08-06 15:00:00,8338,3689803,4743.0,3358870,454.0,276882.0,8792,3966685,5197,3635752,13535,7325454
2021-08-07 15:00:00,5302,3695105,2843.0,3361713,264.0,277146.0,5566,3972251,3107,3638859,8409,7333863
2021-08-08 15:00:00,3980,3699085,2063.0,3363776,145.0,277291.0,4125,3976376,2208,3641067,6188,7340051
2021-08-09 15:00:00,6958,3706043,4566.0,3368342,370.0,277661.0,7328,3983704,4936,3646003,11894,7351945
2021-08-10 15:00:00,7177,3713220,4496.0,3372838,340.0,278001.0,7517,3991221,4836,3650839,12013,7363958
2021-08-11 15:00:00,7087,3720307,4448.0,3377286,443.0,278444.0,7530,3998751,4891,3655730,11978,7375936
2021-08-12 15:00:00,8635,3728942,4758.0,3382044,445.0,278889.0,9080,4007831,5203,3660933,13838,7389774
2021-08-13 15:00:00,7156,3736098,5393.0,3387437,397.0,279286.0,7553,4015384,5790,3666723,12946,7402720
2021-08-14 15:00:00,4921,3741019,3342.0,3390779,285.0,279571.0,5206,4020590,3627,3670350,8548,7411268
2021-08-15 15:00:00,3328,3744347,2739.0,3393518,163.0,279734.0,3491,4024081,2902,3673252,6230,7417498
2021-08-16 15:00:00,5454,3749801,5094.0,3398612,354.0,280088.0,5808,4029889,5448,3678700,10902,7428400
2021-08-17 15:00:00,6822,3756623,5364.0,3403976,391.0,280479.0,7213,4037102,5755,3684455,12577,7440977
2021-08-18 15:00:00,6329,3762952,5513.0,3409489,481.0,280960.0,6810,4043912,5994,3690449,12323,7453300
2021-08-19 15:00:00,6219,3769171,5555.0,3415044,417.0,281377.0,6636,4050548,5972,3696421,12191,7465491
2021-08-20 15:00:00,6846,3776017,6553.0,3421597,401.0,281778.0,7247,4057795,6954,3703375,13800,7479291
2021-08-21 15:00:00,4340,3780357,3919.0,3425516,229.0,282007.0,4569,4062364,4148,3707523,8488,7487779
2021-08-22 15:00:00,3060,3783417,3171.0,3428687,110.0,282117.0,3170,4065534,3281,3710804,6341,7494120
2021-08-23 15:00:00,5995,3789412,6106.0,3434793,287.0,282404.0,6282,4071816,6393,3717197,12388,7506508
2021-08-24 15:00:00,6548,3795960,6070.0,3440863,425.0,282829.0,6973,4078789,6495,3723692,13043,7519551
2021-08-25 15:00:00,6720,3802680,6225.0,3447088,441.0,283270.0,7161,4085950,6666,3730358,13386,7532937
2021-08-26 15:00:00,6968,3809648,6659.0,3453747,428.0,283698.0,7396,4093346,7087,3737445,14055,7546992
2021-08-27 15:00:00,6832,3816480,7085.0,3460832,317.0,284015.0,7149,4100495,7402,3744847,14234,7561226
2021-08-28 15:00:00,6901,3823381,6527.0,3467359,326.0,284341.0,7227,4107722,6853,3751700,13754,7574980
2021-08-29 15:00:00,3733,3827114,3694.0,3471053,610.0,284951.0,4343,4112065,4304,3756004,8037,7583017
2021-08-30 15:00:00,5929,3833043,6129.0,3477182,960.0,285911.0,6889,4118954,7089,3763093,13018,7596035
2021-08-31 15:00:00,5903,3838946,6076.0,3483258,946.0,286857.0,6849,4125803,7022,3770115,12925,7608960
2021-09-01 15:00:00,5593,3844539,5703.0,3488961,918.0,287775.0,6511,4132314,6621,3776736,12214,7621174
2021-09-02 15:00:00,5540,3850079,5945.0,3494906,709.0,288484.0,6249,4138563,6654,3783390,12194,7633368
2021-09-03 15:00:00,6010,3856089,6943.0,3501849,977.0,289461.0,6987,4145550,7920,3791310,13930,7647298
2021-09-04 15:00:00,3733,3859822,4355.0,3506204,878.0,290339.0,4611,4150161,5233,3796543,8966,7656264
2021-09-05 15:00:00,2956,3862778,2813.0,3509017,106.0,290445.0,3062,4153223,2919,3799462,5875,7662139
2021-09-06 15:00:00,1060,3863838,1158.0,3510175,69.0,290514.0,1129,4154352,1227,3800689,2287,7664426
2021-09-07 15:00:00,5346,3869184,7308.0,3517483,2303.0,292817.0,7649,4162001,9611,3810300,14957,7679383
2021-09-08 15:00:00,4656,3873840,5481.0,3522964,364.0,293181.0,5020,4167021,5845,3816145,10501,7689884
2021-09-09 15:00:00,5019,3878859,5465.0,3528429,325.0,293506.0,5344,4172365,5790,3821935,10809,7700693
2021-09-10 15:00:00,6528,3885387,6669.0,3535098,1719.0,295225.0,8247,4180612,8388,3830323,14916,7715609
2021-09-11 15:00:00,4175,3889562,4344.0,3539442,666.0,295891.0,4841,4185453,5010,3835333,9185,7724794
2021-09-12 15:00:00,3172,3892734,3238.0,3542680,436.0,296327.0,3608,4189061,3674,3839007,6846,7731640
2021-09-13 15:00:00,4882,3897616,5072.0,3547752,346.0,296673.0,5228,4194289,5418,3844425,10300,7741940
2021-09-14 15:00:00,4775,3902391,5445.0,3553197,437.0,297110.0,5212,4199501,5882,3850307,10657,7752597
2021-09-15 15:00:00,5044,3907435,5882.0,3559079,392.0,297502.0,5436,4204937,6274,3856581,11318,7763915
2021-09-16 15:00:00,4811,3912246,5849.0,3564928,336.0,297838.0,5147,4210084,6185,3862766,10996,7774911
2021-09-17 15:00:00,5258,3917504,6582.0,3571510,344.0,298182.0,5602,4215686,6926,3869692,12184,7787095
2021-09-18 15:00:00,3807,3921311,4579.0,3576089,185.0,298367.0,3992,4219678,4764,3874456,8571,7795666
2021-09-19 15:00:00,2741,3924052,3177.0,3579266,75.0,298442.0,2816,4222494,3252,3877708,5993,7801659
2021-09-20 15:00:00,3752,3927804,4679.0,3583945,429.0,298871.0,4181,4226675,5108,3882816,8860,7810519
2021-09-21 15:00:00,3999,3931803,5005.0,3588950,327.0,299198.0,4326,4231001,5332,3888148,9331,7819850
2021-09-22 15:00:00,4195,3935998,4776.0,3593726,459.0,299657.0,4654,4235655,5235,3893383,9430,7829280
2021-09-23 15:00:00,4175,3940173,4731.0,3598457,492.0,300149.0,4667,4240322,5223,3898606,9398,7838678
2021-09-24 15:00:00,5081,3945254,5612.0,3604069,422.0,300571.0,5503,4245825,6034,3904640,11115,7849793
2021-09-25 15:00:00,3624,3948878,3629.0,3607698,384.0,300955.0,4008,4249833,4013,3908653,7637,7857430
2021-09-26 15:00:00,2352,3951230,2663.0,3610361,431.0,301386.0,2783,4252616,3094,3911747,5446,7862876
2021-09-27 15:00:00,4504,3955734,2710.0,3613071,512.0,301898.0,5016,4257632,3222,3914969,7726,7870602
2021-09-28 15:00:00,4399,3960133,4452.0,3617523,211.0,302109.0,4610,4262242,4663,3919632,9062,7879664
2021-09-29 15:00:00,4690,3964823,4510.0,3622033,920.0,303029.0,5610,4267852,5430,3925062,10120,7889784
2021-09-30 15:00:00,4886,3969709,4562.0,3626595,796.0,303825.0,5682,4273534,5358,3930420,10244,7900028
2021-10-01 15:00:00,5514,3975223,5348.0,3631943,785.0,304610.0,6299,4279833,6133,3936553,11647,7911675
2021-10-02 15:00:00,2934,3978157,2897.0,3634840,187.0,304797.0,3121,4282954,3084,3939637,6018,7917693
2021-10-03 15:00:00,2075,3980232,2377.0,3637217,86.0,304883.0,2161,4285115,2463,3942100,4538,7922231
2021-10-04 15:00:00,4023,3984255,3497.0,3640714,232.0,305115.0,4255,4289370,3729,3945829,7752,7929983
2021-10-05 15:00:00,3952,3988207,3659.0,3644373,207.0,305322.0,4159,4293529,3866,3949695,7818,7937801
2021-10-06 15:00:00,4019,3992226,3573.0,3647946,266.0,305588.0,4285,4297814,3839,3953534,7858,7945659
2021-10-07 15:00:00,4233,3996459,3628.0,3651574,331.0,305919.0,4564,4302378,3959,3957493,8192,7953851
2021-10-08 15:00:00,4769,4001228,4283.0,3655857,283.0,306202.0,5052,4307430,4566,3962059,9335,7963186
2021-10-09 15:00:00,2690,4003918,2674.0,3658531,270.0,306472.0,2960,4310390,2944,3965003,5634,7968820
2021-10-10 15:00:00,1861,4005779,1850.0,3660381,59.0,306531.0,1920,4312310,1909,3966912,3770,7972590
2021-10-11 15:00:00,4205,4009984,3313.0,3663694,249.0,306780.0,4454,4316764,3562,3970474,7767,7980357
2021-10-12 15:00:00,3597,4013581,3533.0,3667227,273.0,307053.0,3870,4320634,3806,3974280,7403,7987760
2021-10-13 15:00:00,3970,4017551,3457.0,3670684,346.0,307399.0,4316,4324950,3803,3978083,7773,7995533
2021-10-14 15:00:00,5158,4022709,5494.0,3676178,431.0,307830.0,5589,4330539,5925,3984008,11083,8006616
2021-10-15 15:00:00,4708,4027417,4596.0,3680774,347.0,308177.0,5055,4335594,4943,3988951,9651,8016267
2021-10-16 15:00:00,2495,4029912,2509.0,3683283,291.0,308468.0,2786,4338380,2800,3991751,5295,8021562
2021-10-17 15:00:00,1805,4031717,1775.0,3685058,55.0,308523.0,1860,4340240,1830,3993581,3635,8025197
2021-10-18 15:00:00,4274,4035991,3576.0,3688634,268.0,308791.0,4542,4344782,3844,3997425,8118,8033315
2021-10-19 15:00:00,4301,4040292,4000.0,3692634,223.0,309014.0,4524,4349306,4223,4001648,8524,8041839
2021-10-20 15:00:00,3531,4043823,3418.0,3696052,255.0,309269.0,3786,4353092,3673,4005321,7204,8049043
2021-10-21 15:00:00,3299,4047122,3273.0,3699325,291.0,309560.0,3590,4356682,3564,4008885,6863,8055906
2021-10-22 15:00:00,4676,4051798,4022.0,3703347,477.0,310037.0,5153,4361835,4499,4013384,9175,8065081
2021-10-23 15:00:00,2882,4054680,2108.0,3705455,321.0,310358.0,3203,4365038,2429,4015813,5311,8070392
2021-10-24 15:00:00,2056,4056736,1551.0,3707006,79.0,310437.0,2135,4367173,1630,4017443,3686,8074078
2021-10-25 15:00:00,4547,4061283,3069.0,3710075,320.0,310757.0,4867,4372040,3389,4020832,7936,8082014
2021-10-26 15:00:00,4510,4065793,3076.0,3713151,316.0,311073.0,4826,4376866,3392,4024224,7902,8089916
2021-10-27 15:00:00,4734,4070527,3336.0,3716487,436.0,311509.0,5170,4382036,3772,4027996,8506,8098422
2021-10-28 15:00:00,4558,4075085,3353.0,3719840,502.0,312011.0,5060,4387096,3855,4031851,8413,8106835
2021-10-29 15:00:00,4981,4080066,3913.0,3723753,395.0,312406.0,5376,4392472,4308,4036159,9289,8116124
2021-10-30 15:00:00,2630,4082696,1836.0,3725589,307.0,312713.0,2937,4395409,2143,4038302,4773,8120897
2021-10-31 15:00:00,1934,4084630,1518.0,3727107,93.0,312806.0,2027,4397436,1611,4039913,3545,8124442
2021-11-01 15:00:00,4720,4089350,3426.0,3730533,348.0,313154.0,5068,4402504,3774,4043687,8494,8132936
2021-11-02 15:00:00,4252,4093602,2939.0,3733472,409.0,313563.0,4661,4407165,3348,4047035,7600,8140536
2021-11-03 15:00:00,4668,4098270,3043.0,3736515,464.0,314027.0,5132,4412297,3507,4050542,8175,8148711
2021-11-04 15:00:00,6312,4104582,3365.0,3739880,513.0,314540.0,6825,4419122,3878,4054420,10190,8158901
2021-11-05 15:00:00,8237,4112819,3760.0,3743640,413.0,314953.0,8650,4427772,4173,4058593,12410,8171311
2021-11-06 15:00:00,10170,4122989,1967.0,3745607,308.0,315261.0,10478,4438250,2275,4060868,12445,8183756
2021-11-07 15:00:00,7714,4130703,1460.0,3747067,95.0,315356.0,7809,4446059,1555,4062423,9269,8193025
2021-11-08 15:00:00,11304,4142007,3044.0,3750111,379.0,315735.0,11683,4457742,3423,4065846,14727,8207752
2021-11-09 15:00:00,11764,4153771,2643.0,3752754,269.0,316004.0,12033,4469775,2912,4068758,14676,8222428
2021-11-10 15:00:00,12589,4166360,2757.0,3755511,339.0,316343.0,12928,4482703,3096,4071854,15685,8238113
2021-11-11 15:00:00,11373,4177733,2373.0,3757884,280.0,316623.0,11653,4494356,2653,4074507,14026,8252139
2021-11-12 15:00:00,12288,4190021,3349.0,3761233,548.0,317171.0,12836,4507192,3897,4078404,16185,8268324
2021-11-13 15:00:00,9893,4199914,1591.0,3762824,342.0,317513.0,10235,4517427,1933,4080337,11826,8280150
2021-11-14 15:00:00,4197,4204111,1112.0,3763936,121.0,317634.0,4318,4521745,1233,4081570,5430,8285580
2021-11-15 15:00:00,8624,4212735,2513.0,3766449,209.0,317843.0,8833,4530578,2722,4084292,11346,8296926
2021-11-16 15:00:00,9223,4221958,2509.0,3768958,255.0,318098.0,9478,4540056,2764,4087056,11987,8308913
2021-11-17 15:00:00,9391,4231349,2861.0,3771819,312.0,318410.0,9703,4549759,3173,4090229,12564,8321477
2021-11-18 15:00:00,9276,4240625,2623.0,3774442,481.0,318891.0,9757,4559516,3104,4093333,12380,8333857
2021-11-19 15:00:00,9807,4250432,2908.0,3777350,381.0,319272.0,10188,4569704,3289,4096622,13096,8346953
2021-11-20 15:00:00,10628,4261060,1602.0,3778952,455.0,319727.0,11083,4580787,2057,4098679,12685,8359638
2021-11-21 15:00:00,4342,4265402,1201.0,3780153,100.0,319827.0,4442,4585229,1301,4099980,5643,8365281
2021-11-22 15:00:00,9820,4275222,2482.0,3782635,293.0,320120.0,10113,4595342,2775,4102755,12595,8377876
2021-11-23 15:00:00,9206,4284428,2380.0,3785015,282.0,320402.0,9488,4604830,2662,4105417,11868,8389744
2021-11-24 15:00:00,8158,4292586,2435.0,3787450,216.0,320618.0,8374,4613204,2651,4108068,10809,8400553
2021-11-25 15:00:00,239,4292825,77.0,3787527,10.0,320628.0,249,4613453,87,4108155,326,8400879
2021-11-26 15:00:00,5654,4298479,3951.0,3791478,153.0,320781.0,5807,4619260,4104,4112259,9758,8410637
2021-11-27 15:00:00,3776,4302255,5479.0,3796957,134.0,320915.0,3910,4623170,5613,4117872,9389,8420026
2021-11-28 15:00:00,2414,4304669,6384.0,3803341,77.0,320992.0,2491,4625661,6461,4124333,8875,8428901
2021-11-29 15:00:00,6373,4311042,9285.0,3812626,379.0,321371.0,6752,4632413,9664,4133997,16037,8444938
2021-11-30 15:00:00,6251,4317293,9322.0,3821948,264.0,321635.0,6515,4638928,9586,4143583,15837,8460775
2021-12-01 15:00:00,7313,4324606,9721.0,3831669,308.0,321943.0,7621,4646549,10029,4153612,17342,8478117
2021-12-02 15:00:00,6925,4331531,8791.0,3840460,450.0,322393.0,7375,4653924,9241,4162853,16166,8494283
2021-12-03 15:00:00,7607,4339138,9257.0,3849717,251.0,322644.0,7858,4661782,9508,4172361,17115,8511398
2021-12-04 15:00:00,5950,4345088,10043.0,3859760,467.0,323111.0,6417,4668199,10510,4182871,16460,8527858
2021-12-05 15:00:00,3447,4348535,3548.0,3863308,78.0,323189.0,3525,4671724,3626,4186497,7073,8534931
2021-12-06 15:00:00,6766,4355301,7095.0,3870403,281.0,323470.0,7047,4678771,7376,4193873,14142,8549073
2021-12-07 15:00:00,6412,4361713,7032.0,3877435,249.0,323719.0,6661,4685432,7281,4201154,13693,8562766
2021-12-08 15:00:00,6932,4368645,7415.0,3884850,315.0,324034.0,7247,4692679,7730,4208884,14662,8577428
2021-12-09 15:00:00,6545,4375190,7029.0,3891879,398.0,324432.0,6943,4699622,7427,4216311,13972,8591400
2021-12-10 15:00:00,7289,4382479,7327.0,3899206,232.0,324664.0,7521,4707143,7559,4223870,14848,8606248
2021-12-11 15:00:00,4449,4386928,7673.0,3906879,333.0,324997.0,4782,4711925,8006,4231876,12455,8618703
2021-12-12 15:00:00,4001,4390929,2772.0,3909651,60.0,325057.0,4061,4715986,2832,4234708,6833,8625536
2021-12-13 15:00:00,5698,4396627,5763.0,3915414,243.0,325300.0,5941,4721927,6006,4240714,11704,8637240
2021-12-14 15:00:00,6463,4403090,5933.0,3921347,222.0,325522.0,6685,4728612,6155,4246869,12618,8649858
2021-12-15 15:00:00,7165,4410255,5713.0,3927060,254.0,325776.0,7419,4736031,5967,4252836,13132,8662990
2021-12-16 15:00:00,7867,4418122,2827.0,3929887,421.0,326197.0,8288,4744319,3248,4256084,11115,8674105
2021-12-17 15:00:00,7841,4425963,4157.0,3934044,195.0,326392.0,8036,4752355,4352,4260436,12193,8686298
2021-12-18 15:00:00,5837,4431800,3181.0,3937225,298.0,326690.0,6135,4758490,3479,4263915,9316,8695614
2021-12-19 15:00:00,3377,4435177,1343.0,3938568,37.0,326727.0,3414,4761904,1380,4265295,4757,8700371
2021-12-20 15:00:00,8083,4443260,3744.0,3942312,173.0,326900.0,8256,4770160,3917,4269212,12000,8712371
2021-12-21 15:00:00,8998,4452258,4158.0,3946470,175.0,327075.0,9173,4779333,4333,4273545,13331,8725702
2021-12-22 15:00:00,8683,4460941,3871.0,3950341,184.0,327259.0,8867,4788200,4055,4277600,12738,8738440
2021-12-23 15:00:00,8405,4469346,3574.0,3953915,359.0,327618.0,8764,4796964,3933,4281533,12338,8750778
2021-12-24 15:00:00,1634,4470980,1008.0,3954923,39.0,327657.0,1673,4798637,1047,4282580,2681,8753459
2021-12-25 15:00:00,49,4471029,36.0,3954959,1.0,327658.0,50,4798687,37,4282617,86,8753545
2021-12-26 15:00:00,2516,4473545,1744.0,3956703,44.0,327702.0,2560,4801247,1788,4284405,4304,8757849
2021-12-27 15:00:00,7203,4480748,3995.0,3960698,297.0,327999.0,7500,4808747,4292,4288697,11495,8769344
2021-12-28 15:00:00,7929,4488677,3853.0,3964551,178.0,328177.0,8107,4816854,4031,4292728,11960,8781304
2021-12-29 15:00:00,8231,4496908,4012.0,3968563,156.0,328333.0,8387,4825241,4168,4296896,12399,8793703
2021-12-30 15:00:00,7477,4504385,3782.0,3972345,290.0,328623.0,7767,4833008,4072,4300968,11549,8805252
2021-12-31 15:00:00,2576,4506961,1529.0,3973874,90.0,328713.0,2666,4835674,1619,4302587,4195,8809447
2022-01-01 15:00:00,737,4507698,347.0,3974221,34.0,328747.0,771,4836445,381,4302968,1118,8810565
2022-01-02 15:00:00,2216,4509914,1650.0,3975871,48.0,328795.0,2264,4838709,1698,4304666,3914,8814479
2022-01-03 15:00:00,3397,4513311,2067.0,3977938,222.0,329017.0,3619,4842328,2289,4306955,5686,8820165
2022-01-04 15:00:00,5849,4519160,3486.0,3981424,165.0,329182.0,6014,4848342,3651,4310606,9500,8829665
2022-01-05 15:00:00,6821,4525981,4691.0,3986115,175.0,329357.0,6996,4855338,4866,4315472,11687,8841352
2022-01-06 15:00:00,6752,4532733,4822.0,3990937,265.0,329622.0,7017,4862355,5087,4320559,11839,8853191
2022-01-07 15:00:00,5980,4538713,3773.0,3994710,162.0,329784.0,6142,4868497,3935,4324494,9915,8863106
2022-01-08 15:00:00,4804,4543517,3906.0,3998616,78.0,329862.0,4882,4873379,3984,4328478,8788,8871894
2022-01-09 15:00:00,2764,4546281,2017.0,4000633,154.0,330016.0,2918,4876297,2171,4330649,4935,8876829
2022-01-10 15:00:00,6343,4552624,3831.0,4004464,160.0,330176.0,6503,4882800,3991,4334640,10334,8887163
2022-01-11 15:00:00,6554,4559178,4247.0,4008711,142.0,330318.0,6696,4889496,4389,4339029,10943,8898106
2022-01-12 15:00:00,6812,4565990,4442.0,4013153,225.0,330543.0,7037,4896533,4667,4343696,11479,8909585
2022-01-13 15:00:00,6635,4572625,4382.0,4017535,153.0,330696.0,6788,4903321,4535,4348231,11170,8920755
2022-01-14 15:00:00,7210,4579835,3284.0,4020819,252.0,330948.0,7462,4910783,3536,4351767,10746,8931501
2022-01-15 15:00:00,4266,4584101,1687.0,4022506,71.0,331019.0,4337,4915120,1758,4353525,6024,8937525
2022-01-16 15:00:00,2217,4586318,1319.0,4023825,116.0,331135.0,2333,4917453,1435,4354960,3652,8941177
2022-01-17 15:00:00,3617,4589935,2363.0,4026188,74.0,331209.0,3691,4921144,2437,4357397,6054,8947231
2022-01-18 15:00:00,5275,4595210,4200.0,4030388,102.0,331311.0,5377,4926521,4302,4361699,9577,8956808
2022-01-19 15:00:00,5291,4600501,4471.0,4034859,99.0,331410.0,5390,4931911,4570,4366269,9861,8966669
2022-01-20 15:00:00,4525,4605026,3622.0,4038481,176.0,331586.0,4701,4936612,3798,4370067,8323,8974992
2022-01-21 15:00:00,5593,4610619,2929.0,4041410,125.0,331711.0,5718,4942330,3054,4373121,8647,8983639
2022-01-22 15:00:00,3456,4614075,1723.0,4043133,134.0,331845.0,3590,4945920,1857,4374978,5313,8988952
2022-01-23 15:00:00,2032,4616107,1496.0,4044629,30.0,331875.0,2062,4947982,1526,4376504,3558,8992510
2022-01-24 15:00:00,4125,4620232,2774.0,4047403,89.0,331964.0,4214,4952196,2863,4379367,6988,8999498
2022-01-25 15:00:00,3803,4624035,3309.0,4050712,95.0,332059.0,3898,4956094,3404,4382771,7207,9006705
2022-01-26 15:00:00,3862,4627897,3688.0,4054400,94.0,332153.0,3956,4960050,3782,4386553,7644,9014349
2022-01-27 15:00:00,3766,4631663,3914.0,4058314,187.0,332340.0,3953,4964003,4101,4390654,7867,9022216
2022-01-28 15:00:00,3843,4635506,3273.0,4061587,75.0,332415.0,3918,4967921,3348,4394002,7191,9029407
2022-01-29 15:00:00,2298,4637804,2292.0,4063879,117.0,332532.0,2415,4970336,2409,4396411,4707,9034114
2022-01-30 15:00:00,1562,4639366,1634.0,4065513,16.0,332548.0,1578,4971914,1650,4398061,3212,9037326
2022-01-31 15:00:00,2984,4642350,3226.0,4068739,58.0,332606.0,3042,4974956,3284,4401345,6268,9043594
2022-02-01 15:00:00,2639,4644989,3408.0,4072147,75.0,332681.0,2714,4977670,3483,4404828,6122,9049716
2022-02-02 15:00:00,2815,4647804,3720.0,4075867,75.0,332756.0,2890,4980560,3795,4408623,6610,9056326
2022-02-03 15:00:00,2757,4650561,3644.0,4079511,41.0,332797.0,2798,4983358,3685,4412308,6442,9062768
2022-02-04 15:00:00,2778,4653339,4373.0,4083884,128.0,332925.0,2906,4986264,4501,4416809,7279,9070047
2022-02-05 15:00:00,1920,4655259,2879.0,4086763,112.0,333037.0,2032,4988296,2991,4419800,4911,9074958
2022-02-06 15:00:00,1062,4656321,1343.0,4088106,24.0,333061.0,1086,4989382,1367,4421167,2429,9077387
2022-02-07 15:00:00,2053,4658374,2684.0,4090790,47.0,333108.0,2100,4991482,2731,4423898,4784,9082171
2022-02-08 15:00:00,2084,4660458,3057.0,4093847,63.0,333171.0,2147,4993629,3120,4427018,5204,9087375
2022-02-09 15:00:00,2187,4662645,3293.0,4097140,73.0,333244.0,2260,4995889,3366,4430384,5553,9092928
2022-02-10 15:00:00,2063,4664708,2847.0,4099987,55.0,333299.0,2118,4998007,2902,4433286,4965,9097893
2022-02-11 15:00:00,2450,4667158,3469.0,4103456,121.0,333420.0,2571,5000578,3590,4436876,6040,9103933
2022-02-12 15:00:00,1618,4668776,2252.0,4105708,97.0,333517.0,1715,5002293,2349,4439225,3967,9107900
2022-02-13 15:00:00,733,4669509,1071.0,4106779,16.0,333533.0,749,5003042,1087,4440312,1820,9109720
2022-02-14 15:00:00,1417,4670926,2149.0,4108928,61.0,333594.0,1478,5004520,2210,4442522,3627,9113347
2022-02-15 15:00:00,858,4671784,1201.0,4110129,20.0,333614.0,878,5005398,1221,4443743,2079,9115426
