VACCINATION_DATE,FirstDailyDose,FirstDoseCumulative,SecondDailyDose,SecondDoseCumulative,SingleDailyDose,SingleDoseCumulative,AtleastOneVaccine,AtleastOneVaccineCumulative,CompletedVax,CompletedVaxCumulative,FirstSecondSingleVaccinations,FirstSecondSingleVaccinationsCumulative
2020-12-14 15:00:00,19,1462,,534,,,19,1462,0,534,19,1904
2020-12-15 15:00:00,62,1524,3.0,537,,,62,1524,3,537,65,1969
2020-12-16 15:00:00,597,2121,5.0,542,,,597,2121,5,542,602,2571
2020-12-17 15:00:00,1166,3287,8.0,550,,,1166,3287,8,550,1174,3745
2020-12-18 15:00:00,3029,6316,12.0,562,,,3029,6316,12,562,3041,6786
2020-12-19 15:00:00,929,7245,7.0,569,,,929,7245,7,569,936,7722
2020-12-20 15:00:00,369,7614,6.0,575,,,369,7614,6,575,375,8097
2020-12-21 15:00:00,3898,11512,26.0,601,,,3898,11512,26,601,3924,12021
2020-12-22 15:00:00,6326,17838,30.0,631,,,6326,17838,30,631,6356,18377
2020-12-23 15:00:00,5790,23628,39.0,670,,,5790,23628,39,670,5829,24206
2020-12-24 15:00:00,2729,26357,15.0,685,,,2729,26357,15,685,2744,26950
2020-12-25 15:00:00,1035,27392,4.0,689,,,1035,27392,4,689,1039,27989
2020-12-26 15:00:00,1885,29277,10.0,699,,,1885,29277,10,699,1895,29884
2020-12-27 15:00:00,1803,31080,12.0,711,,,1803,31080,12,711,1815,31699
2020-12-28 15:00:00,8993,40073,51.0,762,,,8993,40073,51,762,9044,40743
2020-12-29 15:00:00,10978,51051,53.0,815,,,10978,51051,53,815,11031,51774
2020-12-30 15:00:00,12504,63555,95.0,910,,,12504,63555,95,910,12599,64373
2020-12-31 15:00:00,7558,71113,48.0,958,,,7558,71113,48,958,7606,71979
2021-01-01 15:00:00,3371,74484,146.0,1104,,,3371,74484,146,1104,3517,75496
2021-01-02 15:00:00,3059,77543,34.0,1138,,,3059,77543,34,1138,3093,78589
2021-01-03 15:00:00,3414,80957,82.0,1220,,,3414,80957,82,1220,3496,82085
2021-01-04 15:00:00,13373,94330,339.0,1559,,,13373,94330,339,1559,13712,95797
2021-01-05 15:00:00,12498,106828,550.0,2109,,,12498,106828,550,2109,13048,108845
2021-01-06 15:00:00,15274,122102,870.0,2979,,,15274,122102,870,2979,16144,124989
2021-01-07 15:00:00,15048,137150,1787.0,4766,,,15048,137150,1787,4766,16835,141824
2021-01-08 15:00:00,24022,161172,2792.0,7558,,,24022,161172,2792,7558,26814,168638
2021-01-09 15:00:00,5181,166353,957.0,8515,,,5181,166353,957,8515,6138,174776
2021-01-10 15:00:00,2980,169333,386.0,8901,,,2980,169333,386,8901,3366,178142
2021-01-11 15:00:00,13742,183075,3486.0,12387,,,13742,183075,3486,12387,17228,195370
2021-01-12 15:00:00,17405,200480,5600.0,17987,,,17405,200480,5600,17987,23005,218375
2021-01-13 15:00:00,18628,219108,3935.0,21922,,,18628,219108,3935,21922,22563,240938
2021-01-14 15:00:00,17876,236984,1966.0,23888,,,17876,236984,1966,23888,19842,260780
2021-01-15 15:00:00,19500,256484,2037.0,25925,,,19500,256484,2037,25925,21537,282317
2021-01-16 15:00:00,5843,262327,1622.0,27547,,,5843,262327,1622,27547,7465,289782
2021-01-17 15:00:00,2126,264453,1480.0,29027,,,2126,264453,1480,29027,3606,293388
2021-01-18 15:00:00,7081,271534,3268.0,32295,,,7081,271534,3268,32295,10349,303737
2021-01-19 15:00:00,16960,288494,5416.0,37711,,,16960,288494,5416,37711,22376,326113
2021-01-20 15:00:00,21016,309510,5333.0,43044,,,21016,309510,5333,43044,26349,352462
2021-01-21 15:00:00,23830,333340,3867.0,46911,,,23830,333340,3867,46911,27697,380159
2021-01-22 15:00:00,28665,362005,3767.0,50678,,,28665,362005,3767,50678,32432,412591
2021-01-23 15:00:00,10133,372138,1947.0,52625,,,10133,372138,1947,52625,12080,424671
2021-01-24 15:00:00,3361,375499,1725.0,54350,,,3361,375499,1725,54350,5086,429757
2021-01-25 15:00:00,16312,391811,8620.0,62970,,,16312,391811,8620,62970,24932,454689
2021-01-26 15:00:00,17570,409381,8984.0,71954,,,17570,409381,8984,71954,26554,481243
2021-01-27 15:00:00,24448,433829,12574.0,84528,,,24448,433829,12574,84528,37022,518265
2021-01-28 15:00:00,22666,456495,9336.0,93864,,,22666,456495,9336,93864,32002,550267
2021-01-29 15:00:00,24788,481283,7939.0,101803,,,24788,481283,7939,101803,32727,582994
2021-01-30 15:00:00,17782,499065,2572.0,104375,,,17782,499065,2572,104375,20354,603348
2021-01-31 15:00:00,3765,502830,1375.0,105750,,,3765,502830,1375,105750,5140,608488
2021-02-01 15:00:00,8170,511000,5423.0,111173,,,8170,511000,5423,111173,13593,622081
2021-02-02 15:00:00,12526,523526,13838.0,125011,,,12526,523526,13838,125011,26364,648445
2021-02-03 15:00:00,18271,541797,18145.0,143156,,,18271,541797,18145,143156,36416,684861
2021-02-04 15:00:00,22148,563945,15804.0,158960,,,22148,563945,15804,158960,37952,722813
2021-02-05 15:00:00,20416,584361,17448.0,176408,,,20416,584361,17448,176408,37864,760677
2021-02-06 15:00:00,11381,595742,14540.0,190948,,,11381,595742,14540,190948,25921,786598
2021-02-07 15:00:00,5990,601732,1948.0,192896,,,5990,601732,1948,192896,7938,794536
2021-02-08 15:00:00,13018,614750,12985.0,205881,,,13018,614750,12985,205881,26003,820539
2021-02-09 15:00:00,16666,631416,13889.0,219770,,,16666,631416,13889,219770,30555,851094
2021-02-10 15:00:00,19333,650749,21320.0,241090,,,19333,650749,21320,241090,40653,891747
2021-02-11 15:00:00,22945,673694,17393.0,258483,,,22945,673694,17393,258483,40338,932085
2021-02-12 15:00:00,20443,694137,19681.0,278164,,,20443,694137,19681,278164,40124,972209
2021-02-13 15:00:00,11470,705607,6429.0,284593,,,11470,705607,6429,284593,17899,990108
2021-02-14 15:00:00,7122,712729,2137.0,286730,,,7122,712729,2137,286730,9259,999367
2021-02-15 15:00:00,11772,724501,13345.0,300075,,,11772,724501,13345,300075,25117,1024484
2021-02-16 15:00:00,16654,741155,21037.0,321112,,,16654,741155,21037,321112,37691,1062175
2021-02-17 15:00:00,20688,761843,26391.0,347503,,,20688,761843,26391,347503,47079,1109254
2021-02-18 15:00:00,3206,765049,4626.0,352129,,,3206,765049,4626,352129,7832,1117086
2021-02-19 15:00:00,10265,775314,19934.0,372063,,,10265,775314,19934,372063,30199,1147285
2021-02-20 15:00:00,10322,785636,20306.0,392369,,,10322,785636,20306,392369,30628,1177913
2021-02-21 15:00:00,6194,791830,7666.0,400035,,,6194,791830,7666,400035,13860,1191773
2021-02-22 15:00:00,8041,799871,15493.0,415528,,,8041,799871,15493,415528,23534,1215307
2021-02-23 15:00:00,15547,815418,15986.0,431514,,,15547,815418,15986,431514,31533,1246840
2021-02-24 15:00:00,17997,833415,24851.0,456365,,,17997,833415,24851,456365,42848,1289688
2021-02-25 15:00:00,20397,853812,26597.0,482962,,,20397,853812,26597,482962,46994,1336682
2021-02-26 15:00:00,26700,880512,26273.0,509235,,,26700,880512,26273,509235,52973,1389655
2021-02-27 15:00:00,16031,896543,11163.0,520398,,,16031,896543,11163,520398,27194,1416849
2021-02-28 15:00:00,15525,912068,4892.0,525290,,,15525,912068,4892,525290,20417,1437266
2021-03-01 15:00:00,27222,939290,12676.0,537966,,,27222,939290,12676,537966,39898,1477164
2021-03-02 15:00:00,23997,963287,13303.0,551269,37.0,37.0,24034,963324,13340,551306,37337,1514501
2021-03-03 15:00:00,30243,993530,18422.0,569691,192.0,229.0,30435,993759,18614,569920,48857,1563358
2021-03-04 15:00:00,31008,1024538,18260.0,587951,4068.0,4297.0,35076,1028835,22328,592248,53336,1616694
2021-03-05 15:00:00,30093,1054631,19776.0,607727,4911.0,9208.0,35004,1063839,24687,616935,54780,1671474
2021-03-06 15:00:00,18997,1073628,9537.0,617264,6010.0,15218.0,25007,1088846,15547,632482,34544,1706018
2021-03-07 15:00:00,12153,1085781,4928.0,622192,6606.0,21824.0,18759,1107605,11534,644016,23687,1729705
2021-03-08 15:00:00,25929,1111710,8863.0,631055,8274.0,30098.0,34203,1141808,17137,661153,43066,1772771
2021-03-09 15:00:00,26149,1137859,15500.0,646555,8344.0,38442.0,34493,1176301,23844,684997,49993,1822764
2021-03-10 15:00:00,29891,1167750,16053.0,662608,7936.0,46378.0,37827,1214128,23989,708986,53880,1876644
2021-03-11 15:00:00,36016,1203766,16425.0,679033,3982.0,50360.0,39998,1254126,20407,729393,56423,1933067
2021-03-12 15:00:00,36911,1240677,18163.0,697196,2928.0,53288.0,39839,1293965,21091,750484,58002,1991069
2021-03-13 15:00:00,22671,1263348,10338.0,707534,1630.0,54918.0,24301,1318266,11968,762452,34639,2025708
2021-03-14 15:00:00,17839,1281187,6738.0,714272,1010.0,55928.0,18849,1337115,7748,770200,25587,2051295
2021-03-15 15:00:00,29889,1311076,11363.0,725635,599.0,56527.0,30488,1367603,11962,782162,41851,2093146
2021-03-16 15:00:00,33483,1344559,13588.0,739223,770.0,57297.0,34253,1401856,14358,796520,47841,2140987
2021-03-17 15:00:00,37634,1382193,17083.0,756306,1181.0,58478.0,38815,1440671,18264,814784,55898,2196885
2021-03-18 15:00:00,41475,1423668,12698.0,769004,1354.0,59832.0,42829,1483500,14052,828836,55527,2252412
2021-03-19 15:00:00,38387,1462055,15445.0,784449,1046.0,60878.0,39433,1522933,16491,845327,54878,2307290
2021-03-20 15:00:00,24733,1486788,10234.0,794683,705.0,61583.0,25438,1548371,10939,856266,35672,2342962
2021-03-21 15:00:00,19199,1505987,7906.0,802589,341.0,61924.0,19540,1567911,8247,864513,27446,2370408
2021-03-22 15:00:00,32602,1538589,11516.0,814105,835.0,62759.0,33437,1601348,12351,876864,44953,2415361
2021-03-23 15:00:00,38408,1576997,17869.0,831974,1557.0,64316.0,39965,1641313,19426,896290,57834,2473195
2021-03-24 15:00:00,41089,1618086,21256.0,853230,1386.0,65702.0,42475,1683788,22642,918932,63731,2536926
2021-03-25 15:00:00,42920,1661006,21737.0,874967,2456.0,68158.0,45376,1729164,24193,943125,67113,2604039
2021-03-26 15:00:00,36386,1697392,26720.0,901687,2495.0,70653.0,38881,1768045,29215,972340,65601,2669640
2021-03-27 15:00:00,26474,1723866,17327.0,919014,2490.0,73143.0,28964,1797009,19817,992157,46291,2715931
2021-03-28 15:00:00,17010,1740876,12692.0,931706,1614.0,74757.0,18624,1815633,14306,1006463,31316,2747247
2021-03-29 15:00:00,29722,1770598,26393.0,958099,1141.0,75898.0,30863,1846496,27534,1033997,57256,2804503
2021-03-30 15:00:00,40063,1810661,29091.0,987190,1865.0,77763.0,41928,1888424,30956,1064953,71019,2875522
2021-03-31 15:00:00,41020,1851681,34756.0,1021946,5750.0,83513.0,46770,1935194,40506,1105459,81526,2957048
2021-04-01 15:00:00,42484,1894165,41179.0,1063125,5763.0,89276.0,48247,1983441,46942,1152401,89426,3046474
2021-04-02 15:00:00,34933,1929098,32738.0,1095863,6131.0,95407.0,41064,2024505,38869,1191270,73802,3120276
2021-04-03 15:00:00,21176,1950274,19239.0,1115102,4394.0,99801.0,25570,2050075,23633,1214903,44809,3165085
2021-04-04 15:00:00,8299,1958573,10223.0,1125325,968.0,100769.0,9267,2059342,11191,1226094,19490,3184575
2021-04-05 15:00:00,27963,1986536,28983.0,1154308,6663.0,107432.0,34626,2093968,35646,1261740,63609,3248184
2021-04-06 15:00:00,39801,2026337,30524.0,1184832,10501.0,117933.0,50302,2144270,41025,1302765,80826,3329010
2021-04-07 15:00:00,36110,2062447,34373.0,1219205,13001.0,130934.0,49111,2193381,47374,1350139,83484,3412494
2021-04-08 15:00:00,42363,2104810,36164.0,1255369,13872.0,144806.0,56235,2249616,50036,1400175,92399,3504893
2021-04-09 15:00:00,34094,2138904,36365.0,1291734,14533.0,159339.0,48627,2298243,50898,1451073,84992,3589885
2021-04-10 15:00:00,23499,2162403,23186.0,1314920,7641.0,166980.0,31140,2329383,30827,1481900,54326,3644211
2021-04-11 15:00:00,17586,2179989,13300.0,1328220,10121.0,177101.0,27707,2357090,23421,1505321,41007,3685218
2021-04-12 15:00:00,24607,2204596,33292.0,1361512,10907.0,188008.0,35514,2392604,44199,1549520,68806,3754024
2021-04-13 15:00:00,126172,2330768,91364.0,1452876,3293.0,191301.0,129465,2522069,94657,1644177,220829,3974853
2021-04-14 15:00:00,40740,2371508,37850.0,1490726,213.0,191514.0,40953,2563022,38063,1682240,78803,4053656
2021-04-15 15:00:00,41421,2412929,39581.0,1530307,176.0,191690.0,41597,2604619,39757,1721997,81178,4134834
2021-04-16 15:00:00,37149,2450078,38900.0,1569207,25.0,191715.0,37174,2641793,38925,1760922,76074,4210908
2021-04-17 15:00:00,32815,2482893,22043.0,1591250,13.0,191728.0,32828,2674621,22056,1782978,54871,4265779
2021-04-18 15:00:00,20062,2502955,16210.0,1607460,5.0,191733.0,20067,2694688,16215,1799193,36277,4302056
2021-04-19 15:00:00,29886,2532841,36564.0,1644024,61.0,191794.0,29947,2724635,36625,1835818,66511,4368567
2021-04-20 15:00:00,32938,2565779,44503.0,1688527,59.0,191853.0,32997,2757632,44562,1880380,77500,4446067
2021-04-21 15:00:00,39840,2605619,47086.0,1735613,26.0,191879.0,39866,2797498,47112,1927492,86952,4533019
2021-04-22 15:00:00,35858,2641477,42706.0,1778319,16.0,191895.0,35874,2833372,42722,1970214,78580,4611599
2021-04-23 15:00:00,33146,2674623,40177.0,1818496,14.0,191909.0,33160,2866532,40191,2010405,73337,4684936
2021-04-24 15:00:00,26420,2701043,27933.0,1846429,81.0,191990.0,26501,2893033,28014,2038419,54434,4739370
2021-04-25 15:00:00,20218,2721261,10999.0,1857428,31.0,192021.0,20249,2913282,11030,2049449,31248,4770618
2021-04-26 15:00:00,27383,2748644,32769.0,1890197,201.0,192222.0,27584,2940866,32970,2082419,60353,4830971
2021-04-27 15:00:00,26678,2775322,33110.0,1923307,1097.0,193319.0,27775,2968641,34207,2116626,60885,4891856
2021-04-28 15:00:00,28922,2804244,39566.0,1962873,1367.0,194686.0,30289,2998930,40933,2157559,69855,4961711
2021-04-29 15:00:00,27065,2831309,39785.0,2002658,1462.0,196148.0,28527,3027457,41247,2198806,68312,5030023
2021-04-30 15:00:00,28204,2859513,32312.0,2034970,1649.0,197797.0,29853,3057310,33961,2232767,62165,5092188
2021-05-01 15:00:00,20752,2880265,26794.0,2061764,1056.0,198853.0,21808,3079118,27850,2260617,48602,5140790
2021-05-02 15:00:00,10269,2890534,17084.0,2078848,823.0,199676.0,11092,3090210,17907,2278524,28176,5168966
2021-05-03 15:00:00,12721,2903255,28640.0,2107488,1917.0,201593.0,14638,3104848,30557,2309081,43278,5212244
2021-05-04 15:00:00,13557,2916812,38653.0,2146141,1743.0,203336.0,15300,3120148,40396,2349477,53953,5266197
2021-05-05 15:00:00,19318,2936130,37790.0,2183931,1921.0,205257.0,21239,3141387,39711,2389188,59029,5325226
2021-05-06 15:00:00,16930,2953060,40606.0,2224537,1721.0,206978.0,18651,3160038,42327,2431515,59257,5384483
2021-05-07 15:00:00,17588,2970648,37027.0,2261564,1960.0,208938.0,19548,3179586,38987,2470502,56575,5441058
2021-05-08 15:00:00,10797,2981445,31236.0,2292800,1292.0,210230.0,12089,3191675,32528,2503030,43325,5484383
2021-05-09 15:00:00,5078,2986523,12254.0,2305054,695.0,210925.0,5773,3197448,12949,2515979,18027,5502410
2021-05-10 15:00:00,8959,2995482,31062.0,2336116,1362.0,212287.0,10321,3207769,32424,2548403,41383,5543793
2021-05-11 15:00:00,12181,3007663,30305.0,2366421,1442.0,213729.0,13623,3221392,31747,2580150,43928,5587721
2021-05-12 15:00:00,13946,3021609,38640.0,2405061,1917.0,215646.0,15863,3237255,40557,2620707,54503,5642224
2021-05-13 15:00:00,21845,3043454,33525.0,2438586,1347.0,216993.0,23192,3260447,34872,2655579,56717,5698941
2021-05-14 15:00:00,24398,3067852,30069.0,2468655,1774.0,218767.0,26172,3286619,31843,2687422,56241,5755182
2021-05-15 15:00:00,21953,3089805,25122.0,2493777,1490.0,220257.0,23443,3310062,26612,2714034,48565,5803747
2021-05-16 15:00:00,9091,3098896,17582.0,2511359,1113.0,221370.0,10204,3320266,18695,2732729,27786,5831533
2021-05-17 15:00:00,16838,3115734,28415.0,2539774,1950.0,223320.0,18788,3339054,30365,2763094,47203,5878736
2021-05-18 15:00:00,21264,3136998,30700.0,2570474,1943.0,225263.0,23207,3362261,32643,2795737,53907,5932643
2021-05-19 15:00:00,27670,3164668,32443.0,2602917,1632.0,226895.0,29302,3391563,34075,2829812,61745,5994388
2021-05-20 15:00:00,20808,3185476,33282.0,2636199,1965.0,228860.0,22773,3414336,35247,2865059,56055,6050443
2021-05-21 15:00:00,19166,3204642,30365.0,2666564,1609.0,230469.0,20775,3435111,31974,2897033,51140,6101583
2021-05-22 15:00:00,16945,3221587,20702.0,2687266,1269.0,231738.0,18214,3453325,21971,2919004,38916,6140499
2021-05-23 15:00:00,8816,3230403,11454.0,2698720,965.0,232703.0,9781,3463106,12419,2931423,21235,6161734
2021-05-24 15:00:00,13574,3243977,17783.0,2716503,1473.0,234176.0,15047,3478153,19256,2950679,32830,6194564
2021-05-25 15:00:00,13077,3257054,18717.0,2735220,1328.0,235504.0,14405,3492558,20045,2970724,33122,6227686
2021-05-26 15:00:00,18365,3275419,19678.0,2754898,1512.0,237016.0,19877,3512435,21190,2991914,39555,6267241
2021-05-27 15:00:00,11697,3287116,18706.0,2773604,1117.0,238133.0,12814,3525249,19823,3011737,31520,6298761
2021-05-28 15:00:00,12419,3299535,19862.0,2793466,1402.0,239535.0,13821,3539070,21264,3033001,33683,6332444
2021-05-29 15:00:00,9515,3309050,11731.0,2805197,937.0,240472.0,10452,3549522,12668,3045669,22183,6354627
2021-05-30 15:00:00,4968,3314018,6440.0,2811637,596.0,241068.0,5564,3555086,7036,3052705,12004,6366631
2021-05-31 15:00:00,1780,3315798,3714.0,2815351,305.0,241373.0,2085,3557171,4019,3056724,5799,6372430
2021-06-01 15:00:00,9878,3325676,16487.0,2831838,1159.0,242532.0,11037,3568208,17646,3074370,27524,6399954
2021-06-02 15:00:00,10236,3335912,16826.0,2848664,961.0,243493.0,11197,3579405,17787,3092157,28023,6427977
2021-06-03 15:00:00,7896,3343808,21212.0,2869876,1089.0,244582.0,8985,3588390,22301,3114458,30197,6458174
2021-06-04 15:00:00,8198,3352006,22365.0,2892241,1120.0,245702.0,9318,3597708,23485,3137943,31683,6489857
2021-06-05 15:00:00,7000,3359006,19479.0,2911720,720.0,246422.0,7720,3605428,20199,3158142,27199,6517056
2021-06-06 15:00:00,3456,3362462,7258.0,2918978,426.0,246848.0,3882,3609310,7684,3165826,11140,6528196
2021-06-07 15:00:00,6859,3369321,15795.0,2934773,726.0,247574.0,7585,3616895,16521,3182347,23380,6551576
2021-06-08 15:00:00,6671,3375992,19740.0,2954513,831.0,248405.0,7502,3624397,20571,3202918,27242,6578818
2021-06-09 15:00:00,8201,3384193,23996.0,2978509,969.0,249374.0,9170,3633567,24965,3227883,33166,6611984
2021-06-10 15:00:00,7153,3391346,19144.0,2997653,895.0,250269.0,8048,3641615,20039,3247922,27192,6639176
2021-06-11 15:00:00,7492,3398838,17734.0,3015387,1125.0,251394.0,8617,3650232,18859,3266781,26351,6665527
2021-06-12 15:00:00,5242,3404080,14769.0,3030156,605.0,251999.0,5847,3656079,15374,3282155,20616,6686143
2021-06-13 15:00:00,1946,3406026,7634.0,3037790,427.0,252426.0,2373,3658452,8061,3290216,10007,6696150
2021-06-14 15:00:00,5655,3411681,11828.0,3049618,733.0,253159.0,6388,3664840,12561,3302777,18216,6714366
2021-06-15 15:00:00,5648,3417329,14345.0,3063963,874.0,254033.0,6522,3671362,15219,3317996,20867,6735233
2021-06-16 15:00:00,8729,3426058,21621.0,3085584,758.0,254791.0,9487,3680849,22379,3340375,31108,6766341
2021-06-17 15:00:00,6681,3432739,12380.0,3097964,720.0,255511.0,7401,3688250,13100,3353475,19781,6786122
2021-06-18 15:00:00,6831,3439570,12747.0,3110711,702.0,256213.0,7533,3695783,13449,3366924,20280,6806402
2021-06-19 15:00:00,4655,3444225,9388.0,3120099,614.0,256827.0,5269,3701052,10002,3376926,14657,6821059
2021-06-20 15:00:00,2507,3446732,5069.0,3125168,377.0,257204.0,2884,3703936,5446,3382372,7953,6829012
2021-06-21 15:00:00,5569,3452301,5339.0,3130507,636.0,257840.0,6205,3710141,5975,3388347,11544,6840556
2021-06-22 15:00:00,5345,3457646,9056.0,3139563,698.0,258538.0,6043,3716184,9754,3398101,15099,6855655
2021-06-23 15:00:00,6065,3463711,10355.0,3149918,646.0,259184.0,6711,3722895,11001,3409102,17066,6872721
2021-06-24 15:00:00,5927,3469638,8213.0,3158131,595.0,259779.0,6522,3729417,8808,3417910,14735,6887456
2021-06-25 15:00:00,5828,3475466,8671.0,3166802,619.0,260398.0,6447,3735864,9290,3427200,15118,6902574
2021-06-26 15:00:00,3706,3479172,6305.0,3173107,398.0,260796.0,4104,3739968,6703,3433903,10409,6912983
2021-06-27 15:00:00,2810,3481982,3524.0,3176631,185.0,260981.0,2995,3742963,3709,3437612,6519,6919502
2021-06-28 15:00:00,4925,3486907,6394.0,3183025,539.0,261520.0,5464,3748427,6933,3444545,11858,6931360
2021-06-29 15:00:00,5062,3491969,6484.0,3189509,523.0,262043.0,5585,3754012,7007,3451552,12069,6943429
2021-06-30 15:00:00,5630,3497599,7390.0,3196899,607.0,262650.0,6237,3760249,7997,3459549,13627,6957056
2021-07-01 15:00:00,5441,3503040,7002.0,3203901,505.0,263155.0,5946,3766195,7507,3467056,12948,6970004
2021-07-02 15:00:00,5297,3508337,6850.0,3210751,527.0,263682.0,5824,3772019,7377,3474433,12674,6982678
2021-07-03 15:00:00,3275,3511612,4071.0,3214822,264.0,263946.0,3539,3775558,4335,3478768,7610,6990288
2021-07-04 15:00:00,494,3512106,551.0,3215373,69.0,264015.0,563,3776121,620,3479388,1114,6991402
2021-07-05 15:00:00,3771,3515877,3953.0,3219326,287.0,264302.0,4058,3780179,4240,3483628,8011,6999413
2021-07-06 15:00:00,4497,3520374,6285.0,3225611,455.0,264757.0,4952,3785131,6740,3490368,11237,7010650
2021-07-07 15:00:00,4471,3524845,6420.0,3232031,483.0,265240.0,4954,3790085,6903,3497271,11374,7022024
2021-07-08 15:00:00,4838,3529683,6186.0,3238217,564.0,265804.0,5402,3795487,6750,3504021,11588,7033612
2021-07-09 15:00:00,5365,3535048,6678.0,3244895,573.0,266377.0,5938,3801425,7251,3511272,12616,7046228
2021-07-10 15:00:00,3522,3538570,4405.0,3249300,305.0,266682.0,3827,3805252,4710,3515982,8232,7054460
2021-07-11 15:00:00,2681,3541251,2578.0,3251878,227.0,266909.0,2908,3808160,2805,3518787,5486,7059946
2021-07-12 15:00:00,4427,3545678,5132.0,3257010,379.0,267288.0,4806,3812966,5511,3524298,9938,7069884
2021-07-13 15:00:00,4669,3550347,4726.0,3261736,366.0,267654.0,5035,3818001,5092,3529390,9761,7079645
2021-07-14 15:00:00,4626,3554973,5290.0,3267026,422.0,268076.0,5048,3823049,5712,3535102,10338,7089983
2021-07-15 15:00:00,4914,3559887,5019.0,3272045,358.0,268434.0,5272,3828321,5377,3540479,10291,7100274
2021-07-16 15:00:00,6274,3566161,5853.0,3277898,405.0,268839.0,6679,3835000,6258,3546737,12532,7112806
2021-07-17 15:00:00,3416,3569577,3554.0,3281452,303.0,269142.0,3719,3838719,3857,3550594,7273,7120079
2021-07-18 15:00:00,2311,3571888,2383.0,3283835,110.0,269252.0,2421,3841140,2493,3553087,4804,7124883
2021-07-19 15:00:00,5147,3577035,4615.0,3288450,383.0,269635.0,5530,3846670,4998,3558085,10145,7135028
2021-07-20 15:00:00,5346,3582381,4728.0,3293178,367.0,270002.0,5713,3852383,5095,3563180,10441,7145469
2021-07-21 15:00:00,5665,3588046,4957.0,3298135,416.0,270418.0,6081,3858464,5373,3568553,11038,7156507
2021-07-22 15:00:00,6033,3594079,4650.0,3302785,472.0,270890.0,6505,3864969,5122,3573675,11155,7167662
2021-07-23 15:00:00,6846,3600925,4850.0,3307635,499.0,271389.0,7345,3872314,5349,3579024,12195,7179857
2021-07-24 15:00:00,4282,3605207,3209.0,3310844,267.0,271656.0,4549,3876863,3476,3582500,7758,7187615
2021-07-25 15:00:00,3300,3608507,1122.0,3311966,140.0,271796.0,3440,3880303,1262,3583762,4562,7192177
2021-07-26 15:00:00,6220,3614727,3912.0,3315878,419.0,272215.0,6639,3886942,4331,3588093,10551,7202728
2021-07-27 15:00:00,6607,3621334,4291.0,3320169,458.0,272673.0,7065,3894007,4749,3592842,11356,7214084
2021-07-28 15:00:00,7091,3628425,4153.0,3324322,460.0,273133.0,7551,3901558,4613,3597455,11704,7225788
2021-07-29 15:00:00,7084,3635509,4313.0,3328635,419.0,273552.0,7503,3909061,4732,3602187,11816,7237604
2021-07-30 15:00:00,7826,3643335,4813.0,3333448,527.0,274079.0,8353,3917414,5340,3607527,13166,7250770
2021-07-31 15:00:00,4794,3648129,3084.0,3336532,274.0,274353.0,5068,3922482,3358,3610885,8152,7258922
2021-08-01 15:00:00,3911,3652040,2190.0,3338722,165.0,274518.0,4076,3926558,2355,3613240,6266,7265188
2021-08-02 15:00:00,7277,3659317,3852.0,3342574,342.0,274860.0,7619,3934177,4194,3617434,11471,7276659
2021-08-03 15:00:00,7276,3666593,4109.0,3346683,517.0,275377.0,7793,3941970,4626,3622060,11902,7288561
2021-08-04 15:00:00,7440,3674033,4129.0,3350812,536.0,275913.0,7976,3949946,4665,3626725,12105,7300666
2021-08-05 15:00:00,7964,3681997,4325.0,3355137,539.0,276452.0,8503,3958449,4864,3631589,12828,7313494
2021-08-06 15:00:00,8341,3690338,4743.0,3359880,454.0,276906.0,8795,3967244,5197,3636786,13538,7327032
2021-08-07 15:00:00,5304,3695642,2843.0,3362723,264.0,277170.0,5568,3972812,3107,3639893,8411,7335443
2021-08-08 15:00:00,3979,3699621,2063.0,3364786,146.0,277316.0,4125,3976937,2209,3642102,6188,7341631
2021-08-09 15:00:00,6960,3706581,4568.0,3369354,370.0,277686.0,7330,3984267,4938,3647040,11898,7353529
2021-08-10 15:00:00,7176,3713757,4498.0,3373852,340.0,278026.0,7516,3991783,4838,3651878,12014,7365543
2021-08-11 15:00:00,7099,3720856,4452.0,3378304,443.0,278469.0,7542,3999325,4895,3656773,11994,7377537
2021-08-12 15:00:00,8663,3729519,4765.0,3383069,445.0,278914.0,9108,4008433,5210,3661983,13873,7391410
2021-08-13 15:00:00,7181,3736700,5410.0,3388479,397.0,279311.0,7578,4016011,5807,3667790,12988,7404398
2021-08-14 15:00:00,4925,3741625,3350.0,3391829,285.0,279596.0,5210,4021221,3635,3671425,8560,7412958
2021-08-15 15:00:00,3328,3744953,2741.0,3394570,163.0,279759.0,3491,4024712,2904,3674329,6232,7419190
2021-08-16 15:00:00,5456,3750409,5093.0,3399663,354.0,280113.0,5810,4030522,5447,3679776,10903,7430093
2021-08-17 15:00:00,6820,3757229,5365.0,3405028,391.0,280504.0,7211,4037733,5756,3685532,12576,7442669
2021-08-18 15:00:00,6339,3763568,5516.0,3410544,481.0,280985.0,6820,4044553,5997,3691529,12336,7455005
2021-08-19 15:00:00,6232,3769800,5573.0,3416117,417.0,281402.0,6649,4051202,5990,3697519,12222,7467227
2021-08-20 15:00:00,6846,3776646,6557.0,3422674,401.0,281803.0,7247,4058449,6958,3704477,13804,7481031
2021-08-21 15:00:00,4343,3780989,3919.0,3426593,229.0,282032.0,4572,4063021,4148,3708625,8491,7489522
2021-08-22 15:00:00,3060,3784049,3170.0,3429763,110.0,282142.0,3170,4066191,3280,3711905,6340,7495862
2021-08-23 15:00:00,5998,3790047,6108.0,3435871,287.0,282429.0,6285,4072476,6395,3718300,12393,7508255
2021-08-24 15:00:00,6549,3796596,6079.0,3441950,425.0,282854.0,6974,4079450,6504,3724804,13053,7521308
2021-08-25 15:00:00,6731,3803327,6236.0,3448186,440.0,283294.0,7171,4086621,6676,3731480,13407,7534715
2021-08-26 15:00:00,6971,3810298,6661.0,3454847,428.0,283722.0,7399,4094020,7089,3738569,14060,7548775
2021-08-27 15:00:00,6834,3817132,7088.0,3461935,317.0,284039.0,7151,4101171,7405,3745974,14239,7563014
2021-08-28 15:00:00,6908,3824040,6527.0,3468462,326.0,284365.0,7234,4108405,6853,3752827,13761,7576775
2021-08-29 15:00:00,3739,3827779,3693.0,3472155,610.0,284975.0,4349,4112754,4303,3757130,8042,7584817
2021-08-30 15:00:00,5931,3833710,6135.0,3478290,960.0,285935.0,6891,4119645,7095,3764225,13026,7597843
2021-08-31 15:00:00,5904,3839614,6079.0,3484369,946.0,286881.0,6850,4126495,7025,3771250,12929,7610772
2021-09-01 15:00:00,5605,3845219,5723.0,3490092,918.0,287799.0,6523,4133018,6641,3777891,12246,7623018
2021-09-02 15:00:00,5525,3850744,5963.0,3496055,709.0,288508.0,6234,4139252,6672,3784563,12197,7635215
2021-09-03 15:00:00,6011,3856755,6949.0,3503004,977.0,289485.0,6988,4146240,7926,3792489,13937,7649152
2021-09-04 15:00:00,3733,3860488,4357.0,3507361,878.0,290363.0,4611,4150851,5235,3797724,8968,7658120
2021-09-05 15:00:00,2958,3863446,2813.0,3510174,106.0,290469.0,3064,4153915,2919,3800643,5877,7663997
2021-09-06 15:00:00,1059,3864505,1161.0,3511335,69.0,290538.0,1128,4155043,1230,3801873,2289,7666286
2021-09-07 15:00:00,5350,3869855,7306.0,3518641,2303.0,292841.0,7653,4162696,9609,3811482,14959,7681245
2021-09-08 15:00:00,4658,3874513,5488.0,3524129,364.0,293205.0,5022,4167718,5852,3817334,10510,7691755
2021-09-09 15:00:00,5019,3879532,5469.0,3529598,325.0,293530.0,5344,4173062,5794,3823128,10813,7702568
2021-09-10 15:00:00,6527,3886059,6672.0,3536270,1719.0,295249.0,8246,4181308,8391,3831519,14918,7717486
2021-09-11 15:00:00,4177,3890236,4348.0,3540618,666.0,295915.0,4843,4186151,5014,3836533,9191,7726677
2021-09-12 15:00:00,3172,3893408,3239.0,3543857,436.0,296351.0,3608,4189759,3675,3840208,6847,7733524
2021-09-13 15:00:00,4887,3898295,5074.0,3548931,347.0,296698.0,5234,4194993,5421,3845629,10308,7743832
2021-09-14 15:00:00,4777,3903072,5447.0,3554378,437.0,297135.0,5214,4200207,5884,3851513,10661,7754493
2021-09-15 15:00:00,5044,3908116,5889.0,3560267,392.0,297527.0,5436,4205643,6281,3857794,11325,7765818
2021-09-16 15:00:00,4811,3912927,5853.0,3566120,336.0,297863.0,5147,4210790,6189,3863983,11000,7776818
2021-09-17 15:00:00,5284,3918211,6584.0,3572704,344.0,298207.0,5628,4216418,6928,3870911,12212,7789030
2021-09-18 15:00:00,3823,3922034,4582.0,3577286,185.0,298392.0,4008,4220426,4767,3875678,8590,7797620
2021-09-19 15:00:00,2741,3924775,3177.0,3580463,75.0,298467.0,2816,4223242,3252,3878930,5993,7803613
2021-09-20 15:00:00,3754,3928529,4685.0,3585148,429.0,298896.0,4183,4227425,5114,3884044,8868,7812481
2021-09-21 15:00:00,4000,3932529,5013.0,3590161,327.0,299223.0,4327,4231752,5340,3889384,9340,7821821
2021-09-22 15:00:00,4190,3936719,4788.0,3594949,459.0,299682.0,4649,4236401,5247,3894631,9437,7831258
2021-09-23 15:00:00,4185,3940904,4732.0,3599681,492.0,300174.0,4677,4241078,5224,3899855,9409,7840667
2021-09-24 15:00:00,5088,3945992,5616.0,3605297,422.0,300596.0,5510,4246588,6038,3905893,11126,7851793
2021-09-25 15:00:00,3639,3949631,3630.0,3608927,384.0,300980.0,4023,4250611,4014,3909907,7653,7859446
2021-09-26 15:00:00,2348,3951979,2666.0,3611593,431.0,301411.0,2779,4253390,3097,3913004,5445,7864891
2021-09-27 15:00:00,4509,3956488,2711.0,3614304,512.0,301923.0,5021,4258411,3223,3916227,7732,7872623
2021-09-28 15:00:00,4405,3960893,4453.0,3618757,211.0,302134.0,4616,4263027,4664,3920891,9069,7881692
2021-09-29 15:00:00,4687,3965580,4522.0,3623279,920.0,303054.0,5607,4268634,5442,3926333,10129,7891821
2021-09-30 15:00:00,4894,3970474,4565.0,3627844,796.0,303850.0,5690,4274324,5361,3931694,10255,7902076
2021-10-01 15:00:00,5525,3975999,5354.0,3633198,785.0,304635.0,6310,4280634,6139,3937833,11664,7913740
2021-10-02 15:00:00,2945,3978944,2898.0,3636096,187.0,304822.0,3132,4283766,3085,3940918,6030,7919770
2021-10-03 15:00:00,2075,3981019,2378.0,3638474,86.0,304908.0,2161,4285927,2464,3943382,4539,7924309
2021-10-04 15:00:00,4026,3985045,3500.0,3641974,232.0,305140.0,4258,4290185,3732,3947114,7758,7932067
2021-10-05 15:00:00,3954,3988999,3661.0,3645635,207.0,305347.0,4161,4294346,3868,3950982,7822,7939889
2021-10-06 15:00:00,4022,3993021,3573.0,3649208,266.0,305613.0,4288,4298634,3839,3954821,7861,7947750
2021-10-07 15:00:00,4232,3997253,3628.0,3652836,332.0,305945.0,4564,4303198,3960,3958781,8192,7955942
2021-10-08 15:00:00,4772,4002025,4291.0,3657127,283.0,306228.0,5055,4308253,4574,3963355,9346,7965288
2021-10-09 15:00:00,2692,4004717,2677.0,3659804,270.0,306498.0,2962,4311215,2947,3966302,5639,7970927
2021-10-10 15:00:00,1860,4006577,1850.0,3661654,59.0,306557.0,1919,4313134,1909,3968211,3769,7974696
2021-10-11 15:00:00,4211,4010788,3314.0,3664968,250.0,306807.0,4461,4317595,3564,3971775,7775,7982471
2021-10-12 15:00:00,3601,4014389,3536.0,3668504,273.0,307080.0,3874,4321469,3809,3975584,7410,7989881
2021-10-13 15:00:00,3982,4018371,3457.0,3671961,346.0,307426.0,4328,4325797,3803,3979387,7785,7997666
2021-10-14 15:00:00,5165,4023536,5497.0,3677458,431.0,307857.0,5596,4331393,5928,3985315,11093,8008759
2021-10-15 15:00:00,4757,4028293,4604.0,3682062,347.0,308204.0,5104,4336497,4951,3990266,9708,8018467
2021-10-16 15:00:00,2497,4030790,2516.0,3684578,291.0,308495.0,2788,4339285,2807,3993073,5304,8023771
2021-10-17 15:00:00,1805,4032595,1774.0,3686352,55.0,308550.0,1860,4341145,1829,3994902,3634,8027405
2021-10-18 15:00:00,4282,4036877,3577.0,3689929,268.0,308818.0,4550,4345695,3845,3998747,8127,8035532
2021-10-19 15:00:00,4304,4041181,4006.0,3693935,223.0,309041.0,4527,4350222,4229,4002976,8533,8044065
2021-10-20 15:00:00,3537,4044718,3421.0,3697356,255.0,309296.0,3792,4354014,3676,4006652,7213,8051278
2021-10-21 15:00:00,3300,4048018,3275.0,3700631,291.0,309587.0,3591,4357605,3566,4010218,6866,8058144
2021-10-22 15:00:00,4682,4052700,4033.0,3704664,477.0,310064.0,5159,4362764,4510,4014728,9192,8067336
2021-10-23 15:00:00,2884,4055584,2112.0,3706776,321.0,310385.0,3205,4365969,2433,4017161,5317,8072653
2021-10-24 15:00:00,2057,4057641,1551.0,3708327,79.0,310464.0,2136,4368105,1630,4018791,3687,8076340
2021-10-25 15:00:00,4547,4062188,3067.0,3711394,320.0,310784.0,4867,4372972,3387,4022178,7934,8084274
2021-10-26 15:00:00,4512,4066700,3076.0,3714470,316.0,311100.0,4828,4377800,3392,4025570,7904,8092178
2021-10-27 15:00:00,4734,4071434,3338.0,3717808,436.0,311536.0,5170,4382970,3774,4029344,8508,8100686
2021-10-28 15:00:00,4570,4076004,3359.0,3721167,501.0,312037.0,5071,4388041,3860,4033204,8430,8109116
2021-10-29 15:00:00,4989,4080993,3917.0,3725084,395.0,312432.0,5384,4393425,4312,4037516,9301,8118417
2021-10-30 15:00:00,2633,4083626,1841.0,3726925,307.0,312739.0,2940,4396365,2148,4039664,4781,8123198
2021-10-31 15:00:00,1933,4085559,1518.0,3728443,93.0,312832.0,2026,4398391,1611,4041275,3544,8126742
2021-11-01 15:00:00,4730,4090289,3433.0,3731876,349.0,313181.0,5079,4403470,3782,4045057,8512,8135254
2021-11-02 15:00:00,4264,4094553,2940.0,3734816,409.0,313590.0,4673,4408143,3349,4048406,7613,8142867
2021-11-03 15:00:00,4664,4099217,3047.0,3737863,464.0,314054.0,5128,4413271,3511,4051917,8175,8151042
2021-11-04 15:00:00,6319,4105536,3368.0,3741231,512.0,314566.0,6831,4420102,3880,4055797,10199,8161241
2021-11-05 15:00:00,8243,4113779,3768.0,3744999,413.0,314979.0,8656,4428758,4181,4059978,12424,8173665
2021-11-06 15:00:00,10174,4123953,1971.0,3746970,308.0,315287.0,10482,4439240,2279,4062257,12453,8186118
2021-11-07 15:00:00,7716,4131669,1461.0,3748431,95.0,315382.0,7811,4447051,1556,4063813,9272,8195390
2021-11-08 15:00:00,11307,4142976,3049.0,3751480,379.0,315761.0,11686,4458737,3428,4067241,14735,8210125
2021-11-09 15:00:00,11763,4154739,2645.0,3754125,268.0,316029.0,12031,4470768,2913,4070154,14676,8224801
2021-11-10 15:00:00,12594,4167333,2760.0,3756885,339.0,316368.0,12933,4483701,3099,4073253,15693,8240494
2021-11-11 15:00:00,11374,4178707,2373.0,3759258,280.0,316648.0,11654,4495355,2653,4075906,14027,8254521
2021-11-12 15:00:00,12296,4191003,3357.0,3762615,548.0,317196.0,12844,4508199,3905,4079811,16201,8270722
2021-11-13 15:00:00,9895,4200898,1593.0,3764208,342.0,317538.0,10237,4518436,1935,4081746,11830,8282552
2021-11-14 15:00:00,4199,4205097,1113.0,3765321,121.0,317659.0,4320,4522756,1234,4082980,5433,8287985
2021-11-15 15:00:00,8629,4213726,2518.0,3767839,210.0,317869.0,8839,4531595,2728,4085708,11357,8299342
2021-11-16 15:00:00,9230,4222956,2505.0,3770344,257.0,318126.0,9487,4541082,2762,4088470,11992,8311334
2021-11-17 15:00:00,9388,4232344,2862.0,3773206,312.0,318438.0,9700,4550782,3174,4091644,12562,8323896
2021-11-18 15:00:00,9281,4241625,2622.0,3775828,481.0,318919.0,9762,4560544,3103,4094747,12384,8336280
2021-11-19 15:00:00,9809,4251434,2919.0,3778747,381.0,319300.0,10190,4570734,3300,4098047,13109,8349389
2021-11-20 15:00:00,10635,4262069,1602.0,3780349,455.0,319755.0,11090,4581824,2057,4100104,12692,8362081
2021-11-21 15:00:00,4342,4266411,1201.0,3781550,100.0,319855.0,4442,4586266,1301,4101405,5643,8367724
2021-11-22 15:00:00,9829,4276240,2501.0,3784051,293.0,320148.0,10122,4596388,2794,4104199,12623,8380347
2021-11-23 15:00:00,9213,4285453,2387.0,3786438,283.0,320431.0,9496,4605884,2670,4106869,11883,8392230
2021-11-24 15:00:00,8172,4293625,2434.0,3788872,216.0,320647.0,8388,4614272,2650,4109519,10822,8403052
2021-11-25 15:00:00,239,4293864,78.0,3788950,10.0,320657.0,249,4614521,88,4109607,327,8403379
2021-11-26 15:00:00,5650,4299514,3962.0,3792912,153.0,320810.0,5803,4620324,4115,4113722,9765,8413144
2021-11-27 15:00:00,3781,4303295,5481.0,3798393,134.0,320944.0,3915,4624239,5615,4119337,9396,8422540
2021-11-28 15:00:00,2413,4305708,6384.0,3804777,77.0,321021.0,2490,4626729,6461,4125798,8874,8431414
2021-11-29 15:00:00,6385,4312093,9298.0,3814075,379.0,321400.0,6764,4633493,9677,4135475,16062,8447476
2021-11-30 15:00:00,6256,4318349,9318.0,3823393,264.0,321664.0,6520,4640013,9582,4145057,15838,8463314
2021-12-01 15:00:00,7324,4325673,9730.0,3833123,308.0,321972.0,7632,4647645,10038,4155095,17362,8480676
2021-12-02 15:00:00,6931,4332604,8788.0,3841911,450.0,322422.0,7381,4655026,9238,4164333,16169,8496845
2021-12-03 15:00:00,7614,4340218,9267.0,3851178,251.0,322673.0,7865,4662891,9518,4173851,17132,8513977
2021-12-04 15:00:00,5950,4346168,10053.0,3861231,467.0,323140.0,6417,4669308,10520,4184371,16470,8530447
2021-12-05 15:00:00,3445,4349613,3548.0,3864779,78.0,323218.0,3523,4672831,3626,4187997,7071,8537518
2021-12-06 15:00:00,6769,4356382,7097.0,3871876,281.0,323499.0,7050,4679881,7378,4195375,14147,8551665
2021-12-07 15:00:00,6422,4362804,7043.0,3878919,250.0,323749.0,6672,4686553,7293,4202668,13715,8565380
2021-12-08 15:00:00,6944,4369748,7413.0,3886332,315.0,324064.0,7259,4693812,7728,4210396,14672,8580052
2021-12-09 15:00:00,6549,4376297,7027.0,3893359,398.0,324462.0,6947,4700759,7425,4217821,13974,8594026
2021-12-10 15:00:00,7289,4383586,7327.0,3900686,232.0,324694.0,7521,4708280,7559,4225380,14848,8608874
2021-12-11 15:00:00,4463,4388049,7676.0,3908362,333.0,325027.0,4796,4713076,8009,4233389,12472,8621346
2021-12-12 15:00:00,4001,4392050,2771.0,3911133,60.0,325087.0,4061,4717137,2831,4236220,6832,8628178
2021-12-13 15:00:00,5696,4397746,5768.0,3916901,243.0,325330.0,5939,4723076,6011,4242231,11707,8639885
2021-12-14 15:00:00,6468,4404214,5930.0,3922831,222.0,325552.0,6690,4729766,6152,4248383,12620,8652505
2021-12-15 15:00:00,7176,4411390,5723.0,3928554,258.0,325810.0,7434,4737200,5981,4254364,13157,8665662
2021-12-16 15:00:00,7898,4419288,2825.0,3931379,423.0,326233.0,8321,4745521,3248,4257612,11146,8676808
2021-12-17 15:00:00,7849,4427137,4164.0,3935543,195.0,326428.0,8044,4753565,4359,4261971,12208,8689016
2021-12-18 15:00:00,5844,4432981,3185.0,3938728,298.0,326726.0,6142,4759707,3483,4265454,9327,8698343
2021-12-19 15:00:00,3375,4436356,1342.0,3940070,37.0,326763.0,3412,4763119,1379,4266833,4754,8703097
2021-12-20 15:00:00,8102,4444458,3748.0,3943818,173.0,326936.0,8275,4771394,3921,4270754,12023,8715120
2021-12-21 15:00:00,9000,4453458,4161.0,3947979,175.0,327111.0,9175,4780569,4336,4275090,13336,8728456
2021-12-22 15:00:00,8699,4462157,3878.0,3951857,184.0,327295.0,8883,4789452,4062,4279152,12761,8741217
2021-12-23 15:00:00,8416,4470573,3575.0,3955432,359.0,327654.0,8775,4798227,3934,4283086,12350,8753567
2021-12-24 15:00:00,1636,4472209,1010.0,3956442,39.0,327693.0,1675,4799902,1049,4284135,2685,8756252
2021-12-25 15:00:00,47,4472256,36.0,3956478,1.0,327694.0,48,4799950,37,4284172,84,8756336
2021-12-26 15:00:00,2519,4474775,1745.0,3958223,44.0,327738.0,2563,4802513,1789,4285961,4308,8760644
2021-12-27 15:00:00,7221,4481996,4003.0,3962226,297.0,328035.0,7518,4810031,4300,4290261,11521,8772165
2021-12-28 15:00:00,7945,4489941,3860.0,3966086,178.0,328213.0,8123,4818154,4038,4294299,11983,8784148
2021-12-29 15:00:00,8246,4498187,4019.0,3970105,156.0,328369.0,8402,4826556,4175,4298474,12421,8796569
2021-12-30 15:00:00,7487,4505674,3793.0,3973898,290.0,328659.0,7777,4834333,4083,4302557,11570,8808139
2021-12-31 15:00:00,2578,4508252,1532.0,3975430,90.0,328749.0,2668,4837001,1622,4304179,4200,8812339
2022-01-01 15:00:00,737,4508989,347.0,3975777,34.0,328783.0,771,4837772,381,4304560,1118,8813457
2022-01-02 15:00:00,2216,4511205,1649.0,3977426,48.0,328831.0,2264,4840036,1697,4306257,3913,8817370
2022-01-03 15:00:00,3398,4514603,2066.0,3979492,222.0,329053.0,3620,4843656,2288,4308545,5686,8823056
2022-01-04 15:00:00,5856,4520459,3489.0,3982981,165.0,329218.0,6021,4849677,3654,4312199,9510,8832566
2022-01-05 15:00:00,6837,4527296,4695.0,3987676,175.0,329393.0,7012,4856689,4870,4317069,11707,8844273
2022-01-06 15:00:00,6784,4534080,4825.0,3992501,265.0,329658.0,7049,4863738,5090,4322159,11874,8856147
2022-01-07 15:00:00,6010,4540090,3783.0,3996284,162.0,329820.0,6172,4869910,3945,4326104,9955,8866102
2022-01-08 15:00:00,4809,4544899,3913.0,4000197,78.0,329898.0,4887,4874797,3991,4330095,8800,8874902
2022-01-09 15:00:00,2764,4547663,2017.0,4002214,154.0,330052.0,2918,4877715,2171,4332266,4935,8879837
2022-01-10 15:00:00,6359,4554022,3844.0,4006058,161.0,330213.0,6520,4884235,4005,4336271,10364,8890201
2022-01-11 15:00:00,6569,4560591,4259.0,4010317,142.0,330355.0,6711,4890946,4401,4340672,10970,8901171
2022-01-12 15:00:00,6832,4567423,4442.0,4014759,225.0,330580.0,7057,4898003,4667,4345339,11499,8912670
2022-01-13 15:00:00,6680,4574103,4386.0,4019145,153.0,330733.0,6833,4904836,4539,4349878,11219,8923889
2022-01-14 15:00:00,7235,4581338,3291.0,4022436,252.0,330985.0,7487,4912323,3543,4353421,10778,8934667
2022-01-15 15:00:00,4278,4585616,1697.0,4024133,71.0,331056.0,4349,4916672,1768,4355189,6046,8940713
2022-01-16 15:00:00,2219,4587835,1320.0,4025453,116.0,331172.0,2335,4919007,1436,4356625,3655,8944368
2022-01-17 15:00:00,3629,4591464,2372.0,4027825,74.0,331246.0,3703,4922710,2446,4359071,6075,8950443
2022-01-18 15:00:00,5299,4596763,4202.0,4032027,102.0,331348.0,5401,4928111,4304,4363375,9603,8960046
2022-01-19 15:00:00,5298,4602061,4481.0,4036508,99.0,331447.0,5397,4933508,4580,4367955,9878,8969924
2022-01-20 15:00:00,4531,4606592,3628.0,4040136,176.0,331623.0,4707,4938215,3804,4371759,8335,8978259
2022-01-21 15:00:00,5607,4612199,2936.0,4043072,126.0,331749.0,5733,4943948,3062,4374821,8669,8986928
2022-01-22 15:00:00,3462,4615661,1726.0,4044798,134.0,331883.0,3596,4947544,1860,4376681,5322,8992250
2022-01-23 15:00:00,2032,4617693,1494.0,4046292,30.0,331913.0,2062,4949606,1524,4378205,3556,8995806
2022-01-24 15:00:00,4126,4621819,2769.0,4049061,89.0,332002.0,4215,4953821,2858,4381063,6984,9002790
2022-01-25 15:00:00,3818,4625637,3314.0,4052375,95.0,332097.0,3913,4957734,3409,4384472,7227,9010017
2022-01-26 15:00:00,3879,4629516,3697.0,4056072,94.0,332191.0,3973,4961707,3791,4388263,7670,9017687
2022-01-27 15:00:00,3781,4633297,3923.0,4059995,187.0,332378.0,3968,4965675,4110,4392373,7891,9025578
2022-01-28 15:00:00,3862,4637159,3276.0,4063271,75.0,332453.0,3937,4969612,3351,4395724,7213,9032791
2022-01-29 15:00:00,2304,4639463,2294.0,4065565,117.0,332570.0,2421,4972033,2411,4398135,4715,9037506
2022-01-30 15:00:00,1560,4641023,1637.0,4067202,16.0,332586.0,1576,4973609,1653,4399788,3213,9040719
2022-01-31 15:00:00,2998,4644021,3237.0,4070439,58.0,332644.0,3056,4976665,3295,4403083,6293,9047012
2022-02-01 15:00:00,2645,4646666,3410.0,4073849,75.0,332719.0,2720,4979385,3485,4406568,6130,9053142
2022-02-02 15:00:00,2818,4649484,3722.0,4077571,77.0,332796.0,2895,4982280,3799,4410367,6617,9059759
2022-02-03 15:00:00,2764,4652248,3654.0,4081225,41.0,332837.0,2805,4985085,3695,4414062,6459,9066218
2022-02-04 15:00:00,2781,4655029,4379.0,4085604,128.0,332965.0,2909,4987994,4507,4418569,7288,9073506
2022-02-05 15:00:00,1928,4656957,2899.0,4088503,112.0,333077.0,2040,4990034,3011,4421580,4939,9078445
2022-02-06 15:00:00,1081,4658038,1348.0,4089851,24.0,333101.0,1105,4991139,1372,4422952,2453,9080898
2022-02-07 15:00:00,2060,4660098,2693.0,4092544,47.0,333148.0,2107,4993246,2740,4425692,4800,9085698
2022-02-08 15:00:00,2080,4662178,3070.0,4095614,63.0,333211.0,2143,4995389,3133,4428825,5213,9090911
2022-02-09 15:00:00,2205,4664383,3309.0,4098923,73.0,333284.0,2278,4997667,3382,4432207,5587,9096498
2022-02-10 15:00:00,2074,4666457,2852.0,4101775,55.0,333339.0,2129,4999796,2907,4435114,4981,9101479
2022-02-11 15:00:00,2470,4668927,3489.0,4105264,121.0,333460.0,2591,5002387,3610,4438724,6080,9107559
2022-02-12 15:00:00,1657,4670584,2275.0,4107539,97.0,333557.0,1754,5004141,2372,4441096,4029,9111588
2022-02-13 15:00:00,738,4671322,1082.0,4108621,17.0,333574.0,755,5004896,1099,4442195,1837,9113425
2022-02-14 15:00:00,1465,4672787,2233.0,4110854,65.0,333639.0,1530,5006426,2298,4444493,3763,9117188
2022-02-15 15:00:00,1919,4674706,2434.0,4113288,47.0,333686.0,1966,5008392,2481,4446974,4400,9121588
2022-02-16 15:00:00,1662,4676368,2407.0,4115695,52.0,333738.0,1714,5010106,2459,4449433,4121,9125709
2022-02-17 15:00:00,16816,4693184,12907.0,4128602,482.0,334220.0,17298,5027404,13389,4462822,30205,9155914
2022-02-18 15:00:00,1864,4695048,2380.0,4130982,44.0,334264.0,1908,5029312,2424,4465246,4288,9160202
2022-02-19 15:00:00,588,4695636,777.0,4131759,34.0,334298.0,622,5029934,811,4466057,1399,9161601
