VACCINATION_DATE,FirstDailyDose,FirstDoseCumulative,SecondDailyDose,SecondDoseCumulative,SingleDailyDose,SingleDoseCumulative,AtleastOneVaccine,AtleastOneVaccineCumulative,CompletedVax,CompletedVaxCumulative,FirstSecondSingleVaccinations,FirstSecondSingleVaccinationsCumulative
2020-12-14 15:00:00,19,1421,,525,,,19,1421,0,525,19,1841
2020-12-15 15:00:00,61,1482,3.0,528,,,61,1482,3,528,64,1905
2020-12-16 15:00:00,595,2077,5.0,533,,,595,2077,5,533,600,2505
2020-12-17 15:00:00,1165,3242,8.0,541,,,1165,3242,8,541,1173,3678
2020-12-18 15:00:00,3024,6266,12.0,553,,,3024,6266,12,553,3036,6714
2020-12-19 15:00:00,930,7196,6.0,559,,,930,7196,6,559,936,7650
2020-12-20 15:00:00,365,7561,6.0,565,,,365,7561,6,565,371,8021
2020-12-21 15:00:00,3890,11451,26.0,591,,,3890,11451,26,591,3916,11937
2020-12-22 15:00:00,6324,17775,28.0,619,,,6324,17775,28,619,6352,18289
2020-12-23 15:00:00,5786,23561,37.0,656,,,5786,23561,37,656,5823,24112
2020-12-24 15:00:00,2729,26290,15.0,671,,,2729,26290,15,671,2744,26856
2020-12-25 15:00:00,1035,27325,4.0,675,,,1035,27325,4,675,1039,27895
2020-12-26 15:00:00,1883,29208,10.0,685,,,1883,29208,10,685,1893,29788
2020-12-27 15:00:00,1802,31010,12.0,697,,,1802,31010,12,697,1814,31602
2020-12-28 15:00:00,8986,39996,51.0,748,,,8986,39996,51,748,9037,40639
2020-12-29 15:00:00,10970,50966,53.0,801,,,10970,50966,53,801,11023,51662
2020-12-30 15:00:00,12496,63462,92.0,893,,,12496,63462,92,893,12588,64250
2020-12-31 15:00:00,7555,71017,47.0,940,,,7555,71017,47,940,7602,71852
2021-01-01 15:00:00,3321,74338,144.0,1084,,,3321,74338,144,1084,3465,75317
2021-01-02 15:00:00,3046,77384,34.0,1118,,,3046,77384,34,1118,3080,78397
2021-01-03 15:00:00,3412,80796,82.0,1200,,,3412,80796,82,1200,3494,81891
2021-01-04 15:00:00,13368,94164,336.0,1536,,,13368,94164,336,1536,13704,95595
2021-01-05 15:00:00,12488,106652,549.0,2085,,,12488,106652,549,2085,13037,108632
2021-01-06 15:00:00,15269,121921,866.0,2951,,,15269,121921,866,2951,16135,124767
2021-01-07 15:00:00,15044,136965,1778.0,4729,,,15044,136965,1778,4729,16822,141589
2021-01-08 15:00:00,24014,160979,2787.0,7516,,,24014,160979,2787,7516,26801,168390
2021-01-09 15:00:00,5176,166155,956.0,8472,,,5176,166155,956,8472,6132,174522
2021-01-10 15:00:00,2972,169127,385.0,8857,,,2972,169127,385,8857,3357,177879
2021-01-11 15:00:00,13734,182861,3472.0,12329,,,13734,182861,3472,12329,17206,195085
2021-01-12 15:00:00,17395,200256,5593.0,17922,,,17395,200256,5593,17922,22988,218073
2021-01-13 15:00:00,18626,218882,3932.0,21854,,,18626,218882,3932,21854,22558,240631
2021-01-14 15:00:00,17860,236742,1964.0,23818,,,17860,236742,1964,23818,19824,260455
2021-01-15 15:00:00,19488,256230,2032.0,25850,,,19488,256230,2032,25850,21520,281975
2021-01-16 15:00:00,5842,262072,1617.0,27467,,,5842,262072,1617,27467,7459,289434
2021-01-17 15:00:00,2124,264196,1480.0,28947,,,2124,264196,1480,28947,3604,293038
2021-01-18 15:00:00,7082,271278,3263.0,32210,,,7082,271278,3263,32210,10345,303383
2021-01-19 15:00:00,16957,288235,5407.0,37617,,,16957,288235,5407,37617,22364,325747
2021-01-20 15:00:00,21011,309246,5326.0,42943,,,21011,309246,5326,42943,26337,352084
2021-01-21 15:00:00,23818,333064,3852.0,46795,,,23818,333064,3852,46795,27670,379754
2021-01-22 15:00:00,28657,361721,3761.0,50556,,,28657,361721,3761,50556,32418,412172
2021-01-23 15:00:00,10127,371848,1944.0,52500,,,10127,371848,1944,52500,12071,424243
2021-01-24 15:00:00,3358,375206,1723.0,54223,,,3358,375206,1723,54223,5081,429324
2021-01-25 15:00:00,16310,391516,8609.0,62832,,,16310,391516,8609,62832,24919,454243
2021-01-26 15:00:00,17565,409081,8980.0,71812,,,17565,409081,8980,71812,26545,480788
2021-01-27 15:00:00,24439,433520,12561.0,84373,,,24439,433520,12561,84373,37000,517788
2021-01-28 15:00:00,22662,456182,9332.0,93705,,,22662,456182,9332,93705,31994,549782
2021-01-29 15:00:00,24787,480969,7930.0,101635,,,24787,480969,7930,101635,32717,582499
2021-01-30 15:00:00,17779,498748,2569.0,104204,,,17779,498748,2569,104204,20348,602847
2021-01-31 15:00:00,3765,502513,1372.0,105576,,,3765,502513,1372,105576,5137,607984
2021-02-01 15:00:00,8137,510650,5401.0,110977,,,8137,510650,5401,110977,13538,621522
2021-02-02 15:00:00,12514,523164,13833.0,124810,,,12514,523164,13833,124810,26347,647869
2021-02-03 15:00:00,18264,541428,18140.0,142950,,,18264,541428,18140,142950,36404,684273
2021-02-04 15:00:00,22138,563566,15798.0,158748,,,22138,563566,15798,158748,37936,722209
2021-02-05 15:00:00,20408,583974,17439.0,176187,,,20408,583974,17439,176187,37847,760056
2021-02-06 15:00:00,11371,595345,14534.0,190721,,,11371,595345,14534,190721,25905,785961
2021-02-07 15:00:00,5987,601332,1945.0,192666,,,5987,601332,1945,192666,7932,793893
2021-02-08 15:00:00,13012,614344,12974.0,205640,,,13012,614344,12974,205640,25986,819879
2021-02-09 15:00:00,16665,631009,13881.0,219521,,,16665,631009,13881,219521,30546,850425
2021-02-10 15:00:00,19321,650330,21315.0,240836,,,19321,650330,21315,240836,40636,891061
2021-02-11 15:00:00,22947,673277,17378.0,258214,,,22947,673277,17378,258214,40325,931386
2021-02-12 15:00:00,20426,693703,19671.0,277885,,,20426,693703,19671,277885,40097,971483
2021-02-13 15:00:00,11471,705174,6425.0,284310,,,11471,705174,6425,284310,17896,989379
2021-02-14 15:00:00,7120,712294,2136.0,286446,,,7120,712294,2136,286446,9256,998635
2021-02-15 15:00:00,11770,724064,13343.0,299789,,,11770,724064,13343,299789,25113,1023748
2021-02-16 15:00:00,16656,740720,21031.0,320820,,,16656,740720,21031,320820,37687,1061435
2021-02-17 15:00:00,20675,761395,26380.0,347200,,,20675,761395,26380,347200,47055,1108490
2021-02-18 15:00:00,3205,764600,4623.0,351823,,,3205,764600,4623,351823,7828,1116318
2021-02-19 15:00:00,10258,774858,19930.0,371753,,,10258,774858,19930,371753,30188,1146506
2021-02-20 15:00:00,10322,785180,20299.0,392052,,,10322,785180,20299,392052,30621,1177127
2021-02-21 15:00:00,6188,791368,7664.0,399716,,,6188,791368,7664,399716,13852,1190979
2021-02-22 15:00:00,8035,799403,15484.0,415200,,,8035,799403,15484,415200,23519,1214498
2021-02-23 15:00:00,15544,814947,15977.0,431177,,,15544,814947,15977,431177,31521,1246019
2021-02-24 15:00:00,18000,832947,24844.0,456021,,,18000,832947,24844,456021,42844,1288863
2021-02-25 15:00:00,20388,853335,26584.0,482605,,,20388,853335,26584,482605,46972,1335835
2021-02-26 15:00:00,26696,880031,26277.0,508882,,,26696,880031,26277,508882,52973,1388808
2021-02-27 15:00:00,16033,896064,11158.0,520040,,,16033,896064,11158,520040,27191,1415999
2021-02-28 15:00:00,15518,911582,4890.0,524930,,,15518,911582,4890,524930,20408,1436407
2021-03-01 15:00:00,27123,938705,12646.0,537576,,,27123,938705,12646,537576,39769,1476176
2021-03-02 15:00:00,23986,962691,13296.0,550872,36.0,36.0,24022,962727,13332,550908,37318,1513494
2021-03-03 15:00:00,30228,992919,18411.0,569283,190.0,226.0,30418,993145,18601,569509,48829,1562323
2021-03-04 15:00:00,31001,1023920,18247.0,587530,4068.0,4294.0,35069,1028214,22315,591824,53316,1615639
2021-03-05 15:00:00,30080,1054000,19758.0,607288,4909.0,9203.0,34989,1063203,24667,616491,54747,1670386
2021-03-06 15:00:00,18990,1072990,9534.0,616822,6009.0,15212.0,24999,1088202,15543,632034,34533,1704919
2021-03-07 15:00:00,12149,1085139,4928.0,621750,6610.0,21822.0,18759,1106961,11538,643572,23687,1728606
2021-03-08 15:00:00,25923,1111062,8860.0,630610,8273.0,30095.0,34196,1141157,17133,660705,43056,1771662
2021-03-09 15:00:00,26145,1137207,15489.0,646099,8342.0,38437.0,34487,1175644,23831,684536,49976,1821638
2021-03-10 15:00:00,29886,1167093,16045.0,662144,7937.0,46374.0,37823,1213467,23982,708518,53868,1875506
2021-03-11 15:00:00,36011,1203104,16417.0,678561,3982.0,50356.0,39993,1253460,20399,728917,56410,1931916
2021-03-12 15:00:00,36902,1240006,18145.0,696706,2928.0,53284.0,39830,1293290,21073,749990,57975,1989891
2021-03-13 15:00:00,22671,1262677,10330.0,707036,1629.0,54913.0,24300,1317590,11959,761949,34630,2024521
2021-03-14 15:00:00,17830,1280507,6736.0,713772,1008.0,55921.0,18838,1336428,7744,769693,25574,2050095
2021-03-15 15:00:00,29878,1310385,11354.0,725126,598.0,56519.0,30476,1366904,11952,781645,41830,2091925
2021-03-16 15:00:00,33470,1343855,13585.0,738711,770.0,57289.0,34240,1401144,14355,796000,47825,2139750
2021-03-17 15:00:00,37622,1381477,17076.0,755787,1181.0,58470.0,38803,1439947,18257,814257,55879,2195629
2021-03-18 15:00:00,41471,1422948,12683.0,768470,1354.0,59824.0,42825,1482772,14037,828294,55508,2251137
2021-03-19 15:00:00,38373,1461321,15435.0,783905,1045.0,60869.0,39418,1522190,16480,844774,54853,2305990
2021-03-20 15:00:00,24720,1486041,10229.0,794134,704.0,61573.0,25424,1547614,10933,855707,35653,2341643
2021-03-21 15:00:00,19187,1505228,7899.0,802033,338.0,61911.0,19525,1567139,8237,863944,27424,2369067
2021-03-22 15:00:00,32605,1537833,11502.0,813535,835.0,62746.0,33440,1600579,12337,876281,44942,2414009
2021-03-23 15:00:00,38407,1576240,17854.0,831389,1556.0,64302.0,39963,1640542,19410,895691,57817,2471826
2021-03-24 15:00:00,41079,1617319,21250.0,852639,1388.0,65690.0,42467,1683009,22638,918329,63717,2535543
2021-03-25 15:00:00,42906,1660225,21725.0,874364,2457.0,68147.0,45363,1728372,24182,942511,67088,2602631
2021-03-26 15:00:00,36375,1696600,26713.0,901077,2495.0,70642.0,38870,1767242,29208,971719,65583,2668214
2021-03-27 15:00:00,26469,1723069,17321.0,918398,2491.0,73133.0,28960,1796202,19812,991531,46281,2714495
2021-03-28 15:00:00,17010,1740079,12686.0,931084,1615.0,74748.0,18625,1814827,14301,1005832,31311,2745806
2021-03-29 15:00:00,29718,1769797,26383.0,957467,1142.0,75890.0,30860,1845687,27525,1033357,57243,2803049
2021-03-30 15:00:00,40055,1809852,29079.0,986546,1866.0,77756.0,41921,1887608,30945,1064302,71000,2874049
2021-03-31 15:00:00,41016,1850868,34745.0,1021291,5750.0,83506.0,46766,1934374,40495,1104797,81511,2955560
2021-04-01 15:00:00,42404,1893272,41126.0,1062417,5750.0,89256.0,48154,1982528,46876,1151673,89280,3044840
2021-04-02 15:00:00,34919,1928191,32732.0,1095149,6131.0,95387.0,41050,2023578,38863,1190536,73782,3118622
2021-04-03 15:00:00,21163,1949354,19229.0,1114378,4393.0,99780.0,25556,2049134,23622,1214158,44785,3163407
2021-04-04 15:00:00,8296,1957650,10219.0,1124597,968.0,100748.0,9264,2058398,11187,1225345,19483,3182890
2021-04-05 15:00:00,27950,1985600,28976.0,1153573,6661.0,107409.0,34611,2093009,35637,1260982,63587,3246477
2021-04-06 15:00:00,39797,2025397,30506.0,1184079,10502.0,117911.0,50299,2143308,41008,1301990,80805,3327282
2021-04-07 15:00:00,36103,2061500,34354.0,1218433,12997.0,130908.0,49100,2192408,47351,1349341,83454,3410736
2021-04-08 15:00:00,42357,2103857,36155.0,1254588,13871.0,144779.0,56228,2248636,50026,1399367,92383,3503119
2021-04-09 15:00:00,34067,2137924,36335.0,1290923,14532.0,159311.0,48599,2297235,50867,1450234,84934,3588053
2021-04-10 15:00:00,23470,2161394,23154.0,1314077,7642.0,166953.0,31112,2328347,30796,1481030,54266,3642319
2021-04-11 15:00:00,17581,2178975,13286.0,1327363,10124.0,177077.0,27705,2356052,23410,1504440,40991,3683310
2021-04-12 15:00:00,24582,2203557,33251.0,1360614,10904.0,187981.0,35486,2391538,44155,1548595,68737,3752047
2021-04-13 15:00:00,126147,2329704,91310.0,1451924,3293.0,191274.0,129440,2520978,94603,1643198,220750,3972797
2021-04-14 15:00:00,40725,2370429,37839.0,1489763,213.0,191487.0,40938,2561916,38052,1681250,78777,4051574
2021-04-15 15:00:00,41411,2411840,39572.0,1529335,176.0,191663.0,41587,2603503,39748,1720998,81159,4132733
2021-04-16 15:00:00,37143,2448983,38890.0,1568225,24.0,191687.0,37167,2640670,38914,1759912,76057,4208790
2021-04-17 15:00:00,32806,2481789,22036.0,1590261,13.0,191700.0,32819,2673489,22049,1781961,54855,4263645
2021-04-18 15:00:00,20065,2501854,16206.0,1606467,5.0,191705.0,20070,2693559,16211,1798172,36276,4299921
2021-04-19 15:00:00,29886,2531740,36567.0,1643034,61.0,191766.0,29947,2723506,36628,1834800,66514,4366435
2021-04-20 15:00:00,32931,2564671,44485.0,1687519,58.0,191824.0,32989,2756495,44543,1879343,77474,4443909
2021-04-21 15:00:00,39830,2604501,47075.0,1734594,26.0,191850.0,39856,2796351,47101,1926444,86931,4530840
2021-04-22 15:00:00,35852,2640353,42687.0,1777281,16.0,191866.0,35868,2832219,42703,1969147,78555,4609395
2021-04-23 15:00:00,33146,2673499,40167.0,1817448,14.0,191880.0,33160,2865379,40181,2009328,73327,4682722
2021-04-24 15:00:00,26414,2699913,27919.0,1845367,81.0,191961.0,26495,2891874,28000,2037328,54414,4737136
2021-04-25 15:00:00,20217,2720130,10994.0,1856361,31.0,191992.0,20248,2912122,11025,2048353,31242,4768378
2021-04-26 15:00:00,27386,2747516,32751.0,1889112,201.0,192193.0,27587,2939709,32952,2081305,60338,4828716
2021-04-27 15:00:00,26677,2774193,33096.0,1922208,1097.0,193290.0,27774,2967483,34193,2115498,60870,4889586
2021-04-28 15:00:00,28925,2803118,39558.0,1961766,1367.0,194657.0,30292,2997775,40925,2156423,69850,4959436
2021-04-29 15:00:00,27068,2830186,39767.0,2001533,1463.0,196120.0,28531,3026306,41230,2197653,68298,5027734
2021-04-30 15:00:00,28200,2858386,32296.0,2033829,1650.0,197770.0,29850,3056156,33946,2231599,62146,5089880
2021-05-01 15:00:00,20731,2879117,26727.0,2060556,1054.0,198824.0,21785,3077941,27781,2259380,48512,5138392
2021-05-02 15:00:00,10269,2889386,17071.0,2077627,822.0,199646.0,11091,3089032,17893,2277273,28162,5166554
2021-05-03 15:00:00,12730,2902116,28615.0,2106242,1917.0,201563.0,14647,3103679,30532,2307805,43262,5209816
2021-05-04 15:00:00,13563,2915679,38635.0,2144877,1741.0,203304.0,15304,3118983,40376,2348181,53939,5263755
2021-05-05 15:00:00,19320,2934999,37773.0,2182650,1921.0,205225.0,21241,3140224,39694,2387875,59014,5322769
2021-05-06 15:00:00,16920,2951919,40596.0,2223246,1722.0,206947.0,18642,3158866,42318,2430193,59238,5382007
2021-05-07 15:00:00,17585,2969504,37009.0,2260255,1959.0,208906.0,19544,3178410,38968,2469161,56553,5438560
2021-05-08 15:00:00,10796,2980300,31225.0,2291480,1291.0,210197.0,12087,3190497,32516,2501677,43312,5481872
2021-05-09 15:00:00,5077,2985377,12251.0,2303731,695.0,210892.0,5772,3196269,12946,2514623,18023,5499895
2021-05-10 15:00:00,8952,2994329,31054.0,2334785,1362.0,212254.0,10314,3206583,32416,2547039,41368,5541263
2021-05-11 15:00:00,12187,3006516,30288.0,2365073,1442.0,213696.0,13629,3220212,31730,2578769,43917,5585180
2021-05-12 15:00:00,13950,3020466,38631.0,2403704,1918.0,215614.0,15868,3236080,40549,2619318,54499,5639679
2021-05-13 15:00:00,21840,3042306,33514.0,2437218,1347.0,216961.0,23187,3259267,34861,2654179,56701,5696380
2021-05-14 15:00:00,24395,3066701,30060.0,2467278,1774.0,218735.0,26169,3285436,31834,2686013,56229,5752609
2021-05-15 15:00:00,21947,3088648,25112.0,2492390,1489.0,220224.0,23436,3308872,26601,2712614,48548,5801157
2021-05-16 15:00:00,9092,3097740,17584.0,2509974,1113.0,221337.0,10205,3319077,18697,2731311,27789,5828946
2021-05-17 15:00:00,16838,3114578,28415.0,2538389,1950.0,223287.0,18788,3337865,30365,2761676,47203,5876149
2021-05-18 15:00:00,21265,3135843,30694.0,2569083,1942.0,225229.0,23207,3361072,32636,2794312,53901,5930050
2021-05-19 15:00:00,27666,3163509,32434.0,2601517,1631.0,226860.0,29297,3390369,34065,2828377,61731,5991781
2021-05-20 15:00:00,20807,3184316,33277.0,2634794,1964.0,228824.0,22771,3413140,35241,2863618,56048,6047829
2021-05-21 15:00:00,19164,3203480,30360.0,2665154,1608.0,230432.0,20772,3433912,31968,2895586,51132,6098961
2021-05-22 15:00:00,16940,3220420,20698.0,2685852,1270.0,231702.0,18210,3452122,21968,2917554,38908,6137869
2021-05-23 15:00:00,8816,3229236,11451.0,2697303,965.0,232667.0,9781,3461903,12416,2929970,21232,6159101
2021-05-24 15:00:00,13568,3242804,17778.0,2715081,1473.0,234140.0,15041,3476944,19251,2949221,32819,6191920
2021-05-25 15:00:00,13074,3255878,18719.0,2733800,1329.0,235469.0,14403,3491347,20048,2969269,33122,6225042
2021-05-26 15:00:00,18312,3274190,19518.0,2753318,1512.0,236981.0,19824,3511171,21030,2990299,39342,6264384
2021-05-27 15:00:00,11688,3285878,18674.0,2771992,1116.0,238097.0,12804,3523975,19790,3010089,31478,6295862
2021-05-28 15:00:00,12417,3298295,19854.0,2791846,1402.0,239499.0,13819,3537794,21256,3031345,33673,6329535
2021-05-29 15:00:00,9517,3307812,11726.0,2803572,937.0,240436.0,10454,3548248,12663,3044008,22180,6351715
2021-05-30 15:00:00,4968,3312780,6436.0,2810008,596.0,241032.0,5564,3553812,7032,3051040,12000,6363715
2021-05-31 15:00:00,1779,3314559,3712.0,2813720,305.0,241337.0,2084,3555896,4017,3055057,5796,6369511
2021-06-01 15:00:00,9865,3324424,16453.0,2830173,1160.0,242497.0,11025,3566921,17613,3072670,27478,6396989
2021-06-02 15:00:00,10235,3334659,16822.0,2846995,961.0,243458.0,11196,3578117,17783,3090453,28018,6425007
2021-06-03 15:00:00,7898,3342557,21189.0,2868184,1087.0,244545.0,8985,3587102,22276,3112729,30174,6455181
2021-06-04 15:00:00,8197,3350754,22358.0,2890542,1120.0,245665.0,9317,3596419,23478,3136207,31675,6486856
2021-06-05 15:00:00,7002,3357756,19474.0,2910016,720.0,246385.0,7722,3604141,20194,3156401,27196,6514052
2021-06-06 15:00:00,3455,3361211,7255.0,2917271,424.0,246809.0,3879,3608020,7679,3164080,11134,6525186
2021-06-07 15:00:00,6861,3368072,15791.0,2933062,725.0,247534.0,7586,3615606,16516,3180596,23377,6548563
2021-06-08 15:00:00,6670,3374742,19735.0,2952797,830.0,248364.0,7500,3623106,20565,3201161,27235,6575798
2021-06-09 15:00:00,8202,3382944,23991.0,2976788,968.0,249332.0,9170,3632276,24959,3226120,33161,6608959
2021-06-10 15:00:00,7150,3390094,19141.0,2995929,895.0,250227.0,8045,3640321,20036,3246156,27186,6636145
2021-06-11 15:00:00,7489,3397583,17727.0,3013656,1125.0,251352.0,8614,3648935,18852,3265008,26341,6662486
2021-06-12 15:00:00,5244,3402827,14770.0,3028426,605.0,251957.0,5849,3654784,15375,3280383,20619,6683105
2021-06-13 15:00:00,1947,3404774,7633.0,3036059,427.0,252384.0,2374,3657158,8060,3288443,10007,6693112
2021-06-14 15:00:00,5654,3410428,11824.0,3047883,733.0,253117.0,6387,3663545,12557,3301000,18211,6711323
2021-06-15 15:00:00,5644,3416072,14344.0,3062227,873.0,253990.0,6517,3670062,15217,3316217,20861,6732184
2021-06-16 15:00:00,8757,3424829,21594.0,3083821,757.0,254747.0,9514,3679576,22351,3338568,31108,6763292
2021-06-17 15:00:00,6690,3431519,12366.0,3096187,720.0,255467.0,7410,3686986,13086,3351654,19776,6783068
2021-06-18 15:00:00,6835,3438354,12742.0,3108929,702.0,256169.0,7537,3694523,13444,3365098,20279,6803347
2021-06-19 15:00:00,4660,3443014,9385.0,3118314,615.0,256784.0,5275,3699798,10000,3375098,14660,6818007
2021-06-20 15:00:00,2503,3445517,5060.0,3123374,377.0,257161.0,2880,3702678,5437,3380535,7940,6825947
2021-06-21 15:00:00,5565,3451082,5339.0,3128713,635.0,257796.0,6200,3708878,5974,3386509,11539,6837486
2021-06-22 15:00:00,5344,3456426,9057.0,3137770,693.0,258489.0,6037,3714915,9750,3396259,15094,6852580
2021-06-23 15:00:00,6079,3462505,10339.0,3148109,646.0,259135.0,6725,3721640,10985,3407244,17064,6869644
2021-06-24 15:00:00,5938,3468443,8201.0,3156310,595.0,259730.0,6533,3728173,8796,3416040,14734,6884378
2021-06-25 15:00:00,5828,3474271,8668.0,3164978,620.0,260350.0,6448,3734621,9288,3425328,15116,6899494
2021-06-26 15:00:00,3706,3477977,6308.0,3171286,398.0,260748.0,4104,3738725,6706,3432034,10412,6909906
2021-06-27 15:00:00,2809,3480786,3525.0,3174811,185.0,260933.0,2994,3741719,3710,3435744,6519,6916425
2021-06-28 15:00:00,4923,3485709,6390.0,3181201,539.0,261472.0,5462,3747181,6929,3442673,11852,6928277
2021-06-29 15:00:00,5062,3490771,6481.0,3187682,523.0,261995.0,5585,3752766,7004,3449677,12066,6940343
2021-06-30 15:00:00,5627,3496398,7390.0,3195072,606.0,262601.0,6233,3758999,7996,3457673,13623,6953966
2021-07-01 15:00:00,5423,3501821,6992.0,3202064,504.0,263105.0,5927,3764926,7496,3465169,12919,6966885
2021-07-02 15:00:00,5293,3507114,6845.0,3208909,526.0,263631.0,5819,3770745,7371,3472540,12664,6979549
2021-07-03 15:00:00,3273,3510387,4069.0,3212978,264.0,263895.0,3537,3774282,4333,3476873,7606,6987155
2021-07-04 15:00:00,494,3510881,550.0,3213528,68.0,263963.0,562,3774844,618,3477491,1112,6988267
2021-07-05 15:00:00,3771,3514652,3955.0,3217483,287.0,264250.0,4058,3778902,4242,3481733,8013,6996280
2021-07-06 15:00:00,4497,3519149,6281.0,3223764,455.0,264705.0,4952,3783854,6736,3488469,11233,7007513
2021-07-07 15:00:00,4471,3523620,6415.0,3230179,483.0,265188.0,4954,3788808,6898,3495367,11369,7018882
2021-07-08 15:00:00,4839,3528459,6180.0,3236359,564.0,265752.0,5403,3794211,6744,3502111,11583,7030465
2021-07-09 15:00:00,5368,3533827,6673.0,3243032,573.0,266325.0,5941,3800152,7246,3509357,12614,7043079
2021-07-10 15:00:00,3522,3537349,4406.0,3247438,305.0,266630.0,3827,3803979,4711,3514068,8233,7051312
2021-07-11 15:00:00,2680,3540029,2574.0,3250012,226.0,266856.0,2906,3806885,2800,3516868,5480,7056792
2021-07-12 15:00:00,4424,3544453,5133.0,3255145,379.0,267235.0,4803,3811688,5512,3522380,9936,7066728
2021-07-13 15:00:00,4667,3549120,4723.0,3259868,366.0,267601.0,5033,3816721,5089,3527469,9756,7076484
2021-07-14 15:00:00,4623,3553743,5287.0,3265155,422.0,268023.0,5045,3821766,5709,3533178,10332,7086816
2021-07-15 15:00:00,4908,3558651,5017.0,3270172,358.0,268381.0,5266,3827032,5375,3538553,10283,7097099
2021-07-16 15:00:00,6275,3564926,5851.0,3276023,405.0,268786.0,6680,3833712,6256,3544809,12531,7109630
2021-07-17 15:00:00,3418,3568344,3551.0,3279574,303.0,269089.0,3721,3837433,3854,3548663,7272,7116902
2021-07-18 15:00:00,2311,3570655,2380.0,3281954,110.0,269199.0,2421,3839854,2490,3551153,4801,7121703
2021-07-19 15:00:00,5144,3575799,4613.0,3286567,383.0,269582.0,5527,3845381,4996,3556149,10140,7131843
2021-07-20 15:00:00,5338,3581137,4722.0,3291289,366.0,269948.0,5704,3851085,5088,3561237,10426,7142269
2021-07-21 15:00:00,5665,3586802,4951.0,3296240,416.0,270364.0,6081,3857166,5367,3566604,11032,7153301
2021-07-22 15:00:00,6034,3592836,4643.0,3300883,472.0,270836.0,6506,3863672,5115,3571719,11149,7164450
2021-07-23 15:00:00,6846,3599682,4849.0,3305732,498.0,271334.0,7344,3871016,5347,3577066,12193,7176643
2021-07-24 15:00:00,4284,3603966,3202.0,3308934,267.0,271601.0,4551,3875567,3469,3580535,7753,7184396
2021-07-25 15:00:00,3299,3607265,1121.0,3310055,140.0,271741.0,3439,3879006,1261,3581796,4560,7188956
2021-07-26 15:00:00,6219,3613484,3909.0,3313964,419.0,272160.0,6638,3885644,4328,3586124,10547,7199503
2021-07-27 15:00:00,6604,3620088,4289.0,3318253,458.0,272618.0,7062,3892706,4747,3590871,11351,7210854
2021-07-28 15:00:00,7090,3627178,4147.0,3322400,460.0,273078.0,7550,3900256,4607,3595478,11697,7222551
2021-07-29 15:00:00,7082,3634260,4303.0,3326703,419.0,273497.0,7501,3907757,4722,3600200,11804,7234355
2021-07-30 15:00:00,7823,3642083,4810.0,3331513,526.0,274023.0,8349,3916106,5336,3605536,13159,7247514
2021-07-31 15:00:00,4793,3646876,3084.0,3334597,274.0,274297.0,5067,3921173,3358,3608894,8151,7255665
2021-08-01 15:00:00,3893,3650769,2169.0,3336766,164.0,274461.0,4057,3925230,2333,3611227,6226,7261891
2021-08-02 15:00:00,7273,3658042,3846.0,3340612,341.0,274802.0,7614,3932844,4187,3615414,11460,7273351
2021-08-03 15:00:00,7269,3665311,4107.0,3344719,517.0,275319.0,7786,3940630,4624,3620038,11893,7285244
2021-08-04 15:00:00,7425,3672736,4124.0,3348843,536.0,275855.0,7961,3948591,4660,3624698,12085,7297329
2021-08-05 15:00:00,7949,3680685,4299.0,3353142,538.0,276393.0,8487,3957078,4837,3629535,12786,7310115
2021-08-06 15:00:00,8327,3689012,4739.0,3357881,454.0,276847.0,8781,3965859,5193,3634728,13520,7323635
2021-08-07 15:00:00,5302,3694314,2842.0,3360723,264.0,277111.0,5566,3971425,3106,3637834,8408,7332043
2021-08-08 15:00:00,3976,3698290,2064.0,3362787,144.0,277255.0,4120,3975545,2208,3640042,6184,7338227
2021-08-09 15:00:00,6956,3705246,4563.0,3367350,370.0,277625.0,7326,3982871,4933,3644975,11889,7350116
2021-08-10 15:00:00,7163,3712409,4481.0,3371831,339.0,277964.0,7502,3990373,4820,3649795,11983,7362099
2021-08-11 15:00:00,7081,3719490,4446.0,3376277,443.0,278407.0,7524,3997897,4889,3654684,11970,7374069
2021-08-12 15:00:00,8634,3728124,4758.0,3381035,445.0,278852.0,9079,4006976,5203,3659887,13837,7387906
2021-08-13 15:00:00,7151,3735275,5383.0,3386418,397.0,279249.0,7548,4014524,5780,3665667,12931,7400837
2021-08-14 15:00:00,4920,3740195,3346.0,3389764,285.0,279534.0,5205,4019729,3631,3669298,8551,7409388
2021-08-15 15:00:00,3328,3743523,2739.0,3392503,163.0,279697.0,3491,4023220,2902,3672200,6230,7415618
2021-08-16 15:00:00,5453,3748976,5096.0,3397599,354.0,280051.0,5807,4029027,5450,3677650,10903,7426521
2021-08-17 15:00:00,6820,3755796,5362.0,3402961,390.0,280441.0,7210,4036237,5752,3683402,12572,7439093
2021-08-18 15:00:00,6327,3762123,5511.0,3408472,481.0,280922.0,6808,4043045,5992,3689394,12319,7451412
2021-08-19 15:00:00,6215,3768338,5556.0,3414028,417.0,281339.0,6632,4049677,5973,3695367,12188,7463600
2021-08-20 15:00:00,6844,3775182,6554.0,3420582,401.0,281740.0,7245,4056922,6955,3702322,13799,7477399
2021-08-21 15:00:00,4335,3779517,3918.0,3424500,229.0,281969.0,4564,4061486,4147,3706469,8482,7485881
2021-08-22 15:00:00,3060,3782577,3170.0,3427670,110.0,282079.0,3170,4064656,3280,3709749,6340,7492221
2021-08-23 15:00:00,5995,3788572,6103.0,3433773,287.0,282366.0,6282,4070938,6390,3716139,12385,7504606
2021-08-24 15:00:00,6546,3795118,6066.0,3439839,425.0,282791.0,6971,4077909,6491,3722630,13037,7517643
2021-08-25 15:00:00,6721,3801839,6224.0,3446063,441.0,283232.0,7162,4085071,6665,3729295,13386,7531029
2021-08-26 15:00:00,6967,3808806,6656.0,3452719,428.0,283660.0,7395,4092466,7084,3736379,14051,7545080
2021-08-27 15:00:00,6829,3815635,7079.0,3459798,317.0,283977.0,7146,4099612,7396,3743775,14225,7559305
2021-08-28 15:00:00,6897,3822532,6526.0,3466324,326.0,284303.0,7223,4106835,6852,3750627,13749,7573054
2021-08-29 15:00:00,3734,3826266,3695.0,3470019,610.0,284913.0,4344,4111179,4305,3754932,8039,7581093
2021-08-30 15:00:00,5923,3832189,6129.0,3476148,960.0,285873.0,6883,4118062,7089,3762021,13012,7594105
2021-08-31 15:00:00,5900,3838089,6071.0,3482219,946.0,286819.0,6846,4124908,7017,3769038,12917,7607022
2021-09-01 15:00:00,5584,3843673,5690.0,3487909,915.0,287734.0,6499,4131407,6605,3775643,12189,7619211
2021-09-02 15:00:00,5535,3849208,5930.0,3493839,707.0,288441.0,6242,4137649,6637,3782280,12172,7631383
2021-09-03 15:00:00,5992,3855200,6933.0,3500772,973.0,289414.0,6965,4144614,7906,3790186,13898,7645281
2021-09-04 15:00:00,3731,3858931,4355.0,3505127,878.0,290292.0,4609,4149223,5233,3795419,8964,7654245
2021-09-05 15:00:00,2957,3861888,2812.0,3507939,106.0,290398.0,3063,4152286,2918,3798337,5875,7660120
2021-09-06 15:00:00,1060,3862948,1158.0,3509097,65.0,290463.0,1125,4153411,1223,3799560,2283,7662403
2021-09-07 15:00:00,5344,3868292,7303.0,3516400,2303.0,292766.0,7647,4161058,9606,3809166,14950,7677353
2021-09-08 15:00:00,4653,3872945,5478.0,3521878,364.0,293130.0,5017,4166075,5842,3815008,10495,7687848
2021-09-09 15:00:00,5016,3877961,5459.0,3527337,324.0,293454.0,5340,4171415,5783,3820791,10799,7698647
2021-09-10 15:00:00,6526,3884487,6659.0,3533996,1719.0,295173.0,8245,4179660,8378,3829169,14904,7713551
2021-09-11 15:00:00,4173,3888660,4341.0,3538337,666.0,295839.0,4839,4184499,5007,3834176,9180,7722731
2021-09-12 15:00:00,3172,3891832,3238.0,3541575,436.0,296275.0,3608,4188107,3674,3837850,6846,7729577
2021-09-13 15:00:00,4882,3896714,5068.0,3546643,346.0,296621.0,5228,4193335,5414,3843264,10296,7739873
2021-09-14 15:00:00,4775,3901489,5440.0,3552083,436.0,297057.0,5211,4198546,5876,3849140,10651,7750524
2021-09-15 15:00:00,5039,3906528,5871.0,3557954,392.0,297449.0,5431,4203977,6263,3855403,11302,7761826
2021-09-16 15:00:00,4810,3911338,5846.0,3563800,336.0,297785.0,5146,4209123,6182,3861585,10992,7772818
2021-09-17 15:00:00,5257,3916595,6584.0,3570384,344.0,298129.0,5601,4214724,6928,3868513,12185,7785003
2021-09-18 15:00:00,3803,3920398,4577.0,3574961,185.0,298314.0,3988,4218712,4762,3873275,8565,7793568
2021-09-19 15:00:00,2741,3923139,3167.0,3578128,75.0,298389.0,2816,4221528,3242,3876517,5983,7799551
2021-09-20 15:00:00,3753,3926892,4680.0,3582808,430.0,298819.0,4183,4225711,5110,3881627,8863,7808414
2021-09-21 15:00:00,3999,3930891,5004.0,3587812,327.0,299146.0,4326,4230037,5331,3886958,9330,7817744
2021-09-22 15:00:00,4196,3935087,4774.0,3592586,459.0,299605.0,4655,4234692,5233,3892191,9429,7827173
2021-09-23 15:00:00,4176,3939263,4730.0,3597316,492.0,300097.0,4668,4239360,5222,3897413,9398,7836571
2021-09-24 15:00:00,5078,3944341,5603.0,3602919,422.0,300519.0,5500,4244860,6025,3903438,11103,7847674
2021-09-25 15:00:00,3624,3947965,3629.0,3606548,384.0,300903.0,4008,4248868,4013,3907451,7637,7855311
2021-09-26 15:00:00,2352,3950317,2665.0,3609213,430.0,301333.0,2782,4251650,3095,3910546,5447,7860758
2021-09-27 15:00:00,4506,3954823,2710.0,3611923,512.0,301845.0,5018,4256668,3222,3913768,7728,7868486
2021-09-28 15:00:00,4398,3959221,4449.0,3616372,211.0,302056.0,4609,4261277,4660,3918428,9058,7877544
2021-09-29 15:00:00,4694,3963915,4504.0,3620876,920.0,302976.0,5614,4266891,5424,3923852,10118,7887662
2021-09-30 15:00:00,4886,3968801,4560.0,3625436,795.0,303771.0,5681,4272572,5355,3929207,10241,7897903
2021-10-01 15:00:00,5500,3974301,5340.0,3630776,785.0,304556.0,6285,4278857,6125,3935332,11625,7909528
2021-10-02 15:00:00,2935,3977236,2895.0,3633671,187.0,304743.0,3122,4281979,3082,3938414,6017,7915545
2021-10-03 15:00:00,2073,3979309,2376.0,3636047,86.0,304829.0,2159,4284138,2462,3940876,4535,7920080
2021-10-04 15:00:00,4024,3983333,3497.0,3639544,232.0,305061.0,4256,4288394,3729,3944605,7753,7927833
2021-10-05 15:00:00,3951,3987284,3659.0,3643203,207.0,305268.0,4158,4292552,3866,3948471,7817,7935650
2021-10-06 15:00:00,4021,3991305,3571.0,3646774,266.0,305534.0,4287,4296839,3837,3952308,7858,7943508
2021-10-07 15:00:00,4232,3995537,3622.0,3650396,331.0,305865.0,4563,4301402,3953,3956261,8185,7951693
2021-10-08 15:00:00,4772,4000309,4284.0,3654680,283.0,306148.0,5055,4306457,4567,3960828,9339,7961032
2021-10-09 15:00:00,2691,4003000,2678.0,3657358,270.0,306418.0,2961,4309418,2948,3963776,5639,7966671
2021-10-10 15:00:00,1861,4004861,1850.0,3659208,59.0,306477.0,1920,4311338,1909,3965685,3770,7970441
2021-10-11 15:00:00,4205,4009066,3315.0,3662523,249.0,306726.0,4454,4315792,3564,3969249,7769,7978210
2021-10-12 15:00:00,3599,4012665,3533.0,3666056,273.0,306999.0,3872,4319664,3806,3973055,7405,7985615
2021-10-13 15:00:00,3969,4016634,3455.0,3669511,346.0,307345.0,4315,4323979,3801,3976856,7770,7993385
2021-10-14 15:00:00,5159,4021793,5492.0,3675003,431.0,307776.0,5590,4329569,5923,3982779,11082,8004467
2021-10-15 15:00:00,4712,4026505,4594.0,3679597,347.0,308123.0,5059,4334628,4941,3987720,9653,8014120
2021-10-16 15:00:00,2494,4028999,2505.0,3682102,291.0,308414.0,2785,4337413,2796,3990516,5290,8019410
2021-10-17 15:00:00,1805,4030804,1774.0,3683876,55.0,308469.0,1860,4339273,1829,3992345,3634,8023044
2021-10-18 15:00:00,4276,4035080,3579.0,3687455,268.0,308737.0,4544,4343817,3847,3996192,8123,8031167
2021-10-19 15:00:00,4298,4039378,4001.0,3691456,223.0,308960.0,4521,4348338,4224,4000416,8522,8039689
2021-10-20 15:00:00,3530,4042908,3420.0,3694876,255.0,309215.0,3785,4352123,3675,4004091,7205,8046894
2021-10-21 15:00:00,3299,4046207,3271.0,3698147,291.0,309506.0,3590,4355713,3562,4007653,6861,8053755
2021-10-22 15:00:00,4678,4050885,4023.0,3702170,477.0,309983.0,5155,4360868,4500,4012153,9178,8062933
2021-10-23 15:00:00,2886,4053771,2108.0,3704278,321.0,310304.0,3207,4364075,2429,4014582,5315,8068248
2021-10-24 15:00:00,2056,4055827,1553.0,3705831,79.0,310383.0,2135,4366210,1632,4016214,3688,8071936
2021-10-25 15:00:00,4546,4060373,3067.0,3708898,320.0,310703.0,4866,4371076,3387,4019601,7933,8079869
2021-10-26 15:00:00,4510,4064883,3075.0,3711973,316.0,311019.0,4826,4375902,3391,4022992,7901,8087770
2021-10-27 15:00:00,4736,4069619,3336.0,3715309,436.0,311455.0,5172,4381074,3772,4026764,8508,8096278
2021-10-28 15:00:00,4558,4074177,3347.0,3718656,501.0,311956.0,5059,4386133,3848,4030612,8406,8104684
2021-10-29 15:00:00,4979,4079156,3912.0,3722568,394.0,312350.0,5373,4391506,4306,4034918,9285,8113969
2021-10-30 15:00:00,2632,4081788,1834.0,3724402,307.0,312657.0,2939,4394445,2141,4037059,4773,8118742
2021-10-31 15:00:00,1937,4083725,1519.0,3725921,93.0,312750.0,2030,4396475,1612,4038671,3549,8122291
2021-11-01 15:00:00,4712,4088437,3421.0,3729342,346.0,313096.0,5058,4401533,3767,4042438,8479,8130770
2021-11-02 15:00:00,4254,4092691,2938.0,3732280,408.0,313504.0,4662,4406195,3346,4045784,7600,8138370
2021-11-03 15:00:00,4667,4097358,3042.0,3735322,463.0,313967.0,5130,4411325,3505,4049289,8172,8146542
2021-11-04 15:00:00,6316,4103674,3364.0,3738686,513.0,314480.0,6829,4418154,3877,4053166,10193,8156735
2021-11-05 15:00:00,8238,4111912,3761.0,3742447,413.0,314893.0,8651,4426805,4174,4057340,12412,8169147
2021-11-06 15:00:00,10168,4122080,1965.0,3744412,308.0,315201.0,10476,4437281,2273,4059613,12441,8181588
2021-11-07 15:00:00,7711,4129791,1463.0,3745875,94.0,315295.0,7805,4445086,1557,4061170,9268,8190856
2021-11-08 15:00:00,11303,4141094,3041.0,3748916,379.0,315674.0,11682,4456768,3420,4064590,14723,8205579
2021-11-09 15:00:00,11760,4152854,2638.0,3751554,268.0,315942.0,12028,4468796,2906,4067496,14666,8220245
2021-11-10 15:00:00,12585,4165439,2747.0,3754301,339.0,316281.0,12924,4481720,3086,4070582,15671,8235916
2021-11-11 15:00:00,11373,4176812,2371.0,3756672,280.0,316561.0,11653,4493373,2651,4073233,14024,8249940
2021-11-12 15:00:00,12288,4189100,3345.0,3760017,548.0,317109.0,12836,4506209,3893,4077126,16181,8266121
2021-11-13 15:00:00,9891,4198991,1591.0,3761608,342.0,317451.0,10233,4516442,1933,4079059,11824,8277945
2021-11-14 15:00:00,3924,4202915,1112.0,3762720,121.0,317572.0,4045,4520487,1233,4080292,5157,8283102
2021-11-15 15:00:00,8622,4211537,2511.0,3765231,205.0,317777.0,8827,4529314,2716,4083008,11338,8294440
2021-11-16 15:00:00,9224,4220761,2504.0,3767735,255.0,318032.0,9479,4538793,2759,4085767,11983,8306423
2021-11-17 15:00:00,9394,4230155,2860.0,3770595,312.0,318344.0,9706,4548499,3172,4088939,12566,8318989
2021-11-18 15:00:00,9275,4239430,2623.0,3773218,482.0,318826.0,9757,4558256,3105,4092044,12380,8331369
2021-11-19 15:00:00,9801,4249231,2906.0,3776124,381.0,319207.0,10182,4568438,3287,4095331,13088,8344457
2021-11-20 15:00:00,10628,4259859,1600.0,3777724,455.0,319662.0,11083,4579521,2055,4097386,12683,8357140
2021-11-21 15:00:00,4343,4264202,1198.0,3778922,99.0,319761.0,4442,4583963,1297,4098683,5640,8362780
2021-11-22 15:00:00,9822,4274024,2477.0,3781399,293.0,320054.0,10115,4594078,2770,4101453,12592,8375372
2021-11-23 15:00:00,9206,4283230,2381.0,3783780,280.0,320334.0,9486,4603564,2661,4104114,11867,8387239
2021-11-24 15:00:00,8153,4291383,2437.0,3786217,216.0,320550.0,8369,4611933,2653,4106767,10806,8398045
2021-11-25 15:00:00,239,4291622,77.0,3786294,10.0,320560.0,249,4612182,87,4106854,326,8398371
2021-11-26 15:00:00,5652,4297274,3950.0,3790244,153.0,320713.0,5805,4617987,4103,4110957,9755,8408126
2021-11-27 15:00:00,3778,4301052,5476.0,3795720,134.0,320847.0,3912,4621899,5610,4116567,9388,8417514
2021-11-28 15:00:00,2412,4303464,6384.0,3802104,77.0,320924.0,2489,4624388,6461,4123028,8873,8426387
2021-11-29 15:00:00,6366,4309830,9280.0,3811384,379.0,321303.0,6745,4631133,9659,4132687,16025,8442412
2021-11-30 15:00:00,6252,4316082,9313.0,3820697,264.0,321567.0,6516,4637649,9577,4142264,15829,8458241
2021-12-01 15:00:00,7295,4323377,9711.0,3830408,308.0,321875.0,7603,4645252,10019,4152283,17314,8475555
2021-12-02 15:00:00,6913,4330290,8786.0,3839194,450.0,322325.0,7363,4652615,9236,4161519,16149,8491704
2021-12-03 15:00:00,7604,4337894,9250.0,3848444,249.0,322574.0,7853,4660468,9499,4171018,17103,8508807
2021-12-04 15:00:00,5947,4343841,10032.0,3858476,465.0,323039.0,6412,4666880,10497,4181515,16444,8525251
2021-12-05 15:00:00,3464,4347305,3283.0,3861759,78.0,323117.0,3542,4670422,3361,4184876,6825,8532076
2021-12-06 15:00:00,6746,4354051,7082.0,3868841,277.0,323394.0,7023,4677445,7359,4192235,14105,8546181
2021-12-07 15:00:00,6409,4360460,7022.0,3875863,249.0,323643.0,6658,4684103,7271,4199506,13680,8559861
2021-12-08 15:00:00,6930,4367390,7410.0,3883273,315.0,323958.0,7245,4691348,7725,4207231,14655,8574516
2021-12-09 15:00:00,6546,4373936,7021.0,3890294,398.0,324356.0,6944,4698292,7419,4214650,13965,8588481
2021-12-10 15:00:00,7284,4381220,7322.0,3897616,230.0,324586.0,7514,4705806,7552,4222202,14836,8603317
2021-12-11 15:00:00,4448,4385668,7664.0,3905280,333.0,324919.0,4781,4710587,7997,4230199,12445,8615762
2021-12-12 15:00:00,4000,4389668,2772.0,3908052,60.0,324979.0,4060,4714647,2832,4233031,6832,8622594
2021-12-13 15:00:00,5692,4395360,5760.0,3913812,243.0,325222.0,5935,4720582,6003,4239034,11695,8634289
2021-12-14 15:00:00,6453,4401813,5918.0,3919730,221.0,325443.0,6674,4727256,6139,4245173,12592,8646881
2021-12-15 15:00:00,7158,4408971,5705.0,3925435,251.0,325694.0,7409,4734665,5956,4251129,13114,8659995
2021-12-16 15:00:00,7858,4416829,2825.0,3928260,420.0,326114.0,8278,4742943,3245,4254374,11103,8671098
2021-12-17 15:00:00,7841,4424670,4149.0,3932409,195.0,326309.0,8036,4750979,4344,4258718,12185,8683283
2021-12-18 15:00:00,5829,4430499,3167.0,3935576,298.0,326607.0,6127,4757106,3465,4262183,9294,8692577
2021-12-19 15:00:00,3381,4433880,1339.0,3936915,36.0,326643.0,3417,4760523,1375,4263558,4756,8697333
2021-12-20 15:00:00,8055,4441935,3739.0,3940654,173.0,326816.0,8228,4768751,3912,4267470,11967,8709300
2021-12-21 15:00:00,8988,4450923,4151.0,3944805,175.0,326991.0,9163,4777914,4326,4271796,13314,8722614
2021-12-22 15:00:00,8680,4459603,3858.0,3948663,184.0,327175.0,8864,4786778,4042,4275838,12722,8735336
2021-12-23 15:00:00,8399,4468002,3556.0,3952219,359.0,327534.0,8758,4795536,3915,4279753,12314,8747650
2021-12-24 15:00:00,1632,4469634,1006.0,3953225,39.0,327573.0,1671,4797207,1045,4280798,2677,8750327
2021-12-25 15:00:00,50,4469684,36.0,3953261,1.0,327574.0,51,4797258,37,4280835,87,8750414
2021-12-26 15:00:00,2518,4472202,1742.0,3955003,44.0,327618.0,2562,4799820,1786,4282621,4304,8754718
2021-12-27 15:00:00,7191,4479393,3987.0,3958990,297.0,327915.0,7488,4807308,4284,4286905,11475,8766193
2021-12-28 15:00:00,7924,4487317,3849.0,3962839,177.0,328092.0,8101,4815409,4026,4290931,11950,8778143
2021-12-29 15:00:00,8228,4495545,4015.0,3966854,155.0,328247.0,8383,4823792,4170,4295101,12398,8790541
2021-12-30 15:00:00,7467,4503012,3775.0,3970629,290.0,328537.0,7757,4831549,4065,4299166,11532,8802073
2021-12-31 15:00:00,2573,4505585,1525.0,3972154,90.0,328627.0,2663,4834212,1615,4300781,4188,8806261
2022-01-01 15:00:00,738,4506323,347.0,3972501,34.0,328661.0,772,4834984,381,4301162,1119,8807380
2022-01-02 15:00:00,2216,4508539,1648.0,3974149,48.0,328709.0,2264,4837248,1696,4302858,3912,8811292
2022-01-03 15:00:00,3393,4511932,2063.0,3976212,222.0,328931.0,3615,4840863,2285,4305143,5678,8816970
2022-01-04 15:00:00,5848,4517780,3475.0,3979687,165.0,329096.0,6013,4846876,3640,4308783,9488,8826458
2022-01-05 15:00:00,6824,4524604,4689.0,3984376,176.0,329272.0,7000,4853876,4865,4313648,11689,8838147
2022-01-06 15:00:00,6746,4531350,4806.0,3989182,264.0,329536.0,7010,4860886,5070,4318718,11816,8849963
2022-01-07 15:00:00,5959,4537309,3753.0,3992935,159.0,329695.0,6118,4867004,3912,4322630,9871,8859834
2022-01-08 15:00:00,4803,4542112,3907.0,3996842,79.0,329774.0,4882,4871886,3986,4326616,8789,8868623
2022-01-09 15:00:00,2762,4544874,2013.0,3998855,154.0,329928.0,2916,4874802,2167,4328783,4929,8873552
2022-01-10 15:00:00,6330,4551204,3831.0,4002686,160.0,330088.0,6490,4881292,3991,4332774,10321,8883873
2022-01-11 15:00:00,6555,4557759,4240.0,4006926,142.0,330230.0,6697,4887989,4382,4337156,10937,8894810
2022-01-12 15:00:00,6816,4564575,4438.0,4011364,225.0,330455.0,7041,4895030,4663,4341819,11479,8906289
2022-01-13 15:00:00,6620,4571195,4377.0,4015741,152.0,330607.0,6772,4901802,4529,4346348,11149,8917438
2022-01-14 15:00:00,7203,4578398,3276.0,4019017,251.0,330858.0,7454,4909256,3527,4349875,10730,8928168
2022-01-15 15:00:00,4268,4582666,1687.0,4020704,71.0,330929.0,4339,4913595,1758,4351633,6026,8934194
2022-01-16 15:00:00,2216,4584882,1318.0,4022022,116.0,331045.0,2332,4915927,1434,4353067,3650,8937844
2022-01-17 15:00:00,3612,4588494,2361.0,4024383,74.0,331119.0,3686,4919613,2435,4355502,6047,8943891
2022-01-18 15:00:00,5271,4593765,4196.0,4028579,102.0,331221.0,5373,4924986,4298,4359800,9569,8953460
2022-01-19 15:00:00,5287,4599052,4459.0,4033038,99.0,331320.0,5386,4930372,4558,4364358,9845,8963305
2022-01-20 15:00:00,4518,4603570,3614.0,4036652,176.0,331496.0,4694,4935066,3790,4368148,8308,8971613
2022-01-21 15:00:00,5588,4609158,2924.0,4039576,126.0,331622.0,5714,4940780,3050,4371198,8638,8980251
2022-01-22 15:00:00,3456,4612614,1722.0,4041298,134.0,331756.0,3590,4944370,1856,4373054,5312,8985563
2022-01-23 15:00:00,2034,4614648,1493.0,4042791,30.0,331786.0,2064,4946434,1523,4374577,3557,8989120
2022-01-24 15:00:00,4120,4618768,2766.0,4045557,88.0,331874.0,4208,4950642,2854,4377431,6974,8996094
2022-01-25 15:00:00,3792,4622560,3304.0,4048861,94.0,331968.0,3886,4954528,3398,4380829,7190,9003284
2022-01-26 15:00:00,3855,4626415,3682.0,4052543,94.0,332062.0,3949,4958477,3776,4384605,7631,9010915
2022-01-27 15:00:00,3762,4630177,3857.0,4056400,187.0,332249.0,3949,4962426,4044,4388649,7806,9018721
2022-01-28 15:00:00,3837,4634014,3210.0,4059610,75.0,332324.0,3912,4966338,3285,4391934,7122,9025843
2022-01-29 15:00:00,2298,4636312,2265.0,4061875,117.0,332441.0,2415,4968753,2382,4394316,4680,9030523
2022-01-30 15:00:00,1553,4637865,1602.0,4063477,16.0,332457.0,1569,4970322,1618,4395934,3171,9033694
2022-01-31 15:00:00,2978,4640843,3154.0,4066631,58.0,332515.0,3036,4973358,3212,4399146,6190,9039884
2022-02-01 15:00:00,2638,4643481,3385.0,4070016,75.0,332590.0,2713,4976071,3460,4402606,6098,9045982
2022-02-02 15:00:00,2816,4646297,3710.0,4073726,74.0,332664.0,2890,4978961,3784,4406390,6600,9052582
2022-02-03 15:00:00,2740,4649037,3628.0,4077354,41.0,332705.0,2781,4981742,3669,4410059,6409,9058991
2022-02-04 15:00:00,2744,4651781,4314.0,4081668,127.0,332832.0,2871,4984613,4441,4414500,7185,9066176
2022-02-05 15:00:00,1905,4653686,2849.0,4084517,112.0,332944.0,2017,4986630,2961,4417461,4866,9071042
2022-02-06 15:00:00,1050,4654736,1321.0,4085838,24.0,332968.0,1074,4987704,1345,4418806,2395,9073437
2022-02-07 15:00:00,1994,4656730,2608.0,4088446,46.0,333014.0,2040,4989744,2654,4421460,4648,9078085
2022-02-08 15:00:00,2027,4658757,2939.0,4091385,60.0,333074.0,2087,4991831,2999,4424459,5026,9083111
2022-02-09 15:00:00,1159,4659916,1618.0,4093003,45.0,333119.0,1204,4993035,1663,4426122,2822,9085933
