VACCINATION_DATE,FirstDailyDose,FirstDoseCumulative,SecondDailyDose,SecondDoseCumulative,SingleDailyDose,SingleDoseCumulative,AtleastOneVaccine,AtleastOneVaccineCumulative,CompletedVax,CompletedVaxCumulative,FirstSecondSingleVaccinations,FirstSecondSingleVaccinationsCumulative
2020-12-14 15:00:00,19,1436,,528,,,19,1436,0,528,19,1860
2020-12-15 15:00:00,61,1497,3.0,531,,,61,1497,3,531,64,1924
2020-12-16 15:00:00,596,2093,5.0,536,,,596,2093,5,536,601,2525
2020-12-17 15:00:00,1165,3258,8.0,544,,,1165,3258,8,544,1173,3698
2020-12-18 15:00:00,3027,6285,12.0,556,,,3027,6285,12,556,3039,6737
2020-12-19 15:00:00,929,7214,7.0,563,,,929,7214,7,563,936,7673
2020-12-20 15:00:00,365,7579,6.0,569,,,365,7579,6,569,371,8044
2020-12-21 15:00:00,3892,11471,27.0,596,,,3892,11471,27,596,3919,11963
2020-12-22 15:00:00,6325,17796,28.0,624,,,6325,17796,28,624,6353,18316
2020-12-23 15:00:00,5789,23585,37.0,661,,,5789,23585,37,661,5826,24142
2020-12-24 15:00:00,2729,26314,15.0,676,,,2729,26314,15,676,2744,26886
2020-12-25 15:00:00,1035,27349,4.0,680,,,1035,27349,4,680,1039,27925
2020-12-26 15:00:00,1883,29232,10.0,690,,,1883,29232,10,690,1893,29818
2020-12-27 15:00:00,1803,31035,12.0,702,,,1803,31035,12,702,1815,31633
2020-12-28 15:00:00,8987,40022,51.0,753,,,8987,40022,51,753,9038,40671
2020-12-29 15:00:00,10974,50996,53.0,806,,,10974,50996,53,806,11027,51698
2020-12-30 15:00:00,12498,63494,92.0,898,,,12498,63494,92,898,12590,64288
2020-12-31 15:00:00,7558,71052,47.0,945,,,7558,71052,47,945,7605,71893
2021-01-01 15:00:00,3332,74384,145.0,1090,,,3332,74384,145,1090,3477,75370
2021-01-02 15:00:00,3050,77434,34.0,1124,,,3050,77434,34,1124,3084,78454
2021-01-03 15:00:00,3412,80846,82.0,1206,,,3412,80846,82,1206,3494,81948
2021-01-04 15:00:00,13368,94214,337.0,1543,,,13368,94214,337,1543,13705,95653
2021-01-05 15:00:00,12490,106704,550.0,2093,,,12490,106704,550,2093,13040,108693
2021-01-06 15:00:00,15273,121977,868.0,2961,,,15273,121977,868,2961,16141,124834
2021-01-07 15:00:00,15051,137028,1778.0,4739,,,15051,137028,1778,4739,16829,141663
2021-01-08 15:00:00,24019,161047,2788.0,7527,,,24019,161047,2788,7527,26807,168470
2021-01-09 15:00:00,5177,166224,956.0,8483,,,5177,166224,956,8483,6133,174603
2021-01-10 15:00:00,2973,169197,386.0,8869,,,2973,169197,386,8869,3359,177962
2021-01-11 15:00:00,13737,182934,3476.0,12345,,,13737,182934,3476,12345,17213,195175
2021-01-12 15:00:00,17399,200333,5594.0,17939,,,17399,200333,5594,17939,22993,218168
2021-01-13 15:00:00,18626,218959,3934.0,21873,,,18626,218959,3934,21873,22560,240728
2021-01-14 15:00:00,17869,236828,1964.0,23837,,,17869,236828,1964,23837,19833,260561
2021-01-15 15:00:00,19492,256320,2032.0,25869,,,19492,256320,2032,25869,21524,282085
2021-01-16 15:00:00,5841,262161,1618.0,27487,,,5841,262161,1618,27487,7459,289544
2021-01-17 15:00:00,2125,264286,1480.0,28967,,,2125,264286,1480,28967,3605,293149
2021-01-18 15:00:00,7081,271367,3266.0,32233,,,7081,271367,3266,32233,10347,303496
2021-01-19 15:00:00,16956,288323,5412.0,37645,,,16956,288323,5412,37645,22368,325864
2021-01-20 15:00:00,21013,309336,5329.0,42974,,,21013,309336,5329,42974,26342,352206
2021-01-21 15:00:00,23819,333155,3855.0,46829,,,23819,333155,3855,46829,27674,379880
2021-01-22 15:00:00,28662,361817,3762.0,50591,,,28662,361817,3762,50591,32424,412304
2021-01-23 15:00:00,10127,371944,1945.0,52536,,,10127,371944,1945,52536,12072,424376
2021-01-24 15:00:00,3359,375303,1723.0,54259,,,3359,375303,1723,54259,5082,429458
2021-01-25 15:00:00,16312,391615,8613.0,62872,,,16312,391615,8613,62872,24925,454383
2021-01-26 15:00:00,17565,409180,8980.0,71852,,,17565,409180,8980,71852,26545,480928
2021-01-27 15:00:00,24443,433623,12562.0,84414,,,24443,433623,12562,84414,37005,517933
2021-01-28 15:00:00,22665,456288,9333.0,93747,,,22665,456288,9333,93747,31998,549931
2021-01-29 15:00:00,24787,481075,7933.0,101680,,,24787,481075,7933,101680,32720,582651
2021-01-30 15:00:00,17781,498856,2570.0,104250,,,17781,498856,2570,104250,20351,603002
2021-01-31 15:00:00,3765,502621,1373.0,105623,,,3765,502621,1373,105623,5138,608140
2021-02-01 15:00:00,8145,510766,5407.0,111030,,,8145,510766,5407,111030,13552,621692
2021-02-02 15:00:00,12517,523283,13832.0,124862,,,12517,523283,13832,124862,26349,648041
2021-02-03 15:00:00,18264,541547,18144.0,143006,,,18264,541547,18144,143006,36408,684449
2021-02-04 15:00:00,22141,563688,15803.0,158809,,,22141,563688,15803,158809,37944,722393
2021-02-05 15:00:00,20414,584102,17446.0,176255,,,20414,584102,17446,176255,37860,760253
2021-02-06 15:00:00,11377,595479,14535.0,190790,,,11377,595479,14535,190790,25912,786165
2021-02-07 15:00:00,5990,601469,1945.0,192735,,,5990,601469,1945,192735,7935,794100
2021-02-08 15:00:00,13012,614481,12981.0,205716,,,13012,614481,12981,205716,25993,820093
2021-02-09 15:00:00,16665,631146,13883.0,219599,,,16665,631146,13883,219599,30548,850641
2021-02-10 15:00:00,19325,650471,21317.0,240916,,,19325,650471,21317,240916,40642,891283
2021-02-11 15:00:00,22948,673419,17384.0,258300,,,22948,673419,17384,258300,40332,931615
2021-02-12 15:00:00,20439,693858,19672.0,277972,,,20439,693858,19672,277972,40111,971726
2021-02-13 15:00:00,11468,705326,6423.0,284395,,,11468,705326,6423,284395,17891,989617
2021-02-14 15:00:00,7121,712447,2137.0,286532,,,7121,712447,2137,286532,9258,998875
2021-02-15 15:00:00,11771,724218,13346.0,299878,,,11771,724218,13346,299878,25117,1023992
2021-02-16 15:00:00,16653,740871,21030.0,320908,,,16653,740871,21030,320908,37683,1061675
2021-02-17 15:00:00,20681,761552,26386.0,347294,,,20681,761552,26386,347294,47067,1108742
2021-02-18 15:00:00,3201,764753,4624.0,351918,,,3201,764753,4624,351918,7825,1116567
2021-02-19 15:00:00,10261,775014,19930.0,371848,,,10261,775014,19930,371848,30191,1146758
2021-02-20 15:00:00,10320,785334,20303.0,392151,,,10320,785334,20303,392151,30623,1177381
2021-02-21 15:00:00,6190,791524,7664.0,399815,,,6190,791524,7664,399815,13854,1191235
2021-02-22 15:00:00,8037,799561,15488.0,415303,,,8037,799561,15488,415303,23525,1214760
2021-02-23 15:00:00,15544,815105,15980.0,431283,,,15544,815105,15980,431283,31524,1246284
2021-02-24 15:00:00,17999,833104,24846.0,456129,,,17999,833104,24846,456129,42845,1289129
2021-02-25 15:00:00,20390,853494,26584.0,482713,,,20390,853494,26584,482713,46974,1336103
2021-02-26 15:00:00,26700,880194,26277.0,508990,,,26700,880194,26277,508990,52977,1389080
2021-02-27 15:00:00,16031,896225,11162.0,520152,,,16031,896225,11162,520152,27193,1416273
2021-02-28 15:00:00,15523,911748,4891.0,525043,,,15523,911748,4891,525043,20414,1436687
2021-03-01 15:00:00,27153,938901,12652.0,537695,,,27153,938901,12652,537695,39805,1476492
2021-03-02 15:00:00,23988,962889,13300.0,550995,36.0,36.0,24024,962925,13336,551031,37324,1513816
2021-03-03 15:00:00,30231,993120,18415.0,569410,190.0,226.0,30421,993346,18605,569636,48836,1562652
2021-03-04 15:00:00,31003,1024123,18253.0,587663,4068.0,4294.0,35071,1028417,22321,591957,53324,1615976
2021-03-05 15:00:00,30080,1054203,19762.0,607425,4909.0,9203.0,34989,1063406,24671,616628,54751,1670727
2021-03-06 15:00:00,18990,1073193,9537.0,616962,6010.0,15213.0,25000,1088406,15547,632175,34537,1705264
2021-03-07 15:00:00,12150,1085343,4929.0,621891,6610.0,21823.0,18760,1107166,11539,643714,23689,1728953
2021-03-08 15:00:00,25924,1111267,8859.0,630750,8274.0,30097.0,34198,1141364,17133,660847,43057,1772010
2021-03-09 15:00:00,26143,1137410,15494.0,646244,8343.0,38440.0,34486,1175850,23837,684684,49980,1821990
2021-03-10 15:00:00,29885,1167295,16048.0,662292,7937.0,46377.0,37822,1213672,23985,708669,53870,1875860
2021-03-11 15:00:00,36010,1203305,16419.0,678711,3982.0,50359.0,39992,1253664,20401,729070,56411,1932271
2021-03-12 15:00:00,36904,1240209,18151.0,696862,2929.0,53288.0,39833,1293497,21080,750150,57984,1990255
2021-03-13 15:00:00,22669,1262878,10332.0,707194,1629.0,54917.0,24298,1317795,11961,762111,34630,2024885
2021-03-14 15:00:00,17833,1280711,6737.0,713931,1009.0,55926.0,18842,1336637,7746,769857,25579,2050464
2021-03-15 15:00:00,29883,1310594,11358.0,725289,598.0,56524.0,30481,1367118,11956,781813,41839,2092303
2021-03-16 15:00:00,33474,1344068,13588.0,738877,770.0,57294.0,34244,1401362,14358,796171,47832,2140135
2021-03-17 15:00:00,37621,1381689,17077.0,755954,1181.0,58475.0,38802,1440164,18258,814429,55879,2196014
2021-03-18 15:00:00,41472,1423161,12687.0,768641,1354.0,59829.0,42826,1482990,14041,828470,55513,2251527
2021-03-19 15:00:00,38383,1461544,15436.0,784077,1045.0,60874.0,39428,1522418,16481,844951,54864,2306391
2021-03-20 15:00:00,24725,1486269,10227.0,794304,705.0,61579.0,25430,1547848,10932,855883,35657,2342048
2021-03-21 15:00:00,19189,1505458,7902.0,802206,341.0,61920.0,19530,1567378,8243,864126,27432,2369480
2021-03-22 15:00:00,32603,1538061,11508.0,813714,835.0,62755.0,33438,1600816,12343,876469,44946,2414426
2021-03-23 15:00:00,38407,1576468,17855.0,831569,1556.0,64311.0,39963,1640779,19411,895880,57818,2472244
2021-03-24 15:00:00,41085,1617553,21250.0,852819,1387.0,65698.0,42472,1683251,22637,918517,63722,2535966
2021-03-25 15:00:00,42904,1660457,21729.0,874548,2456.0,68154.0,45360,1728611,24185,942702,67089,2603055
2021-03-26 15:00:00,36374,1696831,26715.0,901263,2495.0,70649.0,38869,1767480,29210,971912,65584,2668639
2021-03-27 15:00:00,26471,1723302,17322.0,918585,2491.0,73140.0,28962,1796442,19813,991725,46284,2714923
2021-03-28 15:00:00,17010,1740312,12685.0,931270,1615.0,74755.0,18625,1815067,14300,1006025,31310,2746233
2021-03-29 15:00:00,29719,1770031,26388.0,957658,1142.0,75897.0,30861,1845928,27530,1033555,57249,2803482
2021-03-30 15:00:00,40059,1810090,29082.0,986740,1866.0,77763.0,41925,1887853,30948,1064503,71007,2874489
2021-03-31 15:00:00,41021,1851111,34745.0,1021485,5750.0,83513.0,46771,1934624,40495,1104998,81516,2956005
2021-04-01 15:00:00,42423,1893534,41142.0,1062627,5753.0,89266.0,48176,1982800,46895,1151893,89318,3045323
2021-04-02 15:00:00,34921,1928455,32734.0,1095361,6131.0,95397.0,41052,2023852,38865,1190758,73786,3119109
2021-04-03 15:00:00,21165,1949620,19233.0,1114594,4393.0,99790.0,25558,2049410,23626,1214384,44791,3163900
2021-04-04 15:00:00,8296,1957916,10221.0,1124815,967.0,100757.0,9263,2058673,11188,1225572,19484,3183384
2021-04-05 15:00:00,27950,1985866,28977.0,1153792,6661.0,107418.0,34611,2093284,35638,1261210,63588,3246972
2021-04-06 15:00:00,39796,2025662,30510.0,1184302,10502.0,117920.0,50298,2143582,41012,1302222,80808,3327780
2021-04-07 15:00:00,36104,2061766,34359.0,1218661,12999.0,130919.0,49103,2192685,47358,1349580,83462,3411242
2021-04-08 15:00:00,42359,2104125,36157.0,1254818,13871.0,144790.0,56230,2248915,50028,1399608,92387,3503629
2021-04-09 15:00:00,34071,2138196,36339.0,1291157,14533.0,159323.0,48604,2297519,50872,1450480,84943,3588572
2021-04-10 15:00:00,23476,2161672,23158.0,1314315,7642.0,166965.0,31118,2328637,30800,1481280,54276,3642848
2021-04-11 15:00:00,17582,2179254,13288.0,1327603,10124.0,177089.0,27706,2356343,23412,1504692,40994,3683842
2021-04-12 15:00:00,24582,2203836,33254.0,1360857,10904.0,187993.0,35486,2391829,44158,1548850,68740,3752582
2021-04-13 15:00:00,126153,2329989,91310.0,1452167,3293.0,191286.0,129446,2521275,94603,1643453,220756,3973338
2021-04-14 15:00:00,40727,2370716,37842.0,1490009,213.0,191499.0,40940,2562215,38055,1681508,78782,4052120
2021-04-15 15:00:00,41416,2412132,39573.0,1529582,176.0,191675.0,41592,2603807,39749,1721257,81165,4133285
2021-04-16 15:00:00,37145,2449277,38890.0,1568472,24.0,191699.0,37169,2640976,38914,1760171,76059,4209344
2021-04-17 15:00:00,32812,2482089,22037.0,1590509,13.0,191712.0,32825,2673801,22050,1782221,54862,4264206
2021-04-18 15:00:00,20065,2502154,16206.0,1606715,5.0,191717.0,20070,2693871,16211,1798432,36276,4300482
2021-04-19 15:00:00,29885,2532039,36566.0,1643281,61.0,191778.0,29946,2723817,36627,1835059,66512,4366994
2021-04-20 15:00:00,32934,2564973,44489.0,1687770,58.0,191836.0,32992,2756809,44547,1879606,77481,4444475
2021-04-21 15:00:00,39834,2604807,47080.0,1734850,26.0,191862.0,39860,2796669,47106,1926712,86940,4531415
2021-04-22 15:00:00,35853,2640660,42693.0,1777543,16.0,191878.0,35869,2832538,42709,1969421,78562,4609977
2021-04-23 15:00:00,33148,2673808,40167.0,1817710,14.0,191892.0,33162,2865700,40181,2009602,73329,4683306
2021-04-24 15:00:00,26415,2700223,27924.0,1845634,81.0,191973.0,26496,2892196,28005,2037607,54420,4737726
2021-04-25 15:00:00,20219,2720442,10994.0,1856628,31.0,192004.0,20250,2912446,11025,2048632,31244,4768970
2021-04-26 15:00:00,27383,2747825,32756.0,1889384,201.0,192205.0,27584,2940030,32957,2081589,60340,4829310
2021-04-27 15:00:00,26677,2774502,33099.0,1922483,1097.0,193302.0,27774,2967804,34196,2115785,60873,4890183
2021-04-28 15:00:00,28926,2803428,39560.0,1962043,1367.0,194669.0,30293,2998097,40927,2156712,69853,4960036
2021-04-29 15:00:00,27070,2830498,39773.0,2001816,1463.0,196132.0,28533,3026630,41236,2197948,68306,5028342
2021-04-30 15:00:00,28201,2858699,32303.0,2034119,1649.0,197781.0,29850,3056480,33952,2231900,62153,5090495
2021-05-01 15:00:00,20739,2879438,26739.0,2060858,1054.0,198835.0,21793,3078273,27793,2259693,48532,5139027
2021-05-02 15:00:00,10269,2889707,17073.0,2077931,823.0,199658.0,11092,3089365,17896,2277589,28165,5167192
2021-05-03 15:00:00,12732,2902439,28617.0,2106548,1917.0,201575.0,14649,3104014,30534,2308123,43266,5210458
2021-05-04 15:00:00,13562,2916001,38639.0,2145187,1741.0,203316.0,15303,3119317,40380,2348503,53942,5264400
2021-05-05 15:00:00,19319,2935320,37775.0,2182962,1921.0,205237.0,21240,3140557,39696,2388199,59015,5323415
2021-05-06 15:00:00,16925,2952245,40597.0,2223559,1721.0,206958.0,18646,3159203,42318,2430517,59243,5382658
2021-05-07 15:00:00,17585,2969830,37015.0,2260574,1959.0,208917.0,19544,3178747,38974,2469491,56559,5439217
2021-05-08 15:00:00,10796,2980626,31226.0,2291800,1291.0,210208.0,12087,3190834,32517,2502008,43313,5482530
2021-05-09 15:00:00,5077,2985703,12251.0,2304051,695.0,210903.0,5772,3196606,12946,2514954,18023,5500553
2021-05-10 15:00:00,8956,2994659,31055.0,2335106,1362.0,212265.0,10318,3206924,32417,2547371,41373,5541926
2021-05-11 15:00:00,12187,3006846,30291.0,2365397,1442.0,213707.0,13629,3220553,31733,2579104,43920,5585846
2021-05-12 15:00:00,13949,3020795,38636.0,2404033,1917.0,215624.0,15866,3236419,40553,2619657,54502,5640348
2021-05-13 15:00:00,21840,3042635,33521.0,2437554,1347.0,216971.0,23187,3259606,34868,2654525,56708,5697056
2021-05-14 15:00:00,24397,3067032,30062.0,2467616,1774.0,218745.0,26171,3285777,31836,2686361,56233,5753289
2021-05-15 15:00:00,21950,3088982,25115.0,2492731,1490.0,220235.0,23440,3309217,26605,2712966,48555,5801844
2021-05-16 15:00:00,9091,3098073,17586.0,2510317,1113.0,221348.0,10204,3319421,18699,2731665,27790,5829634
2021-05-17 15:00:00,16837,3114910,28413.0,2538730,1950.0,223298.0,18787,3338208,30363,2762028,47200,5876834
2021-05-18 15:00:00,21265,3136175,30695.0,2569425,1943.0,225241.0,23208,3361416,32638,2794666,53903,5930737
2021-05-19 15:00:00,27666,3163841,32434.0,2601859,1633.0,226874.0,29299,3390715,34067,2828733,61733,5992470
2021-05-20 15:00:00,20808,3184649,33278.0,2635137,1965.0,228839.0,22773,3413488,35243,2863976,56051,6048521
2021-05-21 15:00:00,19163,3203812,30363.0,2665500,1609.0,230448.0,20772,3434260,31972,2895948,51135,6099656
2021-05-22 15:00:00,16941,3220753,20698.0,2686198,1270.0,231718.0,18211,3452471,21968,2917916,38909,6138565
2021-05-23 15:00:00,8817,3229570,11451.0,2697649,965.0,232683.0,9782,3462253,12416,2930332,21233,6159798
2021-05-24 15:00:00,13571,3243141,17780.0,2715429,1473.0,234156.0,15044,3477297,19253,2949585,32824,6192622
2021-05-25 15:00:00,13076,3256217,18721.0,2734150,1329.0,235485.0,14405,3491702,20050,2969635,33126,6225748
2021-05-26 15:00:00,18310,3274527,19521.0,2753671,1512.0,236997.0,19822,3511524,21033,2990668,39343,6265091
2021-05-27 15:00:00,11688,3286215,18675.0,2772346,1117.0,238114.0,12805,3524329,19792,3010460,31480,6296571
2021-05-28 15:00:00,12418,3298633,19853.0,2792199,1402.0,239516.0,13820,3538149,21255,3031715,33673,6330244
2021-05-29 15:00:00,9517,3308150,11727.0,2803926,937.0,240453.0,10454,3548603,12664,3044379,22181,6352425
2021-05-30 15:00:00,4968,3313118,6438.0,2810364,596.0,241049.0,5564,3554167,7034,3051413,12002,6364427
2021-05-31 15:00:00,1779,3314897,3713.0,2814077,305.0,241354.0,2084,3556251,4018,3055431,5797,6370224
2021-06-01 15:00:00,9867,3324764,16462.0,2830539,1160.0,242514.0,11027,3567278,17622,3073053,27489,6397713
2021-06-02 15:00:00,10236,3335000,16823.0,2847362,961.0,243475.0,11197,3578475,17784,3090837,28020,6425733
2021-06-03 15:00:00,7897,3342897,21192.0,2868554,1088.0,244563.0,8985,3587460,22280,3113117,30177,6455910
2021-06-04 15:00:00,8198,3351095,22362.0,2890916,1120.0,245683.0,9318,3596778,23482,3136599,31680,6487590
2021-06-05 15:00:00,7000,3358095,19477.0,2910393,720.0,246403.0,7720,3604498,20197,3156796,27197,6514787
2021-06-06 15:00:00,3455,3361550,7255.0,2917648,425.0,246828.0,3880,3608378,7680,3164476,11135,6525922
2021-06-07 15:00:00,6858,3368408,15794.0,2933442,725.0,247553.0,7583,3615961,16519,3180995,23377,6549299
2021-06-08 15:00:00,6671,3375079,19735.0,2953177,831.0,248384.0,7502,3623463,20566,3201561,27237,6576536
2021-06-09 15:00:00,8202,3383281,23991.0,2977168,969.0,249353.0,9171,3632634,24960,3226521,33162,6609698
2021-06-10 15:00:00,7151,3390432,19143.0,2996311,895.0,250248.0,8046,3640680,20038,3246559,27189,6636887
2021-06-11 15:00:00,7491,3397923,17726.0,3014037,1125.0,251373.0,8616,3649296,18851,3265410,26342,6663229
2021-06-12 15:00:00,5243,3403166,14770.0,3028807,605.0,251978.0,5848,3655144,15375,3280785,20618,6683847
2021-06-13 15:00:00,1947,3405113,7634.0,3036441,427.0,252405.0,2374,3657518,8061,3288846,10008,6693855
2021-06-14 15:00:00,5656,3410769,11825.0,3048266,733.0,253138.0,6389,3663907,12558,3301404,18214,6712069
2021-06-15 15:00:00,5645,3416414,14347.0,3062613,874.0,254012.0,6519,3670426,15221,3316625,20866,6732935
2021-06-16 15:00:00,8756,3425170,21595.0,3084208,757.0,254769.0,9513,3679939,22352,3338977,31108,6764043
2021-06-17 15:00:00,6690,3431860,12366.0,3096574,720.0,255489.0,7410,3687349,13086,3352063,19776,6783819
2021-06-18 15:00:00,6836,3438696,12742.0,3109316,702.0,256191.0,7538,3694887,13444,3365507,20280,6804099
2021-06-19 15:00:00,4658,3443354,9387.0,3118703,615.0,256806.0,5273,3700160,10002,3375509,14660,6818759
2021-06-20 15:00:00,2503,3445857,5060.0,3123763,377.0,257183.0,2880,3703040,5437,3380946,7940,6826699
2021-06-21 15:00:00,5566,3451423,5338.0,3129101,635.0,257818.0,6201,3709241,5973,3386919,11539,6838238
2021-06-22 15:00:00,5345,3456768,9057.0,3138158,693.0,258511.0,6038,3715279,9750,3396669,15095,6853333
2021-06-23 15:00:00,6079,3462847,10340.0,3148498,646.0,259157.0,6725,3722004,10986,3407655,17065,6870398
2021-06-24 15:00:00,5936,3468783,8202.0,3156700,595.0,259752.0,6531,3728535,8797,3416452,14733,6885131
2021-06-25 15:00:00,5828,3474611,8669.0,3165369,620.0,260372.0,6448,3734983,9289,3425741,15117,6900248
2021-06-26 15:00:00,3707,3478318,6306.0,3171675,398.0,260770.0,4105,3739088,6704,3432445,10411,6910659
2021-06-27 15:00:00,2810,3481128,3525.0,3175200,185.0,260955.0,2995,3742083,3710,3436155,6520,6917179
2021-06-28 15:00:00,4922,3486050,6392.0,3181592,539.0,261494.0,5461,3747544,6931,3443086,11853,6929032
2021-06-29 15:00:00,5062,3491112,6481.0,3188073,523.0,262017.0,5585,3753129,7004,3450090,12066,6941098
2021-06-30 15:00:00,5627,3496739,7390.0,3195463,606.0,262623.0,6233,3759362,7996,3458086,13623,6954721
2021-07-01 15:00:00,5425,3502164,6994.0,3202457,504.0,263127.0,5929,3765291,7498,3465584,12923,6967644
2021-07-02 15:00:00,5295,3507459,6846.0,3209303,527.0,263654.0,5822,3771113,7373,3472957,12668,6980312
2021-07-03 15:00:00,3274,3510733,4069.0,3213372,264.0,263918.0,3538,3774651,4333,3477290,7607,6987919
2021-07-04 15:00:00,494,3511227,550.0,3213922,69.0,263987.0,563,3775214,619,3477909,1113,6989032
2021-07-05 15:00:00,3771,3514998,3953.0,3217875,287.0,264274.0,4058,3779272,4240,3482149,8011,6997043
2021-07-06 15:00:00,4497,3519495,6282.0,3224157,455.0,264729.0,4952,3784224,6737,3488886,11234,7008277
2021-07-07 15:00:00,4471,3523966,6414.0,3230571,483.0,265212.0,4954,3789178,6897,3495783,11368,7019645
2021-07-08 15:00:00,4840,3528806,6181.0,3236752,564.0,265776.0,5404,3794582,6745,3502528,11585,7031230
2021-07-09 15:00:00,5368,3534174,6676.0,3243428,573.0,266349.0,5941,3800523,7249,3509777,12617,7043847
2021-07-10 15:00:00,3522,3537696,4407.0,3247835,305.0,266654.0,3827,3804350,4712,3514489,8234,7052081
2021-07-11 15:00:00,2681,3540377,2574.0,3250409,226.0,266880.0,2907,3807257,2800,3517289,5481,7057562
2021-07-12 15:00:00,4426,3544803,5133.0,3255542,379.0,267259.0,4805,3812062,5512,3522801,9938,7067500
2021-07-13 15:00:00,4667,3549470,4724.0,3260266,366.0,267625.0,5033,3817095,5090,3527891,9757,7077257
2021-07-14 15:00:00,4626,3554096,5287.0,3265553,422.0,268047.0,5048,3822143,5709,3533600,10335,7087592
2021-07-15 15:00:00,4912,3559008,5017.0,3270570,358.0,268405.0,5270,3827413,5375,3538975,10287,7097879
2021-07-16 15:00:00,6275,3565283,5850.0,3276420,405.0,268810.0,6680,3834093,6255,3545230,12530,7110409
2021-07-17 15:00:00,3417,3568700,3552.0,3279972,303.0,269113.0,3720,3837813,3855,3549085,7272,7117681
2021-07-18 15:00:00,2311,3571011,2383.0,3282355,110.0,269223.0,2421,3840234,2493,3551578,4804,7122485
2021-07-19 15:00:00,5144,3576155,4613.0,3286968,383.0,269606.0,5527,3845761,4996,3556574,10140,7132625
2021-07-20 15:00:00,5342,3581497,4725.0,3291693,367.0,269973.0,5709,3851470,5092,3561666,10434,7143059
2021-07-21 15:00:00,5666,3587163,4954.0,3296647,416.0,270389.0,6082,3857552,5370,3567036,11036,7154095
2021-07-22 15:00:00,6033,3593196,4643.0,3301290,472.0,270861.0,6505,3864057,5115,3572151,11148,7165243
2021-07-23 15:00:00,6847,3600043,4848.0,3306138,499.0,271360.0,7346,3871403,5347,3577498,12194,7177437
2021-07-24 15:00:00,4282,3604325,3208.0,3309346,267.0,271627.0,4549,3875952,3475,3580973,7757,7185194
2021-07-25 15:00:00,3299,3607624,1121.0,3310467,140.0,271767.0,3439,3879391,1261,3582234,4560,7189754
2021-07-26 15:00:00,6218,3613842,3912.0,3314379,419.0,272186.0,6637,3886028,4331,3586565,10549,7200303
2021-07-27 15:00:00,6605,3620447,4291.0,3318670,458.0,272644.0,7063,3893091,4749,3591314,11354,7211657
2021-07-28 15:00:00,7091,3627538,4148.0,3322818,460.0,273104.0,7551,3900642,4608,3595922,11699,7223356
2021-07-29 15:00:00,7082,3634620,4312.0,3327130,419.0,273523.0,7501,3908143,4731,3600653,11813,7235169
2021-07-30 15:00:00,7823,3642443,4815.0,3331945,527.0,274050.0,8350,3916493,5342,3605995,13165,7248334
2021-07-31 15:00:00,4793,3647236,3084.0,3335029,274.0,274324.0,5067,3921560,3358,3609353,8151,7256485
2021-08-01 15:00:00,3898,3651134,2174.0,3337203,164.0,274488.0,4062,3925622,2338,3611691,6236,7262721
2021-08-02 15:00:00,7273,3658407,3850.0,3341053,341.0,274829.0,7614,3933236,4191,3615882,11464,7274185
2021-08-03 15:00:00,7269,3665676,4107.0,3345160,517.0,275346.0,7786,3941022,4624,3620506,11893,7286078
2021-08-04 15:00:00,7428,3673104,4124.0,3349284,536.0,275882.0,7964,3948986,4660,3625166,12088,7298166
2021-08-05 15:00:00,7958,3681062,4303.0,3353587,539.0,276421.0,8497,3957483,4842,3630008,12800,7310966
2021-08-06 15:00:00,8331,3689393,4740.0,3358327,454.0,276875.0,8785,3966268,5194,3635202,13525,7324491
2021-08-07 15:00:00,5301,3694694,2844.0,3361171,264.0,277139.0,5565,3971833,3108,3638310,8409,7332900
2021-08-08 15:00:00,3977,3698671,2064.0,3363235,144.0,277283.0,4121,3975954,2208,3640518,6185,7339085
2021-08-09 15:00:00,6957,3705628,4564.0,3367799,370.0,277653.0,7327,3983281,4934,3645452,11891,7350976
2021-08-10 15:00:00,7170,3712798,4486.0,3372285,339.0,277992.0,7509,3990790,4825,3650277,11995,7362971
2021-08-11 15:00:00,7083,3719881,4449.0,3376734,443.0,278435.0,7526,3998316,4892,3655169,11975,7374946
2021-08-12 15:00:00,8635,3728516,4758.0,3381492,445.0,278880.0,9080,4007396,5203,3660372,13838,7388784
2021-08-13 15:00:00,7152,3735668,5387.0,3386879,397.0,279277.0,7549,4014945,5784,3666156,12936,7401720
2021-08-14 15:00:00,4920,3740588,3345.0,3390224,285.0,279562.0,5205,4020150,3630,3669786,8550,7410270
2021-08-15 15:00:00,3328,3743916,2739.0,3392963,163.0,279725.0,3491,4023641,2902,3672688,6230,7416500
2021-08-16 15:00:00,5454,3749370,5096.0,3398059,354.0,280079.0,5808,4029449,5450,3678138,10904,7427404
2021-08-17 15:00:00,6822,3756192,5365.0,3403424,391.0,280470.0,7213,4036662,5756,3683894,12578,7439982
2021-08-18 15:00:00,6327,3762519,5513.0,3408937,481.0,280951.0,6808,4043470,5994,3689888,12321,7452303
2021-08-19 15:00:00,6216,3768735,5556.0,3414493,417.0,281368.0,6633,4050103,5973,3695861,12189,7464492
2021-08-20 15:00:00,6845,3775580,6553.0,3421046,401.0,281769.0,7246,4057349,6954,3702815,13799,7478291
2021-08-21 15:00:00,4336,3779916,3918.0,3424964,229.0,281998.0,4565,4061914,4147,3706962,8483,7486774
2021-08-22 15:00:00,3060,3782976,3172.0,3428136,110.0,282108.0,3170,4065084,3282,3710244,6342,7493116
2021-08-23 15:00:00,5994,3788970,6105.0,3434241,287.0,282395.0,6281,4071365,6392,3716636,12386,7505502
2021-08-24 15:00:00,6546,3795516,6067.0,3440308,425.0,282820.0,6971,4078336,6492,3723128,13038,7518540
2021-08-25 15:00:00,6722,3802238,6224.0,3446532,441.0,283261.0,7163,4085499,6665,3729793,13387,7531927
2021-08-26 15:00:00,6967,3809205,6659.0,3453191,428.0,283689.0,7395,4092894,7087,3736880,14054,7545981
2021-08-27 15:00:00,6829,3816034,7084.0,3460275,317.0,284006.0,7146,4100040,7401,3744281,14230,7560211
2021-08-28 15:00:00,6899,3822933,6527.0,3466802,326.0,284332.0,7225,4107265,6853,3751134,13752,7573963
2021-08-29 15:00:00,3733,3826666,3694.0,3470496,610.0,284942.0,4343,4111608,4304,3755438,8037,7582000
2021-08-30 15:00:00,5925,3832591,6129.0,3476625,960.0,285902.0,6885,4118493,7089,3762527,13014,7595014
2021-08-31 15:00:00,5901,3838492,6072.0,3482697,946.0,286848.0,6847,4125340,7018,3769545,12919,7607933
2021-09-01 15:00:00,5590,3844082,5694.0,3488391,916.0,287764.0,6506,4131846,6610,3776155,12200,7620133
2021-09-02 15:00:00,5541,3849623,5941.0,3494332,709.0,288473.0,6250,4138096,6650,3782805,12191,7632324
2021-09-03 15:00:00,6002,3855625,6938.0,3501270,977.0,289450.0,6979,4145075,7915,3790720,13917,7646241
2021-09-04 15:00:00,3732,3859357,4354.0,3505624,878.0,290328.0,4610,4149685,5232,3795952,8964,7655205
2021-09-05 15:00:00,2956,3862313,2813.0,3508437,106.0,290434.0,3062,4152747,2919,3798871,5875,7661080
2021-09-06 15:00:00,1060,3863373,1159.0,3509596,69.0,290503.0,1129,4153876,1228,3800099,2288,7663368
2021-09-07 15:00:00,5346,3868719,7307.0,3516903,2303.0,292806.0,7649,4161525,9610,3809709,14956,7678324
2021-09-08 15:00:00,4655,3873374,5479.0,3522382,364.0,293170.0,5019,4166544,5843,3815552,10498,7688822
2021-09-09 15:00:00,5018,3878392,5465.0,3527847,324.0,293494.0,5342,4171886,5789,3821341,10807,7699629
2021-09-10 15:00:00,6525,3884917,6664.0,3534511,1719.0,295213.0,8244,4180130,8383,3829724,14908,7714537
2021-09-11 15:00:00,4176,3889093,4341.0,3538852,666.0,295879.0,4842,4184972,5007,3834731,9183,7723720
2021-09-12 15:00:00,3172,3892265,3238.0,3542090,436.0,296315.0,3608,4188580,3674,3838405,6846,7730566
2021-09-13 15:00:00,4883,3897148,5070.0,3547160,346.0,296661.0,5229,4193809,5416,3843821,10299,7740865
2021-09-14 15:00:00,4776,3901924,5445.0,3552605,437.0,297098.0,5213,4199022,5882,3849703,10658,7751523
2021-09-15 15:00:00,5044,3906968,5878.0,3558483,392.0,297490.0,5436,4204458,6270,3855973,11314,7762837
2021-09-16 15:00:00,4810,3911778,5847.0,3564330,336.0,297826.0,5146,4209604,6183,3862156,10993,7773830
2021-09-17 15:00:00,5258,3917036,6583.0,3570913,344.0,298170.0,5602,4215206,6927,3869083,12185,7786015
2021-09-18 15:00:00,3803,3920839,4577.0,3575490,185.0,298355.0,3988,4219194,4762,3873845,8565,7794580
2021-09-19 15:00:00,2741,3923580,3177.0,3578667,75.0,298430.0,2816,4222010,3252,3877097,5993,7800573
2021-09-20 15:00:00,3752,3927332,4678.0,3583345,430.0,298860.0,4182,4226192,5108,3882205,8860,7809433
2021-09-21 15:00:00,3997,3931329,5005.0,3588350,327.0,299187.0,4324,4230516,5332,3887537,9329,7818762
2021-09-22 15:00:00,4196,3935525,4775.0,3593125,459.0,299646.0,4655,4235171,5234,3892771,9430,7828192
2021-09-23 15:00:00,4175,3939700,4730.0,3597855,492.0,300138.0,4667,4239838,5222,3897993,9397,7837589
2021-09-24 15:00:00,5078,3944778,5606.0,3603461,422.0,300560.0,5500,4245338,6028,3904021,11106,7848695
2021-09-25 15:00:00,3624,3948402,3629.0,3607090,384.0,300944.0,4008,4249346,4013,3908034,7637,7856332
2021-09-26 15:00:00,2352,3950754,2665.0,3609755,431.0,301375.0,2783,4252129,3096,3911130,5448,7861780
2021-09-27 15:00:00,4506,3955260,2711.0,3612466,512.0,301887.0,5018,4257147,3223,3914353,7729,7869509
2021-09-28 15:00:00,4398,3959658,4450.0,3616916,211.0,302098.0,4609,4261756,4661,3919014,9059,7878568
2021-09-29 15:00:00,4691,3964349,4506.0,3621422,920.0,303018.0,5611,4267367,5426,3924440,10117,7888685
2021-09-30 15:00:00,4885,3969234,4561.0,3625983,796.0,303814.0,5681,4273048,5357,3929797,10242,7898927
2021-10-01 15:00:00,5507,3974741,5341.0,3631324,785.0,304599.0,6292,4279340,6126,3935923,11633,7910560
2021-10-02 15:00:00,2934,3977675,2895.0,3634219,187.0,304786.0,3121,4282461,3082,3939005,6016,7916576
2021-10-03 15:00:00,2074,3979749,2377.0,3636596,86.0,304872.0,2160,4284621,2463,3941468,4537,7921113
2021-10-04 15:00:00,4024,3983773,3498.0,3640094,232.0,305104.0,4256,4288877,3730,3945198,7754,7928867
2021-10-05 15:00:00,3951,3987724,3659.0,3643753,207.0,305311.0,4158,4293035,3866,3949064,7817,7936684
2021-10-06 15:00:00,4021,3991745,3571.0,3647324,266.0,305577.0,4287,4297322,3837,3952901,7858,7944542
2021-10-07 15:00:00,4234,3995979,3624.0,3650948,331.0,305908.0,4565,4301887,3955,3956856,8189,7952731
2021-10-08 15:00:00,4771,4000750,4283.0,3655231,283.0,306191.0,5054,4306941,4566,3961422,9337,7962068
2021-10-09 15:00:00,2691,4003441,2677.0,3657908,270.0,306461.0,2961,4309902,2947,3964369,5638,7967706
2021-10-10 15:00:00,1861,4005302,1850.0,3659758,59.0,306520.0,1920,4311822,1909,3966278,3770,7971476
2021-10-11 15:00:00,4205,4009507,3315.0,3663073,249.0,306769.0,4454,4316276,3564,3969842,7769,7979245
2021-10-12 15:00:00,3597,4013104,3532.0,3666605,273.0,307042.0,3870,4320146,3805,3973647,7402,7986647
2021-10-13 15:00:00,3970,4017074,3456.0,3670061,346.0,307388.0,4316,4324462,3802,3977449,7772,7994419
2021-10-14 15:00:00,5158,4022232,5492.0,3675553,431.0,307819.0,5589,4330051,5923,3983372,11081,8005500
2021-10-15 15:00:00,4709,4026941,4597.0,3680150,347.0,308166.0,5056,4335107,4944,3988316,9653,8015153
2021-10-16 15:00:00,2494,4029435,2507.0,3682657,291.0,308457.0,2785,4337892,2798,3991114,5292,8020445
2021-10-17 15:00:00,1805,4031240,1774.0,3684431,55.0,308512.0,1860,4339752,1829,3992943,3634,8024079
2021-10-18 15:00:00,4273,4035513,3578.0,3688009,268.0,308780.0,4541,4344293,3846,3996789,8119,8032198
2021-10-19 15:00:00,4299,4039812,4000.0,3692009,223.0,309003.0,4522,4348815,4223,4001012,8522,8040720
2021-10-20 15:00:00,3529,4043341,3419.0,3695428,255.0,309258.0,3784,4352599,3674,4004686,7203,8047923
2021-10-21 15:00:00,3299,4046640,3271.0,3698699,291.0,309549.0,3590,4356189,3562,4008248,6861,8054784
2021-10-22 15:00:00,4677,4051317,4024.0,3702723,477.0,310026.0,5154,4361343,4501,4012749,9178,8063962
2021-10-23 15:00:00,2884,4054201,2108.0,3704831,321.0,310347.0,3205,4364548,2429,4015178,5313,8069275
2021-10-24 15:00:00,2056,4056257,1553.0,3706384,79.0,310426.0,2135,4366683,1632,4016810,3688,8072963
2021-10-25 15:00:00,4545,4060802,3068.0,3709452,320.0,310746.0,4865,4371548,3388,4020198,7933,8080896
2021-10-26 15:00:00,4511,4065313,3074.0,3712526,316.0,311062.0,4827,4376375,3390,4023588,7901,8088797
2021-10-27 15:00:00,4736,4070049,3336.0,3715862,436.0,311498.0,5172,4381547,3772,4027360,8508,8097305
2021-10-28 15:00:00,4559,4074608,3351.0,3719213,502.0,312000.0,5061,4386608,3853,4031213,8412,8105717
2021-10-29 15:00:00,4978,4079586,3911.0,3723124,395.0,312395.0,5373,4391981,4306,4035519,9284,8115001
2021-10-30 15:00:00,2630,4082216,1835.0,3724959,307.0,312702.0,2937,4394918,2142,4037661,4772,8119773
2021-10-31 15:00:00,1936,4084152,1519.0,3726478,93.0,312795.0,2029,4396947,1612,4039273,3548,8123321
2021-11-01 15:00:00,4713,4088865,3421.0,3729899,347.0,313142.0,5060,4402007,3768,4043041,8481,8131802
2021-11-02 15:00:00,4254,4093119,2938.0,3732837,408.0,313550.0,4662,4406669,3346,4046387,7600,8139402
2021-11-03 15:00:00,4668,4097787,3042.0,3735879,464.0,314014.0,5132,4411801,3506,4049893,8174,8147576
2021-11-04 15:00:00,6313,4104100,3365.0,3739244,513.0,314527.0,6826,4418627,3878,4053771,10191,8157767
2021-11-05 15:00:00,8236,4112336,3760.0,3743004,413.0,314940.0,8649,4427276,4173,4057944,12409,8170176
2021-11-06 15:00:00,10169,4122505,1965.0,3744969,308.0,315248.0,10477,4437753,2273,4060217,12442,8182618
2021-11-07 15:00:00,7714,4130219,1462.0,3746431,95.0,315343.0,7809,4445562,1557,4061774,9271,8191889
2021-11-08 15:00:00,11302,4141521,3040.0,3749471,379.0,315722.0,11681,4457243,3419,4065193,14721,8206610
2021-11-09 15:00:00,11762,4153283,2642.0,3752113,269.0,315991.0,12031,4469274,2911,4068104,14673,8221283
2021-11-10 15:00:00,12587,4165870,2751.0,3754864,339.0,316330.0,12926,4482200,3090,4071194,15677,8236960
2021-11-11 15:00:00,11375,4177245,2372.0,3757236,280.0,316610.0,11655,4493855,2652,4073846,14027,8250987
2021-11-12 15:00:00,12288,4189533,3350.0,3760586,548.0,317158.0,12836,4506691,3898,4077744,16186,8267173
2021-11-13 15:00:00,9893,4199426,1591.0,3762177,342.0,317500.0,10235,4516926,1933,4079677,11826,8278999
2021-11-14 15:00:00,3925,4203351,1112.0,3763289,121.0,317621.0,4046,4520972,1233,4080910,5158,8284157
2021-11-15 15:00:00,8625,4211976,2512.0,3765801,208.0,317829.0,8833,4529805,2720,4083630,11345,8295502
2021-11-16 15:00:00,9225,4221201,2506.0,3768307,255.0,318084.0,9480,4539285,2761,4086391,11986,8307488
2021-11-17 15:00:00,9396,4230597,2860.0,3771167,312.0,318396.0,9708,4548993,3172,4089563,12568,8320056
2021-11-18 15:00:00,9275,4239872,2623.0,3773790,481.0,318877.0,9756,4558749,3104,4092667,12379,8332435
2021-11-19 15:00:00,9805,4249677,2905.0,3776695,381.0,319258.0,10186,4568935,3286,4095953,13091,8345526
2021-11-20 15:00:00,10629,4260306,1599.0,3778294,455.0,319713.0,11084,4580019,2054,4098007,12683,8358209
2021-11-21 15:00:00,4342,4264648,1199.0,3779493,100.0,319813.0,4442,4584461,1299,4099306,5641,8363850
2021-11-22 15:00:00,9821,4274469,2481.0,3781974,293.0,320106.0,10114,4594575,2774,4102080,12595,8376445
2021-11-23 15:00:00,9207,4283676,2380.0,3784354,281.0,320387.0,9488,4604063,2661,4104741,11868,8388313
2021-11-24 15:00:00,8155,4291831,2437.0,3786791,216.0,320603.0,8371,4612434,2653,4107394,10808,8399121
2021-11-25 15:00:00,239,4292070,77.0,3786868,10.0,320613.0,249,4612683,87,4107481,326,8399447
2021-11-26 15:00:00,5651,4297721,3950.0,3790818,153.0,320766.0,5804,4618487,4103,4111584,9754,8409201
2021-11-27 15:00:00,3776,4301497,5477.0,3796295,134.0,320900.0,3910,4622397,5611,4117195,9387,8418588
2021-11-28 15:00:00,2412,4303909,6387.0,3802682,77.0,320977.0,2489,4624886,6464,4123659,8876,8427464
2021-11-29 15:00:00,6368,4310277,9281.0,3811963,379.0,321356.0,6747,4631633,9660,4133319,16028,8443492
2021-11-30 15:00:00,6252,4316529,9317.0,3821280,264.0,321620.0,6516,4638149,9581,4142900,15833,8459325
2021-12-01 15:00:00,7304,4323833,9716.0,3830996,308.0,321928.0,7612,4645761,10024,4152924,17328,8476653
2021-12-02 15:00:00,6917,4330750,8793.0,3839789,450.0,322378.0,7367,4653128,9243,4162167,16160,8492813
2021-12-03 15:00:00,7605,4338355,9254.0,3849043,249.0,322627.0,7854,4660982,9503,4171670,17108,8509921
2021-12-04 15:00:00,5950,4344305,10044.0,3859087,466.0,323093.0,6416,4667398,10510,4182180,16460,8526381
2021-12-05 15:00:00,3463,4347768,3285.0,3862372,78.0,323171.0,3541,4670939,3363,4185543,6826,8533207
2021-12-06 15:00:00,6755,4354523,7088.0,3869460,280.0,323451.0,7035,4677974,7368,4192911,14123,8547330
2021-12-07 15:00:00,6410,4360933,7031.0,3876491,249.0,323700.0,6659,4684633,7280,4200191,13690,8561020
2021-12-08 15:00:00,6932,4367865,7414.0,3883905,315.0,324015.0,7247,4691880,7729,4207920,14661,8575681
2021-12-09 15:00:00,6546,4374411,7026.0,3890931,398.0,324413.0,6944,4698824,7424,4215344,13970,8589651
2021-12-10 15:00:00,7289,4381700,7328.0,3898259,230.0,324643.0,7519,4706343,7558,4222902,14847,8604498
2021-12-11 15:00:00,4450,4386150,7670.0,3905929,333.0,324976.0,4783,4711126,8003,4230905,12453,8616951
2021-12-12 15:00:00,4000,4390150,2772.0,3908701,60.0,325036.0,4060,4715186,2832,4233737,6832,8623783
2021-12-13 15:00:00,5695,4395845,5761.0,3914462,243.0,325279.0,5938,4721124,6004,4239741,11699,8635482
2021-12-14 15:00:00,6466,4402311,5935.0,3920397,222.0,325501.0,6688,4727812,6157,4245898,12623,8648105
2021-12-15 15:00:00,7161,4409472,5709.0,3926106,254.0,325755.0,7415,4735227,5963,4251861,13124,8661229
2021-12-16 15:00:00,7867,4417339,2826.0,3928932,421.0,326176.0,8288,4743515,3247,4255108,11114,8672343
2021-12-17 15:00:00,7840,4425179,4150.0,3933082,195.0,326371.0,8035,4751550,4345,4259453,12185,8684528
2021-12-18 15:00:00,5838,4431017,3181.0,3936263,298.0,326669.0,6136,4757686,3479,4262932,9317,8693845
2021-12-19 15:00:00,3379,4434396,1340.0,3937603,37.0,326706.0,3416,4761102,1377,4264309,4756,8698601
2021-12-20 15:00:00,8081,4442477,3741.0,3941344,173.0,326879.0,8254,4769356,3914,4268223,11995,8710596
2021-12-21 15:00:00,8993,4451470,4155.0,3945499,175.0,327054.0,9168,4778524,4330,4272553,13323,8723919
2021-12-22 15:00:00,8685,4460155,3859.0,3949358,184.0,327238.0,8869,4787393,4043,4276596,12728,8736647
2021-12-23 15:00:00,8399,4468554,3571.0,3952929,359.0,327597.0,8758,4796151,3930,4280526,12329,8748976
2021-12-24 15:00:00,1632,4470186,1007.0,3953936,39.0,327636.0,1671,4797822,1046,4281572,2678,8751654
2021-12-25 15:00:00,50,4470236,36.0,3953972,1.0,327637.0,51,4797873,37,4281609,87,8751741
2021-12-26 15:00:00,2518,4472754,1742.0,3955714,44.0,327681.0,2562,4800435,1786,4283395,4304,8756045
2021-12-27 15:00:00,7191,4479945,3989.0,3959703,297.0,327978.0,7488,4807923,4286,4287681,11477,8767522
2021-12-28 15:00:00,7926,4487871,3850.0,3963553,178.0,328156.0,8104,4816027,4028,4291709,11954,8779476
2021-12-29 15:00:00,8230,4496101,4013.0,3967566,156.0,328312.0,8386,4824413,4169,4295878,12399,8791875
2021-12-30 15:00:00,7474,4503575,3777.0,3971343,290.0,328602.0,7764,4832177,4067,4299945,11541,8803416
2021-12-31 15:00:00,2573,4506148,1526.0,3972869,90.0,328692.0,2663,4834840,1616,4301561,4189,8807605
2022-01-01 15:00:00,738,4506886,347.0,3973216,34.0,328726.0,772,4835612,381,4301942,1119,8808724
2022-01-02 15:00:00,2216,4509102,1650.0,3974866,48.0,328774.0,2264,4837876,1698,4303640,3914,8812638
2022-01-03 15:00:00,3398,4512500,2063.0,3976929,222.0,328996.0,3620,4841496,2285,4305925,5683,8818321
2022-01-04 15:00:00,5843,4518343,3482.0,3980411,165.0,329161.0,6008,4847504,3647,4309572,9490,8827811
2022-01-05 15:00:00,6820,4525163,4691.0,3985102,175.0,329336.0,6995,4854499,4866,4314438,11686,8839497
2022-01-06 15:00:00,6750,4531913,4819.0,3989921,265.0,329601.0,7015,4861514,5084,4319522,11834,8851331
2022-01-07 15:00:00,5976,4537889,3772.0,3993693,162.0,329763.0,6138,4867652,3934,4323456,9910,8861241
2022-01-08 15:00:00,4803,4542692,3910.0,3997603,78.0,329841.0,4881,4872533,3988,4327444,8791,8870032
2022-01-09 15:00:00,2764,4545456,2017.0,3999620,154.0,329995.0,2918,4875451,2171,4329615,4935,8874967
2022-01-10 15:00:00,6337,4551793,3833.0,4003453,160.0,330155.0,6497,4881948,3993,4333608,10330,8885297
2022-01-11 15:00:00,6551,4558344,4243.0,4007696,142.0,330297.0,6693,4888641,4385,4337993,10936,8896233
2022-01-12 15:00:00,6813,4565157,4439.0,4012135,225.0,330522.0,7038,4895679,4664,4342657,11477,8907710
2022-01-13 15:00:00,6634,4571791,4380.0,4016515,153.0,330675.0,6787,4902466,4533,4347190,11167,8918877
2022-01-14 15:00:00,7206,4578997,3279.0,4019794,252.0,330927.0,7458,4909924,3531,4350721,10737,8929614
2022-01-15 15:00:00,4269,4583266,1686.0,4021480,71.0,330998.0,4340,4914264,1757,4352478,6026,8935640
2022-01-16 15:00:00,2217,4585483,1319.0,4022799,116.0,331114.0,2333,4916597,1435,4353913,3652,8939292
2022-01-17 15:00:00,3614,4589097,2361.0,4025160,74.0,331188.0,3688,4920285,2435,4356348,6049,8945341
2022-01-18 15:00:00,5270,4594367,4198.0,4029358,102.0,331290.0,5372,4925657,4300,4360648,9570,8954911
2022-01-19 15:00:00,5293,4599660,4467.0,4033825,99.0,331389.0,5392,4931049,4566,4365214,9859,8964770
2022-01-20 15:00:00,4525,4604185,3619.0,4037444,176.0,331565.0,4701,4935750,3795,4369009,8320,8973090
2022-01-21 15:00:00,5592,4609777,2927.0,4040371,125.0,331690.0,5717,4941467,3052,4372061,8644,8981734
2022-01-22 15:00:00,3458,4613235,1721.0,4042092,134.0,331824.0,3592,4945059,1855,4373916,5313,8987047
2022-01-23 15:00:00,2035,4615270,1497.0,4043589,30.0,331854.0,2065,4947124,1527,4375443,3562,8990609
2022-01-24 15:00:00,4123,4619393,2770.0,4046359,88.0,331942.0,4211,4951335,2858,4378301,6981,8997590
2022-01-25 15:00:00,3794,4623187,3305.0,4049664,95.0,332037.0,3889,4955224,3400,4381701,7194,9004784
2022-01-26 15:00:00,3861,4627048,3684.0,4053348,94.0,332131.0,3955,4959179,3778,4385479,7639,9012423
2022-01-27 15:00:00,3767,4630815,3862.0,4057210,187.0,332318.0,3954,4963133,4049,4389528,7816,9020239
2022-01-28 15:00:00,3838,4634653,3214.0,4060424,75.0,332393.0,3913,4967046,3289,4392817,7127,9027366
2022-01-29 15:00:00,2295,4636948,2265.0,4062689,117.0,332510.0,2412,4969458,2382,4395199,4677,9032043
2022-01-30 15:00:00,1562,4638510,1602.0,4064291,16.0,332526.0,1578,4971036,1618,4396817,3180,9035223
2022-01-31 15:00:00,2979,4641489,3156.0,4067447,58.0,332584.0,3037,4974073,3214,4400031,6193,9041416
2022-02-01 15:00:00,2634,4644123,3390.0,4070837,75.0,332659.0,2709,4976782,3465,4403496,6099,9047515
2022-02-02 15:00:00,2819,4646942,3719.0,4074556,75.0,332734.0,2894,4979676,3794,4407290,6613,9054128
2022-02-03 15:00:00,2745,4649687,3632.0,4078188,41.0,332775.0,2786,4982462,3673,4410963,6418,9060546
2022-02-04 15:00:00,2759,4652446,4329.0,4082517,127.0,332902.0,2886,4985348,4456,4415419,7215,9067761
2022-02-05 15:00:00,1916,4654362,2870.0,4085387,112.0,333014.0,2028,4987376,2982,4418401,4898,9072659
2022-02-06 15:00:00,1061,4655423,1342.0,4086729,24.0,333038.0,1085,4988461,1366,4419767,2427,9075086
2022-02-07 15:00:00,2030,4657453,2656.0,4089385,46.0,333084.0,2076,4990537,2702,4422469,4732,9079818
2022-02-08 15:00:00,2072,4659525,3036.0,4092421,63.0,333147.0,2135,4992672,3099,4425568,5171,9084989
2022-02-09 15:00:00,2165,4661690,3260.0,4095681,73.0,333220.0,2238,4994910,3333,4428901,5498,9090487
2022-02-10 15:00:00,1985,4663675,2745.0,4098426,53.0,333273.0,2038,4996948,2798,4431699,4783,9095270
2022-02-11 15:00:00,2327,4666002,3246.0,4101672,117.0,333390.0,2444,4999392,3363,4435062,5690,9100960
2022-02-12 15:00:00,1481,4667483,1900.0,4103572,94.0,333484.0,1575,5000967,1994,4437056,3475,9104435
2022-02-13 15:00:00,299,4667782,454.0,4104026,5.0,333489.0,304,5001271,459,4437515,758,9105193
