VACCINATION_DATE,FirstDailyDose,FirstDoseCumulative,SecondDailyDose,SecondDoseCumulative,SingleDailyDose,SingleDoseCumulative,AtleastOneVaccine,AtleastOneVaccineCumulative,CompletedVax,CompletedVaxCumulative,FirstSecondSingleVaccinations,FirstSecondSingleVaccinationsCumulative
2020-12-14 15:00:00,19,1392,,523,,,19,1392,0,523,19,1811
2020-12-15 15:00:00,61,1453,3.0,526,,,61,1453,3,526,64,1875
2020-12-16 15:00:00,593,2046,5.0,531,,,593,2046,5,531,598,2473
2020-12-17 15:00:00,1162,3208,8.0,539,,,1162,3208,8,539,1170,3643
2020-12-18 15:00:00,3021,6229,12.0,551,,,3021,6229,12,551,3033,6676
2020-12-19 15:00:00,931,7160,5.0,556,,,931,7160,5,556,936,7612
2020-12-20 15:00:00,364,7524,6.0,562,,,364,7524,6,562,370,7982
2020-12-21 15:00:00,3887,11411,26.0,588,,,3887,11411,26,588,3913,11895
2020-12-22 15:00:00,6323,17734,27.0,615,,,6323,17734,27,615,6350,18245
2020-12-23 15:00:00,5784,23518,36.0,651,,,5784,23518,36,651,5820,24065
2020-12-24 15:00:00,2728,26246,15.0,666,,,2728,26246,15,666,2743,26808
2020-12-25 15:00:00,1035,27281,4.0,670,,,1035,27281,4,670,1039,27847
2020-12-26 15:00:00,1883,29164,9.0,679,,,1883,29164,9,679,1892,29739
2020-12-27 15:00:00,1802,30966,12.0,691,,,1802,30966,12,691,1814,31553
2020-12-28 15:00:00,8982,39948,50.0,741,,,8982,39948,50,741,9032,40585
2020-12-29 15:00:00,10968,50916,53.0,794,,,10968,50916,53,794,11021,51606
2020-12-30 15:00:00,12491,63407,92.0,886,,,12491,63407,92,886,12583,64189
2020-12-31 15:00:00,7552,70959,47.0,933,,,7552,70959,47,933,7599,71788
2021-01-01 15:00:00,3292,74251,139.0,1072,,,3292,74251,139,1072,3431,75219
2021-01-02 15:00:00,3043,77294,34.0,1106,,,3043,77294,34,1106,3077,78296
2021-01-03 15:00:00,3411,80705,82.0,1188,,,3411,80705,82,1188,3493,81789
2021-01-04 15:00:00,13359,94064,336.0,1524,,,13359,94064,336,1524,13695,95484
2021-01-05 15:00:00,12484,106548,547.0,2071,,,12484,106548,547,2071,13031,108515
2021-01-06 15:00:00,15265,121813,864.0,2935,,,15265,121813,864,2935,16129,124644
2021-01-07 15:00:00,15038,136851,1776.0,4711,,,15038,136851,1776,4711,16814,141458
2021-01-08 15:00:00,24014,160865,2783.0,7494,,,24014,160865,2783,7494,26797,168255
2021-01-09 15:00:00,5174,166039,954.0,8448,,,5174,166039,954,8448,6128,174383
2021-01-10 15:00:00,2971,169010,384.0,8832,,,2971,169010,384,8832,3355,177738
2021-01-11 15:00:00,13720,182730,3468.0,12300,,,13720,182730,3468,12300,17188,194926
2021-01-12 15:00:00,17391,200121,5594.0,17894,,,17391,200121,5594,17894,22985,217911
2021-01-13 15:00:00,18620,218741,3928.0,21822,,,18620,218741,3928,21822,22548,240459
2021-01-14 15:00:00,17853,236594,1961.0,23783,,,17853,236594,1961,23783,19814,260273
2021-01-15 15:00:00,19482,256076,2033.0,25816,,,19482,256076,2033,25816,21515,281788
2021-01-16 15:00:00,5835,261911,1617.0,27433,,,5835,261911,1617,27433,7452,289240
2021-01-17 15:00:00,2122,264033,1479.0,28912,,,2122,264033,1479,28912,3601,292841
2021-01-18 15:00:00,7076,271109,3259.0,32171,,,7076,271109,3259,32171,10335,303176
2021-01-19 15:00:00,16956,288065,5405.0,37576,,,16956,288065,5405,37576,22361,325537
2021-01-20 15:00:00,21007,309072,5323.0,42899,,,21007,309072,5323,42899,26330,351867
2021-01-21 15:00:00,23812,332884,3846.0,46745,,,23812,332884,3846,46745,27658,379525
2021-01-22 15:00:00,28658,361542,3756.0,50501,,,28658,361542,3756,50501,32414,411939
2021-01-23 15:00:00,10120,371662,1942.0,52443,,,10120,371662,1942,52443,12062,424001
2021-01-24 15:00:00,3355,375017,1723.0,54166,,,3355,375017,1723,54166,5078,429079
2021-01-25 15:00:00,16306,391323,8603.0,62769,,,16306,391323,8603,62769,24909,453988
2021-01-26 15:00:00,17561,408884,8976.0,71745,,,17561,408884,8976,71745,26537,480525
2021-01-27 15:00:00,24436,433320,12551.0,84296,,,24436,433320,12551,84296,36987,517512
2021-01-28 15:00:00,22657,455977,9329.0,93625,,,22657,455977,9329,93625,31986,549498
2021-01-29 15:00:00,24785,480762,7927.0,101552,,,24785,480762,7927,101552,32712,582210
2021-01-30 15:00:00,17782,498544,2561.0,104113,,,17782,498544,2561,104113,20343,602553
2021-01-31 15:00:00,3765,502309,1370.0,105483,,,3765,502309,1370,105483,5135,607688
2021-02-01 15:00:00,8118,510427,5385.0,110868,,,8118,510427,5385,110868,13503,621191
2021-02-02 15:00:00,12510,522937,13826.0,124694,,,12510,522937,13826,124694,26336,647527
2021-02-03 15:00:00,18255,541192,18133.0,142827,,,18255,541192,18133,142827,36388,683915
2021-02-04 15:00:00,22133,563325,15789.0,158616,,,22133,563325,15789,158616,37922,721837
2021-02-05 15:00:00,20349,583674,17423.0,176039,,,20349,583674,17423,176039,37772,759609
2021-02-06 15:00:00,11332,595006,14476.0,190515,,,11332,595006,14476,190515,25808,785417
2021-02-07 15:00:00,5950,600956,1839.0,192354,,,5950,600956,1839,192354,7789,793206
2021-02-08 15:00:00,12985,613941,12922.0,205276,,,12985,613941,12922,205276,25907,819113
2021-02-09 15:00:00,16651,630592,13878.0,219154,,,16651,630592,13878,219154,30529,849642
2021-02-10 15:00:00,19301,649893,21234.0,240388,,,19301,649893,21234,240388,40535,890177
2021-02-11 15:00:00,22853,672746,17346.0,257734,,,22853,672746,17346,257734,40199,930376
2021-02-12 15:00:00,20397,693143,19639.0,277373,,,20397,693143,19639,277373,40036,970412
2021-02-13 15:00:00,11437,704580,6424.0,283797,,,11437,704580,6424,283797,17861,988273
2021-02-14 15:00:00,7112,711692,2131.0,285928,,,7112,711692,2131,285928,9243,997516
2021-02-15 15:00:00,11764,723456,13332.0,299260,,,11764,723456,13332,299260,25096,1022612
2021-02-16 15:00:00,16612,740068,21021.0,320281,,,16612,740068,21021,320281,37633,1060245
2021-02-17 15:00:00,20662,760730,26380.0,346661,,,20662,760730,26380,346661,47042,1107287
2021-02-18 15:00:00,3200,763930,4621.0,351282,,,3200,763930,4621,351282,7821,1115108
2021-02-19 15:00:00,10255,774185,19928.0,371210,,,10255,774185,19928,371210,30183,1145291
2021-02-20 15:00:00,10313,784498,20293.0,391503,,,10313,784498,20293,391503,30606,1175897
2021-02-21 15:00:00,6183,790681,7658.0,399161,,,6183,790681,7658,399161,13841,1189738
2021-02-22 15:00:00,8034,798715,15478.0,414639,,,8034,798715,15478,414639,23512,1213250
2021-02-23 15:00:00,15536,814251,15989.0,430628,,,15536,814251,15989,430628,31525,1244775
2021-02-24 15:00:00,17954,832205,24739.0,455367,,,17954,832205,24739,455367,42693,1287468
2021-02-25 15:00:00,20393,852598,26560.0,481927,,,20393,852598,26560,481927,46953,1334421
2021-02-26 15:00:00,26719,879317,26229.0,508156,,,26719,879317,26229,508156,52948,1387369
2021-02-27 15:00:00,16009,895326,11160.0,519316,,,16009,895326,11160,519316,27169,1414538
2021-02-28 15:00:00,15496,910822,4885.0,524201,,,15496,910822,4885,524201,20381,1434919
2021-03-01 15:00:00,27029,937851,12635.0,536836,,,27029,937851,12635,536836,39664,1474583
2021-03-02 15:00:00,23930,961781,13279.0,550115,35.0,35.0,23965,961816,13314,550150,37244,1511827
2021-03-03 15:00:00,30201,991982,18399.0,568514,188.0,223.0,30389,992205,18587,568737,48788,1560615
2021-03-04 15:00:00,30965,1022947,18208.0,586722,4068.0,4291.0,35033,1027238,22276,591013,53241,1613856
2021-03-05 15:00:00,30034,1052981,19725.0,606447,4909.0,9200.0,34943,1062181,24634,615647,54668,1668524
2021-03-06 15:00:00,18920,1071901,9510.0,615957,6010.0,15210.0,24930,1087111,15520,631167,34440,1702964
2021-03-07 15:00:00,12123,1084024,4864.0,620821,6609.0,21819.0,18732,1105843,11473,642640,23596,1726560
2021-03-08 15:00:00,25885,1109909,8853.0,629674,8272.0,30091.0,34157,1140000,17125,659765,43010,1769570
2021-03-09 15:00:00,26138,1136047,15471.0,645145,8343.0,38434.0,34481,1174481,23814,683579,49952,1819522
2021-03-10 15:00:00,29866,1165913,16005.0,661150,7939.0,46373.0,37805,1212286,23944,707523,53810,1873332
2021-03-11 15:00:00,35993,1201906,16403.0,677553,3981.0,50354.0,39974,1252260,20384,727907,56377,1929709
2021-03-12 15:00:00,36920,1238826,18088.0,695641,2927.0,53281.0,39847,1292107,21015,748922,57935,1987644
2021-03-13 15:00:00,22675,1261501,10289.0,705930,1629.0,54910.0,24304,1316411,11918,760840,34593,2022237
2021-03-14 15:00:00,17833,1279334,6721.0,712651,1006.0,55916.0,18839,1335250,7727,768567,25560,2047797
2021-03-15 15:00:00,29838,1309172,11308.0,723959,597.0,56513.0,30435,1365685,11905,780472,41743,2089540
2021-03-16 15:00:00,33423,1342595,13577.0,737536,770.0,57283.0,34193,1399878,14347,794819,47770,2137310
2021-03-17 15:00:00,37577,1380172,17062.0,754598,1181.0,58464.0,38758,1438636,18243,813062,55820,2193130
2021-03-18 15:00:00,41454,1421626,12657.0,767255,1348.0,59812.0,42802,1481438,14005,827067,55459,2248589
2021-03-19 15:00:00,38344,1459970,15424.0,782679,1043.0,60855.0,39387,1520825,16467,843534,54811,2303400
2021-03-20 15:00:00,24707,1484677,10166.0,792845,703.0,61558.0,25410,1546235,10869,854403,35576,2338976
2021-03-21 15:00:00,19183,1503860,7886.0,800731,336.0,61894.0,19519,1565754,8222,862625,27405,2366381
2021-03-22 15:00:00,32599,1536459,11484.0,812215,835.0,62729.0,33434,1599188,12319,874944,44918,2411299
2021-03-23 15:00:00,38421,1574880,17811.0,830026,1556.0,64285.0,39977,1639165,19367,894311,57788,2469087
2021-03-24 15:00:00,41098,1615978,21216.0,851242,1388.0,65673.0,42486,1681651,22604,916915,63702,2532789
2021-03-25 15:00:00,42896,1658874,21697.0,872939,2458.0,68131.0,45354,1727005,24155,941070,67051,2599840
2021-03-26 15:00:00,36379,1695253,26683.0,899622,2495.0,70626.0,38874,1765879,29178,970248,65557,2665397
2021-03-27 15:00:00,26476,1721729,17286.0,916908,2491.0,73117.0,28967,1794846,19777,990025,46253,2711650
2021-03-28 15:00:00,17018,1738747,12645.0,929553,1616.0,74733.0,18634,1813480,14261,1004286,31279,2742929
2021-03-29 15:00:00,29727,1768474,26293.0,955846,1143.0,75876.0,30870,1844350,27436,1031722,57163,2800092
2021-03-30 15:00:00,40066,1808540,29000.0,984846,1864.0,77740.0,41930,1886280,30864,1062586,70930,2871022
2021-03-31 15:00:00,41046,1849586,34697.0,1019543,5748.0,83488.0,46794,1933074,40445,1103031,81491,2952513
2021-04-01 15:00:00,42385,1891971,41044.0,1060587,5743.0,89231.0,48128,1981202,46787,1149818,89172,3041685
2021-04-02 15:00:00,34939,1926910,32675.0,1093262,6126.0,95357.0,41065,2022267,38801,1188619,73740,3115425
2021-04-03 15:00:00,21168,1948078,19190.0,1112452,4389.0,99746.0,25557,2047824,23579,1212198,44747,3160172
2021-04-04 15:00:00,8285,1956363,10189.0,1122641,968.0,100714.0,9253,2057077,11157,1223355,19442,3179614
2021-04-05 15:00:00,27966,1984329,28925.0,1151566,6658.0,107372.0,34624,2091701,35583,1258938,63549,3243163
2021-04-06 15:00:00,39770,2024099,30457.0,1182023,10492.0,117864.0,50262,2141963,40949,1299887,80719,3323882
2021-04-07 15:00:00,36097,2060196,34296.0,1216319,12990.0,130854.0,49087,2191050,47286,1347173,83383,3407265
2021-04-08 15:00:00,42334,2102530,36105.0,1252424,13865.0,144719.0,56199,2247249,49970,1397143,92304,3499569
2021-04-09 15:00:00,34059,2136589,36324.0,1288748,14527.0,159246.0,48586,2295835,50851,1447994,84910,3584479
2021-04-10 15:00:00,23470,2160059,23138.0,1311886,7641.0,166887.0,31111,2326946,30779,1478773,54249,3638728
2021-04-11 15:00:00,17566,2177625,13277.0,1325163,10118.0,177005.0,27684,2354630,23395,1502168,40961,3679689
2021-04-12 15:00:00,24608,2202233,33167.0,1358330,10896.0,187901.0,35504,2390134,44063,1546231,68671,3748360
2021-04-13 15:00:00,126198,2328431,91237.0,1449567,3292.0,191193.0,129490,2519624,94529,1640760,220727,3969087
2021-04-14 15:00:00,40720,2369151,37830.0,1487397,213.0,191406.0,40933,2560557,38043,1678803,78763,4047850
2021-04-15 15:00:00,41419,2410570,39554.0,1526951,176.0,191582.0,41595,2602152,39730,1718533,81149,4128999
2021-04-16 15:00:00,37148,2447718,38874.0,1565825,24.0,191606.0,37172,2639324,38898,1757431,76046,4205045
2021-04-17 15:00:00,32802,2480520,22030.0,1587855,12.0,191618.0,32814,2672138,22042,1779473,54844,4259889
2021-04-18 15:00:00,20066,2500586,16200.0,1604055,5.0,191623.0,20071,2692209,16205,1795678,36271,4296160
2021-04-19 15:00:00,29896,2530482,36548.0,1640603,61.0,191684.0,29957,2722166,36609,1832287,66505,4362665
2021-04-20 15:00:00,32936,2563418,44459.0,1685062,58.0,191742.0,32994,2755160,44517,1876804,77453,4440118
2021-04-21 15:00:00,39839,2603257,47063.0,1732125,26.0,191768.0,39865,2795025,47089,1923893,86928,4527046
2021-04-22 15:00:00,35869,2639126,42663.0,1774788,16.0,191784.0,35885,2830910,42679,1966572,78548,4605594
2021-04-23 15:00:00,33154,2672280,40153.0,1814941,14.0,191798.0,33168,2864078,40167,2006739,73321,4678915
2021-04-24 15:00:00,26416,2698696,27910.0,1842851,81.0,191879.0,26497,2890575,27991,2034730,54407,4733322
2021-04-25 15:00:00,20234,2718930,10975.0,1853826,31.0,191910.0,20265,2910840,11006,2045736,31240,4764562
2021-04-26 15:00:00,27414,2746344,32713.0,1886539,201.0,192111.0,27615,2938455,32914,2078650,60328,4824890
2021-04-27 15:00:00,26690,2773034,33077.0,1919616,1097.0,193208.0,27787,2966242,34174,2112824,60864,4885754
2021-04-28 15:00:00,28933,2801967,39546.0,1959162,1364.0,194572.0,30297,2996539,40910,2153734,69843,4955597
2021-04-29 15:00:00,27080,2829047,39743.0,1998905,1463.0,196035.0,28543,3025082,41206,2194940,68286,5023883
2021-04-30 15:00:00,28212,2857259,32273.0,2031178,1648.0,197683.0,29860,3054942,33921,2228861,62133,5086016
2021-05-01 15:00:00,20732,2877991,26695.0,2057873,1050.0,198733.0,21782,3076724,27745,2256606,48477,5134493
2021-05-02 15:00:00,10289,2888280,17042.0,2074915,822.0,199555.0,11111,3087835,17864,2274470,28153,5162646
2021-05-03 15:00:00,12752,2901032,28586.0,2103501,1915.0,201470.0,14667,3102502,30501,2304971,43253,5205899
2021-05-04 15:00:00,13573,2914605,38616.0,2142117,1739.0,203209.0,15312,3117814,40355,2345326,53928,5259827
2021-05-05 15:00:00,19327,2933932,37760.0,2179877,1921.0,205130.0,21248,3139062,39681,2385007,59008,5318835
2021-05-06 15:00:00,16921,2950853,40595.0,2220472,1722.0,206852.0,18643,3157705,42317,2427324,59238,5378073
2021-05-07 15:00:00,17589,2968442,36998.0,2257470,1959.0,208811.0,19548,3177253,38957,2466281,56546,5434619
2021-05-08 15:00:00,10794,2979236,31227.0,2288697,1291.0,210102.0,12085,3189338,32518,2498799,43312,5477931
2021-05-09 15:00:00,5085,2984321,12242.0,2300939,695.0,210797.0,5780,3195118,12937,2511736,18022,5495953
2021-05-10 15:00:00,8954,2993275,31051.0,2331990,1362.0,212159.0,10316,3205434,32413,2544149,41367,5537320
2021-05-11 15:00:00,12183,3005458,30287.0,2362277,1441.0,213600.0,13624,3219058,31728,2575877,43911,5581231
2021-05-12 15:00:00,13947,3019405,38621.0,2400898,1919.0,215519.0,15866,3234924,40540,2616417,54487,5635718
2021-05-13 15:00:00,21836,3041241,33514.0,2434412,1347.0,216866.0,23183,3258107,34861,2651278,56697,5692415
2021-05-14 15:00:00,24390,3065631,30057.0,2464469,1773.0,218639.0,26163,3284270,31830,2683108,56220,5748635
2021-05-15 15:00:00,21940,3087571,25108.0,2489577,1489.0,220128.0,23429,3307699,26597,2709705,48537,5797172
2021-05-16 15:00:00,9092,3096663,17585.0,2507162,1113.0,221241.0,10205,3317904,18698,2728403,27790,5824962
2021-05-17 15:00:00,16839,3113502,28405.0,2535567,1949.0,223190.0,18788,3336692,30354,2758757,47193,5872155
2021-05-18 15:00:00,21265,3134767,30688.0,2566255,1942.0,225132.0,23207,3359899,32630,2791387,53895,5926050
2021-05-19 15:00:00,27661,3162428,32434.0,2598689,1631.0,226763.0,29292,3389191,34065,2825452,61726,5987776
2021-05-20 15:00:00,20804,3183232,33277.0,2631966,1964.0,228727.0,22768,3411959,35241,2860693,56045,6043821
2021-05-21 15:00:00,19165,3202397,30355.0,2662321,1608.0,230335.0,20773,3432732,31963,2892656,51128,6094949
2021-05-22 15:00:00,16937,3219334,20694.0,2683015,1270.0,231605.0,18207,3450939,21964,2914620,38901,6133850
2021-05-23 15:00:00,8815,3228149,11447.0,2694462,965.0,232570.0,9780,3460719,12412,2927032,21227,6155077
2021-05-24 15:00:00,13568,3241717,17775.0,2712237,1474.0,234044.0,15042,3475761,19249,2946281,32817,6187894
2021-05-25 15:00:00,13072,3254789,18721.0,2730958,1329.0,235373.0,14401,3490162,20050,2966331,33122,6221016
2021-05-26 15:00:00,18313,3273102,19505.0,2750463,1512.0,236885.0,19825,3509987,21017,2987348,39330,6260346
2021-05-27 15:00:00,11685,3284787,18667.0,2769130,1116.0,238001.0,12801,3522788,19783,3007131,31468,6291814
2021-05-28 15:00:00,12416,3297203,19837.0,2788967,1401.0,239402.0,13817,3536605,21238,3028369,33654,6325468
2021-05-29 15:00:00,9513,3306716,11727.0,2800694,937.0,240339.0,10450,3547055,12664,3041033,22177,6347645
2021-05-30 15:00:00,4968,3311684,6433.0,2807127,596.0,240935.0,5564,3552619,7029,3048062,11997,6359642
2021-05-31 15:00:00,1779,3313463,3710.0,2810837,305.0,241240.0,2084,3554703,4015,3052077,5794,6365436
2021-06-01 15:00:00,9854,3323317,16440.0,2827277,1160.0,242400.0,11014,3565717,17600,3069677,27454,6392890
2021-06-02 15:00:00,10232,3333549,16821.0,2844098,960.0,243360.0,11192,3576909,17781,3087458,28013,6420903
2021-06-03 15:00:00,7899,3341448,21186.0,2865284,1087.0,244447.0,8986,3585895,22273,3109731,30172,6451075
2021-06-04 15:00:00,8196,3349644,22353.0,2887637,1120.0,245567.0,9316,3595211,23473,3133204,31669,6482744
2021-06-05 15:00:00,7001,3356645,19471.0,2907108,720.0,246287.0,7721,3602932,20191,3153395,27192,6509936
2021-06-06 15:00:00,3455,3360100,7251.0,2914359,423.0,246710.0,3878,3606810,7674,3161069,11129,6521065
2021-06-07 15:00:00,6856,3366956,15789.0,2930148,726.0,247436.0,7582,3614392,16515,3177584,23371,6544436
2021-06-08 15:00:00,6669,3373625,19735.0,2949883,830.0,248266.0,7499,3621891,20565,3198149,27234,6571670
2021-06-09 15:00:00,8201,3381826,23985.0,2973868,968.0,249234.0,9169,3631060,24953,3223102,33154,6604824
2021-06-10 15:00:00,7150,3388976,19138.0,2993006,895.0,250129.0,8045,3639105,20033,3243135,27183,6632007
2021-06-11 15:00:00,7486,3396462,17725.0,3010731,1125.0,251254.0,8611,3647716,18850,3261985,26336,6658343
2021-06-12 15:00:00,5240,3401702,14767.0,3025498,605.0,251859.0,5845,3653561,15372,3277357,20612,6678955
2021-06-13 15:00:00,1936,3403638,7632.0,3033130,427.0,252286.0,2363,3655924,8059,3285416,9995,6688950
2021-06-14 15:00:00,5658,3409296,11814.0,3044944,733.0,253019.0,6391,3662315,12547,3297963,18205,6707155
2021-06-15 15:00:00,5643,3414939,14341.0,3059285,873.0,253892.0,6516,3668831,15214,3313177,20857,6728012
2021-06-16 15:00:00,8756,3423695,21595.0,3080880,757.0,254649.0,9513,3678344,22352,3335529,31108,6759120
2021-06-17 15:00:00,6689,3430384,12364.0,3093244,720.0,255369.0,7409,3685753,13084,3348613,19773,6778893
2021-06-18 15:00:00,6835,3437219,12740.0,3105984,703.0,256072.0,7538,3693291,13443,3362056,20278,6799171
2021-06-19 15:00:00,4660,3441879,9379.0,3115363,615.0,256687.0,5275,3698566,9994,3372050,14654,6813825
2021-06-20 15:00:00,2505,3444384,5056.0,3120419,377.0,257064.0,2882,3701448,5433,3377483,7938,6821763
2021-06-21 15:00:00,5563,3449947,5335.0,3125754,635.0,257699.0,6198,3707646,5970,3383453,11533,6833296
2021-06-22 15:00:00,5345,3455292,9053.0,3134807,693.0,258392.0,6038,3713684,9746,3393199,15091,6848387
2021-06-23 15:00:00,6077,3461369,10333.0,3145140,646.0,259038.0,6723,3720407,10979,3404178,17056,6865443
2021-06-24 15:00:00,5938,3467307,8200.0,3153340,595.0,259633.0,6533,3726940,8795,3412973,14733,6880176
2021-06-25 15:00:00,5825,3473132,8664.0,3162004,620.0,260253.0,6445,3733385,9284,3422257,15109,6895285
2021-06-26 15:00:00,3703,3476835,6308.0,3168312,398.0,260651.0,4101,3737486,6706,3428963,10409,6905694
2021-06-27 15:00:00,2808,3479643,3523.0,3171835,185.0,260836.0,2993,3740479,3708,3432671,6516,6912210
2021-06-28 15:00:00,4918,3484561,6387.0,3178222,539.0,261375.0,5457,3745936,6926,3439597,11844,6924054
2021-06-29 15:00:00,5063,3489624,6475.0,3184697,519.0,261894.0,5582,3751518,6994,3446591,12057,6936111
2021-06-30 15:00:00,5624,3495248,7387.0,3192084,605.0,262499.0,6229,3757747,7992,3454583,13616,6949727
2021-07-01 15:00:00,5413,3500661,6987.0,3199071,500.0,262999.0,5913,3763660,7487,3462070,12900,6962627
2021-07-02 15:00:00,5292,3505953,6839.0,3205910,524.0,263523.0,5816,3769476,7363,3469433,12655,6975282
2021-07-03 15:00:00,3270,3509223,4067.0,3209977,264.0,263787.0,3534,3773010,4331,3473764,7601,6982883
2021-07-04 15:00:00,494,3509717,547.0,3210524,68.0,263855.0,562,3773572,615,3474379,1109,6983992
2021-07-05 15:00:00,3765,3513482,3953.0,3214477,287.0,264142.0,4052,3777624,4240,3478619,8005,6991997
2021-07-06 15:00:00,4492,3517974,6270.0,3220747,453.0,264595.0,4945,3782569,6723,3485342,11215,7003212
2021-07-07 15:00:00,4467,3522441,6411.0,3227158,482.0,265077.0,4949,3787518,6893,3492235,11360,7014572
2021-07-08 15:00:00,4833,3527274,6173.0,3233331,564.0,265641.0,5397,3792915,6737,3498972,11570,7026142
2021-07-09 15:00:00,5367,3532641,6665.0,3239996,573.0,266214.0,5940,3798855,7238,3506210,12605,7038747
2021-07-10 15:00:00,3519,3536160,4405.0,3244401,304.0,266518.0,3823,3802678,4709,3510919,8228,7046975
2021-07-11 15:00:00,2676,3538836,2567.0,3246968,226.0,266744.0,2902,3805580,2793,3513712,5469,7052444
2021-07-12 15:00:00,4419,3543255,5125.0,3252093,379.0,267123.0,4798,3810378,5504,3519216,9923,7062367
2021-07-13 15:00:00,4663,3547918,4721.0,3256814,366.0,267489.0,5029,3815407,5087,3524303,9750,7072117
2021-07-14 15:00:00,4623,3552541,5283.0,3262097,422.0,267911.0,5045,3820452,5705,3530008,10328,7082445
2021-07-15 15:00:00,4904,3557445,5016.0,3267113,359.0,268270.0,5263,3825715,5375,3535383,10279,7092724
2021-07-16 15:00:00,6275,3563720,5842.0,3272955,405.0,268675.0,6680,3832395,6247,3541630,12522,7105246
2021-07-17 15:00:00,3417,3567137,3548.0,3276503,303.0,268978.0,3720,3836115,3851,3545481,7268,7112514
2021-07-18 15:00:00,2309,3569446,2379.0,3278882,110.0,269088.0,2419,3838534,2489,3547970,4798,7117312
2021-07-19 15:00:00,5139,3574585,4609.0,3283491,383.0,269471.0,5522,3844056,4992,3552962,10131,7127443
2021-07-20 15:00:00,5334,3579919,4715.0,3288206,366.0,269837.0,5700,3849756,5081,3558043,10415,7137858
2021-07-21 15:00:00,5662,3585581,4942.0,3293148,416.0,270253.0,6078,3855834,5358,3563401,11020,7148878
2021-07-22 15:00:00,6024,3591605,4638.0,3297786,472.0,270725.0,6496,3862330,5110,3568511,11134,7160012
2021-07-23 15:00:00,6843,3598448,4845.0,3302631,498.0,271223.0,7341,3869671,5343,3573854,12186,7172198
2021-07-24 15:00:00,4283,3602731,3201.0,3305832,267.0,271490.0,4550,3874221,3468,3577322,7751,7179949
2021-07-25 15:00:00,3300,3606031,1115.0,3306947,140.0,271630.0,3440,3877661,1255,3578577,4555,7184504
2021-07-26 15:00:00,6215,3612246,3908.0,3310855,419.0,272049.0,6634,3884295,4327,3582904,10542,7195046
2021-07-27 15:00:00,6602,3618848,4281.0,3315136,458.0,272507.0,7060,3891355,4739,3587643,11341,7206387
2021-07-28 15:00:00,7082,3625930,4140.0,3319276,460.0,272967.0,7542,3898897,4600,3592243,11682,7218069
2021-07-29 15:00:00,7079,3633009,4302.0,3323578,419.0,273386.0,7498,3906395,4721,3596964,11800,7229869
2021-07-30 15:00:00,7820,3640829,4806.0,3328384,526.0,273912.0,8346,3914741,5332,3602296,13152,7243021
2021-07-31 15:00:00,4791,3645620,3077.0,3331461,274.0,274186.0,5065,3919806,3351,3605647,8142,7251163
2021-08-01 15:00:00,3890,3649510,2162.0,3333623,163.0,274349.0,4053,3923859,2325,3607972,6215,7257378
2021-08-02 15:00:00,7263,3656773,3840.0,3337463,341.0,274690.0,7604,3931463,4181,3612153,11444,7268822
2021-08-03 15:00:00,7266,3664039,4100.0,3341563,517.0,275207.0,7783,3939246,4617,3616770,11883,7280705
2021-08-04 15:00:00,7421,3671460,4119.0,3345682,535.0,275742.0,7956,3947202,4654,3621424,12075,7292780
2021-08-05 15:00:00,7947,3679407,4294.0,3349976,538.0,276280.0,8485,3955687,4832,3626256,12779,7305559
2021-08-06 15:00:00,8325,3687732,4731.0,3354707,454.0,276734.0,8779,3964466,5185,3631441,13510,7319069
2021-08-07 15:00:00,5298,3693030,2835.0,3357542,263.0,276997.0,5561,3970027,3098,3634539,8396,7327465
2021-08-08 15:00:00,3974,3697004,2062.0,3359604,143.0,277140.0,4117,3974144,2205,3636744,6179,7333644
2021-08-09 15:00:00,6955,3703959,4554.0,3364158,369.0,277509.0,7324,3981468,4923,3641667,11878,7345522
2021-08-10 15:00:00,7158,3711117,4478.0,3368636,339.0,277848.0,7497,3988965,4817,3646484,11975,7357497
2021-08-11 15:00:00,7070,3718187,4446.0,3373082,443.0,278291.0,7513,3996478,4889,3651373,11959,7369456
2021-08-12 15:00:00,8623,3726810,4751.0,3377833,445.0,278736.0,9068,4005546,5196,3656569,13819,7383275
2021-08-13 15:00:00,7145,3733955,5369.0,3383202,397.0,279133.0,7542,4013088,5766,3662335,12911,7396186
2021-08-14 15:00:00,4915,3738870,3345.0,3386547,285.0,279418.0,5200,4018288,3630,3665965,8545,7404731
2021-08-15 15:00:00,3328,3742198,2740.0,3389287,163.0,279581.0,3491,4021779,2903,3668868,6231,7410962
2021-08-16 15:00:00,5438,3747636,5093.0,3394380,354.0,279935.0,5792,4027571,5447,3674315,10885,7421847
2021-08-17 15:00:00,6813,3754449,5362.0,3399742,390.0,280325.0,7203,4034774,5752,3680067,12565,7434412
2021-08-18 15:00:00,6324,3760773,5504.0,3405246,481.0,280806.0,6805,4041579,5985,3686052,12309,7446721
2021-08-19 15:00:00,6211,3766984,5554.0,3410800,417.0,281223.0,6628,4048207,5971,3692023,12182,7458903
2021-08-20 15:00:00,6835,3773819,6547.0,3417347,401.0,281624.0,7236,4055443,6948,3698971,13783,7472686
2021-08-21 15:00:00,4327,3778146,3918.0,3421265,230.0,281854.0,4557,4060000,4148,3703119,8475,7481161
2021-08-22 15:00:00,3060,3781206,3172.0,3424437,110.0,281964.0,3170,4063170,3282,3706401,6342,7487503
2021-08-23 15:00:00,5989,3787195,6094.0,3430531,287.0,282251.0,6276,4069446,6381,3712782,12370,7499873
2021-08-24 15:00:00,6547,3793742,6062.0,3436593,425.0,282676.0,6972,4076418,6487,3719269,13034,7512907
2021-08-25 15:00:00,6718,3800460,6219.0,3442812,441.0,283117.0,7159,4083577,6660,3725929,13378,7526285
2021-08-26 15:00:00,6966,3807426,6648.0,3449460,428.0,283545.0,7394,4090971,7076,3733005,14042,7540327
2021-08-27 15:00:00,6822,3814248,7066.0,3456526,316.0,283861.0,7138,4098109,7382,3740387,14204,7554531
2021-08-28 15:00:00,6896,3821144,6518.0,3463044,325.0,284186.0,7221,4105330,6843,3747230,13739,7568270
2021-08-29 15:00:00,3733,3824877,3688.0,3466732,610.0,284796.0,4343,4109673,4298,3751528,8031,7576301
2021-08-30 15:00:00,5924,3830801,6123.0,3472855,960.0,285756.0,6884,4116557,7083,3758611,13007,7589308
2021-08-31 15:00:00,5899,3836700,6070.0,3478925,946.0,286702.0,6845,4123402,7016,3765627,12915,7602223
2021-09-01 15:00:00,5589,3842289,5664.0,3484589,915.0,287617.0,6504,4129906,6579,3772206,12168,7614391
2021-09-02 15:00:00,5529,3847818,5924.0,3490513,707.0,288324.0,6236,4136142,6631,3778837,12160,7626551
2021-09-03 15:00:00,5993,3853811,6927.0,3497440,973.0,289297.0,6966,4143108,7900,3786737,13893,7640444
2021-09-04 15:00:00,3726,3857537,4350.0,3501790,878.0,290175.0,4604,4147712,5228,3791965,8954,7649398
2021-09-05 15:00:00,2956,3860493,2807.0,3504597,106.0,290281.0,3062,4150774,2913,3794878,5869,7655267
2021-09-06 15:00:00,1059,3861552,1156.0,3505753,65.0,290346.0,1124,4151898,1221,3796099,2280,7657547
2021-09-07 15:00:00,5343,3866895,7299.0,3513052,2303.0,292649.0,7646,4159544,9602,3805701,14945,7672492
2021-09-08 15:00:00,4654,3871549,5471.0,3518523,364.0,293013.0,5018,4164562,5835,3811536,10489,7682981
2021-09-09 15:00:00,5017,3876566,5458.0,3523981,324.0,293337.0,5341,4169903,5782,3817318,10799,7693780
2021-09-10 15:00:00,6519,3883085,6652.0,3530633,1719.0,295056.0,8238,4178141,8371,3825689,14890,7708670
2021-09-11 15:00:00,4173,3887258,4334.0,3534967,666.0,295722.0,4839,4182980,5000,3830689,9173,7717843
2021-09-12 15:00:00,3171,3890429,3241.0,3538208,436.0,296158.0,3607,4186587,3677,3834366,6848,7724691
2021-09-13 15:00:00,4885,3895314,5067.0,3543275,346.0,296504.0,5231,4191818,5413,3839779,10298,7734989
2021-09-14 15:00:00,4775,3900089,5437.0,3548712,436.0,296940.0,5211,4197029,5873,3845652,10648,7745637
2021-09-15 15:00:00,5037,3905126,5870.0,3554582,392.0,297332.0,5429,4202458,6262,3851914,11299,7756936
2021-09-16 15:00:00,4807,3909933,5844.0,3560426,336.0,297668.0,5143,4207601,6180,3858094,10987,7767923
2021-09-17 15:00:00,5257,3915190,6584.0,3567010,344.0,298012.0,5601,4213202,6928,3865022,12185,7780108
2021-09-18 15:00:00,3801,3918991,4577.0,3571587,185.0,298197.0,3986,4217188,4762,3869784,8563,7788671
2021-09-19 15:00:00,2742,3921733,3167.0,3574754,75.0,298272.0,2817,4220005,3242,3873026,5984,7794655
2021-09-20 15:00:00,3750,3925483,4680.0,3579434,430.0,298702.0,4180,4224185,5110,3878136,8860,7803515
2021-09-21 15:00:00,4002,3929485,5001.0,3584435,327.0,299029.0,4329,4228514,5328,3883464,9330,7812845
2021-09-22 15:00:00,4196,3933681,4774.0,3589209,458.0,299487.0,4654,4233168,5232,3888696,9428,7822273
2021-09-23 15:00:00,4174,3937855,4731.0,3593940,492.0,299979.0,4666,4237834,5223,3893919,9397,7831670
2021-09-24 15:00:00,5078,3942933,5607.0,3599547,422.0,300401.0,5500,4243334,6029,3899948,11107,7842777
2021-09-25 15:00:00,3626,3946559,3633.0,3603180,384.0,300785.0,4010,4247344,4017,3903965,7643,7850420
2021-09-26 15:00:00,2355,3948914,2666.0,3605846,425.0,301210.0,2780,4250124,3091,3907056,5446,7855866
2021-09-27 15:00:00,4506,3953420,2712.0,3608558,512.0,301722.0,5018,4255142,3224,3910280,7730,7863596
2021-09-28 15:00:00,4399,3957819,4455.0,3613013,211.0,301933.0,4610,4259752,4666,3914946,9065,7872661
2021-09-29 15:00:00,4696,3962515,4511.0,3617524,920.0,302853.0,5616,4265368,5431,3920377,10127,7882788
2021-09-30 15:00:00,4887,3967402,4565.0,3622089,795.0,303648.0,5682,4271050,5360,3925737,10247,7893035
2021-10-01 15:00:00,5501,3972903,5340.0,3627429,784.0,304432.0,6285,4277335,6124,3931861,11625,7904660
2021-10-02 15:00:00,2936,3975839,2897.0,3630326,187.0,304619.0,3123,4280458,3084,3934945,6020,7910680
2021-10-03 15:00:00,2073,3977912,2378.0,3632704,86.0,304705.0,2159,4282617,2464,3937409,4537,7915217
2021-10-04 15:00:00,4022,3981934,3501.0,3636205,232.0,304937.0,4254,4286871,3733,3941142,7755,7922972
2021-10-05 15:00:00,3958,3985892,3661.0,3639866,207.0,305144.0,4165,4291036,3868,3945010,7826,7930798
2021-10-06 15:00:00,4023,3989915,3579.0,3643445,266.0,305410.0,4289,4295325,3845,3948855,7868,7938666
2021-10-07 15:00:00,4234,3994149,3626.0,3647071,331.0,305741.0,4565,4299890,3957,3952812,8191,7946857
2021-10-08 15:00:00,4770,3998919,4291.0,3651362,283.0,306024.0,5053,4304943,4574,3957386,9344,7956201
2021-10-09 15:00:00,2691,4001610,2682.0,3654044,270.0,306294.0,2961,4307904,2952,3960338,5643,7961844
2021-10-10 15:00:00,1865,4003475,1850.0,3655894,59.0,306353.0,1924,4309828,1909,3962247,3774,7965618
2021-10-11 15:00:00,4214,4007689,3338.0,3659232,249.0,306602.0,4463,4314291,3587,3965834,7801,7973419
2021-10-12 15:00:00,3590,4011279,3527.0,3662759,273.0,306875.0,3863,4318154,3800,3969634,7390,7980809
2021-10-13 15:00:00,3959,4015238,3457.0,3666216,346.0,307221.0,4305,4322459,3803,3973437,7762,7988571
2021-10-14 15:00:00,5164,4020402,5488.0,3671704,431.0,307652.0,5595,4328054,5919,3979356,11083,7999654
2021-10-15 15:00:00,4711,4025113,4594.0,3676298,347.0,307999.0,5058,4333112,4941,3984297,9652,8009306
2021-10-16 15:00:00,2495,4027608,2507.0,3678805,291.0,308290.0,2786,4335898,2798,3987095,5293,8014599
2021-10-17 15:00:00,1806,4029414,1776.0,3680581,55.0,308345.0,1861,4337759,1831,3988926,3637,8018236
2021-10-18 15:00:00,4282,4033696,3580.0,3684161,268.0,308613.0,4550,4342309,3848,3992774,8130,8026366
2021-10-19 15:00:00,4301,4037997,4030.0,3688191,223.0,308836.0,4524,4346833,4253,3997027,8554,8034920
2021-10-20 15:00:00,3526,4041523,3427.0,3691618,254.0,309090.0,3780,4350613,3681,4000708,7207,8042127
2021-10-21 15:00:00,3298,4044821,3270.0,3694888,291.0,309381.0,3589,4354202,3561,4004269,6859,8048986
2021-10-22 15:00:00,4682,4049503,4033.0,3698921,477.0,309858.0,5159,4359361,4510,4008779,9192,8058178
2021-10-23 15:00:00,2885,4052388,2115.0,3701036,321.0,310179.0,3206,4362567,2436,4011215,5321,8063499
2021-10-24 15:00:00,2057,4054445,1560.0,3702596,79.0,310258.0,2136,4364703,1639,4012854,3696,8067195
2021-10-25 15:00:00,4544,4058989,3080.0,3705676,319.0,310577.0,4863,4369566,3399,4016253,7943,8075138
2021-10-26 15:00:00,4507,4063496,3095.0,3708771,317.0,310894.0,4824,4374390,3412,4019665,7919,8083057
2021-10-27 15:00:00,4735,4068231,3344.0,3712115,437.0,311331.0,5172,4379562,3781,4023446,8516,8091573
2021-10-28 15:00:00,4560,4072791,3365.0,3715480,501.0,311832.0,5061,4384623,3866,4027312,8426,8099999
2021-10-29 15:00:00,4978,4077769,3919.0,3719399,394.0,312226.0,5372,4389995,4313,4031625,9291,8109290
2021-10-30 15:00:00,2633,4080402,1844.0,3721243,308.0,312534.0,2941,4392936,2152,4033777,4785,8114075
2021-10-31 15:00:00,1938,4082340,1522.0,3722765,93.0,312627.0,2031,4394967,1615,4035392,3553,8117628
2021-11-01 15:00:00,4707,4087047,3433.0,3726198,346.0,312973.0,5053,4400020,3779,4039171,8486,8126114
2021-11-02 15:00:00,4253,4091300,2957.0,3729155,408.0,313381.0,4661,4404681,3365,4042536,7618,8133732
2021-11-03 15:00:00,4665,4095965,3061.0,3732216,463.0,313844.0,5128,4409809,3524,4046060,8189,8141921
2021-11-04 15:00:00,6311,4102276,3368.0,3735584,513.0,314357.0,6824,4416633,3881,4049941,10192,8152113
2021-11-05 15:00:00,8237,4110513,3773.0,3739357,414.0,314771.0,8651,4425284,4187,4054128,12424,8164537
2021-11-06 15:00:00,10185,4120698,1980.0,3741337,308.0,315079.0,10493,4435777,2288,4056416,12473,8177010
2021-11-07 15:00:00,7729,4128427,1468.0,3742805,94.0,315173.0,7823,4443600,1562,4057978,9291,8186301
2021-11-08 15:00:00,11310,4139737,3048.0,3745853,379.0,315552.0,11689,4455289,3427,4061405,14737,8201038
2021-11-09 15:00:00,11762,4151499,2664.0,3748517,269.0,315821.0,12031,4467320,2933,4064338,14695,8215733
2021-11-10 15:00:00,12585,4164084,2761.0,3751278,338.0,316159.0,12923,4480243,3099,4067437,15684,8231417
2021-11-11 15:00:00,11373,4175457,2382.0,3753660,280.0,316439.0,11653,4491896,2662,4070099,14035,8245452
2021-11-12 15:00:00,12292,4187749,3359.0,3757019,547.0,316986.0,12839,4504735,3906,4074005,16198,8261650
2021-11-13 15:00:00,9884,4197633,1593.0,3758612,342.0,317328.0,10226,4514961,1935,4075940,11819,8273469
2021-11-14 15:00:00,3924,4201557,1131.0,3759743,121.0,317449.0,4045,4519006,1252,4077192,5176,8278645
2021-11-15 15:00:00,8624,4210181,2529.0,3762272,205.0,317654.0,8829,4527835,2734,4079926,11358,8290003
2021-11-16 15:00:00,9228,4219409,2500.0,3764772,255.0,317909.0,9483,4537318,2755,4082681,11983,8301986
2021-11-17 15:00:00,9397,4228806,2881.0,3767653,312.0,318221.0,9709,4547027,3193,4085874,12590,8314576
2021-11-18 15:00:00,9293,4238099,2635.0,3770288,482.0,318703.0,9775,4556802,3117,4088991,12410,8326986
2021-11-19 15:00:00,9795,4247894,2921.0,3773209,381.0,319084.0,10176,4566978,3302,4092293,13097,8340083
2021-11-20 15:00:00,10627,4258521,1608.0,3774817,455.0,319539.0,11082,4578060,2063,4094356,12690,8352773
2021-11-21 15:00:00,4343,4262864,1203.0,3776020,99.0,319638.0,4442,4582502,1302,4095658,5645,8358418
2021-11-22 15:00:00,9822,4272686,2491.0,3778511,293.0,319931.0,10115,4592617,2784,4098442,12606,8371024
2021-11-23 15:00:00,9207,4281893,2402.0,3780913,280.0,320211.0,9487,4602104,2682,4101124,11889,8382913
2021-11-24 15:00:00,8157,4290050,2447.0,3783360,216.0,320427.0,8373,4610477,2663,4103787,10820,8393733
2021-11-25 15:00:00,239,4290289,77.0,3783437,10.0,320437.0,249,4610726,87,4103874,326,8394059
2021-11-26 15:00:00,5652,4295941,3960.0,3787397,153.0,320590.0,5805,4616531,4113,4107987,9765,8403824
2021-11-27 15:00:00,3782,4299723,5474.0,3792871,134.0,320724.0,3916,4620447,5608,4113595,9390,8413214
2021-11-28 15:00:00,2413,4302136,6389.0,3799260,77.0,320801.0,2490,4622937,6466,4120061,8879,8422093
2021-11-29 15:00:00,6372,4308508,9284.0,3808544,379.0,321180.0,6751,4629688,9663,4129724,16035,8438128
2021-11-30 15:00:00,6254,4314762,9313.0,3817857,264.0,321444.0,6518,4636206,9577,4139301,15831,8453959
2021-12-01 15:00:00,7276,4322038,9695.0,3827552,308.0,321752.0,7584,4643790,10003,4149304,17279,8471238
2021-12-02 15:00:00,6915,4328953,8787.0,3836339,451.0,322203.0,7366,4651156,9238,4158542,16153,8487391
2021-12-03 15:00:00,7582,4336535,9254.0,3845593,249.0,322452.0,7831,4658987,9503,4168045,17085,8504476
2021-12-04 15:00:00,5948,4342483,10036.0,3855629,465.0,322917.0,6413,4665400,10501,4178546,16449,8520925
2021-12-05 15:00:00,3468,4345951,3287.0,3858916,78.0,322995.0,3546,4668946,3365,4181911,6833,8527758
2021-12-06 15:00:00,6753,4352704,7110.0,3866026,277.0,323272.0,7030,4675976,7387,4189298,14140,8541898
2021-12-07 15:00:00,6411,4359115,7025.0,3873051,249.0,323521.0,6660,4682636,7274,4196572,13685,8555583
2021-12-08 15:00:00,6932,4366047,7421.0,3880472,315.0,323836.0,7247,4689883,7736,4204308,14668,8570251
2021-12-09 15:00:00,6516,4372563,7010.0,3887482,398.0,324234.0,6914,4696797,7408,4211716,13924,8584175
2021-12-10 15:00:00,7264,4379827,7313.0,3894795,229.0,324463.0,7493,4704290,7542,4219258,14806,8598981
2021-12-11 15:00:00,4452,4384279,7667.0,3902462,333.0,324796.0,4785,4709075,8000,4227258,12452,8611433
2021-12-12 15:00:00,4002,4388281,2781.0,3905243,60.0,324856.0,4062,4713137,2841,4230099,6843,8618276
2021-12-13 15:00:00,5696,4393977,5763.0,3911006,243.0,325099.0,5939,4719076,6006,4236105,11702,8629978
2021-12-14 15:00:00,6448,4400425,5928.0,3916934,221.0,325320.0,6669,4725745,6149,4242254,12597,8642575
2021-12-15 15:00:00,7140,4407565,5686.0,3922620,251.0,325571.0,7391,4733136,5937,4248191,13077,8655652
2021-12-16 15:00:00,7849,4415414,2811.0,3925431,420.0,325991.0,8269,4741405,3231,4251422,11080,8666732
2021-12-17 15:00:00,7803,4423217,4153.0,3929584,195.0,326186.0,7998,4749403,4348,4255770,12151,8678883
2021-12-18 15:00:00,5824,4429041,3188.0,3932772,298.0,326484.0,6122,4755525,3486,4259256,9310,8688193
2021-12-19 15:00:00,3380,4432421,1343.0,3934115,36.0,326520.0,3416,4758941,1379,4260635,4759,8692952
2021-12-20 15:00:00,8064,4440485,3753.0,3937868,173.0,326693.0,8237,4767178,3926,4264561,11990,8704942
2021-12-21 15:00:00,8994,4449479,4153.0,3942021,175.0,326868.0,9169,4776347,4328,4268889,13322,8718264
2021-12-22 15:00:00,8680,4458159,3862.0,3945883,184.0,327052.0,8864,4785211,4046,4272935,12726,8730990
2021-12-23 15:00:00,8399,4466558,3557.0,3949440,359.0,327411.0,8758,4793969,3916,4276851,12315,8743305
2021-12-24 15:00:00,1634,4468192,1007.0,3950447,39.0,327450.0,1673,4795642,1046,4277897,2680,8745985
2021-12-25 15:00:00,50,4468242,36.0,3950483,1.0,327451.0,51,4795693,37,4277934,87,8746072
2021-12-26 15:00:00,2520,4470762,1746.0,3952229,44.0,327495.0,2564,4798257,1790,4279724,4310,8750382
2021-12-27 15:00:00,7189,4477951,3994.0,3956223,296.0,327791.0,7485,4805742,4290,4284014,11479,8761861
2021-12-28 15:00:00,7890,4485841,3845.0,3960068,177.0,327968.0,8067,4813809,4022,4288036,11912,8773773
2021-12-29 15:00:00,8207,4494048,4023.0,3964091,155.0,328123.0,8362,4822171,4178,4292214,12385,8786158
2021-12-30 15:00:00,7471,4501519,3776.0,3967867,289.0,328412.0,7760,4829931,4065,4296279,11536,8797694
2021-12-31 15:00:00,2564,4504083,1524.0,3969391,90.0,328502.0,2654,4832585,1614,4297893,4178,8801872
2022-01-01 15:00:00,737,4504820,345.0,3969736,33.0,328535.0,770,4833355,378,4298271,1115,8802987
2022-01-02 15:00:00,2210,4507030,1646.0,3971382,47.0,328582.0,2257,4835612,1693,4299964,3903,8806890
2022-01-03 15:00:00,3394,4510424,2065.0,3973447,221.0,328803.0,3615,4839227,2286,4302250,5680,8812570
2022-01-04 15:00:00,5835,4516259,3466.0,3976913,162.0,328965.0,5997,4845224,3628,4305878,9463,8822033
2022-01-05 15:00:00,6826,4523085,4687.0,3981600,176.0,329141.0,7002,4852226,4863,4310741,11689,8833722
2022-01-06 15:00:00,6746,4529831,4806.0,3986406,263.0,329404.0,7009,4859235,5069,4315810,11815,8845537
2022-01-07 15:00:00,5943,4535774,3750.0,3990156,159.0,329563.0,6102,4865337,3909,4319719,9852,8855389
2022-01-08 15:00:00,4803,4540577,3909.0,3994065,79.0,329642.0,4882,4870219,3988,4323707,8791,8864180
2022-01-09 15:00:00,2758,4543335,2016.0,3996081,154.0,329796.0,2912,4873131,2170,4325877,4928,8869108
2022-01-10 15:00:00,6307,4549642,3838.0,3999919,155.0,329951.0,6462,4879593,3993,4329870,10300,8879408
2022-01-11 15:00:00,6536,4556178,4238.0,4004157,141.0,330092.0,6677,4886270,4379,4334249,10915,8890323
2022-01-12 15:00:00,6798,4562976,4448.0,4008605,225.0,330317.0,7023,4893293,4673,4338922,11471,8901794
2022-01-13 15:00:00,6590,4569566,4376.0,4012981,150.0,330467.0,6740,4900033,4526,4343448,11116,8912910
2022-01-14 15:00:00,7183,4576749,3272.0,4016253,252.0,330719.0,7435,4907468,3524,4346972,10707,8923617
2022-01-15 15:00:00,4252,4581001,1683.0,4017936,70.0,330789.0,4322,4911790,1753,4348725,6005,8929622
2022-01-16 15:00:00,2216,4583217,1318.0,4019254,116.0,330905.0,2332,4914122,1434,4350159,3650,8933272
2022-01-17 15:00:00,3609,4586826,2366.0,4021620,74.0,330979.0,3683,4917805,2440,4352599,6049,8939321
2022-01-18 15:00:00,5270,4592096,4170.0,4025790,102.0,331081.0,5372,4923177,4272,4356871,9542,8948863
2022-01-19 15:00:00,5280,4597376,4457.0,4030247,99.0,331180.0,5379,4928556,4556,4361427,9836,8958699
2022-01-20 15:00:00,4503,4601879,3587.0,4033834,176.0,331356.0,4679,4933235,3763,4365190,8266,8966965
2022-01-21 15:00:00,5568,4607447,2919.0,4036753,125.0,331481.0,5693,4938928,3044,4368234,8612,8975577
2022-01-22 15:00:00,3448,4610895,1722.0,4038475,134.0,331615.0,3582,4942510,1856,4370090,5304,8980881
2022-01-23 15:00:00,2031,4612926,1488.0,4039963,30.0,331645.0,2061,4944571,1518,4371608,3549,8984430
2022-01-24 15:00:00,4116,4617042,2768.0,4042731,88.0,331733.0,4204,4948775,2856,4374464,6972,8991402
2022-01-25 15:00:00,3788,4620830,3294.0,4046025,93.0,331826.0,3881,4952656,3387,4377851,7175,8998577
2022-01-26 15:00:00,3812,4624642,3650.0,4049675,93.0,331919.0,3905,4956561,3743,4381594,7555,9006132
2022-01-27 15:00:00,3712,4628354,3846.0,4053521,186.0,332105.0,3898,4960459,4032,4385626,7744,9013876
2022-01-28 15:00:00,3718,4632072,3139.0,4056660,74.0,332179.0,3792,4964251,3213,4388839,6931,9020807
2022-01-29 15:00:00,2214,4634286,2214.0,4058874,116.0,332295.0,2330,4966581,2330,4391169,4544,9025351
2022-01-30 15:00:00,1498,4635784,1595.0,4060469,16.0,332311.0,1514,4968095,1611,4392780,3109,9028460
2022-01-31 15:00:00,2921,4638705,3073.0,4063542,58.0,332369.0,2979,4971074,3131,4395911,6052,9034512
2022-02-01 15:00:00,2573,4641278,3301.0,4066843,71.0,332440.0,2644,4973718,3372,4399283,5945,9040457
2022-02-02 15:00:00,2689,4643967,3521.0,4070364,67.0,332507.0,2756,4976474,3588,4402871,6277,9046734
2022-02-03 15:00:00,1478,4645445,2058.0,4072422,28.0,332535.0,1506,4977980,2086,4404957,3564,9050298
