VACCINATION_DATE,FirstDailyDose,FirstDoseCumulative,SecondDailyDose,SecondDoseCumulative,SingleDailyDose,SingleDoseCumulative,AtleastOneVaccine,AtleastOneVaccineCumulative,CompletedVax,CompletedVaxCumulative,FirstSecondSingleVaccinations,FirstSecondSingleVaccinationsCumulative
2020-12-14 15:00:00,10,352,,77,,,10,352,0,77,10,401
2020-12-15 15:00:00,26,378,1.0,78,,,26,378,1,78,27,428
2020-12-16 15:00:00,558,936,1.0,79,,,558,936,1,79,559,987
2020-12-17 15:00:00,1093,2029,,79,,,1093,2029,0,79,1093,2080
2020-12-18 15:00:00,2933,4962,2.0,81,,,2933,4962,2,81,2935,5015
2020-12-19 15:00:00,892,5854,1.0,82,,,892,5854,1,82,893,5908
2020-12-20 15:00:00,294,6148,3.0,85,,,294,6148,3,85,297,6205
2020-12-21 15:00:00,3777,9925,7.0,92,,,3777,9925,7,92,3784,9989
2020-12-22 15:00:00,6259,16184,7.0,99,,,6259,16184,7,99,6266,16255
2020-12-23 15:00:00,5569,21753,15.0,114,,,5569,21753,15,114,5584,21839
2020-12-24 15:00:00,2669,24422,5.0,119,,,2669,24422,5,119,2674,24513
2020-12-25 15:00:00,1031,25453,2.0,121,,,1031,25453,2,121,1033,25546
2020-12-26 15:00:00,1693,27146,4.0,125,,,1693,27146,4,125,1697,27243
2020-12-27 15:00:00,1777,28923,5.0,130,,,1777,28923,5,130,1782,29025
2020-12-28 15:00:00,8676,37599,17.0,147,,,8676,37599,17,147,8693,37718
2020-12-29 15:00:00,10671,48270,13.0,160,,,10671,48270,13,160,10684,48402
2020-12-30 15:00:00,12359,60629,32.0,192,,,12359,60629,32,192,12391,60793
2020-12-31 15:00:00,7456,68085,14.0,206,,,7456,68085,14,206,7470,68263
2021-01-01 15:00:00,1889,69974,51.0,257,,,1889,69974,51,257,1940,70203
2021-01-02 15:00:00,2730,72704,27.0,284,,,2730,72704,27,284,2757,72960
2021-01-03 15:00:00,3211,75915,72.0,356,,,3211,75915,72,356,3283,76243
2021-01-04 15:00:00,12972,88887,275.0,631,,,12972,88887,275,631,13247,89490
2021-01-05 15:00:00,12062,100949,462.0,1093,,,12062,100949,462,1093,12524,102014
2021-01-06 15:00:00,14842,115791,796.0,1889,,,14842,115791,796,1889,15638,117652
2021-01-07 15:00:00,14793,130584,1639.0,3528,,,14793,130584,1639,3528,16432,134084
2021-01-08 15:00:00,23782,154366,2644.0,6172,,,23782,154366,2644,6172,26426,160510
2021-01-09 15:00:00,5022,159388,905.0,7077,,,5022,159388,905,7077,5927,166437
2021-01-10 15:00:00,2830,162218,353.0,7430,,,2830,162218,353,7430,3183,169620
2021-01-11 15:00:00,13534,175752,3322.0,10752,,,13534,175752,3322,10752,16856,186476
2021-01-12 15:00:00,17168,192920,5425.0,16177,,,17168,192920,5425,16177,22593,209069
2021-01-13 15:00:00,18334,211254,3770.0,19947,,,18334,211254,3770,19947,22104,231173
2021-01-14 15:00:00,17633,228887,1862.0,21809,,,17633,228887,1862,21809,19495,250668
2021-01-15 15:00:00,19222,248109,1856.0,23665,,,19222,248109,1856,23665,21078,271746
2021-01-16 15:00:00,5630,253739,1541.0,25206,,,5630,253739,1541,25206,7171,278917
2021-01-17 15:00:00,2160,255899,1329.0,26535,,,2160,255899,1329,26535,3489,282406
2021-01-18 15:00:00,7195,263094,2924.0,29459,,,7195,263094,2924,29459,10119,292525
2021-01-19 15:00:00,17013,280107,5227.0,34686,,,17013,280107,5227,34686,22240,314765
2021-01-20 15:00:00,21097,301204,5100.0,39786,,,21097,301204,5100,39786,26197,340962
2021-01-21 15:00:00,23634,324838,3543.0,43329,,,23634,324838,3543,43329,27177,368139
2021-01-22 15:00:00,28803,353641,3325.0,46654,,,28803,353641,3325,46654,32128,400267
2021-01-23 15:00:00,9998,363639,1737.0,48391,,,9998,363639,1737,48391,11735,412002
2021-01-24 15:00:00,3349,366988,1584.0,49975,,,3349,366988,1584,49975,4933,416935
2021-01-25 15:00:00,16669,383657,8184.0,58159,,,16669,383657,8184,58159,24853,441788
2021-01-26 15:00:00,17911,401568,8621.0,66780,,,17911,401568,8621,66780,26532,468320
2021-01-27 15:00:00,24953,426521,12217.0,78997,,,24953,426521,12217,78997,37170,505490
2021-01-28 15:00:00,23200,449721,9053.0,88050,,,23200,449721,9053,88050,32253,537743
2021-01-29 15:00:00,25422,475143,7620.0,95670,,,25422,475143,7620,95670,33042,570785
2021-01-30 15:00:00,18315,493458,2375.0,98045,,,18315,493458,2375,98045,20690,591475
2021-01-31 15:00:00,4067,497525,1238.0,99283,,,4067,497525,1238,99283,5305,596780
2021-02-01 15:00:00,7073,504598,4584.0,103867,,,7073,504598,4584,103867,11657,608437
2021-02-02 15:00:00,12635,517233,13501.0,117368,,,12635,517233,13501,117368,26136,634573
2021-02-03 15:00:00,18540,535773,17893.0,135261,,,18540,535773,17893,135261,36433,671006
2021-02-04 15:00:00,22324,558097,15489.0,150750,,,22324,558097,15489,150750,37813,708819
2021-02-05 15:00:00,20393,578490,17187.0,167937,,,20393,578490,17187,167937,37580,746399
2021-02-06 15:00:00,12010,590500,14257.0,182194,,,12010,590500,14257,182194,26267,772666
2021-02-07 15:00:00,5916,596416,1699.0,183893,,,5916,596416,1699,183893,7615,780281
2021-02-08 15:00:00,13188,609604,12896.0,196789,,,13188,609604,12896,196789,26084,806365
2021-02-09 15:00:00,16551,626155,13834.0,210623,,,16551,626155,13834,210623,30385,836750
2021-02-10 15:00:00,19137,645292,21195.0,231818,,,19137,645292,21195,231818,40332,877082
2021-02-11 15:00:00,22767,668059,17314.0,249132,,,22767,668059,17314,249132,40081,917163
2021-02-12 15:00:00,20255,688314,19646.0,268778,,,20255,688314,19646,268778,39901,957064
2021-02-13 15:00:00,11314,699628,6216.0,274994,,,11314,699628,6216,274994,17530,974594
2021-02-14 15:00:00,7030,706658,2004.0,276998,,,7030,706658,2004,276998,9034,983628
2021-02-15 15:00:00,11604,718262,13043.0,290041,,,11604,718262,13043,290041,24647,1008275
2021-02-16 15:00:00,16475,734737,21504.0,311545,,,16475,734737,21504,311545,37979,1046254
2021-02-17 15:00:00,20521,755258,26890.0,338435,,,20521,755258,26890,338435,47411,1093665
2021-02-18 15:00:00,3118,758376,4638.0,343073,,,3118,758376,4638,343073,7756,1101421
2021-02-19 15:00:00,10193,768569,20252.0,363325,,,10193,768569,20252,363325,30445,1131866
2021-02-20 15:00:00,10261,778830,20669.0,383994,,,10261,778830,20669,383994,30930,1162796
2021-02-21 15:00:00,6082,784912,7816.0,391810,,,6082,784912,7816,391810,13898,1176694
2021-02-22 15:00:00,8013,792925,15697.0,407507,,,8013,792925,15697,407507,23710,1200404
2021-02-23 15:00:00,15501,808426,16298.0,423805,,,15501,808426,16298,423805,31799,1232203
2021-02-24 15:00:00,17886,826312,24997.0,448802,,,17886,826312,24997,448802,42883,1275086
2021-02-25 15:00:00,20319,846631,26705.0,475507,,,20319,846631,26705,475507,47024,1322110
2021-02-26 15:00:00,26709,873340,26197.0,501704,,,26709,873340,26197,501704,52906,1375016
2021-02-27 15:00:00,15995,889335,11583.0,513287,,,15995,889335,11583,513287,27578,1402594
2021-02-28 15:00:00,15413,904748,4709.0,517996,,,15413,904748,4709,517996,20122,1422716
2021-03-01 15:00:00,24826,929574,12051.0,530047,,,24826,929574,12051,530047,36877,1459593
2021-03-02 15:00:00,23744,953318,13138.0,543185,24.0,24.0,23768,953342,13162,543209,36906,1496499
2021-03-03 15:00:00,29889,983207,18114.0,561299,155.0,179.0,30044,983386,18269,561478,48158,1544657
2021-03-04 15:00:00,30875,1014082,17926.0,579225,4062.0,4241.0,34937,1018323,21988,583466,52863,1597520
2021-03-05 15:00:00,28912,1042994,18935.0,598160,4893.0,9134.0,33805,1052128,23828,607294,52740,1650260
2021-03-06 15:00:00,17645,1060639,8771.0,606931,5965.0,15099.0,23610,1075738,14736,622030,32381,1682641
2021-03-07 15:00:00,11991,1072630,4733.0,611664,6564.0,21663.0,18555,1094293,11297,633327,23288,1705929
2021-03-08 15:00:00,25998,1098628,8563.0,620227,8267.0,29930.0,34265,1128558,16830,650157,42828,1748757
2021-03-09 15:00:00,26230,1124858,15159.0,635386,8315.0,38245.0,34545,1163103,23474,673631,49704,1798461
2021-03-10 15:00:00,29919,1154777,15684.0,651070,7926.0,46171.0,37845,1200948,23610,697241,53529,1851990
2021-03-11 15:00:00,36029,1190806,16193.0,667263,4024.0,50195.0,40053,1241001,20217,717458,56246,1908236
2021-03-12 15:00:00,36975,1227781,17808.0,685071,2906.0,53101.0,39881,1280882,20714,738172,57689,1965925
2021-03-13 15:00:00,22431,1250212,10095.0,695166,1575.0,54676.0,24006,1304888,11670,749842,34101,2000026
2021-03-14 15:00:00,17763,1267975,6557.0,701723,978.0,55654.0,18741,1323629,7535,757377,25298,2025324
2021-03-15 15:00:00,29724,1297699,11101.0,712824,578.0,56232.0,30302,1353931,11679,769056,41403,2066727
2021-03-16 15:00:00,33413,1331112,13306.0,726130,765.0,56997.0,34178,1388109,14071,783127,47484,2114211
2021-03-17 15:00:00,37505,1368617,16720.0,742850,1165.0,58162.0,38670,1426779,17885,801012,55390,2169601
2021-03-18 15:00:00,41290,1409907,12384.0,755234,1349.0,59511.0,42639,1469418,13733,814745,55023,2224624
2021-03-19 15:00:00,37923,1447830,15318.0,770552,1037.0,60548.0,38960,1508378,16355,831100,54278,2278902
2021-03-20 15:00:00,24305,1472135,9826.0,780378,1115.0,61663.0,25420,1533798,10941,842041,35246,2314148
2021-03-21 15:00:00,18978,1491113,7666.0,788044,317.0,61980.0,19295,1553093,7983,850024,26961,2341109
2021-03-22 15:00:00,32488,1523601,11367.0,799411,823.0,62803.0,33311,1586404,12190,862214,44678,2385787
2021-03-23 15:00:00,37630,1561231,17215.0,816626,1528.0,64331.0,39158,1625562,18743,880957,56373,2442160
2021-03-24 15:00:00,40982,1602213,20846.0,837472,1361.0,65692.0,42343,1667905,22207,903164,63189,2505349
2021-03-25 15:00:00,42297,1644510,20736.0,858208,2511.0,68203.0,44808,1712713,23247,926411,65544,2570893
2021-03-26 15:00:00,36648,1681158,25804.0,884012,2497.0,70700.0,39145,1751858,28301,954712,64949,2635842
2021-03-27 15:00:00,27761,1708919,16697.0,900709,2718.0,73418.0,30479,1782337,19415,974127,47176,2683018
2021-03-28 15:00:00,16951,1725870,12459.0,913168,1614.0,75032.0,18565,1800902,14073,988200,31024,2714042
2021-03-29 15:00:00,29706,1755576,26230.0,939398,1126.0,76158.0,30832,1831734,27356,1015556,57062,2771104
2021-03-30 15:00:00,39905,1795481,28873.0,968271,1834.0,77992.0,41739,1873473,30707,1046263,70612,2841716
2021-03-31 15:00:00,40852,1836333,34508.0,1002779,5729.0,83721.0,46581,1920054,40237,1086500,81089,2922805
2021-04-01 15:00:00,39527,1875860,38947.0,1041726,5510.0,89231.0,45037,1965091,44457,1130957,83984,3006789
2021-04-02 15:00:00,34768,1910628,32218.0,1073944,5924.0,95155.0,40692,2005783,38142,1169099,72910,3079699
2021-04-03 15:00:00,21463,1932091,18388.0,1092332,4416.0,99571.0,25879,2031662,22804,1191903,44267,3123966
2021-04-04 15:00:00,8229,1940320,10074.0,1102406,947.0,100518.0,9176,2040838,11021,1202924,19250,3143216
2021-04-05 15:00:00,27839,1968159,28723.0,1131129,6609.0,107127.0,34448,2075286,35332,1238256,63171,3206387
2021-04-06 15:00:00,39785,2007944,30262.0,1161391,10458.0,117585.0,50243,2125529,40720,1278976,80505,3286892
2021-04-07 15:00:00,35999,2043943,33875.0,1195266,12898.0,130483.0,48897,2174426,46773,1325749,82772,3369664
2021-04-08 15:00:00,42268,2086211,35759.0,1231025,13826.0,144309.0,56094,2230520,49585,1375334,91853,3461517
2021-04-09 15:00:00,34063,2120274,35960.0,1266985,14458.0,158767.0,48521,2279041,50418,1425752,84481,3545998
2021-04-10 15:00:00,23937,2144211,22777.0,1289762,7600.0,166367.0,31537,2310578,30377,1456129,54314,3600312
2021-04-11 15:00:00,17541,2161752,13167.0,1302929,10600.0,176967.0,28141,2338719,23767,1479896,41308,3641620
2021-04-12 15:00:00,24652,2186404,32914.0,1335843,10921.0,187888.0,35573,2374292,43835,1523731,68487,3710107
2021-04-13 15:00:00,126905,2313309,90382.0,1426225,3293.0,191181.0,130198,2504490,93675,1617406,220580,3930687
2021-04-14 15:00:00,40727,2354036,37518.0,1463743,204.0,191385.0,40931,2545421,37722,1655128,78449,4009136
2021-04-15 15:00:00,41672,2395708,38820.0,1502563,169.0,191554.0,41841,2587262,38989,1694117,80661,4089797
2021-04-16 15:00:00,37229,2432937,38434.0,1540997,20.0,191574.0,37249,2624511,38454,1732571,75683,4165480
2021-04-17 15:00:00,32907,2465844,21731.0,1562728,11.0,191585.0,32918,2657429,21742,1754313,54649,4220129
2021-04-18 15:00:00,19983,2485827,16088.0,1578816,3.0,191588.0,19986,2677415,16091,1770404,36074,4256203
2021-04-19 15:00:00,29944,2515771,36327.0,1615143,62.0,191650.0,30006,2707421,36389,1806793,66333,4322536
2021-04-20 15:00:00,33036,2548807,43796.0,1658939,53.0,191703.0,33089,2740510,43849,1850642,76885,4399421
2021-04-21 15:00:00,39596,2588403,45654.0,1704593,19.0,191722.0,39615,2780125,45673,1896315,85269,4484690
2021-04-22 15:00:00,36335,2624738,40981.0,1745574,16.0,191738.0,36351,2816476,40997,1937312,77332,4562022
2021-04-23 15:00:00,32651,2657389,39355.0,1784929,17.0,191755.0,32668,2849144,39372,1976684,72023,4634045
2021-04-24 15:00:00,26333,2683722,28372.0,1813301,76.0,191831.0,26409,2875553,28448,2005132,54781,4688826
2021-04-25 15:00:00,20182,2703904,10767.0,1824068,30.0,191861.0,20212,2895765,10797,2015929,30979,4719805
2021-04-26 15:00:00,27357,2731261,32497.0,1856565,205.0,192066.0,27562,2923327,32702,2048631,60059,4779864
2021-04-27 15:00:00,26724,2757985,32730.0,1889295,1096.0,193162.0,27820,2951147,33826,2082457,60550,4840414
2021-04-28 15:00:00,28975,2786960,39103.0,1928398,1358.0,194520.0,30333,2981480,40461,2122918,69436,4909850
2021-04-29 15:00:00,27381,2814341,38932.0,1967330,1459.0,195979.0,28840,3010320,40391,2163309,67772,4977622
2021-04-30 15:00:00,28024,2842365,31710.0,1999040,1619.0,197598.0,29643,3039963,33329,2196638,61353,5038975
2021-05-01 15:00:00,19966,2862331,25842.0,2024882,983.0,198581.0,20949,3060912,26825,2223463,46791,5085766
2021-05-02 15:00:00,10227,2872558,16915.0,2041797,811.0,199392.0,11038,3071950,17726,2241189,27953,5113719
2021-05-03 15:00:00,12968,2885526,29366.0,2071163,1905.0,201297.0,14873,3086823,31271,2272460,44239,5157958
2021-05-04 15:00:00,14195,2899721,39219.0,2110382,1724.0,203021.0,15919,3102742,40943,2313403,55138,5213096
2021-05-05 15:00:00,19245,2918966,37459.0,2147841,1905.0,204926.0,21150,3123892,39364,2352767,58609,5271705
2021-05-06 15:00:00,16946,2935912,39525.0,2187366,1702.0,206628.0,18648,3142540,41227,2393994,58173,5329878
2021-05-07 15:00:00,17380,2953292,35478.0,2222844,1928.0,208556.0,19308,3161848,37406,2431400,54786,5384664
2021-05-08 15:00:00,10790,2964082,30994.0,2253838,1288.0,209844.0,12078,3173926,32282,2463682,43072,5427736
2021-05-09 15:00:00,5059,2969141,11807.0,2265645,693.0,210537.0,5752,3179678,12500,2476182,17559,5445295
2021-05-10 15:00:00,8944,2978085,30971.0,2296616,1349.0,211886.0,10293,3189971,32320,2508502,41264,5486559
2021-05-11 15:00:00,12183,2990268,30106.0,2326722,1442.0,213328.0,13625,3203596,31548,2540050,43731,5530290
2021-05-12 15:00:00,13964,3004232,38304.0,2365026,1891.0,215219.0,15855,3219451,40195,2580245,54159,5584449
2021-05-13 15:00:00,21769,3026001,33204.0,2398230,1351.0,216570.0,23120,3242571,34555,2614800,56324,5640773
2021-05-14 15:00:00,24371,3050372,29522.0,2427752,1763.0,218333.0,26134,3268705,31285,2646085,55656,5696429
2021-05-15 15:00:00,21817,3072189,24783.0,2452535,1526.0,219859.0,23343,3292048,26309,2672394,48126,5744555
2021-05-16 15:00:00,9044,3081233,17423.0,2469958,1103.0,220962.0,10147,3302195,18526,2690920,27570,5772125
2021-05-17 15:00:00,16819,3098052,28215.0,2498173,1934.0,222896.0,18753,3320948,30149,2721069,46968,5819093
2021-05-18 15:00:00,21236,3119288,30524.0,2528697,1931.0,224827.0,23167,3344115,32455,2753524,53691,5872784
2021-05-19 15:00:00,27501,3146789,32128.0,2560825,1619.0,226446.0,29120,3373235,33747,2787271,61248,5934032
2021-05-20 15:00:00,20647,3167436,33046.0,2593871,1953.0,228399.0,22600,3395835,34999,2822270,55646,5989678
2021-05-21 15:00:00,19309,3186745,29768.0,2623639,1607.0,230006.0,20916,3416751,31375,2853645,50684,6040362
2021-05-22 15:00:00,16834,3203579,20444.0,2644083,1269.0,231275.0,18103,3434854,21713,2875358,38547,6078909
2021-05-23 15:00:00,8734,3212313,11319.0,2655402,957.0,232232.0,9691,3444545,12276,2887634,21010,6099919
2021-05-24 15:00:00,13437,3225750,17728.0,2673130,1475.0,233707.0,14912,3459457,19203,2906837,32640,6132559
2021-05-25 15:00:00,12859,3238609,18651.0,2691781,1325.0,235032.0,14184,3473641,19976,2926813,32835,6165394
2021-05-26 15:00:00,18170,3256779,19319.0,2711100,1504.0,236536.0,19674,3493315,20823,2947636,38993,6204387
2021-05-27 15:00:00,11705,3268484,18445.0,2729545,1128.0,237664.0,12833,3506148,19573,2967209,31278,6235665
2021-05-28 15:00:00,12511,3280995,19499.0,2749044,1395.0,239059.0,13906,3520054,20894,2988103,33405,6269070
2021-05-29 15:00:00,9552,3290547,11519.0,2760563,935.0,239994.0,10487,3530541,12454,3000557,22006,6291076
2021-05-30 15:00:00,4885,3295432,6438.0,2767001,596.0,240590.0,5481,3536022,7034,3007591,11919,6302995
2021-05-31 15:00:00,1765,3297197,3625.0,2770626,304.0,240894.0,2069,3538091,3929,3011520,5694,6308689
2021-06-01 15:00:00,9274,3306471,16312.0,2786938,1129.0,242023.0,10403,3548494,17441,3028961,26715,6335404
2021-06-02 15:00:00,10076,3316547,16609.0,2803547,950.0,242973.0,11026,3559520,17559,3046520,27635,6363039
2021-06-03 15:00:00,7904,3324451,20973.0,2824520,1079.0,244052.0,8983,3568503,22052,3068572,29956,6392995
2021-06-04 15:00:00,8262,3332713,21884.0,2846404,1046.0,245098.0,9308,3577811,22930,3091502,31192,6424187
2021-06-05 15:00:00,7024,3339737,19211.0,2865615,716.0,245814.0,7740,3585551,19927,3111429,26951,6451138
2021-06-06 15:00:00,3428,3343165,7119.0,2872734,400.0,246214.0,3828,3589379,7519,3118948,10947,6462085
2021-06-07 15:00:00,6809,3349974,15578.0,2888312,721.0,246935.0,7530,3596909,16299,3135247,23108,6485193
2021-06-08 15:00:00,6689,3356663,19551.0,2907863,809.0,247744.0,7498,3604407,20360,3155607,27049,6512242
2021-06-09 15:00:00,8133,3364796,23689.0,2931552,948.0,248692.0,9081,3613488,24637,3180244,32770,6545012
2021-06-10 15:00:00,7154,3371950,18901.0,2950453,884.0,249576.0,8038,3621526,19785,3200029,26939,6571951
2021-06-11 15:00:00,7362,3379312,17428.0,2967881,1113.0,250689.0,8475,3630001,18541,3218570,25903,6597854
2021-06-12 15:00:00,5201,3384513,14531.0,2982412,605.0,251294.0,5806,3635807,15136,3233706,20337,6618191
2021-06-13 15:00:00,1934,3386447,7501.0,2989913,424.0,251718.0,2358,3638165,7925,3241631,9859,6628050
2021-06-14 15:00:00,5632,3392079,11676.0,3001589,712.0,252430.0,6344,3644509,12388,3254019,18020,6646070
2021-06-15 15:00:00,5549,3397628,14142.0,3015731,831.0,253261.0,6380,3650889,14973,3268992,20522,6666592
2021-06-16 15:00:00,8621,3406249,21287.0,3037018,735.0,253996.0,9356,3660245,22022,3291014,30643,6697235
2021-06-17 15:00:00,6522,3412771,12002.0,3049020,695.0,254691.0,7217,3667462,12697,3303711,19219,6716454
2021-06-18 15:00:00,6595,3419366,12281.0,3061301,672.0,255363.0,7267,3674729,12953,3316664,19548,6736002
2021-06-19 15:00:00,4354,3423720,8890.0,3070191,573.0,255936.0,4927,3679656,9463,3326127,13817,6749819
2021-06-20 15:00:00,2302,3426022,4765.0,3074956,372.0,256308.0,2674,3682330,5137,3331264,7439,6757258
2021-06-21 15:00:00,5465,3431487,5208.0,3080164,625.0,256933.0,6090,3688420,5833,3337097,11298,6768556
2021-06-22 15:00:00,5110,3436597,8719.0,3088883,671.0,257604.0,5781,3694201,9390,3346487,14500,6783056
2021-06-23 15:00:00,5905,3442502,9824.0,3098707,609.0,258213.0,6514,3700715,10433,3356920,16338,6799394
2021-06-24 15:00:00,5782,3448284,7993.0,3106700,557.0,258770.0,6339,3707054,8550,3365470,14332,6813726
2021-06-25 15:00:00,5259,3453543,7749.0,3114449,592.0,259362.0,5851,3712905,8341,3373811,13600,6827326
2021-06-26 15:00:00,3655,3457198,6165.0,3120614,378.0,259740.0,4033,3716938,6543,3380354,10198,6837524
2021-06-27 15:00:00,2602,3459800,3461.0,3124075,181.0,259921.0,2783,3719721,3642,3383996,6244,6843768
2021-06-28 15:00:00,4654,3464454,5832.0,3129907,512.0,260433.0,5166,3724887,6344,3390340,10998,6854766
2021-06-29 15:00:00,4925,3469379,6292.0,3136199,496.0,260929.0,5421,3730308,6788,3397128,11713,6866479
2021-06-30 15:00:00,5359,3474738,7049.0,3143248,588.0,261517.0,5947,3736255,7637,3404765,12996,6879475
2021-07-01 15:00:00,4863,3479601,6521.0,3149769,431.0,261948.0,5294,3741549,6952,3411717,11815,6891290
2021-07-02 15:00:00,5018,3484619,6301.0,3156070,459.0,262407.0,5477,3747026,6760,3418477,11778,6903068
2021-07-03 15:00:00,3155,3487774,3941.0,3160011,246.0,262653.0,3401,3750427,4187,3422664,7342,6910410
2021-07-04 15:00:00,403,3488177,450.0,3160461,41.0,262694.0,444,3750871,491,3423155,894,6911304
2021-07-05 15:00:00,950,3489127,1118.0,3161579,91.0,262785.0,1041,3751912,1209,3424364,2159,6913463