VACCINATION_DATE,FirstDailyDose,FirstDoseCumulative,SecondDailyDose,SecondDoseCumulative,SingleDailyDose,SingleDoseCumulative,AtleastOneVaccine,AtleastOneVaccineCumulative,CompletedVax,CompletedVaxCumulative,FirstSecondSingleVaccinations,FirstSecondSingleVaccinationsCumulative
2020-12-14 15:00:00,19,1516,,537,,,19,1516,0,537,19,1988
2020-12-15 15:00:00,63,1579,3.0,540,,,63,1579,3,540,66,2054
2020-12-16 15:00:00,598,2177,5.0,545,,,598,2177,5,545,603,2657
2020-12-17 15:00:00,1171,3348,8.0,553,,,1171,3348,8,553,1179,3836
2020-12-18 15:00:00,3033,6381,12.0,565,,,3033,6381,12,565,3045,6881
2020-12-19 15:00:00,929,7310,8.0,573,,,929,7310,8,573,937,7818
2020-12-20 15:00:00,370,7680,6.0,579,,,370,7680,6,579,376,8194
2020-12-21 15:00:00,3902,11582,28.0,607,,,3902,11582,28,607,3930,12124
2020-12-22 15:00:00,6330,17912,31.0,638,,,6330,17912,31,638,6361,18485
2020-12-23 15:00:00,5795,23707,42.0,680,,,5795,23707,42,680,5837,24322
2020-12-24 15:00:00,2729,26436,16.0,696,,,2729,26436,16,696,2745,27067
2020-12-25 15:00:00,1035,27471,4.0,700,,,1035,27471,4,700,1039,28106
2020-12-26 15:00:00,1887,29358,10.0,710,,,1887,29358,10,710,1897,30003
2020-12-27 15:00:00,1805,31163,12.0,722,,,1805,31163,12,722,1817,31820
2020-12-28 15:00:00,9000,40163,53.0,775,,,9000,40163,53,775,9053,40873
2020-12-29 15:00:00,10986,51149,54.0,829,,,10986,51149,54,829,11040,51913
2020-12-30 15:00:00,12515,63664,98.0,927,,,12515,63664,98,927,12613,64526
2020-12-31 15:00:00,7567,71231,49.0,976,,,7567,71231,49,976,7616,72142
2021-01-01 15:00:00,3451,74682,146.0,1122,,,3451,74682,146,1122,3597,75739
2021-01-02 15:00:00,3066,77748,34.0,1156,,,3066,77748,34,1156,3100,78839
2021-01-03 15:00:00,3419,81167,82.0,1238,,,3419,81167,82,1238,3501,82340
2021-01-04 15:00:00,13386,94553,345.0,1583,,,13386,94553,345,1583,13731,96071
2021-01-05 15:00:00,12498,107051,551.0,2134,,,12498,107051,551,2134,13049,109120
2021-01-06 15:00:00,15289,122340,872.0,3006,,,15289,122340,872,3006,16161,125281
2021-01-07 15:00:00,15057,137397,1792.0,4798,,,15057,137397,1792,4798,16849,142130
2021-01-08 15:00:00,24038,161435,2797.0,7595,,,24038,161435,2797,7595,26835,168965
2021-01-09 15:00:00,5191,166626,959.0,8554,,,5191,166626,959,8554,6150,175115
2021-01-10 15:00:00,2992,169618,390.0,8944,,,2992,169618,390,8944,3382,178497
2021-01-11 15:00:00,13756,183374,3490.0,12434,,,13756,183374,3490,12434,17246,195743
2021-01-12 15:00:00,17411,200785,5603.0,18037,,,17411,200785,5603,18037,23014,218757
2021-01-13 15:00:00,18645,219430,3942.0,21979,,,18645,219430,3942,21979,22587,241344
2021-01-14 15:00:00,17886,237316,1974.0,23953,,,17886,237316,1974,23953,19860,261204
2021-01-15 15:00:00,19516,256832,2043.0,25996,,,19516,256832,2043,25996,21559,282763
2021-01-16 15:00:00,5852,262684,1626.0,27622,,,5852,262684,1626,27622,7478,290241
2021-01-17 15:00:00,2131,264815,1479.0,29101,,,2131,264815,1479,29101,3610,293851
2021-01-18 15:00:00,7087,271902,3273.0,32374,,,7087,271902,3273,32374,10360,304211
2021-01-19 15:00:00,16970,288872,5423.0,37797,,,16970,288872,5423,37797,22393,326604
2021-01-20 15:00:00,21024,309896,5349.0,43146,,,21024,309896,5349,43146,26373,352977
2021-01-21 15:00:00,23844,333740,3877.0,47023,,,23844,333740,3877,47023,27721,380698
2021-01-22 15:00:00,28677,362417,3779.0,50802,,,28677,362417,3779,50802,32456,413154
2021-01-23 15:00:00,10133,372550,1951.0,52753,,,10133,372550,1951,52753,12084,425238
2021-01-24 15:00:00,3365,375915,1727.0,54480,,,3365,375915,1727,54480,5092,430330
2021-01-25 15:00:00,16319,392234,8631.0,63111,,,16319,392234,8631,63111,24950,455280
2021-01-26 15:00:00,17575,409809,8994.0,72105,,,17575,409809,8994,72105,26569,481849
2021-01-27 15:00:00,24451,434260,12592.0,84697,,,24451,434260,12592,84697,37043,518892
2021-01-28 15:00:00,22679,456939,9355.0,94052,,,22679,456939,9355,94052,32034,550926
2021-01-29 15:00:00,24800,481739,7947.0,101999,,,24800,481739,7947,101999,32747,583673
2021-01-30 15:00:00,17804,499543,2575.0,104574,,,17804,499543,2575,104574,20379,604052
2021-01-31 15:00:00,3769,503312,1376.0,105950,,,3769,503312,1376,105950,5145,609197
2021-02-01 15:00:00,8243,511555,5460.0,111410,,,8243,511555,5460,111410,13703,622900
2021-02-02 15:00:00,12537,524092,13850.0,125260,,,12537,524092,13850,125260,26387,649287
2021-02-03 15:00:00,18289,542381,18158.0,143418,,,18289,542381,18158,143418,36447,685734
2021-02-04 15:00:00,22156,564537,15812.0,159230,,,22156,564537,15812,159230,37968,723702
2021-02-05 15:00:00,20427,584964,17463.0,176693,,,20427,584964,17463,176693,37890,761592
2021-02-06 15:00:00,11391,596355,14546.0,191239,,,11391,596355,14546,191239,25937,787529
2021-02-07 15:00:00,5994,602349,1956.0,193195,,,5994,602349,1956,193195,7950,795479
2021-02-08 15:00:00,13030,615379,12992.0,206187,,,13030,615379,12992,206187,26022,821501
2021-02-09 15:00:00,16681,632060,13903.0,220090,,,16681,632060,13903,220090,30584,852085
2021-02-10 15:00:00,19344,651404,21335.0,241425,,,19344,651404,21335,241425,40679,892764
2021-02-11 15:00:00,22956,674360,17401.0,258826,,,22956,674360,17401,258826,40357,933121
2021-02-12 15:00:00,20455,694815,19689.0,278515,,,20455,694815,19689,278515,40144,973265
2021-02-13 15:00:00,11479,706294,6436.0,284951,,,11479,706294,6436,284951,17915,991180
2021-02-14 15:00:00,7122,713416,2143.0,287094,,,7122,713416,2143,287094,9265,1000445
2021-02-15 15:00:00,11773,725189,13358.0,300452,,,11773,725189,13358,300452,25131,1025576
2021-02-16 15:00:00,16666,741855,21044.0,321496,,,16666,741855,21044,321496,37710,1063286
2021-02-17 15:00:00,20696,762551,26402.0,347898,,,20696,762551,26402,347898,47098,1110384
2021-02-18 15:00:00,3209,765760,4634.0,352532,,,3209,765760,4634,352532,7843,1118227
2021-02-19 15:00:00,10272,776032,19948.0,372480,,,10272,776032,19948,372480,30220,1148447
2021-02-20 15:00:00,10321,786353,20330.0,392810,,,10321,786353,20330,392810,30651,1179098
2021-02-21 15:00:00,6198,792551,7674.0,400484,,,6198,792551,7674,400484,13872,1192970
2021-02-22 15:00:00,8051,800602,15508.0,415992,,,8051,800602,15508,415992,23559,1216529
2021-02-23 15:00:00,15543,816145,15997.0,431989,,,15543,816145,15997,431989,31540,1248069
2021-02-24 15:00:00,18009,834154,24858.0,456847,,,18009,834154,24858,456847,42867,1290936
2021-02-25 15:00:00,20409,854563,26606.0,483453,,,20409,854563,26606,483453,47015,1337951
2021-02-26 15:00:00,26698,881261,26295.0,509748,,,26698,881261,26295,509748,52993,1390944
2021-02-27 15:00:00,16036,897297,11172.0,520920,,,16036,897297,11172,520920,27208,1418152
2021-02-28 15:00:00,15535,912832,4901.0,525821,,,15535,912832,4901,525821,20436,1438588
2021-03-01 15:00:00,27347,940179,12724.0,538545,,,27347,940179,12724,538545,40071,1478659
2021-03-02 15:00:00,24020,964199,13316.0,551861,38.0,38.0,24058,964237,13354,551899,37374,1516033
2021-03-03 15:00:00,30269,994468,18442.0,570303,195.0,233.0,30464,994701,18637,570536,48906,1564939
2021-03-04 15:00:00,31024,1025492,18268.0,588571,4065.0,4298.0,35089,1029790,22333,592869,53357,1618296
2021-03-05 15:00:00,30130,1055622,19797.0,608368,4913.0,9211.0,35043,1064833,24710,617579,54840,1673136
2021-03-06 15:00:00,19007,1074629,9543.0,617911,6011.0,15222.0,25018,1089851,15554,633133,34561,1707697
2021-03-07 15:00:00,12156,1086785,4934.0,622845,6606.0,21828.0,18762,1108613,11540,644673,23696,1731393
2021-03-08 15:00:00,25939,1112724,8872.0,631717,8276.0,30104.0,34215,1142828,17148,661821,43087,1774480
2021-03-09 15:00:00,26166,1138890,15514.0,647231,8345.0,38449.0,34511,1177339,23859,685680,50025,1824505
2021-03-10 15:00:00,29908,1168798,16072.0,663303,7937.0,46386.0,37845,1215184,24009,709689,53917,1878422
2021-03-11 15:00:00,36036,1204834,16440.0,679743,3981.0,50367.0,40017,1255201,20421,730110,56457,1934879
2021-03-12 15:00:00,36928,1241762,18180.0,697923,2928.0,53295.0,39856,1295057,21108,751218,58036,1992915
2021-03-13 15:00:00,22677,1264439,10349.0,708272,1629.0,54924.0,24306,1319363,11978,763196,34655,2027570
2021-03-14 15:00:00,17847,1282286,6744.0,715016,1010.0,55934.0,18857,1338220,7754,770950,25601,2053171
2021-03-15 15:00:00,29918,1312204,11385.0,726401,600.0,56534.0,30518,1368738,11985,782935,41903,2095074
2021-03-16 15:00:00,33495,1345699,13602.0,740003,774.0,57308.0,34269,1403007,14376,797311,47871,2142945
2021-03-17 15:00:00,37647,1383346,17109.0,757112,1184.0,58492.0,38831,1441838,18293,815604,55940,2198885
2021-03-18 15:00:00,41487,1424833,12720.0,769832,1353.0,59845.0,42840,1484678,14073,829677,55560,2254445
2021-03-19 15:00:00,38393,1463226,15449.0,785281,1045.0,60890.0,39438,1524116,16494,846171,54887,2309332
2021-03-20 15:00:00,24750,1487976,10243.0,795524,706.0,61596.0,25456,1549572,10949,857120,35699,2345031
2021-03-21 15:00:00,19210,1507186,7923.0,803447,342.0,61938.0,19552,1569124,8265,865385,27475,2372506
2021-03-22 15:00:00,32617,1539803,11524.0,814971,835.0,62773.0,33452,1602576,12359,877744,44976,2417482
2021-03-23 15:00:00,38419,1578222,17889.0,832860,1557.0,64330.0,39976,1642552,19446,897190,57865,2475347
2021-03-24 15:00:00,41091,1619313,21282.0,854142,1389.0,65719.0,42480,1685032,22671,919861,63762,2539109
2021-03-25 15:00:00,42942,1662255,21770.0,875912,2457.0,68176.0,45399,1730431,24227,944088,67169,2606278
2021-03-26 15:00:00,36405,1698660,26732.0,902644,2495.0,70671.0,38900,1769331,29227,973315,65632,2671910
2021-03-27 15:00:00,26476,1725136,17342.0,919986,2490.0,73161.0,28966,1798297,19832,993147,46308,2718218
2021-03-28 15:00:00,17013,1742149,12695.0,932681,1615.0,74776.0,18628,1816925,14310,1007457,31323,2749541
2021-03-29 15:00:00,29727,1771876,26419.0,959100,1142.0,75918.0,30869,1847794,27561,1035018,57288,2806829
2021-03-30 15:00:00,40084,1811960,29108.0,988208,1865.0,77783.0,41949,1889743,30973,1065991,71057,2877886
2021-03-31 15:00:00,41038,1852998,34770.0,1022978,5747.0,83530.0,46785,1936528,40517,1106508,81555,2959441
2021-04-01 15:00:00,42561,1895559,41267.0,1064245,5771.0,89301.0,48332,1984860,47038,1153546,89599,3049040
2021-04-02 15:00:00,34972,1930531,32758.0,1097003,6135.0,95436.0,41107,2025967,38893,1192439,73865,3122905
2021-04-03 15:00:00,21191,1951722,19248.0,1116251,4395.0,99831.0,25586,2051553,23643,1216082,44834,3167739
2021-04-04 15:00:00,8310,1960032,10226.0,1126477,968.0,100799.0,9278,2060831,11194,1227276,19504,3187243
2021-04-05 15:00:00,27973,1988005,28996.0,1155473,6665.0,107464.0,34638,2095469,35661,1262937,63634,3250877
2021-04-06 15:00:00,39822,2027827,30542.0,1186015,10506.0,117970.0,50328,2145797,41048,1303985,80870,3331747
2021-04-07 15:00:00,36124,2063951,34385.0,1220400,12999.0,130969.0,49123,2194920,47384,1351369,83508,3415255
2021-04-08 15:00:00,42375,2106326,36176.0,1256576,13877.0,144846.0,56252,2251172,50053,1401422,92428,3507683
2021-04-09 15:00:00,34104,2140430,36388.0,1292964,14532.0,159378.0,48636,2299808,50920,1452342,85024,3592707
2021-04-10 15:00:00,23513,2163943,23198.0,1316162,7644.0,167022.0,31157,2330965,30842,1483184,54355,3647062
2021-04-11 15:00:00,17586,2181529,13303.0,1329465,10122.0,177144.0,27708,2358673,23425,1506609,41011,3688073
2021-04-12 15:00:00,24612,2206141,33302.0,1362767,10908.0,188052.0,35520,2394193,44210,1550819,68822,3756895
2021-04-13 15:00:00,126196,2332337,91386.0,1454153,3293.0,191345.0,129489,2523682,94679,1645498,220875,3977770
2021-04-14 15:00:00,40776,2373113,37891.0,1492044,214.0,191559.0,40990,2564672,38105,1683603,78881,4056651
2021-04-15 15:00:00,41441,2414554,39642.0,1531686,176.0,191735.0,41617,2606289,39818,1723421,81259,4137910
2021-04-16 15:00:00,37189,2451743,38955.0,1570641,25.0,191760.0,37214,2643503,38980,1762401,76169,4214079
2021-04-17 15:00:00,32833,2484576,22072.0,1592713,13.0,191773.0,32846,2676349,22085,1784486,54918,4268997
2021-04-18 15:00:00,20069,2504645,16231.0,1608944,5.0,191778.0,20074,2696423,16236,1800722,36305,4305302
2021-04-19 15:00:00,29894,2534539,36566.0,1645510,60.0,191838.0,29954,2726377,36626,1837348,66520,4371822
2021-04-20 15:00:00,32946,2567485,44526.0,1690036,59.0,191897.0,33005,2759382,44585,1881933,77531,4449353
2021-04-21 15:00:00,39849,2607334,47110.0,1737146,26.0,191923.0,39875,2799257,47136,1929069,86985,4536338
2021-04-22 15:00:00,35871,2643205,42751.0,1779897,17.0,191940.0,35888,2835145,42768,1971837,78639,4614977
2021-04-23 15:00:00,33156,2676361,40201.0,1820098,14.0,191954.0,33170,2868315,40215,2012052,73371,4688348
2021-04-24 15:00:00,26435,2702796,27944.0,1848042,81.0,192035.0,26516,2894831,28025,2040077,54460,4742808
2021-04-25 15:00:00,20222,2723018,11010.0,1859052,31.0,192066.0,20253,2915084,11041,2051118,31263,4774071
2021-04-26 15:00:00,27387,2750405,32791.0,1891843,201.0,192267.0,27588,2942672,32992,2084110,60379,4834450
2021-04-27 15:00:00,26672,2777077,33137.0,1924980,1097.0,193364.0,27769,2970441,34234,2118344,60906,4895356
2021-04-28 15:00:00,28936,2806013,39596.0,1964576,1367.0,194731.0,30303,3000744,40963,2159307,69899,4965255
2021-04-29 15:00:00,27075,2833088,39817.0,2004393,1463.0,196194.0,28538,3029282,41280,2200587,68355,5033610
2021-04-30 15:00:00,28207,2861295,32340.0,2036733,1650.0,197844.0,29857,3059139,33990,2234577,62197,5095807
2021-05-01 15:00:00,20803,2882098,26868.0,2063601,1058.0,198902.0,21861,3081000,27926,2262503,48729,5144536
2021-05-02 15:00:00,10272,2892370,17096.0,2080697,823.0,199725.0,11095,3092095,17919,2280422,28191,5172727
2021-05-03 15:00:00,12731,2905101,28710.0,2109407,1917.0,201642.0,14648,3106743,30627,2311049,43358,5216085
2021-05-04 15:00:00,13560,2918661,38736.0,2148143,1742.0,203384.0,15302,3122045,40478,2351527,54038,5270123
2021-05-05 15:00:00,19302,2937963,37820.0,2185963,1924.0,205308.0,21226,3143271,39744,2391271,59046,5329169
2021-05-06 15:00:00,16923,2954886,40609.0,2226572,1722.0,207030.0,18645,3161916,42331,2433602,59254,5388423
2021-05-07 15:00:00,17576,2972462,37066.0,2263638,1959.0,208989.0,19535,3181451,39025,2472627,56601,5445024
2021-05-08 15:00:00,10790,2983252,31256.0,2294894,1293.0,210282.0,12083,3193534,32549,2505176,43339,5488363
2021-05-09 15:00:00,5076,2988328,12264.0,2307158,695.0,210977.0,5771,3199305,12959,2518135,18035,5506398
2021-05-10 15:00:00,8955,2997283,31071.0,2338229,1362.0,212339.0,10317,3209622,32433,2550568,41388,5547786
2021-05-11 15:00:00,12188,3009471,30308.0,2368537,1442.0,213781.0,13630,3223252,31750,2582318,43938,5591724
2021-05-12 15:00:00,13950,3023421,38659.0,2407196,1918.0,215699.0,15868,3239120,40577,2622895,54527,5646251
2021-05-13 15:00:00,21847,3045268,33543.0,2440739,1346.0,217045.0,23193,3262313,34889,2657784,56736,5702987
2021-05-14 15:00:00,24410,3069678,30102.0,2470841,1775.0,218820.0,26185,3288498,31877,2689661,56287,5759274
2021-05-15 15:00:00,21969,3091647,25143.0,2495984,1490.0,220310.0,23459,3311957,26633,2716294,48602,5807876
2021-05-16 15:00:00,9103,3100750,17587.0,2513571,1115.0,221425.0,10218,3322175,18702,2734996,27805,5835681
2021-05-17 15:00:00,16861,3117611,28436.0,2542007,1951.0,223376.0,18812,3340987,30387,2765383,47248,5882929
2021-05-18 15:00:00,21271,3138882,30715.0,2572722,1944.0,225320.0,23215,3364202,32659,2798042,53930,5936859
2021-05-19 15:00:00,27678,3166560,32462.0,2605184,1633.0,226953.0,29311,3393513,34095,2832137,61773,5998632
2021-05-20 15:00:00,20821,3187381,33299.0,2638483,1965.0,228918.0,22786,3416299,35264,2867401,56085,6054717
2021-05-21 15:00:00,19167,3206548,30387.0,2668870,1609.0,230527.0,20776,3437075,31996,2899397,51163,6105880
2021-05-22 15:00:00,16959,3223507,20713.0,2689583,1269.0,231796.0,18228,3455303,21982,2921379,38941,6144821
2021-05-23 15:00:00,8808,3232315,11460.0,2701043,965.0,232761.0,9773,3465076,12425,2933804,21233,6166054
2021-05-24 15:00:00,13577,3245892,17793.0,2718836,1473.0,234234.0,15050,3480126,19266,2953070,32843,6198897
2021-05-25 15:00:00,13086,3258978,18729.0,2737565,1328.0,235562.0,14414,3494540,20057,2973127,33143,6232040
2021-05-26 15:00:00,18372,3277350,19699.0,2757264,1512.0,237074.0,19884,3514424,21211,2994338,39583,6271623
2021-05-27 15:00:00,11700,3289050,18721.0,2775985,1120.0,238194.0,12820,3527244,19841,3014179,31541,6303164
2021-05-28 15:00:00,12415,3301465,19873.0,2795858,1402.0,239596.0,13817,3541061,21275,3035454,33690,6336854
2021-05-29 15:00:00,9516,3310981,11740.0,2807598,938.0,240534.0,10454,3551515,12678,3048132,22194,6359048
2021-05-30 15:00:00,4968,3315949,6446.0,2814044,596.0,241130.0,5564,3557079,7042,3055174,12010,6371058
2021-05-31 15:00:00,1779,3317728,3715.0,2817759,305.0,241435.0,2084,3559163,4020,3059194,5799,6376857
2021-06-01 15:00:00,9889,3327617,16518.0,2834277,1162.0,242597.0,11051,3570214,17680,3076874,27569,6404426
2021-06-02 15:00:00,10245,3337862,16845.0,2851122,963.0,243560.0,11208,3581422,17808,3094682,28053,6432479
2021-06-03 15:00:00,7897,3345759,21234.0,2872356,1089.0,244649.0,8986,3590408,22323,3117005,30220,6462699
2021-06-04 15:00:00,8199,3353958,22386.0,2894742,1120.0,245769.0,9319,3599727,23506,3140511,31705,6494404
2021-06-05 15:00:00,6994,3360952,19484.0,2914226,721.0,246490.0,7715,3607442,20205,3160716,27199,6521603
2021-06-06 15:00:00,3458,3364410,7265.0,2921491,426.0,246916.0,3884,3611326,7691,3168407,11149,6532752
2021-06-07 15:00:00,6857,3371267,15816.0,2937307,726.0,247642.0,7583,3618909,16542,3184949,23399,6556151
2021-06-08 15:00:00,6667,3377934,19754.0,2957061,831.0,248473.0,7498,3626407,20585,3205534,27252,6583403
2021-06-09 15:00:00,8193,3386127,24032.0,2981093,971.0,249444.0,9164,3635571,25003,3230537,33196,6616599
2021-06-10 15:00:00,7157,3393284,19157.0,3000250,895.0,250339.0,8052,3643623,20052,3250589,27209,6643808
2021-06-11 15:00:00,7489,3400773,17746.0,3017996,1126.0,251465.0,8615,3652238,18872,3269461,26361,6670169
2021-06-12 15:00:00,5243,3406016,14792.0,3032788,605.0,252070.0,5848,3658086,15397,3284858,20640,6690809
2021-06-13 15:00:00,1946,3407962,7641.0,3040429,427.0,252497.0,2373,3660459,8068,3292926,10014,6700823
2021-06-14 15:00:00,5653,3413615,11842.0,3052271,734.0,253231.0,6387,3666846,12576,3305502,18229,6719052
2021-06-15 15:00:00,5654,3419269,14360.0,3066631,873.0,254104.0,6527,3673373,15233,3320735,20887,6739939
2021-06-16 15:00:00,8731,3428000,21647.0,3088278,758.0,254862.0,9489,3682862,22405,3343140,31136,6771075
2021-06-17 15:00:00,6685,3434685,12386.0,3100664,720.0,255582.0,7405,3690267,13106,3356246,19791,6790866
2021-06-18 15:00:00,6839,3441524,12753.0,3113417,704.0,256286.0,7543,3697810,13457,3369703,20296,6811162
2021-06-19 15:00:00,4656,3446180,9389.0,3122806,614.0,256900.0,5270,3703080,10003,3379706,14659,6825821
2021-06-20 15:00:00,2514,3448694,5068.0,3127874,377.0,257277.0,2891,3705971,5445,3385151,7959,6833780
2021-06-21 15:00:00,5569,3454263,5345.0,3133219,636.0,257913.0,6205,3712176,5981,3391132,11550,6845330
2021-06-22 15:00:00,5351,3459614,9070.0,3142289,699.0,258612.0,6050,3718226,9769,3400901,15120,6860450
2021-06-23 15:00:00,6061,3465675,10368.0,3152657,645.0,259257.0,6706,3724932,11013,3411914,17074,6877524
2021-06-24 15:00:00,5932,3471607,8225.0,3160882,595.0,259852.0,6527,3731459,8820,3420734,14752,6892276
2021-06-25 15:00:00,5834,3477441,8674.0,3169556,619.0,260471.0,6453,3737912,9293,3430027,15127,6907403
2021-06-26 15:00:00,3707,3481148,6304.0,3175860,398.0,260869.0,4105,3742017,6702,3436729,10409,6917812
2021-06-27 15:00:00,2811,3483959,3526.0,3179386,185.0,261054.0,2996,3745013,3711,3440440,6522,6924334
2021-06-28 15:00:00,4929,3488888,6399.0,3185785,539.0,261593.0,5468,3750481,6938,3447378,11867,6936201
2021-06-29 15:00:00,5063,3493951,6493.0,3192278,524.0,262117.0,5587,3756068,7017,3454395,12080,6948281
2021-06-30 15:00:00,5641,3499592,7398.0,3199676,607.0,262724.0,6248,3762316,8005,3462400,13646,6961927
2021-07-01 15:00:00,5454,3505046,7012.0,3206688,505.0,263229.0,5959,3768275,7517,3469917,12971,6974898
2021-07-02 15:00:00,5308,3510354,6866.0,3213554,527.0,263756.0,5835,3774110,7393,3477310,12701,6987599
2021-07-03 15:00:00,3278,3513632,4076.0,3217630,264.0,264020.0,3542,3777652,4340,3481650,7618,6995217
2021-07-04 15:00:00,494,3514126,551.0,3218181,70.0,264090.0,564,3778216,621,3482271,1115,6996332
2021-07-05 15:00:00,3775,3517901,3954.0,3222135,287.0,264377.0,4062,3782278,4241,3486512,8016,7004348
2021-07-06 15:00:00,4491,3522392,6298.0,3228433,455.0,264832.0,4946,3787224,6753,3493265,11244,7015592
2021-07-07 15:00:00,4467,3526859,6434.0,3234867,483.0,265315.0,4950,3792174,6917,3500182,11384,7026976
2021-07-08 15:00:00,4836,3531695,6200.0,3241067,564.0,265879.0,5400,3797574,6764,3506946,11600,7038576
2021-07-09 15:00:00,5368,3537063,6699.0,3247766,573.0,266452.0,5941,3803515,7272,3514218,12640,7051216
2021-07-10 15:00:00,3529,3540592,4414.0,3252180,304.0,266756.0,3833,3807348,4718,3518936,8247,7059463
2021-07-11 15:00:00,2683,3543275,2583.0,3254763,227.0,266983.0,2910,3810258,2810,3521746,5493,7064956
2021-07-12 15:00:00,4429,3547704,5135.0,3259898,379.0,267362.0,4808,3815066,5514,3527260,9943,7074899
2021-07-13 15:00:00,4673,3552377,4733.0,3264631,366.0,267728.0,5039,3820105,5099,3532359,9772,7084671
2021-07-14 15:00:00,4637,3557014,5300.0,3269931,421.0,268149.0,5058,3825163,5721,3538080,10358,7095029
2021-07-15 15:00:00,4913,3561927,5031.0,3274962,359.0,268508.0,5272,3830435,5390,3543470,10303,7105332
2021-07-16 15:00:00,6282,3568209,5880.0,3280842,405.0,268913.0,6687,3837122,6285,3549755,12567,7117899
2021-07-17 15:00:00,3425,3571634,3555.0,3284397,304.0,269217.0,3729,3840851,3859,3553614,7284,7125183
2021-07-18 15:00:00,2311,3573945,2386.0,3286783,110.0,269327.0,2421,3843272,2496,3556110,4807,7129990
2021-07-19 15:00:00,5153,3579098,4617.0,3291400,383.0,269710.0,5536,3848808,5000,3561110,10153,7140143
2021-07-20 15:00:00,5350,3584448,4737.0,3296137,367.0,270077.0,5717,3854525,5104,3566214,10454,7150597
2021-07-21 15:00:00,5668,3590116,4972.0,3301109,415.0,270492.0,6083,3860608,5387,3571601,11055,7161652
2021-07-22 15:00:00,6032,3596148,4657.0,3305766,472.0,270964.0,6504,3867112,5129,3576730,11161,7172813
2021-07-23 15:00:00,6848,3602996,4862.0,3310628,499.0,271463.0,7347,3874459,5361,3582091,12209,7185022
2021-07-24 15:00:00,4287,3607283,3209.0,3313837,267.0,271730.0,4554,3879013,3476,3585567,7763,7192785
2021-07-25 15:00:00,3302,3610585,1124.0,3314961,142.0,271872.0,3444,3882457,1266,3586833,4568,7197353
2021-07-26 15:00:00,6224,3616809,3918.0,3318879,420.0,272292.0,6644,3889101,4338,3591171,10562,7207915
2021-07-27 15:00:00,6619,3623428,4306.0,3323185,459.0,272751.0,7078,3896179,4765,3595936,11384,7219299
2021-07-28 15:00:00,7099,3630527,4159.0,3327344,462.0,273213.0,7561,3903740,4621,3600557,11720,7231019
2021-07-29 15:00:00,7095,3637622,4330.0,3331674,420.0,273633.0,7515,3911255,4750,3605307,11845,7242864
2021-07-30 15:00:00,7835,3645457,4844.0,3336518,527.0,274160.0,8362,3919617,5371,3610678,13206,7256070
2021-07-31 15:00:00,4794,3650251,3090.0,3339608,274.0,274434.0,5068,3924685,3364,3614042,8158,7264228
2021-08-01 15:00:00,3923,3654174,2202.0,3341810,165.0,274599.0,4088,3928773,2367,3616409,6290,7270518
2021-08-02 15:00:00,7283,3661457,3854.0,3345664,342.0,274941.0,7625,3936398,4196,3620605,11479,7281997
2021-08-03 15:00:00,7282,3668739,4116.0,3349780,517.0,275458.0,7799,3944197,4633,3625238,11915,7293912
2021-08-04 15:00:00,7446,3676185,4132.0,3353912,536.0,275994.0,7982,3952179,4668,3629906,12114,7306026
2021-08-05 15:00:00,7965,3684150,4349.0,3358261,541.0,276535.0,8506,3960685,4890,3634796,12855,7318881
2021-08-06 15:00:00,8336,3692486,4766.0,3363027,454.0,276989.0,8790,3969475,5220,3640016,13556,7332437
2021-08-07 15:00:00,5305,3697791,2851.0,3365878,264.0,277253.0,5569,3975044,3115,3643131,8420,7340857
2021-08-08 15:00:00,3981,3701772,2062.0,3367940,146.0,277399.0,4127,3979171,2208,3645339,6189,7347046
2021-08-09 15:00:00,6961,3708733,4576.0,3372516,371.0,277770.0,7332,3986503,4947,3650286,11908,7358954
2021-08-10 15:00:00,7174,3715907,4512.0,3377028,340.0,278110.0,7514,3994017,4852,3655138,12026,7370980
2021-08-11 15:00:00,7108,3723015,4462.0,3381490,443.0,278553.0,7551,4001568,4905,3660043,12013,7382993
2021-08-12 15:00:00,8671,3731686,4775.0,3386265,446.0,278999.0,9117,4010685,5221,3665264,13892,7396885
2021-08-13 15:00:00,7190,3738876,5421.0,3391686,398.0,279397.0,7588,4018273,5819,3671083,13009,7409894
2021-08-14 15:00:00,4929,3743805,3358.0,3395044,288.0,279685.0,5217,4023490,3646,3674729,8575,7418469
2021-08-15 15:00:00,3332,3747137,2750.0,3397794,163.0,279848.0,3495,4026985,2913,3677642,6245,7424714
2021-08-16 15:00:00,5461,3752598,5111.0,3402905,353.0,280201.0,5814,4032799,5464,3683106,10925,7435639
2021-08-17 15:00:00,6832,3759430,5385.0,3408290,391.0,280592.0,7223,4040022,5776,3688882,12608,7448247
2021-08-18 15:00:00,6353,3765783,5534.0,3413824,481.0,281073.0,6834,4046856,6015,3694897,12368,7460615
2021-08-19 15:00:00,6243,3772026,5592.0,3419416,416.0,281489.0,6659,4053515,6008,3700905,12251,7472866
2021-08-20 15:00:00,6857,3778883,6581.0,3425997,401.0,281890.0,7258,4060773,6982,3707887,13839,7486705
2021-08-21 15:00:00,4350,3783233,3929.0,3429926,230.0,282120.0,4580,4065353,4159,3712046,8509,7495214
2021-08-22 15:00:00,3064,3786297,3179.0,3433105,111.0,282231.0,3175,4068528,3290,3715336,6354,7501568
2021-08-23 15:00:00,6004,3792301,6143.0,3439248,287.0,282518.0,6291,4074819,6430,3721766,12434,7514002
2021-08-24 15:00:00,6558,3798859,6107.0,3445355,426.0,282944.0,6984,4081803,6533,3728299,13091,7527093
2021-08-25 15:00:00,6737,3805596,6256.0,3451611,440.0,283384.0,7177,4088980,6696,3734995,13433,7540526
2021-08-26 15:00:00,6975,3812571,6690.0,3458301,427.0,283811.0,7402,4096382,7117,3742112,14092,7554618
2021-08-27 15:00:00,6848,3819419,7113.0,3465414,317.0,284128.0,7165,4103547,7430,3749542,14278,7568896
2021-08-28 15:00:00,6919,3826338,6542.0,3471956,329.0,284457.0,7248,4110795,6871,3756413,13790,7582686
2021-08-29 15:00:00,3745,3830083,3709.0,3475665,610.0,285067.0,4355,4115150,4319,3760732,8064,7590750
2021-08-30 15:00:00,5936,3836019,6160.0,3481825,962.0,286029.0,6898,4122048,7122,3767854,13058,7603808
2021-08-31 15:00:00,5912,3841931,6098.0,3487923,947.0,286976.0,6859,4128907,7045,3774899,12957,7616765
2021-09-01 15:00:00,5629,3847560,5747.0,3493670,918.0,287894.0,6547,4135454,6665,3781564,12294,7629059
2021-09-02 15:00:00,5532,3853092,5980.0,3499650,709.0,288603.0,6241,4141695,6689,3788253,12221,7641280
2021-09-03 15:00:00,6029,3859121,6986.0,3506636,977.0,289580.0,7006,4148701,7963,3796216,13992,7655272
2021-09-04 15:00:00,3743,3862864,4367.0,3511003,878.0,290458.0,4621,4153322,5245,3801461,8988,7664260
2021-09-05 15:00:00,2959,3865823,2819.0,3513822,106.0,290564.0,3065,4156387,2925,3804386,5884,7670144
2021-09-06 15:00:00,1061,3866884,1163.0,3514985,70.0,290634.0,1131,4157518,1233,3805619,2294,7672438
2021-09-07 15:00:00,5352,3872236,7326.0,3522311,2305.0,292939.0,7657,4165175,9631,3815250,14983,7687421
2021-09-08 15:00:00,4665,3876901,5508.0,3527819,364.0,293303.0,5029,4170204,5872,3821122,10537,7697958
2021-09-09 15:00:00,5030,3881931,5489.0,3533308,325.0,293628.0,5355,4175559,5814,3826936,10844,7708802
2021-09-10 15:00:00,6537,3888468,6684.0,3539992,1719.0,295347.0,8256,4183815,8403,3835339,14940,7723742
2021-09-11 15:00:00,4185,3892653,4357.0,3544349,666.0,296013.0,4851,4188666,5023,3840362,9208,7732950
2021-09-12 15:00:00,3180,3895833,3247.0,3547596,436.0,296449.0,3616,4192282,3683,3844045,6863,7739813
2021-09-13 15:00:00,4898,3900731,5085.0,3552681,347.0,296796.0,5245,4197527,5432,3849477,10330,7750143
2021-09-14 15:00:00,4779,3905510,5470.0,3558151,438.0,297234.0,5217,4202744,5908,3855385,10687,7760830
2021-09-15 15:00:00,5047,3910557,5907.0,3564058,394.0,297628.0,5441,4208185,6301,3861686,11348,7772178
2021-09-16 15:00:00,4817,3915374,5863.0,3569921,341.0,297969.0,5158,4213343,6204,3867890,11021,7783199
2021-09-17 15:00:00,5292,3920666,6601.0,3576522,344.0,298313.0,5636,4218979,6945,3874835,12237,7795436
2021-09-18 15:00:00,3826,3924492,4593.0,3581115,186.0,298499.0,4012,4222991,4779,3879614,8605,7804041
2021-09-19 15:00:00,2743,3927235,3184.0,3584299,75.0,298574.0,2818,4225809,3259,3882873,6002,7810043
2021-09-20 15:00:00,3757,3930992,4692.0,3588991,428.0,299002.0,4185,4229994,5120,3887993,8877,7818920
2021-09-21 15:00:00,4004,3934996,5027.0,3594018,327.0,299329.0,4331,4234325,5354,3893347,9358,7828278
2021-09-22 15:00:00,4194,3939190,4804.0,3598822,459.0,299788.0,4653,4238978,5263,3898610,9457,7837735
2021-09-23 15:00:00,4193,3943383,4738.0,3603560,492.0,300280.0,4685,4243663,5230,3903840,9423,7847158
2021-09-24 15:00:00,5098,3948481,5638.0,3609198,422.0,300702.0,5520,4249183,6060,3909900,11158,7858316
2021-09-25 15:00:00,3643,3952124,3649.0,3612847,384.0,301086.0,4027,4253210,4033,3913933,7676,7865992
2021-09-26 15:00:00,2351,3954475,2674.0,3615521,433.0,301519.0,2784,4255994,3107,3917040,5458,7871450
2021-09-27 15:00:00,4512,3958987,2721.0,3618242,512.0,302031.0,5024,4261018,3233,3920273,7745,7879195
2021-09-28 15:00:00,4423,3963410,4481.0,3622723,212.0,302243.0,4635,4265653,4693,3924966,9116,7888311
2021-09-29 15:00:00,4690,3968100,4540.0,3627263,920.0,303163.0,5610,4271263,5460,3930426,10150,7898461
2021-09-30 15:00:00,4895,3972995,4579.0,3631842,796.0,303959.0,5691,4276954,5375,3935801,10270,7908731
2021-10-01 15:00:00,5534,3978529,5381.0,3637223,786.0,304745.0,6320,4283274,6167,3941968,11701,7920432
2021-10-02 15:00:00,2948,3981477,2907.0,3640130,187.0,304932.0,3135,4286409,3094,3945062,6042,7926474
2021-10-03 15:00:00,2080,3983557,2386.0,3642516,87.0,305019.0,2167,4288576,2473,3947535,4553,7931027
2021-10-04 15:00:00,4035,3987592,3512.0,3646028,234.0,305253.0,4269,4292845,3746,3951281,7781,7938808
2021-10-05 15:00:00,3966,3991558,3682.0,3649710,206.0,305459.0,4172,4297017,3888,3955169,7854,7946662
2021-10-06 15:00:00,4035,3995593,3582.0,3653292,266.0,305725.0,4301,4301318,3848,3959017,7883,7954545
2021-10-07 15:00:00,4238,3999831,3662.0,3656954,332.0,306057.0,4570,4305888,3994,3963011,8232,7962777
2021-10-08 15:00:00,4782,4004613,4315.0,3661269,283.0,306340.0,5065,4310953,4598,3967609,9380,7972157
2021-10-09 15:00:00,2693,4007306,2686.0,3663955,270.0,306610.0,2963,4313916,2956,3970565,5649,7977806
2021-10-10 15:00:00,1860,4009166,1855.0,3665810,60.0,306670.0,1920,4315836,1915,3972480,3775,7981581
2021-10-11 15:00:00,4216,4013382,3320.0,3669130,251.0,306921.0,4467,4320303,3571,3976051,7787,7989368
2021-10-12 15:00:00,3608,4016990,3549.0,3672679,277.0,307198.0,3885,4324188,3826,3979877,7434,7996802
2021-10-13 15:00:00,3993,4020983,3480.0,3676159,346.0,307544.0,4339,4328527,3826,3983703,7819,8004621
2021-10-14 15:00:00,5176,4026159,5511.0,3681670,430.0,307974.0,5606,4334133,5941,3989644,11117,8015738
2021-10-15 15:00:00,4769,4030928,4624.0,3686294,347.0,308321.0,5116,4339249,4971,3994615,9740,8025478
2021-10-16 15:00:00,2498,4033426,2531.0,3688825,291.0,308612.0,2789,4342038,2822,3997437,5320,8030798
2021-10-17 15:00:00,1811,4035237,1780.0,3690605,55.0,308667.0,1866,4343904,1835,3999272,3646,8034444
2021-10-18 15:00:00,4280,4039517,3587.0,3694192,283.0,308950.0,4563,4348467,3870,4003142,8150,8042594
2021-10-19 15:00:00,4305,4043822,4038.0,3698230,223.0,309173.0,4528,4352995,4261,4007403,8566,8051160
2021-10-20 15:00:00,3546,4047368,3437.0,3701667,259.0,309432.0,3805,4356800,3696,4011099,7242,8058402
2021-10-21 15:00:00,3311,4050679,3287.0,3704954,291.0,309723.0,3602,4360402,3578,4014677,6889,8065291
2021-10-22 15:00:00,4691,4055370,4042.0,3708996,477.0,310200.0,5168,4365570,4519,4019196,9210,8074501
2021-10-23 15:00:00,2887,4058257,2121.0,3711117,322.0,310522.0,3209,4368779,2443,4021639,5330,8079831
2021-10-24 15:00:00,2057,4060314,1555.0,3712672,79.0,310601.0,2136,4370915,1634,4023273,3691,8083522
2021-10-25 15:00:00,4558,4064872,3084.0,3715756,323.0,310924.0,4881,4375796,3407,4026680,7965,8091487
2021-10-26 15:00:00,4544,4069416,3092.0,3718848,316.0,311240.0,4860,4380656,3408,4030088,7952,8099439
2021-10-27 15:00:00,4730,4074146,3354.0,3722202,436.0,311676.0,5166,4385822,3790,4033878,8520,8107959
2021-10-28 15:00:00,4569,4078715,3377.0,3725579,501.0,312177.0,5070,4390892,3878,4037756,8447,8116406
2021-10-29 15:00:00,5000,4083715,3936.0,3729515,396.0,312573.0,5396,4396288,4332,4042088,9332,8125738
2021-10-30 15:00:00,2631,4086346,1850.0,3731365,306.0,312879.0,2937,4399225,2156,4044244,4787,8130525
2021-10-31 15:00:00,1935,4088281,1522.0,3732887,94.0,312973.0,2029,4401254,1616,4045860,3551,8134076
2021-11-01 15:00:00,4753,4093034,3457.0,3736344,352.0,313325.0,5105,4406359,3809,4049669,8562,8142638
2021-11-02 15:00:00,4279,4097313,2950.0,3739294,410.0,313735.0,4689,4411048,3360,4053029,7639,8150277
2021-11-03 15:00:00,4681,4101994,3052.0,3742346,464.0,314199.0,5145,4416193,3516,4056545,8197,8158474
2021-11-04 15:00:00,6333,4108327,3386.0,3745732,530.0,314729.0,6863,4423056,3916,4060461,10249,8168723
2021-11-05 15:00:00,8265,4116592,3786.0,3749518,415.0,315144.0,8680,4431736,4201,4064662,12466,8181189
2021-11-06 15:00:00,10207,4126799,1976.0,3751494,309.0,315453.0,10516,4442252,2285,4066947,12492,8193681
2021-11-07 15:00:00,7754,4134553,1464.0,3752958,95.0,315548.0,7849,4450101,1559,4068506,9313,8202994
2021-11-08 15:00:00,11362,4145915,3066.0,3756024,379.0,315927.0,11741,4461842,3445,4071951,14807,8217801
2021-11-09 15:00:00,11811,4157726,2658.0,3758682,268.0,316195.0,12079,4473921,2926,4074877,14737,8232538
2021-11-10 15:00:00,12641,4170367,2775.0,3761457,340.0,316535.0,12981,4486902,3115,4077992,15756,8248294
2021-11-11 15:00:00,11447,4181814,2385.0,3763842,280.0,316815.0,11727,4498629,2665,4080657,14112,8262406
2021-11-12 15:00:00,12385,4194199,3378.0,3767220,548.0,317363.0,12933,4511562,3926,4084583,16311,8278717
2021-11-13 15:00:00,9984,4204183,1603.0,3768823,342.0,317705.0,10326,4521888,1945,4086528,11929,8290646
2021-11-14 15:00:00,4249,4208432,1119.0,3769942,121.0,317826.0,4370,4526258,1240,4087768,5489,8296135
2021-11-15 15:00:00,8655,4217087,2522.0,3772464,211.0,318037.0,8866,4535124,2733,4090501,11388,8307523
2021-11-16 15:00:00,9300,4226387,2517.0,3774981,258.0,318295.0,9558,4544682,2775,4093276,12075,8319598
2021-11-17 15:00:00,9423,4235810,2868.0,3777849,313.0,318608.0,9736,4554418,3181,4096457,12604,8332202
2021-11-18 15:00:00,9334,4245144,2628.0,3780477,481.0,319089.0,9815,4564233,3109,4099566,12443,8344645
2021-11-19 15:00:00,9853,4254997,2929.0,3783406,382.0,319471.0,10235,4574468,3311,4102877,13164,8357809
2021-11-20 15:00:00,10665,4265662,1604.0,3785010,455.0,319926.0,11120,4585588,2059,4104936,12724,8370533
2021-11-21 15:00:00,4395,4270057,1210.0,3786220,100.0,320026.0,4495,4590083,1310,4106246,5705,8376238
2021-11-22 15:00:00,9854,4279911,2516.0,3788736,293.0,320319.0,10147,4600230,2809,4109055,12663,8388901
2021-11-23 15:00:00,9261,4289172,2409.0,3791145,318.0,320637.0,9579,4609809,2727,4111782,11988,8400889
2021-11-24 15:00:00,8193,4297365,2444.0,3793589,215.0,320852.0,8408,4618217,2659,4114441,10852,8411741
2021-11-25 15:00:00,235,4297600,81.0,3793670,10.0,320862.0,245,4618462,91,4114532,326,8412067
2021-11-26 15:00:00,5674,4303274,3984.0,3797654,153.0,321015.0,5827,4624289,4137,4118669,9811,8421878
2021-11-27 15:00:00,3781,4307055,5499.0,3803153,134.0,321149.0,3915,4628204,5633,4124302,9414,8431292
2021-11-28 15:00:00,2407,4309462,6414.0,3809567,77.0,321226.0,2484,4630688,6491,4130793,8898,8440190
2021-11-29 15:00:00,6390,4315852,9342.0,3818909,380.0,321606.0,6770,4637458,9722,4140515,16112,8456302
2021-11-30 15:00:00,6284,4322136,9374.0,3828283,264.0,321870.0,6548,4644006,9638,4150153,15922,8472224
2021-12-01 15:00:00,7362,4329498,9797.0,3838080,310.0,322180.0,7672,4651678,10107,4160260,17469,8489693
2021-12-02 15:00:00,6971,4336469,8871.0,3846951,463.0,322643.0,7434,4659112,9334,4169594,16305,8505998
2021-12-03 15:00:00,7656,4344125,9384.0,3856335,253.0,322896.0,7909,4667021,9637,4179231,17293,8523291
2021-12-04 15:00:00,5962,4350087,10171.0,3866506,468.0,323364.0,6430,4673451,10639,4189870,16601,8539892
2021-12-05 15:00:00,3448,4353535,3586.0,3870092,79.0,323443.0,3527,4676978,3665,4193535,7113,8547005
2021-12-06 15:00:00,6780,4360315,7125.0,3877217,289.0,323732.0,7069,4684047,7414,4200949,14194,8561199
2021-12-07 15:00:00,6465,4366780,7098.0,3884315,254.0,323986.0,6719,4690766,7352,4208301,13817,8575016
2021-12-08 15:00:00,6950,4373730,7451.0,3891766,316.0,324302.0,7266,4698032,7767,4216068,14717,8589733
2021-12-09 15:00:00,6556,4380286,7083.0,3898849,412.0,324714.0,6968,4705000,7495,4223563,14051,8603784
2021-12-10 15:00:00,7314,4387600,7372.0,3906221,260.0,324974.0,7574,4712574,7632,4231195,14946,8618730
2021-12-11 15:00:00,4467,4392067,7718.0,3913939,333.0,325307.0,4800,4717374,8051,4239246,12518,8631248
2021-12-12 15:00:00,4011,4396078,2813.0,3916752,60.0,325367.0,4071,4721445,2873,4242119,6884,8638132
2021-12-13 15:00:00,5799,4401877,5842.0,3922594,243.0,325610.0,6042,4727487,6085,4248204,11884,8650016
2021-12-14 15:00:00,6477,4408354,5970.0,3928564,223.0,325833.0,6700,4734187,6193,4254397,12670,8662686
2021-12-15 15:00:00,7202,4415556,5746.0,3934310,259.0,326092.0,7461,4741648,6005,4260402,13207,8675893
2021-12-16 15:00:00,7921,4423477,2840.0,3937150,423.0,326515.0,8344,4749992,3263,4263665,11184,8687077
2021-12-17 15:00:00,7884,4431361,4196.0,3941346,195.0,326710.0,8079,4758071,4391,4268056,12275,8699352
2021-12-18 15:00:00,5869,4437230,3209.0,3944555,298.0,327008.0,6167,4764238,3507,4271563,9376,8708728
2021-12-19 15:00:00,3391,4440621,1355.0,3945910,37.0,327045.0,3428,4767666,1392,4272955,4783,8713511
2021-12-20 15:00:00,8122,4448743,3776.0,3949686,174.0,327219.0,8296,4775962,3950,4276905,12072,8725583
2021-12-21 15:00:00,9096,4457839,4233.0,3953919,177.0,327396.0,9273,4785235,4410,4281315,13506,8739089
2021-12-22 15:00:00,8729,4466568,3921.0,3957840,184.0,327580.0,8913,4794148,4105,4285420,12834,8751923
2021-12-23 15:00:00,8462,4475030,3604.0,3961444,359.0,327939.0,8821,4802969,3963,4289383,12425,8764348
2021-12-24 15:00:00,1637,4476667,1018.0,3962462,39.0,327978.0,1676,4804645,1057,4290440,2694,8767042
2021-12-25 15:00:00,47,4476714,36.0,3962498,1.0,327979.0,48,4804693,37,4290477,84,8767126
2021-12-26 15:00:00,2520,4479234,1757.0,3964255,44.0,328023.0,2564,4807257,1801,4292278,4321,8771447
2021-12-27 15:00:00,7271,4486505,4060.0,3968315,297.0,328320.0,7568,4814825,4357,4296635,11628,8783075
2021-12-28 15:00:00,7978,4494483,3891.0,3972206,179.0,328499.0,8157,4822982,4070,4300705,12048,8795123
2021-12-29 15:00:00,8276,4502759,4044.0,3976250,157.0,328656.0,8433,4831415,4201,4304906,12477,8807600
2021-12-30 15:00:00,7514,4510273,3819.0,3980069,291.0,328947.0,7805,4839220,4110,4309016,11624,8819224
2021-12-31 15:00:00,2590,4512863,1546.0,3981615,89.0,329036.0,2679,4841899,1635,4310651,4225,8823449
2022-01-01 15:00:00,745,4513608,354.0,3981969,34.0,329070.0,779,4842678,388,4311039,1133,8824582
2022-01-02 15:00:00,2220,4515828,1655.0,3983624,49.0,329119.0,2269,4844947,1704,4312743,3924,8828506
2022-01-03 15:00:00,3394,4519222,2095.0,3985719,224.0,329343.0,3618,4848565,2319,4315062,5713,8834219
2022-01-04 15:00:00,5877,4525099,3543.0,3989262,165.0,329508.0,6042,4854607,3708,4318770,9585,8843804
2022-01-05 15:00:00,6854,4531953,4722.0,3993984,176.0,329684.0,7030,4861637,4898,4323668,11752,8855556
2022-01-06 15:00:00,6837,4538790,4888.0,3998872,265.0,329949.0,7102,4868739,5153,4328821,11990,8867546
2022-01-07 15:00:00,6050,4544840,3866.0,4002738,162.0,330111.0,6212,4874951,4028,4332849,10078,8877624
2022-01-08 15:00:00,4822,4549662,3942.0,4006680,78.0,330189.0,4900,4879851,4020,4336869,8842,8886466
2022-01-09 15:00:00,2769,4552431,2028.0,4008708,154.0,330343.0,2923,4882774,2182,4339051,4951,8891417
2022-01-10 15:00:00,6375,4558806,3883.0,4012591,160.0,330503.0,6535,4889309,4043,4343094,10418,8901835
2022-01-11 15:00:00,6555,4565361,4315.0,4016906,143.0,330646.0,6698,4896007,4458,4347552,11013,8912848
2022-01-12 15:00:00,6842,4572203,4474.0,4021380,224.0,330870.0,7066,4903073,4698,4352250,11540,8924388
2022-01-13 15:00:00,6714,4578917,4416.0,4025796,153.0,331023.0,6867,4909940,4569,4356819,11283,8935671
2022-01-14 15:00:00,7280,4586197,3318.0,4029114,253.0,331276.0,7533,4917473,3571,4360390,10851,8946522
2022-01-15 15:00:00,4300,4590497,1701.0,4030815,71.0,331347.0,4371,4921844,1772,4362162,6072,8952594
2022-01-16 15:00:00,2224,4592721,1326.0,4032141,116.0,331463.0,2340,4924184,1442,4363604,3666,8956260
2022-01-17 15:00:00,3635,4596356,2392.0,4034533,75.0,331538.0,3710,4927894,2467,4366071,6102,8962362
2022-01-18 15:00:00,5303,4601659,4240.0,4038773,103.0,331641.0,5406,4933300,4343,4370414,9646,8972008
2022-01-19 15:00:00,5308,4606967,4509.0,4043282,99.0,331740.0,5407,4938707,4608,4375022,9916,8981924
2022-01-20 15:00:00,4544,4611511,3649.0,4046931,176.0,331916.0,4720,4943427,3825,4378847,8369,8990293
2022-01-21 15:00:00,5616,4617127,2956.0,4049887,126.0,332042.0,5742,4949169,3082,4381929,8698,8998991
2022-01-22 15:00:00,3481,4620608,1731.0,4051618,134.0,332176.0,3615,4952784,1865,4383794,5346,9004337
2022-01-23 15:00:00,2051,4622659,1502.0,4053120,30.0,332206.0,2081,4954865,1532,4385326,3583,9007920
2022-01-24 15:00:00,4143,4626802,2783.0,4055903,90.0,332296.0,4233,4959098,2873,4388199,7016,9014936
2022-01-25 15:00:00,3857,4630659,3337.0,4059240,95.0,332391.0,3952,4963050,3432,4391631,7289,9022225
2022-01-26 15:00:00,3898,4634557,3728.0,4062968,95.0,332486.0,3993,4967043,3823,4395454,7721,9029946
2022-01-27 15:00:00,3766,4638323,3968.0,4066936,188.0,332674.0,3954,4970997,4156,4399610,7922,9037868
2022-01-28 15:00:00,3869,4642192,3302.0,4070238,76.0,332750.0,3945,4974942,3378,4402988,7247,9045115
2022-01-29 15:00:00,2313,4644505,2305.0,4072543,117.0,332867.0,2430,4977372,2422,4405410,4735,9049850
2022-01-30 15:00:00,1564,4646069,1649.0,4074192,16.0,332883.0,1580,4978952,1665,4407075,3229,9053079
2022-01-31 15:00:00,3012,4649081,3250.0,4077442,58.0,332941.0,3070,4982022,3308,4410383,6320,9059399
2022-02-01 15:00:00,2662,4651743,3419.0,4080861,75.0,333016.0,2737,4984759,3494,4413877,6156,9065555
2022-02-02 15:00:00,2839,4654582,3737.0,4084598,78.0,333094.0,2917,4987676,3815,4417692,6654,9072209
2022-02-03 15:00:00,2768,4657350,3691.0,4088289,42.0,333136.0,2810,4990486,3733,4421425,6501,9078710
2022-02-04 15:00:00,2797,4660147,4414.0,4092703,128.0,333264.0,2925,4993411,4542,4425967,7339,9086049
2022-02-05 15:00:00,1927,4662074,2915.0,4095618,112.0,333376.0,2039,4995450,3027,4428994,4954,9091003
2022-02-06 15:00:00,1078,4663152,1361.0,4096979,24.0,333400.0,1102,4996552,1385,4430379,2463,9093466
2022-02-07 15:00:00,2083,4665235,2716.0,4099695,51.0,333451.0,2134,4998686,2767,4433146,4850,9098316
2022-02-08 15:00:00,2102,4667337,3115.0,4102810,63.0,333514.0,2165,5000851,3178,4436324,5280,9103596
2022-02-09 15:00:00,2215,4669552,3327.0,4106137,76.0,333590.0,2291,5003142,3403,4439727,5618,9109214
2022-02-10 15:00:00,2110,4671662,2892.0,4109029,55.0,333645.0,2165,5005307,2947,4442674,5057,9114271
2022-02-11 15:00:00,2526,4674188,3538.0,4112567,123.0,333768.0,2649,5007956,3661,4446335,6187,9120458
2022-02-12 15:00:00,1687,4675875,2325.0,4114892,97.0,333865.0,1784,5009740,2422,4448757,4109,9124567
2022-02-13 15:00:00,739,4676614,1087.0,4115979,17.0,333882.0,756,5010496,1104,4449861,1843,9126410
2022-02-14 15:00:00,1465,4678079,2249.0,4118228,65.0,333947.0,1530,5012026,2314,4452175,3779,9130189
2022-02-15 15:00:00,1957,4680036,2483.0,4120711,47.0,333994.0,2004,5014030,2530,4454705,4487,9134676
2022-02-16 15:00:00,1699,4681735,2462.0,4123173,52.0,334046.0,1751,5015781,2514,4457219,4213,9138889
2022-02-17 15:00:00,16887,4698622,13064.0,4136237,488.0,334534.0,17375,5033156,13552,4470771,30439,9169328
2022-02-18 15:00:00,2023,4700645,2627.0,4138864,50.0,334584.0,2073,5035229,2677,4473448,4700,9174028
2022-02-19 15:00:00,1248,4701893,1726.0,4140590,39.0,334623.0,1287,5036516,1765,4475213,3013,9177041
2022-02-20 15:00:00,721,4702614,855.0,4141445,15.0,334638.0,736,5037252,870,4476083,1591,9178632
2022-02-21 15:00:00,1324,4703938,1801.0,4143246,32.0,334670.0,1356,5038608,1833,4477916,3157,9181789
2022-02-22 15:00:00,1485,4705423,1954.0,4145200,37.0,334707.0,1522,5040130,1991,4479907,3476,9185265
2022-02-23 15:00:00,1603,4707026,1940.0,4147140,36.0,334743.0,1639,5041769,1976,4481883,3579,9188844
2022-02-24 15:00:00,1526,4708552,1710.0,4148850,39.0,334782.0,1565,5043334,1749,4483632,3275,9192119
2022-02-25 15:00:00,1712,4710264,1889.0,4150739,72.0,334854.0,1784,5045118,1961,4485593,3673,9195792
2022-02-26 15:00:00,1214,4711478,1249.0,4151988,46.0,334900.0,1260,5046378,1295,4486888,2509,9198301
2022-02-27 15:00:00,588,4712066,535.0,4152523,15.0,334915.0,603,5046981,550,4487438,1138,9199439
2022-02-28 15:00:00,1299,4713365,1353.0,4153876,35.0,334950.0,1334,5048315,1388,4488826,2687,9202126
2022-03-01 15:00:00,1372,4714737,1361.0,4155237,28.0,334978.0,1400,5049715,1389,4490215,2761,9204887
2022-03-02 15:00:00,1176,4715913,1341.0,4156578,67.0,335045.0,1243,5050958,1408,4491623,2584,9207471
2022-03-03 15:00:00,1266,4717179,1280.0,4157858,32.0,335077.0,1298,5052256,1312,4492935,2578,9210049
2022-03-04 15:00:00,1370,4718549,1461.0,4159319,45.0,335122.0,1415,5053671,1506,4494441,2876,9212925
2022-03-05 15:00:00,371,4718920,461.0,4159780,15.0,335137.0,386,5054057,476,4494917,847,9213772
