VACCINATION_DATE,FirstDailyDose,FirstDoseCumulative,SecondDailyDose,SecondDoseCumulative,SingleDailyDose,SingleDoseCumulative,AtleastOneVaccine,AtleastOneVaccineCumulative,CompletedVax,CompletedVaxCumulative,FirstSecondSingleVaccinations,FirstSecondSingleVaccinationsCumulative
2020-12-14 15:00:00,18,985,,387,,,18,985,0,387,18,1288
2020-12-15 15:00:00,52,1037,2.0,389,,,52,1037,2,389,54,1342
2020-12-16 15:00:00,575,1612,2.0,391,,,575,1612,2,391,577,1919
2020-12-17 15:00:00,1141,2753,2.0,393,,,1141,2753,2,393,1143,3062
2020-12-18 15:00:00,3015,5768,11.0,404,,,3015,5768,11,404,3026,6088
2020-12-19 15:00:00,927,6695,5.0,409,,,927,6695,5,409,932,7020
2020-12-20 15:00:00,333,7028,4.0,413,,,333,7028,4,413,337,7357
2020-12-21 15:00:00,3857,10885,18.0,431,,,3857,10885,18,431,3875,11232
2020-12-22 15:00:00,6334,17219,17.0,448,,,6334,17219,17,448,6351,17583
2020-12-23 15:00:00,5749,22968,27.0,475,,,5749,22968,27,475,5776,23359
2020-12-24 15:00:00,2710,25678,11.0,486,,,2710,25678,11,486,2721,26080
2020-12-25 15:00:00,1034,26712,3.0,489,,,1034,26712,3,489,1037,27117
2020-12-26 15:00:00,1871,28583,9.0,498,,,1871,28583,9,498,1880,28997
2020-12-27 15:00:00,1791,30374,9.0,507,,,1791,30374,9,507,1800,30797
2020-12-28 15:00:00,8943,39317,39.0,546,,,8943,39317,39,546,8982,39779
2020-12-29 15:00:00,10911,50228,38.0,584,,,10911,50228,38,584,10949,50728
2020-12-30 15:00:00,12456,62684,69.0,653,,,12456,62684,69,653,12525,63253
2020-12-31 15:00:00,7505,70189,34.0,687,,,7505,70189,34,687,7539,70792
2021-01-01 15:00:00,2552,72741,110.0,797,,,2552,72741,110,797,2662,73454
2021-01-02 15:00:00,2974,75715,34.0,831,,,2974,75715,34,831,3008,76462
2021-01-03 15:00:00,3365,79080,79.0,910,,,3365,79080,79,910,3444,79906
2021-01-04 15:00:00,13261,92341,314.0,1224,,,13261,92341,314,1224,13575,93481
2021-01-05 15:00:00,12398,104739,511.0,1735,,,12398,104739,511,1735,12909,106390
2021-01-06 15:00:00,15159,119898,840.0,2575,,,15159,119898,840,2575,15999,122389
2021-01-07 15:00:00,14950,134848,1732.0,4307,,,14950,134848,1732,4307,16682,139071
2021-01-08 15:00:00,23935,158783,2746.0,7053,,,23935,158783,2746,7053,26681,165752
2021-01-09 15:00:00,5128,163911,943.0,7996,,,5128,163911,943,7996,6071,171823
2021-01-10 15:00:00,2918,166829,368.0,8364,,,2918,166829,368,8364,3286,175109
2021-01-11 15:00:00,13670,180499,3426.0,11790,,,13670,180499,3426,11790,17096,192205
2021-01-12 15:00:00,17276,197775,5583.0,17373,,,17276,197775,5583,17373,22859,215064
2021-01-13 15:00:00,18504,216279,3866.0,21239,,,18504,216279,3866,21239,22370,237434
2021-01-14 15:00:00,17831,234110,1921.0,23160,,,17831,234110,1921,23160,19752,257186
2021-01-15 15:00:00,19462,253572,1964.0,25124,,,19462,253572,1964,25124,21426,278612
2021-01-16 15:00:00,5784,259356,1584.0,26708,,,5784,259356,1584,26708,7368,285980
2021-01-17 15:00:00,2098,261454,1463.0,28171,,,2098,261454,1463,28171,3561,289541
2021-01-18 15:00:00,7031,268485,3232.0,31403,,,7031,268485,3232,31403,10263,299804
2021-01-19 15:00:00,17142,285627,5345.0,36748,,,17142,285627,5345,36748,22487,322291
2021-01-20 15:00:00,21231,306858,5246.0,41994,,,21231,306858,5246,41994,26477,348768
2021-01-21 15:00:00,23814,330672,3687.0,45681,,,23814,330672,3687,45681,27501,376269
2021-01-22 15:00:00,28821,359493,3592.0,49273,,,28821,359493,3592,49273,32413,408682
2021-01-23 15:00:00,10046,369539,1900.0,51173,,,10046,369539,1900,51173,11946,420628
2021-01-24 15:00:00,3333,372872,1705.0,52878,,,3333,372872,1705,52878,5038,425666
2021-01-25 15:00:00,16605,389477,8509.0,61387,,,16605,389477,8509,61387,25114,450780
2021-01-26 15:00:00,17871,407348,8902.0,70289,,,17871,407348,8902,70289,26773,477553
2021-01-27 15:00:00,25037,432385,12405.0,82694,,,25037,432385,12405,82694,37442,514995
2021-01-28 15:00:00,23283,455668,9225.0,91919,,,23283,455668,9225,91919,32508,547503
2021-01-29 15:00:00,25518,481186,7811.0,99730,,,25518,481186,7811,99730,33329,580832
2021-01-30 15:00:00,18431,499617,2495.0,102225,,,18431,499617,2495,102225,20926,601758
2021-01-31 15:00:00,4106,503723,1310.0,103535,,,4106,503723,1310,103535,5416,607174
2021-02-01 15:00:00,7702,511425,5066.0,108601,,,7702,511425,5066,108601,12768,619942
2021-02-02 15:00:00,12813,524238,13730.0,122331,,,12813,524238,13730,122331,26543,646485
2021-02-03 15:00:00,18692,542930,18050.0,140381,,,18692,542930,18050,140381,36742,683227
2021-02-04 15:00:00,22467,565397,15740.0,156121,,,22467,565397,15740,156121,38207,721434
2021-02-05 15:00:00,20536,585933,17424.0,173545,,,20536,585933,17424,173545,37960,759394
2021-02-06 15:00:00,12117,598050,14416.0,187961,,,12117,598050,14416,187961,26533,785927
2021-02-07 15:00:00,5960,604010,1777.0,189738,,,5960,604010,1777,189738,7737,793664
2021-02-08 15:00:00,13283,617293,13088.0,202826,,,13283,617293,13088,202826,26371,820035
2021-02-09 15:00:00,16707,634000,14014.0,216840,,,16707,634000,14014,216840,30721,850756
2021-02-10 15:00:00,19302,653302,21378.0,238218,,,19302,653302,21378,238218,40680,891436
2021-02-11 15:00:00,22870,676172,17501.0,255719,,,22870,676172,17501,255719,40371,931807
2021-02-12 15:00:00,20339,696511,19877.0,275596,,,20339,696511,19877,275596,40216,972023
2021-02-13 15:00:00,11376,707887,6345.0,281941,,,11376,707887,6345,281941,17721,989744
2021-02-14 15:00:00,7085,714972,2081.0,284022,,,7085,714972,2081,284022,9166,998910
2021-02-15 15:00:00,11715,726687,13224.0,297246,,,11715,726687,13224,297246,24939,1023849
2021-02-16 15:00:00,16565,743252,21673.0,318919,,,16565,743252,21673,318919,38238,1062087
2021-02-17 15:00:00,20647,763899,27138.0,346057,,,20647,763899,27138,346057,47785,1109872
2021-02-18 15:00:00,3171,767070,4725.0,350782,,,3171,767070,4725,350782,7896,1117768
2021-02-19 15:00:00,10275,777345,20409.0,371191,,,10275,777345,20409,371191,30684,1148452
2021-02-20 15:00:00,10312,787657,20874.0,392065,,,10312,787657,20874,392065,31186,1179638
2021-02-21 15:00:00,6157,793814,7941.0,400006,,,6157,793814,7941,400006,14098,1193736
2021-02-22 15:00:00,8092,801906,15904.0,415910,,,8092,801906,15904,415910,23996,1217732
2021-02-23 15:00:00,15615,817521,16477.0,432387,,,15615,817521,16477,432387,32092,1249824
2021-02-24 15:00:00,17996,835517,25146.0,457533,,,17996,835517,25146,457533,43142,1292966
2021-02-25 15:00:00,20433,855950,26879.0,484412,,,20433,855950,26879,484412,47312,1340278
2021-02-26 15:00:00,26816,882766,26482.0,510894,,,26816,882766,26482,510894,53298,1393576
2021-02-27 15:00:00,16101,898867,11695.0,522589,,,16101,898867,11695,522589,27796,1421372
2021-02-28 15:00:00,15494,914361,4813.0,527402,,,15494,914361,4813,527402,20307,1441679
2021-03-01 15:00:00,26142,940503,12598.0,540000,,,26142,940503,12598,540000,38740,1480419
2021-03-02 15:00:00,24022,964525,13328.0,553328,31.0,31.0,24053,964556,13359,553359,37381,1517800
2021-03-03 15:00:00,30262,994787,18377.0,571705,176.0,207.0,30438,994994,18553,571912,48815,1566615
2021-03-04 15:00:00,31109,1025896,18130.0,589835,4062.0,4269.0,35171,1030165,22192,594104,53301,1619916
2021-03-05 15:00:00,29591,1055487,19395.0,609230,4906.0,9175.0,34497,1064662,24301,618405,53892,1673808
2021-03-06 15:00:00,17791,1073278,8912.0,618142,5997.0,15172.0,23788,1088450,14909,633314,32700,1706508
2021-03-07 15:00:00,12068,1085346,4802.0,622944,6611.0,21783.0,18679,1107129,11413,644727,23481,1729989
2021-03-08 15:00:00,26187,1111533,8775.0,631719,8278.0,30061.0,34465,1141594,17053,661780,43240,1773229
2021-03-09 15:00:00,26412,1137945,15392.0,647111,8338.0,38399.0,34750,1176344,23730,685510,50142,1823371
2021-03-10 15:00:00,30156,1168101,15921.0,663032,7938.0,46337.0,38094,1214438,23859,709369,54015,1877386
2021-03-11 15:00:00,36223,1204324,16402.0,679434,4034.0,50371.0,40257,1254695,20436,729805,56659,1934045
2021-03-12 15:00:00,37187,1241511,18017.0,697451,2922.0,53293.0,40109,1294804,20939,750744,58126,1992171
2021-03-13 15:00:00,22614,1264125,10213.0,707664,1604.0,54897.0,24218,1319022,11817,762561,34431,2026602
2021-03-14 15:00:00,17816,1281941,6660.0,714324,995.0,55892.0,18811,1337833,7655,770216,25471,2052073
2021-03-15 15:00:00,29985,1311926,11330.0,725654,604.0,56496.0,30589,1368422,11934,782150,41919,2093992
2021-03-16 15:00:00,33625,1345551,13577.0,739231,766.0,57262.0,34391,1402813,14343,796493,47968,2141960
2021-03-17 15:00:00,37727,1383278,17011.0,756242,1184.0,58446.0,38911,1441724,18195,814688,55922,2197882
2021-03-18 15:00:00,41508,1424786,12619.0,768861,1357.0,59803.0,42865,1484589,13976,828664,55484,2253366
2021-03-19 15:00:00,38344,1463130,15586.0,784447,1046.0,60849.0,39390,1523979,16632,845296,54976,2308342
2021-03-20 15:00:00,24571,1487701,10048.0,794495,1124.0,61973.0,25695,1549674,11172,856468,35743,2344085
2021-03-21 15:00:00,19103,1506804,7806.0,802301,330.0,62303.0,19433,1569107,8136,864604,27239,2371324
2021-03-22 15:00:00,32580,1539384,11645.0,813946,832.0,63135.0,33412,1602519,12477,877081,45057,2416381
2021-03-23 15:00:00,37795,1577179,17488.0,831434,1550.0,64685.0,39345,1641864,19038,896119,56833,2473214
2021-03-24 15:00:00,41177,1618356,21216.0,852650,1376.0,66061.0,42553,1684417,22592,918711,63769,2536983
2021-03-25 15:00:00,42485,1660841,21065.0,873715,2512.0,68573.0,44997,1729414,23577,942288,66062,2603045
2021-03-26 15:00:00,36627,1697468,26472.0,900187,2499.0,71072.0,39126,1768540,28971,971259,65598,2668643
2021-03-27 15:00:00,27747,1725215,16869.0,917056,2766.0,73838.0,30513,1799053,19635,990894,47382,2716025
2021-03-28 15:00:00,16984,1742199,12579.0,929635,1615.0,75453.0,18599,1817652,14194,1005088,31178,2747203
2021-03-29 15:00:00,29710,1771909,26517.0,956152,1137.0,76590.0,30847,1848499,27654,1032742,57364,2804567
2021-03-30 15:00:00,40023,1811932,29186.0,985338,1849.0,78439.0,41872,1890371,31035,1063777,71058,2875625
2021-03-31 15:00:00,41034,1852966,34871.0,1020209,5742.0,84181.0,46776,1937147,40613,1104390,81647,2957272
2021-04-01 15:00:00,40770,1893736,39905.0,1060114,5625.0,89806.0,46395,1983542,45530,1149920,86300,3043572
2021-04-02 15:00:00,34971,1928707,32753.0,1092867,6105.0,95911.0,41076,2024618,38858,1188778,73829,3117401
2021-04-03 15:00:00,21567,1950274,18632.0,1111499,4363.0,100274.0,25930,2050548,22995,1211773,44562,3161963
2021-04-04 15:00:00,8214,1958488,10148.0,1121647,960.0,101234.0,9174,2059722,11108,1222881,19322,3181285
2021-04-05 15:00:00,27937,1986425,29085.0,1150732,6638.0,107872.0,34575,2094297,35723,1258604,63660,3244945
2021-04-06 15:00:00,39837,2026262,30572.0,1181304,10477.0,118349.0,50314,2144611,41049,1299653,80886,3325831
2021-04-07 15:00:00,36137,2062399,34303.0,1215607,12952.0,131301.0,49089,2193700,47255,1346908,83392,3409223
2021-04-08 15:00:00,42371,2104770,36079.0,1251686,13856.0,145157.0,56227,2249927,49935,1396843,92306,3501529
2021-04-09 15:00:00,34123,2138893,36360.0,1288046,14521.0,159678.0,48644,2298571,50881,1447724,85004,3586533
2021-04-10 15:00:00,23941,2162834,23023.0,1311069,7615.0,167293.0,31556,2330127,30638,1478362,54579,3641112
2021-04-11 15:00:00,17533,2180367,13236.0,1324305,10623.0,177916.0,28156,2358283,23859,1502221,41392,3682504
2021-04-12 15:00:00,24629,2204996,33143.0,1357448,10914.0,188830.0,35543,2393826,44057,1546278,68686,3751190
2021-04-13 15:00:00,126875,2331871,90675.0,1448123,3292.0,192122.0,130167,2523993,93967,1640245,220842,3972032
2021-04-14 15:00:00,40783,2372654,37893.0,1486016,208.0,192330.0,40991,2564984,38101,1678346,78884,4050916
2021-04-15 15:00:00,41806,2414460,39287.0,1525303,172.0,192502.0,41978,2606962,39459,1717805,81265,4132181
2021-04-16 15:00:00,37327,2451787,38783.0,1564086,23.0,192525.0,37350,2644312,38806,1756611,76133,4208314
2021-04-17 15:00:00,32911,2484698,21940.0,1586026,12.0,192537.0,32923,2677235,21952,1778563,54863,4263177
2021-04-18 15:00:00,20043,2504741,16164.0,1602190,5.0,192542.0,20048,2697283,16169,1794732,36212,4299389
2021-04-19 15:00:00,29959,2534700,36544.0,1638734,61.0,192603.0,30020,2727303,36605,1831337,66564,4365953
2021-04-20 15:00:00,33141,2567841,44162.0,1682896,54.0,192657.0,33195,2760498,44216,1875553,77357,4443310
2021-04-21 15:00:00,39819,2607660,46898.0,1729794,21.0,192678.0,39840,2800338,46919,1922472,86738,4530048
2021-04-22 15:00:00,36411,2644071,41963.0,1771757,16.0,192694.0,36427,2836765,41979,1964451,78390,4608438
2021-04-23 15:00:00,33151,2677222,40024.0,1811781,13.0,192707.0,33164,2869929,40037,2004488,73188,4681626
2021-04-24 15:00:00,26371,2703593,28590.0,1840371,80.0,192787.0,26451,2896380,28670,2033158,55041,4736667
2021-04-25 15:00:00,20199,2723792,10903.0,1851274,30.0,192817.0,20229,2916609,10933,2044091,31132,4767799
2021-04-26 15:00:00,27415,2751207,32761.0,1884035,203.0,193020.0,27618,2944227,32964,2077055,60379,4828178
2021-04-27 15:00:00,26755,2777962,33053.0,1917088,1096.0,194116.0,27851,2972078,34149,2111204,60904,4889082
2021-04-28 15:00:00,28982,2806944,39503.0,1956591,1362.0,195478.0,30344,3002422,40865,2152069,69847,4958929
2021-04-29 15:00:00,27380,2834324,39478.0,1996069,1461.0,196939.0,28841,3031263,40939,2193008,68319,5027248
2021-04-30 15:00:00,28240,2862564,32157.0,2028226,1642.0,198581.0,29882,3061145,33799,2226807,62039,5089287
2021-05-01 15:00:00,20366,2882930,26777.0,2055003,1020.0,199601.0,21386,3082531,27797,2254604,48163,5137450
2021-05-02 15:00:00,10260,2893190,16988.0,2071991,818.0,200419.0,11078,3093609,17806,2272410,28066,5165516
2021-05-03 15:00:00,12743,2905933,28778.0,2100769,1909.0,202328.0,14652,3108261,30687,2303097,43430,5208946
2021-05-04 15:00:00,13537,2919470,38505.0,2139274,1732.0,204060.0,15269,3123530,40237,2343334,53774,5262720
2021-05-05 15:00:00,19324,2938794,37776.0,2177050,1918.0,205978.0,21242,3144772,39694,2383028,59018,5321738
2021-05-06 15:00:00,16978,2955772,40573.0,2217623,1712.0,207690.0,18690,3163462,42285,2425313,59263,5381001
2021-05-07 15:00:00,17432,2973204,36098.0,2253721,1958.0,209648.0,19390,3182852,38056,2463369,55488,5436489
2021-05-08 15:00:00,10776,2983980,31149.0,2284870,1292.0,210940.0,12068,3194920,32441,2495810,43217,5479706
2021-05-09 15:00:00,5044,2989024,11883.0,2296753,695.0,211635.0,5739,3200659,12578,2508388,17622,5497328
2021-05-10 15:00:00,8951,2997975,31114.0,2327867,1356.0,212991.0,10307,3210966,32470,2540858,41421,5538749
2021-05-11 15:00:00,12201,3010176,30282.0,2358149,1443.0,214434.0,13644,3224610,31725,2572583,43926,5582675
2021-05-12 15:00:00,13938,3024114,38554.0,2396703,1913.0,216347.0,15851,3240461,40467,2613050,54405,5637080
2021-05-13 15:00:00,21826,3045940,33395.0,2430098,1352.0,217699.0,23178,3263639,34747,2647797,56573,5693653
2021-05-14 15:00:00,24329,3070269,29982.0,2460080,1772.0,219471.0,26101,3289740,31754,2679551,56083,5749736
2021-05-15 15:00:00,21851,3092120,25018.0,2485098,1533.0,221004.0,23384,3313124,26551,2706102,48402,5798138
2021-05-16 15:00:00,9063,3101183,17513.0,2502611,1111.0,222115.0,10174,3323298,18624,2724726,27687,5825825
2021-05-17 15:00:00,16852,3118035,28370.0,2530981,1949.0,224064.0,18801,3342099,30319,2755045,47171,5872996
2021-05-18 15:00:00,21260,3139295,30692.0,2561673,1947.0,226011.0,23207,3365306,32639,2787684,53899,5926895
2021-05-19 15:00:00,27586,3166881,32372.0,2594045,1625.0,227636.0,29211,3394517,33997,2821681,61583,5988478
2021-05-20 15:00:00,20789,3187670,33257.0,2627302,1965.0,229601.0,22754,3417271,35222,2856903,56011,6044489
2021-05-21 15:00:00,19137,3206807,30227.0,2657529,1611.0,231212.0,20748,3438019,31838,2888741,50975,6095464
2021-05-22 15:00:00,16893,3223700,20596.0,2678125,1269.0,232481.0,18162,3456181,21865,2910606,38758,6134222
2021-05-23 15:00:00,8746,3232446,11410.0,2689535,963.0,233444.0,9709,3465890,12373,2922979,21119,6155341
2021-05-24 15:00:00,13590,3246036,17743.0,2707278,1481.0,234925.0,15071,3480961,19224,2942203,32814,6188155
2021-05-25 15:00:00,13022,3259058,18648.0,2725926,1329.0,236254.0,14351,3495312,19977,2962180,32999,6221154
2021-05-26 15:00:00,18274,3277332,19429.0,2745355,1509.0,237763.0,19783,3515095,20938,2983118,39212,6260366
2021-05-27 15:00:00,11697,3289029,18623.0,2763978,1135.0,238898.0,12832,3527927,19758,3002876,31455,6291821
2021-05-28 15:00:00,12513,3301542,19693.0,2783671,1401.0,240299.0,13914,3541841,21094,3023970,33607,6325428
2021-05-29 15:00:00,9545,3311087,11613.0,2795284,936.0,241235.0,10481,3552322,12549,3036519,22094,6347522
2021-05-30 15:00:00,4969,3316056,6404.0,2801688,596.0,241831.0,5565,3557887,7000,3043519,11969,6359491
2021-05-31 15:00:00,1771,3317827,3694.0,2805382,305.0,242136.0,2076,3559963,3999,3047518,5770,6365261
2021-06-01 15:00:00,9750,3327577,16272.0,2821654,1147.0,243283.0,10897,3570860,17419,3064937,27169,6392430
2021-06-02 15:00:00,10208,3337785,16751.0,2838405,957.0,244240.0,11165,3582025,17708,3082645,27916,6420346
2021-06-03 15:00:00,7901,3345686,21155.0,2859560,1083.0,245323.0,8984,3591009,22238,3104883,30139,6450485
2021-06-04 15:00:00,8196,3353882,22203.0,2881763,1123.0,246446.0,9319,3600328,23326,3128209,31522,6482007
2021-06-05 15:00:00,7000,3360882,19366.0,2901129,718.0,247164.0,7718,3608046,20084,3148293,27084,6509091
2021-06-06 15:00:00,3468,3364350,7185.0,2908314,421.0,247585.0,3889,3611935,7606,3155899,11074,6520165
2021-06-07 15:00:00,6839,3371189,15714.0,2924028,725.0,248310.0,7564,3619499,16439,3172338,23278,6543443
2021-06-08 15:00:00,6686,3377875,19694.0,2943722,816.0,249126.0,7502,3627001,20510,3192848,27196,6570639
2021-06-09 15:00:00,8196,3386071,23851.0,2967573,968.0,250094.0,9164,3636165,24819,3217667,33015,6603654
2021-06-10 15:00:00,7168,3393239,19087.0,2986660,898.0,250992.0,8066,3644231,19985,3237652,27153,6630807
2021-06-11 15:00:00,7443,3400682,17665.0,3004325,1125.0,252117.0,8568,3652799,18790,3256442,26233,6657040
2021-06-12 15:00:00,5237,3405919,14691.0,3019016,604.0,252721.0,5841,3658640,15295,3271737,20532,6677572
2021-06-13 15:00:00,1931,3407850,7554.0,3026570,426.0,253147.0,2357,3660997,7980,3279717,9911,6687483
2021-06-14 15:00:00,5645,3413495,11792.0,3038362,728.0,253875.0,6373,3667370,12520,3292237,18165,6705648
2021-06-15 15:00:00,5652,3419147,14307.0,3052669,871.0,254746.0,6523,3673893,15178,3307415,20830,6726478
2021-06-16 15:00:00,8721,3427868,21503.0,3074172,758.0,255504.0,9479,3683372,22261,3329676,30982,6757460
2021-06-17 15:00:00,6677,3434545,12367.0,3086539,720.0,256224.0,7397,3690769,13087,3342763,19764,6777224
2021-06-18 15:00:00,6853,3441398,12668.0,3099207,704.0,256928.0,7557,3698326,13372,3356135,20225,6797449
2021-06-19 15:00:00,4654,3446052,9346.0,3108553,613.0,257541.0,5267,3703593,9959,3366094,14613,6812062
2021-06-20 15:00:00,2503,3448555,5025.0,3113578,377.0,257918.0,2880,3706473,5402,3371496,7905,6819967
2021-06-21 15:00:00,5546,3454101,5317.0,3118895,636.0,258554.0,6182,3712655,5953,3377449,11499,6831466
2021-06-22 15:00:00,5207,3459308,8860.0,3127755,682.0,259236.0,5889,3718544,9542,3386991,14749,6846215
2021-06-23 15:00:00,6063,3465371,10280.0,3138035,641.0,259877.0,6704,3725248,10921,3397912,16984,6863199
2021-06-24 15:00:00,5930,3471301,8186.0,3146221,593.0,260470.0,6523,3731771,8779,3406691,14709,6877908
2021-06-25 15:00:00,5820,3477121,8605.0,3154826,620.0,261090.0,6440,3738211,9225,3415916,15045,6892953
2021-06-26 15:00:00,3698,3480819,6277.0,3161103,395.0,261485.0,4093,3742304,6672,3422588,10370,6903323
2021-06-27 15:00:00,2799,3483618,3530.0,3164633,182.0,261667.0,2981,3745285,3712,3426300,6511,6909834
2021-06-28 15:00:00,4725,3488343,6096.0,3170729,521.0,262188.0,5246,3750531,6617,3432917,11342,6921176
2021-06-29 15:00:00,5078,3493421,6491.0,3177220,517.0,262705.0,5595,3756126,7008,3439925,12086,6933262
2021-06-30 15:00:00,5595,3499016,7406.0,3184626,604.0,263309.0,6199,3762325,8010,3447935,13605,6946867
2021-07-01 15:00:00,5322,3504338,6937.0,3191563,490.0,263799.0,5812,3768137,7427,3455362,12749,6959616
2021-07-02 15:00:00,5275,3509613,6829.0,3198392,519.0,264318.0,5794,3773931,7348,3462710,12623,6972239
2021-07-03 15:00:00,3256,3512869,4064.0,3202456,260.0,264578.0,3516,3777447,4324,3467034,7580,6979819
2021-07-04 15:00:00,492,3513361,541.0,3202997,66.0,264644.0,558,3778005,607,3467641,1099,6980918
2021-07-05 15:00:00,3750,3517111,3957.0,3206954,282.0,264926.0,4032,3782037,4239,3471880,7989,6988907
2021-07-06 15:00:00,4476,3521587,6218.0,3213172,449.0,265375.0,4925,3786962,6667,3478547,11143,7000050
2021-07-07 15:00:00,4459,3526046,6365.0,3219537,482.0,265857.0,4941,3791903,6847,3485394,11306,7011356
2021-07-08 15:00:00,4829,3530875,6112.0,3225649,562.0,266419.0,5391,3797294,6674,3492068,11503,7022859
2021-07-09 15:00:00,5349,3536224,6604.0,3232253,572.0,266991.0,5921,3803215,7176,3499244,12525,7035384
2021-07-10 15:00:00,3511,3539735,4370.0,3236623,302.0,267293.0,3813,3807028,4672,3503916,8183,7043567
2021-07-11 15:00:00,2662,3542397,2551.0,3239174,223.0,267516.0,2885,3809913,2774,3506690,5436,7049003
2021-07-12 15:00:00,4404,3546801,5102.0,3244276,374.0,267890.0,4778,3814691,5476,3512166,9880,7058883
2021-07-13 15:00:00,4740,3551541,4586.0,3248862,364.0,268254.0,5104,3819795,4950,3517116,9690,7068573
2021-07-14 15:00:00,4591,3556132,5241.0,3254103,420.0,268674.0,5011,3824806,5661,3522777,10252,7078825
2021-07-15 15:00:00,4866,3560998,4974.0,3259077,356.0,269030.0,5222,3830028,5330,3528107,10196,7089021
2021-07-16 15:00:00,6266,3567264,5810.0,3264887,401.0,269431.0,6667,3836695,6211,3534318,12477,7101498
2021-07-17 15:00:00,3404,3570668,3547.0,3268434,299.0,269730.0,3703,3840398,3846,3538164,7250,7108748
2021-07-18 15:00:00,2297,3572965,2368.0,3270802,110.0,269840.0,2407,3842805,2478,3540642,4775,7113523
2021-07-19 15:00:00,5241,3578206,4461.0,3275263,375.0,270215.0,5616,3848421,4836,3545478,10077,7123600
2021-07-20 15:00:00,5320,3583526,4686.0,3279949,366.0,270581.0,5686,3854107,5052,3550530,10372,7133972
2021-07-21 15:00:00,5627,3589153,4931.0,3284880,415.0,270996.0,6042,3860149,5346,3555876,10973,7144945
2021-07-22 15:00:00,5998,3595151,4642.0,3289522,407.0,271403.0,6405,3866554,5049,3560925,11047,7155992
2021-07-23 15:00:00,6819,3601970,4865.0,3294387,490.0,271893.0,7309,3873863,5355,3566280,12174,7168166
2021-07-24 15:00:00,4275,3606245,3205.0,3297592,266.0,272159.0,4541,3878404,3471,3569751,7746,7175912
2021-07-25 15:00:00,3290,3609535,1122.0,3298714,138.0,272297.0,3428,3881832,1260,3571011,4550,7180462
2021-07-26 15:00:00,6193,3615728,3909.0,3302623,411.0,272708.0,6604,3888436,4320,3575331,10513,7190975
2021-07-27 15:00:00,6342,3622070,4068.0,3306691,451.0,273159.0,6793,3895229,4519,3579850,10861,7201836
2021-07-28 15:00:00,6794,3628864,4017.0,3310708,457.0,273616.0,7251,3902480,4474,3584324,11268,7213104
2021-07-29 15:00:00,6794,3635658,4157.0,3314865,411.0,274027.0,7205,3909685,4568,3588892,11362,7224466
2021-07-30 15:00:00,7513,3643171,4547.0,3319412,521.0,274548.0,8034,3917719,5068,3593960,12581,7237047
2021-07-31 15:00:00,4777,3647948,3049.0,3322461,272.0,274820.0,5049,3922768,3321,3597281,8098,7245145
2021-08-01 15:00:00,3771,3651719,2097.0,3324558,154.0,274974.0,3925,3926693,2251,3599532,6022,7251167
2021-08-02 15:00:00,7005,3658724,3659.0,3328217,334.0,275308.0,7339,3934032,3993,3603525,10998,7262165
2021-08-03 15:00:00,6982,3665706,3914.0,3332131,504.0,275812.0,7486,3941518,4418,3607943,11400,7273565
2021-08-04 15:00:00,7147,3672853,3902.0,3336033,527.0,276339.0,7674,3949192,4429,3612372,11576,7285141
2021-08-05 15:00:00,7640,3680493,4114.0,3340147,535.0,276874.0,8175,3957367,4649,3617021,12289,7297430
2021-08-06 15:00:00,8268,3688761,4720.0,3344867,449.0,277323.0,8717,3966084,5169,3622190,13437,7310867
2021-08-07 15:00:00,5238,3693999,2808.0,3347675,263.0,277586.0,5501,3971585,3071,3625261,8309,7319176
2021-08-08 15:00:00,3937,3697936,2048.0,3349723,140.0,277726.0,4077,3975662,2188,3627449,6125,7325301
2021-08-09 15:00:00,6901,3704837,4514.0,3354237,363.0,278089.0,7264,3982926,4877,3632326,11778,7337079
2021-08-10 15:00:00,7102,3711939,4453.0,3358690,336.0,278425.0,7438,3990364,4789,3637115,11891,7348970
2021-08-11 15:00:00,7020,3718959,4427.0,3363117,438.0,278863.0,7458,3997822,4865,3641980,11885,7360855
2021-08-12 15:00:00,8560,3727519,4703.0,3367820,438.0,279301.0,8998,4006820,5141,3647121,13701,7374556
2021-08-13 15:00:00,7102,3734621,5354.0,3373174,388.0,279689.0,7490,4014310,5742,3652863,12844,7387400
2021-08-14 15:00:00,4912,3739533,3343.0,3376517,284.0,279973.0,5196,4019506,3627,3656490,8539,7395939
2021-08-15 15:00:00,3314,3742847,2732.0,3379249,164.0,280137.0,3478,4022984,2896,3659386,6210,7402149
2021-08-16 15:00:00,5404,3748251,5070.0,3384319,348.0,280485.0,5752,4028736,5418,3664804,10822,7412971
2021-08-17 15:00:00,6933,3755184,5185.0,3389504,387.0,280872.0,7320,4036056,5572,3670376,12505,7425476
2021-08-18 15:00:00,6495,3761679,5293.0,3394797,470.0,281342.0,6965,4043021,5763,3676139,12258,7437734
2021-08-19 15:00:00,5974,3767653,5321.0,3400118,410.0,281752.0,6384,4049405,5731,3681870,11705,7449439
2021-08-20 15:00:00,7024,3774677,6310.0,3406428,401.0,282153.0,7425,4056830,6711,3688581,13735,7463174
2021-08-21 15:00:00,4305,3778982,3921.0,3410349,224.0,282377.0,4529,4061359,4145,3692726,8450,7471624
2021-08-22 15:00:00,3060,3782042,3157.0,3413506,109.0,282486.0,3169,4064528,3266,3695992,6326,7477950
2021-08-23 15:00:00,6148,3788190,5913.0,3419419,285.0,282771.0,6433,4070961,6198,3702190,12346,7490296
2021-08-24 15:00:00,6622,3794812,5866.0,3425285,424.0,283195.0,7046,4078007,6290,3708480,12912,7503208
2021-08-25 15:00:00,6879,3801691,6001.0,3431286,437.0,283632.0,7316,4085323,6438,3714918,13317,7516525
2021-08-26 15:00:00,7152,3808843,6399.0,3437685,427.0,284059.0,7579,4092902,6826,3721744,13978,7530503
2021-08-27 15:00:00,6835,3815678,6989.0,3444674,315.0,284374.0,7150,4100052,7304,3729048,14139,7544642
2021-08-28 15:00:00,6899,3822577,6471.0,3451145,326.0,284700.0,7225,4107277,6797,3735845,13696,7558338
2021-08-29 15:00:00,3742,3826319,3669.0,3454814,611.0,285311.0,4353,4111630,4280,3740125,8022,7566360
2021-08-30 15:00:00,5935,3832254,6081.0,3460895,959.0,286270.0,6894,4118524,7040,3747165,12975,7579335
2021-08-31 15:00:00,5679,3837933,5923.0,3466818,945.0,287215.0,6624,4125148,6868,3754033,12547,7591882
2021-09-01 15:00:00,5518,3843451,5571.0,3472389,905.0,288120.0,6423,4131571,6476,3760509,11994,7603876
2021-09-02 15:00:00,5524,3848975,5869.0,3478258,700.0,288820.0,6224,4137795,6569,3767078,12093,7615969
2021-09-03 15:00:00,5971,3854946,6864.0,3485122,970.0,289790.0,6941,4144736,7834,3774912,13805,7629774
2021-09-04 15:00:00,3712,3858658,4315.0,3489437,875.0,290665.0,4587,4149323,5190,3780102,8902,7638676
2021-09-05 15:00:00,2884,3861542,2797.0,3492234,104.0,290769.0,2988,4152311,2901,3783003,5785,7644461
2021-09-06 15:00:00,1047,3862589,1141.0,3493375,62.0,290831.0,1109,4153420,1203,3784206,2250,7646711
2021-09-07 15:00:00,5267,3867856,7236.0,3500611,2302.0,293133.0,7569,4160989,9538,3793744,14805,7661516
2021-09-08 15:00:00,4644,3872500,5434.0,3506045,365.0,293498.0,5009,4165998,5799,3799543,10443,7671959
2021-09-09 15:00:00,5055,3877555,5330.0,3511375,322.0,293820.0,5377,4171375,5652,3805195,10707,7682666
2021-09-10 15:00:00,6515,3884070,6580.0,3517955,1711.0,295531.0,8226,4179601,8291,3813486,14806,7697472
2021-09-11 15:00:00,4038,3888108,4325.0,3522280,663.0,296194.0,4701,4184302,4988,3818474,9026,7706498
2021-09-12 15:00:00,3061,3891169,3225.0,3525505,434.0,296628.0,3495,4187797,3659,3822133,6720,7713218
2021-09-13 15:00:00,4663,3895832,4835.0,3530340,345.0,296973.0,5008,4192805,5180,3827313,9843,7723061
2021-09-14 15:00:00,4565,3900397,5200.0,3535540,433.0,297406.0,4998,4197803,5633,3832946,10198,7733259
2021-09-15 15:00:00,4676,3905073,5587.0,3541127,385.0,297791.0,5061,4202864,5972,3838918,10648,7743907
2021-09-16 15:00:00,4574,3909647,5595.0,3546722,330.0,298121.0,4904,4207768,5925,3844843,10499,7754406
2021-09-17 15:00:00,5019,3914666,6315.0,3553037,341.0,298462.0,5360,4213128,6656,3851499,11675,7766081
2021-09-18 15:00:00,3765,3918431,4561.0,3557598,184.0,298646.0,3949,4217077,4745,3856244,8510,7774591
2021-09-19 15:00:00,2723,3921154,3163.0,3560761,75.0,298721.0,2798,4219875,3238,3859482,5961,7780552
2021-09-20 15:00:00,3526,3924680,4455.0,3565216,426.0,299147.0,3952,4223827,4881,3864363,8407,7788959
2021-09-21 15:00:00,3768,3928448,4800.0,3570016,324.0,299471.0,4092,4227919,5124,3869487,8892,7797851
2021-09-22 15:00:00,4168,3932616,4734.0,3574750,455.0,299926.0,4623,4232542,5189,3874676,9357,7807208
2021-09-23 15:00:00,4170,3936786,4682.0,3579432,488.0,300414.0,4658,4237200,5170,3879846,9340,7816548
2021-09-24 15:00:00,5070,3941856,5547.0,3584979,421.0,300835.0,5491,4242691,5968,3885814,11038,7827586
2021-09-25 15:00:00,3592,3945448,3633.0,3588612,384.0,301219.0,3976,4246667,4017,3889831,7609,7835195
2021-09-26 15:00:00,2352,3947800,2601.0,3591213,421.0,301640.0,2773,4249440,3022,3892853,5374,7840569
2021-09-27 15:00:00,4492,3952292,2691.0,3593904,506.0,302146.0,4998,4254438,3197,3896050,7689,7848258
2021-09-28 15:00:00,4392,3956684,4377.0,3598281,211.0,302357.0,4603,4259041,4588,3900638,8980,7857238
2021-09-29 15:00:00,4696,3961380,4486.0,3602767,917.0,303274.0,5613,4264654,5403,3906041,10099,7867337
2021-09-30 15:00:00,4866,3966246,4526.0,3607293,790.0,304064.0,5656,4270310,5316,3911357,10182,7877519
2021-10-01 15:00:00,5387,3971633,5270.0,3612563,777.0,304841.0,6164,4276474,6047,3917404,11434,7888953
2021-10-02 15:00:00,2930,3974563,2890.0,3615453,186.0,305027.0,3116,4279590,3076,3920480,6006,7894959
2021-10-03 15:00:00,2053,3976616,2176.0,3617629,86.0,305113.0,2139,4281729,2262,3922742,4315,7899274
2021-10-04 15:00:00,4142,3980758,3364.0,3620993,233.0,305346.0,4375,4286104,3597,3926339,7739,7907013
2021-10-05 15:00:00,4043,3984801,3577.0,3624570,204.0,305550.0,4247,4290351,3781,3930120,7824,7914837
2021-10-06 15:00:00,4109,3988910,3459.0,3628029,262.0,305812.0,4371,4294722,3721,3933841,7830,7922667
2021-10-07 15:00:00,4332,3993242,3483.0,3631512,320.0,306132.0,4652,4299374,3803,3937644,8135,7930802
2021-10-08 15:00:00,4906,3998148,4027.0,3635539,281.0,306413.0,5187,4304561,4308,3941952,9214,7940016
2021-10-09 15:00:00,2671,4000819,2667.0,3638206,270.0,306683.0,2941,4307502,2937,3944889,5608,7945624
2021-10-10 15:00:00,1859,4002678,1842.0,3640048,59.0,306742.0,1918,4309420,1901,3946790,3760,7949384
2021-10-11 15:00:00,4350,4007028,3169.0,3643217,246.0,306988.0,4596,4314016,3415,3950205,7765,7957149
2021-10-12 15:00:00,3698,4010726,3261.0,3646478,266.0,307254.0,3964,4317980,3527,3953732,7225,7964374
2021-10-13 15:00:00,3956,4014682,3405.0,3649883,342.0,307596.0,4298,4322278,3747,3957479,7703,7972077
2021-10-14 15:00:00,5117,4019799,5443.0,3655326,422.0,308018.0,5539,4327817,5865,3963344,10982,7983059
2021-10-15 15:00:00,4696,4024495,4541.0,3659867,344.0,308362.0,5040,4332857,4885,3968229,9581,7992640
2021-10-16 15:00:00,2477,4026972,2483.0,3662350,287.0,308649.0,2764,4335621,2770,3970999,5247,7997887
2021-10-17 15:00:00,1801,4028773,1778.0,3664128,52.0,308701.0,1853,4337474,1830,3972829,3631,8001518
2021-10-18 15:00:00,4262,4033035,3580.0,3667708,264.0,308965.0,4526,4342000,3844,3976673,8106,8009624
2021-10-19 15:00:00,4299,4037334,4047.0,3671755,222.0,309187.0,4521,4346521,4269,3980942,8568,8018192
2021-10-20 15:00:00,3488,4040822,3394.0,3675149,251.0,309438.0,3739,4350260,3645,3984587,7133,8025325
2021-10-21 15:00:00,3264,4044086,3309.0,3678458,285.0,309723.0,3549,4353809,3594,3988181,6858,8032183
2021-10-22 15:00:00,4620,4048706,5596.0,3684054,471.0,310194.0,5091,4358900,6067,3994248,10687,8042870
2021-10-23 15:00:00,2872,4051578,3356.0,3687410,320.0,310514.0,3192,4362092,3676,3997924,6548,8049418
2021-10-24 15:00:00,1970,4053548,2400.0,3689810,75.0,310589.0,2045,4364137,2475,4000399,4445,8053863
2021-10-25 15:00:00,4421,4057969,5696.0,3695506,309.0,310898.0,4730,4368867,6005,4006404,10426,8064289
2021-10-26 15:00:00,4363,4062332,5378.0,3700884,298.0,311196.0,4661,4373528,5676,4012080,10039,8074328
2021-10-27 15:00:00,4517,4066849,5645.0,3706529,417.0,311613.0,4934,4378462,6062,4018142,10579,8084907
2021-10-28 15:00:00,4247,4071096,5530.0,3712059,451.0,312064.0,4698,4383160,5981,4024123,10228,8095135
2021-10-29 15:00:00,4579,4075675,6056.0,3718115,335.0,312399.0,4914,4388074,6391,4030514,10970,8106105
2021-10-30 15:00:00,2130,4077805,2749.0,3720864,276.0,312675.0,2406,4390480,3025,4033539,5155,8111260
2021-10-31 15:00:00,671,4078476,893.0,3721757,54.0,312729.0,725,4391205,947,4034486,1618,8112878
