VACCINATION_DATE,FirstDailyDose,FirstDoseCumulative,SecondDailyDose,SecondDoseCumulative,SingleDailyDose,SingleDoseCumulative,AtleastOneVaccine,AtleastOneVaccineCumulative,CompletedVax,CompletedVaxCumulative,FirstSecondSingleVaccinations,FirstSecondSingleVaccinationsCumulative
2020-12-14 15:00:00,19,1402,,523,,,19,1402,0,523,19,1821
2020-12-15 15:00:00,61,1463,3.0,526,,,61,1463,3,526,64,1885
2020-12-16 15:00:00,595,2058,5.0,531,,,595,2058,5,531,600,2485
2020-12-17 15:00:00,1164,3222,8.0,539,,,1164,3222,8,539,1172,3657
2020-12-18 15:00:00,3021,6243,12.0,551,,,3021,6243,12,551,3033,6690
2020-12-19 15:00:00,931,7174,5.0,556,,,931,7174,5,556,936,7626
2020-12-20 15:00:00,364,7538,6.0,562,,,364,7538,6,562,370,7996
2020-12-21 15:00:00,3888,11426,26.0,588,,,3888,11426,26,588,3914,11910
2020-12-22 15:00:00,6323,17749,27.0,615,,,6323,17749,27,615,6350,18260
2020-12-23 15:00:00,5784,23533,36.0,651,,,5784,23533,36,651,5820,24080
2020-12-24 15:00:00,2728,26261,15.0,666,,,2728,26261,15,666,2743,26823
2020-12-25 15:00:00,1035,27296,4.0,670,,,1035,27296,4,670,1039,27862
2020-12-26 15:00:00,1883,29179,9.0,679,,,1883,29179,9,679,1892,29754
2020-12-27 15:00:00,1802,30981,12.0,691,,,1802,30981,12,691,1814,31568
2020-12-28 15:00:00,8983,39964,50.0,741,,,8983,39964,50,741,9033,40601
2020-12-29 15:00:00,10968,50932,53.0,794,,,10968,50932,53,794,11021,51622
2020-12-30 15:00:00,12491,63423,92.0,886,,,12491,63423,92,886,12583,64205
2020-12-31 15:00:00,7552,70975,47.0,933,,,7552,70975,47,933,7599,71804
2021-01-01 15:00:00,3299,74274,140.0,1073,,,3299,74274,140,1073,3439,75243
2021-01-02 15:00:00,3044,77318,34.0,1107,,,3044,77318,34,1107,3078,78321
2021-01-03 15:00:00,3411,80729,82.0,1189,,,3411,80729,82,1189,3493,81814
2021-01-04 15:00:00,13362,94091,336.0,1525,,,13362,94091,336,1525,13698,95512
2021-01-05 15:00:00,12486,106577,548.0,2073,,,12486,106577,548,2073,13034,108546
2021-01-06 15:00:00,15267,121844,864.0,2937,,,15267,121844,864,2937,16131,124677
2021-01-07 15:00:00,15038,136882,1777.0,4714,,,15038,136882,1777,4714,16815,141492
2021-01-08 15:00:00,24013,160895,2785.0,7499,,,24013,160895,2785,7499,26798,168290
2021-01-09 15:00:00,5175,166070,954.0,8453,,,5175,166070,954,8453,6129,174419
2021-01-10 15:00:00,2971,169041,384.0,8837,,,2971,169041,384,8837,3355,177774
2021-01-11 15:00:00,13721,182762,3469.0,12306,,,13721,182762,3469,12306,17190,194964
2021-01-12 15:00:00,17392,200154,5594.0,17900,,,17392,200154,5594,17900,22986,217950
2021-01-13 15:00:00,18620,218774,3928.0,21828,,,18620,218774,3928,21828,22548,240498
2021-01-14 15:00:00,17854,236628,1961.0,23789,,,17854,236628,1961,23789,19815,260313
2021-01-15 15:00:00,19482,256110,2033.0,25822,,,19482,256110,2033,25822,21515,281828
2021-01-16 15:00:00,5837,261947,1617.0,27439,,,5837,261947,1617,27439,7454,289282
2021-01-17 15:00:00,2122,264069,1480.0,28919,,,2122,264069,1480,28919,3602,292884
2021-01-18 15:00:00,7078,271147,3260.0,32179,,,7078,271147,3260,32179,10338,303222
2021-01-19 15:00:00,16956,288103,5405.0,37584,,,16956,288103,5405,37584,22361,325583
2021-01-20 15:00:00,21007,309110,5324.0,42908,,,21007,309110,5324,42908,26331,351914
2021-01-21 15:00:00,23811,332921,3848.0,46756,,,23811,332921,3848,46756,27659,379573
2021-01-22 15:00:00,28658,361579,3757.0,50513,,,28658,361579,3757,50513,32415,411988
2021-01-23 15:00:00,10122,371701,1943.0,52456,,,10122,371701,1943,52456,12065,424053
2021-01-24 15:00:00,3355,375056,1723.0,54179,,,3355,375056,1723,54179,5078,429131
2021-01-25 15:00:00,16307,391363,8604.0,62783,,,16307,391363,8604,62783,24911,454042
2021-01-26 15:00:00,17563,408926,8977.0,71760,,,17563,408926,8977,71760,26540,480582
2021-01-27 15:00:00,24437,433363,12552.0,84312,,,24437,433363,12552,84312,36989,517571
2021-01-28 15:00:00,22656,456019,9330.0,93642,,,22656,456019,9330,93642,31986,549557
2021-01-29 15:00:00,24786,480805,7928.0,101570,,,24786,480805,7928,101570,32714,582271
2021-01-30 15:00:00,17783,498588,2561.0,104131,,,17783,498588,2561,104131,20344,602615
2021-01-31 15:00:00,3765,502353,1370.0,105501,,,3765,502353,1370,105501,5135,607750
2021-02-01 15:00:00,8127,510480,5390.0,110891,,,8127,510480,5390,110891,13517,621267
2021-02-02 15:00:00,12510,522990,13827.0,124718,,,12510,522990,13827,124718,26337,647604
2021-02-03 15:00:00,18260,541250,18134.0,142852,,,18260,541250,18134,142852,36394,683998
2021-02-04 15:00:00,22133,563383,15790.0,158642,,,22133,563383,15790,158642,37923,721921
2021-02-05 15:00:00,20348,583731,17423.0,176065,,,20348,583731,17423,176065,37771,759692
2021-02-06 15:00:00,11333,595064,14478.0,190543,,,11333,595064,14478,190543,25811,785503
2021-02-07 15:00:00,5950,601014,1839.0,192382,,,5950,601014,1839,192382,7789,793292
2021-02-08 15:00:00,12986,614000,12922.0,205304,,,12986,614000,12922,205304,25908,819200
2021-02-09 15:00:00,16651,630651,13878.0,219182,,,16651,630651,13878,219182,30529,849729
2021-02-10 15:00:00,19304,649955,21236.0,240418,,,19304,649955,21236,240418,40540,890269
2021-02-11 15:00:00,22853,672808,17345.0,257763,,,22853,672808,17345,257763,40198,930467
2021-02-12 15:00:00,20399,693207,19639.0,277402,,,20399,693207,19639,277402,40038,970505
2021-02-13 15:00:00,11438,704645,6425.0,283827,,,11438,704645,6425,283827,17863,988368
2021-02-14 15:00:00,7113,711758,2131.0,285958,,,7113,711758,2131,285958,9244,997612
2021-02-15 15:00:00,11763,723521,13337.0,299295,,,11763,723521,13337,299295,25100,1022712
2021-02-16 15:00:00,16612,740133,21020.0,320315,,,16612,740133,21020,320315,37632,1060344
2021-02-17 15:00:00,20663,760796,26380.0,346695,,,20663,760796,26380,346695,47043,1107387
2021-02-18 15:00:00,3200,763996,4621.0,351316,,,3200,763996,4621,351316,7821,1115208
2021-02-19 15:00:00,10256,774252,19927.0,371243,,,10256,774252,19927,371243,30183,1145391
2021-02-20 15:00:00,10315,784567,20292.0,391535,,,10315,784567,20292,391535,30607,1175998
2021-02-21 15:00:00,6183,790750,7660.0,399195,,,6183,790750,7660,399195,13843,1189841
2021-02-22 15:00:00,8034,798784,15478.0,414673,,,8034,798784,15478,414673,23512,1213353
2021-02-23 15:00:00,15537,814321,15992.0,430665,,,15537,814321,15992,430665,31529,1244882
2021-02-24 15:00:00,17956,832277,24741.0,455406,,,17956,832277,24741,455406,42697,1287579
2021-02-25 15:00:00,20396,852673,26558.0,481964,,,20396,852673,26558,481964,46954,1334533
2021-02-26 15:00:00,26722,879395,26229.0,508193,,,26722,879395,26229,508193,52951,1387484
2021-02-27 15:00:00,16009,895404,11159.0,519352,,,16009,895404,11159,519352,27168,1414652
2021-02-28 15:00:00,15496,910900,4885.0,524237,,,15496,910900,4885,524237,20381,1435033
2021-03-01 15:00:00,27045,937945,12643.0,536880,,,27045,937945,12643,536880,39688,1474721
2021-03-02 15:00:00,23935,961880,13280.0,550160,35.0,35.0,23970,961915,13315,550195,37250,1511971
2021-03-03 15:00:00,30202,992082,18400.0,568560,188.0,223.0,30390,992305,18588,568783,48790,1560761
2021-03-04 15:00:00,30965,1023047,18211.0,586771,4068.0,4291.0,35033,1027338,22279,591062,53244,1614005
2021-03-05 15:00:00,30033,1053080,19729.0,606500,4909.0,9200.0,34942,1062280,24638,615700,54671,1668676
2021-03-06 15:00:00,18924,1072004,9512.0,616012,6010.0,15210.0,24934,1087214,15522,631222,34446,1703122
2021-03-07 15:00:00,12124,1084128,4865.0,620877,6609.0,21819.0,18733,1105947,11474,642696,23598,1726720
2021-03-08 15:00:00,25887,1110015,8854.0,629731,8273.0,30092.0,34160,1140107,17127,659823,43014,1769734
2021-03-09 15:00:00,26139,1136154,15473.0,645204,8342.0,38434.0,34481,1174588,23815,683638,49954,1819688
2021-03-10 15:00:00,29869,1166023,16007.0,661211,7939.0,46373.0,37808,1212396,23946,707584,53815,1873503
2021-03-11 15:00:00,35993,1202016,16406.0,677617,3981.0,50354.0,39974,1252370,20387,727971,56380,1929883
2021-03-12 15:00:00,36922,1238938,18090.0,695707,2927.0,53281.0,39849,1292219,21017,748988,57939,1987822
2021-03-13 15:00:00,22676,1261614,10290.0,705997,1629.0,54910.0,24305,1316524,11919,760907,34595,2022417
2021-03-14 15:00:00,17834,1279448,6720.0,712717,1007.0,55917.0,18841,1335365,7727,768634,25561,2047978
2021-03-15 15:00:00,29838,1309286,11308.0,724025,597.0,56514.0,30435,1365800,11905,780539,41743,2089721
2021-03-16 15:00:00,33422,1342708,13578.0,737603,770.0,57284.0,34192,1399992,14348,794887,47770,2137491
2021-03-17 15:00:00,37583,1380291,17062.0,754665,1181.0,58465.0,38764,1438756,18243,813130,55826,2193317
2021-03-18 15:00:00,41456,1421747,12659.0,767324,1348.0,59813.0,42804,1481560,14007,827137,55463,2248780
2021-03-19 15:00:00,38347,1460094,15423.0,782747,1044.0,60857.0,39391,1520951,16467,843604,54814,2303594
2021-03-20 15:00:00,24709,1484803,10168.0,792915,704.0,61561.0,25413,1546364,10872,854476,35581,2339175
2021-03-21 15:00:00,19186,1503989,7885.0,800800,337.0,61898.0,19523,1565887,8222,862698,27408,2366583
2021-03-22 15:00:00,32599,1536588,11487.0,812287,835.0,62733.0,33434,1599321,12322,875020,44921,2411504
2021-03-23 15:00:00,38422,1575010,17814.0,830101,1556.0,64289.0,39978,1639299,19370,894390,57792,2469296
2021-03-24 15:00:00,41097,1616107,21222.0,851323,1388.0,65677.0,42485,1681784,22610,917000,63707,2533003
2021-03-25 15:00:00,42900,1659007,21699.0,873022,2457.0,68134.0,45357,1727141,24156,941156,67056,2600059
2021-03-26 15:00:00,36381,1695388,26687.0,899709,2495.0,70629.0,38876,1766017,29182,970338,65563,2665622
2021-03-27 15:00:00,26478,1721866,17286.0,916995,2491.0,73120.0,28969,1794986,19777,990115,46255,2711877
2021-03-28 15:00:00,17017,1738883,12646.0,929641,1616.0,74736.0,18633,1813619,14262,1004377,31279,2743156
2021-03-29 15:00:00,29726,1768609,26299.0,955940,1143.0,75879.0,30869,1844488,27442,1031819,57168,2800324
2021-03-30 15:00:00,40064,1808673,29006.0,984946,1864.0,77743.0,41928,1886416,30870,1062689,70934,2871258
2021-03-31 15:00:00,41047,1849720,34699.0,1019645,5748.0,83491.0,46795,1933211,40447,1103136,81494,2952752
2021-04-01 15:00:00,42393,1892113,41048.0,1060693,5748.0,89239.0,48141,1981352,46796,1149932,89189,3041941
2021-04-02 15:00:00,34937,1927050,32677.0,1093370,6127.0,95366.0,41064,2022416,38804,1188736,73741,3115682
2021-04-03 15:00:00,21170,1948220,19192.0,1112562,4389.0,99755.0,25559,2047975,23581,1212317,44751,3160433
2021-04-04 15:00:00,8286,1956506,10189.0,1122751,968.0,100723.0,9254,2057229,11157,1223474,19443,3179876
2021-04-05 15:00:00,27970,1984476,28931.0,1151682,6658.0,107381.0,34628,2091857,35589,1259063,63559,3243435
2021-04-06 15:00:00,39784,2024260,30477.0,1182159,10494.0,117875.0,50278,2142135,40971,1300034,80755,3324190
2021-04-07 15:00:00,36098,2060358,34300.0,1216459,12990.0,130865.0,49088,2191223,47290,1347324,83388,3407578
2021-04-08 15:00:00,42340,2102698,36109.0,1252568,13863.0,144728.0,56203,2247426,49972,1397296,92312,3499890
2021-04-09 15:00:00,34061,2136759,36326.0,1288894,14528.0,159256.0,48589,2296015,50854,1448150,84915,3584805
2021-04-10 15:00:00,23473,2160232,23140.0,1312034,7640.0,166896.0,31113,2327128,30780,1478930,54253,3639058
2021-04-11 15:00:00,17567,2177799,13277.0,1325311,10119.0,177015.0,27686,2354814,23396,1502326,40963,3680021
2021-04-12 15:00:00,24608,2202407,33169.0,1358480,10896.0,187911.0,35504,2390318,44065,1546391,68673,3748694
2021-04-13 15:00:00,126198,2328605,91238.0,1449718,3293.0,191204.0,129491,2519809,94531,1640922,220729,3969423
2021-04-14 15:00:00,40722,2369327,37831.0,1487549,213.0,191417.0,40935,2560744,38044,1678966,78766,4048189
2021-04-15 15:00:00,41417,2410744,39560.0,1527109,176.0,191593.0,41593,2602337,39736,1718702,81153,4129342
2021-04-16 15:00:00,37151,2447895,38874.0,1565983,24.0,191617.0,37175,2639512,38898,1757600,76049,4205391
2021-04-17 15:00:00,32804,2480699,22031.0,1588014,12.0,191629.0,32816,2672328,22043,1779643,54847,4260238
2021-04-18 15:00:00,20068,2500767,16201.0,1604215,5.0,191634.0,20073,2692401,16206,1795849,36274,4296512
2021-04-19 15:00:00,29896,2530663,36548.0,1640763,61.0,191695.0,29957,2722358,36609,1832458,66505,4363017
2021-04-20 15:00:00,32938,2563601,44460.0,1685223,58.0,191753.0,32996,2755354,44518,1876976,77456,4440473
2021-04-21 15:00:00,39839,2603440,47062.0,1732285,26.0,191779.0,39865,2795219,47088,1924064,86927,4527400
2021-04-22 15:00:00,35868,2639308,42667.0,1774952,16.0,191795.0,35884,2831103,42683,1966747,78551,4605951
2021-04-23 15:00:00,33155,2672463,40154.0,1815106,14.0,191809.0,33169,2864272,40168,2006915,73323,4679274
2021-04-24 15:00:00,26416,2698879,27912.0,1843018,81.0,191890.0,26497,2890769,27993,2034908,54409,4733683
2021-04-25 15:00:00,20234,2719113,10976.0,1853994,31.0,191921.0,20265,2911034,11007,2045915,31241,4764924
2021-04-26 15:00:00,27414,2746527,32715.0,1886709,201.0,192122.0,27615,2938649,32916,2078831,60330,4825254
2021-04-27 15:00:00,26689,2773216,33080.0,1919789,1097.0,193219.0,27786,2966435,34177,2113008,60866,4886120
2021-04-28 15:00:00,28933,2802149,39545.0,1959334,1364.0,194583.0,30297,2996732,40909,2153917,69842,4955962
2021-04-29 15:00:00,27079,2829228,39748.0,1999082,1463.0,196046.0,28542,3025274,41211,2195128,68290,5024252
2021-04-30 15:00:00,28211,2857439,32276.0,2031358,1648.0,197694.0,29859,3055133,33924,2229052,62135,5086387
2021-05-01 15:00:00,20735,2878174,26698.0,2058056,1050.0,198744.0,21785,3076918,27748,2256800,48483,5134870
2021-05-02 15:00:00,10289,2888463,17044.0,2075100,822.0,199566.0,11111,3088029,17866,2274666,28155,5163025
2021-05-03 15:00:00,12752,2901215,28589.0,2103689,1915.0,201481.0,14667,3102696,30504,2305170,43256,5206281
2021-05-04 15:00:00,13569,2914784,38620.0,2142309,1739.0,203220.0,15308,3118004,40359,2345529,53928,5260209
2021-05-05 15:00:00,19326,2934110,37760.0,2180069,1921.0,205141.0,21247,3139251,39681,2385210,59007,5319216
2021-05-06 15:00:00,16921,2951031,40594.0,2220663,1722.0,206863.0,18643,3157894,42316,2427526,59237,5378453
2021-05-07 15:00:00,17590,2968621,37001.0,2257664,1959.0,208822.0,19549,3177443,38960,2466486,56550,5435003
2021-05-08 15:00:00,10795,2979416,31224.0,2288888,1291.0,210113.0,12086,3189529,32515,2499001,43310,5478313
2021-05-09 15:00:00,5085,2984501,12242.0,2301130,695.0,210808.0,5780,3195309,12937,2511938,18022,5496335
2021-05-10 15:00:00,8955,2993456,31051.0,2332181,1362.0,212170.0,10317,3205626,32413,2544351,41368,5537703
2021-05-11 15:00:00,12183,3005639,30285.0,2362466,1441.0,213611.0,13624,3219250,31726,2576077,43909,5581612
2021-05-12 15:00:00,13949,3019588,38622.0,2401088,1919.0,215530.0,15868,3235118,40541,2616618,54490,5636102
2021-05-13 15:00:00,21841,3041429,33514.0,2434602,1347.0,216877.0,23188,3258306,34861,2651479,56702,5692804
2021-05-14 15:00:00,24389,3065818,30059.0,2464661,1773.0,218650.0,26162,3284468,31832,2683311,56221,5749025
2021-05-15 15:00:00,21941,3087759,25109.0,2489770,1489.0,220139.0,23430,3307898,26598,2709909,48539,5797564
2021-05-16 15:00:00,9091,3096850,17585.0,2507355,1113.0,221252.0,10204,3318102,18698,2728607,27789,5825353
2021-05-17 15:00:00,16837,3113687,28411.0,2535766,1949.0,223201.0,18786,3336888,30360,2758967,47197,5872550
2021-05-18 15:00:00,21265,3134952,30688.0,2566454,1942.0,225143.0,23207,3360095,32630,2791597,53895,5926445
2021-05-19 15:00:00,27664,3162616,32435.0,2598889,1631.0,226774.0,29295,3389390,34066,2825663,61730,5988175
2021-05-20 15:00:00,20806,3183422,33277.0,2632166,1964.0,228738.0,22770,3412160,35241,2860904,56047,6044222
2021-05-21 15:00:00,19166,3202588,30354.0,2662520,1608.0,230346.0,20774,3432934,31962,2892866,51128,6095350
2021-05-22 15:00:00,16937,3219525,20695.0,2683215,1270.0,231616.0,18207,3451141,21965,2914831,38902,6134252
2021-05-23 15:00:00,8815,3228340,11448.0,2694663,965.0,232581.0,9780,3460921,12413,2927244,21228,6155480
2021-05-24 15:00:00,13568,3241908,17775.0,2712438,1474.0,234055.0,15042,3475963,19249,2946493,32817,6188297
2021-05-25 15:00:00,13072,3254980,18720.0,2731158,1329.0,235384.0,14401,3490364,20049,2966542,33121,6221418
2021-05-26 15:00:00,18314,3273294,19512.0,2750670,1512.0,236896.0,19826,3510190,21024,2987566,39338,6260756
2021-05-27 15:00:00,11687,3284981,18671.0,2769341,1116.0,238012.0,12803,3522993,19787,3007353,31474,6292230
2021-05-28 15:00:00,12419,3297400,19849.0,2789190,1401.0,239413.0,13820,3536813,21250,3028603,33669,6325899
2021-05-29 15:00:00,9516,3306916,11727.0,2800917,937.0,240350.0,10453,3547266,12664,3041267,22180,6348079
2021-05-30 15:00:00,4969,3311885,6434.0,2807351,596.0,240946.0,5565,3552831,7030,3048297,11999,6360078
2021-05-31 15:00:00,1779,3313664,3710.0,2811061,305.0,241251.0,2084,3554915,4015,3052312,5794,6365872
2021-06-01 15:00:00,9855,3323519,16442.0,2827503,1160.0,242411.0,11015,3565930,17602,3069914,27457,6393329
2021-06-02 15:00:00,10233,3333752,16821.0,2844324,960.0,243371.0,11193,3577123,17781,3087695,28014,6421343
2021-06-03 15:00:00,7899,3341651,21187.0,2865511,1087.0,244458.0,8986,3586109,22274,3109969,30173,6451516
2021-06-04 15:00:00,8198,3349849,22353.0,2887864,1120.0,245578.0,9318,3595427,23473,3133442,31671,6483187
2021-06-05 15:00:00,7001,3356850,19471.0,2907335,720.0,246298.0,7721,3603148,20191,3153633,27192,6510379
2021-06-06 15:00:00,3454,3360304,7253.0,2914588,423.0,246721.0,3877,3607025,7676,3161309,11130,6521509
2021-06-07 15:00:00,6857,3367161,15789.0,2930377,726.0,247447.0,7583,3614608,16515,3177824,23372,6544881
2021-06-08 15:00:00,6669,3373830,19735.0,2950112,830.0,248277.0,7499,3622107,20565,3198389,27234,6572115
2021-06-09 15:00:00,8200,3382030,23988.0,2974100,968.0,249245.0,9168,3631275,24956,3223345,33156,6605271
2021-06-10 15:00:00,7151,3389181,19139.0,2993239,895.0,250140.0,8046,3639321,20034,3243379,27185,6632456
2021-06-11 15:00:00,7486,3396667,17725.0,3010964,1125.0,251265.0,8611,3647932,18850,3262229,26336,6658792
2021-06-12 15:00:00,5241,3401908,14768.0,3025732,605.0,251870.0,5846,3653778,15373,3277602,20614,6679406
2021-06-13 15:00:00,1936,3403844,7633.0,3033365,427.0,252297.0,2363,3656141,8060,3285662,9996,6689402
2021-06-14 15:00:00,5656,3409500,11816.0,3045181,733.0,253030.0,6389,3662530,12549,3298211,18205,6707607
2021-06-15 15:00:00,5646,3415146,14341.0,3059522,873.0,253903.0,6519,3669049,15214,3313425,20860,6728467
2021-06-16 15:00:00,8757,3423903,21594.0,3081116,757.0,254660.0,9514,3678563,22351,3335776,31108,6759575
2021-06-17 15:00:00,6689,3430592,12367.0,3093483,720.0,255380.0,7409,3685972,13087,3348863,19776,6779351
2021-06-18 15:00:00,6835,3437427,12742.0,3106225,703.0,256083.0,7538,3693510,13445,3362308,20280,6799631
2021-06-19 15:00:00,4660,3442087,9382.0,3115607,615.0,256698.0,5275,3698785,9997,3372305,14657,6814288
2021-06-20 15:00:00,2504,3444591,5059.0,3120666,377.0,257075.0,2881,3701666,5436,3377741,7940,6822228
2021-06-21 15:00:00,5564,3450155,5338.0,3126004,635.0,257710.0,6199,3707865,5973,3383714,11537,6833765
2021-06-22 15:00:00,5346,3455501,9053.0,3135057,693.0,258403.0,6039,3713904,9746,3393460,15092,6848857
2021-06-23 15:00:00,6077,3461578,10336.0,3145393,646.0,259049.0,6723,3720627,10982,3404442,17059,6865916
2021-06-24 15:00:00,5937,3467515,8201.0,3153594,595.0,259644.0,6532,3727159,8796,3413238,14733,6880649
2021-06-25 15:00:00,5828,3473343,8667.0,3162261,620.0,260264.0,6448,3733607,9287,3422525,15115,6895764
2021-06-26 15:00:00,3704,3477047,6308.0,3168569,398.0,260662.0,4102,3737709,6706,3429231,10410,6906174
2021-06-27 15:00:00,2808,3479855,3524.0,3172093,185.0,260847.0,2993,3740702,3709,3432940,6517,6912691
2021-06-28 15:00:00,4920,3484775,6388.0,3178481,539.0,261386.0,5459,3746161,6927,3439867,11847,6924538
2021-06-29 15:00:00,5063,3489838,6476.0,3184957,519.0,261905.0,5582,3751743,6995,3446862,12058,6936596
2021-06-30 15:00:00,5626,3495464,7388.0,3192345,605.0,262510.0,6231,3757974,7993,3454855,13619,6950215
2021-07-01 15:00:00,5416,3500880,6988.0,3199333,500.0,263010.0,5916,3763890,7488,3462343,12904,6963119
2021-07-02 15:00:00,5293,3506173,6842.0,3206175,524.0,263534.0,5817,3769707,7366,3469709,12659,6975778
2021-07-03 15:00:00,3271,3509444,4067.0,3210242,264.0,263798.0,3535,3773242,4331,3474040,7602,6983380
2021-07-04 15:00:00,494,3509938,549.0,3210791,68.0,263866.0,562,3773804,617,3474657,1111,6984491
2021-07-05 15:00:00,3768,3513706,3955.0,3214746,287.0,264153.0,4055,3777859,4242,3478899,8010,6992501
2021-07-06 15:00:00,4492,3518198,6272.0,3221018,454.0,264607.0,4946,3782805,6726,3485625,11218,7003719
2021-07-07 15:00:00,4468,3522666,6413.0,3227431,482.0,265089.0,4950,3787755,6895,3492520,11363,7015082
2021-07-08 15:00:00,4838,3527504,6177.0,3233608,564.0,265653.0,5402,3793157,6741,3499261,11579,7026661
2021-07-09 15:00:00,5369,3532873,6667.0,3240275,573.0,266226.0,5942,3799099,7240,3506501,12609,7039270
2021-07-10 15:00:00,3520,3536393,4406.0,3244681,304.0,266530.0,3824,3802923,4710,3511211,8230,7047500
2021-07-11 15:00:00,2678,3539071,2574.0,3247255,226.0,266756.0,2904,3805827,2800,3514011,5478,7052978
2021-07-12 15:00:00,4422,3543493,5129.0,3252384,379.0,267135.0,4801,3810628,5508,3519519,9930,7062908
2021-07-13 15:00:00,4665,3548158,4721.0,3257105,366.0,267501.0,5031,3815659,5087,3524606,9752,7072660
2021-07-14 15:00:00,4623,3552781,5285.0,3262390,422.0,267923.0,5045,3820704,5707,3530313,10330,7082990
2021-07-15 15:00:00,4907,3557688,5015.0,3267405,359.0,268282.0,5266,3825970,5374,3535687,10281,7093271
2021-07-16 15:00:00,6275,3563963,5847.0,3273252,405.0,268687.0,6680,3832650,6252,3541939,12527,7105798
2021-07-17 15:00:00,3416,3567379,3551.0,3276803,303.0,268990.0,3719,3836369,3854,3545793,7270,7113068
2021-07-18 15:00:00,2309,3569688,2379.0,3279182,110.0,269100.0,2419,3838788,2489,3548282,4798,7117866
2021-07-19 15:00:00,5143,3574831,4611.0,3283793,383.0,269483.0,5526,3844314,4994,3553276,10137,7128003
2021-07-20 15:00:00,5339,3580170,4716.0,3288509,366.0,269849.0,5705,3850019,5082,3558358,10421,7138424
2021-07-21 15:00:00,5664,3585834,4945.0,3293454,416.0,270265.0,6080,3856099,5361,3563719,11025,7149449
2021-07-22 15:00:00,6029,3591863,4640.0,3298094,472.0,270737.0,6501,3862600,5112,3568831,11141,7160590
2021-07-23 15:00:00,6845,3598708,4846.0,3302940,498.0,271235.0,7343,3869943,5344,3574175,12189,7172779
2021-07-24 15:00:00,4284,3602992,3200.0,3306140,267.0,271502.0,4551,3874494,3467,3577642,7751,7180530
2021-07-25 15:00:00,3298,3606290,1120.0,3307260,140.0,271642.0,3438,3877932,1260,3578902,4558,7185088
2021-07-26 15:00:00,6217,3612507,3908.0,3311168,419.0,272061.0,6636,3884568,4327,3583229,10544,7195632
2021-07-27 15:00:00,6603,3619110,4285.0,3315453,458.0,272519.0,7061,3891629,4743,3587972,11346,7206978
2021-07-28 15:00:00,7085,3626195,4145.0,3319598,460.0,272979.0,7545,3899174,4605,3592577,11690,7218668
2021-07-29 15:00:00,7080,3633275,4302.0,3323900,419.0,273398.0,7499,3906673,4721,3597298,11801,7230469
2021-07-30 15:00:00,7819,3641094,4810.0,3328710,526.0,273924.0,8345,3915018,5336,3602634,13155,7243624
2021-07-31 15:00:00,4793,3645887,3078.0,3331788,274.0,274198.0,5067,3920085,3352,3605986,8145,7251769
2021-08-01 15:00:00,3890,3649777,2166.0,3333954,163.0,274361.0,4053,3924138,2329,3608315,6219,7257988
2021-08-02 15:00:00,7271,3657048,3843.0,3337797,341.0,274702.0,7612,3931750,4184,3612499,11455,7269443
2021-08-03 15:00:00,7269,3664317,4106.0,3341903,517.0,275219.0,7786,3939536,4623,3617122,11892,7281335
2021-08-04 15:00:00,7423,3671740,4121.0,3346024,535.0,275754.0,7958,3947494,4656,3621778,12079,7293414
2021-08-05 15:00:00,7945,3679685,4298.0,3350322,538.0,276292.0,8483,3955977,4836,3626614,12781,7306195
2021-08-06 15:00:00,8323,3688008,4736.0,3355058,454.0,276746.0,8777,3964754,5190,3631804,13513,7319708
2021-08-07 15:00:00,5303,3693311,2840.0,3357898,264.0,277010.0,5567,3970321,3104,3634908,8407,7328115
2021-08-08 15:00:00,3974,3697285,2062.0,3359960,144.0,277154.0,4118,3974439,2206,3637114,6180,7334295
2021-08-09 15:00:00,6955,3704240,4558.0,3364518,369.0,277523.0,7324,3981763,4927,3642041,11882,7346177
2021-08-10 15:00:00,7161,3711401,4479.0,3368997,339.0,277862.0,7500,3989263,4818,3646859,11979,7358156
2021-08-11 15:00:00,7077,3718478,4448.0,3373445,443.0,278305.0,7520,3996783,4891,3651750,11968,7370124
2021-08-12 15:00:00,8625,3727103,4754.0,3378199,445.0,278750.0,9070,4005853,5199,3656949,13824,7383948
2021-08-13 15:00:00,7142,3734245,5379.0,3383578,397.0,279147.0,7539,4013392,5776,3662725,12918,7396866
2021-08-14 15:00:00,4915,3739160,3347.0,3386925,285.0,279432.0,5200,4018592,3632,3666357,8547,7405413
2021-08-15 15:00:00,3328,3742488,2740.0,3389665,163.0,279595.0,3491,4022083,2903,3669260,6231,7411644
2021-08-16 15:00:00,5442,3747930,5097.0,3394762,354.0,279949.0,5796,4027879,5451,3674711,10893,7422537
2021-08-17 15:00:00,6813,3754743,5362.0,3400124,390.0,280339.0,7203,4035082,5752,3680463,12565,7435102
2021-08-18 15:00:00,6326,3761069,5506.0,3405630,481.0,280820.0,6807,4041889,5987,3686450,12313,7447415
2021-08-19 15:00:00,6213,3767282,5555.0,3411185,417.0,281237.0,6630,4048519,5972,3692422,12185,7459600
2021-08-20 15:00:00,6839,3774121,6549.0,3417734,401.0,281638.0,7240,4055759,6950,3699372,13789,7473389
2021-08-21 15:00:00,4327,3778448,3919.0,3421653,230.0,281868.0,4557,4060316,4149,3703521,8476,7481865
2021-08-22 15:00:00,3060,3781508,3173.0,3424826,110.0,281978.0,3170,4063486,3283,3706804,6343,7488208
2021-08-23 15:00:00,5986,3787494,6099.0,3430925,287.0,282265.0,6273,4069759,6386,3713190,12372,7500580
2021-08-24 15:00:00,6545,3794039,6064.0,3436989,425.0,282690.0,6970,4076729,6489,3719679,13034,7513614
2021-08-25 15:00:00,6717,3800756,6222.0,3443211,441.0,283131.0,7158,4083887,6663,3726342,13380,7526994
2021-08-26 15:00:00,6965,3807721,6650.0,3449861,428.0,283559.0,7393,4091280,7078,3733420,14043,7541037
2021-08-27 15:00:00,6825,3814546,7072.0,3456933,316.0,283875.0,7141,4098421,7388,3740808,14213,7555250
2021-08-28 15:00:00,6895,3821441,6522.0,3463455,326.0,284201.0,7221,4105642,6848,3747656,13743,7568993
2021-08-29 15:00:00,3733,3825174,3689.0,3467144,610.0,284811.0,4343,4109985,4299,3751955,8032,7577025
2021-08-30 15:00:00,5923,3831097,6127.0,3473271,960.0,285771.0,6883,4116868,7087,3759042,13010,7590035
2021-08-31 15:00:00,5899,3836996,6070.0,3479341,946.0,286717.0,6845,4123713,7016,3766058,12915,7602950
2021-09-01 15:00:00,5589,3842585,5675.0,3485016,915.0,287632.0,6504,4130217,6590,3772648,12179,7615129
2021-09-02 15:00:00,5529,3848114,5925.0,3490941,707.0,288339.0,6236,4136453,6632,3779280,12161,7627290
2021-09-03 15:00:00,5992,3854106,6930.0,3497871,973.0,289312.0,6965,4143418,7903,3787183,13895,7641185
2021-09-04 15:00:00,3726,3857832,4352.0,3502223,878.0,290190.0,4604,4148022,5230,3792413,8956,7650141
2021-09-05 15:00:00,2956,3860788,2809.0,3505032,106.0,290296.0,3062,4151084,2915,3795328,5871,7656012
2021-09-06 15:00:00,1059,3861847,1156.0,3506188,65.0,290361.0,1124,4152208,1221,3796549,2280,7658292
2021-09-07 15:00:00,5343,3867190,7299.0,3513487,2303.0,292664.0,7646,4159854,9602,3806151,14945,7673237
2021-09-08 15:00:00,4653,3871843,5475.0,3518962,364.0,293028.0,5017,4164871,5839,3811990,10492,7683729
2021-09-09 15:00:00,5017,3876860,5458.0,3524420,324.0,293352.0,5341,4170212,5782,3817772,10799,7694528
2021-09-10 15:00:00,6519,3883379,6654.0,3531074,1719.0,295071.0,8238,4178450,8373,3826145,14892,7709420
2021-09-11 15:00:00,4173,3887552,4334.0,3535408,666.0,295737.0,4839,4183289,5000,3831145,9173,7718593
2021-09-12 15:00:00,3172,3890724,3241.0,3538649,436.0,296173.0,3608,4186897,3677,3834822,6849,7725442
2021-09-13 15:00:00,4885,3895609,5067.0,3543716,346.0,296519.0,5231,4192128,5413,3840235,10298,7735740
2021-09-14 15:00:00,4776,3900385,5437.0,3549153,436.0,296955.0,5212,4197340,5873,3846108,10649,7746389
2021-09-15 15:00:00,5039,3905424,5870.0,3555023,392.0,297347.0,5431,4202771,6262,3852370,11301,7757690
2021-09-16 15:00:00,4808,3910232,5844.0,3560867,336.0,297683.0,5144,4207915,6180,3858550,10988,7768678
2021-09-17 15:00:00,5258,3915490,6584.0,3567451,344.0,298027.0,5602,4213517,6928,3865478,12186,7780864
2021-09-18 15:00:00,3801,3919291,4577.0,3572028,185.0,298212.0,3986,4217503,4762,3870240,8563,7789427
2021-09-19 15:00:00,2742,3922033,3166.0,3575194,75.0,298287.0,2817,4220320,3241,3873481,5983,7795410
2021-09-20 15:00:00,3750,3925783,4680.0,3579874,430.0,298717.0,4180,4224500,5110,3878591,8860,7804270
2021-09-21 15:00:00,4002,3929785,5001.0,3584875,327.0,299044.0,4329,4228829,5328,3883919,9330,7813600
2021-09-22 15:00:00,4196,3933981,4775.0,3589650,458.0,299502.0,4654,4233483,5233,3889152,9429,7823029
2021-09-23 15:00:00,4175,3938156,4731.0,3594381,492.0,299994.0,4667,4238150,5223,3894375,9398,7832427
2021-09-24 15:00:00,5078,3943234,5606.0,3599987,422.0,300416.0,5500,4243650,6028,3900403,11106,7843533
2021-09-25 15:00:00,3626,3946860,3632.0,3603619,384.0,300800.0,4010,4247660,4016,3904419,7642,7851175
2021-09-26 15:00:00,2354,3949214,2667.0,3606286,425.0,301225.0,2779,4250439,3092,3907511,5446,7856621
2021-09-27 15:00:00,4506,3953720,2712.0,3608998,512.0,301737.0,5018,4255457,3224,3910735,7730,7864351
2021-09-28 15:00:00,4400,3958120,4455.0,3613453,211.0,301948.0,4611,4260068,4666,3915401,9066,7873417
2021-09-29 15:00:00,4696,3962816,4511.0,3617964,920.0,302868.0,5616,4265684,5431,3920832,10127,7883544
2021-09-30 15:00:00,4887,3967703,4566.0,3622530,795.0,303663.0,5682,4271366,5361,3926193,10248,7893792
2021-10-01 15:00:00,5503,3973206,5340.0,3627870,785.0,304448.0,6288,4277654,6125,3932318,11628,7905420
2021-10-02 15:00:00,2937,3976143,2897.0,3630767,187.0,304635.0,3124,4280778,3084,3935402,6021,7911441
2021-10-03 15:00:00,2073,3978216,2378.0,3633145,86.0,304721.0,2159,4282937,2464,3937866,4537,7915978
2021-10-04 15:00:00,4022,3982238,3501.0,3636646,232.0,304953.0,4254,4287191,3733,3941599,7755,7923733
2021-10-05 15:00:00,3958,3986196,3661.0,3640307,207.0,305160.0,4165,4291356,3868,3945467,7826,7931559
2021-10-06 15:00:00,4023,3990219,3579.0,3643886,266.0,305426.0,4289,4295645,3845,3949312,7868,7939427
2021-10-07 15:00:00,4234,3994453,3627.0,3647513,331.0,305757.0,4565,4300210,3958,3953270,8192,7947619
2021-10-08 15:00:00,4770,3999223,4291.0,3651804,283.0,306040.0,5053,4305263,4574,3957844,9344,7956963
2021-10-09 15:00:00,2691,4001914,2682.0,3654486,270.0,306310.0,2961,4308224,2952,3960796,5643,7962606
2021-10-10 15:00:00,1865,4003779,1850.0,3656336,59.0,306369.0,1924,4310148,1909,3962705,3774,7966380
2021-10-11 15:00:00,4213,4007992,3338.0,3659674,249.0,306618.0,4462,4314610,3587,3966292,7800,7974180
2021-10-12 15:00:00,3590,4011582,3525.0,3663199,273.0,306891.0,3863,4318473,3798,3970090,7388,7981568
2021-10-13 15:00:00,3959,4015541,3458.0,3666657,346.0,307237.0,4305,4322778,3804,3973894,7763,7989331
2021-10-14 15:00:00,5161,4020702,5492.0,3672149,431.0,307668.0,5592,4328370,5923,3979817,11084,8000415
2021-10-15 15:00:00,4710,4025412,4596.0,3676745,347.0,308015.0,5057,4333427,4943,3984760,9653,8010068
2021-10-16 15:00:00,2496,4027908,2507.0,3679252,291.0,308306.0,2787,4336214,2798,3987558,5294,8015362
2021-10-17 15:00:00,1806,4029714,1776.0,3681028,55.0,308361.0,1861,4338075,1831,3989389,3637,8018999
2021-10-18 15:00:00,4283,4033997,3581.0,3684609,268.0,308629.0,4551,4342626,3849,3993238,8132,8027131
2021-10-19 15:00:00,4302,4038299,4031.0,3688640,223.0,308852.0,4525,4347151,4254,3997492,8556,8035687
2021-10-20 15:00:00,3526,4041825,3427.0,3692067,255.0,309107.0,3781,4350932,3682,4001174,7208,8042895
2021-10-21 15:00:00,3298,4045123,3270.0,3695337,291.0,309398.0,3589,4354521,3561,4004735,6859,8049754
2021-10-22 15:00:00,4681,4049804,4034.0,3699371,477.0,309875.0,5158,4359679,4511,4009246,9192,8058946
2021-10-23 15:00:00,2886,4052690,2115.0,3701486,321.0,310196.0,3207,4362886,2436,4011682,5322,8064268
2021-10-24 15:00:00,2057,4054747,1560.0,3703046,79.0,310275.0,2136,4365022,1639,4013321,3696,8067964
2021-10-25 15:00:00,4541,4059288,3082.0,3706128,319.0,310594.0,4860,4369882,3401,4016722,7942,8075906
2021-10-26 15:00:00,4506,4063794,3095.0,3709223,316.0,310910.0,4822,4374704,3411,4020133,7917,8083823
2021-10-27 15:00:00,4734,4068528,3345.0,3712568,437.0,311347.0,5171,4379875,3782,4023915,8516,8092339
2021-10-28 15:00:00,4560,4073088,3365.0,3715933,501.0,311848.0,5061,4384936,3866,4027781,8426,8100765
2021-10-29 15:00:00,4979,4078067,3921.0,3719854,394.0,312242.0,5373,4390309,4315,4032096,9294,8110059
2021-10-30 15:00:00,2632,4080699,1844.0,3721698,308.0,312550.0,2940,4393249,2152,4034248,4784,8114843
2021-10-31 15:00:00,1938,4082637,1522.0,3723220,93.0,312643.0,2031,4395280,1615,4035863,3553,8118396
2021-11-01 15:00:00,4709,4087346,3437.0,3726657,346.0,312989.0,5055,4400335,3783,4039646,8492,8126888
2021-11-02 15:00:00,4255,4091601,2957.0,3729614,408.0,313397.0,4663,4404998,3365,4043011,7620,8134508
2021-11-03 15:00:00,4664,4096265,3062.0,3732676,463.0,313860.0,5127,4410125,3525,4046536,8189,8142697
2021-11-04 15:00:00,6311,4102576,3368.0,3736044,513.0,314373.0,6824,4416949,3881,4050417,10192,8152889
2021-11-05 15:00:00,8238,4110814,3773.0,3739817,414.0,314787.0,8652,4425601,4187,4054604,12425,8165314
2021-11-06 15:00:00,10185,4120999,1979.0,3741796,308.0,315095.0,10493,4436094,2287,4056891,12472,8177786
2021-11-07 15:00:00,7732,4128731,1468.0,3743264,94.0,315189.0,7826,4443920,1562,4058453,9294,8187080
2021-11-08 15:00:00,11309,4140040,3050.0,3746314,379.0,315568.0,11688,4455608,3429,4061882,14738,8201818
2021-11-09 15:00:00,11762,4151802,2665.0,3748979,269.0,315837.0,12031,4467639,2934,4064816,14696,8216514
2021-11-10 15:00:00,12584,4164386,2762.0,3751741,338.0,316175.0,12922,4480561,3100,4067916,15684,8232198
2021-11-11 15:00:00,11372,4175758,2382.0,3754123,280.0,316455.0,11652,4492213,2662,4070578,14034,8246232
2021-11-12 15:00:00,12290,4188048,3360.0,3757483,547.0,317002.0,12837,4505050,3907,4074485,16197,8262429
2021-11-13 15:00:00,9886,4197934,1593.0,3759076,342.0,317344.0,10228,4515278,1935,4076420,11821,8274250
2021-11-14 15:00:00,3922,4201856,1131.0,3760207,121.0,317465.0,4043,4519321,1252,4077672,5174,8279424
2021-11-15 15:00:00,8622,4210478,2529.0,3762736,205.0,317670.0,8827,4528148,2734,4080406,11356,8290780
2021-11-16 15:00:00,9227,4219705,2502.0,3765238,255.0,317925.0,9482,4537630,2757,4083163,11984,8302764
2021-11-17 15:00:00,9399,4229104,2880.0,3768118,312.0,318237.0,9711,4547341,3192,4086355,12591,8315355
2021-11-18 15:00:00,9290,4238394,2637.0,3770755,482.0,318719.0,9772,4557113,3119,4089474,12409,8327764
2021-11-19 15:00:00,9795,4248189,2921.0,3773676,381.0,319100.0,10176,4567289,3302,4092776,13097,8340861
2021-11-20 15:00:00,10627,4258816,1608.0,3775284,455.0,319555.0,11082,4578371,2063,4094839,12690,8353551
2021-11-21 15:00:00,4343,4263159,1203.0,3776487,99.0,319654.0,4442,4582813,1302,4096141,5645,8359196
2021-11-22 15:00:00,9823,4272982,2489.0,3778976,293.0,319947.0,10116,4592929,2782,4098923,12605,8371801
2021-11-23 15:00:00,9206,4282188,2401.0,3781377,280.0,320227.0,9486,4602415,2681,4101604,11887,8383688
2021-11-24 15:00:00,8156,4290344,2447.0,3783824,216.0,320443.0,8372,4610787,2663,4104267,10819,8394507
2021-11-25 15:00:00,239,4290583,77.0,3783901,10.0,320453.0,249,4611036,87,4104354,326,8394833
2021-11-26 15:00:00,5652,4296235,3959.0,3787860,153.0,320606.0,5805,4616841,4112,4108466,9764,8404597
2021-11-27 15:00:00,3783,4300018,5475.0,3793335,134.0,320740.0,3917,4620758,5609,4114075,9392,8413989
2021-11-28 15:00:00,2414,4302432,6392.0,3799727,77.0,320817.0,2491,4623249,6469,4120544,8883,8422872
2021-11-29 15:00:00,6370,4308802,9285.0,3809012,379.0,321196.0,6749,4629998,9664,4130208,16034,8438906
2021-11-30 15:00:00,6253,4315055,9313.0,3818325,264.0,321460.0,6517,4636515,9577,4139785,15830,8454736
2021-12-01 15:00:00,7284,4322339,9710.0,3828035,308.0,321768.0,7592,4644107,10018,4149803,17302,8472038
2021-12-02 15:00:00,6913,4329252,8787.0,3836822,451.0,322219.0,7364,4651471,9238,4159041,16151,8488189
2021-12-03 15:00:00,7596,4336848,9256.0,3846078,249.0,322468.0,7845,4659316,9505,4168546,17101,8505290
2021-12-04 15:00:00,5949,4342797,10040.0,3856118,465.0,322933.0,6414,4665730,10505,4179051,16454,8521744
2021-12-05 15:00:00,3469,4346266,3287.0,3859405,78.0,323011.0,3547,4669277,3365,4182416,6834,8528578
2021-12-06 15:00:00,6751,4353017,7110.0,3866515,277.0,323288.0,7028,4676305,7387,4189803,14138,8542716
2021-12-07 15:00:00,6410,4359427,7027.0,3873542,249.0,323537.0,6659,4682964,7276,4197079,13686,8556402
2021-12-08 15:00:00,6931,4366358,7423.0,3880965,315.0,323852.0,7246,4690210,7738,4204817,14669,8571071
2021-12-09 15:00:00,6525,4372883,7029.0,3887994,398.0,324250.0,6923,4697133,7427,4212244,13952,8585023
2021-12-10 15:00:00,7272,4380155,7334.0,3895328,230.0,324480.0,7502,4704635,7564,4219808,14836,8599859
2021-12-11 15:00:00,4455,4384610,7668.0,3902996,333.0,324813.0,4788,4709423,8001,4227809,12456,8612315
2021-12-12 15:00:00,4002,4388612,2782.0,3905778,60.0,324873.0,4062,4713485,2842,4230651,6844,8619159
2021-12-13 15:00:00,5696,4394308,5764.0,3911542,243.0,325116.0,5939,4719424,6007,4236658,11703,8630862
2021-12-14 15:00:00,6453,4400761,5933.0,3917475,221.0,325337.0,6674,4726098,6154,4242812,12607,8643469
2021-12-15 15:00:00,7141,4407902,5685.0,3923160,251.0,325588.0,7392,4733490,5936,4248748,13077,8656546
2021-12-16 15:00:00,7850,4415752,2817.0,3925977,420.0,326008.0,8270,4741760,3237,4251985,11087,8667633
2021-12-17 15:00:00,7807,4423559,4155.0,3930132,195.0,326203.0,8002,4749762,4350,4256335,12157,8679790
2021-12-18 15:00:00,5824,4429383,3187.0,3933319,298.0,326501.0,6122,4755884,3485,4259820,9309,8689099
2021-12-19 15:00:00,3379,4432762,1344.0,3934663,36.0,326537.0,3415,4759299,1380,4261200,4759,8693858
2021-12-20 15:00:00,8063,4440825,3754.0,3938417,173.0,326710.0,8236,4767535,3927,4265127,11990,8705848
2021-12-21 15:00:00,8993,4449818,4155.0,3942572,175.0,326885.0,9168,4776703,4330,4269457,13323,8719171
2021-12-22 15:00:00,8679,4458497,3866.0,3946438,184.0,327069.0,8863,4785566,4050,4273507,12729,8731900
2021-12-23 15:00:00,8397,4466894,3559.0,3949997,359.0,327428.0,8756,4794322,3918,4277425,12315,8744215
2021-12-24 15:00:00,1634,4468528,1006.0,3951003,39.0,327467.0,1673,4795995,1045,4278470,2679,8746894
2021-12-25 15:00:00,50,4468578,36.0,3951039,1.0,327468.0,51,4796046,37,4278507,87,8746981
2021-12-26 15:00:00,2519,4471097,1747.0,3952786,44.0,327512.0,2563,4798609,1791,4280298,4310,8751291
2021-12-27 15:00:00,7195,4478292,3995.0,3956781,297.0,327809.0,7492,4806101,4292,4284590,11487,8762778
2021-12-28 15:00:00,7890,4486182,3845.0,3960626,177.0,327986.0,8067,4814168,4022,4288612,11912,8774690
2021-12-29 15:00:00,8210,4494392,4023.0,3964649,155.0,328141.0,8365,4822533,4178,4292790,12388,8787078
2021-12-30 15:00:00,7467,4501859,3781.0,3968430,289.0,328430.0,7756,4830289,4070,4296860,11537,8798615
2021-12-31 15:00:00,2571,4504430,1525.0,3969955,90.0,328520.0,2661,4832950,1615,4298475,4186,8802801
2022-01-01 15:00:00,737,4505167,345.0,3970300,33.0,328553.0,770,4833720,378,4298853,1115,8803916
2022-01-02 15:00:00,2210,4507377,1646.0,3971946,47.0,328600.0,2257,4835977,1693,4300546,3903,8807819
2022-01-03 15:00:00,3393,4510770,2067.0,3974013,221.0,328821.0,3614,4839591,2288,4302834,5681,8813500
2022-01-04 15:00:00,5839,4516609,3471.0,3977484,162.0,328983.0,6001,4845592,3633,4306467,9472,8822972
2022-01-05 15:00:00,6826,4523435,4691.0,3982175,176.0,329159.0,7002,4852594,4867,4311334,11693,8834665
2022-01-06 15:00:00,6748,4530183,4807.0,3986982,263.0,329422.0,7011,4859605,5070,4316404,11818,8846483
2022-01-07 15:00:00,5956,4536139,3753.0,3990735,159.0,329581.0,6115,4865720,3912,4320316,9868,8856351
2022-01-08 15:00:00,4803,4540942,3909.0,3994644,79.0,329660.0,4882,4870602,3988,4324304,8791,8865142
2022-01-09 15:00:00,2758,4543700,2016.0,3996660,154.0,329814.0,2912,4873514,2170,4326474,4928,8870070
2022-01-10 15:00:00,6309,4550009,3838.0,4000498,155.0,329969.0,6464,4879978,3993,4330467,10302,8880372
2022-01-11 15:00:00,6538,4556547,4242.0,4004740,141.0,330110.0,6679,4886657,4383,4334850,10921,8891293
2022-01-12 15:00:00,6799,4563346,4450.0,4009190,225.0,330335.0,7024,4893681,4675,4339525,11474,8902767
2022-01-13 15:00:00,6599,4569945,4374.0,4013564,150.0,330485.0,6749,4900430,4524,4344049,11123,8913890
2022-01-14 15:00:00,7196,4577141,3274.0,4016838,252.0,330737.0,7448,4907878,3526,4347575,10722,8924612
2022-01-15 15:00:00,4256,4581397,1683.0,4018521,70.0,330807.0,4326,4912204,1753,4349328,6009,8930621
2022-01-16 15:00:00,2216,4583613,1318.0,4019839,116.0,330923.0,2332,4914536,1434,4350762,3650,8934271
2022-01-17 15:00:00,3609,4587222,2365.0,4022204,74.0,330997.0,3683,4918219,2439,4353201,6048,8940319
2022-01-18 15:00:00,5268,4592490,4172.0,4026376,102.0,331099.0,5370,4923589,4274,4357475,9542,8949861
2022-01-19 15:00:00,5278,4597768,4461.0,4030837,99.0,331198.0,5377,4928966,4560,4362035,9838,8959699
2022-01-20 15:00:00,4511,4602279,3591.0,4034428,176.0,331374.0,4687,4933653,3767,4365802,8278,8967977
2022-01-21 15:00:00,5575,4607854,2921.0,4037349,126.0,331500.0,5701,4939354,3047,4368849,8622,8976599
2022-01-22 15:00:00,3448,4611302,1722.0,4039071,134.0,331634.0,3582,4942936,1856,4370705,5304,8981903
2022-01-23 15:00:00,2032,4613334,1489.0,4040560,30.0,331664.0,2062,4944998,1519,4372224,3551,8985454
2022-01-24 15:00:00,4116,4617450,2768.0,4043328,88.0,331752.0,4204,4949202,2856,4375080,6972,8992426
2022-01-25 15:00:00,3789,4621239,3301.0,4046629,93.0,331845.0,3882,4953084,3394,4378474,7183,8999609
2022-01-26 15:00:00,3835,4625074,3668.0,4050297,93.0,331938.0,3928,4957012,3761,4382235,7596,9007205
2022-01-27 15:00:00,3739,4628813,3855.0,4054152,186.0,332124.0,3925,4960937,4041,4386276,7780,9014985
2022-01-28 15:00:00,3798,4632611,3211.0,4057363,75.0,332199.0,3873,4964810,3286,4389562,7084,9022069
2022-01-29 15:00:00,2253,4634864,2263.0,4059626,117.0,332316.0,2370,4967180,2380,4391942,4633,9026702
2022-01-30 15:00:00,1503,4636367,1600.0,4061226,16.0,332332.0,1519,4968699,1616,4393558,3119,9029821
2022-01-31 15:00:00,2959,4639326,3122.0,4064348,58.0,332390.0,3017,4971716,3180,4396738,6139,9035960
2022-02-01 15:00:00,2611,4641937,3340.0,4067688,75.0,332465.0,2686,4974402,3415,4400153,6026,9041986
2022-02-02 15:00:00,2758,4644695,3597.0,4071285,71.0,332536.0,2829,4977231,3668,4403821,6426,9048412
2022-02-03 15:00:00,2596,4647291,3457.0,4074742,40.0,332576.0,2636,4979867,3497,4407318,6093,9054505
2022-02-04 15:00:00,2500,4649791,3951.0,4078693,112.0,332688.0,2612,4982479,4063,4411381,6563,9061068
2022-02-05 15:00:00,918,4650709,1385.0,4080078,86.0,332774.0,1004,4983483,1471,4412852,2389,9063457
