VACCINATION_DATE,FirstDailyDose,FirstDoseCumulative,SecondDailyDose,SecondDoseCumulative,SingleDailyDose,SingleDoseCumulative,AtleastOneVaccine,AtleastOneVaccineCumulative,CompletedVax,CompletedVaxCumulative,FirstSecondSingleVaccinations,FirstSecondSingleVaccinationsCumulative
2020-12-14 15:00:00,19,1409,,524,,,19,1409,0,524,19,1829
2020-12-15 15:00:00,61,1470,3.0,527,,,61,1470,3,527,64,1893
2020-12-16 15:00:00,595,2065,5.0,532,,,595,2065,5,532,600,2493
2020-12-17 15:00:00,1165,3230,8.0,540,,,1165,3230,8,540,1173,3666
2020-12-18 15:00:00,3024,6254,12.0,552,,,3024,6254,12,552,3036,6702
2020-12-19 15:00:00,931,7185,5.0,557,,,931,7185,5,557,936,7638
2020-12-20 15:00:00,364,7549,6.0,563,,,364,7549,6,563,370,8008
2020-12-21 15:00:00,3889,11438,26.0,589,,,3889,11438,26,589,3915,11923
2020-12-22 15:00:00,6323,17761,28.0,617,,,6323,17761,28,617,6351,18274
2020-12-23 15:00:00,5786,23547,37.0,654,,,5786,23547,37,654,5823,24097
2020-12-24 15:00:00,2729,26276,15.0,669,,,2729,26276,15,669,2744,26841
2020-12-25 15:00:00,1035,27311,4.0,673,,,1035,27311,4,673,1039,27880
2020-12-26 15:00:00,1883,29194,9.0,682,,,1883,29194,9,682,1892,29772
2020-12-27 15:00:00,1802,30996,12.0,694,,,1802,30996,12,694,1814,31586
2020-12-28 15:00:00,8986,39982,50.0,744,,,8986,39982,50,744,9036,40622
2020-12-29 15:00:00,10970,50952,53.0,797,,,10970,50952,53,797,11023,51645
2020-12-30 15:00:00,12495,63447,92.0,889,,,12495,63447,92,889,12587,64232
2020-12-31 15:00:00,7554,71001,47.0,936,,,7554,71001,47,936,7601,71833
2021-01-01 15:00:00,3315,74316,144.0,1080,,,3315,74316,144,1080,3459,75292
2021-01-02 15:00:00,3044,77360,34.0,1114,,,3044,77360,34,1114,3078,78370
2021-01-03 15:00:00,3412,80772,82.0,1196,,,3412,80772,82,1196,3494,81864
2021-01-04 15:00:00,13368,94140,336.0,1532,,,13368,94140,336,1532,13704,95568
2021-01-05 15:00:00,12488,106628,549.0,2081,,,12488,106628,549,2081,13037,108605
2021-01-06 15:00:00,15268,121896,866.0,2947,,,15268,121896,866,2947,16134,124739
2021-01-07 15:00:00,15044,136940,1779.0,4726,,,15044,136940,1779,4726,16823,141562
2021-01-08 15:00:00,24015,160955,2786.0,7512,,,24015,160955,2786,7512,26801,168363
2021-01-09 15:00:00,5174,166129,955.0,8467,,,5174,166129,955,8467,6129,174492
2021-01-10 15:00:00,2972,169101,385.0,8852,,,2972,169101,385,8852,3357,177849
2021-01-11 15:00:00,13730,182831,3471.0,12323,,,13730,182831,3471,12323,17201,195050
2021-01-12 15:00:00,17395,200226,5593.0,17916,,,17395,200226,5593,17916,22988,218038
2021-01-13 15:00:00,18625,218851,3930.0,21846,,,18625,218851,3930,21846,22555,240593
2021-01-14 15:00:00,17860,236711,1964.0,23810,,,17860,236711,1964,23810,19824,260417
2021-01-15 15:00:00,19485,256196,2033.0,25843,,,19485,256196,2033,25843,21518,281935
2021-01-16 15:00:00,5841,262037,1617.0,27460,,,5841,262037,1617,27460,7458,289393
2021-01-17 15:00:00,2124,264161,1480.0,28940,,,2124,264161,1480,28940,3604,292997
2021-01-18 15:00:00,7081,271242,3262.0,32202,,,7081,271242,3262,32202,10343,303340
2021-01-19 15:00:00,16958,288200,5406.0,37608,,,16958,288200,5406,37608,22364,325704
2021-01-20 15:00:00,21009,309209,5325.0,42933,,,21009,309209,5325,42933,26334,352038
2021-01-21 15:00:00,23818,333027,3851.0,46784,,,23818,333027,3851,46784,27669,379707
2021-01-22 15:00:00,28656,361683,3760.0,50544,,,28656,361683,3760,50544,32416,412123
2021-01-23 15:00:00,10124,371807,1944.0,52488,,,10124,371807,1944,52488,12068,424191
2021-01-24 15:00:00,3357,375164,1723.0,54211,,,3357,375164,1723,54211,5080,429271
2021-01-25 15:00:00,16308,391472,8608.0,62819,,,16308,391472,8608,62819,24916,454187
2021-01-26 15:00:00,17563,409035,8980.0,71799,,,17563,409035,8980,71799,26543,480730
2021-01-27 15:00:00,24439,433474,12558.0,84357,,,24439,433474,12558,84357,36997,517727
2021-01-28 15:00:00,22663,456137,9331.0,93688,,,22663,456137,9331,93688,31994,549721
2021-01-29 15:00:00,24786,480923,7929.0,101617,,,24786,480923,7929,101617,32715,582436
2021-01-30 15:00:00,17780,498703,2567.0,104184,,,17780,498703,2567,104184,20347,602783
2021-01-31 15:00:00,3764,502467,1371.0,105555,,,3764,502467,1371,105555,5135,607918
2021-02-01 15:00:00,8134,510601,5398.0,110953,,,8134,510601,5398,110953,13532,621450
2021-02-02 15:00:00,12514,523115,13832.0,124785,,,12514,523115,13832,124785,26346,647796
2021-02-03 15:00:00,18263,541378,18139.0,142924,,,18263,541378,18139,142924,36402,684198
2021-02-04 15:00:00,22138,563516,15796.0,158720,,,22138,563516,15796,158720,37934,722132
2021-02-05 15:00:00,20407,583923,17438.0,176158,,,20407,583923,17438,176158,37845,759977
2021-02-06 15:00:00,11371,595294,14534.0,190692,,,11371,595294,14534,190692,25905,785882
2021-02-07 15:00:00,5987,601281,1944.0,192636,,,5987,601281,1944,192636,7931,793813
2021-02-08 15:00:00,13011,614292,12972.0,205608,,,13011,614292,12972,205608,25983,819796
2021-02-09 15:00:00,16665,630957,13880.0,219488,,,16665,630957,13880,219488,30545,850341
2021-02-10 15:00:00,19317,650274,21315.0,240803,,,19317,650274,21315,240803,40632,890973
2021-02-11 15:00:00,22947,673221,17377.0,258180,,,22947,673221,17377,258180,40324,931297
2021-02-12 15:00:00,20427,693648,19667.0,277847,,,20427,693648,19667,277847,40094,971391
2021-02-13 15:00:00,11471,705119,6425.0,284272,,,11471,705119,6425,284272,17896,989287
2021-02-14 15:00:00,7119,712238,2136.0,286408,,,7119,712238,2136,286408,9255,998542
2021-02-15 15:00:00,11768,724006,13342.0,299750,,,11768,724006,13342,299750,25110,1023652
2021-02-16 15:00:00,16656,740662,21031.0,320781,,,16656,740662,21031,320781,37687,1061339
2021-02-17 15:00:00,20675,761337,26381.0,347162,,,20675,761337,26381,347162,47056,1108395
2021-02-18 15:00:00,3205,764542,4623.0,351785,,,3205,764542,4623,351785,7828,1116223
2021-02-19 15:00:00,10259,774801,19928.0,371713,,,10259,774801,19928,371713,30187,1146410
2021-02-20 15:00:00,10321,785122,20297.0,392010,,,10321,785122,20297,392010,30618,1177028
2021-02-21 15:00:00,6188,791310,7663.0,399673,,,6188,791310,7663,399673,13851,1190879
2021-02-22 15:00:00,8034,799344,15485.0,415158,,,8034,799344,15485,415158,23519,1214398
2021-02-23 15:00:00,15544,814888,15976.0,431134,,,15544,814888,15976,431134,31520,1245918
2021-02-24 15:00:00,18000,832888,24844.0,455978,,,18000,832888,24844,455978,42844,1288762
2021-02-25 15:00:00,20388,853276,26584.0,482562,,,20388,853276,26584,482562,46972,1335734
2021-02-26 15:00:00,26695,879971,26275.0,508837,,,26695,879971,26275,508837,52970,1388704
2021-02-27 15:00:00,16032,896003,11159.0,519996,,,16032,896003,11159,519996,27191,1415895
2021-02-28 15:00:00,15519,911522,4888.0,524884,,,15519,911522,4888,524884,20407,1436302
2021-03-01 15:00:00,27116,938638,12645.0,537529,,,27116,938638,12645,537529,39761,1476063
2021-03-02 15:00:00,23982,962620,13296.0,550825,36.0,36.0,24018,962656,13332,550861,37314,1513377
2021-03-03 15:00:00,30223,992843,18413.0,569238,190.0,226.0,30413,993069,18603,569464,48826,1562203
2021-03-04 15:00:00,31000,1023843,18247.0,587485,4068.0,4294.0,35068,1028137,22315,591779,53315,1615518
2021-03-05 15:00:00,30076,1053919,19754.0,607239,4909.0,9203.0,34985,1063122,24663,616442,54739,1670257
2021-03-06 15:00:00,18991,1072910,9533.0,616772,6010.0,15213.0,25001,1088123,15543,631985,34534,1704791
2021-03-07 15:00:00,12148,1085058,4928.0,621700,6610.0,21823.0,18758,1106881,11538,643523,23686,1728477
2021-03-08 15:00:00,25923,1110981,8859.0,630559,8273.0,30096.0,34196,1141077,17132,660655,43055,1771532
2021-03-09 15:00:00,26144,1137125,15489.0,646048,8342.0,38438.0,34486,1175563,23831,684486,49975,1821507
2021-03-10 15:00:00,29884,1167009,16044.0,662092,7938.0,46376.0,37822,1213385,23982,708468,53866,1875373
2021-03-11 15:00:00,36008,1203017,16417.0,678509,3981.0,50357.0,39989,1253374,20398,728866,56406,1931779
2021-03-12 15:00:00,36900,1239917,18145.0,696654,2928.0,53285.0,39828,1293202,21073,749939,57973,1989752
2021-03-13 15:00:00,22670,1262587,10330.0,706984,1629.0,54914.0,24299,1317501,11959,761898,34629,2024381
2021-03-14 15:00:00,17830,1280417,6735.0,713719,1007.0,55921.0,18837,1336338,7742,769640,25572,2049953
2021-03-15 15:00:00,29876,1310293,11353.0,725072,597.0,56518.0,30473,1366811,11950,781590,41826,2091779
2021-03-16 15:00:00,33473,1343766,13582.0,738654,770.0,57288.0,34243,1401054,14352,795942,47825,2139604
2021-03-17 15:00:00,37624,1381390,17072.0,755726,1181.0,58469.0,38805,1439859,18253,814195,55877,2195481
2021-03-18 15:00:00,41473,1422863,12681.0,768407,1354.0,59823.0,42827,1482686,14035,828230,55508,2250989
2021-03-19 15:00:00,38369,1461232,15435.0,783842,1045.0,60868.0,39414,1522100,16480,844710,54849,2305838
2021-03-20 15:00:00,24718,1485950,10228.0,794070,704.0,61572.0,25422,1547522,10932,855642,35650,2341488
2021-03-21 15:00:00,19186,1505136,7899.0,801969,337.0,61909.0,19523,1567045,8236,863878,27422,2368910
2021-03-22 15:00:00,32603,1537739,11499.0,813468,835.0,62744.0,33438,1600483,12334,876212,44937,2413847
2021-03-23 15:00:00,38408,1576147,17852.0,831320,1556.0,64300.0,39964,1640447,19408,895620,57816,2471663
2021-03-24 15:00:00,41077,1617224,21248.0,852568,1388.0,65688.0,42465,1682912,22636,918256,63713,2535376
2021-03-25 15:00:00,42902,1660126,21722.0,874290,2458.0,68146.0,45360,1728272,24180,942436,67082,2602458
2021-03-26 15:00:00,36372,1696498,26714.0,901004,2495.0,70641.0,38867,1767139,29209,971645,65581,2668039
2021-03-27 15:00:00,26469,1722967,17320.0,918324,2491.0,73132.0,28960,1796099,19811,991456,46280,2714319
2021-03-28 15:00:00,17009,1739976,12686.0,931010,1615.0,74747.0,18624,1814723,14301,1005757,31310,2745629
2021-03-29 15:00:00,29719,1769695,26383.0,957393,1142.0,75889.0,30861,1845584,27525,1033282,57244,2802873
2021-03-30 15:00:00,40053,1809748,29076.0,986469,1866.0,77755.0,41919,1887503,30942,1064224,70995,2873868
2021-03-31 15:00:00,41015,1850763,34740.0,1021209,5748.0,83503.0,46763,1934266,40488,1104712,81503,2955371
2021-04-01 15:00:00,42394,1893157,41119.0,1062328,5749.0,89252.0,48143,1982409,46868,1151580,89262,3044633
2021-04-02 15:00:00,34919,1928076,32728.0,1095056,6130.0,95382.0,41049,2023458,38858,1190438,73777,3118410
2021-04-03 15:00:00,21162,1949238,19227.0,1114283,4389.0,99771.0,25551,2049009,23616,1214054,44778,3163188
2021-04-04 15:00:00,8295,1957533,10219.0,1124502,968.0,100739.0,9263,2058272,11187,1225241,19482,3182670
2021-04-05 15:00:00,27948,1985481,28974.0,1153476,6659.0,107398.0,34607,2092879,35633,1260874,63581,3246251
2021-04-06 15:00:00,39797,2025278,30509.0,1183985,10497.0,117895.0,50294,2143173,41006,1301880,80803,3327054
2021-04-07 15:00:00,36101,2061379,34352.0,1218337,12991.0,130886.0,49092,2192265,47343,1349223,83444,3410498
2021-04-08 15:00:00,42348,2103727,36127.0,1254464,13867.0,144753.0,56215,2248480,49994,1399217,92342,3502840
2021-04-09 15:00:00,34066,2137793,36335.0,1290799,14528.0,159281.0,48594,2297074,50863,1450080,84929,3587769
2021-04-10 15:00:00,23470,2161263,23152.0,1313951,7640.0,166921.0,31110,2328184,30792,1480872,54262,3642031
2021-04-11 15:00:00,17578,2178841,13285.0,1327236,10124.0,177045.0,27702,2355886,23409,1504281,40987,3683018
2021-04-12 15:00:00,24581,2203422,33250.0,1360486,10899.0,187944.0,35480,2391366,44149,1548430,68730,3751748
2021-04-13 15:00:00,126145,2329567,91311.0,1451797,3293.0,191237.0,129438,2520804,94604,1643034,220749,3972497
2021-04-14 15:00:00,40723,2370290,37839.0,1489636,213.0,191450.0,40936,2561740,38052,1681086,78775,4051272
2021-04-15 15:00:00,41410,2411700,39571.0,1529207,176.0,191626.0,41586,2603326,39747,1720833,81157,4132429
2021-04-16 15:00:00,37143,2448843,38889.0,1568096,24.0,191650.0,37167,2640493,38913,1759746,76056,4208485
2021-04-17 15:00:00,32804,2481647,22034.0,1590130,13.0,191663.0,32817,2673310,22047,1781793,54851,4263336
2021-04-18 15:00:00,20064,2501711,16205.0,1606335,5.0,191668.0,20069,2693379,16210,1798003,36274,4299610
2021-04-19 15:00:00,29885,2531596,36564.0,1642899,61.0,191729.0,29946,2723325,36625,1834628,66510,4366120
2021-04-20 15:00:00,32927,2564523,44483.0,1687382,58.0,191787.0,32985,2756310,44541,1879169,77468,4443588
2021-04-21 15:00:00,39830,2604353,47072.0,1734454,26.0,191813.0,39856,2796166,47098,1926267,86928,4530516
2021-04-22 15:00:00,35852,2640205,42683.0,1777137,16.0,191829.0,35868,2832034,42699,1968966,78551,4609067
2021-04-23 15:00:00,33145,2673350,40164.0,1817301,14.0,191843.0,33159,2865193,40178,2009144,73323,4682390
2021-04-24 15:00:00,26414,2699764,27919.0,1845220,81.0,191924.0,26495,2891688,28000,2037144,54414,4736804
2021-04-25 15:00:00,20218,2719982,10993.0,1856213,31.0,191955.0,20249,2911937,11024,2048168,31242,4768046
2021-04-26 15:00:00,27388,2747370,32746.0,1888959,201.0,192156.0,27589,2939526,32947,2081115,60335,4828381
2021-04-27 15:00:00,26678,2774048,33097.0,1922056,1097.0,193253.0,27775,2967301,34194,2115309,60872,4889253
2021-04-28 15:00:00,28925,2802973,39558.0,1961614,1364.0,194617.0,30289,2997590,40922,2156231,69847,4959100
2021-04-29 15:00:00,27066,2830039,39764.0,2001378,1463.0,196080.0,28529,3026119,41227,2197458,68293,5027393
2021-04-30 15:00:00,28200,2858239,32295.0,2033673,1648.0,197728.0,29848,3055967,33943,2231401,62143,5089536
2021-05-01 15:00:00,20729,2878968,26722.0,2060395,1053.0,198781.0,21782,3077749,27775,2259176,48504,5138040
2021-05-02 15:00:00,10267,2889235,17069.0,2077464,822.0,199603.0,11089,3088838,17891,2277067,28158,5166198
2021-05-03 15:00:00,12731,2901966,28614.0,2106078,1916.0,201519.0,14647,3103485,30530,2307597,43261,5209459
2021-05-04 15:00:00,13562,2915528,38634.0,2144712,1740.0,203259.0,15302,3118787,40374,2347971,53936,5263395
2021-05-05 15:00:00,19321,2934849,37767.0,2182479,1921.0,205180.0,21242,3140029,39688,2387659,59009,5322404
2021-05-06 15:00:00,16917,2951766,40597.0,2223076,1722.0,206902.0,18639,3158668,42319,2429978,59236,5381640
2021-05-07 15:00:00,17585,2969351,37009.0,2260085,1959.0,208861.0,19544,3178212,38968,2468946,56553,5438193
2021-05-08 15:00:00,10796,2980147,31226.0,2291311,1291.0,210152.0,12087,3190299,32517,2501463,43313,5481506
2021-05-09 15:00:00,5077,2985224,12249.0,2303560,695.0,210847.0,5772,3196071,12944,2514407,18021,5499527
2021-05-10 15:00:00,8951,2994175,31052.0,2334612,1362.0,212209.0,10313,3206384,32414,2546821,41365,5540892
2021-05-11 15:00:00,12187,3006362,30286.0,2364898,1441.0,213650.0,13628,3220012,31727,2578548,43914,5584806
2021-05-12 15:00:00,13949,3020311,38628.0,2403526,1918.0,215568.0,15867,3235879,40546,2619094,54495,5639301
2021-05-13 15:00:00,21838,3042149,33513.0,2437039,1347.0,216915.0,23185,3259064,34860,2653954,56698,5695999
2021-05-14 15:00:00,24392,3066541,30060.0,2467099,1774.0,218689.0,26166,3285230,31834,2685788,56226,5752225
2021-05-15 15:00:00,21945,3088486,25112.0,2492211,1489.0,220178.0,23434,3308664,26601,2712389,48546,5800771
2021-05-16 15:00:00,9091,3097577,17584.0,2509795,1113.0,221291.0,10204,3318868,18697,2731086,27788,5828559
2021-05-17 15:00:00,16837,3114414,28413.0,2538208,1950.0,223241.0,18787,3337655,30363,2761449,47200,5875759
2021-05-18 15:00:00,21264,3135678,30690.0,2568898,1942.0,225183.0,23206,3360861,32632,2794081,53896,5929655
2021-05-19 15:00:00,27666,3163344,32435.0,2601333,1631.0,226814.0,29297,3390158,34066,2828147,61732,5991387
2021-05-20 15:00:00,20809,3184153,33276.0,2634609,1964.0,228778.0,22773,3412931,35240,2863387,56049,6047436
2021-05-21 15:00:00,19166,3203319,30357.0,2664966,1608.0,230386.0,20774,3433705,31965,2895352,51131,6098567
2021-05-22 15:00:00,16936,3220255,20696.0,2685662,1270.0,231656.0,18206,3451911,21966,2917318,38902,6137469
2021-05-23 15:00:00,8816,3229071,11450.0,2697112,965.0,232621.0,9781,3461692,12415,2929733,21231,6158700
2021-05-24 15:00:00,13568,3242639,17779.0,2714891,1474.0,234095.0,15042,3476734,19253,2948986,32821,6191521
2021-05-25 15:00:00,13073,3255712,18719.0,2733610,1329.0,235424.0,14402,3491136,20048,2969034,33121,6224642
2021-05-26 15:00:00,18313,3274025,19516.0,2753126,1512.0,236936.0,19825,3510961,21028,2990062,39341,6263983
2021-05-27 15:00:00,11688,3285713,18673.0,2771799,1116.0,238052.0,12804,3523765,19789,3009851,31477,6295460
2021-05-28 15:00:00,12418,3298131,19855.0,2791654,1401.0,239453.0,13819,3537584,21256,3031107,33674,6329134
2021-05-29 15:00:00,9517,3307648,11726.0,2803380,937.0,240390.0,10454,3548038,12663,3043770,22180,6351314
2021-05-30 15:00:00,4969,3312617,6435.0,2809815,596.0,240986.0,5565,3553603,7031,3050801,12000,6363314
2021-05-31 15:00:00,1779,3314396,3711.0,2813526,305.0,241291.0,2084,3555687,4016,3054817,5795,6369109
2021-06-01 15:00:00,9866,3324262,16449.0,2829975,1160.0,242451.0,11026,3566713,17609,3072426,27475,6396584
2021-06-02 15:00:00,10235,3334497,16822.0,2846797,961.0,243412.0,11196,3577909,17783,3090209,28018,6424602
2021-06-03 15:00:00,7897,3342394,21186.0,2867983,1087.0,244499.0,8984,3586893,22273,3112482,30170,6454772
2021-06-04 15:00:00,8196,3350590,22357.0,2890340,1120.0,245619.0,9316,3596209,23477,3135959,31673,6486445
2021-06-05 15:00:00,7002,3357592,19473.0,2909813,720.0,246339.0,7722,3603931,20193,3156152,27195,6513640
2021-06-06 15:00:00,3455,3361047,7255.0,2917068,424.0,246763.0,3879,3607810,7679,3163831,11134,6524774
2021-06-07 15:00:00,6860,3367907,15790.0,2932858,726.0,247489.0,7586,3615396,16516,3180347,23376,6548150
2021-06-08 15:00:00,6670,3374577,19735.0,2952593,830.0,248319.0,7500,3622896,20565,3200912,27235,6575385
2021-06-09 15:00:00,8201,3382778,23991.0,2976584,968.0,249287.0,9169,3632065,24959,3225871,33160,6608545
2021-06-10 15:00:00,7150,3389928,19142.0,2995726,895.0,250182.0,8045,3640110,20037,3245908,27187,6635732
2021-06-11 15:00:00,7487,3397415,17727.0,3013453,1125.0,251307.0,8612,3648722,18852,3264760,26339,6662071
2021-06-12 15:00:00,5243,3402658,14770.0,3028223,605.0,251912.0,5848,3654570,15375,3280135,20618,6682689
2021-06-13 15:00:00,1947,3404605,7634.0,3035857,427.0,252339.0,2374,3656944,8061,3288196,10008,6692697
2021-06-14 15:00:00,5654,3410259,11822.0,3047679,733.0,253072.0,6387,3663331,12555,3300751,18209,6710906
2021-06-15 15:00:00,5645,3415904,14343.0,3062022,873.0,253945.0,6518,3669849,15216,3315967,20861,6731767
2021-06-16 15:00:00,8758,3424662,21595.0,3083617,757.0,254702.0,9515,3679364,22352,3338319,31110,6762877
2021-06-17 15:00:00,6689,3431351,12366.0,3095983,720.0,255422.0,7409,3686773,13086,3351405,19775,6782652
2021-06-18 15:00:00,6835,3438186,12741.0,3108724,702.0,256124.0,7537,3694310,13443,3364848,20278,6802930
2021-06-19 15:00:00,4661,3442847,9385.0,3118109,615.0,256739.0,5276,3699586,10000,3374848,14661,6817591
2021-06-20 15:00:00,2503,3445350,5060.0,3123169,377.0,257116.0,2880,3702466,5437,3380285,7940,6825531
2021-06-21 15:00:00,5565,3450915,5339.0,3128508,635.0,257751.0,6200,3708666,5974,3386259,11539,6837070
2021-06-22 15:00:00,5344,3456259,9058.0,3137566,693.0,258444.0,6037,3714703,9751,3396010,15095,6852165
2021-06-23 15:00:00,6079,3462338,10339.0,3147905,646.0,259090.0,6725,3721428,10985,3406995,17064,6869229
2021-06-24 15:00:00,5938,3468276,8201.0,3156106,595.0,259685.0,6533,3727961,8796,3415791,14734,6883963
2021-06-25 15:00:00,5828,3474104,8669.0,3164775,620.0,260305.0,6448,3734409,9289,3425080,15117,6899080
2021-06-26 15:00:00,3706,3477810,6308.0,3171083,398.0,260703.0,4104,3738513,6706,3431786,10412,6909492
2021-06-27 15:00:00,2809,3480619,3525.0,3174608,185.0,260888.0,2994,3741507,3710,3435496,6519,6916011
2021-06-28 15:00:00,4922,3485541,6390.0,3180998,539.0,261427.0,5461,3746968,6929,3442425,11851,6927862
2021-06-29 15:00:00,5062,3490603,6479.0,3187477,523.0,261950.0,5585,3752553,7002,3449427,12064,6939926
2021-06-30 15:00:00,5626,3496229,7389.0,3194866,606.0,262556.0,6232,3758785,7995,3457422,13621,6953547
2021-07-01 15:00:00,5423,3501652,6992.0,3201858,504.0,263060.0,5927,3764712,7496,3464918,12919,6966466
2021-07-02 15:00:00,5294,3506946,6842.0,3208700,526.0,263586.0,5820,3770532,7368,3472286,12662,6979128
2021-07-03 15:00:00,3273,3510219,4069.0,3212769,264.0,263850.0,3537,3774069,4333,3476619,7606,6986734
2021-07-04 15:00:00,494,3510713,550.0,3213319,68.0,263918.0,562,3774631,618,3477237,1112,6987846
2021-07-05 15:00:00,3771,3514484,3955.0,3217274,287.0,264205.0,4058,3778689,4242,3481479,8013,6995859
2021-07-06 15:00:00,4494,3518978,6281.0,3223555,455.0,264660.0,4949,3783638,6736,3488215,11230,7007089
2021-07-07 15:00:00,4470,3523448,6417.0,3229972,483.0,265143.0,4953,3788591,6900,3495115,11370,7018459
2021-07-08 15:00:00,4839,3528287,6180.0,3236152,564.0,265707.0,5403,3793994,6744,3501859,11583,7030042
2021-07-09 15:00:00,5369,3533656,6669.0,3242821,573.0,266280.0,5942,3799936,7242,3509101,12611,7042653
2021-07-10 15:00:00,3522,3537178,4406.0,3247227,304.0,266584.0,3826,3803762,4710,3513811,8232,7050885
2021-07-11 15:00:00,2680,3539858,2574.0,3249801,226.0,266810.0,2906,3806668,2800,3516611,5480,7056365
2021-07-12 15:00:00,4424,3544282,5132.0,3254933,379.0,267189.0,4803,3811471,5511,3522122,9935,7066300
2021-07-13 15:00:00,4666,3548948,4723.0,3259656,366.0,267555.0,5032,3816503,5089,3527211,9755,7076055
2021-07-14 15:00:00,4623,3553571,5287.0,3264943,422.0,267977.0,5045,3821548,5709,3532920,10332,7086387
2021-07-15 15:00:00,4908,3558479,5015.0,3269958,358.0,268335.0,5266,3826814,5373,3538293,10281,7096668
2021-07-16 15:00:00,6276,3564755,5848.0,3275806,405.0,268740.0,6681,3833495,6253,3544546,12529,7109197
2021-07-17 15:00:00,3418,3568173,3552.0,3279358,303.0,269043.0,3721,3837216,3855,3548401,7273,7116470
2021-07-18 15:00:00,2311,3570484,2380.0,3281738,110.0,269153.0,2421,3839637,2490,3550891,4801,7121271
2021-07-19 15:00:00,5144,3575628,4611.0,3286349,383.0,269536.0,5527,3845164,4994,3555885,10138,7131409
2021-07-20 15:00:00,5339,3580967,4719.0,3291068,366.0,269902.0,5705,3850869,5085,3560970,10424,7141833
2021-07-21 15:00:00,5664,3586631,4948.0,3296016,416.0,270318.0,6080,3856949,5364,3566334,11028,7152861
2021-07-22 15:00:00,6033,3592664,4643.0,3300659,472.0,270790.0,6505,3863454,5115,3571449,11148,7164009
2021-07-23 15:00:00,6845,3599509,4849.0,3305508,498.0,271288.0,7343,3870797,5347,3576796,12192,7176201
2021-07-24 15:00:00,4284,3603793,3202.0,3308710,267.0,271555.0,4551,3875348,3469,3580265,7753,7183954
2021-07-25 15:00:00,3299,3607092,1121.0,3309831,140.0,271695.0,3439,3878787,1261,3581526,4560,7188514
2021-07-26 15:00:00,6218,3613310,3908.0,3313739,419.0,272114.0,6637,3885424,4327,3585853,10545,7199059
2021-07-27 15:00:00,6605,3619915,4287.0,3318026,458.0,272572.0,7063,3892487,4745,3590598,11350,7210409
2021-07-28 15:00:00,7090,3627005,4146.0,3322172,460.0,273032.0,7550,3900037,4606,3595204,11696,7222105
2021-07-29 15:00:00,7081,3634086,4303.0,3326475,419.0,273451.0,7500,3907537,4722,3599926,11803,7233908
2021-07-30 15:00:00,7822,3641908,4810.0,3331285,526.0,273977.0,8348,3915885,5336,3605262,13158,7247066
2021-07-31 15:00:00,4793,3646701,3083.0,3334368,274.0,274251.0,5067,3920952,3357,3608619,8150,7255216
2021-08-01 15:00:00,3893,3650594,2168.0,3336536,164.0,274415.0,4057,3925009,2332,3610951,6225,7261441
2021-08-02 15:00:00,7273,3657867,3846.0,3340382,341.0,274756.0,7614,3932623,4187,3615138,11460,7272901
2021-08-03 15:00:00,7270,3665137,4106.0,3344488,517.0,275273.0,7787,3940410,4623,3619761,11893,7284794
2021-08-04 15:00:00,7423,3672560,4123.0,3348611,536.0,275809.0,7959,3948369,4659,3624420,12082,7296876
2021-08-05 15:00:00,7949,3680509,4299.0,3352910,538.0,276347.0,8487,3956856,4837,3629257,12786,7309662
2021-08-06 15:00:00,8327,3688836,4740.0,3357650,454.0,276801.0,8781,3965637,5194,3634451,13521,7323183
2021-08-07 15:00:00,5302,3694138,2842.0,3360492,264.0,277065.0,5566,3971203,3106,3637557,8408,7331591
2021-08-08 15:00:00,3976,3698114,2064.0,3362556,144.0,277209.0,4120,3975323,2208,3639765,6184,7337775
2021-08-09 15:00:00,6956,3705070,4562.0,3367118,370.0,277579.0,7326,3982649,4932,3644697,11888,7349663
2021-08-10 15:00:00,7163,3712233,4480.0,3371598,339.0,277918.0,7502,3990151,4819,3649516,11982,7361645
2021-08-11 15:00:00,7081,3719314,4447.0,3376045,443.0,278361.0,7524,3997675,4890,3654406,11971,7373616
2021-08-12 15:00:00,8633,3727947,4757.0,3380802,445.0,278806.0,9078,4006753,5202,3659608,13835,7387451
2021-08-13 15:00:00,7151,3735098,5381.0,3386183,397.0,279203.0,7548,4014301,5778,3665386,12929,7400380
2021-08-14 15:00:00,4919,3740017,3346.0,3389529,285.0,279488.0,5204,4019505,3631,3669017,8550,7408930
2021-08-15 15:00:00,3328,3743345,2739.0,3392268,163.0,279651.0,3491,4022996,2902,3671919,6230,7415160
2021-08-16 15:00:00,5448,3748793,5096.0,3397364,354.0,280005.0,5802,4028798,5450,3677369,10898,7426058
2021-08-17 15:00:00,6815,3755608,5361.0,3402725,390.0,280395.0,7205,4036003,5751,3683120,12566,7438624
2021-08-18 15:00:00,6328,3761936,5510.0,3408235,481.0,280876.0,6809,4042812,5991,3689111,12319,7450943
2021-08-19 15:00:00,6215,3768151,5556.0,3413791,417.0,281293.0,6632,4049444,5973,3695084,12188,7463131
2021-08-20 15:00:00,6844,3774995,6554.0,3420345,401.0,281694.0,7245,4056689,6955,3702039,13799,7476930
2021-08-21 15:00:00,4334,3779329,3918.0,3424263,230.0,281924.0,4564,4061253,4148,3706187,8482,7485412
2021-08-22 15:00:00,3060,3782389,3171.0,3427434,110.0,282034.0,3170,4064423,3281,3709468,6341,7491753
2021-08-23 15:00:00,5995,3788384,6102.0,3433536,287.0,282321.0,6282,4070705,6389,3715857,12384,7504137
2021-08-24 15:00:00,6545,3794929,6066.0,3439602,425.0,282746.0,6970,4077675,6491,3722348,13036,7517173
2021-08-25 15:00:00,6721,3801650,6223.0,3445825,441.0,283187.0,7162,4084837,6664,3729012,13385,7530558
2021-08-26 15:00:00,6967,3808617,6656.0,3452481,428.0,283615.0,7395,4092232,7084,3736096,14051,7544609
2021-08-27 15:00:00,6830,3815447,7078.0,3459559,317.0,283932.0,7147,4099379,7395,3743491,14225,7558834
2021-08-28 15:00:00,6898,3822345,6525.0,3466084,326.0,284258.0,7224,4106603,6851,3750342,13749,7572583
2021-08-29 15:00:00,3734,3826079,3695.0,3469779,610.0,284868.0,4344,4110947,4305,3754647,8039,7580622
2021-08-30 15:00:00,5923,3832002,6129.0,3475908,960.0,285828.0,6883,4117830,7089,3761736,13012,7593634
2021-08-31 15:00:00,5899,3837901,6071.0,3481979,946.0,286774.0,6845,4124675,7017,3768753,12916,7606550
2021-09-01 15:00:00,5581,3843482,5688.0,3487667,915.0,287689.0,6496,4131171,6603,3775356,12184,7618734
2021-09-02 15:00:00,5534,3849016,5930.0,3493597,707.0,288396.0,6241,4137412,6637,3781993,12171,7630905
2021-09-03 15:00:00,5993,3855009,6932.0,3500529,973.0,289369.0,6966,4144378,7905,3789898,13898,7644803
2021-09-04 15:00:00,3726,3858735,4355.0,3504884,878.0,290247.0,4604,4148982,5233,3795131,8959,7653762
2021-09-05 15:00:00,2957,3861692,2812.0,3507696,106.0,290353.0,3063,4152045,2918,3798049,5875,7659637
2021-09-06 15:00:00,1059,3862751,1159.0,3508855,65.0,290418.0,1124,4153169,1224,3799273,2283,7661920
2021-09-07 15:00:00,5345,3868096,7302.0,3516157,2303.0,292721.0,7648,4160817,9605,3808878,14950,7676870
2021-09-08 15:00:00,4653,3872749,5478.0,3521635,364.0,293085.0,5017,4165834,5842,3814720,10495,7687365
2021-09-09 15:00:00,5016,3877765,5457.0,3527092,324.0,293409.0,5340,4171174,5781,3820501,10797,7698162
2021-09-10 15:00:00,6527,3884292,6658.0,3533750,1719.0,295128.0,8246,4179420,8377,3828878,14904,7713066
2021-09-11 15:00:00,4174,3888466,4340.0,3538090,666.0,295794.0,4840,4184260,5006,3833884,9180,7722246
2021-09-12 15:00:00,3172,3891638,3239.0,3541329,436.0,296230.0,3608,4187868,3675,3837559,6847,7729093
2021-09-13 15:00:00,4883,3896521,5067.0,3546396,346.0,296576.0,5229,4193097,5413,3842972,10296,7739389
2021-09-14 15:00:00,4776,3901297,5438.0,3551834,436.0,297012.0,5212,4198309,5874,3848846,10650,7750039
2021-09-15 15:00:00,5038,3906335,5872.0,3557706,392.0,297404.0,5430,4203739,6264,3855110,11302,7761341
2021-09-16 15:00:00,4809,3911144,5845.0,3563551,336.0,297740.0,5145,4208884,6181,3861291,10990,7772331
2021-09-17 15:00:00,5258,3916402,6584.0,3570135,344.0,298084.0,5602,4214486,6928,3868219,12186,7784517
2021-09-18 15:00:00,3803,3920205,4577.0,3574712,185.0,298269.0,3988,4218474,4762,3872981,8565,7793082
2021-09-19 15:00:00,2741,3922946,3167.0,3577879,75.0,298344.0,2816,4221290,3242,3876223,5983,7799065
2021-09-20 15:00:00,3751,3926697,4680.0,3582559,430.0,298774.0,4181,4225471,5110,3881333,8861,7807926
2021-09-21 15:00:00,3999,3930696,5003.0,3587562,327.0,299101.0,4326,4229797,5330,3886663,9329,7817255
2021-09-22 15:00:00,4195,3934891,4774.0,3592336,459.0,299560.0,4654,4234451,5233,3891896,9428,7826683
2021-09-23 15:00:00,4176,3939067,4730.0,3597066,492.0,300052.0,4668,4239119,5222,3897118,9398,7836081
2021-09-24 15:00:00,5078,3944145,5603.0,3602669,422.0,300474.0,5500,4244619,6025,3903143,11103,7847184
2021-09-25 15:00:00,3625,3947770,3629.0,3606298,384.0,300858.0,4009,4248628,4013,3907156,7638,7854822
2021-09-26 15:00:00,2353,3950123,2665.0,3608963,428.0,301286.0,2781,4251409,3093,3910249,5446,7860268
2021-09-27 15:00:00,4506,3954629,2705.0,3611668,512.0,301798.0,5018,4256427,3217,3913466,7723,7867991
2021-09-28 15:00:00,4399,3959028,4447.0,3616115,211.0,302009.0,4610,4261037,4658,3918124,9057,7877048
2021-09-29 15:00:00,4694,3963722,4503.0,3620618,920.0,302929.0,5614,4266651,5423,3923547,10117,7887165
2021-09-30 15:00:00,4886,3968608,4560.0,3625178,795.0,303724.0,5681,4272332,5355,3928902,10241,7897406
2021-10-01 15:00:00,5501,3974109,5339.0,3630517,785.0,304509.0,6286,4278618,6124,3935026,11625,7909031
2021-10-02 15:00:00,2935,3977044,2896.0,3633413,187.0,304696.0,3122,4281740,3083,3938109,6018,7915049
2021-10-03 15:00:00,2072,3979116,2376.0,3635789,86.0,304782.0,2158,4283898,2462,3940571,4534,7919583
2021-10-04 15:00:00,4023,3983139,3497.0,3639286,232.0,305014.0,4255,4288153,3729,3944300,7752,7927335
2021-10-05 15:00:00,3951,3987090,3658.0,3642944,207.0,305221.0,4158,4292311,3865,3948165,7816,7935151
2021-10-06 15:00:00,4021,3991111,3571.0,3646515,266.0,305487.0,4287,4296598,3837,3952002,7858,7943009
2021-10-07 15:00:00,4232,3995343,3620.0,3650135,331.0,305818.0,4563,4301161,3951,3955953,8183,7951192
2021-10-08 15:00:00,4772,4000115,4283.0,3654418,283.0,306101.0,5055,4306216,4566,3960519,9338,7960530
2021-10-09 15:00:00,2691,4002806,2678.0,3657096,270.0,306371.0,2961,4309177,2948,3963467,5639,7966169
2021-10-10 15:00:00,1862,4004668,1850.0,3658946,59.0,306430.0,1921,4311098,1909,3965376,3771,7969940
2021-10-11 15:00:00,4205,4008873,3316.0,3662262,249.0,306679.0,4454,4315552,3565,3968941,7770,7977710
2021-10-12 15:00:00,3589,4012462,3512.0,3665774,273.0,306952.0,3862,4319414,3785,3972726,7374,7985084
2021-10-13 15:00:00,3955,4016417,3446.0,3669220,346.0,307298.0,4301,4323715,3792,3976518,7747,7992831
2021-10-14 15:00:00,5160,4021577,5491.0,3674711,431.0,307729.0,5591,4329306,5922,3982440,11082,8003913
2021-10-15 15:00:00,4712,4026289,4591.0,3679302,347.0,308076.0,5059,4334365,4938,3987378,9650,8013563
2021-10-16 15:00:00,2496,4028785,2504.0,3681806,291.0,308367.0,2787,4337152,2795,3990173,5291,8018854
2021-10-17 15:00:00,1805,4030590,1774.0,3683580,55.0,308422.0,1860,4339012,1829,3992002,3634,8022488
2021-10-18 15:00:00,4276,4034866,3579.0,3687159,268.0,308690.0,4544,4343556,3847,3995849,8123,8030611
2021-10-19 15:00:00,4298,4039164,4001.0,3691160,223.0,308913.0,4521,4348077,4224,4000073,8522,8039133
2021-10-20 15:00:00,3525,4042689,3420.0,3694580,255.0,309168.0,3780,4351857,3675,4003748,7200,8046333
2021-10-21 15:00:00,3299,4045988,3267.0,3697847,291.0,309459.0,3590,4355447,3558,4007306,6857,8053190
2021-10-22 15:00:00,4679,4050667,4022.0,3701869,477.0,309936.0,5156,4360603,4499,4011805,9178,8062368
2021-10-23 15:00:00,2885,4053552,2108.0,3703977,321.0,310257.0,3206,4363809,2429,4014234,5314,8067682
2021-10-24 15:00:00,2056,4055608,1553.0,3705530,79.0,310336.0,2135,4365944,1632,4015866,3688,8071370
2021-10-25 15:00:00,4544,4060152,3068.0,3708598,320.0,310656.0,4864,4370808,3388,4019254,7932,8079302
2021-10-26 15:00:00,4501,4064653,3074.0,3711672,316.0,310972.0,4817,4375625,3390,4022644,7891,8087193
2021-10-27 15:00:00,4730,4069383,3336.0,3715008,436.0,311408.0,5166,4380791,3772,4026416,8502,8095695
2021-10-28 15:00:00,4554,4073937,3347.0,3718355,501.0,311909.0,5055,4385846,3848,4030264,8402,8104097
2021-10-29 15:00:00,4977,4078914,3912.0,3722267,394.0,312303.0,5371,4391217,4306,4034570,9283,8113380
2021-10-30 15:00:00,2632,4081546,1834.0,3724101,308.0,312611.0,2940,4394157,2142,4036712,4774,8118154
2021-10-31 15:00:00,1938,4083484,1519.0,3725620,93.0,312704.0,2031,4396188,1612,4038324,3550,8121704
2021-11-01 15:00:00,4712,4088196,3420.0,3729040,346.0,313050.0,5058,4401246,3766,4042090,8478,8130182
2021-11-02 15:00:00,4251,4092447,2934.0,3731974,408.0,313458.0,4659,4405905,3342,4045432,7593,8137775
2021-11-03 15:00:00,4667,4097114,3041.0,3735015,463.0,313921.0,5130,4411035,3504,4048936,8171,8145946
2021-11-04 15:00:00,6308,4103422,3362.0,3738377,513.0,314434.0,6821,4417856,3875,4052811,10183,8156129
2021-11-05 15:00:00,8237,4111659,3761.0,3742138,413.0,314847.0,8650,4426506,4174,4056985,12411,8168540
2021-11-06 15:00:00,10167,4121826,1965.0,3744103,308.0,315155.0,10475,4436981,2273,4059258,12440,8180980
2021-11-07 15:00:00,7709,4129535,1463.0,3745566,94.0,315249.0,7803,4444784,1557,4060815,9266,8190246
2021-11-08 15:00:00,11304,4140839,3040.0,3748606,379.0,315628.0,11683,4456467,3419,4064234,14723,8204969
2021-11-09 15:00:00,11760,4152599,2639.0,3751245,268.0,315896.0,12028,4468495,2907,4067141,14667,8219636
2021-11-10 15:00:00,12584,4165183,2747.0,3753992,339.0,316235.0,12923,4481418,3086,4070227,15670,8235306
2021-11-11 15:00:00,11372,4176555,2370.0,3756362,280.0,316515.0,11652,4493070,2650,4072877,14022,8249328
2021-11-12 15:00:00,12289,4188844,3345.0,3759707,548.0,317063.0,12837,4505907,3893,4076770,16182,8265510
2021-11-13 15:00:00,9889,4198733,1590.0,3761297,342.0,317405.0,10231,4516138,1932,4078702,11821,8277331
2021-11-14 15:00:00,3923,4202656,1112.0,3762409,121.0,317526.0,4044,4520182,1233,4079935,5156,8282487
2021-11-15 15:00:00,8623,4211279,2513.0,3764922,205.0,317731.0,8828,4529010,2718,4082653,11341,8293828
2021-11-16 15:00:00,9228,4220507,2501.0,3767423,255.0,317986.0,9483,4538493,2756,4085409,11984,8305812
2021-11-17 15:00:00,9395,4229902,2861.0,3770284,312.0,318298.0,9707,4548200,3173,4088582,12568,8318380
2021-11-18 15:00:00,9278,4239180,2623.0,3772907,482.0,318780.0,9760,4557960,3105,4091687,12383,8330763
2021-11-19 15:00:00,9793,4248973,2906.0,3775813,381.0,319161.0,10174,4568134,3287,4094974,13080,8343843
2021-11-20 15:00:00,10624,4259597,1599.0,3777412,455.0,319616.0,11079,4579213,2054,4097028,12678,8356521
2021-11-21 15:00:00,4343,4263940,1198.0,3778610,99.0,319715.0,4442,4583655,1297,4098325,5640,8362161
2021-11-22 15:00:00,9819,4273759,2476.0,3781086,293.0,320008.0,10112,4593767,2769,4101094,12588,8374749
2021-11-23 15:00:00,9207,4282966,2381.0,3783467,280.0,320288.0,9487,4603254,2661,4103755,11868,8386617
2021-11-24 15:00:00,8156,4291122,2436.0,3785903,216.0,320504.0,8372,4611626,2652,4106407,10808,8397425
2021-11-25 15:00:00,239,4291361,77.0,3785980,10.0,320514.0,249,4611875,87,4106494,326,8397751
2021-11-26 15:00:00,5652,4297013,3950.0,3789930,153.0,320667.0,5805,4617680,4103,4110597,9755,8407506
2021-11-27 15:00:00,3778,4300791,5475.0,3795405,134.0,320801.0,3912,4621592,5609,4116206,9387,8416893
2021-11-28 15:00:00,2412,4303203,6383.0,3801788,77.0,320878.0,2489,4624081,6460,4122666,8872,8425765
2021-11-29 15:00:00,6368,4309571,9279.0,3811067,379.0,321257.0,6747,4630828,9658,4132324,16026,8441791
2021-11-30 15:00:00,6253,4315824,9313.0,3820380,264.0,321521.0,6517,4637345,9577,4141901,15830,8457621
2021-12-01 15:00:00,7285,4323109,9705.0,3830085,308.0,321829.0,7593,4644938,10013,4151914,17298,8474919
2021-12-02 15:00:00,6906,4330015,8784.0,3838869,451.0,322280.0,7357,4652295,9235,4161149,16141,8491060
2021-12-03 15:00:00,7592,4337607,9241.0,3848110,249.0,322529.0,7841,4660136,9490,4170639,17082,8508142
2021-12-04 15:00:00,5948,4343555,10032.0,3858142,465.0,322994.0,6413,4666549,10497,4181136,16445,8524587
2021-12-05 15:00:00,3465,4347020,3283.0,3861425,78.0,323072.0,3543,4670092,3361,4184497,6826,8531413
2021-12-06 15:00:00,6746,4353766,7081.0,3868506,277.0,323349.0,7023,4677115,7358,4191855,14104,8545517
2021-12-07 15:00:00,6410,4360176,7023.0,3875529,249.0,323598.0,6659,4683774,7272,4199127,13682,8559199
2021-12-08 15:00:00,6930,4367106,7409.0,3882938,315.0,323913.0,7245,4691019,7724,4206851,14654,8573853
2021-12-09 15:00:00,6545,4373651,7020.0,3889958,398.0,324311.0,6943,4697962,7418,4214269,13963,8587816
2021-12-10 15:00:00,7281,4380932,7316.0,3897274,230.0,324541.0,7511,4705473,7546,4221815,14827,8602643
2021-12-11 15:00:00,4450,4385382,7664.0,3904938,333.0,324874.0,4783,4710256,7997,4229812,12447,8615090
2021-12-12 15:00:00,4000,4389382,2772.0,3907710,60.0,324934.0,4060,4714316,2832,4232644,6832,8621922
2021-12-13 15:00:00,5694,4395076,5758.0,3913468,243.0,325177.0,5937,4720253,6001,4238645,11695,8633617
2021-12-14 15:00:00,6454,4401530,5919.0,3919387,221.0,325398.0,6675,4726928,6140,4244785,12594,8646211
2021-12-15 15:00:00,7147,4408677,5697.0,3925084,251.0,325649.0,7398,4734326,5948,4250733,13095,8659306
2021-12-16 15:00:00,7857,4416534,2807.0,3927891,420.0,326069.0,8277,4742603,3227,4253960,11084,8670390
2021-12-17 15:00:00,7814,4424348,4145.0,3932036,195.0,326264.0,8009,4750612,4340,4258300,12154,8682544
2021-12-18 15:00:00,5823,4430171,3159.0,3935195,298.0,326562.0,6121,4756733,3457,4261757,9280,8691824
2021-12-19 15:00:00,3381,4433552,1339.0,3936534,36.0,326598.0,3417,4760150,1375,4263132,4756,8696580
2021-12-20 15:00:00,8058,4441610,3739.0,3940273,173.0,326771.0,8231,4768381,3912,4267044,11970,8708550
2021-12-21 15:00:00,8990,4450600,4151.0,3944424,175.0,326946.0,9165,4777546,4326,4271370,13316,8721866
2021-12-22 15:00:00,8680,4459280,3859.0,3948283,184.0,327130.0,8864,4786410,4043,4275413,12723,8734589
2021-12-23 15:00:00,8397,4467677,3549.0,3951832,359.0,327489.0,8756,4795166,3908,4279321,12305,8746894
2021-12-24 15:00:00,1634,4469311,1005.0,3952837,39.0,327528.0,1673,4796839,1044,4280365,2678,8749572
2021-12-25 15:00:00,50,4469361,36.0,3952873,1.0,327529.0,51,4796890,37,4280402,87,8749659
2021-12-26 15:00:00,2519,4471880,1743.0,3954616,44.0,327573.0,2563,4799453,1787,4282189,4306,8753965
2021-12-27 15:00:00,7187,4479067,3987.0,3958603,297.0,327870.0,7484,4806937,4284,4286473,11471,8765436
2021-12-28 15:00:00,7909,4486976,3847.0,3962450,177.0,328047.0,8086,4815023,4024,4290497,11933,8777369
2021-12-29 15:00:00,8220,4495196,4016.0,3966466,155.0,328202.0,8375,4823398,4171,4294668,12391,8789760
2021-12-30 15:00:00,7466,4502662,3776.0,3970242,290.0,328492.0,7756,4831154,4066,4298734,11532,8801292
2021-12-31 15:00:00,2572,4505234,1526.0,3971768,90.0,328582.0,2662,4833816,1616,4300350,4188,8805480
2022-01-01 15:00:00,736,4505970,345.0,3972113,33.0,328615.0,769,4834585,378,4300728,1114,8806594
2022-01-02 15:00:00,2209,4508179,1647.0,3973760,47.0,328662.0,2256,4836841,1694,4302422,3903,8810497
2022-01-03 15:00:00,3390,4511569,2064.0,3975824,221.0,328883.0,3611,4840452,2285,4304707,5675,8816172
2022-01-04 15:00:00,5839,4517408,3472.0,3979296,162.0,329045.0,6001,4846453,3634,4308341,9473,8825645
2022-01-05 15:00:00,6820,4524228,4686.0,3983982,176.0,329221.0,6996,4853449,4862,4313203,11682,8837327
2022-01-06 15:00:00,6748,4530976,4805.0,3988787,264.0,329485.0,7012,4860461,5069,4318272,11817,8849144
2022-01-07 15:00:00,5958,4536934,3753.0,3992540,159.0,329644.0,6117,4866578,3912,4322184,9870,8859014
2022-01-08 15:00:00,4802,4541736,3906.0,3996446,79.0,329723.0,4881,4871459,3985,4326169,8787,8867801
2022-01-09 15:00:00,2759,4544495,2009.0,3998455,154.0,329877.0,2913,4874372,2163,4328332,4922,8872723
2022-01-10 15:00:00,6316,4550811,3829.0,4002284,156.0,330033.0,6472,4880844,3985,4332317,10301,8883024
2022-01-11 15:00:00,6536,4557347,4237.0,4006521,142.0,330175.0,6678,4887522,4379,4336696,10915,8893939
2022-01-12 15:00:00,6803,4564150,4438.0,4010959,225.0,330400.0,7028,4894550,4663,4341359,11466,8905405
2022-01-13 15:00:00,6605,4570755,4372.0,4015331,151.0,330551.0,6756,4901306,4523,4345882,11128,8916533
2022-01-14 15:00:00,7203,4577958,3273.0,4018604,251.0,330802.0,7454,4908760,3524,4349406,10727,8927260
2022-01-15 15:00:00,4265,4582223,1683.0,4020287,70.0,330872.0,4335,4913095,1753,4351159,6018,8933278
2022-01-16 15:00:00,2217,4584440,1319.0,4021606,116.0,330988.0,2333,4915428,1435,4352594,3652,8936930
2022-01-17 15:00:00,3611,4588051,2361.0,4023967,74.0,331062.0,3685,4919113,2435,4355029,6046,8942976
2022-01-18 15:00:00,5272,4593323,4182.0,4028149,102.0,331164.0,5374,4924487,4284,4359313,9556,8952532
2022-01-19 15:00:00,5280,4598603,4457.0,4032606,99.0,331263.0,5379,4929866,4556,4363869,9836,8962368
2022-01-20 15:00:00,4519,4603122,3594.0,4036200,176.0,331439.0,4695,4934561,3770,4367639,8289,8970657
2022-01-21 15:00:00,5575,4608697,2922.0,4039122,126.0,331565.0,5701,4940262,3048,4370687,8623,8979280
2022-01-22 15:00:00,3454,4612151,1721.0,4040843,134.0,331699.0,3588,4943850,1855,4372542,5309,8984589
2022-01-23 15:00:00,2031,4614182,1492.0,4042335,30.0,331729.0,2061,4945911,1522,4374064,3553,8988142
2022-01-24 15:00:00,4117,4618299,2766.0,4045101,88.0,331817.0,4205,4950116,2854,4376918,6971,8995113
2022-01-25 15:00:00,3788,4622087,3302.0,4048403,93.0,331910.0,3881,4953997,3395,4380313,7183,9002296
2022-01-26 15:00:00,3842,4625929,3674.0,4052077,93.0,332003.0,3935,4957932,3767,4384080,7609,9009905
2022-01-27 15:00:00,3752,4629681,3856.0,4055933,186.0,332189.0,3938,4961870,4042,4388122,7794,9017699
2022-01-28 15:00:00,3825,4633506,3208.0,4059141,75.0,332264.0,3900,4965770,3283,4391405,7108,9024807
2022-01-29 15:00:00,2290,4635796,2263.0,4061404,117.0,332381.0,2407,4968177,2380,4393785,4670,9029477
2022-01-30 15:00:00,1553,4637349,1601.0,4063005,16.0,332397.0,1569,4969746,1617,4395402,3170,9032647
2022-01-31 15:00:00,2968,4640317,3151.0,4066156,58.0,332455.0,3026,4972772,3209,4398611,6177,9038824
2022-02-01 15:00:00,2634,4642951,3377.0,4069533,75.0,332530.0,2709,4975481,3452,4402063,6086,9044910
2022-02-02 15:00:00,2806,4645757,3704.0,4073237,72.0,332602.0,2878,4978359,3776,4405839,6582,9051492
2022-02-03 15:00:00,2730,4648487,3605.0,4076842,41.0,332643.0,2771,4981130,3646,4409485,6376,9057868
2022-02-04 15:00:00,2735,4651222,4271.0,4081113,122.0,332765.0,2857,4983987,4393,4413878,7128,9064996
2022-02-05 15:00:00,1893,4653115,2833.0,4083946,111.0,332876.0,2004,4985991,2944,4416822,4837,9069833
2022-02-06 15:00:00,1037,4654152,1304.0,4085250,23.0,332899.0,1060,4987051,1327,4418149,2364,9072197
2022-02-07 15:00:00,1960,4656112,2564.0,4087814,41.0,332940.0,2001,4989052,2605,4420754,4565,9076762
2022-02-08 15:00:00,1066,4657178,1473.0,4089287,21.0,332961.0,1087,4990139,1494,4422248,2560,9079322
