VACCINATION_DATE,FirstDailyDose,FirstDoseCumulative,SecondDailyDose,SecondDoseCumulative,SingleDailyDose,SingleDoseCumulative,AtleastOneVaccine,AtleastOneVaccineCumulative,CompletedVax,CompletedVaxCumulative,FirstSecondSingleVaccinations,FirstSecondSingleVaccinationsCumulative
2020-12-14 15:00:00,17,1221,,491,,,17,1221,0,491,17,1603
2020-12-15 15:00:00,56,1277,3.0,494,,,56,1277,3,494,59,1662
2020-12-16 15:00:00,585,1862,3.0,497,,,585,1862,3,497,588,2250
2020-12-17 15:00:00,1151,3013,2.0,499,,,1151,3013,2,499,1153,3403
2020-12-18 15:00:00,3001,6014,12.0,511,,,3001,6014,12,511,3013,6416
2020-12-19 15:00:00,927,6941,5.0,516,,,927,6941,5,516,932,7348
2020-12-20 15:00:00,346,7287,4.0,520,,,346,7287,4,520,350,7698
2020-12-21 15:00:00,3874,11161,25.0,545,,,3874,11161,25,545,3899,11597
2020-12-22 15:00:00,6306,17467,23.0,568,,,6306,17467,23,568,6329,17926
2020-12-23 15:00:00,5765,23232,33.0,601,,,5765,23232,33,601,5798,23724
2020-12-24 15:00:00,2718,25950,14.0,615,,,2718,25950,14,615,2732,26456
2020-12-25 15:00:00,1033,26983,4.0,619,,,1033,26983,4,619,1037,27493
2020-12-26 15:00:00,1875,28858,9.0,628,,,1875,28858,9,628,1884,29377
2020-12-27 15:00:00,1799,30657,10.0,638,,,1799,30657,10,638,1809,31186
2020-12-28 15:00:00,8971,39628,41.0,679,,,8971,39628,41,679,9012,40198
2020-12-29 15:00:00,10945,50573,48.0,727,,,10945,50573,48,727,10993,51191
2020-12-30 15:00:00,12482,63055,75.0,802,,,12482,63055,75,802,12557,63748
2020-12-31 15:00:00,7539,70594,40.0,842,,,7539,70594,40,842,7579,71327
2021-01-01 15:00:00,2877,73471,129.0,971,,,2877,73471,129,971,3006,74333
2021-01-02 15:00:00,3016,76487,34.0,1005,,,3016,76487,34,1005,3050,77383
2021-01-03 15:00:00,3390,79877,80.0,1085,,,3390,79877,80,1085,3470,80853
2021-01-04 15:00:00,13319,93196,320.0,1405,,,13319,93196,320,1405,13639,94492
2021-01-05 15:00:00,12444,105640,531.0,1936,,,12444,105640,531,1936,12975,107467
2021-01-06 15:00:00,15215,120855,851.0,2787,,,15215,120855,851,2787,16066,123533
2021-01-07 15:00:00,14991,135846,1748.0,4535,,,14991,135846,1748,4535,16739,140272
2021-01-08 15:00:00,23972,159818,2755.0,7290,,,23972,159818,2755,7290,26727,166999
2021-01-09 15:00:00,5150,164968,945.0,8235,,,5150,164968,945,8235,6095,173094
2021-01-10 15:00:00,2948,167916,375.0,8610,,,2948,167916,375,8610,3323,176417
2021-01-11 15:00:00,13694,181610,3454.0,12064,,,13694,181610,3454,12064,17148,193565
2021-01-12 15:00:00,17353,198963,5572.0,17636,,,17353,198963,5572,17636,22925,216490
2021-01-13 15:00:00,18571,217534,3894.0,21530,,,18571,217534,3894,21530,22465,238955
2021-01-14 15:00:00,17802,235336,1943.0,23473,,,17802,235336,1943,23473,19745,258700
2021-01-15 15:00:00,19414,254750,2002.0,25475,,,19414,254750,2002,25475,21416,280116
2021-01-16 15:00:00,5802,260552,1602.0,27077,,,5802,260552,1602,27077,7404,287520
2021-01-17 15:00:00,2107,262659,1476.0,28553,,,2107,262659,1476,28553,3583,291103
2021-01-18 15:00:00,7061,269720,3241.0,31794,,,7061,269720,3241,31794,10302,301405
2021-01-19 15:00:00,16909,286629,5381.0,37175,,,16909,286629,5381,37175,22290,323695
2021-01-20 15:00:00,20979,307608,5291.0,42466,,,20979,307608,5291,42466,26270,349965
2021-01-21 15:00:00,23755,331363,3795.0,46261,,,23755,331363,3795,46261,27550,377515
2021-01-22 15:00:00,28637,360000,3711.0,49972,,,28637,360000,3711,49972,32348,409863
2021-01-23 15:00:00,10098,370098,1927.0,51899,,,10098,370098,1927,51899,12025,421888
2021-01-24 15:00:00,3338,373436,1720.0,53619,,,3338,373436,1720,53619,5058,426946
2021-01-25 15:00:00,16288,389724,8572.0,62191,,,16288,389724,8572,62191,24860,451806
2021-01-26 15:00:00,17536,407260,8952.0,71143,,,17536,407260,8952,71143,26488,478294
2021-01-27 15:00:00,24441,431701,12517.0,83660,,,24441,431701,12517,83660,36958,515252
2021-01-28 15:00:00,22645,454346,9288.0,92948,,,22645,454346,9288,92948,31933,547185
2021-01-29 15:00:00,24756,479102,7880.0,100828,,,24756,479102,7880,100828,32636,579821
2021-01-30 15:00:00,17763,496865,2528.0,103356,,,17763,496865,2528,103356,20291,600112
2021-01-31 15:00:00,3753,500618,1343.0,104699,,,3753,500618,1343,104699,5096,605208
2021-02-01 15:00:00,7811,508429,5225.0,109924,,,7811,508429,5225,109924,13036,618244
2021-02-02 15:00:00,12458,520887,13792.0,123716,,,12458,520887,13792,123716,26250,644494
2021-02-03 15:00:00,18216,539103,18085.0,141801,,,18216,539103,18085,141801,36301,680795
2021-02-04 15:00:00,22081,561184,15736.0,157537,,,22081,561184,15736,157537,37817,718612
2021-02-05 15:00:00,20327,581511,17369.0,174906,,,20327,581511,17369,174906,37696,756308
2021-02-06 15:00:00,11305,592816,14445.0,189351,,,11305,592816,14445,189351,25750,782058
2021-02-07 15:00:00,5939,598755,1801.0,191152,,,5939,598755,1801,191152,7740,789798
2021-02-08 15:00:00,12945,611700,12902.0,204054,,,12945,611700,12902,204054,25847,815645
2021-02-09 15:00:00,16616,628316,13833.0,217887,,,16616,628316,13833,217887,30449,846094
2021-02-10 15:00:00,19264,647580,21195.0,239082,,,19264,647580,21195,239082,40459,886553
2021-02-11 15:00:00,22849,670429,17293.0,256375,,,22849,670429,17293,256375,40142,926695
2021-02-12 15:00:00,20362,690791,19588.0,275963,,,20362,690791,19588,275963,39950,966645
2021-02-13 15:00:00,11415,702206,6392.0,282355,,,11415,702206,6392,282355,17807,984452
2021-02-14 15:00:00,7107,709313,2103.0,284458,,,7107,709313,2103,284458,9210,993662
2021-02-15 15:00:00,11739,721052,13294.0,297752,,,11739,721052,13294,297752,25033,1018695
2021-02-16 15:00:00,16581,737633,20983.0,318735,,,16581,737633,20983,318735,37564,1056259
2021-02-17 15:00:00,20640,758273,26348.0,345083,,,20640,758273,26348,345083,46988,1103247
2021-02-18 15:00:00,3189,761462,4606.0,349689,,,3189,761462,4606,349689,7795,1111042
2021-02-19 15:00:00,10244,771706,19902.0,369591,,,10244,771706,19902,369591,30146,1141188
2021-02-20 15:00:00,10295,782001,20256.0,389847,,,10295,782001,20256,389847,30551,1171739
2021-02-21 15:00:00,6158,788159,7625.0,397472,,,6158,788159,7625,397472,13783,1185522
2021-02-22 15:00:00,8016,796175,15449.0,412921,,,8016,796175,15449,412921,23465,1208987
2021-02-23 15:00:00,15512,811687,15940.0,428861,,,15512,811687,15940,428861,31452,1240439
2021-02-24 15:00:00,17919,829606,24730.0,453591,,,17919,829606,24730,453591,42649,1283088
2021-02-25 15:00:00,20380,849986,26526.0,480117,,,20380,849986,26526,480117,46906,1329994
2021-02-26 15:00:00,26696,876682,26172.0,506289,,,26696,876682,26172,506289,52868,1382862
2021-02-27 15:00:00,15982,892664,11122.0,517411,,,15982,892664,11122,517411,27104,1409966
2021-02-28 15:00:00,15491,908155,4863.0,522274,,,15491,908155,4863,522274,20354,1430320
2021-03-01 15:00:00,26472,934627,12466.0,534740,,,26472,934627,12466,534740,38938,1469258
2021-03-02 15:00:00,23866,958493,13240.0,547980,32.0,32.0,23898,958525,13272,548012,37138,1506396
2021-03-03 15:00:00,30125,988618,18359.0,566339,182.0,214.0,30307,988832,18541,566553,48666,1555062
2021-03-04 15:00:00,30936,1019554,18148.0,584487,4065.0,4279.0,35001,1023833,22213,588766,53149,1608211
2021-03-05 15:00:00,29412,1048966,19435.0,603922,4910.0,9189.0,34322,1058155,24345,613111,53757,1661968
2021-03-06 15:00:00,17850,1066816,8957.0,612879,6004.0,15193.0,23854,1082009,14961,628072,32811,1694779
2021-03-07 15:00:00,12107,1078923,4833.0,617712,6613.0,21806.0,18720,1100729,11446,639518,23553,1718332
2021-03-08 15:00:00,25830,1104753,8799.0,626511,8276.0,30082.0,34106,1134835,17075,656593,42905,1761237
2021-03-09 15:00:00,26081,1130834,15424.0,641935,8346.0,38428.0,34427,1169262,23770,680363,49851,1811088
2021-03-10 15:00:00,29812,1160646,15964.0,657899,7936.0,46364.0,37748,1207010,23900,704263,53712,1864800
2021-03-11 15:00:00,35937,1196583,16395.0,674294,3983.0,50347.0,39920,1246930,20378,724641,56315,1921115
2021-03-12 15:00:00,36878,1233461,18048.0,692342,2920.0,53267.0,39798,1286728,20968,745609,57846,1978961
2021-03-13 15:00:00,22646,1256107,10251.0,702593,1621.0,54888.0,24267,1310995,11872,757481,34518,2013479
2021-03-14 15:00:00,17838,1273945,6694.0,709287,999.0,55887.0,18837,1329832,7693,765174,25531,2039010
2021-03-15 15:00:00,29784,1303729,11258.0,720545,593.0,56480.0,30377,1360209,11851,777025,41635,2080645
2021-03-16 15:00:00,33404,1337133,13540.0,734085,766.0,57246.0,34170,1394379,14306,791331,47710,2128355
2021-03-17 15:00:00,37535,1374668,17006.0,751091,1175.0,58421.0,38710,1433089,18181,809512,55716,2184071
2021-03-18 15:00:00,41402,1416070,12593.0,763684,1348.0,59769.0,42750,1475839,13941,823453,55343,2239414
2021-03-19 15:00:00,38284,1454354,15375.0,779059,1036.0,60805.0,39320,1515159,16411,839864,54695,2294109
2021-03-20 15:00:00,24665,1479019,10112.0,789171,699.0,61504.0,25364,1540523,10811,850675,35476,2329585
2021-03-21 15:00:00,19156,1498175,7837.0,797008,334.0,61838.0,19490,1560013,8171,858846,27327,2356912
2021-03-22 15:00:00,32556,1530731,11434.0,808442,834.0,62672.0,33390,1593403,12268,871114,44824,2401736
2021-03-23 15:00:00,37729,1568460,17305.0,825747,1553.0,64225.0,39282,1632685,18858,889972,56587,2458323
2021-03-24 15:00:00,41054,1609514,21143.0,846890,1381.0,65606.0,42435,1675120,22524,912496,63578,2521901
2021-03-25 15:00:00,42322,1651836,21004.0,867894,2457.0,68063.0,44779,1719899,23461,935957,65783,2587684
2021-03-26 15:00:00,36589,1688425,26261.0,894155,2498.0,70561.0,39087,1758986,28759,964716,65348,2653032
2021-03-27 15:00:00,26916,1715341,16772.0,910927,2484.0,73045.0,29400,1788386,19256,983972,46172,2699204
2021-03-28 15:00:00,17006,1732347,12607.0,923534,1615.0,74660.0,18621,1807007,14222,998194,31228,2730432
2021-03-29 15:00:00,29701,1762048,26214.0,949748,1140.0,75800.0,30841,1837848,27354,1025548,57055,2787487
2021-03-30 15:00:00,40017,1802065,28916.0,978664,1856.0,77656.0,41873,1879721,30772,1056320,70789,2858276
2021-03-31 15:00:00,41022,1843087,34597.0,1013261,5749.0,83405.0,46771,1926492,40346,1096666,81368,2939644
2021-04-01 15:00:00,41084,1884171,39878.0,1053139,5665.0,89070.0,46749,1973241,45543,1142209,86627,3026271
2021-04-02 15:00:00,34989,1919160,32492.0,1085631,6121.0,95191.0,41110,2014351,38613,1180822,73602,3099873
2021-04-03 15:00:00,21615,1940775,18663.0,1104294,4367.0,99558.0,25982,2040333,23030,1203852,44645,3144518
2021-04-04 15:00:00,8244,1949019,10173.0,1114467,964.0,100522.0,9208,2049541,11137,1214989,19381,3163899
2021-04-05 15:00:00,27899,1976918,28846.0,1143313,6653.0,107175.0,34552,2084093,35499,1250488,63398,3227297
2021-04-06 15:00:00,39736,2016654,30390.0,1173703,10490.0,117665.0,50226,2134319,40880,1291368,80616,3307913
2021-04-07 15:00:00,36025,2052679,34194.0,1207897,12973.0,130638.0,48998,2183317,47167,1338535,83192,3391105
2021-04-08 15:00:00,42291,2094970,36004.0,1243901,13852.0,144490.0,56143,2239460,49856,1388391,92147,3483252
2021-04-09 15:00:00,34001,2128971,36279.0,1280180,14523.0,159013.0,48524,2287984,50802,1439193,84803,3568055
2021-04-10 15:00:00,23442,2152413,23092.0,1303272,7631.0,166644.0,31073,2319057,30723,1469916,54165,3622220
2021-04-11 15:00:00,17551,2169964,13265.0,1316537,10123.0,176767.0,27674,2346731,23388,1493304,40939,3663159
2021-04-12 15:00:00,24571,2194535,33126.0,1349663,10895.0,187662.0,35466,2382197,44021,1537325,68592,3731751
2021-04-13 15:00:00,126766,2321301,90565.0,1440228,3293.0,190955.0,130059,2512256,93858,1631183,220624,3952375
2021-04-14 15:00:00,40678,2361979,37751.0,1477979,210.0,191165.0,40888,2553144,37961,1669144,78639,4031014
2021-04-15 15:00:00,41667,2403646,39154.0,1517133,172.0,191337.0,41839,2594983,39326,1708470,80993,4112007
2021-04-16 15:00:00,37191,2440837,38722.0,1555855,23.0,191360.0,37214,2632197,38745,1747215,75936,4187943
2021-04-17 15:00:00,32776,2473613,21983.0,1577838,12.0,191372.0,32788,2664985,21995,1769210,54771,4242714
2021-04-18 15:00:00,20057,2493670,16171.0,1594009,5.0,191377.0,20062,2685047,16176,1785386,36233,4278947
2021-04-19 15:00:00,29882,2523552,36477.0,1630486,61.0,191438.0,29943,2714990,36538,1821924,66420,4345367
2021-04-20 15:00:00,33095,2556647,44175.0,1674661,56.0,191494.0,33151,2748141,44231,1866155,77326,4422693
2021-04-21 15:00:00,39793,2596440,46963.0,1721624,22.0,191516.0,39815,2787956,46985,1913140,86778,4509471
2021-04-22 15:00:00,36398,2632838,42015.0,1763639,16.0,191532.0,36414,2824370,42031,1955171,78429,4587900
2021-04-23 15:00:00,33111,2665949,40058.0,1803697,14.0,191546.0,33125,2857495,40072,1995243,73183,4661083
2021-04-24 15:00:00,26398,2692347,27838.0,1831535,81.0,191627.0,26479,2883974,27919,2023162,54317,4715400
2021-04-25 15:00:00,20214,2712561,10932.0,1842467,31.0,191658.0,20245,2904219,10963,2034125,31177,4746577
2021-04-26 15:00:00,27415,2739976,32643.0,1875110,202.0,191860.0,27617,2931836,32845,2066970,60260,4806837
2021-04-27 15:00:00,26687,2766663,32998.0,1908108,1098.0,192958.0,27785,2959621,34096,2101066,60783,4867620
2021-04-28 15:00:00,28921,2795584,39465.0,1947573,1362.0,194320.0,30283,2989904,40827,2141893,69748,4937368
2021-04-29 15:00:00,27294,2822878,39409.0,1986982,1466.0,195786.0,28760,3018664,40875,2182768,68169,5005537
2021-04-30 15:00:00,28189,2851067,32163.0,2019145,1646.0,197432.0,29835,3048499,33809,2216577,61998,5067535
2021-05-01 15:00:00,20510,2871577,26467.0,2045612,1034.0,198466.0,21544,3070043,27501,2244078,48011,5115546
2021-05-02 15:00:00,10277,2881854,17016.0,2062628,820.0,199286.0,11097,3081140,17836,2261914,28113,5143659
2021-05-03 15:00:00,12742,2894596,28510.0,2091138,1912.0,201198.0,14654,3095794,30422,2292336,43164,5186823
2021-05-04 15:00:00,13564,2908160,38528.0,2129666,1736.0,202934.0,15300,3111094,40264,2332600,53828,5240651
2021-05-05 15:00:00,19324,2927484,37680.0,2167346,1920.0,204854.0,21244,3132338,39600,2372200,58924,5299575
2021-05-06 15:00:00,16923,2944407,40540.0,2207886,1721.0,206575.0,18644,3150982,42261,2414461,59184,5358759
2021-05-07 15:00:00,17415,2961822,36020.0,2243906,1958.0,208533.0,19373,3170355,37978,2452439,55393,5414152
2021-05-08 15:00:00,10783,2972605,31198.0,2275104,1292.0,209825.0,12075,3182430,32490,2484929,43273,5457425
2021-05-09 15:00:00,5052,2977657,11906.0,2287010,695.0,210520.0,5747,3188177,12601,2497530,17653,5475078
2021-05-10 15:00:00,8950,2986607,31012.0,2318022,1359.0,211879.0,10309,3198486,32371,2529901,41321,5516399
2021-05-11 15:00:00,12186,2998793,30245.0,2348267,1437.0,213316.0,13623,3212109,31682,2561583,43868,5560267
2021-05-12 15:00:00,13944,3012737,38555.0,2386822,1919.0,215235.0,15863,3227972,40474,2602057,54418,5614685
2021-05-13 15:00:00,21850,3034587,33422.0,2420244,1347.0,216582.0,23197,3251169,34769,2636826,56619,5671304
2021-05-14 15:00:00,24348,3058935,29976.0,2450220,1774.0,218356.0,26122,3277291,31750,2668576,56098,5727402
2021-05-15 15:00:00,21901,3080836,25065.0,2475285,1490.0,219846.0,23391,3300682,26555,2695131,48456,5775858
2021-05-16 15:00:00,9076,3089912,17554.0,2492839,1113.0,220959.0,10189,3310871,18667,2713798,27743,5803601
2021-05-17 15:00:00,16842,3106754,28359.0,2521198,1949.0,222908.0,18791,3329662,30308,2744106,47150,5850751
2021-05-18 15:00:00,21244,3127998,30643.0,2551841,1941.0,224849.0,23185,3352847,32584,2776690,53828,5904579
2021-05-19 15:00:00,27618,3155616,32391.0,2584232,1626.0,226475.0,29244,3382091,34017,2810707,61635,5966214
2021-05-20 15:00:00,20791,3176407,33210.0,2617442,1970.0,228445.0,22761,3404852,35180,2845887,55971,6022185
2021-05-21 15:00:00,19158,3195565,30252.0,2647694,1607.0,230052.0,20765,3425617,31859,2877746,51017,6073202
2021-05-22 15:00:00,16914,3212479,20652.0,2668346,1270.0,231322.0,18184,3443801,21922,2899668,38836,6112038
2021-05-23 15:00:00,8752,3221231,11423.0,2679769,964.0,232286.0,9716,3453517,12387,2912055,21139,6133177
2021-05-24 15:00:00,13561,3234792,17734.0,2697503,1475.0,233761.0,15036,3468553,19209,2931264,32770,6165947
2021-05-25 15:00:00,12992,3247784,18657.0,2716160,1329.0,235090.0,14321,3482874,19986,2951250,32978,6198925
2021-05-26 15:00:00,18280,3266064,19435.0,2735595,1512.0,236602.0,19792,3502666,20947,2972197,39227,6238152
2021-05-27 15:00:00,11682,3277746,18628.0,2754223,1116.0,237718.0,12798,3515464,19744,2991941,31426,6269578
2021-05-28 15:00:00,12500,3290246,19708.0,2773931,1400.0,239118.0,13900,3529364,21108,3013049,33608,6303186
2021-05-29 15:00:00,9551,3299797,11638.0,2785569,935.0,240053.0,10486,3539850,12573,3025622,22124,6325310
2021-05-30 15:00:00,4964,3304761,6416.0,2791985,596.0,240649.0,5560,3545410,7012,3032634,11976,6337286
2021-05-31 15:00:00,1773,3306534,3705.0,2795690,305.0,240954.0,2078,3547488,4010,3036644,5783,6343069
2021-06-01 15:00:00,9780,3316314,16343.0,2812033,1153.0,242107.0,10933,3558421,17496,3054140,27276,6370345
2021-06-02 15:00:00,10228,3326542,16775.0,2828808,959.0,243066.0,11187,3569608,17734,3071874,27962,6398307
2021-06-03 15:00:00,7898,3334440,21151.0,2849959,1086.0,244152.0,8984,3578592,22237,3094111,30135,6428442
2021-06-04 15:00:00,8200,3342640,22262.0,2872221,1121.0,245273.0,9321,3587913,23383,3117494,31583,6460025
2021-06-05 15:00:00,7014,3349654,19410.0,2891631,720.0,245993.0,7734,3595647,20130,3137624,27144,6487169
2021-06-06 15:00:00,3464,3353118,7223.0,2898854,423.0,246416.0,3887,3599534,7646,3145270,11110,6498279
2021-06-07 15:00:00,6854,3359972,15735.0,2914589,725.0,247141.0,7579,3607113,16460,3161730,23314,6521593
2021-06-08 15:00:00,6670,3366642,19669.0,2934258,829.0,247970.0,7499,3614612,20498,3182228,27168,6548761
2021-06-09 15:00:00,8192,3374834,23910.0,2958168,969.0,248939.0,9161,3623773,24879,3207107,33071,6581832
2021-06-10 15:00:00,7147,3381981,19086.0,2977254,895.0,249834.0,8042,3631815,19981,3227088,27128,6608960
2021-06-11 15:00:00,7466,3389447,17699.0,2994953,1125.0,250959.0,8591,3640406,18824,3245912,26290,6635250
2021-06-12 15:00:00,5229,3394676,14737.0,3009690,604.0,251563.0,5833,3646239,15341,3261253,20570,6655820
2021-06-13 15:00:00,1931,3396607,7558.0,3017248,427.0,251990.0,2358,3648597,7985,3269238,9916,6665736
2021-06-14 15:00:00,5654,3402261,11803.0,3029051,734.0,252724.0,6388,3654985,12537,3281775,18191,6683927
2021-06-15 15:00:00,5650,3407911,14298.0,3043349,872.0,253596.0,6522,3661507,15170,3296945,20820,6704747
2021-06-16 15:00:00,8748,3416659,21556.0,3064905,757.0,254353.0,9505,3671012,22313,3319258,31061,6735808
2021-06-17 15:00:00,6681,3423340,12343.0,3077248,720.0,255073.0,7401,3678413,13063,3332321,19744,6755552
2021-06-18 15:00:00,6834,3430174,12699.0,3089947,702.0,255775.0,7536,3685949,13401,3345722,20235,6775787
2021-06-19 15:00:00,4662,3434836,9354.0,3099301,613.0,256388.0,5275,3691224,9967,3355689,14629,6790416
2021-06-20 15:00:00,2505,3437341,5037.0,3104338,378.0,256766.0,2883,3694107,5415,3361104,7920,6798336
2021-06-21 15:00:00,5555,3442896,5318.0,3109656,636.0,257402.0,6191,3700298,5954,3367058,11509,6809845
2021-06-22 15:00:00,5194,3448090,8850.0,3118506,682.0,258084.0,5876,3706174,9532,3376590,14726,6824571
2021-06-23 15:00:00,6063,3454153,10300.0,3128806,646.0,258730.0,6709,3712883,10946,3387536,17009,6841580
2021-06-24 15:00:00,5928,3460081,8183.0,3136989,594.0,259324.0,6522,3719405,8777,3396313,14705,6856285
2021-06-25 15:00:00,5827,3465908,8619.0,3145608,620.0,259944.0,6447,3725852,9239,3405552,15066,6871351
2021-06-26 15:00:00,3700,3469608,6293.0,3151901,396.0,260340.0,4096,3729948,6689,3412241,10389,6881740
2021-06-27 15:00:00,2810,3472418,3516.0,3155417,185.0,260525.0,2995,3732943,3701,3415942,6511,6888251
2021-06-28 15:00:00,4733,3477151,6084.0,3161501,523.0,261048.0,5256,3738199,6607,3422549,11340,6899591
2021-06-29 15:00:00,5058,3482209,6450.0,3167951,519.0,261567.0,5577,3743776,6969,3429518,12027,6911618
2021-06-30 15:00:00,5607,3487816,7366.0,3175317,605.0,262172.0,6212,3749988,7971,3437489,13578,6925196
2021-07-01 15:00:00,5353,3493169,6923.0,3182240,495.0,262667.0,5848,3755836,7418,3444907,12771,6937967
2021-07-02 15:00:00,5282,3498451,6815.0,3189055,521.0,263188.0,5803,3761639,7336,3452243,12618,6950585
2021-07-03 15:00:00,3262,3501713,4053.0,3193108,265.0,263453.0,3527,3765166,4318,3456561,7580,6958165
2021-07-04 15:00:00,492,3502205,545.0,3193653,67.0,263520.0,559,3765725,612,3457173,1104,6959269
2021-07-05 15:00:00,3758,3505963,3945.0,3197598,287.0,263807.0,4045,3769770,4232,3461405,7990,6967259
2021-07-06 15:00:00,4479,3510442,6234.0,3203832,452.0,264259.0,4931,3774701,6686,3468091,11165,6978424
2021-07-07 15:00:00,4460,3514902,6382.0,3210214,482.0,264741.0,4942,3779643,6864,3474955,11324,6989748
2021-07-08 15:00:00,4827,3519729,6143.0,3216357,564.0,265305.0,5391,3785034,6707,3481662,11534,7001282
2021-07-09 15:00:00,5347,3525076,6632.0,3222989,572.0,265877.0,5919,3790953,7204,3488866,12551,7013833
2021-07-10 15:00:00,3523,3528599,4386.0,3227375,302.0,266179.0,3825,3794778,4688,3493554,8211,7022044
2021-07-11 15:00:00,2669,3531268,2564.0,3229939,224.0,266403.0,2893,3797671,2788,3496342,5457,7027501
2021-07-12 15:00:00,4414,3535682,5099.0,3235038,377.0,266780.0,4791,3802462,5476,3501818,9890,7037391
2021-07-13 15:00:00,4761,3540443,4594.0,3239632,366.0,267146.0,5127,3807589,4960,3506778,9721,7047112
2021-07-14 15:00:00,4611,3545054,5250.0,3244882,421.0,267567.0,5032,3812621,5671,3512449,10282,7057394
2021-07-15 15:00:00,4883,3549937,4992.0,3249874,357.0,267924.0,5240,3817861,5349,3517798,10232,7067626
2021-07-16 15:00:00,6279,3556216,5813.0,3255687,401.0,268325.0,6680,3824541,6214,3524012,12493,7080119
2021-07-17 15:00:00,3409,3559625,3541.0,3259228,300.0,268625.0,3709,3828250,3841,3527853,7250,7087369
2021-07-18 15:00:00,2305,3561930,2370.0,3261598,110.0,268735.0,2415,3830665,2480,3530333,4785,7092154
2021-07-19 15:00:00,5256,3567186,4469.0,3266067,379.0,269114.0,5635,3836300,4848,3535181,10104,7102258
2021-07-20 15:00:00,5328,3572514,4685.0,3270752,366.0,269480.0,5694,3841994,5051,3540232,10379,7112637
2021-07-21 15:00:00,5637,3578151,4912.0,3275664,415.0,269895.0,6052,3848046,5327,3545559,10964,7123601
2021-07-22 15:00:00,6013,3584164,4604.0,3280268,469.0,270364.0,6482,3854528,5073,3550632,11086,7134687
2021-07-23 15:00:00,6833,3590997,4819.0,3285087,491.0,270855.0,7324,3861852,5310,3555942,12143,7146830
2021-07-24 15:00:00,4277,3595274,3194.0,3288281,267.0,271122.0,4544,3866396,3461,3559403,7738,7154568
2021-07-25 15:00:00,3290,3598564,1111.0,3289392,138.0,271260.0,3428,3869824,1249,3560652,4539,7159107
2021-07-26 15:00:00,6197,3604761,3887.0,3293279,418.0,271678.0,6615,3876439,4305,3564957,10502,7169609
2021-07-27 15:00:00,6347,3611108,4052.0,3297331,455.0,272133.0,6802,3883241,4507,3569464,10854,7180463
2021-07-28 15:00:00,6801,3617909,3999.0,3301330,458.0,272591.0,7259,3890500,4457,3573921,11258,7191721
2021-07-29 15:00:00,6800,3624709,4141.0,3305471,416.0,273007.0,7216,3897716,4557,3578478,11357,7203078
2021-07-30 15:00:00,7537,3632246,4508.0,3309979,523.0,273530.0,8060,3905776,5031,3583509,12568,7215646
2021-07-31 15:00:00,4781,3637027,3037.0,3313016,273.0,273803.0,5054,3910830,3310,3586819,8091,7223737
2021-08-01 15:00:00,3830,3640857,2118.0,3315134,160.0,273963.0,3990,3914820,2278,3589097,6108,7229845
2021-08-02 15:00:00,7021,3647878,3636.0,3318770,336.0,274299.0,7357,3922177,3972,3593069,10993,7240838
2021-08-03 15:00:00,7000,3654878,3894.0,3322664,511.0,274810.0,7511,3929688,4405,3597474,11405,7252243
2021-08-04 15:00:00,7158,3662036,3894.0,3326558,528.0,275338.0,7686,3937374,4422,3601896,11580,7263823
2021-08-05 15:00:00,7678,3669714,4111.0,3330669,537.0,275875.0,8215,3945589,4648,3606544,12326,7276149
2021-08-06 15:00:00,8293,3678007,4689.0,3335358,452.0,276327.0,8745,3954334,5141,3611685,13434,7289583
2021-08-07 15:00:00,5256,3683263,2803.0,3338161,264.0,276591.0,5520,3959854,3067,3614752,8323,7297906
2021-08-08 15:00:00,3944,3687207,2042.0,3340203,143.0,276734.0,4087,3963941,2185,3616937,6129,7304035
2021-08-09 15:00:00,6920,3694127,4509.0,3344712,367.0,277101.0,7287,3971228,4876,3621813,11796,7315831
2021-08-10 15:00:00,7122,3701249,4439.0,3349151,338.0,277439.0,7460,3978688,4777,3626590,11899,7327730
2021-08-11 15:00:00,7043,3708292,4419.0,3353570,440.0,277879.0,7483,3986171,4859,3631449,11902,7339632
2021-08-12 15:00:00,8590,3716882,4717.0,3358287,443.0,278322.0,9033,3995204,5160,3636609,13750,7353382
2021-08-13 15:00:00,7130,3724012,5352.0,3363639,394.0,278716.0,7524,4002728,5746,3642355,12876,7366258
2021-08-14 15:00:00,4910,3728922,3337.0,3366976,285.0,279001.0,5195,4007923,3622,3645977,8532,7374790
2021-08-15 15:00:00,3319,3732241,2729.0,3369705,163.0,279164.0,3482,4011405,2892,3648869,6211,7381001
2021-08-16 15:00:00,5430,3737671,5070.0,3374775,352.0,279516.0,5782,4017187,5422,3654291,10852,7391853
2021-08-17 15:00:00,6958,3744629,5174.0,3379949,389.0,279905.0,7347,4024534,5563,3659854,12521,7404374
2021-08-18 15:00:00,6498,3751127,5291.0,3385240,477.0,280382.0,6975,4031509,5768,3665622,12266,7416640
2021-08-19 15:00:00,5985,3757112,5314.0,3390554,415.0,280797.0,6400,4037909,5729,3671351,11714,7428354
2021-08-20 15:00:00,7029,3764141,6321.0,3396875,402.0,281199.0,7431,4045340,6723,3678074,13752,7442106
2021-08-21 15:00:00,4317,3768458,3913.0,3400788,227.0,281426.0,4544,4049884,4140,3682214,8457,7450563
2021-08-22 15:00:00,3060,3771518,3158.0,3403946,110.0,281536.0,3170,4053054,3268,3685482,6328,7456891
2021-08-23 15:00:00,6166,3777684,5914.0,3409860,285.0,281821.0,6451,4059505,6199,3691681,12365,7469256
2021-08-24 15:00:00,6644,3784328,5867.0,3415727,424.0,282245.0,7068,4066573,6291,3697972,12935,7482191
2021-08-25 15:00:00,6912,3791240,6013.0,3421740,439.0,282684.0,7351,4073924,6452,3704424,13364,7495555
2021-08-26 15:00:00,7179,3798419,6426.0,3428166,427.0,283111.0,7606,4081530,6853,3711277,14032,7509587
2021-08-27 15:00:00,6868,3805287,7011.0,3435177,316.0,283427.0,7184,4088714,7327,3718604,14195,7523782
2021-08-28 15:00:00,6906,3812193,6494.0,3441671,325.0,283752.0,7231,4095945,6819,3725423,13725,7537507
2021-08-29 15:00:00,3736,3815929,3677.0,3445348,611.0,284363.0,4347,4100292,4288,3729711,8024,7545531
2021-08-30 15:00:00,5942,3821871,6092.0,3451440,960.0,285323.0,6902,4107194,7052,3736763,12994,7558525
2021-08-31 15:00:00,5700,3827571,5914.0,3457354,945.0,286268.0,6645,4113839,6859,3743622,12559,7571084
2021-09-01 15:00:00,5559,3833130,5587.0,3462941,910.0,287178.0,6469,4120308,6497,3750119,12056,7583140
2021-09-02 15:00:00,5524,3838654,5896.0,3468837,703.0,287881.0,6227,4126535,6599,3756718,12123,7595263
2021-09-03 15:00:00,6000,3844654,6880.0,3475717,971.0,288852.0,6971,4133506,7851,3764569,13851,7609114
2021-09-04 15:00:00,3716,3848370,4333.0,3480050,879.0,289731.0,4595,4138101,5212,3769781,8928,7618042
2021-09-05 15:00:00,2956,3851326,2800.0,3482850,105.0,289836.0,3061,4141162,2905,3772686,5861,7623903
2021-09-06 15:00:00,1057,3852383,1147.0,3483997,63.0,289899.0,1120,4142282,1210,3773896,2267,7626170
2021-09-07 15:00:00,5344,3857727,7257.0,3491254,2304.0,292203.0,7648,4149930,9561,3783457,14905,7641075
2021-09-08 15:00:00,4664,3862391,5438.0,3496692,365.0,292568.0,5029,4154959,5803,3789260,10467,7651542
2021-09-09 15:00:00,5084,3867475,5355.0,3502047,324.0,292892.0,5408,4160367,5679,3794939,10763,7662305
2021-09-10 15:00:00,6545,3874020,6594.0,3508641,1716.0,294608.0,8261,4168628,8310,3803249,14855,7677160
2021-09-11 15:00:00,4167,3878187,4320.0,3512961,663.0,295271.0,4830,4173458,4983,3808232,9150,7686310
2021-09-12 15:00:00,3164,3881351,3229.0,3516190,436.0,295707.0,3600,4177058,3665,3811897,6829,7693139
2021-09-13 15:00:00,4669,3886020,4844.0,3521034,346.0,296053.0,5015,4182073,5190,3817087,9859,7702998
2021-09-14 15:00:00,4585,3890605,5190.0,3526224,434.0,296487.0,5019,4187092,5624,3822711,10209,7713207
2021-09-15 15:00:00,4849,3895454,5604.0,3531828,388.0,296875.0,5237,4192329,5992,3828703,10841,7724048
2021-09-16 15:00:00,4587,3900041,5613.0,3537441,335.0,297210.0,4922,4197251,5948,3834651,10535,7734583
2021-09-17 15:00:00,5042,3905083,6332.0,3543773,342.0,297552.0,5384,4202635,6674,3841325,11716,7746299
2021-09-18 15:00:00,3788,3908871,4559.0,3548332,185.0,297737.0,3973,4206608,4744,3846069,8532,7754831
2021-09-19 15:00:00,2742,3911613,3157.0,3551489,75.0,297812.0,2817,4209425,3232,3849301,5974,7760805
2021-09-20 15:00:00,3559,3915172,4467.0,3555956,430.0,298242.0,3989,4213414,4897,3854198,8456,7769261
2021-09-21 15:00:00,3808,3918980,4811.0,3560767,326.0,298568.0,4134,4217548,5137,3859335,8945,7778206
2021-09-22 15:00:00,4199,3923179,4750.0,3565517,459.0,299027.0,4658,4222206,5209,3864544,9408,7787614
2021-09-23 15:00:00,4183,3927362,4693.0,3570210,492.0,299519.0,4675,4226881,5185,3869729,9368,7796982
2021-09-24 15:00:00,5092,3932454,5575.0,3575785,422.0,299941.0,5514,4232395,5997,3875726,11089,7808071
2021-09-25 15:00:00,3629,3936083,3623.0,3579408,385.0,300326.0,4014,4236409,4008,3879734,7637,7815708
2021-09-26 15:00:00,2360,3938443,2657.0,3582065,423.0,300749.0,2783,4239192,3080,3882814,5440,7821148
2021-09-27 15:00:00,4517,3942960,2691.0,3584756,509.0,301258.0,5026,4244218,3200,3886014,7717,7828865
2021-09-28 15:00:00,4408,3947368,4439.0,3589195,211.0,301469.0,4619,4248837,4650,3890664,9058,7837923
2021-09-29 15:00:00,4710,3952078,4500.0,3593695,918.0,302387.0,5628,4254465,5418,3896082,10128,7848051
2021-09-30 15:00:00,4889,3956967,4555.0,3598250,792.0,303179.0,5681,4260146,5347,3901429,10236,7858287
2021-10-01 15:00:00,5480,3962447,5288.0,3603538,778.0,303957.0,6258,4266404,6066,3907495,11546,7869833
2021-10-02 15:00:00,2939,3965386,2889.0,3606427,187.0,304144.0,3126,4269530,3076,3910571,6015,7875848
2021-10-03 15:00:00,2082,3967468,2376.0,3608803,86.0,304230.0,2168,4271698,2462,3913033,4544,7880392
2021-10-04 15:00:00,4155,3971623,3371.0,3612174,233.0,304463.0,4388,4276086,3604,3916637,7759,7888151
2021-10-05 15:00:00,4059,3975682,3570.0,3615744,207.0,304670.0,4266,4280352,3777,3920414,7836,7895987
2021-10-06 15:00:00,4125,3979807,3490.0,3619234,264.0,304934.0,4389,4284741,3754,3924168,7879,7903866
2021-10-07 15:00:00,4370,3984177,3507.0,3622741,331.0,305265.0,4701,4289442,3838,3928006,8208,7912074
2021-10-08 15:00:00,4949,3989126,4122.0,3626863,283.0,305548.0,5232,4294674,4405,3932411,9354,7921428
2021-10-09 15:00:00,2687,3991813,2671.0,3629534,271.0,305819.0,2958,4297632,2942,3935353,5629,7927057
2021-10-10 15:00:00,1865,3993678,1846.0,3631380,59.0,305878.0,1924,4299556,1905,3937258,3770,7930827
2021-10-11 15:00:00,4372,3998050,3191.0,3634571,248.0,306126.0,4620,4304176,3439,3940697,7811,7938638
2021-10-12 15:00:00,3727,4001777,3403.0,3637974,270.0,306396.0,3997,4308173,3673,3944370,7400,7946038
2021-10-13 15:00:00,3983,4005760,3444.0,3641418,347.0,306743.0,4330,4312503,3791,3948161,7774,7953812
2021-10-14 15:00:00,5188,4010948,5476.0,3646894,429.0,307172.0,5617,4318120,5905,3954066,11093,7964905
2021-10-15 15:00:00,4734,4015682,4582.0,3651476,347.0,307519.0,5081,4323201,4929,3958995,9663,7974568
2021-10-16 15:00:00,2504,4018186,2502.0,3653978,291.0,307810.0,2795,4325996,2793,3961788,5297,7979865
2021-10-17 15:00:00,1810,4019996,1773.0,3655751,55.0,307865.0,1865,4327861,1828,3963616,3638,7983503
2021-10-18 15:00:00,4312,4024308,3570.0,3659321,267.0,308132.0,4579,4332440,3837,3967453,8149,7991652
2021-10-19 15:00:00,4322,4028630,4033.0,3663354,222.0,308354.0,4544,4336984,4255,3971708,8577,8000229
2021-10-20 15:00:00,3544,4032174,3424.0,3666778,254.0,308608.0,3798,4340782,3678,3975386,7222,8007451
2021-10-21 15:00:00,3312,4035486,3260.0,3670038,290.0,308898.0,3602,4344384,3550,3978936,6862,8014313
2021-10-22 15:00:00,4701,4040187,4039.0,3674077,475.0,309373.0,5176,4349560,4514,3983450,9215,8023528
2021-10-23 15:00:00,2904,4043091,2126.0,3676203,321.0,309694.0,3225,4352785,2447,3985897,5351,8028879
2021-10-24 15:00:00,2062,4045153,1559.0,3677762,78.0,309772.0,2140,4354925,1637,3987534,3699,8032578
2021-10-25 15:00:00,4552,4049705,3116.0,3680878,317.0,310089.0,4869,4359794,3433,3990967,7985,8040563
2021-10-26 15:00:00,4521,4054226,3146.0,3684024,311.0,310400.0,4832,4364626,3457,3994424,7978,8048541
2021-10-27 15:00:00,4744,4058970,3398.0,3687422,429.0,310829.0,5173,4369799,3827,3998251,8571,8057112
2021-10-28 15:00:00,4571,4063541,3433.0,3690855,495.0,311324.0,5066,4374865,3928,4002179,8499,8065611
2021-10-29 15:00:00,4982,4068523,3947.0,3694802,393.0,311717.0,5375,4380240,4340,4006519,9322,8074933
2021-10-30 15:00:00,2631,4071154,1859.0,3696661,308.0,312025.0,2939,4383179,2167,4008686,4798,8079731
2021-10-31 15:00:00,1952,4073106,1515.0,3698176,93.0,312118.0,2045,4385224,1608,4010294,3560,8083291
2021-11-01 15:00:00,4655,4077761,3479.0,3701655,339.0,312457.0,4994,4390218,3818,4014112,8473,8091764
2021-11-02 15:00:00,4253,4082014,3028.0,3704683,405.0,312862.0,4658,4394876,3433,4017545,7686,8099450
2021-11-03 15:00:00,4671,4086685,3133.0,3707816,460.0,313322.0,5131,4400007,3593,4021138,8264,8107714
2021-11-04 15:00:00,6295,4092980,3424.0,3711240,513.0,313835.0,6808,4406815,3937,4025075,10232,8117946
2021-11-05 15:00:00,8183,4101163,3842.0,3715082,407.0,314242.0,8590,4415405,4249,4029324,12432,8130378
2021-11-06 15:00:00,10059,4111222,1994.0,3717076,305.0,314547.0,10364,4425769,2299,4031623,12358,8142736
2021-11-07 15:00:00,7699,4118921,1478.0,3718554,94.0,314641.0,7793,4433562,1572,4033195,9271,8152007
2021-11-08 15:00:00,11284,4130205,3112.0,3721666,377.0,315018.0,11661,4445223,3489,4036684,14773,8166780
2021-11-09 15:00:00,11769,4141974,2715.0,3724381,268.0,315286.0,12037,4457260,2983,4039667,14752,8181532
2021-11-10 15:00:00,12561,4154535,2833.0,3727214,336.0,315622.0,12897,4470157,3169,4042836,15730,8197262
2021-11-11 15:00:00,11321,4165856,2464.0,3729678,281.0,315903.0,11602,4481759,2745,4045581,14066,8211328
2021-11-12 15:00:00,12252,4178108,3443.0,3733121,548.0,316451.0,12800,4494559,3991,4049572,16243,8227571
2021-11-13 15:00:00,9737,4187845,1606.0,3734727,341.0,316792.0,10078,4504637,1947,4051519,11684,8239255
2021-11-14 15:00:00,3915,4191760,1132.0,3735859,121.0,316913.0,4036,4508673,1253,4052772,5168,8244423
2021-11-15 15:00:00,8593,4200353,2620.0,3738479,205.0,317118.0,8798,4517471,2825,4055597,11418,8255841
2021-11-16 15:00:00,9218,4209571,2599.0,3741078,254.0,317372.0,9472,4526943,2853,4058450,12071,8267912
2021-11-17 15:00:00,9369,4218940,2961.0,3744039,312.0,317684.0,9681,4536624,3273,4061723,12642,8280554
2021-11-18 15:00:00,9268,4228208,2709.0,3746748,480.0,318164.0,9748,4546372,3189,4064912,12457,8293011
2021-11-19 15:00:00,9780,4237988,3017.0,3749765,383.0,318547.0,10163,4556535,3400,4068312,13180,8306191
2021-11-20 15:00:00,10624,4248612,1619.0,3751384,453.0,319000.0,11077,4567612,2072,4070384,12696,8318887
2021-11-21 15:00:00,4352,4252964,1207.0,3752591,99.0,319099.0,4451,4572063,1306,4071690,5658,8324545
2021-11-22 15:00:00,9769,4262733,2571.0,3755162,292.0,319391.0,10061,4582124,2863,4074553,12632,8337177
2021-11-23 15:00:00,9167,4271900,2496.0,3757658,280.0,319671.0,9447,4591571,2776,4077329,11943,8349120
2021-11-24 15:00:00,8098,4279998,2540.0,3760198,216.0,319887.0,8314,4599885,2756,4080085,10854,8359974
2021-11-25 15:00:00,238,4280236,77.0,3760275,9.0,319896.0,247,4600132,86,4080171,324,8360298
2021-11-26 15:00:00,5677,4285913,4049.0,3764324,152.0,320048.0,5829,4605961,4201,4084372,9878,8370176
2021-11-27 15:00:00,3780,4289693,5444.0,3769768,134.0,320182.0,3914,4609875,5578,4089950,9358,8379534
2021-11-28 15:00:00,2424,4292117,6360.0,3776128,77.0,320259.0,2501,4612376,6437,4096387,8861,8388395
2021-11-29 15:00:00,6362,4298479,9309.0,3785437,379.0,320638.0,6741,4619117,9688,4106075,16050,8404445
2021-11-30 15:00:00,6179,4304658,9332.0,3794769,264.0,320902.0,6443,4625560,9596,4115671,15775,8420220
2021-12-01 15:00:00,7168,4311826,9595.0,3804364,305.0,321207.0,7473,4633033,9900,4125571,17068,8437288
2021-12-02 15:00:00,6812,4318638,8745.0,3813109,447.0,321654.0,7259,4640292,9192,4134763,16004,8453292
2021-12-03 15:00:00,7442,4326080,9006.0,3822115,247.0,321901.0,7689,4647981,9253,4144016,16695,8469987
2021-12-04 15:00:00,5832,4331912,9548.0,3831663,455.0,322356.0,6287,4654268,10003,4154019,15835,8485822
2021-12-05 15:00:00,3359,4335271,3066.0,3834729,74.0,322430.0,3433,4657701,3140,4157159,6499,8492321
2021-12-06 15:00:00,6489,4341760,6924.0,3841653,266.0,322696.0,6755,4664456,7190,4164349,13679,8506000
2021-12-07 15:00:00,6134,4347894,6692.0,3848345,240.0,322936.0,6374,4670830,6932,4171281,13066,8519066
2021-12-08 15:00:00,6653,4354547,7107.0,3855452,309.0,323245.0,6962,4677792,7416,4178697,14069,8533135
2021-12-09 15:00:00,6220,4360767,6746.0,3862198,394.0,323639.0,6614,4684406,7140,4185837,13360,8546495
2021-12-10 15:00:00,6924,4367691,6990.0,3869188,226.0,323865.0,7150,4691556,7216,4193053,14140,8560635
2021-12-11 15:00:00,4270,4371961,7128.0,3876316,330.0,324195.0,4600,4696156,7458,4200511,11728,8572363
2021-12-12 15:00:00,3949,4375910,2760.0,3879076,57.0,324252.0,4006,4700162,2817,4203328,6766,8579129
2021-12-13 15:00:00,5502,4381412,5584.0,3884660,235.0,324487.0,5737,4705899,5819,4209147,11321,8590450
2021-12-14 15:00:00,6196,4387608,5769.0,3890429,203.0,324690.0,6399,4712298,5972,4215119,12168,8602618
2021-12-15 15:00:00,6808,4394416,5468.0,3895897,240.0,324930.0,7048,4719346,5708,4220827,12516,8615134
2021-12-16 15:00:00,7521,4401937,2746.0,3898643,413.0,325343.0,7934,4727280,3159,4223986,10680,8625814
2021-12-17 15:00:00,7460,4409397,3998.0,3902641,174.0,325517.0,7634,4734914,4172,4228158,11632,8637446
2021-12-18 15:00:00,5605,4415002,3069.0,3905710,294.0,325811.0,5899,4740813,3363,4231521,8968,8646414
2021-12-19 15:00:00,3292,4418294,1279.0,3906989,35.0,325846.0,3327,4744140,1314,4232835,4606,8651020
2021-12-20 15:00:00,7787,4426081,3664.0,3910653,149.0,325995.0,7936,4752076,3813,4236648,11600,8662620
2021-12-21 15:00:00,8605,4434686,4080.0,3914733,158.0,326153.0,8763,4760839,4238,4240886,12843,8675463
2021-12-22 15:00:00,8191,4442877,3716.0,3918449,169.0,326322.0,8360,4769199,3885,4244771,12076,8687539
2021-12-23 15:00:00,7933,4450810,3392.0,3921841,348.0,326670.0,8281,4777480,3740,4248511,11673,8699212
2021-12-24 15:00:00,1525,4452335,972.0,3922813,36.0,326706.0,1561,4779041,1008,4249519,2533,8701745
2021-12-25 15:00:00,42,4452377,36.0,3922849,1.0,326707.0,43,4779084,37,4249556,79,8701824
2021-12-26 15:00:00,2412,4454789,1632.0,3924481,44.0,326751.0,2456,4781540,1676,4251232,4088,8705912
2021-12-27 15:00:00,6823,4461612,3784.0,3928265,290.0,327041.0,7113,4788653,4074,4255306,10897,8716809
2021-12-28 15:00:00,7301,4468913,3528.0,3931793,150.0,327191.0,7451,4796104,3678,4258984,10979,8727788
2021-12-29 15:00:00,7579,4476492,3734.0,3935527,148.0,327339.0,7727,4803831,3882,4262866,11461,8739249
2021-12-30 15:00:00,6812,4483304,3404.0,3938931,276.0,327615.0,7088,4810919,3680,4266546,10492,8749741
2021-12-31 15:00:00,2289,4485593,1410.0,3940341,84.0,327699.0,2373,4813292,1494,4268040,3783,8753524
2022-01-01 15:00:00,562,4486155,262.0,3940603,30.0,327729.0,592,4813884,292,4268332,854,8754378
2022-01-02 15:00:00,1910,4488065,1480.0,3942083,41.0,327770.0,1951,4815835,1521,4269853,3431,8757809
2022-01-03 15:00:00,1271,4489336,941.0,3943024,189.0,327959.0,1460,4817295,1130,4270983,2401,8760210
