VACCINATION_DATE,FirstDailyDose,FirstDoseCumulative,SecondDailyDose,SecondDoseCumulative,SingleDailyDose,SingleDoseCumulative,AtleastOneVaccine,AtleastOneVaccineCumulative,CompletedVax,CompletedVaxCumulative,FirstSecondSingleVaccinations,FirstSecondSingleVaccinationsCumulative
2020-12-14 15:00:00,17,1078,,402,,,17,1078,0,402,17,1395
2020-12-15 15:00:00,54,1132,3.0,405,,,54,1132,3,405,57,1452
2020-12-16 15:00:00,579,1711,2.0,407,,,579,1711,2,407,581,2033
2020-12-17 15:00:00,1147,2858,2.0,409,,,1147,2858,2,409,1149,3182
2020-12-18 15:00:00,2996,5854,11.0,420,,,2996,5854,11,420,3007,6189
2020-12-19 15:00:00,921,6775,5.0,425,,,921,6775,5,425,926,7115
2020-12-20 15:00:00,341,7116,4.0,429,,,341,7116,4,429,345,7460
2020-12-21 15:00:00,3866,10982,24.0,453,,,3866,10982,24,453,3890,11350
2020-12-22 15:00:00,6294,17276,23.0,476,,,6294,17276,23,476,6317,17667
2020-12-23 15:00:00,5742,23018,33.0,509,,,5742,23018,33,509,5775,23442
2020-12-24 15:00:00,2718,25736,13.0,522,,,2718,25736,13,522,2731,26173
2020-12-25 15:00:00,1035,26771,3.0,525,,,1035,26771,3,525,1038,27211
2020-12-26 15:00:00,1873,28644,9.0,534,,,1873,28644,9,534,1882,29093
2020-12-27 15:00:00,1797,30441,10.0,544,,,1797,30441,10,544,1807,30900
2020-12-28 15:00:00,8961,39402,41.0,585,,,8961,39402,41,585,9002,39902
2020-12-29 15:00:00,10934,50336,44.0,629,,,10934,50336,44,629,10978,50880
2020-12-30 15:00:00,12472,62808,71.0,700,,,12472,62808,71,700,12543,63423
2020-12-31 15:00:00,7528,70336,40.0,740,,,7528,70336,40,740,7568,70991
2021-01-01 15:00:00,2783,73119,124.0,864,,,2783,73119,124,864,2907,73898
2021-01-02 15:00:00,3003,76122,34.0,898,,,3003,76122,34,898,3037,76935
2021-01-03 15:00:00,3383,79505,80.0,978,,,3383,79505,80,978,3463,80398
2021-01-04 15:00:00,13300,92805,320.0,1298,,,13300,92805,320,1298,13620,94018
2021-01-05 15:00:00,12428,105233,523.0,1821,,,12428,105233,523,1821,12951,106969
2021-01-06 15:00:00,15188,120421,846.0,2667,,,15188,120421,846,2667,16034,123003
2021-01-07 15:00:00,14968,135389,1742.0,4409,,,14968,135389,1742,4409,16710,139713
2021-01-08 15:00:00,23954,159343,2741.0,7150,,,23954,159343,2741,7150,26695,166408
2021-01-09 15:00:00,5142,164485,941.0,8091,,,5142,164485,941,8091,6083,172491
2021-01-10 15:00:00,2939,167424,371.0,8462,,,2939,167424,371,8462,3310,175801
2021-01-11 15:00:00,13684,181108,3442.0,11904,,,13684,181108,3442,11904,17126,192927
2021-01-12 15:00:00,17321,198429,5564.0,17468,,,17321,198429,5564,17468,22885,215812
2021-01-13 15:00:00,18542,216971,3876.0,21344,,,18542,216971,3876,21344,22418,238230
2021-01-14 15:00:00,17785,234756,1935.0,23279,,,17785,234756,1935,23279,19720,257950
2021-01-15 15:00:00,19392,254148,1990.0,25269,,,19392,254148,1990,25269,21382,279332
2021-01-16 15:00:00,5789,259937,1600.0,26869,,,5789,259937,1600,26869,7389,286721
2021-01-17 15:00:00,2107,262044,1472.0,28341,,,2107,262044,1472,28341,3579,290300
2021-01-18 15:00:00,7055,269099,3235.0,31576,,,7055,269099,3235,31576,10290,300590
2021-01-19 15:00:00,16890,285989,5372.0,36948,,,16890,285989,5372,36948,22262,322852
2021-01-20 15:00:00,20969,306958,5275.0,42223,,,20969,306958,5275,42223,26244,349096
2021-01-21 15:00:00,23726,330684,3782.0,46005,,,23726,330684,3782,46005,27508,376604
2021-01-22 15:00:00,28616,359300,3698.0,49703,,,28616,359300,3698,49703,32314,408918
2021-01-23 15:00:00,10084,369384,1916.0,51619,,,10084,369384,1916,51619,12000,420918
2021-01-24 15:00:00,3337,372721,1718.0,53337,,,3337,372721,1718,53337,5055,425973
2021-01-25 15:00:00,16277,388998,8562.0,61899,,,16277,388998,8562,61899,24839,450812
2021-01-26 15:00:00,17531,406529,8938.0,70837,,,17531,406529,8938,70837,26469,477281
2021-01-27 15:00:00,24418,430947,12498.0,83335,,,24418,430947,12498,83335,36916,514197
2021-01-28 15:00:00,22622,453569,9266.0,92601,,,22622,453569,9266,92601,31888,546085
2021-01-29 15:00:00,24734,478303,7859.0,100460,,,24734,478303,7859,100460,32593,578678
2021-01-30 15:00:00,17751,496054,2517.0,102977,,,17751,496054,2517,102977,20268,598946
2021-01-31 15:00:00,3747,499801,1332.0,104309,,,3747,499801,1332,104309,5079,604025
2021-02-01 15:00:00,7731,507532,5180.0,109489,,,7731,507532,5180,109489,12911,616936
2021-02-02 15:00:00,12425,519957,13760.0,123249,,,12425,519957,13760,123249,26185,643121
2021-02-03 15:00:00,18188,538145,18071.0,141320,,,18188,538145,18071,141320,36259,679380
2021-02-04 15:00:00,22045,560190,15702.0,157022,,,22045,560190,15702,157022,37747,717127
2021-02-05 15:00:00,20258,580448,17343.0,174365,,,20258,580448,17343,174365,37601,754728
2021-02-06 15:00:00,11275,591723,14430.0,188795,,,11275,591723,14430,188795,25705,780433
2021-02-07 15:00:00,5907,597630,1794.0,190589,,,5907,597630,1794,190589,7701,788134
2021-02-08 15:00:00,12927,610557,12879.0,203468,,,12927,610557,12879,203468,25806,813940
2021-02-09 15:00:00,16595,627152,13815.0,217283,,,16595,627152,13815,217283,30410,844350
2021-02-10 15:00:00,19222,646374,21170.0,238453,,,19222,646374,21170,238453,40392,884742
2021-02-11 15:00:00,22837,669211,17264.0,255717,,,22837,669211,17264,255717,40101,924843
2021-02-12 15:00:00,20332,689543,19559.0,275276,,,20332,689543,19559,275276,39891,964734
2021-02-13 15:00:00,11396,700939,6380.0,281656,,,11396,700939,6380,281656,17776,982510
2021-02-14 15:00:00,7095,708034,2104.0,283760,,,7095,708034,2104,283760,9199,991709
2021-02-15 15:00:00,11730,719764,13272.0,297032,,,11730,719764,13272,297032,25002,1016711
2021-02-16 15:00:00,16559,736323,20966.0,317998,,,16559,736323,20966,317998,37525,1054236
2021-02-17 15:00:00,20621,756944,26328.0,344326,,,20621,756944,26328,344326,46949,1101185
2021-02-18 15:00:00,3177,760121,4593.0,348919,,,3177,760121,4593,348919,7770,1108955
2021-02-19 15:00:00,10231,770352,19885.0,368804,,,10231,770352,19885,368804,30116,1139071
2021-02-20 15:00:00,10283,780635,20242.0,389046,,,10283,780635,20242,389046,30525,1169596
2021-02-21 15:00:00,6155,786790,7622.0,396668,,,6155,786790,7622,396668,13777,1183373
2021-02-22 15:00:00,8001,794791,15431.0,412099,,,8001,794791,15431,412099,23432,1206805
2021-02-23 15:00:00,15497,810288,15910.0,428009,,,15497,810288,15910,428009,31407,1238212
2021-02-24 15:00:00,17897,828185,24701.0,452710,,,17897,828185,24701,452710,42598,1280810
2021-02-25 15:00:00,20372,848557,26474.0,479184,,,20372,848557,26474,479184,46846,1327656
2021-02-26 15:00:00,26682,875239,26125.0,505309,,,26682,875239,26125,505309,52807,1380463
2021-02-27 15:00:00,15958,891197,11103.0,516412,,,15958,891197,11103,516412,27061,1407524
2021-02-28 15:00:00,15483,906680,4850.0,521262,,,15483,906680,4850,521262,20333,1427857
2021-03-01 15:00:00,26328,933008,12402.0,533664,,,26328,933008,12402,533664,38730,1466587
2021-03-02 15:00:00,23812,956820,13212.0,546876,32.0,32.0,23844,956852,13244,546908,37056,1503643
2021-03-03 15:00:00,30066,986886,18335.0,565211,181.0,213.0,30247,987099,18516,565424,48582,1552225
2021-03-04 15:00:00,30921,1017807,18124.0,583335,4065.0,4278.0,34986,1022085,22189,587613,53110,1605335
2021-03-05 15:00:00,29388,1047195,19402.0,602737,4911.0,9189.0,34299,1056384,24313,611926,53701,1659036
2021-03-06 15:00:00,17819,1065014,8939.0,611676,6003.0,15192.0,23822,1080206,14942,626868,32761,1691797
2021-03-07 15:00:00,12098,1077112,4821.0,616497,6612.0,21804.0,18710,1098916,11433,638301,23531,1715328
2021-03-08 15:00:00,25805,1102917,8779.0,625276,8276.0,30080.0,34081,1132997,17055,655356,42860,1758188
2021-03-09 15:00:00,26056,1128973,15390.0,640666,8344.0,38424.0,34400,1167397,23734,679090,49790,1807978
2021-03-10 15:00:00,29789,1158762,15919.0,656585,7932.0,46356.0,37721,1205118,23851,702941,53640,1861618
2021-03-11 15:00:00,35899,1194661,16381.0,672966,3980.0,50336.0,39879,1244997,20361,723302,56260,1917878
2021-03-12 15:00:00,36853,1231514,18008.0,690974,2920.0,53256.0,39773,1284770,20928,744230,57781,1975659
2021-03-13 15:00:00,22635,1254149,10239.0,701213,1606.0,54862.0,24241,1309011,11845,756075,34480,2010139
2021-03-14 15:00:00,17826,1271975,6674.0,707887,999.0,55861.0,18825,1327836,7673,763748,25499,2035638
2021-03-15 15:00:00,29743,1301718,11229.0,719116,593.0,56454.0,30336,1358172,11822,775570,41565,2077203
2021-03-16 15:00:00,33369,1335087,13507.0,732623,765.0,57219.0,34134,1392306,14272,789842,47641,2124844
2021-03-17 15:00:00,37513,1372600,16967.0,749590,1175.0,58394.0,38688,1430994,18142,807984,55655,2180499
2021-03-18 15:00:00,41347,1413947,12559.0,762149,1348.0,59742.0,42695,1473689,13907,821891,55254,2235753
2021-03-19 15:00:00,38246,1452193,15348.0,777497,1036.0,60778.0,39282,1512971,16384,838275,54630,2290383
2021-03-20 15:00:00,24641,1476834,10083.0,787580,698.0,61476.0,25339,1538310,10781,849056,35422,2325805
2021-03-21 15:00:00,19136,1495970,7825.0,795405,333.0,61809.0,19469,1557779,8158,857214,27294,2353099
2021-03-22 15:00:00,32512,1528482,11412.0,806817,834.0,62643.0,33346,1591125,12246,869460,44758,2397857
2021-03-23 15:00:00,37714,1566196,17281.0,824098,1552.0,64195.0,39266,1630391,18833,888293,56547,2454404
2021-03-24 15:00:00,41020,1607216,21117.0,845215,1379.0,65574.0,42399,1672790,22496,910789,63516,2517920
2021-03-25 15:00:00,42290,1649506,20962.0,866177,2455.0,68029.0,44745,1717535,23417,934206,65707,2583627
2021-03-26 15:00:00,36552,1686058,26214.0,892391,2499.0,70528.0,39051,1756586,28713,962919,65265,2648892
2021-03-27 15:00:00,26898,1712956,16741.0,909132,2481.0,73009.0,29379,1785965,19222,982141,46120,2695012
2021-03-28 15:00:00,17001,1729957,12596.0,921728,1614.0,74623.0,18615,1804580,14210,996351,31211,2726223
2021-03-29 15:00:00,29675,1759632,26182.0,947910,1138.0,75761.0,30813,1835393,27320,1023671,56995,2783218
2021-03-30 15:00:00,39986,1799618,28886.0,976796,1855.0,77616.0,41841,1877234,30741,1054412,70727,2853945
2021-03-31 15:00:00,40989,1840607,34548.0,1011344,5745.0,83361.0,46734,1923968,40293,1094705,81282,2935227
2021-04-01 15:00:00,40909,1881516,39770.0,1051114,5637.0,88998.0,46546,1970514,45407,1140112,86316,3021543
2021-04-02 15:00:00,34927,1916443,32450.0,1083564,6111.0,95109.0,41038,2011552,38561,1178673,73488,3095031
2021-04-03 15:00:00,21593,1938036,18642.0,1102206,4363.0,99472.0,25956,2037508,23005,1201678,44598,3139629
2021-04-04 15:00:00,8229,1946265,10158.0,1112364,961.0,100433.0,9190,2046698,11119,1212797,19348,3158977
2021-04-05 15:00:00,27860,1974125,28809.0,1141173,6647.0,107080.0,34507,2081205,35456,1248253,63316,3222293
2021-04-06 15:00:00,39702,2013827,30357.0,1171530,10484.0,117564.0,50186,2131391,40841,1289094,80543,3302836
2021-04-07 15:00:00,35987,2049814,34138.0,1205668,12965.0,130529.0,48952,2180343,47103,1336197,83090,3385926
2021-04-08 15:00:00,42246,2092060,35951.0,1241619,13848.0,144377.0,56094,2236437,49799,1385996,92045,3477971
2021-04-09 15:00:00,33972,2126032,36233.0,1277852,14517.0,158894.0,48489,2284926,50750,1436746,84722,3562693
2021-04-10 15:00:00,23415,2149447,23071.0,1300923,7618.0,166512.0,31033,2315959,30689,1467435,54104,3616797
2021-04-11 15:00:00,17546,2166993,13246.0,1314169,10120.0,176632.0,27666,2343625,23366,1490801,40912,3657709
2021-04-12 15:00:00,24548,2191541,33096.0,1347265,10889.0,187521.0,35437,2379062,43985,1534786,68533,3726242
2021-04-13 15:00:00,126742,2318283,90528.0,1437793,3292.0,190813.0,130034,2509096,93820,1628606,220562,3946804
2021-04-14 15:00:00,40662,2358945,37708.0,1475501,211.0,191024.0,40873,2549969,37919,1666525,78581,4025385
2021-04-15 15:00:00,41656,2400601,39092.0,1514593,173.0,191197.0,41829,2591798,39265,1705790,80921,4106306
2021-04-16 15:00:00,37170,2437771,38670.0,1553263,23.0,191220.0,37193,2628991,38693,1744483,75863,4182169
2021-04-17 15:00:00,32755,2470526,21953.0,1575216,12.0,191232.0,32767,2661758,21965,1766448,54720,4236889
2021-04-18 15:00:00,20056,2490582,16162.0,1591378,5.0,191237.0,20061,2681819,16167,1782615,36223,4273112
2021-04-19 15:00:00,29864,2520446,36449.0,1627827,61.0,191298.0,29925,2711744,36510,1819125,66374,4339486
2021-04-20 15:00:00,33074,2553520,44132.0,1671959,55.0,191353.0,33129,2744873,44187,1863312,77261,4416747
2021-04-21 15:00:00,39770,2593290,46870.0,1718829,22.0,191375.0,39792,2784665,46892,1910204,86662,4503409
2021-04-22 15:00:00,36363,2629653,41934.0,1760763,16.0,191391.0,36379,2821044,41950,1952154,78313,4581722
2021-04-23 15:00:00,33073,2662726,39950.0,1800713,13.0,191404.0,33086,2854130,39963,1992117,73036,4654758
2021-04-24 15:00:00,26386,2689112,27797.0,1828510,80.0,191484.0,26466,2880596,27877,2019994,54263,4709021
2021-04-25 15:00:00,20214,2709326,10913.0,1839423,30.0,191514.0,20244,2900840,10943,2030937,31157,4740178
2021-04-26 15:00:00,27398,2736724,32586.0,1872009,202.0,191716.0,27600,2928440,32788,2063725,60186,4800364
2021-04-27 15:00:00,26687,2763411,32923.0,1904932,1096.0,192812.0,27783,2956223,34019,2097744,60706,4861070
2021-04-28 15:00:00,28905,2792316,39403.0,1944335,1362.0,194174.0,30267,2986490,40765,2138509,69670,4930740
2021-04-29 15:00:00,27291,2819607,39343.0,1983678,1463.0,195637.0,28754,3015244,40806,2179315,68097,4998837
2021-04-30 15:00:00,28162,2847769,32098.0,2015776,1644.0,197281.0,29806,3045050,33742,2213057,61904,5060741
2021-05-01 15:00:00,20452,2868221,26391.0,2042167,1030.0,198311.0,21482,3066532,27421,2240478,47873,5108614
2021-05-02 15:00:00,10270,2878491,16994.0,2059161,819.0,199130.0,11089,3077621,17813,2258291,28083,5136697
2021-05-03 15:00:00,12723,2891214,28383.0,2087544,1909.0,201039.0,14632,3092253,30292,2288583,43015,5179712
2021-05-04 15:00:00,13520,2904734,38379.0,2125923,1733.0,202772.0,15253,3107506,40112,2328695,53632,5233344
2021-05-05 15:00:00,19319,2924053,37631.0,2163554,1920.0,204692.0,21239,3128745,39551,2368246,58870,5292214
2021-05-06 15:00:00,16921,2940974,40486.0,2204040,1717.0,206409.0,18638,3147383,42203,2410449,59124,5351338
2021-05-07 15:00:00,17385,2958359,35962.0,2240002,1954.0,208363.0,19339,3166722,37916,2448365,55301,5406639
2021-05-08 15:00:00,10782,2969141,31148.0,2271150,1291.0,209654.0,12073,3178795,32439,2480804,43221,5449860
2021-05-09 15:00:00,5051,2974192,11890.0,2283040,696.0,210350.0,5747,3184542,12586,2493390,17637,5467497
2021-05-10 15:00:00,8946,2983138,30963.0,2314003,1356.0,211706.0,10302,3194844,32319,2525709,41265,5508762
2021-05-11 15:00:00,12188,2995326,30208.0,2344211,1436.0,213142.0,13624,3208468,31644,2557353,43832,5552594
2021-05-12 15:00:00,13943,3009269,38522.0,2382733,1916.0,215058.0,15859,3224327,40438,2597791,54381,5606975
2021-05-13 15:00:00,21828,3031097,33380.0,2416113,1346.0,216404.0,23174,3247501,34726,2632517,56554,5663529
2021-05-14 15:00:00,24323,3055420,29926.0,2446039,1770.0,218174.0,26093,3273594,31696,2664213,56019,5719548
2021-05-15 15:00:00,21876,3077296,25027.0,2471066,1489.0,219663.0,23365,3296959,26516,2690729,48392,5767940
2021-05-16 15:00:00,9073,3086369,17527.0,2488593,1112.0,220775.0,10185,3307144,18639,2709368,27712,5795652
2021-05-17 15:00:00,16826,3103195,28287.0,2516880,1949.0,222724.0,18775,3325919,30236,2739604,47062,5842714
2021-05-18 15:00:00,21241,3124436,30615.0,2547495,1941.0,224665.0,23182,3349101,32556,2772160,53797,5896511
2021-05-19 15:00:00,27583,3152019,32334.0,2579829,1625.0,226290.0,29208,3378309,33959,2806119,61542,5958053
2021-05-20 15:00:00,20773,3172792,33154.0,2612983,1963.0,228253.0,22736,3401045,35117,2841236,55890,6013943
2021-05-21 15:00:00,19132,3191924,30204.0,2643187,1607.0,229860.0,20739,3421784,31811,2873047,50943,6064886
2021-05-22 15:00:00,16901,3208825,20631.0,2663818,1269.0,231129.0,18170,3439954,21900,2894947,38801,6103687
2021-05-23 15:00:00,8749,3217574,11419.0,2675237,964.0,232093.0,9713,3449667,12383,2907330,21132,6124819
2021-05-24 15:00:00,13560,3231134,17709.0,2692946,1475.0,233568.0,15035,3464702,19184,2926514,32744,6157563
2021-05-25 15:00:00,13001,3244135,18624.0,2711570,1327.0,234895.0,14328,3479030,19951,2946465,32952,6190515
2021-05-26 15:00:00,18263,3262398,19410.0,2730980,1510.0,236405.0,19773,3498803,20920,2967385,39183,6229698
2021-05-27 15:00:00,11677,3274075,18607.0,2749587,1115.0,237520.0,12792,3511595,19722,2987107,31399,6261097
2021-05-28 15:00:00,12505,3286580,19695.0,2769282,1397.0,238917.0,13902,3525497,21092,3008199,33597,6294694
2021-05-29 15:00:00,9548,3296128,11615.0,2780897,934.0,239851.0,10482,3535979,12549,3020748,22097,6316791
2021-05-30 15:00:00,4967,3301095,6412.0,2787309,597.0,240448.0,5564,3541543,7009,3027757,11976,6328767
2021-05-31 15:00:00,1776,3302871,3702.0,2791011,305.0,240753.0,2081,3543624,4007,3031764,5783,6334550
2021-06-01 15:00:00,9775,3312646,16274.0,2807285,1150.0,241903.0,10925,3554549,17424,3049188,27199,6361749
2021-06-02 15:00:00,10220,3322866,16764.0,2824049,959.0,242862.0,11179,3565728,17723,3066911,27943,6389692
2021-06-03 15:00:00,7891,3330757,21130.0,2845179,1085.0,243947.0,8976,3574704,22215,3089126,30106,6419798
2021-06-04 15:00:00,8213,3338970,22224.0,2867403,1121.0,245068.0,9334,3584038,23345,3112471,31558,6451356
2021-06-05 15:00:00,7009,3345979,19397.0,2886800,719.0,245787.0,7728,3591766,20116,3132587,27125,6478481
2021-06-06 15:00:00,3463,3349442,7209.0,2894009,422.0,246209.0,3885,3595651,7631,3140218,11094,6489575
2021-06-07 15:00:00,6847,3356289,15719.0,2909728,725.0,246934.0,7572,3603223,16444,3156662,23291,6512866
2021-06-08 15:00:00,6668,3362957,19647.0,2929375,819.0,247753.0,7487,3610710,20466,3177128,27134,6540000
2021-06-09 15:00:00,8195,3371152,23887.0,2953262,968.0,248721.0,9163,3619873,24855,3201983,33050,6573050
2021-06-10 15:00:00,7158,3378310,19064.0,2972326,893.0,249614.0,8051,3627924,19957,3221940,27115,6600165
2021-06-11 15:00:00,7464,3385774,17678.0,2990004,1125.0,250739.0,8589,3636513,18803,3240743,26267,6626432
2021-06-12 15:00:00,5233,3391007,14710.0,3004714,604.0,251343.0,5837,3642350,15314,3256057,20547,6646979
2021-06-13 15:00:00,1932,3392939,7550.0,3012264,425.0,251768.0,2357,3644707,7975,3264032,9907,6656886
2021-06-14 15:00:00,5655,3398594,11796.0,3024060,728.0,252496.0,6383,3651090,12524,3276556,18179,6675065
2021-06-15 15:00:00,5645,3404239,14278.0,3038338,870.0,253366.0,6515,3657605,15148,3291704,20793,6695858
2021-06-16 15:00:00,8752,3412991,21534.0,3059872,757.0,254123.0,9509,3667114,22291,3313995,31043,6726901
2021-06-17 15:00:00,6677,3419668,12325.0,3072197,717.0,254840.0,7394,3674508,13042,3327037,19719,6746620
2021-06-18 15:00:00,6832,3426500,12691.0,3084888,703.0,255543.0,7535,3682043,13394,3340431,20226,6766846
2021-06-19 15:00:00,4658,3431158,9348.0,3094236,614.0,256157.0,5272,3687315,9962,3350393,14620,6781466
2021-06-20 15:00:00,2500,3433658,5034.0,3099270,378.0,256535.0,2878,3690193,5412,3355805,7912,6789378
2021-06-21 15:00:00,5547,3439205,5312.0,3104582,636.0,257171.0,6183,3696376,5948,3361753,11495,6800873
2021-06-22 15:00:00,5190,3444395,8837.0,3113419,681.0,257852.0,5871,3702247,9518,3371271,14708,6815581
2021-06-23 15:00:00,6057,3450452,10286.0,3123705,644.0,258496.0,6701,3708948,10930,3382201,16987,6832568
2021-06-24 15:00:00,5925,3456377,8177.0,3131882,593.0,259089.0,6518,3715466,8770,3390971,14695,6847263
2021-06-25 15:00:00,5824,3462201,8611.0,3140493,619.0,259708.0,6443,3721909,9230,3400201,15054,6862317
2021-06-26 15:00:00,3701,3465902,6286.0,3146779,396.0,260104.0,4097,3726006,6682,3406883,10383,6872700
2021-06-27 15:00:00,2805,3468707,3508.0,3150287,184.0,260288.0,2989,3728995,3692,3410575,6497,6879197
2021-06-28 15:00:00,4728,3473435,6079.0,3156366,521.0,260809.0,5249,3734244,6600,3417175,11328,6890525
2021-06-29 15:00:00,5061,3478496,6431.0,3162797,517.0,261326.0,5578,3739822,6948,3424123,12009,6902534
2021-06-30 15:00:00,5600,3484096,7358.0,3170155,602.0,261928.0,6202,3746024,7960,3432083,13560,6916094
2021-07-01 15:00:00,5334,3489430,6906.0,3177061,491.0,262419.0,5825,3751849,7397,3439480,12731,6928825
2021-07-02 15:00:00,5282,3494712,6801.0,3183862,519.0,262938.0,5801,3757650,7320,3446800,12602,6941427
2021-07-03 15:00:00,3259,3497971,4047.0,3187909,260.0,263198.0,3519,3761169,4307,3451107,7566,6948993
2021-07-04 15:00:00,493,3498464,542.0,3188451,66.0,263264.0,559,3761728,608,3451715,1101,6950094
2021-07-05 15:00:00,3751,3502215,3943.0,3192394,282.0,263546.0,4033,3765761,4225,3455940,7976,6958070
2021-07-06 15:00:00,4480,3506695,6220.0,3198614,451.0,263997.0,4931,3770692,6671,3462611,11151,6969221
2021-07-07 15:00:00,4454,3511149,6371.0,3204985,482.0,264479.0,4936,3775628,6853,3469464,11307,6980528
2021-07-08 15:00:00,4829,3515978,6123.0,3211108,563.0,265042.0,5392,3781020,6686,3476150,11515,6992043
2021-07-09 15:00:00,5342,3521320,6620.0,3217728,571.0,265613.0,5913,3786933,7191,3483341,12533,7004576
2021-07-10 15:00:00,3519,3524839,4375.0,3222103,301.0,265914.0,3820,3790753,4676,3488017,8195,7012771
2021-07-11 15:00:00,2669,3527508,2554.0,3224657,222.0,266136.0,2891,3793644,2776,3490793,5445,7018216
2021-07-12 15:00:00,4410,3531918,5087.0,3229744,377.0,266513.0,4787,3798431,5464,3496257,9874,7028090
2021-07-13 15:00:00,4746,3536664,4584.0,3234328,365.0,266878.0,5111,3803542,4949,3501206,9695,7037785
2021-07-14 15:00:00,4601,3541265,5243.0,3239571,422.0,267300.0,5023,3808565,5665,3506871,10266,7048051
2021-07-15 15:00:00,4872,3546137,4972.0,3244543,356.0,267656.0,5228,3813793,5328,3512199,10200,7058251
2021-07-16 15:00:00,6272,3552409,5799.0,3250342,401.0,268057.0,6673,3820466,6200,3518399,12472,7070723
2021-07-17 15:00:00,3403,3555812,3537.0,3253879,300.0,268357.0,3703,3824169,3837,3522236,7240,7077963
2021-07-18 15:00:00,2300,3558112,2366.0,3256245,110.0,268467.0,2410,3826579,2476,3524712,4776,7082739
2021-07-19 15:00:00,5246,3563358,4463.0,3260708,377.0,268844.0,5623,3832202,4840,3529552,10086,7092825
2021-07-20 15:00:00,5328,3568686,4680.0,3265388,366.0,269210.0,5694,3837896,5046,3534598,10374,7103199
2021-07-21 15:00:00,5629,3574315,4902.0,3270290,415.0,269625.0,6044,3843940,5317,3539915,10946,7114145
2021-07-22 15:00:00,6012,3580327,4596.0,3274886,469.0,270094.0,6481,3850421,5065,3544980,11077,7125222
2021-07-23 15:00:00,6823,3587150,4812.0,3279698,489.0,270583.0,7312,3857733,5301,3550281,12124,7137346
2021-07-24 15:00:00,4275,3591425,3189.0,3282887,267.0,270850.0,4542,3862275,3456,3553737,7731,7145077
2021-07-25 15:00:00,3289,3594714,1109.0,3283996,138.0,270988.0,3427,3865702,1247,3554984,4536,7149613
2021-07-26 15:00:00,6196,3600910,3875.0,3287871,414.0,271402.0,6610,3872312,4289,3559273,10485,7160098
2021-07-27 15:00:00,6341,3607251,4041.0,3291912,453.0,271855.0,6794,3879106,4494,3563767,10835,7170933
2021-07-28 15:00:00,6798,3614049,3992.0,3295904,458.0,272313.0,7256,3886362,4450,3568217,11248,7182181
2021-07-29 15:00:00,6804,3620853,4129.0,3300033,416.0,272729.0,7220,3893582,4545,3572762,11349,7193530
2021-07-30 15:00:00,7525,3628378,4500.0,3304533,521.0,273250.0,8046,3901628,5021,3577783,12546,7206076
2021-07-31 15:00:00,4777,3633155,3033.0,3307566,272.0,273522.0,5049,3906677,3305,3581088,8082,7214158
2021-08-01 15:00:00,3812,3636967,2105.0,3309671,158.0,273680.0,3970,3910647,2263,3583351,6075,7220233
2021-08-02 15:00:00,7014,3643981,3627.0,3313298,335.0,274015.0,7349,3917996,3962,3587313,10976,7231209
2021-08-03 15:00:00,6998,3650979,3888.0,3317186,510.0,274525.0,7508,3925504,4398,3591711,11396,7242605
2021-08-04 15:00:00,7157,3658136,3884.0,3321070,528.0,275053.0,7685,3933189,4412,3596123,11569,7254174
2021-08-05 15:00:00,7665,3665801,4103.0,3325173,535.0,275588.0,8200,3941389,4638,3600761,12303,7266477
2021-08-06 15:00:00,8284,3674085,4678.0,3329851,451.0,276039.0,8735,3950124,5129,3605890,13413,7279890
2021-08-07 15:00:00,5247,3679332,2792.0,3332643,264.0,276303.0,5511,3955635,3056,3608946,8303,7288193
2021-08-08 15:00:00,3947,3683279,2036.0,3334679,141.0,276444.0,4088,3959723,2177,3611123,6124,7294317
2021-08-09 15:00:00,6913,3690192,4499.0,3339178,364.0,276808.0,7277,3967000,4863,3615986,11776,7306093
2021-08-10 15:00:00,7118,3697310,4430.0,3343608,337.0,277145.0,7455,3974455,4767,3620753,11885,7317978
2021-08-11 15:00:00,7027,3704337,4415.0,3348023,438.0,277583.0,7465,3981920,4853,3625606,11880,7329858
2021-08-12 15:00:00,8569,3712906,4709.0,3352732,441.0,278024.0,9010,3990930,5150,3630756,13719,7343577
2021-08-13 15:00:00,7111,3720017,5328.0,3358060,392.0,278416.0,7503,3998433,5720,3636476,12831,7356408
2021-08-14 15:00:00,4912,3724929,3330.0,3361390,285.0,278701.0,5197,4003630,3615,3640091,8527,7364935
2021-08-15 15:00:00,3318,3728247,2723.0,3364113,163.0,278864.0,3481,4007111,2886,3642977,6204,7371139
2021-08-16 15:00:00,5422,3733669,5065.0,3369178,350.0,279214.0,5772,4012883,5415,3648392,10837,7381976
2021-08-17 15:00:00,6948,3740617,5167.0,3374345,387.0,279601.0,7335,4020218,5554,3653946,12502,7394478
2021-08-18 15:00:00,6504,3747121,5279.0,3379624,476.0,280077.0,6980,4027198,5755,3659701,12259,7406737
2021-08-19 15:00:00,5979,3753100,5306.0,3384930,415.0,280492.0,6394,4033592,5721,3665422,11700,7418437
2021-08-20 15:00:00,7027,3760127,6304.0,3391234,402.0,280894.0,7429,4041021,6706,3672128,13733,7432170
2021-08-21 15:00:00,4311,3764438,3901.0,3395135,225.0,281119.0,4536,4045557,4126,3676254,8437,7440607
2021-08-22 15:00:00,3060,3767498,3154.0,3398289,109.0,281228.0,3169,4048726,3263,3679517,6323,7446930
2021-08-23 15:00:00,6158,3773656,5906.0,3404195,285.0,281513.0,6443,4055169,6191,3685708,12349,7459279
2021-08-24 15:00:00,6635,3780291,5859.0,3410054,424.0,281937.0,7059,4062228,6283,3691991,12918,7472197
2021-08-25 15:00:00,6888,3787179,5995.0,3416049,439.0,282376.0,7327,4069555,6434,3698425,13322,7485519
2021-08-26 15:00:00,7172,3794351,6412.0,3422461,428.0,282804.0,7600,4077155,6840,3705265,14012,7499531
2021-08-27 15:00:00,6856,3801207,7006.0,3429467,316.0,283120.0,7172,4084327,7322,3712587,14178,7513709
2021-08-28 15:00:00,6899,3808106,6480.0,3435947,326.0,283446.0,7225,4091552,6806,3719393,13705,7527414
2021-08-29 15:00:00,3738,3811844,3674.0,3439621,611.0,284057.0,4349,4095901,4285,3723678,8023,7535437
2021-08-30 15:00:00,5945,3817789,6078.0,3445699,960.0,285017.0,6905,4102806,7038,3730716,12983,7548420
2021-08-31 15:00:00,5692,3823481,5908.0,3451607,945.0,285962.0,6637,4109443,6853,3737569,12545,7560965
2021-09-01 15:00:00,5541,3829022,5567.0,3457174,906.0,286868.0,6447,4115890,6473,3744042,12014,7572979
2021-09-02 15:00:00,5526,3834548,5881.0,3463055,702.0,287570.0,6228,4122118,6583,3750625,12109,7585088
2021-09-03 15:00:00,5993,3840541,6872.0,3469927,971.0,288541.0,6964,4129082,7843,3758468,13836,7598924
2021-09-04 15:00:00,3712,3844253,4318.0,3474245,877.0,289418.0,4589,4133671,5195,3763663,8907,7607831
2021-09-05 15:00:00,2949,3847202,2796.0,3477041,105.0,289523.0,3054,4136725,2901,3766564,5850,7613681
2021-09-06 15:00:00,1052,3848254,1139.0,3478180,62.0,289585.0,1114,4137839,1201,3767765,2253,7615934
2021-09-07 15:00:00,5343,3853597,7242.0,3485422,2304.0,291889.0,7647,4145486,9546,3777311,14889,7630823
2021-09-08 15:00:00,4660,3858257,5431.0,3490853,364.0,292253.0,5024,4150510,5795,3783106,10455,7641278
2021-09-09 15:00:00,5072,3863329,5347.0,3496200,324.0,292577.0,5396,4155906,5671,3788777,10743,7652021
2021-09-10 15:00:00,6537,3869866,6581.0,3502781,1716.0,294293.0,8253,4164159,8297,3797074,14834,7666855
2021-09-11 15:00:00,4164,3874030,4313.0,3507094,663.0,294956.0,4827,4168986,4976,3802050,9140,7675995
2021-09-12 15:00:00,3155,3877185,3227.0,3510321,436.0,295392.0,3591,4172577,3663,3805713,6818,7682813
2021-09-13 15:00:00,4662,3881847,4831.0,3515152,345.0,295737.0,5007,4177584,5176,3810889,9838,7692651
2021-09-14 15:00:00,4577,3886424,5181.0,3520333,435.0,296172.0,5012,4182596,5616,3816505,10193,7702844
2021-09-15 15:00:00,4851,3891275,5585.0,3525918,387.0,296559.0,5238,4187834,5972,3822477,10823,7713667
2021-09-16 15:00:00,4585,3895860,5598.0,3531516,332.0,296891.0,4917,4192751,5930,3828407,10515,7724182
2021-09-17 15:00:00,5040,3900900,6323.0,3537839,341.0,297232.0,5381,4198132,6664,3835071,11704,7735886
2021-09-18 15:00:00,3773,3904673,4554.0,3542393,185.0,297417.0,3958,4202090,4739,3839810,8512,7744398
2021-09-19 15:00:00,2744,3907417,3153.0,3545546,75.0,297492.0,2819,4204909,3228,3843038,5972,7750370
2021-09-20 15:00:00,3543,3910960,4458.0,3550004,427.0,297919.0,3970,4208879,4885,3847923,8428,7758798
2021-09-21 15:00:00,3789,3914749,4804.0,3554808,325.0,298244.0,4114,4212993,5129,3853052,8918,7767716
2021-09-22 15:00:00,4190,3918939,4740.0,3559548,459.0,298703.0,4649,4217642,5199,3858251,9389,7777105
2021-09-23 15:00:00,4178,3923117,4686.0,3564234,490.0,299193.0,4668,4222310,5176,3863427,9354,7786459
2021-09-24 15:00:00,5067,3928184,5571.0,3569805,422.0,299615.0,5489,4227799,5993,3869420,11060,7797519
2021-09-25 15:00:00,3622,3931806,3623.0,3573428,385.0,300000.0,4007,4231806,4008,3873428,7630,7805149
2021-09-26 15:00:00,2353,3934159,2654.0,3576082,421.0,300421.0,2774,4234580,3075,3876503,5428,7810577
2021-09-27 15:00:00,4505,3938664,2680.0,3578762,508.0,300929.0,5013,4239593,3188,3879691,7693,7818270
2021-09-28 15:00:00,4402,3943066,4431.0,3583193,211.0,301140.0,4613,4244206,4642,3884333,9044,7827314
2021-09-29 15:00:00,4698,3947764,4485.0,3587678,918.0,302058.0,5616,4249822,5403,3889736,10101,7837415
2021-09-30 15:00:00,4887,3952651,4548.0,3592226,791.0,302849.0,5678,4255500,5339,3895075,10226,7847641
2021-10-01 15:00:00,5437,3958088,5272.0,3597498,778.0,303627.0,6215,4261715,6050,3901125,11487,7859128
2021-10-02 15:00:00,2936,3961024,2884.0,3600382,187.0,303814.0,3123,4264838,3071,3904196,6007,7865135
2021-10-03 15:00:00,2075,3963099,2373.0,3602755,86.0,303900.0,2161,4266999,2459,3906655,4534,7869669
2021-10-04 15:00:00,4144,3967243,3360.0,3606115,233.0,304133.0,4377,4271376,3593,3910248,7737,7877406
2021-10-05 15:00:00,4056,3971299,3563.0,3609678,204.0,304337.0,4260,4275636,3767,3914015,7823,7885229
2021-10-06 15:00:00,4116,3975415,3482.0,3613160,264.0,304601.0,4380,4280016,3746,3917761,7862,7893091
2021-10-07 15:00:00,4354,3979769,3490.0,3616650,330.0,304931.0,4684,4284700,3820,3921581,8174,7901265
2021-10-08 15:00:00,4934,3984703,4107.0,3620757,281.0,305212.0,5215,4289915,4388,3925969,9322,7910587
2021-10-09 15:00:00,2681,3987384,2666.0,3623423,270.0,305482.0,2951,4292866,2936,3928905,5617,7916204
2021-10-10 15:00:00,1863,3989247,1840.0,3625263,59.0,305541.0,1922,4294788,1899,3930804,3762,7919966
2021-10-11 15:00:00,4359,3993606,3185.0,3628448,248.0,305789.0,4607,4299395,3433,3934237,7792,7927758
2021-10-12 15:00:00,3731,3997337,3386.0,3631834,269.0,306058.0,4000,4303395,3655,3937892,7386,7935144
2021-10-13 15:00:00,3970,4001307,3430.0,3635264,347.0,306405.0,4317,4307712,3777,3941669,7747,7942891
2021-10-14 15:00:00,5159,4006466,5441.0,3640705,428.0,306833.0,5587,4313299,5869,3947538,11028,7953919
2021-10-15 15:00:00,4723,4011189,4552.0,3645257,347.0,307180.0,5070,4318369,4899,3952437,9622,7963541
2021-10-16 15:00:00,2499,4013688,2490.0,3647747,289.0,307469.0,2788,4321157,2779,3955216,5278,7968819
2021-10-17 15:00:00,1807,4015495,1772.0,3649519,55.0,307524.0,1862,4323019,1827,3957043,3634,7972453
2021-10-18 15:00:00,4294,4019789,3558.0,3653077,266.0,307790.0,4560,4327579,3824,3960867,8118,7980571
2021-10-19 15:00:00,4308,4024097,4012.0,3657089,222.0,308012.0,4530,4332109,4234,3965101,8542,7989113
2021-10-20 15:00:00,3527,4027624,3414.0,3660503,254.0,308266.0,3781,4335890,3668,3968769,7195,7996308
2021-10-21 15:00:00,3303,4030927,3244.0,3663747,290.0,308556.0,3593,4339483,3534,3972303,6837,8003145
2021-10-22 15:00:00,4698,4035625,4022.0,3667769,475.0,309031.0,5173,4344656,4497,3976800,9195,8012340
2021-10-23 15:00:00,2903,4038528,2123.0,3669892,321.0,309352.0,3224,4347880,2444,3979244,5347,8017687
2021-10-24 15:00:00,2062,4040590,1553.0,3671445,77.0,309429.0,2139,4350019,1630,3980874,3692,8021379
2021-10-25 15:00:00,4549,4045139,3088.0,3674533,316.0,309745.0,4865,4354884,3404,3984278,7953,8029332
2021-10-26 15:00:00,4514,4049653,3132.0,3677665,308.0,310053.0,4822,4359706,3440,3987718,7954,8037286
2021-10-27 15:00:00,4738,4054391,3366.0,3681031,428.0,310481.0,5166,4364872,3794,3991512,8532,8045818
2021-10-28 15:00:00,4551,4058942,3393.0,3684424,495.0,310976.0,5046,4369918,3888,3995400,8439,8054257
2021-10-29 15:00:00,4970,4063912,3901.0,3688325,391.0,311367.0,5361,4375279,4292,3999692,9262,8063519
2021-10-30 15:00:00,2632,4066544,1854.0,3690179,308.0,311675.0,2940,4378219,2162,4001854,4794,8068313
2021-10-31 15:00:00,1947,4068491,1502.0,3691681,94.0,311769.0,2041,4380260,1596,4003450,3543,8071856
2021-11-01 15:00:00,4630,4073121,3460.0,3695141,337.0,312106.0,4967,4385227,3797,4007247,8427,8080283
2021-11-02 15:00:00,4245,4077366,3014.0,3698155,404.0,312510.0,4649,4389876,3418,4010665,7663,8087946
2021-11-03 15:00:00,4613,4081979,3118.0,3701273,457.0,312967.0,5070,4394946,3575,4014240,8188,8096134
2021-11-04 15:00:00,6020,4087999,3396.0,3704669,513.0,313480.0,6533,4401479,3909,4018149,9929,8106063
2021-11-05 15:00:00,7850,4095849,3830.0,3708499,407.0,313887.0,8257,4409736,4237,4022386,12087,8118150
2021-11-06 15:00:00,10002,4105851,1973.0,3710472,305.0,314192.0,10307,4420043,2278,4024664,12280,8130430
2021-11-07 15:00:00,7491,4113342,1405.0,3711877,94.0,314286.0,7585,4427628,1499,4026163,8990,8139420
2021-11-08 15:00:00,11161,4124503,3082.0,3714959,375.0,314661.0,11536,4439164,3457,4029620,14618,8154038
2021-11-09 15:00:00,11529,4136032,2682.0,3717641,261.0,314922.0,11790,4450954,2943,4032563,14472,8168510
2021-11-10 15:00:00,12293,4148325,2813.0,3720454,335.0,315257.0,12628,4463582,3148,4035711,15441,8183951
2021-11-11 15:00:00,11073,4159398,2422.0,3722876,279.0,315536.0,11352,4474934,2701,4038412,13774,8197725
2021-11-12 15:00:00,12079,4171477,3416.0,3726292,544.0,316080.0,12623,4487557,3960,4042372,16039,8213764
2021-11-13 15:00:00,9637,4181114,1572.0,3727864,340.0,316420.0,9977,4497534,1912,4044284,11549,8225313
2021-11-14 15:00:00,3819,4184933,1119.0,3728983,119.0,316539.0,3938,4501472,1238,4045522,5057,8230370
2021-11-15 15:00:00,8461,4193394,2587.0,3731570,200.0,316739.0,8661,4510133,2787,4048309,11248,8241618
2021-11-16 15:00:00,8936,4202330,2561.0,3734131,248.0,316987.0,9184,4519317,2809,4051118,11745,8253363
2021-11-17 15:00:00,9132,4211462,2861.0,3736992,308.0,317295.0,9440,4528757,3169,4054287,12301,8265664
2021-11-18 15:00:00,8951,4220413,2669.0,3739661,477.0,317772.0,9428,4538185,3146,4057433,12097,8277761
2021-11-19 15:00:00,9514,4229927,2946.0,3742607,370.0,318142.0,9884,4548069,3316,4060749,12830,8290591
2021-11-20 15:00:00,10306,4240233,1560.0,3744167,438.0,318580.0,10744,4558813,1998,4062747,12304,8302895
2021-11-21 15:00:00,4212,4244445,1183.0,3745350,94.0,318674.0,4306,4563119,1277,4064024,5489,8308384
2021-11-22 15:00:00,9451,4253896,2530.0,3747880,282.0,318956.0,9733,4572852,2812,4066836,12263,8320647
2021-11-23 15:00:00,8773,4262669,2421.0,3750301,267.0,319223.0,9040,4581892,2688,4069524,11461,8332108
2021-11-24 15:00:00,7544,4270213,2355.0,3752656,203.0,319426.0,7747,4589639,2558,4072082,10102,8342210
2021-11-25 15:00:00,166,4270379,66.0,3752722,7.0,319433.0,173,4589812,73,4072155,239,8342449
2021-11-26 15:00:00,4488,4274867,3397.0,3756119,131.0,319564.0,4619,4594431,3528,4075683,8016,8350465
2021-11-27 15:00:00,2653,4277520,4772.0,3760891,105.0,319669.0,2758,4597189,4877,4080560,7530,8357995
2021-11-28 15:00:00,664,4278184,3954.0,3764845,43.0,319712.0,707,4597896,3997,4084557,4661,8362656
