VACCINATION_DATE,FirstDailyDose,FirstDoseCumulative,SecondDailyDose,SecondDoseCumulative,SingleDailyDose,SingleDoseCumulative,AtleastOneVaccine,AtleastOneVaccineCumulative,CompletedVax,CompletedVaxCumulative,FirstSecondSingleVaccinations,FirstSecondSingleVaccinationsCumulative
2020-12-14 15:00:00,19,1382,,521,,,19,1382,0,521,19,1799
2020-12-15 15:00:00,61,1443,3.0,524,,,61,1443,3,524,64,1863
2020-12-16 15:00:00,591,2034,5.0,529,,,591,2034,5,529,596,2459
2020-12-17 15:00:00,1160,3194,7.0,536,,,1160,3194,7,536,1167,3626
2020-12-18 15:00:00,3018,6212,12.0,548,,,3018,6212,12,548,3030,6656
2020-12-19 15:00:00,931,7143,5.0,553,,,931,7143,5,553,936,7592
2020-12-20 15:00:00,363,7506,6.0,559,,,363,7506,6,559,369,7961
2020-12-21 15:00:00,3887,11393,26.0,585,,,3887,11393,26,585,3913,11874
2020-12-22 15:00:00,6322,17715,27.0,612,,,6322,17715,27,612,6349,18223
2020-12-23 15:00:00,5779,23494,36.0,648,,,5779,23494,36,648,5815,24038
2020-12-24 15:00:00,2726,26220,15.0,663,,,2726,26220,15,663,2741,26779
2020-12-25 15:00:00,1035,27255,4.0,667,,,1035,27255,4,667,1039,27818
2020-12-26 15:00:00,1882,29137,9.0,676,,,1882,29137,9,676,1891,29709
2020-12-27 15:00:00,1802,30939,12.0,688,,,1802,30939,12,688,1814,31523
2020-12-28 15:00:00,8982,39921,49.0,737,,,8982,39921,49,737,9031,40554
2020-12-29 15:00:00,10968,50889,53.0,790,,,10968,50889,53,790,11021,51575
2020-12-30 15:00:00,12494,63383,88.0,878,,,12494,63383,88,878,12582,64157
2020-12-31 15:00:00,7552,70935,47.0,925,,,7552,70935,47,925,7599,71756
2021-01-01 15:00:00,3284,74219,138.0,1063,,,3284,74219,138,1063,3422,75178
2021-01-02 15:00:00,3040,77259,34.0,1097,,,3040,77259,34,1097,3074,78252
2021-01-03 15:00:00,3409,80668,81.0,1178,,,3409,80668,81,1178,3490,81742
2021-01-04 15:00:00,13358,94026,333.0,1511,,,13358,94026,333,1511,13691,95433
2021-01-05 15:00:00,12484,106510,547.0,2058,,,12484,106510,547,2058,13031,108464
2021-01-06 15:00:00,15264,121774,864.0,2922,,,15264,121774,864,2922,16128,124592
2021-01-07 15:00:00,15035,136809,1774.0,4696,,,15035,136809,1774,4696,16809,141401
2021-01-08 15:00:00,24011,160820,2781.0,7477,,,24011,160820,2781,7477,26792,168193
2021-01-09 15:00:00,5173,165993,954.0,8431,,,5173,165993,954,8431,6127,174320
2021-01-10 15:00:00,2971,168964,384.0,8815,,,2971,168964,384,8815,3355,177675
2021-01-11 15:00:00,13719,182683,3469.0,12284,,,13719,182683,3469,12284,17188,194863
2021-01-12 15:00:00,17388,200071,5594.0,17878,,,17388,200071,5594,17878,22982,217845
2021-01-13 15:00:00,18620,218691,3921.0,21799,,,18620,218691,3921,21799,22541,240386
2021-01-14 15:00:00,17852,236543,1962.0,23761,,,17852,236543,1962,23761,19814,260200
2021-01-15 15:00:00,19480,256023,2031.0,25792,,,19480,256023,2031,25792,21511,281711
2021-01-16 15:00:00,5832,261855,1617.0,27409,,,5832,261855,1617,27409,7449,289160
2021-01-17 15:00:00,2122,263977,1479.0,28888,,,2122,263977,1479,28888,3601,292761
2021-01-18 15:00:00,7074,271051,3257.0,32145,,,7074,271051,3257,32145,10331,303092
2021-01-19 15:00:00,16954,288005,5404.0,37549,,,16954,288005,5404,37549,22358,325450
2021-01-20 15:00:00,21006,309011,5322.0,42871,,,21006,309011,5322,42871,26328,351778
2021-01-21 15:00:00,23809,332820,3846.0,46717,,,23809,332820,3846,46717,27655,379433
2021-01-22 15:00:00,28656,361476,3753.0,50470,,,28656,361476,3753,50470,32409,411842
2021-01-23 15:00:00,10117,371593,1942.0,52412,,,10117,371593,1942,52412,12059,423901
2021-01-24 15:00:00,3354,374947,1723.0,54135,,,3354,374947,1723,54135,5077,428978
2021-01-25 15:00:00,16306,391253,8602.0,62737,,,16306,391253,8602,62737,24908,453886
2021-01-26 15:00:00,17558,408811,8974.0,71711,,,17558,408811,8974,71711,26532,480418
2021-01-27 15:00:00,24437,433248,12550.0,84261,,,24437,433248,12550,84261,36987,517405
2021-01-28 15:00:00,22653,455901,9330.0,93591,,,22653,455901,9330,93591,31983,549388
2021-01-29 15:00:00,24782,480683,7926.0,101517,,,24782,480683,7926,101517,32708,582096
2021-01-30 15:00:00,17780,498463,2560.0,104077,,,17780,498463,2560,104077,20340,602436
2021-01-31 15:00:00,3764,502227,1367.0,105444,,,3764,502227,1367,105444,5131,607567
2021-02-01 15:00:00,8106,510333,5379.0,110823,,,8106,510333,5379,110823,13485,621052
2021-02-02 15:00:00,12507,522840,13824.0,124647,,,12507,522840,13824,124647,26331,647383
2021-02-03 15:00:00,18252,541092,18134.0,142781,,,18252,541092,18134,142781,36386,683769
2021-02-04 15:00:00,22130,563222,15789.0,158570,,,22130,563222,15789,158570,37919,721688
2021-02-05 15:00:00,20348,583570,17422.0,175992,,,20348,583570,17422,175992,37770,759458
2021-02-06 15:00:00,11332,594902,14475.0,190467,,,11332,594902,14475,190467,25807,785265
2021-02-07 15:00:00,5950,600852,1838.0,192305,,,5950,600852,1838,192305,7788,793053
2021-02-08 15:00:00,12983,613835,12920.0,205225,,,12983,613835,12920,205225,25903,818956
2021-02-09 15:00:00,16650,630485,13877.0,219102,,,16650,630485,13877,219102,30527,849483
2021-02-10 15:00:00,19299,649784,21231.0,240333,,,19299,649784,21231,240333,40530,890013
2021-02-11 15:00:00,22849,672633,17343.0,257676,,,22849,672633,17343,257676,40192,930205
2021-02-12 15:00:00,20395,693028,19637.0,277313,,,20395,693028,19637,277313,40032,970237
2021-02-13 15:00:00,11436,704464,6421.0,283734,,,11436,704464,6421,283734,17857,988094
2021-02-14 15:00:00,7111,711575,2130.0,285864,,,7111,711575,2130,285864,9241,997335
2021-02-15 15:00:00,11765,723340,13328.0,299192,,,11765,723340,13328,299192,25093,1022428
2021-02-16 15:00:00,16608,739948,21020.0,320212,,,16608,739948,21020,320212,37628,1060056
2021-02-17 15:00:00,20659,760607,26379.0,346591,,,20659,760607,26379,346591,47038,1107094
2021-02-18 15:00:00,3200,763807,4620.0,351211,,,3200,763807,4620,351211,7820,1114914
2021-02-19 15:00:00,10254,774061,19928.0,371139,,,10254,774061,19928,371139,30182,1145096
2021-02-20 15:00:00,10311,784372,20290.0,391429,,,10311,784372,20290,391429,30601,1175697
2021-02-21 15:00:00,6180,790552,7653.0,399082,,,6180,790552,7653,399082,13833,1189530
2021-02-22 15:00:00,8033,798585,15477.0,414559,,,8033,798585,15477,414559,23510,1213040
2021-02-23 15:00:00,15535,814120,15984.0,430543,,,15535,814120,15984,430543,31519,1244559
2021-02-24 15:00:00,17953,832073,24741.0,455284,,,17953,832073,24741,455284,42694,1287253
2021-02-25 15:00:00,20391,852464,26557.0,481841,,,20391,852464,26557,481841,46948,1334201
2021-02-26 15:00:00,26721,879185,26224.0,508065,,,26721,879185,26224,508065,52945,1387146
2021-02-27 15:00:00,16007,895192,11161.0,519226,,,16007,895192,11161,519226,27168,1414314
2021-02-28 15:00:00,15495,910687,4885.0,524111,,,15495,910687,4885,524111,20380,1434694
2021-03-01 15:00:00,27009,937696,12626.0,536737,,,27009,937696,12626,536737,39635,1474329
2021-03-02 15:00:00,23925,961621,13279.0,550016,35.0,35.0,23960,961656,13314,550051,37239,1511568
2021-03-03 15:00:00,30199,991820,18396.0,568412,188.0,223.0,30387,992043,18584,568635,48783,1560351
2021-03-04 15:00:00,30962,1022782,18202.0,586614,4069.0,4292.0,35031,1027074,22271,590906,53233,1613584
2021-03-05 15:00:00,30029,1052811,19724.0,606338,4910.0,9202.0,34939,1062013,24634,615540,54663,1668247
2021-03-06 15:00:00,18919,1071730,9511.0,615849,6009.0,15211.0,24928,1086941,15520,631060,34439,1702686
2021-03-07 15:00:00,12123,1083853,4863.0,620712,6610.0,21821.0,18733,1105674,11473,642533,23596,1726282
2021-03-08 15:00:00,25882,1109735,8850.0,629562,8272.0,30093.0,34154,1139828,17122,659655,43004,1769286
2021-03-09 15:00:00,26134,1135869,15467.0,645029,8343.0,38436.0,34477,1174305,23810,683465,49944,1819230
2021-03-10 15:00:00,29862,1165731,16002.0,661031,7940.0,46376.0,37802,1212107,23942,707407,53804,1873034
2021-03-11 15:00:00,35992,1201723,16403.0,677434,3981.0,50357.0,39973,1252080,20384,727791,56376,1929410
2021-03-12 15:00:00,36920,1238643,18088.0,695522,2926.0,53283.0,39846,1291926,21014,748805,57934,1987344
2021-03-13 15:00:00,22674,1261317,10285.0,705807,1629.0,54912.0,24303,1316229,11914,760719,34588,2021932
2021-03-14 15:00:00,17833,1279150,6721.0,712528,1005.0,55917.0,18838,1335067,7726,768445,25559,2047491
2021-03-15 15:00:00,29833,1308983,11307.0,723835,597.0,56514.0,30430,1365497,11904,780349,41737,2089228
2021-03-16 15:00:00,33417,1342400,13578.0,737413,770.0,57284.0,34187,1399684,14348,794697,47765,2136993
2021-03-17 15:00:00,37575,1379975,17057.0,754470,1181.0,58465.0,38756,1438440,18238,812935,55813,2192806
2021-03-18 15:00:00,41448,1421423,12653.0,767123,1348.0,59813.0,42796,1481236,14001,826936,55449,2248255
2021-03-19 15:00:00,38342,1459765,15421.0,782544,1042.0,60855.0,39384,1520620,16463,843399,54805,2303060
2021-03-20 15:00:00,24704,1484469,10160.0,792704,703.0,61558.0,25407,1546027,10863,854262,35567,2338627
2021-03-21 15:00:00,19181,1503650,7885.0,800589,336.0,61894.0,19517,1565544,8221,862483,27402,2366029
2021-03-22 15:00:00,32596,1536246,11483.0,812072,834.0,62728.0,33430,1598974,12317,874800,44913,2410942
2021-03-23 15:00:00,38418,1574664,17810.0,829882,1554.0,64282.0,39972,1638946,19364,894164,57782,2468724
2021-03-24 15:00:00,41094,1615758,21216.0,851098,1388.0,65670.0,42482,1681428,22604,916768,63698,2532422
2021-03-25 15:00:00,42892,1658650,21693.0,872791,2458.0,68128.0,45350,1726778,24151,940919,67043,2599465
2021-03-26 15:00:00,36371,1695021,26678.0,899469,2496.0,70624.0,38867,1765645,29174,970093,65545,2665010
2021-03-27 15:00:00,26478,1721499,17279.0,916748,2491.0,73115.0,28969,1794614,19770,989863,46248,2711258
2021-03-28 15:00:00,17015,1738514,12644.0,929392,1615.0,74730.0,18630,1813244,14259,1004122,31274,2742532
2021-03-29 15:00:00,29721,1768235,26291.0,955683,1141.0,75871.0,30862,1844106,27432,1031554,57153,2799685
2021-03-30 15:00:00,40065,1808300,28994.0,984677,1863.0,77734.0,41928,1886034,30857,1062411,70922,2870607
2021-03-31 15:00:00,41039,1849339,34693.0,1019370,5748.0,83482.0,46787,1932821,40441,1102852,81480,2952087
2021-04-01 15:00:00,42365,1891704,41037.0,1060407,5743.0,89225.0,48108,1980929,46780,1149632,89145,3041232
2021-04-02 15:00:00,34933,1926637,32673.0,1093080,6125.0,95350.0,41058,2021987,38798,1188430,73731,3114963
2021-04-03 15:00:00,21154,1947791,19185.0,1112265,4389.0,99739.0,25543,2047530,23574,1212004,44728,3159691
2021-04-04 15:00:00,8282,1956073,10188.0,1122453,967.0,100706.0,9249,2056779,11155,1223159,19437,3179128
2021-04-05 15:00:00,27951,1984024,28910.0,1151363,6658.0,107364.0,34609,2091388,35568,1258727,63519,3242647
2021-04-06 15:00:00,39766,2023790,30454.0,1181817,10493.0,117857.0,50259,2141647,40947,1299674,80713,3323360
2021-04-07 15:00:00,36095,2059885,34288.0,1216105,12988.0,130845.0,49083,2190730,47276,1346950,83371,3406731
2021-04-08 15:00:00,42335,2102220,36101.0,1252206,13865.0,144710.0,56200,2246930,49966,1396916,92301,3499032
2021-04-09 15:00:00,34060,2136280,36322.0,1288528,14526.0,159236.0,48586,2295516,50848,1447764,84908,3583940
2021-04-10 15:00:00,23469,2159749,23134.0,1311662,7641.0,166877.0,31110,2326626,30775,1478539,54244,3638184
2021-04-11 15:00:00,17565,2177314,13279.0,1324941,10119.0,176996.0,27684,2354310,23398,1501937,40963,3679147
2021-04-12 15:00:00,24607,2201921,33163.0,1358104,10895.0,187891.0,35502,2389812,44058,1545995,68665,3747812
2021-04-13 15:00:00,126198,2328119,91232.0,1449336,3292.0,191183.0,129490,2519302,94524,1640519,220722,3968534
2021-04-14 15:00:00,40717,2368836,37824.0,1487160,212.0,191395.0,40929,2560231,38036,1678555,78753,4047287
2021-04-15 15:00:00,41419,2410255,39548.0,1526708,175.0,191570.0,41594,2601825,39723,1718278,81142,4128429
2021-04-16 15:00:00,37149,2447404,38864.0,1565572,24.0,191594.0,37173,2638998,38888,1757166,76037,4204466
2021-04-17 15:00:00,32802,2480206,22028.0,1587600,12.0,191606.0,32814,2671812,22040,1779206,54842,4259308
2021-04-18 15:00:00,20065,2500271,16198.0,1603798,5.0,191611.0,20070,2691882,16203,1795409,36268,4295576
2021-04-19 15:00:00,29895,2530166,36548.0,1640346,61.0,191672.0,29956,2721838,36609,1832018,66504,4362080
2021-04-20 15:00:00,32932,2563098,44445.0,1684791,58.0,191730.0,32990,2754828,44503,1876521,77435,4439515
2021-04-21 15:00:00,39831,2602929,47052.0,1731843,26.0,191756.0,39857,2794685,47078,1923599,86909,4526424
2021-04-22 15:00:00,35859,2638788,42657.0,1774500,16.0,191772.0,35875,2830560,42673,1966272,78532,4604956
2021-04-23 15:00:00,33148,2671936,40150.0,1814650,14.0,191786.0,33162,2863722,40164,2006436,73312,4678268
2021-04-24 15:00:00,26412,2698348,27907.0,1842557,81.0,191867.0,26493,2890215,27988,2034424,54400,4732668
2021-04-25 15:00:00,20235,2718583,10971.0,1853528,31.0,191898.0,20266,2910481,11002,2045426,31237,4763905
2021-04-26 15:00:00,27414,2745997,32710.0,1886238,201.0,192099.0,27615,2938096,32911,2078337,60325,4824230
2021-04-27 15:00:00,26691,2772688,33069.0,1919307,1097.0,193196.0,27788,2965884,34166,2112503,60857,4885087
2021-04-28 15:00:00,28929,2801617,39543.0,1958850,1364.0,194560.0,30293,2996177,40907,2153410,69836,4954923
2021-04-29 15:00:00,27077,2828694,39742.0,1998592,1463.0,196023.0,28540,3024717,41205,2194615,68282,5023205
2021-04-30 15:00:00,28212,2856906,32269.0,2030861,1648.0,197671.0,29860,3054577,33917,2228532,62129,5085334
2021-05-01 15:00:00,20712,2877618,26685.0,2057546,1049.0,198720.0,21761,3076338,27734,2256266,48446,5133780
2021-05-02 15:00:00,10289,2887907,17039.0,2074585,822.0,199542.0,11111,3087449,17861,2274127,28150,5161930
2021-05-03 15:00:00,12756,2900663,28581.0,2103166,1915.0,201457.0,14671,3102120,30496,2304623,43252,5205182
2021-05-04 15:00:00,13573,2914236,38613.0,2141779,1739.0,203196.0,15312,3117432,40352,2344975,53925,5259107
2021-05-05 15:00:00,19325,2933561,37753.0,2179532,1921.0,205117.0,21246,3138678,39674,2384649,58999,5318106
2021-05-06 15:00:00,16922,2950483,40592.0,2220124,1721.0,206838.0,18643,3157321,42313,2426962,59235,5377341
2021-05-07 15:00:00,17587,2968070,36996.0,2257120,1959.0,208797.0,19546,3176867,38955,2465917,56542,5433883
2021-05-08 15:00:00,10793,2978863,31223.0,2288343,1291.0,210088.0,12084,3188951,32514,2498431,43307,5477190
2021-05-09 15:00:00,5083,2983946,12240.0,2300583,695.0,210783.0,5778,3194729,12935,2511366,18018,5495208
2021-05-10 15:00:00,8956,2992902,31050.0,2331633,1362.0,212145.0,10318,3205047,32412,2543778,41368,5536576
2021-05-11 15:00:00,12183,3005085,30288.0,2361921,1441.0,213586.0,13624,3218671,31729,2575507,43912,5580488
2021-05-12 15:00:00,13947,3019032,38621.0,2400542,1919.0,215505.0,15866,3234537,40540,2616047,54487,5634975
2021-05-13 15:00:00,21840,3040872,33510.0,2434052,1347.0,216852.0,23187,3257724,34857,2650904,56697,5691672
2021-05-14 15:00:00,24390,3065262,30053.0,2464105,1773.0,218625.0,26163,3283887,31826,2682730,56216,5747888
2021-05-15 15:00:00,21938,3087200,25106.0,2489211,1489.0,220114.0,23427,3307314,26595,2709325,48533,5796421
2021-05-16 15:00:00,9093,3096293,17585.0,2506796,1113.0,221227.0,10206,3317520,18698,2728023,27791,5824212
2021-05-17 15:00:00,16836,3113129,28401.0,2535197,1949.0,223176.0,18785,3336305,30350,2758373,47186,5871398
2021-05-18 15:00:00,21267,3134396,30687.0,2565884,1942.0,225118.0,23209,3359514,32629,2791002,53896,5925294
2021-05-19 15:00:00,27666,3162062,32431.0,2598315,1631.0,226749.0,29297,3388811,34062,2825064,61728,5987022
2021-05-20 15:00:00,20808,3182870,33267.0,2631582,1964.0,228713.0,22772,3411583,35231,2860295,56039,6043061
2021-05-21 15:00:00,19163,3202033,30349.0,2661931,1607.0,230320.0,20770,3432353,31956,2892251,51119,6094180
2021-05-22 15:00:00,16939,3218972,20688.0,2682619,1271.0,231591.0,18210,3450563,21959,2914210,38898,6133078
2021-05-23 15:00:00,8804,3227776,11445.0,2694064,965.0,232556.0,9769,3460332,12410,2926620,21214,6154292
2021-05-24 15:00:00,13567,3241343,17776.0,2711840,1473.0,234029.0,15040,3475372,19249,2945869,32816,6187108
2021-05-25 15:00:00,13072,3254415,18719.0,2730559,1329.0,235358.0,14401,3489773,20048,2965917,33120,6220228
2021-05-26 15:00:00,18314,3272729,19494.0,2750053,1512.0,236870.0,19826,3509599,21006,2986923,39320,6259548
2021-05-27 15:00:00,11685,3284414,18665.0,2768718,1116.0,237986.0,12801,3522400,19781,3006704,31466,6291014
2021-05-28 15:00:00,12416,3296830,19837.0,2788555,1401.0,239387.0,13817,3536217,21238,3027942,33654,6324668
2021-05-29 15:00:00,9514,3306344,11721.0,2800276,937.0,240324.0,10451,3546668,12658,3040600,22172,6346840
2021-05-30 15:00:00,4968,3311312,6430.0,2806706,596.0,240920.0,5564,3552232,7026,3047626,11994,6358834
2021-05-31 15:00:00,1778,3313090,3711.0,2810417,305.0,241225.0,2083,3554315,4016,3051642,5794,6364628
2021-06-01 15:00:00,9851,3322941,16436.0,2826853,1159.0,242384.0,11010,3565325,17595,3069237,27446,6392074
2021-06-02 15:00:00,10230,3333171,16819.0,2843672,960.0,243344.0,11190,3576515,17779,3087016,28009,6420083
2021-06-03 15:00:00,7900,3341071,21189.0,2864861,1087.0,244431.0,8987,3585502,22276,3109292,30176,6450259
2021-06-04 15:00:00,8197,3349268,22355.0,2887216,1120.0,245551.0,9317,3594819,23475,3132767,31672,6481931
2021-06-05 15:00:00,7001,3356269,19470.0,2906686,720.0,246271.0,7721,3602540,20190,3152957,27191,6509122
2021-06-06 15:00:00,3456,3359725,7250.0,2913936,423.0,246694.0,3879,3606419,7673,3160630,11129,6520251
2021-06-07 15:00:00,6858,3366583,15786.0,2929722,726.0,247420.0,7584,3614003,16512,3177142,23370,6543621
2021-06-08 15:00:00,6670,3373253,19733.0,2949455,830.0,248250.0,7500,3621503,20563,3197705,27233,6570854
2021-06-09 15:00:00,8200,3381453,23985.0,2973440,969.0,249219.0,9169,3630672,24954,3222659,33154,6604008
2021-06-10 15:00:00,7150,3388603,19137.0,2992577,895.0,250114.0,8045,3638717,20032,3242691,27182,6631190
2021-06-11 15:00:00,7486,3396089,17726.0,3010303,1125.0,251239.0,8611,3647328,18851,3261542,26337,6657527
2021-06-12 15:00:00,5240,3401329,14767.0,3025070,605.0,251844.0,5845,3653173,15372,3276914,20612,6678139
2021-06-13 15:00:00,1930,3403259,7623.0,3032693,427.0,252271.0,2357,3655530,8050,3284964,9980,6688119
2021-06-14 15:00:00,5657,3408916,11814.0,3044507,733.0,253004.0,6390,3661920,12547,3297511,18204,6706323
2021-06-15 15:00:00,5640,3414556,14341.0,3058848,873.0,253877.0,6513,3668433,15214,3312725,20854,6727177
2021-06-16 15:00:00,8754,3423310,21596.0,3080444,757.0,254634.0,9511,3677944,22353,3335078,31107,6758284
2021-06-17 15:00:00,6688,3429998,12364.0,3092808,720.0,255354.0,7408,3685352,13084,3348162,19772,6778056
2021-06-18 15:00:00,6836,3436834,12736.0,3105544,703.0,256057.0,7539,3692891,13439,3361601,20275,6798331
2021-06-19 15:00:00,4660,3441494,9377.0,3114921,615.0,256672.0,5275,3698166,9992,3371593,14652,6812983
2021-06-20 15:00:00,2505,3443999,5053.0,3119974,377.0,257049.0,2882,3701048,5430,3377023,7935,6820918
2021-06-21 15:00:00,5564,3449563,5331.0,3125305,635.0,257684.0,6199,3707247,5966,3382989,11530,6832448
2021-06-22 15:00:00,5344,3454907,9052.0,3134357,693.0,258377.0,6037,3713284,9745,3392734,15089,6847537
2021-06-23 15:00:00,6072,3460979,10324.0,3144681,646.0,259023.0,6718,3720002,10970,3403704,17042,6864579
2021-06-24 15:00:00,5936,3466915,8198.0,3152879,595.0,259618.0,6531,3726533,8793,3412497,14729,6879308
2021-06-25 15:00:00,5819,3472734,8659.0,3161538,620.0,260238.0,6439,3732972,9279,3421776,15098,6894406
2021-06-26 15:00:00,3701,3476435,6307.0,3167845,398.0,260636.0,4099,3737071,6705,3428481,10406,6904812
2021-06-27 15:00:00,2808,3479243,3521.0,3171366,185.0,260821.0,2993,3740064,3706,3432187,6514,6911326
2021-06-28 15:00:00,4917,3484160,6387.0,3177753,539.0,261360.0,5456,3745520,6926,3439113,11843,6923169
2021-06-29 15:00:00,5061,3489221,6474.0,3184227,519.0,261879.0,5580,3751100,6993,3446106,12054,6935223
2021-06-30 15:00:00,5616,3494837,7383.0,3191610,605.0,262484.0,6221,3757321,7988,3454094,13604,6948827
2021-07-01 15:00:00,5406,3500243,6986.0,3198596,500.0,262984.0,5906,3763227,7486,3461580,12892,6961719
2021-07-02 15:00:00,5292,3505535,6837.0,3205433,524.0,263508.0,5816,3769043,7361,3468941,12653,6974372
2021-07-03 15:00:00,3270,3508805,4065.0,3209498,264.0,263772.0,3534,3772577,4329,3473270,7599,6981971
2021-07-04 15:00:00,494,3509299,545.0,3210043,68.0,263840.0,562,3773139,613,3473883,1107,6983078
2021-07-05 15:00:00,3763,3513062,3952.0,3213995,287.0,264127.0,4050,3777189,4239,3478122,8002,6991080
2021-07-06 15:00:00,4491,3517553,6264.0,3220259,452.0,264579.0,4943,3782132,6716,3484838,11207,7002287
2021-07-07 15:00:00,4467,3522020,6409.0,3226668,482.0,265061.0,4949,3787081,6891,3491729,11358,7013645
2021-07-08 15:00:00,4833,3526853,6168.0,3232836,564.0,265625.0,5397,3792478,6732,3498461,11565,7025210
2021-07-09 15:00:00,5365,3532218,6663.0,3239499,573.0,266198.0,5938,3798416,7236,3505697,12601,7037811
2021-07-10 15:00:00,3516,3535734,4405.0,3243904,303.0,266501.0,3819,3802235,4708,3510405,8224,7046035
2021-07-11 15:00:00,2676,3538410,2565.0,3246469,225.0,266726.0,2901,3805136,2790,3513195,5466,7051501
2021-07-12 15:00:00,4415,3542825,5120.0,3251589,379.0,267105.0,4794,3809930,5499,3518694,9914,7061415
2021-07-13 15:00:00,4659,3547484,4721.0,3256310,366.0,267471.0,5025,3814955,5087,3523781,9746,7071161
2021-07-14 15:00:00,4616,3552100,5281.0,3261591,422.0,267893.0,5038,3819993,5703,3529484,10319,7081480
2021-07-15 15:00:00,4902,3557002,5016.0,3266607,359.0,268252.0,5261,3825254,5375,3534859,10277,7091757
2021-07-16 15:00:00,6274,3563276,5839.0,3272446,405.0,268657.0,6679,3831933,6244,3541103,12518,7104275
2021-07-17 15:00:00,3415,3566691,3548.0,3275994,303.0,268960.0,3718,3835651,3851,3544954,7266,7111541
2021-07-18 15:00:00,2310,3569001,2378.0,3278372,110.0,269070.0,2420,3838071,2488,3547442,4798,7116339
2021-07-19 15:00:00,5138,3574139,4609.0,3282981,382.0,269452.0,5520,3843591,4991,3552433,10129,7126468
2021-07-20 15:00:00,5332,3579471,4715.0,3287696,366.0,269818.0,5698,3849289,5081,3557514,10413,7136881
2021-07-21 15:00:00,5658,3585129,4940.0,3292636,416.0,270234.0,6074,3855363,5356,3562870,11014,7147895
2021-07-22 15:00:00,6023,3591152,4637.0,3297273,472.0,270706.0,6495,3861858,5109,3567979,11132,7159027
2021-07-23 15:00:00,6838,3597990,4845.0,3302118,497.0,271203.0,7335,3869193,5342,3573321,12180,7171207
2021-07-24 15:00:00,4281,3602271,3201.0,3305319,267.0,271470.0,4548,3873741,3468,3576789,7749,7178956
2021-07-25 15:00:00,3298,3605569,1113.0,3306432,140.0,271610.0,3438,3877179,1253,3578042,4551,7183507
2021-07-26 15:00:00,6213,3611782,3908.0,3310340,419.0,272029.0,6632,3883811,4327,3582369,10540,7194047
2021-07-27 15:00:00,6601,3618383,4278.0,3314618,457.0,272486.0,7058,3890869,4735,3587104,11336,7205383
2021-07-28 15:00:00,7076,3625459,4139.0,3318757,460.0,272946.0,7536,3898405,4599,3591703,11675,7217058
2021-07-29 15:00:00,7075,3632534,4302.0,3323059,419.0,273365.0,7494,3905899,4721,3596424,11796,7228854
2021-07-30 15:00:00,7815,3640349,4802.0,3327861,526.0,273891.0,8341,3914240,5328,3601752,13143,7241997
2021-07-31 15:00:00,4792,3645141,3074.0,3330935,273.0,274164.0,5065,3919305,3347,3605099,8139,7250136
2021-08-01 15:00:00,3885,3649026,2159.0,3333094,163.0,274327.0,4048,3923353,2322,3607421,6207,7256343
2021-08-02 15:00:00,7263,3656289,3839.0,3336933,340.0,274667.0,7603,3930956,4179,3611600,11442,7267785
2021-08-03 15:00:00,7263,3663552,4098.0,3341031,516.0,275183.0,7779,3938735,4614,3616214,11877,7279662
2021-08-04 15:00:00,7423,3670975,4117.0,3345148,535.0,275718.0,7958,3946693,4652,3620866,12075,7291737
2021-08-05 15:00:00,7941,3678916,4292.0,3349440,537.0,276255.0,8478,3955171,4829,3625695,12770,7304507
2021-08-06 15:00:00,8324,3687240,4728.0,3354168,454.0,276709.0,8778,3963949,5182,3630877,13506,7318013
2021-08-07 15:00:00,5294,3692534,2833.0,3357001,263.0,276972.0,5557,3969506,3096,3633973,8390,7326403
2021-08-08 15:00:00,3972,3696506,2062.0,3359063,143.0,277115.0,4115,3973621,2205,3636178,6177,7332580
2021-08-09 15:00:00,6948,3703454,4551.0,3363614,369.0,277484.0,7317,3980938,4920,3641098,11868,7344448
2021-08-10 15:00:00,7153,3710607,4476.0,3368090,339.0,277823.0,7492,3988430,4815,3645913,11968,7356416
2021-08-11 15:00:00,7071,3717678,4445.0,3372535,443.0,278266.0,7514,3995944,4888,3650801,11959,7368375
2021-08-12 15:00:00,8622,3726300,4752.0,3377287,445.0,278711.0,9067,4005011,5197,3655998,13819,7382194
2021-08-13 15:00:00,7142,3733442,5368.0,3382655,397.0,279108.0,7539,4012550,5765,3661763,12907,7395101
2021-08-14 15:00:00,4914,3738356,3342.0,3385997,285.0,279393.0,5199,4017749,3627,3665390,8541,7403642
2021-08-15 15:00:00,3328,3741684,2737.0,3388734,163.0,279556.0,3491,4021240,2900,3668290,6228,7409870
2021-08-16 15:00:00,5437,3747121,5092.0,3393826,354.0,279910.0,5791,4027031,5446,3673736,10883,7420753
2021-08-17 15:00:00,6812,3753933,5362.0,3399188,390.0,280300.0,7202,4034233,5752,3679488,12564,7433317
2021-08-18 15:00:00,6325,3760258,5500.0,3404688,481.0,280781.0,6806,4041039,5981,3685469,12306,7445623
2021-08-19 15:00:00,6211,3766469,5553.0,3410241,417.0,281198.0,6628,4047667,5970,3691439,12181,7457804
2021-08-20 15:00:00,6833,3773302,6545.0,3416786,401.0,281599.0,7234,4054901,6946,3698385,13779,7471583
2021-08-21 15:00:00,4325,3777627,3918.0,3420704,229.0,281828.0,4554,4059455,4147,3702532,8472,7480055
2021-08-22 15:00:00,3060,3780687,3172.0,3423876,110.0,281938.0,3170,4062625,3282,3705814,6342,7486397
2021-08-23 15:00:00,5986,3786673,6092.0,3429968,286.0,282224.0,6272,4068897,6378,3712192,12364,7498761
2021-08-24 15:00:00,6544,3793217,6060.0,3436028,425.0,282649.0,6969,4075866,6485,3718677,13029,7511790
2021-08-25 15:00:00,6714,3799931,6220.0,3442248,441.0,283090.0,7155,4083021,6661,3725338,13375,7525165
2021-08-26 15:00:00,6966,3806897,6647.0,3448895,428.0,283518.0,7394,4090415,7075,3732413,14041,7539206
2021-08-27 15:00:00,6821,3813718,7067.0,3455962,316.0,283834.0,7137,4097552,7383,3739796,14204,7553410
2021-08-28 15:00:00,6897,3820615,6517.0,3462479,324.0,284158.0,7221,4104773,6841,3746637,13738,7567148
2021-08-29 15:00:00,3734,3824349,3687.0,3466166,610.0,284768.0,4344,4109117,4297,3750934,8031,7575179
2021-08-30 15:00:00,5925,3830274,6119.0,3472285,960.0,285728.0,6885,4116002,7079,3758013,13004,7588183
2021-08-31 15:00:00,5892,3836166,6055.0,3478340,946.0,286674.0,6838,4122840,7001,3765014,12893,7601076
2021-09-01 15:00:00,5585,3841751,5657.0,3483997,915.0,287589.0,6500,4129340,6572,3771586,12157,7613233
2021-09-02 15:00:00,5527,3847278,5924.0,3489921,707.0,288296.0,6234,4135574,6631,3778217,12158,7625391
2021-09-03 15:00:00,5993,3853271,6926.0,3496847,973.0,289269.0,6966,4142540,7899,3786116,13892,7639283
2021-09-04 15:00:00,3727,3856998,4346.0,3501193,878.0,290147.0,4605,4147145,5224,3791340,8951,7648234
2021-09-05 15:00:00,2954,3859952,2807.0,3504000,106.0,290253.0,3060,4150205,2913,3794253,5867,7654101
2021-09-06 15:00:00,1059,3861011,1154.0,3505154,65.0,290318.0,1124,4151329,1219,3795472,2278,7656379
2021-09-07 15:00:00,5343,3866354,7299.0,3512453,2303.0,292621.0,7646,4158975,9602,3805074,14945,7671324
2021-09-08 15:00:00,4653,3871007,5469.0,3517922,364.0,292985.0,5017,4163992,5833,3810907,10486,7681810
2021-09-09 15:00:00,5016,3876023,5457.0,3523379,324.0,293309.0,5340,4169332,5781,3816688,10797,7692607
2021-09-10 15:00:00,6519,3882542,6650.0,3530029,1719.0,295028.0,8238,4177570,8369,3825057,14888,7707495
2021-09-11 15:00:00,4172,3886714,4333.0,3534362,666.0,295694.0,4838,4182408,4999,3830056,9171,7716666
2021-09-12 15:00:00,3171,3889885,3241.0,3537603,436.0,296130.0,3607,4186015,3677,3833733,6848,7723514
2021-09-13 15:00:00,4884,3894769,5066.0,3542669,346.0,296476.0,5230,4191245,5412,3839145,10296,7733810
2021-09-14 15:00:00,4773,3899542,5437.0,3548106,436.0,296912.0,5209,4196454,5873,3845018,10646,7744456
2021-09-15 15:00:00,5035,3904577,5870.0,3553976,389.0,297301.0,5424,4201878,6259,3851277,11294,7755750
2021-09-16 15:00:00,4806,3909383,5843.0,3559819,336.0,297637.0,5142,4207020,6179,3857456,10985,7766735
2021-09-17 15:00:00,5258,3914641,6582.0,3566401,344.0,297981.0,5602,4212622,6926,3864382,12184,7778919
2021-09-18 15:00:00,3800,3918441,4577.0,3570978,185.0,298166.0,3985,4216607,4762,3869144,8562,7787481
2021-09-19 15:00:00,2742,3921183,3167.0,3574145,75.0,298241.0,2817,4219424,3242,3872386,5984,7793465
2021-09-20 15:00:00,3749,3924932,4680.0,3578825,430.0,298671.0,4179,4223603,5110,3877496,8859,7802324
2021-09-21 15:00:00,4002,3928934,5000.0,3583825,327.0,298998.0,4329,4227932,5327,3882823,9329,7811653
2021-09-22 15:00:00,4195,3933129,4772.0,3588597,458.0,299456.0,4653,4232585,5230,3888053,9425,7821078
2021-09-23 15:00:00,4174,3937303,4731.0,3593328,492.0,299948.0,4666,4237251,5223,3893276,9397,7830475
2021-09-24 15:00:00,5076,3942379,5606.0,3598934,422.0,300370.0,5498,4242749,6028,3899304,11104,7841579
2021-09-25 15:00:00,3626,3946005,3633.0,3602567,384.0,300754.0,4010,4246759,4017,3903321,7643,7849222
2021-09-26 15:00:00,2355,3948360,2666.0,3605233,425.0,301179.0,2780,4249539,3091,3906412,5446,7854668
2021-09-27 15:00:00,4506,3952866,2711.0,3607944,511.0,301690.0,5017,4254556,3222,3909634,7728,7862396
2021-09-28 15:00:00,4398,3957264,4455.0,3612399,211.0,301901.0,4609,4259165,4666,3914300,9064,7871460
2021-09-29 15:00:00,4698,3961962,4511.0,3616910,920.0,302821.0,5618,4264783,5431,3919731,10129,7881589
2021-09-30 15:00:00,4889,3966851,4564.0,3621474,795.0,303616.0,5684,4270467,5359,3925090,10248,7891837
2021-10-01 15:00:00,5502,3972353,5337.0,3626811,784.0,304400.0,6286,4276753,6121,3931211,11623,7903460
2021-10-02 15:00:00,2936,3975289,2897.0,3629708,187.0,304587.0,3123,4279876,3084,3934295,6020,7909480
2021-10-03 15:00:00,2073,3977362,2378.0,3632086,86.0,304673.0,2159,4282035,2464,3936759,4537,7914017
2021-10-04 15:00:00,4019,3981381,3499.0,3635585,232.0,304905.0,4251,4286286,3731,3940490,7750,7921767
2021-10-05 15:00:00,3958,3985339,3661.0,3639246,207.0,305112.0,4165,4290451,3868,3944358,7826,7929593
2021-10-06 15:00:00,4023,3989362,3579.0,3642825,266.0,305378.0,4289,4294740,3845,3948203,7868,7937461
2021-10-07 15:00:00,4233,3993595,3626.0,3646451,331.0,305709.0,4564,4299304,3957,3952160,8190,7945651
2021-10-08 15:00:00,4771,3998366,4289.0,3650740,283.0,305992.0,5054,4304358,4572,3956732,9343,7954994
2021-10-09 15:00:00,2690,4001056,2681.0,3653421,270.0,306262.0,2960,4307318,2951,3959683,5641,7960635
2021-10-10 15:00:00,1865,4002921,1849.0,3655270,59.0,306321.0,1924,4309242,1908,3961591,3773,7964408
2021-10-11 15:00:00,4215,4007136,3337.0,3658607,249.0,306570.0,4464,4313706,3586,3965177,7801,7972209
2021-10-12 15:00:00,3589,4010725,3527.0,3662134,273.0,306843.0,3862,4317568,3800,3968977,7389,7979598
2021-10-13 15:00:00,3957,4014682,3458.0,3665592,346.0,307189.0,4303,4321871,3804,3972781,7761,7987359
2021-10-14 15:00:00,5164,4019846,5487.0,3671079,431.0,307620.0,5595,4327466,5918,3978699,11082,7998441
2021-10-15 15:00:00,4708,4024554,4595.0,3675674,347.0,307967.0,5055,4332521,4942,3983641,9650,8008091
2021-10-16 15:00:00,2495,4027049,2506.0,3678180,291.0,308258.0,2786,4335307,2797,3986438,5292,8013383
2021-10-17 15:00:00,1805,4028854,1776.0,3679956,55.0,308313.0,1860,4337167,1831,3988269,3636,8017019
2021-10-18 15:00:00,4282,4033136,3580.0,3683536,268.0,308581.0,4550,4341717,3848,3992117,8130,8025149
2021-10-19 15:00:00,4301,4037437,4031.0,3687567,222.0,308803.0,4523,4346240,4253,3996370,8554,8033703
2021-10-20 15:00:00,3526,4040963,3428.0,3690995,254.0,309057.0,3780,4350020,3682,4000052,7208,8040911
2021-10-21 15:00:00,3298,4044261,3270.0,3694265,291.0,309348.0,3589,4353609,3561,4003613,6859,8047770
2021-10-22 15:00:00,4682,4048943,4036.0,3698301,477.0,309825.0,5159,4358768,4513,4008126,9195,8056965
2021-10-23 15:00:00,2886,4051829,2115.0,3700416,321.0,310146.0,3207,4361975,2436,4010562,5322,8062287
2021-10-24 15:00:00,2055,4053884,1559.0,3701975,79.0,310225.0,2134,4364109,1638,4012200,3693,8065980
2021-10-25 15:00:00,4545,4058429,3080.0,3705055,319.0,310544.0,4864,4368973,3399,4015599,7944,8073924
2021-10-26 15:00:00,4505,4062934,3095.0,3708150,316.0,310860.0,4821,4373794,3411,4019010,7916,8081840
2021-10-27 15:00:00,4736,4067670,3345.0,3711495,436.0,311296.0,5172,4378966,3781,4022791,8517,8090357
2021-10-28 15:00:00,4558,4072228,3364.0,3714859,501.0,311797.0,5059,4384025,3865,4026656,8423,8098780
2021-10-29 15:00:00,4978,4077206,3921.0,3718780,393.0,312190.0,5371,4389396,4314,4030970,9292,8108072
2021-10-30 15:00:00,2633,4079839,1844.0,3720624,308.0,312498.0,2941,4392337,2152,4033122,4785,8112857
2021-10-31 15:00:00,1938,4081777,1522.0,3722146,93.0,312591.0,2031,4394368,1615,4034737,3553,8116410
2021-11-01 15:00:00,4706,4086483,3431.0,3725577,346.0,312937.0,5052,4399420,3777,4038514,8483,8124893
2021-11-02 15:00:00,4254,4090737,2951.0,3728528,408.0,313345.0,4662,4404082,3359,4041873,7613,8132506
2021-11-03 15:00:00,4665,4095402,3063.0,3731591,463.0,313808.0,5128,4409210,3526,4045399,8191,8140697
2021-11-04 15:00:00,6310,4101712,3363.0,3734954,513.0,314321.0,6823,4416033,3876,4049275,10186,8150883
2021-11-05 15:00:00,8231,4109943,3770.0,3738724,413.0,314734.0,8644,4424677,4183,4053458,12414,8163297
2021-11-06 15:00:00,10185,4120128,1980.0,3740704,308.0,315042.0,10493,4435170,2288,4055746,12473,8175770
2021-11-07 15:00:00,7728,4127856,1468.0,3742172,94.0,315136.0,7822,4442992,1562,4057308,9290,8185060
2021-11-08 15:00:00,11311,4139167,3047.0,3745219,379.0,315515.0,11690,4454682,3426,4060734,14737,8199797
2021-11-09 15:00:00,11763,4150930,2661.0,3747880,269.0,315784.0,12032,4466714,2930,4063664,14693,8214490
2021-11-10 15:00:00,12580,4163510,2763.0,3750643,338.0,316122.0,12918,4479632,3101,4066765,15681,8230171
2021-11-11 15:00:00,11367,4174877,2381.0,3753024,280.0,316402.0,11647,4491279,2661,4069426,14028,8244199
2021-11-12 15:00:00,12291,4187168,3359.0,3756383,547.0,316949.0,12838,4504117,3906,4073332,16197,8260396
2021-11-13 15:00:00,9883,4197051,1592.0,3757975,342.0,317291.0,10225,4514342,1934,4075266,11817,8272213
2021-11-14 15:00:00,3923,4200974,1131.0,3759106,121.0,317412.0,4044,4518386,1252,4076518,5175,8277388
2021-11-15 15:00:00,8622,4209596,2528.0,3761634,204.0,317616.0,8826,4527212,2732,4079250,11354,8288742
2021-11-16 15:00:00,9227,4218823,2498.0,3764132,255.0,317871.0,9482,4536694,2753,4082003,11980,8300722
2021-11-17 15:00:00,9398,4228221,2882.0,3767014,312.0,318183.0,9710,4546404,3194,4085197,12592,8313314
2021-11-18 15:00:00,9299,4237520,2633.0,3769647,481.0,318664.0,9780,4556184,3114,4088311,12413,8325727
2021-11-19 15:00:00,9798,4247318,2922.0,3772569,381.0,319045.0,10179,4566363,3303,4091614,13101,8338828
2021-11-20 15:00:00,10627,4257945,1608.0,3774177,455.0,319500.0,11082,4577445,2063,4093677,12690,8351518
2021-11-21 15:00:00,4345,4262290,1201.0,3775378,99.0,319599.0,4444,4581889,1300,4094977,5645,8357163
2021-11-22 15:00:00,9819,4272109,2492.0,3777870,293.0,319892.0,10112,4592001,2785,4097762,12604,8369767
2021-11-23 15:00:00,9170,4281279,2402.0,3780272,280.0,320172.0,9450,4601451,2682,4100444,11852,8381619
2021-11-24 15:00:00,8154,4289433,2446.0,3782718,216.0,320388.0,8370,4609821,2662,4103106,10816,8392435
2021-11-25 15:00:00,238,4289671,77.0,3782795,10.0,320398.0,248,4610069,87,4103193,325,8392760
2021-11-26 15:00:00,5654,4295325,3960.0,3786755,152.0,320550.0,5806,4615875,4112,4107305,9766,8402526
2021-11-27 15:00:00,3774,4299099,5469.0,3792224,134.0,320684.0,3908,4619783,5603,4112908,9377,8411903
2021-11-28 15:00:00,2413,4301512,6387.0,3798611,77.0,320761.0,2490,4622273,6464,4119372,8877,8420780
2021-11-29 15:00:00,6372,4307884,9284.0,3807895,379.0,321140.0,6751,4629024,9663,4129035,16035,8436815
2021-11-30 15:00:00,6247,4314131,9310.0,3817205,264.0,321404.0,6511,4635535,9574,4138609,15821,8452636
2021-12-01 15:00:00,7270,4321401,9669.0,3826874,307.0,321711.0,7577,4643112,9976,4148585,17246,8469882
2021-12-02 15:00:00,6916,4328317,8780.0,3835654,451.0,322162.0,7367,4650479,9231,4157816,16147,8486029
2021-12-03 15:00:00,7582,4335899,9252.0,3844906,250.0,322412.0,7832,4658311,9502,4167318,17084,8503113
2021-12-04 15:00:00,5951,4341850,10031.0,3854937,465.0,322877.0,6416,4664727,10496,4177814,16447,8519560
2021-12-05 15:00:00,3468,4345318,3287.0,3858224,78.0,322955.0,3546,4668273,3365,4181179,6833,8526393
2021-12-06 15:00:00,6754,4352072,7108.0,3865332,277.0,323232.0,7031,4675304,7385,4188564,14139,8540532
2021-12-07 15:00:00,6412,4358484,7020.0,3872352,249.0,323481.0,6661,4681965,7269,4195833,13681,8554213
2021-12-08 15:00:00,6930,4365414,7421.0,3879773,315.0,323796.0,7245,4689210,7736,4203569,14666,8568879
2021-12-09 15:00:00,6512,4371926,7002.0,3886775,398.0,324194.0,6910,4696120,7400,4210969,13912,8582791
2021-12-10 15:00:00,7254,4379180,7314.0,3894089,229.0,324423.0,7483,4703603,7543,4218512,14797,8597588
2021-12-11 15:00:00,4456,4383636,7663.0,3901752,333.0,324756.0,4789,4708392,7996,4226508,12452,8610040
2021-12-12 15:00:00,4002,4387638,2782.0,3904534,60.0,324816.0,4062,4712454,2842,4229350,6844,8616884
2021-12-13 15:00:00,5696,4393334,5760.0,3910294,243.0,325059.0,5939,4718393,6003,4235353,11699,8628583
2021-12-14 15:00:00,6450,4399784,5924.0,3916218,221.0,325280.0,6671,4725064,6145,4241498,12595,8641178
2021-12-15 15:00:00,7141,4406925,5684.0,3921902,252.0,325532.0,7393,4732457,5936,4247434,13077,8654255
2021-12-16 15:00:00,7849,4414774,2809.0,3924711,421.0,325953.0,8270,4740727,3230,4250664,11079,8665334
2021-12-17 15:00:00,7795,4422569,4153.0,3928864,195.0,326148.0,7990,4748717,4348,4255012,12143,8677477
2021-12-18 15:00:00,5824,4428393,3186.0,3932050,298.0,326446.0,6122,4754839,3484,4258496,9308,8686785
2021-12-19 15:00:00,3381,4431774,1342.0,3933392,36.0,326482.0,3417,4758256,1378,4259874,4759,8691544
2021-12-20 15:00:00,8062,4439836,3755.0,3937147,173.0,326655.0,8235,4766491,3928,4263802,11990,8703534
2021-12-21 15:00:00,8985,4448821,4149.0,3941296,173.0,326828.0,9158,4775649,4322,4268124,13307,8716841
2021-12-22 15:00:00,8686,4457507,3853.0,3945149,184.0,327012.0,8870,4784519,4037,4272161,12723,8729564
2021-12-23 15:00:00,8402,4465909,3554.0,3948703,359.0,327371.0,8761,4793280,3913,4276074,12315,8741879
2021-12-24 15:00:00,1632,4467541,1007.0,3949710,39.0,327410.0,1671,4794951,1046,4277120,2678,8744557
2021-12-25 15:00:00,50,4467591,36.0,3949746,1.0,327411.0,51,4795002,37,4277157,87,8744644
2021-12-26 15:00:00,2521,4470112,1747.0,3951493,44.0,327455.0,2565,4797567,1791,4278948,4312,8748956
2021-12-27 15:00:00,7186,4477298,3992.0,3955485,296.0,327751.0,7482,4805049,4288,4283236,11474,8760430
2021-12-28 15:00:00,7889,4485187,3838.0,3959323,175.0,327926.0,8064,4813113,4013,4287249,11902,8772332
2021-12-29 15:00:00,8182,4493369,4015.0,3963338,155.0,328081.0,8337,4821450,4170,4291419,12352,8784684
2021-12-30 15:00:00,7460,4500829,3766.0,3967104,288.0,328369.0,7748,4829198,4054,4295473,11514,8796198
2021-12-31 15:00:00,2563,4503392,1525.0,3968629,90.0,328459.0,2653,4831851,1615,4297088,4178,8800376
2022-01-01 15:00:00,737,4504129,346.0,3968975,33.0,328492.0,770,4832621,379,4297467,1116,8801492
2022-01-02 15:00:00,2210,4506339,1646.0,3970621,47.0,328539.0,2257,4834878,1693,4299160,3903,8805395
2022-01-03 15:00:00,3394,4509733,2065.0,3972686,221.0,328760.0,3615,4838493,2286,4301446,5680,8811075
2022-01-04 15:00:00,5830,4515563,3456.0,3976142,162.0,328922.0,5992,4844485,3618,4305064,9448,8820523
2022-01-05 15:00:00,6822,4522385,4688.0,3980830,175.0,329097.0,6997,4851482,4863,4309927,11685,8832208
2022-01-06 15:00:00,6745,4529130,4808.0,3985638,263.0,329360.0,7008,4858490,5071,4314998,11816,8844024
2022-01-07 15:00:00,5943,4535073,3746.0,3989384,159.0,329519.0,6102,4864592,3905,4318903,9848,8853872
2022-01-08 15:00:00,4800,4539873,3909.0,3993293,79.0,329598.0,4879,4869471,3988,4322891,8788,8862660
2022-01-09 15:00:00,2758,4542631,2014.0,3995307,154.0,329752.0,2912,4872383,2168,4325059,4926,8867586
2022-01-10 15:00:00,6304,4548935,3839.0,3999146,155.0,329907.0,6459,4878842,3994,4329053,10298,8877884
2022-01-11 15:00:00,6535,4555470,4233.0,4003379,141.0,330048.0,6676,4885518,4374,4333427,10909,8888793
2022-01-12 15:00:00,6787,4562257,4441.0,4007820,225.0,330273.0,7012,4892530,4666,4338093,11453,8900246
2022-01-13 15:00:00,6588,4568845,4373.0,4012193,150.0,330423.0,6738,4899268,4523,4342616,11111,8911357
2022-01-14 15:00:00,7173,4576018,3267.0,4015460,252.0,330675.0,7425,4906693,3519,4346135,10692,8922049
2022-01-15 15:00:00,4248,4580266,1682.0,4017142,70.0,330745.0,4318,4911011,1752,4347887,6000,8928049
2022-01-16 15:00:00,2217,4582483,1318.0,4018460,116.0,330861.0,2333,4913344,1434,4349321,3651,8931700
2022-01-17 15:00:00,3607,4586090,2368.0,4020828,74.0,330935.0,3681,4917025,2442,4351763,6049,8937749
2022-01-18 15:00:00,5267,4591357,4171.0,4024999,102.0,331037.0,5369,4922394,4273,4356036,9540,8947289
2022-01-19 15:00:00,5261,4596618,4451.0,4029450,99.0,331136.0,5360,4927754,4550,4360586,9811,8957100
2022-01-20 15:00:00,4488,4601106,3585.0,4033035,176.0,331312.0,4664,4932418,3761,4364347,8249,8965349
2022-01-21 15:00:00,5534,4606640,2913.0,4035948,124.0,331436.0,5658,4938076,3037,4367384,8571,8973920
2022-01-22 15:00:00,3399,4610039,1711.0,4037659,133.0,331569.0,3532,4941608,1844,4369228,5243,8979163
2022-01-23 15:00:00,2009,4612048,1482.0,4039141,30.0,331599.0,2039,4943647,1512,4370740,3521,8982684
2022-01-24 15:00:00,4111,4616159,2761.0,4041902,84.0,331683.0,4195,4947842,2845,4373585,6956,8989640
2022-01-25 15:00:00,3779,4619938,3284.0,4045186,92.0,331775.0,3871,4951713,3376,4376961,7155,8996795
2022-01-26 15:00:00,3802,4623740,3636.0,4048822,91.0,331866.0,3893,4955606,3727,4380688,7529,9004324
2022-01-27 15:00:00,3682,4627422,3810.0,4052632,184.0,332050.0,3866,4959472,3994,4384682,7676,9012000
2022-01-28 15:00:00,3646,4631068,3083.0,4055715,74.0,332124.0,3720,4963192,3157,4387839,6803,9018803
2022-01-29 15:00:00,2161,4633229,2143.0,4057858,116.0,332240.0,2277,4965469,2259,4390098,4420,9023223
2022-01-30 15:00:00,1432,4634661,1548.0,4059406,16.0,332256.0,1448,4966917,1564,4391662,2996,9026219
2022-01-31 15:00:00,2818,4637479,2973.0,4062379,53.0,332309.0,2871,4969788,3026,4394688,5844,9032063
2022-02-01 15:00:00,1334,4638813,1831.0,4064210,34.0,332343.0,1368,4971156,1865,4396553,3199,9035262
