VACCINATION_DATE,FirstDailyDose,FirstDoseCumulative,SecondDailyDose,SecondDoseCumulative,SingleDailyDose,SingleDoseCumulative,AtleastOneVaccine,AtleastOneVaccineCumulative,CompletedVax,CompletedVaxCumulative,FirstSecondSingleVaccinations,FirstSecondSingleVaccinationsCumulative
2020-12-14 15:00:00,17,1085,,404,,,17,1085,0,404,17,1404
2020-12-15 15:00:00,54,1139,3.0,407,,,54,1139,3,407,57,1461
2020-12-16 15:00:00,580,1719,2.0,409,,,580,1719,2,409,582,2043
2020-12-17 15:00:00,1147,2866,2.0,411,,,1147,2866,2,411,1149,3192
2020-12-18 15:00:00,2997,5863,11.0,422,,,2997,5863,11,422,3008,6200
2020-12-19 15:00:00,922,6785,5.0,427,,,922,6785,5,427,927,7127
2020-12-20 15:00:00,342,7127,4.0,431,,,342,7127,4,431,346,7473
2020-12-21 15:00:00,3867,10994,24.0,455,,,3867,10994,24,455,3891,11364
2020-12-22 15:00:00,6295,17289,23.0,478,,,6295,17289,23,478,6318,17682
2020-12-23 15:00:00,5742,23031,33.0,511,,,5742,23031,33,511,5775,23457
2020-12-24 15:00:00,2719,25750,13.0,524,,,2719,25750,13,524,2732,26189
2020-12-25 15:00:00,1034,26784,4.0,528,,,1034,26784,4,528,1038,27227
2020-12-26 15:00:00,1874,28658,9.0,537,,,1874,28658,9,537,1883,29110
2020-12-27 15:00:00,1798,30456,10.0,547,,,1798,30456,10,547,1808,30918
2020-12-28 15:00:00,8966,39422,41.0,588,,,8966,39422,41,588,9007,39925
2020-12-29 15:00:00,10937,50359,44.0,632,,,10937,50359,44,632,10981,50906
2020-12-30 15:00:00,12474,62833,72.0,704,,,12474,62833,72,704,12546,63452
2020-12-31 15:00:00,7529,70362,40.0,744,,,7529,70362,40,744,7569,71021
2021-01-01 15:00:00,2810,73172,125.0,869,,,2810,73172,125,869,2935,73956
2021-01-02 15:00:00,3007,76179,34.0,903,,,3007,76179,34,903,3041,76997
2021-01-03 15:00:00,3387,79566,80.0,983,,,3387,79566,80,983,3467,80464
2021-01-04 15:00:00,13302,92868,320.0,1303,,,13302,92868,320,1303,13622,94086
2021-01-05 15:00:00,12429,105297,525.0,1828,,,12429,105297,525,1828,12954,107040
2021-01-06 15:00:00,15192,120489,848.0,2676,,,15192,120489,848,2676,16040,123080
2021-01-07 15:00:00,14971,135460,1743.0,4419,,,14971,135460,1743,4419,16714,139794
2021-01-08 15:00:00,23957,159417,2742.0,7161,,,23957,159417,2742,7161,26699,166493
2021-01-09 15:00:00,5142,164559,941.0,8102,,,5142,164559,941,8102,6083,172576
2021-01-10 15:00:00,2940,167499,372.0,8474,,,2940,167499,372,8474,3312,175888
2021-01-11 15:00:00,13684,181183,3445.0,11919,,,13684,181183,3445,11919,17129,193017
2021-01-12 15:00:00,17328,198511,5564.0,17483,,,17328,198511,5564,17483,22892,215909
2021-01-13 15:00:00,18547,217058,3878.0,21361,,,18547,217058,3878,21361,22425,238334
2021-01-14 15:00:00,17788,234846,1936.0,23297,,,17788,234846,1936,23297,19724,258058
2021-01-15 15:00:00,19398,254244,1990.0,25287,,,19398,254244,1990,25287,21388,279446
2021-01-16 15:00:00,5795,260039,1599.0,26886,,,5795,260039,1599,26886,7394,286840
2021-01-17 15:00:00,2106,262145,1473.0,28359,,,2106,262145,1473,28359,3579,290419
2021-01-18 15:00:00,7054,269199,3237.0,31596,,,7054,269199,3237,31596,10291,300710
2021-01-19 15:00:00,16892,286091,5376.0,36972,,,16892,286091,5376,36972,22268,322978
2021-01-20 15:00:00,20975,307066,5279.0,42251,,,20975,307066,5279,42251,26254,349232
2021-01-21 15:00:00,23728,330794,3785.0,46036,,,23728,330794,3785,46036,27513,376745
2021-01-22 15:00:00,28624,359418,3701.0,49737,,,28624,359418,3701,49737,32325,409070
2021-01-23 15:00:00,10085,369503,1920.0,51657,,,10085,369503,1920,51657,12005,421075
2021-01-24 15:00:00,3336,372839,1719.0,53376,,,3336,372839,1719,53376,5055,426130
2021-01-25 15:00:00,16282,389121,8563.0,61939,,,16282,389121,8563,61939,24845,450975
2021-01-26 15:00:00,17533,406654,8937.0,70876,,,17533,406654,8937,70876,26470,477445
2021-01-27 15:00:00,24418,431072,12502.0,83378,,,24418,431072,12502,83378,36920,514365
2021-01-28 15:00:00,22623,453695,9270.0,92648,,,22623,453695,9270,92648,31893,546258
2021-01-29 15:00:00,24739,478434,7861.0,100509,,,24739,478434,7861,100509,32600,578858
2021-01-30 15:00:00,17751,496185,2520.0,103029,,,17751,496185,2520,103029,20271,599129
2021-01-31 15:00:00,3747,499932,1335.0,104364,,,3747,499932,1335,104364,5082,604211
2021-02-01 15:00:00,7761,507693,5189.0,109553,,,7761,507693,5189,109553,12950,617161
2021-02-02 15:00:00,12433,520126,13764.0,123317,,,12433,520126,13764,123317,26197,643358
2021-02-03 15:00:00,18192,538318,18072.0,141389,,,18192,538318,18072,141389,36264,679622
2021-02-04 15:00:00,22049,560367,15706.0,157095,,,22049,560367,15706,157095,37755,717377
2021-02-05 15:00:00,20263,580630,17348.0,174443,,,20263,580630,17348,174443,37611,754988
2021-02-06 15:00:00,11278,591908,14430.0,188873,,,11278,591908,14430,188873,25708,780696
2021-02-07 15:00:00,5906,597814,1795.0,190668,,,5906,597814,1795,190668,7701,788397
2021-02-08 15:00:00,12932,610746,12882.0,203550,,,12932,610746,12882,203550,25814,814211
2021-02-09 15:00:00,16599,627345,13817.0,217367,,,16599,627345,13817,217367,30416,844627
2021-02-10 15:00:00,19227,646572,21176.0,238543,,,19227,646572,21176,238543,40403,885030
2021-02-11 15:00:00,22835,669407,17270.0,255813,,,22835,669407,17270,255813,40105,925135
2021-02-12 15:00:00,20336,689743,19568.0,275381,,,20336,689743,19568,275381,39904,965039
2021-02-13 15:00:00,11397,701140,6386.0,281767,,,11397,701140,6386,281767,17783,982822
2021-02-14 15:00:00,7095,708235,2105.0,283872,,,7095,708235,2105,283872,9200,992022
2021-02-15 15:00:00,11731,719966,13278.0,297150,,,11731,719966,13278,297150,25009,1017031
2021-02-16 15:00:00,16566,736532,20970.0,318120,,,16566,736532,20970,318120,37536,1054567
2021-02-17 15:00:00,20619,757151,26335.0,344455,,,20619,757151,26335,344455,46954,1101521
2021-02-18 15:00:00,3177,760328,4596.0,349051,,,3177,760328,4596,349051,7773,1109294
2021-02-19 15:00:00,10233,770561,19887.0,368938,,,10233,770561,19887,368938,30120,1139414
2021-02-20 15:00:00,10287,780848,20243.0,389181,,,10287,780848,20243,389181,30530,1169944
2021-02-21 15:00:00,6158,787006,7621.0,396802,,,6158,787006,7621,396802,13779,1183723
2021-02-22 15:00:00,8005,795011,15436.0,412238,,,8005,795011,15436,412238,23441,1207164
2021-02-23 15:00:00,15500,810511,15914.0,428152,,,15500,810511,15914,428152,31414,1238578
2021-02-24 15:00:00,17902,828413,24703.0,452855,,,17902,828413,24703,452855,42605,1281183
2021-02-25 15:00:00,20376,848789,26481.0,479336,,,20376,848789,26481,479336,46857,1328040
2021-02-26 15:00:00,26688,875477,26129.0,505465,,,26688,875477,26129,505465,52817,1380857
2021-02-27 15:00:00,15958,891435,11109.0,516574,,,15958,891435,11109,516574,27067,1407924
2021-02-28 15:00:00,15485,906920,4852.0,521426,,,15485,906920,4852,521426,20337,1428261
2021-03-01 15:00:00,26363,933283,12419.0,533845,,,26363,933283,12419,533845,38782,1467043
2021-03-02 15:00:00,23817,957100,13215.0,547060,32.0,32.0,23849,957132,13247,547092,37064,1504107
2021-03-03 15:00:00,30079,987179,18340.0,565400,181.0,213.0,30260,987392,18521,565613,48600,1552707
2021-03-04 15:00:00,30923,1018102,18126.0,583526,4066.0,4279.0,34989,1022381,22192,587805,53115,1605822
2021-03-05 15:00:00,29390,1047492,19407.0,602933,4912.0,9191.0,34302,1056683,24319,612124,53709,1659531
2021-03-06 15:00:00,17821,1065313,8940.0,611873,6004.0,15195.0,23825,1080508,14944,627068,32765,1692296
2021-03-07 15:00:00,12097,1077410,4823.0,616696,6613.0,21808.0,18710,1099218,11436,638504,23533,1715829
2021-03-08 15:00:00,25810,1103220,8779.0,625475,8277.0,30085.0,34087,1133305,17056,655560,42866,1758695
2021-03-09 15:00:00,26057,1129277,15396.0,640871,8343.0,38428.0,34400,1167705,23739,679299,49796,1808491
2021-03-10 15:00:00,29806,1159083,15922.0,656793,7933.0,46361.0,37739,1205444,23855,703154,53661,1862152
2021-03-11 15:00:00,35899,1194982,16384.0,673177,3981.0,50342.0,39880,1245324,20365,723519,56264,1918416
2021-03-12 15:00:00,36854,1231836,18011.0,691188,2919.0,53261.0,39773,1285097,20930,744449,57784,1976200
2021-03-13 15:00:00,22637,1254473,10238.0,701426,1608.0,54869.0,24245,1309342,11846,756295,34483,2010683
2021-03-14 15:00:00,17827,1272300,6675.0,708101,999.0,55868.0,18826,1328168,7674,763969,25501,2036184
2021-03-15 15:00:00,29750,1302050,11239.0,719340,593.0,56461.0,30343,1358511,11832,775801,41582,2077766
2021-03-16 15:00:00,33373,1335423,13516.0,732856,764.0,57225.0,34137,1392648,14280,790081,47653,2125419
2021-03-17 15:00:00,37524,1372947,16973.0,749829,1175.0,58400.0,38699,1431347,18148,808229,55672,2181091
2021-03-18 15:00:00,41360,1414307,12555.0,762384,1348.0,59748.0,42708,1474055,13903,822132,55263,2236354
2021-03-19 15:00:00,38254,1452561,15351.0,777735,1036.0,60784.0,39290,1513345,16387,838519,54641,2290995
2021-03-20 15:00:00,24654,1477215,10086.0,787821,698.0,61482.0,25352,1538697,10784,849303,35438,2326433
2021-03-21 15:00:00,19140,1496355,7827.0,795648,332.0,61814.0,19472,1558169,8159,857462,27299,2353732
2021-03-22 15:00:00,32519,1528874,11411.0,807059,834.0,62648.0,33353,1591522,12245,869707,44764,2398496
2021-03-23 15:00:00,37715,1566589,17287.0,824346,1553.0,64201.0,39268,1630790,18840,888547,56555,2455051
2021-03-24 15:00:00,41035,1607624,21118.0,845464,1380.0,65581.0,42415,1673205,22498,911045,63533,2518584
2021-03-25 15:00:00,42292,1649916,20973.0,866437,2455.0,68036.0,44747,1717952,23428,934473,65720,2584304
2021-03-26 15:00:00,36556,1686472,26225.0,892662,2499.0,70535.0,39055,1757007,28724,963197,65280,2649584
2021-03-27 15:00:00,26903,1713375,16744.0,909406,2481.0,73016.0,29384,1786391,19225,982422,46128,2695712
2021-03-28 15:00:00,17001,1730376,12595.0,922001,1614.0,74630.0,18615,1805006,14209,996631,31210,2726922
2021-03-29 15:00:00,29680,1760056,26184.0,948185,1138.0,75768.0,30818,1835824,27322,1023953,57002,2783924
2021-03-30 15:00:00,39994,1800050,28887.0,977072,1856.0,77624.0,41850,1877674,30743,1054696,70737,2854661
2021-03-31 15:00:00,40991,1841041,34561.0,1011633,5745.0,83369.0,46736,1924410,40306,1095002,81297,2935958
2021-04-01 15:00:00,40949,1881990,39788.0,1051421,5647.0,89016.0,46596,1971006,45435,1140437,86384,3022342
2021-04-02 15:00:00,34938,1916928,32451.0,1083872,6112.0,95128.0,41050,2012056,38563,1179000,73501,3095843
2021-04-03 15:00:00,21594,1938522,18642.0,1102514,4363.0,99491.0,25957,2038013,23005,1202005,44599,3140442
2021-04-04 15:00:00,8233,1946755,10158.0,1112672,962.0,100453.0,9195,2047208,11120,1213125,19353,3159795
2021-04-05 15:00:00,27869,1974624,28816.0,1141488,6648.0,107101.0,34517,2081725,35464,1248589,63333,3223128
2021-04-06 15:00:00,39706,2014330,30368.0,1171856,10482.0,117583.0,50188,2131913,40850,1289439,80556,3303684
2021-04-07 15:00:00,35990,2050320,34156.0,1206012,12964.0,130547.0,48954,2180867,47120,1336559,83110,3386794
2021-04-08 15:00:00,42249,2092569,35956.0,1241968,13847.0,144394.0,56096,2236963,49803,1386362,92052,3478846
2021-04-09 15:00:00,33974,2126543,36246.0,1278214,14515.0,158909.0,48489,2285452,50761,1437123,84735,3563581
2021-04-10 15:00:00,23418,2149961,23080.0,1301294,7618.0,166527.0,31036,2316488,30698,1467821,54116,3617697
2021-04-11 15:00:00,17547,2167508,13248.0,1314542,10121.0,176648.0,27668,2344156,23369,1491190,40916,3658613
2021-04-12 15:00:00,24551,2192059,33099.0,1347641,10889.0,187537.0,35440,2379596,43988,1535178,68539,3727152
2021-04-13 15:00:00,126744,2318803,90535.0,1438176,3292.0,190829.0,130036,2509632,93827,1629005,220571,3947723
2021-04-14 15:00:00,40671,2359474,37715.0,1475891,211.0,191040.0,40882,2550514,37926,1666931,78597,4026320
2021-04-15 15:00:00,41656,2401130,39112.0,1515003,172.0,191212.0,41828,2592342,39284,1706215,80940,4107260
2021-04-16 15:00:00,37168,2438298,38680.0,1553683,23.0,191235.0,37191,2629533,38703,1744918,75871,4183131
2021-04-17 15:00:00,32758,2471056,21960.0,1575643,12.0,191247.0,32770,2662303,21972,1766890,54730,4237861
2021-04-18 15:00:00,20056,2491112,16162.0,1591805,5.0,191252.0,20061,2682364,16167,1783057,36223,4274084
2021-04-19 15:00:00,29868,2520980,36452.0,1628257,61.0,191313.0,29929,2712293,36513,1819570,66381,4340465
2021-04-20 15:00:00,33074,2554054,44136.0,1672393,55.0,191368.0,33129,2745422,44191,1863761,77265,4417730
2021-04-21 15:00:00,39770,2593824,46889.0,1719282,22.0,191390.0,39792,2785214,46911,1910672,86681,4504411
2021-04-22 15:00:00,36361,2630185,41937.0,1761219,16.0,191406.0,36377,2821591,41953,1952625,78314,4582725
2021-04-23 15:00:00,33074,2663259,39962.0,1801181,13.0,191419.0,33087,2854678,39975,1992600,73049,4655774
2021-04-24 15:00:00,26385,2689644,27802.0,1828983,80.0,191499.0,26465,2881143,27882,2020482,54267,4710041
2021-04-25 15:00:00,20212,2709856,10915.0,1839898,30.0,191529.0,20242,2901385,10945,2031427,31157,4741198
2021-04-26 15:00:00,27401,2737257,32593.0,1872491,202.0,191731.0,27603,2928988,32795,2064222,60196,4801394
2021-04-27 15:00:00,26681,2763938,32937.0,1905428,1096.0,192827.0,27777,2956765,34033,2098255,60714,4862108
2021-04-28 15:00:00,28910,2792848,39407.0,1944835,1362.0,194189.0,30272,2987037,40769,2139024,69679,4931787
2021-04-29 15:00:00,27294,2820142,39352.0,1984187,1464.0,195653.0,28758,3015795,40816,2179840,68110,4999897
2021-04-30 15:00:00,28169,2848311,32120.0,2016307,1644.0,197297.0,29813,3045608,33764,2213604,61933,5061830
2021-05-01 15:00:00,20467,2868778,26408.0,2042715,1030.0,198327.0,21497,3067105,27438,2241042,47905,5109735
2021-05-02 15:00:00,10273,2879051,16999.0,2059714,819.0,199146.0,11092,3078197,17818,2258860,28091,5137826
2021-05-03 15:00:00,12731,2891782,28405.0,2088119,1909.0,201055.0,14640,3092837,30314,2289174,43045,5180871
2021-05-04 15:00:00,13538,2905320,38395.0,2126514,1733.0,202788.0,15271,3108108,40128,2329302,53666,5234537
2021-05-05 15:00:00,19319,2924639,37646.0,2164160,1920.0,204708.0,21239,3129347,39566,2368868,58885,5293422
2021-05-06 15:00:00,16919,2941558,40499.0,2204659,1717.0,206425.0,18636,3147983,42216,2411084,59135,5352557
2021-05-07 15:00:00,17396,2958954,35977.0,2240636,1954.0,208379.0,19350,3167333,37931,2449015,55327,5407884
2021-05-08 15:00:00,10782,2969736,31149.0,2271785,1291.0,209670.0,12073,3179406,32440,2481455,43222,5451106
2021-05-09 15:00:00,5050,2974786,11890.0,2283675,696.0,210366.0,5746,3185152,12586,2494041,17636,5468742
2021-05-10 15:00:00,8948,2983734,30977.0,2314652,1357.0,211723.0,10305,3195457,32334,2526375,41282,5510024
2021-05-11 15:00:00,12187,2995921,30213.0,2344865,1437.0,213160.0,13624,3209081,31650,2558025,43837,5553861
2021-05-12 15:00:00,13945,3009866,38521.0,2383386,1916.0,215076.0,15861,3224942,40437,2598462,54382,5608243
2021-05-13 15:00:00,21832,3031698,33385.0,2416771,1346.0,216422.0,23178,3248120,34731,2633193,56563,5664806
2021-05-14 15:00:00,24327,3056025,29933.0,2446704,1772.0,218194.0,26099,3274219,31705,2664898,56032,5720838
2021-05-15 15:00:00,21874,3077899,25033.0,2471737,1489.0,219683.0,23363,3297582,26522,2691420,48396,5769234
2021-05-16 15:00:00,9073,3086972,17530.0,2489267,1112.0,220795.0,10185,3307767,18642,2710062,27715,5796949
2021-05-17 15:00:00,16826,3103798,28296.0,2517563,1949.0,222744.0,18775,3326542,30245,2740307,47071,5844020
2021-05-18 15:00:00,21240,3125038,30618.0,2548181,1941.0,224685.0,23181,3349723,32559,2772866,53799,5897819
2021-05-19 15:00:00,27584,3152622,32338.0,2580519,1626.0,226311.0,29210,3378933,33964,2806830,61548,5959367
2021-05-20 15:00:00,20784,3173406,33165.0,2613684,1963.0,228274.0,22747,3401680,35128,2841958,55912,6015279
2021-05-21 15:00:00,19143,3192549,30215.0,2643899,1607.0,229881.0,20750,3422430,31822,2873780,50965,6066244
2021-05-22 15:00:00,16912,3209461,20633.0,2664532,1269.0,231150.0,18181,3440611,21902,2895682,38814,6105058
2021-05-23 15:00:00,8753,3218214,11421.0,2675953,964.0,232114.0,9717,3450328,12385,2908067,21138,6126196
2021-05-24 15:00:00,13562,3231776,17708.0,2693661,1475.0,233589.0,15037,3465365,19183,2927250,32745,6158941
2021-05-25 15:00:00,13001,3244777,18631.0,2712292,1327.0,234916.0,14328,3479693,19958,2947208,32959,6191900
2021-05-26 15:00:00,18264,3263041,19412.0,2731704,1510.0,236426.0,19774,3499467,20922,2968130,39186,6231086
2021-05-27 15:00:00,11679,3274720,18608.0,2750312,1116.0,237542.0,12795,3512262,19724,2987854,31403,6262489
2021-05-28 15:00:00,12499,3287219,19698.0,2770010,1397.0,238939.0,13896,3526158,21095,3008949,33594,6296083
2021-05-29 15:00:00,9548,3296767,11615.0,2781625,934.0,239873.0,10482,3536640,12549,3021498,22097,6318180
2021-05-30 15:00:00,4966,3301733,6414.0,2788039,597.0,240470.0,5563,3542203,7011,3028509,11977,6330157
2021-05-31 15:00:00,1774,3303507,3706.0,2791745,305.0,240775.0,2079,3544282,4011,3032520,5785,6335942
2021-06-01 15:00:00,9779,3313286,16287.0,2808032,1150.0,241925.0,10929,3555211,17437,3049957,27216,6363158
2021-06-02 15:00:00,10220,3323506,16761.0,2824793,959.0,242884.0,11179,3566390,17720,3067677,27940,6391098
2021-06-03 15:00:00,7891,3331397,21133.0,2845926,1085.0,243969.0,8976,3575366,22218,3089895,30109,6421207
2021-06-04 15:00:00,8199,3339596,22240.0,2868166,1120.0,245089.0,9319,3584685,23360,3113255,31559,6452766
2021-06-05 15:00:00,7013,3346609,19394.0,2887560,719.0,245808.0,7732,3592417,20113,3133368,27126,6479892
2021-06-06 15:00:00,3464,3350073,7208.0,2894768,423.0,246231.0,3887,3596304,7631,3140999,11095,6490987
2021-06-07 15:00:00,6847,3356920,15720.0,2910488,725.0,246956.0,7572,3603876,16445,3157444,23292,6514279
2021-06-08 15:00:00,6666,3363586,19652.0,2930140,830.0,247786.0,7496,3611372,20482,3177926,27148,6541427
2021-06-09 15:00:00,8194,3371780,23892.0,2954032,968.0,248754.0,9162,3620534,24860,3202786,33054,6574481
2021-06-10 15:00:00,7154,3378934,19069.0,2973101,893.0,249647.0,8047,3628581,19962,3222748,27116,6601597
2021-06-11 15:00:00,7461,3386395,17684.0,2990785,1125.0,250772.0,8586,3637167,18809,3241557,26270,6627867
2021-06-12 15:00:00,5229,3391624,14715.0,3005500,604.0,251376.0,5833,3643000,15319,3256876,20548,6648415
2021-06-13 15:00:00,1930,3393554,7552.0,3013052,425.0,251801.0,2355,3645355,7977,3264853,9907,6658322
2021-06-14 15:00:00,5656,3399210,11797.0,3024849,730.0,252531.0,6386,3651741,12527,3277380,18183,6676505
2021-06-15 15:00:00,5641,3404851,14284.0,3039133,870.0,253401.0,6511,3658252,15154,3292534,20795,6697300
2021-06-16 15:00:00,8751,3413602,21534.0,3060667,756.0,254157.0,9507,3667759,22290,3314824,31041,6728341
2021-06-17 15:00:00,6677,3420279,12324.0,3072991,717.0,254874.0,7394,3675153,13041,3327865,19718,6748059
2021-06-18 15:00:00,6832,3427111,12691.0,3085682,703.0,255577.0,7535,3682688,13394,3341259,20226,6768285
2021-06-19 15:00:00,4660,3431771,9350.0,3095032,614.0,256191.0,5274,3687962,9964,3351223,14624,6782909
2021-06-20 15:00:00,2500,3434271,5033.0,3100065,378.0,256569.0,2878,3690840,5411,3356634,7911,6790820
2021-06-21 15:00:00,5552,3439823,5313.0,3105378,636.0,257205.0,6188,3697028,5949,3362583,11501,6802321
2021-06-22 15:00:00,5193,3445016,8840.0,3114218,681.0,257886.0,5874,3702902,9521,3372104,14714,6817035
2021-06-23 15:00:00,6057,3451073,10288.0,3124506,644.0,258530.0,6701,3709603,10932,3383036,16989,6834024
2021-06-24 15:00:00,5927,3457000,8177.0,3132683,593.0,259123.0,6520,3716123,8770,3391806,14697,6848721
2021-06-25 15:00:00,5826,3462826,8610.0,3141293,619.0,259742.0,6445,3722568,9229,3401035,15055,6863776
2021-06-26 15:00:00,3700,3466526,6287.0,3147580,396.0,260138.0,4096,3726664,6683,3407718,10383,6874159
2021-06-27 15:00:00,2805,3469331,3509.0,3151089,184.0,260322.0,2989,3729653,3693,3411411,6498,6880657
2021-06-28 15:00:00,4729,3474060,6079.0,3157168,521.0,260843.0,5250,3734903,6600,3418011,11329,6891986
2021-06-29 15:00:00,5062,3479122,6431.0,3163599,517.0,261360.0,5579,3740482,6948,3424959,12010,6903996
2021-06-30 15:00:00,5601,3484723,7359.0,3170958,602.0,261962.0,6203,3746685,7961,3432920,13562,6917558
2021-07-01 15:00:00,5334,3490057,6910.0,3177868,492.0,262454.0,5826,3752511,7402,3440322,12736,6930294
2021-07-02 15:00:00,5283,3495340,6800.0,3184668,519.0,262973.0,5802,3758313,7319,3447641,12602,6942896
2021-07-03 15:00:00,3260,3498600,4045.0,3188713,260.0,263233.0,3520,3761833,4305,3451946,7565,6950461
2021-07-04 15:00:00,493,3499093,542.0,3189255,66.0,263299.0,559,3762392,608,3452554,1101,6951562
2021-07-05 15:00:00,3752,3502845,3942.0,3193197,282.0,263581.0,4034,3766426,4224,3456778,7976,6959538
2021-07-06 15:00:00,4480,3507325,6222.0,3199419,451.0,264032.0,4931,3771357,6673,3463451,11153,6970691
2021-07-07 15:00:00,4455,3511780,6370.0,3205789,482.0,264514.0,4937,3776294,6852,3470303,11307,6981998
2021-07-08 15:00:00,4828,3516608,6124.0,3211913,563.0,265077.0,5391,3781685,6687,3476990,11515,6993513
2021-07-09 15:00:00,5343,3521951,6620.0,3218533,571.0,265648.0,5914,3787599,7191,3484181,12534,7006047
2021-07-10 15:00:00,3520,3525471,4376.0,3222909,301.0,265949.0,3821,3791420,4677,3488858,8197,7014244
2021-07-11 15:00:00,2669,3528140,2558.0,3225467,222.0,266171.0,2891,3794311,2780,3491638,5449,7019693
2021-07-12 15:00:00,4413,3532553,5094.0,3230561,377.0,266548.0,4790,3799101,5471,3497109,9884,7029577
2021-07-13 15:00:00,4753,3537306,4592.0,3235153,365.0,266913.0,5118,3804219,4957,3502066,9710,7039287
2021-07-14 15:00:00,4600,3541906,5244.0,3240397,421.0,267334.0,5021,3809240,5665,3507731,10265,7049552
2021-07-15 15:00:00,4873,3546779,4974.0,3245371,356.0,267690.0,5229,3814469,5330,3513061,10203,7059755
2021-07-16 15:00:00,6272,3553051,5803.0,3251174,401.0,268091.0,6673,3821142,6204,3519265,12476,7072231
2021-07-17 15:00:00,3404,3556455,3537.0,3254711,300.0,268391.0,3704,3824846,3837,3523102,7241,7079472
2021-07-18 15:00:00,2300,3558755,2366.0,3257077,110.0,268501.0,2410,3827256,2476,3525578,4776,7084248
2021-07-19 15:00:00,5249,3564004,4463.0,3261540,377.0,268878.0,5626,3832882,4840,3530418,10089,7094337
2021-07-20 15:00:00,5326,3569330,4682.0,3266222,366.0,269244.0,5692,3838574,5048,3535466,10374,7104711
2021-07-21 15:00:00,5631,3574961,4906.0,3271128,415.0,269659.0,6046,3844620,5321,3540787,10952,7115663
2021-07-22 15:00:00,6013,3580974,4596.0,3275724,469.0,270128.0,6482,3851102,5065,3545852,11078,7126741
2021-07-23 15:00:00,6827,3587801,4814.0,3280538,489.0,270617.0,7316,3858418,5303,3551155,12130,7138871
2021-07-24 15:00:00,4274,3592075,3190.0,3283728,267.0,270884.0,4541,3862959,3457,3554612,7731,7146602
2021-07-25 15:00:00,3289,3595364,1109.0,3284837,138.0,271022.0,3427,3866386,1247,3555859,4536,7151138
2021-07-26 15:00:00,6196,3601560,3877.0,3288714,415.0,271437.0,6611,3872997,4292,3560151,10488,7161626
2021-07-27 15:00:00,6343,3607903,4043.0,3292757,453.0,271890.0,6796,3879793,4496,3564647,10839,7172465
2021-07-28 15:00:00,6798,3614701,3994.0,3296751,458.0,272348.0,7256,3887049,4452,3569099,11250,7183715
2021-07-29 15:00:00,6802,3621503,4129.0,3300880,416.0,272764.0,7218,3894267,4545,3573644,11347,7195062
2021-07-30 15:00:00,7530,3629033,4501.0,3305381,521.0,273285.0,8051,3902318,5022,3578666,12552,7207614
2021-07-31 15:00:00,4777,3633810,3034.0,3308415,272.0,273557.0,5049,3907367,3306,3581972,8083,7215697
2021-08-01 15:00:00,3816,3637626,2105.0,3310520,158.0,273715.0,3974,3911341,2263,3584235,6079,7221776
2021-08-02 15:00:00,7015,3644641,3628.0,3314148,335.0,274050.0,7350,3918691,3963,3588198,10978,7232754
2021-08-03 15:00:00,6997,3651638,3888.0,3318036,510.0,274560.0,7507,3926198,4398,3592596,11395,7244149
2021-08-04 15:00:00,7159,3658797,3885.0,3321921,528.0,275088.0,7687,3933885,4413,3597009,11572,7255721
2021-08-05 15:00:00,7673,3666470,4104.0,3326025,537.0,275625.0,8210,3942095,4641,3601650,12314,7268035
2021-08-06 15:00:00,8287,3674757,4678.0,3330703,451.0,276076.0,8738,3950833,5129,3606779,13416,7281451
2021-08-07 15:00:00,5248,3680005,2792.0,3333495,264.0,276340.0,5512,3956345,3056,3609835,8304,7289755
2021-08-08 15:00:00,3946,3683951,2037.0,3335532,141.0,276481.0,4087,3960432,2178,3612013,6124,7295879
2021-08-09 15:00:00,6915,3690866,4503.0,3340035,366.0,276847.0,7281,3967713,4869,3616882,11784,7307663
2021-08-10 15:00:00,7120,3697986,4430.0,3344465,337.0,277184.0,7457,3975170,4767,3621649,11887,7319550
2021-08-11 15:00:00,7032,3705018,4416.0,3348881,439.0,277623.0,7471,3982641,4855,3626504,11887,7331437
2021-08-12 15:00:00,8572,3713590,4710.0,3353591,444.0,278067.0,9016,3991657,5154,3631658,13726,7345163
2021-08-13 15:00:00,7117,3720707,5335.0,3358926,394.0,278461.0,7511,3999168,5729,3637387,12846,7358009
2021-08-14 15:00:00,4911,3725618,3329.0,3362255,285.0,278746.0,5196,4004364,3614,3641001,8525,7366534
2021-08-15 15:00:00,3318,3728936,2724.0,3364979,163.0,278909.0,3481,4007845,2887,3643888,6205,7372739
2021-08-16 15:00:00,5423,3734359,5065.0,3370044,353.0,279262.0,5776,4013621,5418,3649306,10841,7383580
2021-08-17 15:00:00,6947,3741306,5168.0,3375212,388.0,279650.0,7335,4020956,5556,3654862,12503,7396083
2021-08-18 15:00:00,6501,3747807,5282.0,3380494,476.0,280126.0,6977,4027933,5758,3660620,12259,7408342
2021-08-19 15:00:00,5980,3753787,5308.0,3385802,415.0,280541.0,6395,4034328,5723,3666343,11703,7420045
2021-08-20 15:00:00,7029,3760816,6310.0,3392112,402.0,280943.0,7431,4041759,6712,3673055,13741,7433786
2021-08-21 15:00:00,4310,3765126,3902.0,3396014,225.0,281168.0,4535,4046294,4127,3677182,8437,7442223
2021-08-22 15:00:00,3061,3768187,3155.0,3399169,109.0,281277.0,3170,4049464,3264,3680446,6325,7448548
2021-08-23 15:00:00,6158,3774345,5908.0,3405077,285.0,281562.0,6443,4055907,6193,3686639,12351,7460899
2021-08-24 15:00:00,6638,3780983,5857.0,3410934,424.0,281986.0,7062,4062969,6281,3692920,12919,7473818
2021-08-25 15:00:00,6894,3787877,5996.0,3416930,439.0,282425.0,7333,4070302,6435,3699355,13329,7487147
2021-08-26 15:00:00,7171,3795048,6417.0,3423347,427.0,282852.0,7598,4077900,6844,3706199,14015,7501162
2021-08-27 15:00:00,6860,3801908,7009.0,3430356,316.0,283168.0,7176,4085076,7325,3713524,14185,7515347
2021-08-28 15:00:00,6902,3808810,6480.0,3436836,326.0,283494.0,7228,4092304,6806,3720330,13708,7529055
2021-08-29 15:00:00,3737,3812547,3675.0,3440511,611.0,284105.0,4348,4096652,4286,3724616,8023,7537078
2021-08-30 15:00:00,5942,3818489,6081.0,3446592,960.0,285065.0,6902,4103554,7041,3731657,12983,7550061
2021-08-31 15:00:00,5691,3824180,5910.0,3452502,945.0,286010.0,6636,4110190,6855,3738512,12546,7562607
2021-09-01 15:00:00,5541,3829721,5574.0,3458076,906.0,286916.0,6447,4116637,6480,3744992,12021,7574628
2021-09-02 15:00:00,5527,3835248,5882.0,3463958,702.0,287618.0,6229,4122866,6584,3751576,12111,7586739
2021-09-03 15:00:00,5995,3841243,6875.0,3470833,971.0,288589.0,6966,4129832,7846,3759422,13841,7600580
2021-09-04 15:00:00,3711,3844954,4319.0,3475152,877.0,289466.0,4588,4134420,5196,3764618,8907,7609487
2021-09-05 15:00:00,2950,3847904,2799.0,3477951,105.0,289571.0,3055,4137475,2904,3767522,5854,7615341
2021-09-06 15:00:00,1051,3848955,1143.0,3479094,62.0,289633.0,1113,4138588,1205,3768727,2256,7617597
2021-09-07 15:00:00,5341,3854296,7244.0,3486338,2304.0,291937.0,7645,4146233,9548,3778275,14889,7632486
2021-09-08 15:00:00,4659,3858955,5432.0,3491770,365.0,292302.0,5024,4151257,5797,3784072,10456,7642942
2021-09-09 15:00:00,5072,3864027,5347.0,3497117,324.0,292626.0,5396,4156653,5671,3789743,10743,7653685
2021-09-10 15:00:00,6540,3870567,6589.0,3503706,1716.0,294342.0,8256,4164909,8305,3798048,14845,7668530
2021-09-11 15:00:00,4164,3874731,4314.0,3508020,663.0,295005.0,4827,4169736,4977,3803025,9141,7677671
2021-09-12 15:00:00,3157,3877888,3228.0,3511248,436.0,295441.0,3593,4173329,3664,3806689,6821,7684492
2021-09-13 15:00:00,4663,3882551,4835.0,3516083,345.0,295786.0,5008,4178337,5180,3811869,9843,7694335
2021-09-14 15:00:00,4577,3887128,5185.0,3521268,435.0,296221.0,5012,4183349,5620,3817489,10197,7704532
2021-09-15 15:00:00,4849,3891977,5588.0,3526856,387.0,296608.0,5236,4188585,5975,3823464,10824,7715356
2021-09-16 15:00:00,4586,3896563,5602.0,3532458,332.0,296940.0,4918,4193503,5934,3829398,10520,7725876
2021-09-17 15:00:00,5042,3901605,6324.0,3538782,341.0,297281.0,5383,4198886,6665,3836063,11707,7737583
2021-09-18 15:00:00,3775,3905380,4554.0,3543336,185.0,297466.0,3960,4202846,4739,3840802,8514,7746097
2021-09-19 15:00:00,2743,3908123,3152.0,3546488,75.0,297541.0,2818,4205664,3227,3844029,5970,7752067
2021-09-20 15:00:00,3545,3911668,4460.0,3550948,428.0,297969.0,3973,4209637,4888,3848917,8433,7760500
2021-09-21 15:00:00,3788,3915456,4805.0,3555753,325.0,298294.0,4113,4213750,5130,3854047,8918,7769418
2021-09-22 15:00:00,4191,3919647,4739.0,3560492,459.0,298753.0,4650,4218400,5198,3859245,9389,7778807
2021-09-23 15:00:00,4181,3923828,4687.0,3565179,490.0,299243.0,4671,4223071,5177,3864422,9358,7788165
2021-09-24 15:00:00,5069,3928897,5572.0,3570751,422.0,299665.0,5491,4228562,5994,3870416,11063,7799228
2021-09-25 15:00:00,3622,3932519,3622.0,3574373,385.0,300050.0,4007,4232569,4007,3874423,7629,7806857
2021-09-26 15:00:00,2352,3934871,2653.0,3577026,421.0,300471.0,2773,4235342,3074,3877497,5426,7812283
2021-09-27 15:00:00,4503,3939374,2681.0,3579707,508.0,300979.0,5011,4240353,3189,3880686,7692,7819975
2021-09-28 15:00:00,4400,3943774,4436.0,3584143,211.0,301190.0,4611,4244964,4647,3885333,9047,7829022
2021-09-29 15:00:00,4700,3948474,4494.0,3588637,918.0,302108.0,5618,4250582,5412,3890745,10112,7839134
2021-09-30 15:00:00,4886,3953360,4551.0,3593188,792.0,302900.0,5678,4256260,5343,3896088,10229,7849363
2021-10-01 15:00:00,5440,3958800,5276.0,3598464,778.0,303678.0,6218,4262478,6054,3902142,11494,7860857
2021-10-02 15:00:00,2936,3961736,2884.0,3601348,187.0,303865.0,3123,4265601,3071,3905213,6007,7866864
2021-10-03 15:00:00,2075,3963811,2373.0,3603721,86.0,303951.0,2161,4267762,2459,3907672,4534,7871398
2021-10-04 15:00:00,4144,3967955,3361.0,3607082,233.0,304184.0,4377,4272139,3594,3911266,7738,7879136
2021-10-05 15:00:00,4054,3972009,3562.0,3610644,204.0,304388.0,4258,4276397,3766,3915032,7820,7886956
2021-10-06 15:00:00,4117,3976126,3483.0,3614127,264.0,304652.0,4381,4280778,3747,3918779,7864,7894820
2021-10-07 15:00:00,4367,3980493,3491.0,3617618,331.0,304983.0,4698,4285476,3822,3922601,8189,7903009
2021-10-08 15:00:00,4938,3985431,4115.0,3621733,281.0,305264.0,5219,4290695,4396,3926997,9334,7912343
2021-10-09 15:00:00,2685,3988116,2672.0,3624405,271.0,305535.0,2956,4293651,2943,3929940,5628,7917971
2021-10-10 15:00:00,1860,3989976,1843.0,3626248,59.0,305594.0,1919,4295570,1902,3931842,3762,7921733
2021-10-11 15:00:00,4358,3994334,3187.0,3629435,248.0,305842.0,4606,4300176,3435,3935277,7793,7929526
2021-10-12 15:00:00,3732,3998066,3388.0,3632823,269.0,306111.0,4001,4304177,3657,3938934,7389,7936915
2021-10-13 15:00:00,3972,4002038,3431.0,3636254,347.0,306458.0,4319,4308496,3778,3942712,7750,7944665
2021-10-14 15:00:00,5160,4007198,5458.0,3641712,428.0,306886.0,5588,4314084,5886,3948598,11046,7955711
2021-10-15 15:00:00,4723,4011921,4558.0,3646270,347.0,307233.0,5070,4319154,4905,3953503,9628,7965339
2021-10-16 15:00:00,2500,4014421,2492.0,3648762,290.0,307523.0,2790,4321944,2782,3956285,5282,7970621
2021-10-17 15:00:00,1806,4016227,1772.0,3650534,55.0,307578.0,1861,4323805,1827,3958112,3633,7974254
2021-10-18 15:00:00,4294,4020521,3564.0,3654098,266.0,307844.0,4560,4328365,3830,3961942,8124,7982378
2021-10-19 15:00:00,4310,4024831,4013.0,3658111,222.0,308066.0,4532,4332897,4235,3966177,8545,7990923
2021-10-20 15:00:00,3529,4028360,3416.0,3661527,254.0,308320.0,3783,4336680,3670,3969847,7199,7998122
2021-10-21 15:00:00,3305,4031665,3249.0,3664776,290.0,308610.0,3595,4340275,3539,3973386,6844,8004966
2021-10-22 15:00:00,4697,4036362,4021.0,3668797,475.0,309085.0,5172,4345447,4496,3977882,9193,8014159
2021-10-23 15:00:00,2904,4039266,2123.0,3670920,321.0,309406.0,3225,4348672,2444,3980326,5348,8019507
2021-10-24 15:00:00,2060,4041326,1554.0,3672474,77.0,309483.0,2137,4350809,1631,3981957,3691,8023198
2021-10-25 15:00:00,4547,4045873,3089.0,3675563,316.0,309799.0,4863,4355672,3405,3985362,7952,8031150
2021-10-26 15:00:00,4519,4050392,3134.0,3678697,311.0,310110.0,4830,4360502,3445,3988807,7964,8039114
2021-10-27 15:00:00,4740,4055132,3367.0,3682064,428.0,310538.0,5168,4365670,3795,3992602,8535,8047649
2021-10-28 15:00:00,4551,4059683,3394.0,3685458,495.0,311033.0,5046,4370716,3889,3996491,8440,8056089
2021-10-29 15:00:00,4968,4064651,3905.0,3689363,392.0,311425.0,5360,4376076,4297,4000788,9265,8065354
2021-10-30 15:00:00,2632,4067283,1857.0,3691220,308.0,311733.0,2940,4379016,2165,4002953,4797,8070151
2021-10-31 15:00:00,1948,4069231,1505.0,3692725,94.0,311827.0,2042,4381058,1599,4004552,3547,8073698
2021-11-01 15:00:00,4629,4073860,3463.0,3696188,339.0,312166.0,4968,4386026,3802,4008354,8431,8082129
2021-11-02 15:00:00,4247,4078107,3020.0,3699208,404.0,312570.0,4651,4390677,3424,4011778,7671,8089800
2021-11-03 15:00:00,4618,4082725,3116.0,3702324,457.0,313027.0,5075,4395752,3573,4015351,8191,8097991
2021-11-04 15:00:00,6043,4088768,3410.0,3705734,513.0,313540.0,6556,4402308,3923,4019274,9966,8107957
2021-11-05 15:00:00,7875,4096643,3833.0,3709567,407.0,313947.0,8282,4410590,4240,4023514,12115,8120072
2021-11-06 15:00:00,10021,4106664,1976.0,3711543,305.0,314252.0,10326,4420916,2281,4025795,12302,8132374
2021-11-07 15:00:00,7524,4114188,1408.0,3712951,95.0,314347.0,7619,4428535,1503,4027298,9027,8141401
2021-11-08 15:00:00,11194,4125382,3092.0,3716043,376.0,314723.0,11570,4440105,3468,4030766,14662,8156063
2021-11-09 15:00:00,11573,4136955,2695.0,3718738,265.0,314988.0,11838,4451943,2960,4033726,14533,8170596
2021-11-10 15:00:00,12323,4149278,2818.0,3721556,335.0,315323.0,12658,4464601,3153,4036879,15476,8186072
2021-11-11 15:00:00,11092,4160370,2430.0,3723986,279.0,315602.0,11371,4475972,2709,4039588,13801,8199873
2021-11-12 15:00:00,12091,4172461,3418.0,3727404,545.0,316147.0,12636,4488608,3963,4043551,16054,8215927
2021-11-13 15:00:00,9640,4182101,1576.0,3728980,340.0,316487.0,9980,4498588,1916,4045467,11556,8227483
2021-11-14 15:00:00,3835,4185936,1122.0,3730102,120.0,316607.0,3955,4502543,1242,4046709,5077,8232560
2021-11-15 15:00:00,8471,4194407,2592.0,3732694,201.0,316808.0,8672,4511215,2793,4049502,11264,8243824
2021-11-16 15:00:00,8955,4203362,2567.0,3735261,248.0,317056.0,9203,4520418,2815,4052317,11770,8255594
2021-11-17 15:00:00,9181,4212543,2874.0,3738135,308.0,317364.0,9489,4529907,3182,4055499,12363,8267957
2021-11-18 15:00:00,9051,4221594,2689.0,3740824,478.0,317842.0,9529,4539436,3167,4058666,12218,8280175
2021-11-19 15:00:00,9569,4231163,2978.0,3743802,373.0,318215.0,9942,4549378,3351,4062017,12920,8293095
2021-11-20 15:00:00,10478,4241641,1584.0,3745386,450.0,318665.0,10928,4560306,2034,4064051,12512,8305607
2021-11-21 15:00:00,4301,4245942,1187.0,3746573,97.0,318762.0,4398,4564704,1284,4065335,5585,8311192
2021-11-22 15:00:00,9578,4255520,2538.0,3749111,287.0,319049.0,9865,4574569,2825,4068160,12403,8323595
2021-11-23 15:00:00,8920,4264440,2451.0,3751562,272.0,319321.0,9192,4583761,2723,4070883,11643,8335238
2021-11-24 15:00:00,7848,4272288,2439.0,3754001,211.0,319532.0,8059,4591820,2650,4073533,10498,8345736
2021-11-25 15:00:00,181,4272469,69.0,3754070,9.0,319541.0,190,4592010,78,4073611,259,8345995
2021-11-26 15:00:00,5248,4277717,3783.0,3757853,146.0,319687.0,5394,4597404,3929,4077540,9177,8355172
2021-11-27 15:00:00,3354,4281071,5228.0,3763081,128.0,319815.0,3482,4600886,5356,4082896,8710,8363882
2021-11-28 15:00:00,1998,4283069,5777.0,3768858,73.0,319888.0,2071,4602957,5850,4088746,7848,8371730
2021-11-29 15:00:00,5847,4288916,8684.0,3777542,359.0,320247.0,6206,4609163,9043,4097789,14890,8386620
2021-11-30 15:00:00,4370,4293286,6343.0,3783885,222.0,320469.0,4592,4613755,6565,4104354,10935,8397555
2021-12-01 15:00:00,3332,4296618,4115.0,3788000,185.0,320654.0,3517,4617272,4300,4108654,7632,8405187
