VACCINATION_DATE,FirstDailyDose,FirstDoseCumulative,SecondDailyDose,SecondDoseCumulative,SingleDailyDose,SingleDoseCumulative,AtleastOneVaccine,AtleastOneVaccineCumulative,CompletedVax,CompletedVaxCumulative,FirstSecondSingleVaccinations,FirstSecondSingleVaccinationsCumulative
2020-12-14 15:00:00,19,1488,,535,,,19,1488,0,535,19,1960
2020-12-15 15:00:00,62,1550,3.0,538,,,62,1550,3,538,65,2025
2020-12-16 15:00:00,597,2147,5.0,543,,,597,2147,5,543,602,2627
2020-12-17 15:00:00,1169,3316,8.0,551,,,1169,3316,8,551,1177,3804
2020-12-18 15:00:00,3032,6348,12.0,563,,,3032,6348,12,563,3044,6848
2020-12-19 15:00:00,930,7278,7.0,570,,,930,7278,7,570,937,7785
2020-12-20 15:00:00,370,7648,6.0,576,,,370,7648,6,576,376,8161
2020-12-21 15:00:00,3901,11549,26.0,602,,,3901,11549,26,602,3927,12088
2020-12-22 15:00:00,6328,17877,30.0,632,,,6328,17877,30,632,6358,18446
2020-12-23 15:00:00,5796,23673,40.0,672,,,5796,23673,40,672,5836,24282
2020-12-24 15:00:00,2730,26403,15.0,687,,,2730,26403,15,687,2745,27027
2020-12-25 15:00:00,1035,27438,4.0,691,,,1035,27438,4,691,1039,28066
2020-12-26 15:00:00,1887,29325,10.0,701,,,1887,29325,10,701,1897,29963
2020-12-27 15:00:00,1804,31129,12.0,713,,,1804,31129,12,713,1816,31779
2020-12-28 15:00:00,8996,40125,52.0,765,,,8996,40125,52,765,9048,40827
2020-12-29 15:00:00,10980,51105,54.0,819,,,10980,51105,54,819,11034,51861
2020-12-30 15:00:00,12509,63614,98.0,917,,,12509,63614,98,917,12607,64468
2020-12-31 15:00:00,7563,71177,48.0,965,,,7563,71177,48,965,7611,72079
2021-01-01 15:00:00,3417,74594,145.0,1110,,,3417,74594,145,1110,3562,75641
2021-01-02 15:00:00,3062,77656,34.0,1144,,,3062,77656,34,1144,3096,78737
2021-01-03 15:00:00,3416,81072,82.0,1226,,,3416,81072,82,1226,3498,82235
2021-01-04 15:00:00,13378,94450,343.0,1569,,,13378,94450,343,1569,13721,95956
2021-01-05 15:00:00,12495,106945,550.0,2119,,,12495,106945,550,2119,13045,109001
2021-01-06 15:00:00,15285,122230,871.0,2990,,,15285,122230,871,2990,16156,125157
2021-01-07 15:00:00,15053,137283,1789.0,4779,,,15053,137283,1789,4779,16842,141999
2021-01-08 15:00:00,24032,161315,2794.0,7573,,,24032,161315,2794,7573,26826,168825
2021-01-09 15:00:00,5188,166503,959.0,8532,,,5188,166503,959,8532,6147,174972
2021-01-10 15:00:00,2988,169491,389.0,8921,,,2988,169491,389,8921,3377,178349
2021-01-11 15:00:00,13747,183238,3488.0,12409,,,13747,183238,3488,12409,17235,195584
2021-01-12 15:00:00,17410,200648,5600.0,18009,,,17410,200648,5600,18009,23010,218594
2021-01-13 15:00:00,18637,219285,3942.0,21951,,,18637,219285,3942,21951,22579,241173
2021-01-14 15:00:00,17882,237167,1968.0,23919,,,17882,237167,1968,23919,19850,261023
2021-01-15 15:00:00,19511,256678,2040.0,25959,,,19511,256678,2040,25959,21551,282574
2021-01-16 15:00:00,5848,262526,1625.0,27584,,,5848,262526,1625,27584,7473,290047
2021-01-17 15:00:00,2129,264655,1480.0,29064,,,2129,264655,1480,29064,3609,293656
2021-01-18 15:00:00,7089,271744,3269.0,32333,,,7089,271744,3269,32333,10358,304014
2021-01-19 15:00:00,16963,288707,5420.0,37753,,,16963,288707,5420,37753,22383,326397
2021-01-20 15:00:00,21026,309733,5339.0,43092,,,21026,309733,5339,43092,26365,352762
2021-01-21 15:00:00,23837,333570,3875.0,46967,,,23837,333570,3875,46967,27712,380474
2021-01-22 15:00:00,28679,362249,3773.0,50740,,,28679,362249,3773,50740,32452,412926
2021-01-23 15:00:00,10133,372382,1949.0,52689,,,10133,372382,1949,52689,12082,425008
2021-01-24 15:00:00,3362,375744,1727.0,54416,,,3362,375744,1727,54416,5089,430097
2021-01-25 15:00:00,16314,392058,8625.0,63041,,,16314,392058,8625,63041,24939,455036
2021-01-26 15:00:00,17574,409632,8985.0,72026,,,17574,409632,8985,72026,26559,481595
2021-01-27 15:00:00,24448,434080,12583.0,84609,,,24448,434080,12583,84609,37031,518626
2021-01-28 15:00:00,22669,456749,9344.0,93953,,,22669,456749,9344,93953,32013,550639
2021-01-29 15:00:00,24798,481547,7944.0,101897,,,24798,481547,7944,101897,32742,583381
2021-01-30 15:00:00,17794,499341,2572.0,104469,,,17794,499341,2572,104469,20366,603747
2021-01-31 15:00:00,3766,503107,1375.0,105844,,,3766,503107,1375,105844,5141,608888
2021-02-01 15:00:00,8202,511309,5441.0,111285,,,8202,511309,5441,111285,13643,622531
2021-02-02 15:00:00,12528,523837,13848.0,125133,,,12528,523837,13848,125133,26376,648907
2021-02-03 15:00:00,18280,542117,18155.0,143288,,,18280,542117,18155,143288,36435,685342
2021-02-04 15:00:00,22155,564272,15805.0,159093,,,22155,564272,15805,159093,37960,723302
2021-02-05 15:00:00,20424,584696,17453.0,176546,,,20424,584696,17453,176546,37877,761179
2021-02-06 15:00:00,11387,596083,14543.0,191089,,,11387,596083,14543,191089,25930,787109
2021-02-07 15:00:00,5994,602077,1953.0,193042,,,5994,602077,1953,193042,7947,795056
2021-02-08 15:00:00,13022,615099,12990.0,206032,,,13022,615099,12990,206032,26012,821068
2021-02-09 15:00:00,16672,631771,13896.0,219928,,,16672,631771,13896,219928,30568,851636
2021-02-10 15:00:00,19338,651109,21328.0,241256,,,19338,651109,21328,241256,40666,892302
2021-02-11 15:00:00,22950,674059,17396.0,258652,,,22950,674059,17396,258652,40346,932648
2021-02-12 15:00:00,20448,694507,19688.0,278340,,,20448,694507,19688,278340,40136,972784
2021-02-13 15:00:00,11476,705983,6433.0,284773,,,11476,705983,6433,284773,17909,990693
2021-02-14 15:00:00,7123,713106,2142.0,286915,,,7123,713106,2142,286915,9265,999958
2021-02-15 15:00:00,11772,724878,13351.0,300266,,,11772,724878,13351,300266,25123,1025081
2021-02-16 15:00:00,16658,741536,21045.0,321311,,,16658,741536,21045,321311,37703,1062784
2021-02-17 15:00:00,20690,762226,26399.0,347710,,,20690,762226,26399,347710,47089,1109873
2021-02-18 15:00:00,3207,765433,4632.0,352342,,,3207,765433,4632,352342,7839,1117712
2021-02-19 15:00:00,10268,775701,19948.0,372290,,,10268,775701,19948,372290,30216,1147928
2021-02-20 15:00:00,10321,786022,20325.0,392615,,,10321,786022,20325,392615,30646,1178574
2021-02-21 15:00:00,6196,792218,7672.0,400287,,,6196,792218,7672,400287,13868,1192442
2021-02-22 15:00:00,8049,800267,15500.0,415787,,,8049,800267,15500,415787,23549,1215991
2021-02-23 15:00:00,15547,815814,15990.0,431777,,,15547,815814,15990,431777,31537,1247528
2021-02-24 15:00:00,18005,833819,24855.0,456632,,,18005,833819,24855,456632,42860,1290388
2021-02-25 15:00:00,20406,854225,26605.0,483237,,,20406,854225,26605,483237,47011,1337399
2021-02-26 15:00:00,26701,880926,26286.0,509523,,,26701,880926,26286,509523,52987,1390386
2021-02-27 15:00:00,16034,896960,11167.0,520690,,,16034,896960,11167,520690,27201,1417587
2021-02-28 15:00:00,15526,912486,4896.0,525586,,,15526,912486,4896,525586,20422,1438009
2021-03-01 15:00:00,27288,939774,12698.0,538284,,,27288,939774,12698,538284,39986,1477995
2021-03-02 15:00:00,24010,963784,13309.0,551593,38.0,38.0,24048,963822,13347,551631,37357,1515352
2021-03-03 15:00:00,30257,994041,18432.0,570025,194.0,232.0,30451,994273,18626,570257,48883,1564235
2021-03-04 15:00:00,31021,1025062,18261.0,588286,4068.0,4300.0,35089,1029362,22329,592586,53350,1617585
2021-03-05 15:00:00,30105,1055167,19795.0,608081,4913.0,9213.0,35018,1064380,24708,617294,54813,1672398
2021-03-06 15:00:00,19010,1074177,9539.0,617620,6009.0,15222.0,25019,1089399,15548,632842,34558,1706956
2021-03-07 15:00:00,12157,1086334,4931.0,622551,6605.0,21827.0,18762,1108161,11536,644378,23693,1730649
2021-03-08 15:00:00,25934,1112268,8868.0,631419,8276.0,30103.0,34210,1142371,17144,661522,43078,1773727
2021-03-09 15:00:00,26157,1138425,15506.0,646925,8345.0,38448.0,34502,1176873,23851,685373,50008,1823735
2021-03-10 15:00:00,29897,1168322,16062.0,662987,7937.0,46385.0,37834,1214707,23999,709372,53896,1877631
2021-03-11 15:00:00,36026,1204348,16435.0,679422,3982.0,50367.0,40008,1254715,20417,729789,56443,1934074
2021-03-12 15:00:00,36925,1241273,18166.0,697588,2929.0,53296.0,39854,1294569,21095,750884,58020,1992094
2021-03-13 15:00:00,22674,1263947,10347.0,707935,1630.0,54926.0,24304,1318873,11977,762861,34651,2026745
2021-03-14 15:00:00,17843,1281790,6740.0,714675,1010.0,55936.0,18853,1337726,7750,770611,25593,2052338
2021-03-15 15:00:00,29904,1311694,11375.0,726050,599.0,56535.0,30503,1368229,11974,782585,41878,2094216
2021-03-16 15:00:00,33491,1345185,13598.0,739648,772.0,57307.0,34263,1402492,14370,796955,47861,2142077
2021-03-17 15:00:00,37648,1382833,17089.0,756737,1183.0,58490.0,38831,1441323,18272,815227,55920,2197997
2021-03-18 15:00:00,41483,1424316,12712.0,769449,1353.0,59843.0,42836,1484159,14065,829292,55548,2253545
2021-03-19 15:00:00,38393,1462709,15448.0,784897,1046.0,60889.0,39439,1523598,16494,845786,54887,2308432
2021-03-20 15:00:00,24743,1487452,10236.0,795133,705.0,61594.0,25448,1549046,10941,856727,35684,2344116
2021-03-21 15:00:00,19205,1506657,7912.0,803045,342.0,61936.0,19547,1568593,8254,864981,27459,2371575
2021-03-22 15:00:00,32611,1539268,11527.0,814572,835.0,62771.0,33446,1602039,12362,877343,44973,2416548
2021-03-23 15:00:00,38418,1577686,17881.0,832453,1557.0,64328.0,39975,1642014,19438,896781,57856,2474404
2021-03-24 15:00:00,41094,1618780,21267.0,853720,1388.0,65716.0,42482,1684496,22655,919436,63749,2538153
2021-03-25 15:00:00,42932,1661712,21757.0,875477,2455.0,68171.0,45387,1729883,24212,943648,67144,2605297
2021-03-26 15:00:00,36394,1698106,26728.0,902205,2495.0,70666.0,38889,1768772,29223,972871,65617,2670914
2021-03-27 15:00:00,26476,1724582,17336.0,919541,2489.0,73155.0,28965,1797737,19825,992696,46301,2717215
2021-03-28 15:00:00,17014,1741596,12694.0,932235,1615.0,74770.0,18629,1816366,14309,1007005,31323,2748538
2021-03-29 15:00:00,29728,1771324,26403.0,958638,1142.0,75912.0,30870,1847236,27545,1034550,57273,2805811
2021-03-30 15:00:00,40071,1811395,29105.0,987743,1865.0,77777.0,41936,1889172,30970,1065520,71041,2876852
2021-03-31 15:00:00,41028,1852423,34768.0,1022511,5749.0,83526.0,46777,1935949,40517,1106037,81545,2958397
2021-04-01 15:00:00,42521,1894944,41228.0,1063739,5766.0,89292.0,48287,1984236,46994,1153031,89515,3047912
2021-04-02 15:00:00,34953,1929897,32751.0,1096490,6132.0,95424.0,41085,2025321,38883,1191914,73836,3121748
2021-04-03 15:00:00,21184,1951081,19246.0,1115736,4395.0,99819.0,25579,2050900,23641,1215555,44825,3166573
2021-04-04 15:00:00,8303,1959384,10227.0,1125963,968.0,100787.0,9271,2060171,11195,1226750,19498,3186071
2021-04-05 15:00:00,27969,1987353,28988.0,1154951,6663.0,107450.0,34632,2094803,35651,1262401,63620,3249691
2021-04-06 15:00:00,39805,2027158,30533.0,1185484,10504.0,117954.0,50309,2145112,41037,1303438,80842,3330533
2021-04-07 15:00:00,36120,2063278,34380.0,1219864,13001.0,130955.0,49121,2194233,47381,1350819,83501,3414034
2021-04-08 15:00:00,42366,2105644,36170.0,1256034,13876.0,144831.0,56242,2250475,50046,1400865,92412,3506446
2021-04-09 15:00:00,34098,2139742,36377.0,1292411,14532.0,159363.0,48630,2299105,50909,1451774,85007,3591453
2021-04-10 15:00:00,23507,2163249,23189.0,1315600,7641.0,167004.0,31148,2330253,30830,1482604,54337,3645790
2021-04-11 15:00:00,17587,2180836,13300.0,1328900,10123.0,177127.0,27710,2357963,23423,1506027,41010,3686800
2021-04-12 15:00:00,24612,2205448,33299.0,1362199,10906.0,188033.0,35518,2393481,44205,1550232,68817,3755617
2021-04-13 15:00:00,126185,2331633,91368.0,1453567,3293.0,191326.0,129478,2522959,94661,1644893,220846,3976463
2021-04-14 15:00:00,40751,2372384,37863.0,1491430,213.0,191539.0,40964,2563923,38076,1682969,78827,4055290
2021-04-15 15:00:00,41427,2413811,39596.0,1531026,176.0,191715.0,41603,2605526,39772,1722741,81199,4136489
2021-04-16 15:00:00,37152,2450963,38908.0,1569934,25.0,191740.0,37177,2642703,38933,1761674,76085,4212574
2021-04-17 15:00:00,32815,2483778,22049.0,1591983,13.0,191753.0,32828,2675531,22062,1783736,54877,4267451
2021-04-18 15:00:00,20065,2503843,16216.0,1608199,5.0,191758.0,20070,2695601,16221,1799957,36286,4303737
2021-04-19 15:00:00,29892,2533735,36565.0,1644764,60.0,191818.0,29952,2725553,36625,1836582,66517,4370254
2021-04-20 15:00:00,32942,2566677,44518.0,1689282,59.0,191877.0,33001,2758554,44577,1881159,77519,4447773
2021-04-21 15:00:00,39844,2606521,47104.0,1736386,26.0,191903.0,39870,2798424,47130,1928289,86974,4534747
2021-04-22 15:00:00,35868,2642389,42733.0,1779119,16.0,191919.0,35884,2834308,42749,1971038,78617,4613364
2021-04-23 15:00:00,33150,2675539,40192.0,1819311,14.0,191933.0,33164,2867472,40206,2011244,73356,4686720
2021-04-24 15:00:00,26431,2701970,27937.0,1847248,81.0,192014.0,26512,2893984,28018,2039262,54449,4741169
2021-04-25 15:00:00,20219,2722189,11004.0,1858252,31.0,192045.0,20250,2914234,11035,2050297,31254,4772423
2021-04-26 15:00:00,27388,2749577,32784.0,1891036,201.0,192246.0,27589,2941823,32985,2083282,60373,4832796
2021-04-27 15:00:00,26677,2776254,33120.0,1924156,1097.0,193343.0,27774,2969597,34217,2117499,60894,4893690
2021-04-28 15:00:00,28929,2805183,39581.0,1963737,1367.0,194710.0,30296,2999893,40948,2158447,69877,4963567
2021-04-29 15:00:00,27069,2832252,39798.0,2003535,1463.0,196173.0,28532,3028425,41261,2199708,68330,5031897
2021-04-30 15:00:00,28207,2860459,32320.0,2035855,1650.0,197823.0,29857,3058282,33970,2233678,62177,5094074
2021-05-01 15:00:00,20781,2881240,26832.0,2062687,1057.0,198880.0,21838,3080120,27889,2261567,48670,5142744
2021-05-02 15:00:00,10274,2891514,17092.0,2079779,823.0,199703.0,11097,3091217,17915,2279482,28189,5170933
2021-05-03 15:00:00,12729,2904243,28704.0,2108483,1917.0,201620.0,14646,3105863,30621,2310103,43350,5214283
2021-05-04 15:00:00,13564,2917807,38713.0,2147196,1742.0,203362.0,15306,3121169,40455,2350558,54019,5268302
2021-05-05 15:00:00,19316,2937123,37801.0,2184997,1922.0,205284.0,21238,3142407,39723,2390281,59039,5327341
2021-05-06 15:00:00,16932,2954055,40603.0,2225600,1722.0,207006.0,18654,3161061,42325,2432606,59257,5386598
2021-05-07 15:00:00,17589,2971644,37039.0,2262639,1960.0,208966.0,19549,3180610,38999,2471605,56588,5443186
2021-05-08 15:00:00,10801,2982445,31240.0,2293879,1293.0,210259.0,12094,3192704,32533,2504138,43334,5486520
2021-05-09 15:00:00,5077,2987522,12258.0,2306137,695.0,210954.0,5772,3198476,12953,2517091,18030,5504550
2021-05-10 15:00:00,8961,2996483,31063.0,2337200,1362.0,212316.0,10323,3208799,32425,2549516,41386,5545936
2021-05-11 15:00:00,12186,3008669,30308.0,2367508,1441.0,213757.0,13627,3222426,31749,2581265,43935,5589871
2021-05-12 15:00:00,13947,3022616,38650.0,2406158,1917.0,215674.0,15864,3238290,40567,2621832,54514,5644385
2021-05-13 15:00:00,21847,3044463,33530.0,2439688,1347.0,217021.0,23194,3261484,34877,2656709,56724,5701109
2021-05-14 15:00:00,24394,3068857,30080.0,2469768,1775.0,218796.0,26169,3287653,31855,2688564,56249,5757358
2021-05-15 15:00:00,21953,3090810,25132.0,2494900,1490.0,220286.0,23443,3311096,26622,2715186,48575,5805933
2021-05-16 15:00:00,9093,3099903,17582.0,2512482,1115.0,221401.0,10208,3321304,18697,2733883,27790,5833723
2021-05-17 15:00:00,16841,3116744,28423.0,2540905,1950.0,223351.0,18791,3340095,30373,2764256,47214,5880937
2021-05-18 15:00:00,21263,3138007,30705.0,2571610,1943.0,225294.0,23206,3363301,32648,2796904,53911,5934848
2021-05-19 15:00:00,27677,3165684,32452.0,2604062,1632.0,226926.0,29309,3392610,34084,2830988,61761,5996609
2021-05-20 15:00:00,20810,3186494,33289.0,2637351,1965.0,228891.0,22775,3415385,35254,2866242,56064,6052673
2021-05-21 15:00:00,19166,3205660,30378.0,2667729,1609.0,230500.0,20775,3436160,31987,2898229,51153,6103826
2021-05-22 15:00:00,16952,3222612,20707.0,2688436,1269.0,231769.0,18221,3454381,21976,2920205,38928,6142754
2021-05-23 15:00:00,8815,3231427,11454.0,2699890,965.0,232734.0,9780,3464161,12419,2932624,21234,6163988
2021-05-24 15:00:00,13573,3245000,17789.0,2717679,1473.0,234207.0,15046,3479207,19262,2951886,32835,6196823
2021-05-25 15:00:00,13078,3258078,18723.0,2736402,1328.0,235535.0,14406,3493613,20051,2971937,33129,6229952
2021-05-26 15:00:00,18368,3276446,19699.0,2756101,1512.0,237047.0,19880,3513493,21211,2993148,39579,6269531
2021-05-27 15:00:00,11697,3288143,18708.0,2774809,1117.0,238164.0,12814,3526307,19825,3012973,31522,6301053
2021-05-28 15:00:00,12418,3300561,19868.0,2794677,1402.0,239566.0,13820,3540127,21270,3034243,33688,6334741
2021-05-29 15:00:00,9516,3310077,11737.0,2806414,937.0,240503.0,10453,3550580,12674,3046917,22190,6356931
2021-05-30 15:00:00,4967,3315044,6444.0,2812858,596.0,241099.0,5563,3556143,7040,3053957,12007,6368938
2021-05-31 15:00:00,1780,3316824,3715.0,2816573,305.0,241404.0,2085,3558228,4020,3057977,5800,6374738
2021-06-01 15:00:00,9887,3326711,16504.0,2833077,1162.0,242566.0,11049,3569277,17666,3075643,27553,6402291
2021-06-02 15:00:00,10236,3336947,16837.0,2849914,962.0,243528.0,11198,3580475,17799,3093442,28035,6430326
2021-06-03 15:00:00,7899,3344846,21223.0,2871137,1089.0,244617.0,8988,3589463,22312,3115754,30211,6460537
2021-06-04 15:00:00,8198,3353044,22377.0,2893514,1121.0,245738.0,9319,3598782,23498,3139252,31696,6492233
2021-06-05 15:00:00,6998,3360042,19478.0,2912992,720.0,246458.0,7718,3606500,20198,3159450,27196,6519429
2021-06-06 15:00:00,3456,3363498,7264.0,2920256,426.0,246884.0,3882,3610382,7690,3167140,11146,6530575
2021-06-07 15:00:00,6862,3370360,15804.0,2936060,726.0,247610.0,7588,3617970,16530,3183670,23392,6553967
2021-06-08 15:00:00,6670,3377030,19746.0,2955806,831.0,248441.0,7501,3625471,20577,3204247,27247,6581214
2021-06-09 15:00:00,8198,3385228,24026.0,2979832,969.0,249410.0,9167,3634638,24995,3229242,33193,6614407
2021-06-10 15:00:00,7157,3392385,19151.0,2998983,895.0,250305.0,8052,3642690,20046,3249288,27203,6641610
2021-06-11 15:00:00,7492,3399877,17741.0,3016724,1126.0,251431.0,8618,3651308,18867,3268155,26359,6667969
2021-06-12 15:00:00,5244,3405121,14788.0,3031512,605.0,252036.0,5849,3657157,15393,3283548,20637,6688606
2021-06-13 15:00:00,1947,3407068,7640.0,3039152,427.0,252463.0,2374,3659531,8067,3291615,10014,6698620
2021-06-14 15:00:00,5656,3412724,11840.0,3050992,734.0,253197.0,6390,3665921,12574,3304189,18230,6716850
2021-06-15 15:00:00,5652,3418376,14357.0,3065349,873.0,254070.0,6525,3672446,15230,3319419,20882,6737732
2021-06-16 15:00:00,8731,3427107,21639.0,3086988,758.0,254828.0,9489,3681935,22397,3341816,31128,6768860
2021-06-17 15:00:00,6686,3433793,12387.0,3099375,720.0,255548.0,7406,3689341,13107,3354923,19793,6788653
2021-06-18 15:00:00,6836,3440629,12754.0,3112129,703.0,256251.0,7539,3696880,13457,3368380,20293,6808946
2021-06-19 15:00:00,4655,3445284,9390.0,3121519,614.0,256865.0,5269,3702149,10004,3378384,14659,6823605
2021-06-20 15:00:00,2511,3447795,5068.0,3126587,377.0,257242.0,2888,3705037,5445,3383829,7956,6831561
2021-06-21 15:00:00,5568,3453363,5343.0,3131930,636.0,257878.0,6204,3711241,5979,3389808,11547,6843108
2021-06-22 15:00:00,5350,3458713,9064.0,3140994,699.0,258577.0,6049,3717290,9763,3399571,15113,6858221
2021-06-23 15:00:00,6066,3464779,10362.0,3151356,645.0,259222.0,6711,3724001,11007,3410578,17073,6875294
2021-06-24 15:00:00,5934,3470713,8219.0,3159575,595.0,259817.0,6529,3730530,8814,3419392,14748,6890042
2021-06-25 15:00:00,5831,3476544,8673.0,3168248,619.0,260436.0,6450,3736980,9292,3428684,15123,6905165
2021-06-26 15:00:00,3707,3480251,6305.0,3174553,398.0,260834.0,4105,3741085,6703,3435387,10410,6915575
2021-06-27 15:00:00,2810,3483061,3525.0,3178078,185.0,261019.0,2995,3744080,3710,3439097,6520,6922095
2021-06-28 15:00:00,4928,3487989,6400.0,3184478,539.0,261558.0,5467,3749547,6939,3446036,11867,6933962
2021-06-29 15:00:00,5064,3493053,6488.0,3190966,524.0,262082.0,5588,3755135,7012,3453048,12076,6946038
2021-06-30 15:00:00,5638,3498691,7396.0,3198362,607.0,262689.0,6245,3761380,8003,3461051,13641,6959679
2021-07-01 15:00:00,5451,3504142,7009.0,3205371,505.0,263194.0,5956,3767336,7514,3468565,12965,6972644
2021-07-02 15:00:00,5306,3509448,6862.0,3212233,527.0,263721.0,5833,3773169,7389,3475954,12695,6985339
2021-07-03 15:00:00,3277,3512725,4075.0,3216308,264.0,263985.0,3541,3776710,4339,3480293,7616,6992955
2021-07-04 15:00:00,493,3513218,551.0,3216859,69.0,264054.0,562,3777272,620,3480913,1113,6994068
2021-07-05 15:00:00,3773,3516991,3955.0,3220814,287.0,264341.0,4060,3781332,4242,3485155,8015,7002083
2021-07-06 15:00:00,4493,3521484,6296.0,3227110,455.0,264796.0,4948,3786280,6751,3491906,11244,7013327
2021-07-07 15:00:00,4469,3525953,6430.0,3233540,483.0,265279.0,4952,3791232,6913,3498819,11382,7024709
2021-07-08 15:00:00,4837,3530790,6195.0,3239735,564.0,265843.0,5401,3796633,6759,3505578,11596,7036305
2021-07-09 15:00:00,5367,3536157,6694.0,3246429,574.0,266417.0,5941,3802574,7268,3512846,12635,7048940
2021-07-10 15:00:00,3528,3539685,4412.0,3250841,305.0,266722.0,3833,3806407,4717,3517563,8245,7057185
2021-07-11 15:00:00,2683,3542368,2581.0,3253422,227.0,266949.0,2910,3809317,2808,3520371,5491,7062676
2021-07-12 15:00:00,4430,3546798,5132.0,3258554,379.0,267328.0,4809,3814126,5511,3525882,9941,7072617
2021-07-13 15:00:00,4672,3551470,4733.0,3263287,366.0,267694.0,5038,3819164,5099,3530981,9771,7082388
2021-07-14 15:00:00,4633,3556103,5300.0,3268587,421.0,268115.0,5054,3824218,5721,3536702,10354,7092742
2021-07-15 15:00:00,4912,3561015,5029.0,3273616,359.0,268474.0,5271,3829489,5388,3542090,10300,7103042
2021-07-16 15:00:00,6283,3567298,5876.0,3279492,405.0,268879.0,6688,3836177,6281,3548371,12564,7115606
2021-07-17 15:00:00,3422,3570720,3555.0,3283047,304.0,269183.0,3726,3839903,3859,3552230,7281,7122887
2021-07-18 15:00:00,2312,3573032,2385.0,3285432,110.0,269293.0,2422,3842325,2495,3554725,4807,7127694
2021-07-19 15:00:00,5151,3578183,4618.0,3290050,383.0,269676.0,5534,3847859,5001,3559726,10152,7137846
2021-07-20 15:00:00,5349,3583532,4737.0,3294787,367.0,270043.0,5716,3853575,5104,3564830,10453,7148299
2021-07-21 15:00:00,5668,3589200,4968.0,3299755,416.0,270459.0,6084,3859659,5384,3570214,11052,7159351
2021-07-22 15:00:00,6034,3595234,4653.0,3304408,472.0,270931.0,6506,3866165,5125,3575339,11159,7170510
2021-07-23 15:00:00,6849,3602083,4856.0,3309264,499.0,271430.0,7348,3873513,5355,3580694,12204,7182714
2021-07-24 15:00:00,4286,3606369,3209.0,3312473,267.0,271697.0,4553,3878066,3476,3584170,7762,7190476
2021-07-25 15:00:00,3302,3609671,1122.0,3313595,140.0,271837.0,3442,3881508,1262,3585432,4564,7195040
2021-07-26 15:00:00,6223,3615894,3917.0,3317512,420.0,272257.0,6643,3888151,4337,3589769,10560,7205600
2021-07-27 15:00:00,6616,3622510,4307.0,3321819,459.0,272716.0,7075,3895226,4766,3594535,11382,7216982
2021-07-28 15:00:00,7095,3629605,4158.0,3325977,462.0,273178.0,7557,3902783,4620,3599155,11715,7228697
2021-07-29 15:00:00,7093,3636698,4330.0,3330307,420.0,273598.0,7513,3910296,4750,3603905,11843,7240540
2021-07-30 15:00:00,7837,3644535,4840.0,3335147,527.0,274125.0,8364,3918660,5367,3609272,13204,7253744
2021-07-31 15:00:00,4792,3649327,3089.0,3338236,274.0,274399.0,5066,3923726,3363,3612635,8155,7261899
2021-08-01 15:00:00,3916,3653243,2198.0,3340434,165.0,274564.0,4081,3927807,2363,3614998,6279,7268178
2021-08-02 15:00:00,7282,3660525,3853.0,3344287,342.0,274906.0,7624,3935431,4195,3619193,11477,7279655
2021-08-03 15:00:00,7280,3667805,4117.0,3348404,517.0,275423.0,7797,3943228,4634,3623827,11914,7291569
2021-08-04 15:00:00,7442,3675247,4131.0,3352535,536.0,275959.0,7978,3951206,4667,3628494,12109,7303678
2021-08-05 15:00:00,7962,3683209,4348.0,3356883,541.0,276500.0,8503,3959709,4889,3633383,12851,7316529
2021-08-06 15:00:00,8335,3691544,4762.0,3361645,454.0,276954.0,8789,3968498,5216,3638599,13551,7330080
2021-08-07 15:00:00,5305,3696849,2849.0,3364494,264.0,277218.0,5569,3974067,3113,3641712,8418,7338498
2021-08-08 15:00:00,3981,3700830,2063.0,3366557,146.0,277364.0,4127,3978194,2209,3643921,6190,7344688
2021-08-09 15:00:00,6963,3707793,4569.0,3371126,371.0,277735.0,7334,3985528,4940,3648861,11903,7356591
2021-08-10 15:00:00,7176,3714969,4507.0,3375633,340.0,278075.0,7516,3993044,4847,3653708,12023,7368614
2021-08-11 15:00:00,7108,3722077,4461.0,3380094,443.0,278518.0,7551,4000595,4904,3658612,12012,7380626
2021-08-12 15:00:00,8668,3730745,4775.0,3384869,446.0,278964.0,9114,4009709,5221,3663833,13889,7394515
2021-08-13 15:00:00,7191,3737936,5419.0,3390288,397.0,279361.0,7588,4017297,5816,3669649,13007,7407522
2021-08-14 15:00:00,4929,3742865,3357.0,3393645,286.0,279647.0,5215,4022512,3643,3673292,8572,7416094
2021-08-15 15:00:00,3332,3746197,2750.0,3396395,163.0,279810.0,3495,4026007,2913,3676205,6245,7422339
2021-08-16 15:00:00,5462,3751659,5107.0,3401502,354.0,280164.0,5816,4031823,5461,3681666,10923,7433262
2021-08-17 15:00:00,6832,3758491,5381.0,3406883,391.0,280555.0,7223,4039046,5772,3687438,12604,7445866
2021-08-18 15:00:00,6351,3764842,5532.0,3412415,481.0,281036.0,6832,4045878,6013,3693451,12364,7458230
2021-08-19 15:00:00,6241,3771083,5587.0,3418002,417.0,281453.0,6658,4052536,6004,3699455,12245,7470475
2021-08-20 15:00:00,6858,3777941,6578.0,3424580,401.0,281854.0,7259,4059795,6979,3706434,13837,7484312
2021-08-21 15:00:00,4349,3782290,3929.0,3428509,229.0,282083.0,4578,4064373,4158,3710592,8507,7492819
2021-08-22 15:00:00,3066,3785356,3179.0,3431688,111.0,282194.0,3177,4067550,3290,3713882,6356,7499175
2021-08-23 15:00:00,6005,3791361,6140.0,3437828,287.0,282481.0,6292,4073842,6427,3720309,12432,7511607
2021-08-24 15:00:00,6558,3797919,6102.0,3443930,426.0,282907.0,6984,4080826,6528,3726837,13086,7524693
2021-08-25 15:00:00,6739,3804658,6254.0,3450184,440.0,283347.0,7179,4088005,6694,3733531,13433,7538126
2021-08-26 15:00:00,6974,3811632,6687.0,3456871,428.0,283775.0,7402,4095407,7115,3740646,14089,7552215
2021-08-27 15:00:00,6850,3818482,7110.0,3463981,317.0,284092.0,7167,4102574,7427,3748073,14277,7566492
2021-08-28 15:00:00,6920,3825402,6544.0,3470525,329.0,284421.0,7249,4109823,6873,3754946,13793,7580285
2021-08-29 15:00:00,3746,3829148,3709.0,3474234,610.0,285031.0,4356,4114179,4319,3759265,8065,7588350
2021-08-30 15:00:00,5934,3835082,6158.0,3480392,960.0,285991.0,6894,4121073,7118,3766383,13052,7601402
2021-08-31 15:00:00,5908,3840990,6095.0,3486487,947.0,286938.0,6855,4127928,7042,3773425,12950,7614352
2021-09-01 15:00:00,5616,3846606,5742.0,3492229,918.0,287856.0,6534,4134462,6660,3780085,12276,7626628
2021-09-02 15:00:00,5531,3852137,5978.0,3498207,709.0,288565.0,6240,4140702,6687,3786772,12218,7638846
2021-09-03 15:00:00,6023,3858160,6985.0,3505192,977.0,289542.0,7000,4147702,7962,3794734,13985,7652831
2021-09-04 15:00:00,3734,3861894,4370.0,3509562,878.0,290420.0,4612,4152314,5248,3799982,8982,7661813
2021-09-05 15:00:00,2961,3864855,2818.0,3512380,106.0,290526.0,3067,4155381,2924,3802906,5885,7667698
2021-09-06 15:00:00,1060,3865915,1163.0,3513543,70.0,290596.0,1130,4156511,1233,3804139,2293,7669991
2021-09-07 15:00:00,5353,3871268,7324.0,3520867,2304.0,292900.0,7657,4164168,9628,3813767,14981,7684972
2021-09-08 15:00:00,4663,3875931,5507.0,3526374,364.0,293264.0,5027,4169195,5871,3819638,10534,7695506
2021-09-09 15:00:00,5027,3880958,5480.0,3531854,325.0,293589.0,5352,4174547,5805,3825443,10832,7706338
2021-09-10 15:00:00,6536,3887494,6682.0,3538536,1719.0,295308.0,8255,4182802,8401,3833844,14937,7721275
2021-09-11 15:00:00,4182,3891676,4354.0,3542890,666.0,295974.0,4848,4187650,5020,3838864,9202,7730477
2021-09-12 15:00:00,3175,3894851,3247.0,3546137,436.0,296410.0,3611,4191261,3683,3842547,6858,7737335
2021-09-13 15:00:00,4896,3899747,5087.0,3551224,347.0,296757.0,5243,4196504,5434,3847981,10330,7747665
2021-09-14 15:00:00,4778,3904525,5468.0,3556692,437.0,297194.0,5215,4201719,5905,3853886,10683,7758348
2021-09-15 15:00:00,5046,3909571,5906.0,3562598,392.0,297586.0,5438,4207157,6298,3860184,11344,7769692
2021-09-16 15:00:00,4817,3914388,5861.0,3568459,337.0,297923.0,5154,4212311,6198,3866382,11015,7780707
2021-09-17 15:00:00,5292,3919680,6601.0,3575060,344.0,298267.0,5636,4217947,6945,3873327,12237,7792944
2021-09-18 15:00:00,3825,3923505,4591.0,3579651,186.0,298453.0,4011,4221958,4777,3878104,8602,7801546
2021-09-19 15:00:00,2742,3926247,3183.0,3582834,75.0,298528.0,2817,4224775,3258,3881362,6000,7807546
2021-09-20 15:00:00,3755,3930002,4691.0,3587525,429.0,298957.0,4184,4228959,5120,3886482,8875,7816421
2021-09-21 15:00:00,4004,3934006,5024.0,3592549,327.0,299284.0,4331,4233290,5351,3891833,9355,7825776
2021-09-22 15:00:00,4195,3938201,4803.0,3597352,459.0,299743.0,4654,4237944,5262,3897095,9457,7835233
2021-09-23 15:00:00,4191,3942392,4739.0,3602091,492.0,300235.0,4683,4242627,5231,3902326,9422,7844655
2021-09-24 15:00:00,5098,3947490,5637.0,3607728,422.0,300657.0,5520,4248147,6059,3908385,11157,7855812
2021-09-25 15:00:00,3644,3951134,3642.0,3611370,384.0,301041.0,4028,4252175,4026,3912411,7670,7863482
2021-09-26 15:00:00,2353,3953487,2672.0,3614042,433.0,301474.0,2786,4254961,3105,3915516,5458,7868940
2021-09-27 15:00:00,4510,3957997,2720.0,3616762,512.0,301986.0,5022,4259983,3232,3918748,7742,7876682
2021-09-28 15:00:00,4415,3962412,4466.0,3621228,211.0,302197.0,4626,4264609,4677,3923425,9092,7885774
2021-09-29 15:00:00,4696,3967108,4537.0,3625765,920.0,303117.0,5616,4270225,5457,3928882,10153,7895927
2021-09-30 15:00:00,4894,3972002,4580.0,3630345,796.0,303913.0,5690,4275915,5376,3934258,10270,7906197
2021-10-01 15:00:00,5531,3977533,5378.0,3635723,785.0,304698.0,6316,4282231,6163,3940421,11694,7917891
2021-10-02 15:00:00,2950,3980483,2907.0,3638630,187.0,304885.0,3137,4285368,3094,3943515,6044,7923935
2021-10-03 15:00:00,2079,3982562,2384.0,3641014,87.0,304972.0,2166,4287534,2471,3945986,4550,7928485
2021-10-04 15:00:00,4032,3986594,3511.0,3644525,233.0,305205.0,4265,4291799,3744,3949730,7776,7936261
2021-10-05 15:00:00,3962,3990556,3675.0,3648200,206.0,305411.0,4168,4295967,3881,3953611,7843,7944104
2021-10-06 15:00:00,4035,3994591,3580.0,3651780,266.0,305677.0,4301,4300268,3846,3957457,7881,7951985
2021-10-07 15:00:00,4233,3998824,3642.0,3655422,332.0,306009.0,4565,4304833,3974,3961431,8207,7960192
2021-10-08 15:00:00,4784,4003608,4309.0,3659731,283.0,306292.0,5067,4309900,4592,3966023,9376,7969568
2021-10-09 15:00:00,2693,4006301,2683.0,3662414,270.0,306562.0,2963,4312863,2953,3968976,5646,7975214
2021-10-10 15:00:00,1860,4008161,1855.0,3664269,59.0,306621.0,1919,4314782,1914,3970890,3774,7978988
2021-10-11 15:00:00,4213,4012374,3319.0,3667588,250.0,306871.0,4463,4319245,3569,3974459,7782,7986770
2021-10-12 15:00:00,3605,4015979,3549.0,3671137,275.0,307146.0,3880,4323125,3824,3978283,7429,7994199
2021-10-13 15:00:00,3980,4019959,3471.0,3674608,346.0,307492.0,4326,4327451,3817,3982100,7797,8001996
2021-10-14 15:00:00,5175,4025134,5507.0,3680115,430.0,307922.0,5605,4333056,5937,3988037,11112,8013108
2021-10-15 15:00:00,4771,4029905,4620.0,3684735,347.0,308269.0,5118,4338174,4967,3993004,9738,8022846
2021-10-16 15:00:00,2497,4032402,2530.0,3687265,291.0,308560.0,2788,4340962,2821,3995825,5318,8028164
2021-10-17 15:00:00,1809,4034211,1782.0,3689047,55.0,308615.0,1864,4342826,1837,3997662,3646,8031810
2021-10-18 15:00:00,4281,4038492,3588.0,3692635,283.0,308898.0,4564,4347390,3871,4001533,8152,8039962
2021-10-19 15:00:00,4301,4042793,4030.0,3696665,224.0,309122.0,4525,4351915,4254,4005787,8555,8048517
2021-10-20 15:00:00,3546,4046339,3435.0,3700100,259.0,309381.0,3805,4355720,3694,4009481,7240,8055757
2021-10-21 15:00:00,3312,4049651,3288.0,3703388,291.0,309672.0,3603,4359323,3579,4013060,6891,8062648
2021-10-22 15:00:00,4693,4054344,4042.0,3707430,477.0,310149.0,5170,4364493,4519,4017579,9212,8071860
2021-10-23 15:00:00,2888,4057232,2119.0,3709549,322.0,310471.0,3210,4367703,2441,4020020,5329,8077189
2021-10-24 15:00:00,2057,4059289,1556.0,3711105,79.0,310550.0,2136,4369839,1635,4021655,3692,8080881
2021-10-25 15:00:00,4558,4063847,3083.0,3714188,322.0,310872.0,4880,4374719,3405,4025060,7963,8088844
2021-10-26 15:00:00,4534,4068381,3089.0,3717277,316.0,311188.0,4850,4379569,3405,4028465,7939,8096783
2021-10-27 15:00:00,4735,4073116,3354.0,3720631,436.0,311624.0,5171,4384740,3790,4032255,8525,8105308
2021-10-28 15:00:00,4577,4077693,3373.0,3724004,501.0,312125.0,5078,4389818,3874,4036129,8451,8113759
2021-10-29 15:00:00,4998,4082691,3931.0,3727935,395.0,312520.0,5393,4395211,4326,4040455,9324,8123083
2021-10-30 15:00:00,2631,4085322,1848.0,3729783,307.0,312827.0,2938,4398149,2155,4042610,4786,8127869
2021-10-31 15:00:00,1936,4087258,1522.0,3731305,94.0,312921.0,2030,4400179,1616,4044226,3552,8131421
2021-11-01 15:00:00,4745,4092003,3446.0,3734751,350.0,313271.0,5095,4405274,3796,4048022,8541,8139962
2021-11-02 15:00:00,4281,4096284,2950.0,3737701,409.0,313680.0,4690,4409964,3359,4051381,7640,8147602
2021-11-03 15:00:00,4682,4100966,3053.0,3740754,464.0,314144.0,5146,4415110,3517,4054898,8199,8155801
2021-11-04 15:00:00,6329,4107295,3385.0,3744139,529.0,314673.0,6858,4421968,3914,4058812,10243,8166044
2021-11-05 15:00:00,8263,4115558,3786.0,3747925,415.0,315088.0,8678,4430646,4201,4063013,12464,8178508
2021-11-06 15:00:00,10201,4125759,1977.0,3749902,309.0,315397.0,10510,4441156,2286,4065299,12487,8190995
2021-11-07 15:00:00,7748,4133507,1463.0,3751365,95.0,315492.0,7843,4448999,1558,4066857,9306,8200301
2021-11-08 15:00:00,11350,4144857,3057.0,3754422,379.0,315871.0,11729,4460728,3436,4070293,14786,8215087
2021-11-09 15:00:00,11811,4156668,2653.0,3757075,269.0,316140.0,12080,4472808,2922,4073215,14733,8229820
2021-11-10 15:00:00,12636,4169304,2775.0,3759850,339.0,316479.0,12975,4485783,3114,4076329,15750,8245570
2021-11-11 15:00:00,11448,4180752,2384.0,3762234,280.0,316759.0,11728,4497511,2664,4078993,14112,8259682
2021-11-12 15:00:00,12385,4193137,3377.0,3765611,548.0,317307.0,12933,4510444,3925,4082918,16310,8275992
2021-11-13 15:00:00,9982,4203119,1602.0,3767213,342.0,317649.0,10324,4520768,1944,4084862,11926,8287918
2021-11-14 15:00:00,4245,4207364,1119.0,3768332,121.0,317770.0,4366,4525134,1240,4086102,5485,8293403
2021-11-15 15:00:00,8655,4216019,2524.0,3770856,211.0,317981.0,8866,4534000,2735,4088837,11390,8304793
2021-11-16 15:00:00,9297,4225316,2513.0,3773369,258.0,318239.0,9555,4543555,2771,4091608,12068,8316861
2021-11-17 15:00:00,9423,4234739,2867.0,3776236,313.0,318552.0,9736,4553291,3180,4094788,12603,8329464
2021-11-18 15:00:00,9330,4244069,2631.0,3778867,481.0,319033.0,9811,4563102,3112,4097900,12442,8341906
2021-11-19 15:00:00,9851,4253920,2926.0,3781793,381.0,319414.0,10232,4573334,3307,4101207,13158,8355064
2021-11-20 15:00:00,10666,4264586,1608.0,3783401,455.0,319869.0,11121,4584455,2063,4103270,12729,8367793
2021-11-21 15:00:00,4397,4268983,1208.0,3784609,100.0,319969.0,4497,4588952,1308,4104578,5705,8373498
2021-11-22 15:00:00,9860,4278843,2513.0,3787122,293.0,320262.0,10153,4599105,2806,4107384,12666,8386164
2021-11-23 15:00:00,9256,4288099,2409.0,3789531,317.0,320579.0,9573,4608678,2726,4110110,11982,8398146
2021-11-24 15:00:00,8192,4296291,2444.0,3791975,216.0,320795.0,8408,4617086,2660,4112770,10852,8408998
2021-11-25 15:00:00,235,4296526,81.0,3792056,10.0,320805.0,245,4617331,91,4112861,326,8409324
2021-11-26 15:00:00,5672,4302198,3981.0,3796037,153.0,320958.0,5825,4623156,4134,4116995,9806,8419130
2021-11-27 15:00:00,3787,4305985,5496.0,3801533,134.0,321092.0,3921,4627077,5630,4122625,9417,8428547
2021-11-28 15:00:00,2408,4308393,6407.0,3807940,77.0,321169.0,2485,4629562,6484,4129109,8892,8437439
2021-11-29 15:00:00,6393,4314786,9332.0,3817272,380.0,321549.0,6773,4636335,9712,4138821,16105,8453544
2021-11-30 15:00:00,6262,4321048,9358.0,3826630,264.0,321813.0,6526,4642861,9622,4148443,15884,8469428
2021-12-01 15:00:00,7344,4328392,9758.0,3836388,309.0,322122.0,7653,4650514,10067,4158510,17411,8486839
2021-12-02 15:00:00,6948,4335340,8843.0,3845231,450.0,322572.0,7398,4657912,9293,4167803,16241,8503080
2021-12-03 15:00:00,7633,4342973,9359.0,3854590,253.0,322825.0,7886,4665798,9612,4177415,17245,8520325
2021-12-04 15:00:00,5966,4348939,10147.0,3864737,468.0,323293.0,6434,4672232,10615,4188030,16581,8536906
2021-12-05 15:00:00,3451,4352390,3587.0,3868324,78.0,323371.0,3529,4675761,3665,4191695,7116,8544022
2021-12-06 15:00:00,6784,4359174,7119.0,3875443,281.0,323652.0,7065,4682826,7400,4199095,14184,8558206
2021-12-07 15:00:00,6458,4365632,7090.0,3882533,252.0,323904.0,6710,4689536,7342,4206437,13800,8572006
2021-12-08 15:00:00,6954,4372586,7449.0,3889982,316.0,324220.0,7270,4696806,7765,4214202,14719,8586725
2021-12-09 15:00:00,6554,4379140,7081.0,3897063,399.0,324619.0,6953,4703759,7480,4221682,14034,8600759
2021-12-10 15:00:00,7310,4386450,7368.0,3904431,233.0,324852.0,7543,4711302,7601,4229283,14911,8615670
2021-12-11 15:00:00,4468,4390918,7716.0,3912147,333.0,325185.0,4801,4716103,8049,4237332,12517,8628187
2021-12-12 15:00:00,4012,4394930,2815.0,3914962,60.0,325245.0,4072,4720175,2875,4240207,6887,8635074
2021-12-13 15:00:00,5731,4400661,5785.0,3920747,243.0,325488.0,5974,4726149,6028,4246235,11759,8646833
2021-12-14 15:00:00,6477,4407138,5967.0,3926714,223.0,325711.0,6700,4732849,6190,4252425,12667,8659500
2021-12-15 15:00:00,7199,4414337,5741.0,3932455,259.0,325970.0,7458,4740307,6000,4258425,13199,8672699
2021-12-16 15:00:00,7913,4422250,2842.0,3935297,423.0,326393.0,8336,4748643,3265,4261690,11178,8683877
2021-12-17 15:00:00,7884,4430134,4196.0,3939493,195.0,326588.0,8079,4756722,4391,4266081,12275,8696152
2021-12-18 15:00:00,5858,4435992,3204.0,3942697,298.0,326886.0,6156,4762878,3502,4269583,9360,8705512
2021-12-19 15:00:00,3391,4439383,1353.0,3944050,37.0,326923.0,3428,4766306,1390,4270973,4781,8710293
2021-12-20 15:00:00,8126,4447509,3762.0,3947812,174.0,327097.0,8300,4774606,3936,4274909,12062,8722355
2021-12-21 15:00:00,9030,4456539,4176.0,3951988,177.0,327274.0,9207,4783813,4353,4279262,13383,8735738
2021-12-22 15:00:00,8744,4465283,3910.0,3955898,184.0,327458.0,8928,4792741,4094,4283356,12838,8748576
2021-12-23 15:00:00,8437,4473720,3590.0,3959488,359.0,327817.0,8796,4801537,3949,4287305,12386,8760962
2021-12-24 15:00:00,1639,4475359,1017.0,3960505,39.0,327856.0,1678,4803215,1056,4288361,2695,8763657
2021-12-25 15:00:00,47,4475406,36.0,3960541,1.0,327857.0,48,4803263,37,4288398,84,8763741
2021-12-26 15:00:00,2519,4477925,1757.0,3962298,44.0,327901.0,2563,4805826,1801,4290199,4320,8768061
2021-12-27 15:00:00,7234,4485159,4031.0,3966329,297.0,328198.0,7531,4813357,4328,4294527,11562,8779623
2021-12-28 15:00:00,7973,4493132,3886.0,3970215,179.0,328377.0,8152,4821509,4065,4298592,12038,8791661
2021-12-29 15:00:00,8271,4501403,4041.0,3974256,156.0,328533.0,8427,4829936,4197,4302789,12468,8804129
2021-12-30 15:00:00,7511,4508914,3811.0,3978067,291.0,328824.0,7802,4837738,4102,4306891,11613,8815742
2021-12-31 15:00:00,2585,4511499,1541.0,3979608,90.0,328914.0,2675,4840413,1631,4308522,4216,8819958
2022-01-01 15:00:00,741,4512240,353.0,3979961,34.0,328948.0,775,4841188,387,4308909,1128,8821086
2022-01-02 15:00:00,2220,4514460,1655.0,3981616,48.0,328996.0,2268,4843456,1703,4310612,3923,8825009
2022-01-03 15:00:00,3405,4517865,2080.0,3983696,224.0,329220.0,3629,4847085,2304,4312916,5709,8830718
2022-01-04 15:00:00,5880,4523745,3507.0,3987203,165.0,329385.0,6045,4853130,3672,4316588,9552,8840270
2022-01-05 15:00:00,6859,4530604,4716.0,3991919,176.0,329561.0,7035,4860165,4892,4321480,11751,8852021
2022-01-06 15:00:00,6808,4537412,4844.0,3996763,265.0,329826.0,7073,4867238,5109,4326589,11917,8863938
2022-01-07 15:00:00,6033,4543445,3810.0,4000573,162.0,329988.0,6195,4873433,3972,4330561,10005,8873943
2022-01-08 15:00:00,4826,4548271,3930.0,4004503,78.0,330066.0,4904,4878337,4008,4334569,8834,8882777
2022-01-09 15:00:00,2767,4551038,2030.0,4006533,154.0,330220.0,2921,4881258,2184,4336753,4951,8887728
2022-01-10 15:00:00,6375,4557413,3864.0,4010397,161.0,330381.0,6536,4887794,4025,4340778,10400,8898128
2022-01-11 15:00:00,6580,4563993,4285.0,4014682,143.0,330524.0,6723,4894517,4428,4345206,11008,8909136
2022-01-12 15:00:00,6849,4570842,4461.0,4019143,225.0,330749.0,7074,4901591,4686,4349892,11535,8920671
2022-01-13 15:00:00,6713,4577555,4403.0,4023546,153.0,330902.0,6866,4908457,4556,4354448,11269,8931940
2022-01-14 15:00:00,7262,4584817,3300.0,4026846,253.0,331155.0,7515,4915972,3553,4358001,10815,8942755
2022-01-15 15:00:00,4299,4589116,1700.0,4028546,71.0,331226.0,4370,4920342,1771,4359772,6070,8948825
2022-01-16 15:00:00,2225,4591341,1323.0,4029869,116.0,331342.0,2341,4922683,1439,4361211,3664,8952489
2022-01-17 15:00:00,3644,4594985,2379.0,4032248,75.0,331417.0,3719,4926402,2454,4363665,6098,8958587
2022-01-18 15:00:00,5309,4600294,4231.0,4036479,103.0,331520.0,5412,4931814,4334,4367999,9643,8968230
2022-01-19 15:00:00,5307,4605601,4501.0,4040980,99.0,331619.0,5406,4937220,4600,4372599,9907,8978137
2022-01-20 15:00:00,4544,4610145,3641.0,4044621,176.0,331795.0,4720,4941940,3817,4376416,8361,8986498
2022-01-21 15:00:00,5623,4615768,2949.0,4047570,126.0,331921.0,5749,4947689,3075,4379491,8698,8995196
2022-01-22 15:00:00,3473,4619241,1730.0,4049300,134.0,332055.0,3607,4951296,1864,4381355,5337,9000533
2022-01-23 15:00:00,2052,4621293,1504.0,4050804,30.0,332085.0,2082,4953378,1534,4382889,3586,9004119
2022-01-24 15:00:00,4134,4625427,2781.0,4053585,90.0,332175.0,4224,4957602,2871,4385760,7005,9011124
2022-01-25 15:00:00,3835,4629262,3327.0,4056912,95.0,332270.0,3930,4961532,3422,4389182,7257,9018381
2022-01-26 15:00:00,3885,4633147,3709.0,4060621,95.0,332365.0,3980,4965512,3804,4392986,7689,9026070
2022-01-27 15:00:00,3784,4636931,3945.0,4064566,188.0,332553.0,3972,4969484,4133,4397119,7917,9033987
2022-01-28 15:00:00,3875,4640806,3286.0,4067852,76.0,332629.0,3951,4973435,3362,4400481,7237,9041224
2022-01-29 15:00:00,2314,4643120,2301.0,4070153,117.0,332746.0,2431,4975866,2418,4402899,4732,9045956
2022-01-30 15:00:00,1565,4644685,1645.0,4071798,16.0,332762.0,1581,4977447,1661,4404560,3226,9049182
2022-01-31 15:00:00,3012,4647697,3246.0,4075044,58.0,332820.0,3070,4980517,3304,4407864,6316,9055498
2022-02-01 15:00:00,2659,4650356,3411.0,4078455,75.0,332895.0,2734,4983251,3486,4411350,6145,9061643
2022-02-02 15:00:00,2834,4653190,3733.0,4082188,78.0,332973.0,2912,4986163,3811,4415161,6645,9068288
2022-02-03 15:00:00,2770,4655960,3668.0,4085856,42.0,333015.0,2812,4988975,3710,4418871,6480,9074768
2022-02-04 15:00:00,2787,4658747,4399.0,4090255,128.0,333143.0,2915,4991890,4527,4423398,7314,9082082
2022-02-05 15:00:00,1923,4660670,2911.0,4093166,112.0,333255.0,2035,4993925,3023,4426421,4946,9087028
2022-02-06 15:00:00,1081,4661751,1356.0,4094522,24.0,333279.0,1105,4995030,1380,4427801,2461,9089489
2022-02-07 15:00:00,2064,4663815,2710.0,4097232,51.0,333330.0,2115,4997145,2761,4430562,4825,9094314
2022-02-08 15:00:00,2096,4665911,3104.0,4100336,63.0,333393.0,2159,4999304,3167,4433729,5263,9099577
2022-02-09 15:00:00,2216,4668127,3320.0,4103656,75.0,333468.0,2291,5001595,3395,4437124,5611,9105188
2022-02-10 15:00:00,2098,4670225,2880.0,4106536,55.0,333523.0,2153,5003748,2935,4440059,5033,9110221
2022-02-11 15:00:00,2520,4672745,3523.0,4110059,122.0,333645.0,2642,5006390,3645,4443704,6165,9116386
2022-02-12 15:00:00,1688,4674433,2309.0,4112368,97.0,333742.0,1785,5008175,2406,4446110,4094,9120480
2022-02-13 15:00:00,736,4675169,1085.0,4113453,17.0,333759.0,753,5008928,1102,4447212,1838,9122318
2022-02-14 15:00:00,1466,4676635,2244.0,4115697,65.0,333824.0,1531,5010459,2309,4449521,3775,9126093
2022-02-15 15:00:00,1947,4678582,2463.0,4118160,47.0,333871.0,1994,5012453,2510,4452031,4457,9130550
2022-02-16 15:00:00,1692,4680274,2443.0,4120603,52.0,333923.0,1744,5014197,2495,4454526,4187,9134737
2022-02-17 15:00:00,16880,4697154,13040.0,4133643,485.0,334408.0,17365,5031562,13525,4468051,30405,9165142
2022-02-18 15:00:00,2000,4699154,2586.0,4136229,49.0,334457.0,2049,5033611,2635,4470686,4635,9169777
2022-02-19 15:00:00,1236,4700390,1704.0,4137933,39.0,334496.0,1275,5034886,1743,4472429,2979,9172756
2022-02-20 15:00:00,705,4701095,850.0,4138783,15.0,334511.0,720,5035606,865,4473294,1570,9174326
2022-02-21 15:00:00,1298,4702393,1775.0,4140558,32.0,334543.0,1330,5036936,1807,4475101,3105,9177431
2022-02-22 15:00:00,1454,4703847,1888.0,4142446,36.0,334579.0,1490,5038426,1924,4477025,3378,9180809
2022-02-23 15:00:00,1568,4705415,1876.0,4144322,35.0,334614.0,1603,5040029,1911,4478936,3479,9184288
2022-02-24 15:00:00,1438,4706853,1614.0,4145936,37.0,334651.0,1475,5041504,1651,4480587,3089,9187377
2022-02-25 15:00:00,1511,4708364,1701.0,4147637,63.0,334714.0,1574,5043078,1764,4482351,3275,9190652
2022-02-26 15:00:00,536,4708900,678.0,4148315,37.0,334751.0,573,5043651,715,4483066,1251,9191903
