VACCINATION_DATE,FirstDailyDose,FirstDoseCumulative,SecondDailyDose,SecondDoseCumulative,SingleDailyDose,SingleDoseCumulative,AtleastOneVaccine,AtleastOneVaccineCumulative,CompletedVax,CompletedVaxCumulative,FirstSecondSingleVaccinations,FirstSecondSingleVaccinationsCumulative
2020-12-14 15:00:00,19,1361,,519,,,19,1361,0,519,19,1777
2020-12-15 15:00:00,61,1422,3.0,522,,,61,1422,3,522,64,1841
2020-12-16 15:00:00,590,2012,5.0,527,,,590,2012,5,527,595,2436
2020-12-17 15:00:00,1157,3169,6.0,533,,,1157,3169,6,533,1163,3599
2020-12-18 15:00:00,3014,6183,13.0,546,,,3014,6183,13,546,3027,6626
2020-12-19 15:00:00,930,7113,5.0,551,,,930,7113,5,551,935,7561
2020-12-20 15:00:00,363,7476,6.0,557,,,363,7476,6,557,369,7930
2020-12-21 15:00:00,3884,11360,26.0,583,,,3884,11360,26,583,3910,11840
2020-12-22 15:00:00,6321,17681,26.0,609,,,6321,17681,26,609,6347,18187
2020-12-23 15:00:00,5777,23458,36.0,645,,,5777,23458,36,645,5813,24000
2020-12-24 15:00:00,2724,26182,16.0,661,,,2724,26182,16,661,2740,26740
2020-12-25 15:00:00,1034,27216,4.0,665,,,1034,27216,4,665,1038,27778
2020-12-26 15:00:00,1882,29098,9.0,674,,,1882,29098,9,674,1891,29669
2020-12-27 15:00:00,1802,30900,12.0,686,,,1802,30900,12,686,1814,31483
2020-12-28 15:00:00,8982,39882,48.0,734,,,8982,39882,48,734,9030,40513
2020-12-29 15:00:00,10962,50844,52.0,786,,,10962,50844,52,786,11014,51527
2020-12-30 15:00:00,12491,63335,88.0,874,,,12491,63335,88,874,12579,64106
2020-12-31 15:00:00,7553,70888,45.0,919,,,7553,70888,45,919,7598,71704
2021-01-01 15:00:00,3237,74125,136.0,1055,,,3237,74125,136,1055,3373,75077
2021-01-02 15:00:00,3039,77164,34.0,1089,,,3039,77164,34,1089,3073,78150
2021-01-03 15:00:00,3406,80570,81.0,1170,,,3406,80570,81,1170,3487,81637
2021-01-04 15:00:00,13355,93925,331.0,1501,,,13355,93925,331,1501,13686,95323
2021-01-05 15:00:00,12478,106403,546.0,2047,,,12478,106403,546,2047,13024,108347
2021-01-06 15:00:00,15255,121658,863.0,2910,,,15255,121658,863,2910,16118,124465
2021-01-07 15:00:00,15028,136686,1769.0,4679,,,15028,136686,1769,4679,16797,141262
2021-01-08 15:00:00,24008,160694,2778.0,7457,,,24008,160694,2778,7457,26786,168048
2021-01-09 15:00:00,5170,165864,953.0,8410,,,5170,165864,953,8410,6123,174171
2021-01-10 15:00:00,2967,168831,384.0,8794,,,2967,168831,384,8794,3351,177522
2021-01-11 15:00:00,13718,182549,3469.0,12263,,,13718,182549,3469,12263,17187,194709
2021-01-12 15:00:00,17383,199932,5589.0,17852,,,17383,199932,5589,17852,22972,217681
2021-01-13 15:00:00,18616,218548,3916.0,21768,,,18616,218548,3916,21768,22532,240213
2021-01-14 15:00:00,17840,236388,1963.0,23731,,,17840,236388,1963,23731,19803,260016
2021-01-15 15:00:00,19474,255862,2028.0,25759,,,19474,255862,2028,25759,21502,281518
2021-01-16 15:00:00,5828,261690,1616.0,27375,,,5828,261690,1616,27375,7444,288962
2021-01-17 15:00:00,2120,263810,1479.0,28854,,,2120,263810,1479,28854,3599,292561
2021-01-18 15:00:00,7074,270884,3257.0,32111,,,7074,270884,3257,32111,10331,302892
2021-01-19 15:00:00,16948,287832,5403.0,37514,,,16948,287832,5403,37514,22351,325243
2021-01-20 15:00:00,21000,308832,5318.0,42832,,,21000,308832,5318,42832,26318,351561
2021-01-21 15:00:00,23802,332634,3837.0,46669,,,23802,332634,3837,46669,27639,379200
2021-01-22 15:00:00,28654,361288,3749.0,50418,,,28654,361288,3749,50418,32403,411603
2021-01-23 15:00:00,10115,371403,1940.0,52358,,,10115,371403,1940,52358,12055,423658
2021-01-24 15:00:00,3353,374756,1722.0,54080,,,3353,374756,1722,54080,5075,428733
2021-01-25 15:00:00,16302,391058,8599.0,62679,,,16302,391058,8599,62679,24901,453634
2021-01-26 15:00:00,17555,408613,8972.0,71651,,,17555,408613,8972,71651,26527,480161
2021-01-27 15:00:00,24433,433046,12543.0,84194,,,24433,433046,12543,84194,36976,517137
2021-01-28 15:00:00,22651,455697,9324.0,93518,,,22651,455697,9324,93518,31975,549112
2021-01-29 15:00:00,24777,480474,7925.0,101443,,,24777,480474,7925,101443,32702,581814
2021-01-30 15:00:00,17779,498253,2556.0,103999,,,17779,498253,2556,103999,20335,602149
2021-01-31 15:00:00,3761,502014,1364.0,105363,,,3761,502014,1364,105363,5125,607274
2021-02-01 15:00:00,8088,510102,5362.0,110725,,,8088,510102,5362,110725,13450,620724
2021-02-02 15:00:00,12496,522598,13820.0,124545,,,12496,522598,13820,124545,26316,647040
2021-02-03 15:00:00,18249,540847,18132.0,142677,,,18249,540847,18132,142677,36381,683421
2021-02-04 15:00:00,22119,562966,15785.0,158462,,,22119,562966,15785,158462,37904,721325
2021-02-05 15:00:00,20345,583311,17410.0,175872,,,20345,583311,17410,175872,37755,759080
2021-02-06 15:00:00,11326,594637,14473.0,190345,,,11326,594637,14473,190345,25799,784879
2021-02-07 15:00:00,5950,600587,1834.0,192179,,,5950,600587,1834,192179,7784,792663
2021-02-08 15:00:00,12975,613562,12922.0,205101,,,12975,613562,12922,205101,25897,818560
2021-02-09 15:00:00,16648,630210,13867.0,218968,,,16648,630210,13867,218968,30515,849075
2021-02-10 15:00:00,19288,649498,21228.0,240196,,,19288,649498,21228,240196,40516,889591
2021-02-11 15:00:00,22845,672343,17341.0,257537,,,22845,672343,17341,257537,40186,929777
2021-02-12 15:00:00,20388,692731,19630.0,277167,,,20388,692731,19630,277167,40018,969795
2021-02-13 15:00:00,11436,704167,6418.0,283585,,,11436,704167,6418,283585,17854,987649
2021-02-14 15:00:00,7109,711276,2126.0,285711,,,7109,711276,2126,285711,9235,996884
2021-02-15 15:00:00,11758,723034,13327.0,299038,,,11758,723034,13327,299038,25085,1021969
2021-02-16 15:00:00,16607,739641,21015.0,320053,,,16607,739641,21015,320053,37622,1059591
2021-02-17 15:00:00,20653,760294,26372.0,346425,,,20653,760294,26372,346425,47025,1106616
2021-02-18 15:00:00,3198,763492,4617.0,351042,,,3198,763492,4617,351042,7815,1114431
2021-02-19 15:00:00,10251,773743,19923.0,370965,,,10251,773743,19923,370965,30174,1144605
2021-02-20 15:00:00,10308,784051,20288.0,391253,,,10308,784051,20288,391253,30596,1175201
2021-02-21 15:00:00,6177,790228,7645.0,398898,,,6177,790228,7645,398898,13822,1189023
2021-02-22 15:00:00,8032,798260,15467.0,414365,,,8032,798260,15467,414365,23499,1212522
2021-02-23 15:00:00,15526,813786,15983.0,430348,,,15526,813786,15983,430348,31509,1244031
2021-02-24 15:00:00,17946,831732,24739.0,455087,,,17946,831732,24739,455087,42685,1286716
2021-02-25 15:00:00,20395,852127,26555.0,481642,,,20395,852127,26555,481642,46950,1333666
2021-02-26 15:00:00,26716,878843,26216.0,507858,,,26716,878843,26216,507858,52932,1386598
2021-02-27 15:00:00,16002,894845,11159.0,519017,,,16002,894845,11159,519017,27161,1413759
2021-02-28 15:00:00,15499,910344,4883.0,523900,,,15499,910344,4883,523900,20382,1434141
2021-03-01 15:00:00,26956,937300,12609.0,536509,,,26956,937300,12609,536509,39565,1473706
2021-03-02 15:00:00,23916,961216,13275.0,549784,33.0,33.0,23949,961249,13308,549817,37224,1510930
2021-03-03 15:00:00,30189,991405,18388.0,568172,188.0,221.0,30377,991626,18576,568393,48765,1559695
2021-03-04 15:00:00,30956,1022361,18190.0,586362,4068.0,4289.0,35024,1026650,22258,590651,53214,1612909
2021-03-05 15:00:00,30020,1052381,19715.0,606077,4909.0,9198.0,34929,1061579,24624,615275,54644,1667553
2021-03-06 15:00:00,18911,1071292,9509.0,615586,6008.0,15206.0,24919,1086498,15517,630792,34428,1701981
2021-03-07 15:00:00,12121,1083413,4862.0,620448,6613.0,21819.0,18734,1105232,11475,642267,23596,1725577
2021-03-08 15:00:00,25878,1109291,8839.0,629287,8274.0,30093.0,34152,1139384,17113,659380,42991,1768568
2021-03-09 15:00:00,26118,1135409,15469.0,644756,8346.0,38439.0,34464,1173848,23815,683195,49933,1818501
2021-03-10 15:00:00,29855,1165264,15995.0,660751,7940.0,46379.0,37795,1211643,23935,707130,53790,1872291
2021-03-11 15:00:00,35986,1201250,16401.0,677152,3980.0,50359.0,39966,1251609,20381,727511,56367,1928658
2021-03-12 15:00:00,36915,1238165,18085.0,695237,2924.0,53283.0,39839,1291448,21009,748520,57924,1986582
2021-03-13 15:00:00,22666,1260831,10279.0,705516,1628.0,54911.0,24294,1315742,11907,760427,34573,2021155
2021-03-14 15:00:00,17831,1278662,6719.0,712235,1005.0,55916.0,18836,1334578,7724,768151,25555,2046710
2021-03-15 15:00:00,29823,1308485,11301.0,723536,597.0,56513.0,30420,1364998,11898,780049,41721,2088431
2021-03-16 15:00:00,33413,1341898,13573.0,737109,769.0,57282.0,34182,1399180,14342,794391,47755,2136186
2021-03-17 15:00:00,37570,1379468,17047.0,754156,1181.0,58463.0,38751,1437931,18228,812619,55798,2191984
2021-03-18 15:00:00,41443,1420911,12641.0,766797,1348.0,59811.0,42791,1480722,13989,826608,55432,2247416
2021-03-19 15:00:00,38331,1459242,15420.0,782217,1041.0,60852.0,39372,1520094,16461,843069,54792,2302208
2021-03-20 15:00:00,24699,1483941,10158.0,792375,703.0,61555.0,25402,1545496,10861,853930,35560,2337768
2021-03-21 15:00:00,19176,1503117,7878.0,800253,336.0,61891.0,19512,1565008,8214,862144,27390,2365158
2021-03-22 15:00:00,32589,1535706,11475.0,811728,835.0,62726.0,33424,1598432,12310,874454,44899,2410057
2021-03-23 15:00:00,38419,1574125,17797.0,829525,1554.0,64280.0,39973,1638405,19351,893805,57770,2467827
2021-03-24 15:00:00,41081,1615206,21207.0,850732,1387.0,65667.0,42468,1680873,22594,916399,63675,2531502
2021-03-25 15:00:00,42882,1658088,21691.0,872423,2458.0,68125.0,45340,1726213,24149,940548,67031,2598533
2021-03-26 15:00:00,36359,1694447,26671.0,899094,2496.0,70621.0,38855,1765068,29167,969715,65526,2664059
2021-03-27 15:00:00,26468,1720915,17279.0,916373,2490.0,73111.0,28958,1794026,19769,989484,46237,2710296
2021-03-28 15:00:00,17008,1737923,12638.0,929011,1615.0,74726.0,18623,1812649,14253,1003737,31261,2741557
2021-03-29 15:00:00,29721,1767644,26282.0,955293,1140.0,75866.0,30861,1843510,27422,1031159,57143,2798700
2021-03-30 15:00:00,40055,1807699,28983.0,984276,1862.0,77728.0,41917,1885427,30845,1062004,70900,2869600
2021-03-31 15:00:00,41031,1848730,34687.0,1018963,5748.0,83476.0,46779,1932206,40435,1102439,81466,2951066
2021-04-01 15:00:00,42313,1891043,40998.0,1059961,5738.0,89214.0,48051,1980257,46736,1149175,89049,3040115
2021-04-02 15:00:00,34914,1925957,32670.0,1092631,6124.0,95338.0,41038,2021295,38794,1187969,73708,3113823
2021-04-03 15:00:00,21141,1947098,19183.0,1111814,4388.0,99726.0,25529,2046824,23571,1211540,44712,3158535
2021-04-04 15:00:00,8276,1955374,10184.0,1121998,967.0,100693.0,9243,2056067,11151,1222691,19427,3177962
2021-04-05 15:00:00,27943,1983317,28903.0,1150901,6657.0,107350.0,34600,2090667,35560,1258251,63503,3241465
2021-04-06 15:00:00,39767,2023084,30434.0,1181335,10490.0,117840.0,50257,2140924,40924,1299175,80691,3322156
2021-04-07 15:00:00,36082,2059166,34272.0,1215607,12987.0,130827.0,49069,2189993,47259,1346434,83341,3405497
2021-04-08 15:00:00,42321,2101487,36093.0,1251700,13867.0,144694.0,56188,2246181,49960,1396394,92281,3497778
2021-04-09 15:00:00,34053,2135540,36310.0,1288010,14520.0,159214.0,48573,2294754,50830,1447224,84883,3582661
2021-04-10 15:00:00,23461,2159001,23127.0,1311137,7642.0,166856.0,31103,2325857,30769,1477993,54230,3636891
2021-04-11 15:00:00,17563,2176564,13278.0,1324415,10120.0,176976.0,27683,2353540,23398,1501391,40961,3677852
2021-04-12 15:00:00,24603,2201167,33152.0,1357567,10897.0,187873.0,35500,2389040,44049,1545440,68652,3746504
2021-04-13 15:00:00,126190,2327357,91225.0,1448792,3292.0,191165.0,129482,2518522,94517,1639957,220707,3967211
2021-04-14 15:00:00,40711,2368068,37809.0,1486601,212.0,191377.0,40923,2559445,38021,1677978,78732,4045943
2021-04-15 15:00:00,41418,2409486,39534.0,1526135,174.0,191551.0,41592,2601037,39708,1717686,81126,4127069
2021-04-16 15:00:00,37143,2446629,38852.0,1564987,24.0,191575.0,37167,2638204,38876,1756562,76019,4203088
2021-04-17 15:00:00,32801,2479430,22020.0,1587007,12.0,191587.0,32813,2671017,22032,1778594,54833,4257921
2021-04-18 15:00:00,20070,2499500,16194.0,1603201,5.0,191592.0,20075,2691092,16199,1794793,36269,4294190
2021-04-19 15:00:00,29888,2529388,36544.0,1639745,61.0,191653.0,29949,2721041,36605,1831398,66493,4360683
2021-04-20 15:00:00,32931,2562319,44436.0,1684181,57.0,191710.0,32988,2754029,44493,1875891,77424,4438107
2021-04-21 15:00:00,39820,2602139,47039.0,1731220,26.0,191736.0,39846,2793875,47065,1922956,86885,4524992
2021-04-22 15:00:00,35847,2637986,42640.0,1773860,16.0,191752.0,35863,2829738,42656,1965612,78503,4603495
2021-04-23 15:00:00,33140,2671126,40130.0,1813990,14.0,191766.0,33154,2862892,40144,2005756,73284,4676779
2021-04-24 15:00:00,26415,2697541,27886.0,1841876,81.0,191847.0,26496,2889388,27967,2033723,54382,4731161
2021-04-25 15:00:00,20232,2717773,10965.0,1852841,31.0,191878.0,20263,2909651,10996,2044719,31228,4762389
2021-04-26 15:00:00,27410,2745183,32706.0,1885547,202.0,192080.0,27612,2937263,32908,2077627,60318,4822707
2021-04-27 15:00:00,26690,2771873,33061.0,1918608,1097.0,193177.0,27787,2965050,34158,2111785,60848,4883555
2021-04-28 15:00:00,28931,2800804,39530.0,1958138,1362.0,194539.0,30293,2995343,40892,2152677,69823,4953378
2021-04-29 15:00:00,27073,2827877,39731.0,1997869,1464.0,196003.0,28537,3023880,41195,2193872,68268,5021646
2021-04-30 15:00:00,28200,2856077,32256.0,2030125,1647.0,197650.0,29847,3053727,33903,2227775,62103,5083749
2021-05-01 15:00:00,20667,2876744,26665.0,2056790,1047.0,198697.0,21714,3075441,27712,2255487,48379,5132128
2021-05-02 15:00:00,10286,2887030,17036.0,2073826,822.0,199519.0,11108,3086549,17858,2273345,28144,5160272
2021-05-03 15:00:00,12756,2899786,28571.0,2102397,1915.0,201434.0,14671,3101220,30486,2303831,43242,5203514
2021-05-04 15:00:00,13569,2913355,38600.0,2140997,1737.0,203171.0,15306,3116526,40337,2344168,53906,5257420
2021-05-05 15:00:00,19324,2932679,37744.0,2178741,1921.0,205092.0,21245,3137771,39665,2383833,58989,5316409
2021-05-06 15:00:00,16918,2949597,40589.0,2219330,1720.0,206812.0,18638,3156409,42309,2426142,59227,5375636
2021-05-07 15:00:00,17585,2967182,36994.0,2256324,1958.0,208770.0,19543,3175952,38952,2465094,56537,5432173
2021-05-08 15:00:00,10790,2977972,31215.0,2287539,1290.0,210060.0,12080,3188032,32505,2497599,43295,5475468
2021-05-09 15:00:00,5079,2983051,12239.0,2299778,695.0,210755.0,5774,3193806,12934,2510533,18013,5493481
2021-05-10 15:00:00,8954,2992005,31049.0,2330827,1362.0,212117.0,10316,3204122,32411,2542944,41365,5534846
2021-05-11 15:00:00,12187,3004192,30281.0,2361108,1440.0,213557.0,13627,3217749,31721,2574665,43908,5578754
2021-05-12 15:00:00,13952,3018144,38604.0,2399712,1919.0,215476.0,15871,3233620,40523,2615188,54475,5633229
2021-05-13 15:00:00,21846,3039990,33495.0,2433207,1346.0,216822.0,23192,3256812,34841,2650029,56687,5689916
2021-05-14 15:00:00,24385,3064375,30040.0,2463247,1775.0,218597.0,26160,3282972,31815,2681844,56200,5746116
2021-05-15 15:00:00,21932,3086307,25103.0,2488350,1490.0,220087.0,23422,3306394,26593,2708437,48525,5794641
2021-05-16 15:00:00,9089,3095396,17580.0,2505930,1113.0,221200.0,10202,3316596,18693,2727130,27782,5822423
2021-05-17 15:00:00,16840,3112236,28395.0,2534325,1949.0,223149.0,18789,3335385,30344,2757474,47184,5869607
2021-05-18 15:00:00,21268,3133504,30683.0,2565008,1942.0,225091.0,23210,3358595,32625,2790099,53893,5923500
2021-05-19 15:00:00,27654,3161158,32424.0,2597432,1631.0,226722.0,29285,3387880,34055,2824154,61709,5985209
2021-05-20 15:00:00,20810,3181968,33256.0,2630688,1965.0,228687.0,22775,3410655,35221,2859375,56031,6041240
2021-05-21 15:00:00,19155,3201123,30334.0,2661022,1607.0,230294.0,20762,3431417,31941,2891316,51096,6092336
2021-05-22 15:00:00,16932,3218055,20680.0,2681702,1272.0,231566.0,18204,3449621,21952,2913268,38884,6131220
2021-05-23 15:00:00,8785,3226840,11438.0,2693140,964.0,232530.0,9749,3459370,12402,2925670,21187,6152407
2021-05-24 15:00:00,13565,3240405,17765.0,2710905,1473.0,234003.0,15038,3474408,19238,2944908,32803,6185210
2021-05-25 15:00:00,13068,3253473,18715.0,2729620,1329.0,235332.0,14397,3488805,20044,2964952,33112,6218322
2021-05-26 15:00:00,18311,3271784,19488.0,2749108,1512.0,236844.0,19823,3508628,21000,2985952,39311,6257633
2021-05-27 15:00:00,11686,3283470,18655.0,2767763,1116.0,237960.0,12802,3521430,19771,3005723,31457,6289090
2021-05-28 15:00:00,12411,3295881,19836.0,2787599,1401.0,239361.0,13812,3535242,21237,3026960,33648,6322738
2021-05-29 15:00:00,9530,3305411,11696.0,2799295,936.0,240297.0,10466,3545708,12632,3039592,22162,6344900
2021-05-30 15:00:00,4970,3310381,6425.0,2805720,596.0,240893.0,5566,3551274,7021,3046613,11991,6356891
2021-05-31 15:00:00,1777,3312158,3713.0,2809433,305.0,241198.0,2082,3553356,4018,3050631,5795,6362686
2021-06-01 15:00:00,9838,3321996,16426.0,2825859,1158.0,242356.0,10996,3564352,17584,3068215,27422,6390108
2021-06-02 15:00:00,10232,3332228,16811.0,2842670,959.0,243315.0,11191,3575543,17770,3085985,28002,6418110
2021-06-03 15:00:00,7902,3340130,21187.0,2863857,1087.0,244402.0,8989,3584532,22274,3108259,30176,6448286
2021-06-04 15:00:00,8186,3348316,22348.0,2886205,1120.0,245522.0,9306,3593838,23468,3131727,31654,6479940
2021-06-05 15:00:00,7003,3355319,19463.0,2905668,720.0,246242.0,7723,3601561,20183,3151910,27186,6507126
2021-06-06 15:00:00,3457,3358776,7246.0,2912914,423.0,246665.0,3880,3605441,7669,3159579,11126,6518252
2021-06-07 15:00:00,6854,3365630,15781.0,2928695,726.0,247391.0,7580,3613021,16507,3176086,23361,6541613
2021-06-08 15:00:00,6673,3372303,19729.0,2948424,830.0,248221.0,7503,3620524,20559,3196645,27232,6568845
2021-06-09 15:00:00,8201,3380504,23973.0,2972397,970.0,249191.0,9171,3629695,24943,3221588,33144,6601989
2021-06-10 15:00:00,7148,3387652,19137.0,2991534,895.0,250086.0,8043,3637738,20032,3241620,27180,6629169
2021-06-11 15:00:00,7487,3395139,17718.0,3009252,1125.0,251211.0,8612,3646350,18843,3260463,26330,6655499
2021-06-12 15:00:00,5237,3400376,14758.0,3024010,605.0,251816.0,5842,3652192,15363,3275826,20600,6676099
2021-06-13 15:00:00,1930,3402306,7601.0,3031611,427.0,252243.0,2357,3654549,8028,3283854,9958,6686057
2021-06-14 15:00:00,5660,3407966,11810.0,3043421,733.0,252976.0,6393,3660942,12543,3296397,18203,6704260
2021-06-15 15:00:00,5641,3413607,14332.0,3057753,873.0,253849.0,6514,3667456,15205,3311602,20846,6725106
2021-06-16 15:00:00,8756,3422363,21583.0,3079336,757.0,254606.0,9513,3676969,22340,3333942,31096,6756202
2021-06-17 15:00:00,6684,3429047,12363.0,3091699,720.0,255326.0,7404,3684373,13083,3347025,19767,6775969
2021-06-18 15:00:00,6836,3435883,12730.0,3104429,703.0,256029.0,7539,3691912,13433,3360458,20269,6796238
2021-06-19 15:00:00,4662,3440545,9370.0,3113799,614.0,256643.0,5276,3697188,9984,3370442,14646,6810884
2021-06-20 15:00:00,2505,3443050,5052.0,3118851,377.0,257020.0,2882,3700070,5429,3375871,7934,6818818
2021-06-21 15:00:00,5560,3448610,5331.0,3124182,635.0,257655.0,6195,3706265,5966,3381837,11526,6830344
2021-06-22 15:00:00,5344,3453954,9048.0,3133230,693.0,258348.0,6037,3712302,9741,3391578,15085,6845429
2021-06-23 15:00:00,6065,3460019,10323.0,3143553,646.0,258994.0,6711,3719013,10969,3402547,17034,6862463
2021-06-24 15:00:00,5933,3465952,8196.0,3151749,595.0,259589.0,6528,3725541,8791,3411338,14724,6877187
2021-06-25 15:00:00,5817,3471769,8655.0,3160404,620.0,260209.0,6437,3731978,9275,3420613,15092,6892279
2021-06-26 15:00:00,3700,3475469,6303.0,3166707,398.0,260607.0,4098,3736076,6701,3427314,10401,6902680
2021-06-27 15:00:00,2808,3478277,3521.0,3170228,185.0,260792.0,2993,3739069,3706,3431020,6514,6909194
2021-06-28 15:00:00,4916,3483193,6383.0,3176611,539.0,261331.0,5455,3744524,6922,3437942,11838,6921032
2021-06-29 15:00:00,5062,3488255,6471.0,3183082,519.0,261850.0,5581,3750105,6990,3444932,12052,6933084
2021-06-30 15:00:00,5614,3493869,7382.0,3190464,605.0,262455.0,6219,3756324,7987,3452919,13601,6946685
2021-07-01 15:00:00,5401,3499270,6974.0,3197438,499.0,262954.0,5900,3762224,7473,3460392,12874,6959559
2021-07-02 15:00:00,5289,3504559,6835.0,3204273,523.0,263477.0,5812,3768036,7358,3467750,12647,6972206
2021-07-03 15:00:00,3268,3507827,4064.0,3208337,264.0,263741.0,3532,3771568,4328,3472078,7596,6979802
2021-07-04 15:00:00,492,3508319,545.0,3208882,67.0,263808.0,559,3772127,612,3472690,1104,6980906
2021-07-05 15:00:00,3761,3512080,3952.0,3212834,287.0,264095.0,4048,3776175,4239,3476929,8000,6988906
2021-07-06 15:00:00,4489,3516569,6266.0,3219100,452.0,264547.0,4941,3781116,6718,3483647,11207,7000113
2021-07-07 15:00:00,4466,3521035,6408.0,3225508,482.0,265029.0,4948,3786064,6890,3490537,11356,7011469
2021-07-08 15:00:00,4834,3525869,6166.0,3231674,564.0,265593.0,5398,3791462,6730,3497267,11564,7023033
2021-07-09 15:00:00,5362,3531231,6659.0,3238333,572.0,266165.0,5934,3797396,7231,3504498,12593,7035626
2021-07-10 15:00:00,3521,3534752,4399.0,3242732,303.0,266468.0,3824,3801220,4702,3509200,8223,7043849
2021-07-11 15:00:00,2676,3537428,2565.0,3245297,225.0,266693.0,2901,3804121,2790,3511990,5466,7049315
2021-07-12 15:00:00,4414,3541842,5115.0,3250412,379.0,267072.0,4793,3808914,5494,3517484,9908,7059223
2021-07-13 15:00:00,4657,3546499,4719.0,3255131,366.0,267438.0,5023,3813937,5085,3522569,9742,7068965
2021-07-14 15:00:00,4616,3551115,5276.0,3260407,421.0,267859.0,5037,3818974,5697,3528266,10313,7079278
2021-07-15 15:00:00,4900,3556015,5015.0,3265422,359.0,268218.0,5259,3824233,5374,3533640,10274,7089552
2021-07-16 15:00:00,6275,3562290,5834.0,3271256,403.0,268621.0,6678,3830911,6237,3539877,12512,7102064
2021-07-17 15:00:00,3416,3565706,3549.0,3274805,302.0,268923.0,3718,3834629,3851,3543728,7267,7109331
2021-07-18 15:00:00,2310,3568016,2374.0,3277179,110.0,269033.0,2420,3837049,2484,3546212,4794,7114125
2021-07-19 15:00:00,5139,3573155,4609.0,3281788,381.0,269414.0,5520,3842569,4990,3551202,10129,7124254
2021-07-20 15:00:00,5332,3578487,4713.0,3286501,366.0,269780.0,5698,3848267,5079,3556281,10411,7134665
2021-07-21 15:00:00,5659,3584146,4939.0,3291440,416.0,270196.0,6075,3854342,5355,3561636,11014,7145679
2021-07-22 15:00:00,6022,3590168,4631.0,3296071,472.0,270668.0,6494,3860836,5103,3566739,11125,7156804
2021-07-23 15:00:00,6837,3597005,4841.0,3300912,497.0,271165.0,7334,3868170,5338,3572077,12175,7168979
2021-07-24 15:00:00,4279,3601284,3199.0,3304111,267.0,271432.0,4546,3872716,3466,3575543,7745,7176724
2021-07-25 15:00:00,3297,3604581,1112.0,3305223,139.0,271571.0,3436,3876152,1251,3576794,4548,7181272
2021-07-26 15:00:00,6210,3610791,3903.0,3309126,419.0,271990.0,6629,3882781,4322,3581116,10532,7191804
2021-07-27 15:00:00,6600,3617391,4275.0,3313401,457.0,272447.0,7057,3889838,4732,3585848,11332,7203136
2021-07-28 15:00:00,7075,3624466,4135.0,3317536,460.0,272907.0,7535,3897373,4595,3590443,11670,7214806
2021-07-29 15:00:00,7073,3631539,4296.0,3321832,419.0,273326.0,7492,3904865,4715,3595158,11788,7226594
2021-07-30 15:00:00,7810,3639349,4798.0,3326630,525.0,273851.0,8335,3913200,5323,3600481,13133,7239727
2021-07-31 15:00:00,4791,3644140,3071.0,3329701,273.0,274124.0,5064,3918264,3344,3603825,8135,7247862
2021-08-01 15:00:00,3878,3648018,2156.0,3331857,163.0,274287.0,4041,3922305,2319,3606144,6197,7254059
2021-08-02 15:00:00,7258,3655276,3836.0,3335693,340.0,274627.0,7598,3929903,4176,3610320,11434,7265493
2021-08-03 15:00:00,7259,3662535,4088.0,3339781,515.0,275142.0,7774,3937677,4603,3614923,11862,7277355
2021-08-04 15:00:00,7411,3669946,4106.0,3343887,534.0,275676.0,7945,3945622,4640,3619563,12051,7289406
2021-08-05 15:00:00,7930,3677876,4276.0,3348163,537.0,276213.0,8467,3954089,4813,3624376,12743,7302149
2021-08-06 15:00:00,8301,3686177,4712.0,3352875,454.0,276667.0,8755,3962844,5166,3629542,13467,7315616
2021-08-07 15:00:00,5275,3691452,2813.0,3355688,263.0,276930.0,5538,3968382,3076,3632618,8351,7323967
2021-08-08 15:00:00,3953,3695405,2051.0,3357739,143.0,277073.0,4096,3972478,2194,3634812,6147,7330114
2021-08-09 15:00:00,6928,3702333,4532.0,3362271,368.0,277441.0,7296,3979774,4900,3639712,11828,7341942
2021-08-10 15:00:00,7134,3709467,4454.0,3366725,339.0,277780.0,7473,3987247,4793,3644505,11927,7353869
2021-08-11 15:00:00,7054,3716521,4435.0,3371160,442.0,278222.0,7496,3994743,4877,3649382,11931,7365800
2021-08-12 15:00:00,8605,3725126,4732.0,3375892,445.0,278667.0,9050,4003793,5177,3654559,13782,7379582
2021-08-13 15:00:00,7139,3732265,5364.0,3381256,397.0,279064.0,7536,4011329,5761,3660320,12900,7392482
2021-08-14 15:00:00,4914,3737179,3341.0,3384597,285.0,279349.0,5199,4016528,3626,3663946,8540,7401022
2021-08-15 15:00:00,3326,3740505,2734.0,3387331,163.0,279512.0,3489,4020017,2897,3666843,6223,7407245
2021-08-16 15:00:00,5433,3745938,5092.0,3392423,353.0,279865.0,5786,4025803,5445,3672288,10878,7418123
2021-08-17 15:00:00,6809,3752747,5359.0,3397782,390.0,280255.0,7199,4033002,5749,3678037,12558,7430681
2021-08-18 15:00:00,6320,3759067,5497.0,3403279,481.0,280736.0,6801,4039803,5978,3684015,12298,7442979
2021-08-19 15:00:00,6210,3765277,5551.0,3408830,416.0,281152.0,6626,4046429,5967,3689982,12177,7455156
2021-08-20 15:00:00,6832,3772109,6544.0,3415374,401.0,281553.0,7233,4053662,6945,3696927,13777,7468933
2021-08-21 15:00:00,4322,3776431,3915.0,3419289,228.0,281781.0,4550,4058212,4143,3701070,8465,7477398
2021-08-22 15:00:00,3059,3779490,3171.0,3422460,110.0,281891.0,3169,4061381,3281,3704351,6340,7483738
2021-08-23 15:00:00,5985,3785475,6088.0,3428548,285.0,282176.0,6270,4067651,6373,3710724,12358,7496096
2021-08-24 15:00:00,6544,3792019,6052.0,3434600,425.0,282601.0,6969,4074620,6477,3717201,13021,7509117
2021-08-25 15:00:00,6711,3798730,6210.0,3440810,441.0,283042.0,7152,4081772,6651,3723852,13362,7522479
2021-08-26 15:00:00,6965,3805695,6642.0,3447452,428.0,283470.0,7393,4089165,7070,3730922,14035,7536514
2021-08-27 15:00:00,6826,3812521,7063.0,3454515,316.0,283786.0,7142,4096307,7379,3738301,14205,7550719
2021-08-28 15:00:00,6902,3819423,6513.0,3461028,324.0,284110.0,7226,4103533,6837,3745138,13739,7564458
2021-08-29 15:00:00,3736,3823159,3686.0,3464714,610.0,284720.0,4346,4107879,4296,3749434,8032,7572490
2021-08-30 15:00:00,5927,3829086,6116.0,3470830,960.0,285680.0,6887,4114766,7076,3756510,13003,7585493
2021-08-31 15:00:00,5896,3834982,6049.0,3476879,946.0,286626.0,6842,4121608,6995,3763505,12891,7598384
2021-09-01 15:00:00,5585,3840567,5649.0,3482528,915.0,287541.0,6500,4128108,6564,3770069,12149,7610533
2021-09-02 15:00:00,5529,3846096,5918.0,3488446,707.0,288248.0,6236,4134344,6625,3776694,12154,7622687
2021-09-03 15:00:00,5992,3852088,6922.0,3495368,973.0,289221.0,6965,4141309,7895,3784589,13887,7636574
2021-09-04 15:00:00,3728,3855816,4344.0,3499712,879.0,290100.0,4607,4145916,5223,3789812,8951,7645525
2021-09-05 15:00:00,2955,3858771,2805.0,3502517,106.0,290206.0,3061,4148977,2911,3792723,5866,7651391
2021-09-06 15:00:00,1059,3859830,1151.0,3503668,64.0,290270.0,1123,4150100,1215,3793938,2274,7653665
2021-09-07 15:00:00,5343,3865173,7298.0,3510966,2303.0,292573.0,7646,4157746,9601,3803539,14944,7668609
2021-09-08 15:00:00,4654,3869827,5470.0,3516436,364.0,292937.0,5018,4162764,5834,3809373,10488,7679097
2021-09-09 15:00:00,5014,3874841,5454.0,3521890,324.0,293261.0,5338,4168102,5778,3815151,10792,7689889
2021-09-10 15:00:00,6520,3881361,6647.0,3528537,1719.0,294980.0,8239,4176341,8366,3823517,14886,7704775
2021-09-11 15:00:00,4170,3885531,4332.0,3532869,666.0,295646.0,4836,4181177,4998,3828515,9168,7713943
2021-09-12 15:00:00,3171,3888702,3241.0,3536110,436.0,296082.0,3607,4184784,3677,3832192,6848,7720791
2021-09-13 15:00:00,4882,3893584,5062.0,3541172,346.0,296428.0,5228,4190012,5408,3837600,10290,7731081
2021-09-14 15:00:00,4773,3898357,5433.0,3546605,436.0,296864.0,5209,4195221,5869,3843469,10642,7741723
2021-09-15 15:00:00,5032,3903389,5864.0,3552469,389.0,297253.0,5421,4200642,6253,3849722,11285,7753008
2021-09-16 15:00:00,4805,3908194,5839.0,3558308,336.0,297589.0,5141,4205783,6175,3855897,10980,7763988
2021-09-17 15:00:00,5255,3913449,6580.0,3564888,344.0,297933.0,5599,4211382,6924,3862821,12179,7776167
2021-09-18 15:00:00,3802,3917251,4574.0,3569462,185.0,298118.0,3987,4215369,4759,3867580,8561,7784728
2021-09-19 15:00:00,2744,3919995,3167.0,3572629,75.0,298193.0,2819,4218188,3242,3870822,5986,7790714
2021-09-20 15:00:00,3746,3923741,4678.0,3577307,430.0,298623.0,4176,4222364,5108,3875930,8854,7799568
2021-09-21 15:00:00,4004,3927745,4999.0,3582306,327.0,298950.0,4331,4226695,5326,3881256,9330,7808898
2021-09-22 15:00:00,4195,3931940,4768.0,3587074,458.0,299408.0,4653,4231348,5226,3886482,9421,7818319
2021-09-23 15:00:00,4172,3936112,4731.0,3591805,492.0,299900.0,4664,4236012,5223,3891705,9395,7827714
2021-09-24 15:00:00,5076,3941188,5606.0,3597411,422.0,300322.0,5498,4241510,6028,3897733,11104,7838818
2021-09-25 15:00:00,3627,3944815,3632.0,3601043,384.0,300706.0,4011,4245521,4016,3901749,7643,7846461
2021-09-26 15:00:00,2356,3947171,2666.0,3603709,425.0,301131.0,2781,4248302,3091,3904840,5447,7851908
2021-09-27 15:00:00,4504,3951675,2707.0,3606416,510.0,301641.0,5014,4253316,3217,3908057,7721,7859629
2021-09-28 15:00:00,4400,3956075,4455.0,3610871,211.0,301852.0,4611,4257927,4666,3912723,9066,7868695
2021-09-29 15:00:00,4698,3960773,4509.0,3615380,920.0,302772.0,5618,4263545,5429,3918152,10127,7878822
2021-09-30 15:00:00,4889,3965662,4559.0,3619939,795.0,303567.0,5684,4269229,5354,3923506,10243,7889065
2021-10-01 15:00:00,5488,3971150,5328.0,3625267,783.0,304350.0,6271,4275500,6111,3929617,11599,7900664
2021-10-02 15:00:00,2936,3974086,2895.0,3628162,187.0,304537.0,3123,4278623,3082,3932699,6018,7906682
2021-10-03 15:00:00,2076,3976162,2375.0,3630537,86.0,304623.0,2162,4280785,2461,3935160,4537,7911219
2021-10-04 15:00:00,4018,3980180,3496.0,3634033,232.0,304855.0,4250,4285035,3728,3938888,7746,7918965
2021-10-05 15:00:00,3958,3984138,3661.0,3637694,207.0,305062.0,4165,4289200,3868,3942756,7826,7926791
2021-10-06 15:00:00,4025,3988163,3578.0,3641272,265.0,305327.0,4290,4293490,3843,3946599,7868,7934659
2021-10-07 15:00:00,4231,3992394,3627.0,3644899,331.0,305658.0,4562,4298052,3958,3950557,8189,7942848
2021-10-08 15:00:00,4772,3997166,4288.0,3649187,282.0,305940.0,5054,4303106,4570,3955127,9342,7952190
2021-10-09 15:00:00,2686,3999852,2679.0,3651866,270.0,306210.0,2956,4306062,2949,3958076,5635,7957825
2021-10-10 15:00:00,1864,4001716,1846.0,3653712,59.0,306269.0,1923,4307985,1905,3959981,3769,7961594
2021-10-11 15:00:00,4216,4005932,3333.0,3657045,249.0,306518.0,4465,4312450,3582,3963563,7798,7969392
2021-10-12 15:00:00,3589,4009521,3525.0,3660570,273.0,306791.0,3862,4316312,3798,3967361,7387,7976779
2021-10-13 15:00:00,3958,4013479,3458.0,3664028,346.0,307137.0,4304,4320616,3804,3971165,7762,7984541
2021-10-14 15:00:00,5165,4018644,5486.0,3669514,429.0,307566.0,5594,4326210,5915,3977080,11080,7995621
2021-10-15 15:00:00,4702,4023346,4589.0,3674103,347.0,307913.0,5049,4331259,4936,3982016,9638,8005259
2021-10-16 15:00:00,2496,4025842,2506.0,3676609,290.0,308203.0,2786,4334045,2796,3984812,5292,8010551
2021-10-17 15:00:00,1807,4027649,1775.0,3678384,55.0,308258.0,1862,4335907,1830,3986642,3637,8014188
2021-10-18 15:00:00,4284,4031933,3579.0,3681963,267.0,308525.0,4551,4340458,3846,3990488,8130,8022318
2021-10-19 15:00:00,4302,4036235,4030.0,3685993,222.0,308747.0,4524,4344982,4252,3994740,8554,8030872
2021-10-20 15:00:00,3525,4039760,3425.0,3689418,254.0,309001.0,3779,4348761,3679,3998419,7204,8038076
2021-10-21 15:00:00,3298,4043058,3265.0,3692683,290.0,309291.0,3588,4352349,3555,4001974,6853,8044929
2021-10-22 15:00:00,4683,4047741,4033.0,3696716,476.0,309767.0,5159,4357508,4509,4006483,9192,8054121
2021-10-23 15:00:00,2887,4050628,2116.0,3698832,321.0,310088.0,3208,4360716,2437,4008920,5324,8059445
2021-10-24 15:00:00,2057,4052685,1560.0,3700392,78.0,310166.0,2135,4362851,1638,4010558,3695,8063140
2021-10-25 15:00:00,4549,4057234,3077.0,3703469,316.0,310482.0,4865,4367716,3393,4013951,7942,8071082
2021-10-26 15:00:00,4509,4061743,3094.0,3706563,310.0,310792.0,4819,4372535,3404,4017355,7913,8078995
2021-10-27 15:00:00,4737,4066480,3343.0,3709906,429.0,311221.0,5166,4377701,3772,4021127,8509,8087504
2021-10-28 15:00:00,4554,4071034,3367.0,3713273,498.0,311719.0,5052,4382753,3865,4024992,8419,8095923
2021-10-29 15:00:00,4975,4076009,3920.0,3717193,393.0,312112.0,5368,4388121,4313,4029305,9288,8105211
2021-10-30 15:00:00,2630,4078639,1845.0,3719038,308.0,312420.0,2938,4391059,2153,4031458,4783,8109994
2021-10-31 15:00:00,1942,4080581,1520.0,3720558,93.0,312513.0,2035,4393094,1613,4033071,3555,8113549
2021-11-01 15:00:00,4696,4085277,3425.0,3723983,342.0,312855.0,5038,4398132,3767,4036838,8463,8122012
2021-11-02 15:00:00,4259,4089536,2949.0,3726932,406.0,313261.0,4665,4402797,3355,4040193,7614,8129626
2021-11-03 15:00:00,4664,4094200,3058.0,3729990,458.0,313719.0,5122,4407919,3516,4043709,8180,8137806
2021-11-04 15:00:00,6295,4100495,3362.0,3733352,512.0,314231.0,6807,4414726,3874,4047583,10169,8147975
2021-11-05 15:00:00,8226,4108721,3766.0,3737118,408.0,314639.0,8634,4423360,4174,4051757,12400,8160375
2021-11-06 15:00:00,10176,4118897,1981.0,3739099,305.0,314944.0,10481,4433841,2286,4054043,12462,8172837
2021-11-07 15:00:00,7721,4126618,1469.0,3740568,94.0,315038.0,7815,4441656,1563,4055606,9284,8182121
2021-11-08 15:00:00,11288,4137906,3039.0,3743607,379.0,315417.0,11667,4453323,3418,4059024,14706,8196827
2021-11-09 15:00:00,11750,4149656,2657.0,3746264,269.0,315686.0,12019,4465342,2926,4061950,14676,8211503
2021-11-10 15:00:00,12578,4162234,2762.0,3749026,337.0,316023.0,12915,4478257,3099,4065049,15677,8227180
2021-11-11 15:00:00,11352,4173586,2383.0,3751409,281.0,316304.0,11633,4489890,2664,4067713,14016,8241196
2021-11-12 15:00:00,12280,4185866,3357.0,3754766,547.0,316851.0,12827,4502717,3904,4071617,16184,8257380
2021-11-13 15:00:00,9876,4195742,1590.0,3756356,342.0,317193.0,10218,4512935,1932,4073549,11808,8269188
2021-11-14 15:00:00,3920,4199662,1131.0,3757487,121.0,317314.0,4041,4516976,1252,4074801,5172,8274360
2021-11-15 15:00:00,8613,4208275,2527.0,3760014,204.0,317518.0,8817,4525793,2731,4077532,11344,8285704
2021-11-16 15:00:00,9230,4217505,2493.0,3762507,255.0,317773.0,9485,4535278,2748,4080280,11978,8297682
2021-11-17 15:00:00,9399,4226904,2881.0,3765388,312.0,318085.0,9711,4544989,3193,4083473,12592,8310274
2021-11-18 15:00:00,9293,4236197,2632.0,3768020,480.0,318565.0,9773,4554762,3112,4086585,12405,8322679
2021-11-19 15:00:00,9794,4245991,2919.0,3770939,381.0,318946.0,10175,4564937,3300,4089885,13094,8335773
2021-11-20 15:00:00,10630,4256621,1608.0,3772547,455.0,319401.0,11085,4576022,2063,4091948,12693,8348466
2021-11-21 15:00:00,4347,4260968,1201.0,3773748,99.0,319500.0,4446,4580468,1300,4093248,5647,8354113
2021-11-22 15:00:00,9812,4270780,2495.0,3776243,292.0,319792.0,10104,4590572,2787,4096035,12599,8366712
2021-11-23 15:00:00,9172,4279952,2401.0,3778644,280.0,320072.0,9452,4600024,2681,4098716,11853,8378565
2021-11-24 15:00:00,8148,4288100,2447.0,3781091,216.0,320288.0,8364,4608388,2663,4101379,10811,8389376
2021-11-25 15:00:00,238,4288338,77.0,3781168,10.0,320298.0,248,4608636,87,4101466,325,8389701
2021-11-26 15:00:00,5656,4293994,3955.0,3785123,152.0,320450.0,5808,4614444,4107,4105573,9763,8399464
2021-11-27 15:00:00,3787,4297781,5449.0,3790572,134.0,320584.0,3921,4618365,5583,4111156,9370,8408834
2021-11-28 15:00:00,2415,4300196,6382.0,3796954,77.0,320661.0,2492,4620857,6459,4117615,8874,8417708
2021-11-29 15:00:00,6381,4306577,9271.0,3806225,379.0,321040.0,6760,4627617,9650,4127265,16031,8433739
2021-11-30 15:00:00,6247,4312824,9297.0,3815522,264.0,321304.0,6511,4634128,9561,4136826,15808,8449547
2021-12-01 15:00:00,7272,4320096,9656.0,3825178,306.0,321610.0,7578,4641706,9962,4146788,17234,8466781
2021-12-02 15:00:00,6910,4327006,8752.0,3833930,450.0,322060.0,7360,4649066,9202,4155990,16112,8482893
2021-12-03 15:00:00,7578,4334584,9244.0,3843174,250.0,322310.0,7828,4656894,9494,4165484,17072,8499965
2021-12-04 15:00:00,5958,4340542,10020.0,3853194,465.0,322775.0,6423,4663317,10485,4175969,16443,8516408
2021-12-05 15:00:00,3469,4344011,3287.0,3856481,77.0,322852.0,3546,4666863,3364,4179333,6833,8523241
2021-12-06 15:00:00,6747,4350758,7089.0,3863570,276.0,323128.0,7023,4673886,7365,4186698,14112,8537353
2021-12-07 15:00:00,6404,4357162,7014.0,3870584,249.0,323377.0,6653,4680539,7263,4193961,13667,8551020
2021-12-08 15:00:00,6928,4364090,7412.0,3877996,316.0,323693.0,7244,4687783,7728,4201689,14656,8565676
2021-12-09 15:00:00,6508,4370598,6973.0,3884969,396.0,324089.0,6904,4694687,7369,4209058,13877,8579553
2021-12-10 15:00:00,7244,4377842,7312.0,3892281,229.0,324318.0,7473,4702160,7541,4216599,14785,8594338
2021-12-11 15:00:00,4458,4382300,7660.0,3899941,333.0,324651.0,4791,4706951,7993,4224592,12451,8606789
2021-12-12 15:00:00,3999,4386299,2783.0,3902724,60.0,324711.0,4059,4711010,2843,4227435,6842,8613631
2021-12-13 15:00:00,5695,4391994,5756.0,3908480,243.0,324954.0,5938,4716948,5999,4233434,11694,8625325
2021-12-14 15:00:00,6443,4398437,5912.0,3914392,220.0,325174.0,6663,4723611,6132,4239566,12575,8637900
2021-12-15 15:00:00,7133,4405570,5673.0,3920065,252.0,325426.0,7385,4730996,5925,4245491,13058,8650958
2021-12-16 15:00:00,7845,4413415,2806.0,3922871,421.0,325847.0,8266,4739262,3227,4248718,11072,8662030
2021-12-17 15:00:00,7793,4421208,4151.0,3927022,195.0,326042.0,7988,4747250,4346,4253064,12139,8674169
2021-12-18 15:00:00,5812,4427020,3180.0,3930202,298.0,326340.0,6110,4753360,3478,4256542,9290,8683459
2021-12-19 15:00:00,3381,4430401,1345.0,3931547,36.0,326376.0,3417,4756777,1381,4257923,4762,8688221
2021-12-20 15:00:00,8050,4438451,3739.0,3935286,173.0,326549.0,8223,4765000,3912,4261835,11962,8700183
2021-12-21 15:00:00,8969,4447420,4139.0,3939425,172.0,326721.0,9141,4774141,4311,4266146,13280,8713463
2021-12-22 15:00:00,8669,4456089,3849.0,3943274,183.0,326904.0,8852,4782993,4032,4270178,12701,8726164
2021-12-23 15:00:00,8398,4464487,3543.0,3946817,360.0,327264.0,8758,4791751,3903,4274081,12301,8738465
2021-12-24 15:00:00,1621,4466108,1003.0,3947820,39.0,327303.0,1660,4793411,1042,4275123,2663,8741128
2021-12-25 15:00:00,51,4466159,35.0,3947855,1.0,327304.0,52,4793463,36,4275159,87,8741215
2021-12-26 15:00:00,2519,4468678,1748.0,3949603,44.0,327348.0,2563,4796026,1792,4276951,4311,8745526
2021-12-27 15:00:00,7171,4475849,3976.0,3953579,295.0,327643.0,7466,4803492,4271,4281222,11442,8756968
2021-12-28 15:00:00,7838,4483687,3805.0,3957384,175.0,327818.0,8013,4811505,3980,4285202,11818,8768786
2021-12-29 15:00:00,8170,4491857,4007.0,3961391,155.0,327973.0,8325,4819830,4162,4289364,12332,8781118
2021-12-30 15:00:00,7456,4499313,3756.0,3965147,288.0,328261.0,7744,4827574,4044,4293408,11500,8792618
2021-12-31 15:00:00,2555,4501868,1523.0,3966670,92.0,328353.0,2647,4830221,1615,4295023,4170,8796788
2022-01-01 15:00:00,735,4502603,344.0,3967014,31.0,328384.0,766,4830987,375,4295398,1110,8797898
2022-01-02 15:00:00,2212,4504815,1643.0,3968657,47.0,328431.0,2259,4833246,1690,4297088,3902,8801800
2022-01-03 15:00:00,3390,4508205,2060.0,3970717,221.0,328652.0,3611,4836857,2281,4299369,5671,8807471
2022-01-04 15:00:00,5816,4514021,3450.0,3974167,162.0,328814.0,5978,4842835,3612,4302981,9428,8816899
2022-01-05 15:00:00,6793,4520814,4683.0,3978850,175.0,328989.0,6968,4849803,4858,4307839,11651,8828550
2022-01-06 15:00:00,6729,4527543,4790.0,3983640,263.0,329252.0,6992,4856795,5053,4312892,11782,8840332
2022-01-07 15:00:00,5910,4533453,3716.0,3987356,159.0,329411.0,6069,4862864,3875,4316767,9785,8850117
2022-01-08 15:00:00,4770,4538223,3887.0,3991243,78.0,329489.0,4848,4867712,3965,4320732,8735,8858852
2022-01-09 15:00:00,2755,4540978,2013.0,3993256,154.0,329643.0,2909,4870621,2167,4322899,4922,8863774
2022-01-10 15:00:00,6278,4547256,3806.0,3997062,155.0,329798.0,6433,4877054,3961,4326860,10239,8874013
2022-01-11 15:00:00,6507,4553763,4249.0,4001311,141.0,329939.0,6648,4883702,4390,4331250,10897,8884910
2022-01-12 15:00:00,6742,4560505,4429.0,4005740,225.0,330164.0,6967,4890669,4654,4335904,11396,8896306
2022-01-13 15:00:00,6522,4567027,4411.0,4010151,150.0,330314.0,6672,4897341,4561,4340465,11083,8907389
2022-01-14 15:00:00,7128,4574155,3244.0,4013395,252.0,330566.0,7380,4904721,3496,4343961,10624,8918013
2022-01-15 15:00:00,4120,4578275,1666.0,4015061,70.0,330636.0,4190,4908911,1736,4345697,5856,8923869
2022-01-16 15:00:00,2163,4580438,1308.0,4016369,116.0,330752.0,2279,4911190,1424,4347121,3587,8927456
2022-01-17 15:00:00,3589,4584027,2333.0,4018702,74.0,330826.0,3663,4914853,2407,4349528,5996,8933452
2022-01-18 15:00:00,5190,4589217,4113.0,4022815,99.0,330925.0,5289,4920142,4212,4353740,9402,8942854
2022-01-19 15:00:00,5195,4594412,4401.0,4027216,96.0,331021.0,5291,4925433,4497,4358237,9692,8952546
2022-01-20 15:00:00,4362,4598774,3519.0,4030735,175.0,331196.0,4537,4929970,3694,4361931,8056,8960602
2022-01-21 15:00:00,5384,4604158,2821.0,4033556,114.0,331310.0,5498,4935468,2935,4364866,8319,8968921
2022-01-22 15:00:00,3307,4607465,1673.0,4035229,133.0,331443.0,3440,4938908,1806,4366672,5113,8974034
2022-01-23 15:00:00,1897,4609362,1444.0,4036673,22.0,331465.0,1919,4940827,1466,4368138,3363,8977397
2022-01-24 15:00:00,3982,4613344,2642.0,4039315,79.0,331544.0,4061,4944888,2721,4370859,6703,8984100
2022-01-25 15:00:00,3548,4616892,3108.0,4042423,86.0,331630.0,3634,4948522,3194,4374053,6742,8990842
2022-01-26 15:00:00,2066,4618958,2020.0,4044443,53.0,331683.0,2119,4950641,2073,4376126,4139,8994981
