VACCINATION_DATE,FirstDailyDose,FirstDoseCumulative,SecondDailyDose,SecondDoseCumulative,SingleDailyDose,SingleDoseCumulative,AtleastOneVaccine,AtleastOneVaccineCumulative,CompletedVax,CompletedVaxCumulative,FirstSecondSingleVaccinations,FirstSecondSingleVaccinationsCumulative
2020-12-14 15:00:00,3,127,,38,,,3,127,0,38,3,144
2020-12-15 15:00:00,9,136,,38,,,9,136,0,38,9,153
2020-12-16 15:00:00,541,677,1.0,39,,,541,677,1,39,542,695
2020-12-17 15:00:00,1044,1721,,39,,,1044,1721,0,39,1044,1739
2020-12-18 15:00:00,2859,4580,1.0,40,,,2859,4580,1,40,2860,4599
2020-12-19 15:00:00,847,5427,,40,,,847,5427,0,40,847,5446
2020-12-20 15:00:00,277,5704,,40,,,277,5704,0,40,277,5723
2020-12-21 15:00:00,3718,9422,1.0,41,,,3718,9422,1,41,3719,9442
2020-12-22 15:00:00,6173,15595,2.0,43,,,6173,15595,2,43,6175,15617
2020-12-23 15:00:00,5455,21050,6.0,49,,,5455,21050,6,49,5461,21078
2020-12-24 15:00:00,2635,23685,1.0,50,,,2635,23685,1,50,2636,23714
2020-12-25 15:00:00,1031,24716,,50,,,1031,24716,0,50,1031,24745
2020-12-26 15:00:00,1646,26362,2.0,52,,,1646,26362,2,52,1648,26393
2020-12-27 15:00:00,1764,28126,2.0,54,,,1764,28126,2,54,1766,28159
2020-12-28 15:00:00,8589,36715,7.0,61,,,8589,36715,7,61,8596,36755
2020-12-29 15:00:00,10308,47023,4.0,65,,,10308,47023,4,65,10312,47067
2020-12-30 15:00:00,12159,59182,5.0,70,,,12159,59182,5,70,12164,59231
2020-12-31 15:00:00,7299,66481,6.0,76,,,7299,66481,6,76,7305,66536
2021-01-01 15:00:00,1491,67972,14.0,90,,,1491,67972,14,90,1505,68041
2021-01-02 15:00:00,2587,70559,21.0,111,,,2587,70559,21,111,2608,70649
2021-01-03 15:00:00,3153,73712,65.0,176,,,3153,73712,65,176,3218,73867
2021-01-04 15:00:00,12806,86518,243.0,419,,,12806,86518,243,419,13049,86916
2021-01-05 15:00:00,11664,98182,430.0,849,,,11664,98182,430,849,12094,99010
2021-01-06 15:00:00,14309,112491,764.0,1613,,,14309,112491,764,1613,15073,114083
2021-01-07 15:00:00,14577,127068,1584.0,3197,,,14577,127068,1584,3197,16161,130244
2021-01-08 15:00:00,23400,150468,2551.0,5748,,,23400,150468,2551,5748,25951,156195
2021-01-09 15:00:00,4784,155252,865.0,6613,,,4784,155252,865,6613,5649,161844
2021-01-10 15:00:00,2564,157816,327.0,6940,,,2564,157816,327,6940,2891,164735
2021-01-11 15:00:00,13264,171080,3244.0,10184,,,13264,171080,3244,10184,16508,181243
2021-01-12 15:00:00,16627,187707,5301.0,15485,,,16627,187707,5301,15485,21928,203171
2021-01-13 15:00:00,17818,205525,3621.0,19106,,,17818,205525,3621,19106,21439,224610
2021-01-14 15:00:00,17243,222768,1806.0,20912,,,17243,222768,1806,20912,19049,243659
2021-01-15 15:00:00,18838,241606,1777.0,22689,,,18838,241606,1777,22689,20615,264274
2021-01-16 15:00:00,5592,247198,1303.0,23992,,,5592,247198,1303,23992,6895,271169
2021-01-17 15:00:00,2020,249218,1321.0,25313,,,2020,249218,1321,25313,3341,274510
2021-01-18 15:00:00,7107,256325,2869.0,28182,,,7107,256325,2869,28182,9976,284486
2021-01-19 15:00:00,16266,272591,4614.0,32796,,,16266,272591,4614,32796,20880,305366
2021-01-20 15:00:00,20473,293064,4776.0,37572,,,20473,293064,4776,37572,25249,330615
2021-01-21 15:00:00,22822,315886,3170.0,40742,,,22822,315886,3170,40742,25992,356607
2021-01-22 15:00:00,28207,344093,3198.0,43940,,,28207,344093,3198,43940,31405,388012
2021-01-23 15:00:00,9429,353522,1489.0,45429,,,9429,353522,1489,45429,10918,398930
2021-01-24 15:00:00,3242,356764,1561.0,46990,,,3242,356764,1561,46990,4803,403733
2021-01-25 15:00:00,16155,372919,8088.0,55078,,,16155,372919,8088,55078,24243,427976
2021-01-26 15:00:00,17258,390177,8229.0,63307,,,17258,390177,8229,63307,25487,453463
2021-01-27 15:00:00,23946,414123,11879.0,75186,,,23946,414123,11879,75186,35825,489288
2021-01-28 15:00:00,22131,436254,8841.0,84027,,,22131,436254,8841,84027,30972,520260
2021-01-29 15:00:00,23636,459890,6701.0,90728,,,23636,459890,6701,90728,30337,550597
2021-01-30 15:00:00,17316,477206,2250.0,92978,,,17316,477206,2250,92978,19566,570163
2021-01-31 15:00:00,3644,480850,1189.0,94167,,,3644,480850,1189,94167,4833,574996
2021-02-01 15:00:00,6311,487161,4023.0,98190,,,6311,487161,4023,98190,10334,585330
2021-02-02 15:00:00,11679,498840,13006.0,111196,,,11679,498840,13006,111196,24685,610015
2021-02-03 15:00:00,17422,516262,17613.0,128809,,,17422,516262,17613,128809,35035,645050
2021-02-04 15:00:00,21421,537683,15051.0,143860,,,21421,537683,15051,143860,36472,681522
2021-02-05 15:00:00,19795,557478,16689.0,160549,,,19795,557478,16689,160549,36484,718006
2021-02-06 15:00:00,11002,568480,6033.0,166582,,,11002,568480,6033,166582,17035,735041
2021-02-07 15:00:00,5743,574223,1549.0,168131,,,5743,574223,1549,168131,7292,742333
2021-02-08 15:00:00,12520,586743,12322.0,180453,,,12520,586743,12322,180453,24842,767175
2021-02-09 15:00:00,16052,602795,13166.0,193619,,,16052,602795,13166,193619,29218,796393
2021-02-10 15:00:00,18845,621640,20579.0,214198,,,18845,621640,20579,214198,39424,835817
2021-02-11 15:00:00,22579,644219,16628.0,230826,,,22579,644219,16628,230826,39207,875024
2021-02-12 15:00:00,19684,663903,18960.0,249786,,,19684,663903,18960,249786,38644,913668
2021-02-13 15:00:00,10877,674780,5911.0,255697,,,10877,674780,5911,255697,16788,930456
2021-02-14 15:00:00,6876,681656,1906.0,257603,,,6876,681656,1906,257603,8782,939238
2021-02-15 15:00:00,11655,693311,12012.0,269615,,,11655,693311,12012,269615,23667,962905
2021-02-16 15:00:00,16435,709746,20345.0,289960,,,16435,709746,20345,289960,36780,999685
2021-02-17 15:00:00,20460,730206,25582.0,315542,,,20460,730206,25582,315542,46042,1045727
2021-02-18 15:00:00,3320,733526,4150.0,319692,,,3320,733526,4150,319692,7470,1053197
2021-02-19 15:00:00,10724,744250,18792.0,338484,,,10724,744250,18792,338484,29516,1082713
2021-02-20 15:00:00,10037,754287,19652.0,358136,,,10037,754287,19652,358136,29689,1112402
2021-02-21 15:00:00,6032,760319,7182.0,365318,,,6032,760319,7182,365318,13214,1125616
2021-02-22 15:00:00,8073,768392,14796.0,380114,,,8073,768392,14796,380114,22869,1148485
2021-02-23 15:00:00,15418,783810,15217.0,395331,,,15418,783810,15217,395331,30635,1179120
2021-02-24 15:00:00,17752,801562,24098.0,419429,,,17752,801562,24098,419429,41850,1220970
2021-02-25 15:00:00,19924,821486,25775.0,445204,,,19924,821486,25775,445204,45699,1266669
2021-02-26 15:00:00,26136,847622,25247.0,470451,,,26136,847622,25247,470451,51383,1318052
2021-02-27 15:00:00,15712,863334,10629.0,481080,,,15712,863334,10629,481080,26341,1344393
2021-02-28 15:00:00,15349,878683,4335.0,485415,,,15349,878683,4335,485415,19684,1364077
2021-03-01 15:00:00,23906,902589,11148.0,496563,,,23906,902589,11148,496563,35054,1399131
2021-03-02 15:00:00,23153,925742,12681.0,509244,9.0,9.0,23162,925751,12690,509253,35843,1434974
2021-03-03 15:00:00,29042,954784,17668.0,526912,120.0,129.0,29162,954913,17788,527041,46830,1481804
2021-03-04 15:00:00,30291,985075,17451.0,544363,3572.0,3701.0,33863,988776,21023,548064,51314,1533118
2021-03-05 15:00:00,28277,1013352,18470.0,562833,4353.0,8054.0,32630,1021406,22823,570887,51100,1584218
2021-03-06 15:00:00,17440,1030792,8549.0,571382,5914.0,13968.0,23354,1044760,14463,585350,31903,1616121
2021-03-07 15:00:00,11895,1042687,4440.0,575822,6553.0,20521.0,18448,1063208,10993,596343,22888,1639009
2021-03-08 15:00:00,25187,1067874,8281.0,584103,8124.0,28645.0,33311,1096519,16405,612748,41592,1680601
2021-03-09 15:00:00,25390,1093264,14856.0,598959,8223.0,36868.0,33613,1130132,23079,635827,48469,1729070
2021-03-10 15:00:00,28835,1122099,15390.0,614349,7855.0,44723.0,36690,1166822,23245,659072,52080,1781150
2021-03-11 15:00:00,33096,1155195,15743.0,630092,3563.0,48286.0,36659,1203481,19306,678378,52402,1833552
2021-03-12 15:00:00,35492,1190687,15965.0,646057,2299.0,50585.0,37791,1241272,18264,696642,53756,1887308
2021-03-13 15:00:00,21148,1211835,8719.0,654776,1333.0,51918.0,22481,1263753,10052,706694,31200,1918508
2021-03-14 15:00:00,16200,1228035,5401.0,660177,789.0,52707.0,16989,1280742,6190,712884,22390,1940898
2021-03-15 15:00:00,28498,1256533,10341.0,670518,531.0,53238.0,29029,1309771,10872,723756,39370,1980268
2021-03-16 15:00:00,32582,1289115,12973.0,683491,747.0,53985.0,33329,1343100,13720,737476,46302,2026570
2021-03-17 15:00:00,36634,1325749,16324.0,699815,1134.0,55119.0,37768,1380868,17458,754934,54092,2080662
2021-03-18 15:00:00,40388,1366137,11674.0,711489,1140.0,56259.0,41528,1422396,12814,767748,53202,2133864
2021-03-19 15:00:00,37090,1403227,14716.0,726205,994.0,57253.0,38084,1460480,15710,783458,52800,2186664
2021-03-20 15:00:00,24006,1427233,9651.0,735856,642.0,57895.0,24648,1485128,10293,793751,34299,2220963
2021-03-21 15:00:00,18689,1445922,7278.0,743134,289.0,58184.0,18978,1504106,7567,801318,26256,2247219
2021-03-22 15:00:00,31836,1477758,10738.0,753872,810.0,58994.0,32646,1536752,11548,812866,43384,2290603
2021-03-23 15:00:00,36956,1514714,16466.0,770338,1495.0,60489.0,38451,1575203,17961,830827,54917,2345520
2021-03-24 15:00:00,40283,1554997,20174.0,790512,1236.0,61725.0,41519,1616722,21410,852237,61693,2407213
2021-03-25 15:00:00,41579,1596576,19783.0,810295,2343.0,64068.0,43922,1660644,22126,874363,63705,2470918
2021-03-26 15:00:00,36092,1632668,24896.0,835191,2426.0,66494.0,38518,1699162,27322,901685,63414,2534332
2021-03-27 15:00:00,26456,1659124,16237.0,851428,2356.0,68850.0,28812,1727974,18593,920278,45049,2579381
2021-03-28 15:00:00,16839,1675963,12164.0,863592,1598.0,70448.0,18437,1746411,13762,934040,30601,2609982
2021-03-29 15:00:00,29477,1705440,25248.0,888840,1088.0,71536.0,30565,1776976,26336,960376,55813,2665795
2021-03-30 15:00:00,39157,1744597,27773.0,916613,1723.0,73259.0,40880,1817856,29496,989872,68653,2734448
2021-03-31 15:00:00,39849,1784446,32939.0,949552,5658.0,78917.0,45507,1863363,38597,1028469,78446,2812894
2021-04-01 15:00:00,39925,1824371,35613.0,985165,5255.0,84172.0,45180,1908543,40868,1069337,80793,2893687
2021-04-02 15:00:00,34223,1858594,30413.0,1015578,5479.0,89651.0,39702,1948245,35892,1105229,70115,2963802
2021-04-03 15:00:00,21531,1880125,17475.0,1033053,4224.0,93875.0,25755,1974000,21699,1126928,43230,3007032
2021-04-04 15:00:00,8412,1888537,8786.0,1041839,823.0,94698.0,9235,1983235,9609,1136537,18021,3025053
2021-04-05 15:00:00,27025,1915562,26862.0,1068701,6133.0,100831.0,33158,2016393,32995,1169532,60020,3085073
2021-04-06 15:00:00,35699,1951261,24490.0,1093191,9220.0,110051.0,44919,2061312,33710,1203242,69409,3154482
2021-04-07 15:00:00,28426,1979687,24967.0,1118158,10202.0,120253.0,38628,2099940,35169,1238411,63595,3218077
2021-04-08 15:00:00,25923,2005610,22478.0,1140636,8374.0,128627.0,34297,2134237,30852,1269263,56775,3274852
