VACCINATION_DATE,FirstDailyDose,FirstDoseCumulative,SecondDailyDose,SecondDoseCumulative,SingleDailyDose,SingleDoseCumulative,AtleastOneVaccine,AtleastOneVaccineCumulative,CompletedVax,CompletedVaxCumulative,FirstSecondSingleVaccinations,FirstSecondSingleVaccinationsCumulative
2020-12-14 15:00:00,17,1064,,400,,,17,1064,0,400,17,1380
2020-12-15 15:00:00,54,1118,3.0,403,,,54,1118,3,403,57,1437
2020-12-16 15:00:00,578,1696,2.0,405,,,578,1696,2,405,580,2017
2020-12-17 15:00:00,1147,2843,2.0,407,,,1147,2843,2,407,1149,3166
2020-12-18 15:00:00,2995,5838,10.0,417,,,2995,5838,10,417,3005,6171
2020-12-19 15:00:00,919,6757,5.0,422,,,919,6757,5,422,924,7095
2020-12-20 15:00:00,341,7098,4.0,426,,,341,7098,4,426,345,7440
2020-12-21 15:00:00,3865,10963,22.0,448,,,3865,10963,22,448,3887,11327
2020-12-22 15:00:00,6294,17257,22.0,470,,,6294,17257,22,470,6316,17643
2020-12-23 15:00:00,5739,22996,33.0,503,,,5739,22996,33,503,5772,23415
2020-12-24 15:00:00,2718,25714,13.0,516,,,2718,25714,13,516,2731,26146
2020-12-25 15:00:00,1035,26749,3.0,519,,,1035,26749,3,519,1038,27184
2020-12-26 15:00:00,1873,28622,9.0,528,,,1873,28622,9,528,1882,29066
2020-12-27 15:00:00,1795,30417,10.0,538,,,1795,30417,10,538,1805,30871
2020-12-28 15:00:00,8962,39379,40.0,578,,,8962,39379,40,578,9002,39873
2020-12-29 15:00:00,10931,50310,44.0,622,,,10931,50310,44,622,10975,50848
2020-12-30 15:00:00,12469,62779,70.0,692,,,12469,62779,70,692,12539,63387
2020-12-31 15:00:00,7525,70304,39.0,731,,,7525,70304,39,731,7564,70951
2021-01-01 15:00:00,2725,73029,122.0,853,,,2725,73029,122,853,2847,73798
2021-01-02 15:00:00,2996,76025,34.0,887,,,2996,76025,34,887,3030,76828
2021-01-03 15:00:00,3377,79402,80.0,967,,,3377,79402,80,967,3457,80285
2021-01-04 15:00:00,13290,92692,319.0,1286,,,13290,92692,319,1286,13609,93894
2021-01-05 15:00:00,12422,105114,522.0,1808,,,12422,105114,522,1808,12944,106838
2021-01-06 15:00:00,15183,120297,844.0,2652,,,15183,120297,844,2652,16027,122865
2021-01-07 15:00:00,14961,135258,1742.0,4394,,,14961,135258,1742,4394,16703,139568
2021-01-08 15:00:00,23955,159213,2738.0,7132,,,23955,159213,2738,7132,26693,166261
2021-01-09 15:00:00,5142,164355,940.0,8072,,,5142,164355,940,8072,6082,172343
2021-01-10 15:00:00,2936,167291,371.0,8443,,,2936,167291,371,8443,3307,175650
2021-01-11 15:00:00,13682,180973,3439.0,11882,,,13682,180973,3439,11882,17121,192771
2021-01-12 15:00:00,17318,198291,5560.0,17442,,,17318,198291,5560,17442,22878,215649
2021-01-13 15:00:00,18521,216812,3868.0,21310,,,18521,216812,3868,21310,22389,238038
2021-01-14 15:00:00,17786,234598,1931.0,23241,,,17786,234598,1931,23241,19717,257755
2021-01-15 15:00:00,19388,253986,1985.0,25226,,,19388,253986,1985,25226,21373,279128
2021-01-16 15:00:00,5789,259775,1598.0,26824,,,5789,259775,1598,26824,7387,286515
2021-01-17 15:00:00,2102,261877,1471.0,28295,,,2102,261877,1471,28295,3573,290088
2021-01-18 15:00:00,7050,268927,3237.0,31532,,,7050,268927,3237,31532,10287,300375
2021-01-19 15:00:00,16886,285813,5372.0,36904,,,16886,285813,5372,36904,22258,322633
2021-01-20 15:00:00,20969,306782,5268.0,42172,,,20969,306782,5268,42172,26237,348870
2021-01-21 15:00:00,23724,330506,3777.0,45949,,,23724,330506,3777,45949,27501,376371
2021-01-22 15:00:00,28620,359126,3688.0,49637,,,28620,359126,3688,49637,32308,408679
2021-01-23 15:00:00,10078,369204,1912.0,51549,,,10078,369204,1912,51549,11990,420669
2021-01-24 15:00:00,3342,372546,1708.0,53257,,,3342,372546,1708,53257,5050,425719
2021-01-25 15:00:00,16267,388813,8536.0,61793,,,16267,388813,8536,61793,24803,450522
2021-01-26 15:00:00,17532,406345,8932.0,70725,,,17532,406345,8932,70725,26464,476986
2021-01-27 15:00:00,24412,430757,12492.0,83217,,,24412,430757,12492,83217,36904,513890
2021-01-28 15:00:00,22621,453378,9260.0,92477,,,22621,453378,9260,92477,31881,545771
2021-01-29 15:00:00,24729,478107,7853.0,100330,,,24729,478107,7853,100330,32582,578353
2021-01-30 15:00:00,17748,495855,2512.0,102842,,,17748,495855,2512,102842,20260,598613
2021-01-31 15:00:00,3746,499601,1328.0,104170,,,3746,499601,1328,104170,5074,603687
2021-02-01 15:00:00,7707,507308,5161.0,109331,,,7707,507308,5161,109331,12868,616555
2021-02-02 15:00:00,12428,519736,13749.0,123080,,,12428,519736,13749,123080,26177,642732
2021-02-03 15:00:00,18182,537918,18064.0,141144,,,18182,537918,18064,141144,36246,678978
2021-02-04 15:00:00,22041,559959,15695.0,156839,,,22041,559959,15695,156839,37736,716714
2021-02-05 15:00:00,20250,580209,17340.0,174179,,,20250,580209,17340,174179,37590,754304
2021-02-06 15:00:00,11271,591480,14424.0,188603,,,11271,591480,14424,188603,25695,779999
2021-02-07 15:00:00,5906,597386,1791.0,190394,,,5906,597386,1791,190394,7697,787696
2021-02-08 15:00:00,12922,610308,12873.0,203267,,,12922,610308,12873,203267,25795,813491
2021-02-09 15:00:00,16592,626900,13811.0,217078,,,16592,626900,13811,217078,30403,843894
2021-02-10 15:00:00,19221,646121,21165.0,238243,,,19221,646121,21165,238243,40386,884280
2021-02-11 15:00:00,22835,668956,17263.0,255506,,,22835,668956,17263,255506,40098,924378
2021-02-12 15:00:00,20333,689289,19560.0,275066,,,20333,689289,19560,275066,39893,964271
2021-02-13 15:00:00,11389,700678,6370.0,281436,,,11389,700678,6370,281436,17759,982030
2021-02-14 15:00:00,7092,707770,2097.0,283533,,,7092,707770,2097,283533,9189,991219
2021-02-15 15:00:00,11734,719504,13263.0,296796,,,11734,719504,13263,296796,24997,1016216
2021-02-16 15:00:00,16554,736058,20960.0,317756,,,16554,736058,20960,317756,37514,1053730
2021-02-17 15:00:00,20611,756669,26325.0,344081,,,20611,756669,26325,344081,46936,1100666
2021-02-18 15:00:00,3174,759843,4589.0,348670,,,3174,759843,4589,348670,7763,1108429
2021-02-19 15:00:00,10224,770067,19887.0,368557,,,10224,770067,19887,368557,30111,1138540
2021-02-20 15:00:00,10279,780346,20240.0,388797,,,10279,780346,20240,388797,30519,1169059
2021-02-21 15:00:00,6154,786500,7619.0,396416,,,6154,786500,7619,396416,13773,1182832
2021-02-22 15:00:00,7998,794498,15430.0,411846,,,7998,794498,15430,411846,23428,1206260
2021-02-23 15:00:00,15494,809992,15907.0,427753,,,15494,809992,15907,427753,31401,1237661
2021-02-24 15:00:00,17899,827891,24696.0,452449,,,17899,827891,24696,452449,42595,1280256
2021-02-25 15:00:00,20367,848258,26469.0,478918,,,20367,848258,26469,478918,46836,1327092
2021-02-26 15:00:00,26680,874938,26115.0,505033,,,26680,874938,26115,505033,52795,1379887
2021-02-27 15:00:00,15955,890893,11096.0,516129,,,15955,890893,11096,516129,27051,1406938
2021-02-28 15:00:00,15484,906377,4845.0,520974,,,15484,906377,4845,520974,20329,1427267
2021-03-01 15:00:00,26267,932644,12388.0,533362,,,26267,932644,12388,533362,38655,1465922
2021-03-02 15:00:00,23806,956450,13206.0,546568,32.0,32.0,23838,956482,13238,546600,37044,1502966
2021-03-03 15:00:00,30057,986507,18327.0,564895,180.0,212.0,30237,986719,18507,565107,48564,1551530
2021-03-04 15:00:00,30914,1017421,18118.0,583013,4065.0,4277.0,34979,1021698,22183,587290,53097,1604627
2021-03-05 15:00:00,29380,1046801,19396.0,602409,4911.0,9188.0,34291,1055989,24307,611597,53687,1658314
2021-03-06 15:00:00,17812,1064613,8937.0,611346,6002.0,15190.0,23814,1079803,14939,626536,32751,1691065
2021-03-07 15:00:00,12093,1076706,4821.0,616167,6610.0,21800.0,18703,1098506,11431,637967,23524,1714589
2021-03-08 15:00:00,25801,1102507,8777.0,624944,8276.0,30076.0,34077,1132583,17053,655020,42854,1757443
2021-03-09 15:00:00,26053,1128560,15384.0,640328,8343.0,38419.0,34396,1166979,23727,678747,49780,1807223
2021-03-10 15:00:00,29785,1158345,15913.0,656241,7934.0,46353.0,37719,1204698,23847,702594,53632,1860855
2021-03-11 15:00:00,35896,1194241,16376.0,672617,3981.0,50334.0,39877,1244575,20357,722951,56253,1917108
2021-03-12 15:00:00,36850,1231091,17999.0,690616,2921.0,53255.0,39771,1284346,20920,743871,57770,1974878
2021-03-13 15:00:00,22631,1253722,10233.0,700849,1607.0,54862.0,24238,1308584,11840,755711,34471,2009349
2021-03-14 15:00:00,17824,1271546,6671.0,707520,997.0,55859.0,18821,1327405,7668,763379,25492,2034841
2021-03-15 15:00:00,29734,1301280,11225.0,718745,593.0,56452.0,30327,1357732,11818,775197,41552,2076393
2021-03-16 15:00:00,33354,1334634,13506.0,732251,765.0,57217.0,34119,1391851,14271,789468,47625,2124018
2021-03-17 15:00:00,37508,1372142,16957.0,749208,1174.0,58391.0,38682,1430533,18131,807599,55639,2179657
2021-03-18 15:00:00,41346,1413488,12547.0,761755,1348.0,59739.0,42694,1473227,13895,821494,55241,2234898
2021-03-19 15:00:00,38243,1451731,15343.0,777098,1035.0,60774.0,39278,1512505,16378,837872,54621,2289519
2021-03-20 15:00:00,24635,1476366,10077.0,787175,694.0,61468.0,25329,1537834,10771,848643,35406,2324925
2021-03-21 15:00:00,19135,1495501,7816.0,794991,332.0,61800.0,19467,1557301,8148,856791,27283,2352208
2021-03-22 15:00:00,32511,1528012,11411.0,806402,834.0,62634.0,33345,1590646,12245,869036,44756,2396964
2021-03-23 15:00:00,37716,1565728,17268.0,823670,1552.0,64186.0,39268,1629914,18820,887856,56536,2453500
2021-03-24 15:00:00,41011,1606739,21111.0,844781,1379.0,65565.0,42390,1672304,22490,910346,63501,2517001
2021-03-25 15:00:00,42290,1649029,20948.0,865729,2456.0,68021.0,44746,1717050,23404,933750,65694,2582695
2021-03-26 15:00:00,36548,1685577,26206.0,891935,2500.0,70521.0,39048,1756098,28706,962456,65254,2647949
2021-03-27 15:00:00,26892,1712469,16734.0,908669,2481.0,73002.0,29373,1785471,19215,981671,46107,2694056
2021-03-28 15:00:00,16999,1729468,12593.0,921262,1613.0,74615.0,18612,1804083,14206,995877,31205,2725261
2021-03-29 15:00:00,29668,1759136,26176.0,947438,1138.0,75753.0,30806,1834889,27314,1023191,56982,2782243
2021-03-30 15:00:00,39978,1799114,28878.0,976316,1855.0,77608.0,41833,1876722,30733,1053924,70711,2852954
2021-03-31 15:00:00,40976,1840090,34548.0,1010864,5745.0,83353.0,46721,1923443,40293,1094217,81269,2934223
2021-04-01 15:00:00,40862,1880952,39724.0,1050588,5630.0,88983.0,46492,1969935,45354,1139571,86216,3020439
2021-04-02 15:00:00,34918,1915870,32443.0,1083031,6110.0,95093.0,41028,2010963,38553,1178124,73471,3093910
2021-04-03 15:00:00,21589,1937459,18639.0,1101670,4363.0,99456.0,25952,2036915,23002,1201126,44591,3138501
2021-04-04 15:00:00,8226,1945685,10154.0,1111824,961.0,100417.0,9187,2046102,11115,1212241,19341,3157842
2021-04-05 15:00:00,27849,1973534,28801.0,1140625,6645.0,107062.0,34494,2080596,35446,1247687,63295,3221137
2021-04-06 15:00:00,39694,2013228,30354.0,1170979,10483.0,117545.0,50177,2130773,40837,1288524,80531,3301668
2021-04-07 15:00:00,35982,2049210,34132.0,1205111,12963.0,130508.0,48945,2179718,47095,1335619,83077,3384745
2021-04-08 15:00:00,42235,2091445,35949.0,1241060,13845.0,144353.0,56080,2235798,49794,1385413,92029,3476774
2021-04-09 15:00:00,33966,2125411,36228.0,1277288,14517.0,158870.0,48483,2284281,50745,1436158,84711,3561485
2021-04-10 15:00:00,23416,2148827,23070.0,1300358,7619.0,166489.0,31035,2315316,30689,1466847,54105,3615590
2021-04-11 15:00:00,17543,2166370,13248.0,1313606,10119.0,176608.0,27662,2342978,23367,1490214,40910,3656500
2021-04-12 15:00:00,24544,2190914,33092.0,1346698,10888.0,187496.0,35432,2378410,43980,1534194,68524,3725024
2021-04-13 15:00:00,126732,2317646,90515.0,1437213,3292.0,190788.0,130024,2508434,93807,1628001,220539,3945563
2021-04-14 15:00:00,40657,2358303,37705.0,1474918,210.0,190998.0,40867,2549301,37915,1665916,78572,4024135
2021-04-15 15:00:00,41651,2399954,39087.0,1514005,173.0,191171.0,41824,2591125,39260,1705176,80911,4105046
2021-04-16 15:00:00,37167,2437121,38671.0,1552676,23.0,191194.0,37190,2628315,38694,1743870,75861,4180907
2021-04-17 15:00:00,32756,2469877,21944.0,1574620,12.0,191206.0,32768,2661083,21956,1765826,54712,4235619
2021-04-18 15:00:00,20053,2489930,16158.0,1590778,5.0,191211.0,20058,2681141,16163,1781989,36216,4271835
2021-04-19 15:00:00,29863,2519793,36445.0,1627223,61.0,191272.0,29924,2711065,36506,1818495,66369,4338204
2021-04-20 15:00:00,33072,2552865,44120.0,1671343,54.0,191326.0,33126,2744191,44174,1862669,77246,4415450
2021-04-21 15:00:00,39766,2592631,46858.0,1718201,22.0,191348.0,39788,2783979,46880,1909549,86646,4502096
2021-04-22 15:00:00,36364,2628995,41915.0,1760116,16.0,191364.0,36380,2820359,41931,1951480,78295,4580391
2021-04-23 15:00:00,33068,2662063,39948.0,1800064,13.0,191377.0,33081,2853440,39961,1991441,73029,4653420
2021-04-24 15:00:00,26382,2688445,27800.0,1827864,80.0,191457.0,26462,2879902,27880,2019321,54262,4707682
2021-04-25 15:00:00,20211,2708656,10910.0,1838774,30.0,191487.0,20241,2900143,10940,2030261,31151,4738833
2021-04-26 15:00:00,27394,2736050,32573.0,1871347,202.0,191689.0,27596,2927739,32775,2063036,60169,4799002
2021-04-27 15:00:00,26687,2762737,32914.0,1904261,1096.0,192785.0,27783,2955522,34010,2097046,60697,4859699
2021-04-28 15:00:00,28901,2791638,39389.0,1943650,1362.0,194147.0,30263,2985785,40751,2137797,69652,4929351
2021-04-29 15:00:00,27288,2818926,39332.0,1982982,1462.0,195609.0,28750,3014535,40794,2178591,68082,4997433
2021-04-30 15:00:00,28159,2847085,32085.0,2015067,1643.0,197252.0,29802,3044337,33728,2212319,61887,5059320
2021-05-01 15:00:00,20438,2867523,26371.0,2041438,1027.0,198279.0,21465,3065802,27398,2239717,47836,5107156
2021-05-02 15:00:00,10269,2877792,16996.0,2058434,818.0,199097.0,11087,3076889,17814,2257531,28083,5135239
2021-05-03 15:00:00,12721,2890513,28373.0,2086807,1909.0,201006.0,14630,3091519,30282,2287813,43003,5178242
2021-05-04 15:00:00,13522,2904035,38368.0,2125175,1732.0,202738.0,15254,3106773,40100,2327913,53622,5231864
2021-05-05 15:00:00,19317,2923352,37620.0,2162795,1921.0,204659.0,21238,3128011,39541,2367454,58858,5290722
2021-05-06 15:00:00,16920,2940272,40482.0,2203277,1715.0,206374.0,18635,3146646,42197,2409651,59117,5349839
2021-05-07 15:00:00,17385,2957657,35953.0,2239230,1955.0,208329.0,19340,3165986,37908,2447559,55293,5405132
2021-05-08 15:00:00,10781,2968438,31149.0,2270379,1291.0,209620.0,12072,3178058,32440,2479999,43221,5448353
2021-05-09 15:00:00,5049,2973487,11889.0,2282268,695.0,210315.0,5744,3183802,12584,2492583,17633,5465986
2021-05-10 15:00:00,8944,2982431,30963.0,2313231,1356.0,211671.0,10300,3194102,32319,2524902,41263,5507249
2021-05-11 15:00:00,12189,2994620,30205.0,2343436,1435.0,213106.0,13624,3207726,31640,2556542,43829,5551078
2021-05-12 15:00:00,13944,3008564,38513.0,2381949,1914.0,215020.0,15858,3223584,40427,2596969,54371,5605449
2021-05-13 15:00:00,21828,3030392,33379.0,2415328,1346.0,216366.0,23174,3246758,34725,2631694,56553,5662002
2021-05-14 15:00:00,24324,3054716,29922.0,2445250,1769.0,218135.0,26093,3272851,31691,2663385,56015,5718017
2021-05-15 15:00:00,21874,3076590,25027.0,2470277,1489.0,219624.0,23363,3296214,26516,2689901,48390,5766407
2021-05-16 15:00:00,9074,3085664,17520.0,2487797,1113.0,220737.0,10187,3306401,18633,2708534,27707,5794114
2021-05-17 15:00:00,16824,3102488,28282.0,2516079,1949.0,222686.0,18773,3325174,30231,2738765,47055,5841169
2021-05-18 15:00:00,21238,3123726,30607.0,2546686,1942.0,224628.0,23180,3348354,32549,2771314,53787,5894956
2021-05-19 15:00:00,27574,3151300,32328.0,2579014,1624.0,226252.0,29198,3377552,33952,2805266,61526,5956482
2021-05-20 15:00:00,20778,3172078,33146.0,2612160,1963.0,228215.0,22741,3400293,35109,2840375,55887,6012369
2021-05-21 15:00:00,19134,3191212,30199.0,2642359,1607.0,229822.0,20741,3421034,31806,2872181,50940,6063309
2021-05-22 15:00:00,16902,3208114,20623.0,2662982,1269.0,231091.0,18171,3439205,21892,2894073,38794,6102103
2021-05-23 15:00:00,8749,3216863,11418.0,2674400,964.0,232055.0,9713,3448918,12382,2906455,21131,6123234
2021-05-24 15:00:00,13563,3230426,17701.0,2692101,1476.0,233531.0,15039,3463957,19177,2925632,32740,6155974
2021-05-25 15:00:00,13006,3243432,18616.0,2710717,1328.0,234859.0,14334,3478291,19944,2945576,32950,6188924
2021-05-26 15:00:00,18261,3261693,19405.0,2730122,1509.0,236368.0,19770,3498061,20914,2966490,39175,6228099
2021-05-27 15:00:00,11676,3273369,18607.0,2748729,1115.0,237483.0,12791,3510852,19722,2986212,31398,6259497
2021-05-28 15:00:00,12505,3285874,19695.0,2768424,1397.0,238880.0,13902,3524754,21092,3007304,33597,6293094
2021-05-29 15:00:00,9549,3295423,11615.0,2780039,934.0,239814.0,10483,3535237,12549,3019853,22098,6315192
2021-05-30 15:00:00,4966,3300389,6409.0,2786448,597.0,240411.0,5563,3540800,7006,3026859,11972,6327164
2021-05-31 15:00:00,1775,3302164,3701.0,2790149,305.0,240716.0,2080,3542880,4006,3030865,5781,6332945
2021-06-01 15:00:00,9765,3311929,16266.0,2806415,1150.0,241866.0,10915,3553795,17416,3048281,27181,6360126
2021-06-02 15:00:00,10221,3322150,16762.0,2823177,958.0,242824.0,11179,3564974,17720,3066001,27941,6388067
2021-06-03 15:00:00,7891,3330041,21127.0,2844304,1085.0,243909.0,8976,3573950,22212,3088213,30103,6418170
2021-06-04 15:00:00,8215,3338256,22220.0,2866524,1121.0,245030.0,9336,3583286,23341,3111554,31556,6449726
2021-06-05 15:00:00,7008,3345264,19398.0,2885922,718.0,245748.0,7726,3591012,20116,3131670,27124,6476850
2021-06-06 15:00:00,3462,3348726,7208.0,2893130,422.0,246170.0,3884,3594896,7630,3139300,11092,6487942
2021-06-07 15:00:00,6848,3355574,15717.0,2908847,725.0,246895.0,7573,3602469,16442,3155742,23290,6511232
2021-06-08 15:00:00,6672,3362246,19647.0,2928494,817.0,247712.0,7489,3609958,20464,3176206,27136,6538368
2021-06-09 15:00:00,8197,3370443,23881.0,2952375,968.0,248680.0,9165,3619123,24849,3201055,33046,6571414
2021-06-10 15:00:00,7158,3377601,19062.0,2971437,894.0,249574.0,8052,3627175,19956,3221011,27114,6598528
2021-06-11 15:00:00,7447,3385048,17672.0,2989109,1125.0,250699.0,8572,3635747,18797,3239808,26244,6624772
2021-06-12 15:00:00,5232,3390280,14710.0,3003819,604.0,251303.0,5836,3641583,15314,3255122,20546,6645318
2021-06-13 15:00:00,1932,3392212,7550.0,3011369,425.0,251728.0,2357,3643940,7975,3263097,9907,6655225
2021-06-14 15:00:00,5654,3397866,11800.0,3023169,728.0,252456.0,6382,3650322,12528,3275625,18182,6673407
2021-06-15 15:00:00,5642,3403508,14276.0,3037445,869.0,253325.0,6511,3656833,15145,3290770,20787,6694194
2021-06-16 15:00:00,8752,3412260,21532.0,3058977,757.0,254082.0,9509,3666342,22289,3313059,31041,6725235
2021-06-17 15:00:00,6674,3418934,12323.0,3071300,717.0,254799.0,7391,3673733,13040,3326099,19714,6744949
2021-06-18 15:00:00,6831,3425765,12689.0,3083989,703.0,255502.0,7534,3681267,13392,3339491,20223,6765172
2021-06-19 15:00:00,4657,3430422,9348.0,3093337,614.0,256116.0,5271,3686538,9962,3349453,14619,6779791
2021-06-20 15:00:00,2500,3432922,5033.0,3098370,378.0,256494.0,2878,3689416,5411,3354864,7911,6787702
2021-06-21 15:00:00,5546,3438468,5311.0,3103681,636.0,257130.0,6182,3695598,5947,3360811,11493,6799195
2021-06-22 15:00:00,5188,3443656,8835.0,3112516,681.0,257811.0,5869,3701467,9516,3370327,14704,6813899
2021-06-23 15:00:00,6058,3449714,10285.0,3122801,643.0,258454.0,6701,3708168,10928,3381255,16986,6830885
2021-06-24 15:00:00,5924,3455638,8171.0,3130972,593.0,259047.0,6517,3714685,8764,3390019,14688,6845573
2021-06-25 15:00:00,5824,3461462,8609.0,3139581,620.0,259667.0,6444,3721129,9229,3399248,15053,6860626
2021-06-26 15:00:00,3698,3465160,6284.0,3145865,396.0,260063.0,4094,3725223,6680,3405928,10378,6871004
2021-06-27 15:00:00,2802,3467962,3510.0,3149375,183.0,260246.0,2985,3728208,3693,3409621,6495,6877499
2021-06-28 15:00:00,4727,3472689,6077.0,3155452,521.0,260767.0,5248,3733456,6598,3416219,11325,6888824
2021-06-29 15:00:00,5057,3477746,6430.0,3161882,517.0,261284.0,5574,3739030,6947,3423166,12004,6900828
2021-06-30 15:00:00,5598,3483344,7356.0,3169238,602.0,261886.0,6200,3745230,7958,3431124,13556,6914384
2021-07-01 15:00:00,5331,3488675,6906.0,3176144,491.0,262377.0,5822,3751052,7397,3438521,12728,6927112
2021-07-02 15:00:00,5282,3493957,6799.0,3182943,519.0,262896.0,5801,3756853,7318,3445839,12600,6939712
2021-07-03 15:00:00,3258,3497215,4046.0,3186989,260.0,263156.0,3518,3760371,4306,3450145,7564,6947276
2021-07-04 15:00:00,493,3497708,542.0,3187531,66.0,263222.0,559,3760930,608,3450753,1101,6948377
2021-07-05 15:00:00,3749,3501457,3941.0,3191472,282.0,263504.0,4031,3764961,4223,3454976,7972,6956349
2021-07-06 15:00:00,4478,3505935,6220.0,3197692,450.0,263954.0,4928,3769889,6670,3461646,11148,6967497
2021-07-07 15:00:00,4453,3510388,6371.0,3204063,482.0,264436.0,4935,3774824,6853,3468499,11306,6978803
2021-07-08 15:00:00,4827,3515215,6122.0,3210185,563.0,264999.0,5390,3780214,6685,3475184,11512,6990315
2021-07-09 15:00:00,5347,3520562,6612.0,3216797,572.0,265571.0,5919,3786133,7184,3482368,12531,7002846
2021-07-10 15:00:00,3519,3524081,4374.0,3221171,301.0,265872.0,3820,3789953,4675,3487043,8194,7011040
2021-07-11 15:00:00,2666,3526747,2554.0,3223725,222.0,266094.0,2888,3792841,2776,3489819,5442,7016482
2021-07-12 15:00:00,4412,3531159,5085.0,3228810,377.0,266471.0,4789,3797630,5462,3495281,9874,7026356
2021-07-13 15:00:00,4744,3535903,4580.0,3233390,365.0,266836.0,5109,3802739,4945,3500226,9689,7036045
2021-07-14 15:00:00,4600,3540503,5243.0,3238633,422.0,267258.0,5022,3807761,5665,3505891,10265,7046310
2021-07-15 15:00:00,4871,3545374,4970.0,3243603,356.0,267614.0,5227,3812988,5326,3511217,10197,7056507
2021-07-16 15:00:00,6272,3551646,5801.0,3249404,401.0,268015.0,6673,3819661,6202,3517419,12474,7068981
2021-07-17 15:00:00,3403,3555049,3537.0,3252941,300.0,268315.0,3703,3823364,3837,3521256,7240,7076221
2021-07-18 15:00:00,2301,3557350,2363.0,3255304,110.0,268425.0,2411,3825775,2473,3523729,4774,7080995
2021-07-19 15:00:00,5246,3562596,4460.0,3259764,377.0,268802.0,5623,3831398,4837,3528566,10083,7091078
2021-07-20 15:00:00,5328,3567924,4680.0,3264444,366.0,269168.0,5694,3837092,5046,3533612,10374,7101452
2021-07-21 15:00:00,5626,3573550,4898.0,3269342,415.0,269583.0,6041,3843133,5313,3538925,10939,7112391
2021-07-22 15:00:00,6011,3579561,4593.0,3273935,469.0,270052.0,6480,3849613,5062,3543987,11073,7123464
2021-07-23 15:00:00,6822,3586383,4809.0,3278744,489.0,270541.0,7311,3856924,5298,3549285,12120,7135584
2021-07-24 15:00:00,4276,3590659,3186.0,3281930,267.0,270808.0,4543,3861467,3453,3552738,7729,7143313
2021-07-25 15:00:00,3288,3593947,1108.0,3283038,138.0,270946.0,3426,3864893,1246,3553984,4534,7147847
2021-07-26 15:00:00,6196,3600143,3876.0,3286914,414.0,271360.0,6610,3871503,4290,3558274,10486,7158333
2021-07-27 15:00:00,6340,3606483,4037.0,3290951,453.0,271813.0,6793,3878296,4490,3562764,10830,7169163
2021-07-28 15:00:00,6798,3613281,3990.0,3294941,458.0,272271.0,7256,3885552,4448,3567212,11246,7180409
2021-07-29 15:00:00,6804,3620085,4128.0,3299069,415.0,272686.0,7219,3892771,4543,3571755,11347,7191756
2021-07-30 15:00:00,7521,3627606,4498.0,3303567,521.0,273207.0,8042,3900813,5019,3576774,12540,7204296
2021-07-31 15:00:00,4776,3632382,3033.0,3306600,272.0,273479.0,5048,3905861,3305,3580079,8081,7212377
2021-08-01 15:00:00,3803,3636185,2101.0,3308701,158.0,273637.0,3961,3909822,2259,3582338,6062,7218439
2021-08-02 15:00:00,7012,3643197,3627.0,3312328,335.0,273972.0,7347,3917169,3962,3586300,10974,7229413
2021-08-03 15:00:00,6994,3650191,3888.0,3316216,509.0,274481.0,7503,3924672,4397,3590697,11391,7240804
2021-08-04 15:00:00,7156,3657347,3884.0,3320100,528.0,275009.0,7684,3932356,4412,3595109,11568,7252372
2021-08-05 15:00:00,7665,3665012,4099.0,3324199,535.0,275544.0,8200,3940556,4634,3599743,12299,7264671
2021-08-06 15:00:00,8281,3673293,4678.0,3328877,450.0,275994.0,8731,3949287,5128,3604871,13409,7278080
2021-08-07 15:00:00,5246,3678539,2792.0,3331669,264.0,276258.0,5510,3954797,3056,3607927,8302,7286382
2021-08-08 15:00:00,3946,3682485,2037.0,3333706,141.0,276399.0,4087,3958884,2178,3610105,6124,7292506
2021-08-09 15:00:00,6912,3689397,4495.0,3338201,364.0,276763.0,7276,3966160,4859,3614964,11771,7304277
2021-08-10 15:00:00,7115,3696512,4428.0,3342629,336.0,277099.0,7451,3973611,4764,3619728,11879,7316156
2021-08-11 15:00:00,7026,3703538,4415.0,3347044,438.0,277537.0,7464,3981075,4853,3624581,11879,7328035
2021-08-12 15:00:00,8571,3712109,4707.0,3351751,441.0,277978.0,9012,3990087,5148,3629729,13719,7341754
2021-08-13 15:00:00,7112,3719221,5324.0,3357075,392.0,278370.0,7504,3997591,5716,3635445,12828,7354582
2021-08-14 15:00:00,4912,3724133,3329.0,3360404,285.0,278655.0,5197,4002788,3614,3639059,8526,7363108
2021-08-15 15:00:00,3317,3727450,2722.0,3363126,163.0,278818.0,3480,4006268,2885,3641944,6202,7369310
2021-08-16 15:00:00,5417,3732867,5066.0,3368192,349.0,279167.0,5766,4012034,5415,3647359,10832,7380142
2021-08-17 15:00:00,6945,3739812,5166.0,3373358,387.0,279554.0,7332,4019366,5553,3652912,12498,7392640
2021-08-18 15:00:00,6503,3746315,5277.0,3378635,474.0,280028.0,6977,4026343,5751,3658663,12254,7404894
2021-08-19 15:00:00,5972,3752287,5305.0,3383940,412.0,280440.0,6384,4032727,5717,3664380,11689,7416583
2021-08-20 15:00:00,7028,3759315,6303.0,3390243,402.0,280842.0,7430,4040157,6705,3671085,13733,7430316
2021-08-21 15:00:00,4311,3763626,3902.0,3394145,225.0,281067.0,4536,4044693,4127,3675212,8438,7438754
2021-08-22 15:00:00,3061,3766687,3153.0,3397298,109.0,281176.0,3170,4047863,3262,3678474,6323,7445077
2021-08-23 15:00:00,6153,3772840,5903.0,3403201,285.0,281461.0,6438,4054301,6188,3684662,12341,7457418
2021-08-24 15:00:00,6631,3779471,5857.0,3409058,424.0,281885.0,7055,4061356,6281,3690943,12912,7470330
2021-08-25 15:00:00,6885,3786356,5990.0,3415048,438.0,282323.0,7323,4068679,6428,3697371,13313,7483643
2021-08-26 15:00:00,7162,3793518,6406.0,3421454,427.0,282750.0,7589,4076268,6833,3704204,13995,7497638
2021-08-27 15:00:00,6854,3800372,7003.0,3428457,315.0,283065.0,7169,4083437,7318,3711522,14172,7511810
2021-08-28 15:00:00,6899,3807271,6477.0,3434934,326.0,283391.0,7225,4090662,6803,3718325,13702,7525512
2021-08-29 15:00:00,3738,3811009,3672.0,3438606,611.0,284002.0,4349,4095011,4283,3722608,8021,7533533
2021-08-30 15:00:00,5942,3816951,6076.0,3444682,959.0,284961.0,6901,4101912,7035,3729643,12977,7546510
2021-08-31 15:00:00,5688,3822639,5905.0,3450587,944.0,285905.0,6632,4108544,6849,3736492,12537,7559047
2021-09-01 15:00:00,5540,3828179,5561.0,3456148,906.0,286811.0,6446,4114990,6467,3742959,12007,7571054
2021-09-02 15:00:00,5523,3833702,5882.0,3462030,700.0,287511.0,6223,4121213,6582,3749541,12105,7583159
2021-09-03 15:00:00,5985,3839687,6872.0,3468902,971.0,288482.0,6956,4128169,7843,3757384,13828,7596987
2021-09-04 15:00:00,3713,3843400,4314.0,3473216,876.0,289358.0,4589,4132758,5190,3762574,8903,7605890
2021-09-05 15:00:00,2947,3846347,2790.0,3476006,105.0,289463.0,3052,4135810,2895,3765469,5842,7611732
2021-09-06 15:00:00,1050,3847397,1138.0,3477144,62.0,289525.0,1112,4136922,1200,3766669,2250,7613982
2021-09-07 15:00:00,5298,3852695,7236.0,3484380,2303.0,291828.0,7601,4144523,9539,3776208,14837,7628819
2021-09-08 15:00:00,4660,3857355,5431.0,3489811,365.0,292193.0,5025,4149548,5796,3782004,10456,7639275
2021-09-09 15:00:00,5068,3862423,5342.0,3495153,322.0,292515.0,5390,4154938,5664,3787668,10732,7650007
2021-09-10 15:00:00,6532,3868955,6579.0,3501732,1712.0,294227.0,8244,4163182,8291,3795959,14823,7664830
2021-09-11 15:00:00,4046,3873001,4313.0,3506045,663.0,294890.0,4709,4167891,4976,3800935,9022,7673852
2021-09-12 15:00:00,3154,3876155,3227.0,3509272,436.0,295326.0,3590,4171481,3663,3804598,6817,7680669
2021-09-13 15:00:00,4660,3880815,4829.0,3514101,345.0,295671.0,5005,4176486,5174,3809772,9834,7690503
2021-09-14 15:00:00,4575,3885390,5179.0,3519280,432.0,296103.0,5007,4181493,5611,3815383,10186,7700689
2021-09-15 15:00:00,4848,3890238,5584.0,3524864,387.0,296490.0,5235,4186728,5971,3821354,10819,7711508
2021-09-16 15:00:00,4585,3894823,5595.0,3530459,331.0,296821.0,4916,4191644,5926,3827280,10511,7722019
2021-09-17 15:00:00,5039,3899862,6318.0,3536777,341.0,297162.0,5380,4197024,6659,3833939,11698,7733717
2021-09-18 15:00:00,3772,3903634,4554.0,3541331,186.0,297348.0,3958,4200982,4740,3838679,8512,7742229
2021-09-19 15:00:00,2744,3906378,3153.0,3544484,75.0,297423.0,2819,4203801,3228,3841907,5972,7748201
2021-09-20 15:00:00,3540,3909918,4457.0,3548941,427.0,297850.0,3967,4207768,4884,3846791,8424,7756625
2021-09-21 15:00:00,3789,3913707,4801.0,3553742,325.0,298175.0,4114,4211882,5126,3851917,8915,7765540
2021-09-22 15:00:00,4190,3917897,4740.0,3558482,459.0,298634.0,4649,4216531,5199,3857116,9389,7774929
2021-09-23 15:00:00,4177,3922074,4687.0,3563169,489.0,299123.0,4666,4221197,5176,3862292,9353,7784282
2021-09-24 15:00:00,5061,3927135,5564.0,3568733,422.0,299545.0,5483,4226680,5986,3868278,11047,7795329
2021-09-25 15:00:00,3624,3930759,3623.0,3572356,385.0,299930.0,4009,4230689,4008,3872286,7632,7802961
2021-09-26 15:00:00,2357,3933116,2652.0,3575008,421.0,300351.0,2778,4233467,3073,3875359,5430,7808391
2021-09-27 15:00:00,4503,3937619,2680.0,3577688,507.0,300858.0,5010,4238477,3187,3878546,7690,7816081
2021-09-28 15:00:00,4393,3942012,4389.0,3582077,211.0,301069.0,4604,4243081,4600,3883146,8993,7825074
2021-09-29 15:00:00,4696,3946708,4480.0,3586557,918.0,301987.0,5614,4248695,5398,3888544,10094,7835168
2021-09-30 15:00:00,4881,3951589,4538.0,3591095,791.0,302778.0,5672,4254367,5329,3893873,10210,7845378
2021-10-01 15:00:00,5421,3957010,5261.0,3596356,778.0,303556.0,6199,4260566,6039,3899912,11460,7856838
2021-10-02 15:00:00,2937,3959947,2884.0,3599240,187.0,303743.0,3124,4263690,3071,3902983,6008,7862846
2021-10-03 15:00:00,2061,3962008,2269.0,3601509,86.0,303829.0,2147,4265837,2355,3905338,4416,7867262
2021-10-04 15:00:00,4145,3966153,3355.0,3604864,233.0,304062.0,4378,4270215,3588,3908926,7733,7874995
2021-10-05 15:00:00,4053,3970206,3563.0,3608427,204.0,304266.0,4257,4274472,3767,3912693,7820,7882815
2021-10-06 15:00:00,4117,3974323,3479.0,3611906,264.0,304530.0,4381,4278853,3743,3916436,7860,7890675
2021-10-07 15:00:00,4352,3978675,3490.0,3615396,329.0,304859.0,4681,4283534,3819,3920255,8171,7898846
2021-10-08 15:00:00,4914,3983589,4096.0,3619492,281.0,305140.0,5195,4288729,4377,3924632,9291,7908137
2021-10-09 15:00:00,2679,3986268,2664.0,3622156,270.0,305410.0,2949,4291678,2934,3927566,5613,7913750
2021-10-10 15:00:00,1863,3988131,1839.0,3623995,59.0,305469.0,1922,4293600,1898,3929464,3761,7917511
2021-10-11 15:00:00,4361,3992492,3177.0,3627172,248.0,305717.0,4609,4298209,3425,3932889,7786,7925297
2021-10-12 15:00:00,3722,3996214,3383.0,3630555,268.0,305985.0,3990,4302199,3651,3936540,7373,7932670
2021-10-13 15:00:00,3966,4000180,3425.0,3633980,345.0,306330.0,4311,4306510,3770,3940310,7736,7940406
2021-10-14 15:00:00,5145,4005325,5432.0,3639412,424.0,306754.0,5569,4312079,5856,3946166,11001,7951407
2021-10-15 15:00:00,4717,4010042,4542.0,3643954,345.0,307099.0,5062,4317141,4887,3951053,9604,7961011
2021-10-16 15:00:00,2495,4012537,2486.0,3646440,289.0,307388.0,2784,4319925,2775,3953828,5270,7966281
2021-10-17 15:00:00,1805,4014342,1766.0,3648206,53.0,307441.0,1858,4321783,1819,3955647,3624,7969905
2021-10-18 15:00:00,4295,4018637,3554.0,3651760,266.0,307707.0,4561,4326344,3820,3959467,8115,7978020
2021-10-19 15:00:00,4306,4022943,4016.0,3655776,221.0,307928.0,4527,4330871,4237,3963704,8543,7986563
2021-10-20 15:00:00,3525,4026468,3406.0,3659182,254.0,308182.0,3779,4334650,3660,3967364,7185,7993748
2021-10-21 15:00:00,3302,4029770,3235.0,3662417,290.0,308472.0,3592,4338242,3525,3970889,6827,8000575
2021-10-22 15:00:00,4700,4034470,4006.0,3666423,475.0,308947.0,5175,4343417,4481,3975370,9181,8009756
2021-10-23 15:00:00,2904,4037374,2120.0,3668543,321.0,309268.0,3225,4346642,2441,3977811,5345,8015101
2021-10-24 15:00:00,2061,4039435,1552.0,3670095,77.0,309345.0,2138,4348780,1629,3979440,3690,8018791
2021-10-25 15:00:00,4546,4043981,3085.0,3673180,314.0,309659.0,4860,4353640,3399,3982839,7945,8026736
2021-10-26 15:00:00,4517,4048498,3126.0,3676306,308.0,309967.0,4825,4358465,3434,3986273,7951,8034687
2021-10-27 15:00:00,4711,4053209,3349.0,3679655,428.0,310395.0,5139,4363604,3777,3990050,8488,8043175
2021-10-28 15:00:00,4547,4057756,3382.0,3683037,494.0,310889.0,5041,4368645,3876,3993926,8423,8051598
2021-10-29 15:00:00,4947,4062703,3883.0,3686920,389.0,311278.0,5336,4373981,4272,3998198,9219,8060817
2021-10-30 15:00:00,2630,4065333,1850.0,3688770,308.0,311586.0,2938,4376919,2158,4000356,4788,8065605
2021-10-31 15:00:00,1935,4067268,1498.0,3690268,93.0,311679.0,2028,4378947,1591,4001947,3526,8069131
2021-11-01 15:00:00,4570,4071838,3440.0,3693708,330.0,312009.0,4900,4383847,3770,4005717,8340,8077471
2021-11-02 15:00:00,4239,4076077,3003.0,3696711,396.0,312405.0,4635,4388482,3399,4009116,7638,8085109
2021-11-03 15:00:00,4596,4080673,3106.0,3699817,454.0,312859.0,5050,4393532,3560,4012676,8156,8093265
2021-11-04 15:00:00,6002,4086675,3391.0,3703208,509.0,313368.0,6511,4400043,3900,4016576,9902,8103167
2021-11-05 15:00:00,7819,4094494,3818.0,3707026,405.0,313773.0,8224,4408267,4223,4020799,12042,8115209
2021-11-06 15:00:00,9879,4104373,1970.0,3708996,302.0,314075.0,10181,4418448,2272,4023071,12151,8127360
2021-11-07 15:00:00,7475,4111848,1403.0,3710399,91.0,314166.0,7566,4426014,1494,4024565,8969,8136329
2021-11-08 15:00:00,11127,4122975,3069.0,3713468,366.0,314532.0,11493,4437507,3435,4028000,14562,8150891
2021-11-09 15:00:00,11479,4134454,2655.0,3716123,258.0,314790.0,11737,4449244,2913,4030913,14392,8165283
2021-11-10 15:00:00,12237,4146691,2752.0,3718875,323.0,315113.0,12560,4461804,3075,4033988,15312,8180595
2021-11-11 15:00:00,10964,4157655,2381.0,3721256,269.0,315382.0,11233,4473037,2650,4036638,13614,8194209
2021-11-12 15:00:00,11781,4169436,3388.0,3724644,536.0,315918.0,12317,4485354,3924,4040562,15705,8209914
2021-11-13 15:00:00,9506,4178942,1541.0,3726185,338.0,316256.0,9844,4495198,1879,4042441,11385,8221299
2021-11-14 15:00:00,3674,4182616,1111.0,3727296,117.0,316373.0,3791,4498989,1228,4043669,4902,8226201
2021-11-15 15:00:00,8257,4190873,2539.0,3729835,197.0,316570.0,8454,4507443,2736,4046405,10993,8237194
2021-11-16 15:00:00,8757,4199630,2532.0,3732367,242.0,316812.0,8999,4516442,2774,4049179,11531,8248725
2021-11-17 15:00:00,8945,4208575,2814.0,3735181,303.0,317115.0,9248,4525690,3117,4052296,12062,8260787
2021-11-18 15:00:00,8688,4217263,2623.0,3737804,467.0,317582.0,9155,4534845,3090,4055386,11778,8272565
2021-11-19 15:00:00,8787,4226050,2822.0,3740626,336.0,317918.0,9123,4543968,3158,4058544,11945,8284510
2021-11-20 15:00:00,8649,4234699,1415.0,3742041,431.0,318349.0,9080,4553048,1846,4060390,10495,8295005
2021-11-21 15:00:00,1438,4236137,529.0,3742570,66.0,318415.0,1504,4554552,595,4060985,2033,8297038
