VACCINATION_DATE,FirstDailyDose,FirstDoseCumulative,SecondDailyDose,SecondDoseCumulative,SingleDailyDose,SingleDoseCumulative,AtleastOneVaccine,AtleastOneVaccineCumulative,CompletedVax,CompletedVaxCumulative,FirstSecondSingleVaccinations,FirstSecondSingleVaccinationsCumulative
2020-12-14 15:00:00,17,1059,,399,,,17,1059,0,399,17,1374
2020-12-15 15:00:00,54,1113,3.0,402,,,54,1113,3,402,57,1431
2020-12-16 15:00:00,578,1691,2.0,404,,,578,1691,2,404,580,2011
2020-12-17 15:00:00,1145,2836,2.0,406,,,1145,2836,2,406,1147,3158
2020-12-18 15:00:00,2994,5830,10.0,416,,,2994,5830,10,416,3004,6162
2020-12-19 15:00:00,919,6749,5.0,421,,,919,6749,5,421,924,7086
2020-12-20 15:00:00,341,7090,4.0,425,,,341,7090,4,425,345,7431
2020-12-21 15:00:00,3863,10953,22.0,447,,,3863,10953,22,447,3885,11316
2020-12-22 15:00:00,6294,17247,22.0,469,,,6294,17247,22,469,6316,17632
2020-12-23 15:00:00,5736,22983,33.0,502,,,5736,22983,33,502,5769,23401
2020-12-24 15:00:00,2718,25701,13.0,515,,,2718,25701,13,515,2731,26132
2020-12-25 15:00:00,1035,26736,3.0,518,,,1035,26736,3,518,1038,27170
2020-12-26 15:00:00,1873,28609,9.0,527,,,1873,28609,9,527,1882,29052
2020-12-27 15:00:00,1795,30404,10.0,537,,,1795,30404,10,537,1805,30857
2020-12-28 15:00:00,8962,39366,40.0,577,,,8962,39366,40,577,9002,39859
2020-12-29 15:00:00,10929,50295,44.0,621,,,10929,50295,44,621,10973,50832
2020-12-30 15:00:00,12466,62761,70.0,691,,,12466,62761,70,691,12536,63368
2020-12-31 15:00:00,7521,70282,39.0,730,,,7521,70282,39,730,7560,70928
2021-01-01 15:00:00,2705,72987,122.0,852,,,2705,72987,122,852,2827,73755
2021-01-02 15:00:00,2996,75983,34.0,886,,,2996,75983,34,886,3030,76785
2021-01-03 15:00:00,3377,79360,80.0,966,,,3377,79360,80,966,3457,80242
2021-01-04 15:00:00,13288,92648,319.0,1285,,,13288,92648,319,1285,13607,93849
2021-01-05 15:00:00,12421,105069,521.0,1806,,,12421,105069,521,1806,12942,106791
2021-01-06 15:00:00,15181,120250,844.0,2650,,,15181,120250,844,2650,16025,122816
2021-01-07 15:00:00,14960,135210,1739.0,4389,,,14960,135210,1739,4389,16699,139515
2021-01-08 15:00:00,23955,159165,2734.0,7123,,,23955,159165,2734,7123,26689,166204
2021-01-09 15:00:00,5141,164306,940.0,8063,,,5141,164306,940,8063,6081,172285
2021-01-10 15:00:00,2934,167240,371.0,8434,,,2934,167240,371,8434,3305,175590
2021-01-11 15:00:00,13683,180923,3437.0,11871,,,13683,180923,3437,11871,17120,192710
2021-01-12 15:00:00,17314,198237,5558.0,17429,,,17314,198237,5558,17429,22872,215582
2021-01-13 15:00:00,18517,216754,3868.0,21297,,,18517,216754,3868,21297,22385,237967
2021-01-14 15:00:00,17779,234533,1930.0,23227,,,17779,234533,1930,23227,19709,257676
2021-01-15 15:00:00,19388,253921,1983.0,25210,,,19388,253921,1983,25210,21371,279047
2021-01-16 15:00:00,5789,259710,1598.0,26808,,,5789,259710,1598,26808,7387,286434
2021-01-17 15:00:00,2103,261813,1471.0,28279,,,2103,261813,1471,28279,3574,290008
2021-01-18 15:00:00,7048,268861,3237.0,31516,,,7048,268861,3237,31516,10285,300293
2021-01-19 15:00:00,16885,285746,5370.0,36886,,,16885,285746,5370,36886,22255,322548
2021-01-20 15:00:00,20966,306712,5266.0,42152,,,20966,306712,5266,42152,26232,348780
2021-01-21 15:00:00,23722,330434,3776.0,45928,,,23722,330434,3776,45928,27498,376278
2021-01-22 15:00:00,28618,359052,3687.0,49615,,,28618,359052,3687,49615,32305,408583
2021-01-23 15:00:00,10079,369131,1910.0,51525,,,10079,369131,1910,51525,11989,420572
2021-01-24 15:00:00,3342,372473,1707.0,53232,,,3342,372473,1707,53232,5049,425621
2021-01-25 15:00:00,16264,388737,8535.0,61767,,,16264,388737,8535,61767,24799,450420
2021-01-26 15:00:00,17528,406265,8931.0,70698,,,17528,406265,8931,70698,26459,476879
2021-01-27 15:00:00,24412,430677,12491.0,83189,,,24412,430677,12491,83189,36903,513782
2021-01-28 15:00:00,22622,453299,9256.0,92445,,,22622,453299,9256,92445,31878,545660
2021-01-29 15:00:00,24729,478028,7850.0,100295,,,24729,478028,7850,100295,32579,578239
2021-01-30 15:00:00,17747,495775,2510.0,102805,,,17747,495775,2510,102805,20257,598496
2021-01-31 15:00:00,3746,499521,1326.0,104131,,,3746,499521,1326,104131,5072,603568
2021-02-01 15:00:00,7694,507215,5154.0,109285,,,7694,507215,5154,109285,12848,616416
2021-02-02 15:00:00,12425,519640,13746.0,123031,,,12425,519640,13746,123031,26171,642587
2021-02-03 15:00:00,18181,537821,18057.0,141088,,,18181,537821,18057,141088,36238,678825
2021-02-04 15:00:00,22038,559859,15692.0,156780,,,22038,559859,15692,156780,37730,716555
2021-02-05 15:00:00,20248,580107,17339.0,174119,,,20248,580107,17339,174119,37587,754142
2021-02-06 15:00:00,11271,591378,14422.0,188541,,,11271,591378,14422,188541,25693,779835
2021-02-07 15:00:00,5906,597284,1791.0,190332,,,5906,597284,1791,190332,7697,787532
2021-02-08 15:00:00,12923,610207,12871.0,203203,,,12923,610207,12871,203203,25794,813326
2021-02-09 15:00:00,16589,626796,13805.0,217008,,,16589,626796,13805,217008,30394,843720
2021-02-10 15:00:00,19222,646018,21161.0,238169,,,19222,646018,21161,238169,40383,884103
2021-02-11 15:00:00,22835,668853,17262.0,255431,,,22835,668853,17262,255431,40097,924200
2021-02-12 15:00:00,20332,689185,19563.0,274994,,,20332,689185,19563,274994,39895,964095
2021-02-13 15:00:00,11388,700573,6370.0,281364,,,11388,700573,6370,281364,17758,981853
2021-02-14 15:00:00,7092,707665,2097.0,283461,,,7092,707665,2097,283461,9189,991042
2021-02-15 15:00:00,11732,719397,13261.0,296722,,,11732,719397,13261,296722,24993,1016035
2021-02-16 15:00:00,16551,735948,20958.0,317680,,,16551,735948,20958,317680,37509,1053544
2021-02-17 15:00:00,20609,756557,26324.0,344004,,,20609,756557,26324,344004,46933,1100477
2021-02-18 15:00:00,3171,759728,4587.0,348591,,,3171,759728,4587,348591,7758,1108235
2021-02-19 15:00:00,10223,769951,19884.0,368475,,,10223,769951,19884,368475,30107,1138342
2021-02-20 15:00:00,10277,780228,20241.0,388716,,,10277,780228,20241,388716,30518,1168860
2021-02-21 15:00:00,6152,786380,7615.0,396331,,,6152,786380,7615,396331,13767,1182627
2021-02-22 15:00:00,7996,794376,15428.0,411759,,,7996,794376,15428,411759,23424,1206051
2021-02-23 15:00:00,15495,809871,15902.0,427661,,,15495,809871,15902,427661,31397,1237448
2021-02-24 15:00:00,17899,827770,24695.0,452356,,,17899,827770,24695,452356,42594,1280042
2021-02-25 15:00:00,20366,848136,26470.0,478826,,,20366,848136,26470,478826,46836,1326878
2021-02-26 15:00:00,26682,874818,26108.0,504934,,,26682,874818,26108,504934,52790,1379668
2021-02-27 15:00:00,15949,890767,11093.0,516027,,,15949,890767,11093,516027,27042,1406710
2021-02-28 15:00:00,15488,906255,4842.0,520869,,,15488,906255,4842,520869,20330,1427040
2021-03-01 15:00:00,26241,932496,12382.0,533251,,,26241,932496,12382,533251,38623,1465663
2021-03-02 15:00:00,23800,956296,13210.0,546461,32.0,32.0,23832,956328,13242,546493,37042,1502705
2021-03-03 15:00:00,30048,986344,18324.0,564785,180.0,212.0,30228,986556,18504,564997,48552,1551257
2021-03-04 15:00:00,30910,1017254,18115.0,582900,4064.0,4276.0,34974,1021530,22179,587176,53089,1604346
2021-03-05 15:00:00,29378,1046632,19396.0,602296,4911.0,9187.0,34289,1055819,24307,611483,53685,1658031
2021-03-06 15:00:00,17810,1064442,8936.0,611232,6001.0,15188.0,23811,1079630,14937,626420,32747,1690778
2021-03-07 15:00:00,12092,1076534,4821.0,616053,6610.0,21798.0,18702,1098332,11431,637851,23523,1714301
2021-03-08 15:00:00,25799,1102333,8775.0,624828,8276.0,30074.0,34075,1132407,17051,654902,42850,1757151
2021-03-09 15:00:00,26049,1128382,15383.0,640211,8342.0,38416.0,34391,1166798,23725,678627,49774,1806925
2021-03-10 15:00:00,29780,1158162,15910.0,656121,7934.0,46350.0,37714,1204512,23844,702471,53624,1860549
2021-03-11 15:00:00,35892,1194054,16375.0,672496,3981.0,50331.0,39873,1244385,20356,722827,56248,1916797
2021-03-12 15:00:00,36842,1230896,17999.0,690495,2921.0,53252.0,39763,1284148,20920,743747,57762,1974559
2021-03-13 15:00:00,22626,1253522,10230.0,700725,1606.0,54858.0,24232,1308380,11836,755583,34462,2009021
2021-03-14 15:00:00,17823,1271345,6669.0,707394,996.0,55854.0,18819,1327199,7665,763248,25488,2034509
2021-03-15 15:00:00,29739,1301084,11218.0,718612,593.0,56447.0,30332,1357531,11811,775059,41550,2076059
2021-03-16 15:00:00,33352,1334436,13503.0,732115,765.0,57212.0,34117,1391648,14268,789327,47620,2123679
2021-03-17 15:00:00,37503,1371939,16957.0,749072,1174.0,58386.0,38677,1430325,18131,807458,55634,2179313
2021-03-18 15:00:00,41345,1413284,12543.0,761615,1348.0,59734.0,42693,1473018,13891,821349,55236,2234549
2021-03-19 15:00:00,38239,1451523,15343.0,776958,1035.0,60769.0,39274,1512292,16378,837727,54617,2289166
2021-03-20 15:00:00,24636,1476159,10069.0,787027,694.0,61463.0,25330,1537622,10763,848490,35399,2324565
2021-03-21 15:00:00,19133,1495292,7814.0,794841,332.0,61795.0,19465,1557087,8146,856636,27279,2351844
2021-03-22 15:00:00,32509,1527801,11406.0,806247,833.0,62628.0,33342,1590429,12239,868875,44748,2396592
2021-03-23 15:00:00,37710,1565511,17262.0,823509,1552.0,64180.0,39262,1629691,18814,887689,56524,2453116
2021-03-24 15:00:00,41010,1606521,21107.0,844616,1379.0,65559.0,42389,1672080,22486,910175,63496,2516612
2021-03-25 15:00:00,42286,1648807,20943.0,865559,2456.0,68015.0,44742,1716822,23399,933574,65685,2582297
2021-03-26 15:00:00,36545,1685352,26203.0,891762,2500.0,70515.0,39045,1755867,28703,962277,65248,2647545
2021-03-27 15:00:00,26892,1712244,16734.0,908496,2481.0,72996.0,29373,1785240,19215,981492,46107,2693652
2021-03-28 15:00:00,16997,1729241,12593.0,921089,1613.0,74609.0,18610,1803850,14206,995698,31203,2724855
2021-03-29 15:00:00,29667,1758908,26175.0,947264,1138.0,75747.0,30805,1834655,27313,1023011,56980,2781835
2021-03-30 15:00:00,39974,1798882,28878.0,976142,1854.0,77601.0,41828,1876483,30732,1053743,70706,2852541
2021-03-31 15:00:00,40973,1839855,34540.0,1010682,5745.0,83346.0,46718,1923201,40285,1094028,81258,2933799
2021-04-01 15:00:00,40841,1880696,39707.0,1050389,5629.0,88975.0,46470,1969671,45336,1139364,86177,3019976
2021-04-02 15:00:00,34913,1915609,32435.0,1082824,6110.0,95085.0,41023,2010694,38545,1177909,73458,3093434
2021-04-03 15:00:00,21589,1937198,18637.0,1101461,4363.0,99448.0,25952,2036646,23000,1200909,44589,3138023
2021-04-04 15:00:00,8226,1945424,10153.0,1111614,961.0,100409.0,9187,2045833,11114,1212023,19340,3157363
2021-04-05 15:00:00,27845,1973269,28798.0,1140412,6645.0,107054.0,34490,2080323,35443,1247466,63288,3220651
2021-04-06 15:00:00,39696,2012965,30348.0,1170760,10481.0,117535.0,50177,2130500,40829,1288295,80525,3301176
2021-04-07 15:00:00,35979,2048944,34127.0,1204887,12961.0,130496.0,48940,2179440,47088,1335383,83067,3384243
2021-04-08 15:00:00,42233,2091177,35943.0,1240830,13845.0,144341.0,56078,2235518,49788,1385171,92021,3476264
2021-04-09 15:00:00,33965,2125142,36226.0,1277056,14518.0,158859.0,48483,2284001,50744,1435915,84709,3560973
2021-04-10 15:00:00,23417,2148559,23069.0,1300125,7618.0,166477.0,31035,2315036,30687,1466602,54104,3615077
2021-04-11 15:00:00,17542,2166101,13245.0,1313370,10121.0,176598.0,27663,2342699,23366,1489968,40908,3655985
2021-04-12 15:00:00,24543,2190644,33086.0,1346456,10887.0,187485.0,35430,2378129,43973,1533941,68516,3724501
2021-04-13 15:00:00,126733,2317377,90514.0,1436970,3292.0,190777.0,130025,2508154,93806,1627747,220539,3945040
2021-04-14 15:00:00,40657,2358034,37698.0,1474668,210.0,190987.0,40867,2549021,37908,1665655,78565,4023605
2021-04-15 15:00:00,41649,2399683,39084.0,1513752,173.0,191160.0,41822,2590843,39257,1704912,80906,4104511
2021-04-16 15:00:00,37166,2436849,38667.0,1552419,23.0,191183.0,37189,2628032,38690,1743602,75856,4180367
2021-04-17 15:00:00,32755,2469604,21945.0,1574364,12.0,191195.0,32767,2660799,21957,1765559,54712,4235079
2021-04-18 15:00:00,20053,2489657,16158.0,1590522,5.0,191200.0,20058,2680857,16163,1781722,36216,4271295
2021-04-19 15:00:00,29862,2519519,36446.0,1626968,61.0,191261.0,29923,2710780,36507,1818229,66369,4337664
2021-04-20 15:00:00,33071,2552590,44119.0,1671087,54.0,191315.0,33125,2743905,44173,1862402,77244,4414908
2021-04-21 15:00:00,39763,2592353,46854.0,1717941,22.0,191337.0,39785,2783690,46876,1909278,86639,4501547
2021-04-22 15:00:00,36360,2628713,41914.0,1759855,16.0,191353.0,36376,2820066,41930,1951208,78290,4579837
2021-04-23 15:00:00,33066,2661779,39946.0,1799801,13.0,191366.0,33079,2853145,39959,1991167,73025,4652862
2021-04-24 15:00:00,26383,2688162,27796.0,1827597,80.0,191446.0,26463,2879608,27876,2019043,54259,4707121
2021-04-25 15:00:00,20211,2708373,10909.0,1838506,30.0,191476.0,20241,2899849,10939,2029982,31150,4738271
2021-04-26 15:00:00,27393,2735766,32569.0,1871075,202.0,191678.0,27595,2927444,32771,2062753,60164,4798435
2021-04-27 15:00:00,26689,2762455,32913.0,1903988,1096.0,192774.0,27785,2955229,34009,2096762,60698,4859133
2021-04-28 15:00:00,28899,2791354,39384.0,1943372,1362.0,194136.0,30261,2985490,40746,2137508,69645,4928778
2021-04-29 15:00:00,27289,2818643,39328.0,1982700,1462.0,195598.0,28751,3014241,40790,2178298,68079,4996857
2021-04-30 15:00:00,28159,2846802,32081.0,2014781,1642.0,197240.0,29801,3044042,33723,2212021,61882,5058739
2021-05-01 15:00:00,20432,2867234,26363.0,2041144,1025.0,198265.0,21457,3065499,27388,2239409,47820,5106559
2021-05-02 15:00:00,10269,2877503,16996.0,2058140,818.0,199083.0,11087,3076586,17814,2257223,28083,5134642
2021-05-03 15:00:00,12721,2890224,28370.0,2086510,1909.0,200992.0,14630,3091216,30279,2287502,43000,5177642
2021-05-04 15:00:00,13524,2903748,38362.0,2124872,1732.0,202724.0,15256,3106472,40094,2327596,53618,5231260
2021-05-05 15:00:00,19318,2923066,37621.0,2162493,1921.0,204645.0,21239,3127711,39542,2367138,58860,5290120
2021-05-06 15:00:00,16919,2939985,40482.0,2202975,1715.0,206360.0,18634,3146345,42197,2409335,59116,5349236
2021-05-07 15:00:00,17385,2957370,35952.0,2238927,1955.0,208315.0,19340,3165685,37907,2447242,55292,5404528
2021-05-08 15:00:00,10781,2968151,31145.0,2270072,1291.0,209606.0,12072,3177757,32436,2479678,43217,5447745
2021-05-09 15:00:00,5049,2973200,11890.0,2281962,695.0,210301.0,5744,3183501,12585,2492263,17634,5465379
2021-05-10 15:00:00,8943,2982143,30963.0,2312925,1357.0,211658.0,10300,3193801,32320,2524583,41263,5506642
2021-05-11 15:00:00,12177,2994320,30197.0,2343122,1435.0,213093.0,13612,3207413,31632,2556215,43809,5550451
2021-05-12 15:00:00,13929,3008249,38509.0,2381631,1914.0,215007.0,15843,3223256,40423,2596638,54352,5604803
2021-05-13 15:00:00,21810,3030059,33370.0,2415001,1346.0,216353.0,23156,3246412,34716,2631354,56526,5661329
2021-05-14 15:00:00,24324,3054383,29919.0,2444920,1769.0,218122.0,26093,3272505,31688,2663042,56012,5717341
2021-05-15 15:00:00,21875,3076258,25025.0,2469945,1489.0,219611.0,23364,3295869,26514,2689556,48389,5765730
2021-05-16 15:00:00,9068,3085326,17520.0,2487465,1110.0,220721.0,10178,3306047,18630,2708186,27698,5793428
2021-05-17 15:00:00,16823,3102149,28281.0,2515746,1949.0,222670.0,18772,3324819,30230,2738416,47053,5840481
2021-05-18 15:00:00,21239,3123388,30609.0,2546355,1942.0,224612.0,23181,3348000,32551,2770967,53790,5894271
2021-05-19 15:00:00,27574,3150962,32327.0,2578682,1624.0,226236.0,29198,3377198,33951,2804918,61525,5955796
2021-05-20 15:00:00,20777,3171739,33147.0,2611829,1963.0,228199.0,22740,3399938,35110,2840028,55887,6011683
2021-05-21 15:00:00,19132,3190871,30197.0,2642026,1607.0,229806.0,20739,3420677,31804,2871832,50936,6062619
2021-05-22 15:00:00,16904,3207775,20620.0,2662646,1269.0,231075.0,18173,3438850,21889,2893721,38793,6101412
2021-05-23 15:00:00,8750,3216525,11418.0,2674064,964.0,232039.0,9714,3448564,12382,2906103,21132,6122544
2021-05-24 15:00:00,13563,3230088,17699.0,2691763,1476.0,233515.0,15039,3463603,19175,2925278,32738,6155282
2021-05-25 15:00:00,13006,3243094,18617.0,2710380,1328.0,234843.0,14334,3477937,19945,2945223,32951,6188233
2021-05-26 15:00:00,18262,3261356,19403.0,2729783,1508.0,236351.0,19770,3497707,20911,2966134,39173,6227406
2021-05-27 15:00:00,11678,3273034,18606.0,2748389,1115.0,237466.0,12793,3510500,19721,2985855,31399,6258805
2021-05-28 15:00:00,12505,3285539,19694.0,2768083,1396.0,238862.0,13901,3524401,21090,3006945,33595,6292400
2021-05-29 15:00:00,9549,3295088,11617.0,2779700,934.0,239796.0,10483,3534884,12551,3019496,22100,6314500
2021-05-30 15:00:00,4967,3300055,6408.0,2786108,597.0,240393.0,5564,3540448,7005,3026501,11972,6326472
2021-05-31 15:00:00,1775,3301830,3701.0,2789809,305.0,240698.0,2080,3542528,4006,3030507,5781,6332253
2021-06-01 15:00:00,9764,3311594,16261.0,2806070,1150.0,241848.0,10914,3553442,17411,3047918,27175,6359428
2021-06-02 15:00:00,10223,3321817,16761.0,2822831,958.0,242806.0,11181,3564623,17719,3065637,27942,6387370
2021-06-03 15:00:00,7893,3329710,21125.0,2843956,1085.0,243891.0,8978,3573601,22210,3087847,30103,6417473
2021-06-04 15:00:00,8216,3337926,22220.0,2866176,1121.0,245012.0,9337,3582938,23341,3111188,31557,6449030
2021-06-05 15:00:00,7009,3344935,19399.0,2885575,718.0,245730.0,7727,3590665,20117,3131305,27126,6476156
2021-06-06 15:00:00,3465,3348400,7204.0,2892779,422.0,246152.0,3887,3594552,7626,3138931,11091,6487247
2021-06-07 15:00:00,6848,3355248,15715.0,2908494,725.0,246877.0,7573,3602125,16440,3155371,23288,6510535
2021-06-08 15:00:00,6675,3361923,19647.0,2928141,817.0,247694.0,7492,3609617,20464,3175835,27139,6537674
2021-06-09 15:00:00,8200,3370123,23879.0,2952020,968.0,248662.0,9168,3618785,24847,3200682,33047,6570721
2021-06-10 15:00:00,7162,3377285,19057.0,2971077,894.0,249556.0,8056,3626841,19951,3220633,27113,6597834
2021-06-11 15:00:00,7448,3384733,17671.0,2988748,1125.0,250681.0,8573,3635414,18796,3239429,26244,6624078
2021-06-12 15:00:00,5233,3389966,14710.0,3003458,604.0,251285.0,5837,3641251,15314,3254743,20547,6644625
2021-06-13 15:00:00,1932,3391898,7552.0,3011010,425.0,251710.0,2357,3643608,7977,3262720,9909,6654534
2021-06-14 15:00:00,5653,3397551,11800.0,3022810,728.0,252438.0,6381,3649989,12528,3275248,18181,6672715
2021-06-15 15:00:00,5642,3403193,14276.0,3037086,869.0,253307.0,6511,3656500,15145,3290393,20787,6693502
2021-06-16 15:00:00,8752,3411945,21533.0,3058619,757.0,254064.0,9509,3666009,22290,3312683,31042,6724544
2021-06-17 15:00:00,6672,3418617,12323.0,3070942,717.0,254781.0,7389,3673398,13040,3325723,19712,6744256
2021-06-18 15:00:00,6831,3425448,12689.0,3083631,703.0,255484.0,7534,3680932,13392,3339115,20223,6764479
2021-06-19 15:00:00,4657,3430105,9348.0,3092979,614.0,256098.0,5271,3686203,9962,3349077,14619,6779098
2021-06-20 15:00:00,2499,3432604,5032.0,3098011,378.0,256476.0,2877,3689080,5410,3354487,7909,6787007
2021-06-21 15:00:00,5547,3438151,5309.0,3103320,636.0,257112.0,6183,3695263,5945,3360432,11492,6798499
2021-06-22 15:00:00,5189,3443340,8830.0,3112150,681.0,257793.0,5870,3701133,9511,3369943,14700,6813199
2021-06-23 15:00:00,6057,3449397,10284.0,3122434,642.0,258435.0,6699,3707832,10926,3380869,16983,6830182
2021-06-24 15:00:00,5924,3455321,8171.0,3130605,593.0,259028.0,6517,3714349,8764,3389633,14688,6844870
2021-06-25 15:00:00,5825,3461146,8608.0,3139213,620.0,259648.0,6445,3720794,9228,3398861,15053,6859923
2021-06-26 15:00:00,3698,3464844,6284.0,3145497,396.0,260044.0,4094,3724888,6680,3405541,10378,6870301
2021-06-27 15:00:00,2802,3467646,3510.0,3149007,183.0,260227.0,2985,3727873,3693,3409234,6495,6876796
2021-06-28 15:00:00,4726,3472372,6077.0,3155084,521.0,260748.0,5247,3733120,6598,3415832,11324,6888120
2021-06-29 15:00:00,5054,3477426,6429.0,3161513,517.0,261265.0,5571,3738691,6946,3422778,12000,6900120
2021-06-30 15:00:00,5598,3483024,7357.0,3168870,602.0,261867.0,6200,3744891,7959,3430737,13557,6913677
2021-07-01 15:00:00,5331,3488355,6903.0,3175773,489.0,262356.0,5820,3750711,7392,3438129,12723,6926400
2021-07-02 15:00:00,5282,3493637,6799.0,3182572,519.0,262875.0,5801,3756512,7318,3445447,12600,6939000
2021-07-03 15:00:00,3259,3496896,4046.0,3186618,260.0,263135.0,3519,3760031,4306,3449753,7565,6946565
2021-07-04 15:00:00,493,3497389,542.0,3187160,66.0,263201.0,559,3760590,608,3450361,1101,6947666
2021-07-05 15:00:00,3749,3501138,3940.0,3191100,282.0,263483.0,4031,3764621,4222,3454583,7971,6955637
2021-07-06 15:00:00,4477,3505615,6221.0,3197321,450.0,263933.0,4927,3769548,6671,3461254,11148,6966785
2021-07-07 15:00:00,4453,3510068,6371.0,3203692,483.0,264416.0,4936,3774484,6854,3468108,11307,6978092
2021-07-08 15:00:00,4827,3514895,6124.0,3209816,563.0,264979.0,5390,3779874,6687,3474795,11514,6989606
2021-07-09 15:00:00,5345,3520240,6612.0,3216428,572.0,265551.0,5917,3785791,7184,3481979,12529,7002135
2021-07-10 15:00:00,3520,3523760,4373.0,3220801,301.0,265852.0,3821,3789612,4674,3486653,8194,7010329
2021-07-11 15:00:00,2662,3526422,2553.0,3223354,222.0,266074.0,2884,3792496,2775,3489428,5437,7015766
2021-07-12 15:00:00,4408,3530830,5087.0,3228441,374.0,266448.0,4782,3797278,5461,3494889,9869,7025635
2021-07-13 15:00:00,4744,3535574,4580.0,3233021,365.0,266813.0,5109,3802387,4945,3499834,9689,7035324
2021-07-14 15:00:00,4600,3540174,5243.0,3238264,422.0,267235.0,5022,3807409,5665,3505499,10265,7045589
2021-07-15 15:00:00,4869,3545043,4968.0,3243232,356.0,267591.0,5225,3812634,5324,3510823,10193,7055782
2021-07-16 15:00:00,6271,3551314,5800.0,3249032,401.0,267992.0,6672,3819306,6201,3517024,12472,7068254
2021-07-17 15:00:00,3403,3554717,3537.0,3252569,299.0,268291.0,3702,3823008,3836,3520860,7239,7075493
2021-07-18 15:00:00,2301,3557018,2363.0,3254932,110.0,268401.0,2411,3825419,2473,3523333,4774,7080267
2021-07-19 15:00:00,5245,3562263,4459.0,3259391,376.0,268777.0,5621,3831040,4835,3528168,10080,7090347
2021-07-20 15:00:00,5329,3567592,4679.0,3264070,366.0,269143.0,5695,3836735,5045,3533213,10374,7100721
2021-07-21 15:00:00,5629,3573221,4894.0,3268964,415.0,269558.0,6044,3842779,5309,3538522,10938,7111659
2021-07-22 15:00:00,6011,3579232,4595.0,3273559,469.0,270027.0,6480,3849259,5064,3543586,11075,7122734
2021-07-23 15:00:00,6822,3586054,4809.0,3278368,489.0,270516.0,7311,3856570,5298,3548884,12120,7134854
2021-07-24 15:00:00,4276,3590330,3187.0,3281555,267.0,270783.0,4543,3861113,3454,3552338,7730,7142584
2021-07-25 15:00:00,3288,3593618,1108.0,3282663,138.0,270921.0,3426,3864539,1246,3553584,4534,7147118
2021-07-26 15:00:00,6196,3599814,3876.0,3286539,414.0,271335.0,6610,3871149,4290,3557874,10486,7157604
2021-07-27 15:00:00,6341,3606155,4036.0,3290575,453.0,271788.0,6794,3877943,4489,3562363,10830,7168434
2021-07-28 15:00:00,6797,3612952,3989.0,3294564,458.0,272246.0,7255,3885198,4447,3566810,11244,7179678
2021-07-29 15:00:00,6804,3619756,4127.0,3298691,415.0,272661.0,7219,3892417,4542,3571352,11346,7191024
2021-07-30 15:00:00,7519,3627275,4498.0,3303189,521.0,273182.0,8040,3900457,5019,3576371,12538,7203562
2021-07-31 15:00:00,4777,3632052,3032.0,3306221,272.0,273454.0,5049,3905506,3304,3579675,8081,7211643
2021-08-01 15:00:00,3803,3635855,2098.0,3308319,158.0,273612.0,3961,3909467,2256,3581931,6059,7217702
2021-08-02 15:00:00,7009,3642864,3623.0,3311942,335.0,273947.0,7344,3916811,3958,3585889,10967,7228669
2021-08-03 15:00:00,6991,3649855,3889.0,3315831,508.0,274455.0,7499,3924310,4397,3590286,11388,7240057
2021-08-04 15:00:00,7155,3657010,3882.0,3319713,528.0,274983.0,7683,3931993,4410,3594696,11565,7251622
2021-08-05 15:00:00,7662,3664672,4093.0,3323806,535.0,275518.0,8197,3940190,4628,3599324,12290,7263912
2021-08-06 15:00:00,8280,3672952,4675.0,3328481,449.0,275967.0,8729,3948919,5124,3604448,13404,7277316
2021-08-07 15:00:00,5243,3678195,2786.0,3331267,264.0,276231.0,5507,3954426,3050,3607498,8293,7285609
2021-08-08 15:00:00,3948,3682143,2035.0,3333302,141.0,276372.0,4089,3958515,2176,3609674,6124,7291733
2021-08-09 15:00:00,6911,3689054,4494.0,3337796,364.0,276736.0,7275,3965790,4858,3614532,11769,7303502
2021-08-10 15:00:00,7113,3696167,4426.0,3342222,336.0,277072.0,7449,3973239,4762,3619294,11875,7315377
2021-08-11 15:00:00,7024,3703191,4415.0,3346637,438.0,277510.0,7462,3980701,4853,3624147,11877,7327254
2021-08-12 15:00:00,8568,3711759,4702.0,3351339,441.0,277951.0,9009,3989710,5143,3629290,13711,7340965
2021-08-13 15:00:00,7107,3718866,5322.0,3356661,390.0,278341.0,7497,3997207,5712,3635002,12819,7353784
2021-08-14 15:00:00,4910,3723776,3328.0,3359989,285.0,278626.0,5195,4002402,3613,3638615,8523,7362307
2021-08-15 15:00:00,3316,3727092,2723.0,3362712,163.0,278789.0,3479,4005881,2886,3641501,6202,7368509
2021-08-16 15:00:00,5412,3732504,5063.0,3367775,349.0,279138.0,5761,4011642,5412,3646913,10824,7379333
2021-08-17 15:00:00,6939,3739443,5165.0,3372940,387.0,279525.0,7326,4018968,5552,3652465,12491,7391824
2021-08-18 15:00:00,6502,3745945,5271.0,3378211,472.0,279997.0,6974,4025942,5743,3658208,12245,7404069
2021-08-19 15:00:00,5971,3751916,5304.0,3383515,410.0,280407.0,6381,4032323,5714,3663922,11685,7415754
2021-08-20 15:00:00,7022,3758938,6297.0,3389812,401.0,280808.0,7423,4039746,6698,3670620,13720,7429474
2021-08-21 15:00:00,4310,3763248,3900.0,3393712,225.0,281033.0,4535,4044281,4125,3674745,8435,7437909
2021-08-22 15:00:00,3061,3766309,3153.0,3396865,109.0,281142.0,3170,4047451,3262,3678007,6323,7444232
2021-08-23 15:00:00,6152,3772461,5900.0,3402765,285.0,281427.0,6437,4053888,6185,3684192,12337,7456569
2021-08-24 15:00:00,6630,3779091,5856.0,3408621,423.0,281850.0,7053,4060941,6279,3690471,12909,7469478
2021-08-25 15:00:00,6885,3785976,5989.0,3414610,438.0,282288.0,7323,4068264,6427,3696898,13312,7482790
2021-08-26 15:00:00,7161,3793137,6406.0,3421016,427.0,282715.0,7588,4075852,6833,3703731,13994,7496784
2021-08-27 15:00:00,6853,3799990,6997.0,3428013,315.0,283030.0,7168,4083020,7312,3711043,14165,7510949
2021-08-28 15:00:00,6898,3806888,6475.0,3434488,326.0,283356.0,7224,4090244,6801,3717844,13699,7524648
2021-08-29 15:00:00,3738,3810626,3673.0,3438161,611.0,283967.0,4349,4094593,4284,3722128,8022,7532670
2021-08-30 15:00:00,5939,3816565,6075.0,3444236,959.0,284926.0,6898,4101491,7034,3729162,12973,7545643
2021-08-31 15:00:00,5688,3822253,5906.0,3450142,944.0,285870.0,6632,4108123,6850,3736012,12538,7558181
2021-09-01 15:00:00,5541,3827794,5558.0,3455700,906.0,286776.0,6447,4114570,6464,3742476,12005,7570186
2021-09-02 15:00:00,5527,3833321,5878.0,3461578,700.0,287476.0,6227,4120797,6578,3749054,12105,7582291
2021-09-03 15:00:00,5986,3839307,6869.0,3468447,971.0,288447.0,6957,4127754,7840,3756894,13826,7596117
2021-09-04 15:00:00,3714,3843021,4314.0,3472761,876.0,289323.0,4590,4132344,5190,3762084,8904,7605021
2021-09-05 15:00:00,2946,3845967,2790.0,3475551,105.0,289428.0,3051,4135395,2895,3764979,5841,7610862
2021-09-06 15:00:00,1050,3847017,1138.0,3476689,62.0,289490.0,1112,4136507,1200,3766179,2250,7613112
2021-09-07 15:00:00,5300,3852317,7234.0,3483923,2303.0,291793.0,7603,4144110,9537,3775716,14837,7627949
2021-09-08 15:00:00,4659,3856976,5430.0,3489353,365.0,292158.0,5024,4149134,5795,3781511,10454,7638403
2021-09-09 15:00:00,5068,3862044,5342.0,3494695,322.0,292480.0,5390,4154524,5664,3787175,10732,7649135
2021-09-10 15:00:00,6530,3868574,6579.0,3501274,1712.0,294192.0,8242,4162766,8291,3795466,14821,7663956
2021-09-11 15:00:00,4047,3872621,4312.0,3505586,663.0,294855.0,4710,4167476,4975,3800441,9022,7672978
2021-09-12 15:00:00,3153,3875774,3227.0,3508813,436.0,295291.0,3589,4171065,3663,3804104,6816,7679794
2021-09-13 15:00:00,4661,3880435,4826.0,3513639,345.0,295636.0,5006,4176071,5171,3809275,9832,7689626
2021-09-14 15:00:00,4575,3885010,5177.0,3518816,432.0,296068.0,5007,4181078,5609,3814884,10184,7699810
2021-09-15 15:00:00,4844,3889854,5582.0,3524398,387.0,296455.0,5231,4186309,5969,3820853,10813,7710623
2021-09-16 15:00:00,4588,3894442,5592.0,3529990,331.0,296786.0,4919,4191228,5923,3826776,10511,7721134
2021-09-17 15:00:00,5036,3899478,6317.0,3536307,341.0,297127.0,5377,4196605,6658,3833434,11694,7732828
2021-09-18 15:00:00,3773,3903251,4553.0,3540860,186.0,297313.0,3959,4200564,4739,3838173,8512,7741340
2021-09-19 15:00:00,2745,3905996,3152.0,3544012,75.0,297388.0,2820,4203384,3227,3841400,5972,7747312
2021-09-20 15:00:00,3535,3909531,4456.0,3548468,427.0,297815.0,3962,4207346,4883,3846283,8418,7755730
2021-09-21 15:00:00,3785,3913316,4797.0,3553265,325.0,298140.0,4110,4211456,5122,3851405,8907,7764637
2021-09-22 15:00:00,4185,3917501,4739.0,3558004,459.0,298599.0,4644,4216100,5198,3856603,9383,7774020
2021-09-23 15:00:00,4177,3921678,4683.0,3562687,489.0,299088.0,4666,4220766,5172,3861775,9349,7783369
2021-09-24 15:00:00,5060,3926738,5561.0,3568248,422.0,299510.0,5482,4226248,5983,3867758,11043,7794412
2021-09-25 15:00:00,3621,3930359,3624.0,3571872,384.0,299894.0,4005,4230253,4008,3871766,7629,7802041
2021-09-26 15:00:00,2357,3932716,2651.0,3574523,421.0,300315.0,2778,4233031,3072,3874838,5429,7807470
2021-09-27 15:00:00,4501,3937217,2679.0,3577202,507.0,300822.0,5008,4238039,3186,3878024,7687,7815157
2021-09-28 15:00:00,4392,3941609,4385.0,3581587,211.0,301033.0,4603,4242642,4596,3882620,8988,7824145
2021-09-29 15:00:00,4693,3946302,4480.0,3586067,918.0,301951.0,5611,4248253,5398,3888018,10091,7834236
2021-09-30 15:00:00,4876,3951178,4537.0,3590604,791.0,302742.0,5667,4253920,5328,3893346,10204,7844440
2021-10-01 15:00:00,5418,3956596,5262.0,3595866,778.0,303520.0,6196,4260116,6040,3899386,11458,7855898
2021-10-02 15:00:00,2935,3959531,2883.0,3598749,187.0,303707.0,3122,4263238,3070,3902456,6005,7861903
2021-10-03 15:00:00,2056,3961587,2263.0,3601012,86.0,303793.0,2142,4265380,2349,3904805,4405,7866308
2021-10-04 15:00:00,4146,3965733,3355.0,3604367,233.0,304026.0,4379,4269759,3588,3908393,7734,7874042
2021-10-05 15:00:00,4049,3969782,3560.0,3607927,204.0,304230.0,4253,4274012,3764,3912157,7813,7881855
2021-10-06 15:00:00,4116,3973898,3477.0,3611404,264.0,304494.0,4380,4278392,3741,3915898,7857,7889712
2021-10-07 15:00:00,4348,3978246,3487.0,3614891,329.0,304823.0,4677,4283069,3816,3919714,8164,7897876
2021-10-08 15:00:00,4911,3983157,4096.0,3618987,281.0,305104.0,5192,4288261,4377,3924091,9288,7907164
2021-10-09 15:00:00,2678,3985835,2664.0,3621651,270.0,305374.0,2948,4291209,2934,3927025,5612,7912776
2021-10-10 15:00:00,1863,3987698,1839.0,3623490,59.0,305433.0,1922,4293131,1898,3928923,3761,7916537
2021-10-11 15:00:00,4357,3992055,3177.0,3626667,248.0,305681.0,4605,4297736,3425,3932348,7782,7924319
2021-10-12 15:00:00,3723,3995778,3354.0,3630021,268.0,305949.0,3991,4301727,3622,3935970,7345,7931664
2021-10-13 15:00:00,3965,3999743,3425.0,3633446,345.0,306294.0,4310,4306037,3770,3939740,7735,7939399
2021-10-14 15:00:00,5145,4004888,5434.0,3638880,424.0,306718.0,5569,4311606,5858,3945598,11003,7950402
2021-10-15 15:00:00,4708,4009596,4539.0,3643419,345.0,307063.0,5053,4316659,4884,3950482,9592,7959994
2021-10-16 15:00:00,2489,4012085,2487.0,3645906,289.0,307352.0,2778,4319437,2776,3953258,5265,7965259
2021-10-17 15:00:00,1799,4013884,1765.0,3647671,53.0,307405.0,1852,4321289,1818,3955076,3617,7968876
2021-10-18 15:00:00,4292,4018176,3551.0,3651222,266.0,307671.0,4558,4325847,3817,3958893,8109,7976985
2021-10-19 15:00:00,4303,4022479,4015.0,3655237,221.0,307892.0,4524,4330371,4236,3963129,8539,7985524
2021-10-20 15:00:00,3520,4025999,3404.0,3658641,254.0,308146.0,3774,4334145,3658,3966787,7178,7992702
2021-10-21 15:00:00,3299,4029298,3232.0,3661873,290.0,308436.0,3589,4337734,3522,3970309,6821,7999523
2021-10-22 15:00:00,4697,4033995,4004.0,3665877,475.0,308911.0,5172,4342906,4479,3974788,9176,8008699
2021-10-23 15:00:00,2900,4036895,2119.0,3667996,321.0,309232.0,3221,4346127,2440,3977228,5340,8014039
2021-10-24 15:00:00,2046,4038941,1550.0,3669546,77.0,309309.0,2123,4348250,1627,3978855,3673,8017712
2021-10-25 15:00:00,4534,4043475,3080.0,3672626,314.0,309623.0,4848,4353098,3394,3982249,7928,8025640
2021-10-26 15:00:00,4509,4047984,3126.0,3675752,308.0,309931.0,4817,4357915,3434,3985683,7943,8033583
2021-10-27 15:00:00,4697,4052681,3339.0,3679091,428.0,310359.0,5125,4363040,3767,3989450,8464,8042047
2021-10-28 15:00:00,4528,4057209,3378.0,3682469,493.0,310852.0,5021,4368061,3871,3993321,8399,8050446
2021-10-29 15:00:00,4929,4062138,3873.0,3686342,388.0,311240.0,5317,4373378,4261,3997582,9190,8059636
2021-10-30 15:00:00,2620,4064758,1835.0,3688177,308.0,311548.0,2928,4376306,2143,3999725,4763,8064399
2021-10-31 15:00:00,1930,4066688,1493.0,3689670,93.0,311641.0,2023,4378329,1586,4001311,3516,8067915
2021-11-01 15:00:00,4556,4071244,3428.0,3693098,330.0,311971.0,4886,4383215,3758,4005069,8314,8076229
2021-11-02 15:00:00,4223,4075467,2995.0,3696093,396.0,312367.0,4619,4387834,3391,4008460,7614,8083843
2021-11-03 15:00:00,4568,4080035,3095.0,3699188,452.0,312819.0,5020,4392854,3547,4012007,8115,8091958
2021-11-04 15:00:00,5975,4086010,3384.0,3702572,510.0,313329.0,6485,4399339,3894,4015901,9869,8101827
2021-11-05 15:00:00,7771,4093781,3805.0,3706377,403.0,313732.0,8174,4407513,4208,4020109,11979,8113806
2021-11-06 15:00:00,9818,4103599,1967.0,3708344,302.0,314034.0,10120,4417633,2269,4022378,12087,8125893
2021-11-07 15:00:00,7416,4111015,1393.0,3709737,91.0,314125.0,7507,4425140,1484,4023862,8900,8134793
2021-11-08 15:00:00,11094,4122109,3052.0,3712789,366.0,314491.0,11460,4436600,3418,4027280,14512,8149305
2021-11-09 15:00:00,11376,4133485,2637.0,3715426,256.0,314747.0,11632,4448232,2893,4030173,14269,8163574
2021-11-10 15:00:00,12120,4145605,2717.0,3718143,323.0,315070.0,12443,4460675,3040,4033213,15160,8178734
2021-11-11 15:00:00,10850,4156455,2372.0,3720515,269.0,315339.0,11119,4471794,2641,4035854,13491,8192225
2021-11-12 15:00:00,11627,4168082,3350.0,3723865,532.0,315871.0,12159,4483953,3882,4039736,15509,8207734
2021-11-13 15:00:00,9357,4177439,1512.0,3725377,334.0,316205.0,9691,4493644,1846,4041582,11203,8218937
2021-11-14 15:00:00,3332,4180771,1058.0,3726435,109.0,316314.0,3441,4497085,1167,4042749,4499,8223436
2021-11-15 15:00:00,8058,4188829,2490.0,3728925,195.0,316509.0,8253,4505338,2685,4045434,10743,8234179
2021-11-16 15:00:00,8469,4197298,2477.0,3731402,232.0,316741.0,8701,4514039,2709,4048143,11178,8245357
2021-11-17 15:00:00,8431,4205729,2712.0,3734114,295.0,317036.0,8726,4522765,3007,4051150,11438,8256795
2021-11-18 15:00:00,4151,4209880,1345.0,3735459,356.0,317392.0,4507,4527272,1701,4052851,5852,8262647
