VACCINATION_DATE,FirstDailyDose,FirstDoseCumulative,SecondDailyDose,SecondDoseCumulative,SingleDailyDose,SingleDoseCumulative,AtleastOneVaccine,AtleastOneVaccineCumulative,CompletedVax,CompletedVaxCumulative,FirstSecondSingleVaccinations,FirstSecondSingleVaccinationsCumulative
2020-12-14 15:00:00,17,1092,,404,,,17,1092,0,404,17,1413
2020-12-15 15:00:00,54,1146,3.0,407,,,54,1146,3,407,57,1470
2020-12-16 15:00:00,580,1726,2.0,409,,,580,1726,2,409,582,2052
2020-12-17 15:00:00,1147,2873,2.0,411,,,1147,2873,2,411,1149,3201
2020-12-18 15:00:00,2998,5871,11.0,422,,,2998,5871,11,422,3009,6210
2020-12-19 15:00:00,922,6793,5.0,427,,,922,6793,5,427,927,7137
2020-12-20 15:00:00,344,7137,4.0,431,,,344,7137,4,431,348,7485
2020-12-21 15:00:00,3867,11004,25.0,456,,,3867,11004,25,456,3892,11377
2020-12-22 15:00:00,6298,17302,23.0,479,,,6298,17302,23,479,6321,17698
2020-12-23 15:00:00,5744,23046,33.0,512,,,5744,23046,33,512,5777,23475
2020-12-24 15:00:00,2719,25765,13.0,525,,,2719,25765,13,525,2732,26207
2020-12-25 15:00:00,1034,26799,4.0,529,,,1034,26799,4,529,1038,27245
2020-12-26 15:00:00,1874,28673,9.0,538,,,1874,28673,9,538,1883,29128
2020-12-27 15:00:00,1798,30471,10.0,548,,,1798,30471,10,548,1808,30936
2020-12-28 15:00:00,8966,39437,41.0,589,,,8966,39437,41,589,9007,39943
2020-12-29 15:00:00,10941,50378,44.0,633,,,10941,50378,44,633,10985,50928
2020-12-30 15:00:00,12475,62853,74.0,707,,,12475,62853,74,707,12549,63477
2020-12-31 15:00:00,7531,70384,40.0,747,,,7531,70384,40,747,7571,71048
2021-01-01 15:00:00,2820,73204,125.0,872,,,2820,73204,125,872,2945,73993
2021-01-02 15:00:00,3007,76211,34.0,906,,,3007,76211,34,906,3041,77034
2021-01-03 15:00:00,3388,79599,80.0,986,,,3388,79599,80,986,3468,80502
2021-01-04 15:00:00,13305,92904,320.0,1306,,,13305,92904,320,1306,13625,94127
2021-01-05 15:00:00,12430,105334,526.0,1832,,,12430,105334,526,1832,12956,107083
2021-01-06 15:00:00,15194,120528,847.0,2679,,,15194,120528,847,2679,16041,123124
2021-01-07 15:00:00,14973,135501,1743.0,4422,,,14973,135501,1743,4422,16716,139840
2021-01-08 15:00:00,23956,159457,2746.0,7168,,,23956,159457,2746,7168,26702,166542
2021-01-09 15:00:00,5146,164603,941.0,8109,,,5146,164603,941,8109,6087,172629
2021-01-10 15:00:00,2940,167543,371.0,8480,,,2940,167543,371,8480,3311,175940
2021-01-11 15:00:00,13685,181228,3447.0,11927,,,13685,181228,3447,11927,17132,193072
2021-01-12 15:00:00,17332,198560,5567.0,17494,,,17332,198560,5567,17494,22899,215971
2021-01-13 15:00:00,18549,217109,3878.0,21372,,,18549,217109,3878,21372,22427,238398
2021-01-14 15:00:00,17789,234898,1937.0,23309,,,17789,234898,1937,23309,19726,258124
2021-01-15 15:00:00,19398,254296,1994.0,25303,,,19398,254296,1994,25303,21392,279516
2021-01-16 15:00:00,5795,260091,1599.0,26902,,,5795,260091,1599,26902,7394,286910
2021-01-17 15:00:00,2106,262197,1472.0,28374,,,2106,262197,1472,28374,3578,290488
2021-01-18 15:00:00,7055,269252,3237.0,31611,,,7055,269252,3237,31611,10292,300780
2021-01-19 15:00:00,16894,286146,5376.0,36987,,,16894,286146,5376,36987,22270,323050
2021-01-20 15:00:00,20974,307120,5282.0,42269,,,20974,307120,5282,42269,26256,349306
2021-01-21 15:00:00,23730,330850,3787.0,46056,,,23730,330850,3787,46056,27517,376823
2021-01-22 15:00:00,28623,359473,3702.0,49758,,,28623,359473,3702,49758,32325,409148
2021-01-23 15:00:00,10088,369561,1921.0,51679,,,10088,369561,1921,51679,12009,421157
2021-01-24 15:00:00,3336,372897,1720.0,53399,,,3336,372897,1720,53399,5056,426213
2021-01-25 15:00:00,16283,389180,8564.0,61963,,,16283,389180,8564,61963,24847,451060
2021-01-26 15:00:00,17534,406714,8937.0,70900,,,17534,406714,8937,70900,26471,477531
2021-01-27 15:00:00,24419,431133,12502.0,83402,,,24419,431133,12502,83402,36921,514452
2021-01-28 15:00:00,22626,453759,9271.0,92673,,,22626,453759,9271,92673,31897,546349
2021-01-29 15:00:00,24744,478503,7863.0,100536,,,24744,478503,7863,100536,32607,578956
2021-01-30 15:00:00,17751,496254,2522.0,103058,,,17751,496254,2522,103058,20273,599229
2021-01-31 15:00:00,3748,500002,1337.0,104395,,,3748,500002,1337,104395,5085,604314
2021-02-01 15:00:00,7766,507768,5196.0,109591,,,7766,507768,5196,109591,12962,617276
2021-02-02 15:00:00,12440,520208,13766.0,123357,,,12440,520208,13766,123357,26206,643482
2021-02-03 15:00:00,18200,538408,18075.0,141432,,,18200,538408,18075,141432,36275,679757
2021-02-04 15:00:00,22056,560464,15710.0,157142,,,22056,560464,15710,157142,37766,717523
2021-02-05 15:00:00,20266,580730,17348.0,174490,,,20266,580730,17348,174490,37614,755137
2021-02-06 15:00:00,11280,592010,14431.0,188921,,,11280,592010,14431,188921,25711,780848
2021-02-07 15:00:00,5908,597918,1796.0,190717,,,5908,597918,1796,190717,7704,788552
2021-02-08 15:00:00,12936,610854,12885.0,203602,,,12936,610854,12885,203602,25821,814373
2021-02-09 15:00:00,16599,627453,13822.0,217424,,,16599,627453,13822,217424,30421,844794
2021-02-10 15:00:00,19230,646683,21179.0,238603,,,19230,646683,21179,238603,40409,885203
2021-02-11 15:00:00,22835,669518,17271.0,255874,,,22835,669518,17271,255874,40106,925309
2021-02-12 15:00:00,20338,689856,19568.0,275442,,,20338,689856,19568,275442,39906,965215
2021-02-13 15:00:00,11400,701256,6388.0,281830,,,11400,701256,6388,281830,17788,983003
2021-02-14 15:00:00,7096,708352,2106.0,283936,,,7096,708352,2106,283936,9202,992205
2021-02-15 15:00:00,11730,720082,13281.0,297217,,,11730,720082,13281,297217,25011,1017216
2021-02-16 15:00:00,16566,736648,20970.0,318187,,,16566,736648,20970,318187,37536,1054752
2021-02-17 15:00:00,20617,757265,26334.0,344521,,,20617,757265,26334,344521,46951,1101703
2021-02-18 15:00:00,3181,760446,4597.0,349118,,,3181,760446,4597,349118,7778,1109481
2021-02-19 15:00:00,10235,770681,19886.0,369004,,,10235,770681,19886,369004,30121,1139602
2021-02-20 15:00:00,10289,780970,20243.0,389247,,,10289,780970,20243,389247,30532,1170134
2021-02-21 15:00:00,6158,787128,7621.0,396868,,,6158,787128,7621,396868,13779,1183913
2021-02-22 15:00:00,8005,795133,15434.0,412302,,,8005,795133,15434,412302,23439,1207352
2021-02-23 15:00:00,15498,810631,15921.0,428223,,,15498,810631,15921,428223,31419,1238771
2021-02-24 15:00:00,17903,828534,24704.0,452927,,,17903,828534,24704,452927,42607,1281378
2021-02-25 15:00:00,20378,848912,26483.0,479410,,,20378,848912,26483,479410,46861,1328239
2021-02-26 15:00:00,26691,875603,26131.0,505541,,,26691,875603,26131,505541,52822,1381061
2021-02-27 15:00:00,15960,891563,11109.0,516650,,,15960,891563,11109,516650,27069,1408130
2021-02-28 15:00:00,15485,907048,4850.0,521500,,,15485,907048,4850,521500,20335,1428465
2021-03-01 15:00:00,26378,933426,12424.0,533924,,,26378,933426,12424,533924,38802,1467267
2021-03-02 15:00:00,23824,957250,13216.0,547140,32.0,32.0,23856,957282,13248,547172,37072,1504339
2021-03-03 15:00:00,30087,987337,18339.0,565479,181.0,213.0,30268,987550,18520,565692,48607,1552946
2021-03-04 15:00:00,30927,1018264,18127.0,583606,4066.0,4279.0,34993,1022543,22193,587885,53120,1606066
2021-03-05 15:00:00,29392,1047656,19411.0,603017,4912.0,9191.0,34304,1056847,24323,612208,53715,1659781
2021-03-06 15:00:00,17822,1065478,8943.0,611960,6004.0,15195.0,23826,1080673,14947,627155,32769,1692550
2021-03-07 15:00:00,12099,1077577,4825.0,616785,6613.0,21808.0,18712,1099385,11438,638593,23537,1716087
2021-03-08 15:00:00,25816,1103393,8780.0,625565,8277.0,30085.0,34093,1133478,17057,655650,42873,1758960
2021-03-09 15:00:00,26063,1129456,15400.0,640965,8343.0,38428.0,34406,1167884,23743,679393,49806,1808766
2021-03-10 15:00:00,29808,1159264,15922.0,656887,7934.0,46362.0,37742,1205626,23856,703249,53664,1862430
2021-03-11 15:00:00,35904,1195168,16385.0,673272,3982.0,50344.0,39886,1245512,20367,723616,56271,1918701
2021-03-12 15:00:00,36855,1232023,18015.0,691287,2919.0,53263.0,39774,1285286,20934,744550,57789,1976490
2021-03-13 15:00:00,22637,1254660,10240.0,701527,1609.0,54872.0,24246,1309532,11849,756399,34486,2010976
2021-03-14 15:00:00,17830,1272490,6676.0,708203,999.0,55871.0,18829,1328361,7675,764074,25505,2036481
2021-03-15 15:00:00,29752,1302242,11239.0,719442,593.0,56464.0,30345,1358706,11832,775906,41584,2078065
2021-03-16 15:00:00,33376,1335618,13519.0,732961,766.0,57230.0,34142,1392848,14285,790191,47661,2125726
2021-03-17 15:00:00,37529,1373147,16976.0,749937,1175.0,58405.0,38704,1431552,18151,808342,55680,2181406
2021-03-18 15:00:00,41367,1414514,12561.0,762498,1348.0,59753.0,42715,1474267,13909,822251,55276,2236682
2021-03-19 15:00:00,38257,1452771,15355.0,777853,1036.0,60789.0,39293,1513560,16391,838642,54648,2291330
2021-03-20 15:00:00,24656,1477427,10088.0,787941,698.0,61487.0,25354,1538914,10786,849428,35442,2326772
2021-03-21 15:00:00,19146,1496573,7829.0,795770,332.0,61819.0,19478,1558392,8161,857589,27307,2354079
2021-03-22 15:00:00,32522,1529095,11415.0,807185,834.0,62653.0,33356,1591748,12249,869838,44771,2398850
2021-03-23 15:00:00,37717,1566812,17290.0,824475,1553.0,64206.0,39270,1631018,18843,888681,56560,2455410
2021-03-24 15:00:00,41038,1607850,21125.0,845600,1382.0,65588.0,42420,1673438,22507,911188,63545,2518955
2021-03-25 15:00:00,42297,1650147,20978.0,866578,2455.0,68043.0,44752,1718190,23433,934621,65730,2584685
2021-03-26 15:00:00,36559,1686706,26228.0,892806,2499.0,70542.0,39058,1757248,28727,963348,65286,2649971
2021-03-27 15:00:00,26906,1713612,16745.0,909551,2481.0,73023.0,29387,1786635,19226,982574,46132,2696103
2021-03-28 15:00:00,17001,1730613,12597.0,922148,1615.0,74638.0,18616,1805251,14212,996786,31213,2727316
2021-03-29 15:00:00,29683,1760296,26190.0,948338,1138.0,75776.0,30821,1836072,27328,1024114,57011,2784327
2021-03-30 15:00:00,39996,1800292,28892.0,977230,1856.0,77632.0,41852,1877924,30748,1054862,70744,2855071
2021-03-31 15:00:00,40999,1841291,34562.0,1011792,5745.0,83377.0,46744,1924668,40307,1095169,81306,2936377
2021-04-01 15:00:00,40965,1882256,39799.0,1051591,5648.0,89025.0,46613,1971281,45447,1140616,86412,3022789
2021-04-02 15:00:00,34942,1917198,32455.0,1084046,6113.0,95138.0,41055,2012336,38568,1179184,73510,3096299
2021-04-03 15:00:00,21597,1938795,18642.0,1102688,4363.0,99501.0,25960,2038296,23005,1202189,44602,3140901
2021-04-04 15:00:00,8234,1947029,10159.0,1112847,962.0,100463.0,9196,2047492,11121,1213310,19355,3160256
2021-04-05 15:00:00,27871,1974900,28819.0,1141666,6648.0,107111.0,34519,2082011,35467,1248777,63338,3223594
2021-04-06 15:00:00,39710,2014610,30374.0,1172040,10484.0,117595.0,50194,2132205,40858,1289635,80568,3304162
2021-04-07 15:00:00,35990,2050600,34163.0,1206203,12967.0,130562.0,48957,2181162,47130,1336765,83120,3387282
2021-04-08 15:00:00,42251,2092851,35964.0,1242167,13847.0,144409.0,56098,2237260,49811,1386576,92062,3479344
2021-04-09 15:00:00,33976,2126827,36253.0,1278420,14515.0,158924.0,48491,2285751,50768,1437344,84744,3564088
2021-04-10 15:00:00,23419,2150246,23082.0,1301502,7619.0,166543.0,31038,2316789,30701,1468045,54120,3618208
2021-04-11 15:00:00,17549,2167795,13251.0,1314753,10121.0,176664.0,27670,2344459,23372,1491417,40921,3659129
2021-04-12 15:00:00,24554,2192349,33100.0,1347853,10889.0,187553.0,35443,2379902,43989,1535406,68543,3727672
2021-04-13 15:00:00,126746,2319095,90539.0,1438392,3292.0,190845.0,130038,2509940,93831,1629237,220577,3948249
2021-04-14 15:00:00,40672,2359767,37719.0,1476111,211.0,191056.0,40883,2550823,37930,1667167,78602,4026851
2021-04-15 15:00:00,41660,2401427,39116.0,1515227,172.0,191228.0,41832,2592655,39288,1706455,80948,4107799
2021-04-16 15:00:00,37175,2438602,38688.0,1553915,23.0,191251.0,37198,2629853,38711,1745166,75886,4183685
2021-04-17 15:00:00,32760,2471362,21961.0,1575876,12.0,191263.0,32772,2662625,21973,1767139,54733,4238418
2021-04-18 15:00:00,20054,2491416,16166.0,1592042,5.0,191268.0,20059,2682684,16171,1783310,36225,4274643
2021-04-19 15:00:00,29868,2521284,36450.0,1628492,61.0,191329.0,29929,2712613,36511,1819821,66379,4341022
2021-04-20 15:00:00,33072,2554356,44138.0,1672630,55.0,191384.0,33127,2745740,44193,1864014,77265,4418287
2021-04-21 15:00:00,39773,2594129,46896.0,1719526,22.0,191406.0,39795,2785535,46918,1910932,86691,4504978
2021-04-22 15:00:00,36369,2630498,41966.0,1761492,16.0,191422.0,36385,2821920,41982,1952914,78351,4583329
2021-04-23 15:00:00,33076,2663574,39970.0,1801462,13.0,191435.0,33089,2855009,39983,1992897,73059,4656388
2021-04-24 15:00:00,26385,2689959,27808.0,1829270,81.0,191516.0,26466,2881475,27889,2020786,54274,4710662
2021-04-25 15:00:00,20212,2710171,10915.0,1840185,30.0,191546.0,20242,2901717,10945,2031731,31157,4741819
2021-04-26 15:00:00,27405,2737576,32595.0,1872780,202.0,191748.0,27607,2929324,32797,2064528,60202,4802021
2021-04-27 15:00:00,26681,2764257,32935.0,1905715,1096.0,192844.0,27777,2957101,34031,2098559,60712,4862733
2021-04-28 15:00:00,28911,2793168,39414.0,1945129,1362.0,194206.0,30273,2987374,40776,2139335,69687,4932420
2021-04-29 15:00:00,27293,2820461,39356.0,1984485,1464.0,195670.0,28757,3016131,40820,2180155,68113,5000533
2021-04-30 15:00:00,28171,2848632,32132.0,2016617,1644.0,197314.0,29815,3045946,33776,2213931,61947,5062480
2021-05-01 15:00:00,20470,2869102,26413.0,2043030,1031.0,198345.0,21501,3067447,27444,2241375,47914,5110394
2021-05-02 15:00:00,10273,2879375,17002.0,2060032,819.0,199164.0,11092,3078539,17821,2259196,28094,5138488
2021-05-03 15:00:00,12733,2892108,28409.0,2088441,1910.0,201074.0,14643,3093182,30319,2289515,43052,5181540
2021-05-04 15:00:00,13537,2905645,38402.0,2126843,1734.0,202808.0,15271,3108453,40136,2329651,53673,5235213
2021-05-05 15:00:00,19321,2924966,37650.0,2164493,1920.0,204728.0,21241,3129694,39570,2369221,58891,5294104
2021-05-06 15:00:00,16919,2941885,40502.0,2204995,1719.0,206447.0,18638,3148332,42221,2411442,59140,5353244
2021-05-07 15:00:00,17396,2959281,35976.0,2240971,1955.0,208402.0,19351,3167683,37931,2449373,55327,5408571
2021-05-08 15:00:00,10782,2970063,31151.0,2272122,1292.0,209694.0,12074,3179757,32443,2481816,43225,5451796
2021-05-09 15:00:00,5050,2975113,11892.0,2284014,696.0,210390.0,5746,3185503,12588,2494404,17638,5469434
2021-05-10 15:00:00,8948,2984061,30977.0,2314991,1358.0,211748.0,10306,3195809,32335,2526739,41283,5510717
2021-05-11 15:00:00,12186,2996247,30211.0,2345202,1437.0,213185.0,13623,3209432,31648,2558387,43834,5554551
2021-05-12 15:00:00,13944,3010191,38523.0,2383725,1918.0,215103.0,15862,3225294,40441,2598828,54385,5608936
2021-05-13 15:00:00,21832,3032023,33387.0,2417112,1346.0,216449.0,23178,3248472,34733,2633561,56565,5665501
2021-05-14 15:00:00,24330,3056353,29953.0,2447065,1772.0,218221.0,26102,3274574,31725,2665286,56055,5721556
2021-05-15 15:00:00,21877,3078230,25035.0,2472100,1489.0,219710.0,23366,3297940,26524,2691810,48401,5769957
2021-05-16 15:00:00,9074,3087304,17530.0,2489630,1112.0,220822.0,10186,3308126,18642,2710452,27716,5797673
2021-05-17 15:00:00,16830,3104134,28317.0,2517947,1949.0,222771.0,18779,3326905,30266,2740718,47096,5844769
2021-05-18 15:00:00,21241,3125375,30618.0,2548565,1941.0,224712.0,23182,3350087,32559,2773277,53800,5898569
2021-05-19 15:00:00,27585,3152960,32343.0,2580908,1626.0,226338.0,29211,3379298,33969,2807246,61554,5960123
2021-05-20 15:00:00,20782,3173742,33168.0,2614076,1966.0,228304.0,22748,3402046,35134,2842380,55916,6016039
2021-05-21 15:00:00,19146,3192888,30220.0,2644296,1607.0,229911.0,20753,3422799,31827,2874207,50973,6067012
2021-05-22 15:00:00,16911,3209799,20635.0,2664931,1269.0,231180.0,18180,3440979,21904,2896111,38815,6105827
2021-05-23 15:00:00,8753,3218552,11422.0,2676353,964.0,232144.0,9717,3450696,12386,2908497,21139,6126966
2021-05-24 15:00:00,13562,3232114,17711.0,2694064,1475.0,233619.0,15037,3465733,19186,2927683,32748,6159714
2021-05-25 15:00:00,13002,3245116,18635.0,2712699,1327.0,234946.0,14329,3480062,19962,2947645,32964,6192678
2021-05-26 15:00:00,18267,3263383,19414.0,2732113,1512.0,236458.0,19779,3499841,20926,2968571,39193,6231871
2021-05-27 15:00:00,11681,3275064,18609.0,2750722,1116.0,237574.0,12797,3512638,19725,2988296,31406,6263277
2021-05-28 15:00:00,12502,3287566,19696.0,2770418,1398.0,238972.0,13900,3526538,21094,3009390,33596,6296873
2021-05-29 15:00:00,9551,3297117,11623.0,2782041,934.0,239906.0,10485,3537023,12557,3021947,22108,6318981
2021-05-30 15:00:00,4966,3302083,6413.0,2788454,597.0,240503.0,5563,3542586,7010,3028957,11976,6330957
2021-05-31 15:00:00,1774,3303857,3705.0,2792159,305.0,240808.0,2079,3544665,4010,3032967,5784,6336741
2021-06-01 15:00:00,9781,3313638,16291.0,2808450,1150.0,241958.0,10931,3555596,17441,3050408,27222,6363963
2021-06-02 15:00:00,10223,3323861,16762.0,2825212,959.0,242917.0,11182,3566778,17721,3068129,27944,6391907
2021-06-03 15:00:00,7893,3331754,21138.0,2846350,1085.0,244002.0,8978,3575756,22223,3090352,30116,6422023
2021-06-04 15:00:00,8200,3339954,22243.0,2868593,1121.0,245123.0,9321,3585077,23364,3113716,31564,6453587
2021-06-05 15:00:00,7013,3346967,19395.0,2887988,719.0,245842.0,7732,3592809,20114,3133830,27127,6480714
2021-06-06 15:00:00,3464,3350431,7211.0,2895199,423.0,246265.0,3887,3596696,7634,3141464,11098,6491812
2021-06-07 15:00:00,6848,3357279,15721.0,2910920,725.0,246990.0,7573,3604269,16446,3157910,23294,6515106
2021-06-08 15:00:00,6669,3363948,19655.0,2930575,829.0,247819.0,7498,3611767,20484,3178394,27153,6542259
2021-06-09 15:00:00,8194,3372142,23895.0,2954470,968.0,248787.0,9162,3620929,24863,3203257,33057,6575316
2021-06-10 15:00:00,7153,3379295,19069.0,2973539,893.0,249680.0,8046,3628975,19962,3223219,27115,6602431
2021-06-11 15:00:00,7461,3386756,17687.0,2991226,1125.0,250805.0,8586,3637561,18812,3242031,26273,6628704
2021-06-12 15:00:00,5231,3391987,14717.0,3005943,604.0,251409.0,5835,3643396,15321,3257352,20552,6649256
2021-06-13 15:00:00,1929,3393916,7553.0,3013496,425.0,251834.0,2354,3645750,7978,3265330,9907,6659163
2021-06-14 15:00:00,5657,3399573,11799.0,3025295,735.0,252569.0,6392,3652142,12534,3277864,18191,6677354
2021-06-15 15:00:00,5644,3405217,14287.0,3039582,870.0,253439.0,6514,3658656,15157,3293021,20801,6698155
2021-06-16 15:00:00,8752,3413969,21536.0,3061118,756.0,254195.0,9508,3668164,22292,3315313,31044,6729199
2021-06-17 15:00:00,6676,3420645,12328.0,3073446,718.0,254913.0,7394,3675558,13046,3328359,19722,6748921
2021-06-18 15:00:00,6832,3427477,12692.0,3086138,703.0,255616.0,7535,3683093,13395,3341754,20227,6769148
2021-06-19 15:00:00,4661,3432138,9350.0,3095488,614.0,256230.0,5275,3688368,9964,3351718,14625,6783773
2021-06-20 15:00:00,2503,3434641,5033.0,3100521,378.0,256608.0,2881,3691249,5411,3357129,7914,6791687
2021-06-21 15:00:00,5552,3440193,5313.0,3105834,636.0,257244.0,6188,3697437,5949,3363078,11501,6803188
2021-06-22 15:00:00,5193,3445386,8843.0,3114677,681.0,257925.0,5874,3703311,9524,3372602,14717,6817905
2021-06-23 15:00:00,6060,3451446,10289.0,3124966,645.0,258570.0,6705,3710016,10934,3383536,16994,6834899
2021-06-24 15:00:00,5925,3457371,8178.0,3133144,593.0,259163.0,6518,3716534,8771,3392307,14696,6849595
2021-06-25 15:00:00,5826,3463197,8612.0,3141756,619.0,259782.0,6445,3722979,9231,3401538,15057,6864652
2021-06-26 15:00:00,3700,3466897,6288.0,3148044,396.0,260178.0,4096,3727075,6684,3408222,10384,6875036
2021-06-27 15:00:00,2805,3469702,3510.0,3151554,185.0,260363.0,2990,3730065,3695,3411917,6500,6881536
2021-06-28 15:00:00,4730,3474432,6079.0,3157633,521.0,260884.0,5251,3735316,6600,3418517,11330,6892866
2021-06-29 15:00:00,5060,3479492,6433.0,3164066,518.0,261402.0,5578,3740894,6951,3425468,12011,6904877
2021-06-30 15:00:00,5602,3485094,7359.0,3171425,602.0,262004.0,6204,3747098,7961,3433429,13563,6918440
2021-07-01 15:00:00,5337,3490431,6912.0,3178337,492.0,262496.0,5829,3752927,7404,3440833,12741,6931181
2021-07-02 15:00:00,5283,3495714,6801.0,3185138,519.0,263015.0,5802,3758729,7320,3448153,12603,6943784
2021-07-03 15:00:00,3260,3498974,4046.0,3189184,260.0,263275.0,3520,3762249,4306,3452459,7566,6951350
2021-07-04 15:00:00,493,3499467,542.0,3189726,66.0,263341.0,559,3762808,608,3453067,1101,6952451
2021-07-05 15:00:00,3752,3503219,3942.0,3193668,282.0,263623.0,4034,3766842,4224,3457291,7976,6960427
2021-07-06 15:00:00,4482,3507701,6222.0,3199890,451.0,264074.0,4933,3771775,6673,3463964,11155,6971582
2021-07-07 15:00:00,4455,3512156,6370.0,3206260,482.0,264556.0,4937,3776712,6852,3470816,11307,6982889
2021-07-08 15:00:00,4829,3516985,6125.0,3212385,563.0,265119.0,5392,3782104,6688,3477504,11517,6994406
2021-07-09 15:00:00,5344,3522329,6625.0,3219010,571.0,265690.0,5915,3788019,7196,3484700,12540,7006946
2021-07-10 15:00:00,3521,3525850,4378.0,3223388,302.0,265992.0,3823,3791842,4680,3489380,8201,7015147
2021-07-11 15:00:00,2669,3528519,2559.0,3225947,222.0,266214.0,2891,3794733,2781,3492161,5450,7020597
2021-07-12 15:00:00,4413,3532932,5093.0,3231040,377.0,266591.0,4790,3799523,5470,3497631,9883,7030480
2021-07-13 15:00:00,4754,3537686,4592.0,3235632,365.0,266956.0,5119,3804642,4957,3502588,9711,7040191
2021-07-14 15:00:00,4601,3542287,5245.0,3240877,421.0,267377.0,5022,3809664,5666,3508254,10267,7050458
2021-07-15 15:00:00,4873,3547160,4975.0,3245852,357.0,267734.0,5230,3814894,5332,3513586,10205,7060663
2021-07-16 15:00:00,6273,3553433,5803.0,3251655,400.0,268134.0,6673,3821567,6203,3519789,12476,7073139
2021-07-17 15:00:00,3404,3556837,3537.0,3255192,300.0,268434.0,3704,3825271,3837,3523626,7241,7080380
2021-07-18 15:00:00,2300,3559137,2366.0,3257558,110.0,268544.0,2410,3827681,2476,3526102,4776,7085156
2021-07-19 15:00:00,5249,3564386,4464.0,3262022,378.0,268922.0,5627,3833308,4842,3530944,10091,7095247
2021-07-20 15:00:00,5326,3569712,4681.0,3266703,366.0,269288.0,5692,3839000,5047,3535991,10373,7105620
2021-07-21 15:00:00,5632,3575344,4907.0,3271610,415.0,269703.0,6047,3845047,5322,3541313,10954,7116574
2021-07-22 15:00:00,6013,3581357,4595.0,3276205,469.0,270172.0,6482,3851529,5064,3546377,11077,7127651
2021-07-23 15:00:00,6830,3588187,4814.0,3281019,489.0,270661.0,7319,3858848,5303,3551680,12133,7139784
2021-07-24 15:00:00,4274,3592461,3190.0,3284209,267.0,270928.0,4541,3863389,3457,3555137,7731,7147515
2021-07-25 15:00:00,3291,3595752,1109.0,3285318,138.0,271066.0,3429,3866818,1247,3556384,4538,7152053
2021-07-26 15:00:00,6198,3601950,3877.0,3289195,415.0,271481.0,6613,3873431,4292,3560676,10490,7162543
2021-07-27 15:00:00,6344,3608294,4044.0,3293239,453.0,271934.0,6797,3880228,4497,3565173,10841,7173384
2021-07-28 15:00:00,6798,3615092,3994.0,3297233,458.0,272392.0,7256,3887484,4452,3569625,11250,7184634
2021-07-29 15:00:00,6801,3621893,4131.0,3301364,416.0,272808.0,7217,3894701,4547,3574172,11348,7195982
2021-07-30 15:00:00,7532,3629425,4503.0,3305867,521.0,273329.0,8053,3902754,5024,3579196,12556,7208538
2021-07-31 15:00:00,4778,3634203,3034.0,3308901,272.0,273601.0,5050,3907804,3306,3582502,8084,7216622
2021-08-01 15:00:00,3820,3638023,2107.0,3311008,158.0,273759.0,3978,3911782,2265,3584767,6085,7222707
2021-08-02 15:00:00,7015,3645038,3628.0,3314636,335.0,274094.0,7350,3919132,3963,3588730,10978,7233685
2021-08-03 15:00:00,6995,3652033,3890.0,3318526,510.0,274604.0,7505,3926637,4400,3593130,11395,7245080
2021-08-04 15:00:00,7159,3659192,3886.0,3322412,528.0,275132.0,7687,3934324,4414,3597544,11573,7256653
2021-08-05 15:00:00,7673,3666865,4106.0,3326518,537.0,275669.0,8210,3942534,4643,3602187,12316,7268969
2021-08-06 15:00:00,8288,3675153,4680.0,3331198,452.0,276121.0,8740,3951274,5132,3607319,13420,7282389
2021-08-07 15:00:00,5248,3680401,2793.0,3333991,264.0,276385.0,5512,3956786,3057,3610376,8305,7290694
2021-08-08 15:00:00,3945,3684346,2039.0,3336030,141.0,276526.0,4086,3960872,2180,3612556,6125,7296819
2021-08-09 15:00:00,6915,3691261,4504.0,3340534,366.0,276892.0,7281,3968153,4870,3617426,11785,7308604
2021-08-10 15:00:00,7120,3698381,4430.0,3344964,337.0,277229.0,7457,3975610,4767,3622193,11887,7320491
2021-08-11 15:00:00,7033,3705414,4417.0,3349381,439.0,277668.0,7472,3983082,4856,3627049,11889,7332380
2021-08-12 15:00:00,8573,3713987,4710.0,3354091,444.0,278112.0,9017,3992099,5154,3632203,13727,7346107
2021-08-13 15:00:00,7117,3721104,5337.0,3359428,394.0,278506.0,7511,3999610,5731,3637934,12848,7358955
2021-08-14 15:00:00,4911,3726015,3329.0,3362757,285.0,278791.0,5196,4004806,3614,3641548,8525,7367480
2021-08-15 15:00:00,3319,3729334,2724.0,3365481,163.0,278954.0,3482,4008288,2887,3644435,6206,7373686
2021-08-16 15:00:00,5425,3734759,5066.0,3370547,352.0,279306.0,5777,4014065,5418,3649853,10843,7384529
2021-08-17 15:00:00,6948,3741707,5168.0,3375715,388.0,279694.0,7336,4021401,5556,3655409,12504,7397033
2021-08-18 15:00:00,6502,3748209,5286.0,3381001,476.0,280170.0,6978,4028379,5762,3661171,12264,7409297
2021-08-19 15:00:00,5980,3754189,5310.0,3386311,415.0,280585.0,6395,4034774,5725,3666896,11705,7421002
2021-08-20 15:00:00,7029,3761218,6311.0,3392622,402.0,280987.0,7431,4042205,6713,3673609,13742,7434744
2021-08-21 15:00:00,4313,3765531,3902.0,3396524,226.0,281213.0,4539,4046744,4128,3677737,8441,7443185
2021-08-22 15:00:00,3061,3768592,3156.0,3399680,109.0,281322.0,3170,4049914,3265,3681002,6326,7449511
2021-08-23 15:00:00,6158,3774750,5909.0,3405589,285.0,281607.0,6443,4056357,6194,3687196,12352,7461863
2021-08-24 15:00:00,6639,3781389,5857.0,3411446,424.0,282031.0,7063,4063420,6281,3693477,12920,7474783
2021-08-25 15:00:00,6895,3788284,5997.0,3417443,439.0,282470.0,7334,4070754,6436,3699913,13331,7488114
2021-08-26 15:00:00,7172,3795456,6415.0,3423858,428.0,282898.0,7600,4078354,6843,3706756,14015,7502129
2021-08-27 15:00:00,6861,3802317,7007.0,3430865,316.0,283214.0,7177,4085531,7323,3714079,14184,7516313
2021-08-28 15:00:00,6901,3809218,6482.0,3437347,326.0,283540.0,7227,4092758,6808,3720887,13709,7530022
2021-08-29 15:00:00,3735,3812953,3676.0,3441023,611.0,284151.0,4346,4097104,4287,3725174,8022,7538044
2021-08-30 15:00:00,5941,3818894,6082.0,3447105,960.0,285111.0,6901,4104005,7042,3732216,12983,7551027
2021-08-31 15:00:00,5691,3824585,5911.0,3453016,945.0,286056.0,6636,4110641,6856,3739072,12547,7563574
2021-09-01 15:00:00,5542,3830127,5576.0,3458592,906.0,286962.0,6448,4117089,6482,3745554,12024,7575598
2021-09-02 15:00:00,5530,3835657,5884.0,3464476,702.0,287664.0,6232,4123321,6586,3752140,12116,7587714
2021-09-03 15:00:00,5995,3841652,6875.0,3471351,971.0,288635.0,6966,4130287,7846,3759986,13841,7601555
2021-09-04 15:00:00,3710,3845362,4320.0,3475671,877.0,289512.0,4587,4134874,5197,3765183,8907,7610462
2021-09-05 15:00:00,2951,3848313,2799.0,3478470,105.0,289617.0,3056,4137930,2904,3768087,5855,7616317
2021-09-06 15:00:00,1051,3849364,1143.0,3479613,62.0,289679.0,1113,4139043,1205,3769292,2256,7618573
2021-09-07 15:00:00,5342,3854706,7248.0,3486861,2304.0,291983.0,7646,4146689,9552,3778844,14894,7633467
2021-09-08 15:00:00,4660,3859366,5434.0,3492295,365.0,292348.0,5025,4151714,5799,3784643,10459,7643926
2021-09-09 15:00:00,5076,3864442,5347.0,3497642,325.0,292673.0,5401,4157115,5672,3790315,10748,7654674
2021-09-10 15:00:00,6541,3870983,6591.0,3504233,1716.0,294389.0,8257,4165372,8307,3798622,14848,7669522
2021-09-11 15:00:00,4165,3875148,4316.0,3508549,663.0,295052.0,4828,4170200,4979,3803601,9144,7678666
2021-09-12 15:00:00,3158,3878306,3228.0,3511777,436.0,295488.0,3594,4173794,3664,3807265,6822,7685488
2021-09-13 15:00:00,4666,3882972,4834.0,3516611,345.0,295833.0,5011,4178805,5179,3812444,9845,7695333
2021-09-14 15:00:00,4577,3887549,5191.0,3521802,435.0,296268.0,5012,4183817,5626,3818070,10203,7705536
2021-09-15 15:00:00,4851,3892400,5591.0,3527393,387.0,296655.0,5238,4189055,5978,3824048,10829,7716365
2021-09-16 15:00:00,4587,3896987,5604.0,3532997,332.0,296987.0,4919,4193974,5936,3829984,10523,7726888
2021-09-17 15:00:00,5045,3902032,6324.0,3539321,341.0,297328.0,5386,4199360,6665,3836649,11710,7738598
2021-09-18 15:00:00,3779,3905811,4555.0,3543876,185.0,297513.0,3964,4203324,4740,3841389,8519,7747117
2021-09-19 15:00:00,2742,3908553,3152.0,3547028,75.0,297588.0,2817,4206141,3227,3844616,5969,7753086
2021-09-20 15:00:00,3547,3912100,4461.0,3551489,428.0,298016.0,3975,4210116,4889,3849505,8436,7761522
2021-09-21 15:00:00,3790,3915890,4805.0,3556294,325.0,298341.0,4115,4214231,5130,3854635,8920,7770442
2021-09-22 15:00:00,4190,3920080,4740.0,3561034,459.0,298800.0,4649,4218880,5199,3859834,9389,7779831
2021-09-23 15:00:00,4181,3924261,4687.0,3565721,490.0,299290.0,4671,4223551,5177,3865011,9358,7789189
2021-09-24 15:00:00,5069,3929330,5572.0,3571293,422.0,299712.0,5491,4229042,5994,3871005,11063,7800252
2021-09-25 15:00:00,3621,3932951,3622.0,3574915,385.0,300097.0,4006,4233048,4007,3875012,7628,7807880
2021-09-26 15:00:00,2353,3935304,2653.0,3577568,421.0,300518.0,2774,4235822,3074,3878086,5427,7813307
2021-09-27 15:00:00,4502,3939806,2683.0,3580251,508.0,301026.0,5010,4240832,3191,3881277,7693,7821000
2021-09-28 15:00:00,4400,3944206,4437.0,3584688,211.0,301237.0,4611,4245443,4648,3885925,9048,7830048
2021-09-29 15:00:00,4705,3948911,4496.0,3589184,918.0,302155.0,5623,4251066,5414,3891339,10119,7840167
2021-09-30 15:00:00,4885,3953796,4555.0,3593739,792.0,302947.0,5677,4256743,5347,3896686,10232,7850399
2021-10-01 15:00:00,5443,3959239,5278.0,3599017,778.0,303725.0,6221,4262964,6056,3902742,11499,7861898
2021-10-02 15:00:00,2936,3962175,2884.0,3601901,187.0,303912.0,3123,4266087,3071,3905813,6007,7867905
2021-10-03 15:00:00,2073,3964248,2375.0,3604276,86.0,303998.0,2159,4268246,2461,3908274,4534,7872439
2021-10-04 15:00:00,4144,3968392,3361.0,3607637,233.0,304231.0,4377,4272623,3594,3911868,7738,7880177
2021-10-05 15:00:00,4052,3972444,3562.0,3611199,207.0,304438.0,4259,4276882,3769,3915637,7821,7887998
2021-10-06 15:00:00,4117,3976561,3484.0,3614683,264.0,304702.0,4381,4281263,3748,3919385,7865,7895863
2021-10-07 15:00:00,4367,3980928,3492.0,3618175,331.0,305033.0,4698,4285961,3823,3923208,8190,7904053
2021-10-08 15:00:00,4939,3985867,4118.0,3622293,283.0,305316.0,5222,4291183,4401,3927609,9340,7913393
2021-10-09 15:00:00,2684,3988551,2673.0,3624966,271.0,305587.0,2955,4294138,2944,3930553,5628,7919021
2021-10-10 15:00:00,1861,3990412,1843.0,3626809,59.0,305646.0,1920,4296058,1902,3932455,3763,7922784
2021-10-11 15:00:00,4358,3994770,3186.0,3629995,248.0,305894.0,4606,4300664,3434,3935889,7792,7930576
2021-10-12 15:00:00,3729,3998499,3387.0,3633382,270.0,306164.0,3999,4304663,3657,3939546,7386,7937962
2021-10-13 15:00:00,3972,4002471,3431.0,3636813,347.0,306511.0,4319,4308982,3778,3943324,7750,7945712
2021-10-14 15:00:00,5158,4007629,5460.0,3642273,429.0,306940.0,5587,4314569,5889,3949213,11047,7956759
2021-10-15 15:00:00,4723,4012352,4559.0,3646832,347.0,307287.0,5070,4319639,4906,3954119,9629,7966388
2021-10-16 15:00:00,2500,4014852,2493.0,3649325,290.0,307577.0,2790,4322429,2783,3956902,5283,7971671
2021-10-17 15:00:00,1806,4016658,1772.0,3651097,55.0,307632.0,1861,4324290,1827,3958729,3633,7975304
2021-10-18 15:00:00,4294,4020952,3561.0,3654658,266.0,307898.0,4560,4328850,3827,3962556,8121,7983425
2021-10-19 15:00:00,4308,4025260,4012.0,3658670,222.0,308120.0,4530,4333380,4234,3966790,8542,7991967
2021-10-20 15:00:00,3531,4028791,3417.0,3662087,254.0,308374.0,3785,4337165,3671,3970461,7202,7999169
2021-10-21 15:00:00,3306,4032097,3251.0,3665338,290.0,308664.0,3596,4340761,3541,3974002,6847,8006016
2021-10-22 15:00:00,4703,4036800,4025.0,3669363,475.0,309139.0,5178,4345939,4500,3978502,9203,8015219
2021-10-23 15:00:00,2907,4039707,2123.0,3671486,321.0,309460.0,3228,4349167,2444,3980946,5351,8020570
2021-10-24 15:00:00,2060,4041767,1555.0,3673041,77.0,309537.0,2137,4351304,1632,3982578,3692,8024262
2021-10-25 15:00:00,4547,4046314,3089.0,3676130,316.0,309853.0,4863,4356167,3405,3985983,7952,8032214
2021-10-26 15:00:00,4515,4050829,3138.0,3679268,311.0,310164.0,4826,4360993,3449,3989432,7964,8040178
2021-10-27 15:00:00,4740,4055569,3366.0,3682634,427.0,310591.0,5167,4366160,3793,3993225,8533,8048711
2021-10-28 15:00:00,4556,4060125,3416.0,3686050,495.0,311086.0,5051,4371211,3911,3997136,8467,8057178
2021-10-29 15:00:00,4970,4065095,3909.0,3689959,393.0,311479.0,5363,4376574,4302,4001438,9272,8066450
2021-10-30 15:00:00,2631,4067726,1857.0,3691816,308.0,311787.0,2939,4379513,2165,4003603,4796,8071246
2021-10-31 15:00:00,1948,4069674,1506.0,3693322,94.0,311881.0,2042,4381555,1600,4005203,3548,8074794
2021-11-01 15:00:00,4634,4074308,3467.0,3696789,338.0,312219.0,4972,4386527,3805,4009008,8439,8083233
2021-11-02 15:00:00,4247,4078555,3022.0,3699811,405.0,312624.0,4652,4391179,3427,4012435,7674,8090907
2021-11-03 15:00:00,4620,4083175,3118.0,3702929,457.0,313081.0,5077,4396256,3575,4016010,8195,8099102
2021-11-04 15:00:00,6051,4089226,3410.0,3706339,513.0,313594.0,6564,4402820,3923,4019933,9974,8109076
2021-11-05 15:00:00,7930,4097156,3833.0,3710172,407.0,314001.0,8337,4411157,4240,4024173,12170,8121246
2021-11-06 15:00:00,10028,4107184,1976.0,3712148,305.0,314306.0,10333,4421490,2281,4026454,12309,8133555
2021-11-07 15:00:00,7529,4114713,1408.0,3713556,95.0,314401.0,7624,4429114,1503,4027957,9032,8142587
2021-11-08 15:00:00,11212,4125925,3093.0,3716649,376.0,314777.0,11588,4440702,3469,4031426,14681,8157268
2021-11-09 15:00:00,11594,4137519,2695.0,3719344,267.0,315044.0,11861,4452563,2962,4034388,14556,8171824
2021-11-10 15:00:00,12358,4149877,2825.0,3722169,335.0,315379.0,12693,4465256,3160,4037548,15518,8187342
2021-11-11 15:00:00,11137,4161014,2445.0,3724614,280.0,315659.0,11417,4476673,2725,4040273,13862,8201204
2021-11-12 15:00:00,12118,4173132,3418.0,3728032,546.0,316205.0,12664,4489337,3964,4044237,16082,8217286
2021-11-13 15:00:00,9660,4182792,1585.0,3729617,341.0,316546.0,10001,4499338,1926,4046163,11586,8228872
2021-11-14 15:00:00,3836,4186628,1124.0,3730741,120.0,316666.0,3956,4503294,1244,4047407,5080,8233952
2021-11-15 15:00:00,8488,4195116,2596.0,3733337,201.0,316867.0,8689,4511983,2797,4050204,11285,8245237
2021-11-16 15:00:00,8978,4204094,2575.0,3735912,249.0,317116.0,9227,4521210,2824,4053028,11802,8257039
2021-11-17 15:00:00,9195,4213289,2886.0,3738798,309.0,317425.0,9504,4530714,3195,4056223,12390,8269429
2021-11-18 15:00:00,9087,4222376,2693.0,3741491,478.0,317903.0,9565,4540279,3171,4059394,12258,8281687
2021-11-19 15:00:00,9601,4231977,2992.0,3744483,376.0,318279.0,9977,4550256,3368,4062762,12969,8294656
2021-11-20 15:00:00,10541,4242518,1591.0,3746074,450.0,318729.0,10991,4561247,2041,4064803,12582,8307238
2021-11-21 15:00:00,4326,4246844,1192.0,3747266,97.0,318826.0,4423,4565670,1289,4066092,5615,8312853
2021-11-22 15:00:00,9669,4256513,2549.0,3749815,290.0,319116.0,9959,4575629,2839,4068931,12508,8325361
2021-11-23 15:00:00,8982,4265495,2480.0,3752295,274.0,319390.0,9256,4584885,2754,4071685,11736,8337097
2021-11-24 15:00:00,7943,4273438,2478.0,3754773,212.0,319602.0,8155,4593040,2690,4074375,10633,8347730
2021-11-25 15:00:00,182,4273620,70.0,3754843,9.0,319611.0,191,4593231,79,4074454,261,8347991
2021-11-26 15:00:00,5593,4279213,3988.0,3758831,149.0,319760.0,5742,4598973,4137,4078591,9730,8357721
2021-11-27 15:00:00,3682,4282895,5377.0,3764208,129.0,319889.0,3811,4602784,5506,4084097,9188,8366909
2021-11-28 15:00:00,2314,4285209,6027.0,3770235,73.0,319962.0,2387,4605171,6100,4090197,8414,8375323
2021-11-29 15:00:00,6229,4291438,9118.0,3779353,368.0,320330.0,6597,4611768,9486,4099683,15715,8391038
2021-11-30 15:00:00,5762,4297200,8608.0,3787961,245.0,320575.0,6007,4617775,8853,4108536,14615,8405653
2021-12-01 15:00:00,6387,4303587,8744.0,3796705,283.0,320858.0,6670,4624445,9027,4117563,15414,8421067
2021-12-02 15:00:00,5931,4309518,7734.0,3804439,423.0,321281.0,6354,4630799,8157,4125720,14088,8435155
2021-12-03 15:00:00,6225,4315743,7451.0,3811890,214.0,321495.0,6439,4637238,7665,4133385,13890,8449045
2021-12-04 15:00:00,3373,4319116,6255.0,3818145,403.0,321898.0,3776,4641014,6658,4140043,10031,8459076
