VACCINATION_DATE,FirstDailyDose,FirstDoseCumulative,SecondDailyDose,SecondDoseCumulative,SingleDailyDose,SingleDoseCumulative,AtleastOneVaccine,AtleastOneVaccineCumulative,CompletedVax,CompletedVaxCumulative,FirstSecondSingleVaccinations,FirstSecondSingleVaccinationsCumulative
2020-12-14 15:00:00,19,1494,,536,,,19,1494,0,536,19,1966
2020-12-15 15:00:00,62,1556,3.0,539,,,62,1556,3,539,65,2031
2020-12-16 15:00:00,597,2153,5.0,544,,,597,2153,5,544,602,2633
2020-12-17 15:00:00,1171,3324,8.0,552,,,1171,3324,8,552,1179,3812
2020-12-18 15:00:00,3032,6356,12.0,564,,,3032,6356,12,564,3044,6856
2020-12-19 15:00:00,930,7286,7.0,571,,,930,7286,7,571,937,7793
2020-12-20 15:00:00,370,7656,6.0,577,,,370,7656,6,577,376,8169
2020-12-21 15:00:00,3901,11557,27.0,604,,,3901,11557,27,604,3928,12097
2020-12-22 15:00:00,6330,17887,30.0,634,,,6330,17887,30,634,6360,18457
2020-12-23 15:00:00,5796,23683,41.0,675,,,5796,23683,41,675,5837,24294
2020-12-24 15:00:00,2730,26413,15.0,690,,,2730,26413,15,690,2745,27039
2020-12-25 15:00:00,1035,27448,4.0,694,,,1035,27448,4,694,1039,28078
2020-12-26 15:00:00,1887,29335,10.0,704,,,1887,29335,10,704,1897,29975
2020-12-27 15:00:00,1804,31139,12.0,716,,,1804,31139,12,716,1816,31791
2020-12-28 15:00:00,8998,40137,52.0,768,,,8998,40137,52,768,9050,40841
2020-12-29 15:00:00,10982,51119,54.0,822,,,10982,51119,54,822,11036,51877
2020-12-30 15:00:00,12512,63631,98.0,920,,,12512,63631,98,920,12610,64487
2020-12-31 15:00:00,7564,71195,49.0,969,,,7564,71195,49,969,7613,72100
2021-01-01 15:00:00,3423,74618,145.0,1114,,,3423,74618,145,1114,3568,75668
2021-01-02 15:00:00,3065,77683,34.0,1148,,,3065,77683,34,1148,3099,78767
2021-01-03 15:00:00,3418,81101,82.0,1230,,,3418,81101,82,1230,3500,82267
2021-01-04 15:00:00,13382,94483,343.0,1573,,,13382,94483,343,1573,13725,95992
2021-01-05 15:00:00,12498,106981,550.0,2123,,,12498,106981,550,2123,13048,109040
2021-01-06 15:00:00,15287,122268,871.0,2994,,,15287,122268,871,2994,16158,125198
2021-01-07 15:00:00,15054,137322,1790.0,4784,,,15054,137322,1790,4784,16844,142042
2021-01-08 15:00:00,24035,161357,2796.0,7580,,,24035,161357,2796,7580,26831,168873
2021-01-09 15:00:00,5188,166545,960.0,8540,,,5188,166545,960,8540,6148,175021
2021-01-10 15:00:00,2988,169533,389.0,8929,,,2988,169533,389,8929,3377,178398
2021-01-11 15:00:00,13753,183286,3488.0,12417,,,13753,183286,3488,12417,17241,195639
2021-01-12 15:00:00,17411,200697,5600.0,18017,,,17411,200697,5600,18017,23011,218650
2021-01-13 15:00:00,18640,219337,3941.0,21958,,,18640,219337,3941,21958,22581,241231
2021-01-14 15:00:00,17882,237219,1972.0,23930,,,17882,237219,1972,23930,19854,261085
2021-01-15 15:00:00,19515,256734,2041.0,25971,,,19515,256734,2041,25971,21556,282641
2021-01-16 15:00:00,5849,262583,1625.0,27596,,,5849,262583,1625,27596,7474,290115
2021-01-17 15:00:00,2130,264713,1480.0,29076,,,2130,264713,1480,29076,3610,293725
2021-01-18 15:00:00,7090,271803,3269.0,32345,,,7090,271803,3269,32345,10359,304084
2021-01-19 15:00:00,16965,288768,5422.0,37767,,,16965,288768,5422,37767,22387,326471
2021-01-20 15:00:00,21026,309794,5341.0,43108,,,21026,309794,5341,43108,26367,352838
2021-01-21 15:00:00,23839,333633,3876.0,46984,,,23839,333633,3876,46984,27715,380553
2021-01-22 15:00:00,28680,362313,3774.0,50758,,,28680,362313,3774,50758,32454,413007
2021-01-23 15:00:00,10133,372446,1949.0,52707,,,10133,372446,1949,52707,12082,425089
2021-01-24 15:00:00,3364,375810,1727.0,54434,,,3364,375810,1727,54434,5091,430180
2021-01-25 15:00:00,16317,392127,8627.0,63061,,,16317,392127,8627,63061,24944,455124
2021-01-26 15:00:00,17574,409701,8987.0,72048,,,17574,409701,8987,72048,26561,481685
2021-01-27 15:00:00,24449,434150,12589.0,84637,,,24449,434150,12589,84637,37038,518723
2021-01-28 15:00:00,22668,456818,9346.0,93983,,,22668,456818,9346,93983,32014,550737
2021-01-29 15:00:00,24799,481617,7945.0,101928,,,24799,481617,7945,101928,32744,583481
2021-01-30 15:00:00,17799,499416,2574.0,104502,,,17799,499416,2574,104502,20373,603854
2021-01-31 15:00:00,3768,503184,1376.0,105878,,,3768,503184,1376,105878,5144,608998
2021-02-01 15:00:00,8214,511398,5448.0,111326,,,8214,511398,5448,111326,13662,622660
2021-02-02 15:00:00,12533,523931,13848.0,125174,,,12533,523931,13848,125174,26381,649041
2021-02-03 15:00:00,18283,542214,18157.0,143331,,,18283,542214,18157,143331,36440,685481
2021-02-04 15:00:00,22155,564369,15807.0,159138,,,22155,564369,15807,159138,37962,723443
2021-02-05 15:00:00,20426,584795,17457.0,176595,,,20426,584795,17457,176595,37883,761326
2021-02-06 15:00:00,11389,596184,14543.0,191138,,,11389,596184,14543,191138,25932,787258
2021-02-07 15:00:00,5994,602178,1953.0,193091,,,5994,602178,1953,193091,7947,795205
2021-02-08 15:00:00,13023,615201,12991.0,206082,,,13023,615201,12991,206082,26014,821219
2021-02-09 15:00:00,16676,631877,13899.0,219981,,,16676,631877,13899,219981,30575,851794
2021-02-10 15:00:00,19343,651220,21331.0,241312,,,19343,651220,21331,241312,40674,892468
2021-02-11 15:00:00,22952,674172,17396.0,258708,,,22952,674172,17396,258708,40348,932816
2021-02-12 15:00:00,20451,694623,19685.0,278393,,,20451,694623,19685,278393,40136,972952
2021-02-13 15:00:00,11477,706100,6434.0,284827,,,11477,706100,6434,284827,17911,990863
2021-02-14 15:00:00,7122,713222,2144.0,286971,,,7122,713222,2144,286971,9266,1000129
2021-02-15 15:00:00,11775,724997,13356.0,300327,,,11775,724997,13356,300327,25131,1025260
2021-02-16 15:00:00,16660,741657,21044.0,321371,,,16660,741657,21044,321371,37704,1062964
2021-02-17 15:00:00,20693,762350,26400.0,347771,,,20693,762350,26400,347771,47093,1110057
2021-02-18 15:00:00,3207,765557,4633.0,352404,,,3207,765557,4633,352404,7840,1117897
2021-02-19 15:00:00,10271,775828,19946.0,372350,,,10271,775828,19946,372350,30217,1148114
2021-02-20 15:00:00,10321,786149,20329.0,392679,,,10321,786149,20329,392679,30650,1178764
2021-02-21 15:00:00,6195,792344,7674.0,400353,,,6195,792344,7674,400353,13869,1192633
2021-02-22 15:00:00,8051,800395,15505.0,415858,,,8051,800395,15505,415858,23556,1216189
2021-02-23 15:00:00,15544,815939,15993.0,431851,,,15544,815939,15993,431851,31537,1247726
2021-02-24 15:00:00,18008,833947,24857.0,456708,,,18008,833947,24857,456708,42865,1290591
2021-02-25 15:00:00,20406,854353,26605.0,483313,,,20406,854353,26605,483313,47011,1337602
2021-02-26 15:00:00,26698,881051,26292.0,509605,,,26698,881051,26292,509605,52990,1390592
2021-02-27 15:00:00,16034,897085,11171.0,520776,,,16034,897085,11171,520776,27205,1417797
2021-02-28 15:00:00,15529,912614,4898.0,525674,,,15529,912614,4898,525674,20427,1438224
2021-03-01 15:00:00,27315,939929,12707.0,538381,,,27315,939929,12707,538381,40022,1478246
2021-03-02 15:00:00,24012,963941,13313.0,551694,38.0,38.0,24050,963979,13351,551732,37363,1515609
2021-03-03 15:00:00,30264,994205,18437.0,570131,195.0,233.0,30459,994438,18632,570364,48896,1564505
2021-03-04 15:00:00,31022,1025227,18262.0,588393,4067.0,4300.0,35089,1029527,22329,592693,53351,1617856
2021-03-05 15:00:00,30111,1055338,19795.0,608188,4913.0,9213.0,35024,1064551,24708,617401,54819,1672675
2021-03-06 15:00:00,19007,1074345,9541.0,617729,6010.0,15223.0,25017,1089568,15551,632952,34558,1707233
2021-03-07 15:00:00,12155,1086500,4934.0,622663,6605.0,21828.0,18760,1108328,11539,644491,23694,1730927
2021-03-08 15:00:00,25937,1112437,8871.0,631534,8276.0,30104.0,34213,1142541,17147,661638,43084,1774011
2021-03-09 15:00:00,26163,1138600,15509.0,647043,8346.0,38450.0,34509,1177050,23855,685493,50018,1824029
2021-03-10 15:00:00,29899,1168499,16067.0,663110,7936.0,46386.0,37835,1214885,24003,709496,53902,1877931
2021-03-11 15:00:00,36029,1204528,16436.0,679546,3981.0,50367.0,40010,1254895,20417,729913,56446,1934377
2021-03-12 15:00:00,36928,1241456,18173.0,697719,2929.0,53296.0,39857,1294752,21102,751015,58030,1992407
2021-03-13 15:00:00,22677,1264133,10345.0,708064,1629.0,54925.0,24306,1319058,11974,762989,34651,2027058
2021-03-14 15:00:00,17845,1281978,6741.0,714805,1010.0,55935.0,18855,1337913,7751,770740,25596,2052654
2021-03-15 15:00:00,29905,1311883,11379.0,726184,599.0,56534.0,30504,1368417,11978,782718,41883,2094537
2021-03-16 15:00:00,33492,1345375,13601.0,739785,772.0,57306.0,34264,1402681,14373,797091,47865,2142402
2021-03-17 15:00:00,37647,1383022,17099.0,756884,1183.0,58489.0,38830,1441511,18282,815373,55929,2198331
2021-03-18 15:00:00,41484,1424506,12714.0,769598,1353.0,59842.0,42837,1484348,14067,829440,55551,2253882
2021-03-19 15:00:00,38395,1462901,15447.0,785045,1046.0,60888.0,39441,1523789,16493,845933,54888,2308770
2021-03-20 15:00:00,24745,1487646,10238.0,795283,705.0,61593.0,25450,1549239,10943,856876,35688,2344458
2021-03-21 15:00:00,19207,1506853,7915.0,803198,342.0,61935.0,19549,1568788,8257,865133,27464,2371922
2021-03-22 15:00:00,32613,1539466,11523.0,814721,835.0,62770.0,33448,1602236,12358,877491,44971,2416893
2021-03-23 15:00:00,38418,1577884,17886.0,832607,1557.0,64327.0,39975,1642211,19443,896934,57861,2474754
2021-03-24 15:00:00,41095,1618979,21272.0,853879,1388.0,65715.0,42483,1684694,22660,919594,63755,2538509
2021-03-25 15:00:00,42934,1661913,21759.0,875638,2455.0,68170.0,45389,1730083,24214,943808,67148,2605657
2021-03-26 15:00:00,36397,1698310,26729.0,902367,2495.0,70665.0,38892,1768975,29224,973032,65621,2671278
2021-03-27 15:00:00,26477,1724787,17336.0,919703,2489.0,73154.0,28966,1797941,19825,992857,46302,2717580
2021-03-28 15:00:00,17014,1741801,12695.0,932398,1615.0,74769.0,18629,1816570,14310,1007167,31324,2748904
2021-03-29 15:00:00,29724,1771525,26410.0,958808,1142.0,75911.0,30866,1847436,27552,1034719,57276,2806180
2021-03-30 15:00:00,40084,1811609,29106.0,987914,1865.0,77776.0,41949,1889385,30971,1065690,71055,2877235
2021-03-31 15:00:00,41035,1852644,34770.0,1022684,5749.0,83525.0,46784,1936169,40519,1106209,81554,2958789
2021-04-01 15:00:00,42539,1895183,41246.0,1063930,5767.0,89292.0,48306,1984475,47013,1153222,89552,3048341
2021-04-02 15:00:00,34962,1930145,32754.0,1096684,6135.0,95427.0,41097,2025572,38889,1192111,73851,3122192
2021-04-03 15:00:00,21188,1951333,19248.0,1115932,4395.0,99822.0,25583,2051155,23643,1215754,44831,3167023
2021-04-04 15:00:00,8306,1959639,10227.0,1126159,968.0,100790.0,9274,2060429,11195,1226949,19501,3186524
2021-04-05 15:00:00,27969,1987608,28990.0,1155149,6663.0,107453.0,34632,2095061,35653,1262602,63622,3250146
2021-04-06 15:00:00,39813,2027421,30537.0,1185686,10505.0,117958.0,50318,2145379,41042,1303644,80855,3331001
2021-04-07 15:00:00,36123,2063544,34380.0,1220066,12999.0,130957.0,49122,2194501,47379,1351023,83502,3414503
2021-04-08 15:00:00,42369,2105913,36174.0,1256240,13876.0,144833.0,56245,2250746,50050,1401073,92419,3506922
2021-04-09 15:00:00,34102,2140015,36382.0,1292622,14532.0,159365.0,48634,2299380,50914,1451987,85016,3591938
2021-04-10 15:00:00,23513,2163528,23191.0,1315813,7642.0,167007.0,31155,2330535,30833,1482820,54346,3646284
2021-04-11 15:00:00,17586,2181114,13302.0,1329115,10123.0,177130.0,27709,2358244,23425,1506245,41011,3687295
2021-04-12 15:00:00,24612,2205726,33298.0,1362413,10908.0,188038.0,35520,2393764,44206,1550451,68818,3756113
2021-04-13 15:00:00,126189,2331915,91371.0,1453784,3293.0,191331.0,129482,2523246,94664,1645115,220853,3976966
2021-04-14 15:00:00,40751,2372666,37863.0,1491647,213.0,191544.0,40964,2564210,38076,1683191,78827,4055793
2021-04-15 15:00:00,41431,2414097,39600.0,1531247,176.0,191720.0,41607,2605817,39776,1722967,81207,4137000
2021-04-16 15:00:00,37153,2451250,38918.0,1570165,25.0,191745.0,37178,2642995,38943,1761910,76096,4213096
2021-04-17 15:00:00,32816,2484066,22048.0,1592213,13.0,191758.0,32829,2675824,22061,1783971,54877,4267973
2021-04-18 15:00:00,20065,2504131,16217.0,1608430,5.0,191763.0,20070,2695894,16222,1800193,36287,4304260
2021-04-19 15:00:00,29892,2534023,36563.0,1644993,60.0,191823.0,29952,2725846,36623,1836816,66515,4370775
2021-04-20 15:00:00,32944,2566967,44523.0,1689516,59.0,191882.0,33003,2758849,44582,1881398,77526,4448301
2021-04-21 15:00:00,39848,2606815,47101.0,1736617,26.0,191908.0,39874,2798723,47127,1928525,86975,4535276
2021-04-22 15:00:00,35867,2642682,42741.0,1779358,16.0,191924.0,35883,2834606,42757,1971282,78624,4613900
2021-04-23 15:00:00,33151,2675833,40197.0,1819555,14.0,191938.0,33165,2867771,40211,2011493,73362,4687262
2021-04-24 15:00:00,26430,2702263,27940.0,1847495,81.0,192019.0,26511,2894282,28021,2039514,54451,4741713
2021-04-25 15:00:00,20219,2722482,11008.0,1858503,31.0,192050.0,20250,2914532,11039,2050553,31258,4772971
2021-04-26 15:00:00,27389,2749871,32786.0,1891289,201.0,192251.0,27590,2942122,32987,2083540,60376,4833347
2021-04-27 15:00:00,26673,2776544,33131.0,1924420,1097.0,193348.0,27770,2969892,34228,2117768,60901,4894248
2021-04-28 15:00:00,28934,2805478,39589.0,1964009,1367.0,194715.0,30301,3000193,40956,2158724,69890,4964138
2021-04-29 15:00:00,27070,2832548,39809.0,2003818,1463.0,196178.0,28533,3028726,41272,2199996,68342,5032480
2021-04-30 15:00:00,28203,2860751,32332.0,2036150,1650.0,197828.0,29853,3058579,33982,2233978,62185,5094665
2021-05-01 15:00:00,20789,2881540,26848.0,2062998,1057.0,198885.0,21846,3080425,27905,2261883,48694,5143359
2021-05-02 15:00:00,10272,2891812,17095.0,2080093,823.0,199708.0,11095,3091520,17918,2279801,28190,5171549
2021-05-03 15:00:00,12729,2904541,28707.0,2108800,1917.0,201625.0,14646,3106166,30624,2310425,43353,5214902
2021-05-04 15:00:00,13565,2918106,38725.0,2147525,1742.0,203367.0,15307,3121473,40467,2350892,54032,5268934
2021-05-05 15:00:00,19316,2937422,37805.0,2185330,1923.0,205290.0,21239,3142712,39728,2390620,59044,5327978
2021-05-06 15:00:00,16930,2954352,40606.0,2225936,1722.0,207012.0,18652,3161364,42328,2432948,59258,5387236
2021-05-07 15:00:00,17588,2971940,37041.0,2262977,1959.0,208971.0,19547,3180911,39000,2471948,56588,5443824
2021-05-08 15:00:00,10799,2982739,31244.0,2294221,1293.0,210264.0,12092,3193003,32537,2504485,43336,5487160
2021-05-09 15:00:00,5077,2987816,12260.0,2306481,695.0,210959.0,5772,3198775,12955,2517440,18032,5505192
2021-05-10 15:00:00,8961,2996777,31064.0,2337545,1362.0,212321.0,10323,3209098,32426,2549866,41387,5546579
2021-05-11 15:00:00,12187,3008964,30310.0,2367855,1441.0,213762.0,13628,3222726,31751,2581617,43938,5590517
2021-05-12 15:00:00,13956,3022920,38658.0,2406513,1918.0,215680.0,15874,3238600,40576,2622193,54532,5645049
2021-05-13 15:00:00,21847,3044767,33537.0,2440050,1346.0,217026.0,23193,3261793,34883,2657076,56730,5701779
2021-05-14 15:00:00,24406,3069173,30088.0,2470138,1775.0,218801.0,26181,3287974,31863,2688939,56269,5758048
2021-05-15 15:00:00,21956,3091129,25133.0,2495271,1490.0,220291.0,23446,3311420,26623,2715562,48579,5806627
2021-05-16 15:00:00,9094,3100223,17581.0,2512852,1115.0,221406.0,10209,3321629,18696,2734258,27790,5834417
2021-05-17 15:00:00,16842,3117065,28425.0,2541277,1950.0,223356.0,18792,3340421,30375,2764633,47217,5881634
2021-05-18 15:00:00,21262,3138327,30705.0,2571982,1944.0,225300.0,23206,3363627,32649,2797282,53911,5935545
2021-05-19 15:00:00,27674,3166001,32457.0,2604439,1633.0,226933.0,29307,3392934,34090,2831372,61764,5997309
2021-05-20 15:00:00,20816,3186817,33291.0,2637730,1965.0,228898.0,22781,3415715,35256,2866628,56072,6053381
2021-05-21 15:00:00,19167,3205984,30377.0,2668107,1609.0,230507.0,20776,3436491,31986,2898614,51153,6104534
2021-05-22 15:00:00,16958,3222942,20709.0,2688816,1269.0,231776.0,18227,3454718,21978,2920592,38936,6143470
2021-05-23 15:00:00,8811,3231753,11458.0,2700274,965.0,232741.0,9776,3464494,12423,2933015,21234,6164704
2021-05-24 15:00:00,13575,3245328,17792.0,2718066,1473.0,234214.0,15048,3479542,19265,2952280,32840,6197544
2021-05-25 15:00:00,13078,3258406,18723.0,2736789,1328.0,235542.0,14406,3493948,20051,2972331,33129,6230673
2021-05-26 15:00:00,18369,3276775,19701.0,2756490,1512.0,237054.0,19881,3513829,21213,2993544,39582,6270255
2021-05-27 15:00:00,11700,3288475,18716.0,2775206,1120.0,238174.0,12820,3526649,19836,3013380,31536,6301791
2021-05-28 15:00:00,12418,3300893,19868.0,2795074,1402.0,239576.0,13820,3540469,21270,3034650,33688,6335479
2021-05-29 15:00:00,9516,3310409,11738.0,2806812,937.0,240513.0,10453,3550922,12675,3047325,22191,6357670
2021-05-30 15:00:00,4968,3315377,6446.0,2813258,596.0,241109.0,5564,3556486,7042,3054367,12010,6369680
2021-05-31 15:00:00,1779,3317156,3715.0,2816973,305.0,241414.0,2084,3558570,4020,3058387,5799,6375479
2021-06-01 15:00:00,9889,3327045,16507.0,2833480,1162.0,242576.0,11051,3569621,17669,3076056,27558,6403037
2021-06-02 15:00:00,10235,3337280,16839.0,2850319,962.0,243538.0,11197,3580818,17801,3093857,28036,6431073
2021-06-03 15:00:00,7895,3345175,21226.0,2871545,1089.0,244627.0,8984,3589802,22315,3116172,30210,6461283
2021-06-04 15:00:00,8193,3353368,22381.0,2893926,1121.0,245748.0,9314,3599116,23502,3139674,31695,6492978
2021-06-05 15:00:00,6997,3360365,19478.0,2913404,721.0,246469.0,7718,3606834,20199,3159873,27196,6520174
2021-06-06 15:00:00,3458,3363823,7264.0,2920668,426.0,246895.0,3884,3610718,7690,3167563,11148,6531322
2021-06-07 15:00:00,6860,3370683,15808.0,2936476,726.0,247621.0,7586,3618304,16534,3184097,23394,6554716
2021-06-08 15:00:00,6672,3377355,19749.0,2956225,831.0,248452.0,7503,3625807,20580,3204677,27252,6581968
2021-06-09 15:00:00,8198,3385553,24026.0,2980251,970.0,249422.0,9168,3634975,24996,3229673,33194,6615162
2021-06-10 15:00:00,7157,3392710,19152.0,2999403,895.0,250317.0,8052,3643027,20047,3249720,27204,6642366
2021-06-11 15:00:00,7493,3400203,17742.0,3017145,1126.0,251443.0,8619,3651646,18868,3268588,26361,6668727
2021-06-12 15:00:00,5244,3405447,14791.0,3031936,605.0,252048.0,5849,3657495,15396,3283984,20640,6689367
2021-06-13 15:00:00,1947,3407394,7639.0,3039575,427.0,252475.0,2374,3659869,8066,3292050,10013,6699380
2021-06-14 15:00:00,5656,3413050,11840.0,3051415,734.0,253209.0,6390,3666259,12574,3304624,18230,6717610
2021-06-15 15:00:00,5652,3418702,14358.0,3065773,873.0,254082.0,6525,3672784,15231,3319855,20883,6738493
2021-06-16 15:00:00,8731,3427433,21641.0,3087414,758.0,254840.0,9489,3682273,22399,3342254,31130,6769623
2021-06-17 15:00:00,6685,3434118,12386.0,3099800,720.0,255560.0,7405,3689678,13106,3355360,19791,6789414
2021-06-18 15:00:00,6838,3440956,12754.0,3112554,703.0,256263.0,7541,3697219,13457,3368817,20295,6809709
2021-06-19 15:00:00,4655,3445611,9390.0,3121944,614.0,256877.0,5269,3702488,10004,3378821,14659,6824368
2021-06-20 15:00:00,2513,3448124,5068.0,3127012,377.0,257254.0,2890,3705378,5445,3384266,7958,6832326
2021-06-21 15:00:00,5568,3453692,5344.0,3132356,636.0,257890.0,6204,3711582,5980,3390246,11548,6843874
2021-06-22 15:00:00,5352,3459044,9067.0,3141423,699.0,258589.0,6051,3717633,9766,3400012,15118,6858992
2021-06-23 15:00:00,6065,3465109,10361.0,3151784,645.0,259234.0,6710,3724343,11006,3411018,17071,6876063
2021-06-24 15:00:00,5932,3471041,8221.0,3160005,595.0,259829.0,6527,3730870,8816,3419834,14748,6890811
2021-06-25 15:00:00,5831,3476872,8672.0,3168677,619.0,260448.0,6450,3737320,9291,3429125,15122,6905933
2021-06-26 15:00:00,3707,3480579,6305.0,3174982,398.0,260846.0,4105,3741425,6703,3435828,10410,6916343
2021-06-27 15:00:00,2810,3483389,3525.0,3178507,185.0,261031.0,2995,3744420,3710,3439538,6520,6922863
2021-06-28 15:00:00,4929,3488318,6399.0,3184906,539.0,261570.0,5468,3749888,6938,3446476,11867,6934730
2021-06-29 15:00:00,5064,3493382,6490.0,3191396,524.0,262094.0,5588,3755476,7014,3453490,12078,6946808
2021-06-30 15:00:00,5638,3499020,7398.0,3198794,607.0,262701.0,6245,3761721,8005,3461495,13643,6960451
2021-07-01 15:00:00,5451,3504471,7009.0,3205803,505.0,263206.0,5956,3767677,7514,3469009,12965,6973416
2021-07-02 15:00:00,5306,3509777,6863.0,3212666,527.0,263733.0,5833,3773510,7390,3476399,12696,6986112
2021-07-03 15:00:00,3276,3513053,4077.0,3216743,264.0,263997.0,3540,3777050,4341,3480740,7617,6993729
2021-07-04 15:00:00,494,3513547,551.0,3217294,69.0,264066.0,563,3777613,620,3481360,1114,6994843
2021-07-05 15:00:00,3773,3517320,3955.0,3221249,287.0,264353.0,4060,3781673,4242,3485602,8015,7002858
2021-07-06 15:00:00,4492,3521812,6297.0,3227546,455.0,264808.0,4947,3786620,6752,3492354,11244,7014102
2021-07-07 15:00:00,4469,3526281,6433.0,3233979,483.0,265291.0,4952,3791572,6916,3499270,11385,7025487
2021-07-08 15:00:00,4836,3531117,6196.0,3240175,564.0,265855.0,5400,3796972,6760,3506030,11596,7037083
2021-07-09 15:00:00,5366,3536483,6698.0,3246873,574.0,266429.0,5940,3802912,7272,3513302,12638,7049721
2021-07-10 15:00:00,3527,3540010,4413.0,3251286,305.0,266734.0,3832,3806744,4718,3518020,8245,7057966
2021-07-11 15:00:00,2683,3542693,2582.0,3253868,227.0,266961.0,2910,3809654,2809,3520829,5492,7063458
2021-07-12 15:00:00,4430,3547123,5133.0,3259001,379.0,267340.0,4809,3814463,5512,3526341,9942,7073400
2021-07-13 15:00:00,4673,3551796,4733.0,3263734,366.0,267706.0,5039,3819502,5099,3531440,9772,7083172
2021-07-14 15:00:00,4635,3556431,5300.0,3269034,421.0,268127.0,5056,3824558,5721,3537161,10356,7093528
2021-07-15 15:00:00,4914,3561345,5029.0,3274063,359.0,268486.0,5273,3829831,5388,3542549,10302,7103830
2021-07-16 15:00:00,6284,3567629,5876.0,3279939,405.0,268891.0,6689,3836520,6281,3548830,12565,7116395
2021-07-17 15:00:00,3424,3571053,3555.0,3283494,304.0,269195.0,3728,3840248,3859,3552689,7283,7123678
2021-07-18 15:00:00,2312,3573365,2385.0,3285879,110.0,269305.0,2422,3842670,2495,3555184,4807,7128485
2021-07-19 15:00:00,5152,3578517,4617.0,3290496,383.0,269688.0,5535,3848205,5000,3560184,10152,7138637
2021-07-20 15:00:00,5348,3583865,4738.0,3295234,367.0,270055.0,5715,3853920,5105,3565289,10453,7149090
2021-07-21 15:00:00,5667,3589532,4972.0,3300206,415.0,270470.0,6082,3860002,5387,3570676,11054,7160144
2021-07-22 15:00:00,6033,3595565,4654.0,3304860,472.0,270942.0,6505,3866507,5126,3575802,11159,7171303
2021-07-23 15:00:00,6848,3602413,4858.0,3309718,499.0,271441.0,7347,3873854,5357,3581159,12205,7183508
2021-07-24 15:00:00,4287,3606700,3209.0,3312927,267.0,271708.0,4554,3878408,3476,3584635,7763,7191271
2021-07-25 15:00:00,3302,3610002,1122.0,3314049,140.0,271848.0,3442,3881850,1262,3585897,4564,7195835
2021-07-26 15:00:00,6223,3616225,3919.0,3317968,420.0,272268.0,6643,3888493,4339,3590236,10562,7206397
2021-07-27 15:00:00,6616,3622841,4307.0,3322275,459.0,272727.0,7075,3895568,4766,3595002,11382,7217779
2021-07-28 15:00:00,7096,3629937,4159.0,3326434,462.0,273189.0,7558,3903126,4621,3599623,11717,7229496
2021-07-29 15:00:00,7093,3637030,4330.0,3330764,420.0,273609.0,7513,3910639,4750,3604373,11843,7241339
2021-07-30 15:00:00,7837,3644867,4840.0,3335604,527.0,274136.0,8364,3919003,5367,3609740,13204,7254543
2021-07-31 15:00:00,4792,3649659,3089.0,3338693,274.0,274410.0,5066,3924069,3363,3613103,8155,7262698
2021-08-01 15:00:00,3919,3653578,2200.0,3340893,165.0,274575.0,4084,3928153,2365,3615468,6284,7268982
2021-08-02 15:00:00,7283,3660861,3853.0,3344746,342.0,274917.0,7625,3935778,4195,3619663,11478,7280460
2021-08-03 15:00:00,7281,3668142,4118.0,3348864,517.0,275434.0,7798,3943576,4635,3624298,11916,7292376
2021-08-04 15:00:00,7443,3675585,4132.0,3352996,536.0,275970.0,7979,3951555,4668,3628966,12111,7304487
2021-08-05 15:00:00,7963,3683548,4348.0,3357344,541.0,276511.0,8504,3960059,4889,3633855,12852,7317339
2021-08-06 15:00:00,8335,3691883,4765.0,3362109,454.0,276965.0,8789,3968848,5219,3639074,13554,7330893
2021-08-07 15:00:00,5305,3697188,2850.0,3364959,264.0,277229.0,5569,3974417,3114,3642188,8419,7339312
2021-08-08 15:00:00,3981,3701169,2062.0,3367021,146.0,277375.0,4127,3978544,2208,3644396,6189,7345501
2021-08-09 15:00:00,6963,3708132,4572.0,3371593,371.0,277746.0,7334,3985878,4943,3649339,11906,7357407
2021-08-10 15:00:00,7175,3715307,4509.0,3376102,340.0,278086.0,7515,3993393,4849,3654188,12024,7369431
2021-08-11 15:00:00,7108,3722415,4461.0,3380563,443.0,278529.0,7551,4000944,4904,3659092,12012,7381443
2021-08-12 15:00:00,8670,3731085,4775.0,3385338,446.0,278975.0,9116,4010060,5221,3664313,13891,7395334
2021-08-13 15:00:00,7190,3738275,5420.0,3390758,397.0,279372.0,7587,4017647,5817,3670130,13007,7408341
2021-08-14 15:00:00,4929,3743204,3357.0,3394115,287.0,279659.0,5216,4022863,3644,3673774,8573,7416914
2021-08-15 15:00:00,3332,3746536,2750.0,3396865,163.0,279822.0,3495,4026358,2913,3676687,6245,7423159
2021-08-16 15:00:00,5462,3751998,5109.0,3401974,354.0,280176.0,5816,4032174,5463,3682150,10925,7434084
2021-08-17 15:00:00,6833,3758831,5381.0,3407355,391.0,280567.0,7224,4039398,5772,3687922,12605,7446689
2021-08-18 15:00:00,6352,3765183,5533.0,3412888,481.0,281048.0,6833,4046231,6014,3693936,12366,7459055
2021-08-19 15:00:00,6241,3771424,5587.0,3418475,417.0,281465.0,6658,4052889,6004,3699940,12245,7471300
2021-08-20 15:00:00,6858,3778282,6579.0,3425054,401.0,281866.0,7259,4060148,6980,3706920,13838,7485138
2021-08-21 15:00:00,4349,3782631,3929.0,3428983,230.0,282096.0,4579,4064727,4159,3711079,8508,7493646
2021-08-22 15:00:00,3066,3785697,3179.0,3432162,111.0,282207.0,3177,4067904,3290,3714369,6356,7500002
2021-08-23 15:00:00,6005,3791702,6141.0,3438303,287.0,282494.0,6292,4074196,6428,3720797,12433,7512435
2021-08-24 15:00:00,6558,3798260,6104.0,3444407,426.0,282920.0,6984,4081180,6530,3727327,13088,7525523
2021-08-25 15:00:00,6737,3804997,6255.0,3450662,440.0,283360.0,7177,4088357,6695,3734022,13432,7538955
2021-08-26 15:00:00,6975,3811972,6688.0,3457350,427.0,283787.0,7402,4095759,7115,3741137,14090,7553045
2021-08-27 15:00:00,6850,3818822,7111.0,3464461,317.0,284104.0,7167,4102926,7428,3748565,14278,7567323
2021-08-28 15:00:00,6919,3825741,6544.0,3471005,329.0,284433.0,7248,4110174,6873,3755438,13792,7581115
2021-08-29 15:00:00,3746,3829487,3710.0,3474715,610.0,285043.0,4356,4114530,4320,3759758,8066,7589181
2021-08-30 15:00:00,5934,3835421,6158.0,3480873,961.0,286004.0,6895,4121425,7119,3766877,13053,7602234
2021-08-31 15:00:00,5910,3841331,6097.0,3486970,947.0,286951.0,6857,4128282,7044,3773921,12954,7615188
2021-09-01 15:00:00,5619,3846950,5744.0,3492714,918.0,287869.0,6537,4134819,6662,3780583,12281,7627469
2021-09-02 15:00:00,5531,3852481,5978.0,3498692,709.0,288578.0,6240,4141059,6687,3787270,12218,7639687
2021-09-03 15:00:00,6026,3858507,6986.0,3505678,977.0,289555.0,7003,4148062,7963,3795233,13989,7653676
2021-09-04 15:00:00,3735,3862242,4368.0,3510046,878.0,290433.0,4613,4152675,5246,3800479,8981,7662657
2021-09-05 15:00:00,2960,3865202,2820.0,3512866,106.0,290539.0,3066,4155741,2926,3803405,5886,7668543
2021-09-06 15:00:00,1061,3866263,1163.0,3514029,70.0,290609.0,1131,4156872,1233,3804638,2294,7670837
2021-09-07 15:00:00,5353,3871616,7325.0,3521354,2304.0,292913.0,7657,4164529,9629,3814267,14982,7685819
2021-09-08 15:00:00,4661,3876277,5507.0,3526861,364.0,293277.0,5025,4169554,5871,3820138,10532,7696351
2021-09-09 15:00:00,5028,3881305,5482.0,3532343,325.0,293602.0,5353,4174907,5807,3825945,10835,7707186
2021-09-10 15:00:00,6536,3887841,6683.0,3539026,1719.0,295321.0,8255,4183162,8402,3834347,14938,7722124
2021-09-11 15:00:00,4182,3892023,4355.0,3543381,666.0,295987.0,4848,4188010,5021,3839368,9203,7731327
2021-09-12 15:00:00,3179,3895202,3247.0,3546628,436.0,296423.0,3615,4191625,3683,3843051,6862,7738189
2021-09-13 15:00:00,4897,3900099,5088.0,3551716,347.0,296770.0,5244,4196869,5435,3848486,10332,7748521
2021-09-14 15:00:00,4779,3904878,5468.0,3557184,437.0,297207.0,5216,4202085,5905,3854391,10684,7759205
2021-09-15 15:00:00,5046,3909924,5904.0,3563088,393.0,297600.0,5439,4207524,6297,3860688,11343,7770548
2021-09-16 15:00:00,4817,3914741,5861.0,3568949,337.0,297937.0,5154,4212678,6198,3866886,11015,7781563
2021-09-17 15:00:00,5293,3920034,6602.0,3575551,344.0,298281.0,5637,4218315,6946,3873832,12239,7793802
2021-09-18 15:00:00,3825,3923859,4591.0,3580142,186.0,298467.0,4011,4222326,4777,3878609,8602,7802404
2021-09-19 15:00:00,2742,3926601,3184.0,3583326,75.0,298542.0,2817,4225143,3259,3881868,6001,7808405
2021-09-20 15:00:00,3755,3930356,4693.0,3588019,429.0,298971.0,4184,4229327,5122,3886990,8877,7817282
2021-09-21 15:00:00,4004,3934360,5024.0,3593043,327.0,299298.0,4331,4233658,5351,3892341,9355,7826637
2021-09-22 15:00:00,4194,3938554,4804.0,3597847,459.0,299757.0,4653,4238311,5263,3897604,9457,7836094
2021-09-23 15:00:00,4192,3942746,4738.0,3602585,492.0,300249.0,4684,4242995,5230,3902834,9422,7845516
2021-09-24 15:00:00,5099,3947845,5639.0,3608224,422.0,300671.0,5521,4248516,6061,3908895,11160,7856676
2021-09-25 15:00:00,3644,3951489,3642.0,3611866,384.0,301055.0,4028,4252544,4026,3912921,7670,7864346
2021-09-26 15:00:00,2354,3953843,2672.0,3614538,433.0,301488.0,2787,4255331,3105,3916026,5459,7869805
2021-09-27 15:00:00,4510,3958353,2720.0,3617258,512.0,302000.0,5022,4260353,3232,3919258,7742,7877547
2021-09-28 15:00:00,4414,3962767,4466.0,3621724,211.0,302211.0,4625,4264978,4677,3923935,9091,7886638
2021-09-29 15:00:00,4694,3967461,4537.0,3626261,920.0,303131.0,5614,4270592,5457,3929392,10151,7896789
2021-09-30 15:00:00,4895,3972356,4581.0,3630842,796.0,303927.0,5691,4276283,5377,3934769,10272,7907061
2021-10-01 15:00:00,5531,3977887,5379.0,3636221,785.0,304712.0,6316,4282599,6164,3940933,11695,7918756
2021-10-02 15:00:00,2948,3980835,2907.0,3639128,187.0,304899.0,3135,4285734,3094,3944027,6042,7924798
2021-10-03 15:00:00,2078,3982913,2384.0,3641512,87.0,304986.0,2165,4287899,2471,3946498,4549,7929347
2021-10-04 15:00:00,4032,3986945,3511.0,3645023,233.0,305219.0,4265,4292164,3744,3950242,7776,7937123
2021-10-05 15:00:00,3964,3990909,3676.0,3648699,206.0,305425.0,4170,4296334,3882,3954124,7846,7944969
2021-10-06 15:00:00,4035,3994944,3580.0,3652279,266.0,305691.0,4301,4300635,3846,3957970,7881,7952850
2021-10-07 15:00:00,4233,3999177,3646.0,3655925,332.0,306023.0,4565,4305200,3978,3961948,8211,7961061
2021-10-08 15:00:00,4780,4003957,4311.0,3660236,283.0,306306.0,5063,4310263,4594,3966542,9374,7970435
2021-10-09 15:00:00,2693,4006650,2683.0,3662919,270.0,306576.0,2963,4313226,2953,3969495,5646,7976081
2021-10-10 15:00:00,1860,4008510,1855.0,3664774,59.0,306635.0,1919,4315145,1914,3971409,3774,7979855
2021-10-11 15:00:00,4216,4012726,3319.0,3668093,250.0,306885.0,4466,4319611,3569,3974978,7785,7987640
2021-10-12 15:00:00,3604,4016330,3550.0,3671643,276.0,307161.0,3880,4323491,3826,3978804,7430,7995070
2021-10-13 15:00:00,3991,4020321,3475.0,3675118,346.0,307507.0,4337,4327828,3821,3982625,7812,8002882
2021-10-14 15:00:00,5175,4025496,5511.0,3680629,430.0,307937.0,5605,4333433,5941,3988566,11116,8013998
2021-10-15 15:00:00,4771,4030267,4621.0,3685250,347.0,308284.0,5118,4338551,4968,3993534,9739,8023737
2021-10-16 15:00:00,2497,4032764,2531.0,3687781,291.0,308575.0,2788,4341339,2822,3996356,5319,8029056
2021-10-17 15:00:00,1809,4034573,1782.0,3689563,55.0,308630.0,1864,4343203,1837,3998193,3646,8032702
2021-10-18 15:00:00,4280,4038853,3587.0,3693150,283.0,308913.0,4563,4347766,3870,4002063,8150,8040852
2021-10-19 15:00:00,4306,4043159,4034.0,3697184,224.0,309137.0,4530,4352296,4258,4006321,8564,8049416
2021-10-20 15:00:00,3547,4046706,3436.0,3700620,259.0,309396.0,3806,4356102,3695,4010016,7242,8056658
2021-10-21 15:00:00,3314,4050020,3288.0,3703908,291.0,309687.0,3605,4359707,3579,4013595,6893,8063551
2021-10-22 15:00:00,4691,4054711,4043.0,3707951,477.0,310164.0,5168,4364875,4520,4018115,9211,8072762
2021-10-23 15:00:00,2887,4057598,2119.0,3710070,322.0,310486.0,3209,4368084,2441,4020556,5328,8078090
2021-10-24 15:00:00,2058,4059656,1555.0,3711625,79.0,310565.0,2137,4370221,1634,4022190,3692,8081782
2021-10-25 15:00:00,4555,4064211,3084.0,3714709,322.0,310887.0,4877,4375098,3406,4025596,7961,8089743
2021-10-26 15:00:00,4535,4068746,3091.0,3717800,316.0,311203.0,4851,4379949,3407,4029003,7942,8097685
2021-10-27 15:00:00,4733,4073479,3353.0,3721153,436.0,311639.0,5169,4385118,3789,4032792,8522,8106207
2021-10-28 15:00:00,4575,4078054,3374.0,3724527,501.0,312140.0,5076,4390194,3875,4036667,8450,8114657
2021-10-29 15:00:00,4999,4083053,3931.0,3728458,395.0,312535.0,5394,4395588,4326,4040993,9325,8123982
2021-10-30 15:00:00,2632,4085685,1848.0,3730306,307.0,312842.0,2939,4398527,2155,4043148,4787,8128769
2021-10-31 15:00:00,1935,4087620,1522.0,3731828,94.0,312936.0,2029,4400556,1616,4044764,3551,8132320
2021-11-01 15:00:00,4752,4092372,3454.0,3735282,351.0,313287.0,5103,4405659,3805,4048569,8557,8140877
2021-11-02 15:00:00,4281,4096653,2949.0,3738231,409.0,313696.0,4690,4410349,3358,4051927,7639,8148516
2021-11-03 15:00:00,4680,4101333,3052.0,3741283,464.0,314160.0,5144,4415493,3516,4055443,8196,8156712
2021-11-04 15:00:00,6332,4107665,3384.0,3744667,529.0,314689.0,6861,4422354,3913,4059356,10245,8166957
2021-11-05 15:00:00,8262,4115927,3787.0,3748454,415.0,315104.0,8677,4431031,4202,4063558,12464,8179421
2021-11-06 15:00:00,10205,4126132,1977.0,3750431,309.0,315413.0,10514,4441545,2286,4065844,12491,8191912
2021-11-07 15:00:00,7750,4133882,1463.0,3751894,95.0,315508.0,7845,4449390,1558,4067402,9308,8201220
2021-11-08 15:00:00,11360,4145242,3067.0,3754961,379.0,315887.0,11739,4461129,3446,4070848,14806,8216026
2021-11-09 15:00:00,11808,4157050,2656.0,3757617,269.0,316156.0,12077,4473206,2925,4073773,14733,8230759
2021-11-10 15:00:00,12638,4169688,2774.0,3760391,339.0,316495.0,12977,4486183,3113,4076886,15751,8246510
2021-11-11 15:00:00,11445,4181133,2384.0,3762775,280.0,316775.0,11725,4497908,2664,4079550,14109,8260619
2021-11-12 15:00:00,12388,4193521,3378.0,3766153,548.0,317323.0,12936,4510844,3926,4083476,16314,8276933
2021-11-13 15:00:00,9980,4203501,1603.0,3767756,342.0,317665.0,10322,4521166,1945,4085421,11925,8288858
2021-11-14 15:00:00,4246,4207747,1119.0,3768875,121.0,317786.0,4367,4525533,1240,4086661,5486,8294344
2021-11-15 15:00:00,8659,4216406,2522.0,3771397,211.0,317997.0,8870,4534403,2733,4089394,11392,8305736
2021-11-16 15:00:00,9299,4225705,2513.0,3773910,258.0,318255.0,9557,4543960,2771,4092165,12070,8317806
2021-11-17 15:00:00,9422,4235127,2868.0,3776778,313.0,318568.0,9735,4553695,3181,4095346,12603,8330409
2021-11-18 15:00:00,9331,4244458,2629.0,3779407,481.0,319049.0,9812,4563507,3110,4098456,12441,8342850
2021-11-19 15:00:00,9850,4254308,2927.0,3782334,382.0,319431.0,10232,4573739,3309,4101765,13159,8356009
2021-11-20 15:00:00,10666,4264974,1606.0,3783940,455.0,319886.0,11121,4584860,2061,4103826,12727,8368736
2021-11-21 15:00:00,4396,4269370,1208.0,3785148,100.0,319986.0,4496,4589356,1308,4105134,5704,8374440
2021-11-22 15:00:00,9859,4279229,2515.0,3787663,293.0,320279.0,10152,4599508,2808,4107942,12667,8387107
2021-11-23 15:00:00,9254,4288483,2411.0,3790074,318.0,320597.0,9572,4609080,2729,4110671,11983,8399090
2021-11-24 15:00:00,8193,4296676,2445.0,3792519,215.0,320812.0,8408,4617488,2660,4113331,10853,8409943
2021-11-25 15:00:00,235,4296911,81.0,3792600,10.0,320822.0,245,4617733,91,4113422,326,8410269
2021-11-26 15:00:00,5671,4302582,3984.0,3796584,153.0,320975.0,5824,4623557,4137,4117559,9808,8420077
2021-11-27 15:00:00,3785,4306367,5500.0,3802084,134.0,321109.0,3919,4627476,5634,4123193,9419,8429496
2021-11-28 15:00:00,2409,4308776,6411.0,3808495,77.0,321186.0,2486,4629962,6488,4129681,8897,8438393
2021-11-29 15:00:00,6395,4315171,9336.0,3817831,380.0,321566.0,6775,4636737,9716,4139397,16111,8454504
2021-11-30 15:00:00,6278,4321449,9375.0,3827206,264.0,321830.0,6542,4643279,9639,4149036,15917,8470421
2021-12-01 15:00:00,7355,4328804,9772.0,3836978,309.0,322139.0,7664,4650943,10081,4159117,17436,8487857
2021-12-02 15:00:00,6961,4335765,8865.0,3845843,450.0,322589.0,7411,4658354,9315,4168432,16276,8504133
2021-12-03 15:00:00,7652,4343417,9378.0,3855221,253.0,322842.0,7905,4666259,9631,4178063,17283,8521416
2021-12-04 15:00:00,5965,4349382,10148.0,3865369,468.0,323310.0,6433,4672692,10616,4188679,16581,8537997
2021-12-05 15:00:00,3450,4352832,3587.0,3868956,78.0,323388.0,3528,4676220,3665,4192344,7115,8545112
2021-12-06 15:00:00,6780,4359612,7122.0,3876078,281.0,323669.0,7061,4683281,7403,4199747,14183,8559295
2021-12-07 15:00:00,6464,4366076,7092.0,3883170,252.0,323921.0,6716,4689997,7344,4207091,13808,8573103
2021-12-08 15:00:00,6953,4373029,7452.0,3890622,316.0,324237.0,7269,4697266,7768,4214859,14721,8587824
2021-12-09 15:00:00,6554,4379583,7078.0,3897700,399.0,324636.0,6953,4704219,7477,4222336,14031,8601855
2021-12-10 15:00:00,7310,4386893,7371.0,3905071,233.0,324869.0,7543,4711762,7604,4229940,14914,8616769
2021-12-11 15:00:00,4467,4391360,7714.0,3912785,333.0,325202.0,4800,4716562,8047,4237987,12514,8629283
2021-12-12 15:00:00,4011,4395371,2816.0,3915601,60.0,325262.0,4071,4720633,2876,4240863,6887,8636170
2021-12-13 15:00:00,5789,4401160,5837.0,3921438,243.0,325505.0,6032,4726665,6080,4246943,11869,8648039
2021-12-14 15:00:00,6476,4407636,5969.0,3927407,223.0,325728.0,6699,4733364,6192,4253135,12668,8660707
2021-12-15 15:00:00,7203,4414839,5742.0,3933149,259.0,325987.0,7462,4740826,6001,4259136,13204,8673911
2021-12-16 15:00:00,7920,4422759,2843.0,3935992,423.0,326410.0,8343,4749169,3266,4262402,11186,8685097
2021-12-17 15:00:00,7887,4430646,4197.0,3940189,195.0,326605.0,8082,4757251,4392,4266794,12279,8697376
2021-12-18 15:00:00,5856,4436502,3204.0,3943393,298.0,326903.0,6154,4763405,3502,4270296,9358,8706734
2021-12-19 15:00:00,3391,4439893,1354.0,3944747,37.0,326940.0,3428,4766833,1391,4271687,4782,8711516
2021-12-20 15:00:00,8129,4448022,3775.0,3948522,174.0,327114.0,8303,4775136,3949,4275636,12078,8723594
2021-12-21 15:00:00,9094,4457116,4230.0,3952752,177.0,327291.0,9271,4784407,4407,4280043,13501,8737095
2021-12-22 15:00:00,8735,4465851,3919.0,3956671,184.0,327475.0,8919,4793326,4103,4284146,12838,8749933
2021-12-23 15:00:00,8462,4474313,3601.0,3960272,359.0,327834.0,8821,4802147,3960,4288106,12422,8762355
2021-12-24 15:00:00,1638,4475951,1017.0,3961289,39.0,327873.0,1677,4803824,1056,4289162,2694,8765049
2021-12-25 15:00:00,47,4475998,36.0,3961325,1.0,327874.0,48,4803872,37,4289199,84,8765133
2021-12-26 15:00:00,2519,4478517,1758.0,3963083,44.0,327918.0,2563,4806435,1802,4291001,4321,8769454
2021-12-27 15:00:00,7271,4485788,4052.0,3967135,297.0,328215.0,7568,4814003,4349,4295350,11620,8781074
2021-12-28 15:00:00,7977,4493765,3888.0,3971023,179.0,328394.0,8156,4822159,4067,4299417,12044,8793118
2021-12-29 15:00:00,8274,4502039,4039.0,3975062,156.0,328550.0,8430,4830589,4195,4303612,12469,8805587
2021-12-30 15:00:00,7511,4509550,3814.0,3978876,291.0,328841.0,7802,4838391,4105,4307717,11616,8817203
2021-12-31 15:00:00,2589,4512139,1543.0,3980419,90.0,328931.0,2679,4841070,1633,4309350,4222,8821425
2022-01-01 15:00:00,741,4512880,353.0,3980772,34.0,328965.0,775,4841845,387,4309737,1128,8822553
2022-01-02 15:00:00,2221,4515101,1654.0,3982426,48.0,329013.0,2269,4844114,1702,4311439,3923,8826476
2022-01-03 15:00:00,3394,4518495,2090.0,3984516,224.0,329237.0,3618,4847732,2314,4313753,5708,8832184
2022-01-04 15:00:00,5879,4524374,3536.0,3988052,165.0,329402.0,6044,4853776,3701,4317454,9580,8841764
2022-01-05 15:00:00,6852,4531226,4721.0,3992773,176.0,329578.0,7028,4860804,4897,4322351,11749,8853513
2022-01-06 15:00:00,6837,4538063,4882.0,3997655,265.0,329843.0,7102,4867906,5147,4327498,11984,8865497
2022-01-07 15:00:00,6048,4544111,3863.0,4001518,162.0,330005.0,6210,4874116,4025,4331523,10073,8875570
2022-01-08 15:00:00,4828,4548939,3931.0,4005449,78.0,330083.0,4906,4879022,4009,4335532,8837,8884407
2022-01-09 15:00:00,2766,4551705,2030.0,4007479,154.0,330237.0,2920,4881942,2184,4337716,4950,8889357
2022-01-10 15:00:00,6362,4558067,3879.0,4011358,161.0,330398.0,6523,4888465,4040,4341756,10402,8899759
2022-01-11 15:00:00,6556,4564623,4308.0,4015666,143.0,330541.0,6699,4895164,4451,4346207,11007,8910766
2022-01-12 15:00:00,6842,4571465,4469.0,4020135,225.0,330766.0,7067,4902231,4694,4350901,11536,8922302
2022-01-13 15:00:00,6706,4578171,4416.0,4024551,153.0,330919.0,6859,4909090,4569,4355470,11275,8933577
2022-01-14 15:00:00,7269,4585440,3315.0,4027866,253.0,331172.0,7522,4916612,3568,4359038,10837,8944414
2022-01-15 15:00:00,4299,4589739,1702.0,4029568,71.0,331243.0,4370,4920982,1773,4360811,6072,8950486
2022-01-16 15:00:00,2225,4591964,1324.0,4030892,116.0,331359.0,2341,4923323,1440,4362251,3665,8954151
2022-01-17 15:00:00,3631,4595595,2388.0,4033280,75.0,331434.0,3706,4927029,2463,4364714,6094,8960245
2022-01-18 15:00:00,5304,4600899,4236.0,4037516,103.0,331537.0,5407,4932436,4339,4369053,9643,8969888
2022-01-19 15:00:00,5298,4606197,4507.0,4042023,99.0,331636.0,5397,4937833,4606,4373659,9904,8979792
2022-01-20 15:00:00,4544,4610741,3643.0,4045666,176.0,331812.0,4720,4942553,3819,4377478,8363,8988155
2022-01-21 15:00:00,5616,4616357,2955.0,4048621,126.0,331938.0,5742,4948295,3081,4380559,8697,8996852
2022-01-22 15:00:00,3481,4619838,1730.0,4050351,134.0,332072.0,3615,4951910,1864,4382423,5345,9002197
2022-01-23 15:00:00,2052,4621890,1504.0,4051855,30.0,332102.0,2082,4953992,1534,4383957,3586,9005783
2022-01-24 15:00:00,4137,4626027,2783.0,4054638,90.0,332192.0,4227,4958219,2873,4386830,7010,9012793
2022-01-25 15:00:00,3847,4629874,3334.0,4057972,95.0,332287.0,3942,4962161,3429,4390259,7276,9020069
2022-01-26 15:00:00,3886,4633760,3717.0,4061689,95.0,332382.0,3981,4966142,3812,4394071,7698,9027767
2022-01-27 15:00:00,3769,4637529,3963.0,4065652,188.0,332570.0,3957,4970099,4151,4398222,7920,9035687
2022-01-28 15:00:00,3865,4641394,3298.0,4068950,76.0,332646.0,3941,4974040,3374,4401596,7239,9042926
2022-01-29 15:00:00,2314,4643708,2302.0,4071252,117.0,332763.0,2431,4976471,2419,4404015,4733,9047659
2022-01-30 15:00:00,1565,4645273,1647.0,4072899,16.0,332779.0,1581,4978052,1663,4405678,3228,9050887
2022-01-31 15:00:00,3014,4648287,3249.0,4076148,58.0,332837.0,3072,4981124,3307,4408985,6321,9057208
2022-02-01 15:00:00,2656,4650943,3417.0,4079565,75.0,332912.0,2731,4983855,3492,4412477,6148,9063356
2022-02-02 15:00:00,2834,4653777,3735.0,4083300,78.0,332990.0,2912,4986767,3813,4416290,6647,9070003
2022-02-03 15:00:00,2768,4656545,3670.0,4086970,42.0,333032.0,2810,4989577,3712,4420002,6480,9076483
2022-02-04 15:00:00,2786,4659331,4411.0,4091381,128.0,333160.0,2914,4992491,4539,4424541,7325,9083808
2022-02-05 15:00:00,1926,4661257,2913.0,4094294,112.0,333272.0,2038,4994529,3025,4427566,4951,9088759
2022-02-06 15:00:00,1079,4662336,1358.0,4095652,24.0,333296.0,1103,4995632,1382,4428948,2461,9091220
2022-02-07 15:00:00,2064,4664400,2714.0,4098366,51.0,333347.0,2115,4997747,2765,4431713,4829,9096049
2022-02-08 15:00:00,2094,4666494,3107.0,4101473,63.0,333410.0,2157,4999904,3170,4434883,5264,9101313
2022-02-09 15:00:00,2212,4668706,3325.0,4104798,76.0,333486.0,2288,5002192,3401,4438284,5613,9106926
2022-02-10 15:00:00,2095,4670801,2884.0,4107682,55.0,333541.0,2150,5004342,2939,4441223,5034,9111960
2022-02-11 15:00:00,2523,4673324,3533.0,4111215,123.0,333664.0,2646,5006988,3656,4444879,6179,9118139
2022-02-12 15:00:00,1684,4675008,2324.0,4113539,97.0,333761.0,1781,5008769,2421,4447300,4105,9122244
2022-02-13 15:00:00,739,4675747,1086.0,4114625,17.0,333778.0,756,5009525,1103,4448403,1842,9124086
2022-02-14 15:00:00,1466,4677213,2249.0,4116874,65.0,333843.0,1531,5011056,2314,4450717,3780,9127866
2022-02-15 15:00:00,1953,4679166,2477.0,4119351,47.0,333890.0,2000,5013056,2524,4453241,4477,9132343
2022-02-16 15:00:00,1694,4680860,2456.0,4121807,52.0,333942.0,1746,5014802,2508,4455749,4202,9136545
2022-02-17 15:00:00,16884,4697744,13049.0,4134856,485.0,334427.0,17369,5032171,13534,4469283,30418,9166963
2022-02-18 15:00:00,2014,4699758,2615.0,4137471,49.0,334476.0,2063,5034234,2664,4471947,4678,9171641
2022-02-19 15:00:00,1241,4700999,1717.0,4139188,39.0,334515.0,1280,5035514,1756,4473703,2997,9174638
2022-02-20 15:00:00,722,4701721,854.0,4140042,15.0,334530.0,737,5036251,869,4474572,1591,9176229
2022-02-21 15:00:00,1314,4703035,1795.0,4141837,32.0,334562.0,1346,5037597,1827,4476399,3141,9179370
2022-02-22 15:00:00,1465,4704500,1914.0,4143751,36.0,334598.0,1501,5039098,1950,4478349,3415,9182785
2022-02-23 15:00:00,1583,4706083,1906.0,4145657,36.0,334634.0,1619,5040717,1942,4480291,3525,9186310
2022-02-24 15:00:00,1497,4707580,1671.0,4147328,39.0,334673.0,1536,5042253,1710,4482001,3207,9189517
2022-02-25 15:00:00,1670,4709250,1829.0,4149157,72.0,334745.0,1742,5043995,1901,4483902,3571,9193088
2022-02-26 15:00:00,1187,4710437,1219.0,4150376,43.0,334788.0,1230,5045225,1262,4485164,2449,9195537
2022-02-27 15:00:00,571,4711008,509.0,4150885,12.0,334800.0,583,5045808,521,4485685,1092,9196629
2022-02-28 15:00:00,585,4711593,649.0,4151534,19.0,334819.0,604,5046412,668,4486353,1253,9197882
