VACCINATION_DATE,FirstDailyDose,FirstDoseCumulative,SecondDailyDose,SecondDoseCumulative,SingleDailyDose,SingleDoseCumulative,AtleastOneVaccine,AtleastOneVaccineCumulative,CompletedVax,CompletedVaxCumulative,FirstSecondSingleVaccinations,FirstSecondSingleVaccinationsCumulative
2020-12-14 15:00:00,17,1027,,389,,,17,1027,0,389,17,1333
2020-12-15 15:00:00,54,1081,2.0,391,,,54,1081,2,391,56,1389
2020-12-16 15:00:00,577,1658,2.0,393,,,577,1658,2,393,579,1968
2020-12-17 15:00:00,1144,2802,2.0,395,,,1144,2802,2,395,1146,3114
2020-12-18 15:00:00,2992,5794,10.0,405,,,2992,5794,10,405,3002,6116
2020-12-19 15:00:00,919,6713,5.0,410,,,919,6713,5,410,924,7040
2020-12-20 15:00:00,339,7052,4.0,414,,,339,7052,4,414,343,7383
2020-12-21 15:00:00,3862,10914,21.0,435,,,3862,10914,21,435,3883,11266
2020-12-22 15:00:00,6296,17210,20.0,455,,,6296,17210,20,455,6316,17582
2020-12-23 15:00:00,5737,22947,31.0,486,,,5737,22947,31,486,5768,23350
2020-12-24 15:00:00,2716,25663,12.0,498,,,2716,25663,12,498,2728,26078
2020-12-25 15:00:00,1034,26697,3.0,501,,,1034,26697,3,501,1037,27115
2020-12-26 15:00:00,1872,28569,9.0,510,,,1872,28569,9,510,1881,28996
2020-12-27 15:00:00,1793,30362,10.0,520,,,1793,30362,10,520,1803,30799
2020-12-28 15:00:00,8956,39318,39.0,559,,,8956,39318,39,559,8995,39794
2020-12-29 15:00:00,10922,50240,44.0,603,,,10922,50240,44,603,10966,50760
2020-12-30 15:00:00,12461,62701,68.0,671,,,12461,62701,68,671,12529,63289
2020-12-31 15:00:00,7516,70217,35.0,706,,,7516,70217,35,706,7551,70840
2021-01-01 15:00:00,2664,72881,117.0,823,,,2664,72881,117,823,2781,73621
2021-01-02 15:00:00,2990,75871,34.0,857,,,2990,75871,34,857,3024,76645
2021-01-03 15:00:00,3373,79244,79.0,936,,,3373,79244,79,936,3452,80097
2021-01-04 15:00:00,13282,92526,320.0,1256,,,13282,92526,320,1256,13602,93699
2021-01-05 15:00:00,12412,104938,518.0,1774,,,12412,104938,518,1774,12930,106629
2021-01-06 15:00:00,15177,120115,842.0,2616,,,15177,120115,842,2616,16019,122648
2021-01-07 15:00:00,14953,135068,1735.0,4351,,,14953,135068,1735,4351,16688,139336
2021-01-08 15:00:00,23954,159022,2731.0,7082,,,23954,159022,2731,7082,26685,166021
2021-01-09 15:00:00,5133,164155,938.0,8020,,,5133,164155,938,8020,6071,172092
2021-01-10 15:00:00,2929,167084,370.0,8390,,,2929,167084,370,8390,3299,175391
2021-01-11 15:00:00,13678,180762,3438.0,11828,,,13678,180762,3438,11828,17116,192507
2021-01-12 15:00:00,17306,198068,5559.0,17387,,,17306,198068,5559,17387,22865,215372
2021-01-13 15:00:00,18507,216575,3864.0,21251,,,18507,216575,3864,21251,22371,237743
2021-01-14 15:00:00,17779,234354,1924.0,23175,,,17779,234354,1924,23175,19703,257446
2021-01-15 15:00:00,19384,253738,1975.0,25150,,,19384,253738,1975,25150,21359,278805
2021-01-16 15:00:00,5790,259528,1596.0,26746,,,5790,259528,1596,26746,7386,286191
2021-01-17 15:00:00,2104,261632,1470.0,28216,,,2104,261632,1470,28216,3574,289765
2021-01-18 15:00:00,7039,268671,3234.0,31450,,,7039,268671,3234,31450,10273,300038
2021-01-19 15:00:00,16880,285551,5370.0,36820,,,16880,285551,5370,36820,22250,322288
2021-01-20 15:00:00,20963,306514,5257.0,42077,,,20963,306514,5257,42077,26220,348508
2021-01-21 15:00:00,23712,330226,3772.0,45849,,,23712,330226,3772,45849,27484,375992
2021-01-22 15:00:00,28615,358841,3679.0,49528,,,28615,358841,3679,49528,32294,408286
2021-01-23 15:00:00,10069,368910,1909.0,51437,,,10069,368910,1909,51437,11978,420264
2021-01-24 15:00:00,3339,372249,1706.0,53143,,,3339,372249,1706,53143,5045,425309
2021-01-25 15:00:00,16259,388508,8527.0,61670,,,16259,388508,8527,61670,24786,450095
2021-01-26 15:00:00,17522,406030,8923.0,70593,,,17522,406030,8923,70593,26445,476540
2021-01-27 15:00:00,24410,430440,12487.0,83080,,,24410,430440,12487,83080,36897,513437
2021-01-28 15:00:00,22619,453059,9247.0,92327,,,22619,453059,9247,92327,31866,545303
2021-01-29 15:00:00,24723,477782,7838.0,100165,,,24723,477782,7838,100165,32561,577864
2021-01-30 15:00:00,17746,495528,2504.0,102669,,,17746,495528,2504,102669,20250,598114
2021-01-31 15:00:00,3747,499275,1319.0,103988,,,3747,499275,1319,103988,5066,603180
2021-02-01 15:00:00,7650,506925,5124.0,109112,,,7650,506925,5124,109112,12774,615954
2021-02-02 15:00:00,12416,519341,13736.0,122848,,,12416,519341,13736,122848,26152,642106
2021-02-03 15:00:00,18172,537513,18053.0,140901,,,18172,537513,18053,140901,36225,678331
2021-02-04 15:00:00,22035,559548,15685.0,156586,,,22035,559548,15685,156586,37720,716051
2021-02-05 15:00:00,20241,579789,17333.0,173919,,,20241,579789,17333,173919,37574,753625
2021-02-06 15:00:00,11262,591051,14420.0,188339,,,11262,591051,14420,188339,25682,779307
2021-02-07 15:00:00,5906,596957,1787.0,190126,,,5906,596957,1787,190126,7693,787000
2021-02-08 15:00:00,12922,609879,12862.0,202988,,,12922,609879,12862,202988,25784,812784
2021-02-09 15:00:00,16579,626458,13800.0,216788,,,16579,626458,13800,216788,30379,843163
2021-02-10 15:00:00,19220,645678,21157.0,237945,,,19220,645678,21157,237945,40377,883540
2021-02-11 15:00:00,22829,668507,17259.0,255204,,,22829,668507,17259,255204,40088,923628
2021-02-12 15:00:00,20331,688838,19558.0,274762,,,20331,688838,19558,274762,39889,963517
2021-02-13 15:00:00,11382,700220,6367.0,281129,,,11382,700220,6367,281129,17749,981266
2021-02-14 15:00:00,7092,707312,2092.0,283221,,,7092,707312,2092,283221,9184,990450
2021-02-15 15:00:00,11721,719033,13251.0,296472,,,11721,719033,13251,296472,24972,1015422
2021-02-16 15:00:00,16548,735581,20955.0,317427,,,16548,735581,20955,317427,37503,1052925
2021-02-17 15:00:00,20606,756187,26320.0,343747,,,20606,756187,26320,343747,46926,1099851
2021-02-18 15:00:00,3171,759358,4579.0,348326,,,3171,759358,4579,348326,7750,1107601
2021-02-19 15:00:00,10217,769575,19880.0,368206,,,10217,769575,19880,368206,30097,1137698
2021-02-20 15:00:00,10277,779852,20236.0,388442,,,10277,779852,20236,388442,30513,1168211
2021-02-21 15:00:00,6147,785999,7611.0,396053,,,6147,785999,7611,396053,13758,1181969
2021-02-22 15:00:00,7993,793992,15421.0,411474,,,7993,793992,15421,411474,23414,1205383
2021-02-23 15:00:00,15492,809484,15896.0,427370,,,15492,809484,15896,427370,31388,1236771
2021-02-24 15:00:00,17896,827380,24689.0,452059,,,17896,827380,24689,452059,42585,1279356
2021-02-25 15:00:00,20361,847741,26463.0,478522,,,20361,847741,26463,478522,46824,1326180
2021-02-26 15:00:00,26674,874415,26103.0,504625,,,26674,874415,26103,504625,52777,1378957
2021-02-27 15:00:00,15946,890361,11084.0,515709,,,15946,890361,11084,515709,27030,1405987
2021-02-28 15:00:00,15483,905844,4833.0,520542,,,15483,905844,4833,520542,20316,1426303
2021-03-01 15:00:00,26152,931996,12358.0,532900,,,26152,931996,12358,532900,38510,1464813
2021-03-02 15:00:00,23795,955791,13197.0,546097,31.0,31.0,23826,955822,13228,546128,37023,1501836
2021-03-03 15:00:00,30017,985808,18315.0,564412,179.0,210.0,30196,986018,18494,564622,48511,1550347
2021-03-04 15:00:00,30906,1016714,18107.0,582519,4064.0,4274.0,34970,1020988,22171,586793,53077,1603424
2021-03-05 15:00:00,29367,1046081,19387.0,601906,4911.0,9185.0,34278,1055266,24298,611091,53665,1657089
2021-03-06 15:00:00,17807,1063888,8926.0,610832,6004.0,15189.0,23811,1079077,14930,626021,32737,1689826
2021-03-07 15:00:00,12091,1075979,4816.0,615648,6610.0,21799.0,18701,1097778,11426,637447,23517,1713343
2021-03-08 15:00:00,25796,1101775,8762.0,624410,8278.0,30077.0,34074,1131852,17040,654487,42836,1756179
2021-03-09 15:00:00,26044,1127819,15376.0,639786,8342.0,38419.0,34386,1166238,23718,678205,49762,1805941
2021-03-10 15:00:00,29777,1157596,15899.0,655685,7935.0,46354.0,37712,1203950,23834,702039,53611,1859552
2021-03-11 15:00:00,35886,1193482,16366.0,672051,3982.0,50336.0,39868,1243818,20348,722387,56234,1915786
2021-03-12 15:00:00,36840,1230322,17995.0,690046,2924.0,53260.0,39764,1283582,20919,743306,57759,1973545
2021-03-13 15:00:00,22624,1252946,10224.0,700270,1604.0,54864.0,24228,1307810,11828,755134,34452,2007997
2021-03-14 15:00:00,17822,1270768,6665.0,706935,996.0,55860.0,18818,1326628,7661,762795,25483,2033480
2021-03-15 15:00:00,29729,1300497,11209.0,718144,593.0,56453.0,30322,1356950,11802,774597,41531,2075011
2021-03-16 15:00:00,33345,1333842,13494.0,731638,762.0,57215.0,34107,1391057,14256,788853,47601,2122612
2021-03-17 15:00:00,37500,1371342,16941.0,748579,1174.0,58389.0,38674,1429731,18115,806968,55615,2178227
2021-03-18 15:00:00,41335,1412677,12536.0,761115,1348.0,59737.0,42683,1472414,13884,820852,55219,2233446
2021-03-19 15:00:00,38230,1450907,15334.0,776449,1034.0,60771.0,39264,1511678,16368,837220,54598,2288044
2021-03-20 15:00:00,24629,1475536,10058.0,786507,692.0,61463.0,25321,1536999,10750,847970,35379,2323423
2021-03-21 15:00:00,19119,1494655,7808.0,794315,332.0,61795.0,19451,1556450,8140,856110,27259,2350682
2021-03-22 15:00:00,32502,1527157,11405.0,805720,833.0,62628.0,33335,1589785,12238,868348,44740,2395422
2021-03-23 15:00:00,37696,1564853,17254.0,822974,1552.0,64180.0,39248,1629033,18806,887154,56502,2451924
2021-03-24 15:00:00,40996,1605849,21097.0,844071,1377.0,65557.0,42373,1671406,22474,909628,63470,2515394
2021-03-25 15:00:00,42272,1648121,20931.0,865002,2456.0,68013.0,44728,1716134,23387,933015,65659,2581053
2021-03-26 15:00:00,36539,1684660,26191.0,891193,2500.0,70513.0,39039,1755173,28691,961706,65230,2646283
2021-03-27 15:00:00,26887,1711547,16728.0,907921,2482.0,72995.0,29369,1784542,19210,980916,46097,2692380
2021-03-28 15:00:00,16995,1728542,12587.0,920508,1613.0,74608.0,18608,1803150,14200,995116,31195,2723575
2021-03-29 15:00:00,29663,1758205,26169.0,946677,1138.0,75746.0,30801,1833951,27307,1022423,56970,2780545
2021-03-30 15:00:00,39968,1798173,28872.0,975549,1853.0,77599.0,41821,1875772,30725,1053148,70693,2851238
2021-03-31 15:00:00,40973,1839146,34531.0,1010080,5746.0,83345.0,46719,1922491,40277,1093425,81250,2932488
2021-04-01 15:00:00,40784,1879930,39658.0,1049738,5618.0,88963.0,46402,1968893,45276,1138701,86060,3018548
2021-04-02 15:00:00,34907,1914837,32428.0,1082166,6107.0,95070.0,41014,2009907,38535,1177236,73442,3091990
2021-04-03 15:00:00,21584,1936421,18639.0,1100805,4364.0,99434.0,25948,2035855,23003,1200239,44587,3136577
2021-04-04 15:00:00,8226,1944647,10148.0,1110953,961.0,100395.0,9187,2045042,11109,1211348,19335,3155912
2021-04-05 15:00:00,27836,1972483,28786.0,1139739,6644.0,107039.0,34480,2079522,35430,1246778,63266,3219178
2021-04-06 15:00:00,39695,2012178,30335.0,1170074,10481.0,117520.0,50176,2129698,40816,1287594,80511,3299689
2021-04-07 15:00:00,35980,2048158,34112.0,1204186,12961.0,130481.0,48941,2178639,47073,1334667,83053,3382742
2021-04-08 15:00:00,42224,2090382,35930.0,1240116,13843.0,144324.0,56067,2234706,49773,1384440,91997,3474739
2021-04-09 15:00:00,33959,2124341,36216.0,1276332,14517.0,158841.0,48476,2283182,50733,1435173,84692,3559431
2021-04-10 15:00:00,23415,2147756,23062.0,1299394,7616.0,166457.0,31031,2314213,30678,1465851,54093,3613524
2021-04-11 15:00:00,17542,2165298,13244.0,1312638,10122.0,176579.0,27664,2341877,23366,1489217,40908,3654432
2021-04-12 15:00:00,24537,2189835,33074.0,1345712,10885.0,187464.0,35422,2377299,43959,1533176,68496,3722928
2021-04-13 15:00:00,126733,2316568,90507.0,1436219,3292.0,190756.0,130025,2507324,93799,1626975,220532,3943460
2021-04-14 15:00:00,40661,2357229,37686.0,1473905,209.0,190965.0,40870,2548194,37895,1664870,78556,4022016
2021-04-15 15:00:00,41642,2398871,39075.0,1512980,172.0,191137.0,41814,2590008,39247,1704117,80889,4102905
2021-04-16 15:00:00,37164,2436035,38654.0,1551634,23.0,191160.0,37187,2627195,38677,1742794,75841,4178746
2021-04-17 15:00:00,32755,2468790,21944.0,1573578,12.0,191172.0,32767,2659962,21956,1764750,54711,4233457
2021-04-18 15:00:00,20054,2488844,16155.0,1589733,5.0,191177.0,20059,2680021,16160,1780910,36214,4269671
2021-04-19 15:00:00,29856,2518700,36443.0,1626176,61.0,191238.0,29917,2709938,36504,1817414,66360,4336031
2021-04-20 15:00:00,33068,2551768,44101.0,1670277,54.0,191292.0,33122,2743060,44155,1861569,77223,4413254
2021-04-21 15:00:00,39753,2591521,46848.0,1717125,22.0,191314.0,39775,2782835,46870,1908439,86623,4499877
2021-04-22 15:00:00,36355,2627876,41907.0,1759032,16.0,191330.0,36371,2819206,41923,1950362,78278,4578155
2021-04-23 15:00:00,33064,2660940,39933.0,1798965,13.0,191343.0,33077,2852283,39946,1990308,73010,4651165
2021-04-24 15:00:00,26377,2687317,27793.0,1826758,80.0,191423.0,26457,2878740,27873,2018181,54250,4705415
2021-04-25 15:00:00,20209,2707526,10905.0,1837663,30.0,191453.0,20239,2898979,10935,2029116,31144,4736559
2021-04-26 15:00:00,27384,2734910,32561.0,1870224,203.0,191656.0,27587,2926566,32764,2061880,60148,4796707
2021-04-27 15:00:00,26687,2761597,32906.0,1903130,1096.0,192752.0,27783,2954349,34002,2095882,60689,4857396
2021-04-28 15:00:00,28897,2790494,39378.0,1942508,1362.0,194114.0,30259,2984608,40740,2136622,69637,4927033
2021-04-29 15:00:00,27285,2817779,39315.0,1981823,1462.0,195576.0,28747,3013355,40777,2177399,68062,4995095
2021-04-30 15:00:00,28156,2845935,32070.0,2013893,1642.0,197218.0,29798,3043153,33712,2211111,61868,5056963
2021-05-01 15:00:00,20413,2866348,26335.0,2040228,1024.0,198242.0,21437,3064590,27359,2238470,47772,5104735
2021-05-02 15:00:00,10266,2876614,16995.0,2057223,818.0,199060.0,11084,3075674,17813,2256283,28079,5132814
2021-05-03 15:00:00,12715,2889329,28368.0,2085591,1908.0,200968.0,14623,3090297,30276,2286559,42991,5175805
2021-05-04 15:00:00,13523,2902852,38349.0,2123940,1731.0,202699.0,15254,3105551,40080,2326639,53603,5229408
2021-05-05 15:00:00,19305,2922157,37622.0,2161562,1919.0,204618.0,21224,3126775,39541,2366180,58846,5288254
2021-05-06 15:00:00,16909,2939066,40478.0,2202040,1714.0,206332.0,18623,3145398,42192,2408372,59101,5347355
2021-05-07 15:00:00,17368,2956434,35933.0,2237973,1955.0,208287.0,19323,3164721,37888,2446260,55256,5402611
2021-05-08 15:00:00,10771,2967205,31138.0,2269111,1291.0,209578.0,12062,3176783,32429,2478689,43200,5445811
2021-05-09 15:00:00,5046,2972251,11884.0,2280995,695.0,210273.0,5741,3182524,12579,2491268,17625,5463436
2021-05-10 15:00:00,8931,2981182,30955.0,2311950,1357.0,211630.0,10288,3192812,32312,2523580,41243,5504679
2021-05-11 15:00:00,12176,2993358,30189.0,2342139,1435.0,213065.0,13611,3206423,31624,2555204,43800,5548479
2021-05-12 15:00:00,13927,3007285,38502.0,2380641,1914.0,214979.0,15841,3222264,40416,2595620,54343,5602822
2021-05-13 15:00:00,21804,3029089,33364.0,2414005,1346.0,216325.0,23150,3245414,34710,2630330,56514,5659336
2021-05-14 15:00:00,24324,3053413,29915.0,2443920,1770.0,218095.0,26094,3271508,31685,2662015,56009,5715345
2021-05-15 15:00:00,21874,3075287,25025.0,2468945,1489.0,219584.0,23363,3294871,26514,2688529,48388,5763733
2021-05-16 15:00:00,9065,3084352,17517.0,2486462,1111.0,220695.0,10176,3305047,18628,2707157,27693,5791426
2021-05-17 15:00:00,16821,3101173,28270.0,2514732,1948.0,222643.0,18769,3323816,30218,2737375,47039,5838465
2021-05-18 15:00:00,21233,3122406,30609.0,2545341,1942.0,224585.0,23175,3346991,32551,2769926,53784,5892249
2021-05-19 15:00:00,27571,3149977,32321.0,2577662,1622.0,226207.0,29193,3376184,33943,2803869,61514,5953763
2021-05-20 15:00:00,20781,3170758,33147.0,2610809,1963.0,228170.0,22744,3398928,35110,2838979,55891,6009654
2021-05-21 15:00:00,19119,3189877,30169.0,2640978,1606.0,229776.0,20725,3419653,31775,2870754,50894,6060548
2021-05-22 15:00:00,16897,3206774,20618.0,2661596,1269.0,231045.0,18166,3437819,21887,2892641,38784,6099332
2021-05-23 15:00:00,8749,3215523,11415.0,2673011,963.0,232008.0,9712,3447531,12378,2905019,21127,6120459
2021-05-24 15:00:00,13561,3229084,17695.0,2690706,1476.0,233484.0,15037,3462568,19171,2924190,32732,6153191
2021-05-25 15:00:00,13007,3242091,18618.0,2709324,1327.0,234811.0,14334,3476902,19945,2944135,32952,6186143
2021-05-26 15:00:00,18262,3260353,19399.0,2728723,1507.0,236318.0,19769,3496671,20906,2965041,39168,6225311
2021-05-27 15:00:00,11682,3272035,18599.0,2747322,1115.0,237433.0,12797,3509468,19714,2984755,31396,6256707
2021-05-28 15:00:00,12513,3284548,19683.0,2767005,1395.0,238828.0,13908,3523376,21078,3005833,33591,6290298
2021-05-29 15:00:00,9549,3294097,11614.0,2778619,934.0,239762.0,10483,3533859,12548,3018381,22097,6312395
2021-05-30 15:00:00,4969,3299066,6407.0,2785026,597.0,240359.0,5566,3539425,7004,3025385,11973,6324368
2021-05-31 15:00:00,1773,3300839,3699.0,2788725,305.0,240664.0,2078,3541503,4004,3029389,5777,6330145
2021-06-01 15:00:00,9762,3310601,16244.0,2804969,1149.0,241813.0,10911,3552414,17393,3046782,27155,6357300
2021-06-02 15:00:00,10219,3320820,16760.0,2821729,958.0,242771.0,11177,3563591,17718,3064500,27937,6385237
2021-06-03 15:00:00,7897,3328717,21118.0,2842847,1085.0,243856.0,8982,3572573,22203,3086703,30100,6415337
2021-06-04 15:00:00,8215,3336932,22218.0,2865065,1121.0,244977.0,9336,3581909,23339,3110042,31554,6446891
2021-06-05 15:00:00,7010,3343942,19393.0,2884458,718.0,245695.0,7728,3589637,20111,3130153,27121,6474012
2021-06-06 15:00:00,3468,3347410,7199.0,2891657,422.0,246117.0,3890,3593527,7621,3137774,11089,6485101
2021-06-07 15:00:00,6847,3354257,15716.0,2907373,724.0,246841.0,7571,3601098,16440,3154214,23287,6508388
2021-06-08 15:00:00,6672,3360929,19646.0,2927019,817.0,247658.0,7489,3608587,20463,3174677,27135,6535523
2021-06-09 15:00:00,8196,3369125,23876.0,2950895,968.0,248626.0,9164,3617751,24844,3199521,33040,6568563
2021-06-10 15:00:00,7164,3376289,19053.0,2969948,894.0,249520.0,8058,3625809,19947,3219468,27111,6595674
2021-06-11 15:00:00,7444,3383733,17668.0,2987616,1125.0,250645.0,8569,3634378,18793,3238261,26237,6621911
2021-06-12 15:00:00,5236,3388969,14706.0,3002322,604.0,251249.0,5840,3640218,15310,3253571,20546,6642457
2021-06-13 15:00:00,1932,3390901,7551.0,3009873,425.0,251674.0,2357,3642575,7976,3261547,9908,6652365
2021-06-14 15:00:00,5653,3396554,11801.0,3021674,728.0,252402.0,6381,3648956,12529,3274076,18182,6670547
2021-06-15 15:00:00,5639,3402193,14275.0,3035949,869.0,253271.0,6508,3655464,15144,3289220,20783,6691330
2021-06-16 15:00:00,8747,3410940,21531.0,3057480,757.0,254028.0,9504,3664968,22288,3311508,31035,6722365
2021-06-17 15:00:00,6675,3417615,12322.0,3069802,718.0,254746.0,7393,3672361,13040,3324548,19715,6742080
2021-06-18 15:00:00,6845,3424460,12673.0,3082475,704.0,255450.0,7549,3679910,13377,3337925,20222,6762302
2021-06-19 15:00:00,4656,3429116,9348.0,3091823,614.0,256064.0,5270,3685180,9962,3347887,14618,6776920
2021-06-20 15:00:00,2499,3431615,5031.0,3096854,378.0,256442.0,2877,3688057,5409,3353296,7908,6784828
2021-06-21 15:00:00,5545,3437160,5305.0,3102159,636.0,257078.0,6181,3694238,5941,3359237,11486,6796314
2021-06-22 15:00:00,5188,3442348,8828.0,3110987,681.0,257759.0,5869,3700107,9509,3368746,14697,6811011
2021-06-23 15:00:00,6055,3448403,10281.0,3121268,642.0,258401.0,6697,3706804,10923,3379669,16978,6827989
2021-06-24 15:00:00,5920,3454323,8171.0,3129439,593.0,258994.0,6513,3713317,8764,3388433,14684,6842673
2021-06-25 15:00:00,5826,3460149,8602.0,3138041,620.0,259614.0,6446,3719763,9222,3397655,15048,6857721
2021-06-26 15:00:00,3699,3463848,6284.0,3144325,396.0,260010.0,4095,3723858,6680,3404335,10379,6868100
2021-06-27 15:00:00,2798,3466646,3509.0,3147834,183.0,260193.0,2981,3726839,3692,3408027,6490,6874590
2021-06-28 15:00:00,4728,3471374,6074.0,3153908,521.0,260714.0,5249,3732088,6595,3414622,11323,6885913
2021-06-29 15:00:00,5055,3476429,6426.0,3160334,517.0,261231.0,5572,3737660,6943,3421565,11998,6897911
2021-06-30 15:00:00,5597,3482026,7354.0,3167688,602.0,261833.0,6199,3743859,7956,3429521,13553,6911464
2021-07-01 15:00:00,5322,3487348,6897.0,3174585,489.0,262322.0,5811,3749670,7386,3436907,12708,6924172
2021-07-02 15:00:00,5283,3492631,6795.0,3181380,519.0,262841.0,5802,3755472,7314,3444221,12597,6936769
2021-07-03 15:00:00,3258,3495889,4044.0,3185424,260.0,263101.0,3518,3758990,4304,3448525,7562,6944331
2021-07-04 15:00:00,494,3496383,541.0,3185965,66.0,263167.0,560,3759550,607,3449132,1101,6945432
2021-07-05 15:00:00,3749,3500132,3939.0,3189904,282.0,263449.0,4031,3763581,4221,3453353,7970,6953402
2021-07-06 15:00:00,4473,3504605,6218.0,3196122,450.0,263899.0,4923,3768504,6668,3460021,11141,6964543
2021-07-07 15:00:00,4451,3509056,6366.0,3202488,483.0,264382.0,4934,3773438,6849,3466870,11300,6975843
2021-07-08 15:00:00,4827,3513883,6118.0,3208606,563.0,264945.0,5390,3778828,6681,3473551,11508,6987351
2021-07-09 15:00:00,5348,3519231,6601.0,3215207,572.0,265517.0,5920,3784748,7173,3480724,12521,6999872
2021-07-10 15:00:00,3516,3522747,4368.0,3219575,301.0,265818.0,3817,3788565,4669,3485393,8185,7008057
2021-07-11 15:00:00,2663,3525410,2551.0,3222126,222.0,266040.0,2885,3791450,2773,3488166,5436,7013493
2021-07-12 15:00:00,4406,3529816,5086.0,3227212,374.0,266414.0,4780,3796230,5460,3493626,9866,7023359
2021-07-13 15:00:00,4743,3534559,4580.0,3231792,364.0,266778.0,5107,3801337,4944,3498570,9687,7033046
2021-07-14 15:00:00,4600,3539159,5239.0,3237031,422.0,267200.0,5022,3806359,5661,3504231,10261,7043307
2021-07-15 15:00:00,4870,3544029,4963.0,3241994,356.0,267556.0,5226,3811585,5319,3509550,10189,7053496
2021-07-16 15:00:00,6270,3550299,5801.0,3247795,401.0,267957.0,6671,3818256,6202,3515752,12472,7065968
2021-07-17 15:00:00,3403,3553702,3538.0,3251333,299.0,268256.0,3702,3821958,3837,3519589,7240,7073208
2021-07-18 15:00:00,2299,3556001,2363.0,3253696,110.0,268366.0,2409,3824367,2473,3522062,4772,7077980
2021-07-19 15:00:00,5244,3561245,4457.0,3258153,376.0,268742.0,5620,3829987,4833,3526895,10077,7088057
2021-07-20 15:00:00,5323,3566568,4679.0,3262832,366.0,269108.0,5689,3835676,5045,3531940,10368,7098425
2021-07-21 15:00:00,5629,3572197,4890.0,3267722,415.0,269523.0,6044,3841720,5305,3537245,10934,7109359
2021-07-22 15:00:00,6005,3578202,4595.0,3272317,468.0,269991.0,6473,3848193,5063,3542308,11068,7120427
2021-07-23 15:00:00,6825,3585027,4805.0,3277122,489.0,270480.0,7314,3855507,5294,3547602,12119,7132546
2021-07-24 15:00:00,4276,3589303,3187.0,3280309,267.0,270747.0,4543,3860050,3454,3551056,7730,7140276
2021-07-25 15:00:00,3291,3592594,1105.0,3281414,138.0,270885.0,3429,3863479,1243,3552299,4534,7144810
2021-07-26 15:00:00,6196,3598790,3877.0,3285291,413.0,271298.0,6609,3870088,4290,3556589,10486,7155296
2021-07-27 15:00:00,6340,3605130,4034.0,3289325,453.0,271751.0,6793,3876881,4487,3561076,10827,7166123
2021-07-28 15:00:00,6796,3611926,3986.0,3293311,458.0,272209.0,7254,3884135,4444,3565520,11240,7177363
2021-07-29 15:00:00,6804,3618730,4126.0,3297437,414.0,272623.0,7218,3891353,4540,3570060,11344,7188707
2021-07-30 15:00:00,7520,3626250,4494.0,3301931,521.0,273144.0,8041,3899394,5015,3575075,12535,7201242
2021-07-31 15:00:00,4778,3631028,3026.0,3304957,272.0,273416.0,5050,3904444,3298,3578373,8076,7209318
2021-08-01 15:00:00,3793,3634821,2094.0,3307051,157.0,273573.0,3950,3908394,2251,3580624,6044,7215362
2021-08-02 15:00:00,7005,3641826,3619.0,3310670,335.0,273908.0,7340,3915734,3954,3584578,10959,7226321
2021-08-03 15:00:00,6987,3648813,3889.0,3314559,506.0,274414.0,7493,3923227,4395,3588973,11382,7237703
2021-08-04 15:00:00,7152,3655965,3878.0,3318437,528.0,274942.0,7680,3930907,4406,3593379,11558,7249261
2021-08-05 15:00:00,7658,3663623,4089.0,3322526,535.0,275477.0,8193,3939100,4624,3598003,12282,7261543
2021-08-06 15:00:00,8275,3671898,4671.0,3327197,449.0,275926.0,8724,3947824,5120,3603123,13395,7274938
2021-08-07 15:00:00,5240,3677138,2785.0,3329982,264.0,276190.0,5504,3953328,3049,3606172,8289,7283227
2021-08-08 15:00:00,3948,3681086,2033.0,3332015,141.0,276331.0,4089,3957417,2174,3608346,6122,7289349
2021-08-09 15:00:00,6909,3687995,4492.0,3336507,364.0,276695.0,7273,3964690,4856,3613202,11765,7301114
2021-08-10 15:00:00,7110,3695105,4424.0,3340931,336.0,277031.0,7446,3972136,4760,3617962,11870,7312984
2021-08-11 15:00:00,7024,3702129,4411.0,3345342,438.0,277469.0,7462,3979598,4849,3622811,11873,7324857
2021-08-12 15:00:00,8560,3710689,4693.0,3350035,441.0,277910.0,9001,3988599,5134,3627945,13694,7338551
2021-08-13 15:00:00,7108,3717797,5319.0,3355354,389.0,278299.0,7497,3996096,5708,3633653,12816,7351367
2021-08-14 15:00:00,4914,3722711,3325.0,3358679,285.0,278584.0,5199,4001295,3610,3637263,8524,7359891
2021-08-15 15:00:00,3314,3726025,2722.0,3361401,164.0,278748.0,3478,4004773,2886,3640149,6200,7366091
2021-08-16 15:00:00,5413,3731438,5058.0,3366459,349.0,279097.0,5762,4010535,5407,3645556,10820,7376911
2021-08-17 15:00:00,6935,3738373,5162.0,3371621,387.0,279484.0,7322,4017857,5549,3651105,12484,7389395
2021-08-18 15:00:00,6502,3744875,5268.0,3376889,472.0,279956.0,6974,4024831,5740,3656845,12242,7401637
2021-08-19 15:00:00,5973,3750848,5301.0,3382190,410.0,280366.0,6383,4031214,5711,3662556,11684,7413321
2021-08-20 15:00:00,7024,3757872,6292.0,3388482,401.0,280767.0,7425,4038639,6693,3669249,13717,7427038
2021-08-21 15:00:00,4311,3762183,3898.0,3392380,225.0,280992.0,4536,4043175,4123,3673372,8434,7435472
2021-08-22 15:00:00,3061,3765244,3154.0,3395534,109.0,281101.0,3170,4046345,3263,3676635,6324,7441796
2021-08-23 15:00:00,6151,3771395,5898.0,3401432,285.0,281386.0,6436,4052781,6183,3682818,12334,7454130
2021-08-24 15:00:00,6633,3778028,5850.0,3407282,423.0,281809.0,7056,4059837,6273,3689091,12906,7467036
2021-08-25 15:00:00,6885,3784913,5984.0,3413266,438.0,282247.0,7323,4067160,6422,3695513,13307,7480343
2021-08-26 15:00:00,7166,3792079,6402.0,3419668,427.0,282674.0,7593,4074753,6829,3702342,13995,7494338
2021-08-27 15:00:00,6856,3798935,6990.0,3426658,315.0,282989.0,7171,4081924,7305,3709647,14161,7508499
2021-08-28 15:00:00,6897,3805832,6470.0,3433128,326.0,283315.0,7223,4089147,6796,3716443,13693,7522192
2021-08-29 15:00:00,3741,3809573,3668.0,3436796,611.0,283926.0,4352,4093499,4279,3720722,8020,7530212
2021-08-30 15:00:00,5940,3815513,6073.0,3442869,959.0,284885.0,6899,4100398,7032,3727754,12972,7543184
2021-08-31 15:00:00,5686,3821199,5902.0,3448771,945.0,285830.0,6631,4107029,6847,3734601,12533,7555717
2021-09-01 15:00:00,5533,3826732,5555.0,3454326,905.0,286735.0,6438,4113467,6460,3741061,11993,7567710
2021-09-02 15:00:00,5535,3832267,5865.0,3460191,700.0,287435.0,6235,4119702,6565,3747626,12100,7579810
2021-09-03 15:00:00,5979,3838246,6861.0,3467052,971.0,288406.0,6950,4126652,7832,3755458,13811,7593621
2021-09-04 15:00:00,3713,3841959,4313.0,3471365,875.0,289281.0,4588,4131240,5188,3760646,8901,7602522
2021-09-05 15:00:00,2948,3844907,2789.0,3474154,104.0,289385.0,3052,4134292,2893,3763539,5841,7608363
2021-09-06 15:00:00,1048,3845955,1137.0,3475291,62.0,289447.0,1110,4135402,1199,3764738,2247,7610610
2021-09-07 15:00:00,5291,3851246,7228.0,3482519,2303.0,291750.0,7594,4142996,9531,3774269,14822,7625432
2021-09-08 15:00:00,4658,3855904,5427.0,3487946,365.0,292115.0,5023,4148019,5792,3780061,10450,7635882
2021-09-09 15:00:00,5064,3860968,5332.0,3493278,322.0,292437.0,5386,4153405,5654,3785715,10718,7646600
2021-09-10 15:00:00,6524,3867492,6571.0,3499849,1712.0,294149.0,8236,4161641,8283,3793998,14807,7661407
2021-09-11 15:00:00,4041,3871533,4308.0,3504157,663.0,294812.0,4704,4166345,4971,3798969,9012,7670419
2021-09-12 15:00:00,3065,3874598,3225.0,3507382,436.0,295248.0,3501,4169846,3661,3802630,6726,7677145
2021-09-13 15:00:00,4663,3879261,4814.0,3512196,345.0,295593.0,5008,4174854,5159,3807789,9822,7686967
2021-09-14 15:00:00,4573,3883834,5177.0,3517373,432.0,296025.0,5005,4179859,5609,3813398,10182,7697149
2021-09-15 15:00:00,4821,3888655,5576.0,3522949,387.0,296412.0,5208,4185067,5963,3819361,10784,7707933
2021-09-16 15:00:00,4584,3893239,5581.0,3528530,331.0,296743.0,4915,4189982,5912,3825273,10496,7718429
2021-09-17 15:00:00,5035,3898274,6307.0,3534837,341.0,297084.0,5376,4195358,6648,3831921,11683,7730112
2021-09-18 15:00:00,3772,3902046,4554.0,3539391,185.0,297269.0,3957,4199315,4739,3836660,8511,7738623
2021-09-19 15:00:00,2728,3904774,3150.0,3542541,75.0,297344.0,2803,4202118,3225,3839885,5953,7744576
2021-09-20 15:00:00,3533,3908307,4452.0,3546993,427.0,297771.0,3960,4206078,4879,3844764,8412,7752988
2021-09-21 15:00:00,3781,3912088,4788.0,3551781,325.0,298096.0,4106,4210184,5113,3849877,8894,7761882
2021-09-22 15:00:00,4183,3916271,4730.0,3556511,459.0,298555.0,4642,4214826,5189,3855066,9372,7771254
2021-09-23 15:00:00,4171,3920442,4678.0,3561189,489.0,299044.0,4660,4219486,5167,3860233,9338,7780592
2021-09-24 15:00:00,5058,3925500,5545.0,3566734,422.0,299466.0,5480,4224966,5967,3866200,11025,7791617
2021-09-25 15:00:00,3607,3929107,3620.0,3570354,384.0,299850.0,3991,4228957,4004,3870204,7611,7799228
2021-09-26 15:00:00,2359,3931466,2634.0,3572988,421.0,300271.0,2780,4231737,3055,3873259,5414,7804642
2021-09-27 15:00:00,4493,3935959,2673.0,3575661,507.0,300778.0,5000,4236737,3180,3876439,7673,7812315
2021-09-28 15:00:00,4385,3940344,4366.0,3580027,211.0,300989.0,4596,4241333,4577,3881016,8962,7821277
2021-09-29 15:00:00,4693,3945037,4474.0,3584501,918.0,301907.0,5611,4246944,5392,3886408,10085,7831362
2021-09-30 15:00:00,4865,3949902,4523.0,3589024,791.0,302698.0,5656,4252600,5314,3891722,10179,7841541
2021-10-01 15:00:00,5410,3955312,5249.0,3594273,778.0,303476.0,6188,4258788,6027,3897749,11437,7852978
2021-10-02 15:00:00,2936,3958248,2883.0,3597156,187.0,303663.0,3123,4261911,3070,3900819,6006,7858984
2021-10-03 15:00:00,2053,3960301,2176.0,3599332,86.0,303749.0,2139,4264050,2262,3903081,4315,7863299
2021-10-04 15:00:00,4143,3964444,3354.0,3602686,233.0,303982.0,4376,4268426,3587,3906668,7730,7871029
2021-10-05 15:00:00,4051,3968495,3552.0,3606238,204.0,304186.0,4255,4272681,3756,3910424,7807,7878836
2021-10-06 15:00:00,4113,3972608,3464.0,3609702,263.0,304449.0,4376,4277057,3727,3914151,7840,7886676
2021-10-07 15:00:00,4348,3976956,3485.0,3613187,329.0,304778.0,4677,4281734,3814,3917965,8162,7894838
2021-10-08 15:00:00,4907,3981863,4092.0,3617279,281.0,305059.0,5188,4286922,4373,3922338,9280,7904118
2021-10-09 15:00:00,2678,3984541,2662.0,3619941,270.0,305329.0,2948,4289870,2932,3925270,5610,7909728
2021-10-10 15:00:00,1862,3986403,1839.0,3621780,59.0,305388.0,1921,4291791,1898,3927168,3760,7913488
2021-10-11 15:00:00,4358,3990761,3175.0,3624955,246.0,305634.0,4604,4296395,3421,3930589,7779,7921267
2021-10-12 15:00:00,3714,3994475,3278.0,3628233,268.0,305902.0,3982,4300377,3546,3934135,7260,7928527
2021-10-13 15:00:00,3965,3998440,3411.0,3631644,343.0,306245.0,4308,4304685,3754,3937889,7719,7936246
2021-10-14 15:00:00,5143,4003583,5429.0,3637073,424.0,306669.0,5567,4310252,5853,3943742,10996,7947242
2021-10-15 15:00:00,4705,4008288,4536.0,3641609,345.0,307014.0,5050,4315302,4881,3948623,9586,7956828
2021-10-16 15:00:00,2487,4010775,2480.0,3644089,287.0,307301.0,2774,4318076,2767,3951390,5254,7962082
2021-10-17 15:00:00,1798,4012573,1765.0,3645854,53.0,307354.0,1851,4319927,1818,3953208,3616,7965698
2021-10-18 15:00:00,4288,4016861,3536.0,3649390,266.0,307620.0,4554,4324481,3802,3957010,8090,7973788
2021-10-19 15:00:00,4303,4021164,4012.0,3653402,221.0,307841.0,4524,4329005,4233,3961243,8536,7982324
2021-10-20 15:00:00,3510,4024674,3395.0,3656797,253.0,308094.0,3763,4332768,3648,3964891,7158,7989482
2021-10-21 15:00:00,3292,4027966,3228.0,3660025,290.0,308384.0,3582,4336350,3518,3968409,6810,7996292
2021-10-22 15:00:00,4686,4032652,3993.0,3664018,474.0,308858.0,5160,4341510,4467,3972876,9153,8005445
2021-10-23 15:00:00,2901,4035553,2117.0,3666135,321.0,309179.0,3222,4344732,2438,3975314,5339,8010784
2021-10-24 15:00:00,2043,4037596,1548.0,3667683,77.0,309256.0,2120,4346852,1625,3976939,3668,8014452
2021-10-25 15:00:00,4507,4042103,3062.0,3670745,314.0,309570.0,4821,4351673,3376,3980315,7883,8022335
2021-10-26 15:00:00,4491,4046594,3110.0,3673855,308.0,309878.0,4799,4356472,3418,3983733,7909,8030244
2021-10-27 15:00:00,4678,4051272,3329.0,3677184,427.0,310305.0,5105,4361577,3756,3987489,8434,8038678
2021-10-28 15:00:00,4515,4055787,3372.0,3680556,493.0,310798.0,5008,4366585,3865,3991354,8380,8047058
2021-10-29 15:00:00,4921,4060708,3857.0,3684413,388.0,311186.0,5309,4371894,4245,3995599,9166,8056224
2021-10-30 15:00:00,2615,4063323,1825.0,3686238,306.0,311492.0,2921,4374815,2131,3997730,4746,8060970
2021-10-31 15:00:00,1927,4065250,1488.0,3687726,93.0,311585.0,2020,4376835,1581,3999311,3508,8064478
2021-11-01 15:00:00,4520,4069770,3405.0,3691131,329.0,311914.0,4849,4381684,3734,4003045,8254,8072732
2021-11-02 15:00:00,4203,4073973,2983.0,3694114,393.0,312307.0,4596,4386280,3376,4006421,7579,8080311
2021-11-03 15:00:00,4537,4078510,3087.0,3697201,447.0,312754.0,4984,4391264,3534,4009955,8071,8088382
2021-11-04 15:00:00,5910,4084420,3369.0,3700570,506.0,313260.0,6416,4397680,3875,4013830,9785,8098167
2021-11-05 15:00:00,7709,4092129,3783.0,3704353,400.0,313660.0,8109,4405789,4183,4018013,11892,8110059
2021-11-06 15:00:00,9767,4101896,1948.0,3706301,297.0,313957.0,10064,4415853,2245,4020258,12012,8122071
2021-11-07 15:00:00,7330,4109226,1368.0,3707669,89.0,314046.0,7419,4423272,1457,4021715,8787,8130858
2021-11-08 15:00:00,10959,4120185,3025.0,3710694,355.0,314401.0,11314,4434586,3380,4025095,14339,8145197
2021-11-09 15:00:00,11138,4131323,2599.0,3713293,243.0,314644.0,11381,4445967,2842,4027937,13980,8159177
2021-11-10 15:00:00,11769,4143092,2680.0,3715973,311.0,314955.0,12080,4458047,2991,4030928,14760,8173937
2021-11-11 15:00:00,10342,4153434,2303.0,3718276,259.0,315214.0,10601,4468648,2562,4033490,12904,8186841
2021-11-12 15:00:00,10389,4163823,3173.0,3721449,492.0,315706.0,10881,4479529,3665,4037155,14054,8200895
2021-11-13 15:00:00,5277,4169100,671.0,3722120,286.0,315992.0,5563,4485092,957,4038112,6234,8207129
