VACCINATION_DATE,FirstDailyDose,FirstDoseCumulative,SecondDailyDose,SecondDoseCumulative,SingleDailyDose,SingleDoseCumulative,AtleastOneVaccine,AtleastOneVaccineCumulative,CompletedVax,CompletedVaxCumulative,FirstSecondSingleVaccinations,FirstSecondSingleVaccinationsCumulative
2020-12-14 15:00:00,19,1484,,535,,,19,1484,0,535,19,1956
2020-12-15 15:00:00,62,1546,3.0,538,,,62,1546,3,538,65,2021
2020-12-16 15:00:00,597,2143,5.0,543,,,597,2143,5,543,602,2623
2020-12-17 15:00:00,1169,3312,8.0,551,,,1169,3312,8,551,1177,3800
2020-12-18 15:00:00,3032,6344,12.0,563,,,3032,6344,12,563,3044,6844
2020-12-19 15:00:00,930,7274,7.0,570,,,930,7274,7,570,937,7781
2020-12-20 15:00:00,370,7644,6.0,576,,,370,7644,6,576,376,8157
2020-12-21 15:00:00,3900,11544,26.0,602,,,3900,11544,26,602,3926,12083
2020-12-22 15:00:00,6328,17872,30.0,632,,,6328,17872,30,632,6358,18441
2020-12-23 15:00:00,5794,23666,39.0,671,,,5794,23666,39,671,5833,24274
2020-12-24 15:00:00,2729,26395,15.0,686,,,2729,26395,15,686,2744,27018
2020-12-25 15:00:00,1035,27430,4.0,690,,,1035,27430,4,690,1039,28057
2020-12-26 15:00:00,1887,29317,10.0,700,,,1887,29317,10,700,1897,29954
2020-12-27 15:00:00,1804,31121,12.0,712,,,1804,31121,12,712,1816,31770
2020-12-28 15:00:00,8996,40117,51.0,763,,,8996,40117,51,763,9047,40817
2020-12-29 15:00:00,10979,51096,53.0,816,,,10979,51096,53,816,11032,51849
2020-12-30 15:00:00,12507,63603,98.0,914,,,12507,63603,98,914,12605,64454
2020-12-31 15:00:00,7558,71161,48.0,962,,,7558,71161,48,962,7606,72060
2021-01-01 15:00:00,3406,74567,146.0,1108,,,3406,74567,146,1108,3552,75612
2021-01-02 15:00:00,3062,77629,34.0,1142,,,3062,77629,34,1142,3096,78708
2021-01-03 15:00:00,3416,81045,82.0,1224,,,3416,81045,82,1224,3498,82206
2021-01-04 15:00:00,13375,94420,343.0,1567,,,13375,94420,343,1567,13718,95924
2021-01-05 15:00:00,12497,106917,550.0,2117,,,12497,106917,550,2117,13047,108971
2021-01-06 15:00:00,15282,122199,871.0,2988,,,15282,122199,871,2988,16153,125124
2021-01-07 15:00:00,15052,137251,1789.0,4777,,,15052,137251,1789,4777,16841,141965
2021-01-08 15:00:00,24029,161280,2794.0,7571,,,24029,161280,2794,7571,26823,168788
2021-01-09 15:00:00,5187,166467,959.0,8530,,,5187,166467,959,8530,6146,174934
2021-01-10 15:00:00,2988,169455,387.0,8917,,,2988,169455,387,8917,3375,178309
2021-01-11 15:00:00,13745,183200,3488.0,12405,,,13745,183200,3488,12405,17233,195542
2021-01-12 15:00:00,17409,200609,5600.0,18005,,,17409,200609,5600,18005,23009,218551
2021-01-13 15:00:00,18634,219243,3941.0,21946,,,18634,219243,3941,21946,22575,241126
2021-01-14 15:00:00,17878,237121,1968.0,23914,,,17878,237121,1968,23914,19846,260972
2021-01-15 15:00:00,19508,256629,2040.0,25954,,,19508,256629,2040,25954,21548,282520
2021-01-16 15:00:00,5849,262478,1624.0,27578,,,5849,262478,1624,27578,7473,289993
2021-01-17 15:00:00,2128,264606,1480.0,29058,,,2128,264606,1480,29058,3608,293601
2021-01-18 15:00:00,7088,271694,3269.0,32327,,,7088,271694,3269,32327,10357,303958
2021-01-19 15:00:00,16963,288657,5418.0,37745,,,16963,288657,5418,37745,22381,326339
2021-01-20 15:00:00,21026,309683,5339.0,43084,,,21026,309683,5339,43084,26365,352704
2021-01-21 15:00:00,23834,333517,3874.0,46958,,,23834,333517,3874,46958,27708,380412
2021-01-22 15:00:00,28676,362193,3772.0,50730,,,28676,362193,3772,50730,32448,412860
2021-01-23 15:00:00,10132,372325,1949.0,52679,,,10132,372325,1949,52679,12081,424941
2021-01-24 15:00:00,3361,375686,1727.0,54406,,,3361,375686,1727,54406,5088,430029
2021-01-25 15:00:00,16311,391997,8623.0,63029,,,16311,391997,8623,63029,24934,454963
2021-01-26 15:00:00,17572,409569,8984.0,72013,,,17572,409569,8984,72013,26556,481519
2021-01-27 15:00:00,24448,434017,12580.0,84593,,,24448,434017,12580,84593,37028,518547
2021-01-28 15:00:00,22669,456686,9342.0,93935,,,22669,456686,9342,93935,32011,550558
2021-01-29 15:00:00,24795,481481,7943.0,101878,,,24795,481481,7943,101878,32738,583296
2021-01-30 15:00:00,17791,499272,2572.0,104450,,,17791,499272,2572,104450,20363,603659
2021-01-31 15:00:00,3766,503038,1375.0,105825,,,3766,503038,1375,105825,5141,608800
2021-02-01 15:00:00,8197,511235,5435.0,111260,,,8197,511235,5435,111260,13632,622432
2021-02-02 15:00:00,12528,523763,13846.0,125106,,,12528,523763,13846,125106,26374,648806
2021-02-03 15:00:00,18278,542041,18152.0,143258,,,18278,542041,18152,143258,36430,685236
2021-02-04 15:00:00,22152,564193,15806.0,159064,,,22152,564193,15806,159064,37958,723194
2021-02-05 15:00:00,20421,584614,17450.0,176514,,,20421,584614,17450,176514,37871,761065
2021-02-06 15:00:00,11385,595999,14541.0,191055,,,11385,595999,14541,191055,25926,786991
2021-02-07 15:00:00,5993,601992,1953.0,193008,,,5993,601992,1953,193008,7946,794937
2021-02-08 15:00:00,13021,615013,12987.0,205995,,,13021,615013,12987,205995,26008,820945
2021-02-09 15:00:00,16672,631685,13895.0,219890,,,16672,631685,13895,219890,30567,851512
2021-02-10 15:00:00,19338,651023,21327.0,241217,,,19338,651023,21327,241217,40665,892177
2021-02-11 15:00:00,22949,673972,17393.0,258610,,,22949,673972,17393,258610,40342,932519
2021-02-12 15:00:00,20448,694420,19685.0,278295,,,20448,694420,19685,278295,40133,972652
2021-02-13 15:00:00,11475,705895,6433.0,284728,,,11475,705895,6433,284728,17908,990560
2021-02-14 15:00:00,7123,713018,2141.0,286869,,,7123,713018,2141,286869,9264,999824
2021-02-15 15:00:00,11772,724790,13351.0,300220,,,11772,724790,13351,300220,25123,1024947
2021-02-16 15:00:00,16657,741447,21040.0,321260,,,16657,741447,21040,321260,37697,1062644
2021-02-17 15:00:00,20689,762136,26398.0,347658,,,20689,762136,26398,347658,47087,1109731
2021-02-18 15:00:00,3207,765343,4628.0,352286,,,3207,765343,4628,352286,7835,1117566
2021-02-19 15:00:00,10268,775611,19947.0,372233,,,10268,775611,19947,372233,30215,1147781
2021-02-20 15:00:00,10320,785931,20320.0,392553,,,10320,785931,20320,392553,30640,1178421
2021-02-21 15:00:00,6196,792127,7671.0,400224,,,6196,792127,7671,400224,13867,1192288
2021-02-22 15:00:00,8046,800173,15499.0,415723,,,8046,800173,15499,415723,23545,1215833
2021-02-23 15:00:00,15547,815720,15989.0,431712,,,15547,815720,15989,431712,31536,1247369
2021-02-24 15:00:00,18001,833721,24854.0,456566,,,18001,833721,24854,456566,42855,1290224
2021-02-25 15:00:00,20406,854127,26603.0,483169,,,20406,854127,26603,483169,47009,1337233
2021-02-26 15:00:00,26701,880828,26284.0,509453,,,26701,880828,26284,509453,52985,1390218
2021-02-27 15:00:00,16032,896860,11166.0,520619,,,16032,896860,11166,520619,27198,1417416
2021-02-28 15:00:00,15524,912384,4895.0,525514,,,15524,912384,4895,525514,20419,1437835
2021-03-01 15:00:00,27271,939655,12694.0,538208,,,27271,939655,12694,538208,39965,1477800
2021-03-02 15:00:00,24008,963663,13307.0,551515,38.0,38.0,24046,963701,13345,551553,37353,1515153
2021-03-03 15:00:00,30255,993918,18428.0,569943,194.0,232.0,30449,994150,18622,570175,48877,1564030
2021-03-04 15:00:00,31019,1024937,18266.0,588209,4068.0,4300.0,35087,1029237,22334,592509,53353,1617383
2021-03-05 15:00:00,30097,1055034,19792.0,608001,4913.0,9213.0,35010,1064247,24705,617214,54802,1672185
2021-03-06 15:00:00,19005,1074039,9538.0,617539,6009.0,15222.0,25014,1089261,15547,632761,34552,1706737
2021-03-07 15:00:00,12158,1086197,4930.0,622469,6606.0,21828.0,18764,1108025,11536,644297,23694,1730431
2021-03-08 15:00:00,25932,1112129,8867.0,631336,8276.0,30104.0,34208,1142233,17143,661440,43075,1773506
2021-03-09 15:00:00,26157,1138286,15502.0,646838,8345.0,38449.0,34502,1176735,23847,685287,50004,1823510
2021-03-10 15:00:00,29896,1168182,16058.0,662896,7936.0,46385.0,37832,1214567,23994,709281,53890,1877400
2021-03-11 15:00:00,36026,1204208,16434.0,679330,3982.0,50367.0,40008,1254575,20416,729697,56442,1933842
2021-03-12 15:00:00,36926,1241134,18164.0,697494,2929.0,53296.0,39855,1294430,21093,750790,58019,1991861
2021-03-13 15:00:00,22674,1263808,10345.0,707839,1630.0,54926.0,24304,1318734,11975,762765,34649,2026510
2021-03-14 15:00:00,17842,1281650,6738.0,714577,1010.0,55936.0,18852,1337586,7748,770513,25590,2052100
2021-03-15 15:00:00,29902,1311552,11372.0,725949,599.0,56535.0,30501,1368087,11971,782484,41873,2093973
2021-03-16 15:00:00,33491,1345043,13594.0,739543,772.0,57307.0,34263,1402350,14366,796850,47857,2141830
2021-03-17 15:00:00,37644,1382687,17087.0,756630,1183.0,58490.0,38827,1441177,18270,815120,55914,2197744
2021-03-18 15:00:00,41483,1424170,12712.0,769342,1353.0,59843.0,42836,1484013,14065,829185,55548,2253292
2021-03-19 15:00:00,38390,1462560,15447.0,784789,1046.0,60889.0,39436,1523449,16493,845678,54883,2308175
2021-03-20 15:00:00,24741,1487301,10235.0,795024,705.0,61594.0,25446,1548895,10940,856618,35681,2343856
2021-03-21 15:00:00,19204,1506505,7911.0,802935,342.0,61936.0,19546,1568441,8253,864871,27457,2371313
2021-03-22 15:00:00,32609,1539114,11524.0,814459,835.0,62771.0,33444,1601885,12359,877230,44968,2416281
2021-03-23 15:00:00,38417,1577531,17880.0,832339,1557.0,64328.0,39974,1641859,19437,896667,57854,2474135
2021-03-24 15:00:00,41094,1618625,21263.0,853602,1388.0,65716.0,42482,1684341,22651,919318,63745,2537880
2021-03-25 15:00:00,42928,1661553,21753.0,875355,2455.0,68171.0,45383,1729724,24208,943526,67136,2605016
2021-03-26 15:00:00,36395,1697948,26727.0,902082,2495.0,70666.0,38890,1768614,29222,972748,65617,2670633
2021-03-27 15:00:00,26476,1724424,17332.0,919414,2490.0,73156.0,28966,1797580,19822,992570,46298,2716931
2021-03-28 15:00:00,17013,1741437,12693.0,932107,1614.0,74770.0,18627,1816207,14307,1006877,31320,2748251
2021-03-29 15:00:00,29725,1771162,26398.0,958505,1142.0,75912.0,30867,1847074,27540,1034417,57265,2805516
2021-03-30 15:00:00,40067,1811229,29102.0,987607,1865.0,77777.0,41932,1889006,30967,1065384,71034,2876550
2021-03-31 15:00:00,41027,1852256,34766.0,1022373,5750.0,83527.0,46777,1935783,40516,1105900,81543,2958093
2021-04-01 15:00:00,42510,1894766,41222.0,1063595,5766.0,89293.0,48276,1984059,46988,1152888,89498,3047591
2021-04-02 15:00:00,34950,1929716,32749.0,1096344,6132.0,95425.0,41082,2025141,38881,1191769,73831,3121422
2021-04-03 15:00:00,21183,1950899,19246.0,1115590,4394.0,99819.0,25577,2050718,23640,1215409,44823,3166245
2021-04-04 15:00:00,8303,1959202,10226.0,1125816,968.0,100787.0,9271,2059989,11194,1226603,19497,3185742
2021-04-05 15:00:00,27969,1987171,28984.0,1154800,6663.0,107450.0,34632,2094621,35647,1262250,63616,3249358
2021-04-06 15:00:00,39805,2026976,30531.0,1185331,10504.0,117954.0,50309,2144930,41035,1303285,80840,3330198
2021-04-07 15:00:00,36118,2063094,34378.0,1219709,13003.0,130957.0,49121,2194051,47381,1350666,83499,3413697
2021-04-08 15:00:00,42365,2105459,36170.0,1255879,13874.0,144831.0,56239,2250290,50044,1400710,92409,3506106
2021-04-09 15:00:00,34099,2139558,36377.0,1292256,14532.0,159363.0,48631,2298921,50909,1451619,85008,3591114
2021-04-10 15:00:00,23506,2163064,23189.0,1315445,7640.0,167003.0,31146,2330067,30829,1482448,54335,3645449
2021-04-11 15:00:00,17588,2180652,13299.0,1328744,10122.0,177125.0,27710,2357777,23421,1505869,41009,3686458
2021-04-12 15:00:00,24611,2205263,33298.0,1362042,10907.0,188032.0,35518,2393295,44205,1550074,68816,3755274
2021-04-13 15:00:00,126179,2331442,91369.0,1453411,3293.0,191325.0,129472,2522767,94662,1644736,220841,3976115
2021-04-14 15:00:00,40748,2372190,37860.0,1491271,213.0,191538.0,40961,2563728,38073,1682809,78821,4054936
2021-04-15 15:00:00,41426,2413616,39593.0,1530864,176.0,191714.0,41602,2605330,39769,1722578,81195,4136131
2021-04-16 15:00:00,37149,2450765,38905.0,1569769,25.0,191739.0,37174,2642504,38930,1761508,76079,4212210
2021-04-17 15:00:00,32816,2483581,22049.0,1591818,13.0,191752.0,32829,2675333,22062,1783570,54878,4267088
2021-04-18 15:00:00,20067,2503648,16213.0,1608031,5.0,191757.0,20072,2695405,16218,1799788,36285,4303373
2021-04-19 15:00:00,29891,2533539,36563.0,1644594,60.0,191817.0,29951,2725356,36623,1836411,66514,4369887
2021-04-20 15:00:00,32939,2566478,44519.0,1689113,59.0,191876.0,32998,2758354,44578,1880989,77517,4447404
2021-04-21 15:00:00,39844,2606322,47101.0,1736214,26.0,191902.0,39870,2798224,47127,1928116,86971,4534375
2021-04-22 15:00:00,35868,2642190,42723.0,1778937,16.0,191918.0,35884,2834108,42739,1970855,78607,4612982
2021-04-23 15:00:00,33150,2675340,40189.0,1819126,14.0,191932.0,33164,2867272,40203,2011058,73353,4686335
2021-04-24 15:00:00,26427,2701767,27936.0,1847062,81.0,192013.0,26508,2893780,28017,2039075,54444,4740779
2021-04-25 15:00:00,20219,2721986,11003.0,1858065,31.0,192044.0,20250,2914030,11034,2050109,31253,4772032
2021-04-26 15:00:00,27387,2749373,32776.0,1890841,201.0,192245.0,27588,2941618,32977,2083086,60364,4832396
2021-04-27 15:00:00,26677,2776050,33116.0,1923957,1097.0,193342.0,27774,2969392,34213,2117299,60890,4893286
2021-04-28 15:00:00,28928,2804978,39578.0,1963535,1367.0,194709.0,30295,2999687,40945,2158244,69873,4963159
2021-04-29 15:00:00,27067,2832045,39798.0,2003333,1463.0,196172.0,28530,3028217,41261,2199505,68328,5031487
2021-04-30 15:00:00,28206,2860251,32320.0,2035653,1649.0,197821.0,29855,3058072,33969,2233474,62175,5093662
2021-05-01 15:00:00,20771,2881022,26823.0,2062476,1057.0,198878.0,21828,3079900,27880,2261354,48651,5142313
2021-05-02 15:00:00,10272,2891294,17091.0,2079567,823.0,199701.0,11095,3090995,17914,2279268,28186,5170499
2021-05-03 15:00:00,12729,2904023,28701.0,2108268,1917.0,201618.0,14646,3105641,30618,2309886,43347,5213846
2021-05-04 15:00:00,13563,2917586,38710.0,2146978,1742.0,203360.0,15305,3120946,40452,2350338,54015,5267861
2021-05-05 15:00:00,19319,2936905,37797.0,2184775,1921.0,205281.0,21240,3142186,39718,2390056,59037,5326898
2021-05-06 15:00:00,16932,2953837,40606.0,2225381,1722.0,207003.0,18654,3160840,42328,2432384,59260,5386158
2021-05-07 15:00:00,17586,2971423,37034.0,2262415,1960.0,208963.0,19546,3180386,38994,2471378,56580,5442738
2021-05-08 15:00:00,10797,2982220,31239.0,2293654,1293.0,210256.0,12090,3192476,32532,2503910,43329,5486067
2021-05-09 15:00:00,5077,2987297,12256.0,2305910,695.0,210951.0,5772,3198248,12951,2516861,18028,5504095
2021-05-10 15:00:00,8960,2996257,31064.0,2336974,1362.0,212313.0,10322,3208570,32426,2549287,41386,5545481
2021-05-11 15:00:00,12185,3008442,30305.0,2367279,1441.0,213754.0,13626,3222196,31746,2581033,43931,5589412
2021-05-12 15:00:00,13946,3022388,38645.0,2405924,1917.0,215671.0,15863,3238059,40562,2621595,54508,5643920
2021-05-13 15:00:00,21846,3044234,33530.0,2439454,1347.0,217018.0,23193,3261252,34877,2656472,56723,5700643
2021-05-14 15:00:00,24393,3068627,30078.0,2469532,1775.0,218793.0,26168,3287420,31853,2688325,56246,5756889
2021-05-15 15:00:00,21951,3090578,25128.0,2494660,1490.0,220283.0,23441,3310861,26618,2714943,48569,5805458
2021-05-16 15:00:00,9091,3099669,17582.0,2512242,1115.0,221398.0,10206,3321067,18697,2733640,27788,5833246
2021-05-17 15:00:00,16840,3116509,28422.0,2540664,1950.0,223348.0,18790,3339857,30372,2764012,47212,5880458
2021-05-18 15:00:00,21265,3137774,30702.0,2571366,1943.0,225291.0,23208,3363065,32645,2796657,53910,5934368
2021-05-19 15:00:00,27674,3165448,32449.0,2603815,1632.0,226923.0,29306,3392371,34081,2830738,61755,5996123
2021-05-20 15:00:00,20810,3186258,33288.0,2637103,1965.0,228888.0,22775,3415146,35253,2865991,56063,6052186
2021-05-21 15:00:00,19167,3205425,30372.0,2667475,1609.0,230497.0,20776,3435922,31981,2897972,51148,6103334
2021-05-22 15:00:00,16950,3222375,20704.0,2688179,1269.0,231766.0,18219,3454141,21973,2919945,38923,6142257
2021-05-23 15:00:00,8815,3231190,11453.0,2699632,965.0,232731.0,9780,3463921,12418,2932363,21233,6163490
2021-05-24 15:00:00,13572,3244762,17789.0,2717421,1473.0,234204.0,15045,3478966,19262,2951625,32834,6196324
2021-05-25 15:00:00,13077,3257839,18724.0,2736145,1328.0,235532.0,14405,3493371,20052,2971677,33129,6229453
2021-05-26 15:00:00,18366,3276205,19700.0,2755845,1512.0,237044.0,19878,3513249,21212,2992889,39578,6269031
2021-05-27 15:00:00,11696,3287901,18708.0,2774553,1117.0,238161.0,12813,3526062,19825,3012714,31521,6300552
2021-05-28 15:00:00,12415,3300316,19864.0,2794417,1402.0,239563.0,13817,3539879,21266,3033980,33681,6334233
2021-05-29 15:00:00,9516,3309832,11733.0,2806150,937.0,240500.0,10453,3550332,12670,3046650,22186,6356419
2021-05-30 15:00:00,4967,3314799,6443.0,2812593,596.0,241096.0,5563,3555895,7039,3053689,12006,6368425
2021-05-31 15:00:00,1780,3316579,3714.0,2816307,305.0,241401.0,2085,3557980,4019,3057708,5799,6374224
2021-06-01 15:00:00,9883,3326462,16500.0,2832807,1162.0,242563.0,11045,3569025,17662,3075370,27545,6401769
2021-06-02 15:00:00,10232,3336694,16831.0,2849638,962.0,243525.0,11194,3580219,17793,3093163,28025,6429794
2021-06-03 15:00:00,7898,3344592,21218.0,2870856,1089.0,244614.0,8987,3589206,22307,3115470,30205,6459999
2021-06-04 15:00:00,8198,3352790,22366.0,2893222,1120.0,245734.0,9318,3598524,23486,3138956,31684,6491683
2021-06-05 15:00:00,6998,3359788,19480.0,2912702,720.0,246454.0,7718,3606242,20200,3159156,27198,6518881
2021-06-06 15:00:00,3456,3363244,7260.0,2919962,426.0,246880.0,3882,3610124,7686,3166842,11142,6530023
2021-06-07 15:00:00,6860,3370104,15796.0,2935758,726.0,247606.0,7586,3617710,16522,3183364,23382,6553405
2021-06-08 15:00:00,6670,3376774,19742.0,2955500,831.0,248437.0,7501,3625211,20573,3203937,27243,6580648
2021-06-09 15:00:00,8197,3384971,24005.0,2979505,969.0,249406.0,9166,3634377,24974,3228911,33171,6613819
2021-06-10 15:00:00,7154,3392125,19144.0,2998649,895.0,250301.0,8049,3642426,20039,3248950,27193,6641012
2021-06-11 15:00:00,7492,3399617,17734.0,3016383,1125.0,251426.0,8617,3651043,18859,3267809,26351,6667363
2021-06-12 15:00:00,5240,3404857,14777.0,3031160,605.0,252031.0,5845,3656888,15382,3283191,20622,6687985
2021-06-13 15:00:00,1944,3406801,7637.0,3038797,427.0,252458.0,2371,3659259,8064,3291255,10008,6697993
2021-06-14 15:00:00,5656,3412457,11830.0,3050627,733.0,253191.0,6389,3665648,12563,3303818,18219,6716212
2021-06-15 15:00:00,5650,3418107,14348.0,3064975,873.0,254064.0,6523,3672171,15221,3319039,20871,6737083
2021-06-16 15:00:00,8728,3426835,21622.0,3086597,758.0,254822.0,9486,3681657,22380,3341419,31108,6768191
2021-06-17 15:00:00,6682,3433517,12380.0,3098977,720.0,255542.0,7402,3689059,13100,3354519,19782,6787973
2021-06-18 15:00:00,6834,3440351,12752.0,3111729,702.0,256244.0,7536,3696595,13454,3367973,20288,6808261
2021-06-19 15:00:00,4655,3445006,9389.0,3121118,614.0,256858.0,5269,3701864,10003,3377976,14658,6822919
2021-06-20 15:00:00,2509,3447515,5068.0,3126186,377.0,257235.0,2886,3704750,5445,3383421,7954,6830873
2021-06-21 15:00:00,5568,3453083,5342.0,3131528,636.0,257871.0,6204,3710954,5978,3389399,11546,6842419
2021-06-22 15:00:00,5349,3458432,9062.0,3140590,698.0,258569.0,6047,3717001,9760,3399159,15109,6857528
2021-06-23 15:00:00,6062,3464494,10358.0,3150948,645.0,259214.0,6707,3723708,11003,3410162,17065,6874593
2021-06-24 15:00:00,5930,3470424,8215.0,3159163,595.0,259809.0,6525,3730233,8810,3418972,14740,6889333
2021-06-25 15:00:00,5829,3476253,8673.0,3167836,619.0,260428.0,6448,3736681,9292,3428264,15121,6904454
2021-06-26 15:00:00,3707,3479960,6303.0,3174139,398.0,260826.0,4105,3740786,6701,3434965,10408,6914862
2021-06-27 15:00:00,2810,3482770,3525.0,3177664,185.0,261011.0,2995,3743781,3710,3438675,6520,6921382
2021-06-28 15:00:00,4925,3487695,6396.0,3184060,539.0,261550.0,5464,3749245,6935,3445610,11860,6933242
2021-06-29 15:00:00,5063,3492758,6484.0,3190544,524.0,262074.0,5587,3754832,7008,3452618,12071,6945313
2021-06-30 15:00:00,5633,3498391,7391.0,3197935,607.0,262681.0,6240,3761072,7998,3460616,13631,6958944
2021-07-01 15:00:00,5449,3503840,7003.0,3204938,505.0,263186.0,5954,3767026,7508,3468124,12957,6971901
2021-07-02 15:00:00,5305,3509145,6862.0,3211800,527.0,263713.0,5832,3772858,7389,3475513,12694,6984595
2021-07-03 15:00:00,3277,3512422,4073.0,3215873,264.0,263977.0,3541,3776399,4337,3479850,7614,6992209
2021-07-04 15:00:00,493,3512915,551.0,3216424,69.0,264046.0,562,3776961,620,3480470,1113,6993322
2021-07-05 15:00:00,3773,3516688,3953.0,3220377,287.0,264333.0,4060,3781021,4240,3484710,8013,7001335
2021-07-06 15:00:00,4498,3521186,6288.0,3226665,455.0,264788.0,4953,3785974,6743,3491453,11241,7012576
2021-07-07 15:00:00,4471,3525657,6422.0,3233087,483.0,265271.0,4954,3790928,6905,3498358,11376,7023952
2021-07-08 15:00:00,4838,3530495,6191.0,3239278,564.0,265835.0,5402,3796330,6755,3505113,11593,7035545
2021-07-09 15:00:00,5368,3535863,6681.0,3245959,574.0,266409.0,5942,3802272,7255,3512368,12623,7048168
2021-07-10 15:00:00,3526,3539389,4408.0,3250367,305.0,266714.0,3831,3806103,4713,3517081,8239,7056407
2021-07-11 15:00:00,2683,3542072,2580.0,3252947,227.0,266941.0,2910,3809013,2807,3519888,5490,7061897
2021-07-12 15:00:00,4430,3546502,5132.0,3258079,379.0,267320.0,4809,3813822,5511,3525399,9941,7071838
2021-07-13 15:00:00,4672,3551174,4727.0,3262806,366.0,267686.0,5038,3818860,5093,3530492,9765,7081603
2021-07-14 15:00:00,4633,3555807,5296.0,3268102,422.0,268108.0,5055,3823915,5718,3536210,10351,7091954
2021-07-15 15:00:00,4914,3560721,5026.0,3273128,359.0,268467.0,5273,3829188,5385,3541595,10299,7102253
2021-07-16 15:00:00,6281,3567002,5864.0,3278992,405.0,268872.0,6686,3835874,6269,3547864,12550,7114803
2021-07-17 15:00:00,3421,3570423,3555.0,3282547,304.0,269176.0,3725,3839599,3859,3551723,7280,7122083
2021-07-18 15:00:00,2312,3572735,2385.0,3284932,110.0,269286.0,2422,3842021,2495,3554218,4807,7126890
2021-07-19 15:00:00,5150,3577885,4618.0,3289550,383.0,269669.0,5533,3847554,5001,3559219,10151,7137041
2021-07-20 15:00:00,5352,3583237,4731.0,3294281,367.0,270036.0,5719,3853273,5098,3564317,10450,7147491
2021-07-21 15:00:00,5672,3588909,4962.0,3299243,416.0,270452.0,6088,3859361,5378,3569695,11050,7158541
2021-07-22 15:00:00,6034,3594943,4650.0,3303893,472.0,270924.0,6506,3865867,5122,3574817,11156,7169697
2021-07-23 15:00:00,6847,3601790,4855.0,3308748,499.0,271423.0,7346,3873213,5354,3580171,12201,7181898
2021-07-24 15:00:00,4286,3606076,3209.0,3311957,267.0,271690.0,4553,3877766,3476,3583647,7762,7189660
2021-07-25 15:00:00,3301,3609377,1122.0,3313079,140.0,271830.0,3441,3881207,1262,3584909,4563,7194223
2021-07-26 15:00:00,6224,3615601,3915.0,3316994,420.0,272250.0,6644,3887851,4335,3589244,10559,7204782
2021-07-27 15:00:00,6614,3622215,4299.0,3321293,459.0,272709.0,7073,3894924,4758,3594002,11372,7216154
2021-07-28 15:00:00,7094,3629309,4156.0,3325449,462.0,273171.0,7556,3902480,4618,3598620,11712,7227866
2021-07-29 15:00:00,7092,3636401,4326.0,3329775,420.0,273591.0,7512,3909992,4746,3603366,11838,7239704
2021-07-30 15:00:00,7836,3644237,4832.0,3334607,527.0,274118.0,8363,3918355,5359,3608725,13195,7252899
2021-07-31 15:00:00,4792,3649029,3087.0,3337694,274.0,274392.0,5066,3923421,3361,3612086,8153,7261052
2021-08-01 15:00:00,3915,3652944,2198.0,3339892,165.0,274557.0,4080,3927501,2363,3614449,6278,7267330
2021-08-02 15:00:00,7280,3660224,3853.0,3343745,342.0,274899.0,7622,3935123,4195,3618644,11475,7278805
2021-08-03 15:00:00,7277,3667501,4108.0,3347853,517.0,275416.0,7794,3942917,4625,3623269,11902,7290707
2021-08-04 15:00:00,7442,3674943,4130.0,3351983,536.0,275952.0,7978,3950895,4666,3627935,12108,7302815
2021-08-05 15:00:00,7962,3682905,4346.0,3356329,541.0,276493.0,8503,3959398,4887,3632822,12849,7315664
2021-08-06 15:00:00,8335,3691240,4755.0,3361084,454.0,276947.0,8789,3968187,5209,3638031,13544,7329208
2021-08-07 15:00:00,5305,3696545,2849.0,3363933,264.0,277211.0,5569,3973756,3113,3641144,8418,7337626
2021-08-08 15:00:00,3980,3700525,2063.0,3365996,146.0,277357.0,4126,3977882,2209,3643353,6189,7343815
2021-08-09 15:00:00,6961,3707486,4569.0,3370565,371.0,277728.0,7332,3985214,4940,3648293,11901,7355716
2021-08-10 15:00:00,7175,3714661,4505.0,3375070,340.0,278068.0,7515,3992729,4845,3653138,12020,7367736
2021-08-11 15:00:00,7108,3721769,4462.0,3379532,443.0,278511.0,7551,4000280,4905,3658043,12013,7379749
2021-08-12 15:00:00,8668,3730437,4773.0,3384305,446.0,278957.0,9114,4009394,5219,3663262,13887,7393636
2021-08-13 15:00:00,7190,3737627,5416.0,3389721,397.0,279354.0,7587,4016981,5813,3669075,13003,7406639
2021-08-14 15:00:00,4929,3742556,3354.0,3393075,286.0,279640.0,5215,4022196,3640,3672715,8569,7415208
2021-08-15 15:00:00,3333,3745889,2749.0,3395824,163.0,279803.0,3496,4025692,2912,3675627,6245,7421453
2021-08-16 15:00:00,5461,3751350,5109.0,3400933,354.0,280157.0,5815,4031507,5463,3681090,10924,7432377
2021-08-17 15:00:00,6830,3758180,5379.0,3406312,391.0,280548.0,7221,4038728,5770,3686860,12600,7444977
2021-08-18 15:00:00,6350,3764530,5531.0,3411843,481.0,281029.0,6831,4045559,6012,3692872,12362,7457339
2021-08-19 15:00:00,6241,3770771,5585.0,3417428,417.0,281446.0,6658,4052217,6002,3698874,12243,7469582
2021-08-20 15:00:00,6856,3777627,6576.0,3424004,401.0,281847.0,7257,4059474,6977,3705851,13833,7483415
2021-08-21 15:00:00,4348,3781975,3928.0,3427932,229.0,282076.0,4577,4064051,4157,3710008,8505,7491920
2021-08-22 15:00:00,3066,3785041,3177.0,3431109,111.0,282187.0,3177,4067228,3288,3713296,6354,7498274
2021-08-23 15:00:00,6005,3791046,6135.0,3437244,287.0,282474.0,6292,4073520,6422,3719718,12427,7510701
2021-08-24 15:00:00,6557,3797603,6099.0,3443343,426.0,282900.0,6983,4080503,6525,3726243,13082,7523783
2021-08-25 15:00:00,6739,3804342,6255.0,3449598,440.0,283340.0,7179,4087682,6695,3732938,13434,7537217
2021-08-26 15:00:00,6975,3811317,6686.0,3456284,428.0,283768.0,7403,4095085,7114,3740052,14089,7551306
2021-08-27 15:00:00,6848,3818165,7109.0,3463393,317.0,284085.0,7165,4102250,7426,3747478,14274,7565580
2021-08-28 15:00:00,6920,3825085,6542.0,3469935,326.0,284411.0,7246,4109496,6868,3754346,13788,7579368
2021-08-29 15:00:00,3746,3828831,3709.0,3473644,610.0,285021.0,4356,4113852,4319,3758665,8065,7587433
2021-08-30 15:00:00,5935,3834766,6157.0,3479801,960.0,285981.0,6895,4120747,7117,3765782,13052,7600485
2021-08-31 15:00:00,5907,3840673,6095.0,3485896,947.0,286928.0,6854,4127601,7042,3772824,12949,7613434
2021-09-01 15:00:00,5614,3846287,5741.0,3491637,918.0,287846.0,6532,4134133,6659,3779483,12273,7625707
2021-09-02 15:00:00,5531,3851818,5978.0,3497615,709.0,288555.0,6240,4140373,6687,3786170,12218,7637925
2021-09-03 15:00:00,6018,3857836,6981.0,3504596,977.0,289532.0,6995,4147368,7958,3794128,13976,7651901
2021-09-04 15:00:00,3734,3861570,4369.0,3508965,878.0,290410.0,4612,4151980,5247,3799375,8981,7660882
2021-09-05 15:00:00,2961,3864531,2818.0,3511783,106.0,290516.0,3067,4155047,2924,3802299,5885,7666767
2021-09-06 15:00:00,1059,3865590,1163.0,3512946,69.0,290585.0,1128,4156175,1232,3803531,2291,7669058
2021-09-07 15:00:00,5353,3870943,7323.0,3520269,2304.0,292889.0,7657,4163832,9627,3813158,14980,7684038
2021-09-08 15:00:00,4661,3875604,5507.0,3525776,364.0,293253.0,5025,4168857,5871,3819029,10532,7694570
2021-09-09 15:00:00,5027,3880631,5480.0,3531256,325.0,293578.0,5352,4174209,5805,3824834,10832,7705402
2021-09-10 15:00:00,6534,3887165,6681.0,3537937,1719.0,295297.0,8253,4182462,8400,3833234,14934,7720336
2021-09-11 15:00:00,4182,3891347,4354.0,3542291,666.0,295963.0,4848,4187310,5020,3838254,9202,7729538
2021-09-12 15:00:00,3175,3894522,3247.0,3545538,436.0,296399.0,3611,4190921,3683,3841937,6858,7736396
2021-09-13 15:00:00,4897,3899419,5085.0,3550623,347.0,296746.0,5244,4196165,5432,3847369,10329,7746725
2021-09-14 15:00:00,4777,3904196,5464.0,3556087,437.0,297183.0,5214,4201379,5901,3853270,10678,7757403
2021-09-15 15:00:00,5047,3909243,5906.0,3561993,392.0,297575.0,5439,4206818,6298,3859568,11345,7768748
2021-09-16 15:00:00,4816,3914059,5861.0,3567854,337.0,297912.0,5153,4211971,6198,3865766,11014,7779762
2021-09-17 15:00:00,5290,3919349,6600.0,3574454,344.0,298256.0,5634,4217605,6944,3872710,12234,7791996
2021-09-18 15:00:00,3824,3923173,4591.0,3579045,186.0,298442.0,4010,4221615,4777,3877487,8601,7800597
2021-09-19 15:00:00,2742,3925915,3183.0,3582228,75.0,298517.0,2817,4224432,3258,3880745,6000,7806597
2021-09-20 15:00:00,3754,3929669,4690.0,3586918,429.0,298946.0,4183,4228615,5119,3885864,8873,7815470
2021-09-21 15:00:00,4002,3933671,5024.0,3591942,327.0,299273.0,4329,4232944,5351,3891215,9353,7824823
2021-09-22 15:00:00,4194,3937865,4803.0,3596745,459.0,299732.0,4653,4237597,5262,3896477,9456,7834279
2021-09-23 15:00:00,4191,3942056,4739.0,3601484,492.0,300224.0,4683,4242280,5231,3901708,9422,7843701
2021-09-24 15:00:00,5097,3947153,5631.0,3607115,422.0,300646.0,5519,4247799,6053,3907761,11150,7854851
2021-09-25 15:00:00,3644,3950797,3640.0,3610755,384.0,301030.0,4028,4251827,4024,3911785,7668,7862519
2021-09-26 15:00:00,2354,3953151,2672.0,3613427,433.0,301463.0,2787,4254614,3105,3914890,5459,7867978
2021-09-27 15:00:00,4509,3957660,2720.0,3616147,512.0,301975.0,5021,4259635,3232,3918122,7741,7875719
2021-09-28 15:00:00,4414,3962074,4464.0,3620611,211.0,302186.0,4625,4264260,4675,3922797,9089,7884808
2021-09-29 15:00:00,4697,3966771,4536.0,3625147,920.0,303106.0,5617,4269877,5456,3928253,10153,7894961
2021-09-30 15:00:00,4894,3971665,4580.0,3629727,796.0,303902.0,5690,4275567,5376,3933629,10270,7905231
2021-10-01 15:00:00,5529,3977194,5374.0,3635101,785.0,304687.0,6314,4281881,6159,3939788,11688,7916919
2021-10-02 15:00:00,2950,3980144,2907.0,3638008,187.0,304874.0,3137,4285018,3094,3942882,6044,7922963
2021-10-03 15:00:00,2079,3982223,2383.0,3640391,87.0,304961.0,2166,4287184,2470,3945352,4549,7927512
2021-10-04 15:00:00,4033,3986256,3509.0,3643900,233.0,305194.0,4266,4291450,3742,3949094,7775,7935287
2021-10-05 15:00:00,3960,3990216,3676.0,3647576,206.0,305400.0,4166,4295616,3882,3952976,7842,7943129
2021-10-06 15:00:00,4035,3994251,3579.0,3651155,266.0,305666.0,4301,4299917,3845,3956821,7880,7951009
2021-10-07 15:00:00,4235,3998486,3641.0,3654796,332.0,305998.0,4567,4304484,3973,3960794,8208,7959217
2021-10-08 15:00:00,4786,4003272,4303.0,3659099,283.0,306281.0,5069,4309553,4586,3965380,9372,7968589
2021-10-09 15:00:00,2693,4005965,2683.0,3661782,270.0,306551.0,2963,4312516,2953,3968333,5646,7974235
2021-10-10 15:00:00,1860,4007825,1855.0,3663637,59.0,306610.0,1919,4314435,1914,3970247,3774,7978009
2021-10-11 15:00:00,4213,4012038,3318.0,3666955,250.0,306860.0,4463,4318898,3568,3973815,7781,7985790
2021-10-12 15:00:00,3604,4015642,3546.0,3670501,275.0,307135.0,3879,4322777,3821,3977636,7425,7993215
2021-10-13 15:00:00,3981,4019623,3467.0,3673968,346.0,307481.0,4327,4327104,3813,3981449,7794,8001009
2021-10-14 15:00:00,5174,4024797,5506.0,3679474,430.0,307911.0,5604,4332708,5936,3987385,11110,8012119
2021-10-15 15:00:00,4772,4029569,4618.0,3684092,347.0,308258.0,5119,4337827,4965,3992350,9737,8021856
2021-10-16 15:00:00,2496,4032065,2530.0,3686622,291.0,308549.0,2787,4340614,2821,3995171,5317,8027173
2021-10-17 15:00:00,1809,4033874,1780.0,3688402,55.0,308604.0,1864,4342478,1835,3997006,3644,8030817
2021-10-18 15:00:00,4283,4038157,3588.0,3691990,283.0,308887.0,4566,4347044,3871,4000877,8154,8038971
2021-10-19 15:00:00,4303,4042460,4024.0,3696014,224.0,309111.0,4527,4351571,4248,4005125,8551,8047522
2021-10-20 15:00:00,3544,4046004,3433.0,3699447,259.0,309370.0,3803,4355374,3692,4008817,7236,8054758
2021-10-21 15:00:00,3309,4049313,3288.0,3702735,291.0,309661.0,3600,4358974,3579,4012396,6888,8061646
2021-10-22 15:00:00,4686,4053999,4040.0,3706775,477.0,310138.0,5163,4364137,4517,4016913,9203,8070849
2021-10-23 15:00:00,2879,4056878,2114.0,3708889,321.0,310459.0,3200,4367337,2435,4019348,5314,8076163
2021-10-24 15:00:00,2054,4058932,1552.0,3710441,79.0,310538.0,2133,4369470,1631,4020979,3685,8079848
2021-10-25 15:00:00,4543,4063475,3071.0,3713512,320.0,310858.0,4863,4374333,3391,4024370,7934,8087782
2021-10-26 15:00:00,4518,4067993,3079.0,3716591,316.0,311174.0,4834,4379167,3395,4027765,7913,8095695
2021-10-27 15:00:00,4731,4072724,3341.0,3719932,436.0,311610.0,5167,4384334,3777,4031542,8508,8104203
2021-10-28 15:00:00,4565,4077289,3364.0,3723296,501.0,312111.0,5066,4389400,3865,4035407,8430,8112633
2021-10-29 15:00:00,4985,4082274,3920.0,3727216,395.0,312506.0,5380,4394780,4315,4039722,9300,8121933
2021-10-30 15:00:00,2627,4084901,1842.0,3729058,307.0,312813.0,2934,4397714,2149,4041871,4776,8126709
2021-10-31 15:00:00,1931,4086832,1520.0,3730578,93.0,312906.0,2024,4399738,1613,4043484,3544,8130253
2021-11-01 15:00:00,4731,4091563,3438.0,3734016,350.0,313256.0,5081,4404819,3788,4047272,8519,8138772
2021-11-02 15:00:00,4261,4095824,2943.0,3736959,409.0,313665.0,4670,4409489,3352,4050624,7613,8146385
2021-11-03 15:00:00,4663,4100487,3048.0,3740007,464.0,314129.0,5127,4414616,3512,4054136,8175,8154560
2021-11-04 15:00:00,6317,4106804,3378.0,3743385,529.0,314658.0,6846,4421462,3907,4058043,10224,8164784
2021-11-05 15:00:00,8239,4115043,3771.0,3747156,413.0,315071.0,8652,4430114,4184,4062227,12423,8177207
2021-11-06 15:00:00,10178,4125221,1971.0,3749127,308.0,315379.0,10486,4440600,2279,4064506,12457,8189664
2021-11-07 15:00:00,7728,4132949,1458.0,3750585,95.0,315474.0,7823,4448423,1553,4066059,9281,8198945
2021-11-08 15:00:00,11308,4144257,3050.0,3753635,379.0,315853.0,11687,4460110,3429,4069488,14737,8213682
2021-11-09 15:00:00,11768,4156025,2646.0,3756281,268.0,316121.0,12036,4472146,2914,4072402,14682,8228364
2021-11-10 15:00:00,12593,4168618,2760.0,3759041,339.0,316460.0,12932,4485078,3099,4075501,15692,8244056
2021-11-11 15:00:00,11371,4179989,2376.0,3761417,280.0,316740.0,11651,4496729,2656,4078157,14027,8258083
2021-11-12 15:00:00,12298,4192287,3364.0,3764781,548.0,317288.0,12846,4509575,3912,4082069,16210,8274293
2021-11-13 15:00:00,9899,4202186,1592.0,3766373,342.0,317630.0,10241,4519816,1934,4084003,11833,8286126
2021-11-14 15:00:00,4198,4206384,1113.0,3767486,121.0,317751.0,4319,4524135,1234,4085237,5432,8291558
2021-11-15 15:00:00,8631,4215015,2517.0,3770003,210.0,317961.0,8841,4532976,2727,4087964,11358,8302916
2021-11-16 15:00:00,9234,4224249,2502.0,3772505,257.0,318218.0,9491,4542467,2759,4090723,11993,8314909
2021-11-17 15:00:00,9389,4233638,2858.0,3775363,312.0,318530.0,9701,4552168,3170,4093893,12559,8327468
2021-11-18 15:00:00,9283,4242921,2622.0,3777985,481.0,319011.0,9764,4561932,3103,4096996,12386,8339854
2021-11-19 15:00:00,9806,4252727,2915.0,3780900,380.0,319391.0,10186,4572118,3295,4100291,13101,8352955
2021-11-20 15:00:00,10635,4263362,1603.0,3782503,455.0,319846.0,11090,4583208,2058,4102349,12693,8365648
2021-11-21 15:00:00,4344,4267706,1202.0,3783705,100.0,319946.0,4444,4587652,1302,4103651,5646,8371294
2021-11-22 15:00:00,9823,4277529,2501.0,3786206,293.0,320239.0,10116,4597768,2794,4106445,12617,8383911
2021-11-23 15:00:00,9211,4286740,2398.0,3788604,283.0,320522.0,9494,4607262,2681,4109126,11892,8395803
2021-11-24 15:00:00,8171,4294911,2435.0,3791039,216.0,320738.0,8387,4615649,2651,4111777,10822,8406625
2021-11-25 15:00:00,234,4295145,79.0,3791118,10.0,320748.0,244,4615893,89,4111866,323,8406948
2021-11-26 15:00:00,5646,4300791,3964.0,3795082,153.0,320901.0,5799,4621692,4117,4115983,9763,8416711
2021-11-27 15:00:00,3780,4304571,5478.0,3800560,134.0,321035.0,3914,4625606,5612,4121595,9392,8426103
2021-11-28 15:00:00,2408,4306979,6391.0,3806951,77.0,321112.0,2485,4628091,6468,4128063,8876,8434979
2021-11-29 15:00:00,6383,4313362,9301.0,3816252,379.0,321491.0,6762,4634853,9680,4137743,16063,8451042
2021-11-30 15:00:00,6256,4319618,9321.0,3825573,264.0,321755.0,6520,4641373,9585,4147328,15841,8466883
2021-12-01 15:00:00,7322,4326940,9735.0,3835308,309.0,322064.0,7631,4649004,10044,4157372,17366,8484249
2021-12-02 15:00:00,6928,4333868,8786.0,3844094,450.0,322514.0,7378,4656382,9236,4166608,16164,8500413
2021-12-03 15:00:00,7605,4341473,9272.0,3853366,251.0,322765.0,7856,4664238,9523,4176131,17128,8517541
2021-12-04 15:00:00,5946,4347419,10054.0,3863420,467.0,323232.0,6413,4670651,10521,4186652,16467,8534008
2021-12-05 15:00:00,3445,4350864,3549.0,3866969,78.0,323310.0,3523,4674174,3627,4190279,7072,8541080
2021-12-06 15:00:00,6771,4357635,7104.0,3874073,281.0,323591.0,7052,4681226,7385,4197664,14156,8555236
2021-12-07 15:00:00,6426,4364061,7042.0,3881115,250.0,323841.0,6676,4687902,7292,4204956,13718,8568954
2021-12-08 15:00:00,6943,4371004,7412.0,3888527,316.0,324157.0,7259,4695161,7728,4212684,14671,8583625
2021-12-09 15:00:00,6543,4377547,7030.0,3895557,399.0,324556.0,6942,4702103,7429,4220113,13972,8597597
2021-12-10 15:00:00,7292,4384839,7325.0,3902882,232.0,324788.0,7524,4709627,7557,4227670,14849,8612446
2021-12-11 15:00:00,4462,4389301,7678.0,3910560,333.0,325121.0,4795,4714422,8011,4235681,12473,8624919
2021-12-12 15:00:00,4001,4393302,2773.0,3913333,60.0,325181.0,4061,4718483,2833,4238514,6834,8631753
2021-12-13 15:00:00,5695,4398997,5770.0,3919103,243.0,325424.0,5938,4724421,6013,4244527,11708,8643461
2021-12-14 15:00:00,6463,4405460,5937.0,3925040,223.0,325647.0,6686,4731107,6160,4250687,12623,8656084
2021-12-15 15:00:00,7179,4412639,5721.0,3930761,258.0,325905.0,7437,4738544,5979,4256666,13158,8669242
2021-12-16 15:00:00,7896,4420535,2825.0,3933586,423.0,326328.0,8319,4746863,3248,4259914,11144,8680386
2021-12-17 15:00:00,7851,4428386,4165.0,3937751,195.0,326523.0,8046,4754909,4360,4264274,12211,8692597
2021-12-18 15:00:00,5840,4434226,3186.0,3940937,298.0,326821.0,6138,4761047,3484,4267758,9324,8701921
2021-12-19 15:00:00,3375,4437601,1342.0,3942279,37.0,326858.0,3412,4764459,1379,4269137,4754,8706675
2021-12-20 15:00:00,8098,4445699,3749.0,3946028,173.0,327031.0,8271,4772730,3922,4273059,12020,8718695
2021-12-21 15:00:00,8995,4454694,4166.0,3950194,175.0,327206.0,9170,4781900,4341,4277400,13336,8732031
2021-12-22 15:00:00,8703,4463397,3881.0,3954075,184.0,327390.0,8887,4790787,4065,4281465,12768,8744799
2021-12-23 15:00:00,8418,4471815,3572.0,3957647,359.0,327749.0,8777,4799564,3931,4285396,12349,8757148
2021-12-24 15:00:00,1637,4473452,1011.0,3958658,39.0,327788.0,1676,4801240,1050,4286446,2687,8759835
2021-12-25 15:00:00,47,4473499,36.0,3958694,1.0,327789.0,48,4801288,37,4286483,84,8759919
2021-12-26 15:00:00,2517,4476016,1745.0,3960439,44.0,327833.0,2561,4803849,1789,4288272,4306,8764225
2021-12-27 15:00:00,7220,4483236,4010.0,3964449,297.0,328130.0,7517,4811366,4307,4292579,11527,8775752
2021-12-28 15:00:00,7946,4491182,3863.0,3968312,178.0,328308.0,8124,4819490,4041,4296620,11987,8787739
2021-12-29 15:00:00,8250,4499432,4020.0,3972332,156.0,328464.0,8406,4827896,4176,4300796,12426,8800165
2021-12-30 15:00:00,7491,4506923,3793.0,3976125,290.0,328754.0,7781,4835677,4083,4304879,11574,8811739
2021-12-31 15:00:00,2579,4509502,1534.0,3977659,90.0,328844.0,2669,4838346,1624,4306503,4203,8815942
2022-01-01 15:00:00,738,4510240,350.0,3978009,34.0,328878.0,772,4839118,384,4306887,1122,8817064
2022-01-02 15:00:00,2216,4512456,1648.0,3979657,48.0,328926.0,2264,4841382,1696,4308583,3912,8820976
2022-01-03 15:00:00,3398,4515854,2068.0,3981725,223.0,329149.0,3621,4845003,2291,4310874,5689,8826665
2022-01-04 15:00:00,5858,4521712,3487.0,3985212,165.0,329314.0,6023,4851026,3652,4314526,9510,8836175
2022-01-05 15:00:00,6835,4528547,4701.0,3989913,175.0,329489.0,7010,4858036,4876,4319402,11711,8847886
2022-01-06 15:00:00,6784,4535331,4829.0,3994742,265.0,329754.0,7049,4865085,5094,4324496,11878,8859764
2022-01-07 15:00:00,6010,4541341,3792.0,3998534,162.0,329916.0,6172,4871257,3954,4328450,9964,8869728
2022-01-08 15:00:00,4810,4546151,3912.0,4002446,78.0,329994.0,4888,4876145,3990,4332440,8800,8878528
2022-01-09 15:00:00,2764,4548915,2017.0,4004463,154.0,330148.0,2918,4879063,2171,4334611,4935,8883463
2022-01-10 15:00:00,6358,4555273,3841.0,4008304,161.0,330309.0,6519,4885582,4002,4338613,10360,8893823
2022-01-11 15:00:00,6572,4561845,4264.0,4012568,142.0,330451.0,6714,4892296,4406,4343019,10978,8904801
2022-01-12 15:00:00,6835,4568680,4442.0,4017010,225.0,330676.0,7060,4899356,4667,4347686,11502,8916303
2022-01-13 15:00:00,6691,4575371,4386.0,4021396,153.0,330829.0,6844,4906200,4539,4352225,11230,8927533
2022-01-14 15:00:00,7237,4582608,3288.0,4024684,252.0,331081.0,7489,4913689,3540,4355765,10777,8938310
2022-01-15 15:00:00,4283,4586891,1698.0,4026382,71.0,331152.0,4354,4918043,1769,4357534,6052,8944362
2022-01-16 15:00:00,2219,4589110,1321.0,4027703,116.0,331268.0,2335,4920378,1437,4358971,3656,8948018
2022-01-17 15:00:00,3629,4592739,2370.0,4030073,74.0,331342.0,3703,4924081,2444,4361415,6073,8954091
2022-01-18 15:00:00,5304,4598043,4204.0,4034277,102.0,331444.0,5406,4929487,4306,4365721,9610,8963701
2022-01-19 15:00:00,5302,4603345,4480.0,4038757,99.0,331543.0,5401,4934888,4579,4370300,9881,8973582
2022-01-20 15:00:00,4530,4607875,3628.0,4042385,176.0,331719.0,4706,4939594,3804,4374104,8334,8981916
2022-01-21 15:00:00,5615,4613490,2938.0,4045323,126.0,331845.0,5741,4945335,3064,4377168,8679,8990595
2022-01-22 15:00:00,3467,4616957,1721.0,4047044,134.0,331979.0,3601,4948936,1855,4379023,5322,8995917
2022-01-23 15:00:00,2050,4619007,1498.0,4048542,30.0,332009.0,2080,4951016,1528,4380551,3578,8999495
2022-01-24 15:00:00,4126,4623133,2766.0,4051308,89.0,332098.0,4215,4955231,2855,4383406,6981,9006476
2022-01-25 15:00:00,3823,4626956,3316.0,4054624,95.0,332193.0,3918,4959149,3411,4386817,7234,9013710
2022-01-26 15:00:00,3881,4630837,3696.0,4058320,94.0,332287.0,3975,4963124,3790,4390607,7671,9021381
2022-01-27 15:00:00,3779,4634616,3924.0,4062244,186.0,332473.0,3965,4967089,4110,4394717,7889,9029270
2022-01-28 15:00:00,3861,4638477,3279.0,4065523,75.0,332548.0,3936,4971025,3354,4398071,7215,9036485
2022-01-29 15:00:00,2310,4640787,2294.0,4067817,117.0,332665.0,2427,4973452,2411,4400482,4721,9041206
2022-01-30 15:00:00,1565,4642352,1638.0,4069455,16.0,332681.0,1581,4975033,1654,4402136,3219,9044425
2022-01-31 15:00:00,3004,4645356,3238.0,4072693,58.0,332739.0,3062,4978095,3296,4405432,6300,9050725
2022-02-01 15:00:00,2653,4648009,3407.0,4076100,75.0,332814.0,2728,4980823,3482,4408914,6135,9056860
2022-02-02 15:00:00,2830,4650839,3723.0,4079823,77.0,332891.0,2907,4983730,3800,4412714,6630,9063490
2022-02-03 15:00:00,2768,4653607,3655.0,4083478,42.0,332933.0,2810,4986540,3697,4416411,6465,9069955
2022-02-04 15:00:00,2783,4656390,4378.0,4087856,128.0,333061.0,2911,4989451,4506,4420917,7289,9077244
2022-02-05 15:00:00,1927,4658317,2900.0,4090756,112.0,333173.0,2039,4991490,3012,4423929,4939,9082183
2022-02-06 15:00:00,1081,4659398,1353.0,4092109,24.0,333197.0,1105,4992595,1377,4425306,2458,9084641
2022-02-07 15:00:00,2070,4661468,2694.0,4094803,51.0,333248.0,2121,4994716,2745,4428051,4815,9089456
2022-02-08 15:00:00,2096,4663564,3093.0,4097896,63.0,333311.0,2159,4996875,3156,4431207,5252,9094708
2022-02-09 15:00:00,2212,4665776,3311.0,4101207,75.0,333386.0,2287,4999162,3386,4434593,5598,9100306
2022-02-10 15:00:00,2098,4667874,2868.0,4104075,55.0,333441.0,2153,5001315,2923,4437516,5021,9105327
2022-02-11 15:00:00,2515,4670389,3514.0,4107589,122.0,333563.0,2637,5003952,3636,4441152,6151,9111478
2022-02-12 15:00:00,1662,4672051,2294.0,4109883,97.0,333660.0,1759,5005711,2391,4443543,4053,9115531
2022-02-13 15:00:00,736,4672787,1086.0,4110969,17.0,333677.0,753,5006464,1103,4444646,1839,9117370
2022-02-14 15:00:00,1467,4674254,2237.0,4113206,65.0,333742.0,1532,5007996,2302,4446948,3769,9121139
2022-02-15 15:00:00,1944,4676198,2457.0,4115663,48.0,333790.0,1992,5009988,2505,4449453,4449,9125588
2022-02-16 15:00:00,1690,4677888,2427.0,4118090,52.0,333842.0,1742,5011730,2479,4451932,4169,9129757
2022-02-17 15:00:00,16869,4694757,13023.0,4131113,485.0,334327.0,17354,5029084,13508,4465440,30377,9160134
2022-02-18 15:00:00,1978,4696735,2550.0,4133663,49.0,334376.0,2027,5031111,2599,4468039,4577,9164711
2022-02-19 15:00:00,1226,4697961,1673.0,4135336,39.0,334415.0,1265,5032376,1712,4469751,2938,9167649
2022-02-20 15:00:00,705,4698666,848.0,4136184,15.0,334430.0,720,5033096,863,4470614,1568,9169217
2022-02-21 15:00:00,1290,4699956,1752.0,4137936,32.0,334462.0,1322,5034418,1784,4472398,3074,9172291
2022-02-22 15:00:00,1446,4701402,1866.0,4139802,36.0,334498.0,1482,5035900,1902,4474300,3348,9175639
2022-02-23 15:00:00,1448,4702850,1775.0,4141577,33.0,334531.0,1481,5037381,1808,4476108,3256,9178895
2022-02-24 15:00:00,780,4703630,993.0,4142570,15.0,334546.0,795,5038176,1008,4477116,1788,9180683
