VACCINATION_DATE,FirstDailyDose,FirstDoseCumulative,SecondDailyDose,SecondDoseCumulative,SingleDailyDose,SingleDoseCumulative,AtleastOneVaccine,AtleastOneVaccineCumulative,CompletedVax,CompletedVaxCumulative,FirstSecondSingleVaccinations,FirstSecondSingleVaccinationsCumulative
2020-12-14 15:00:00,19,1358,,519,,,19,1358,0,519,19,1774
2020-12-15 15:00:00,61,1419,3.0,522,,,61,1419,3,522,64,1838
2020-12-16 15:00:00,589,2008,5.0,527,,,589,2008,5,527,594,2432
2020-12-17 15:00:00,1156,3164,6.0,533,,,1156,3164,6,533,1162,3594
2020-12-18 15:00:00,3013,6177,13.0,546,,,3013,6177,13,546,3026,6620
2020-12-19 15:00:00,930,7107,5.0,551,,,930,7107,5,551,935,7555
2020-12-20 15:00:00,362,7469,5.0,556,,,362,7469,5,556,367,7922
2020-12-21 15:00:00,3883,11352,26.0,582,,,3883,11352,26,582,3909,11831
2020-12-22 15:00:00,6318,17670,26.0,608,,,6318,17670,26,608,6344,18175
2020-12-23 15:00:00,5777,23447,35.0,643,,,5777,23447,35,643,5812,23987
2020-12-24 15:00:00,2723,26170,16.0,659,,,2723,26170,16,659,2739,26726
2020-12-25 15:00:00,1034,27204,4.0,663,,,1034,27204,4,663,1038,27764
2020-12-26 15:00:00,1882,29086,9.0,672,,,1882,29086,9,672,1891,29655
2020-12-27 15:00:00,1803,30889,11.0,683,,,1803,30889,11,683,1814,31469
2020-12-28 15:00:00,8982,39871,48.0,731,,,8982,39871,48,731,9030,40499
2020-12-29 15:00:00,10963,50834,50.0,781,,,10963,50834,50,781,11013,51512
2020-12-30 15:00:00,12491,63325,87.0,868,,,12491,63325,87,868,12578,64090
2020-12-31 15:00:00,7551,70876,45.0,913,,,7551,70876,45,913,7596,71686
2021-01-01 15:00:00,3235,74111,136.0,1049,,,3235,74111,136,1049,3371,75057
2021-01-02 15:00:00,3037,77148,34.0,1083,,,3037,77148,34,1083,3071,78128
2021-01-03 15:00:00,3406,80554,81.0,1164,,,3406,80554,81,1164,3487,81615
2021-01-04 15:00:00,13353,93907,331.0,1495,,,13353,93907,331,1495,13684,95299
2021-01-05 15:00:00,12476,106383,546.0,2041,,,12476,106383,546,2041,13022,108321
2021-01-06 15:00:00,15250,121633,863.0,2904,,,15250,121633,863,2904,16113,124434
2021-01-07 15:00:00,15026,136659,1768.0,4672,,,15026,136659,1768,4672,16794,141228
2021-01-08 15:00:00,24008,160667,2777.0,7449,,,24008,160667,2777,7449,26785,168013
2021-01-09 15:00:00,5168,165835,952.0,8401,,,5168,165835,952,8401,6120,174133
2021-01-10 15:00:00,2967,168802,383.0,8784,,,2967,168802,383,8784,3350,177483
2021-01-11 15:00:00,13718,182520,3468.0,12252,,,13718,182520,3468,12252,17186,194669
2021-01-12 15:00:00,17379,199899,5588.0,17840,,,17379,199899,5588,17840,22967,217636
2021-01-13 15:00:00,18611,218510,3916.0,21756,,,18611,218510,3916,21756,22527,240163
2021-01-14 15:00:00,17834,236344,1963.0,23719,,,17834,236344,1963,23719,19797,259960
2021-01-15 15:00:00,19471,255815,2027.0,25746,,,19471,255815,2027,25746,21498,281458
2021-01-16 15:00:00,5823,261638,1615.0,27361,,,5823,261638,1615,27361,7438,288896
2021-01-17 15:00:00,2119,263757,1479.0,28840,,,2119,263757,1479,28840,3598,292494
2021-01-18 15:00:00,7073,270830,3256.0,32096,,,7073,270830,3256,32096,10329,302823
2021-01-19 15:00:00,16943,287773,5402.0,37498,,,16943,287773,5402,37498,22345,325168
2021-01-20 15:00:00,21000,308773,5320.0,42818,,,21000,308773,5320,42818,26320,351488
2021-01-21 15:00:00,23799,332572,3837.0,46655,,,23799,332572,3837,46655,27636,379124
2021-01-22 15:00:00,28653,361225,3748.0,50403,,,28653,361225,3748,50403,32401,411525
2021-01-23 15:00:00,10113,371338,1939.0,52342,,,10113,371338,1939,52342,12052,423577
2021-01-24 15:00:00,3351,374689,1722.0,54064,,,3351,374689,1722,54064,5073,428650
2021-01-25 15:00:00,16301,390990,8599.0,62663,,,16301,390990,8599,62663,24900,453550
2021-01-26 15:00:00,17550,408540,8970.0,71633,,,17550,408540,8970,71633,26520,480070
2021-01-27 15:00:00,24432,432972,12544.0,84177,,,24432,432972,12544,84177,36976,517046
2021-01-28 15:00:00,22650,455622,9324.0,93501,,,22650,455622,9324,93501,31974,549020
2021-01-29 15:00:00,24772,480394,7923.0,101424,,,24772,480394,7923,101424,32695,581715
2021-01-30 15:00:00,17774,498168,2555.0,103979,,,17774,498168,2555,103979,20329,602044
2021-01-31 15:00:00,3761,501929,1363.0,105342,,,3761,501929,1363,105342,5124,607168
2021-02-01 15:00:00,8082,510011,5359.0,110701,,,8082,510011,5359,110701,13441,620609
2021-02-02 15:00:00,12493,522504,13819.0,124520,,,12493,522504,13819,124520,26312,646921
2021-02-03 15:00:00,18249,540753,18128.0,142648,,,18249,540753,18128,142648,36377,683298
2021-02-04 15:00:00,22113,562866,15780.0,158428,,,22113,562866,15780,158428,37893,721191
2021-02-05 15:00:00,20344,583210,17410.0,175838,,,20344,583210,17410,175838,37754,758945
2021-02-06 15:00:00,11323,594533,14470.0,190308,,,11323,594533,14470,190308,25793,784738
2021-02-07 15:00:00,5949,600482,1832.0,192140,,,5949,600482,1832,192140,7781,792519
2021-02-08 15:00:00,12973,613455,12921.0,205061,,,12973,613455,12921,205061,25894,818413
2021-02-09 15:00:00,16645,630100,13865.0,218926,,,16645,630100,13865,218926,30510,848923
2021-02-10 15:00:00,19284,649384,21224.0,240150,,,19284,649384,21224,240150,40508,889431
2021-02-11 15:00:00,22845,672229,17338.0,257488,,,22845,672229,17338,257488,40183,929614
2021-02-12 15:00:00,20384,692613,19623.0,277111,,,20384,692613,19623,277111,40007,969621
2021-02-13 15:00:00,11434,704047,6417.0,283528,,,11434,704047,6417,283528,17851,987472
2021-02-14 15:00:00,7109,711156,2124.0,285652,,,7109,711156,2124,285652,9233,996705
2021-02-15 15:00:00,11757,722913,13327.0,298979,,,11757,722913,13327,298979,25084,1021789
2021-02-16 15:00:00,16604,739517,21013.0,319992,,,16604,739517,21013,319992,37617,1059406
2021-02-17 15:00:00,20654,760171,26367.0,346359,,,20654,760171,26367,346359,47021,1106427
2021-02-18 15:00:00,3196,763367,4617.0,350976,,,3196,763367,4617,350976,7813,1114240
2021-02-19 15:00:00,10251,773618,19920.0,370896,,,10251,773618,19920,370896,30171,1144411
2021-02-20 15:00:00,10307,783925,20287.0,391183,,,10307,783925,20287,391183,30594,1175005
2021-02-21 15:00:00,6176,790101,7641.0,398824,,,6176,790101,7641,398824,13817,1188822
2021-02-22 15:00:00,8032,798133,15466.0,414290,,,8032,798133,15466,414290,23498,1212320
2021-02-23 15:00:00,15526,813659,15978.0,430268,,,15526,813659,15978,430268,31504,1243824
2021-02-24 15:00:00,17945,831604,24737.0,455005,,,17945,831604,24737,455005,42682,1286506
2021-02-25 15:00:00,20392,851996,26552.0,481557,,,20392,851996,26552,481557,46944,1333450
2021-02-26 15:00:00,26713,878709,26212.0,507769,,,26713,878709,26212,507769,52925,1386375
2021-02-27 15:00:00,16000,894709,11159.0,518928,,,16000,894709,11159,518928,27159,1413534
2021-02-28 15:00:00,15500,910209,4883.0,523811,,,15500,910209,4883,523811,20383,1433917
2021-03-01 15:00:00,26943,937152,12605.0,536416,,,26943,937152,12605,536416,39548,1473465
2021-03-02 15:00:00,23913,961065,13272.0,549688,33.0,33.0,23946,961098,13305,549721,37218,1510683
2021-03-03 15:00:00,30186,991251,18388.0,568076,187.0,220.0,30373,991471,18575,568296,48761,1559444
2021-03-04 15:00:00,30954,1022205,18184.0,586260,4068.0,4288.0,35022,1026493,22252,590548,53206,1612650
2021-03-05 15:00:00,30018,1052223,19712.0,605972,4909.0,9197.0,34927,1061420,24621,615169,54639,1667289
2021-03-06 15:00:00,18909,1071132,9506.0,615478,6007.0,15204.0,24916,1086336,15513,630682,34422,1701711
2021-03-07 15:00:00,12122,1083254,4855.0,620333,6613.0,21817.0,18735,1105071,11468,642150,23590,1725301
2021-03-08 15:00:00,25871,1109125,8838.0,629171,8274.0,30091.0,34145,1139216,17112,659262,42983,1768284
2021-03-09 15:00:00,26117,1135242,15468.0,644639,8347.0,38438.0,34464,1173680,23815,683077,49932,1818216
2021-03-10 15:00:00,29848,1165090,15992.0,660631,7940.0,46378.0,37788,1211468,23932,707009,53780,1871996
2021-03-11 15:00:00,35979,1201069,16401.0,677032,3981.0,50359.0,39960,1251428,20382,727391,56361,1928357
2021-03-12 15:00:00,36912,1237981,18085.0,695117,2924.0,53283.0,39836,1291264,21009,748400,57921,1986278
2021-03-13 15:00:00,22665,1260646,10278.0,705395,1626.0,54909.0,24291,1315555,11904,760304,34569,2020847
2021-03-14 15:00:00,17831,1278477,6717.0,712112,1005.0,55914.0,18836,1334391,7722,768026,25553,2046400
2021-03-15 15:00:00,29822,1308299,11300.0,723412,597.0,56511.0,30419,1364810,11897,779923,41719,2088119
2021-03-16 15:00:00,33410,1341709,13572.0,736984,769.0,57280.0,34179,1398989,14341,794264,47751,2135870
2021-03-17 15:00:00,37564,1379273,17041.0,754025,1181.0,58461.0,38745,1437734,18222,812486,55786,2191656
2021-03-18 15:00:00,41441,1420714,12640.0,766665,1348.0,59809.0,42789,1480523,13988,826474,55429,2247085
2021-03-19 15:00:00,38329,1459043,15420.0,782085,1039.0,60848.0,39368,1519891,16459,842933,54788,2301873
2021-03-20 15:00:00,24695,1483738,10155.0,792240,703.0,61551.0,25398,1545289,10858,853791,35553,2337426
2021-03-21 15:00:00,19173,1502911,7876.0,800116,336.0,61887.0,19509,1564798,8212,862003,27385,2364811
2021-03-22 15:00:00,32584,1535495,11474.0,811590,835.0,62722.0,33419,1598217,12309,874312,44893,2409704
2021-03-23 15:00:00,38419,1573914,17795.0,829385,1554.0,64276.0,39973,1638190,19349,893661,57768,2467472
2021-03-24 15:00:00,41077,1614991,21202.0,850587,1387.0,65663.0,42464,1680654,22589,916250,63666,2531138
2021-03-25 15:00:00,42880,1657871,21689.0,872276,2458.0,68121.0,45338,1725992,24147,940397,67027,2598165
2021-03-26 15:00:00,36354,1694225,26666.0,898942,2496.0,70617.0,38850,1764842,29162,969559,65516,2663681
2021-03-27 15:00:00,26466,1720691,17279.0,916221,2490.0,73107.0,28956,1793798,19769,989328,46235,2709916
2021-03-28 15:00:00,17007,1737698,12639.0,928860,1615.0,74722.0,18622,1812420,14254,1003582,31261,2741177
2021-03-29 15:00:00,29719,1767417,26274.0,955134,1140.0,75862.0,30859,1843279,27414,1030996,57133,2798310
2021-03-30 15:00:00,40053,1807470,28980.0,984114,1862.0,77724.0,41915,1885194,30842,1061838,70895,2869205
2021-03-31 15:00:00,41031,1848501,34682.0,1018796,5749.0,83473.0,46780,1931974,40431,1102269,81462,2950667
2021-04-01 15:00:00,42300,1890801,40992.0,1059788,5735.0,89208.0,48035,1980009,46727,1148996,89027,3039694
2021-04-02 15:00:00,34912,1925713,32666.0,1092454,6123.0,95331.0,41035,2021044,38789,1187785,73701,3113395
2021-04-03 15:00:00,21139,1946852,19181.0,1111635,4388.0,99719.0,25527,2046571,23569,1211354,44708,3158103
2021-04-04 15:00:00,8274,1955126,10185.0,1121820,967.0,100686.0,9241,2055812,11152,1222506,19426,3177529
2021-04-05 15:00:00,27940,1983066,28900.0,1150720,6657.0,107343.0,34597,2090409,35557,1258063,63497,3241026
2021-04-06 15:00:00,39767,2022833,30433.0,1181153,10490.0,117833.0,50257,2140666,40923,1298986,80690,3321716
2021-04-07 15:00:00,36077,2058910,34267.0,1215420,12985.0,130818.0,49062,2189728,47252,1346238,83329,3405045
2021-04-08 15:00:00,42319,2101229,36086.0,1251506,13868.0,144686.0,56187,2245915,49954,1396192,92273,3497318
2021-04-09 15:00:00,34053,2135282,36307.0,1287813,14520.0,159206.0,48573,2294488,50827,1447019,84880,3582198
2021-04-10 15:00:00,23460,2158742,23123.0,1310936,7642.0,166848.0,31102,2325590,30765,1477784,54225,3636423
2021-04-11 15:00:00,17560,2176302,13277.0,1324213,10121.0,176969.0,27681,2353271,23398,1501182,40958,3677381
2021-04-12 15:00:00,24599,2200901,33149.0,1357362,10898.0,187867.0,35497,2388768,44047,1545229,68646,3746027
2021-04-13 15:00:00,126187,2327088,91224.0,1448586,3292.0,191159.0,129479,2518247,94516,1639745,220703,3966730
2021-04-14 15:00:00,40707,2367795,37801.0,1486387,212.0,191371.0,40919,2559166,38013,1677758,78720,4045450
2021-04-15 15:00:00,41415,2409210,39529.0,1525916,174.0,191545.0,41589,2600755,39703,1717461,81118,4126568
2021-04-16 15:00:00,37143,2446353,38844.0,1564760,24.0,191569.0,37167,2637922,38868,1756329,76011,4202579
2021-04-17 15:00:00,32800,2479153,22021.0,1586781,12.0,191581.0,32812,2670734,22033,1778362,54833,4257412
2021-04-18 15:00:00,20070,2499223,16193.0,1602974,5.0,191586.0,20075,2690809,16198,1794560,36268,4293680
2021-04-19 15:00:00,29886,2529109,36539.0,1639513,61.0,191647.0,29947,2720756,36600,1831160,66486,4360166
2021-04-20 15:00:00,32929,2562038,44431.0,1683944,57.0,191704.0,32986,2753742,44488,1875648,77417,4437583
2021-04-21 15:00:00,39819,2601857,47034.0,1730978,26.0,191730.0,39845,2793587,47060,1922708,86879,4524462
2021-04-22 15:00:00,35848,2637705,42638.0,1773616,16.0,191746.0,35864,2829451,42654,1965362,78502,4602964
2021-04-23 15:00:00,33141,2670846,40125.0,1813741,14.0,191760.0,33155,2862606,40139,2005501,73280,4676244
2021-04-24 15:00:00,26414,2697260,27880.0,1841621,81.0,191841.0,26495,2889101,27961,2033462,54375,4730619
2021-04-25 15:00:00,20230,2717490,10963.0,1852584,31.0,191872.0,20261,2909362,10994,2044456,31224,4761843
2021-04-26 15:00:00,27411,2744901,32699.0,1885283,202.0,192074.0,27613,2936975,32901,2077357,60312,4822155
2021-04-27 15:00:00,26692,2771593,33062.0,1918345,1097.0,193171.0,27789,2964764,34159,2111516,60851,4883006
2021-04-28 15:00:00,28931,2800524,39522.0,1957867,1362.0,194533.0,30293,2995057,40884,2152400,69815,4952821
2021-04-29 15:00:00,27073,2827597,39725.0,1997592,1464.0,195997.0,28537,3023594,41189,2193589,68262,5021083
2021-04-30 15:00:00,28199,2855796,32254.0,2029846,1647.0,197644.0,29846,3053440,33901,2227490,62100,5083183
2021-05-01 15:00:00,20663,2876459,26656.0,2056502,1047.0,198691.0,21710,3075150,27703,2255193,48366,5131549
2021-05-02 15:00:00,10285,2886744,17037.0,2073539,822.0,199513.0,11107,3086257,17859,2273052,28144,5159693
2021-05-03 15:00:00,12757,2899501,28572.0,2102111,1915.0,201428.0,14672,3100929,30487,2303539,43244,5202937
2021-05-04 15:00:00,13570,2913071,38592.0,2140703,1737.0,203165.0,15307,3116236,40329,2343868,53899,5256836
2021-05-05 15:00:00,19325,2932396,37739.0,2178442,1921.0,205086.0,21246,3137482,39660,2383528,58985,5315821
2021-05-06 15:00:00,16916,2949312,40589.0,2219031,1720.0,206806.0,18636,3156118,42309,2425837,59225,5375046
2021-05-07 15:00:00,17585,2966897,36993.0,2256024,1957.0,208763.0,19542,3175660,38950,2464787,56535,5431581
2021-05-08 15:00:00,10790,2977687,31213.0,2287237,1290.0,210053.0,12080,3187740,32503,2497290,43293,5474874
2021-05-09 15:00:00,5079,2982766,12238.0,2299475,695.0,210748.0,5774,3193514,12933,2510223,18012,5492886
2021-05-10 15:00:00,8954,2991720,31050.0,2330525,1362.0,212110.0,10316,3203830,32412,2542635,41366,5534252
2021-05-11 15:00:00,12186,3003906,30278.0,2360803,1440.0,213550.0,13626,3217456,31718,2574353,43904,5578156
2021-05-12 15:00:00,13951,3017857,38603.0,2399406,1919.0,215469.0,15870,3233326,40522,2614875,54473,5632629
2021-05-13 15:00:00,21844,3039701,33491.0,2432897,1345.0,216814.0,23189,3256515,34836,2649711,56680,5689309
2021-05-14 15:00:00,24383,3064084,30035.0,2462932,1775.0,218589.0,26158,3282673,31810,2681521,56193,5745502
2021-05-15 15:00:00,21927,3086011,25105.0,2488037,1490.0,220079.0,23417,3306090,26595,2708116,48522,5794024
2021-05-16 15:00:00,9085,3095096,17581.0,2505618,1113.0,221192.0,10198,3316288,18694,2726810,27779,5821803
2021-05-17 15:00:00,16837,3111933,28393.0,2534011,1949.0,223141.0,18786,3335074,30342,2757152,47179,5868982
2021-05-18 15:00:00,21259,3133192,30674.0,2564685,1942.0,225083.0,23201,3358275,32616,2789768,53875,5922857
2021-05-19 15:00:00,27649,3160841,32420.0,2597105,1631.0,226714.0,29280,3387555,34051,2823819,61700,5984557
2021-05-20 15:00:00,20808,3181649,33255.0,2630360,1965.0,228679.0,22773,3410328,35220,2859039,56028,6040585
2021-05-21 15:00:00,19157,3200806,30332.0,2660692,1607.0,230286.0,20764,3431092,31939,2890978,51096,6091681
2021-05-22 15:00:00,16931,3217737,20680.0,2681372,1271.0,231557.0,18202,3449294,21951,2912929,38882,6130563
2021-05-23 15:00:00,8776,3226513,11438.0,2692810,964.0,232521.0,9740,3459034,12402,2925331,21178,6151741
2021-05-24 15:00:00,13563,3240076,17765.0,2710575,1473.0,233994.0,15036,3474070,19238,2944569,32801,6184542
2021-05-25 15:00:00,13068,3253144,18715.0,2729290,1329.0,235323.0,14397,3488467,20044,2964613,33112,6217654
2021-05-26 15:00:00,18311,3271455,19489.0,2748779,1512.0,236835.0,19823,3508290,21001,2985614,39312,6256966
2021-05-27 15:00:00,11685,3283140,18655.0,2767434,1116.0,237951.0,12801,3521091,19771,3005385,31456,6288422
2021-05-28 15:00:00,12411,3295551,19834.0,2787268,1401.0,239352.0,13812,3534903,21235,3026620,33646,6322068
2021-05-29 15:00:00,9529,3305080,11695.0,2798963,936.0,240288.0,10465,3545368,12631,3039251,22160,6344228
2021-05-30 15:00:00,4970,3310050,6424.0,2805387,595.0,240883.0,5565,3550933,7019,3046270,11989,6356217
2021-05-31 15:00:00,1777,3311827,3713.0,2809100,305.0,241188.0,2082,3553015,4018,3050288,5795,6362012
2021-06-01 15:00:00,9834,3321661,16425.0,2825525,1158.0,242346.0,10992,3564007,17583,3067871,27417,6389429
2021-06-02 15:00:00,10231,3331892,16811.0,2842336,959.0,243305.0,11190,3575197,17770,3085641,28001,6417430
2021-06-03 15:00:00,7902,3339794,21186.0,2863522,1087.0,244392.0,8989,3584186,22273,3107914,30175,6447605
2021-06-04 15:00:00,8186,3347980,22347.0,2885869,1120.0,245512.0,9306,3593492,23467,3131381,31653,6479258
2021-06-05 15:00:00,7003,3354983,19462.0,2905331,720.0,246232.0,7723,3601215,20182,3151563,27185,6506443
2021-06-06 15:00:00,3459,3358442,7242.0,2912573,423.0,246655.0,3882,3605097,7665,3159228,11124,6517567
2021-06-07 15:00:00,6856,3365298,15778.0,2928351,726.0,247381.0,7582,3612679,16504,3175732,23360,6540927
2021-06-08 15:00:00,6678,3371976,19724.0,2948075,830.0,248211.0,7508,3620187,20554,3196286,27232,6568159
2021-06-09 15:00:00,8200,3380176,23970.0,2972045,970.0,249181.0,9170,3629357,24940,3221226,33140,6601299
2021-06-10 15:00:00,7146,3387322,19133.0,2991178,895.0,250076.0,8041,3637398,20028,3241254,27174,6628473
2021-06-11 15:00:00,7486,3394808,17719.0,3008897,1125.0,251201.0,8611,3646009,18844,3260098,26330,6654803
2021-06-12 15:00:00,5238,3400046,14758.0,3023655,605.0,251806.0,5843,3651852,15363,3275461,20601,6675404
2021-06-13 15:00:00,1929,3401975,7589.0,3031244,427.0,252233.0,2356,3654208,8016,3283477,9945,6685349
2021-06-14 15:00:00,5659,3407634,11808.0,3043052,733.0,252966.0,6392,3660600,12541,3296018,18200,6703549
2021-06-15 15:00:00,5641,3413275,14331.0,3057383,873.0,253839.0,6514,3667114,15204,3311222,20845,6724394
2021-06-16 15:00:00,8756,3422031,21581.0,3078964,757.0,254596.0,9513,3676627,22338,3333560,31094,6755488
2021-06-17 15:00:00,6684,3428715,12363.0,3091327,720.0,255316.0,7404,3684031,13083,3346643,19767,6775255
2021-06-18 15:00:00,6836,3435551,12729.0,3104056,703.0,256019.0,7539,3691570,13432,3360075,20268,6795523
2021-06-19 15:00:00,4660,3440211,9369.0,3113425,614.0,256633.0,5274,3696844,9983,3370058,14643,6810166
2021-06-20 15:00:00,2505,3442716,5052.0,3118477,377.0,257010.0,2882,3699726,5429,3375487,7934,6818100
2021-06-21 15:00:00,5559,3448275,5332.0,3123809,635.0,257645.0,6194,3705920,5967,3381454,11526,6829626
2021-06-22 15:00:00,5344,3453619,9046.0,3132855,693.0,258338.0,6037,3711957,9739,3391193,15083,6844709
2021-06-23 15:00:00,6065,3459684,10323.0,3143178,646.0,258984.0,6711,3718668,10969,3402162,17034,6861743
2021-06-24 15:00:00,5934,3465618,8195.0,3151373,595.0,259579.0,6529,3725197,8790,3410952,14724,6876467
2021-06-25 15:00:00,5817,3471435,8655.0,3160028,620.0,260199.0,6437,3731634,9275,3420227,15092,6891559
2021-06-26 15:00:00,3701,3475136,6302.0,3166330,398.0,260597.0,4099,3735733,6700,3426927,10401,6901960
2021-06-27 15:00:00,2808,3477944,3521.0,3169851,185.0,260782.0,2993,3738726,3706,3430633,6514,6908474
2021-06-28 15:00:00,4916,3482860,6381.0,3176232,539.0,261321.0,5455,3744181,6920,3437553,11836,6920310
2021-06-29 15:00:00,5062,3487922,6472.0,3182704,519.0,261840.0,5581,3749762,6991,3444544,12053,6932363
2021-06-30 15:00:00,5616,3493538,7381.0,3190085,605.0,262445.0,6221,3755983,7986,3452530,13602,6945965
2021-07-01 15:00:00,5401,3498939,6974.0,3197059,499.0,262944.0,5900,3761883,7473,3460003,12874,6958839
2021-07-02 15:00:00,5288,3504227,6835.0,3203894,523.0,263467.0,5811,3767694,7358,3467361,12646,6971485
2021-07-03 15:00:00,3267,3507494,4064.0,3207958,264.0,263731.0,3531,3771225,4328,3471689,7595,6979080
2021-07-04 15:00:00,492,3507986,545.0,3208503,67.0,263798.0,559,3771784,612,3472301,1104,6980184
2021-07-05 15:00:00,3762,3511748,3951.0,3212454,287.0,264085.0,4049,3775833,4238,3476539,8000,6988184
2021-07-06 15:00:00,4490,3516238,6265.0,3218719,452.0,264537.0,4942,3780775,6717,3483256,11207,6999391
2021-07-07 15:00:00,4466,3520704,6409.0,3225128,482.0,265019.0,4948,3785723,6891,3490147,11357,7010748
2021-07-08 15:00:00,4834,3525538,6165.0,3231293,564.0,265583.0,5398,3791121,6729,3496876,11563,7022311
2021-07-09 15:00:00,5362,3530900,6658.0,3237951,572.0,266155.0,5934,3797055,7230,3504106,12592,7034903
2021-07-10 15:00:00,3521,3534421,4398.0,3242349,303.0,266458.0,3824,3800879,4701,3508807,8222,7043125
2021-07-11 15:00:00,2676,3537097,2565.0,3244914,225.0,266683.0,2901,3803780,2790,3511597,5466,7048591
2021-07-12 15:00:00,4414,3541511,5115.0,3250029,379.0,267062.0,4793,3808573,5494,3517091,9908,7058499
2021-07-13 15:00:00,4657,3546168,4719.0,3254748,366.0,267428.0,5023,3813596,5085,3522176,9742,7068241
2021-07-14 15:00:00,4616,3550784,5276.0,3260024,421.0,267849.0,5037,3818633,5697,3527873,10313,7078554
2021-07-15 15:00:00,4899,3555683,5015.0,3265039,359.0,268208.0,5258,3823891,5374,3533247,10273,7088827
2021-07-16 15:00:00,6275,3561958,5834.0,3270873,403.0,268611.0,6678,3830569,6237,3539484,12512,7101339
2021-07-17 15:00:00,3416,3565374,3551.0,3274424,301.0,268912.0,3717,3834286,3852,3543336,7268,7108607
2021-07-18 15:00:00,2310,3567684,2374.0,3276798,110.0,269022.0,2420,3836706,2484,3545820,4794,7113401
2021-07-19 15:00:00,5137,3572821,4609.0,3281407,381.0,269403.0,5518,3842224,4990,3550810,10127,7123528
2021-07-20 15:00:00,5332,3578153,4713.0,3286120,366.0,269769.0,5698,3847922,5079,3555889,10411,7133939
2021-07-21 15:00:00,5658,3583811,4939.0,3291059,416.0,270185.0,6074,3853996,5355,3561244,11013,7144952
2021-07-22 15:00:00,6022,3589833,4631.0,3295690,472.0,270657.0,6494,3860490,5103,3566347,11125,7156077
2021-07-23 15:00:00,6837,3596670,4840.0,3300530,497.0,271154.0,7334,3867824,5337,3571684,12174,7168251
2021-07-24 15:00:00,4277,3600947,3200.0,3303730,267.0,271421.0,4544,3872368,3467,3575151,7744,7175995
2021-07-25 15:00:00,3292,3604239,1112.0,3304842,139.0,271560.0,3431,3875799,1251,3576402,4543,7180538
2021-07-26 15:00:00,6210,3610449,3902.0,3308744,419.0,271979.0,6629,3882428,4321,3580723,10531,7191069
2021-07-27 15:00:00,6599,3617048,4275.0,3313019,457.0,272436.0,7056,3889484,4732,3585455,11331,7202400
2021-07-28 15:00:00,7073,3624121,4135.0,3317154,460.0,272896.0,7533,3897017,4595,3590050,11668,7214068
2021-07-29 15:00:00,7073,3631194,4296.0,3321450,419.0,273315.0,7492,3904509,4715,3594765,11788,7225856
2021-07-30 15:00:00,7809,3639003,4798.0,3326248,525.0,273840.0,8334,3912843,5323,3600088,13132,7238988
2021-07-31 15:00:00,4791,3643794,3070.0,3329318,273.0,274113.0,5064,3917907,3343,3603431,8134,7247122
2021-08-01 15:00:00,3876,3647670,2154.0,3331472,163.0,274276.0,4039,3921946,2317,3605748,6193,7253315
2021-08-02 15:00:00,7257,3654927,3836.0,3335308,340.0,274616.0,7597,3929543,4176,3609924,11433,7264748
2021-08-03 15:00:00,7259,3662186,4088.0,3339396,515.0,275131.0,7774,3937317,4603,3614527,11862,7276610
2021-08-04 15:00:00,7411,3669597,4106.0,3343502,532.0,275663.0,7943,3945260,4638,3619165,12049,7288659
2021-08-05 15:00:00,7931,3677528,4275.0,3347777,537.0,276200.0,8468,3953728,4812,3623977,12743,7301402
2021-08-06 15:00:00,8300,3685828,4712.0,3352489,454.0,276654.0,8754,3962482,5166,3629143,13466,7314868
2021-08-07 15:00:00,5275,3691103,2813.0,3355302,263.0,276917.0,5538,3968020,3076,3632219,8351,7323219
2021-08-08 15:00:00,3953,3695056,2051.0,3357353,143.0,277060.0,4096,3972116,2194,3634413,6147,7329366
2021-08-09 15:00:00,6927,3701983,4531.0,3361884,368.0,277428.0,7295,3979411,4899,3639312,11826,7341192
2021-08-10 15:00:00,7134,3709117,4454.0,3366338,338.0,277766.0,7472,3986883,4792,3644104,11926,7353118
2021-08-11 15:00:00,7054,3716171,4435.0,3370773,442.0,278208.0,7496,3994379,4877,3648981,11931,7365049
2021-08-12 15:00:00,8603,3724774,4732.0,3375505,445.0,278653.0,9048,4003427,5177,3654158,13780,7378829
2021-08-13 15:00:00,7138,3731912,5364.0,3380869,397.0,279050.0,7535,4010962,5761,3659919,12899,7391728
2021-08-14 15:00:00,4914,3736826,3340.0,3384209,285.0,279335.0,5199,4016161,3625,3663544,8539,7400267
2021-08-15 15:00:00,3325,3740151,2734.0,3386943,163.0,279498.0,3488,4019649,2897,3666441,6222,7406489
2021-08-16 15:00:00,5433,3745584,5092.0,3392035,353.0,279851.0,5786,4025435,5445,3671886,10878,7417367
2021-08-17 15:00:00,6809,3752393,5359.0,3397394,390.0,280241.0,7199,4032634,5749,3677635,12558,7429925
2021-08-18 15:00:00,6320,3758713,5495.0,3402889,479.0,280720.0,6799,4039433,5974,3683609,12294,7442219
2021-08-19 15:00:00,6210,3764923,5550.0,3408439,416.0,281136.0,6626,4046059,5966,3689575,12176,7454395
2021-08-20 15:00:00,6831,3771754,6542.0,3414981,401.0,281537.0,7232,4053291,6943,3696518,13774,7468169
2021-08-21 15:00:00,4323,3776077,3914.0,3418895,228.0,281765.0,4551,4057842,4142,3700660,8465,7476634
2021-08-22 15:00:00,3059,3779136,3171.0,3422066,110.0,281875.0,3169,4061011,3281,3703941,6340,7482974
2021-08-23 15:00:00,5985,3785121,6086.0,3428152,285.0,282160.0,6270,4067281,6371,3710312,12356,7495330
2021-08-24 15:00:00,6543,3791664,6051.0,3434203,425.0,282585.0,6968,4074249,6476,3716788,13019,7508349
2021-08-25 15:00:00,6711,3798375,6209.0,3440412,440.0,283025.0,7151,4081400,6649,3723437,13360,7521709
2021-08-26 15:00:00,6965,3805340,6642.0,3447054,428.0,283453.0,7393,4088793,7070,3730507,14035,7535744
2021-08-27 15:00:00,6826,3812166,7063.0,3454117,316.0,283769.0,7142,4095935,7379,3737886,14205,7549949
2021-08-28 15:00:00,6902,3819068,6513.0,3460630,324.0,284093.0,7226,4103161,6837,3744723,13739,7563688
2021-08-29 15:00:00,3736,3822804,3686.0,3464316,610.0,284703.0,4346,4107507,4296,3749019,8032,7571720
2021-08-30 15:00:00,5927,3828731,6116.0,3470432,960.0,285663.0,6887,4114394,7076,3756095,13003,7584723
2021-08-31 15:00:00,5897,3834628,6047.0,3476479,946.0,286609.0,6843,4121237,6993,3763088,12890,7597613
2021-09-01 15:00:00,5582,3840210,5648.0,3482127,915.0,287524.0,6497,4127734,6563,3769651,12145,7609758
2021-09-02 15:00:00,5529,3845739,5917.0,3488044,707.0,288231.0,6236,4133970,6624,3776275,12153,7621911
2021-09-03 15:00:00,5990,3851729,6920.0,3494964,973.0,289204.0,6963,4140933,7893,3784168,13883,7635794
2021-09-04 15:00:00,3728,3855457,4344.0,3499308,879.0,290083.0,4607,4145540,5223,3789391,8951,7644745
2021-09-05 15:00:00,2953,3858410,2805.0,3502113,106.0,290189.0,3059,4148599,2911,3792302,5864,7650609
2021-09-06 15:00:00,1059,3859469,1151.0,3503264,64.0,290253.0,1123,4149722,1215,3793517,2274,7652883
2021-09-07 15:00:00,5340,3864809,7294.0,3510558,2303.0,292556.0,7643,4157365,9597,3803114,14937,7667820
2021-09-08 15:00:00,4654,3869463,5469.0,3516027,364.0,292920.0,5018,4162383,5833,3808947,10487,7678307
2021-09-09 15:00:00,5012,3874475,5450.0,3521477,324.0,293244.0,5336,4167719,5774,3814721,10786,7689093
2021-09-10 15:00:00,6516,3880991,6647.0,3528124,1719.0,294963.0,8235,4175954,8366,3823087,14882,7703975
2021-09-11 15:00:00,4170,3885161,4330.0,3532454,666.0,295629.0,4836,4180790,4996,3828083,9166,7713141
2021-09-12 15:00:00,3170,3888331,3241.0,3535695,436.0,296065.0,3606,4184396,3677,3831760,6847,7719988
2021-09-13 15:00:00,4880,3893211,5060.0,3540755,346.0,296411.0,5226,4189622,5406,3837166,10286,7730274
2021-09-14 15:00:00,4771,3897982,5432.0,3546187,435.0,296846.0,5206,4194828,5867,3843033,10638,7740912
2021-09-15 15:00:00,5032,3903014,5863.0,3552050,389.0,297235.0,5421,4200249,6252,3849285,11284,7752196
2021-09-16 15:00:00,4805,3907819,5837.0,3557887,336.0,297571.0,5141,4205390,6173,3855458,10978,7763174
2021-09-17 15:00:00,5252,3913071,6579.0,3564466,343.0,297914.0,5595,4210985,6922,3862380,12174,7775348
2021-09-18 15:00:00,3802,3916873,4572.0,3569038,185.0,298099.0,3987,4214972,4757,3867137,8559,7783907
2021-09-19 15:00:00,2743,3919616,3167.0,3572205,75.0,298174.0,2818,4217790,3242,3870379,5985,7789892
2021-09-20 15:00:00,3745,3923361,4678.0,3576883,430.0,298604.0,4175,4221965,5108,3875487,8853,7798745
2021-09-21 15:00:00,4004,3927365,5000.0,3581883,327.0,298931.0,4331,4226296,5327,3880814,9331,7808076
2021-09-22 15:00:00,4196,3931561,4768.0,3586651,458.0,299389.0,4654,4230950,5226,3886040,9422,7817498
2021-09-23 15:00:00,4170,3935731,4731.0,3591382,492.0,299881.0,4662,4235612,5223,3891263,9393,7826891
2021-09-24 15:00:00,5073,3940804,5603.0,3596985,422.0,300303.0,5495,4241107,6025,3897288,11098,7837989
2021-09-25 15:00:00,3627,3944431,3632.0,3600617,384.0,300687.0,4011,4245118,4016,3901304,7643,7845632
2021-09-26 15:00:00,2356,3946787,2666.0,3603283,425.0,301112.0,2781,4247899,3091,3904395,5447,7851079
2021-09-27 15:00:00,4504,3951291,2706.0,3605989,510.0,301622.0,5014,4252913,3216,3907611,7720,7858799
2021-09-28 15:00:00,4398,3955689,4447.0,3610436,211.0,301833.0,4609,4257522,4658,3912269,9056,7867855
2021-09-29 15:00:00,4695,3960384,4507.0,3614943,919.0,302752.0,5614,4263136,5426,3917695,10121,7877976
2021-09-30 15:00:00,4887,3965271,4558.0,3619501,794.0,303546.0,5681,4268817,5352,3923047,10239,7888215
2021-10-01 15:00:00,5485,3970756,5320.0,3624821,782.0,304328.0,6267,4275084,6102,3929149,11587,7899802
2021-10-02 15:00:00,2937,3973693,2894.0,3627715,187.0,304515.0,3124,4278208,3081,3932230,6018,7905820
2021-10-03 15:00:00,2078,3975771,2375.0,3630090,86.0,304601.0,2164,4280372,2461,3934691,4539,7910359
2021-10-04 15:00:00,4020,3979791,3496.0,3633586,233.0,304834.0,4253,4284625,3729,3938420,7749,7918108
2021-10-05 15:00:00,3956,3983747,3661.0,3637247,207.0,305041.0,4163,4288788,3868,3942288,7824,7925932
2021-10-06 15:00:00,4026,3987773,3578.0,3640825,264.0,305305.0,4290,4293078,3842,3946130,7868,7933800
2021-10-07 15:00:00,4231,3992004,3627.0,3644452,331.0,305636.0,4562,4297640,3958,3950088,8189,7941989
2021-10-08 15:00:00,4773,3996777,4280.0,3648732,282.0,305918.0,5055,4302695,4562,3954650,9335,7951324
2021-10-09 15:00:00,2686,3999463,2679.0,3651411,270.0,306188.0,2956,4305651,2949,3957599,5635,7956959
2021-10-10 15:00:00,1864,4001327,1846.0,3653257,59.0,306247.0,1923,4307574,1905,3959504,3769,7960728
2021-10-11 15:00:00,4217,4005544,3331.0,3656588,249.0,306496.0,4466,4312040,3580,3963084,7797,7968525
2021-10-12 15:00:00,3590,4009134,3525.0,3660113,273.0,306769.0,3863,4315903,3798,3966882,7388,7975913
2021-10-13 15:00:00,3957,4013091,3456.0,3663569,346.0,307115.0,4303,4320206,3802,3970684,7759,7983672
2021-10-14 15:00:00,5165,4018256,5484.0,3669053,429.0,307544.0,5594,4325800,5913,3976597,11078,7994750
2021-10-15 15:00:00,4703,4022959,4585.0,3673638,347.0,307891.0,5050,4330850,4932,3981529,9635,8004385
2021-10-16 15:00:00,2494,4025453,2506.0,3676144,290.0,308181.0,2784,4333634,2796,3984325,5290,8009675
2021-10-17 15:00:00,1807,4027260,1776.0,3677920,55.0,308236.0,1862,4335496,1831,3986156,3638,8013313
2021-10-18 15:00:00,4282,4031542,3578.0,3681498,267.0,308503.0,4549,4340045,3845,3990001,8127,8021440
2021-10-19 15:00:00,4302,4035844,4029.0,3685527,222.0,308725.0,4524,4344569,4251,3994252,8553,8029993
2021-10-20 15:00:00,3527,4039371,3424.0,3688951,254.0,308979.0,3781,4348350,3678,3997930,7205,8037198
2021-10-21 15:00:00,3298,4042669,3265.0,3692216,290.0,309269.0,3588,4351938,3555,4001485,6853,8044051
2021-10-22 15:00:00,4678,4047347,4028.0,3696244,476.0,309745.0,5154,4357092,4504,4005989,9182,8053233
2021-10-23 15:00:00,2888,4050235,2115.0,3698359,321.0,310066.0,3209,4360301,2436,4008425,5324,8058557
2021-10-24 15:00:00,2057,4052292,1559.0,3699918,78.0,310144.0,2135,4362436,1637,4010062,3694,8062251
2021-10-25 15:00:00,4549,4056841,3076.0,3702994,316.0,310460.0,4865,4367301,3392,4013454,7941,8070192
2021-10-26 15:00:00,4506,4061347,3093.0,3706087,310.0,310770.0,4816,4372117,3403,4016857,7909,8078101
2021-10-27 15:00:00,4739,4066086,3344.0,3709431,429.0,311199.0,5168,4377285,3773,4020630,8512,8086613
2021-10-28 15:00:00,4553,4070639,3367.0,3712798,498.0,311697.0,5051,4382336,3865,4024495,8418,8095031
2021-10-29 15:00:00,4973,4075612,3919.0,3716717,393.0,312090.0,5366,4387702,4312,4028807,9285,8104316
2021-10-30 15:00:00,2631,4078243,1845.0,3718562,308.0,312398.0,2939,4390641,2153,4030960,4784,8109100
2021-10-31 15:00:00,1943,4080186,1520.0,3720082,93.0,312491.0,2036,4392677,1613,4032573,3556,8112656
2021-11-01 15:00:00,4696,4084882,3426.0,3723508,342.0,312833.0,5038,4397715,3768,4036341,8464,8121120
2021-11-02 15:00:00,4257,4089139,2949.0,3726457,406.0,313239.0,4663,4402378,3355,4039696,7612,8128732
2021-11-03 15:00:00,4665,4093804,3060.0,3729517,458.0,313697.0,5123,4407501,3518,4043214,8183,8136915
2021-11-04 15:00:00,6296,4100100,3361.0,3732878,512.0,314209.0,6808,4414309,3873,4047087,10169,8147084
2021-11-05 15:00:00,8226,4108326,3763.0,3736641,408.0,314617.0,8634,4422943,4171,4051258,12397,8159481
2021-11-06 15:00:00,10176,4118502,1979.0,3738620,305.0,314922.0,10481,4433424,2284,4053542,12460,8171941
2021-11-07 15:00:00,7721,4126223,1469.0,3740089,94.0,315016.0,7815,4441239,1563,4055105,9284,8181225
2021-11-08 15:00:00,11288,4137511,3039.0,3743128,379.0,315395.0,11667,4452906,3418,4058523,14706,8195931
2021-11-09 15:00:00,11751,4149262,2656.0,3745784,269.0,315664.0,12020,4464926,2925,4061448,14676,8210607
2021-11-10 15:00:00,12578,4161840,2763.0,3748547,337.0,316001.0,12915,4477841,3100,4064548,15678,8226285
2021-11-11 15:00:00,11346,4173186,2384.0,3750931,281.0,316282.0,11627,4489468,2665,4067213,14011,8240296
2021-11-12 15:00:00,12278,4185464,3351.0,3754282,547.0,316829.0,12825,4502293,3898,4071111,16176,8256472
2021-11-13 15:00:00,9787,4195251,1588.0,3755870,342.0,317171.0,10129,4512422,1930,4073041,11717,8268189
2021-11-14 15:00:00,3920,4199171,1130.0,3757000,121.0,317292.0,4041,4516463,1251,4074292,5171,8273360
2021-11-15 15:00:00,8604,4207775,2527.0,3759527,204.0,317496.0,8808,4525271,2731,4077023,11335,8284695
2021-11-16 15:00:00,9224,4216999,2491.0,3762018,255.0,317751.0,9479,4534750,2746,4079769,11970,8296665
2021-11-17 15:00:00,9394,4226393,2880.0,3764898,312.0,318063.0,9706,4544456,3192,4082961,12586,8309251
2021-11-18 15:00:00,9285,4235678,2631.0,3767529,480.0,318543.0,9765,4554221,3111,4086072,12396,8321647
2021-11-19 15:00:00,9791,4245469,2917.0,3770446,381.0,318924.0,10172,4564393,3298,4089370,13089,8334736
2021-11-20 15:00:00,10624,4256093,1607.0,3772053,455.0,319379.0,11079,4575472,2062,4091432,12686,8347422
2021-11-21 15:00:00,4346,4260439,1200.0,3773253,99.0,319478.0,4445,4579917,1299,4092731,5645,8353067
2021-11-22 15:00:00,9796,4270235,2492.0,3775745,292.0,319770.0,10088,4590005,2784,4095515,12580,8365647
2021-11-23 15:00:00,9166,4279401,2398.0,3778143,280.0,320050.0,9446,4599451,2678,4098193,11844,8377491
2021-11-24 15:00:00,8148,4287549,2446.0,3780589,215.0,320265.0,8363,4607814,2661,4100854,10809,8388300
2021-11-25 15:00:00,238,4287787,76.0,3780665,10.0,320275.0,248,4608062,86,4100940,324,8388624
2021-11-26 15:00:00,5657,4293444,3954.0,3784619,152.0,320427.0,5809,4613871,4106,4105046,9763,8398387
2021-11-27 15:00:00,3786,4297230,5448.0,3790067,134.0,320561.0,3920,4617791,5582,4110628,9368,8407755
2021-11-28 15:00:00,2415,4299645,6381.0,3796448,77.0,320638.0,2492,4620283,6458,4117086,8873,8416628
2021-11-29 15:00:00,6378,4306023,9267.0,3805715,379.0,321017.0,6757,4627040,9646,4126732,16024,8432652
2021-11-30 15:00:00,6241,4312264,9278.0,3814993,264.0,321281.0,6505,4633545,9542,4136274,15783,8448435
2021-12-01 15:00:00,7260,4319524,9653.0,3824646,305.0,321586.0,7565,4641110,9958,4146232,17218,8465653
2021-12-02 15:00:00,6903,4326427,8744.0,3833390,450.0,322036.0,7353,4648463,9194,4155426,16097,8481750
2021-12-03 15:00:00,7578,4334005,9245.0,3842635,250.0,322286.0,7828,4656291,9495,4164921,17073,8498823
2021-12-04 15:00:00,5960,4339965,9913.0,3852548,465.0,322751.0,6425,4662716,10378,4175299,16338,8515161
2021-12-05 15:00:00,3469,4343434,3286.0,3855834,77.0,322828.0,3546,4666262,3363,4178662,6832,8521993
2021-12-06 15:00:00,6740,4350174,7080.0,3862914,276.0,323104.0,7016,4673278,7356,4186018,14096,8536089
2021-12-07 15:00:00,6401,4356575,7003.0,3869917,249.0,323353.0,6650,4679928,7252,4193270,13653,8549742
2021-12-08 15:00:00,6927,4363502,7400.0,3877317,316.0,323669.0,7243,4687171,7716,4200986,14643,8564385
2021-12-09 15:00:00,6510,4370012,6958.0,3884275,396.0,324065.0,6906,4694077,7354,4208340,13864,8578249
2021-12-10 15:00:00,7244,4377256,7305.0,3891580,229.0,324294.0,7473,4701550,7534,4215874,14778,8593027
2021-12-11 15:00:00,4457,4381713,7652.0,3899232,333.0,324627.0,4790,4706340,7985,4223859,12442,8605469
2021-12-12 15:00:00,3993,4385706,2783.0,3902015,60.0,324687.0,4053,4710393,2843,4226702,6836,8612305
2021-12-13 15:00:00,5697,4391403,5738.0,3907753,243.0,324930.0,5940,4716333,5981,4232683,11678,8623983
2021-12-14 15:00:00,6444,4397847,5897.0,3913650,220.0,325150.0,6664,4722997,6117,4238800,12561,8636544
2021-12-15 15:00:00,7128,4404975,5668.0,3919318,252.0,325402.0,7380,4730377,5920,4244720,13048,8649592
2021-12-16 15:00:00,7839,4412814,2804.0,3922122,421.0,325823.0,8260,4738637,3225,4247945,11064,8660656
2021-12-17 15:00:00,7792,4420606,4147.0,3926269,195.0,326018.0,7987,4746624,4342,4252287,12134,8672790
2021-12-18 15:00:00,5808,4426414,3175.0,3929444,298.0,326316.0,6106,4752730,3473,4255760,9281,8682071
2021-12-19 15:00:00,3381,4429795,1344.0,3930788,36.0,326352.0,3417,4756147,1380,4257140,4761,8686832
2021-12-20 15:00:00,8042,4437837,3732.0,3934520,173.0,326525.0,8215,4764362,3905,4261045,11947,8698779
2021-12-21 15:00:00,8951,4446788,4110.0,3938630,172.0,326697.0,9123,4773485,4282,4265327,13233,8712012
2021-12-22 15:00:00,8666,4455454,3836.0,3942466,183.0,326880.0,8849,4782334,4019,4269346,12685,8724697
2021-12-23 15:00:00,8393,4463847,3533.0,3945999,360.0,327240.0,8753,4791087,3893,4273239,12286,8736983
2021-12-24 15:00:00,1622,4465469,1002.0,3947001,39.0,327279.0,1661,4792748,1041,4274280,2663,8739646
2021-12-25 15:00:00,51,4465520,35.0,3947036,1.0,327280.0,52,4792800,36,4274316,87,8739733
2021-12-26 15:00:00,2518,4468038,1749.0,3948785,44.0,327324.0,2562,4795362,1793,4276109,4311,8744044
2021-12-27 15:00:00,7172,4475210,3969.0,3952754,295.0,327619.0,7467,4802829,4264,4280373,11436,8755480
2021-12-28 15:00:00,7834,4483044,3804.0,3956558,175.0,327794.0,8009,4810838,3979,4284352,11813,8767293
2021-12-29 15:00:00,8161,4491205,4003.0,3960561,155.0,327949.0,8316,4819154,4158,4288510,12319,8779612
2021-12-30 15:00:00,7453,4498658,3755.0,3964316,288.0,328237.0,7741,4826895,4043,4292553,11496,8791108
2021-12-31 15:00:00,2555,4501213,1521.0,3965837,92.0,328329.0,2647,4829542,1613,4294166,4168,8795276
2022-01-01 15:00:00,734,4501947,344.0,3966181,31.0,328360.0,765,4830307,375,4294541,1109,8796385
2022-01-02 15:00:00,2213,4504160,1642.0,3967823,47.0,328407.0,2260,4832567,1689,4296230,3902,8800287
2022-01-03 15:00:00,3383,4507543,2061.0,3969884,221.0,328628.0,3604,4836171,2282,4298512,5665,8805952
2022-01-04 15:00:00,5784,4513327,3429.0,3973313,162.0,328790.0,5946,4842117,3591,4302103,9375,8815327
2022-01-05 15:00:00,6789,4520116,4676.0,3977989,175.0,328965.0,6964,4849081,4851,4306954,11640,8826967
2022-01-06 15:00:00,6698,4526814,4771.0,3982760,262.0,329227.0,6960,4856041,5033,4311987,11731,8838698
2022-01-07 15:00:00,5907,4532721,3713.0,3986473,159.0,329386.0,6066,4862107,3872,4315859,9779,8848477
2022-01-08 15:00:00,4770,4537491,3881.0,3990354,78.0,329464.0,4848,4866955,3959,4319818,8729,8857206
2022-01-09 15:00:00,2755,4540246,2012.0,3992366,154.0,329618.0,2909,4869864,2166,4321984,4921,8862127
2022-01-10 15:00:00,6278,4546524,3797.0,3996163,155.0,329773.0,6433,4876297,3952,4325936,10230,8872357
2022-01-11 15:00:00,6500,4553024,4249.0,4000412,141.0,329914.0,6641,4882938,4390,4330326,10890,8883247
2022-01-12 15:00:00,6737,4559761,4425.0,4004837,225.0,330139.0,6962,4889900,4650,4334976,11387,8894634
2022-01-13 15:00:00,6522,4566283,4397.0,4009234,150.0,330289.0,6672,4896572,4547,4339523,11069,8905703
2022-01-14 15:00:00,7123,4573406,3238.0,4012472,252.0,330541.0,7375,4903947,3490,4343013,10613,8916316
2022-01-15 15:00:00,4113,4577519,1663.0,4014135,70.0,330611.0,4183,4908130,1733,4344746,5846,8922162
2022-01-16 15:00:00,2162,4579681,1305.0,4015440,116.0,330727.0,2278,4910408,1421,4346167,3583,8925745
2022-01-17 15:00:00,3586,4583267,2325.0,4017765,73.0,330800.0,3659,4914067,2398,4348565,5984,8931729
2022-01-18 15:00:00,5166,4588433,4091.0,4021856,99.0,330899.0,5265,4919332,4190,4352755,9356,8941085
2022-01-19 15:00:00,5165,4593598,4345.0,4026201,96.0,330995.0,5261,4924593,4441,4357196,9606,8950691
2022-01-20 15:00:00,4323,4597921,3477.0,4029678,175.0,331170.0,4498,4929091,3652,4360848,7975,8958666
2022-01-21 15:00:00,5310,4603231,2737.0,4032415,113.0,331283.0,5423,4934514,2850,4363698,8160,8966826
2022-01-22 15:00:00,3305,4606536,1656.0,4034071,133.0,331416.0,3438,4937952,1789,4365487,5094,8971920
2022-01-23 15:00:00,1869,4608405,1438.0,4035509,22.0,331438.0,1891,4939843,1460,4366947,3329,8975249
2022-01-24 15:00:00,3918,4612323,2582.0,4038091,79.0,331517.0,3997,4943840,2661,4369608,6579,8981828
2022-01-25 15:00:00,1776,4614099,1573.0,4039664,56.0,331573.0,1832,4945672,1629,4371237,3405,8985233
