VACCINATION_DATE,FirstDailyDose,FirstDoseCumulative,SecondDailyDose,SecondDoseCumulative,SingleDailyDose,SingleDoseCumulative,AtleastOneVaccine,AtleastOneVaccineCumulative,CompletedVax,CompletedVaxCumulative,FirstSecondSingleVaccinations,FirstSecondSingleVaccinationsCumulative
2020-12-14 15:00:00,17,1037,,392,,,17,1037,0,392,17,1346
2020-12-15 15:00:00,54,1091,2.0,394,,,54,1091,2,394,56,1402
2020-12-16 15:00:00,577,1668,2.0,396,,,577,1668,2,396,579,1981
2020-12-17 15:00:00,1144,2812,2.0,398,,,1144,2812,2,398,1146,3127
2020-12-18 15:00:00,2993,5805,10.0,408,,,2993,5805,10,408,3003,6130
2020-12-19 15:00:00,919,6724,5.0,413,,,919,6724,5,413,924,7054
2020-12-20 15:00:00,339,7063,4.0,417,,,339,7063,4,417,343,7397
2020-12-21 15:00:00,3862,10925,22.0,439,,,3862,10925,22,439,3884,11281
2020-12-22 15:00:00,6295,17220,21.0,460,,,6295,17220,21,460,6316,17597
2020-12-23 15:00:00,5737,22957,31.0,491,,,5737,22957,31,491,5768,23365
2020-12-24 15:00:00,2717,25674,12.0,503,,,2717,25674,12,503,2729,26094
2020-12-25 15:00:00,1034,26708,3.0,506,,,1034,26708,3,506,1037,27131
2020-12-26 15:00:00,1872,28580,9.0,515,,,1872,28580,9,515,1881,29012
2020-12-27 15:00:00,1795,30375,10.0,525,,,1795,30375,10,525,1805,30817
2020-12-28 15:00:00,8957,39332,39.0,564,,,8957,39332,39,564,8996,39813
2020-12-29 15:00:00,10923,50255,44.0,608,,,10923,50255,44,608,10967,50780
2020-12-30 15:00:00,12463,62718,68.0,676,,,12463,62718,68,676,12531,63311
2020-12-31 15:00:00,7514,70232,37.0,713,,,7514,70232,37,713,7551,70862
2021-01-01 15:00:00,2675,72907,117.0,830,,,2675,72907,117,830,2792,73654
2021-01-02 15:00:00,2990,75897,34.0,864,,,2990,75897,34,864,3024,76678
2021-01-03 15:00:00,3373,79270,80.0,944,,,3373,79270,80,944,3453,80131
2021-01-04 15:00:00,13282,92552,320.0,1264,,,13282,92552,320,1264,13602,93733
2021-01-05 15:00:00,12413,104965,520.0,1784,,,12413,104965,520,1784,12933,106666
2021-01-06 15:00:00,15178,120143,842.0,2626,,,15178,120143,842,2626,16020,122686
2021-01-07 15:00:00,14953,135096,1737.0,4363,,,14953,135096,1737,4363,16690,139376
2021-01-08 15:00:00,23956,159052,2732.0,7095,,,23956,159052,2732,7095,26688,166064
2021-01-09 15:00:00,5135,164187,938.0,8033,,,5135,164187,938,8033,6073,172137
2021-01-10 15:00:00,2932,167119,370.0,8403,,,2932,167119,370,8403,3302,175439
2021-01-11 15:00:00,13679,180798,3437.0,11840,,,13679,180798,3437,11840,17116,192555
2021-01-12 15:00:00,17308,198106,5559.0,17399,,,17308,198106,5559,17399,22867,215422
2021-01-13 15:00:00,18507,216613,3864.0,21263,,,18507,216613,3864,21263,22371,237793
2021-01-14 15:00:00,17778,234391,1929.0,23192,,,17778,234391,1929,23192,19707,257500
2021-01-15 15:00:00,19384,253775,1976.0,25168,,,19384,253775,1976,25168,21360,278860
2021-01-16 15:00:00,5790,259565,1597.0,26765,,,5790,259565,1597,26765,7387,286247
2021-01-17 15:00:00,2104,261669,1470.0,28235,,,2104,261669,1470,28235,3574,289821
2021-01-18 15:00:00,7042,268711,3234.0,31469,,,7042,268711,3234,31469,10276,300097
2021-01-19 15:00:00,16881,285592,5369.0,36838,,,16881,285592,5369,36838,22250,322347
2021-01-20 15:00:00,20965,306557,5257.0,42095,,,20965,306557,5257,42095,26222,348569
2021-01-21 15:00:00,23714,330271,3772.0,45867,,,23714,330271,3772,45867,27486,376055
2021-01-22 15:00:00,28615,358886,3682.0,49549,,,28615,358886,3682,49549,32297,408352
2021-01-23 15:00:00,10071,368957,1909.0,51458,,,10071,368957,1909,51458,11980,420332
2021-01-24 15:00:00,3340,372297,1707.0,53165,,,3340,372297,1707,53165,5047,425379
2021-01-25 15:00:00,16262,388559,8528.0,61693,,,16262,388559,8528,61693,24790,450169
2021-01-26 15:00:00,17522,406081,8925.0,70618,,,17522,406081,8925,70618,26447,476616
2021-01-27 15:00:00,24413,430494,12487.0,83105,,,24413,430494,12487,83105,36900,513516
2021-01-28 15:00:00,22621,453115,9247.0,92352,,,22621,453115,9247,92352,31868,545384
2021-01-29 15:00:00,24723,477838,7841.0,100193,,,24723,477838,7841,100193,32564,577948
2021-01-30 15:00:00,17746,495584,2504.0,102697,,,17746,495584,2504,102697,20250,598198
2021-01-31 15:00:00,3746,499330,1320.0,104017,,,3746,499330,1320,104017,5066,603264
2021-02-01 15:00:00,7660,506990,5131.0,109148,,,7660,506990,5131,109148,12791,616055
2021-02-02 15:00:00,12419,519409,13736.0,122884,,,12419,519409,13736,122884,26155,642210
2021-02-03 15:00:00,18173,537582,18055.0,140939,,,18173,537582,18055,140939,36228,678438
2021-02-04 15:00:00,22035,559617,15685.0,156624,,,22035,559617,15685,156624,37720,716158
2021-02-05 15:00:00,20243,579860,17337.0,173961,,,20243,579860,17337,173961,37580,753738
2021-02-06 15:00:00,11263,591123,14420.0,188381,,,11263,591123,14420,188381,25683,779421
2021-02-07 15:00:00,5906,597029,1788.0,190169,,,5906,597029,1788,190169,7694,787115
2021-02-08 15:00:00,12922,609951,12862.0,203031,,,12922,609951,12862,203031,25784,812899
2021-02-09 15:00:00,16584,626535,13801.0,216832,,,16584,626535,13801,216832,30385,843284
2021-02-10 15:00:00,19221,645756,21159.0,237991,,,19221,645756,21159,237991,40380,883664
2021-02-11 15:00:00,22834,668590,17257.0,255248,,,22834,668590,17257,255248,40091,923755
2021-02-12 15:00:00,20332,688922,19559.0,274807,,,20332,688922,19559,274807,39891,963646
2021-02-13 15:00:00,11383,700305,6368.0,281175,,,11383,700305,6368,281175,17751,981397
2021-02-14 15:00:00,7093,707398,2093.0,283268,,,7093,707398,2093,283268,9186,990583
2021-02-15 15:00:00,11725,719123,13254.0,296522,,,11725,719123,13254,296522,24979,1015562
2021-02-16 15:00:00,16549,735672,20956.0,317478,,,16549,735672,20956,317478,37505,1053067
2021-02-17 15:00:00,20606,756278,26322.0,343800,,,20606,756278,26322,343800,46928,1099995
2021-02-18 15:00:00,3172,759450,4583.0,348383,,,3172,759450,4583,348383,7755,1107750
2021-02-19 15:00:00,10219,769669,19881.0,368264,,,10219,769669,19881,368264,30100,1137850
2021-02-20 15:00:00,10277,779946,20237.0,388501,,,10277,779946,20237,388501,30514,1168364
2021-02-21 15:00:00,6148,786094,7611.0,396112,,,6148,786094,7611,396112,13759,1182123
2021-02-22 15:00:00,7994,794088,15424.0,411536,,,7994,794088,15424,411536,23418,1205541
2021-02-23 15:00:00,15491,809579,15897.0,427433,,,15491,809579,15897,427433,31388,1236929
2021-02-24 15:00:00,17896,827475,24688.0,452121,,,17896,827475,24688,452121,42584,1279513
2021-02-25 15:00:00,20361,847836,26467.0,478588,,,20361,847836,26467,478588,46828,1326341
2021-02-26 15:00:00,26676,874512,26106.0,504694,,,26676,874512,26106,504694,52782,1379123
2021-02-27 15:00:00,15946,890458,11085.0,515779,,,15946,890458,11085,515779,27031,1406154
2021-02-28 15:00:00,15485,905943,4833.0,520612,,,15485,905943,4833,520612,20318,1426472
2021-03-01 15:00:00,26181,932124,12361.0,532973,,,26181,932124,12361,532973,38542,1465014
2021-03-02 15:00:00,23796,955920,13203.0,546176,31.0,31.0,23827,955951,13234,546207,37030,1502044
2021-03-03 15:00:00,30024,985944,18318.0,564494,180.0,211.0,30204,986155,18498,564705,48522,1550566
2021-03-04 15:00:00,30906,1016850,18108.0,582602,4065.0,4276.0,34971,1021126,22173,586878,53079,1603645
2021-03-05 15:00:00,29370,1046220,19389.0,601991,4910.0,9186.0,34280,1055406,24299,611177,53669,1657314
2021-03-06 15:00:00,17808,1064028,8928.0,610919,6003.0,15189.0,23811,1079217,14931,626108,32739,1690053
2021-03-07 15:00:00,12091,1076119,4818.0,615737,6610.0,21799.0,18701,1097918,11428,637536,23519,1713572
2021-03-08 15:00:00,25798,1101917,8764.0,624501,8277.0,30076.0,34075,1131993,17041,654577,42839,1756411
2021-03-09 15:00:00,26048,1127965,15381.0,639882,8342.0,38418.0,34390,1166383,23723,678300,49771,1806182
2021-03-10 15:00:00,29781,1157746,15901.0,655783,7934.0,46352.0,37715,1204098,23835,702135,53616,1859798
2021-03-11 15:00:00,35886,1193632,16374.0,672157,3982.0,50334.0,39868,1243966,20356,722491,56242,1916040
2021-03-12 15:00:00,36841,1230473,17998.0,690155,2923.0,53257.0,39764,1283730,20921,743412,57762,1973802
2021-03-13 15:00:00,22625,1253098,10229.0,700384,1605.0,54862.0,24230,1307960,11834,755246,34459,2008261
2021-03-14 15:00:00,17822,1270920,6666.0,707050,996.0,55858.0,18818,1326778,7662,762908,25484,2033745
2021-03-15 15:00:00,29732,1300652,11209.0,718259,593.0,56451.0,30325,1357103,11802,774710,41534,2075279
2021-03-16 15:00:00,33349,1334001,13496.0,731755,762.0,57213.0,34111,1391214,14258,788968,47607,2122886
2021-03-17 15:00:00,37503,1371504,16945.0,748700,1174.0,58387.0,38677,1429891,18119,807087,55622,2178508
2021-03-18 15:00:00,41335,1412839,12539.0,761239,1348.0,59735.0,42683,1472574,13887,820974,55222,2233730
2021-03-19 15:00:00,38233,1451072,15336.0,776575,1034.0,60769.0,39267,1511841,16370,837344,54603,2288333
2021-03-20 15:00:00,24632,1475704,10060.0,786635,692.0,61461.0,25324,1537165,10752,848096,35384,2323717
2021-03-21 15:00:00,19123,1494827,7807.0,794442,332.0,61793.0,19455,1556620,8139,856235,27262,2350979
2021-03-22 15:00:00,32503,1527330,11407.0,805849,833.0,62626.0,33336,1589956,12240,868475,44743,2395722
2021-03-23 15:00:00,37704,1565034,17255.0,823104,1552.0,64178.0,39256,1629212,18807,887282,56511,2452233
2021-03-24 15:00:00,40999,1606033,21097.0,844201,1379.0,65557.0,42378,1671590,22476,909758,63475,2515708
2021-03-25 15:00:00,42277,1648310,20933.0,865134,2456.0,68013.0,44733,1716323,23389,933147,65666,2581374
2021-03-26 15:00:00,36538,1684848,26195.0,891329,2500.0,70513.0,39038,1755361,28695,961842,65233,2646607
2021-03-27 15:00:00,26888,1711736,16729.0,908058,2482.0,72995.0,29370,1784731,19211,981053,46099,2692706
2021-03-28 15:00:00,16997,1728733,12587.0,920645,1613.0,74608.0,18610,1803341,14200,995253,31197,2723903
2021-03-29 15:00:00,29665,1758398,26170.0,946815,1138.0,75746.0,30803,1834144,27308,1022561,56973,2780876
2021-03-30 15:00:00,39970,1798368,28874.0,975689,1853.0,77599.0,41823,1875967,30727,1053288,70697,2851573
2021-03-31 15:00:00,40975,1839343,34537.0,1010226,5746.0,83345.0,46721,1922688,40283,1093571,81258,2932831
2021-04-01 15:00:00,40794,1880137,39669.0,1049895,5619.0,88964.0,46413,1969101,45288,1138859,86082,3018913
2021-04-02 15:00:00,34909,1915046,32430.0,1082325,6107.0,95071.0,41016,2010117,38537,1177396,73446,3092359
2021-04-03 15:00:00,21586,1936632,18638.0,1100963,4364.0,99435.0,25950,2036067,23002,1200398,44588,3136947
2021-04-04 15:00:00,8226,1944858,10150.0,1111113,961.0,100396.0,9187,2045254,11111,1211509,19337,3156284
2021-04-05 15:00:00,27839,1972697,28789.0,1139902,6644.0,107040.0,34483,2079737,35433,1246942,63272,3219556
2021-04-06 15:00:00,39695,2012392,30337.0,1170239,10481.0,117521.0,50176,2129913,40818,1287760,80513,3300069
2021-04-07 15:00:00,35978,2048370,34124.0,1204363,12961.0,130482.0,48939,2178852,47085,1334845,83063,3383132
2021-04-08 15:00:00,42227,2090597,35932.0,1240295,13844.0,144326.0,56071,2234923,49776,1384621,92003,3475135
2021-04-09 15:00:00,33961,2124558,36221.0,1276516,14517.0,158843.0,48478,2283401,50738,1435359,84699,3559834
2021-04-10 15:00:00,23413,2147971,23065.0,1299581,7617.0,166460.0,31030,2314431,30682,1466041,54095,3613929
2021-04-11 15:00:00,17541,2165512,13246.0,1312827,10123.0,176583.0,27664,2342095,23369,1489410,40910,3654839
2021-04-12 15:00:00,24539,2190051,33080.0,1345907,10885.0,187468.0,35424,2377519,43965,1533375,68504,3723343
2021-04-13 15:00:00,126734,2316785,90510.0,1436417,3292.0,190760.0,130026,2507545,93802,1627177,220536,3943879
2021-04-14 15:00:00,40659,2357444,37693.0,1474110,210.0,190970.0,40869,2548414,37903,1665080,78562,4022441
2021-04-15 15:00:00,41644,2399088,39078.0,1513188,173.0,191143.0,41817,2590231,39251,1704331,80895,4103336
2021-04-16 15:00:00,37162,2436250,38656.0,1551844,23.0,191166.0,37185,2627416,38679,1743010,75841,4179177
2021-04-17 15:00:00,32754,2469004,21945.0,1573789,12.0,191178.0,32766,2660182,21957,1764967,54711,4233888
2021-04-18 15:00:00,20052,2489056,16159.0,1589948,5.0,191183.0,20057,2680239,16164,1781131,36216,4270104
2021-04-19 15:00:00,29856,2518912,36445.0,1626393,61.0,191244.0,29917,2710156,36506,1817637,66362,4336466
2021-04-20 15:00:00,33068,2551980,44106.0,1670499,54.0,191298.0,33122,2743278,44160,1861797,77228,4413694
2021-04-21 15:00:00,39755,2591735,46846.0,1717345,22.0,191320.0,39777,2783055,46868,1908665,86623,4500317
2021-04-22 15:00:00,36357,2628092,41910.0,1759255,16.0,191336.0,36373,2819428,41926,1950591,78283,4578600
2021-04-23 15:00:00,33066,2661158,39937.0,1799192,13.0,191349.0,33079,2852507,39950,1990541,73016,4651616
2021-04-24 15:00:00,26383,2687541,27793.0,1826985,80.0,191429.0,26463,2878970,27873,2018414,54256,4705872
2021-04-25 15:00:00,20209,2707750,10907.0,1837892,30.0,191459.0,20239,2899209,10937,2029351,31146,4737018
2021-04-26 15:00:00,27389,2735139,32567.0,1870459,203.0,191662.0,27592,2926801,32770,2062121,60159,4797177
2021-04-27 15:00:00,26689,2761828,32908.0,1903367,1096.0,192758.0,27785,2954586,34004,2096125,60693,4857870
2021-04-28 15:00:00,28900,2790728,39379.0,1942746,1362.0,194120.0,30262,2984848,40741,2136866,69641,4927511
2021-04-29 15:00:00,27290,2818018,39317.0,1982063,1462.0,195582.0,28752,3013600,40779,2177645,68069,4995580
2021-04-30 15:00:00,28155,2846173,32072.0,2014135,1642.0,197224.0,29797,3043397,33714,2211359,61869,5057449
2021-05-01 15:00:00,20422,2866595,26343.0,2040478,1024.0,198248.0,21446,3064843,27367,2238726,47789,5105238
2021-05-02 15:00:00,10267,2876862,16994.0,2057472,818.0,199066.0,11085,3075928,17812,2256538,28079,5133317
2021-05-03 15:00:00,12718,2889580,28367.0,2085839,1908.0,200974.0,14626,3090554,30275,2286813,42993,5176310
2021-05-04 15:00:00,13522,2903102,38357.0,2124196,1732.0,202706.0,15254,3105808,40089,2326902,53611,5229921
2021-05-05 15:00:00,19305,2922407,37620.0,2161816,1919.0,204625.0,21224,3127032,39539,2366441,58844,5288765
2021-05-06 15:00:00,16909,2939316,40477.0,2202293,1714.0,206339.0,18623,3145655,42191,2408632,59100,5347865
2021-05-07 15:00:00,17371,2956687,35934.0,2238227,1954.0,208293.0,19325,3164980,37888,2446520,55259,5403124
2021-05-08 15:00:00,10771,2967458,31139.0,2269366,1291.0,209584.0,12062,3177042,32430,2478950,43201,5446325
2021-05-09 15:00:00,5046,2972504,11883.0,2281249,695.0,210279.0,5741,3182783,12578,2491528,17624,5463949
2021-05-10 15:00:00,8930,2981434,30958.0,2312207,1357.0,211636.0,10287,3193070,32315,2523843,41245,5505194
2021-05-11 15:00:00,12175,2993609,30193.0,2342400,1435.0,213071.0,13610,3206680,31628,2555471,43803,5548997
2021-05-12 15:00:00,13929,3007538,38503.0,2380903,1914.0,214985.0,15843,3222523,40417,2595888,54346,5603343
2021-05-13 15:00:00,21804,3029342,33365.0,2414268,1346.0,216331.0,23150,3245673,34711,2630599,56515,5659858
2021-05-14 15:00:00,24324,3053666,29919.0,2444187,1770.0,218101.0,26094,3271767,31689,2662288,56013,5715871
2021-05-15 15:00:00,21873,3075539,25026.0,2469213,1489.0,219590.0,23362,3295129,26515,2688803,48388,5764259
2021-05-16 15:00:00,9065,3084604,17518.0,2486731,1111.0,220701.0,10176,3305305,18629,2707432,27694,5791953
2021-05-17 15:00:00,16820,3101424,28272.0,2515003,1948.0,222649.0,18768,3324073,30220,2737652,47040,5838993
2021-05-18 15:00:00,21234,3122658,30606.0,2545609,1942.0,224591.0,23176,3347249,32548,2770200,53782,5892775
2021-05-19 15:00:00,27571,3150229,32321.0,2577930,1623.0,226214.0,29194,3376443,33944,2804144,61515,5954290
2021-05-20 15:00:00,20777,3171006,33146.0,2611076,1963.0,228177.0,22740,3399183,35109,2839253,55886,6010176
2021-05-21 15:00:00,19133,3190139,30186.0,2641262,1606.0,229783.0,20739,3419922,31792,2871045,50925,6061101
2021-05-22 15:00:00,16897,3207036,20619.0,2661881,1269.0,231052.0,18166,3438088,21888,2892933,38785,6099886
2021-05-23 15:00:00,8748,3215784,11417.0,2673298,963.0,232015.0,9711,3447799,12380,2905313,21128,6121014
2021-05-24 15:00:00,13561,3229345,17695.0,2690993,1476.0,233491.0,15037,3462836,19171,2924484,32732,6153746
2021-05-25 15:00:00,13007,3242352,18617.0,2709610,1328.0,234819.0,14335,3477171,19945,2944429,32952,6186698
2021-05-26 15:00:00,18263,3260615,19400.0,2729010,1507.0,236326.0,19770,3496941,20907,2965336,39170,6225868
2021-05-27 15:00:00,11681,3272296,18600.0,2747610,1115.0,237441.0,12796,3509737,19715,2985051,31396,6257264
2021-05-28 15:00:00,12513,3284809,19687.0,2767297,1397.0,238838.0,13910,3523647,21084,3006135,33597,6290861
2021-05-29 15:00:00,9549,3294358,11617.0,2778914,934.0,239772.0,10483,3534130,12551,3018686,22100,6312961
2021-05-30 15:00:00,4968,3299326,6409.0,2785323,597.0,240369.0,5565,3539695,7006,3025692,11974,6324935
2021-05-31 15:00:00,1773,3301099,3700.0,2789023,305.0,240674.0,2078,3541773,4005,3029697,5778,6330713
2021-06-01 15:00:00,9764,3310863,16248.0,2805271,1149.0,241823.0,10913,3552686,17397,3047094,27161,6357874
2021-06-02 15:00:00,10221,3321084,16759.0,2822030,958.0,242781.0,11179,3563865,17717,3064811,27938,6385812
2021-06-03 15:00:00,7897,3328981,21117.0,2843147,1085.0,243866.0,8982,3572847,22202,3087013,30099,6415911
2021-06-04 15:00:00,8217,3337198,22220.0,2865367,1121.0,244987.0,9338,3582185,23341,3110354,31558,6447469
2021-06-05 15:00:00,7010,3344208,19393.0,2884760,718.0,245705.0,7728,3589913,20111,3130465,27121,6474590
2021-06-06 15:00:00,3469,3347677,7200.0,2891960,422.0,246127.0,3891,3593804,7622,3138087,11091,6485681
2021-06-07 15:00:00,6847,3354524,15715.0,2907675,724.0,246851.0,7571,3601375,16439,3154526,23286,6508967
2021-06-08 15:00:00,6673,3361197,19644.0,2927319,817.0,247668.0,7490,3608865,20461,3174987,27134,6536101
2021-06-09 15:00:00,8198,3369395,23878.0,2951197,968.0,248636.0,9166,3618031,24846,3199833,33044,6569145
2021-06-10 15:00:00,7164,3376559,19053.0,2970250,894.0,249530.0,8058,3626089,19947,3219780,27111,6596256
2021-06-11 15:00:00,7446,3384005,17671.0,2987921,1125.0,250655.0,8571,3634660,18796,3238576,26242,6622498
2021-06-12 15:00:00,5237,3389242,14706.0,3002627,604.0,251259.0,5841,3640501,15310,3253886,20547,6643045
2021-06-13 15:00:00,1932,3391174,7551.0,3010178,425.0,251684.0,2357,3642858,7976,3261862,9908,6652953
2021-06-14 15:00:00,5654,3396828,11800.0,3021978,728.0,252412.0,6382,3649240,12528,3274390,18182,6671135
2021-06-15 15:00:00,5640,3402468,14276.0,3036254,869.0,253281.0,6509,3655749,15145,3289535,20785,6691920
2021-06-16 15:00:00,8747,3411215,21531.0,3057785,757.0,254038.0,9504,3665253,22288,3311823,31035,6722955
2021-06-17 15:00:00,6673,3417888,12323.0,3070108,718.0,254756.0,7391,3672644,13041,3324864,19714,6742669
2021-06-18 15:00:00,6829,3424717,12688.0,3082796,704.0,255460.0,7533,3680177,13392,3338256,20221,6762890
2021-06-19 15:00:00,4656,3429373,9348.0,3092144,614.0,256074.0,5270,3685447,9962,3348218,14618,6777508
2021-06-20 15:00:00,2499,3431872,5029.0,3097173,378.0,256452.0,2877,3688324,5407,3353625,7906,6785414
2021-06-21 15:00:00,5546,3437418,5304.0,3102477,636.0,257088.0,6182,3694506,5940,3359565,11486,6796900
2021-06-22 15:00:00,5189,3442607,8829.0,3111306,681.0,257769.0,5870,3700376,9510,3369075,14699,6811599
2021-06-23 15:00:00,6056,3448663,10282.0,3121588,642.0,258411.0,6698,3707074,10924,3379999,16980,6828579
2021-06-24 15:00:00,5922,3454585,8170.0,3129758,593.0,259004.0,6515,3713589,8763,3388762,14685,6843264
2021-06-25 15:00:00,5827,3460412,8604.0,3138362,620.0,259624.0,6447,3720036,9224,3397986,15051,6858315
2021-06-26 15:00:00,3698,3464110,6285.0,3144647,396.0,260020.0,4094,3724130,6681,3404667,10379,6868694
2021-06-27 15:00:00,2800,3466910,3510.0,3148157,183.0,260203.0,2983,3727113,3693,3408360,6493,6875187
2021-06-28 15:00:00,4728,3471638,6075.0,3154232,521.0,260724.0,5249,3732362,6596,3414956,11324,6886511
2021-06-29 15:00:00,5055,3476693,6428.0,3160660,517.0,261241.0,5572,3737934,6945,3421901,12000,6898511
2021-06-30 15:00:00,5597,3482290,7354.0,3168014,602.0,261843.0,6199,3744133,7956,3429857,13553,6912064
2021-07-01 15:00:00,5325,3487615,6900.0,3174914,489.0,262332.0,5814,3749947,7389,3437246,12714,6924778
2021-07-02 15:00:00,5282,3492897,6796.0,3181710,519.0,262851.0,5801,3755748,7315,3444561,12597,6937375
2021-07-03 15:00:00,3258,3496155,4045.0,3185755,260.0,263111.0,3518,3759266,4305,3448866,7563,6944938
2021-07-04 15:00:00,494,3496649,541.0,3186296,66.0,263177.0,560,3759826,607,3449473,1101,6946039
2021-07-05 15:00:00,3749,3500398,3940.0,3190236,282.0,263459.0,4031,3763857,4222,3453695,7971,6954010
2021-07-06 15:00:00,4474,3504872,6220.0,3196456,450.0,263909.0,4924,3768781,6670,3460365,11144,6965154
2021-07-07 15:00:00,4451,3509323,6365.0,3202821,483.0,264392.0,4934,3773715,6848,3467213,11299,6976453
2021-07-08 15:00:00,4827,3514150,6119.0,3208940,563.0,264955.0,5390,3779105,6682,3473895,11509,6987962
2021-07-09 15:00:00,5346,3519496,6603.0,3215543,572.0,265527.0,5918,3785023,7175,3481070,12521,7000483
2021-07-10 15:00:00,3517,3523013,4369.0,3219912,301.0,265828.0,3818,3788841,4670,3485740,8187,7008670
2021-07-11 15:00:00,2663,3525676,2552.0,3222464,222.0,266050.0,2885,3791726,2774,3488514,5437,7014107
2021-07-12 15:00:00,4406,3530082,5087.0,3227551,374.0,266424.0,4780,3796506,5461,3493975,9867,7023974
2021-07-13 15:00:00,4743,3534825,4580.0,3232131,364.0,266788.0,5107,3801613,4944,3498919,9687,7033661
2021-07-14 15:00:00,4600,3539425,5240.0,3237371,422.0,267210.0,5022,3806635,5662,3504581,10262,7043923
2021-07-15 15:00:00,4870,3544295,4964.0,3242335,356.0,267566.0,5226,3811861,5320,3509901,10190,7054113
2021-07-16 15:00:00,6270,3550565,5802.0,3248137,401.0,267967.0,6671,3818532,6203,3516104,12473,7066586
2021-07-17 15:00:00,3403,3553968,3538.0,3251675,299.0,268266.0,3702,3822234,3837,3519941,7240,7073826
2021-07-18 15:00:00,2300,3556268,2363.0,3254038,110.0,268376.0,2410,3824644,2473,3522414,4773,7078599
2021-07-19 15:00:00,5243,3561511,4457.0,3258495,376.0,268752.0,5619,3830263,4833,3527247,10076,7088675
2021-07-20 15:00:00,5327,3566838,4679.0,3263174,366.0,269118.0,5693,3835956,5045,3532292,10372,7099047
2021-07-21 15:00:00,5630,3572468,4891.0,3268065,415.0,269533.0,6045,3842001,5306,3537598,10936,7109983
2021-07-22 15:00:00,6006,3578474,4595.0,3272660,468.0,270001.0,6474,3848475,5063,3542661,11069,7121052
2021-07-23 15:00:00,6824,3585298,4806.0,3277466,489.0,270490.0,7313,3855788,5295,3547956,12119,7133171
2021-07-24 15:00:00,4276,3589574,3186.0,3280652,267.0,270757.0,4543,3860331,3453,3551409,7729,7140900
2021-07-25 15:00:00,3291,3592865,1105.0,3281757,138.0,270895.0,3429,3863760,1243,3552652,4534,7145434
2021-07-26 15:00:00,6196,3599061,3876.0,3285633,413.0,271308.0,6609,3870369,4289,3556941,10485,7155919
2021-07-27 15:00:00,6341,3605402,4034.0,3289667,453.0,271761.0,6794,3877163,4487,3561428,10828,7166747
2021-07-28 15:00:00,6796,3612198,3987.0,3293654,458.0,272219.0,7254,3884417,4445,3565873,11241,7177988
2021-07-29 15:00:00,6803,3619001,4127.0,3297781,414.0,272633.0,7217,3891634,4541,3570414,11344,7189332
2021-07-30 15:00:00,7519,3626520,4495.0,3302276,521.0,273154.0,8040,3899674,5016,3575430,12535,7201867
2021-07-31 15:00:00,4778,3631298,3027.0,3305303,272.0,273426.0,5050,3904724,3299,3578729,8077,7209944
2021-08-01 15:00:00,3796,3635094,2094.0,3307397,157.0,273583.0,3953,3908677,2251,3580980,6047,7215991
2021-08-02 15:00:00,7005,3642099,3621.0,3311018,335.0,273918.0,7340,3916017,3956,3584936,10961,7226952
2021-08-03 15:00:00,6988,3649087,3889.0,3314907,506.0,274424.0,7494,3923511,4395,3589331,11383,7238335
2021-08-04 15:00:00,7155,3656242,3880.0,3318787,528.0,274952.0,7683,3931194,4408,3593739,11563,7249898
2021-08-05 15:00:00,7661,3663903,4093.0,3322880,535.0,275487.0,8196,3939390,4628,3598367,12289,7262187
2021-08-06 15:00:00,8281,3672184,4673.0,3327553,449.0,275936.0,8730,3948120,5122,3603489,13403,7275590
2021-08-07 15:00:00,5242,3677426,2786.0,3330339,264.0,276200.0,5506,3953626,3050,3606539,8292,7283882
2021-08-08 15:00:00,3948,3681374,2033.0,3332372,141.0,276341.0,4089,3957715,2174,3608713,6122,7290004
2021-08-09 15:00:00,6910,3688284,4491.0,3336863,364.0,276705.0,7274,3964989,4855,3613568,11765,7301769
2021-08-10 15:00:00,7112,3695396,4424.0,3341287,336.0,277041.0,7448,3972437,4760,3618328,11872,7313641
2021-08-11 15:00:00,7024,3702420,4413.0,3345700,438.0,277479.0,7462,3979899,4851,3623179,11875,7325516
2021-08-12 15:00:00,8560,3710980,4693.0,3350393,441.0,277920.0,9001,3988900,5134,3628313,13694,7339210
2021-08-13 15:00:00,7106,3718086,5320.0,3355713,389.0,278309.0,7495,3996395,5709,3634022,12815,7352025
2021-08-14 15:00:00,4914,3723000,3326.0,3359039,285.0,278594.0,5199,4001594,3611,3637633,8525,7360550
2021-08-15 15:00:00,3314,3726314,2722.0,3361761,164.0,278758.0,3478,4005072,2886,3640519,6200,7366750
2021-08-16 15:00:00,5413,3731727,5060.0,3366821,349.0,279107.0,5762,4010834,5409,3645928,10822,7377572
2021-08-17 15:00:00,6937,3738664,5162.0,3371983,387.0,279494.0,7324,4018158,5549,3651477,12486,7390058
2021-08-18 15:00:00,6501,3745165,5270.0,3377253,472.0,279966.0,6973,4025131,5742,3657219,12243,7402301
2021-08-19 15:00:00,5972,3751137,5304.0,3382557,410.0,280376.0,6382,4031513,5714,3662933,11686,7413987
2021-08-20 15:00:00,7024,3758161,6296.0,3388853,401.0,280777.0,7425,4038938,6697,3669630,13721,7427708
2021-08-21 15:00:00,4311,3762472,3898.0,3392751,225.0,281002.0,4536,4043474,4123,3673753,8434,7436142
2021-08-22 15:00:00,3061,3765533,3154.0,3395905,109.0,281111.0,3170,4046644,3263,3677016,6324,7442466
2021-08-23 15:00:00,6151,3771684,5898.0,3401803,285.0,281396.0,6436,4053080,6183,3683199,12334,7454800
2021-08-24 15:00:00,6632,3778316,5852.0,3407655,423.0,281819.0,7055,4060135,6275,3689474,12907,7467707
2021-08-25 15:00:00,6883,3785199,5986.0,3413641,438.0,282257.0,7321,4067456,6424,3695898,13307,7481014
2021-08-26 15:00:00,7163,3792362,6405.0,3420046,427.0,282684.0,7590,4075046,6832,3702730,13995,7495009
2021-08-27 15:00:00,6850,3799212,6998.0,3427044,315.0,282999.0,7165,4082211,7313,3710043,14163,7509172
2021-08-28 15:00:00,6898,3806110,6470.0,3433514,326.0,283325.0,7224,4089435,6796,3716839,13694,7522866
2021-08-29 15:00:00,3739,3809849,3670.0,3437184,611.0,283936.0,4350,4093785,4281,3721120,8020,7530886
2021-08-30 15:00:00,5940,3815789,6073.0,3443257,959.0,284895.0,6899,4100684,7032,3728152,12972,7543858
2021-08-31 15:00:00,5688,3821477,5903.0,3449160,945.0,285840.0,6633,4107317,6848,3735000,12536,7556394
2021-09-01 15:00:00,5535,3827012,5554.0,3454714,905.0,286745.0,6440,4113757,6459,3741459,11994,7568388
2021-09-02 15:00:00,5535,3832547,5866.0,3460580,700.0,287445.0,6235,4119992,6566,3748025,12101,7580489
2021-09-03 15:00:00,5985,3838532,6865.0,3467445,971.0,288416.0,6956,4126948,7836,3755861,13821,7594310
2021-09-04 15:00:00,3713,3842245,4313.0,3471758,875.0,289291.0,4588,4131536,5188,3761049,8901,7603211
2021-09-05 15:00:00,2948,3845193,2789.0,3474547,104.0,289395.0,3052,4134588,2893,3763942,5841,7609052
2021-09-06 15:00:00,1049,3846242,1138.0,3475685,62.0,289457.0,1111,4135699,1200,3765142,2249,7611301
2021-09-07 15:00:00,5295,3851537,7233.0,3482918,2303.0,291760.0,7598,4143297,9536,3774678,14831,7626132
2021-09-08 15:00:00,4658,3856195,5429.0,3488347,365.0,292125.0,5023,4148320,5794,3780472,10452,7636584
2021-09-09 15:00:00,5064,3861259,5337.0,3493684,322.0,292447.0,5386,4153706,5659,3786131,10723,7647307
2021-09-10 15:00:00,6527,3867786,6575.0,3500259,1712.0,294159.0,8239,4161945,8287,3794418,14814,7662121
2021-09-11 15:00:00,4042,3871828,4308.0,3504567,663.0,294822.0,4705,4166650,4971,3799389,9013,7671134
2021-09-12 15:00:00,3070,3874898,3225.0,3507792,436.0,295258.0,3506,4170156,3661,3803050,6731,7677865
2021-09-13 15:00:00,4662,3879560,4818.0,3512610,345.0,295603.0,5007,4175163,5163,3808213,9825,7687690
2021-09-14 15:00:00,4575,3884135,5176.0,3517786,432.0,296035.0,5007,4180170,5608,3813821,10183,7697873
2021-09-15 15:00:00,4841,3888976,5581.0,3523367,387.0,296422.0,5228,4185398,5968,3819789,10809,7708682
2021-09-16 15:00:00,4588,3893564,5585.0,3528952,331.0,296753.0,4919,4190317,5916,3825705,10504,7719186
2021-09-17 15:00:00,5035,3898599,6313.0,3535265,341.0,297094.0,5376,4195693,6654,3832359,11689,7730875
2021-09-18 15:00:00,3773,3902372,4554.0,3539819,186.0,297280.0,3959,4199652,4740,3837099,8513,7739388
2021-09-19 15:00:00,2744,3905116,3152.0,3542971,75.0,297355.0,2819,4202471,3227,3840326,5971,7745359
2021-09-20 15:00:00,3537,3908653,4453.0,3547424,427.0,297782.0,3964,4206435,4880,3845206,8417,7753776
2021-09-21 15:00:00,3782,3912435,4794.0,3552218,325.0,298107.0,4107,4210542,5119,3850325,8901,7762677
2021-09-22 15:00:00,4185,3916620,4736.0,3556954,459.0,298566.0,4644,4215186,5195,3855520,9380,7772057
2021-09-23 15:00:00,4172,3920792,4683.0,3561637,489.0,299055.0,4661,4219847,5172,3860692,9344,7781401
2021-09-24 15:00:00,5060,3925852,5559.0,3567196,422.0,299477.0,5482,4225329,5981,3866673,11041,7792442
2021-09-25 15:00:00,3624,3929476,3621.0,3570817,384.0,299861.0,4008,4229337,4005,3870678,7629,7800071
2021-09-26 15:00:00,2360,3931836,2651.0,3573468,421.0,300282.0,2781,4232118,3072,3873750,5432,7805503
2021-09-27 15:00:00,4497,3936333,2677.0,3576145,507.0,300789.0,5004,4237122,3184,3876934,7681,7813184
2021-09-28 15:00:00,4390,3940723,4380.0,3580525,211.0,301000.0,4601,4241723,4591,3881525,8981,7822165
2021-09-29 15:00:00,4693,3945416,4475.0,3585000,918.0,301918.0,5611,4247334,5393,3886918,10086,7832251
2021-09-30 15:00:00,4870,3950286,4528.0,3589528,791.0,302709.0,5661,4252995,5319,3892237,10189,7842440
2021-10-01 15:00:00,5414,3955700,5253.0,3594781,778.0,303487.0,6192,4259187,6031,3898268,11445,7853885
2021-10-02 15:00:00,2936,3958636,2882.0,3597663,187.0,303674.0,3123,4262310,3069,3901337,6005,7859890
2021-10-03 15:00:00,2055,3960691,2180.0,3599843,86.0,303760.0,2141,4264451,2266,3903603,4321,7864211
2021-10-04 15:00:00,4143,3964834,3355.0,3603198,233.0,303993.0,4376,4268827,3588,3907191,7731,7871942
2021-10-05 15:00:00,4046,3968880,3556.0,3606754,204.0,304197.0,4250,4273077,3760,3910951,7806,7879748
2021-10-06 15:00:00,4114,3972994,3473.0,3610227,263.0,304460.0,4377,4277454,3736,3914687,7850,7887598
2021-10-07 15:00:00,4348,3977342,3486.0,3613713,329.0,304789.0,4677,4282131,3815,3918502,8163,7895761
2021-10-08 15:00:00,4909,3982251,4093.0,3617806,281.0,305070.0,5190,4287321,4374,3922876,9283,7905044
2021-10-09 15:00:00,2677,3984928,2662.0,3620468,270.0,305340.0,2947,4290268,2932,3925808,5609,7910653
2021-10-10 15:00:00,1863,3986791,1839.0,3622307,59.0,305399.0,1922,4292190,1898,3927706,3761,7914414
2021-10-11 15:00:00,4358,3991149,3176.0,3625483,246.0,305645.0,4604,4296794,3422,3931128,7780,7922194
2021-10-12 15:00:00,3720,3994869,3315.0,3628798,268.0,305913.0,3988,4300782,3583,3934711,7303,7929497
2021-10-13 15:00:00,3965,3998834,3419.0,3632217,344.0,306257.0,4309,4305091,3763,3938474,7728,7937225
2021-10-14 15:00:00,5143,4003977,5432.0,3637649,424.0,306681.0,5567,4310658,5856,3944330,10999,7948224
2021-10-15 15:00:00,4702,4008679,4539.0,3642188,345.0,307026.0,5047,4315705,4884,3949214,9586,7957810
2021-10-16 15:00:00,2488,4011167,2485.0,3644673,288.0,307314.0,2776,4318481,2773,3951987,5261,7963071
2021-10-17 15:00:00,1799,4012966,1766.0,3646439,53.0,307367.0,1852,4320333,1819,3953806,3618,7966689
2021-10-18 15:00:00,4292,4017258,3541.0,3649980,266.0,307633.0,4558,4324891,3807,3957613,8099,7974788
2021-10-19 15:00:00,4304,4021562,4014.0,3653994,221.0,307854.0,4525,4329416,4235,3961848,8539,7983327
2021-10-20 15:00:00,3517,4025079,3402.0,3657396,253.0,308107.0,3770,4333186,3655,3965503,7172,7990499
2021-10-21 15:00:00,3296,4028375,3228.0,3660624,290.0,308397.0,3586,4336772,3518,3969021,6814,7997313
2021-10-22 15:00:00,4691,4033066,4001.0,3664625,475.0,308872.0,5166,4341938,4476,3973497,9167,8006480
2021-10-23 15:00:00,2900,4035966,2119.0,3666744,321.0,309193.0,3221,4345159,2440,3975937,5340,8011820
2021-10-24 15:00:00,2045,4038011,1550.0,3668294,77.0,309270.0,2122,4347281,1627,3977564,3672,8015492
2021-10-25 15:00:00,4519,4042530,3072.0,3671366,314.0,309584.0,4833,4352114,3386,3980950,7905,8023397
2021-10-26 15:00:00,4498,4047028,3118.0,3674484,308.0,309892.0,4806,4356920,3426,3984376,7924,8031321
2021-10-27 15:00:00,4695,4051723,3337.0,3677821,427.0,310319.0,5122,4362042,3764,3988140,8459,8039780
2021-10-28 15:00:00,4527,4056250,3375.0,3681196,493.0,310812.0,5020,4367062,3868,3992008,8395,8048175
2021-10-29 15:00:00,4930,4061180,3867.0,3685063,388.0,311200.0,5318,4372380,4255,3996263,9185,8057360
2021-10-30 15:00:00,2618,4063798,1828.0,3686891,307.0,311507.0,2925,4375305,2135,3998398,4753,8062113
2021-10-31 15:00:00,1929,4065727,1493.0,3688384,93.0,311600.0,2022,4377327,1586,3999984,3515,8065628
2021-11-01 15:00:00,4531,4070258,3418.0,3691802,329.0,311929.0,4860,4382187,3747,4003731,8278,8073906
2021-11-02 15:00:00,4207,4074465,2986.0,3694788,395.0,312324.0,4602,4386789,3381,4007112,7588,8081494
2021-11-03 15:00:00,4549,4079014,3089.0,3697877,448.0,312772.0,4997,4391786,3537,4010649,8086,8089580
2021-11-04 15:00:00,5943,4084957,3377.0,3701254,508.0,313280.0,6451,4398237,3885,4014534,9828,8099408
2021-11-05 15:00:00,7725,4092682,3785.0,3705039,401.0,313681.0,8126,4406363,4186,4018720,11911,8111319
2021-11-06 15:00:00,9787,4102469,1950.0,3706989,297.0,313978.0,10084,4416447,2247,4020967,12034,8123353
2021-11-07 15:00:00,7357,4109826,1385.0,3708374,90.0,314068.0,7447,4423894,1475,4022442,8832,8132185
2021-11-08 15:00:00,10996,4120822,3030.0,3711404,358.0,314426.0,11354,4435248,3388,4025830,14384,8146569
2021-11-09 15:00:00,11240,4132062,2611.0,3714015,244.0,314670.0,11484,4446732,2855,4028685,14095,8160664
2021-11-10 15:00:00,11980,4144042,2707.0,3716722,318.0,314988.0,12298,4459030,3025,4031710,15005,8175669
2021-11-11 15:00:00,10671,4154713,2349.0,3719071,266.0,315254.0,10937,4469967,2615,4034325,13286,8188955
2021-11-12 15:00:00,11288,4166001,3301.0,3722372,524.0,315778.0,11812,4481779,3825,4038150,15113,8204068
2021-11-13 15:00:00,8838,4174839,1479.0,3723851,328.0,316106.0,9166,4490945,1807,4039957,10645,8214713
2021-11-14 15:00:00,3032,4177871,1012.0,3724863,103.0,316209.0,3135,4494080,1115,4041072,4147,8218860
2021-11-15 15:00:00,3861,4181732,997.0,3725860,132.0,316341.0,3993,4498073,1129,4042201,4990,8223850
