VACCINATION_DATE,FirstDailyDose,FirstDoseCumulative,SecondDailyDose,SecondDoseCumulative,SingleDailyDose,SingleDoseCumulative,AtleastOneVaccine,AtleastOneVaccineCumulative,CompletedVax,CompletedVaxCumulative,FirstSecondSingleVaccinations,FirstSecondSingleVaccinationsCumulative
2020-12-14 15:00:00,17,1216,,490,,,17,1216,0,490,17,1598
2020-12-15 15:00:00,56,1272,3.0,493,,,56,1272,3,493,59,1657
2020-12-16 15:00:00,584,1856,3.0,496,,,584,1856,3,496,587,2244
2020-12-17 15:00:00,1151,3007,2.0,498,,,1151,3007,2,498,1153,3397
2020-12-18 15:00:00,3001,6008,12.0,510,,,3001,6008,12,510,3013,6410
2020-12-19 15:00:00,927,6935,5.0,515,,,927,6935,5,515,932,7342
2020-12-20 15:00:00,346,7281,4.0,519,,,346,7281,4,519,350,7692
2020-12-21 15:00:00,3874,11155,25.0,544,,,3874,11155,25,544,3899,11591
2020-12-22 15:00:00,6303,17458,23.0,567,,,6303,17458,23,567,6326,17917
2020-12-23 15:00:00,5765,23223,33.0,600,,,5765,23223,33,600,5798,23715
2020-12-24 15:00:00,2718,25941,14.0,614,,,2718,25941,14,614,2732,26447
2020-12-25 15:00:00,1033,26974,4.0,618,,,1033,26974,4,618,1037,27484
2020-12-26 15:00:00,1875,28849,9.0,627,,,1875,28849,9,627,1884,29368
2020-12-27 15:00:00,1799,30648,10.0,637,,,1799,30648,10,637,1809,31177
2020-12-28 15:00:00,8971,39619,41.0,678,,,8971,39619,41,678,9012,40189
2020-12-29 15:00:00,10946,50565,47.0,725,,,10946,50565,47,725,10993,51182
2020-12-30 15:00:00,12482,63047,75.0,800,,,12482,63047,75,800,12557,63739
2020-12-31 15:00:00,7539,70586,40.0,840,,,7539,70586,40,840,7579,71318
2021-01-01 15:00:00,2875,73461,128.0,968,,,2875,73461,128,968,3003,74321
2021-01-02 15:00:00,3016,76477,34.0,1002,,,3016,76477,34,1002,3050,77371
2021-01-03 15:00:00,3390,79867,80.0,1082,,,3390,79867,80,1082,3470,80841
2021-01-04 15:00:00,13317,93184,320.0,1402,,,13317,93184,320,1402,13637,94478
2021-01-05 15:00:00,12444,105628,531.0,1933,,,12444,105628,531,1933,12975,107453
2021-01-06 15:00:00,15214,120842,850.0,2783,,,15214,120842,850,2783,16064,123517
2021-01-07 15:00:00,14989,135831,1748.0,4531,,,14989,135831,1748,4531,16737,140254
2021-01-08 15:00:00,23971,159802,2755.0,7286,,,23971,159802,2755,7286,26726,166980
2021-01-09 15:00:00,5149,164951,945.0,8231,,,5149,164951,945,8231,6094,173074
2021-01-10 15:00:00,2947,167898,375.0,8606,,,2947,167898,375,8606,3322,176396
2021-01-11 15:00:00,13693,181591,3454.0,12060,,,13693,181591,3454,12060,17147,193543
2021-01-12 15:00:00,17352,198943,5570.0,17630,,,17352,198943,5570,17630,22922,216465
2021-01-13 15:00:00,18571,217514,3892.0,21522,,,18571,217514,3892,21522,22463,238928
2021-01-14 15:00:00,17803,235317,1942.0,23464,,,17803,235317,1942,23464,19745,258673
2021-01-15 15:00:00,19414,254731,2001.0,25465,,,19414,254731,2001,25465,21415,280088
2021-01-16 15:00:00,5801,260532,1602.0,27067,,,5801,260532,1602,27067,7403,287491
2021-01-17 15:00:00,2107,262639,1476.0,28543,,,2107,262639,1476,28543,3583,291074
2021-01-18 15:00:00,7061,269700,3241.0,31784,,,7061,269700,3241,31784,10302,301376
2021-01-19 15:00:00,16909,286609,5381.0,37165,,,16909,286609,5381,37165,22290,323666
2021-01-20 15:00:00,20979,307588,5291.0,42456,,,20979,307588,5291,42456,26270,349936
2021-01-21 15:00:00,23754,331342,3794.0,46250,,,23754,331342,3794,46250,27548,377484
2021-01-22 15:00:00,28638,359980,3711.0,49961,,,28638,359980,3711,49961,32349,409833
2021-01-23 15:00:00,10097,370077,1927.0,51888,,,10097,370077,1927,51888,12024,421857
2021-01-24 15:00:00,3338,373415,1720.0,53608,,,3338,373415,1720,53608,5058,426915
2021-01-25 15:00:00,16287,389702,8572.0,62180,,,16287,389702,8572,62180,24859,451774
2021-01-26 15:00:00,17536,407238,8953.0,71133,,,17536,407238,8953,71133,26489,478263
2021-01-27 15:00:00,24442,431680,12517.0,83650,,,24442,431680,12517,83650,36959,515222
2021-01-28 15:00:00,22641,454321,9287.0,92937,,,22641,454321,9287,92937,31928,547150
2021-01-29 15:00:00,24756,479077,7879.0,100816,,,24756,479077,7879,100816,32635,579785
2021-01-30 15:00:00,17761,496838,2528.0,103344,,,17761,496838,2528,103344,20289,600074
2021-01-31 15:00:00,3752,500590,1343.0,104687,,,3752,500590,1343,104687,5095,605169
2021-02-01 15:00:00,7807,508397,5224.0,109911,,,7807,508397,5224,109911,13031,618200
2021-02-02 15:00:00,12458,520855,13791.0,123702,,,12458,520855,13791,123702,26249,644449
2021-02-03 15:00:00,18216,539071,18084.0,141786,,,18216,539071,18084,141786,36300,680749
2021-02-04 15:00:00,22080,561151,15733.0,157519,,,22080,561151,15733,157519,37813,718562
2021-02-05 15:00:00,20326,581477,17369.0,174888,,,20326,581477,17369,174888,37695,756257
2021-02-06 15:00:00,11306,592783,14445.0,189333,,,11306,592783,14445,189333,25751,782008
2021-02-07 15:00:00,5938,598721,1801.0,191134,,,5938,598721,1801,191134,7739,789747
2021-02-08 15:00:00,12944,611665,12903.0,204037,,,12944,611665,12903,204037,25847,815594
2021-02-09 15:00:00,16615,628280,13832.0,217869,,,16615,628280,13832,217869,30447,846041
2021-02-10 15:00:00,19261,647541,21195.0,239064,,,19261,647541,21195,239064,40456,886497
2021-02-11 15:00:00,22849,670390,17293.0,256357,,,22849,670390,17293,256357,40142,926639
2021-02-12 15:00:00,20361,690751,19588.0,275945,,,20361,690751,19588,275945,39949,966588
2021-02-13 15:00:00,11414,702165,6392.0,282337,,,11414,702165,6392,282337,17806,984394
2021-02-14 15:00:00,7107,709272,2103.0,284440,,,7107,709272,2103,284440,9210,993604
2021-02-15 15:00:00,11739,721011,13293.0,297733,,,11739,721011,13293,297733,25032,1018636
2021-02-16 15:00:00,16578,737589,20981.0,318714,,,16578,737589,20981,318714,37559,1056195
2021-02-17 15:00:00,20639,758228,26347.0,345061,,,20639,758228,26347,345061,46986,1103181
2021-02-18 15:00:00,3189,761417,4606.0,349667,,,3189,761417,4606,349667,7795,1110976
2021-02-19 15:00:00,10243,771660,19902.0,369569,,,10243,771660,19902,369569,30145,1141121
2021-02-20 15:00:00,10294,781954,20257.0,389826,,,10294,781954,20257,389826,30551,1171672
2021-02-21 15:00:00,6158,788112,7625.0,397451,,,6158,788112,7625,397451,13783,1185455
2021-02-22 15:00:00,8016,796128,15449.0,412900,,,8016,796128,15449,412900,23465,1208920
2021-02-23 15:00:00,15512,811640,15939.0,428839,,,15512,811640,15939,428839,31451,1240371
2021-02-24 15:00:00,17919,829559,24729.0,453568,,,17919,829559,24729,453568,42648,1283019
2021-02-25 15:00:00,20379,849938,26519.0,480087,,,20379,849938,26519,480087,46898,1329917
2021-02-26 15:00:00,26694,876632,26172.0,506259,,,26694,876632,26172,506259,52866,1382783
2021-02-27 15:00:00,15982,892614,11121.0,517380,,,15982,892614,11121,517380,27103,1409886
2021-02-28 15:00:00,15488,908102,4861.0,522241,,,15488,908102,4861,522241,20349,1430235
2021-03-01 15:00:00,26467,934569,12465.0,534706,,,26467,934569,12465,534706,38932,1469167
2021-03-02 15:00:00,23862,958431,13239.0,547945,32.0,32.0,23894,958463,13271,547977,37133,1506300
2021-03-03 15:00:00,30125,988556,18357.0,566302,182.0,214.0,30307,988770,18539,566516,48664,1554964
2021-03-04 15:00:00,30933,1019489,18146.0,584448,4065.0,4279.0,34998,1023768,22211,588727,53144,1608108
2021-03-05 15:00:00,29411,1048900,19435.0,603883,4911.0,9190.0,34322,1058090,24346,613073,53757,1661865
2021-03-06 15:00:00,17850,1066750,8958.0,612841,6005.0,15195.0,23855,1081945,14963,628036,32813,1694678
2021-03-07 15:00:00,12106,1078856,4833.0,617674,6613.0,21808.0,18719,1100664,11446,639482,23552,1718230
2021-03-08 15:00:00,25831,1104687,8799.0,626473,8276.0,30084.0,34107,1134771,17075,656557,42906,1761136
2021-03-09 15:00:00,26082,1130769,15419.0,641892,8347.0,38431.0,34429,1169200,23766,680323,49848,1810984
2021-03-10 15:00:00,29812,1160581,15961.0,657853,7936.0,46367.0,37748,1206948,23897,704220,53709,1864693
2021-03-11 15:00:00,35937,1196518,16394.0,674247,3983.0,50350.0,39920,1246868,20377,724597,56314,1921007
2021-03-12 15:00:00,36876,1233394,18046.0,692293,2920.0,53270.0,39796,1286664,20966,745563,57842,1978849
2021-03-13 15:00:00,22645,1256039,10252.0,702545,1621.0,54891.0,24266,1310930,11873,757436,34518,2013367
2021-03-14 15:00:00,17837,1273876,6694.0,709239,999.0,55890.0,18836,1329766,7693,765129,25530,2038897
2021-03-15 15:00:00,29783,1303659,11257.0,720496,593.0,56483.0,30376,1360142,11850,776979,41633,2080530
2021-03-16 15:00:00,33403,1337062,13539.0,734035,766.0,57249.0,34169,1394311,14305,791284,47708,2128238
2021-03-17 15:00:00,37535,1374597,17005.0,751040,1175.0,58424.0,38710,1433021,18180,809464,55715,2183953
2021-03-18 15:00:00,41398,1415995,12592.0,763632,1348.0,59772.0,42746,1475767,13940,823404,55338,2239291
2021-03-19 15:00:00,38286,1454281,15370.0,779002,1036.0,60808.0,39322,1515089,16406,839810,54692,2293983
2021-03-20 15:00:00,24667,1478948,10109.0,789111,699.0,61507.0,25366,1540455,10808,850618,35475,2329458
2021-03-21 15:00:00,19155,1498103,7837.0,796948,334.0,61841.0,19489,1559944,8171,858789,27326,2356784
2021-03-22 15:00:00,32549,1530652,11432.0,808380,834.0,62675.0,33383,1593327,12266,871055,44815,2401599
2021-03-23 15:00:00,37726,1568378,17304.0,825684,1553.0,64228.0,39279,1632606,18857,889912,56583,2458182
2021-03-24 15:00:00,41054,1609432,21141.0,846825,1381.0,65609.0,42435,1675041,22522,912434,63576,2521758
2021-03-25 15:00:00,42320,1651752,21004.0,867829,2457.0,68066.0,44777,1719818,23461,935895,65781,2587539
2021-03-26 15:00:00,36591,1688343,26258.0,894087,2498.0,70564.0,39089,1758907,28756,964651,65347,2652886
2021-03-27 15:00:00,26916,1715259,16771.0,910858,2484.0,73048.0,29400,1788307,19255,983906,46171,2699057
2021-03-28 15:00:00,17005,1732264,12606.0,923464,1615.0,74663.0,18620,1806927,14221,998127,31226,2730283
2021-03-29 15:00:00,29702,1761966,26215.0,949679,1140.0,75803.0,30842,1837769,27355,1025482,57057,2787340
2021-03-30 15:00:00,40015,1801981,28916.0,978595,1856.0,77659.0,41871,1879640,30772,1056254,70787,2858127
2021-03-31 15:00:00,41021,1843002,34595.0,1013190,5749.0,83408.0,46770,1926410,40344,1096598,81365,2939492
2021-04-01 15:00:00,41080,1884082,39874.0,1053064,5664.0,89072.0,46744,1973154,45538,1142136,86618,3026110
2021-04-02 15:00:00,34987,1919069,32489.0,1085553,6119.0,95191.0,41106,2014260,38608,1180744,73595,3099705
2021-04-03 15:00:00,21615,1940684,18661.0,1104214,4367.0,99558.0,25982,2040242,23028,1203772,44643,3144348
2021-04-04 15:00:00,8242,1948926,10173.0,1114387,964.0,100522.0,9206,2049448,11137,1214909,19379,3163727
2021-04-05 15:00:00,27896,1976822,28845.0,1143232,6653.0,107175.0,34549,2083997,35498,1250407,63394,3227121
2021-04-06 15:00:00,39733,2016555,30392.0,1173624,10489.0,117664.0,50222,2134219,40881,1291288,80614,3307735
2021-04-07 15:00:00,36023,2052578,34190.0,1207814,12973.0,130637.0,48996,2183215,47163,1338451,83186,3390921
2021-04-08 15:00:00,42286,2094864,36003.0,1243817,13852.0,144489.0,56138,2239353,49855,1388306,92141,3483062
2021-04-09 15:00:00,34003,2128867,36275.0,1280092,14523.0,159012.0,48526,2287879,50798,1439104,84801,3567863
2021-04-10 15:00:00,23442,2152309,23093.0,1303185,7631.0,166643.0,31073,2318952,30724,1469828,54166,3622029
2021-04-11 15:00:00,17552,2169861,13263.0,1316448,10122.0,176765.0,27674,2346626,23385,1493213,40937,3662966
2021-04-12 15:00:00,24572,2194433,33122.0,1349570,10895.0,187660.0,35467,2382093,44017,1537230,68589,3731555
2021-04-13 15:00:00,126765,2321198,90565.0,1440135,3293.0,190953.0,130058,2512151,93858,1631088,220623,3952178
2021-04-14 15:00:00,40677,2361875,37751.0,1477886,210.0,191163.0,40887,2553038,37961,1669049,78638,4030816
2021-04-15 15:00:00,41666,2403541,39151.0,1517037,172.0,191335.0,41838,2594876,39323,1708372,80989,4111805
2021-04-16 15:00:00,37191,2440732,38723.0,1555760,23.0,191358.0,37214,2632090,38746,1747118,75937,4187742
2021-04-17 15:00:00,32773,2473505,21983.0,1577743,12.0,191370.0,32785,2664875,21995,1769113,54768,4242510
2021-04-18 15:00:00,20057,2493562,16171.0,1593914,5.0,191375.0,20062,2684937,16176,1785289,36233,4278743
2021-04-19 15:00:00,29881,2523443,36473.0,1630387,61.0,191436.0,29942,2714879,36534,1821823,66415,4345158
2021-04-20 15:00:00,33093,2556536,44172.0,1674559,56.0,191492.0,33149,2748028,44228,1866051,77321,4422479
2021-04-21 15:00:00,39792,2596328,46958.0,1721517,22.0,191514.0,39814,2787842,46980,1913031,86772,4509251
2021-04-22 15:00:00,36396,2632724,42013.0,1763530,16.0,191530.0,36412,2824254,42029,1955060,78425,4587676
2021-04-23 15:00:00,33111,2665835,40055.0,1803585,14.0,191544.0,33125,2857379,40069,1995129,73180,4660856
2021-04-24 15:00:00,26397,2692232,27835.0,1831420,81.0,191625.0,26478,2883857,27916,2023045,54313,4715169
2021-04-25 15:00:00,20212,2712444,10929.0,1842349,31.0,191656.0,20243,2904100,10960,2034005,31172,4746341
2021-04-26 15:00:00,27414,2739858,32643.0,1874992,202.0,191858.0,27616,2931716,32845,2066850,60259,4806600
2021-04-27 15:00:00,26685,2766543,32995.0,1907987,1098.0,192956.0,27783,2959499,34093,2100943,60778,4867378
2021-04-28 15:00:00,28923,2795466,39462.0,1947449,1362.0,194318.0,30285,2989784,40824,2141767,69747,4937125
2021-04-29 15:00:00,27293,2822759,39406.0,1986855,1466.0,195784.0,28759,3018543,40872,2182639,68165,5005290
2021-04-30 15:00:00,28189,2850948,32162.0,2019017,1645.0,197429.0,29834,3048377,33807,2216446,61996,5067286
2021-05-01 15:00:00,20507,2871455,26466.0,2045483,1033.0,198462.0,21540,3069917,27499,2243945,48006,5115292
2021-05-02 15:00:00,10277,2881732,17015.0,2062498,820.0,199282.0,11097,3081014,17835,2261780,28112,5143404
2021-05-03 15:00:00,12744,2894476,28506.0,2091004,1912.0,201194.0,14656,3095670,30418,2292198,43162,5186566
2021-05-04 15:00:00,13565,2908041,38523.0,2129527,1736.0,202930.0,15301,3110971,40259,2332457,53824,5240390
2021-05-05 15:00:00,19324,2927365,37679.0,2167206,1920.0,204850.0,21244,3132215,39599,2372056,58923,5299313
2021-05-06 15:00:00,16925,2944290,40537.0,2207743,1721.0,206571.0,18646,3150861,42258,2414314,59183,5358496
2021-05-07 15:00:00,17415,2961705,36020.0,2243763,1958.0,208529.0,19373,3170234,37978,2452292,55393,5413889
2021-05-08 15:00:00,10783,2972488,31196.0,2274959,1292.0,209821.0,12075,3182309,32488,2484780,43271,5457160
2021-05-09 15:00:00,5051,2977539,11905.0,2286864,695.0,210516.0,5746,3188055,12600,2497380,17651,5474811
2021-05-10 15:00:00,8951,2986490,31012.0,2317876,1359.0,211875.0,10310,3198365,32371,2529751,41322,5516133
2021-05-11 15:00:00,12186,2998676,30243.0,2348119,1437.0,213312.0,13623,3211988,31680,2561431,43866,5559999
2021-05-12 15:00:00,13944,3012620,38555.0,2386674,1919.0,215231.0,15863,3227851,40474,2601905,54418,5614417
2021-05-13 15:00:00,21847,3034467,33421.0,2420095,1347.0,216578.0,23194,3251045,34768,2636673,56615,5671032
2021-05-14 15:00:00,24348,3058815,29978.0,2450073,1774.0,218352.0,26122,3277167,31752,2668425,56100,5727132
2021-05-15 15:00:00,21900,3080715,25065.0,2475138,1490.0,219842.0,23390,3300557,26555,2694980,48455,5775587
2021-05-16 15:00:00,9075,3089790,17552.0,2492690,1113.0,220955.0,10188,3310745,18665,2713645,27740,5803327
2021-05-17 15:00:00,16842,3106632,28358.0,2521048,1949.0,222904.0,18791,3329536,30307,2743952,47149,5850476
2021-05-18 15:00:00,21243,3127875,30641.0,2551689,1941.0,224845.0,23184,3352720,32582,2776534,53825,5904301
2021-05-19 15:00:00,27610,3155485,32378.0,2584067,1626.0,226471.0,29236,3381956,34004,2810538,61614,5965915
2021-05-20 15:00:00,20791,3176276,33199.0,2617266,1968.0,228439.0,22759,3404715,35167,2845705,55958,6021873
2021-05-21 15:00:00,19156,3195432,30249.0,2647515,1607.0,230046.0,20763,3425478,31856,2877561,51012,6072885
2021-05-22 15:00:00,16915,3212347,20650.0,2668165,1270.0,231316.0,18185,3443663,21920,2899481,38835,6111720
2021-05-23 15:00:00,8752,3221099,11423.0,2679588,964.0,232280.0,9716,3453379,12387,2911868,21139,6132859
2021-05-24 15:00:00,13561,3234660,17728.0,2697316,1475.0,233755.0,15036,3468415,19203,2931071,32764,6165623
2021-05-25 15:00:00,12993,3247653,18655.0,2715971,1329.0,235084.0,14322,3482737,19984,2951055,32977,6198600
2021-05-26 15:00:00,18278,3265931,19435.0,2735406,1512.0,236596.0,19790,3502527,20947,2972002,39225,6237825
2021-05-27 15:00:00,11682,3277613,18626.0,2754032,1116.0,237712.0,12798,3515325,19742,2991744,31424,6269249
2021-05-28 15:00:00,12500,3290113,19708.0,2773740,1400.0,239112.0,13900,3529225,21108,3012852,33608,6302857
2021-05-29 15:00:00,9551,3299664,11636.0,2785376,935.0,240047.0,10486,3539711,12571,3025423,22122,6324979
2021-05-30 15:00:00,4964,3304628,6415.0,2791791,596.0,240643.0,5560,3545271,7011,3032434,11975,6336954
2021-05-31 15:00:00,1774,3306402,3704.0,2795495,305.0,240948.0,2079,3547350,4009,3036443,5783,6342737
2021-06-01 15:00:00,9779,3316181,16341.0,2811836,1153.0,242101.0,10932,3558282,17494,3053937,27273,6370010
2021-06-02 15:00:00,10227,3326408,16774.0,2828610,959.0,243060.0,11186,3569468,17733,3071670,27960,6397970
2021-06-03 15:00:00,7898,3334306,21144.0,2849754,1085.0,244145.0,8983,3578451,22229,3093899,30127,6428097
2021-06-04 15:00:00,8201,3342507,22261.0,2872015,1121.0,245266.0,9322,3587773,23382,3117281,31583,6459680
2021-06-05 15:00:00,7014,3349521,19408.0,2891423,720.0,245986.0,7734,3595507,20128,3137409,27142,6486822
2021-06-06 15:00:00,3466,3352987,7220.0,2898643,423.0,246409.0,3889,3599396,7643,3145052,11109,6497931
2021-06-07 15:00:00,6853,3359840,15735.0,2914378,725.0,247134.0,7578,3606974,16460,3161512,23313,6521244
2021-06-08 15:00:00,6670,3366510,19668.0,2934046,829.0,247963.0,7499,3614473,20497,3182009,27167,6548411
2021-06-09 15:00:00,8194,3374704,23909.0,2957955,969.0,248932.0,9163,3623636,24878,3206887,33072,6581483
2021-06-10 15:00:00,7147,3381851,19083.0,2977038,895.0,249827.0,8042,3631678,19978,3226865,27125,6608608
2021-06-11 15:00:00,7466,3389317,17696.0,2994734,1125.0,250952.0,8591,3640269,18821,3245686,26287,6634895
2021-06-12 15:00:00,5230,3394547,14736.0,3009470,604.0,251556.0,5834,3646103,15340,3261026,20570,6655465
2021-06-13 15:00:00,1931,3396478,7557.0,3017027,427.0,251983.0,2358,3648461,7984,3269010,9915,6665380
2021-06-14 15:00:00,5654,3402132,11803.0,3028830,734.0,252717.0,6388,3654849,12537,3281547,18191,6683571
2021-06-15 15:00:00,5650,3407782,14297.0,3043127,872.0,253589.0,6522,3661371,15169,3296716,20819,6704390
2021-06-16 15:00:00,8747,3416529,21553.0,3064680,757.0,254346.0,9504,3670875,22310,3319026,31057,6735447
2021-06-17 15:00:00,6681,3423210,12342.0,3077022,720.0,255066.0,7401,3678276,13062,3332088,19743,6755190
2021-06-18 15:00:00,6834,3430044,12699.0,3089721,702.0,255768.0,7536,3685812,13401,3345489,20235,6775425
2021-06-19 15:00:00,4661,3434705,9355.0,3099076,613.0,256381.0,5274,3691086,9968,3355457,14629,6790054
2021-06-20 15:00:00,2505,3437210,5036.0,3104112,378.0,256759.0,2883,3693969,5414,3360871,7919,6797973
2021-06-21 15:00:00,5555,3442765,5318.0,3109430,636.0,257395.0,6191,3700160,5954,3366825,11509,6809482
2021-06-22 15:00:00,5195,3447960,8848.0,3118278,682.0,258077.0,5877,3706037,9530,3376355,14725,6824207
2021-06-23 15:00:00,6064,3454024,10298.0,3128576,646.0,258723.0,6710,3712747,10944,3387299,17008,6841215
2021-06-24 15:00:00,5929,3459953,8182.0,3136758,594.0,259317.0,6523,3719270,8776,3396075,14705,6855920
2021-06-25 15:00:00,5826,3465779,8619.0,3145377,620.0,259937.0,6446,3725716,9239,3405314,15065,6870985
2021-06-26 15:00:00,3699,3469478,6294.0,3151671,396.0,260333.0,4095,3729811,6690,3412004,10389,6881374
2021-06-27 15:00:00,2810,3472288,3516.0,3155187,185.0,260518.0,2995,3732806,3701,3415705,6511,6887885
2021-06-28 15:00:00,4733,3477021,6083.0,3161270,523.0,261041.0,5256,3738062,6606,3422311,11339,6899224
2021-06-29 15:00:00,5057,3482078,6449.0,3167719,519.0,261560.0,5576,3743638,6968,3429279,12025,6911249
2021-06-30 15:00:00,5607,3487685,7363.0,3175082,605.0,262165.0,6212,3749850,7968,3437247,13575,6924824
2021-07-01 15:00:00,5351,3493036,6924.0,3182006,495.0,262660.0,5846,3755696,7419,3444666,12770,6937594
2021-07-02 15:00:00,5283,3498319,6815.0,3188821,521.0,263181.0,5804,3761500,7336,3452002,12619,6950213
2021-07-03 15:00:00,3262,3501581,4053.0,3192874,265.0,263446.0,3527,3765027,4318,3456320,7580,6957793
2021-07-04 15:00:00,492,3502073,545.0,3193419,67.0,263513.0,559,3765586,612,3456932,1104,6958897
2021-07-05 15:00:00,3758,3505831,3945.0,3197364,287.0,263800.0,4045,3769631,4232,3461164,7990,6966887
2021-07-06 15:00:00,4479,3510310,6233.0,3203597,452.0,264252.0,4931,3774562,6685,3467849,11164,6978051
2021-07-07 15:00:00,4460,3514770,6382.0,3209979,482.0,264734.0,4942,3779504,6864,3474713,11324,6989375
2021-07-08 15:00:00,4827,3519597,6142.0,3216121,564.0,265298.0,5391,3784895,6706,3481419,11533,7000908
2021-07-09 15:00:00,5347,3524944,6632.0,3222753,572.0,265870.0,5919,3790814,7204,3488623,12551,7013459
2021-07-10 15:00:00,3523,3528467,4385.0,3227138,302.0,266172.0,3825,3794639,4687,3493310,8210,7021669
2021-07-11 15:00:00,2669,3531136,2564.0,3229702,224.0,266396.0,2893,3797532,2788,3496098,5457,7027126
2021-07-12 15:00:00,4414,3535550,5099.0,3234801,377.0,266773.0,4791,3802323,5476,3501574,9890,7037016
2021-07-13 15:00:00,4761,3540311,4594.0,3239395,366.0,267139.0,5127,3807450,4960,3506534,9721,7046737
2021-07-14 15:00:00,4610,3544921,5250.0,3244645,421.0,267560.0,5031,3812481,5671,3512205,10281,7057018
2021-07-15 15:00:00,4885,3549806,4990.0,3249635,357.0,267917.0,5242,3817723,5347,3517552,10232,7067250
2021-07-16 15:00:00,6279,3556085,5813.0,3255448,401.0,268318.0,6680,3824403,6214,3523766,12493,7079743
2021-07-17 15:00:00,3408,3559493,3541.0,3258989,300.0,268618.0,3708,3828111,3841,3527607,7249,7086992
2021-07-18 15:00:00,2305,3561798,2370.0,3261359,110.0,268728.0,2415,3830526,2480,3530087,4785,7091777
2021-07-19 15:00:00,5255,3567053,4468.0,3265827,379.0,269107.0,5634,3836160,4847,3534934,10102,7101879
2021-07-20 15:00:00,5328,3572381,4685.0,3270512,366.0,269473.0,5694,3841854,5051,3539985,10379,7112258
2021-07-21 15:00:00,5636,3578017,4912.0,3275424,415.0,269888.0,6051,3847905,5327,3545312,10963,7123221
2021-07-22 15:00:00,6014,3584031,4603.0,3280027,469.0,270357.0,6483,3854388,5072,3550384,11086,7134307
2021-07-23 15:00:00,6833,3590864,4819.0,3284846,491.0,270848.0,7324,3861712,5310,3555694,12143,7146450
2021-07-24 15:00:00,4276,3595140,3193.0,3288039,267.0,271115.0,4543,3866255,3460,3559154,7736,7154186
2021-07-25 15:00:00,3291,3598431,1111.0,3289150,138.0,271253.0,3429,3869684,1249,3560403,4540,7158726
2021-07-26 15:00:00,6196,3604627,3887.0,3293037,418.0,271671.0,6614,3876298,4305,3564708,10501,7169227
2021-07-27 15:00:00,6347,3610974,4052.0,3297089,455.0,272126.0,6802,3883100,4507,3569215,10854,7180081
2021-07-28 15:00:00,6802,3617776,3998.0,3301087,458.0,272584.0,7260,3890360,4456,3573671,11258,7191339
2021-07-29 15:00:00,6801,3624577,4139.0,3305226,416.0,273000.0,7217,3897577,4555,3578226,11356,7202695
2021-07-30 15:00:00,7536,3632113,4508.0,3309734,523.0,273523.0,8059,3905636,5031,3583257,12567,7215262
2021-07-31 15:00:00,4781,3636894,3037.0,3312771,273.0,273796.0,5054,3910690,3310,3586567,8091,7223353
2021-08-01 15:00:00,3827,3640721,2118.0,3314889,160.0,273956.0,3987,3914677,2278,3588845,6105,7229458
2021-08-02 15:00:00,7020,3647741,3635.0,3318524,336.0,274292.0,7356,3922033,3971,3592816,10991,7240449
2021-08-03 15:00:00,6999,3654740,3893.0,3322417,511.0,274803.0,7510,3929543,4404,3597220,11403,7251852
2021-08-04 15:00:00,7157,3661897,3893.0,3326310,528.0,275331.0,7685,3937228,4421,3601641,11578,7263430
2021-08-05 15:00:00,7678,3669575,4109.0,3330419,537.0,275868.0,8215,3945443,4646,3606287,12324,7275754
2021-08-06 15:00:00,8293,3677868,4689.0,3335108,452.0,276320.0,8745,3954188,5141,3611428,13434,7289188
2021-08-07 15:00:00,5255,3683123,2801.0,3337909,264.0,276584.0,5519,3959707,3065,3614493,8320,7297508
2021-08-08 15:00:00,3944,3687067,2041.0,3339950,143.0,276727.0,4087,3963794,2184,3616677,6128,7303636
2021-08-09 15:00:00,6919,3693986,4509.0,3344459,367.0,277094.0,7286,3971080,4876,3621553,11795,7315431
2021-08-10 15:00:00,7120,3701106,4439.0,3348898,338.0,277432.0,7458,3978538,4777,3626330,11897,7327328
2021-08-11 15:00:00,7041,3708147,4417.0,3353315,440.0,277872.0,7481,3986019,4857,3631187,11898,7339226
2021-08-12 15:00:00,8587,3716734,4717.0,3358032,443.0,278315.0,9030,3995049,5160,3636347,13747,7352973
2021-08-13 15:00:00,7128,3723862,5350.0,3363382,394.0,278709.0,7522,4002571,5744,3642091,12872,7365845
2021-08-14 15:00:00,4911,3728773,3334.0,3366716,285.0,278994.0,5196,4007767,3619,3645710,8530,7374375
2021-08-15 15:00:00,3319,3732092,2728.0,3369444,163.0,279157.0,3482,4011249,2891,3648601,6210,7380585
2021-08-16 15:00:00,5428,3737520,5070.0,3374514,352.0,279509.0,5780,4017029,5422,3654023,10850,7391435
2021-08-17 15:00:00,6958,3744478,5172.0,3379686,389.0,279898.0,7347,4024376,5561,3659584,12519,7403954
2021-08-18 15:00:00,6498,3750976,5291.0,3384977,477.0,280375.0,6975,4031351,5768,3665352,12266,7416220
2021-08-19 15:00:00,5984,3756960,5314.0,3390291,415.0,280790.0,6399,4037750,5729,3671081,11713,7427933
2021-08-20 15:00:00,7030,3763990,6321.0,3396612,402.0,281192.0,7432,4045182,6723,3677804,13753,7441686
2021-08-21 15:00:00,4318,3768308,3902.0,3400514,227.0,281419.0,4545,4049727,4129,3681933,8447,7450133
2021-08-22 15:00:00,3060,3771368,3156.0,3403670,109.0,281528.0,3169,4052896,3265,3685198,6325,7456458
2021-08-23 15:00:00,6166,3777534,5912.0,3409582,285.0,281813.0,6451,4059347,6197,3691395,12363,7468821
2021-08-24 15:00:00,6647,3784181,5863.0,3415445,424.0,282237.0,7071,4066418,6287,3697682,12934,7481755
2021-08-25 15:00:00,6912,3791093,6004.0,3421449,439.0,282676.0,7351,4073769,6443,3704125,13355,7495110
2021-08-26 15:00:00,7179,3798272,6421.0,3427870,427.0,283103.0,7606,4081375,6848,3710973,14027,7509137
2021-08-27 15:00:00,6867,3805139,7011.0,3434881,317.0,283420.0,7184,4088559,7328,3718301,14195,7523332
2021-08-28 15:00:00,6904,3812043,6482.0,3441363,325.0,283745.0,7229,4095788,6807,3725108,13711,7537043
2021-08-29 15:00:00,3736,3815779,3678.0,3445041,611.0,284356.0,4347,4100135,4289,3729397,8025,7545068
2021-08-30 15:00:00,5941,3821720,6085.0,3451126,960.0,285316.0,6901,4107036,7045,3736442,12986,7558054
2021-08-31 15:00:00,5698,3827418,5914.0,3457040,945.0,286261.0,6643,4113679,6859,3743301,12557,7570611
2021-09-01 15:00:00,5557,3832975,5586.0,3462626,909.0,287170.0,6466,4120145,6495,3749796,12052,7582663
2021-09-02 15:00:00,5527,3838502,5893.0,3468519,703.0,287873.0,6230,4126375,6596,3756392,12123,7594786
2021-09-03 15:00:00,6001,3844503,6879.0,3475398,971.0,288844.0,6972,4133347,7850,3764242,13851,7608637
2021-09-04 15:00:00,3716,3848219,4323.0,3479721,879.0,289723.0,4595,4137942,5202,3769444,8918,7617555
2021-09-05 15:00:00,2956,3851175,2800.0,3482521,105.0,289828.0,3061,4141003,2905,3772349,5861,7623416
2021-09-06 15:00:00,1057,3852232,1147.0,3483668,63.0,289891.0,1120,4142123,1210,3773559,2267,7625683
2021-09-07 15:00:00,5344,3857576,7257.0,3490925,2304.0,292195.0,7648,4149771,9561,3783120,14905,7640588
2021-09-08 15:00:00,4661,3862237,5438.0,3496363,365.0,292560.0,5026,4154797,5803,3788923,10464,7651052
2021-09-09 15:00:00,5084,3867321,5355.0,3501718,324.0,292884.0,5408,4160205,5679,3794602,10763,7661815
2021-09-10 15:00:00,6545,3873866,6594.0,3508312,1716.0,294600.0,8261,4168466,8310,3802912,14855,7676670
2021-09-11 15:00:00,4167,3878033,4319.0,3512631,663.0,295263.0,4830,4173296,4982,3807894,9149,7685819
2021-09-12 15:00:00,3162,3881195,3229.0,3515860,436.0,295699.0,3598,4176894,3665,3811559,6827,7692646
2021-09-13 15:00:00,4668,3885863,4843.0,3520703,346.0,296045.0,5014,4181908,5189,3816748,9857,7702503
2021-09-14 15:00:00,4585,3890448,5190.0,3525893,434.0,296479.0,5019,4186927,5624,3822372,10209,7712712
2021-09-15 15:00:00,4849,3895297,5604.0,3531497,388.0,296867.0,5237,4192164,5992,3828364,10841,7723553
2021-09-16 15:00:00,4587,3899884,5613.0,3537110,335.0,297202.0,4922,4197086,5948,3834312,10535,7734088
2021-09-17 15:00:00,5044,3904928,6331.0,3543441,342.0,297544.0,5386,4202472,6673,3840985,11717,7745805
2021-09-18 15:00:00,3788,3908716,4559.0,3548000,185.0,297729.0,3973,4206445,4744,3845729,8532,7754337
2021-09-19 15:00:00,2742,3911458,3156.0,3551156,75.0,297804.0,2817,4209262,3231,3848960,5973,7760310
2021-09-20 15:00:00,3559,3915017,4467.0,3555623,430.0,298234.0,3989,4213251,4897,3853857,8456,7768766
2021-09-21 15:00:00,3809,3918826,4810.0,3560433,325.0,298559.0,4134,4217385,5135,3858992,8944,7777710
2021-09-22 15:00:00,4199,3923025,4750.0,3565183,459.0,299018.0,4658,4222043,5209,3864201,9408,7787118
2021-09-23 15:00:00,4183,3927208,4693.0,3569876,492.0,299510.0,4675,4226718,5185,3869386,9368,7796486
2021-09-24 15:00:00,5092,3932300,5577.0,3575453,422.0,299932.0,5514,4232232,5999,3875385,11091,7807577
2021-09-25 15:00:00,3627,3935927,3624.0,3579077,385.0,300317.0,4012,4236244,4009,3879394,7636,7815213
2021-09-26 15:00:00,2356,3938283,2658.0,3581735,423.0,300740.0,2779,4239023,3081,3882475,5437,7820650
2021-09-27 15:00:00,4517,3942800,2690.0,3584425,509.0,301249.0,5026,4244049,3199,3885674,7716,7828366
2021-09-28 15:00:00,4408,3947208,4440.0,3588865,211.0,301460.0,4619,4248668,4651,3890325,9059,7837425
2021-09-29 15:00:00,4712,3951920,4500.0,3593365,918.0,302378.0,5630,4254298,5418,3895743,10130,7847555
2021-09-30 15:00:00,4889,3956809,4556.0,3597921,792.0,303170.0,5681,4259979,5348,3901091,10237,7857792
2021-10-01 15:00:00,5481,3962290,5285.0,3603206,778.0,303948.0,6259,4266238,6063,3907154,11544,7869336
2021-10-02 15:00:00,2940,3965230,2888.0,3606094,187.0,304135.0,3127,4269365,3075,3910229,6015,7875351
2021-10-03 15:00:00,2083,3967313,2376.0,3608470,86.0,304221.0,2169,4271534,2462,3912691,4545,7879896
2021-10-04 15:00:00,4153,3971466,3371.0,3611841,233.0,304454.0,4386,4275920,3604,3916295,7757,7887653
2021-10-05 15:00:00,4058,3975524,3571.0,3615412,207.0,304661.0,4265,4280185,3778,3920073,7836,7895489
2021-10-06 15:00:00,4123,3979647,3489.0,3618901,264.0,304925.0,4387,4284572,3753,3923826,7876,7903365
2021-10-07 15:00:00,4370,3984017,3507.0,3622408,331.0,305256.0,4701,4289273,3838,3927664,8208,7911573
2021-10-08 15:00:00,4950,3988967,4122.0,3626530,283.0,305539.0,5233,4294506,4405,3932069,9355,7920928
2021-10-09 15:00:00,2688,3991655,2671.0,3629201,271.0,305810.0,2959,4297465,2942,3935011,5630,7926558
2021-10-10 15:00:00,1865,3993520,1844.0,3631045,59.0,305869.0,1924,4299389,1903,3936914,3768,7930326
2021-10-11 15:00:00,4372,3997892,3191.0,3634236,248.0,306117.0,4620,4304009,3439,3940353,7811,7938137
2021-10-12 15:00:00,3728,4001620,3401.0,3637637,270.0,306387.0,3998,4308007,3671,3944024,7399,7945536
2021-10-13 15:00:00,3982,4005602,3444.0,3641081,347.0,306734.0,4329,4312336,3791,3947815,7773,7953309
2021-10-14 15:00:00,5188,4010790,5475.0,3646556,429.0,307163.0,5617,4317953,5904,3953719,11092,7964401
2021-10-15 15:00:00,4736,4015526,4582.0,3651138,347.0,307510.0,5083,4323036,4929,3958648,9665,7974066
2021-10-16 15:00:00,2505,4018031,2497.0,3653635,291.0,307801.0,2796,4325832,2788,3961436,5293,7979359
2021-10-17 15:00:00,1810,4019841,1773.0,3655408,55.0,307856.0,1865,4327697,1828,3963264,3638,7982997
2021-10-18 15:00:00,4312,4024153,3570.0,3658978,267.0,308123.0,4579,4332276,3837,3967101,8149,7991146
2021-10-19 15:00:00,4322,4028475,4033.0,3663011,222.0,308345.0,4544,4336820,4255,3971356,8577,7999723
2021-10-20 15:00:00,3540,4032015,3423.0,3666434,254.0,308599.0,3794,4340614,3677,3975033,7217,8006940
2021-10-21 15:00:00,3313,4035328,3258.0,3669692,290.0,308889.0,3603,4344217,3548,3978581,6861,8013801
2021-10-22 15:00:00,4701,4040029,4038.0,3673730,475.0,309364.0,5176,4349393,4513,3983094,9214,8023015
2021-10-23 15:00:00,2904,4042933,2126.0,3675856,321.0,309685.0,3225,4352618,2447,3985541,5351,8028366
2021-10-24 15:00:00,2062,4044995,1559.0,3677415,78.0,309763.0,2140,4354758,1637,3987178,3699,8032065
2021-10-25 15:00:00,4552,4049547,3114.0,3680529,317.0,310080.0,4869,4359627,3431,3990609,7983,8040048
2021-10-26 15:00:00,4523,4054070,3144.0,3683673,311.0,310391.0,4834,4364461,3455,3994064,7978,8048026
2021-10-27 15:00:00,4744,4058814,3397.0,3687070,429.0,310820.0,5173,4369634,3826,3997890,8570,8056596
2021-10-28 15:00:00,4571,4063385,3431.0,3690501,495.0,311315.0,5066,4374700,3926,4001816,8497,8065093
2021-10-29 15:00:00,4979,4068364,3941.0,3694442,393.0,311708.0,5372,4380072,4334,4006150,9313,8074406
2021-10-30 15:00:00,2630,4070994,1860.0,3696302,308.0,312016.0,2938,4383010,2168,4008318,4798,8079204
2021-10-31 15:00:00,1952,4072946,1515.0,3697817,93.0,312109.0,2045,4385055,1608,4009926,3560,8082764
2021-11-01 15:00:00,4656,4077602,3479.0,3701296,339.0,312448.0,4995,4390050,3818,4013744,8474,8091238
2021-11-02 15:00:00,4253,4081855,3027.0,3704323,405.0,312853.0,4658,4394708,3432,4017176,7685,8098923
2021-11-03 15:00:00,4669,4086524,3134.0,3707457,460.0,313313.0,5129,4399837,3594,4020770,8263,8107186
2021-11-04 15:00:00,6231,4092755,3421.0,3710878,513.0,313826.0,6744,4406581,3934,4024704,10165,8117351
2021-11-05 15:00:00,8184,4100939,3841.0,3714719,407.0,314233.0,8591,4415172,4248,4028952,12432,8129783
2021-11-06 15:00:00,10055,4110994,1976.0,3716695,305.0,314538.0,10360,4425532,2281,4031233,12336,8142119
2021-11-07 15:00:00,7752,4118746,1424.0,3718119,94.0,314632.0,7846,4433378,1518,4032751,9270,8151389
2021-11-08 15:00:00,11284,4130030,3111.0,3721230,376.0,315008.0,11660,4445038,3487,4036238,14771,8166160
2021-11-09 15:00:00,11770,4141800,2715.0,3723945,268.0,315276.0,12038,4457076,2983,4039221,14753,8180913
2021-11-10 15:00:00,12559,4154359,2835.0,3726780,336.0,315612.0,12895,4469971,3171,4042392,15730,8196643
2021-11-11 15:00:00,11319,4165678,2464.0,3729244,281.0,315893.0,11600,4481571,2745,4045137,14064,8210707
2021-11-12 15:00:00,12244,4177922,3439.0,3732683,548.0,316441.0,12792,4494363,3987,4049124,16231,8226938
2021-11-13 15:00:00,9732,4187654,1590.0,3734273,341.0,316782.0,10073,4504436,1931,4051055,11663,8238601
2021-11-14 15:00:00,3915,4191569,1132.0,3735405,121.0,316903.0,4036,4508472,1253,4052308,5168,8243769
2021-11-15 15:00:00,8594,4200163,2616.0,3738021,205.0,317108.0,8799,4517271,2821,4055129,11415,8255184
2021-11-16 15:00:00,9218,4209381,2597.0,3740618,254.0,317362.0,9472,4526743,2851,4057980,12069,8267253
2021-11-17 15:00:00,9355,4218736,2950.0,3743568,311.0,317673.0,9666,4536409,3261,4061241,12616,8279869
2021-11-18 15:00:00,9267,4228003,2708.0,3746276,480.0,318153.0,9747,4546156,3188,4064429,12455,8292324
2021-11-19 15:00:00,9780,4237783,3017.0,3749293,383.0,318536.0,10163,4556319,3400,4067829,13180,8305504
2021-11-20 15:00:00,10621,4248404,1607.0,3750900,453.0,318989.0,11074,4567393,2060,4069889,12681,8318185
2021-11-21 15:00:00,4352,4252756,1204.0,3752104,99.0,319088.0,4451,4571844,1303,4071192,5655,8323840
2021-11-22 15:00:00,9769,4262525,2570.0,3754674,292.0,319380.0,10061,4581905,2862,4074054,12631,8336471
2021-11-23 15:00:00,9167,4271692,2496.0,3757170,280.0,319660.0,9447,4591352,2776,4076830,11943,8348414
2021-11-24 15:00:00,8096,4279788,2531.0,3759701,215.0,319875.0,8311,4599663,2746,4079576,10842,8359256
2021-11-25 15:00:00,238,4280026,77.0,3759778,9.0,319884.0,247,4599910,86,4079662,324,8359580
2021-11-26 15:00:00,5677,4285703,4064.0,3763842,152.0,320036.0,5829,4605739,4216,4083878,9893,8369473
2021-11-27 15:00:00,3780,4289483,5448.0,3769290,134.0,320170.0,3914,4609653,5582,4089460,9362,8378835
2021-11-28 15:00:00,2423,4291906,6364.0,3775654,77.0,320247.0,2500,4612153,6441,4095901,8864,8387699
2021-11-29 15:00:00,6363,4298269,9312.0,3784966,379.0,320626.0,6742,4618895,9691,4105592,16054,8403753
2021-11-30 15:00:00,6172,4304441,9331.0,3794297,263.0,320889.0,6435,4625330,9594,4115186,15766,8419519
2021-12-01 15:00:00,7161,4311602,9596.0,3803893,305.0,321194.0,7466,4632796,9901,4125087,17062,8436581
2021-12-02 15:00:00,6797,4318399,8726.0,3812619,447.0,321641.0,7244,4640040,9173,4134260,15970,8452551
2021-12-03 15:00:00,7437,4325836,9006.0,3821625,247.0,321888.0,7684,4647724,9253,4143513,16690,8469241
2021-12-04 15:00:00,5824,4331660,9527.0,3831152,455.0,322343.0,6279,4654003,9982,4153495,15806,8485047
2021-12-05 15:00:00,3353,4335013,3063.0,3834215,74.0,322417.0,3427,4657430,3137,4156632,6490,8491537
2021-12-06 15:00:00,6479,4341492,6921.0,3841136,266.0,322683.0,6745,4664175,7187,4163819,13666,8505203
2021-12-07 15:00:00,6131,4347623,6689.0,3847825,240.0,322923.0,6371,4670546,6929,4170748,13060,8518263
2021-12-08 15:00:00,6642,4354265,7096.0,3854921,309.0,323232.0,6951,4677497,7405,4178153,14047,8532310
2021-12-09 15:00:00,6208,4360473,6741.0,3861662,394.0,323626.0,6602,4684099,7135,4185288,13343,8545653
2021-12-10 15:00:00,6900,4367373,6979.0,3868641,225.0,323851.0,7125,4691224,7204,4192492,14104,8559757
2021-12-11 15:00:00,4196,4371569,7101.0,3875742,330.0,324181.0,4526,4695750,7431,4199923,11627,8571384
2021-12-12 15:00:00,3911,4375480,2756.0,3878498,57.0,324238.0,3968,4699718,2813,4202736,6724,8578108
2021-12-13 15:00:00,5488,4380968,5581.0,3884079,235.0,324473.0,5723,4705441,5816,4208552,11304,8589412
2021-12-14 15:00:00,6150,4387118,5756.0,3889835,202.0,324675.0,6352,4711793,5958,4214510,12108,8601520
2021-12-15 15:00:00,6767,4393885,5454.0,3895289,237.0,324912.0,7004,4718797,5691,4220201,12458,8613978
2021-12-16 15:00:00,7484,4401369,2734.0,3898023,412.0,325324.0,7896,4726693,3146,4223347,10630,8624608
2021-12-17 15:00:00,7373,4408742,3964.0,3901987,169.0,325493.0,7542,4734235,4133,4227480,11506,8636114
2021-12-18 15:00:00,5492,4414234,3051.0,3905038,293.0,325786.0,5785,4740020,3344,4230824,8836,8644950
2021-12-19 15:00:00,3266,4417500,1269.0,3906307,35.0,325821.0,3301,4743321,1304,4232128,4570,8649520
2021-12-20 15:00:00,7696,4425196,3634.0,3909941,148.0,325969.0,7844,4751165,3782,4235910,11478,8660998
2021-12-21 15:00:00,8475,4433671,4016.0,3913957,158.0,326127.0,8633,4759798,4174,4240084,12649,8673647
2021-12-22 15:00:00,8033,4441704,3650.0,3917607,167.0,326294.0,8200,4767998,3817,4243901,11850,8685497
2021-12-23 15:00:00,7751,4449455,3308.0,3920915,344.0,326638.0,8095,4776093,3652,4247553,11403,8696900
2021-12-24 15:00:00,1437,4450892,935.0,3921850,30.0,326668.0,1467,4777560,965,4248518,2402,8699302
2021-12-25 15:00:00,29,4450921,21.0,3921871,1.0,326669.0,30,4777590,22,4248540,51,8699353
2021-12-26 15:00:00,2320,4453241,1561.0,3923432,37.0,326706.0,2357,4779947,1598,4250138,3918,8703271
2021-12-27 15:00:00,6557,4459798,3639.0,3927071,277.0,326983.0,6834,4786781,3916,4254054,10473,8713744
2021-12-28 15:00:00,6909,4466707,3361.0,3930432,135.0,327118.0,7044,4793825,3496,4257550,10405,8724149
2021-12-29 15:00:00,4181,4470888,2096.0,3932528,117.0,327235.0,4298,4798123,2213,4259763,6394,8730543
