VACCINATION_DATE,FirstDailyDose,FirstDoseCumulative,SecondDailyDose,SecondDoseCumulative,SingleDailyDose,SingleDoseCumulative,AtleastOneVaccine,AtleastOneVaccineCumulative,CompletedVax,CompletedVaxCumulative,FirstSecondSingleVaccinations,FirstSecondSingleVaccinationsCumulative
2020-12-14 15:00:00,19,1517,,537,,,19,1517,0,537,19,1989
2020-12-15 15:00:00,63,1580,3.0,540,,,63,1580,3,540,66,2055
2020-12-16 15:00:00,598,2178,5.0,545,,,598,2178,5,545,603,2658
2020-12-17 15:00:00,1171,3349,8.0,553,,,1171,3349,8,553,1179,3837
2020-12-18 15:00:00,3033,6382,12.0,565,,,3033,6382,12,565,3045,6882
2020-12-19 15:00:00,929,7311,8.0,573,,,929,7311,8,573,937,7819
2020-12-20 15:00:00,369,7680,6.0,579,,,369,7680,6,579,375,8194
2020-12-21 15:00:00,3902,11582,28.0,607,,,3902,11582,28,607,3930,12124
2020-12-22 15:00:00,6330,17912,31.0,638,,,6330,17912,31,638,6361,18485
2020-12-23 15:00:00,5795,23707,42.0,680,,,5795,23707,42,680,5837,24322
2020-12-24 15:00:00,2729,26436,16.0,696,,,2729,26436,16,696,2745,27067
2020-12-25 15:00:00,1035,27471,4.0,700,,,1035,27471,4,700,1039,28106
2020-12-26 15:00:00,1887,29358,10.0,710,,,1887,29358,10,710,1897,30003
2020-12-27 15:00:00,1806,31164,12.0,722,,,1806,31164,12,722,1818,31821
2020-12-28 15:00:00,9001,40165,53.0,775,,,9001,40165,53,775,9054,40875
2020-12-29 15:00:00,10986,51151,54.0,829,,,10986,51151,54,829,11040,51915
2020-12-30 15:00:00,12517,63668,98.0,927,,,12517,63668,98,927,12615,64530
2020-12-31 15:00:00,7567,71235,49.0,976,,,7567,71235,49,976,7616,72146
2021-01-01 15:00:00,3452,74687,148.0,1124,,,3452,74687,148,1124,3600,75746
2021-01-02 15:00:00,3067,77754,34.0,1158,,,3067,77754,34,1158,3101,78847
2021-01-03 15:00:00,3419,81173,82.0,1240,,,3419,81173,82,1240,3501,82348
2021-01-04 15:00:00,13386,94559,345.0,1585,,,13386,94559,345,1585,13731,96079
2021-01-05 15:00:00,12498,107057,551.0,2136,,,12498,107057,551,2136,13049,109128
2021-01-06 15:00:00,15289,122346,872.0,3008,,,15289,122346,872,3008,16161,125289
2021-01-07 15:00:00,15057,137403,1792.0,4800,,,15057,137403,1792,4800,16849,142138
2021-01-08 15:00:00,24038,161441,2797.0,7597,,,24038,161441,2797,7597,26835,168973
2021-01-09 15:00:00,5191,166632,959.0,8556,,,5191,166632,959,8556,6150,175123
2021-01-10 15:00:00,2993,169625,390.0,8946,,,2993,169625,390,8946,3383,178506
2021-01-11 15:00:00,13756,183381,3490.0,12436,,,13756,183381,3490,12436,17246,195752
2021-01-12 15:00:00,17411,200792,5603.0,18039,,,17411,200792,5603,18039,23014,218766
2021-01-13 15:00:00,18646,219438,3942.0,21981,,,18646,219438,3942,21981,22588,241354
2021-01-14 15:00:00,17886,237324,1975.0,23956,,,17886,237324,1975,23956,19861,261215
2021-01-15 15:00:00,19516,256840,2043.0,25999,,,19516,256840,2043,25999,21559,282774
2021-01-16 15:00:00,5852,262692,1626.0,27625,,,5852,262692,1626,27625,7478,290252
2021-01-17 15:00:00,2131,264823,1479.0,29104,,,2131,264823,1479,29104,3610,293862
2021-01-18 15:00:00,7087,271910,3273.0,32377,,,7087,271910,3273,32377,10360,304222
2021-01-19 15:00:00,16969,288879,5424.0,37801,,,16969,288879,5424,37801,22393,326615
2021-01-20 15:00:00,21024,309903,5349.0,43150,,,21024,309903,5349,43150,26373,352988
2021-01-21 15:00:00,23844,333747,3877.0,47027,,,23844,333747,3877,47027,27721,380709
2021-01-22 15:00:00,28677,362424,3779.0,50806,,,28677,362424,3779,50806,32456,413165
2021-01-23 15:00:00,10133,372557,1951.0,52757,,,10133,372557,1951,52757,12084,425249
2021-01-24 15:00:00,3366,375923,1727.0,54484,,,3366,375923,1727,54484,5093,430342
2021-01-25 15:00:00,16319,392242,8631.0,63115,,,16319,392242,8631,63115,24950,455292
2021-01-26 15:00:00,17575,409817,8994.0,72109,,,17575,409817,8994,72109,26569,481861
2021-01-27 15:00:00,24451,434268,12593.0,84702,,,24451,434268,12593,84702,37044,518905
2021-01-28 15:00:00,22679,456947,9355.0,94057,,,22679,456947,9355,94057,32034,550939
2021-01-29 15:00:00,24800,481747,7947.0,102004,,,24800,481747,7947,102004,32747,583686
2021-01-30 15:00:00,17803,499550,2576.0,104580,,,17803,499550,2576,104580,20379,604065
2021-01-31 15:00:00,3769,503319,1376.0,105956,,,3769,503319,1376,105956,5145,609210
2021-02-01 15:00:00,8245,511564,5460.0,111416,,,8245,511564,5460,111416,13705,622915
2021-02-02 15:00:00,12537,524101,13850.0,125266,,,12537,524101,13850,125266,26387,649302
2021-02-03 15:00:00,18290,542391,18158.0,143424,,,18290,542391,18158,143424,36448,685750
2021-02-04 15:00:00,22156,564547,15812.0,159236,,,22156,564547,15812,159236,37968,723718
2021-02-05 15:00:00,20427,584974,17463.0,176699,,,20427,584974,17463,176699,37890,761608
2021-02-06 15:00:00,11391,596365,14546.0,191245,,,11391,596365,14546,191245,25937,787545
2021-02-07 15:00:00,5994,602359,1956.0,193201,,,5994,602359,1956,193201,7950,795495
2021-02-08 15:00:00,13030,615389,12992.0,206193,,,13030,615389,12992,206193,26022,821517
2021-02-09 15:00:00,16681,632070,13904.0,220097,,,16681,632070,13904,220097,30585,852102
2021-02-10 15:00:00,19344,651414,21335.0,241432,,,19344,651414,21335,241432,40679,892781
2021-02-11 15:00:00,22956,674370,17401.0,258833,,,22956,674370,17401,258833,40357,933138
2021-02-12 15:00:00,20455,694825,19689.0,278522,,,20455,694825,19689,278522,40144,973282
2021-02-13 15:00:00,11478,706303,6436.0,284958,,,11478,706303,6436,284958,17914,991196
2021-02-14 15:00:00,7122,713425,2143.0,287101,,,7122,713425,2143,287101,9265,1000461
2021-02-15 15:00:00,11773,725198,13358.0,300459,,,11773,725198,13358,300459,25131,1025592
2021-02-16 15:00:00,16665,741863,21045.0,321504,,,16665,741863,21045,321504,37710,1063302
2021-02-17 15:00:00,20696,762559,26402.0,347906,,,20696,762559,26402,347906,47098,1110400
2021-02-18 15:00:00,3209,765768,4634.0,352540,,,3209,765768,4634,352540,7843,1118243
2021-02-19 15:00:00,10272,776040,19948.0,372488,,,10272,776040,19948,372488,30220,1148463
2021-02-20 15:00:00,10321,786361,20331.0,392819,,,10321,786361,20331,392819,30652,1179115
2021-02-21 15:00:00,6199,792560,7674.0,400493,,,6199,792560,7674,400493,13873,1192988
2021-02-22 15:00:00,8050,800610,15509.0,416002,,,8050,800610,15509,416002,23559,1216547
2021-02-23 15:00:00,15543,816153,15997.0,431999,,,15543,816153,15997,431999,31540,1248087
2021-02-24 15:00:00,18008,834161,24859.0,456858,,,18008,834161,24859,456858,42867,1290954
2021-02-25 15:00:00,20409,854570,26606.0,483464,,,20409,854570,26606,483464,47015,1337969
2021-02-26 15:00:00,26698,881268,26295.0,509759,,,26698,881268,26295,509759,52993,1390962
2021-02-27 15:00:00,16036,897304,11171.0,520930,,,16036,897304,11171,520930,27207,1418169
2021-02-28 15:00:00,15535,912839,4901.0,525831,,,15535,912839,4901,525831,20436,1438605
2021-03-01 15:00:00,27349,940188,12725.0,538556,,,27349,940188,12725,538556,40074,1478679
2021-03-02 15:00:00,24020,964208,13316.0,551872,38.0,38.0,24058,964246,13354,551910,37374,1516053
2021-03-03 15:00:00,30270,994478,18443.0,570315,195.0,233.0,30465,994711,18638,570548,48908,1564961
2021-03-04 15:00:00,31024,1025502,18268.0,588583,4065.0,4298.0,35089,1029800,22333,592881,53357,1618318
2021-03-05 15:00:00,30130,1055632,19796.0,608379,4913.0,9211.0,35043,1064843,24709,617590,54839,1673157
2021-03-06 15:00:00,19007,1074639,9543.0,617922,6011.0,15222.0,25018,1089861,15554,633144,34561,1707718
2021-03-07 15:00:00,12157,1086796,4934.0,622856,6606.0,21828.0,18763,1108624,11540,644684,23697,1731415
2021-03-08 15:00:00,25939,1112735,8872.0,631728,8276.0,30104.0,34215,1142839,17148,661832,43087,1774502
2021-03-09 15:00:00,26165,1138900,15514.0,647242,8345.0,38449.0,34510,1177349,23859,685691,50024,1824526
2021-03-10 15:00:00,29908,1168808,16072.0,663314,7937.0,46386.0,37845,1215194,24009,709700,53917,1878443
2021-03-11 15:00:00,36035,1204843,16441.0,679755,3980.0,50366.0,40015,1255209,20421,730121,56456,1934899
2021-03-12 15:00:00,36928,1241771,18180.0,697935,2928.0,53294.0,39856,1295065,21108,751229,58036,1992935
2021-03-13 15:00:00,22677,1264448,10349.0,708284,1629.0,54923.0,24306,1319371,11978,763207,34655,2027590
2021-03-14 15:00:00,17847,1282295,6744.0,715028,1010.0,55933.0,18857,1338228,7754,770961,25601,2053191
2021-03-15 15:00:00,29918,1312213,11385.0,726413,600.0,56533.0,30518,1368746,11985,782946,41903,2095094
2021-03-16 15:00:00,33495,1345708,13601.0,740014,774.0,57307.0,34269,1403015,14375,797321,47870,2142964
2021-03-17 15:00:00,37647,1383355,17109.0,757123,1184.0,58491.0,38831,1441846,18293,815614,55940,2198904
2021-03-18 15:00:00,41487,1424842,12720.0,769843,1353.0,59844.0,42840,1484686,14073,829687,55560,2254464
2021-03-19 15:00:00,38393,1463235,15449.0,785292,1045.0,60889.0,39438,1524124,16494,846181,54887,2309351
2021-03-20 15:00:00,24749,1487984,10243.0,795535,706.0,61595.0,25455,1549579,10949,857130,35698,2345049
2021-03-21 15:00:00,19210,1507194,7923.0,803458,342.0,61937.0,19552,1569131,8265,865395,27475,2372524
2021-03-22 15:00:00,32616,1539810,11525.0,814983,835.0,62772.0,33451,1602582,12360,877755,44976,2417500
2021-03-23 15:00:00,38419,1578229,17889.0,832872,1557.0,64329.0,39976,1642558,19446,897201,57865,2475365
2021-03-24 15:00:00,41091,1619320,21281.0,854153,1389.0,65718.0,42480,1685038,22670,919871,63761,2539126
2021-03-25 15:00:00,42942,1662262,21770.0,875923,2457.0,68175.0,45399,1730437,24227,944098,67169,2606295
2021-03-26 15:00:00,36405,1698667,26733.0,902656,2495.0,70670.0,38900,1769337,29228,973326,65633,2671928
2021-03-27 15:00:00,26476,1725143,17342.0,919998,2490.0,73160.0,28966,1798303,19832,993158,46308,2718236
2021-03-28 15:00:00,17013,1742156,12695.0,932693,1615.0,74775.0,18628,1816931,14310,1007468,31323,2749559
2021-03-29 15:00:00,29727,1771883,26419.0,959112,1142.0,75917.0,30869,1847800,27561,1035029,57288,2806847
2021-03-30 15:00:00,40083,1811966,29109.0,988221,1866.0,77783.0,41949,1889749,30975,1066004,71058,2877905
2021-03-31 15:00:00,41038,1853004,34769.0,1022990,5747.0,83530.0,46785,1936534,40516,1106520,81554,2959459
2021-04-01 15:00:00,42561,1895565,41267.0,1064257,5771.0,89301.0,48332,1984866,47038,1153558,89599,3049058
2021-04-02 15:00:00,34972,1930537,32758.0,1097015,6135.0,95436.0,41107,2025973,38893,1192451,73865,3122923
2021-04-03 15:00:00,21190,1951727,19248.0,1116263,4395.0,99831.0,25585,2051558,23643,1216094,44833,3167756
2021-04-04 15:00:00,8310,1960037,10227.0,1126490,968.0,100799.0,9278,2060836,11195,1227289,19505,3187261
2021-04-05 15:00:00,27973,1988010,28996.0,1155486,6665.0,107464.0,34638,2095474,35661,1262950,63634,3250895
2021-04-06 15:00:00,39822,2027832,30543.0,1186029,10506.0,117970.0,50328,2145802,41049,1303999,80871,3331766
2021-04-07 15:00:00,36124,2063956,34385.0,1220414,12999.0,130969.0,49123,2194925,47384,1351383,83508,3415274
2021-04-08 15:00:00,42376,2106332,36176.0,1256590,13877.0,144846.0,56253,2251178,50053,1401436,92429,3507703
2021-04-09 15:00:00,34103,2140435,36389.0,1292979,14532.0,159378.0,48635,2299813,50921,1452357,85024,3592727
2021-04-10 15:00:00,23513,2163948,23198.0,1316177,7644.0,167022.0,31157,2330970,30842,1483199,54355,3647082
2021-04-11 15:00:00,17586,2181534,13303.0,1329480,10122.0,177144.0,27708,2358678,23425,1506624,41011,3688093
2021-04-12 15:00:00,24612,2206146,33301.0,1362781,10907.0,188051.0,35519,2394197,44208,1550832,68820,3756913
2021-04-13 15:00:00,126196,2332342,91386.0,1454167,3293.0,191344.0,129489,2523686,94679,1645511,220875,3977788
2021-04-14 15:00:00,40776,2373118,37891.0,1492058,214.0,191558.0,40990,2564676,38105,1683616,78881,4056669
2021-04-15 15:00:00,41442,2414560,39642.0,1531700,176.0,191734.0,41618,2606294,39818,1723434,81260,4137929
2021-04-16 15:00:00,37189,2451749,38955.0,1570655,25.0,191759.0,37214,2643508,38980,1762414,76169,4214098
2021-04-17 15:00:00,32833,2484582,22072.0,1592727,13.0,191772.0,32846,2676354,22085,1784499,54918,4269016
2021-04-18 15:00:00,20069,2504651,16231.0,1608958,5.0,191777.0,20074,2696428,16236,1800735,36305,4305321
2021-04-19 15:00:00,29894,2534545,36566.0,1645524,60.0,191837.0,29954,2726382,36626,1837361,66520,4371841
2021-04-20 15:00:00,32947,2567492,44526.0,1690050,59.0,191896.0,33006,2759388,44585,1881946,77532,4449373
2021-04-21 15:00:00,39849,2607341,47111.0,1737161,26.0,191922.0,39875,2799263,47137,1929083,86986,4536359
2021-04-22 15:00:00,35871,2643212,42751.0,1779912,17.0,191939.0,35888,2835151,42768,1971851,78639,4614998
2021-04-23 15:00:00,33156,2676368,40201.0,1820113,14.0,191953.0,33170,2868321,40215,2012066,73371,4688369
2021-04-24 15:00:00,26435,2702803,27944.0,1848057,81.0,192034.0,26516,2894837,28025,2040091,54460,4742829
2021-04-25 15:00:00,20221,2723024,11011.0,1859068,31.0,192065.0,20252,2915089,11042,2051133,31263,4774092
2021-04-26 15:00:00,27387,2750411,32791.0,1891859,201.0,192266.0,27588,2942677,32992,2084125,60379,4834471
2021-04-27 15:00:00,26672,2777083,33137.0,1924996,1097.0,193363.0,27769,2970446,34234,2118359,60906,4895377
2021-04-28 15:00:00,28936,2806019,39596.0,1964592,1367.0,194730.0,30303,3000749,40963,2159322,69899,4965276
2021-04-29 15:00:00,27075,2833094,39817.0,2004409,1463.0,196193.0,28538,3029287,41280,2200602,68355,5033631
2021-04-30 15:00:00,28207,2861301,32340.0,2036749,1649.0,197842.0,29856,3059143,33989,2234591,62196,5095827
2021-05-01 15:00:00,20804,2882105,26869.0,2063618,1058.0,198900.0,21862,3081005,27927,2262518,48731,5144558
2021-05-02 15:00:00,10272,2892377,17096.0,2080714,823.0,199723.0,11095,3092100,17919,2280437,28191,5172749
2021-05-03 15:00:00,12731,2905108,28711.0,2109425,1917.0,201640.0,14648,3106748,30628,2311065,43359,5216108
2021-05-04 15:00:00,13560,2918668,38736.0,2148161,1742.0,203382.0,15302,3122050,40478,2351543,54038,5270146
2021-05-05 15:00:00,19302,2937970,37820.0,2185981,1924.0,205306.0,21226,3143276,39744,2391287,59046,5329192
2021-05-06 15:00:00,16923,2954893,40610.0,2226591,1722.0,207028.0,18645,3161921,42332,2433619,59255,5388447
2021-05-07 15:00:00,17576,2972469,37065.0,2263656,1959.0,208987.0,19535,3181456,39024,2472643,56600,5445047
2021-05-08 15:00:00,10790,2983259,31256.0,2294912,1293.0,210280.0,12083,3193539,32549,2505192,43339,5488386
2021-05-09 15:00:00,5076,2988335,12264.0,2307176,695.0,210975.0,5771,3199310,12959,2518151,18035,5506421
2021-05-10 15:00:00,8955,2997290,31071.0,2338247,1362.0,212337.0,10317,3209627,32433,2550584,41388,5547809
2021-05-11 15:00:00,12188,3009478,30308.0,2368555,1442.0,213779.0,13630,3223257,31750,2582334,43938,5591747
2021-05-12 15:00:00,13950,3023428,38659.0,2407214,1918.0,215697.0,15868,3239125,40577,2622911,54527,5646274
2021-05-13 15:00:00,21847,3045275,33543.0,2440757,1346.0,217043.0,23193,3262318,34889,2657800,56736,5703010
2021-05-14 15:00:00,24409,3069684,30103.0,2470860,1775.0,218818.0,26184,3288502,31878,2689678,56287,5759297
2021-05-15 15:00:00,21969,3091653,25144.0,2496004,1490.0,220308.0,23459,3311961,26634,2716312,48603,5807900
2021-05-16 15:00:00,9103,3100756,17587.0,2513591,1115.0,221423.0,10218,3322179,18702,2735014,27805,5835705
2021-05-17 15:00:00,16861,3117617,28435.0,2542026,1951.0,223374.0,18812,3340991,30386,2765400,47247,5882952
2021-05-18 15:00:00,21270,3138887,30715.0,2572741,1944.0,225318.0,23214,3364205,32659,2798059,53929,5936881
2021-05-19 15:00:00,27679,3166566,32463.0,2605204,1633.0,226951.0,29312,3393517,34096,2832155,61775,5998656
2021-05-20 15:00:00,20821,3187387,33299.0,2638503,1965.0,228916.0,22786,3416303,35264,2867419,56085,6054741
2021-05-21 15:00:00,19167,3206554,30387.0,2668890,1609.0,230525.0,20776,3437079,31996,2899415,51163,6105904
2021-05-22 15:00:00,16959,3223513,20713.0,2689603,1269.0,231794.0,18228,3455307,21982,2921397,38941,6144845
2021-05-23 15:00:00,8808,3232321,11460.0,2701063,965.0,232759.0,9773,3465080,12425,2933822,21233,6166078
2021-05-24 15:00:00,13576,3245897,17794.0,2718857,1473.0,234232.0,15049,3480129,19267,2953089,32843,6198921
2021-05-25 15:00:00,13086,3258983,18729.0,2737586,1328.0,235560.0,14414,3494543,20057,2973146,33143,6232064
2021-05-26 15:00:00,18373,3277356,19699.0,2757285,1512.0,237072.0,19885,3514428,21211,2994357,39584,6271648
2021-05-27 15:00:00,11700,3289056,18721.0,2776006,1120.0,238192.0,12820,3527248,19841,3014198,31541,6303189
2021-05-28 15:00:00,12415,3301471,19873.0,2795879,1402.0,239594.0,13817,3541065,21275,3035473,33690,6336879
2021-05-29 15:00:00,9516,3310987,11740.0,2807619,938.0,240532.0,10454,3551519,12678,3048151,22194,6359073
2021-05-30 15:00:00,4968,3315955,6446.0,2814065,596.0,241128.0,5564,3557083,7042,3055193,12010,6371083
2021-05-31 15:00:00,1779,3317734,3715.0,2817780,305.0,241433.0,2084,3559167,4020,3059213,5799,6376882
2021-06-01 15:00:00,9889,3327623,16518.0,2834298,1162.0,242595.0,11051,3570218,17680,3076893,27569,6404451
2021-06-02 15:00:00,10245,3337868,16845.0,2851143,963.0,243558.0,11208,3581426,17808,3094701,28053,6432504
2021-06-03 15:00:00,7897,3345765,21234.0,2872377,1089.0,244647.0,8986,3590412,22323,3117024,30220,6462724
2021-06-04 15:00:00,8199,3353964,22386.0,2894763,1120.0,245767.0,9319,3599731,23506,3140530,31705,6494429
2021-06-05 15:00:00,6994,3360958,19484.0,2914247,721.0,246488.0,7715,3607446,20205,3160735,27199,6521628
2021-06-06 15:00:00,3458,3364416,7265.0,2921512,426.0,246914.0,3884,3611330,7691,3168426,11149,6532777
2021-06-07 15:00:00,6857,3371273,15816.0,2937328,726.0,247640.0,7583,3618913,16542,3184968,23399,6556176
2021-06-08 15:00:00,6667,3377940,19754.0,2957082,831.0,248471.0,7498,3626411,20585,3205553,27252,6583428
2021-06-09 15:00:00,8193,3386133,24032.0,2981114,971.0,249442.0,9164,3635575,25003,3230556,33196,6616624
2021-06-10 15:00:00,7157,3393290,19157.0,3000271,895.0,250337.0,8052,3643627,20052,3250608,27209,6643833
2021-06-11 15:00:00,7489,3400779,17747.0,3018018,1126.0,251463.0,8615,3652242,18873,3269481,26362,6670195
2021-06-12 15:00:00,5243,3406022,14792.0,3032810,605.0,252068.0,5848,3658090,15397,3284878,20640,6690835
2021-06-13 15:00:00,1946,3407968,7641.0,3040451,427.0,252495.0,2373,3660463,8068,3292946,10014,6700849
2021-06-14 15:00:00,5653,3413621,11842.0,3052293,734.0,253229.0,6387,3666850,12576,3305522,18229,6719078
2021-06-15 15:00:00,5654,3419275,14359.0,3066652,873.0,254102.0,6527,3673377,15232,3320754,20886,6739964
2021-06-16 15:00:00,8731,3428006,21648.0,3088300,758.0,254860.0,9489,3682866,22406,3343160,31137,6771101
2021-06-17 15:00:00,6685,3434691,12386.0,3100686,720.0,255580.0,7405,3690271,13106,3356266,19791,6790892
2021-06-18 15:00:00,6839,3441530,12753.0,3113439,704.0,256284.0,7543,3697814,13457,3369723,20296,6811188
2021-06-19 15:00:00,4656,3446186,9389.0,3122828,614.0,256898.0,5270,3703084,10003,3379726,14659,6825847
2021-06-20 15:00:00,2514,3448700,5068.0,3127896,377.0,257275.0,2891,3705975,5445,3385171,7959,6833806
2021-06-21 15:00:00,5569,3454269,5345.0,3133241,636.0,257911.0,6205,3712180,5981,3391152,11550,6845356
2021-06-22 15:00:00,5351,3459620,9070.0,3142311,699.0,258610.0,6050,3718230,9769,3400921,15120,6860476
2021-06-23 15:00:00,6061,3465681,10368.0,3152679,645.0,259255.0,6706,3724936,11013,3411934,17074,6877550
2021-06-24 15:00:00,5932,3471613,8225.0,3160904,595.0,259850.0,6527,3731463,8820,3420754,14752,6892302
2021-06-25 15:00:00,5834,3477447,8674.0,3169578,619.0,260469.0,6453,3737916,9293,3430047,15127,6907429
2021-06-26 15:00:00,3707,3481154,6304.0,3175882,398.0,260867.0,4105,3742021,6702,3436749,10409,6917838
2021-06-27 15:00:00,2811,3483965,3526.0,3179408,185.0,261052.0,2996,3745017,3711,3440460,6522,6924360
2021-06-28 15:00:00,4929,3488894,6399.0,3185807,539.0,261591.0,5468,3750485,6938,3447398,11867,6936227
2021-06-29 15:00:00,5063,3493957,6493.0,3192300,524.0,262115.0,5587,3756072,7017,3454415,12080,6948307
2021-06-30 15:00:00,5641,3499598,7398.0,3199698,607.0,262722.0,6248,3762320,8005,3462420,13646,6961953
2021-07-01 15:00:00,5454,3505052,7012.0,3206710,505.0,263227.0,5959,3768279,7517,3469937,12971,6974924
2021-07-02 15:00:00,5308,3510360,6866.0,3213576,527.0,263754.0,5835,3774114,7393,3477330,12701,6987625
2021-07-03 15:00:00,3278,3513638,4076.0,3217652,264.0,264018.0,3542,3777656,4340,3481670,7618,6995243
2021-07-04 15:00:00,494,3514132,551.0,3218203,70.0,264088.0,564,3778220,621,3482291,1115,6996358
2021-07-05 15:00:00,3775,3517907,3954.0,3222157,287.0,264375.0,4062,3782282,4241,3486532,8016,7004374
2021-07-06 15:00:00,4491,3522398,6298.0,3228455,455.0,264830.0,4946,3787228,6753,3493285,11244,7015618
2021-07-07 15:00:00,4467,3526865,6434.0,3234889,483.0,265313.0,4950,3792178,6917,3500202,11384,7027002
2021-07-08 15:00:00,4836,3531701,6200.0,3241089,564.0,265877.0,5400,3797578,6764,3506966,11600,7038602
2021-07-09 15:00:00,5368,3537069,6699.0,3247788,573.0,266450.0,5941,3803519,7272,3514238,12640,7051242
2021-07-10 15:00:00,3529,3540598,4414.0,3252202,304.0,266754.0,3833,3807352,4718,3518956,8247,7059489
2021-07-11 15:00:00,2683,3543281,2583.0,3254785,227.0,266981.0,2910,3810262,2810,3521766,5493,7064982
2021-07-12 15:00:00,4429,3547710,5135.0,3259920,379.0,267360.0,4808,3815070,5514,3527280,9943,7074925
2021-07-13 15:00:00,4673,3552383,4733.0,3264653,366.0,267726.0,5039,3820109,5099,3532379,9772,7084697
2021-07-14 15:00:00,4637,3557020,5300.0,3269953,421.0,268147.0,5058,3825167,5721,3538100,10358,7095055
2021-07-15 15:00:00,4913,3561933,5031.0,3274984,359.0,268506.0,5272,3830439,5390,3543490,10303,7105358
2021-07-16 15:00:00,6282,3568215,5880.0,3280864,405.0,268911.0,6687,3837126,6285,3549775,12567,7117925
2021-07-17 15:00:00,3425,3571640,3555.0,3284419,304.0,269215.0,3729,3840855,3859,3553634,7284,7125209
2021-07-18 15:00:00,2311,3573951,2386.0,3286805,110.0,269325.0,2421,3843276,2496,3556130,4807,7130016
2021-07-19 15:00:00,5153,3579104,4617.0,3291422,383.0,269708.0,5536,3848812,5000,3561130,10153,7140169
2021-07-20 15:00:00,5350,3584454,4737.0,3296159,367.0,270075.0,5717,3854529,5104,3566234,10454,7150623
2021-07-21 15:00:00,5668,3590122,4972.0,3301131,415.0,270490.0,6083,3860612,5387,3571621,11055,7161678
2021-07-22 15:00:00,6032,3596154,4658.0,3305789,472.0,270962.0,6504,3867116,5130,3576751,11162,7172840
2021-07-23 15:00:00,6848,3603002,4862.0,3310651,499.0,271461.0,7347,3874463,5361,3582112,12209,7185049
2021-07-24 15:00:00,4287,3607289,3209.0,3313860,267.0,271728.0,4554,3879017,3476,3585588,7763,7192812
2021-07-25 15:00:00,3302,3610591,1124.0,3314984,142.0,271870.0,3444,3882461,1266,3586854,4568,7197380
2021-07-26 15:00:00,6224,3616815,3918.0,3318902,420.0,272290.0,6644,3889105,4338,3591192,10562,7207942
2021-07-27 15:00:00,6619,3623434,4306.0,3323208,459.0,272749.0,7078,3896183,4765,3595957,11384,7219326
2021-07-28 15:00:00,7099,3630533,4159.0,3327367,462.0,273211.0,7561,3903744,4621,3600578,11720,7231046
2021-07-29 15:00:00,7095,3637628,4330.0,3331697,420.0,273631.0,7515,3911259,4750,3605328,11845,7242891
2021-07-30 15:00:00,7835,3645463,4844.0,3336541,527.0,274158.0,8362,3919621,5371,3610699,13206,7256097
2021-07-31 15:00:00,4794,3650257,3090.0,3339631,274.0,274432.0,5068,3924689,3364,3614063,8158,7264255
2021-08-01 15:00:00,3923,3654180,2202.0,3341833,165.0,274597.0,4088,3928777,2367,3616430,6290,7270545
2021-08-02 15:00:00,7283,3661463,3854.0,3345687,342.0,274939.0,7625,3936402,4196,3620626,11479,7282024
2021-08-03 15:00:00,7282,3668745,4116.0,3349803,517.0,275456.0,7799,3944201,4633,3625259,11915,7293939
2021-08-04 15:00:00,7446,3676191,4132.0,3353935,536.0,275992.0,7982,3952183,4668,3629927,12114,7306053
2021-08-05 15:00:00,7964,3684155,4350.0,3358285,541.0,276533.0,8505,3960688,4891,3634818,12855,7318908
2021-08-06 15:00:00,8336,3692491,4766.0,3363051,454.0,276987.0,8790,3969478,5220,3640038,13556,7332464
2021-08-07 15:00:00,5305,3697796,2851.0,3365902,264.0,277251.0,5569,3975047,3115,3643153,8420,7340884
2021-08-08 15:00:00,3981,3701777,2062.0,3367964,146.0,277397.0,4127,3979174,2208,3645361,6189,7347073
2021-08-09 15:00:00,6961,3708738,4576.0,3372540,371.0,277768.0,7332,3986506,4947,3650308,11908,7358981
2021-08-10 15:00:00,7174,3715912,4512.0,3377052,340.0,278108.0,7514,3994020,4852,3655160,12026,7371007
2021-08-11 15:00:00,7108,3723020,4462.0,3381514,443.0,278551.0,7551,4001571,4905,3660065,12013,7383020
2021-08-12 15:00:00,8671,3731691,4775.0,3386289,446.0,278997.0,9117,4010688,5221,3665286,13892,7396912
2021-08-13 15:00:00,7190,3738881,5421.0,3391710,398.0,279395.0,7588,4018276,5819,3671105,13009,7409921
2021-08-14 15:00:00,4929,3743810,3358.0,3395068,288.0,279683.0,5217,4023493,3646,3674751,8575,7418496
2021-08-15 15:00:00,3332,3747142,2750.0,3397818,163.0,279846.0,3495,4026988,2913,3677664,6245,7424741
2021-08-16 15:00:00,5461,3752603,5111.0,3402929,353.0,280199.0,5814,4032802,5464,3683128,10925,7435666
2021-08-17 15:00:00,6832,3759435,5385.0,3408314,391.0,280590.0,7223,4040025,5776,3688904,12608,7448274
2021-08-18 15:00:00,6353,3765788,5534.0,3413848,481.0,281071.0,6834,4046859,6015,3694919,12368,7460642
2021-08-19 15:00:00,6243,3772031,5592.0,3419440,416.0,281487.0,6659,4053518,6008,3700927,12251,7472893
2021-08-20 15:00:00,6857,3778888,6581.0,3426021,401.0,281888.0,7258,4060776,6982,3707909,13839,7486732
2021-08-21 15:00:00,4350,3783238,3929.0,3429950,230.0,282118.0,4580,4065356,4159,3712068,8509,7495241
2021-08-22 15:00:00,3064,3786302,3179.0,3433129,111.0,282229.0,3175,4068531,3290,3715358,6354,7501595
2021-08-23 15:00:00,6004,3792306,6143.0,3439272,287.0,282516.0,6291,4074822,6430,3721788,12434,7514029
2021-08-24 15:00:00,6558,3798864,6107.0,3445379,426.0,282942.0,6984,4081806,6533,3728321,13091,7527120
2021-08-25 15:00:00,6737,3805601,6256.0,3451635,440.0,283382.0,7177,4088983,6696,3735017,13433,7540553
2021-08-26 15:00:00,6975,3812576,6690.0,3458325,427.0,283809.0,7402,4096385,7117,3742134,14092,7554645
2021-08-27 15:00:00,6848,3819424,7113.0,3465438,317.0,284126.0,7165,4103550,7430,3749564,14278,7568923
2021-08-28 15:00:00,6919,3826343,6542.0,3471980,329.0,284455.0,7248,4110798,6871,3756435,13790,7582713
2021-08-29 15:00:00,3745,3830088,3709.0,3475689,610.0,285065.0,4355,4115153,4319,3760754,8064,7590777
2021-08-30 15:00:00,5937,3836025,6160.0,3481849,962.0,286027.0,6899,4122052,7122,3767876,13059,7603836
2021-08-31 15:00:00,5912,3841937,6098.0,3487947,947.0,286974.0,6859,4128911,7045,3774921,12957,7616793
2021-09-01 15:00:00,5629,3847566,5747.0,3493694,918.0,287892.0,6547,4135458,6665,3781586,12294,7629087
2021-09-02 15:00:00,5532,3853098,5980.0,3499674,709.0,288601.0,6241,4141699,6689,3788275,12221,7641308
2021-09-03 15:00:00,6029,3859127,6986.0,3506660,977.0,289578.0,7006,4148705,7963,3796238,13992,7655300
2021-09-04 15:00:00,3743,3862870,4367.0,3511027,878.0,290456.0,4621,4153326,5245,3801483,8988,7664288
2021-09-05 15:00:00,2959,3865829,2819.0,3513846,106.0,290562.0,3065,4156391,2925,3804408,5884,7670172
2021-09-06 15:00:00,1061,3866890,1163.0,3515009,70.0,290632.0,1131,4157522,1233,3805641,2294,7672466
2021-09-07 15:00:00,5352,3872242,7326.0,3522335,2305.0,292937.0,7657,4165179,9631,3815272,14983,7687449
2021-09-08 15:00:00,4665,3876907,5507.0,3527842,364.0,293301.0,5029,4170208,5871,3821143,10536,7697985
2021-09-09 15:00:00,5030,3881937,5489.0,3533331,325.0,293626.0,5355,4175563,5814,3826957,10844,7708829
2021-09-10 15:00:00,6537,3888474,6684.0,3540015,1719.0,295345.0,8256,4183819,8403,3835360,14940,7723769
2021-09-11 15:00:00,4185,3892659,4357.0,3544372,666.0,296011.0,4851,4188670,5023,3840383,9208,7732977
2021-09-12 15:00:00,3180,3895839,3247.0,3547619,436.0,296447.0,3616,4192286,3683,3844066,6863,7739840
2021-09-13 15:00:00,4898,3900737,5085.0,3552704,347.0,296794.0,5245,4197531,5432,3849498,10330,7750170
2021-09-14 15:00:00,4779,3905516,5470.0,3558174,438.0,297232.0,5217,4202748,5908,3855406,10687,7760857
2021-09-15 15:00:00,5047,3910563,5907.0,3564081,394.0,297626.0,5441,4208189,6301,3861707,11348,7772205
2021-09-16 15:00:00,4817,3915380,5863.0,3569944,341.0,297967.0,5158,4213347,6204,3867911,11021,7783226
2021-09-17 15:00:00,5292,3920672,6601.0,3576545,344.0,298311.0,5636,4218983,6945,3874856,12237,7795463
2021-09-18 15:00:00,3826,3924498,4593.0,3581138,186.0,298497.0,4012,4222995,4779,3879635,8605,7804068
2021-09-19 15:00:00,2743,3927241,3184.0,3584322,75.0,298572.0,2818,4225813,3259,3882894,6002,7810070
2021-09-20 15:00:00,3757,3930998,4692.0,3589014,428.0,299000.0,4185,4229998,5120,3888014,8877,7818947
2021-09-21 15:00:00,4004,3935002,5027.0,3594041,327.0,299327.0,4331,4234329,5354,3893368,9358,7828305
2021-09-22 15:00:00,4193,3939195,4804.0,3598845,459.0,299786.0,4652,4238981,5263,3898631,9456,7837761
2021-09-23 15:00:00,4193,3943388,4738.0,3603583,492.0,300278.0,4685,4243666,5230,3903861,9423,7847184
2021-09-24 15:00:00,5098,3948486,5638.0,3609221,422.0,300700.0,5520,4249186,6060,3909921,11158,7858342
2021-09-25 15:00:00,3643,3952129,3649.0,3612870,384.0,301084.0,4027,4253213,4033,3913954,7676,7866018
2021-09-26 15:00:00,2351,3954480,2674.0,3615544,433.0,301517.0,2784,4255997,3107,3917061,5458,7871476
2021-09-27 15:00:00,4511,3958991,2722.0,3618266,512.0,302029.0,5023,4261020,3234,3920295,7745,7879221
2021-09-28 15:00:00,4423,3963414,4481.0,3622747,212.0,302241.0,4635,4265655,4693,3924988,9116,7888337
2021-09-29 15:00:00,4690,3968104,4540.0,3627287,920.0,303161.0,5610,4271265,5460,3930448,10150,7898487
2021-09-30 15:00:00,4895,3972999,4579.0,3631866,796.0,303957.0,5691,4276956,5375,3935823,10270,7908757
2021-10-01 15:00:00,5534,3978533,5381.0,3637247,786.0,304743.0,6320,4283276,6167,3941990,11701,7920458
2021-10-02 15:00:00,2948,3981481,2907.0,3640154,187.0,304930.0,3135,4286411,3094,3945084,6042,7926500
2021-10-03 15:00:00,2080,3983561,2386.0,3642540,87.0,305017.0,2167,4288578,2473,3947557,4553,7931053
2021-10-04 15:00:00,4035,3987596,3512.0,3646052,234.0,305251.0,4269,4292847,3746,3951303,7781,7938834
2021-10-05 15:00:00,3966,3991562,3682.0,3649734,206.0,305457.0,4172,4297019,3888,3955191,7854,7946688
2021-10-06 15:00:00,4035,3995597,3582.0,3653316,266.0,305723.0,4301,4301320,3848,3959039,7883,7954571
2021-10-07 15:00:00,4238,3999835,3662.0,3656978,332.0,306055.0,4570,4305890,3994,3963033,8232,7962803
2021-10-08 15:00:00,4782,4004617,4315.0,3661293,283.0,306338.0,5065,4310955,4598,3967631,9380,7972183
2021-10-09 15:00:00,2692,4007309,2686.0,3663979,270.0,306608.0,2962,4313917,2956,3970587,5648,7977831
2021-10-10 15:00:00,1860,4009169,1855.0,3665834,60.0,306668.0,1920,4315837,1915,3972502,3775,7981606
2021-10-11 15:00:00,4216,4013385,3320.0,3669154,251.0,306919.0,4467,4320304,3571,3976073,7787,7989393
2021-10-12 15:00:00,3608,4016993,3549.0,3672703,277.0,307196.0,3885,4324189,3826,3979899,7434,7996827
2021-10-13 15:00:00,3993,4020986,3480.0,3676183,346.0,307542.0,4339,4328528,3826,3983725,7819,8004646
2021-10-14 15:00:00,5176,4026162,5511.0,3681694,430.0,307972.0,5606,4334134,5941,3989666,11117,8015763
2021-10-15 15:00:00,4768,4030930,4624.0,3686318,347.0,308319.0,5115,4339249,4971,3994637,9739,8025502
2021-10-16 15:00:00,2498,4033428,2531.0,3688849,291.0,308610.0,2789,4342038,2822,3997459,5320,8030822
2021-10-17 15:00:00,1811,4035239,1780.0,3690629,55.0,308665.0,1866,4343904,1835,3999294,3646,8034468
2021-10-18 15:00:00,4279,4039518,3588.0,3694217,283.0,308948.0,4562,4348466,3871,4003165,8150,8042618
2021-10-19 15:00:00,4305,4043823,4038.0,3698255,223.0,309171.0,4528,4352994,4261,4007426,8566,8051184
2021-10-20 15:00:00,3546,4047369,3437.0,3701692,259.0,309430.0,3805,4356799,3696,4011122,7242,8058426
2021-10-21 15:00:00,3311,4050680,3288.0,3704980,291.0,309721.0,3602,4360401,3579,4014701,6890,8065316
2021-10-22 15:00:00,4690,4055370,4042.0,3709022,477.0,310198.0,5167,4365568,4519,4019220,9209,8074525
2021-10-23 15:00:00,2886,4058256,2121.0,3711143,322.0,310520.0,3208,4368776,2443,4021663,5329,8079854
2021-10-24 15:00:00,2057,4060313,1555.0,3712698,79.0,310599.0,2136,4370912,1634,4023297,3691,8083545
2021-10-25 15:00:00,4558,4064871,3084.0,3715782,323.0,310922.0,4881,4375793,3407,4026704,7965,8091510
2021-10-26 15:00:00,4544,4069415,3092.0,3718874,316.0,311238.0,4860,4380653,3408,4030112,7952,8099462
2021-10-27 15:00:00,4730,4074145,3353.0,3722227,436.0,311674.0,5166,4385819,3789,4033901,8519,8107981
2021-10-28 15:00:00,4569,4078714,3377.0,3725604,501.0,312175.0,5070,4390889,3878,4037779,8447,8116428
2021-10-29 15:00:00,5000,4083714,3936.0,3729540,396.0,312571.0,5396,4396285,4332,4042111,9332,8125760
2021-10-30 15:00:00,2631,4086345,1850.0,3731390,306.0,312877.0,2937,4399222,2156,4044267,4787,8130547
2021-10-31 15:00:00,1935,4088280,1522.0,3732912,94.0,312971.0,2029,4401251,1616,4045883,3551,8134098
2021-11-01 15:00:00,4751,4093031,3457.0,3736369,352.0,313323.0,5103,4406354,3809,4049692,8560,8142658
2021-11-02 15:00:00,4279,4097310,2950.0,3739319,410.0,313733.0,4689,4411043,3360,4053052,7639,8150297
2021-11-03 15:00:00,4681,4101991,3052.0,3742371,464.0,314197.0,5145,4416188,3516,4056568,8197,8158494
2021-11-04 15:00:00,6332,4108323,3386.0,3745757,530.0,314727.0,6862,4423050,3916,4060484,10248,8168742
2021-11-05 15:00:00,8265,4116588,3786.0,3749543,415.0,315142.0,8680,4431730,4201,4064685,12466,8181208
2021-11-06 15:00:00,10207,4126795,1976.0,3751519,309.0,315451.0,10516,4442246,2285,4066970,12492,8193700
2021-11-07 15:00:00,7754,4134549,1464.0,3752983,95.0,315546.0,7849,4450095,1559,4068529,9313,8203013
2021-11-08 15:00:00,11362,4145911,3066.0,3756049,379.0,315925.0,11741,4461836,3445,4071974,14807,8217820
2021-11-09 15:00:00,11810,4157721,2658.0,3758707,268.0,316193.0,12078,4473914,2926,4074900,14736,8232556
2021-11-10 15:00:00,12642,4170363,2775.0,3761482,340.0,316533.0,12982,4486896,3115,4078015,15757,8248313
2021-11-11 15:00:00,11447,4181810,2385.0,3763867,280.0,316813.0,11727,4498623,2665,4080680,14112,8262425
2021-11-12 15:00:00,12385,4194195,3378.0,3767245,548.0,317361.0,12933,4511556,3926,4084606,16311,8278736
2021-11-13 15:00:00,9984,4204179,1603.0,3768848,342.0,317703.0,10326,4521882,1945,4086551,11929,8290665
2021-11-14 15:00:00,4249,4208428,1119.0,3769967,121.0,317824.0,4370,4526252,1240,4087791,5489,8296154
2021-11-15 15:00:00,8655,4217083,2521.0,3772488,211.0,318035.0,8866,4535118,2732,4090523,11387,8307541
2021-11-16 15:00:00,9300,4226383,2517.0,3775005,258.0,318293.0,9558,4544676,2775,4093298,12075,8319616
2021-11-17 15:00:00,9423,4235806,2868.0,3777873,313.0,318606.0,9736,4554412,3181,4096479,12604,8332220
2021-11-18 15:00:00,9334,4245140,2628.0,3780501,481.0,319087.0,9815,4564227,3109,4099588,12443,8344663
2021-11-19 15:00:00,9853,4254993,2929.0,3783430,382.0,319469.0,10235,4574462,3311,4102899,13164,8357827
2021-11-20 15:00:00,10665,4265658,1604.0,3785034,455.0,319924.0,11120,4585582,2059,4104958,12724,8370551
2021-11-21 15:00:00,4394,4270052,1210.0,3786244,100.0,320024.0,4494,4590076,1310,4106268,5704,8376255
2021-11-22 15:00:00,9853,4279905,2516.0,3788760,293.0,320317.0,10146,4600222,2809,4109077,12662,8388917
2021-11-23 15:00:00,9261,4289166,2409.0,3791169,318.0,320635.0,9579,4609801,2727,4111804,11988,8400905
2021-11-24 15:00:00,8193,4297359,2444.0,3793613,215.0,320850.0,8408,4618209,2659,4114463,10852,8411757
2021-11-25 15:00:00,235,4297594,81.0,3793694,10.0,320860.0,245,4618454,91,4114554,326,8412083
2021-11-26 15:00:00,5674,4303268,3984.0,3797678,153.0,321013.0,5827,4624281,4137,4118691,9811,8421894
2021-11-27 15:00:00,3781,4307049,5499.0,3803177,134.0,321147.0,3915,4628196,5633,4124324,9414,8431308
2021-11-28 15:00:00,2406,4309455,6414.0,3809591,77.0,321224.0,2483,4630679,6491,4130815,8897,8440205
2021-11-29 15:00:00,6389,4315844,9342.0,3818933,380.0,321604.0,6769,4637448,9722,4140537,16111,8456316
2021-11-30 15:00:00,6283,4322127,9374.0,3828307,264.0,321868.0,6547,4643995,9638,4150175,15921,8472237
2021-12-01 15:00:00,7361,4329488,9798.0,3838105,310.0,322178.0,7671,4651666,10108,4160283,17469,8489706
2021-12-02 15:00:00,6971,4336459,8870.0,3846975,463.0,322641.0,7434,4659100,9333,4169616,16304,8506010
2021-12-03 15:00:00,7656,4344115,9384.0,3856359,253.0,322894.0,7909,4667009,9637,4179253,17293,8523303
2021-12-04 15:00:00,5962,4350077,10172.0,3866531,468.0,323362.0,6430,4673439,10640,4189893,16602,8539905
2021-12-05 15:00:00,3447,4353524,3586.0,3870117,79.0,323441.0,3526,4676965,3665,4193558,7112,8547017
2021-12-06 15:00:00,6780,4360304,7125.0,3877242,289.0,323730.0,7069,4684034,7414,4200972,14194,8561211
2021-12-07 15:00:00,6465,4366769,7098.0,3884340,254.0,323984.0,6719,4690753,7352,4208324,13817,8575028
2021-12-08 15:00:00,6950,4373719,7451.0,3891791,316.0,324300.0,7266,4698019,7767,4216091,14717,8589745
2021-12-09 15:00:00,6556,4380275,7084.0,3898875,412.0,324712.0,6968,4704987,7496,4223587,14052,8603797
2021-12-10 15:00:00,7312,4387587,7373.0,3906248,260.0,324972.0,7572,4712559,7633,4231220,14945,8618742
2021-12-11 15:00:00,4467,4392054,7718.0,3913966,333.0,325305.0,4800,4717359,8051,4239271,12518,8631260
2021-12-12 15:00:00,4011,4396065,2813.0,3916779,60.0,325365.0,4071,4721430,2873,4242144,6884,8638144
2021-12-13 15:00:00,5799,4401864,5842.0,3922621,243.0,325608.0,6042,4727472,6085,4248229,11884,8650028
2021-12-14 15:00:00,6477,4408341,5970.0,3928591,223.0,325831.0,6700,4734172,6193,4254422,12670,8662698
2021-12-15 15:00:00,7200,4415541,5746.0,3934337,259.0,326090.0,7459,4741631,6005,4260427,13205,8675903
2021-12-16 15:00:00,7921,4423462,2840.0,3937177,423.0,326513.0,8344,4749975,3263,4263690,11184,8687087
2021-12-17 15:00:00,7884,4431346,4197.0,3941374,195.0,326708.0,8079,4758054,4392,4268082,12276,8699363
2021-12-18 15:00:00,5869,4437215,3209.0,3944583,298.0,327006.0,6167,4764221,3507,4271589,9376,8708739
2021-12-19 15:00:00,3390,4440605,1355.0,3945938,37.0,327043.0,3427,4767648,1392,4272981,4782,8713521
2021-12-20 15:00:00,8120,4448725,3776.0,3949714,174.0,327217.0,8294,4775942,3950,4276931,12070,8725591
2021-12-21 15:00:00,9096,4457821,4232.0,3953946,177.0,327394.0,9273,4785215,4409,4281340,13505,8739096
2021-12-22 15:00:00,8729,4466550,3921.0,3957867,184.0,327578.0,8913,4794128,4105,4285445,12834,8751930
2021-12-23 15:00:00,8462,4475012,3604.0,3961471,359.0,327937.0,8821,4802949,3963,4289408,12425,8764355
2021-12-24 15:00:00,1637,4476649,1018.0,3962489,39.0,327976.0,1676,4804625,1057,4290465,2694,8767049
2021-12-25 15:00:00,47,4476696,36.0,3962525,1.0,327977.0,48,4804673,37,4290502,84,8767133
2021-12-26 15:00:00,2520,4479216,1757.0,3964282,44.0,328021.0,2564,4807237,1801,4292303,4321,8771454
2021-12-27 15:00:00,7271,4486487,4060.0,3968342,297.0,328318.0,7568,4814805,4357,4296660,11628,8783082
2021-12-28 15:00:00,7978,4494465,3891.0,3972233,179.0,328497.0,8157,4822962,4070,4300730,12048,8795130
2021-12-29 15:00:00,8276,4502741,4044.0,3976277,157.0,328654.0,8433,4831395,4201,4304931,12477,8807607
2021-12-30 15:00:00,7514,4510255,3819.0,3980096,291.0,328945.0,7805,4839200,4110,4309041,11624,8819231
2021-12-31 15:00:00,2590,4512845,1546.0,3981642,89.0,329034.0,2679,4841879,1635,4310676,4225,8823456
2022-01-01 15:00:00,745,4513590,354.0,3981996,34.0,329068.0,779,4842658,388,4311064,1133,8824589
2022-01-02 15:00:00,2220,4515810,1655.0,3983651,49.0,329117.0,2269,4844927,1704,4312768,3924,8828513
2022-01-03 15:00:00,3394,4519204,2095.0,3985746,224.0,329341.0,3618,4848545,2319,4315087,5713,8834226
2022-01-04 15:00:00,5877,4525081,3543.0,3989289,165.0,329506.0,6042,4854587,3708,4318795,9585,8843811
2022-01-05 15:00:00,6853,4531934,4723.0,3994012,176.0,329682.0,7029,4861616,4899,4323694,11752,8855563
2022-01-06 15:00:00,6837,4538771,4888.0,3998900,265.0,329947.0,7102,4868718,5153,4328847,11990,8867553
2022-01-07 15:00:00,6050,4544821,3866.0,4002766,162.0,330109.0,6212,4874930,4028,4332875,10078,8877631
2022-01-08 15:00:00,4822,4549643,3942.0,4006708,78.0,330187.0,4900,4879830,4020,4336895,8842,8886473
2022-01-09 15:00:00,2769,4552412,2028.0,4008736,154.0,330341.0,2923,4882753,2182,4339077,4951,8891424
2022-01-10 15:00:00,6377,4558789,3883.0,4012619,160.0,330501.0,6537,4889290,4043,4343120,10420,8901844
2022-01-11 15:00:00,6553,4565342,4315.0,4016934,143.0,330644.0,6696,4895986,4458,4347578,11011,8912855
2022-01-12 15:00:00,6842,4572184,4474.0,4021408,224.0,330868.0,7066,4903052,4698,4352276,11540,8924395
2022-01-13 15:00:00,6714,4578898,4416.0,4025824,153.0,331021.0,6867,4909919,4569,4356845,11283,8935678
2022-01-14 15:00:00,7284,4586182,3320.0,4029144,253.0,331274.0,7537,4917456,3573,4360418,10857,8946535
2022-01-15 15:00:00,4300,4590482,1701.0,4030845,71.0,331345.0,4371,4921827,1772,4362190,6072,8952607
2022-01-16 15:00:00,2224,4592706,1326.0,4032171,116.0,331461.0,2340,4924167,1442,4363632,3666,8956273
2022-01-17 15:00:00,3635,4596341,2392.0,4034563,75.0,331536.0,3710,4927877,2467,4366099,6102,8962375
2022-01-18 15:00:00,5303,4601644,4240.0,4038803,103.0,331639.0,5406,4933283,4343,4370442,9646,8972021
2022-01-19 15:00:00,5308,4606952,4509.0,4043312,99.0,331738.0,5407,4938690,4608,4375050,9916,8981937
2022-01-20 15:00:00,4544,4611496,3649.0,4046961,176.0,331914.0,4720,4943410,3825,4378875,8369,8990306
2022-01-21 15:00:00,5616,4617112,2956.0,4049917,126.0,332040.0,5742,4949152,3082,4381957,8698,8999004
2022-01-22 15:00:00,3481,4620593,1731.0,4051648,134.0,332174.0,3615,4952767,1865,4383822,5346,9004350
2022-01-23 15:00:00,2051,4622644,1502.0,4053150,30.0,332204.0,2081,4954848,1532,4385354,3583,9007933
2022-01-24 15:00:00,4143,4626787,2783.0,4055933,90.0,332294.0,4233,4959081,2873,4388227,7016,9014949
2022-01-25 15:00:00,3857,4630644,3337.0,4059270,95.0,332389.0,3952,4963033,3432,4391659,7289,9022238
2022-01-26 15:00:00,3898,4634542,3728.0,4062998,95.0,332484.0,3993,4967026,3823,4395482,7721,9029959
2022-01-27 15:00:00,3766,4638308,3967.0,4066965,188.0,332672.0,3954,4970980,4155,4399637,7921,9037880
2022-01-28 15:00:00,3869,4642177,3302.0,4070267,76.0,332748.0,3945,4974925,3378,4403015,7247,9045127
2022-01-29 15:00:00,2313,4644490,2305.0,4072572,117.0,332865.0,2430,4977355,2422,4405437,4735,9049862
2022-01-30 15:00:00,1564,4646054,1649.0,4074221,16.0,332881.0,1580,4978935,1665,4407102,3229,9053091
2022-01-31 15:00:00,3012,4649066,3250.0,4077471,58.0,332939.0,3070,4982005,3308,4410410,6320,9059411
2022-02-01 15:00:00,2662,4651728,3419.0,4080890,75.0,333014.0,2737,4984742,3494,4413904,6156,9065567
2022-02-02 15:00:00,2839,4654567,3737.0,4084627,78.0,333092.0,2917,4987659,3815,4417719,6654,9072221
2022-02-03 15:00:00,2767,4657334,3691.0,4088318,42.0,333134.0,2809,4990468,3733,4421452,6500,9078721
2022-02-04 15:00:00,2797,4660131,4414.0,4092732,128.0,333262.0,2925,4993393,4542,4425994,7339,9086060
2022-02-05 15:00:00,1927,4662058,2915.0,4095647,112.0,333374.0,2039,4995432,3027,4429021,4954,9091014
2022-02-06 15:00:00,1078,4663136,1361.0,4097008,24.0,333398.0,1102,4996534,1385,4430406,2463,9093477
2022-02-07 15:00:00,2083,4665219,2716.0,4099724,51.0,333449.0,2134,4998668,2767,4433173,4850,9098327
2022-02-08 15:00:00,2102,4667321,3115.0,4102839,63.0,333512.0,2165,5000833,3178,4436351,5280,9103607
2022-02-09 15:00:00,2215,4669536,3327.0,4106166,76.0,333588.0,2291,5003124,3403,4439754,5618,9109225
2022-02-10 15:00:00,2110,4671646,2892.0,4109058,55.0,333643.0,2165,5005289,2947,4442701,5057,9114282
2022-02-11 15:00:00,2526,4674172,3538.0,4112596,123.0,333766.0,2649,5007938,3661,4446362,6187,9120469
2022-02-12 15:00:00,1687,4675859,2325.0,4114921,97.0,333863.0,1784,5009722,2422,4448784,4109,9124578
2022-02-13 15:00:00,739,4676598,1087.0,4116008,17.0,333880.0,756,5010478,1104,4449888,1843,9126421
2022-02-14 15:00:00,1465,4678063,2249.0,4118257,65.0,333945.0,1530,5012008,2314,4452202,3779,9130200
2022-02-15 15:00:00,1957,4680020,2483.0,4120740,47.0,333992.0,2004,5014012,2530,4454732,4487,9134687
2022-02-16 15:00:00,1699,4681719,2462.0,4123202,52.0,334044.0,1751,5015763,2514,4457246,4213,9138900
2022-02-17 15:00:00,16887,4698606,13064.0,4136266,488.0,334532.0,17375,5033138,13552,4470798,30439,9169339
2022-02-18 15:00:00,2023,4700629,2627.0,4138893,50.0,334582.0,2073,5035211,2677,4473475,4700,9174039
2022-02-19 15:00:00,1248,4701877,1726.0,4140619,39.0,334621.0,1287,5036498,1765,4475240,3013,9177052
2022-02-20 15:00:00,721,4702598,856.0,4141475,15.0,334636.0,736,5037234,871,4476111,1592,9178644
2022-02-21 15:00:00,1324,4703922,1801.0,4143276,32.0,334668.0,1356,5038590,1833,4477944,3157,9181801
2022-02-22 15:00:00,1485,4705407,1954.0,4145230,37.0,334705.0,1522,5040112,1991,4479935,3476,9185277
2022-02-23 15:00:00,1603,4707010,1940.0,4147170,36.0,334741.0,1639,5041751,1976,4481911,3579,9188856
2022-02-24 15:00:00,1526,4708536,1710.0,4148880,39.0,334780.0,1565,5043316,1749,4483660,3275,9192131
2022-02-25 15:00:00,1712,4710248,1890.0,4150770,72.0,334852.0,1784,5045100,1962,4485622,3674,9195805
2022-02-26 15:00:00,1216,4711464,1249.0,4152019,46.0,334898.0,1262,5046362,1295,4486917,2511,9198316
2022-02-27 15:00:00,588,4712052,535.0,4152554,15.0,334913.0,603,5046965,550,4487467,1138,9199454
2022-02-28 15:00:00,1300,4713352,1357.0,4153911,35.0,334948.0,1335,5048300,1392,4488859,2692,9202146
2022-03-01 15:00:00,1373,4714725,1362.0,4155273,28.0,334976.0,1401,5049701,1390,4490249,2763,9204909
2022-03-02 15:00:00,1177,4715902,1341.0,4156614,67.0,335043.0,1244,5050945,1408,4491657,2585,9207494
2022-03-03 15:00:00,1270,4717172,1285.0,4157899,32.0,335075.0,1302,5052247,1317,4492974,2587,9210081
2022-03-04 15:00:00,1378,4718550,1476.0,4159375,46.0,335121.0,1424,5053671,1522,4494496,2900,9212981
2022-03-05 15:00:00,756,4719306,855.0,4160230,20.0,335141.0,776,5054447,875,4495371,1631,9214612
2022-03-06 15:00:00,160,4719466,148.0,4160378,7.0,335148.0,167,5054614,155,4495526,315,9214927
