VACCINATION_DATE,FirstDailyDose,FirstDoseCumulative,SecondDailyDose,SecondDoseCumulative,SingleDailyDose,SingleDoseCumulative,AtleastOneVaccine,AtleastOneVaccineCumulative,CompletedVax,CompletedVaxCumulative,FirstSecondSingleVaccinations,FirstSecondSingleVaccinationsCumulative
2020-12-14 15:00:00,19,1462,,534,,,19,1462,0,534,19,1904
2020-12-15 15:00:00,62,1524,3.0,537,,,62,1524,3,537,65,1969
2020-12-16 15:00:00,597,2121,5.0,542,,,597,2121,5,542,602,2571
2020-12-17 15:00:00,1166,3287,8.0,550,,,1166,3287,8,550,1174,3745
2020-12-18 15:00:00,3029,6316,12.0,562,,,3029,6316,12,562,3041,6786
2020-12-19 15:00:00,930,7246,7.0,569,,,930,7246,7,569,937,7723
2020-12-20 15:00:00,369,7615,6.0,575,,,369,7615,6,575,375,8098
2020-12-21 15:00:00,3898,11513,26.0,601,,,3898,11513,26,601,3924,12022
2020-12-22 15:00:00,6326,17839,30.0,631,,,6326,17839,30,631,6356,18378
2020-12-23 15:00:00,5790,23629,39.0,670,,,5790,23629,39,670,5829,24207
2020-12-24 15:00:00,2729,26358,15.0,685,,,2729,26358,15,685,2744,26951
2020-12-25 15:00:00,1035,27393,4.0,689,,,1035,27393,4,689,1039,27990
2020-12-26 15:00:00,1885,29278,10.0,699,,,1885,29278,10,699,1895,29885
2020-12-27 15:00:00,1803,31081,12.0,711,,,1803,31081,12,711,1815,31700
2020-12-28 15:00:00,8993,40074,51.0,762,,,8993,40074,51,762,9044,40744
2020-12-29 15:00:00,10978,51052,53.0,815,,,10978,51052,53,815,11031,51775
2020-12-30 15:00:00,12504,63556,95.0,910,,,12504,63556,95,910,12599,64374
2020-12-31 15:00:00,7558,71114,48.0,958,,,7558,71114,48,958,7606,71980
2021-01-01 15:00:00,3372,74486,146.0,1104,,,3372,74486,146,1104,3518,75498
2021-01-02 15:00:00,3059,77545,34.0,1138,,,3059,77545,34,1138,3093,78591
2021-01-03 15:00:00,3414,80959,82.0,1220,,,3414,80959,82,1220,3496,82087
2021-01-04 15:00:00,13374,94333,340.0,1560,,,13374,94333,340,1560,13714,95801
2021-01-05 15:00:00,12498,106831,550.0,2110,,,12498,106831,550,2110,13048,108849
2021-01-06 15:00:00,15274,122105,870.0,2980,,,15274,122105,870,2980,16144,124993
2021-01-07 15:00:00,15048,137153,1787.0,4767,,,15048,137153,1787,4767,16835,141828
2021-01-08 15:00:00,24022,161175,2792.0,7559,,,24022,161175,2792,7559,26814,168642
2021-01-09 15:00:00,5181,166356,957.0,8516,,,5181,166356,957,8516,6138,174780
2021-01-10 15:00:00,2980,169336,386.0,8902,,,2980,169336,386,8902,3366,178146
2021-01-11 15:00:00,13742,183078,3486.0,12388,,,13742,183078,3486,12388,17228,195374
2021-01-12 15:00:00,17405,200483,5600.0,17988,,,17405,200483,5600,17988,23005,218379
2021-01-13 15:00:00,18628,219111,3935.0,21923,,,18628,219111,3935,21923,22563,240942
2021-01-14 15:00:00,17876,236987,1966.0,23889,,,17876,236987,1966,23889,19842,260784
2021-01-15 15:00:00,19500,256487,2037.0,25926,,,19500,256487,2037,25926,21537,282321
2021-01-16 15:00:00,5844,262331,1622.0,27548,,,5844,262331,1622,27548,7466,289787
2021-01-17 15:00:00,2127,264458,1480.0,29028,,,2127,264458,1480,29028,3607,293394
2021-01-18 15:00:00,7081,271539,3268.0,32296,,,7081,271539,3268,32296,10349,303743
2021-01-19 15:00:00,16960,288499,5416.0,37712,,,16960,288499,5416,37712,22376,326119
2021-01-20 15:00:00,21017,309516,5333.0,43045,,,21017,309516,5333,43045,26350,352469
2021-01-21 15:00:00,23831,333347,3868.0,46913,,,23831,333347,3868,46913,27699,380168
2021-01-22 15:00:00,28665,362012,3767.0,50680,,,28665,362012,3767,50680,32432,412600
2021-01-23 15:00:00,10133,372145,1947.0,52627,,,10133,372145,1947,52627,12080,424680
2021-01-24 15:00:00,3361,375506,1725.0,54352,,,3361,375506,1725,54352,5086,429766
2021-01-25 15:00:00,16312,391818,8620.0,62972,,,16312,391818,8620,62972,24932,454698
2021-01-26 15:00:00,17571,409389,8984.0,71956,,,17571,409389,8984,71956,26555,481253
2021-01-27 15:00:00,24448,433837,12574.0,84530,,,24448,433837,12574,84530,37022,518275
2021-01-28 15:00:00,22666,456503,9336.0,93866,,,22666,456503,9336,93866,32002,550277
2021-01-29 15:00:00,24789,481292,7940.0,101806,,,24789,481292,7940,101806,32729,583006
2021-01-30 15:00:00,17783,499075,2572.0,104378,,,17783,499075,2572,104378,20355,603361
2021-01-31 15:00:00,3765,502840,1375.0,105753,,,3765,502840,1375,105753,5140,608501
2021-02-01 15:00:00,8170,511010,5423.0,111176,,,8170,511010,5423,111176,13593,622094
2021-02-02 15:00:00,12526,523536,13838.0,125014,,,12526,523536,13838,125014,26364,648458
2021-02-03 15:00:00,18272,541808,18145.0,143159,,,18272,541808,18145,143159,36417,684875
2021-02-04 15:00:00,22148,563956,15804.0,158963,,,22148,563956,15804,158963,37952,722827
2021-02-05 15:00:00,20416,584372,17448.0,176411,,,20416,584372,17448,176411,37864,760691
2021-02-06 15:00:00,11381,595753,14540.0,190951,,,11381,595753,14540,190951,25921,786612
2021-02-07 15:00:00,5990,601743,1948.0,192899,,,5990,601743,1948,192899,7938,794550
2021-02-08 15:00:00,13018,614761,12985.0,205884,,,13018,614761,12985,205884,26003,820553
2021-02-09 15:00:00,16666,631427,13889.0,219773,,,16666,631427,13889,219773,30555,851108
2021-02-10 15:00:00,19333,650760,21321.0,241094,,,19333,650760,21321,241094,40654,891762
2021-02-11 15:00:00,22945,673705,17393.0,258487,,,22945,673705,17393,258487,40338,932100
2021-02-12 15:00:00,20443,694148,19682.0,278169,,,20443,694148,19682,278169,40125,972225
2021-02-13 15:00:00,11470,705618,6429.0,284598,,,11470,705618,6429,284598,17899,990124
2021-02-14 15:00:00,7122,712740,2138.0,286736,,,7122,712740,2138,286736,9260,999384
2021-02-15 15:00:00,11772,724512,13345.0,300081,,,11772,724512,13345,300081,25117,1024501
2021-02-16 15:00:00,16653,741165,21038.0,321119,,,16653,741165,21038,321119,37691,1062192
2021-02-17 15:00:00,20688,761853,26391.0,347510,,,20688,761853,26391,347510,47079,1109271
2021-02-18 15:00:00,3206,765059,4626.0,352136,,,3206,765059,4626,352136,7832,1117103
2021-02-19 15:00:00,10265,775324,19935.0,372071,,,10265,775324,19935,372071,30200,1147303
2021-02-20 15:00:00,10322,785646,20306.0,392377,,,10322,785646,20306,392377,30628,1177931
2021-02-21 15:00:00,6194,791840,7666.0,400043,,,6194,791840,7666,400043,13860,1191791
2021-02-22 15:00:00,8041,799881,15493.0,415536,,,8041,799881,15493,415536,23534,1215325
2021-02-23 15:00:00,15547,815428,15987.0,431523,,,15547,815428,15987,431523,31534,1246859
2021-02-24 15:00:00,17997,833425,24851.0,456374,,,17997,833425,24851,456374,42848,1289707
2021-02-25 15:00:00,20397,853822,26598.0,482972,,,20397,853822,26598,482972,46995,1336702
2021-02-26 15:00:00,26700,880522,26273.0,509245,,,26700,880522,26273,509245,52973,1389675
2021-02-27 15:00:00,16032,896554,11163.0,520408,,,16032,896554,11163,520408,27195,1416870
2021-02-28 15:00:00,15525,912079,4893.0,525301,,,15525,912079,4893,525301,20418,1437288
2021-03-01 15:00:00,27223,939302,12676.0,537977,,,27223,939302,12676,537977,39899,1477187
2021-03-02 15:00:00,23997,963299,13303.0,551280,37.0,37.0,24034,963336,13340,551317,37337,1514524
2021-03-03 15:00:00,30245,993544,18422.0,569702,192.0,229.0,30437,993773,18614,569931,48859,1563383
2021-03-04 15:00:00,31008,1024552,18260.0,587962,4068.0,4297.0,35076,1028849,22328,592259,53336,1616719
2021-03-05 15:00:00,30094,1054646,19777.0,607739,4911.0,9208.0,35005,1063854,24688,616947,54782,1671501
2021-03-06 15:00:00,18997,1073643,9537.0,617276,6010.0,15218.0,25007,1088861,15547,632494,34544,1706045
2021-03-07 15:00:00,12153,1085796,4928.0,622204,6606.0,21824.0,18759,1107620,11534,644028,23687,1729732
2021-03-08 15:00:00,25929,1111725,8863.0,631067,8274.0,30098.0,34203,1141823,17137,661165,43066,1772798
2021-03-09 15:00:00,26149,1137874,15500.0,646567,8344.0,38442.0,34493,1176316,23844,685009,49993,1822791
2021-03-10 15:00:00,29889,1167763,16054.0,662621,7936.0,46378.0,37825,1214141,23990,708999,53879,1876670
2021-03-11 15:00:00,36016,1203779,16425.0,679046,3982.0,50360.0,39998,1254139,20407,729406,56423,1933093
2021-03-12 15:00:00,36912,1240691,18163.0,697209,2928.0,53288.0,39840,1293979,21091,750497,58003,1991096
2021-03-13 15:00:00,22671,1263362,10338.0,707547,1630.0,54918.0,24301,1318280,11968,762465,34639,2025735
2021-03-14 15:00:00,17839,1281201,6738.0,714285,1010.0,55928.0,18849,1337129,7748,770213,25587,2051322
2021-03-15 15:00:00,29889,1311090,11363.0,725648,599.0,56527.0,30488,1367617,11962,782175,41851,2093173
2021-03-16 15:00:00,33483,1344573,13588.0,739236,770.0,57297.0,34253,1401870,14358,796533,47841,2141014
2021-03-17 15:00:00,37635,1382208,17083.0,756319,1182.0,58479.0,38817,1440687,18265,814798,55900,2196914
2021-03-18 15:00:00,41475,1423683,12698.0,769017,1354.0,59833.0,42829,1483516,14052,828850,55527,2252441
2021-03-19 15:00:00,38387,1462070,15445.0,784462,1046.0,60879.0,39433,1522949,16491,845341,54878,2307319
2021-03-20 15:00:00,24733,1486803,10234.0,794696,705.0,61584.0,25438,1548387,10939,856280,35672,2342991
2021-03-21 15:00:00,19200,1506003,7907.0,802603,341.0,61925.0,19541,1567928,8248,864528,27448,2370439
2021-03-22 15:00:00,32602,1538605,11516.0,814119,835.0,62760.0,33437,1601365,12351,876879,44953,2415392
2021-03-23 15:00:00,38408,1577013,17871.0,831990,1557.0,64317.0,39965,1641330,19428,896307,57836,2473228
2021-03-24 15:00:00,41089,1618102,21255.0,853245,1386.0,65703.0,42475,1683805,22641,918948,63730,2536958
2021-03-25 15:00:00,42920,1661022,21737.0,874982,2456.0,68159.0,45376,1729181,24193,943141,67113,2604071
2021-03-26 15:00:00,36387,1697409,26720.0,901702,2495.0,70654.0,38882,1768063,29215,972356,65602,2669673
2021-03-27 15:00:00,26474,1723883,17328.0,919030,2490.0,73144.0,28964,1797027,19818,992174,46292,2715965
2021-03-28 15:00:00,17010,1740893,12692.0,931722,1614.0,74758.0,18624,1815651,14306,1006480,31316,2747281
2021-03-29 15:00:00,29722,1770615,26393.0,958115,1141.0,75899.0,30863,1846514,27534,1034014,57256,2804537
2021-03-30 15:00:00,40063,1810678,29091.0,987206,1865.0,77764.0,41928,1888442,30956,1064970,71019,2875556
2021-03-31 15:00:00,41019,1851697,34756.0,1021962,5750.0,83514.0,46769,1935211,40506,1105476,81525,2957081
2021-04-01 15:00:00,42484,1894181,41180.0,1063142,5764.0,89278.0,48248,1983459,46944,1152420,89428,3046509
2021-04-02 15:00:00,34934,1929115,32738.0,1095880,6131.0,95409.0,41065,2024524,38869,1191289,73803,3120312
2021-04-03 15:00:00,21176,1950291,19239.0,1115119,4394.0,99803.0,25570,2050094,23633,1214922,44809,3165121
2021-04-04 15:00:00,8299,1958590,10223.0,1125342,968.0,100771.0,9267,2059361,11191,1226113,19490,3184611
2021-04-05 15:00:00,27964,1986554,28983.0,1154325,6663.0,107434.0,34627,2093988,35646,1261759,63610,3248221
2021-04-06 15:00:00,39801,2026355,30525.0,1184850,10501.0,117935.0,50302,2144290,41026,1302785,80827,3329048
2021-04-07 15:00:00,36111,2062466,34372.0,1219222,13001.0,130936.0,49112,2193402,47373,1350158,83484,3412532
2021-04-08 15:00:00,42363,2104829,36164.0,1255386,13871.0,144807.0,56234,2249636,50035,1400193,92398,3504930
2021-04-09 15:00:00,34094,2138923,36365.0,1291751,14533.0,159340.0,48627,2298263,50898,1451091,84992,3589922
2021-04-10 15:00:00,23499,2162422,23186.0,1314937,7641.0,166981.0,31140,2329403,30827,1481918,54326,3644248
2021-04-11 15:00:00,17586,2180008,13300.0,1328237,10120.0,177101.0,27706,2357109,23420,1505338,41006,3685254
2021-04-12 15:00:00,24607,2204615,33293.0,1361530,10907.0,188008.0,35514,2392623,44200,1549538,68807,3754061
2021-04-13 15:00:00,126172,2330787,91363.0,1452893,3293.0,191301.0,129465,2522088,94656,1644194,220828,3974889
2021-04-14 15:00:00,40740,2371527,37851.0,1490744,213.0,191514.0,40953,2563041,38064,1682258,78804,4053693
2021-04-15 15:00:00,41422,2412949,39581.0,1530325,176.0,191690.0,41598,2604639,39757,1722015,81179,4134872
2021-04-16 15:00:00,37150,2450099,38901.0,1569226,25.0,191715.0,37175,2641814,38926,1760941,76076,4210948
2021-04-17 15:00:00,32816,2482915,22044.0,1591270,13.0,191728.0,32829,2674643,22057,1782998,54873,4265821
2021-04-18 15:00:00,20062,2502977,16210.0,1607480,5.0,191733.0,20067,2694710,16215,1799213,36277,4302098
2021-04-19 15:00:00,29887,2532864,36564.0,1644044,61.0,191794.0,29948,2724658,36625,1835838,66512,4368610
2021-04-20 15:00:00,32938,2565802,44503.0,1688547,59.0,191853.0,32997,2757655,44562,1880400,77500,4446110
2021-04-21 15:00:00,39840,2605642,47085.0,1735632,26.0,191879.0,39866,2797521,47111,1927511,86951,4533061
2021-04-22 15:00:00,35859,2641501,42706.0,1778338,16.0,191895.0,35875,2833396,42722,1970233,78581,4611642
2021-04-23 15:00:00,33146,2674647,40177.0,1818515,14.0,191909.0,33160,2866556,40191,2010424,73337,4684979
2021-04-24 15:00:00,26420,2701067,27933.0,1846448,81.0,191990.0,26501,2893057,28014,2038438,54434,4739413
2021-04-25 15:00:00,20218,2721285,10999.0,1857447,31.0,192021.0,20249,2913306,11030,2049468,31248,4770661
2021-04-26 15:00:00,27383,2748668,32769.0,1890216,201.0,192222.0,27584,2940890,32970,2082438,60353,4831014
2021-04-27 15:00:00,26678,2775346,33110.0,1923326,1097.0,193319.0,27775,2968665,34207,2116645,60885,4891899
2021-04-28 15:00:00,28922,2804268,39566.0,1962892,1367.0,194686.0,30289,2998954,40933,2157578,69855,4961754
2021-04-29 15:00:00,27065,2831333,39785.0,2002677,1463.0,196149.0,28528,3027482,41248,2198826,68313,5030067
2021-04-30 15:00:00,28204,2859537,32312.0,2034989,1649.0,197798.0,29853,3057335,33961,2232787,62165,5092232
2021-05-01 15:00:00,20752,2880289,26796.0,2061785,1056.0,198854.0,21808,3079143,27852,2260639,48604,5140836
2021-05-02 15:00:00,10269,2890558,17084.0,2078869,823.0,199677.0,11092,3090235,17907,2278546,28176,5169012
2021-05-03 15:00:00,12721,2903279,28642.0,2107511,1917.0,201594.0,14638,3104873,30559,2309105,43280,5212292
2021-05-04 15:00:00,13557,2916836,38652.0,2146163,1743.0,203337.0,15300,3120173,40395,2349500,53952,5266244
2021-05-05 15:00:00,19319,2936155,37790.0,2183953,1921.0,205258.0,21240,3141413,39711,2389211,59030,5325274
2021-05-06 15:00:00,16930,2953085,40606.0,2224559,1721.0,206979.0,18651,3160064,42327,2431538,59257,5384531
2021-05-07 15:00:00,17588,2970673,37028.0,2261587,1960.0,208939.0,19548,3179612,38988,2470526,56576,5441107
2021-05-08 15:00:00,10797,2981470,31238.0,2292825,1292.0,210231.0,12089,3191701,32530,2503056,43327,5484434
2021-05-09 15:00:00,5078,2986548,12254.0,2305079,695.0,210926.0,5773,3197474,12949,2516005,18027,5502461
2021-05-10 15:00:00,8959,2995507,31062.0,2336141,1362.0,212288.0,10321,3207795,32424,2548429,41383,5543844
2021-05-11 15:00:00,12182,3007689,30305.0,2366446,1442.0,213730.0,13624,3221419,31747,2580176,43929,5587773
2021-05-12 15:00:00,13945,3021634,38641.0,2405087,1917.0,215647.0,15862,3237281,40558,2620734,54503,5642276
2021-05-13 15:00:00,21845,3043479,33525.0,2438612,1347.0,216994.0,23192,3260473,34872,2655606,56717,5698993
2021-05-14 15:00:00,24397,3067876,30069.0,2468681,1774.0,218768.0,26171,3286644,31843,2687449,56240,5755233
2021-05-15 15:00:00,21953,3089829,25121.0,2493802,1490.0,220258.0,23443,3310087,26611,2714060,48564,5803797
2021-05-16 15:00:00,9091,3098920,17582.0,2511384,1113.0,221371.0,10204,3320291,18695,2732755,27786,5831583
2021-05-17 15:00:00,16838,3115758,28416.0,2539800,1950.0,223321.0,18788,3339079,30366,2763121,47204,5878787
2021-05-18 15:00:00,21264,3137022,30700.0,2570500,1943.0,225264.0,23207,3362286,32643,2795764,53907,5932694
2021-05-19 15:00:00,27670,3164692,32443.0,2602943,1632.0,226896.0,29302,3391588,34075,2829839,61745,5994439
2021-05-20 15:00:00,20807,3185499,33283.0,2636226,1965.0,228861.0,22772,3414360,35248,2865087,56055,6050494
2021-05-21 15:00:00,19166,3204665,30365.0,2666591,1609.0,230470.0,20775,3435135,31974,2897061,51140,6101634
2021-05-22 15:00:00,16945,3221610,20702.0,2687293,1269.0,231739.0,18214,3453349,21971,2919032,38916,6140550
2021-05-23 15:00:00,8816,3230426,11454.0,2698747,965.0,232704.0,9781,3463130,12419,2931451,21235,6161785
2021-05-24 15:00:00,13574,3244000,17783.0,2716530,1473.0,234177.0,15047,3478177,19256,2950707,32830,6194615
2021-05-25 15:00:00,13077,3257077,18717.0,2735247,1328.0,235505.0,14405,3492582,20045,2970752,33122,6227737
2021-05-26 15:00:00,18370,3275447,19695.0,2754942,1512.0,237017.0,19882,3512464,21207,2991959,39577,6267314
2021-05-27 15:00:00,11697,3287144,18707.0,2773649,1117.0,238134.0,12814,3525278,19824,3011783,31521,6298835
2021-05-28 15:00:00,12419,3299563,19862.0,2793511,1402.0,239536.0,13821,3539099,21264,3033047,33683,6332518
2021-05-29 15:00:00,9515,3309078,11731.0,2805242,937.0,240473.0,10452,3549551,12668,3045715,22183,6354701
2021-05-30 15:00:00,4968,3314046,6440.0,2811682,596.0,241069.0,5564,3555115,7036,3052751,12004,6366705
2021-05-31 15:00:00,1779,3315825,3714.0,2815396,305.0,241374.0,2084,3557199,4019,3056770,5798,6372503
2021-06-01 15:00:00,9878,3325703,16487.0,2831883,1159.0,242533.0,11037,3568236,17646,3074416,27524,6400027
2021-06-02 15:00:00,10236,3335939,16825.0,2848708,961.0,243494.0,11197,3579433,17786,3092202,28022,6428049
2021-06-03 15:00:00,7896,3343835,21212.0,2869920,1089.0,244583.0,8985,3588418,22301,3114503,30197,6458246
2021-06-04 15:00:00,8198,3352033,22364.0,2892284,1120.0,245703.0,9318,3597736,23484,3137987,31682,6489928
2021-06-05 15:00:00,7000,3359033,19479.0,2911763,720.0,246423.0,7720,3605456,20199,3158186,27199,6517127
2021-06-06 15:00:00,3456,3362489,7258.0,2919021,426.0,246849.0,3882,3609338,7684,3165870,11140,6528267
2021-06-07 15:00:00,6859,3369348,15795.0,2934816,726.0,247575.0,7585,3616923,16521,3182391,23380,6551647
2021-06-08 15:00:00,6671,3376019,19741.0,2954557,831.0,248406.0,7502,3624425,20572,3202963,27243,6578890
2021-06-09 15:00:00,8201,3384220,23996.0,2978553,969.0,249375.0,9170,3633595,24965,3227928,33166,6612056
2021-06-10 15:00:00,7153,3391373,19144.0,2997697,895.0,250270.0,8048,3641643,20039,3247967,27192,6639248
2021-06-11 15:00:00,7492,3398865,17734.0,3015431,1125.0,251395.0,8617,3650260,18859,3266826,26351,6665599
2021-06-12 15:00:00,5242,3404107,14769.0,3030200,605.0,252000.0,5847,3656107,15374,3282200,20616,6686215
2021-06-13 15:00:00,1946,3406053,7634.0,3037834,427.0,252427.0,2373,3658480,8061,3290261,10007,6696222
2021-06-14 15:00:00,5655,3411708,11828.0,3049662,733.0,253160.0,6388,3664868,12561,3302822,18216,6714438
2021-06-15 15:00:00,5648,3417356,14345.0,3064007,874.0,254034.0,6522,3671390,15219,3318041,20867,6735305
2021-06-16 15:00:00,8728,3426084,21622.0,3085629,758.0,254792.0,9486,3680876,22380,3340421,31108,6766413
2021-06-17 15:00:00,6681,3432765,12380.0,3098009,720.0,255512.0,7401,3688277,13100,3353521,19781,6786194
2021-06-18 15:00:00,6832,3439597,12747.0,3110756,702.0,256214.0,7534,3695811,13449,3366970,20281,6806475
2021-06-19 15:00:00,4655,3444252,9388.0,3120144,614.0,256828.0,5269,3701080,10002,3376972,14657,6821132
2021-06-20 15:00:00,2507,3446759,5069.0,3125213,377.0,257205.0,2884,3703964,5446,3382418,7953,6829085
2021-06-21 15:00:00,5569,3452328,5339.0,3130552,636.0,257841.0,6205,3710169,5975,3388393,11544,6840629
2021-06-22 15:00:00,5345,3457673,9056.0,3139608,698.0,258539.0,6043,3716212,9754,3398147,15099,6855728
2021-06-23 15:00:00,6062,3463735,10358.0,3149966,646.0,259185.0,6708,3722920,11004,3409151,17066,6872794
2021-06-24 15:00:00,5927,3469662,8213.0,3158179,595.0,259780.0,6522,3729442,8808,3417959,14735,6887529
2021-06-25 15:00:00,5828,3475490,8671.0,3166850,619.0,260399.0,6447,3735889,9290,3427249,15118,6902647
2021-06-26 15:00:00,3706,3479196,6305.0,3173155,398.0,260797.0,4104,3739993,6703,3433952,10409,6913056
2021-06-27 15:00:00,2810,3482006,3524.0,3176679,185.0,260982.0,2995,3742988,3709,3437661,6519,6919575
2021-06-28 15:00:00,4925,3486931,6394.0,3183073,539.0,261521.0,5464,3748452,6933,3444594,11858,6931433
2021-06-29 15:00:00,5062,3491993,6484.0,3189557,523.0,262044.0,5585,3754037,7007,3451601,12069,6943502
2021-06-30 15:00:00,5630,3497623,7390.0,3196947,607.0,262651.0,6237,3760274,7997,3459598,13627,6957129
2021-07-01 15:00:00,5442,3503065,7002.0,3203949,505.0,263156.0,5947,3766221,7507,3467105,12949,6970078
2021-07-02 15:00:00,5297,3508362,6850.0,3210799,527.0,263683.0,5824,3772045,7377,3474482,12674,6982752
2021-07-03 15:00:00,3275,3511637,4071.0,3214870,264.0,263947.0,3539,3775584,4335,3478817,7610,6990362
2021-07-04 15:00:00,494,3512131,551.0,3215421,69.0,264016.0,563,3776147,620,3479437,1114,6991476
2021-07-05 15:00:00,3771,3515902,3953.0,3219374,287.0,264303.0,4058,3780205,4240,3483677,8011,6999487
2021-07-06 15:00:00,4497,3520399,6285.0,3225659,455.0,264758.0,4952,3785157,6740,3490417,11237,7010724
2021-07-07 15:00:00,4471,3524870,6420.0,3232079,483.0,265241.0,4954,3790111,6903,3497320,11374,7022098
2021-07-08 15:00:00,4837,3529707,6187.0,3238266,564.0,265805.0,5401,3795512,6751,3504071,11588,7033686
2021-07-09 15:00:00,5365,3535072,6678.0,3244944,573.0,266378.0,5938,3801450,7251,3511322,12616,7046302
2021-07-10 15:00:00,3522,3538594,4406.0,3249350,305.0,266683.0,3827,3805277,4711,3516033,8233,7054535
2021-07-11 15:00:00,2681,3541275,2578.0,3251928,227.0,266910.0,2908,3808185,2805,3518838,5486,7060021
2021-07-12 15:00:00,4427,3545702,5132.0,3257060,379.0,267289.0,4806,3812991,5511,3524349,9938,7069959
2021-07-13 15:00:00,4669,3550371,4726.0,3261786,366.0,267655.0,5035,3818026,5092,3529441,9761,7079720
2021-07-14 15:00:00,4626,3554997,5290.0,3267076,422.0,268077.0,5048,3823074,5712,3535153,10338,7090058
2021-07-15 15:00:00,4914,3559911,5019.0,3272095,358.0,268435.0,5272,3828346,5377,3540530,10291,7100349
2021-07-16 15:00:00,6274,3566185,5853.0,3277948,405.0,268840.0,6679,3835025,6258,3546788,12532,7112881
2021-07-17 15:00:00,3416,3569601,3554.0,3281502,303.0,269143.0,3719,3838744,3857,3550645,7273,7120154
2021-07-18 15:00:00,2311,3571912,2383.0,3283885,110.0,269253.0,2421,3841165,2493,3553138,4804,7124958
2021-07-19 15:00:00,5147,3577059,4615.0,3288500,383.0,269636.0,5530,3846695,4998,3558136,10145,7135103
2021-07-20 15:00:00,5346,3582405,4728.0,3293228,367.0,270003.0,5713,3852408,5095,3563231,10441,7145544
2021-07-21 15:00:00,5666,3588071,4957.0,3298185,416.0,270419.0,6082,3858490,5373,3568604,11039,7156583
2021-07-22 15:00:00,6033,3594104,4650.0,3302835,472.0,270891.0,6505,3864995,5122,3573726,11155,7167738
2021-07-23 15:00:00,6846,3600950,4850.0,3307685,499.0,271390.0,7345,3872340,5349,3579075,12195,7179933
2021-07-24 15:00:00,4282,3605232,3209.0,3310894,267.0,271657.0,4549,3876889,3476,3582551,7758,7187691
2021-07-25 15:00:00,3300,3608532,1122.0,3312016,140.0,271797.0,3440,3880329,1262,3583813,4562,7192253
2021-07-26 15:00:00,6220,3614752,3912.0,3315928,419.0,272216.0,6639,3886968,4331,3588144,10551,7202804
2021-07-27 15:00:00,6607,3621359,4292.0,3320220,458.0,272674.0,7065,3894033,4750,3592894,11357,7214161
2021-07-28 15:00:00,7091,3628450,4153.0,3324373,460.0,273134.0,7551,3901584,4613,3597507,11704,7225865
2021-07-29 15:00:00,7084,3635534,4313.0,3328686,419.0,273553.0,7503,3909087,4732,3602239,11816,7237681
2021-07-30 15:00:00,7826,3643360,4813.0,3333499,527.0,274080.0,8353,3917440,5340,3607579,13166,7250847
2021-07-31 15:00:00,4794,3648154,3084.0,3336583,274.0,274354.0,5068,3922508,3358,3610937,8152,7258999
2021-08-01 15:00:00,3911,3652065,2190.0,3338773,165.0,274519.0,4076,3926584,2355,3613292,6266,7265265
2021-08-02 15:00:00,7277,3659342,3852.0,3342625,342.0,274861.0,7619,3934203,4194,3617486,11471,7276736
2021-08-03 15:00:00,7276,3666618,4109.0,3346734,517.0,275378.0,7793,3941996,4626,3622112,11902,7288638
2021-08-04 15:00:00,7442,3674060,4129.0,3350863,536.0,275914.0,7978,3949974,4665,3626777,12107,7300745
2021-08-05 15:00:00,7965,3682025,4343.0,3355206,539.0,276453.0,8504,3958478,4882,3631659,12847,7313592
2021-08-06 15:00:00,8341,3690366,4743.0,3359949,454.0,276907.0,8795,3967273,5197,3636856,13538,7327130
2021-08-07 15:00:00,5304,3695670,2843.0,3362792,264.0,277171.0,5568,3972841,3107,3639963,8411,7335541
2021-08-08 15:00:00,3979,3699649,2063.0,3364855,146.0,277317.0,4125,3976966,2209,3642172,6188,7341729
2021-08-09 15:00:00,6960,3706609,4568.0,3369423,370.0,277687.0,7330,3984296,4938,3647110,11898,7353627
2021-08-10 15:00:00,7176,3713785,4498.0,3373921,340.0,278027.0,7516,3991812,4838,3651948,12014,7365641
2021-08-11 15:00:00,7102,3720887,4452.0,3378373,443.0,278470.0,7545,3999357,4895,3656843,11997,7377638
2021-08-12 15:00:00,8663,3729550,4767.0,3383140,445.0,278915.0,9108,4008465,5212,3662055,13875,7391513
2021-08-13 15:00:00,7182,3736732,5410.0,3388550,397.0,279312.0,7579,4016044,5807,3667862,12989,7404502
2021-08-14 15:00:00,4925,3741657,3350.0,3391900,285.0,279597.0,5210,4021254,3635,3671497,8560,7413062
2021-08-15 15:00:00,3328,3744985,2741.0,3394641,163.0,279760.0,3491,4024745,2904,3674401,6232,7419294
2021-08-16 15:00:00,5456,3750441,5093.0,3399734,354.0,280114.0,5810,4030555,5447,3679848,10903,7430197
2021-08-17 15:00:00,6821,3757262,5365.0,3405099,391.0,280505.0,7212,4037767,5756,3685604,12577,7442774
2021-08-18 15:00:00,6339,3763601,5516.0,3410615,481.0,280986.0,6820,4044587,5997,3691601,12336,7455110
2021-08-19 15:00:00,6232,3769833,5574.0,3416189,417.0,281403.0,6649,4051236,5991,3697592,12223,7467333
2021-08-20 15:00:00,6847,3776680,6557.0,3422746,401.0,281804.0,7248,4058484,6958,3704550,13805,7481138
2021-08-21 15:00:00,4342,3781022,3920.0,3426666,229.0,282033.0,4571,4063055,4149,3708699,8491,7489629
2021-08-22 15:00:00,3060,3784082,3170.0,3429836,110.0,282143.0,3170,4066225,3280,3711979,6340,7495969
2021-08-23 15:00:00,5998,3790080,6108.0,3435944,287.0,282430.0,6285,4072510,6395,3718374,12393,7508362
2021-08-24 15:00:00,6549,3796629,6079.0,3442023,425.0,282855.0,6974,4079484,6504,3724878,13053,7521415
2021-08-25 15:00:00,6731,3803360,6237.0,3448260,440.0,283295.0,7171,4086655,6677,3731555,13408,7534823
2021-08-26 15:00:00,6970,3810330,6662.0,3454922,428.0,283723.0,7398,4094053,7090,3738645,14060,7548883
2021-08-27 15:00:00,6834,3817164,7088.0,3462010,317.0,284040.0,7151,4101204,7405,3746050,14239,7563122
2021-08-28 15:00:00,6909,3824073,6527.0,3468537,326.0,284366.0,7235,4108439,6853,3752903,13762,7576884
2021-08-29 15:00:00,3739,3827812,3693.0,3472230,610.0,284976.0,4349,4112788,4303,3757206,8042,7584926
2021-08-30 15:00:00,5931,3833743,6135.0,3478365,960.0,285936.0,6891,4119679,7095,3764301,13026,7597952
2021-08-31 15:00:00,5904,3839647,6080.0,3484445,946.0,286882.0,6850,4126529,7026,3771327,12930,7610882
2021-09-01 15:00:00,5606,3845253,5725.0,3490170,918.0,287800.0,6524,4133053,6643,3777970,12249,7623131
2021-09-02 15:00:00,5525,3850778,5963.0,3496133,709.0,288509.0,6234,4139287,6672,3784642,12197,7635328
2021-09-03 15:00:00,6011,3856789,6949.0,3503082,977.0,289486.0,6988,4146275,7926,3792568,13937,7649265
2021-09-04 15:00:00,3733,3860522,4357.0,3507439,878.0,290364.0,4611,4150886,5235,3797803,8968,7658233
2021-09-05 15:00:00,2958,3863480,2813.0,3510252,106.0,290470.0,3064,4153950,2919,3800722,5877,7664110
2021-09-06 15:00:00,1059,3864539,1161.0,3511413,69.0,290539.0,1128,4155078,1230,3801952,2289,7666399
2021-09-07 15:00:00,5350,3869889,7306.0,3518719,2303.0,292842.0,7653,4162731,9609,3811561,14959,7681358
2021-09-08 15:00:00,4657,3874546,5491.0,3524210,364.0,293206.0,5021,4167752,5855,3817416,10512,7691870
2021-09-09 15:00:00,5019,3879565,5469.0,3529679,325.0,293531.0,5344,4173096,5794,3823210,10813,7702683
2021-09-10 15:00:00,6527,3886092,6672.0,3536351,1719.0,295250.0,8246,4181342,8391,3831601,14918,7717601
2021-09-11 15:00:00,4177,3890269,4348.0,3540699,666.0,295916.0,4843,4186185,5014,3836615,9191,7726792
2021-09-12 15:00:00,3172,3893441,3239.0,3543938,436.0,296352.0,3608,4189793,3675,3840290,6847,7733639
2021-09-13 15:00:00,4887,3898328,5074.0,3549012,347.0,296699.0,5234,4195027,5421,3845711,10308,7743947
2021-09-14 15:00:00,4777,3903105,5447.0,3554459,437.0,297136.0,5214,4200241,5884,3851595,10661,7754608
2021-09-15 15:00:00,5044,3908149,5889.0,3560348,392.0,297528.0,5436,4205677,6281,3857876,11325,7765933
2021-09-16 15:00:00,4811,3912960,5853.0,3566201,336.0,297864.0,5147,4210824,6189,3864065,11000,7776933
2021-09-17 15:00:00,5284,3918244,6585.0,3572786,344.0,298208.0,5628,4216452,6929,3870994,12213,7789146
2021-09-18 15:00:00,3823,3922067,4582.0,3577368,185.0,298393.0,4008,4220460,4767,3875761,8590,7797736
2021-09-19 15:00:00,2741,3924808,3177.0,3580545,75.0,298468.0,2816,4223276,3252,3879013,5993,7803729
2021-09-20 15:00:00,3754,3928562,4684.0,3585229,429.0,298897.0,4183,4227459,5113,3884126,8867,7812596
2021-09-21 15:00:00,4000,3932562,5013.0,3590242,327.0,299224.0,4327,4231786,5340,3889466,9340,7821936
2021-09-22 15:00:00,4190,3936752,4788.0,3595030,459.0,299683.0,4649,4236435,5247,3894713,9437,7831373
2021-09-23 15:00:00,4185,3940937,4732.0,3599762,492.0,300175.0,4677,4241112,5224,3899937,9409,7840782
2021-09-24 15:00:00,5088,3946025,5616.0,3605378,422.0,300597.0,5510,4246622,6038,3905975,11126,7851908
2021-09-25 15:00:00,3639,3949664,3630.0,3609008,384.0,300981.0,4023,4250645,4014,3909989,7653,7859561
2021-09-26 15:00:00,2348,3952012,2666.0,3611674,431.0,301412.0,2779,4253424,3097,3913086,5445,7865006
2021-09-27 15:00:00,4509,3956521,2711.0,3614385,512.0,301924.0,5021,4258445,3223,3916309,7732,7872738
2021-09-28 15:00:00,4405,3960926,4453.0,3618838,211.0,302135.0,4616,4263061,4664,3920973,9069,7881807
2021-09-29 15:00:00,4690,3965616,4522.0,3623360,920.0,303055.0,5610,4268671,5442,3926415,10132,7891939
2021-09-30 15:00:00,4893,3970509,4566.0,3627926,796.0,303851.0,5689,4274360,5362,3931777,10255,7902194
2021-10-01 15:00:00,5525,3976034,5354.0,3633280,785.0,304636.0,6310,4280670,6139,3937916,11664,7913858
2021-10-02 15:00:00,2945,3978979,2898.0,3636178,187.0,304823.0,3132,4283802,3085,3941001,6030,7919888
2021-10-03 15:00:00,2075,3981054,2378.0,3638556,86.0,304909.0,2161,4285963,2464,3943465,4539,7924427
2021-10-04 15:00:00,4027,3985081,3500.0,3642056,232.0,305141.0,4259,4290222,3732,3947197,7759,7932186
2021-10-05 15:00:00,3954,3989035,3661.0,3645717,207.0,305348.0,4161,4294383,3868,3951065,7822,7940008
2021-10-06 15:00:00,4022,3993057,3573.0,3649290,266.0,305614.0,4288,4298671,3839,3954904,7861,7947869
2021-10-07 15:00:00,4232,3997289,3628.0,3652918,332.0,305946.0,4564,4303235,3960,3958864,8192,7956061
2021-10-08 15:00:00,4772,4002061,4291.0,3657209,283.0,306229.0,5055,4308290,4574,3963438,9346,7965407
2021-10-09 15:00:00,2692,4004753,2677.0,3659886,270.0,306499.0,2962,4311252,2947,3966385,5639,7971046
2021-10-10 15:00:00,1860,4006613,1850.0,3661736,59.0,306558.0,1919,4313171,1909,3968294,3769,7974815
2021-10-11 15:00:00,4210,4010823,3314.0,3665050,250.0,306808.0,4460,4317631,3564,3971858,7774,7982589
2021-10-12 15:00:00,3601,4014424,3536.0,3668586,273.0,307081.0,3874,4321505,3809,3975667,7410,7989999
2021-10-13 15:00:00,3982,4018406,3457.0,3672043,346.0,307427.0,4328,4325833,3803,3979470,7785,7997784
2021-10-14 15:00:00,5165,4023571,5497.0,3677540,431.0,307858.0,5596,4331429,5928,3985398,11093,8008877
2021-10-15 15:00:00,4757,4028328,4604.0,3682144,347.0,308205.0,5104,4336533,4951,3990349,9708,8018585
2021-10-16 15:00:00,2497,4030825,2516.0,3684660,291.0,308496.0,2788,4339321,2807,3993156,5304,8023889
2021-10-17 15:00:00,1805,4032630,1774.0,3686434,55.0,308551.0,1860,4341181,1829,3994985,3634,8027523
2021-10-18 15:00:00,4282,4036912,3577.0,3690011,268.0,308819.0,4550,4345731,3845,3998830,8127,8035650
2021-10-19 15:00:00,4304,4041216,4006.0,3694017,223.0,309042.0,4527,4350258,4229,4003059,8533,8044183
2021-10-20 15:00:00,3537,4044753,3421.0,3697438,255.0,309297.0,3792,4354050,3676,4006735,7213,8051396
2021-10-21 15:00:00,3300,4048053,3275.0,3700713,291.0,309588.0,3591,4357641,3566,4010301,6866,8058262
2021-10-22 15:00:00,4682,4052735,4033.0,3704746,477.0,310065.0,5159,4362800,4510,4014811,9192,8067454
2021-10-23 15:00:00,2884,4055619,2112.0,3706858,321.0,310386.0,3205,4366005,2433,4017244,5317,8072771
2021-10-24 15:00:00,2056,4057675,1550.0,3708408,79.0,310465.0,2135,4368140,1629,4018873,3685,8076456
2021-10-25 15:00:00,4547,4062222,3067.0,3711475,320.0,310785.0,4867,4373007,3387,4022260,7934,8084390
2021-10-26 15:00:00,4512,4066734,3076.0,3714551,316.0,311101.0,4828,4377835,3392,4025652,7904,8092294
2021-10-27 15:00:00,4734,4071468,3338.0,3717889,436.0,311537.0,5170,4383005,3774,4029426,8508,8100802
2021-10-28 15:00:00,4570,4076038,3359.0,3721248,501.0,312038.0,5071,4388076,3860,4033286,8430,8109232
2021-10-29 15:00:00,4989,4081027,3917.0,3725165,395.0,312433.0,5384,4393460,4312,4037598,9301,8118533
2021-10-30 15:00:00,2632,4083659,1841.0,3727006,307.0,312740.0,2939,4396399,2148,4039746,4780,8123313
2021-10-31 15:00:00,1933,4085592,1518.0,3728524,93.0,312833.0,2026,4398425,1611,4041357,3544,8126857
2021-11-01 15:00:00,4730,4090322,3433.0,3731957,349.0,313182.0,5079,4403504,3782,4045139,8512,8135369
2021-11-02 15:00:00,4264,4094586,2940.0,3734897,409.0,313591.0,4673,4408177,3349,4048488,7613,8142982
2021-11-03 15:00:00,4664,4099250,3047.0,3737944,464.0,314055.0,5128,4413305,3511,4051999,8175,8151157
2021-11-04 15:00:00,6319,4105569,3367.0,3741311,512.0,314567.0,6831,4420136,3879,4055878,10198,8161355
2021-11-05 15:00:00,8243,4113812,3768.0,3745079,413.0,314980.0,8656,4428792,4181,4060059,12424,8173779
2021-11-06 15:00:00,10174,4123986,1971.0,3747050,308.0,315288.0,10482,4439274,2279,4062338,12453,8186232
2021-11-07 15:00:00,7716,4131702,1461.0,3748511,95.0,315383.0,7811,4447085,1556,4063894,9272,8195504
2021-11-08 15:00:00,11307,4143009,3049.0,3751560,379.0,315762.0,11686,4458771,3428,4067322,14735,8210239
2021-11-09 15:00:00,11763,4154772,2645.0,3754205,268.0,316030.0,12031,4470802,2913,4070235,14676,8224915
2021-11-10 15:00:00,12594,4167366,2760.0,3756965,339.0,316369.0,12933,4483735,3099,4073334,15693,8240608
2021-11-11 15:00:00,11374,4178740,2373.0,3759338,280.0,316649.0,11654,4495389,2653,4075987,14027,8254635
2021-11-12 15:00:00,12296,4191036,3357.0,3762695,548.0,317197.0,12844,4508233,3905,4079892,16201,8270836
2021-11-13 15:00:00,9896,4200932,1593.0,3764288,342.0,317539.0,10238,4518471,1935,4081827,11831,8282667
2021-11-14 15:00:00,4199,4205131,1113.0,3765401,121.0,317660.0,4320,4522791,1234,4083061,5433,8288100
2021-11-15 15:00:00,8629,4213760,2518.0,3767919,210.0,317870.0,8839,4531630,2728,4085789,11357,8299457
2021-11-16 15:00:00,9230,4222990,2505.0,3770424,257.0,318127.0,9487,4541117,2762,4088551,11992,8311449
2021-11-17 15:00:00,9388,4232378,2862.0,3773286,312.0,318439.0,9700,4550817,3174,4091725,12562,8324011
2021-11-18 15:00:00,9281,4241659,2622.0,3775908,481.0,318920.0,9762,4560579,3103,4094828,12384,8336395
2021-11-19 15:00:00,9808,4251467,2919.0,3778827,380.0,319300.0,10188,4570767,3299,4098127,13107,8349502
2021-11-20 15:00:00,10635,4262102,1602.0,3780429,455.0,319755.0,11090,4581857,2057,4100184,12692,8362194
2021-11-21 15:00:00,4342,4266444,1201.0,3781630,100.0,319855.0,4442,4586299,1301,4101485,5643,8367837
2021-11-22 15:00:00,9829,4276273,2501.0,3784131,293.0,320148.0,10122,4596421,2794,4104279,12623,8380460
2021-11-23 15:00:00,9213,4285486,2387.0,3786518,283.0,320431.0,9496,4605917,2670,4106949,11883,8392343
2021-11-24 15:00:00,8172,4293658,2434.0,3788952,216.0,320647.0,8388,4614305,2650,4109599,10822,8403165
2021-11-25 15:00:00,239,4293897,78.0,3789030,10.0,320657.0,249,4614554,88,4109687,327,8403492
2021-11-26 15:00:00,5650,4299547,3962.0,3792992,153.0,320810.0,5803,4620357,4115,4113802,9765,8413257
2021-11-27 15:00:00,3781,4303328,5481.0,3798473,134.0,320944.0,3915,4624272,5615,4119417,9396,8422653
2021-11-28 15:00:00,2413,4305741,6384.0,3804857,77.0,321021.0,2490,4626762,6461,4125878,8874,8431527
2021-11-29 15:00:00,6384,4312125,9298.0,3814155,379.0,321400.0,6763,4633525,9677,4135555,16061,8447588
2021-11-30 15:00:00,6256,4318381,9318.0,3823473,264.0,321664.0,6520,4640045,9582,4145137,15838,8463426
2021-12-01 15:00:00,7324,4325705,9730.0,3833203,308.0,321972.0,7632,4647677,10038,4155175,17362,8480788
2021-12-02 15:00:00,6931,4332636,8788.0,3841991,450.0,322422.0,7381,4655058,9238,4164413,16169,8496957
2021-12-03 15:00:00,7614,4340250,9266.0,3851257,251.0,322673.0,7865,4662923,9517,4173930,17131,8514088
2021-12-04 15:00:00,5950,4346200,10054.0,3861311,467.0,323140.0,6417,4669340,10521,4184451,16471,8530559
2021-12-05 15:00:00,3445,4349645,3548.0,3864859,78.0,323218.0,3523,4672863,3626,4188077,7071,8537630
2021-12-06 15:00:00,6769,4356414,7097.0,3871956,281.0,323499.0,7050,4679913,7378,4195455,14147,8551777
2021-12-07 15:00:00,6422,4362836,7043.0,3878999,250.0,323749.0,6672,4686585,7293,4202748,13715,8565492
2021-12-08 15:00:00,6943,4369779,7414.0,3886413,315.0,324064.0,7258,4693843,7729,4210477,14672,8580164
2021-12-09 15:00:00,6548,4376327,7027.0,3893440,398.0,324462.0,6946,4700789,7425,4217902,13973,8594137
2021-12-10 15:00:00,7289,4383616,7327.0,3900767,232.0,324694.0,7521,4708310,7559,4225461,14848,8608985
2021-12-11 15:00:00,4463,4388079,7677.0,3908444,333.0,325027.0,4796,4713106,8010,4233471,12473,8621458
2021-12-12 15:00:00,4001,4392080,2771.0,3911215,60.0,325087.0,4061,4717167,2831,4236302,6832,8628290
2021-12-13 15:00:00,5696,4397776,5768.0,3916983,243.0,325330.0,5939,4723106,6011,4242313,11707,8639997
2021-12-14 15:00:00,6468,4404244,5930.0,3922913,222.0,325552.0,6690,4729796,6152,4248465,12620,8652617
2021-12-15 15:00:00,7176,4411420,5723.0,3928636,258.0,325810.0,7434,4737230,5981,4254446,13157,8665774
2021-12-16 15:00:00,7898,4419318,2825.0,3931461,423.0,326233.0,8321,4745551,3248,4257694,11146,8676920
2021-12-17 15:00:00,7849,4427167,4164.0,3935625,195.0,326428.0,8044,4753595,4359,4262053,12208,8689128
2021-12-18 15:00:00,5844,4433011,3185.0,3938810,298.0,326726.0,6142,4759737,3483,4265536,9327,8698455
2021-12-19 15:00:00,3375,4436386,1342.0,3940152,37.0,326763.0,3412,4763149,1379,4266915,4754,8703209
2021-12-20 15:00:00,8101,4444487,3748.0,3943900,173.0,326936.0,8274,4771423,3921,4270836,12022,8715231
2021-12-21 15:00:00,9000,4453487,4161.0,3948061,175.0,327111.0,9175,4780598,4336,4275172,13336,8728567
2021-12-22 15:00:00,8699,4462186,3878.0,3951939,184.0,327295.0,8883,4789481,4062,4279234,12761,8741328
2021-12-23 15:00:00,8415,4470601,3575.0,3955514,359.0,327654.0,8774,4798255,3934,4283168,12349,8753677
2021-12-24 15:00:00,1636,4472237,1010.0,3956524,39.0,327693.0,1675,4799930,1049,4284217,2685,8756362
2021-12-25 15:00:00,47,4472284,36.0,3956560,1.0,327694.0,48,4799978,37,4284254,84,8756446
2021-12-26 15:00:00,2519,4474803,1745.0,3958305,44.0,327738.0,2563,4802541,1789,4286043,4308,8760754
2021-12-27 15:00:00,7221,4482024,4003.0,3962308,297.0,328035.0,7518,4810059,4300,4290343,11521,8772275
2021-12-28 15:00:00,7945,4489969,3860.0,3966168,178.0,328213.0,8123,4818182,4038,4294381,11983,8784258
2021-12-29 15:00:00,8246,4498215,4019.0,3970187,156.0,328369.0,8402,4826584,4175,4298556,12421,8796679
2021-12-30 15:00:00,7487,4505702,3793.0,3973980,290.0,328659.0,7777,4834361,4083,4302639,11570,8808249
2021-12-31 15:00:00,2578,4508280,1532.0,3975512,90.0,328749.0,2668,4837029,1622,4304261,4200,8812449
2022-01-01 15:00:00,737,4509017,347.0,3975859,34.0,328783.0,771,4837800,381,4304642,1118,8813567
2022-01-02 15:00:00,2216,4511233,1649.0,3977508,48.0,328831.0,2264,4840064,1697,4306339,3913,8817480
2022-01-03 15:00:00,3398,4514631,2066.0,3979574,222.0,329053.0,3620,4843684,2288,4308627,5686,8823166
2022-01-04 15:00:00,5856,4520487,3489.0,3983063,165.0,329218.0,6021,4849705,3654,4312281,9510,8832676
2022-01-05 15:00:00,6838,4527325,4695.0,3987758,175.0,329393.0,7013,4856718,4870,4317151,11708,8844384
2022-01-06 15:00:00,6784,4534109,4825.0,3992583,265.0,329658.0,7049,4863767,5090,4322241,11874,8856258
2022-01-07 15:00:00,6010,4540119,3783.0,3996366,162.0,329820.0,6172,4869939,3945,4326186,9955,8866213
2022-01-08 15:00:00,4809,4544928,3913.0,4000279,78.0,329898.0,4887,4874826,3991,4330177,8800,8875013
2022-01-09 15:00:00,2764,4547692,2017.0,4002296,154.0,330052.0,2918,4877744,2171,4332348,4935,8879948
2022-01-10 15:00:00,6359,4554051,3844.0,4006140,161.0,330213.0,6520,4884264,4005,4336353,10364,8890312
2022-01-11 15:00:00,6569,4560620,4259.0,4010399,142.0,330355.0,6711,4890975,4401,4340754,10970,8901282
2022-01-12 15:00:00,6831,4567451,4442.0,4014841,225.0,330580.0,7056,4898031,4667,4345421,11498,8912780
2022-01-13 15:00:00,6680,4574131,4386.0,4019227,153.0,330733.0,6833,4904864,4539,4349960,11219,8923999
2022-01-14 15:00:00,7235,4581366,3291.0,4022518,252.0,330985.0,7487,4912351,3543,4353503,10778,8934777
2022-01-15 15:00:00,4278,4585644,1697.0,4024215,71.0,331056.0,4349,4916700,1768,4355271,6046,8940823
2022-01-16 15:00:00,2219,4587863,1321.0,4025536,116.0,331172.0,2335,4919035,1437,4356708,3656,8944479
2022-01-17 15:00:00,3629,4591492,2372.0,4027908,74.0,331246.0,3703,4922738,2446,4359154,6075,8950554
2022-01-18 15:00:00,5299,4596791,4202.0,4032110,102.0,331348.0,5401,4928139,4304,4363458,9603,8960157
2022-01-19 15:00:00,5298,4602089,4481.0,4036591,99.0,331447.0,5397,4933536,4580,4368038,9878,8970035
2022-01-20 15:00:00,4531,4606620,3627.0,4040218,176.0,331623.0,4707,4938243,3803,4371841,8334,8978369
2022-01-21 15:00:00,5607,4612227,2935.0,4043153,126.0,331749.0,5733,4943976,3061,4374902,8668,8987037
2022-01-22 15:00:00,3462,4615689,1726.0,4044879,134.0,331883.0,3596,4947572,1860,4376762,5322,8992359
2022-01-23 15:00:00,2032,4617721,1494.0,4046373,30.0,331913.0,2062,4949634,1524,4378286,3556,8995915
2022-01-24 15:00:00,4126,4621847,2769.0,4049142,89.0,332002.0,4215,4953849,2858,4381144,6984,9002899
2022-01-25 15:00:00,3818,4625665,3314.0,4052456,95.0,332097.0,3913,4957762,3409,4384553,7227,9010126
2022-01-26 15:00:00,3880,4629545,3697.0,4056153,94.0,332191.0,3974,4961736,3791,4388344,7671,9017797
2022-01-27 15:00:00,3781,4633326,3923.0,4060076,187.0,332378.0,3968,4965704,4110,4392454,7891,9025688
2022-01-28 15:00:00,3862,4637188,3276.0,4063352,75.0,332453.0,3937,4969641,3351,4395805,7213,9032901
2022-01-29 15:00:00,2304,4639492,2294.0,4065646,117.0,332570.0,2421,4972062,2411,4398216,4715,9037616
2022-01-30 15:00:00,1560,4641052,1637.0,4067283,16.0,332586.0,1576,4973638,1653,4399869,3213,9040829
2022-01-31 15:00:00,2998,4644050,3237.0,4070520,58.0,332644.0,3056,4976694,3295,4403164,6293,9047122
2022-02-01 15:00:00,2645,4646695,3410.0,4073930,75.0,332719.0,2720,4979414,3485,4406649,6130,9053252
2022-02-02 15:00:00,2818,4649513,3722.0,4077652,77.0,332796.0,2895,4982309,3799,4410448,6617,9059869
2022-02-03 15:00:00,2764,4652277,3654.0,4081306,42.0,332838.0,2806,4985115,3696,4414144,6460,9066329
2022-02-04 15:00:00,2781,4655058,4379.0,4085685,128.0,332966.0,2909,4988024,4507,4418651,7288,9073617
2022-02-05 15:00:00,1928,4656986,2898.0,4088583,112.0,333078.0,2040,4990064,3010,4421661,4938,9078555
2022-02-06 15:00:00,1081,4658067,1348.0,4089931,24.0,333102.0,1105,4991169,1372,4423033,2453,9081008
2022-02-07 15:00:00,2060,4660127,2693.0,4092624,47.0,333149.0,2107,4993276,2740,4425773,4800,9085808
2022-02-08 15:00:00,2080,4662207,3068.0,4095692,63.0,333212.0,2143,4995419,3131,4428904,5211,9091019
2022-02-09 15:00:00,2205,4664412,3308.0,4099000,73.0,333285.0,2278,4997697,3381,4432285,5586,9096605
2022-02-10 15:00:00,2074,4666486,2852.0,4101852,55.0,333340.0,2129,4999826,2907,4435192,4981,9101586
2022-02-11 15:00:00,2470,4668956,3489.0,4105341,121.0,333461.0,2591,5002417,3610,4438802,6080,9107666
2022-02-12 15:00:00,1657,4670613,2275.0,4107616,97.0,333558.0,1754,5004171,2372,4441174,4029,9111695
2022-02-13 15:00:00,738,4671351,1085.0,4108701,17.0,333575.0,755,5004926,1102,4442276,1840,9113535
2022-02-14 15:00:00,1467,4672818,2236.0,4110937,65.0,333640.0,1532,5006458,2301,4444577,3768,9117303
2022-02-15 15:00:00,1920,4674738,2437.0,4113374,47.0,333687.0,1967,5008425,2484,4447061,4404,9121707
2022-02-16 15:00:00,1664,4676402,2412.0,4115786,52.0,333739.0,1716,5010141,2464,4449525,4128,9125835
2022-02-17 15:00:00,16824,4693226,12954.0,4128740,482.0,334221.0,17306,5027447,13436,4462961,30260,9156095
2022-02-18 15:00:00,1879,4695105,2400.0,4131140,46.0,334267.0,1925,5029372,2446,4465407,4325,9160420
2022-02-19 15:00:00,1157,4696262,1571.0,4132711,38.0,334305.0,1195,5030567,1609,4467016,2766,9163186
2022-02-20 15:00:00,249,4696511,331.0,4133042,9.0,334314.0,258,5030825,340,4467356,589,9163775
