VACCINATION_DATE,FirstDailyDose,FirstDoseCumulative,SecondDailyDose,SecondDoseCumulative,SingleDailyDose,SingleDoseCumulative,AtleastOneVaccine,AtleastOneVaccineCumulative,CompletedVax,CompletedVaxCumulative,FirstSecondSingleVaccinations,FirstSecondSingleVaccinationsCumulative
2020-12-14 15:00:00,19,1512,,537,,,19,1512,0,537,19,1984
2020-12-15 15:00:00,63,1575,3.0,540,,,63,1575,3,540,66,2050
2020-12-16 15:00:00,597,2172,5.0,545,,,597,2172,5,545,602,2652
2020-12-17 15:00:00,1171,3343,8.0,553,,,1171,3343,8,553,1179,3831
2020-12-18 15:00:00,3033,6376,12.0,565,,,3033,6376,12,565,3045,6876
2020-12-19 15:00:00,929,7305,8.0,573,,,929,7305,8,573,937,7813
2020-12-20 15:00:00,370,7675,6.0,579,,,370,7675,6,579,376,8189
2020-12-21 15:00:00,3902,11577,28.0,607,,,3902,11577,28,607,3930,12119
2020-12-22 15:00:00,6330,17907,30.0,637,,,6330,17907,30,637,6360,18479
2020-12-23 15:00:00,5795,23702,42.0,679,,,5795,23702,42,679,5837,24316
2020-12-24 15:00:00,2730,26432,15.0,694,,,2730,26432,15,694,2745,27061
2020-12-25 15:00:00,1035,27467,4.0,698,,,1035,27467,4,698,1039,28100
2020-12-26 15:00:00,1887,29354,10.0,708,,,1887,29354,10,708,1897,29997
2020-12-27 15:00:00,1805,31159,12.0,720,,,1805,31159,12,720,1817,31814
2020-12-28 15:00:00,8999,40158,53.0,773,,,8999,40158,53,773,9052,40866
2020-12-29 15:00:00,10985,51143,54.0,827,,,10985,51143,54,827,11039,51905
2020-12-30 15:00:00,12514,63657,98.0,925,,,12514,63657,98,925,12612,64517
2020-12-31 15:00:00,7566,71223,49.0,974,,,7566,71223,49,974,7615,72132
2021-01-01 15:00:00,3443,74666,146.0,1120,,,3443,74666,146,1120,3589,75721
2021-01-02 15:00:00,3065,77731,34.0,1154,,,3065,77731,34,1154,3099,78820
2021-01-03 15:00:00,3419,81150,82.0,1236,,,3419,81150,82,1236,3501,82321
2021-01-04 15:00:00,13382,94532,345.0,1581,,,13382,94532,345,1581,13727,96048
2021-01-05 15:00:00,12497,107029,551.0,2132,,,12497,107029,551,2132,13048,109096
2021-01-06 15:00:00,15287,122316,872.0,3004,,,15287,122316,872,3004,16159,125255
2021-01-07 15:00:00,15057,137373,1792.0,4796,,,15057,137373,1792,4796,16849,142104
2021-01-08 15:00:00,24036,161409,2797.0,7593,,,24036,161409,2797,7593,26833,168937
2021-01-09 15:00:00,5191,166600,959.0,8552,,,5191,166600,959,8552,6150,175087
2021-01-10 15:00:00,2992,169592,389.0,8941,,,2992,169592,389,8941,3381,178468
2021-01-11 15:00:00,13756,183348,3490.0,12431,,,13756,183348,3490,12431,17246,195714
2021-01-12 15:00:00,17410,200758,5603.0,18034,,,17410,200758,5603,18034,23013,218727
2021-01-13 15:00:00,18644,219402,3942.0,21976,,,18644,219402,3942,21976,22586,241313
2021-01-14 15:00:00,17884,237286,1974.0,23950,,,17884,237286,1974,23950,19858,261171
2021-01-15 15:00:00,19516,256802,2043.0,25993,,,19516,256802,2043,25993,21559,282730
2021-01-16 15:00:00,5851,262653,1626.0,27619,,,5851,262653,1626,27619,7477,290207
2021-01-17 15:00:00,2131,264784,1479.0,29098,,,2131,264784,1479,29098,3610,293817
2021-01-18 15:00:00,7089,271873,3271.0,32369,,,7089,271873,3271,32369,10360,304177
2021-01-19 15:00:00,16969,288842,5422.0,37791,,,16969,288842,5422,37791,22391,326568
2021-01-20 15:00:00,21024,309866,5348.0,43139,,,21024,309866,5348,43139,26372,352940
2021-01-21 15:00:00,23845,333711,3876.0,47015,,,23845,333711,3876,47015,27721,380661
2021-01-22 15:00:00,28677,362388,3776.0,50791,,,28677,362388,3776,50791,32453,413114
2021-01-23 15:00:00,10133,372521,1950.0,52741,,,10133,372521,1950,52741,12083,425197
2021-01-24 15:00:00,3364,375885,1727.0,54468,,,3364,375885,1727,54468,5091,430288
2021-01-25 15:00:00,16318,392203,8630.0,63098,,,16318,392203,8630,63098,24948,455236
2021-01-26 15:00:00,17573,409776,8993.0,72091,,,17573,409776,8993,72091,26566,481802
2021-01-27 15:00:00,24452,434228,12591.0,84682,,,24452,434228,12591,84682,37043,518845
2021-01-28 15:00:00,22667,456895,9348.0,94030,,,22667,456895,9348,94030,32015,550860
2021-01-29 15:00:00,24799,481694,7946.0,101976,,,24799,481694,7946,101976,32745,583605
2021-01-30 15:00:00,17802,499496,2575.0,104551,,,17802,499496,2575,104551,20377,603982
2021-01-31 15:00:00,3768,503264,1375.0,105926,,,3768,503264,1375,105926,5143,609125
2021-02-01 15:00:00,8236,511500,5456.0,111382,,,8236,511500,5456,111382,13692,622817
2021-02-02 15:00:00,12535,524035,13849.0,125231,,,12535,524035,13849,125231,26384,649201
2021-02-03 15:00:00,18287,542322,18158.0,143389,,,18287,542322,18158,143389,36445,685646
2021-02-04 15:00:00,22155,564477,15811.0,159200,,,22155,564477,15811,159200,37966,723612
2021-02-05 15:00:00,20426,584903,17462.0,176662,,,20426,584903,17462,176662,37888,761500
2021-02-06 15:00:00,11391,596294,14545.0,191207,,,11391,596294,14545,191207,25936,787436
2021-02-07 15:00:00,5995,602289,1954.0,193161,,,5995,602289,1954,193161,7949,795385
2021-02-08 15:00:00,13030,615319,12993.0,206154,,,13030,615319,12993,206154,26023,821408
2021-02-09 15:00:00,16680,631999,13900.0,220054,,,16680,631999,13900,220054,30580,851988
2021-02-10 15:00:00,19344,651343,21334.0,241388,,,19344,651343,21334,241388,40678,892666
2021-02-11 15:00:00,22955,674298,17400.0,258788,,,22955,674298,17400,258788,40355,933021
2021-02-12 15:00:00,20455,694753,19686.0,278474,,,20455,694753,19686,278474,40141,973162
2021-02-13 15:00:00,11480,706233,6434.0,284908,,,11480,706233,6434,284908,17914,991076
2021-02-14 15:00:00,7122,713355,2144.0,287052,,,7122,713355,2144,287052,9266,1000342
2021-02-15 15:00:00,11772,725127,13361.0,300413,,,11772,725127,13361,300413,25133,1025475
2021-02-16 15:00:00,16666,741793,21044.0,321457,,,16666,741793,21044,321457,37710,1063185
2021-02-17 15:00:00,20694,762487,26400.0,347857,,,20694,762487,26400,347857,47094,1110279
2021-02-18 15:00:00,3208,765695,4634.0,352491,,,3208,765695,4634,352491,7842,1118121
2021-02-19 15:00:00,10271,775966,19947.0,372438,,,10271,775966,19947,372438,30218,1148339
2021-02-20 15:00:00,10320,786286,20331.0,392769,,,10320,786286,20331,392769,30651,1178990
2021-02-21 15:00:00,6198,792484,7675.0,400444,,,6198,792484,7675,400444,13873,1192863
2021-02-22 15:00:00,8052,800536,15506.0,415950,,,8052,800536,15506,415950,23558,1216421
2021-02-23 15:00:00,15543,816079,15996.0,431946,,,15543,816079,15996,431946,31539,1247960
2021-02-24 15:00:00,18008,834087,24858.0,456804,,,18008,834087,24858,456804,42866,1290826
2021-02-25 15:00:00,20409,854496,26606.0,483410,,,20409,854496,26606,483410,47015,1337841
2021-02-26 15:00:00,26695,881191,26295.0,509705,,,26695,881191,26295,509705,52990,1390831
2021-02-27 15:00:00,16036,897227,11172.0,520877,,,16036,897227,11172,520877,27208,1418039
2021-02-28 15:00:00,15536,912763,4899.0,525776,,,15536,912763,4899,525776,20435,1438474
2021-03-01 15:00:00,27342,940105,12721.0,538497,,,27342,940105,12721,538497,40063,1478537
2021-03-02 15:00:00,24017,964122,13316.0,551813,38.0,38.0,24055,964160,13354,551851,37371,1515908
2021-03-03 15:00:00,30269,994391,18438.0,570251,195.0,233.0,30464,994624,18633,570484,48902,1564810
2021-03-04 15:00:00,31022,1025413,18266.0,588517,4065.0,4298.0,35087,1029711,22331,592815,53353,1618163
2021-03-05 15:00:00,30126,1055539,19795.0,608312,4913.0,9211.0,35039,1064750,24708,617523,54834,1672997
2021-03-06 15:00:00,19007,1074546,9542.0,617854,6011.0,15222.0,25018,1089768,15553,633076,34560,1707557
2021-03-07 15:00:00,12156,1086702,4935.0,622789,6606.0,21828.0,18762,1108530,11541,644617,23697,1731254
2021-03-08 15:00:00,25938,1112640,8872.0,631661,8276.0,30104.0,34214,1142744,17148,661765,43086,1774340
2021-03-09 15:00:00,26163,1138803,15515.0,647176,8345.0,38449.0,34508,1177252,23860,685625,50023,1824363
2021-03-10 15:00:00,29902,1168705,16069.0,663245,7936.0,46385.0,37838,1215090,24005,709630,53907,1878270
2021-03-11 15:00:00,36034,1204739,16439.0,679684,3981.0,50366.0,40015,1255105,20420,730050,56454,1934724
2021-03-12 15:00:00,36928,1241667,18179.0,697863,2928.0,53294.0,39856,1294961,21107,751157,58035,1992759
2021-03-13 15:00:00,22676,1264343,10349.0,708212,1629.0,54923.0,24305,1319266,11978,763135,34654,2027413
2021-03-14 15:00:00,17847,1282190,6745.0,714957,1010.0,55933.0,18857,1338123,7755,770890,25602,2053015
2021-03-15 15:00:00,29914,1312104,11382.0,726339,600.0,56533.0,30514,1368637,11982,782872,41896,2094911
2021-03-16 15:00:00,33494,1345598,13603.0,739942,773.0,57306.0,34267,1402904,14376,797248,47870,2142781
2021-03-17 15:00:00,37649,1383247,17106.0,757048,1184.0,58490.0,38833,1441737,18290,815538,55939,2198720
2021-03-18 15:00:00,41485,1424732,12720.0,769768,1353.0,59843.0,42838,1484575,14073,829611,55558,2254278
2021-03-19 15:00:00,38394,1463126,15448.0,785216,1045.0,60888.0,39439,1524014,16493,846104,54887,2309165
2021-03-20 15:00:00,24749,1487875,10239.0,795455,706.0,61594.0,25455,1549469,10945,857049,35694,2344859
2021-03-21 15:00:00,19210,1507085,7923.0,803378,342.0,61936.0,19552,1569021,8265,865314,27475,2372334
2021-03-22 15:00:00,32617,1539702,11524.0,814902,835.0,62771.0,33452,1602473,12359,877673,44976,2417310
2021-03-23 15:00:00,38422,1578124,17887.0,832789,1557.0,64328.0,39979,1642452,19444,897117,57866,2475176
2021-03-24 15:00:00,41093,1619217,21277.0,854066,1389.0,65717.0,42482,1684934,22666,919783,63759,2538935
2021-03-25 15:00:00,42939,1662156,21768.0,875834,2457.0,68174.0,45396,1730330,24225,944008,67164,2606099
2021-03-26 15:00:00,36401,1698557,26731.0,902565,2495.0,70669.0,38896,1769226,29226,973234,65627,2671726
2021-03-27 15:00:00,26475,1725032,17341.0,919906,2490.0,73159.0,28965,1798191,19831,993065,46306,2718032
2021-03-28 15:00:00,17014,1742046,12695.0,932601,1615.0,74774.0,18629,1816820,14310,1007375,31324,2749356
2021-03-29 15:00:00,29725,1771771,26418.0,959019,1142.0,75916.0,30867,1847687,27560,1034935,57285,2806641
2021-03-30 15:00:00,40085,1811856,29107.0,988126,1865.0,77781.0,41950,1889637,30972,1065907,71057,2877698
2021-03-31 15:00:00,41036,1852892,34770.0,1022896,5748.0,83529.0,46784,1936421,40518,1106425,81554,2959252
2021-04-01 15:00:00,42557,1895449,41266.0,1064162,5769.0,89298.0,48326,1984747,47035,1153460,89592,3048844
2021-04-02 15:00:00,34968,1930417,32757.0,1096919,6135.0,95433.0,41103,2025850,38892,1192352,73860,3122704
2021-04-03 15:00:00,21189,1951606,19248.0,1116167,4395.0,99828.0,25584,2051434,23643,1215995,44832,3167536
2021-04-04 15:00:00,8309,1959915,10227.0,1126394,968.0,100796.0,9277,2060711,11195,1227190,19504,3187040
2021-04-05 15:00:00,27971,1987886,28992.0,1155386,6664.0,107460.0,34635,2095346,35656,1262846,63627,3250667
2021-04-06 15:00:00,39819,2027705,30541.0,1185927,10506.0,117966.0,50325,2145671,41047,1303893,80866,3331533
2021-04-07 15:00:00,36124,2063829,34386.0,1220313,12999.0,130965.0,49123,2194794,47385,1351278,83509,3415042
2021-04-08 15:00:00,42374,2106203,36173.0,1256486,13877.0,144842.0,56251,2251045,50050,1401328,92424,3507466
2021-04-09 15:00:00,34105,2140308,36386.0,1292872,14533.0,159375.0,48638,2299683,50919,1452247,85024,3592490
2021-04-10 15:00:00,23512,2163820,23197.0,1316069,7643.0,167018.0,31155,2330838,30840,1483087,54352,3646842
2021-04-11 15:00:00,17586,2181406,13304.0,1329373,10123.0,177141.0,27709,2358547,23427,1506514,41013,3687855
2021-04-12 15:00:00,24613,2206019,33302.0,1362675,10909.0,188050.0,35522,2394069,44211,1550725,68824,3756679
2021-04-13 15:00:00,126195,2332214,91384.0,1454059,3293.0,191343.0,129488,2523557,94677,1645402,220872,3977551
2021-04-14 15:00:00,40776,2372990,37891.0,1491950,213.0,191556.0,40989,2564546,38104,1683506,78880,4056431
2021-04-15 15:00:00,41442,2414432,39637.0,1531587,176.0,191732.0,41618,2606164,39813,1723319,81255,4137686
2021-04-16 15:00:00,37181,2451613,38949.0,1570536,25.0,191757.0,37206,2643370,38974,1762293,76155,4213841
2021-04-17 15:00:00,32817,2484430,22051.0,1592587,13.0,191770.0,32830,2676200,22064,1784357,54881,4268722
2021-04-18 15:00:00,20065,2504495,16217.0,1608804,5.0,191775.0,20070,2696270,16222,1800579,36287,4305009
2021-04-19 15:00:00,29896,2534391,36563.0,1645367,60.0,191835.0,29956,2726226,36623,1837202,66519,4371528
2021-04-20 15:00:00,32946,2567337,44527.0,1689894,59.0,191894.0,33005,2759231,44586,1881788,77532,4449060
2021-04-21 15:00:00,39850,2607187,47112.0,1737006,26.0,191920.0,39876,2799107,47138,1928926,86988,4536048
2021-04-22 15:00:00,35870,2643057,42750.0,1779756,16.0,191936.0,35886,2834993,42766,1971692,78636,4614684
2021-04-23 15:00:00,33155,2676212,40200.0,1819956,14.0,191950.0,33169,2868162,40214,2011906,73369,4688053
2021-04-24 15:00:00,26432,2702644,27940.0,1847896,81.0,192031.0,26513,2894675,28021,2039927,54453,4742506
2021-04-25 15:00:00,20222,2722866,11010.0,1858906,31.0,192062.0,20253,2914928,11041,2050968,31263,4773769
2021-04-26 15:00:00,27388,2750254,32789.0,1891695,201.0,192263.0,27589,2942517,32990,2083958,60378,4834147
2021-04-27 15:00:00,26672,2776926,33135.0,1924830,1097.0,193360.0,27769,2970286,34232,2118190,60904,4895051
2021-04-28 15:00:00,28936,2805862,39593.0,1964423,1367.0,194727.0,30303,3000589,40960,2159150,69896,4964947
2021-04-29 15:00:00,27073,2832935,39817.0,2004240,1463.0,196190.0,28536,3029125,41280,2200430,68353,5033300
2021-04-30 15:00:00,28206,2861141,32338.0,2036578,1650.0,197840.0,29856,3058981,33988,2234418,62194,5095494
2021-05-01 15:00:00,20799,2881940,26863.0,2063441,1057.0,198897.0,21856,3080837,27920,2262338,48719,5144213
2021-05-02 15:00:00,10272,2892212,17096.0,2080537,823.0,199720.0,11095,3091932,17919,2280257,28191,5172404
2021-05-03 15:00:00,12732,2904944,28708.0,2109245,1917.0,201637.0,14649,3106581,30625,2310882,43357,5215761
2021-05-04 15:00:00,13560,2918504,38731.0,2147976,1742.0,203379.0,15302,3121883,40473,2351355,54033,5269794
2021-05-05 15:00:00,19302,2937806,37818.0,2185794,1924.0,205303.0,21226,3143109,39742,2391097,59044,5328838
2021-05-06 15:00:00,16923,2954729,40609.0,2226403,1722.0,207025.0,18645,3161754,42331,2433428,59254,5388092
2021-05-07 15:00:00,17576,2972305,37061.0,2263464,1959.0,208984.0,19535,3181289,39020,2472448,56596,5444688
2021-05-08 15:00:00,10798,2983103,31246.0,2294710,1293.0,210277.0,12091,3193380,32539,2504987,43337,5488025
2021-05-09 15:00:00,5078,2988181,12261.0,2306971,695.0,210972.0,5773,3199153,12956,2517943,18034,5506059
2021-05-10 15:00:00,8956,2997137,31071.0,2338042,1362.0,212334.0,10318,3209471,32433,2550376,41389,5547448
2021-05-11 15:00:00,12187,3009324,30307.0,2368349,1442.0,213776.0,13629,3223100,31749,2582125,43936,5591384
2021-05-12 15:00:00,13949,3023273,38663.0,2407012,1918.0,215694.0,15867,3238967,40581,2622706,54530,5645914
2021-05-13 15:00:00,21843,3045116,33542.0,2440554,1346.0,217040.0,23189,3262156,34888,2657594,56731,5702645
2021-05-14 15:00:00,24413,3069529,30099.0,2470653,1775.0,218815.0,26188,3288344,31874,2689468,56287,5758932
2021-05-15 15:00:00,21970,3091499,25141.0,2495794,1490.0,220305.0,23460,3311804,26631,2716099,48601,5807533
2021-05-16 15:00:00,9102,3100601,17587.0,2513381,1115.0,221420.0,10217,3322021,18702,2734801,27804,5835337
2021-05-17 15:00:00,16861,3117462,28434.0,2541815,1951.0,223371.0,18812,3340833,30385,2765186,47246,5882583
2021-05-18 15:00:00,21273,3138735,30713.0,2572528,1944.0,225315.0,23217,3364050,32657,2797843,53930,5936513
2021-05-19 15:00:00,27678,3166413,32463.0,2604991,1633.0,226948.0,29311,3393361,34096,2831939,61774,5998287
2021-05-20 15:00:00,20822,3187235,33294.0,2638285,1965.0,228913.0,22787,3416148,35259,2867198,56081,6054368
2021-05-21 15:00:00,19168,3206403,30385.0,2668670,1609.0,230522.0,20777,3436925,31994,2899192,51162,6105530
2021-05-22 15:00:00,16959,3223362,20712.0,2689382,1269.0,231791.0,18228,3455153,21981,2921173,38940,6144470
2021-05-23 15:00:00,8808,3232170,11459.0,2700841,965.0,232756.0,9773,3464926,12424,2933597,21232,6165702
2021-05-24 15:00:00,13577,3245747,17793.0,2718634,1473.0,234229.0,15050,3479976,19266,2952863,32843,6198545
2021-05-25 15:00:00,13088,3258835,18727.0,2737361,1328.0,235557.0,14416,3494392,20055,2972918,33143,6231688
2021-05-26 15:00:00,18372,3277207,19698.0,2757059,1512.0,237069.0,19884,3514276,21210,2994128,39582,6271270
2021-05-27 15:00:00,11700,3288907,18719.0,2775778,1120.0,238189.0,12820,3527096,19839,3013967,31539,6302809
2021-05-28 15:00:00,12415,3301322,19870.0,2795648,1402.0,239591.0,13817,3540913,21272,3035239,33687,6336496
2021-05-29 15:00:00,9517,3310839,11738.0,2807386,938.0,240529.0,10455,3551368,12676,3047915,22193,6358689
2021-05-30 15:00:00,4968,3315807,6446.0,2813832,596.0,241125.0,5564,3556932,7042,3054957,12010,6370699
2021-05-31 15:00:00,1779,3317586,3715.0,2817547,305.0,241430.0,2084,3559016,4020,3058977,5799,6376498
2021-06-01 15:00:00,9888,3327474,16515.0,2834062,1162.0,242592.0,11050,3570066,17677,3076654,27565,6404063
2021-06-02 15:00:00,10243,3337717,16842.0,2850904,963.0,243555.0,11206,3581272,17805,3094459,28048,6432111
2021-06-03 15:00:00,7896,3345613,21229.0,2872133,1089.0,244644.0,8985,3590257,22318,3116777,30214,6462325
2021-06-04 15:00:00,8197,3353810,22386.0,2894519,1120.0,245764.0,9317,3599574,23506,3140283,31703,6494028
2021-06-05 15:00:00,6994,3360804,19484.0,2914003,721.0,246485.0,7715,3607289,20205,3160488,27199,6521227
2021-06-06 15:00:00,3458,3364262,7265.0,2921268,426.0,246911.0,3884,3611173,7691,3168179,11149,6532376
2021-06-07 15:00:00,6857,3371119,15816.0,2937084,726.0,247637.0,7583,3618756,16542,3184721,23399,6555775
2021-06-08 15:00:00,6667,3377786,19754.0,2956838,831.0,248468.0,7498,3626254,20585,3205306,27252,6583027
2021-06-09 15:00:00,8193,3385979,24031.0,2980869,971.0,249439.0,9164,3635418,25002,3230308,33195,6616222
2021-06-10 15:00:00,7157,3393136,19157.0,3000026,895.0,250334.0,8052,3643470,20052,3250360,27209,6643431
2021-06-11 15:00:00,7489,3400625,17746.0,3017772,1126.0,251460.0,8615,3652085,18872,3269232,26361,6669792
2021-06-12 15:00:00,5243,3405868,14792.0,3032564,605.0,252065.0,5848,3657933,15397,3284629,20640,6690432
2021-06-13 15:00:00,1946,3407814,7640.0,3040204,427.0,252492.0,2373,3660306,8067,3292696,10013,6700445
2021-06-14 15:00:00,5653,3413467,11841.0,3052045,734.0,253226.0,6387,3666693,12575,3305271,18228,6718673
2021-06-15 15:00:00,5652,3419119,14360.0,3066405,873.0,254099.0,6525,3673218,15233,3320504,20885,6739558
2021-06-16 15:00:00,8730,3427849,21646.0,3088051,758.0,254857.0,9488,3682706,22404,3342908,31134,6770692
2021-06-17 15:00:00,6685,3434534,12386.0,3100437,720.0,255577.0,7405,3690111,13106,3356014,19791,6790483
2021-06-18 15:00:00,6839,3441373,12753.0,3113190,704.0,256281.0,7543,3697654,13457,3369471,20296,6810779
2021-06-19 15:00:00,4656,3446029,9389.0,3122579,614.0,256895.0,5270,3702924,10003,3379474,14659,6825438
2021-06-20 15:00:00,2514,3448543,5068.0,3127647,377.0,257272.0,2891,3705815,5445,3384919,7959,6833397
2021-06-21 15:00:00,5569,3454112,5344.0,3132991,636.0,257908.0,6205,3712020,5980,3390899,11549,6844946
2021-06-22 15:00:00,5351,3459463,9070.0,3142061,699.0,258607.0,6050,3718070,9769,3400668,15120,6860066
2021-06-23 15:00:00,6061,3465524,10367.0,3152428,645.0,259252.0,6706,3724776,11012,3411680,17073,6877139
2021-06-24 15:00:00,5932,3471456,8223.0,3160651,595.0,259847.0,6527,3731303,8818,3420498,14750,6891889
2021-06-25 15:00:00,5835,3477291,8674.0,3169325,619.0,260466.0,6454,3737757,9293,3429791,15128,6907017
2021-06-26 15:00:00,3707,3480998,6304.0,3175629,398.0,260864.0,4105,3741862,6702,3436493,10409,6917426
2021-06-27 15:00:00,2811,3483809,3526.0,3179155,185.0,261049.0,2996,3744858,3711,3440204,6522,6923948
2021-06-28 15:00:00,4929,3488738,6399.0,3185554,539.0,261588.0,5468,3750326,6938,3447142,11867,6935815
2021-06-29 15:00:00,5062,3493800,6493.0,3192047,524.0,262112.0,5586,3755912,7017,3454159,12079,6947894
2021-06-30 15:00:00,5640,3499440,7399.0,3199446,607.0,262719.0,6247,3762159,8006,3462165,13646,6961540
2021-07-01 15:00:00,5452,3504892,7010.0,3206456,505.0,263224.0,5957,3768116,7515,3469680,12967,6974507
2021-07-02 15:00:00,5307,3510199,6865.0,3213321,527.0,263751.0,5834,3773950,7392,3477072,12699,6987206
2021-07-03 15:00:00,3278,3513477,4076.0,3217397,264.0,264015.0,3542,3777492,4340,3481412,7618,6994824
2021-07-04 15:00:00,494,3513971,551.0,3217948,70.0,264085.0,564,3778056,621,3482033,1115,6995939
2021-07-05 15:00:00,3774,3517745,3954.0,3221902,287.0,264372.0,4061,3782117,4241,3486274,8015,7003954
2021-07-06 15:00:00,4492,3522237,6298.0,3228200,455.0,264827.0,4947,3787064,6753,3493027,11245,7015199
2021-07-07 15:00:00,4467,3526704,6433.0,3234633,483.0,265310.0,4950,3792014,6916,3499943,11383,7026582
2021-07-08 15:00:00,4836,3531540,6198.0,3240831,564.0,265874.0,5400,3797414,6762,3506705,11598,7038180
2021-07-09 15:00:00,5368,3536908,6699.0,3247530,573.0,266447.0,5941,3803355,7272,3513977,12640,7050820
2021-07-10 15:00:00,3528,3540436,4414.0,3251944,304.0,266751.0,3832,3807187,4718,3518695,8246,7059066
2021-07-11 15:00:00,2682,3543118,2583.0,3254527,227.0,266978.0,2909,3810096,2810,3521505,5492,7064558
2021-07-12 15:00:00,4429,3547547,5133.0,3259660,379.0,267357.0,4808,3814904,5512,3527017,9941,7074499
2021-07-13 15:00:00,4673,3552220,4733.0,3264393,366.0,267723.0,5039,3819943,5099,3532116,9772,7084271
2021-07-14 15:00:00,4637,3556857,5300.0,3269693,421.0,268144.0,5058,3825001,5721,3537837,10358,7094629
2021-07-15 15:00:00,4914,3561771,5030.0,3274723,359.0,268503.0,5273,3830274,5389,3543226,10303,7104932
2021-07-16 15:00:00,6282,3568053,5880.0,3280603,405.0,268908.0,6687,3836961,6285,3549511,12567,7117499
2021-07-17 15:00:00,3424,3571477,3554.0,3284157,304.0,269212.0,3728,3840689,3858,3553369,7282,7124781
2021-07-18 15:00:00,2311,3573788,2386.0,3286543,110.0,269322.0,2421,3843110,2496,3555865,4807,7129588
2021-07-19 15:00:00,5153,3578941,4617.0,3291160,383.0,269705.0,5536,3848646,5000,3560865,10153,7139741
2021-07-20 15:00:00,5350,3584291,4738.0,3295898,367.0,270072.0,5717,3854363,5105,3565970,10455,7150196
2021-07-21 15:00:00,5668,3589959,4972.0,3300870,415.0,270487.0,6083,3860446,5387,3571357,11055,7161251
2021-07-22 15:00:00,6032,3595991,4656.0,3305526,472.0,270959.0,6504,3866950,5128,3576485,11160,7172411
2021-07-23 15:00:00,6848,3602839,4861.0,3310387,499.0,271458.0,7347,3874297,5360,3581845,12208,7184619
2021-07-24 15:00:00,4287,3607126,3210.0,3313597,267.0,271725.0,4554,3878851,3477,3585322,7764,7192383
2021-07-25 15:00:00,3302,3610428,1124.0,3314721,142.0,271867.0,3444,3882295,1266,3586588,4568,7196951
2021-07-26 15:00:00,6223,3616651,3919.0,3318640,420.0,272287.0,6643,3888938,4339,3590927,10562,7207513
2021-07-27 15:00:00,6619,3623270,4307.0,3322947,459.0,272746.0,7078,3896016,4766,3595693,11385,7218898
2021-07-28 15:00:00,7097,3630367,4158.0,3327105,462.0,273208.0,7559,3903575,4620,3600313,11717,7230615
2021-07-29 15:00:00,7094,3637461,4330.0,3331435,420.0,273628.0,7514,3911089,4750,3605063,11844,7242459
2021-07-30 15:00:00,7836,3645297,4842.0,3336277,527.0,274155.0,8363,3919452,5369,3610432,13205,7255664
2021-07-31 15:00:00,4794,3650091,3090.0,3339367,274.0,274429.0,5068,3924520,3364,3613796,8158,7263822
2021-08-01 15:00:00,3923,3654014,2200.0,3341567,165.0,274594.0,4088,3928608,2365,3616161,6288,7270110
2021-08-02 15:00:00,7283,3661297,3853.0,3345420,342.0,274936.0,7625,3936233,4195,3620356,11478,7281588
2021-08-03 15:00:00,7281,3668578,4116.0,3349536,517.0,275453.0,7798,3944031,4633,3624989,11914,7293502
2021-08-04 15:00:00,7446,3676024,4132.0,3353668,536.0,275989.0,7982,3952013,4668,3629657,12114,7305616
2021-08-05 15:00:00,7964,3683988,4349.0,3358017,541.0,276530.0,8505,3960518,4890,3634547,12854,7318470
2021-08-06 15:00:00,8336,3692324,4766.0,3362783,454.0,276984.0,8790,3969308,5220,3639767,13556,7332026
2021-08-07 15:00:00,5305,3697629,2850.0,3365633,264.0,277248.0,5569,3974877,3114,3642881,8419,7340445
2021-08-08 15:00:00,3981,3701610,2061.0,3367694,146.0,277394.0,4127,3979004,2207,3645088,6188,7346633
2021-08-09 15:00:00,6961,3708571,4575.0,3372269,371.0,277765.0,7332,3986336,4946,3650034,11907,7358540
2021-08-10 15:00:00,7174,3715745,4512.0,3376781,340.0,278105.0,7514,3993850,4852,3654886,12026,7370566
2021-08-11 15:00:00,7108,3722853,4463.0,3381244,443.0,278548.0,7551,4001401,4906,3659792,12014,7382580
2021-08-12 15:00:00,8671,3731524,4775.0,3386019,446.0,278994.0,9117,4010518,5221,3665013,13892,7396472
2021-08-13 15:00:00,7190,3738714,5421.0,3391440,398.0,279392.0,7588,4018106,5819,3670832,13009,7409481
2021-08-14 15:00:00,4929,3743643,3357.0,3394797,288.0,279680.0,5217,4023323,3645,3674477,8574,7418055
2021-08-15 15:00:00,3332,3746975,2750.0,3397547,163.0,279843.0,3495,4026818,2913,3677390,6245,7424300
2021-08-16 15:00:00,5461,3752436,5110.0,3402657,353.0,280196.0,5814,4032632,5463,3682853,10924,7435224
2021-08-17 15:00:00,6832,3759268,5384.0,3408041,391.0,280587.0,7223,4039855,5775,3688628,12607,7447831
2021-08-18 15:00:00,6353,3765621,5534.0,3413575,481.0,281068.0,6834,4046689,6015,3694643,12368,7460199
2021-08-19 15:00:00,6243,3771864,5589.0,3419164,417.0,281485.0,6660,4053349,6006,3700649,12249,7472448
2021-08-20 15:00:00,6857,3778721,6581.0,3425745,401.0,281886.0,7258,4060607,6982,3707631,13839,7486287
2021-08-21 15:00:00,4350,3783071,3929.0,3429674,230.0,282116.0,4580,4065187,4159,3711790,8509,7494796
2021-08-22 15:00:00,3064,3786135,3179.0,3432853,111.0,282227.0,3175,4068362,3290,3715080,6354,7501150
2021-08-23 15:00:00,6003,3792138,6143.0,3438996,287.0,282514.0,6290,4074652,6430,3721510,12433,7513583
2021-08-24 15:00:00,6558,3798696,6106.0,3445102,426.0,282940.0,6984,4081636,6532,3728042,13090,7526673
2021-08-25 15:00:00,6737,3805433,6256.0,3451358,440.0,283380.0,7177,4088813,6696,3734738,13433,7540106
2021-08-26 15:00:00,6975,3812408,6690.0,3458048,427.0,283807.0,7402,4096215,7117,3741855,14092,7554198
2021-08-27 15:00:00,6848,3819256,7114.0,3465162,317.0,284124.0,7165,4103380,7431,3749286,14279,7568477
2021-08-28 15:00:00,6919,3826175,6542.0,3471704,329.0,284453.0,7248,4110628,6871,3756157,13790,7582267
2021-08-29 15:00:00,3745,3829920,3709.0,3475413,610.0,285063.0,4355,4114983,4319,3760476,8064,7590331
2021-08-30 15:00:00,5935,3835855,6160.0,3481573,962.0,286025.0,6897,4121880,7122,3767598,13057,7603388
2021-08-31 15:00:00,5913,3841768,6098.0,3487671,947.0,286972.0,6860,4128740,7045,3774643,12958,7616346
2021-09-01 15:00:00,5624,3847392,5745.0,3493416,918.0,287890.0,6542,4135282,6663,3781306,12287,7628633
2021-09-02 15:00:00,5531,3852923,5980.0,3499396,709.0,288599.0,6240,4141522,6689,3787995,12220,7640853
2021-09-03 15:00:00,6028,3858951,6986.0,3506382,977.0,289576.0,7005,4148527,7963,3795958,13991,7654844
2021-09-04 15:00:00,3739,3862690,4367.0,3510749,878.0,290454.0,4617,4153144,5245,3801203,8984,7663828
2021-09-05 15:00:00,2959,3865649,2820.0,3513569,106.0,290560.0,3065,4156209,2926,3804129,5885,7669713
2021-09-06 15:00:00,1061,3866710,1162.0,3514731,70.0,290630.0,1131,4157340,1232,3805361,2293,7672006
2021-09-07 15:00:00,5352,3872062,7324.0,3522055,2305.0,292935.0,7657,4164997,9629,3814990,14981,7686987
2021-09-08 15:00:00,4664,3876726,5508.0,3527563,364.0,293299.0,5028,4170025,5872,3820862,10536,7697523
2021-09-09 15:00:00,5030,3881756,5489.0,3533052,325.0,293624.0,5355,4175380,5814,3826676,10844,7708367
2021-09-10 15:00:00,6537,3888293,6684.0,3539736,1719.0,295343.0,8256,4183636,8403,3835079,14940,7723307
2021-09-11 15:00:00,4185,3892478,4357.0,3544093,666.0,296009.0,4851,4188487,5023,3840102,9208,7732515
2021-09-12 15:00:00,3180,3895658,3247.0,3547340,436.0,296445.0,3616,4192103,3683,3843785,6863,7739378
2021-09-13 15:00:00,4898,3900556,5085.0,3552425,347.0,296792.0,5245,4197348,5432,3849217,10330,7749708
2021-09-14 15:00:00,4778,3905334,5469.0,3557894,438.0,297230.0,5216,4202564,5907,3855124,10685,7760393
2021-09-15 15:00:00,5047,3910381,5906.0,3563800,394.0,297624.0,5441,4208005,6300,3861424,11347,7771740
2021-09-16 15:00:00,4817,3915198,5862.0,3569662,339.0,297963.0,5156,4213161,6201,3867625,11018,7782758
2021-09-17 15:00:00,5292,3920490,6601.0,3576263,344.0,298307.0,5636,4218797,6945,3874570,12237,7794995
2021-09-18 15:00:00,3826,3924316,4592.0,3580855,186.0,298493.0,4012,4222809,4778,3879348,8604,7803599
2021-09-19 15:00:00,2743,3927059,3184.0,3584039,75.0,298568.0,2818,4225627,3259,3882607,6002,7809601
2021-09-20 15:00:00,3757,3930816,4692.0,3588731,428.0,298996.0,4185,4229812,5120,3887727,8877,7818478
2021-09-21 15:00:00,4005,3934821,5026.0,3593757,327.0,299323.0,4332,4234144,5353,3893080,9358,7827836
2021-09-22 15:00:00,4194,3939015,4805.0,3598562,459.0,299782.0,4653,4238797,5264,3898344,9458,7837294
2021-09-23 15:00:00,4193,3943208,4738.0,3603300,492.0,300274.0,4685,4243482,5230,3903574,9423,7846717
2021-09-24 15:00:00,5099,3948307,5638.0,3608938,422.0,300696.0,5521,4249003,6060,3909634,11159,7857876
2021-09-25 15:00:00,3643,3951950,3647.0,3612585,384.0,301080.0,4027,4253030,4031,3913665,7674,7865550
2021-09-26 15:00:00,2353,3954303,2672.0,3615257,433.0,301513.0,2786,4255816,3105,3916770,5458,7871008
2021-09-27 15:00:00,4511,3958814,2721.0,3617978,512.0,302025.0,5023,4260839,3233,3920003,7744,7878752
2021-09-28 15:00:00,4416,3963230,4467.0,3622445,212.0,302237.0,4628,4265467,4679,3924682,9095,7887847
2021-09-29 15:00:00,4692,3967922,4538.0,3626983,920.0,303157.0,5612,4271079,5458,3930140,10150,7897997
2021-09-30 15:00:00,4896,3972818,4579.0,3631562,796.0,303953.0,5692,4276771,5375,3935515,10271,7908268
2021-10-01 15:00:00,5533,3978351,5381.0,3636943,786.0,304739.0,6319,4283090,6167,3941682,11700,7919968
2021-10-02 15:00:00,2948,3981299,2907.0,3639850,187.0,304926.0,3135,4286225,3094,3944776,6042,7926010
2021-10-03 15:00:00,2079,3983378,2385.0,3642235,87.0,305013.0,2166,4288391,2472,3947248,4551,7930561
2021-10-04 15:00:00,4035,3987413,3512.0,3645747,233.0,305246.0,4268,4292659,3745,3950993,7780,7938341
2021-10-05 15:00:00,3965,3991378,3676.0,3649423,206.0,305452.0,4171,4296830,3882,3954875,7847,7946188
2021-10-06 15:00:00,4035,3995413,3581.0,3653004,266.0,305718.0,4301,4301131,3847,3958722,7882,7954070
2021-10-07 15:00:00,4234,3999647,3649.0,3656653,332.0,306050.0,4566,4305697,3981,3962703,8215,7962285
2021-10-08 15:00:00,4781,4004428,4311.0,3660964,283.0,306333.0,5064,4310761,4594,3967297,9375,7971660
2021-10-09 15:00:00,2693,4007121,2686.0,3663650,270.0,306603.0,2963,4313724,2956,3970253,5649,7977309
2021-10-10 15:00:00,1860,4008981,1855.0,3665505,60.0,306663.0,1920,4315644,1915,3972168,3775,7981084
2021-10-11 15:00:00,4216,4013197,3320.0,3668825,251.0,306914.0,4467,4320111,3571,3975739,7787,7988871
2021-10-12 15:00:00,3605,4016802,3549.0,3672374,277.0,307191.0,3882,4323993,3826,3979565,7431,7996302
2021-10-13 15:00:00,3994,4020796,3478.0,3675852,346.0,307537.0,4340,4328333,3824,3983389,7818,8004120
2021-10-14 15:00:00,5176,4025972,5511.0,3681363,430.0,307967.0,5606,4333939,5941,3989330,11117,8015237
2021-10-15 15:00:00,4769,4030741,4622.0,3685985,347.0,308314.0,5116,4339055,4969,3994299,9738,8024975
2021-10-16 15:00:00,2498,4033239,2531.0,3688516,291.0,308605.0,2789,4341844,2822,3997121,5320,8030295
2021-10-17 15:00:00,1811,4035050,1781.0,3690297,55.0,308660.0,1866,4343710,1836,3998957,3647,8033942
2021-10-18 15:00:00,4280,4039330,3588.0,3693885,283.0,308943.0,4563,4348273,3871,4002828,8151,8042093
2021-10-19 15:00:00,4306,4043636,4036.0,3697921,223.0,309166.0,4529,4352802,4259,4007087,8565,8050658
2021-10-20 15:00:00,3547,4047183,3436.0,3701357,259.0,309425.0,3806,4356608,3695,4010782,7242,8057900
2021-10-21 15:00:00,3311,4050494,3287.0,3704644,291.0,309716.0,3602,4360210,3578,4014360,6889,8064789
2021-10-22 15:00:00,4691,4055185,4043.0,3708687,477.0,310193.0,5168,4365378,4520,4018880,9211,8074000
2021-10-23 15:00:00,2887,4058072,2121.0,3710808,322.0,310515.0,3209,4368587,2443,4021323,5330,8079330
2021-10-24 15:00:00,2057,4060129,1555.0,3712363,79.0,310594.0,2136,4370723,1634,4022957,3691,8083021
2021-10-25 15:00:00,4556,4064685,3084.0,3715447,323.0,310917.0,4879,4375602,3407,4026364,7963,8090984
2021-10-26 15:00:00,4539,4069224,3092.0,3718539,316.0,311233.0,4855,4380457,3408,4029772,7947,8098931
2021-10-27 15:00:00,4729,4073953,3354.0,3721893,436.0,311669.0,5165,4385622,3790,4033562,8519,8107450
2021-10-28 15:00:00,4569,4078522,3376.0,3725269,501.0,312170.0,5070,4390692,3877,4037439,8446,8115896
2021-10-29 15:00:00,5000,4083522,3936.0,3729205,396.0,312566.0,5396,4396088,4332,4041771,9332,8125228
2021-10-30 15:00:00,2632,4086154,1850.0,3731055,307.0,312873.0,2939,4399027,2157,4043928,4789,8130017
2021-10-31 15:00:00,1935,4088089,1522.0,3732577,94.0,312967.0,2029,4401056,1616,4045544,3551,8133568
2021-11-01 15:00:00,4753,4092842,3457.0,3736034,351.0,313318.0,5104,4406160,3808,4049352,8561,8142129
2021-11-02 15:00:00,4280,4097122,2950.0,3738984,409.0,313727.0,4689,4410849,3359,4052711,7639,8149768
2021-11-03 15:00:00,4680,4101802,3052.0,3742036,464.0,314191.0,5144,4415993,3516,4056227,8196,8157964
2021-11-04 15:00:00,6331,4108133,3386.0,3745422,530.0,314721.0,6861,4422854,3916,4060143,10247,8168211
2021-11-05 15:00:00,8264,4116397,3786.0,3749208,415.0,315136.0,8679,4431533,4201,4064344,12465,8180676
2021-11-06 15:00:00,10207,4126604,1976.0,3751184,309.0,315445.0,10516,4442049,2285,4066629,12492,8193168
2021-11-07 15:00:00,7752,4134356,1463.0,3752647,95.0,315540.0,7847,4449896,1558,4068187,9310,8202478
2021-11-08 15:00:00,11361,4145717,3066.0,3755713,379.0,315919.0,11740,4461636,3445,4071632,14806,8217284
2021-11-09 15:00:00,11810,4157527,2659.0,3758372,268.0,316187.0,12078,4473714,2927,4074559,14737,8232021
2021-11-10 15:00:00,12641,4170168,2775.0,3761147,340.0,316527.0,12981,4486695,3115,4077674,15756,8247777
2021-11-11 15:00:00,11447,4181615,2385.0,3763532,280.0,316807.0,11727,4498422,2665,4080339,14112,8261889
2021-11-12 15:00:00,12387,4194002,3378.0,3766910,548.0,317355.0,12935,4511357,3926,4084265,16313,8278202
2021-11-13 15:00:00,9982,4203984,1603.0,3768513,342.0,317697.0,10324,4521681,1945,4086210,11927,8290129
2021-11-14 15:00:00,4248,4208232,1119.0,3769632,121.0,317818.0,4369,4526050,1240,4087450,5488,8295617
2021-11-15 15:00:00,8655,4216887,2523.0,3772155,211.0,318029.0,8866,4534916,2734,4090184,11389,8307006
2021-11-16 15:00:00,9300,4226187,2517.0,3774672,258.0,318287.0,9558,4544474,2775,4092959,12075,8319081
2021-11-17 15:00:00,9425,4235612,2870.0,3777542,313.0,318600.0,9738,4554212,3183,4096142,12608,8331689
2021-11-18 15:00:00,9333,4244945,2628.0,3780170,481.0,319081.0,9814,4564026,3109,4099251,12442,8344131
2021-11-19 15:00:00,9851,4254796,2929.0,3783099,382.0,319463.0,10233,4574259,3311,4102562,13162,8357293
2021-11-20 15:00:00,10667,4265463,1606.0,3784705,455.0,319918.0,11122,4585381,2061,4104623,12728,8370021
2021-11-21 15:00:00,4398,4269861,1208.0,3785913,100.0,320018.0,4498,4589879,1308,4105931,5706,8375727
2021-11-22 15:00:00,9853,4279714,2517.0,3788430,293.0,320311.0,10146,4600025,2810,4108741,12663,8388390
2021-11-23 15:00:00,9259,4288973,2409.0,3790839,318.0,320629.0,9577,4609602,2727,4111468,11986,8400376
2021-11-24 15:00:00,8194,4297167,2444.0,3793283,215.0,320844.0,8409,4618011,2659,4114127,10853,8411229
2021-11-25 15:00:00,235,4297402,81.0,3793364,10.0,320854.0,245,4618256,91,4114218,326,8411555
2021-11-26 15:00:00,5674,4303076,3985.0,3797349,153.0,321007.0,5827,4624083,4138,4118356,9812,8421367
2021-11-27 15:00:00,3780,4306856,5499.0,3802848,134.0,321141.0,3914,4627997,5633,4123989,9413,8430780
2021-11-28 15:00:00,2410,4309266,6412.0,3809260,77.0,321218.0,2487,4630484,6489,4130478,8899,8439679
2021-11-29 15:00:00,6394,4315660,9339.0,3818599,380.0,321598.0,6774,4637258,9719,4140197,16113,8455792
2021-11-30 15:00:00,6285,4321945,9374.0,3827973,264.0,321862.0,6549,4643807,9638,4149835,15923,8471715
2021-12-01 15:00:00,7364,4329309,9795.0,3837768,309.0,322171.0,7673,4651480,10104,4159939,17468,8489183
2021-12-02 15:00:00,6971,4336280,8871.0,3846639,463.0,322634.0,7434,4658914,9334,4169273,16305,8505488
2021-12-03 15:00:00,7656,4343936,9381.0,3856020,253.0,322887.0,7909,4666823,9634,4178907,17290,8522778
2021-12-04 15:00:00,5961,4349897,10169.0,3866189,468.0,323355.0,6429,4673252,10637,4189544,16598,8539376
2021-12-05 15:00:00,3447,4353344,3587.0,3869776,79.0,323434.0,3526,4676778,3666,4193210,7113,8546489
2021-12-06 15:00:00,6780,4360124,7124.0,3876900,289.0,323723.0,7069,4683847,7413,4200623,14193,8560682
2021-12-07 15:00:00,6466,4366590,7096.0,3883996,254.0,323977.0,6720,4690567,7350,4207973,13816,8574498
2021-12-08 15:00:00,6951,4373541,7450.0,3891446,316.0,324293.0,7267,4697834,7766,4215739,14717,8589215
2021-12-09 15:00:00,6556,4380097,7081.0,3898527,412.0,324705.0,6968,4704802,7493,4223232,14049,8603264
2021-12-10 15:00:00,7313,4387410,7371.0,3905898,260.0,324965.0,7573,4712375,7631,4230863,14944,8618208
2021-12-11 15:00:00,4467,4391877,7716.0,3913614,333.0,325298.0,4800,4717175,8049,4238912,12516,8630724
2021-12-12 15:00:00,4011,4395888,2817.0,3916431,60.0,325358.0,4071,4721246,2877,4241789,6888,8637612
2021-12-13 15:00:00,5797,4401685,5840.0,3922271,243.0,325601.0,6040,4727286,6083,4247872,11880,8649492
2021-12-14 15:00:00,6478,4408163,5971.0,3928242,223.0,325824.0,6701,4733987,6194,4254066,12672,8662164
2021-12-15 15:00:00,7204,4415367,5743.0,3933985,259.0,326083.0,7463,4741450,6002,4260068,13206,8675370
2021-12-16 15:00:00,7918,4423285,2841.0,3936826,423.0,326506.0,8341,4749791,3264,4263332,11182,8686552
2021-12-17 15:00:00,7882,4431167,4199.0,3941025,195.0,326701.0,8077,4757868,4394,4267726,12276,8698828
2021-12-18 15:00:00,5867,4437034,3211.0,3944236,298.0,326999.0,6165,4764033,3509,4271235,9376,8708204
2021-12-19 15:00:00,3392,4440426,1354.0,3945590,37.0,327036.0,3429,4767462,1391,4272626,4783,8712987
2021-12-20 15:00:00,8123,4448549,3776.0,3949366,174.0,327210.0,8297,4775759,3950,4276576,12073,8725060
2021-12-21 15:00:00,9095,4457644,4233.0,3953599,177.0,327387.0,9272,4785031,4410,4280986,13505,8738565
2021-12-22 15:00:00,8728,4466372,3921.0,3957520,184.0,327571.0,8912,4793943,4105,4285091,12833,8751398
2021-12-23 15:00:00,8464,4474836,3602.0,3961122,359.0,327930.0,8823,4802766,3961,4289052,12425,8763823
2021-12-24 15:00:00,1637,4476473,1017.0,3962139,39.0,327969.0,1676,4804442,1056,4290108,2693,8766516
2021-12-25 15:00:00,47,4476520,36.0,3962175,1.0,327970.0,48,4804490,37,4290145,84,8766600
2021-12-26 15:00:00,2519,4479039,1758.0,3963933,44.0,328014.0,2563,4807053,1802,4291947,4321,8770921
2021-12-27 15:00:00,7269,4486308,4062.0,3967995,297.0,328311.0,7566,4814619,4359,4296306,11628,8782549
2021-12-28 15:00:00,7978,4494286,3891.0,3971886,179.0,328490.0,8157,4822776,4070,4300376,12048,8794597
2021-12-29 15:00:00,8276,4502562,4042.0,3975928,157.0,328647.0,8433,4831209,4199,4304575,12475,8807072
2021-12-30 15:00:00,7515,4510077,3818.0,3979746,291.0,328938.0,7806,4839015,4109,4308684,11624,8818696
2021-12-31 15:00:00,2589,4512666,1545.0,3981291,90.0,329028.0,2679,4841694,1635,4310319,4224,8822920
2022-01-01 15:00:00,743,4513409,354.0,3981645,34.0,329062.0,777,4842471,388,4310707,1131,8824051
2022-01-02 15:00:00,2220,4515629,1655.0,3983300,48.0,329110.0,2268,4844739,1703,4312410,3923,8827974
2022-01-03 15:00:00,3394,4519023,2093.0,3985393,224.0,329334.0,3618,4848357,2317,4314727,5711,8833685
2022-01-04 15:00:00,5877,4524900,3542.0,3988935,165.0,329499.0,6042,4854399,3707,4318434,9584,8843269
2022-01-05 15:00:00,6853,4531753,4720.0,3993655,176.0,329675.0,7029,4861428,4896,4323330,11749,8855018
2022-01-06 15:00:00,6836,4538589,4882.0,3998537,265.0,329940.0,7101,4868529,5147,4328477,11983,8867001
2022-01-07 15:00:00,6049,4544638,3865.0,4002402,162.0,330102.0,6211,4874740,4027,4332504,10076,8877077
2022-01-08 15:00:00,4821,4549459,3941.0,4006343,78.0,330180.0,4899,4879639,4019,4336523,8840,8885917
2022-01-09 15:00:00,2768,4552227,2028.0,4008371,154.0,330334.0,2922,4882561,2182,4338705,4950,8890867
2022-01-10 15:00:00,6369,4558596,3882.0,4012253,161.0,330495.0,6530,4889091,4043,4342748,10412,8901279
2022-01-11 15:00:00,6557,4565153,4314.0,4016567,143.0,330638.0,6700,4895791,4457,4347205,11014,8912293
2022-01-12 15:00:00,6844,4571997,4473.0,4021040,224.0,330862.0,7068,4902859,4697,4351902,11541,8923834
2022-01-13 15:00:00,6708,4578705,4417.0,4025457,153.0,331015.0,6861,4909720,4570,4356472,11278,8935112
2022-01-14 15:00:00,7276,4585981,3316.0,4028773,253.0,331268.0,7529,4917249,3569,4360041,10845,8945957
2022-01-15 15:00:00,4299,4590280,1701.0,4030474,71.0,331339.0,4370,4921619,1772,4361813,6071,8952028
2022-01-16 15:00:00,2224,4592504,1325.0,4031799,116.0,331455.0,2340,4923959,1441,4363254,3665,8955693
2022-01-17 15:00:00,3632,4596136,2392.0,4034191,75.0,331530.0,3707,4927666,2467,4365721,6099,8961792
2022-01-18 15:00:00,5304,4601440,4239.0,4038430,103.0,331633.0,5407,4933073,4342,4370063,9646,8971438
2022-01-19 15:00:00,5308,4606748,4509.0,4042939,99.0,331732.0,5407,4938480,4608,4374671,9916,8981354
2022-01-20 15:00:00,4544,4611292,3649.0,4046588,176.0,331908.0,4720,4943200,3825,4378496,8369,8989723
2022-01-21 15:00:00,5614,4616906,2956.0,4049544,126.0,332034.0,5740,4948940,3082,4381578,8696,8998419
2022-01-22 15:00:00,3482,4620388,1729.0,4051273,134.0,332168.0,3616,4952556,1863,4383441,5345,9003764
2022-01-23 15:00:00,2051,4622439,1502.0,4052775,30.0,332198.0,2081,4954637,1532,4384973,3583,9007347
2022-01-24 15:00:00,4142,4626581,2783.0,4055558,90.0,332288.0,4232,4958869,2873,4387846,7015,9014362
2022-01-25 15:00:00,3854,4630435,3336.0,4058894,95.0,332383.0,3949,4962818,3431,4391277,7285,9021647
2022-01-26 15:00:00,3895,4634330,3727.0,4062621,95.0,332478.0,3990,4966808,3822,4395099,7717,9029364
2022-01-27 15:00:00,3768,4638098,3965.0,4066586,188.0,332666.0,3956,4970764,4153,4399252,7921,9037285
2022-01-28 15:00:00,3867,4641965,3300.0,4069886,76.0,332742.0,3943,4974707,3376,4402628,7243,9044528
2022-01-29 15:00:00,2313,4644278,2304.0,4072190,117.0,332859.0,2430,4977137,2421,4405049,4734,9049262
2022-01-30 15:00:00,1566,4645844,1647.0,4073837,16.0,332875.0,1582,4978719,1663,4406712,3229,9052491
2022-01-31 15:00:00,3013,4648857,3248.0,4077085,58.0,332933.0,3071,4981790,3306,4410018,6319,9058810
2022-02-01 15:00:00,2661,4651518,3419.0,4080504,75.0,333008.0,2736,4984526,3494,4413512,6155,9064965
2022-02-02 15:00:00,2838,4654356,3737.0,4084241,78.0,333086.0,2916,4987442,3815,4417327,6653,9071618
2022-02-03 15:00:00,2769,4657125,3686.0,4087927,42.0,333128.0,2811,4990253,3728,4421055,6497,9078115
2022-02-04 15:00:00,2794,4659919,4413.0,4092340,128.0,333256.0,2922,4993175,4541,4425596,7335,9085450
2022-02-05 15:00:00,1926,4661845,2914.0,4095254,112.0,333368.0,2038,4995213,3026,4428622,4952,9090402
2022-02-06 15:00:00,1077,4662922,1361.0,4096615,24.0,333392.0,1101,4996314,1385,4430007,2462,9092864
2022-02-07 15:00:00,2083,4665005,2715.0,4099330,51.0,333443.0,2134,4998448,2766,4432773,4849,9097713
2022-02-08 15:00:00,2101,4667106,3114.0,4102444,63.0,333506.0,2164,5000612,3177,4435950,5278,9102991
2022-02-09 15:00:00,2213,4669319,3327.0,4105771,76.0,333582.0,2289,5002901,3403,4439353,5616,9108607
2022-02-10 15:00:00,2108,4671427,2892.0,4108663,55.0,333637.0,2163,5005064,2947,4442300,5055,9113662
2022-02-11 15:00:00,2523,4673950,3536.0,4112199,123.0,333760.0,2646,5007710,3659,4445959,6182,9119844
2022-02-12 15:00:00,1684,4675634,2325.0,4114524,97.0,333857.0,1781,5009491,2422,4448381,4106,9123950
2022-02-13 15:00:00,739,4676373,1087.0,4115611,17.0,333874.0,756,5010247,1104,4449485,1843,9125793
2022-02-14 15:00:00,1466,4677839,2250.0,4117861,65.0,333939.0,1531,5011778,2315,4451800,3781,9129574
2022-02-15 15:00:00,1955,4679794,2482.0,4120343,47.0,333986.0,2002,5013780,2529,4454329,4484,9134058
2022-02-16 15:00:00,1698,4681492,2462.0,4122805,52.0,334038.0,1750,5015530,2514,4456843,4212,9138270
2022-02-17 15:00:00,16884,4698376,13055.0,4135860,485.0,334523.0,17369,5032899,13540,4470383,30424,9168694
2022-02-18 15:00:00,2018,4700394,2622.0,4138482,49.0,334572.0,2067,5034966,2671,4473054,4689,9173383
2022-02-19 15:00:00,1243,4701637,1720.0,4140202,39.0,334611.0,1282,5036248,1759,4474813,3002,9176385
2022-02-20 15:00:00,721,4702358,855.0,4141057,15.0,334626.0,736,5036984,870,4475683,1591,9177976
2022-02-21 15:00:00,1319,4703677,1797.0,4142854,32.0,334658.0,1351,5038335,1829,4477512,3148,9181124
2022-02-22 15:00:00,1476,4705153,1944.0,4144798,37.0,334695.0,1513,5039848,1981,4479493,3457,9184581
2022-02-23 15:00:00,1597,4706750,1939.0,4146737,36.0,334731.0,1633,5041481,1975,4481468,3572,9188153
2022-02-24 15:00:00,1524,4708274,1705.0,4148442,39.0,334770.0,1563,5043044,1744,4483212,3268,9191421
2022-02-25 15:00:00,1707,4709981,1883.0,4150325,72.0,334842.0,1779,5044823,1955,4485167,3662,9195083
2022-02-26 15:00:00,1212,4711193,1247.0,4151572,44.0,334886.0,1256,5046079,1291,4486458,2503,9197586
2022-02-27 15:00:00,586,4711779,534.0,4152106,14.0,334900.0,600,5046679,548,4487006,1134,9198720
2022-02-28 15:00:00,1298,4713077,1345.0,4153451,35.0,334935.0,1333,5048012,1380,4488386,2678,9201398
2022-03-01 15:00:00,1359,4714436,1350.0,4154801,28.0,334963.0,1387,5049399,1378,4489764,2737,9204135
2022-03-02 15:00:00,1150,4715586,1305.0,4156106,64.0,335027.0,1214,5050613,1369,4491133,2519,9206654
2022-03-03 15:00:00,722,4716308,757.0,4156863,22.0,335049.0,744,5051357,779,4491912,1501,9208155
