VACCINATION_DATE,FirstDailyDose,FirstDoseCumulative,SecondDailyDose,SecondDoseCumulative,SingleDailyDose,SingleDoseCumulative,AtleastOneVaccine,AtleastOneVaccineCumulative,CompletedVax,CompletedVaxCumulative,FirstSecondSingleVaccinations,FirstSecondSingleVaccinationsCumulative
2020-12-14 15:00:00,19,1367,,520,,,19,1367,0,520,19,1783
2020-12-15 15:00:00,61,1428,3.0,523,,,61,1428,3,523,64,1847
2020-12-16 15:00:00,590,2018,5.0,528,,,590,2018,5,528,595,2442
2020-12-17 15:00:00,1158,3176,6.0,534,,,1158,3176,6,534,1164,3606
2020-12-18 15:00:00,3016,6192,13.0,547,,,3016,6192,13,547,3029,6635
2020-12-19 15:00:00,931,7123,5.0,552,,,931,7123,5,552,936,7571
2020-12-20 15:00:00,363,7486,6.0,558,,,363,7486,6,558,369,7940
2020-12-21 15:00:00,3885,11371,26.0,584,,,3885,11371,26,584,3911,11851
2020-12-22 15:00:00,6321,17692,26.0,610,,,6321,17692,26,610,6347,18198
2020-12-23 15:00:00,5777,23469,36.0,646,,,5777,23469,36,646,5813,24011
2020-12-24 15:00:00,2724,26193,16.0,662,,,2724,26193,16,662,2740,26751
2020-12-25 15:00:00,1034,27227,4.0,666,,,1034,27227,4,666,1038,27789
2020-12-26 15:00:00,1882,29109,9.0,675,,,1882,29109,9,675,1891,29680
2020-12-27 15:00:00,1802,30911,12.0,687,,,1802,30911,12,687,1814,31494
2020-12-28 15:00:00,8982,39893,48.0,735,,,8982,39893,48,735,9030,40524
2020-12-29 15:00:00,10964,50857,52.0,787,,,10964,50857,52,787,11016,51540
2020-12-30 15:00:00,12492,63349,88.0,875,,,12492,63349,88,875,12580,64120
2020-12-31 15:00:00,7552,70901,46.0,921,,,7552,70901,46,921,7598,71718
2021-01-01 15:00:00,3247,74148,137.0,1058,,,3247,74148,137,1058,3384,75102
2021-01-02 15:00:00,3039,77187,34.0,1092,,,3039,77187,34,1092,3073,78175
2021-01-03 15:00:00,3406,80593,81.0,1173,,,3406,80593,81,1173,3487,81662
2021-01-04 15:00:00,13355,93948,331.0,1504,,,13355,93948,331,1504,13686,95348
2021-01-05 15:00:00,12482,106430,547.0,2051,,,12482,106430,547,2051,13029,108377
2021-01-06 15:00:00,15260,121690,863.0,2914,,,15260,121690,863,2914,16123,124500
2021-01-07 15:00:00,15030,136720,1770.0,4684,,,15030,136720,1770,4684,16800,141300
2021-01-08 15:00:00,24008,160728,2779.0,7463,,,24008,160728,2779,7463,26787,168087
2021-01-09 15:00:00,5172,165900,953.0,8416,,,5172,165900,953,8416,6125,174212
2021-01-10 15:00:00,2967,168867,384.0,8800,,,2967,168867,384,8800,3351,177563
2021-01-11 15:00:00,13719,182586,3469.0,12269,,,13719,182586,3469,12269,17188,194751
2021-01-12 15:00:00,17384,199970,5590.0,17859,,,17384,199970,5590,17859,22974,217725
2021-01-13 15:00:00,18619,218589,3916.0,21775,,,18619,218589,3916,21775,22535,240260
2021-01-14 15:00:00,17843,236432,1962.0,23737,,,17843,236432,1962,23737,19805,260065
2021-01-15 15:00:00,19474,255906,2028.0,25765,,,19474,255906,2028,25765,21502,281567
2021-01-16 15:00:00,5829,261735,1616.0,27381,,,5829,261735,1616,27381,7445,289012
2021-01-17 15:00:00,2121,263856,1479.0,28860,,,2121,263856,1479,28860,3600,292612
2021-01-18 15:00:00,7074,270930,3256.0,32116,,,7074,270930,3256,32116,10330,302942
2021-01-19 15:00:00,16949,287879,5403.0,37519,,,16949,287879,5403,37519,22352,325294
2021-01-20 15:00:00,21000,308879,5318.0,42837,,,21000,308879,5318,42837,26318,351612
2021-01-21 15:00:00,23805,332684,3836.0,46673,,,23805,332684,3836,46673,27641,379253
2021-01-22 15:00:00,28654,361338,3751.0,50424,,,28654,361338,3751,50424,32405,411658
2021-01-23 15:00:00,10114,371452,1942.0,52366,,,10114,371452,1942,52366,12056,423714
2021-01-24 15:00:00,3352,374804,1723.0,54089,,,3352,374804,1723,54089,5075,428789
2021-01-25 15:00:00,16304,391108,8600.0,62689,,,16304,391108,8600,62689,24904,453693
2021-01-26 15:00:00,17557,408665,8972.0,71661,,,17557,408665,8972,71661,26529,480222
2021-01-27 15:00:00,24435,433100,12546.0,84207,,,24435,433100,12546,84207,36981,517203
2021-01-28 15:00:00,22652,455752,9328.0,93535,,,22652,455752,9328,93535,31980,549183
2021-01-29 15:00:00,24777,480529,7925.0,101460,,,24777,480529,7925,101460,32702,581885
2021-01-30 15:00:00,17779,498308,2557.0,104017,,,17779,498308,2557,104017,20336,602221
2021-01-31 15:00:00,3761,502069,1364.0,105381,,,3761,502069,1364,105381,5125,607346
2021-02-01 15:00:00,8095,510164,5368.0,110749,,,8095,510164,5368,110749,13463,620809
2021-02-02 15:00:00,12497,522661,13823.0,124572,,,12497,522661,13823,124572,26320,647129
2021-02-03 15:00:00,18249,540910,18133.0,142705,,,18249,540910,18133,142705,36382,683511
2021-02-04 15:00:00,22125,563035,15786.0,158491,,,22125,563035,15786,158491,37911,721422
2021-02-05 15:00:00,20345,583380,17414.0,175905,,,20345,583380,17414,175905,37759,759181
2021-02-06 15:00:00,11330,594710,14473.0,190378,,,11330,594710,14473,190378,25803,784984
2021-02-07 15:00:00,5950,600660,1835.0,192213,,,5950,600660,1835,192213,7785,792769
2021-02-08 15:00:00,12979,613639,12920.0,205133,,,12979,613639,12920,205133,25899,818668
2021-02-09 15:00:00,16647,630286,13869.0,219002,,,16647,630286,13869,219002,30516,849184
2021-02-10 15:00:00,19291,649577,21229.0,240231,,,19291,649577,21229,240231,40520,889704
2021-02-11 15:00:00,22847,672424,17339.0,257570,,,22847,672424,17339,257570,40186,929890
2021-02-12 15:00:00,20389,692813,19632.0,277202,,,20389,692813,19632,277202,40021,969911
2021-02-13 15:00:00,11437,704250,6418.0,283620,,,11437,704250,6418,283620,17855,987766
2021-02-14 15:00:00,7110,711360,2128.0,285748,,,7110,711360,2128,285748,9238,997004
2021-02-15 15:00:00,11763,723123,13327.0,299075,,,11763,723123,13327,299075,25090,1022094
2021-02-16 15:00:00,16606,739729,21017.0,320092,,,16606,739729,21017,320092,37623,1059717
2021-02-17 15:00:00,20655,760384,26374.0,346466,,,20655,760384,26374,346466,47029,1106746
2021-02-18 15:00:00,3198,763582,4619.0,351085,,,3198,763582,4619,351085,7817,1114563
2021-02-19 15:00:00,10252,773834,19923.0,371008,,,10252,773834,19923,371008,30175,1144738
2021-02-20 15:00:00,10308,784142,20287.0,391295,,,10308,784142,20287,391295,30595,1175333
2021-02-21 15:00:00,6180,790322,7647.0,398942,,,6180,790322,7647,398942,13827,1189160
2021-02-22 15:00:00,8034,798356,15471.0,414413,,,8034,798356,15471,414413,23505,1212665
2021-02-23 15:00:00,15529,813885,15984.0,430397,,,15529,813885,15984,430397,31513,1244178
2021-02-24 15:00:00,17947,831832,24740.0,455137,,,17947,831832,24740,455137,42687,1286865
2021-02-25 15:00:00,20391,852223,26558.0,481695,,,20391,852223,26558,481695,46949,1333814
2021-02-26 15:00:00,26715,878938,26219.0,507914,,,26715,878938,26219,507914,52934,1386748
2021-02-27 15:00:00,16004,894942,11161.0,519075,,,16004,894942,11161,519075,27165,1413913
2021-02-28 15:00:00,15496,910438,4883.0,523958,,,15496,910438,4883,523958,20379,1434292
2021-03-01 15:00:00,26976,937414,12616.0,536574,,,26976,937414,12616,536574,39592,1473884
2021-03-02 15:00:00,23917,961331,13276.0,549850,34.0,34.0,23951,961365,13310,549884,37227,1511111
2021-03-03 15:00:00,30190,991521,18389.0,568239,188.0,222.0,30378,991743,18577,568461,48767,1559878
2021-03-04 15:00:00,30958,1022479,18197.0,586436,4068.0,4290.0,35026,1026769,22265,590726,53223,1613101
2021-03-05 15:00:00,30023,1052502,19716.0,606152,4909.0,9199.0,34932,1061701,24625,615351,54648,1667749
2021-03-06 15:00:00,18912,1071414,9508.0,615660,6011.0,15210.0,24923,1086624,15519,630870,34431,1702180
2021-03-07 15:00:00,12121,1083535,4862.0,620522,6612.0,21822.0,18733,1105357,11474,642344,23595,1725775
2021-03-08 15:00:00,25879,1109414,8841.0,629363,8272.0,30094.0,34151,1139508,17113,659457,42992,1768767
2021-03-09 15:00:00,26119,1135533,15469.0,644832,8346.0,38440.0,34465,1173973,23815,683272,49934,1818701
2021-03-10 15:00:00,29853,1165386,15998.0,660830,7940.0,46380.0,37793,1211766,23938,707210,53791,1872492
2021-03-11 15:00:00,35989,1201375,16401.0,677231,3980.0,50360.0,39969,1251735,20381,727591,56370,1928862
2021-03-12 15:00:00,36917,1238292,18083.0,695314,2924.0,53284.0,39841,1291576,21007,748598,57924,1986786
2021-03-13 15:00:00,22668,1260960,10280.0,705594,1628.0,54912.0,24296,1315872,11908,760506,34576,2021362
2021-03-14 15:00:00,17832,1278792,6721.0,712315,1005.0,55917.0,18837,1334709,7726,768232,25558,2046920
2021-03-15 15:00:00,29825,1308617,11304.0,723619,597.0,56514.0,30422,1365131,11901,780133,41726,2088646
2021-03-16 15:00:00,33413,1342030,13574.0,737193,769.0,57283.0,34182,1399313,14343,794476,47756,2136402
2021-03-17 15:00:00,37572,1379602,17050.0,754243,1181.0,58464.0,38753,1438066,18231,812707,55803,2192205
2021-03-18 15:00:00,41444,1421046,12646.0,766889,1348.0,59812.0,42792,1480858,13994,826701,55438,2247643
2021-03-19 15:00:00,38329,1459375,15420.0,782309,1042.0,60854.0,39371,1520229,16462,843163,54791,2302434
2021-03-20 15:00:00,24703,1484078,10158.0,792467,703.0,61557.0,25406,1545635,10861,854024,35564,2337998
2021-03-21 15:00:00,19178,1503256,7880.0,800347,336.0,61893.0,19514,1565149,8216,862240,27394,2365392
2021-03-22 15:00:00,32590,1535846,11478.0,811825,835.0,62728.0,33425,1598574,12313,874553,44903,2410295
2021-03-23 15:00:00,38419,1574265,17802.0,829627,1554.0,64282.0,39973,1638547,19356,893909,57775,2468070
2021-03-24 15:00:00,41086,1615351,21212.0,850839,1387.0,65669.0,42473,1681020,22599,916508,63685,2531755
2021-03-25 15:00:00,42886,1658237,21690.0,872529,2458.0,68127.0,45344,1726364,24148,940656,67034,2598789
2021-03-26 15:00:00,36360,1694597,26674.0,899203,2496.0,70623.0,38856,1765220,29170,969826,65530,2664319
2021-03-27 15:00:00,26475,1721072,17277.0,916480,2491.0,73114.0,28966,1794186,19768,989594,46243,2710562
2021-03-28 15:00:00,17008,1738080,12639.0,929119,1615.0,74729.0,18623,1812809,14254,1003848,31262,2741824
2021-03-29 15:00:00,29719,1767799,26282.0,955401,1140.0,75869.0,30859,1843668,27422,1031270,57141,2798965
2021-03-30 15:00:00,40057,1807856,28987.0,984388,1863.0,77732.0,41920,1885588,30850,1062120,70907,2869872
2021-03-31 15:00:00,41032,1848888,34689.0,1019077,5748.0,83480.0,46780,1932368,40437,1102557,81469,2951341
2021-04-01 15:00:00,42329,1891217,41006.0,1060083,5740.0,89220.0,48069,1980437,46746,1149303,89075,3040416
2021-04-02 15:00:00,34923,1926140,32671.0,1092754,6124.0,95344.0,41047,2021484,38795,1188098,73718,3114134
2021-04-03 15:00:00,21147,1947287,19183.0,1111937,4388.0,99732.0,25535,2047019,23571,1211669,44718,3158852
2021-04-04 15:00:00,8278,1955565,10184.0,1122121,967.0,100699.0,9245,2056264,11151,1222820,19429,3178281
2021-04-05 15:00:00,27946,1983511,28905.0,1151026,6657.0,107356.0,34603,2090867,35562,1258382,63508,3241789
2021-04-06 15:00:00,39766,2023277,30438.0,1181464,10492.0,117848.0,50258,2141125,40930,1299312,80696,3322485
2021-04-07 15:00:00,36086,2059363,34277.0,1215741,12987.0,130835.0,49073,2190198,47264,1346576,83350,3405835
2021-04-08 15:00:00,42332,2101695,36097.0,1251838,13866.0,144701.0,56198,2246396,49963,1396539,92295,3498130
2021-04-09 15:00:00,34055,2135750,36311.0,1288149,14523.0,159224.0,48578,2294974,50834,1447373,84889,3583019
2021-04-10 15:00:00,23466,2159216,23128.0,1311277,7641.0,166865.0,31107,2326081,30769,1478142,54235,3637254
2021-04-11 15:00:00,17564,2176780,13280.0,1324557,10119.0,176984.0,27683,2353764,23399,1501541,40963,3678217
2021-04-12 15:00:00,24605,2201385,33151.0,1357708,10897.0,187881.0,35502,2389266,44048,1545589,68653,3746870
2021-04-13 15:00:00,126191,2327576,91230.0,1448938,3292.0,191173.0,129483,2518749,94522,1640111,220713,3967583
2021-04-14 15:00:00,40710,2368286,37820.0,1486758,212.0,191385.0,40922,2559671,38032,1678143,78742,4046325
2021-04-15 15:00:00,41413,2409699,39541.0,1526299,174.0,191559.0,41587,2601258,39715,1717858,81128,4127453
2021-04-16 15:00:00,37143,2446842,38852.0,1565151,24.0,191583.0,37167,2638425,38876,1756734,76019,4203472
2021-04-17 15:00:00,32800,2479642,22024.0,1587175,12.0,191595.0,32812,2671237,22036,1778770,54836,4258308
2021-04-18 15:00:00,20069,2499711,16194.0,1603369,5.0,191600.0,20074,2691311,16199,1794969,36268,4294576
2021-04-19 15:00:00,29891,2529602,36545.0,1639914,61.0,191661.0,29952,2721263,36606,1831575,66497,4361073
2021-04-20 15:00:00,32934,2562536,44440.0,1684354,57.0,191718.0,32991,2754254,44497,1876072,77431,4438504
2021-04-21 15:00:00,39827,2602363,47041.0,1731395,26.0,191744.0,39853,2794107,47067,1923139,86894,4525398
2021-04-22 15:00:00,35857,2638220,42641.0,1774036,16.0,191760.0,35873,2829980,42657,1965796,78514,4603912
2021-04-23 15:00:00,33145,2671365,40135.0,1814171,14.0,191774.0,33159,2863139,40149,2005945,73294,4677206
2021-04-24 15:00:00,26412,2697777,27898.0,1842069,81.0,191855.0,26493,2889632,27979,2033924,54391,4731597
2021-04-25 15:00:00,20234,2718011,10964.0,1853033,31.0,191886.0,20265,2909897,10995,2044919,31229,4762826
2021-04-26 15:00:00,27412,2745423,32710.0,1885743,202.0,192088.0,27614,2937511,32912,2077831,60324,4823150
2021-04-27 15:00:00,26691,2772114,33063.0,1918806,1097.0,193185.0,27788,2965299,34160,2111991,60851,4884001
2021-04-28 15:00:00,28931,2801045,39532.0,1958338,1362.0,194547.0,30293,2995592,40894,2152885,69825,4953826
2021-04-29 15:00:00,27069,2828114,39738.0,1998076,1464.0,196011.0,28533,3024125,41202,2194087,68271,5022097
2021-04-30 15:00:00,28207,2856321,32263.0,2030339,1647.0,197658.0,29854,3053979,33910,2227997,62117,5084214
2021-05-01 15:00:00,20687,2877008,26673.0,2057012,1047.0,198705.0,21734,3075713,27720,2255717,48407,5132621
2021-05-02 15:00:00,10285,2887293,17039.0,2074051,822.0,199527.0,11107,3086820,17861,2273578,28146,5160767
2021-05-03 15:00:00,12756,2900049,28574.0,2102625,1915.0,201442.0,14671,3101491,30489,2304067,43245,5204012
2021-05-04 15:00:00,13570,2913619,38606.0,2141231,1737.0,203179.0,15307,3116798,40343,2344410,53913,5257925
2021-05-05 15:00:00,19324,2932943,37746.0,2178977,1921.0,205100.0,21245,3138043,39667,2384077,58991,5316916
2021-05-06 15:00:00,16920,2949863,40593.0,2219570,1721.0,206821.0,18641,3156684,42314,2426391,59234,5376150
2021-05-07 15:00:00,17586,2967449,36998.0,2256568,1959.0,208780.0,19545,3176229,38957,2465348,56543,5432693
2021-05-08 15:00:00,10792,2978241,31218.0,2287786,1290.0,210070.0,12082,3188311,32508,2497856,43300,5475993
2021-05-09 15:00:00,5082,2983323,12238.0,2300024,695.0,210765.0,5777,3194088,12933,2510789,18015,5494008
2021-05-10 15:00:00,8953,2992276,31048.0,2331072,1362.0,212127.0,10315,3204403,32410,2543199,41363,5535371
2021-05-11 15:00:00,12187,3004463,30280.0,2361352,1441.0,213568.0,13628,3218031,31721,2574920,43908,5579279
2021-05-12 15:00:00,13947,3018410,38613.0,2399965,1919.0,215487.0,15866,3233897,40532,2615452,54479,5633758
2021-05-13 15:00:00,21836,3040246,33505.0,2433470,1346.0,216833.0,23182,3257079,34851,2650303,56687,5690445
2021-05-14 15:00:00,24388,3064634,30043.0,2463513,1774.0,218607.0,26162,3283241,31817,2682120,56205,5746650
2021-05-15 15:00:00,21933,3086567,25103.0,2488616,1490.0,220097.0,23423,3306664,26593,2708713,48526,5795176
2021-05-16 15:00:00,9089,3095656,17584.0,2506200,1113.0,221210.0,10202,3316866,18697,2727410,27786,5822962
2021-05-17 15:00:00,16837,3112493,28398.0,2534598,1949.0,223159.0,18786,3335652,30347,2757757,47184,5870146
2021-05-18 15:00:00,21266,3133759,30687.0,2565285,1942.0,225101.0,23208,3358860,32629,2790386,53895,5924041
2021-05-19 15:00:00,27660,3161419,32430.0,2597715,1631.0,226732.0,29291,3388151,34061,2824447,61721,5985762
2021-05-20 15:00:00,20809,3182228,33262.0,2630977,1965.0,228697.0,22774,3410925,35227,2859674,56036,6041798
2021-05-21 15:00:00,19160,3201388,30346.0,2661323,1607.0,230304.0,20767,3431692,31953,2891627,51113,6092911
2021-05-22 15:00:00,16933,3218321,20683.0,2682006,1271.0,231575.0,18204,3449896,21954,2913581,38887,6131798
2021-05-23 15:00:00,8787,3227108,11438.0,2693444,964.0,232539.0,9751,3459647,12402,2925983,21189,6152987
2021-05-24 15:00:00,13564,3240672,17768.0,2711212,1473.0,234012.0,15037,3474684,19241,2945224,32805,6185792
2021-05-25 15:00:00,13068,3253740,18715.0,2729927,1329.0,235341.0,14397,3489081,20044,2965268,33112,6218904
2021-05-26 15:00:00,18312,3272052,19490.0,2749417,1512.0,236853.0,19824,3508905,21002,2986270,39314,6258218
2021-05-27 15:00:00,11686,3283738,18655.0,2768072,1116.0,237969.0,12802,3521707,19771,3006041,31457,6289675
2021-05-28 15:00:00,12414,3296152,19837.0,2787909,1401.0,239370.0,13815,3535522,21238,3027279,33652,6323327
2021-05-29 15:00:00,9517,3305669,11712.0,2799621,937.0,240307.0,10454,3545976,12649,3039928,22166,6345493
2021-05-30 15:00:00,4968,3310637,6427.0,2806048,596.0,240903.0,5564,3551540,7023,3046951,11991,6357484
2021-05-31 15:00:00,1778,3312415,3712.0,2809760,305.0,241208.0,2083,3553623,4017,3050968,5795,6363279
2021-06-01 15:00:00,9844,3322259,16424.0,2826184,1159.0,242367.0,11003,3564626,17583,3068551,27427,6390706
2021-06-02 15:00:00,10231,3332490,16814.0,2842998,959.0,243326.0,11190,3575816,17773,3086324,28004,6418710
2021-06-03 15:00:00,7901,3340391,21187.0,2864185,1087.0,244413.0,8988,3584804,22274,3108598,30175,6448885
2021-06-04 15:00:00,8196,3348587,22352.0,2886537,1120.0,245533.0,9316,3594120,23472,3132070,31668,6480553
2021-06-05 15:00:00,6999,3355586,19471.0,2906008,720.0,246253.0,7719,3601839,20191,3152261,27190,6507743
2021-06-06 15:00:00,3456,3359042,7248.0,2913256,423.0,246676.0,3879,3605718,7671,3159932,11127,6518870
2021-06-07 15:00:00,6856,3365898,15782.0,2929038,726.0,247402.0,7582,3613300,16508,3176440,23364,6542234
2021-06-08 15:00:00,6672,3372570,19732.0,2948770,830.0,248232.0,7502,3620802,20562,3197002,27234,6569468
2021-06-09 15:00:00,8199,3380769,23981.0,2972751,970.0,249202.0,9169,3629971,24951,3221953,33150,6602618
2021-06-10 15:00:00,7149,3387918,19136.0,2991887,895.0,250097.0,8044,3638015,20031,3241984,27180,6629798
2021-06-11 15:00:00,7485,3395403,17722.0,3009609,1125.0,251222.0,8610,3646625,18847,3260831,26332,6656130
2021-06-12 15:00:00,5236,3400639,14763.0,3024372,605.0,251827.0,5841,3652466,15368,3276199,20604,6676734
2021-06-13 15:00:00,1929,3402568,7603.0,3031975,427.0,252254.0,2356,3654822,8030,3284229,9959,6686693
2021-06-14 15:00:00,5659,3408227,11809.0,3043784,733.0,252987.0,6392,3661214,12542,3296771,18201,6704894
2021-06-15 15:00:00,5639,3413866,14336.0,3058120,873.0,253860.0,6512,3667726,15209,3311980,20848,6725742
2021-06-16 15:00:00,8756,3422622,21585.0,3079705,757.0,254617.0,9513,3677239,22342,3334322,31098,6756840
2021-06-17 15:00:00,6685,3429307,12363.0,3092068,720.0,255337.0,7405,3684644,13083,3347405,19768,6776608
2021-06-18 15:00:00,6834,3436141,12732.0,3104800,703.0,256040.0,7537,3692181,13435,3360840,20269,6796877
2021-06-19 15:00:00,4660,3440801,9374.0,3114174,615.0,256655.0,5275,3697456,9989,3370829,14649,6811526
2021-06-20 15:00:00,2505,3443306,5052.0,3119226,377.0,257032.0,2882,3700338,5429,3376258,7934,6819460
2021-06-21 15:00:00,5562,3448868,5331.0,3124557,635.0,257667.0,6197,3706535,5966,3382224,11528,6830988
2021-06-22 15:00:00,5344,3454212,9049.0,3133606,693.0,258360.0,6037,3712572,9742,3391966,15086,6846074
2021-06-23 15:00:00,6067,3460279,10323.0,3143929,646.0,259006.0,6713,3719285,10969,3402935,17036,6863110
2021-06-24 15:00:00,5934,3466213,8196.0,3152125,595.0,259601.0,6529,3725814,8791,3411726,14725,6877835
2021-06-25 15:00:00,5818,3472031,8656.0,3160781,620.0,260221.0,6438,3732252,9276,3421002,15094,6892929
2021-06-26 15:00:00,3700,3475731,6303.0,3167084,398.0,260619.0,4098,3736350,6701,3427703,10401,6903330
2021-06-27 15:00:00,2808,3478539,3520.0,3170604,185.0,260804.0,2993,3739343,3705,3431408,6513,6909843
2021-06-28 15:00:00,4917,3483456,6383.0,3176987,539.0,261343.0,5456,3744799,6922,3438330,11839,6921682
2021-06-29 15:00:00,5062,3488518,6471.0,3183458,519.0,261862.0,5581,3750380,6990,3445320,12052,6933734
2021-06-30 15:00:00,5613,3494131,7383.0,3190841,605.0,262467.0,6218,3756598,7988,3453308,13601,6947335
2021-07-01 15:00:00,5397,3499528,6983.0,3197824,499.0,262966.0,5896,3762494,7482,3460790,12879,6960214
2021-07-02 15:00:00,5290,3504818,6836.0,3204660,524.0,263490.0,5814,3768308,7360,3468150,12650,6972864
2021-07-03 15:00:00,3269,3508087,4064.0,3208724,264.0,263754.0,3533,3771841,4328,3472478,7597,6980461
2021-07-04 15:00:00,494,3508581,545.0,3209269,67.0,263821.0,561,3772402,612,3473090,1106,6981567
2021-07-05 15:00:00,3763,3512344,3952.0,3213221,287.0,264108.0,4050,3776452,4239,3477329,8002,6989569
2021-07-06 15:00:00,4490,3516834,6266.0,3219487,452.0,264560.0,4942,3781394,6718,3484047,11208,7000777
2021-07-07 15:00:00,4467,3521301,6409.0,3225896,482.0,265042.0,4949,3786343,6891,3490938,11358,7012135
2021-07-08 15:00:00,4834,3526135,6166.0,3232062,564.0,265606.0,5398,3791741,6730,3497668,11564,7023699
2021-07-09 15:00:00,5362,3531497,6660.0,3238722,573.0,266179.0,5935,3797676,7233,3504901,12595,7036294
2021-07-10 15:00:00,3519,3535016,4401.0,3243123,303.0,266482.0,3822,3801498,4704,3509605,8223,7044517
2021-07-11 15:00:00,2676,3537692,2565.0,3245688,225.0,266707.0,2901,3804399,2790,3512395,5466,7049983
2021-07-12 15:00:00,4417,3542109,5118.0,3250806,379.0,267086.0,4796,3809195,5497,3517892,9914,7059897
2021-07-13 15:00:00,4657,3546766,4720.0,3255526,366.0,267452.0,5023,3814218,5086,3522978,9743,7069640
2021-07-14 15:00:00,4616,3551382,5278.0,3260804,421.0,267873.0,5037,3819255,5699,3528677,10315,7079955
2021-07-15 15:00:00,4900,3556282,5015.0,3265819,359.0,268232.0,5259,3824514,5374,3534051,10274,7090229
2021-07-16 15:00:00,6275,3562557,5835.0,3271654,405.0,268637.0,6680,3831194,6240,3540291,12515,7102744
2021-07-17 15:00:00,3416,3565973,3549.0,3275203,302.0,268939.0,3718,3834912,3851,3544142,7267,7110011
2021-07-18 15:00:00,2310,3568283,2375.0,3277578,110.0,269049.0,2420,3837332,2485,3546627,4795,7114806
2021-07-19 15:00:00,5139,3573422,4609.0,3282187,381.0,269430.0,5520,3842852,4990,3551617,10129,7124935
2021-07-20 15:00:00,5332,3578754,4714.0,3286901,366.0,269796.0,5698,3848550,5080,3556697,10412,7135347
2021-07-21 15:00:00,5659,3584413,4939.0,3291840,416.0,270212.0,6075,3854625,5355,3562052,11014,7146361
2021-07-22 15:00:00,6022,3590435,4634.0,3296474,472.0,270684.0,6494,3861119,5106,3567158,11128,7157489
2021-07-23 15:00:00,6841,3597276,4842.0,3301316,497.0,271181.0,7338,3868457,5339,3572497,12180,7169669
2021-07-24 15:00:00,4280,3601556,3200.0,3304516,267.0,271448.0,4547,3873004,3467,3575964,7747,7177416
2021-07-25 15:00:00,3297,3604853,1112.0,3305628,139.0,271587.0,3436,3876440,1251,3577215,4548,7181964
2021-07-26 15:00:00,6212,3611065,3904.0,3309532,419.0,272006.0,6631,3883071,4323,3581538,10535,7192499
2021-07-27 15:00:00,6601,3617666,4277.0,3313809,457.0,272463.0,7058,3890129,4734,3586272,11335,7203834
2021-07-28 15:00:00,7076,3624742,4137.0,3317946,460.0,272923.0,7536,3897665,4597,3590869,11673,7215507
2021-07-29 15:00:00,7074,3631816,4299.0,3322245,419.0,273342.0,7493,3905158,4718,3595587,11792,7227299
2021-07-30 15:00:00,7811,3639627,4799.0,3327044,525.0,273867.0,8336,3913494,5324,3600911,13135,7240434
2021-07-31 15:00:00,4791,3644418,3072.0,3330116,273.0,274140.0,5064,3918558,3345,3604256,8136,7248570
2021-08-01 15:00:00,3879,3648297,2156.0,3332272,163.0,274303.0,4042,3922600,2319,3606575,6198,7254768
2021-08-02 15:00:00,7262,3655559,3838.0,3336110,340.0,274643.0,7602,3930202,4178,3610753,11440,7266208
2021-08-03 15:00:00,7260,3662819,4089.0,3340199,515.0,275158.0,7775,3937977,4604,3615357,11864,7278072
2021-08-04 15:00:00,7417,3670236,4117.0,3344316,534.0,275692.0,7951,3945928,4651,3620008,12068,7290140
2021-08-05 15:00:00,7939,3678175,4292.0,3348608,537.0,276229.0,8476,3954404,4829,3624837,12768,7302908
2021-08-06 15:00:00,8307,3686482,4719.0,3353327,454.0,276683.0,8761,3963165,5173,3630010,13480,7316388
2021-08-07 15:00:00,5275,3691757,2814.0,3356141,263.0,276946.0,5538,3968703,3077,3633087,8352,7324740
2021-08-08 15:00:00,3954,3695711,2051.0,3358192,143.0,277089.0,4097,3972800,2194,3635281,6148,7330888
2021-08-09 15:00:00,6928,3702639,4532.0,3362724,369.0,277458.0,7297,3980097,4901,3640182,11829,7342717
2021-08-10 15:00:00,7134,3709773,4455.0,3367179,339.0,277797.0,7473,3987570,4794,3644976,11928,7354645
2021-08-11 15:00:00,7056,3716829,4435.0,3371614,442.0,278239.0,7498,3995068,4877,3649853,11933,7366578
2021-08-12 15:00:00,8603,3725432,4733.0,3376347,445.0,278684.0,9048,4004116,5178,3655031,13781,7380359
2021-08-13 15:00:00,7139,3732571,5364.0,3381711,397.0,279081.0,7536,4011652,5761,3660792,12900,7393259
2021-08-14 15:00:00,4914,3737485,3341.0,3385052,285.0,279366.0,5199,4016851,3626,3664418,8540,7401799
2021-08-15 15:00:00,3327,3740812,2735.0,3387787,163.0,279529.0,3490,4020341,2898,3667316,6225,7408024
2021-08-16 15:00:00,5434,3746246,5093.0,3392880,353.0,279882.0,5787,4026128,5446,3672762,10880,7418904
2021-08-17 15:00:00,6809,3753055,5359.0,3398239,390.0,280272.0,7199,4033327,5749,3678511,12558,7431462
2021-08-18 15:00:00,6319,3759374,5499.0,3403738,481.0,280753.0,6800,4040127,5980,3684491,12299,7443761
2021-08-19 15:00:00,6210,3765584,5553.0,3409291,416.0,281169.0,6626,4046753,5969,3690460,12179,7455940
2021-08-20 15:00:00,6832,3772416,6545.0,3415836,401.0,281570.0,7233,4053986,6946,3697406,13778,7469718
2021-08-21 15:00:00,4323,3776739,3916.0,3419752,228.0,281798.0,4551,4058537,4144,3701550,8467,7478185
2021-08-22 15:00:00,3060,3779799,3171.0,3422923,110.0,281908.0,3170,4061707,3281,3704831,6341,7484526
2021-08-23 15:00:00,5985,3785784,6090.0,3429013,285.0,282193.0,6270,4067977,6375,3711206,12360,7496886
2021-08-24 15:00:00,6543,3792327,6054.0,3435067,425.0,282618.0,6968,4074945,6479,3717685,13022,7509908
2021-08-25 15:00:00,6711,3799038,6219.0,3441286,441.0,283059.0,7152,4082097,6660,3724345,13371,7523279
2021-08-26 15:00:00,6965,3806003,6645.0,3447931,428.0,283487.0,7393,4089490,7073,3731418,14038,7537317
2021-08-27 15:00:00,6825,3812828,7064.0,3454995,316.0,283803.0,7141,4096631,7380,3738798,14205,7551522
2021-08-28 15:00:00,6903,3819731,6511.0,3461506,324.0,284127.0,7227,4103858,6835,3745633,13738,7565260
2021-08-29 15:00:00,3736,3823467,3686.0,3465192,610.0,284737.0,4346,4108204,4296,3749929,8032,7573292
2021-08-30 15:00:00,5927,3829394,6116.0,3471308,960.0,285697.0,6887,4115091,7076,3757005,13003,7586295
2021-08-31 15:00:00,5896,3835290,6049.0,3477357,946.0,286643.0,6842,4121933,6995,3764000,12891,7599186
2021-09-01 15:00:00,5587,3840877,5651.0,3483008,915.0,287558.0,6502,4128435,6566,3770566,12153,7611339
2021-09-02 15:00:00,5529,3846406,5918.0,3488926,707.0,288265.0,6236,4134671,6625,3777191,12154,7623493
2021-09-03 15:00:00,5993,3852399,6922.0,3495848,973.0,289238.0,6966,4141637,7895,3785086,13888,7637381
2021-09-04 15:00:00,3727,3856126,4345.0,3500193,879.0,290117.0,4606,4146243,5224,3790310,8951,7646332
2021-09-05 15:00:00,2954,3859080,2807.0,3503000,106.0,290223.0,3060,4149303,2913,3793223,5867,7652199
2021-09-06 15:00:00,1060,3860140,1151.0,3504151,64.0,290287.0,1124,4150427,1215,3794438,2275,7654474
2021-09-07 15:00:00,5342,3865482,7299.0,3511450,2303.0,292590.0,7645,4158072,9602,3804040,14944,7669418
2021-09-08 15:00:00,4655,3870137,5469.0,3516919,364.0,292954.0,5019,4163091,5833,3809873,10488,7679906
2021-09-09 15:00:00,5014,3875151,5454.0,3522373,324.0,293278.0,5338,4168429,5778,3815651,10792,7690698
2021-09-10 15:00:00,6520,3881671,6647.0,3529020,1719.0,294997.0,8239,4176668,8366,3824017,14886,7705584
2021-09-11 15:00:00,4172,3885843,4332.0,3533352,666.0,295663.0,4838,4181506,4998,3829015,9170,7714754
2021-09-12 15:00:00,3171,3889014,3241.0,3536593,436.0,296099.0,3607,4185113,3677,3832692,6848,7721602
2021-09-13 15:00:00,4882,3893896,5062.0,3541655,346.0,296445.0,5228,4190341,5408,3838100,10290,7731892
2021-09-14 15:00:00,4773,3898669,5438.0,3547093,436.0,296881.0,5209,4195550,5874,3843974,10647,7742539
2021-09-15 15:00:00,5032,3903701,5867.0,3552960,389.0,297270.0,5421,4200971,6256,3850230,11288,7753827
2021-09-16 15:00:00,4805,3908506,5841.0,3558801,336.0,297606.0,5141,4206112,6177,3856407,10982,7764809
2021-09-17 15:00:00,5256,3913762,6582.0,3565383,344.0,297950.0,5600,4211712,6926,3863333,12182,7776991
2021-09-18 15:00:00,3804,3917566,4574.0,3569957,185.0,298135.0,3989,4215701,4759,3868092,8563,7785554
2021-09-19 15:00:00,2743,3920309,3168.0,3573125,75.0,298210.0,2818,4218519,3243,3871335,5986,7791540
2021-09-20 15:00:00,3747,3924056,4678.0,3577803,430.0,298640.0,4177,4222696,5108,3876443,8855,7800395
2021-09-21 15:00:00,4004,3928060,4999.0,3582802,327.0,298967.0,4331,4227027,5326,3881769,9330,7809725
2021-09-22 15:00:00,4193,3932253,4770.0,3587572,458.0,299425.0,4651,4231678,5228,3886997,9421,7819146
2021-09-23 15:00:00,4173,3936426,4731.0,3592303,492.0,299917.0,4665,4236343,5223,3892220,9396,7828542
2021-09-24 15:00:00,5076,3941502,5606.0,3597909,422.0,300339.0,5498,4241841,6028,3898248,11104,7839646
2021-09-25 15:00:00,3627,3945129,3631.0,3601540,384.0,300723.0,4011,4245852,4015,3902263,7642,7847288
2021-09-26 15:00:00,2356,3947485,2665.0,3604205,425.0,301148.0,2781,4248633,3090,3905353,5446,7852734
2021-09-27 15:00:00,4504,3951989,2707.0,3606912,510.0,301658.0,5014,4253647,3217,3908570,7721,7860455
2021-09-28 15:00:00,4398,3956387,4455.0,3611367,211.0,301869.0,4609,4258256,4666,3913236,9064,7869519
2021-09-29 15:00:00,4698,3961085,4509.0,3615876,920.0,302789.0,5618,4263874,5429,3918665,10127,7879646
2021-09-30 15:00:00,4887,3965972,4560.0,3620436,795.0,303584.0,5682,4269556,5355,3924020,10242,7889888
2021-10-01 15:00:00,5497,3971469,5331.0,3625767,783.0,304367.0,6280,4275836,6114,3930134,11611,7901499
2021-10-02 15:00:00,2936,3974405,2896.0,3628663,187.0,304554.0,3123,4278959,3083,3933217,6019,7907518
2021-10-03 15:00:00,2074,3976479,2376.0,3631039,86.0,304640.0,2160,4281119,2462,3935679,4536,7912054
2021-10-04 15:00:00,4017,3980496,3498.0,3634537,232.0,304872.0,4249,4285368,3730,3939409,7747,7919801
2021-10-05 15:00:00,3959,3984455,3661.0,3638198,207.0,305079.0,4166,4289534,3868,3943277,7827,7927628
2021-10-06 15:00:00,4025,3988480,3578.0,3641776,265.0,305344.0,4290,4293824,3843,3947120,7868,7935496
2021-10-07 15:00:00,4232,3992712,3626.0,3645402,331.0,305675.0,4563,4298387,3957,3951077,8189,7943685
2021-10-08 15:00:00,4774,3997486,4287.0,3649689,282.0,305957.0,5056,4303443,4569,3955646,9343,7953028
2021-10-09 15:00:00,2690,4000176,2681.0,3652370,270.0,306227.0,2960,4306403,2951,3958597,5641,7958669
2021-10-10 15:00:00,1865,4002041,1847.0,3654217,59.0,306286.0,1924,4308327,1906,3960503,3771,7962440
2021-10-11 15:00:00,4216,4006257,3334.0,3657551,249.0,306535.0,4465,4312792,3583,3964086,7799,7970239
2021-10-12 15:00:00,3589,4009846,3526.0,3661077,273.0,306808.0,3862,4316654,3799,3967885,7388,7977627
2021-10-13 15:00:00,3958,4013804,3456.0,3664533,346.0,307154.0,4304,4320958,3802,3971687,7760,7985387
2021-10-14 15:00:00,5165,4018969,5486.0,3670019,429.0,307583.0,5594,4326552,5915,3977602,11080,7996467
2021-10-15 15:00:00,4703,4023672,4590.0,3674609,347.0,307930.0,5050,4331602,4937,3982539,9640,8006107
2021-10-16 15:00:00,2496,4026168,2507.0,3677116,290.0,308220.0,2786,4334388,2797,3985336,5293,8011400
2021-10-17 15:00:00,1806,4027974,1776.0,3678892,55.0,308275.0,1861,4336249,1831,3987167,3637,8015037
2021-10-18 15:00:00,4283,4032257,3579.0,3682471,267.0,308542.0,4550,4340799,3846,3991013,8129,8023166
2021-10-19 15:00:00,4300,4036557,4031.0,3686502,222.0,308764.0,4522,4345321,4253,3995266,8553,8031719
2021-10-20 15:00:00,3526,4040083,3425.0,3689927,254.0,309018.0,3780,4349101,3679,3998945,7205,8038924
2021-10-21 15:00:00,3298,4043381,3267.0,3693194,290.0,309308.0,3588,4352689,3557,4002502,6855,8045779
2021-10-22 15:00:00,4682,4048063,4034.0,3697228,476.0,309784.0,5158,4357847,4510,4007012,9192,8054971
2021-10-23 15:00:00,2887,4050950,2115.0,3699343,321.0,310105.0,3208,4361055,2436,4009448,5323,8060294
2021-10-24 15:00:00,2056,4053006,1559.0,3700902,78.0,310183.0,2134,4363189,1637,4011085,3693,8063987
2021-10-25 15:00:00,4548,4057554,3078.0,3703980,316.0,310499.0,4864,4368053,3394,4014479,7942,8071929
2021-10-26 15:00:00,4508,4062062,3095.0,3707075,310.0,310809.0,4818,4372871,3405,4017884,7913,8079842
2021-10-27 15:00:00,4736,4066798,3343.0,3710418,429.0,311238.0,5165,4378036,3772,4021656,8508,8088350
2021-10-28 15:00:00,4554,4071352,3367.0,3713785,498.0,311736.0,5052,4383088,3865,4025521,8419,8096769
2021-10-29 15:00:00,4975,4076327,3921.0,3717706,392.0,312128.0,5367,4388455,4313,4029834,9288,8106057
2021-10-30 15:00:00,2631,4078958,1845.0,3719551,308.0,312436.0,2939,4391394,2153,4031987,4784,8110841
2021-10-31 15:00:00,1940,4080898,1522.0,3721073,93.0,312529.0,2033,4393427,1615,4033602,3555,8114396
2021-11-01 15:00:00,4700,4085598,3426.0,3724499,342.0,312871.0,5042,4398469,3768,4037370,8468,8122864
2021-11-02 15:00:00,4256,4089854,2950.0,3727449,406.0,313277.0,4662,4403131,3356,4040726,7612,8130476
2021-11-03 15:00:00,4663,4094517,3058.0,3730507,458.0,313735.0,5121,4408252,3516,4044242,8179,8138655
2021-11-04 15:00:00,6316,4100833,3363.0,3733870,512.0,314247.0,6828,4415080,3875,4048117,10191,8148846
2021-11-05 15:00:00,8230,4109063,3768.0,3737638,408.0,314655.0,8638,4423718,4176,4052293,12406,8161252
2021-11-06 15:00:00,10184,4119247,1980.0,3739618,305.0,314960.0,10489,4434207,2285,4054578,12469,8173721
2021-11-07 15:00:00,7722,4126969,1469.0,3741087,94.0,315054.0,7816,4442023,1563,4056141,9285,8183006
2021-11-08 15:00:00,11290,4138259,3041.0,3744128,379.0,315433.0,11669,4453692,3420,4059561,14710,8197716
2021-11-09 15:00:00,11751,4150010,2657.0,3746785,269.0,315702.0,12020,4465712,2926,4062487,14677,8212393
2021-11-10 15:00:00,12579,4162589,2763.0,3749548,337.0,316039.0,12916,4478628,3100,4065587,15679,8228072
2021-11-11 15:00:00,11353,4173942,2383.0,3751931,281.0,316320.0,11634,4490262,2664,4068251,14017,8242089
2021-11-12 15:00:00,12281,4186223,3358.0,3755289,547.0,316867.0,12828,4503090,3905,4072156,16186,8258275
2021-11-13 15:00:00,9877,4196100,1591.0,3756880,342.0,317209.0,10219,4513309,1933,4074089,11810,8270085
2021-11-14 15:00:00,3920,4200020,1131.0,3758011,121.0,317330.0,4041,4517350,1252,4075341,5172,8275257
2021-11-15 15:00:00,8611,4208631,2528.0,3760539,204.0,317534.0,8815,4526165,2732,4078073,11343,8286600
2021-11-16 15:00:00,9231,4217862,2494.0,3763033,255.0,317789.0,9486,4535651,2749,4080822,11980,8298580
2021-11-17 15:00:00,9398,4227260,2881.0,3765914,312.0,318101.0,9710,4545361,3193,4084015,12591,8311171
2021-11-18 15:00:00,9294,4236554,2632.0,3768546,480.0,318581.0,9774,4555135,3112,4087127,12406,8323577
2021-11-19 15:00:00,9791,4246345,2920.0,3771466,381.0,318962.0,10172,4565307,3301,4090428,13092,8336669
2021-11-20 15:00:00,10631,4256976,1606.0,3773072,455.0,319417.0,11086,4576393,2061,4092489,12692,8349361
2021-11-21 15:00:00,4347,4261323,1201.0,3774273,99.0,319516.0,4446,4580839,1300,4093789,5647,8355008
2021-11-22 15:00:00,9814,4271137,2494.0,3776767,292.0,319808.0,10106,4590945,2786,4096575,12600,8367608
2021-11-23 15:00:00,9173,4280310,2402.0,3779169,280.0,320088.0,9453,4600398,2682,4099257,11855,8379463
2021-11-24 15:00:00,8148,4288458,2446.0,3781615,216.0,320304.0,8364,4608762,2662,4101919,10810,8390273
2021-11-25 15:00:00,238,4288696,77.0,3781692,10.0,320314.0,248,4609010,87,4102006,325,8390598
2021-11-26 15:00:00,5651,4294347,3961.0,3785653,152.0,320466.0,5803,4614813,4113,4106119,9764,8400362
2021-11-27 15:00:00,3770,4298117,5466.0,3791119,134.0,320600.0,3904,4618717,5600,4111719,9370,8409732
2021-11-28 15:00:00,2414,4300531,6384.0,3797503,77.0,320677.0,2491,4621208,6461,4118180,8875,8418607
2021-11-29 15:00:00,6379,4306910,9273.0,3806776,379.0,321056.0,6758,4627966,9652,4127832,16031,8434638
2021-11-30 15:00:00,6246,4313156,9299.0,3816075,264.0,321320.0,6510,4634476,9563,4137395,15809,8450447
2021-12-01 15:00:00,7273,4320429,9658.0,3825733,306.0,321626.0,7579,4642055,9964,4147359,17237,8467684
2021-12-02 15:00:00,6911,4327340,8758.0,3834491,450.0,322076.0,7361,4649416,9208,4156567,16119,8483803
2021-12-03 15:00:00,7584,4334924,9244.0,3843735,250.0,322326.0,7834,4657250,9494,4166061,17078,8500881
2021-12-04 15:00:00,5953,4340877,10026.0,3853761,465.0,322791.0,6418,4663668,10491,4176552,16444,8517325
2021-12-05 15:00:00,3469,4344346,3286.0,3857047,77.0,322868.0,3546,4667214,3363,4179915,6832,8524157
2021-12-06 15:00:00,6755,4351101,7106.0,3864153,276.0,323144.0,7031,4674245,7382,4187297,14137,8538294
2021-12-07 15:00:00,6406,4357507,7015.0,3871168,249.0,323393.0,6655,4680900,7264,4194561,13670,8551964
2021-12-08 15:00:00,6933,4364440,7416.0,3878584,316.0,323709.0,7249,4688149,7732,4202293,14665,8566629
2021-12-09 15:00:00,6514,4370954,6997.0,3885581,397.0,324106.0,6911,4695060,7394,4209687,13908,8580537
2021-12-10 15:00:00,7248,4378202,7315.0,3892896,229.0,324335.0,7477,4702537,7544,4217231,14792,8595329
2021-12-11 15:00:00,4463,4382665,7658.0,3900554,333.0,324668.0,4796,4707333,7991,4225222,12454,8607783
2021-12-12 15:00:00,4002,4386667,2783.0,3903337,60.0,324728.0,4062,4711395,2843,4228065,6845,8614628
2021-12-13 15:00:00,5695,4392362,5758.0,3909095,243.0,324971.0,5938,4717333,6001,4234066,11696,8626324
2021-12-14 15:00:00,6445,4398807,5919.0,3915014,220.0,325191.0,6665,4723998,6139,4240205,12584,8638908
2021-12-15 15:00:00,7139,4405946,5681.0,3920695,252.0,325443.0,7391,4731389,5933,4246138,13072,8651980
2021-12-16 15:00:00,7846,4413792,2807.0,3923502,421.0,325864.0,8267,4739656,3228,4249366,11074,8663054
2021-12-17 15:00:00,7794,4421586,4153.0,3927655,195.0,326059.0,7989,4747645,4348,4253714,12142,8675196
2021-12-18 15:00:00,5816,4427402,3180.0,3930835,298.0,326357.0,6114,4753759,3478,4257192,9294,8684490
2021-12-19 15:00:00,3380,4430782,1342.0,3932177,36.0,326393.0,3416,4757175,1378,4258570,4758,8689248
2021-12-20 15:00:00,8060,4438842,3750.0,3935927,173.0,326566.0,8233,4765408,3923,4262493,11983,8701231
2021-12-21 15:00:00,8977,4447819,4145.0,3940072,173.0,326739.0,9150,4774558,4318,4266811,13295,8714526
2021-12-22 15:00:00,8677,4456496,3852.0,3943924,184.0,326923.0,8861,4783419,4036,4270847,12713,8727239
2021-12-23 15:00:00,8399,4464895,3546.0,3947470,359.0,327282.0,8758,4792177,3905,4274752,12304,8739543
2021-12-24 15:00:00,1627,4466522,1003.0,3948473,39.0,327321.0,1666,4793843,1042,4275794,2669,8742212
2021-12-25 15:00:00,51,4466573,35.0,3948508,1.0,327322.0,52,4793895,36,4275830,87,8742299
2021-12-26 15:00:00,2519,4469092,1748.0,3950256,44.0,327366.0,2563,4796458,1792,4277622,4311,8746610
2021-12-27 15:00:00,7173,4476265,3981.0,3954237,295.0,327661.0,7468,4803926,4276,4281898,11449,8758059
2021-12-28 15:00:00,7840,4484105,3806.0,3958043,175.0,327836.0,8015,4811941,3981,4285879,11821,8769880
2021-12-29 15:00:00,8174,4492279,4011.0,3962054,155.0,327991.0,8329,4820270,4166,4290045,12340,8782220
2021-12-30 15:00:00,7458,4499737,3763.0,3965817,288.0,328279.0,7746,4828016,4051,4294096,11509,8793729
2021-12-31 15:00:00,2556,4502293,1524.0,3967341,92.0,328371.0,2648,4830664,1616,4295712,4172,8797901
2022-01-01 15:00:00,736,4503029,344.0,3967685,31.0,328402.0,767,4831431,375,4296087,1111,8799012
2022-01-02 15:00:00,2211,4505240,1645.0,3969330,47.0,328449.0,2258,4833689,1692,4297779,3903,8802915
2022-01-03 15:00:00,3391,4508631,2060.0,3971390,221.0,328670.0,3612,4837301,2281,4300060,5672,8808587
2022-01-04 15:00:00,5825,4514456,3454.0,3974844,162.0,328832.0,5987,4843288,3616,4303676,9441,8818028
2022-01-05 15:00:00,6806,4521262,4682.0,3979526,175.0,329007.0,6981,4850269,4857,4308533,11663,8829691
2022-01-06 15:00:00,6742,4528004,4798.0,3984324,263.0,329270.0,7005,4857274,5061,4313594,11803,8841494
2022-01-07 15:00:00,5919,4533923,3742.0,3988066,159.0,329429.0,6078,4863352,3901,4317495,9820,8851314
2022-01-08 15:00:00,4773,4538696,3891.0,3991957,78.0,329507.0,4851,4868203,3969,4321464,8742,8860056
2022-01-09 15:00:00,2756,4541452,2013.0,3993970,154.0,329661.0,2910,4871113,2167,4323631,4923,8864979
2022-01-10 15:00:00,6296,4547748,3834.0,3997804,155.0,329816.0,6451,4877564,3989,4327620,10285,8875264
2022-01-11 15:00:00,6526,4554274,4262.0,4002066,141.0,329957.0,6667,4884231,4403,4332023,10929,8886193
2022-01-12 15:00:00,6766,4561040,4442.0,4006508,225.0,330182.0,6991,4891222,4667,4336690,11433,8897626
2022-01-13 15:00:00,6562,4567602,4417.0,4010925,150.0,330332.0,6712,4897934,4567,4341257,11129,8908755
2022-01-14 15:00:00,7156,4574758,3254.0,4014179,252.0,330584.0,7408,4905342,3506,4344763,10662,8919417
2022-01-15 15:00:00,4129,4578887,1673.0,4015852,70.0,330654.0,4199,4909541,1743,4346506,5872,8925289
2022-01-16 15:00:00,2182,4581069,1310.0,4017162,116.0,330770.0,2298,4911839,1426,4347932,3608,8928897
2022-01-17 15:00:00,3602,4584671,2356.0,4019518,74.0,330844.0,3676,4915515,2430,4350362,6032,8934929
2022-01-18 15:00:00,5215,4589886,4135.0,4023653,99.0,330943.0,5314,4920829,4234,4354596,9449,8944378
2022-01-19 15:00:00,5205,4595091,4429.0,4028082,96.0,331039.0,5301,4926130,4525,4359121,9730,8954108
2022-01-20 15:00:00,4417,4599508,3546.0,4031628,175.0,331214.0,4592,4930722,3721,4362842,8138,8962246
2022-01-21 15:00:00,5422,4604930,2840.0,4034468,115.0,331329.0,5537,4936259,2955,4365797,8377,8970623
2022-01-22 15:00:00,3335,4608265,1685.0,4036153,133.0,331462.0,3468,4939727,1818,4367615,5153,8975776
2022-01-23 15:00:00,1909,4610174,1453.0,4037606,22.0,331484.0,1931,4941658,1475,4369090,3384,8979160
2022-01-24 15:00:00,4027,4614201,2676.0,4040282,81.0,331565.0,4108,4945766,2757,4371847,6784,8985944
2022-01-25 15:00:00,3653,4617854,3178.0,4043460,88.0,331653.0,3741,4949507,3266,4375113,6919,8992863
2022-01-26 15:00:00,3653,4621507,3467.0,4046927,77.0,331730.0,3730,4953237,3544,4378657,7197,9000060
2022-01-27 15:00:00,1987,4623494,2143.0,4049070,152.0,331882.0,2139,4955376,2295,4380952,4282,9004342
