VACCINATION_DATE,FirstDailyDose,FirstDoseCumulative,SecondDailyDose,SecondDoseCumulative,SingleDailyDose,SingleDoseCumulative,AtleastOneVaccine,AtleastOneVaccineCumulative,CompletedVax,CompletedVaxCumulative,FirstSecondSingleVaccinations,FirstSecondSingleVaccinationsCumulative
2020-12-14 15:00:00,19,1370,,520,,,19,1370,0,520,19,1786
2020-12-15 15:00:00,61,1431,3.0,523,,,61,1431,3,523,64,1850
2020-12-16 15:00:00,590,2021,5.0,528,,,590,2021,5,528,595,2445
2020-12-17 15:00:00,1158,3179,6.0,534,,,1158,3179,6,534,1164,3609
2020-12-18 15:00:00,3017,6196,13.0,547,,,3017,6196,13,547,3030,6639
2020-12-19 15:00:00,931,7127,5.0,552,,,931,7127,5,552,936,7575
2020-12-20 15:00:00,363,7490,6.0,558,,,363,7490,6,558,369,7944
2020-12-21 15:00:00,3886,11376,26.0,584,,,3886,11376,26,584,3912,11856
2020-12-22 15:00:00,6323,17699,26.0,610,,,6323,17699,26,610,6349,18205
2020-12-23 15:00:00,5778,23477,36.0,646,,,5778,23477,36,646,5814,24019
2020-12-24 15:00:00,2724,26201,16.0,662,,,2724,26201,16,662,2740,26759
2020-12-25 15:00:00,1035,27236,4.0,666,,,1035,27236,4,666,1039,27798
2020-12-26 15:00:00,1882,29118,9.0,675,,,1882,29118,9,675,1891,29689
2020-12-27 15:00:00,1802,30920,12.0,687,,,1802,30920,12,687,1814,31503
2020-12-28 15:00:00,8982,39902,48.0,735,,,8982,39902,48,735,9030,40533
2020-12-29 15:00:00,10965,50867,53.0,788,,,10965,50867,53,788,11018,51551
2020-12-30 15:00:00,12493,63360,88.0,876,,,12493,63360,88,876,12581,64132
2020-12-31 15:00:00,7551,70911,47.0,923,,,7551,70911,47,923,7598,71730
2021-01-01 15:00:00,3254,74165,138.0,1061,,,3254,74165,138,1061,3392,75122
2021-01-02 15:00:00,3039,77204,34.0,1095,,,3039,77204,34,1095,3073,78195
2021-01-03 15:00:00,3407,80611,81.0,1176,,,3407,80611,81,1176,3488,81683
2021-01-04 15:00:00,13356,93967,332.0,1508,,,13356,93967,332,1508,13688,95371
2021-01-05 15:00:00,12483,106450,547.0,2055,,,12483,106450,547,2055,13030,108401
2021-01-06 15:00:00,15260,121710,863.0,2918,,,15260,121710,863,2918,16123,124524
2021-01-07 15:00:00,15033,136743,1771.0,4689,,,15033,136743,1771,4689,16804,141328
2021-01-08 15:00:00,24009,160752,2780.0,7469,,,24009,160752,2780,7469,26789,168117
2021-01-09 15:00:00,5173,165925,953.0,8422,,,5173,165925,953,8422,6126,174243
2021-01-10 15:00:00,2970,168895,384.0,8806,,,2970,168895,384,8806,3354,177597
2021-01-11 15:00:00,13719,182614,3469.0,12275,,,13719,182614,3469,12275,17188,194785
2021-01-12 15:00:00,17384,199998,5591.0,17866,,,17384,199998,5591,17866,22975,217760
2021-01-13 15:00:00,18619,218617,3918.0,21784,,,18619,218617,3918,21784,22537,240297
2021-01-14 15:00:00,17847,236464,1962.0,23746,,,17847,236464,1962,23746,19809,260106
2021-01-15 15:00:00,19475,255939,2030.0,25776,,,19475,255939,2030,25776,21505,281611
2021-01-16 15:00:00,5831,261770,1616.0,27392,,,5831,261770,1616,27392,7447,289058
2021-01-17 15:00:00,2121,263891,1479.0,28871,,,2121,263891,1479,28871,3600,292658
2021-01-18 15:00:00,7074,270965,3255.0,32126,,,7074,270965,3255,32126,10329,302987
2021-01-19 15:00:00,16953,287918,5404.0,37530,,,16953,287918,5404,37530,22357,325344
2021-01-20 15:00:00,21000,308918,5321.0,42851,,,21000,308918,5321,42851,26321,351665
2021-01-21 15:00:00,23806,332724,3839.0,46690,,,23806,332724,3839,46690,27645,379310
2021-01-22 15:00:00,28656,361380,3751.0,50441,,,28656,361380,3751,50441,32407,411717
2021-01-23 15:00:00,10115,371495,1942.0,52383,,,10115,371495,1942,52383,12057,423774
2021-01-24 15:00:00,3352,374847,1723.0,54106,,,3352,374847,1723,54106,5075,428849
2021-01-25 15:00:00,16304,391151,8600.0,62706,,,16304,391151,8600,62706,24904,453753
2021-01-26 15:00:00,17558,408709,8972.0,71678,,,17558,408709,8972,71678,26530,480283
2021-01-27 15:00:00,24436,433145,12544.0,84222,,,24436,433145,12544,84222,36980,517263
2021-01-28 15:00:00,22652,455797,9329.0,93551,,,22652,455797,9329,93551,31981,549244
2021-01-29 15:00:00,24777,480574,7926.0,101477,,,24777,480574,7926,101477,32703,581947
2021-01-30 15:00:00,17777,498351,2559.0,104036,,,17777,498351,2559,104036,20336,602283
2021-01-31 15:00:00,3761,502112,1365.0,105401,,,3761,502112,1365,105401,5126,607409
2021-02-01 15:00:00,8097,510209,5371.0,110772,,,8097,510209,5371,110772,13468,620877
2021-02-02 15:00:00,12502,522711,13823.0,124595,,,12502,522711,13823,124595,26325,647202
2021-02-03 15:00:00,18249,540960,18134.0,142729,,,18249,540960,18134,142729,36383,683585
2021-02-04 15:00:00,22125,563085,15786.0,158515,,,22125,563085,15786,158515,37911,721496
2021-02-05 15:00:00,20346,583431,17417.0,175932,,,20346,583431,17417,175932,37763,759259
2021-02-06 15:00:00,11330,594761,14475.0,190407,,,11330,594761,14475,190407,25805,785064
2021-02-07 15:00:00,5951,600712,1837.0,192244,,,5951,600712,1837,192244,7788,792852
2021-02-08 15:00:00,12982,613694,12918.0,205162,,,12982,613694,12918,205162,25900,818752
2021-02-09 15:00:00,16648,630342,13873.0,219035,,,16648,630342,13873,219035,30521,849273
2021-02-10 15:00:00,19293,649635,21229.0,240264,,,19293,649635,21229,240264,40522,889795
2021-02-11 15:00:00,22847,672482,17342.0,257606,,,22847,672482,17342,257606,40189,929984
2021-02-12 15:00:00,20392,692874,19636.0,277242,,,20392,692874,19636,277242,40028,970012
2021-02-13 15:00:00,11437,704311,6418.0,283660,,,11437,704311,6418,283660,17855,987867
2021-02-14 15:00:00,7110,711421,2128.0,285788,,,7110,711421,2128,285788,9238,997105
2021-02-15 15:00:00,11763,723184,13327.0,299115,,,11763,723184,13327,299115,25090,1022195
2021-02-16 15:00:00,16606,739790,21020.0,320135,,,16606,739790,21020,320135,37626,1059821
2021-02-17 15:00:00,20655,760445,26376.0,346511,,,20655,760445,26376,346511,47031,1106852
2021-02-18 15:00:00,3198,763643,4619.0,351130,,,3198,763643,4619,351130,7817,1114669
2021-02-19 15:00:00,10253,773896,19924.0,371054,,,10253,773896,19924,371054,30177,1144846
2021-02-20 15:00:00,10311,784207,20286.0,391340,,,10311,784207,20286,391340,30597,1175443
2021-02-21 15:00:00,6180,790387,7647.0,398987,,,6180,790387,7647,398987,13827,1189270
2021-02-22 15:00:00,8034,798421,15470.0,414457,,,8034,798421,15470,414457,23504,1212774
2021-02-23 15:00:00,15529,813950,15985.0,430442,,,15529,813950,15985,430442,31514,1244288
2021-02-24 15:00:00,17952,831902,24739.0,455181,,,17952,831902,24739,455181,42691,1286979
2021-02-25 15:00:00,20392,852294,26559.0,481740,,,20392,852294,26559,481740,46951,1333930
2021-02-26 15:00:00,26717,879011,26220.0,507960,,,26717,879011,26220,507960,52937,1386867
2021-02-27 15:00:00,16004,895015,11160.0,519120,,,16004,895015,11160,519120,27164,1414031
2021-02-28 15:00:00,15496,910511,4883.0,524003,,,15496,910511,4883,524003,20379,1434410
2021-03-01 15:00:00,26984,937495,12619.0,536622,,,26984,937495,12619,536622,39603,1474013
2021-03-02 15:00:00,23919,961414,13277.0,549899,34.0,34.0,23953,961448,13311,549933,37230,1511243
2021-03-03 15:00:00,30193,991607,18392.0,568291,188.0,222.0,30381,991829,18580,568513,48773,1560016
2021-03-04 15:00:00,30960,1022567,18197.0,586488,4069.0,4291.0,35029,1026858,22266,590779,53226,1613242
2021-03-05 15:00:00,30025,1052592,19718.0,606206,4909.0,9200.0,34934,1061792,24627,615406,54652,1667894
2021-03-06 15:00:00,18914,1071506,9508.0,615714,6010.0,15210.0,24924,1086716,15518,630924,34432,1702326
2021-03-07 15:00:00,12121,1083627,4862.0,620576,6612.0,21822.0,18733,1105449,11474,642398,23595,1725921
2021-03-08 15:00:00,25881,1109508,8844.0,629420,8272.0,30094.0,34153,1139602,17116,659514,42997,1768918
2021-03-09 15:00:00,26124,1135632,15468.0,644888,8345.0,38439.0,34469,1174071,23813,683327,49937,1818855
2021-03-10 15:00:00,29855,1165487,15998.0,660886,7940.0,46379.0,37795,1211866,23938,707265,53793,1872648
2021-03-11 15:00:00,35990,1201477,16402.0,677288,3980.0,50359.0,39970,1251836,20382,727647,56372,1929020
2021-03-12 15:00:00,36918,1238395,18084.0,695372,2924.0,53283.0,39842,1291678,21008,748655,57926,1986946
2021-03-13 15:00:00,22669,1261064,10282.0,705654,1629.0,54912.0,24298,1315976,11911,760566,34580,2021526
2021-03-14 15:00:00,17833,1278897,6720.0,712374,1005.0,55917.0,18838,1334814,7725,768291,25558,2047084
2021-03-15 15:00:00,29829,1308726,11305.0,723679,597.0,56514.0,30426,1365240,11902,780193,41731,2088815
2021-03-16 15:00:00,33415,1342141,13574.0,737253,769.0,57283.0,34184,1399424,14343,794536,47758,2136573
2021-03-17 15:00:00,37572,1379713,17056.0,754309,1181.0,58464.0,38753,1438177,18237,812773,55809,2192382
2021-03-18 15:00:00,41444,1421157,12648.0,766957,1348.0,59812.0,42792,1480969,13996,826769,55440,2247822
2021-03-19 15:00:00,38332,1459489,15418.0,782375,1042.0,60854.0,39374,1520343,16460,843229,54792,2302614
2021-03-20 15:00:00,24704,1484193,10160.0,792535,703.0,61557.0,25407,1545750,10863,854092,35567,2338181
2021-03-21 15:00:00,19178,1503371,7880.0,800415,336.0,61893.0,19514,1565264,8216,862308,27394,2365575
2021-03-22 15:00:00,32591,1535962,11479.0,811894,835.0,62728.0,33426,1598690,12314,874622,44905,2410480
2021-03-23 15:00:00,38418,1574380,17804.0,829698,1554.0,64282.0,39972,1638662,19358,893980,57776,2468256
2021-03-24 15:00:00,41086,1615466,21213.0,850911,1387.0,65669.0,42473,1681135,22600,916580,63686,2531942
2021-03-25 15:00:00,42886,1658352,21691.0,872602,2458.0,68127.0,45344,1726479,24149,940729,67035,2598977
2021-03-26 15:00:00,36363,1694715,26678.0,899280,2496.0,70623.0,38859,1765338,29174,969903,65537,2664514
2021-03-27 15:00:00,26478,1721193,17277.0,916557,2490.0,73113.0,28968,1794306,19767,989670,46245,2710759
2021-03-28 15:00:00,17012,1738205,12640.0,929197,1615.0,74728.0,18627,1812933,14255,1003925,31267,2742026
2021-03-29 15:00:00,29718,1767923,26284.0,955481,1140.0,75868.0,30858,1843791,27424,1031349,57142,2799168
2021-03-30 15:00:00,40060,1807983,28991.0,984472,1863.0,77731.0,41923,1885714,30854,1062203,70914,2870082
2021-03-31 15:00:00,41034,1849017,34691.0,1019163,5748.0,83479.0,46782,1932496,40439,1102642,81473,2951555
2021-04-01 15:00:00,42341,1891358,41014.0,1060177,5740.0,89219.0,48081,1980577,46754,1149396,89095,3040650
2021-04-02 15:00:00,34927,1926285,32671.0,1092848,6124.0,95343.0,41051,2021628,38795,1188191,73722,3114372
2021-04-03 15:00:00,21148,1947433,19186.0,1112034,4388.0,99731.0,25536,2047164,23574,1211765,44722,3159094
2021-04-04 15:00:00,8279,1955712,10184.0,1122218,967.0,100698.0,9246,2056410,11151,1222916,19430,3178524
2021-04-05 15:00:00,27948,1983660,28907.0,1151125,6657.0,107355.0,34605,2091015,35564,1258480,63512,3242036
2021-04-06 15:00:00,39768,2023428,30441.0,1181566,10494.0,117849.0,50262,2141277,40935,1299415,80703,3322739
2021-04-07 15:00:00,36091,2059519,34281.0,1215847,12987.0,130836.0,49078,2190355,47268,1346683,83359,3406098
2021-04-08 15:00:00,42336,2101855,36099.0,1251946,13865.0,144701.0,56201,2246556,49964,1396647,92300,3498398
2021-04-09 15:00:00,34057,2135912,36314.0,1288260,14523.0,159224.0,48580,2295136,50837,1447484,84894,3583292
2021-04-10 15:00:00,23468,2159380,23131.0,1311391,7641.0,166865.0,31109,2326245,30772,1478256,54240,3637532
2021-04-11 15:00:00,17564,2176944,13279.0,1324670,10119.0,176984.0,27683,2353928,23398,1501654,40962,3678494
2021-04-12 15:00:00,24606,2201550,33157.0,1357827,10895.0,187879.0,35501,2389429,44052,1545706,68658,3747152
2021-04-13 15:00:00,126194,2327744,91231.0,1449058,3292.0,191171.0,129486,2518915,94523,1640229,220717,3967869
2021-04-14 15:00:00,40716,2368460,37819.0,1486877,212.0,191383.0,40928,2559843,38031,1678260,78747,4046616
2021-04-15 15:00:00,41414,2409874,39543.0,1526420,174.0,191557.0,41588,2601431,39717,1717977,81131,4127747
2021-04-16 15:00:00,37143,2447017,38857.0,1565277,24.0,191581.0,37167,2638598,38881,1756858,76024,4203771
2021-04-17 15:00:00,32801,2479818,22025.0,1587302,12.0,191593.0,32813,2671411,22037,1778895,54838,4258609
2021-04-18 15:00:00,20069,2499887,16195.0,1603497,5.0,191598.0,20074,2691485,16200,1795095,36269,4294878
2021-04-19 15:00:00,29897,2529784,36545.0,1640042,61.0,191659.0,29958,2721443,36606,1831701,66503,4361381
2021-04-20 15:00:00,32936,2562720,44442.0,1684484,57.0,191716.0,32993,2754436,44499,1876200,77435,4438816
2021-04-21 15:00:00,39829,2602549,47047.0,1731531,26.0,191742.0,39855,2794291,47073,1923273,86902,4525718
2021-04-22 15:00:00,35861,2638410,42644.0,1774175,16.0,191758.0,35877,2830168,42660,1965933,78521,4604239
2021-04-23 15:00:00,33145,2671555,40140.0,1814315,14.0,191772.0,33159,2863327,40154,2006087,73299,4677538
2021-04-24 15:00:00,26413,2697968,27898.0,1842213,81.0,191853.0,26494,2889821,27979,2034066,54392,4731930
2021-04-25 15:00:00,20235,2718203,10968.0,1853181,31.0,191884.0,20266,2910087,10999,2045065,31234,4763164
2021-04-26 15:00:00,27411,2745614,32711.0,1885892,201.0,192085.0,27612,2937699,32912,2077977,60323,4823487
2021-04-27 15:00:00,26691,2772305,33067.0,1918959,1097.0,193182.0,27788,2965487,34164,2112141,60855,4884342
2021-04-28 15:00:00,28930,2801235,39537.0,1958496,1363.0,194545.0,30293,2995780,40900,2153041,69830,4954172
2021-04-29 15:00:00,27074,2828309,39741.0,1998237,1464.0,196009.0,28538,3024318,41205,2194246,68279,5022451
2021-04-30 15:00:00,28208,2856517,32264.0,2030501,1647.0,197656.0,29855,3054173,33911,2228157,62119,5084570
2021-05-01 15:00:00,20703,2877220,26679.0,2057180,1048.0,198704.0,21751,3075924,27727,2255884,48430,5133000
2021-05-02 15:00:00,10288,2887508,17039.0,2074219,822.0,199526.0,11110,3087034,17861,2273745,28149,5161149
2021-05-03 15:00:00,12756,2900264,28577.0,2102796,1915.0,201441.0,14671,3101705,30492,2304237,43248,5204397
2021-05-04 15:00:00,13572,2913836,38610.0,2141406,1738.0,203179.0,15310,3117015,40348,2344585,53920,5258317
2021-05-05 15:00:00,19323,2933159,37754.0,2179160,1921.0,205100.0,21244,3138259,39675,2384260,58998,5317315
2021-05-06 15:00:00,16920,2950079,40594.0,2219754,1721.0,206821.0,18641,3156900,42315,2426575,59235,5376550
2021-05-07 15:00:00,17586,2967665,36997.0,2256751,1959.0,208780.0,19545,3176445,38956,2465531,56542,5433092
2021-05-08 15:00:00,10792,2978457,31220.0,2287971,1291.0,210071.0,12083,3188528,32511,2498042,43303,5476395
2021-05-09 15:00:00,5083,2983540,12241.0,2300212,695.0,210766.0,5778,3194306,12936,2510978,18019,5494414
2021-05-10 15:00:00,8952,2992492,31051.0,2331263,1362.0,212128.0,10314,3204620,32413,2543391,41365,5535779
2021-05-11 15:00:00,12186,3004678,30283.0,2361546,1441.0,213569.0,13627,3218247,31724,2575115,43910,5579689
2021-05-12 15:00:00,13945,3018623,38619.0,2400165,1919.0,215488.0,15864,3234111,40538,2615653,54483,5634172
2021-05-13 15:00:00,21836,3040459,33510.0,2433675,1347.0,216835.0,23183,3257294,34857,2650510,56693,5690865
2021-05-14 15:00:00,24389,3064848,30042.0,2463717,1774.0,218609.0,26163,3283457,31816,2682326,56205,5747070
2021-05-15 15:00:00,21935,3086783,25104.0,2488821,1490.0,220099.0,23425,3306882,26594,2708920,48529,5795599
2021-05-16 15:00:00,9091,3095874,17584.0,2506405,1113.0,221212.0,10204,3317086,18697,2727617,27788,5823387
2021-05-17 15:00:00,16835,3112709,28400.0,2534805,1949.0,223161.0,18784,3335870,30349,2757966,47184,5870571
2021-05-18 15:00:00,21266,3133975,30688.0,2565493,1942.0,225103.0,23208,3359078,32630,2790596,53896,5924467
2021-05-19 15:00:00,27659,3161634,32433.0,2597926,1631.0,226734.0,29290,3388368,34064,2824660,61723,5986190
2021-05-20 15:00:00,20808,3182442,33267.0,2631193,1965.0,228699.0,22773,3411141,35232,2859892,56040,6042230
2021-05-21 15:00:00,19161,3201603,30348.0,2661541,1607.0,230306.0,20768,3431909,31955,2891847,51116,6093346
2021-05-22 15:00:00,16937,3218540,20686.0,2682227,1271.0,231577.0,18208,3450117,21957,2913804,38894,6132240
2021-05-23 15:00:00,8792,3227332,11445.0,2693672,965.0,232542.0,9757,3459874,12410,2926214,21202,6153442
2021-05-24 15:00:00,13566,3240898,17772.0,2711444,1473.0,234015.0,15039,3474913,19245,2945459,32811,6186253
2021-05-25 15:00:00,13070,3253968,18717.0,2730161,1329.0,235344.0,14399,3489312,20046,2965505,33116,6219369
2021-05-26 15:00:00,18314,3272282,19491.0,2749652,1512.0,236856.0,19826,3509138,21003,2986508,39317,6258686
2021-05-27 15:00:00,11686,3283968,18659.0,2768311,1116.0,237972.0,12802,3521940,19775,3006283,31461,6290147
2021-05-28 15:00:00,12415,3296383,19837.0,2788148,1401.0,239373.0,13816,3535756,21238,3027521,33653,6323800
2021-05-29 15:00:00,9514,3305897,11718.0,2799866,937.0,240310.0,10451,3546207,12655,3040176,22169,6345969
2021-05-30 15:00:00,4968,3310865,6428.0,2806294,596.0,240906.0,5564,3551771,7024,3047200,11992,6357961
2021-05-31 15:00:00,1778,3312643,3711.0,2810005,305.0,241211.0,2083,3553854,4016,3051216,5794,6363755
2021-06-01 15:00:00,9847,3322490,16426.0,2826431,1159.0,242370.0,11006,3564860,17585,3068801,27432,6391187
2021-06-02 15:00:00,10231,3332721,16815.0,2843246,959.0,243329.0,11190,3576050,17774,3086575,28005,6419192
2021-06-03 15:00:00,7899,3340620,21189.0,2864435,1087.0,244416.0,8986,3585036,22276,3108851,30175,6449367
2021-06-04 15:00:00,8196,3348816,22354.0,2886789,1120.0,245536.0,9316,3594352,23474,3132325,31670,6481037
2021-06-05 15:00:00,6999,3355815,19471.0,2906260,720.0,246256.0,7719,3602071,20191,3152516,27190,6508227
2021-06-06 15:00:00,3456,3359271,7249.0,2913509,423.0,246679.0,3879,3605950,7672,3160188,11128,6519355
2021-06-07 15:00:00,6858,3366129,15783.0,2929292,726.0,247405.0,7584,3613534,16509,3176697,23367,6542722
2021-06-08 15:00:00,6671,3372800,19733.0,2949025,830.0,248235.0,7501,3621035,20563,3197260,27234,6569956
2021-06-09 15:00:00,8199,3380999,23982.0,2973007,969.0,249204.0,9168,3630203,24951,3222211,33150,6603106
2021-06-10 15:00:00,7150,3388149,19135.0,2992142,895.0,250099.0,8045,3638248,20030,3242241,27180,6630286
2021-06-11 15:00:00,7485,3395634,17724.0,3009866,1125.0,251224.0,8610,3646858,18849,3261090,26334,6656620
2021-06-12 15:00:00,5239,3400873,14763.0,3024629,605.0,251829.0,5844,3652702,15368,3276458,20607,6677227
2021-06-13 15:00:00,1930,3402803,7608.0,3032237,427.0,252256.0,2357,3655059,8035,3284493,9965,6687192
2021-06-14 15:00:00,5659,3408462,11811.0,3044048,733.0,252989.0,6392,3661451,12544,3297037,18203,6705395
2021-06-15 15:00:00,5639,3414101,14339.0,3058387,873.0,253862.0,6512,3667963,15212,3312249,20851,6726246
2021-06-16 15:00:00,8757,3422858,21591.0,3079978,757.0,254619.0,9514,3677477,22348,3334597,31105,6757351
2021-06-17 15:00:00,6686,3429544,12364.0,3092342,720.0,255339.0,7406,3684883,13084,3347681,19770,6777121
2021-06-18 15:00:00,6836,3436380,12733.0,3105075,703.0,256042.0,7539,3692422,13436,3361117,20272,6797393
2021-06-19 15:00:00,4660,3441040,9376.0,3114451,615.0,256657.0,5275,3697697,9991,3371108,14651,6812044
2021-06-20 15:00:00,2505,3443545,5053.0,3119504,377.0,257034.0,2882,3700579,5430,3376538,7935,6819979
2021-06-21 15:00:00,5562,3449107,5331.0,3124835,635.0,257669.0,6197,3706776,5966,3382504,11528,6831507
2021-06-22 15:00:00,5345,3454452,9049.0,3133884,693.0,258362.0,6038,3712814,9742,3392246,15087,6846594
2021-06-23 15:00:00,6068,3460520,10324.0,3144208,646.0,259008.0,6714,3719528,10970,3403216,17038,6863632
2021-06-24 15:00:00,5935,3466455,8198.0,3152406,595.0,259603.0,6530,3726058,8793,3412009,14728,6878360
2021-06-25 15:00:00,5819,3472274,8656.0,3161062,620.0,260223.0,6439,3732497,9276,3421285,15095,6893455
2021-06-26 15:00:00,3700,3475974,6303.0,3167365,398.0,260621.0,4098,3736595,6701,3427986,10401,6903856
2021-06-27 15:00:00,2809,3478783,3520.0,3170885,185.0,260806.0,2994,3739589,3705,3431691,6514,6910370
2021-06-28 15:00:00,4918,3483701,6385.0,3177270,539.0,261345.0,5457,3745046,6924,3438615,11842,6922212
2021-06-29 15:00:00,5061,3488762,6472.0,3183742,519.0,261864.0,5580,3750626,6991,3445606,12052,6934264
2021-06-30 15:00:00,5614,3494376,7384.0,3191126,605.0,262469.0,6219,3756845,7989,3453595,13603,6947867
2021-07-01 15:00:00,5399,3499775,6985.0,3198111,499.0,262968.0,5898,3762743,7484,3461079,12883,6960750
2021-07-02 15:00:00,5290,3505065,6836.0,3204947,524.0,263492.0,5814,3768557,7360,3468439,12650,6973400
2021-07-03 15:00:00,3269,3508334,4065.0,3209012,264.0,263756.0,3533,3772090,4329,3472768,7598,6980998
2021-07-04 15:00:00,494,3508828,545.0,3209557,67.0,263823.0,561,3772651,612,3473380,1106,6982104
2021-07-05 15:00:00,3763,3512591,3952.0,3213509,287.0,264110.0,4050,3776701,4239,3477619,8002,6990106
2021-07-06 15:00:00,4490,3517081,6266.0,3219775,452.0,264562.0,4942,3781643,6718,3484337,11208,7001314
2021-07-07 15:00:00,4467,3521548,6410.0,3226185,482.0,265044.0,4949,3786592,6892,3491229,11359,7012673
2021-07-08 15:00:00,4834,3526382,6166.0,3232351,564.0,265608.0,5398,3791990,6730,3497959,11564,7024237
2021-07-09 15:00:00,5363,3531745,6661.0,3239012,573.0,266181.0,5936,3797926,7234,3505193,12597,7036834
2021-07-10 15:00:00,3516,3535261,4406.0,3243418,303.0,266484.0,3819,3801745,4709,3509902,8225,7045059
2021-07-11 15:00:00,2676,3537937,2565.0,3245983,225.0,266709.0,2901,3804646,2790,3512692,5466,7050525
2021-07-12 15:00:00,4417,3542354,5118.0,3251101,379.0,267088.0,4796,3809442,5497,3518189,9914,7060439
2021-07-13 15:00:00,4658,3547012,4721.0,3255822,366.0,267454.0,5024,3814466,5087,3523276,9745,7070184
2021-07-14 15:00:00,4616,3551628,5279.0,3261101,421.0,267875.0,5037,3819503,5700,3528976,10316,7080500
2021-07-15 15:00:00,4900,3556528,5015.0,3266116,359.0,268234.0,5259,3824762,5374,3534350,10274,7090774
2021-07-16 15:00:00,6274,3562802,5836.0,3271952,405.0,268639.0,6679,3831441,6241,3540591,12515,7103289
2021-07-17 15:00:00,3415,3566217,3548.0,3275500,303.0,268942.0,3718,3835159,3851,3544442,7266,7110555
2021-07-18 15:00:00,2310,3568527,2377.0,3277877,110.0,269052.0,2420,3837579,2487,3546929,4797,7115352
2021-07-19 15:00:00,5138,3573665,4609.0,3282486,381.0,269433.0,5519,3843098,4990,3551919,10128,7125480
2021-07-20 15:00:00,5332,3578997,4714.0,3287200,366.0,269799.0,5698,3848796,5080,3556999,10412,7135892
2021-07-21 15:00:00,5659,3584656,4940.0,3292140,416.0,270215.0,6075,3854871,5356,3562355,11015,7146907
2021-07-22 15:00:00,6022,3590678,4636.0,3296776,472.0,270687.0,6494,3861365,5108,3567463,11130,7158037
2021-07-23 15:00:00,6840,3597518,4843.0,3301619,497.0,271184.0,7337,3868702,5340,3572803,12180,7170217
2021-07-24 15:00:00,4280,3601798,3200.0,3304819,267.0,271451.0,4547,3873249,3467,3576270,7747,7177964
2021-07-25 15:00:00,3297,3605095,1113.0,3305932,139.0,271590.0,3436,3876685,1252,3577522,4549,7182513
2021-07-26 15:00:00,6213,3611308,3905.0,3309837,419.0,272009.0,6632,3883317,4324,3581846,10537,7193050
2021-07-27 15:00:00,6601,3617909,4277.0,3314114,457.0,272466.0,7058,3890375,4734,3586580,11335,7204385
2021-07-28 15:00:00,7076,3624985,4138.0,3318252,460.0,272926.0,7536,3897911,4598,3591178,11674,7216059
2021-07-29 15:00:00,7074,3632059,4300.0,3322552,419.0,273345.0,7493,3905404,4719,3595897,11793,7227852
2021-07-30 15:00:00,7812,3639871,4800.0,3327352,525.0,273870.0,8337,3913741,5325,3601222,13137,7240989
2021-07-31 15:00:00,4792,3644663,3074.0,3330426,273.0,274143.0,5065,3918806,3347,3604569,8139,7249128
2021-08-01 15:00:00,3880,3648543,2156.0,3332582,163.0,274306.0,4043,3922849,2319,3606888,6199,7255327
2021-08-02 15:00:00,7262,3655805,3838.0,3336420,340.0,274646.0,7602,3930451,4178,3611066,11440,7266767
2021-08-03 15:00:00,7260,3663065,4090.0,3340510,515.0,275161.0,7775,3938226,4605,3615671,11865,7278632
2021-08-04 15:00:00,7420,3670485,4117.0,3344627,535.0,275696.0,7955,3946181,4652,3620323,12072,7290704
2021-08-05 15:00:00,7940,3678425,4292.0,3348919,537.0,276233.0,8477,3954658,4829,3625152,12769,7303473
2021-08-06 15:00:00,8323,3686748,4729.0,3353648,454.0,276687.0,8777,3963435,5183,3630335,13506,7316979
2021-08-07 15:00:00,5293,3692041,2832.0,3356480,263.0,276950.0,5556,3968991,3095,3633430,8388,7325367
2021-08-08 15:00:00,3972,3696013,2060.0,3358540,143.0,277093.0,4115,3973106,2203,3635633,6175,7331542
2021-08-09 15:00:00,6930,3702943,4534.0,3363074,369.0,277462.0,7299,3980405,4903,3640536,11833,7343375
2021-08-10 15:00:00,7134,3710077,4458.0,3367532,339.0,277801.0,7473,3987878,4797,3645333,11931,7355306
2021-08-11 15:00:00,7057,3717134,4436.0,3371968,442.0,278243.0,7499,3995377,4878,3650211,11935,7367241
2021-08-12 15:00:00,8607,3725741,4734.0,3376702,445.0,278688.0,9052,4004429,5179,3655390,13786,7381027
2021-08-13 15:00:00,7139,3732880,5366.0,3382068,397.0,279085.0,7536,4011965,5763,3661153,12902,7393929
2021-08-14 15:00:00,4914,3737794,3342.0,3385410,285.0,279370.0,5199,4017164,3627,3664780,8541,7402470
2021-08-15 15:00:00,3328,3741122,2736.0,3388146,163.0,279533.0,3491,4020655,2899,3667679,6227,7408697
2021-08-16 15:00:00,5436,3746558,5093.0,3393239,353.0,279886.0,5789,4026444,5446,3673125,10882,7419579
2021-08-17 15:00:00,6812,3753370,5360.0,3398599,390.0,280276.0,7202,4033646,5750,3678875,12562,7432141
2021-08-18 15:00:00,6324,3759694,5499.0,3404098,481.0,280757.0,6805,4040451,5980,3684855,12304,7444445
2021-08-19 15:00:00,6211,3765905,5553.0,3409651,416.0,281173.0,6627,4047078,5969,3690824,12180,7456625
2021-08-20 15:00:00,6832,3772737,6544.0,3416195,401.0,281574.0,7233,4054311,6945,3697769,13777,7470402
2021-08-21 15:00:00,4323,3777060,3916.0,3420111,228.0,281802.0,4551,4058862,4144,3701913,8467,7478869
2021-08-22 15:00:00,3060,3780120,3171.0,3423282,110.0,281912.0,3170,4062032,3281,3705194,6341,7485210
2021-08-23 15:00:00,5985,3786105,6090.0,3429372,285.0,282197.0,6270,4068302,6375,3711569,12360,7497570
2021-08-24 15:00:00,6544,3792649,6054.0,3435426,425.0,282622.0,6969,4075271,6479,3718048,13023,7510593
2021-08-25 15:00:00,6712,3799361,6219.0,3441645,441.0,283063.0,7153,4082424,6660,3724708,13372,7523965
2021-08-26 15:00:00,6966,3806327,6645.0,3448290,428.0,283491.0,7394,4089818,7073,3731781,14039,7538004
2021-08-27 15:00:00,6825,3813152,7064.0,3455354,316.0,283807.0,7141,4096959,7380,3739161,14205,7552209
2021-08-28 15:00:00,6898,3820050,6515.0,3461869,324.0,284131.0,7222,4104181,6839,3746000,13737,7565946
2021-08-29 15:00:00,3736,3823786,3687.0,3465556,610.0,284741.0,4346,4108527,4297,3750297,8033,7573979
2021-08-30 15:00:00,5925,3829711,6118.0,3471674,960.0,285701.0,6885,4115412,7078,3757375,13003,7586982
2021-08-31 15:00:00,5897,3835608,6050.0,3477724,946.0,286647.0,6843,4122255,6996,3764371,12893,7599875
2021-09-01 15:00:00,5588,3841196,5651.0,3483375,915.0,287562.0,6503,4128758,6566,3770937,12154,7612029
2021-09-02 15:00:00,5529,3846725,5920.0,3489295,707.0,288269.0,6236,4134994,6627,3777564,12156,7624185
2021-09-03 15:00:00,5990,3852715,6926.0,3496221,973.0,289242.0,6963,4141957,7899,3785463,13889,7638074
2021-09-04 15:00:00,3726,3856441,4346.0,3500567,879.0,290121.0,4605,4146562,5225,3790688,8951,7647025
2021-09-05 15:00:00,2954,3859395,2807.0,3503374,106.0,290227.0,3060,4149622,2913,3793601,5867,7652892
2021-09-06 15:00:00,1059,3860454,1154.0,3504528,65.0,290292.0,1124,4150746,1219,3794820,2278,7655170
2021-09-07 15:00:00,5342,3865796,7299.0,3511827,2303.0,292595.0,7645,4158391,9602,3804422,14944,7670114
2021-09-08 15:00:00,4653,3870449,5470.0,3517297,364.0,292959.0,5017,4163408,5834,3810256,10487,7680601
2021-09-09 15:00:00,5017,3875466,5454.0,3522751,324.0,293283.0,5341,4168749,5778,3816034,10795,7691396
2021-09-10 15:00:00,6520,3881986,6647.0,3529398,1719.0,295002.0,8239,4176988,8366,3824400,14886,7706282
2021-09-11 15:00:00,4172,3886158,4332.0,3533730,666.0,295668.0,4838,4181826,4998,3829398,9170,7715452
2021-09-12 15:00:00,3171,3889329,3241.0,3536971,436.0,296104.0,3607,4185433,3677,3833075,6848,7722300
2021-09-13 15:00:00,4882,3894211,5064.0,3542035,346.0,296450.0,5228,4190661,5410,3838485,10292,7732592
2021-09-14 15:00:00,4773,3898984,5438.0,3547473,436.0,296886.0,5209,4195870,5874,3844359,10647,7743239
2021-09-15 15:00:00,5033,3904017,5867.0,3553340,389.0,297275.0,5422,4201292,6256,3850615,11289,7754528
2021-09-16 15:00:00,4806,3908823,5844.0,3559184,336.0,297611.0,5142,4206434,6180,3856795,10986,7765514
2021-09-17 15:00:00,5257,3914080,6582.0,3565766,344.0,297955.0,5601,4212035,6926,3863721,12183,7777697
2021-09-18 15:00:00,3801,3917881,4576.0,3570342,185.0,298140.0,3986,4216021,4761,3868482,8562,7786259
2021-09-19 15:00:00,2742,3920623,3168.0,3573510,75.0,298215.0,2817,4218838,3243,3871725,5985,7792244
2021-09-20 15:00:00,3749,3924372,4678.0,3578188,430.0,298645.0,4179,4223017,5108,3876833,8857,7801101
2021-09-21 15:00:00,4004,3928376,4999.0,3583187,327.0,298972.0,4331,4227348,5326,3882159,9330,7810431
2021-09-22 15:00:00,4194,3932570,4772.0,3587959,458.0,299430.0,4652,4232000,5230,3887389,9424,7819855
2021-09-23 15:00:00,4174,3936744,4731.0,3592690,492.0,299922.0,4666,4236666,5223,3892612,9397,7829252
2021-09-24 15:00:00,5077,3941821,5606.0,3598296,422.0,300344.0,5499,4242165,6028,3898640,11105,7840357
2021-09-25 15:00:00,3627,3945448,3632.0,3601928,384.0,300728.0,4011,4246176,4016,3902656,7643,7848000
2021-09-26 15:00:00,2356,3947804,2666.0,3604594,425.0,301153.0,2781,4248957,3091,3905747,5447,7853447
2021-09-27 15:00:00,4505,3952309,2708.0,3607302,511.0,301664.0,5016,4253973,3219,3908966,7724,7861171
2021-09-28 15:00:00,4399,3956708,4455.0,3611757,211.0,301875.0,4610,4258583,4666,3913632,9065,7870236
2021-09-29 15:00:00,4699,3961407,4510.0,3616267,920.0,302795.0,5619,4264202,5430,3919062,10129,7880365
2021-09-30 15:00:00,4887,3966294,4560.0,3620827,795.0,303590.0,5682,4269884,5355,3924417,10242,7890607
2021-10-01 15:00:00,5501,3971795,5333.0,3626160,783.0,304373.0,6284,4276168,6116,3930533,11617,7902224
2021-10-02 15:00:00,2936,3974731,2896.0,3629056,187.0,304560.0,3123,4279291,3083,3933616,6019,7908243
2021-10-03 15:00:00,2073,3976804,2376.0,3631432,86.0,304646.0,2159,4281450,2462,3936078,4535,7912778
2021-10-04 15:00:00,4019,3980823,3499.0,3634931,232.0,304878.0,4251,4285701,3731,3939809,7750,7920528
2021-10-05 15:00:00,3959,3984782,3661.0,3638592,207.0,305085.0,4166,4289867,3868,3943677,7827,7928355
2021-10-06 15:00:00,4024,3988806,3578.0,3642170,265.0,305350.0,4289,4294156,3843,3947520,7867,7936222
2021-10-07 15:00:00,4232,3993038,3626.0,3645796,331.0,305681.0,4563,4298719,3957,3951477,8189,7944411
2021-10-08 15:00:00,4773,3997811,4287.0,3650083,282.0,305963.0,5055,4303774,4569,3956046,9342,7953753
2021-10-09 15:00:00,2690,4000501,2681.0,3652764,270.0,306233.0,2960,4306734,2951,3958997,5641,7959394
2021-10-10 15:00:00,1865,4002366,1848.0,3654612,59.0,306292.0,1924,4308658,1907,3960904,3772,7963166
2021-10-11 15:00:00,4217,4006583,3334.0,3657946,249.0,306541.0,4466,4313124,3583,3964487,7800,7970966
2021-10-12 15:00:00,3590,4010173,3526.0,3661472,273.0,306814.0,3863,4316987,3799,3968286,7389,7978355
2021-10-13 15:00:00,3958,4014131,3457.0,3664929,346.0,307160.0,4304,4321291,3803,3972089,7761,7986116
2021-10-14 15:00:00,5166,4019297,5487.0,3670416,429.0,307589.0,5595,4326886,5916,3978005,11082,7997198
2021-10-15 15:00:00,4708,4024005,4590.0,3675006,347.0,307936.0,5055,4331941,4937,3982942,9645,8006843
2021-10-16 15:00:00,2497,4026502,2507.0,3677513,290.0,308226.0,2787,4334728,2797,3985739,5294,8012137
2021-10-17 15:00:00,1805,4028307,1776.0,3679289,55.0,308281.0,1860,4336588,1831,3987570,3636,8015773
2021-10-18 15:00:00,4283,4032590,3579.0,3682868,267.0,308548.0,4550,4341138,3846,3991416,8129,8023902
2021-10-19 15:00:00,4301,4036891,4030.0,3686898,222.0,308770.0,4523,4345661,4252,3995668,8553,8032455
2021-10-20 15:00:00,3527,4040418,3426.0,3690324,254.0,309024.0,3781,4349442,3680,3999348,7207,8039662
2021-10-21 15:00:00,3299,4043717,3268.0,3693592,290.0,309314.0,3589,4353031,3558,4002906,6857,8046519
2021-10-22 15:00:00,4682,4048399,4035.0,3697627,476.0,309790.0,5158,4358189,4511,4007417,9193,8055712
2021-10-23 15:00:00,2887,4051286,2115.0,3699742,321.0,310111.0,3208,4361397,2436,4009853,5323,8061035
2021-10-24 15:00:00,2056,4053342,1559.0,3701301,78.0,310189.0,2134,4363531,1637,4011490,3693,8064728
2021-10-25 15:00:00,4544,4057886,3080.0,3704381,316.0,310505.0,4860,4368391,3396,4014886,7940,8072668
2021-10-26 15:00:00,4507,4062393,3096.0,3707477,310.0,310815.0,4817,4373208,3406,4018292,7913,8080581
2021-10-27 15:00:00,4735,4067128,3344.0,3710821,429.0,311244.0,5164,4378372,3773,4022065,8508,8089089
2021-10-28 15:00:00,4557,4071685,3367.0,3714188,498.0,311742.0,5055,4383427,3865,4025930,8422,8097511
2021-10-29 15:00:00,4976,4076661,3921.0,3718109,392.0,312134.0,5368,4388795,4313,4030243,9289,8106800
2021-10-30 15:00:00,2632,4079293,1845.0,3719954,308.0,312442.0,2940,4391735,2153,4032396,4785,8111585
2021-10-31 15:00:00,1938,4081231,1523.0,3721477,93.0,312535.0,2031,4393766,1616,4034012,3554,8115139
2021-11-01 15:00:00,4705,4085936,3427.0,3724904,342.0,312877.0,5047,4398813,3769,4037781,8474,8123613
2021-11-02 15:00:00,4255,4090191,2951.0,3727855,406.0,313283.0,4661,4403474,3357,4041138,7612,8131225
2021-11-03 15:00:00,4665,4094856,3061.0,3730916,458.0,313741.0,5123,4408597,3519,4044657,8184,8139409
2021-11-04 15:00:00,6315,4101171,3364.0,3734280,512.0,314253.0,6827,4415424,3876,4048533,10191,8149600
2021-11-05 15:00:00,8228,4109399,3771.0,3738051,409.0,314662.0,8637,4424061,4180,4052713,12408,8162008
2021-11-06 15:00:00,10186,4119585,1981.0,3740032,306.0,314968.0,10492,4434553,2287,4055000,12473,8174481
2021-11-07 15:00:00,7721,4127306,1469.0,3741501,94.0,315062.0,7815,4442368,1563,4056563,9284,8183765
2021-11-08 15:00:00,11293,4138599,3045.0,3744546,379.0,315441.0,11672,4454040,3424,4059987,14717,8198482
2021-11-09 15:00:00,11754,4150353,2660.0,3747206,269.0,315710.0,12023,4466063,2929,4062916,14683,8213165
2021-11-10 15:00:00,12578,4162931,2763.0,3749969,337.0,316047.0,12915,4478978,3100,4066016,15678,8228843
2021-11-11 15:00:00,11360,4174291,2382.0,3752351,281.0,316328.0,11641,4490619,2663,4068679,14023,8242866
2021-11-12 15:00:00,12285,4186576,3359.0,3755710,547.0,316875.0,12832,4503451,3906,4072585,16191,8259057
2021-11-13 15:00:00,9878,4196454,1591.0,3757301,342.0,317217.0,10220,4513671,1933,4074518,11811,8270868
2021-11-14 15:00:00,3923,4200377,1131.0,3758432,121.0,317338.0,4044,4517715,1252,4075770,5175,8276043
2021-11-15 15:00:00,8612,4208989,2527.0,3760959,204.0,317542.0,8816,4526531,2731,4078501,11343,8287386
2021-11-16 15:00:00,9229,4218218,2496.0,3763455,255.0,317797.0,9484,4536015,2751,4081252,11980,8299366
2021-11-17 15:00:00,9398,4227616,2880.0,3766335,312.0,318109.0,9710,4545725,3192,4084444,12590,8311956
2021-11-18 15:00:00,9295,4236911,2632.0,3768967,481.0,318590.0,9776,4555501,3113,4087557,12408,8324364
2021-11-19 15:00:00,9798,4246709,2922.0,3771889,381.0,318971.0,10179,4565680,3303,4090860,13101,8337465
2021-11-20 15:00:00,10630,4257339,1606.0,3773495,455.0,319426.0,11085,4576765,2061,4092921,12691,8350156
2021-11-21 15:00:00,4347,4261686,1200.0,3774695,99.0,319525.0,4446,4581211,1299,4094220,5646,8355802
2021-11-22 15:00:00,9815,4271501,2492.0,3777187,292.0,319817.0,10107,4591318,2784,4097004,12599,8368401
2021-11-23 15:00:00,9170,4280671,2402.0,3779589,280.0,320097.0,9450,4600768,2682,4099686,11852,8380253
2021-11-24 15:00:00,8152,4288823,2446.0,3782035,216.0,320313.0,8368,4609136,2662,4102348,10814,8391067
2021-11-25 15:00:00,238,4289061,77.0,3782112,10.0,320323.0,248,4609384,87,4102435,325,8391392
2021-11-26 15:00:00,5652,4294713,3961.0,3786073,152.0,320475.0,5804,4615188,4113,4106548,9765,8401157
2021-11-27 15:00:00,3771,4298484,5467.0,3791540,134.0,320609.0,3905,4619093,5601,4112149,9372,8410529
2021-11-28 15:00:00,2414,4300898,6383.0,3797923,77.0,320686.0,2491,4621584,6460,4118609,8874,8419403
2021-11-29 15:00:00,6378,4307276,9278.0,3807201,379.0,321065.0,6757,4628341,9657,4128266,16035,8435438
2021-11-30 15:00:00,6247,4313523,9301.0,3816502,264.0,321329.0,6511,4634852,9565,4137831,15812,8451250
2021-12-01 15:00:00,7272,4320795,9661.0,3826163,306.0,321635.0,7578,4642430,9967,4147798,17239,8468489
2021-12-02 15:00:00,6913,4327708,8764.0,3834927,450.0,322085.0,7363,4649793,9214,4157012,16127,8484616
2021-12-03 15:00:00,7583,4335291,9249.0,3844176,250.0,322335.0,7833,4657626,9499,4166511,17082,8501698
2021-12-04 15:00:00,5954,4341245,10025.0,3854201,465.0,322800.0,6419,4664045,10490,4177001,16444,8518142
2021-12-05 15:00:00,3469,4344714,3287.0,3857488,77.0,322877.0,3546,4667591,3364,4180365,6833,8524975
2021-12-06 15:00:00,6753,4351467,7106.0,3864594,277.0,323154.0,7030,4674621,7383,4187748,14136,8539111
2021-12-07 15:00:00,6407,4357874,7016.0,3871610,249.0,323403.0,6656,4681277,7265,4195013,13672,8552783
2021-12-08 15:00:00,6933,4364807,7418.0,3879028,316.0,323719.0,7249,4688526,7734,4202747,14667,8567450
2021-12-09 15:00:00,6515,4371322,6999.0,3886027,397.0,324116.0,6912,4695438,7396,4210143,13911,8581361
2021-12-10 15:00:00,7248,4378570,7315.0,3893342,229.0,324345.0,7477,4702915,7544,4217687,14792,8596153
2021-12-11 15:00:00,4460,4383030,7662.0,3901004,333.0,324678.0,4793,4707708,7995,4225682,12455,8608608
2021-12-12 15:00:00,4002,4387032,2783.0,3903787,60.0,324738.0,4062,4711770,2843,4228525,6845,8615453
2021-12-13 15:00:00,5695,4392727,5757.0,3909544,243.0,324981.0,5938,4717708,6000,4234525,11695,8627148
2021-12-14 15:00:00,6446,4399173,5923.0,3915467,221.0,325202.0,6667,4724375,6144,4240669,12590,8639738
2021-12-15 15:00:00,7139,4406312,5684.0,3921151,252.0,325454.0,7391,4731766,5936,4246605,13075,8652813
2021-12-16 15:00:00,7848,4414160,2806.0,3923957,421.0,325875.0,8269,4740035,3227,4249832,11075,8663888
2021-12-17 15:00:00,7794,4421954,4153.0,3928110,195.0,326070.0,7989,4748024,4348,4254180,12142,8676030
2021-12-18 15:00:00,5823,4427777,3187.0,3931297,298.0,326368.0,6121,4754145,3485,4257665,9308,8685338
2021-12-19 15:00:00,3381,4431158,1342.0,3932639,36.0,326404.0,3417,4757562,1378,4259043,4759,8690097
2021-12-20 15:00:00,8063,4439221,3753.0,3936392,173.0,326577.0,8236,4765798,3926,4262969,11989,8702086
2021-12-21 15:00:00,8982,4448203,4146.0,3940538,173.0,326750.0,9155,4774953,4319,4267288,13301,8715387
2021-12-22 15:00:00,8682,4456885,3853.0,3944391,184.0,326934.0,8866,4783819,4037,4271325,12719,8728106
2021-12-23 15:00:00,8400,4465285,3546.0,3947937,359.0,327293.0,8759,4792578,3905,4275230,12305,8740411
2021-12-24 15:00:00,1631,4466916,1004.0,3948941,39.0,327332.0,1670,4794248,1043,4276273,2674,8743085
2021-12-25 15:00:00,51,4466967,35.0,3948976,1.0,327333.0,52,4794300,36,4276309,87,8743172
2021-12-26 15:00:00,2519,4469486,1746.0,3950722,44.0,327377.0,2563,4796863,1790,4278099,4309,8747481
2021-12-27 15:00:00,7179,4476665,3982.0,3954704,296.0,327673.0,7475,4804338,4278,4282377,11457,8758938
2021-12-28 15:00:00,7847,4484512,3810.0,3958514,175.0,327848.0,8022,4812360,3985,4286362,11832,8770770
2021-12-29 15:00:00,8183,4492695,4011.0,3962525,155.0,328003.0,8338,4820698,4166,4290528,12349,8783119
2021-12-30 15:00:00,7458,4500153,3766.0,3966291,288.0,328291.0,7746,4828444,4054,4294582,11512,8794631
2021-12-31 15:00:00,2557,4502710,1524.0,3967815,92.0,328383.0,2649,4831093,1616,4296198,4173,8798804
2022-01-01 15:00:00,736,4503446,344.0,3968159,33.0,328416.0,769,4831862,377,4296575,1113,8799917
2022-01-02 15:00:00,2211,4505657,1645.0,3969804,47.0,328463.0,2258,4834120,1692,4298267,3903,8803820
2022-01-03 15:00:00,3393,4509050,2063.0,3971867,221.0,328684.0,3614,4837734,2284,4300551,5677,8809497
2022-01-04 15:00:00,5826,4514876,3455.0,3975322,162.0,328846.0,5988,4843722,3617,4304168,9443,8818940
2022-01-05 15:00:00,6820,4521696,4686.0,3980008,175.0,329021.0,6995,4850717,4861,4309029,11681,8830621
2022-01-06 15:00:00,6747,4528443,4802.0,3984810,263.0,329284.0,7010,4857727,5065,4314094,11812,8842433
2022-01-07 15:00:00,5935,4534378,3742.0,3988552,159.0,329443.0,6094,4863821,3901,4317995,9836,8852269
2022-01-08 15:00:00,4792,4539170,3905.0,3992457,78.0,329521.0,4870,4868691,3983,4321978,8775,8861044
2022-01-09 15:00:00,2755,4541925,2014.0,3994471,154.0,329675.0,2909,4871600,2168,4324146,4923,8865967
2022-01-10 15:00:00,6293,4548218,3835.0,3998306,155.0,329830.0,6448,4878048,3990,4328136,10283,8876250
2022-01-11 15:00:00,6529,4554747,4263.0,4002569,141.0,329971.0,6670,4884718,4404,4332540,10933,8887183
2022-01-12 15:00:00,6785,4561532,4444.0,4007013,225.0,330196.0,7010,4891728,4669,4337209,11454,8898637
2022-01-13 15:00:00,6589,4568121,4419.0,4011432,150.0,330346.0,6739,4898467,4569,4341778,11158,8909795
2022-01-14 15:00:00,7169,4575290,3264.0,4014696,252.0,330598.0,7421,4905888,3516,4345294,10685,8920480
2022-01-15 15:00:00,4129,4579419,1673.0,4016369,70.0,330668.0,4199,4910087,1743,4347037,5872,8926352
2022-01-16 15:00:00,2184,4581603,1309.0,4017678,116.0,330784.0,2300,4912387,1425,4348462,3609,8929961
2022-01-17 15:00:00,3603,4585206,2359.0,4020037,74.0,330858.0,3677,4916064,2433,4350895,6036,8935997
2022-01-18 15:00:00,5264,4590470,4160.0,4024197,100.0,330958.0,5364,4921428,4260,4355155,9524,8945521
2022-01-19 15:00:00,5247,4595717,4452.0,4028649,96.0,331054.0,5343,4926771,4548,4359703,9795,8955316
2022-01-20 15:00:00,4467,4600184,3579.0,4032228,176.0,331230.0,4643,4931414,3755,4363458,8222,8963538
2022-01-21 15:00:00,5475,4605659,2880.0,4035108,123.0,331353.0,5598,4937012,3003,4366461,8478,8972016
2022-01-22 15:00:00,3368,4609027,1702.0,4036810,133.0,331486.0,3501,4940513,1835,4368296,5203,8977219
2022-01-23 15:00:00,1925,4610952,1464.0,4038274,23.0,331509.0,1948,4942461,1487,4369783,3412,8980631
2022-01-24 15:00:00,4057,4615009,2725.0,4040999,82.0,331591.0,4139,4946600,2807,4372590,6864,8987495
2022-01-25 15:00:00,3715,4618724,3243.0,4044242,89.0,331680.0,3804,4950404,3332,4375922,7047,8994542
2022-01-26 15:00:00,3777,4622501,3600.0,4047842,90.0,331770.0,3867,4954271,3690,4379612,7467,9002009
2022-01-27 15:00:00,3521,4626022,3688.0,4051530,182.0,331952.0,3703,4957974,3870,4383482,7391,9009400
2022-01-28 15:00:00,3487,4629509,2924.0,4054454,67.0,332019.0,3554,4961528,2991,4386473,6478,9015878
2022-01-29 15:00:00,970,4630479,1268.0,4055722,100.0,332119.0,1070,4962598,1368,4387841,2338,9018216
