VACCINATION_DATE,FirstDailyDose,FirstDoseCumulative,SecondDailyDose,SecondDoseCumulative,SingleDailyDose,SingleDoseCumulative,AtleastOneVaccine,AtleastOneVaccineCumulative,CompletedVax,CompletedVaxCumulative,FirstSecondSingleVaccinations,FirstSecondSingleVaccinationsCumulative
2020-12-14 15:00:00,19,1491,,535,,,19,1491,0,535,19,1963
2020-12-15 15:00:00,62,1553,3.0,538,,,62,1553,3,538,65,2028
2020-12-16 15:00:00,597,2150,5.0,543,,,597,2150,5,543,602,2630
2020-12-17 15:00:00,1171,3321,8.0,551,,,1171,3321,8,551,1179,3809
2020-12-18 15:00:00,3032,6353,12.0,563,,,3032,6353,12,563,3044,6853
2020-12-19 15:00:00,930,7283,7.0,570,,,930,7283,7,570,937,7790
2020-12-20 15:00:00,370,7653,6.0,576,,,370,7653,6,576,376,8166
2020-12-21 15:00:00,3901,11554,27.0,603,,,3901,11554,27,603,3928,12094
2020-12-22 15:00:00,6329,17883,30.0,633,,,6329,17883,30,633,6359,18453
2020-12-23 15:00:00,5796,23679,41.0,674,,,5796,23679,41,674,5837,24290
2020-12-24 15:00:00,2730,26409,15.0,689,,,2730,26409,15,689,2745,27035
2020-12-25 15:00:00,1035,27444,4.0,693,,,1035,27444,4,693,1039,28074
2020-12-26 15:00:00,1887,29331,10.0,703,,,1887,29331,10,703,1897,29971
2020-12-27 15:00:00,1804,31135,12.0,715,,,1804,31135,12,715,1816,31787
2020-12-28 15:00:00,8997,40132,52.0,767,,,8997,40132,52,767,9049,40836
2020-12-29 15:00:00,10980,51112,54.0,821,,,10980,51112,54,821,11034,51870
2020-12-30 15:00:00,12511,63623,98.0,919,,,12511,63623,98,919,12609,64479
2020-12-31 15:00:00,7563,71186,48.0,967,,,7563,71186,48,967,7611,72090
2021-01-01 15:00:00,3419,74605,145.0,1112,,,3419,74605,145,1112,3564,75654
2021-01-02 15:00:00,3064,77669,34.0,1146,,,3064,77669,34,1146,3098,78752
2021-01-03 15:00:00,3418,81087,82.0,1228,,,3418,81087,82,1228,3500,82252
2021-01-04 15:00:00,13379,94466,343.0,1571,,,13379,94466,343,1571,13722,95974
2021-01-05 15:00:00,12497,106963,550.0,2121,,,12497,106963,550,2121,13047,109021
2021-01-06 15:00:00,15286,122249,871.0,2992,,,15286,122249,871,2992,16157,125178
2021-01-07 15:00:00,15054,137303,1790.0,4782,,,15054,137303,1790,4782,16844,142022
2021-01-08 15:00:00,24032,161335,2796.0,7578,,,24032,161335,2796,7578,26828,168850
2021-01-09 15:00:00,5188,166523,960.0,8538,,,5188,166523,960,8538,6148,174998
2021-01-10 15:00:00,2988,169511,389.0,8927,,,2988,169511,389,8927,3377,178375
2021-01-11 15:00:00,13749,183260,3488.0,12415,,,13749,183260,3488,12415,17237,195612
2021-01-12 15:00:00,17410,200670,5600.0,18015,,,17410,200670,5600,18015,23010,218622
2021-01-13 15:00:00,18638,219308,3942.0,21957,,,18638,219308,3942,21957,22580,241202
2021-01-14 15:00:00,17882,237190,1969.0,23926,,,17882,237190,1969,23926,19851,261053
2021-01-15 15:00:00,19515,256705,2041.0,25967,,,19515,256705,2041,25967,21556,282609
2021-01-16 15:00:00,5849,262554,1625.0,27592,,,5849,262554,1625,27592,7474,290083
2021-01-17 15:00:00,2129,264683,1480.0,29072,,,2129,264683,1480,29072,3609,293692
2021-01-18 15:00:00,7090,271773,3269.0,32341,,,7090,271773,3269,32341,10359,304051
2021-01-19 15:00:00,16965,288738,5421.0,37762,,,16965,288738,5421,37762,22386,326437
2021-01-20 15:00:00,21028,309766,5339.0,43101,,,21028,309766,5339,43101,26367,352804
2021-01-21 15:00:00,23837,333603,3875.0,46976,,,23837,333603,3875,46976,27712,380516
2021-01-22 15:00:00,28680,362283,3774.0,50750,,,28680,362283,3774,50750,32454,412970
2021-01-23 15:00:00,10133,372416,1949.0,52699,,,10133,372416,1949,52699,12082,425052
2021-01-24 15:00:00,3362,375778,1727.0,54426,,,3362,375778,1727,54426,5089,430141
2021-01-25 15:00:00,16317,392095,8627.0,63053,,,16317,392095,8627,63053,24944,455085
2021-01-26 15:00:00,17574,409669,8985.0,72038,,,17574,409669,8985,72038,26559,481644
2021-01-27 15:00:00,24448,434117,12586.0,84624,,,24448,434117,12586,84624,37034,518678
2021-01-28 15:00:00,22668,456785,9347.0,93971,,,22668,456785,9347,93971,32015,550693
2021-01-29 15:00:00,24800,481585,7944.0,101915,,,24800,481585,7944,101915,32744,583437
2021-01-30 15:00:00,17798,499383,2572.0,104487,,,17798,499383,2572,104487,20370,603807
2021-01-31 15:00:00,3768,503151,1376.0,105863,,,3768,503151,1376,105863,5144,608951
2021-02-01 15:00:00,8212,511363,5443.0,111306,,,8212,511363,5443,111306,13655,622606
2021-02-02 15:00:00,12531,523894,13848.0,125154,,,12531,523894,13848,125154,26379,648985
2021-02-03 15:00:00,18282,542176,18157.0,143311,,,18282,542176,18157,143311,36439,685424
2021-02-04 15:00:00,22154,564330,15807.0,159118,,,22154,564330,15807,159118,37961,723385
2021-02-05 15:00:00,20426,584756,17456.0,176574,,,20426,584756,17456,176574,37882,761267
2021-02-06 15:00:00,11388,596144,14543.0,191117,,,11388,596144,14543,191117,25931,787198
2021-02-07 15:00:00,5994,602138,1953.0,193070,,,5994,602138,1953,193070,7947,795145
2021-02-08 15:00:00,13023,615161,12990.0,206060,,,13023,615161,12990,206060,26013,821158
2021-02-09 15:00:00,16674,631835,13897.0,219957,,,16674,631835,13897,219957,30571,851729
2021-02-10 15:00:00,19338,651173,21330.0,241287,,,19338,651173,21330,241287,40668,892397
2021-02-11 15:00:00,22951,674124,17396.0,258683,,,22951,674124,17396,258683,40347,932744
2021-02-12 15:00:00,20449,694573,19687.0,278370,,,20449,694573,19687,278370,40136,972880
2021-02-13 15:00:00,11476,706049,6434.0,284804,,,11476,706049,6434,284804,17910,990790
2021-02-14 15:00:00,7122,713171,2142.0,286946,,,7122,713171,2142,286946,9264,1000054
2021-02-15 15:00:00,11773,724944,13356.0,300302,,,11773,724944,13356,300302,25129,1025183
2021-02-16 15:00:00,16658,741602,21045.0,321347,,,16658,741602,21045,321347,37703,1062886
2021-02-17 15:00:00,20692,762294,26401.0,347748,,,20692,762294,26401,347748,47093,1109979
2021-02-18 15:00:00,3207,765501,4633.0,352381,,,3207,765501,4633,352381,7840,1117819
2021-02-19 15:00:00,10269,775770,19947.0,372328,,,10269,775770,19947,372328,30216,1148035
2021-02-20 15:00:00,10323,786093,20326.0,392654,,,10323,786093,20326,392654,30649,1178684
2021-02-21 15:00:00,6195,792288,7673.0,400327,,,6195,792288,7673,400327,13868,1192552
2021-02-22 15:00:00,8051,800339,15504.0,415831,,,8051,800339,15504,415831,23555,1216107
2021-02-23 15:00:00,15544,815883,15993.0,431824,,,15544,815883,15993,431824,31537,1247644
2021-02-24 15:00:00,18008,833891,24854.0,456678,,,18008,833891,24854,456678,42862,1290506
2021-02-25 15:00:00,20407,854298,26604.0,483282,,,20407,854298,26604,483282,47011,1337517
2021-02-26 15:00:00,26701,880999,26289.0,509571,,,26701,880999,26289,509571,52990,1390507
2021-02-27 15:00:00,16034,897033,11170.0,520741,,,16034,897033,11170,520741,27204,1417711
2021-02-28 15:00:00,15528,912561,4898.0,525639,,,15528,912561,4898,525639,20426,1438137
2021-03-01 15:00:00,27308,939869,12702.0,538341,,,27308,939869,12702,538341,40010,1478147
2021-03-02 15:00:00,24011,963880,13312.0,551653,38.0,38.0,24049,963918,13350,551691,37361,1515508
2021-03-03 15:00:00,30261,994141,18435.0,570088,194.0,232.0,30455,994373,18629,570320,48890,1564398
2021-03-04 15:00:00,31024,1025165,18260.0,588348,4067.0,4299.0,35091,1029464,22327,592647,53351,1617749
2021-03-05 15:00:00,30107,1055272,19795.0,608143,4913.0,9212.0,35020,1064484,24708,617355,54815,1672564
2021-03-06 15:00:00,19009,1074281,9540.0,617683,6010.0,15222.0,25019,1089503,15550,632905,34559,1707123
2021-03-07 15:00:00,12157,1086438,4932.0,622615,6605.0,21827.0,18762,1108265,11537,644442,23694,1730817
2021-03-08 15:00:00,25935,1112373,8870.0,631485,8276.0,30103.0,34211,1142476,17146,661588,43081,1773898
2021-03-09 15:00:00,26158,1138531,15509.0,646994,8346.0,38449.0,34504,1176980,23855,685443,50013,1823911
2021-03-10 15:00:00,29899,1168430,16063.0,663057,7937.0,46386.0,37836,1214816,24000,709443,53899,1877810
2021-03-11 15:00:00,36028,1204458,16436.0,679493,3982.0,50368.0,40010,1254826,20418,729861,56446,1934256
2021-03-12 15:00:00,36928,1241386,18167.0,697660,2929.0,53297.0,39857,1294683,21096,750957,58024,1992280
2021-03-13 15:00:00,22675,1264061,10347.0,708007,1631.0,54928.0,24306,1318989,11978,762935,34653,2026933
2021-03-14 15:00:00,17845,1281906,6740.0,714747,1010.0,55938.0,18855,1337844,7750,770685,25595,2052528
2021-03-15 15:00:00,29904,1311810,11379.0,726126,599.0,56537.0,30503,1368347,11978,782663,41882,2094410
2021-03-16 15:00:00,33493,1345303,13597.0,739723,772.0,57309.0,34265,1402612,14369,797032,47862,2142272
2021-03-17 15:00:00,37649,1382952,17092.0,756815,1183.0,58492.0,38832,1441444,18275,815307,55924,2198196
2021-03-18 15:00:00,41483,1424435,12714.0,769529,1353.0,59845.0,42836,1484280,14067,829374,55550,2253746
2021-03-19 15:00:00,38393,1462828,15448.0,784977,1046.0,60891.0,39439,1523719,16494,845868,54887,2308633
2021-03-20 15:00:00,24745,1487573,10236.0,795213,705.0,61596.0,25450,1549169,10941,856809,35686,2344319
2021-03-21 15:00:00,19208,1506781,7914.0,803127,342.0,61938.0,19550,1568719,8256,865065,27464,2371783
2021-03-22 15:00:00,32613,1539394,11526.0,814653,835.0,62773.0,33448,1602167,12361,877426,44974,2416757
2021-03-23 15:00:00,38416,1577810,17885.0,832538,1557.0,64330.0,39973,1642140,19442,896868,57858,2474615
2021-03-24 15:00:00,41093,1618903,21270.0,853808,1388.0,65718.0,42481,1684621,22658,919526,63751,2538366
2021-03-25 15:00:00,42932,1661835,21760.0,875568,2455.0,68173.0,45387,1730008,24215,943741,67147,2605513
2021-03-26 15:00:00,36397,1698232,26730.0,902298,2495.0,70668.0,38892,1768900,29225,972966,65622,2671135
2021-03-27 15:00:00,26478,1724710,17335.0,919633,2489.0,73157.0,28967,1797867,19824,992790,46302,2717437
2021-03-28 15:00:00,17015,1741725,12695.0,932328,1615.0,74772.0,18630,1816497,14310,1007100,31325,2748762
2021-03-29 15:00:00,29727,1771452,26405.0,958733,1142.0,75914.0,30869,1847366,27547,1034647,57274,2806036
2021-03-30 15:00:00,40084,1811536,29105.0,987838,1865.0,77779.0,41949,1889315,30970,1065617,71054,2877090
2021-03-31 15:00:00,41032,1852568,34771.0,1022609,5749.0,83528.0,46781,1936096,40520,1106137,81552,2958642
2021-04-01 15:00:00,42530,1895098,41238.0,1063847,5767.0,89295.0,48297,1984393,47005,1153142,89535,3048177
2021-04-02 15:00:00,34956,1930054,32755.0,1096602,6135.0,95430.0,41091,2025484,38890,1192032,73846,3122023
2021-04-03 15:00:00,21186,1951240,19248.0,1115850,4395.0,99825.0,25581,2051065,23643,1215675,44829,3166852
2021-04-04 15:00:00,8306,1959546,10227.0,1126077,968.0,100793.0,9274,2060339,11195,1226870,19501,3186353
2021-04-05 15:00:00,27968,1987514,28990.0,1155067,6663.0,107456.0,34631,2094970,35653,1262523,63621,3249974
2021-04-06 15:00:00,39813,2027327,30534.0,1185601,10504.0,117960.0,50317,2145287,41038,1303561,80851,3330825
2021-04-07 15:00:00,36121,2063448,34380.0,1219981,13000.0,130960.0,49121,2194408,47380,1350941,83501,3414326
2021-04-08 15:00:00,42368,2105816,36172.0,1256153,13876.0,144836.0,56244,2250652,50048,1400989,92416,3506742
2021-04-09 15:00:00,34099,2139915,36379.0,1292532,14532.0,159368.0,48631,2299283,50911,1451900,85010,3591752
2021-04-10 15:00:00,23510,2163425,23192.0,1315724,7642.0,167010.0,31152,2330435,30834,1482734,54344,3646096
2021-04-11 15:00:00,17586,2181011,13303.0,1329027,10123.0,177133.0,27709,2358144,23426,1506160,41012,3687108
2021-04-12 15:00:00,24612,2205623,33297.0,1362324,10907.0,188040.0,35519,2393663,44204,1550364,68816,3755924
2021-04-13 15:00:00,126187,2331810,91369.0,1453693,3293.0,191333.0,129480,2523143,94662,1645026,220849,3976773
2021-04-14 15:00:00,40751,2372561,37861.0,1491554,213.0,191546.0,40964,2564107,38074,1683100,78825,4055598
2021-04-15 15:00:00,41429,2413990,39597.0,1531151,176.0,191722.0,41605,2605712,39773,1722873,81202,4136800
2021-04-16 15:00:00,37154,2451144,38913.0,1570064,25.0,191747.0,37179,2642891,38938,1761811,76092,4212892
2021-04-17 15:00:00,32817,2483961,22049.0,1592113,13.0,191760.0,32830,2675721,22062,1783873,54879,4267771
2021-04-18 15:00:00,20064,2504025,16217.0,1608330,5.0,191765.0,20069,2695790,16222,1800095,36286,4304057
2021-04-19 15:00:00,29892,2533917,36565.0,1644895,60.0,191825.0,29952,2725742,36625,1836720,66517,4370574
2021-04-20 15:00:00,32942,2566859,44520.0,1689415,59.0,191884.0,33001,2758743,44579,1881299,77521,4448095
2021-04-21 15:00:00,39847,2606706,47104.0,1736519,26.0,191910.0,39873,2798616,47130,1928429,86977,4535072
2021-04-22 15:00:00,35868,2642574,42737.0,1779256,16.0,191926.0,35884,2834500,42753,1971182,78621,4613693
2021-04-23 15:00:00,33152,2675726,40195.0,1819451,14.0,191940.0,33166,2867666,40209,2011391,73361,4687054
2021-04-24 15:00:00,26431,2702157,27938.0,1847389,81.0,192021.0,26512,2894178,28019,2039410,54450,4741504
2021-04-25 15:00:00,20219,2722376,11007.0,1858396,31.0,192052.0,20250,2914428,11038,2050448,31257,4772761
2021-04-26 15:00:00,27390,2749766,32785.0,1891181,201.0,192253.0,27591,2942019,32986,2083434,60376,4833137
2021-04-27 15:00:00,26673,2776439,33131.0,1924312,1097.0,193350.0,27770,2969789,34228,2117662,60901,4894038
2021-04-28 15:00:00,28934,2805373,39589.0,1963901,1367.0,194717.0,30301,3000090,40956,2158618,69890,4963928
2021-04-29 15:00:00,27071,2832444,39808.0,2003709,1463.0,196180.0,28534,3028624,41271,2199889,68342,5032270
2021-04-30 15:00:00,28207,2860651,32326.0,2036035,1650.0,197830.0,29857,3058481,33976,2233865,62183,5094453
2021-05-01 15:00:00,20787,2881438,26840.0,2062875,1057.0,198887.0,21844,3080325,27897,2261762,48684,5143137
2021-05-02 15:00:00,10274,2891712,17092.0,2079967,823.0,199710.0,11097,3091422,17915,2279677,28189,5171326
2021-05-03 15:00:00,12729,2904441,28707.0,2108674,1917.0,201627.0,14646,3106068,30624,2310301,43353,5214679
2021-05-04 15:00:00,13563,2918004,38725.0,2147399,1742.0,203369.0,15305,3121373,40467,2350768,54030,5268709
2021-05-05 15:00:00,19317,2937321,37805.0,2185204,1923.0,205292.0,21240,3142613,39728,2390496,59045,5327754
2021-05-06 15:00:00,16931,2954252,40607.0,2225811,1722.0,207014.0,18653,3161266,42329,2432825,59260,5387014
2021-05-07 15:00:00,17591,2971843,37040.0,2262851,1959.0,208973.0,19550,3180816,38999,2471824,56590,5443604
2021-05-08 15:00:00,10801,2982644,31242.0,2294093,1293.0,210266.0,12094,3192910,32535,2504359,43336,5486940
2021-05-09 15:00:00,5077,2987721,12259.0,2306352,695.0,210961.0,5772,3198682,12954,2517313,18031,5504971
2021-05-10 15:00:00,8961,2996682,31063.0,2337415,1362.0,212323.0,10323,3209005,32425,2549738,41386,5546357
2021-05-11 15:00:00,12186,3008868,30307.0,2367722,1441.0,213764.0,13627,3222632,31748,2581486,43934,5590291
2021-05-12 15:00:00,13948,3022816,38653.0,2406375,1918.0,215682.0,15866,3238498,40571,2622057,54519,5644810
2021-05-13 15:00:00,21845,3044661,33534.0,2439909,1347.0,217029.0,23192,3261690,34881,2656938,56726,5701536
2021-05-14 15:00:00,24393,3069054,30085.0,2469994,1775.0,218804.0,26168,3287858,31860,2688798,56253,5757789
2021-05-15 15:00:00,21954,3091008,25133.0,2495127,1490.0,220294.0,23444,3311302,26623,2715421,48577,5806366
2021-05-16 15:00:00,9093,3100101,17581.0,2512708,1115.0,221409.0,10208,3321510,18696,2734117,27789,5834155
2021-05-17 15:00:00,16842,3116943,28424.0,2541132,1950.0,223359.0,18792,3340302,30374,2764491,47216,5881371
2021-05-18 15:00:00,21263,3138206,30706.0,2571838,1943.0,225302.0,23206,3363508,32649,2797140,53912,5935283
2021-05-19 15:00:00,27675,3165881,32455.0,2604293,1632.0,226934.0,29307,3392815,34087,2831227,61762,5997045
2021-05-20 15:00:00,20815,3186696,33290.0,2637583,1965.0,228899.0,22780,3415595,35255,2866482,56070,6053115
2021-05-21 15:00:00,19167,3205863,30379.0,2667962,1609.0,230508.0,20776,3436371,31988,2898470,51155,6104270
2021-05-22 15:00:00,16955,3222818,20708.0,2688670,1269.0,231777.0,18224,3454595,21977,2920447,38932,6143202
2021-05-23 15:00:00,8812,3231630,11458.0,2700128,965.0,232742.0,9777,3464372,12423,2932870,21235,6164437
2021-05-24 15:00:00,13574,3245204,17790.0,2717918,1473.0,234215.0,15047,3479419,19263,2952133,32837,6197274
2021-05-25 15:00:00,13078,3258282,18723.0,2736641,1328.0,235543.0,14406,3493825,20051,2972184,33129,6230403
2021-05-26 15:00:00,18368,3276650,19701.0,2756342,1512.0,237055.0,19880,3513705,21213,2993397,39581,6269984
2021-05-27 15:00:00,11699,3288349,18714.0,2775056,1120.0,238175.0,12819,3526524,19834,3013231,31533,6301517
2021-05-28 15:00:00,12418,3300767,19869.0,2794925,1402.0,239577.0,13820,3540344,21271,3034502,33689,6335206
2021-05-29 15:00:00,9516,3310283,11737.0,2806662,937.0,240514.0,10453,3550797,12674,3047176,22190,6357396
2021-05-30 15:00:00,4967,3315250,6446.0,2813108,596.0,241110.0,5563,3556360,7042,3054218,12009,6369405
2021-05-31 15:00:00,1779,3317029,3715.0,2816823,305.0,241415.0,2084,3558444,4020,3058238,5799,6375204
2021-06-01 15:00:00,9888,3326917,16507.0,2833330,1162.0,242577.0,11050,3569494,17669,3075907,27557,6402761
2021-06-02 15:00:00,10235,3337152,16838.0,2850168,962.0,243539.0,11197,3580691,17800,3093707,28035,6430796
2021-06-03 15:00:00,7899,3345051,21223.0,2871391,1089.0,244628.0,8988,3589679,22312,3116019,30211,6461007
2021-06-04 15:00:00,8197,3353248,22378.0,2893769,1121.0,245749.0,9318,3598997,23499,3139518,31696,6492703
2021-06-05 15:00:00,6998,3360246,19477.0,2913246,721.0,246470.0,7719,3606716,20198,3159716,27196,6519899
2021-06-06 15:00:00,3457,3363703,7264.0,2920510,426.0,246896.0,3883,3610599,7690,3167406,11147,6531046
2021-06-07 15:00:00,6862,3370565,15805.0,2936315,726.0,247622.0,7588,3618187,16531,3183937,23393,6554439
2021-06-08 15:00:00,6672,3377237,19747.0,2956062,831.0,248453.0,7503,3625690,20578,3204515,27250,6581689
2021-06-09 15:00:00,8198,3385435,24026.0,2980088,969.0,249422.0,9167,3634857,24995,3229510,33193,6614882
2021-06-10 15:00:00,7157,3392592,19152.0,2999240,895.0,250317.0,8052,3642909,20047,3249557,27204,6642086
2021-06-11 15:00:00,7493,3400085,17743.0,3016983,1126.0,251443.0,8619,3651528,18869,3268426,26362,6668448
2021-06-12 15:00:00,5244,3405329,14787.0,3031770,605.0,252048.0,5849,3657377,15392,3283818,20636,6689084
2021-06-13 15:00:00,1947,3407276,7639.0,3039409,427.0,252475.0,2374,3659751,8066,3291884,10013,6699097
2021-06-14 15:00:00,5656,3412932,11839.0,3051248,734.0,253209.0,6390,3666141,12573,3304457,18229,6717326
2021-06-15 15:00:00,5652,3418584,14358.0,3065606,873.0,254082.0,6525,3672666,15231,3319688,20883,6738209
2021-06-16 15:00:00,8732,3427316,21639.0,3087245,758.0,254840.0,9490,3682156,22397,3342085,31129,6769338
2021-06-17 15:00:00,6686,3434002,12387.0,3099632,720.0,255560.0,7406,3689562,13107,3355192,19793,6789131
2021-06-18 15:00:00,6838,3440840,12753.0,3112385,703.0,256263.0,7541,3697103,13456,3368648,20294,6809425
2021-06-19 15:00:00,4655,3445495,9391.0,3121776,614.0,256877.0,5269,3702372,10005,3378653,14660,6824085
2021-06-20 15:00:00,2513,3448008,5068.0,3126844,377.0,257254.0,2890,3705262,5445,3384098,7958,6832043
2021-06-21 15:00:00,5568,3453576,5343.0,3132187,636.0,257890.0,6204,3711466,5979,3390077,11547,6843590
2021-06-22 15:00:00,5351,3458927,9066.0,3141253,699.0,258589.0,6050,3717516,9765,3399842,15116,6858706
2021-06-23 15:00:00,6066,3464993,10361.0,3151614,645.0,259234.0,6711,3724227,11006,3410848,17072,6875778
2021-06-24 15:00:00,5932,3470925,8221.0,3159835,595.0,259829.0,6527,3730754,8816,3419664,14748,6890526
2021-06-25 15:00:00,5831,3476756,8672.0,3168507,619.0,260448.0,6450,3737204,9291,3428955,15122,6905648
2021-06-26 15:00:00,3707,3480463,6305.0,3174812,398.0,260846.0,4105,3741309,6703,3435658,10410,6916058
2021-06-27 15:00:00,2810,3483273,3525.0,3178337,185.0,261031.0,2995,3744304,3710,3439368,6520,6922578
2021-06-28 15:00:00,4928,3488201,6399.0,3184736,539.0,261570.0,5467,3749771,6938,3446306,11866,6934444
2021-06-29 15:00:00,5064,3493265,6490.0,3191226,524.0,262094.0,5588,3755359,7014,3453320,12078,6946522
2021-06-30 15:00:00,5639,3498904,7396.0,3198622,607.0,262701.0,6246,3761605,8003,3461323,13642,6960164
2021-07-01 15:00:00,5452,3504356,7009.0,3205631,505.0,263206.0,5957,3767562,7514,3468837,12966,6973130
2021-07-02 15:00:00,5306,3509662,6863.0,3212494,527.0,263733.0,5833,3773395,7390,3476227,12696,6985826
2021-07-03 15:00:00,3276,3512938,4076.0,3216570,264.0,263997.0,3540,3776935,4340,3480567,7616,6993442
2021-07-04 15:00:00,494,3513432,551.0,3217121,69.0,264066.0,563,3777498,620,3481187,1114,6994556
2021-07-05 15:00:00,3773,3517205,3955.0,3221076,287.0,264353.0,4060,3781558,4242,3485429,8015,7002571
2021-07-06 15:00:00,4493,3521698,6296.0,3227372,455.0,264808.0,4948,3786506,6751,3492180,11244,7013815
2021-07-07 15:00:00,4469,3526167,6431.0,3233803,483.0,265291.0,4952,3791458,6914,3499094,11383,7025198
2021-07-08 15:00:00,4837,3531004,6196.0,3239999,564.0,265855.0,5401,3796859,6760,3505854,11597,7036795
2021-07-09 15:00:00,5367,3536371,6695.0,3246694,574.0,266429.0,5941,3802800,7269,3513123,12636,7049431
2021-07-10 15:00:00,3528,3539899,4412.0,3251106,305.0,266734.0,3833,3806633,4717,3517840,8245,7057676
2021-07-11 15:00:00,2683,3542582,2582.0,3253688,227.0,266961.0,2910,3809543,2809,3520649,5492,7063168
2021-07-12 15:00:00,4429,3547011,5132.0,3258820,379.0,267340.0,4808,3814351,5511,3526160,9940,7073108
2021-07-13 15:00:00,4672,3551683,4733.0,3263553,366.0,267706.0,5038,3819389,5099,3531259,9771,7082879
2021-07-14 15:00:00,4634,3556317,5300.0,3268853,421.0,268127.0,5055,3824444,5721,3536980,10355,7093234
2021-07-15 15:00:00,4912,3561229,5029.0,3273882,359.0,268486.0,5271,3829715,5388,3542368,10300,7103534
2021-07-16 15:00:00,6284,3567513,5876.0,3279758,405.0,268891.0,6689,3836404,6281,3548649,12565,7116099
2021-07-17 15:00:00,3422,3570935,3555.0,3283313,304.0,269195.0,3726,3840130,3859,3552508,7281,7123380
2021-07-18 15:00:00,2312,3573247,2385.0,3285698,110.0,269305.0,2422,3842552,2495,3555003,4807,7128187
2021-07-19 15:00:00,5152,3578399,4618.0,3290316,383.0,269688.0,5535,3848087,5001,3560004,10153,7138340
2021-07-20 15:00:00,5349,3583748,4737.0,3295053,367.0,270055.0,5716,3853803,5104,3565108,10453,7148793
2021-07-21 15:00:00,5667,3589415,4969.0,3300022,415.0,270470.0,6082,3859885,5384,3570492,11051,7159844
2021-07-22 15:00:00,6034,3595449,4653.0,3304675,472.0,270942.0,6506,3866391,5125,3575617,11159,7171003
2021-07-23 15:00:00,6849,3602298,4856.0,3309531,499.0,271441.0,7348,3873739,5355,3580972,12204,7183207
2021-07-24 15:00:00,4286,3606584,3209.0,3312740,267.0,271708.0,4553,3878292,3476,3584448,7762,7190969
2021-07-25 15:00:00,3302,3609886,1122.0,3313862,140.0,271848.0,3442,3881734,1262,3585710,4564,7195533
2021-07-26 15:00:00,6223,3616109,3918.0,3317780,420.0,272268.0,6643,3888377,4338,3590048,10561,7206094
2021-07-27 15:00:00,6616,3622725,4307.0,3322087,459.0,272727.0,7075,3895452,4766,3594814,11382,7217476
2021-07-28 15:00:00,7095,3629820,4158.0,3326245,462.0,273189.0,7557,3903009,4620,3599434,11715,7229191
2021-07-29 15:00:00,7093,3636913,4330.0,3330575,420.0,273609.0,7513,3910522,4750,3604184,11843,7241034
2021-07-30 15:00:00,7837,3644750,4840.0,3335415,527.0,274136.0,8364,3918886,5367,3609551,13204,7254238
2021-07-31 15:00:00,4792,3649542,3089.0,3338504,274.0,274410.0,5066,3923952,3363,3612914,8155,7262393
2021-08-01 15:00:00,3918,3653460,2198.0,3340702,165.0,274575.0,4083,3928035,2363,3615277,6281,7268674
2021-08-02 15:00:00,7283,3660743,3852.0,3344554,342.0,274917.0,7625,3935660,4194,3619471,11477,7280151
2021-08-03 15:00:00,7281,3668024,4117.0,3348671,517.0,275434.0,7798,3943458,4634,3624105,11915,7292066
2021-08-04 15:00:00,7442,3675466,4132.0,3352803,536.0,275970.0,7978,3951436,4668,3628773,12110,7304176
2021-08-05 15:00:00,7962,3683428,4348.0,3357151,541.0,276511.0,8503,3959939,4889,3633662,12851,7317027
2021-08-06 15:00:00,8335,3691763,4763.0,3361914,454.0,276965.0,8789,3968728,5217,3638879,13552,7330579
2021-08-07 15:00:00,5305,3697068,2849.0,3364763,264.0,277229.0,5569,3974297,3113,3641992,8418,7338997
2021-08-08 15:00:00,3982,3701050,2063.0,3366826,146.0,277375.0,4128,3978425,2209,3644201,6191,7345188
2021-08-09 15:00:00,6963,3708013,4570.0,3371396,371.0,277746.0,7334,3985759,4941,3649142,11904,7357092
2021-08-10 15:00:00,7176,3715189,4507.0,3375903,340.0,278086.0,7516,3993275,4847,3653989,12023,7369115
2021-08-11 15:00:00,7108,3722297,4461.0,3380364,443.0,278529.0,7551,4000826,4904,3658893,12012,7381127
2021-08-12 15:00:00,8669,3730966,4775.0,3385139,446.0,278975.0,9115,4009941,5221,3664114,13890,7395017
2021-08-13 15:00:00,7190,3738156,5420.0,3390559,397.0,279372.0,7587,4017528,5817,3669931,13007,7408024
2021-08-14 15:00:00,4930,3743086,3357.0,3393916,287.0,279659.0,5217,4022745,3644,3673575,8574,7416598
2021-08-15 15:00:00,3332,3746418,2750.0,3396666,163.0,279822.0,3495,4026240,2913,3676488,6245,7422843
2021-08-16 15:00:00,5462,3751880,5107.0,3401773,354.0,280176.0,5816,4032056,5461,3681949,10923,7433766
2021-08-17 15:00:00,6832,3758712,5381.0,3407154,391.0,280567.0,7223,4039279,5772,3687721,12604,7446370
2021-08-18 15:00:00,6352,3765064,5532.0,3412686,481.0,281048.0,6833,4046112,6013,3693734,12365,7458735
2021-08-19 15:00:00,6241,3771305,5587.0,3418273,417.0,281465.0,6658,4052770,6004,3699738,12245,7470980
2021-08-20 15:00:00,6858,3778163,6578.0,3424851,401.0,281866.0,7259,4060029,6979,3706717,13837,7484817
2021-08-21 15:00:00,4349,3782512,3929.0,3428780,229.0,282095.0,4578,4064607,4158,3710875,8507,7493324
2021-08-22 15:00:00,3066,3785578,3179.0,3431959,111.0,282206.0,3177,4067784,3290,3714165,6356,7499680
2021-08-23 15:00:00,6005,3791583,6141.0,3438100,287.0,282493.0,6292,4074076,6428,3720593,12433,7512113
2021-08-24 15:00:00,6558,3798141,6104.0,3444204,426.0,282919.0,6984,4081060,6530,3727123,13088,7525201
2021-08-25 15:00:00,6738,3804879,6254.0,3450458,440.0,283359.0,7178,4088238,6694,3733817,13432,7538633
2021-08-26 15:00:00,6973,3811852,6688.0,3457146,428.0,283787.0,7401,4095639,7116,3740933,14089,7552722
2021-08-27 15:00:00,6850,3818702,7110.0,3464256,317.0,284104.0,7167,4102806,7427,3748360,14277,7566999
2021-08-28 15:00:00,6919,3825621,6544.0,3470800,329.0,284433.0,7248,4110054,6873,3755233,13792,7580791
2021-08-29 15:00:00,3747,3829368,3710.0,3474510,610.0,285043.0,4357,4114411,4320,3759553,8067,7588858
2021-08-30 15:00:00,5934,3835302,6158.0,3480668,960.0,286003.0,6894,4121305,7118,3766671,13052,7601910
2021-08-31 15:00:00,5910,3841212,6096.0,3486764,947.0,286950.0,6857,4128162,7043,3773714,12953,7614863
2021-09-01 15:00:00,5618,3846830,5743.0,3492507,918.0,287868.0,6536,4134698,6661,3780375,12279,7627142
2021-09-02 15:00:00,5531,3852361,5978.0,3498485,709.0,288577.0,6240,4140938,6687,3787062,12218,7639360
2021-09-03 15:00:00,6024,3858385,6985.0,3505470,977.0,289554.0,7001,4147939,7962,3795024,13986,7653346
2021-09-04 15:00:00,3734,3862119,4370.0,3509840,878.0,290432.0,4612,4152551,5248,3800272,8982,7662328
2021-09-05 15:00:00,2961,3865080,2819.0,3512659,106.0,290538.0,3067,4155618,2925,3803197,5886,7668214
2021-09-06 15:00:00,1060,3866140,1163.0,3513822,70.0,290608.0,1130,4156748,1233,3804430,2293,7670507
2021-09-07 15:00:00,5353,3871493,7325.0,3521147,2304.0,292912.0,7657,4164405,9629,3814059,14982,7685489
2021-09-08 15:00:00,4663,3876156,5507.0,3526654,364.0,293276.0,5027,4169432,5871,3819930,10534,7696023
2021-09-09 15:00:00,5027,3881183,5481.0,3532135,325.0,293601.0,5352,4174784,5806,3825736,10833,7706856
2021-09-10 15:00:00,6535,3887718,6683.0,3538818,1719.0,295320.0,8254,4183038,8402,3834138,14937,7721793
2021-09-11 15:00:00,4182,3891900,4354.0,3543172,666.0,295986.0,4848,4187886,5020,3839158,9202,7730995
2021-09-12 15:00:00,3175,3895075,3247.0,3546419,436.0,296422.0,3611,4191497,3683,3842841,6858,7737853
2021-09-13 15:00:00,4896,3899971,5086.0,3551505,347.0,296769.0,5243,4196740,5433,3848274,10329,7748182
2021-09-14 15:00:00,4778,3904749,5468.0,3556973,437.0,297206.0,5215,4201955,5905,3854179,10683,7758865
2021-09-15 15:00:00,5046,3909795,5905.0,3562878,393.0,297599.0,5439,4207394,6298,3860477,11344,7770209
2021-09-16 15:00:00,4817,3914612,5861.0,3568739,337.0,297936.0,5154,4212548,6198,3866675,11015,7781224
2021-09-17 15:00:00,5293,3919905,6601.0,3575340,344.0,298280.0,5637,4218185,6945,3873620,12238,7793462
2021-09-18 15:00:00,3825,3923730,4591.0,3579931,186.0,298466.0,4011,4222196,4777,3878397,8602,7802064
2021-09-19 15:00:00,2742,3926472,3184.0,3583115,75.0,298541.0,2817,4225013,3259,3881656,6001,7808065
2021-09-20 15:00:00,3755,3930227,4691.0,3587806,429.0,298970.0,4184,4229197,5120,3886776,8875,7816940
2021-09-21 15:00:00,4004,3934231,5024.0,3592830,327.0,299297.0,4331,4233528,5351,3892127,9355,7826295
2021-09-22 15:00:00,4194,3938425,4803.0,3597633,459.0,299756.0,4653,4238181,5262,3897389,9456,7835751
2021-09-23 15:00:00,4192,3942617,4739.0,3602372,492.0,300248.0,4684,4242865,5231,3902620,9423,7845174
2021-09-24 15:00:00,5098,3947715,5638.0,3608010,422.0,300670.0,5520,4248385,6060,3908680,11158,7856332
2021-09-25 15:00:00,3644,3951359,3642.0,3611652,384.0,301054.0,4028,4252413,4026,3912706,7670,7864002
2021-09-26 15:00:00,2353,3953712,2672.0,3614324,433.0,301487.0,2786,4255199,3105,3915811,5458,7869460
2021-09-27 15:00:00,4510,3958222,2720.0,3617044,512.0,301999.0,5022,4260221,3232,3919043,7742,7877202
2021-09-28 15:00:00,4414,3962636,4466.0,3621510,211.0,302210.0,4625,4264846,4677,3923720,9091,7886293
2021-09-29 15:00:00,4695,3967331,4537.0,3626047,920.0,303130.0,5615,4270461,5457,3929177,10152,7896445
2021-09-30 15:00:00,4895,3972226,4581.0,3630628,796.0,303926.0,5691,4276152,5377,3934554,10272,7906717
2021-10-01 15:00:00,5531,3977757,5378.0,3636006,785.0,304711.0,6316,4282468,6163,3940717,11694,7918411
2021-10-02 15:00:00,2949,3980706,2907.0,3638913,187.0,304898.0,3136,4285604,3094,3943811,6043,7924454
2021-10-03 15:00:00,2078,3982784,2384.0,3641297,87.0,304985.0,2165,4287769,2471,3946282,4549,7929003
2021-10-04 15:00:00,4032,3986816,3511.0,3644808,233.0,305218.0,4265,4292034,3744,3950026,7776,7936779
2021-10-05 15:00:00,3963,3990779,3675.0,3648483,206.0,305424.0,4169,4296203,3881,3953907,7844,7944623
2021-10-06 15:00:00,4035,3994814,3580.0,3652063,266.0,305690.0,4301,4300504,3846,3957753,7881,7952504
2021-10-07 15:00:00,4233,3999047,3642.0,3655705,332.0,306022.0,4565,4305069,3974,3961727,8207,7960711
2021-10-08 15:00:00,4783,4003830,4308.0,3660013,283.0,306305.0,5066,4310135,4591,3966318,9374,7970085
2021-10-09 15:00:00,2693,4006523,2683.0,3662696,270.0,306575.0,2963,4313098,2953,3969271,5646,7975731
2021-10-10 15:00:00,1860,4008383,1855.0,3664551,59.0,306634.0,1919,4315017,1914,3971185,3774,7979505
2021-10-11 15:00:00,4213,4012596,3319.0,3667870,250.0,306884.0,4463,4319480,3569,3974754,7782,7987287
2021-10-12 15:00:00,3605,4016201,3549.0,3671419,276.0,307160.0,3881,4323361,3825,3978579,7430,7994717
2021-10-13 15:00:00,3992,4020193,3475.0,3674894,346.0,307506.0,4338,4327699,3821,3982400,7813,8002530
2021-10-14 15:00:00,5175,4025368,5508.0,3680402,430.0,307936.0,5605,4333304,5938,3988338,11113,8013643
2021-10-15 15:00:00,4770,4030138,4621.0,3685023,347.0,308283.0,5117,4338421,4968,3993306,9738,8023381
2021-10-16 15:00:00,2497,4032635,2531.0,3687554,291.0,308574.0,2788,4341209,2822,3996128,5319,8028700
2021-10-17 15:00:00,1809,4034444,1782.0,3689336,55.0,308629.0,1864,4343073,1837,3997965,3646,8032346
2021-10-18 15:00:00,4281,4038725,3588.0,3692924,283.0,308912.0,4564,4347637,3871,4001836,8152,8040498
2021-10-19 15:00:00,4307,4043032,4033.0,3696957,224.0,309136.0,4531,4352168,4257,4006093,8564,8049062
2021-10-20 15:00:00,3546,4046578,3435.0,3700392,259.0,309395.0,3805,4355973,3694,4009787,7240,8056302
2021-10-21 15:00:00,3312,4049890,3288.0,3703680,291.0,309686.0,3603,4359576,3579,4013366,6891,8063193
2021-10-22 15:00:00,4691,4054581,4043.0,3707723,477.0,310163.0,5168,4364744,4520,4017886,9211,8072404
2021-10-23 15:00:00,2887,4057468,2119.0,3709842,322.0,310485.0,3209,4367953,2441,4020327,5328,8077732
2021-10-24 15:00:00,2058,4059526,1555.0,3711397,79.0,310564.0,2137,4370090,1634,4021961,3692,8081424
2021-10-25 15:00:00,4556,4064082,3084.0,3714481,322.0,310886.0,4878,4374968,3406,4025367,7962,8089386
2021-10-26 15:00:00,4534,4068616,3089.0,3717570,316.0,311202.0,4850,4379818,3405,4028772,7939,8097325
2021-10-27 15:00:00,4736,4073352,3353.0,3720923,436.0,311638.0,5172,4384990,3789,4032561,8525,8105850
2021-10-28 15:00:00,4577,4077929,3373.0,3724296,501.0,312139.0,5078,4390068,3874,4036435,8451,8114301
2021-10-29 15:00:00,4998,4082927,3931.0,3728227,395.0,312534.0,5393,4395461,4326,4040761,9324,8123625
2021-10-30 15:00:00,2631,4085558,1848.0,3730075,307.0,312841.0,2938,4398399,2155,4042916,4786,8128411
2021-10-31 15:00:00,1935,4087493,1522.0,3731597,94.0,312935.0,2029,4400428,1616,4044532,3551,8131962
2021-11-01 15:00:00,4751,4092244,3457.0,3735054,351.0,313286.0,5102,4405530,3808,4048340,8559,8140521
2021-11-02 15:00:00,4281,4096525,2950.0,3738004,409.0,313695.0,4690,4410220,3359,4051699,7640,8148161
2021-11-03 15:00:00,4682,4101207,3053.0,3741057,464.0,314159.0,5146,4415366,3517,4055216,8199,8156360
2021-11-04 15:00:00,6331,4107538,3384.0,3744441,529.0,314688.0,6860,4422226,3913,4059129,10244,8166604
2021-11-05 15:00:00,8264,4115802,3786.0,3748227,415.0,315103.0,8679,4430905,4201,4063330,12465,8179069
2021-11-06 15:00:00,10203,4126005,1977.0,3750204,309.0,315412.0,10512,4441417,2286,4065616,12489,8191558
2021-11-07 15:00:00,7750,4133755,1463.0,3751667,95.0,315507.0,7845,4449262,1558,4067174,9308,8200866
2021-11-08 15:00:00,11359,4145114,3066.0,3754733,379.0,315886.0,11738,4461000,3445,4070619,14804,8215670
2021-11-09 15:00:00,11808,4156922,2654.0,3757387,269.0,316155.0,12077,4473077,2923,4073542,14731,8230401
2021-11-10 15:00:00,12635,4169557,2775.0,3760162,339.0,316494.0,12974,4486051,3114,4076656,15749,8246150
2021-11-11 15:00:00,11448,4181005,2385.0,3762547,280.0,316774.0,11728,4497779,2665,4079321,14113,8260263
2021-11-12 15:00:00,12386,4193391,3378.0,3765925,548.0,317322.0,12934,4510713,3926,4083247,16312,8276575
2021-11-13 15:00:00,9982,4203373,1602.0,3767527,342.0,317664.0,10324,4521037,1944,4085191,11926,8288501
2021-11-14 15:00:00,4246,4207619,1119.0,3768646,121.0,317785.0,4367,4525404,1240,4086431,5486,8293987
2021-11-15 15:00:00,8656,4216275,2524.0,3771170,211.0,317996.0,8867,4534271,2735,4089166,11391,8305378
2021-11-16 15:00:00,9296,4225571,2513.0,3773683,258.0,318254.0,9554,4543825,2771,4091937,12067,8317445
2021-11-17 15:00:00,9421,4234992,2867.0,3776550,313.0,318567.0,9734,4553559,3180,4095117,12601,8330046
2021-11-18 15:00:00,9330,4244322,2630.0,3779180,481.0,319048.0,9811,4563370,3111,4098228,12441,8342487
2021-11-19 15:00:00,9849,4254171,2927.0,3782107,381.0,319429.0,10230,4573600,3308,4101536,13157,8355644
2021-11-20 15:00:00,10666,4264837,1608.0,3783715,455.0,319884.0,11121,4584721,2063,4103599,12729,8368373
2021-11-21 15:00:00,4397,4269234,1208.0,3784923,100.0,319984.0,4497,4589218,1308,4104907,5705,8374078
2021-11-22 15:00:00,9857,4279091,2513.0,3787436,293.0,320277.0,10150,4599368,2806,4107713,12663,8386741
2021-11-23 15:00:00,9255,4288346,2410.0,3789846,317.0,320594.0,9572,4608940,2727,4110440,11982,8398723
2021-11-24 15:00:00,8192,4296538,2444.0,3792290,216.0,320810.0,8408,4617348,2660,4113100,10852,8409575
2021-11-25 15:00:00,235,4296773,81.0,3792371,10.0,320820.0,245,4617593,91,4113191,326,8409901
2021-11-26 15:00:00,5671,4302444,3982.0,3796353,153.0,320973.0,5824,4623417,4135,4117326,9806,8419707
2021-11-27 15:00:00,3785,4306229,5497.0,3801850,134.0,321107.0,3919,4627336,5631,4122957,9416,8429123
2021-11-28 15:00:00,2408,4308637,6409.0,3808259,77.0,321184.0,2485,4629821,6486,4129443,8894,8438017
2021-11-29 15:00:00,6396,4315033,9334.0,3817593,380.0,321564.0,6776,4636597,9714,4139157,16110,8454127
2021-11-30 15:00:00,6277,4321310,9377.0,3826970,264.0,321828.0,6541,4643138,9641,4148798,15918,8470045
2021-12-01 15:00:00,7351,4328661,9770.0,3836740,309.0,322137.0,7660,4650798,10079,4158877,17430,8487475
2021-12-02 15:00:00,6962,4335623,8865.0,3845605,450.0,322587.0,7412,4658210,9315,4168192,16277,8503752
2021-12-03 15:00:00,7644,4343267,9377.0,3854982,253.0,322840.0,7897,4666107,9630,4177822,17274,8521026
2021-12-04 15:00:00,5965,4349232,10148.0,3865130,468.0,323308.0,6433,4672540,10616,4188438,16581,8537607
2021-12-05 15:00:00,3450,4352682,3588.0,3868718,78.0,323386.0,3528,4676068,3666,4192104,7116,8544723
2021-12-06 15:00:00,6783,4359465,7119.0,3875837,281.0,323667.0,7064,4683132,7400,4199504,14183,8558906
2021-12-07 15:00:00,6459,4365924,7090.0,3882927,252.0,323919.0,6711,4689843,7342,4206846,13801,8572707
2021-12-08 15:00:00,6953,4372877,7451.0,3890378,316.0,324235.0,7269,4697112,7767,4214613,14720,8587427
2021-12-09 15:00:00,6553,4379430,7080.0,3897458,399.0,324634.0,6952,4704064,7479,4222092,14032,8601459
2021-12-10 15:00:00,7310,4386740,7369.0,3904827,233.0,324867.0,7543,4711607,7602,4229694,14912,8616371
2021-12-11 15:00:00,4468,4391208,7715.0,3912542,333.0,325200.0,4801,4716408,8048,4237742,12516,8628887
2021-12-12 15:00:00,4011,4395219,2815.0,3915357,60.0,325260.0,4071,4720479,2875,4240617,6886,8635773
2021-12-13 15:00:00,5788,4401007,5836.0,3921193,243.0,325503.0,6031,4726510,6079,4246696,11867,8647640
2021-12-14 15:00:00,6476,4407483,5967.0,3927160,223.0,325726.0,6699,4733209,6190,4252886,12666,8660306
2021-12-15 15:00:00,7197,4414680,5741.0,3932901,259.0,325985.0,7456,4740665,6000,4258886,13197,8673503
2021-12-16 15:00:00,7917,4422597,2841.0,3935742,423.0,326408.0,8340,4749005,3264,4262150,11181,8684684
2021-12-17 15:00:00,7883,4430480,4196.0,3939938,195.0,326603.0,8078,4757083,4391,4266541,12274,8696958
2021-12-18 15:00:00,5858,4436338,3204.0,3943142,298.0,326901.0,6156,4763239,3502,4270043,9360,8706318
2021-12-19 15:00:00,3391,4439729,1354.0,3944496,37.0,326938.0,3428,4766667,1391,4271434,4782,8711100
2021-12-20 15:00:00,8128,4447857,3775.0,3948271,174.0,327112.0,8302,4774969,3949,4275383,12077,8723177
2021-12-21 15:00:00,9089,4456946,4228.0,3952499,177.0,327289.0,9266,4784235,4405,4279788,13494,8736671
2021-12-22 15:00:00,8739,4465685,3917.0,3956416,184.0,327473.0,8923,4793158,4101,4283889,12840,8749511
2021-12-23 15:00:00,8458,4474143,3599.0,3960015,359.0,327832.0,8817,4801975,3958,4287847,12416,8761927
2021-12-24 15:00:00,1638,4475781,1017.0,3961032,39.0,327871.0,1677,4803652,1056,4288903,2694,8764621
2021-12-25 15:00:00,47,4475828,36.0,3961068,1.0,327872.0,48,4803700,37,4288940,84,8764705
2021-12-26 15:00:00,2520,4478348,1757.0,3962825,44.0,327916.0,2564,4806264,1801,4290741,4321,8769026
2021-12-27 15:00:00,7272,4485620,4051.0,3966876,297.0,328213.0,7569,4813833,4348,4295089,11620,8780646
2021-12-28 15:00:00,7974,4493594,3887.0,3970763,179.0,328392.0,8153,4821986,4066,4299155,12040,8792686
2021-12-29 15:00:00,8271,4501865,4040.0,3974803,156.0,328548.0,8427,4830413,4196,4303351,12467,8805153
2021-12-30 15:00:00,7511,4509376,3813.0,3978616,291.0,328839.0,7802,4838215,4104,4307455,11615,8816768
2021-12-31 15:00:00,2585,4511961,1542.0,3980158,90.0,328929.0,2675,4840890,1632,4309087,4217,8820985
2022-01-01 15:00:00,741,4512702,353.0,3980511,34.0,328963.0,775,4841665,387,4309474,1128,8822113
2022-01-02 15:00:00,2220,4514922,1655.0,3982166,48.0,329011.0,2268,4843933,1703,4311177,3923,8826036
2022-01-03 15:00:00,3393,4518315,2090.0,3984256,224.0,329235.0,3617,4847550,2314,4313491,5707,8831743
2022-01-04 15:00:00,5878,4524193,3537.0,3987793,165.0,329400.0,6043,4853593,3702,4317193,9580,8841323
2022-01-05 15:00:00,6852,4531045,4720.0,3992513,176.0,329576.0,7028,4860621,4896,4322089,11748,8853071
2022-01-06 15:00:00,6837,4537882,4883.0,3997396,265.0,329841.0,7102,4867723,5148,4327237,11985,8865056
2022-01-07 15:00:00,6050,4543932,3861.0,4001257,162.0,330003.0,6212,4873935,4023,4331260,10073,8875129
2022-01-08 15:00:00,4826,4548758,3931.0,4005188,78.0,330081.0,4904,4878839,4009,4335269,8835,8883964
2022-01-09 15:00:00,2767,4551525,2030.0,4007218,154.0,330235.0,2921,4881760,2184,4337453,4951,8888915
2022-01-10 15:00:00,6362,4557887,3878.0,4011096,161.0,330396.0,6523,4888283,4039,4341492,10401,8899316
2022-01-11 15:00:00,6557,4564444,4306.0,4015402,143.0,330539.0,6700,4894983,4449,4345941,11006,8910322
2022-01-12 15:00:00,6842,4571286,4468.0,4019870,225.0,330764.0,7067,4902050,4693,4350634,11535,8921857
2022-01-13 15:00:00,6706,4577992,4412.0,4024282,153.0,330917.0,6859,4908909,4565,4355199,11271,8933128
2022-01-14 15:00:00,7268,4585260,3316.0,4027598,253.0,331170.0,7521,4916430,3569,4358768,10837,8943965
2022-01-15 15:00:00,4299,4589559,1702.0,4029300,71.0,331241.0,4370,4920800,1773,4360541,6072,8950037
2022-01-16 15:00:00,2224,4591783,1324.0,4030624,116.0,331357.0,2340,4923140,1440,4361981,3664,8953701
2022-01-17 15:00:00,3632,4595415,2390.0,4033014,75.0,331432.0,3707,4926847,2465,4364446,6097,8959798
2022-01-18 15:00:00,5304,4600719,4235.0,4037249,103.0,331535.0,5407,4932254,4338,4368784,9642,8969440
2022-01-19 15:00:00,5298,4606017,4508.0,4041757,99.0,331634.0,5397,4937651,4607,4373391,9905,8979345
2022-01-20 15:00:00,4544,4610561,3643.0,4045400,176.0,331810.0,4720,4942371,3819,4377210,8363,8987708
2022-01-21 15:00:00,5616,4616177,2955.0,4048355,126.0,331936.0,5742,4948113,3081,4380291,8697,8996405
2022-01-22 15:00:00,3481,4619658,1730.0,4050085,134.0,332070.0,3615,4951728,1864,4382155,5345,9001750
2022-01-23 15:00:00,2052,4621710,1504.0,4051589,30.0,332100.0,2082,4953810,1534,4383689,3586,9005336
2022-01-24 15:00:00,4134,4625844,2784.0,4054373,90.0,332190.0,4224,4958034,2874,4386563,7008,9012344
2022-01-25 15:00:00,3847,4629691,3335.0,4057708,95.0,332285.0,3942,4961976,3430,4389993,7277,9019621
2022-01-26 15:00:00,3886,4633577,3718.0,4061426,95.0,332380.0,3981,4965957,3813,4393806,7699,9027320
2022-01-27 15:00:00,3770,4637347,3959.0,4065385,188.0,332568.0,3958,4969915,4147,4397953,7917,9035237
2022-01-28 15:00:00,3864,4641211,3298.0,4068683,76.0,332644.0,3940,4973855,3374,4401327,7238,9042475
2022-01-29 15:00:00,2313,4643524,2301.0,4070984,117.0,332761.0,2430,4976285,2418,4403745,4731,9047206
2022-01-30 15:00:00,1565,4645089,1647.0,4072631,16.0,332777.0,1581,4977866,1663,4405408,3228,9050434
2022-01-31 15:00:00,3013,4648102,3248.0,4075879,58.0,332835.0,3071,4980937,3306,4408714,6319,9056753
2022-02-01 15:00:00,2656,4650758,3414.0,4079293,75.0,332910.0,2731,4983668,3489,4412203,6145,9062898
2022-02-02 15:00:00,2832,4653590,3734.0,4083027,78.0,332988.0,2910,4986578,3812,4416015,6644,9069542
2022-02-03 15:00:00,2767,4656357,3671.0,4086698,42.0,333030.0,2809,4989387,3713,4419728,6480,9076022
2022-02-04 15:00:00,2785,4659142,4402.0,4091100,128.0,333158.0,2913,4992300,4530,4424258,7315,9083337
2022-02-05 15:00:00,1924,4661066,2913.0,4094013,112.0,333270.0,2036,4994336,3025,4427283,4949,9088286
2022-02-06 15:00:00,1079,4662145,1357.0,4095370,24.0,333294.0,1103,4995439,1381,4428664,2460,9090746
2022-02-07 15:00:00,2063,4664208,2713.0,4098083,51.0,333345.0,2114,4997553,2764,4431428,4827,9095573
2022-02-08 15:00:00,2094,4666302,3107.0,4101190,63.0,333408.0,2157,4999710,3170,4434598,5264,9100837
2022-02-09 15:00:00,2212,4668514,3324.0,4104514,76.0,333484.0,2288,5001998,3400,4437998,5612,9106449
2022-02-10 15:00:00,2095,4670609,2883.0,4107397,55.0,333539.0,2150,5004148,2938,4440936,5033,9111482
2022-02-11 15:00:00,2523,4673132,3533.0,4110930,123.0,333662.0,2646,5006794,3656,4444592,6179,9117661
2022-02-12 15:00:00,1684,4674816,2322.0,4113252,97.0,333759.0,1781,5008575,2419,4447011,4103,9121764
2022-02-13 15:00:00,739,4675555,1086.0,4114338,17.0,333776.0,756,5009331,1103,4448114,1842,9123606
2022-02-14 15:00:00,1467,4677022,2248.0,4116586,65.0,333841.0,1532,5010863,2313,4450427,3780,9127386
2022-02-15 15:00:00,1949,4678971,2473.0,4119059,47.0,333888.0,1996,5012859,2520,4452947,4469,9131855
2022-02-16 15:00:00,1693,4680664,2454.0,4121513,52.0,333940.0,1745,5014604,2506,4455453,4199,9136054
2022-02-17 15:00:00,16885,4697549,13044.0,4134557,485.0,334425.0,17370,5031974,13529,4468982,30414,9166468
2022-02-18 15:00:00,2013,4699562,2611.0,4137168,49.0,334474.0,2062,5034036,2660,4471642,4673,9171141
2022-02-19 15:00:00,1240,4700802,1708.0,4138876,39.0,334513.0,1279,5035315,1747,4473389,2987,9174128
2022-02-20 15:00:00,711,4701513,851.0,4139727,15.0,334528.0,726,5036041,866,4474255,1577,9175705
2022-02-21 15:00:00,1309,4702822,1791.0,4141518,32.0,334560.0,1341,5037382,1823,4476078,3132,9178837
2022-02-22 15:00:00,1459,4704281,1903.0,4143421,36.0,334596.0,1495,5038877,1939,4478017,3398,9182235
2022-02-23 15:00:00,1574,4705855,1880.0,4145301,35.0,334631.0,1609,5040486,1915,4479932,3489,9185724
2022-02-24 15:00:00,1451,4707306,1622.0,4146923,38.0,334669.0,1489,5041975,1660,4481592,3111,9188835
2022-02-25 15:00:00,1552,4708858,1732.0,4148655,68.0,334737.0,1620,5043595,1800,4483392,3352,9192187
2022-02-26 15:00:00,1097,4709955,1126.0,4149781,42.0,334779.0,1139,5044734,1168,4484560,2265,9194452
2022-02-27 15:00:00,194,4710149,158.0,4149939,5.0,334784.0,199,5044933,163,4484723,357,9194809
