VACCINATION_DATE,FirstDailyDose,FirstDoseCumulative,SecondDailyDose,SecondDoseCumulative,SingleDailyDose,SingleDoseCumulative,AtleastOneVaccine,AtleastOneVaccineCumulative,CompletedVax,CompletedVaxCumulative,FirstSecondSingleVaccinations,FirstSecondSingleVaccinationsCumulative
2020-12-14 15:00:00,3,279,,67,,,3,279,0,67,3,316
2020-12-15 15:00:00,17,296,1.0,68,,,17,296,1,68,18,334
2020-12-16 15:00:00,550,846,2.0,70,,,550,846,2,70,552,886
2020-12-17 15:00:00,1062,1908,,70,,,1062,1908,0,70,1062,1948
2020-12-18 15:00:00,2874,4782,2.0,72,,,2874,4782,2,72,2876,4824
2020-12-19 15:00:00,858,5640,1.0,73,,,858,5640,1,73,859,5683
2020-12-20 15:00:00,286,5926,3.0,76,,,286,5926,3,76,289,5972
2020-12-21 15:00:00,3733,9659,4.0,80,,,3733,9659,4,80,3737,9709
2020-12-22 15:00:00,6194,15853,4.0,84,,,6194,15853,4,84,6198,15907
2020-12-23 15:00:00,5493,21346,13.0,97,,,5493,21346,13,97,5506,21413
2020-12-24 15:00:00,2648,23994,4.0,101,,,2648,23994,4,101,2652,24065
2020-12-25 15:00:00,1031,25025,2.0,103,,,1031,25025,2,103,1033,25098
2020-12-26 15:00:00,1672,26697,3.0,106,,,1672,26697,3,106,1675,26773
2020-12-27 15:00:00,1769,28466,5.0,111,,,1769,28466,5,111,1774,28547
2020-12-28 15:00:00,8628,37094,12.0,123,,,8628,37094,12,123,8640,37187
2020-12-29 15:00:00,10495,47589,10.0,133,,,10495,47589,10,133,10505,47692
2020-12-30 15:00:00,12203,59792,23.0,156,,,12203,59792,23,156,12226,59918
2020-12-31 15:00:00,7389,67181,13.0,169,,,7389,67181,13,169,7402,67320
2021-01-01 15:00:00,1718,68899,42.0,211,,,1718,68899,42,211,1760,69080
2021-01-02 15:00:00,2688,71587,27.0,238,,,2688,71587,27,238,2715,71795
2021-01-03 15:00:00,3191,74778,70.0,308,,,3191,74778,70,308,3261,75056
2021-01-04 15:00:00,12914,87692,264.0,572,,,12914,87692,264,572,13178,88234
2021-01-05 15:00:00,11975,99667,449.0,1021,,,11975,99667,449,1021,12424,100658
2021-01-06 15:00:00,14750,114417,778.0,1799,,,14750,114417,778,1799,15528,116186
2021-01-07 15:00:00,14669,129086,1601.0,3400,,,14669,129086,1601,3400,16270,132456
2021-01-08 15:00:00,23696,152782,2578.0,5978,,,23696,152782,2578,5978,26274,158730
2021-01-09 15:00:00,4972,157754,876.0,6854,,,4972,157754,876,6854,5848,164578
2021-01-10 15:00:00,2768,160522,341.0,7195,,,2768,160522,341,7195,3109,167687
2021-01-11 15:00:00,13465,173987,3270.0,10465,,,13465,173987,3270,10465,16735,184422
2021-01-12 15:00:00,17035,191022,5347.0,15812,,,17035,191022,5347,15812,22382,206804
2021-01-13 15:00:00,18164,209186,3712.0,19524,,,18164,209186,3712,19524,21876,228680
2021-01-14 15:00:00,17460,226646,1840.0,21364,,,17460,226646,1840,21364,19300,247980
2021-01-15 15:00:00,19009,245655,1830.0,23194,,,19009,245655,1830,23194,20839,268819
2021-01-16 15:00:00,5521,251176,1526.0,24720,,,5521,251176,1526,24720,7047,275866
2021-01-17 15:00:00,2115,253291,1325.0,26045,,,2115,253291,1325,26045,3440,279306
2021-01-18 15:00:00,7141,260432,2892.0,28937,,,7141,260432,2892,28937,10033,289339
2021-01-19 15:00:00,16610,277042,4881.0,33818,,,16610,277042,4881,33818,21491,310830
2021-01-20 15:00:00,20602,297644,4893.0,38711,,,20602,297644,4893,38711,25495,336325
2021-01-21 15:00:00,23153,320797,3319.0,42030,,,23153,320797,3319,42030,26472,362797
2021-01-22 15:00:00,28352,349149,3275.0,45305,,,28352,349149,3275,45305,31627,394424
2021-01-23 15:00:00,9531,358680,1540.0,46845,,,9531,358680,1540,46845,11071,405495
2021-01-24 15:00:00,3290,361970,1567.0,48412,,,3290,361970,1567,48412,4857,410352
2021-01-25 15:00:00,16272,378242,8103.0,56515,,,16272,378242,8103,56515,24375,434727
2021-01-26 15:00:00,17417,395659,8556.0,65071,,,17417,395659,8556,65071,25973,460700
2021-01-27 15:00:00,24137,419796,12108.0,77179,,,24137,419796,12108,77179,36245,496945
2021-01-28 15:00:00,22426,442222,8995.0,86174,,,22426,442222,8995,86174,31421,528366
2021-01-29 15:00:00,23991,466213,7174.0,93348,,,23991,466213,7174,93348,31165,559531
2021-01-30 15:00:00,17515,483728,2318.0,95666,,,17515,483728,2318,95666,19833,579364
2021-01-31 15:00:00,3682,487410,1223.0,96889,,,3682,487410,1223,96889,4905,584269
2021-02-01 15:00:00,6686,494096,4318.0,101207,,,6686,494096,4318,101207,11004,595273
2021-02-02 15:00:00,12086,506182,13375.0,114582,,,12086,506182,13375,114582,25461,620734
2021-02-03 15:00:00,17759,523941,17679.0,132261,,,17759,523941,17679,132261,35438,656172
2021-02-04 15:00:00,21762,545703,15303.0,147564,,,21762,545703,15303,147564,37065,693237
2021-02-05 15:00:00,19932,565635,16966.0,164530,,,19932,565635,16966,164530,36898,730135
2021-02-06 15:00:00,11030,576665,14189.0,178719,,,11030,576665,14189,178719,25219,755354
2021-02-07 15:00:00,5828,582493,1664.0,180383,,,5828,582493,1664,180383,7492,762846
2021-02-08 15:00:00,12730,595223,12527.0,192910,,,12730,595223,12527,192910,25257,788103
2021-02-09 15:00:00,16353,611576,13387.0,206297,,,16353,611576,13387,206297,29740,817843
2021-02-10 15:00:00,19079,630655,20724.0,227021,,,19079,630655,20724,227021,39803,857646
2021-02-11 15:00:00,22728,653383,16901.0,243922,,,22728,653383,16901,243922,39629,897275
2021-02-12 15:00:00,20157,673540,19117.0,263039,,,20157,673540,19117,263039,39274,936549
2021-02-13 15:00:00,11259,684799,5982.0,269021,,,11259,684799,5982,269021,17241,953790
2021-02-14 15:00:00,7014,691813,1970.0,270991,,,7014,691813,1970,270991,8984,962774
2021-02-15 15:00:00,11624,703437,12831.0,283822,,,11624,703437,12831,283822,24455,987229
2021-02-16 15:00:00,16488,719925,20574.0,304396,,,16488,719925,20574,304396,37062,1024291
2021-02-17 15:00:00,20519,740444,25855.0,330251,,,20519,740444,25855,330251,46374,1070665
2021-02-18 15:00:00,3116,743560,4401.0,334652,,,3116,743560,4401,334652,7517,1078182
2021-02-19 15:00:00,10492,754052,19203.0,353855,,,10492,754052,19203,353855,29695,1107877
2021-02-20 15:00:00,10245,764297,19828.0,373683,,,10245,764297,19828,373683,30073,1137950
2021-02-21 15:00:00,6071,770368,7425.0,381108,,,6071,770368,7425,381108,13496,1151446
2021-02-22 15:00:00,7985,778353,15005.0,396113,,,7985,778353,15005,396113,22990,1174436
2021-02-23 15:00:00,15429,793782,15492.0,411605,,,15429,793782,15492,411605,30921,1205357
2021-02-24 15:00:00,17826,811608,24298.0,435903,,,17826,811608,24298,435903,42124,1247481
2021-02-25 15:00:00,20181,831789,26116.0,462019,,,20181,831789,26116,462019,46297,1293778
2021-02-26 15:00:00,26532,858321,25583.0,487602,,,26532,858321,25583,487602,52115,1345893
2021-02-27 15:00:00,15800,874121,10892.0,498494,,,15800,874121,10892,498494,26692,1372585
2021-02-28 15:00:00,15402,889523,4603.0,503097,,,15402,889523,4603,503097,20005,1392590
2021-03-01 15:00:00,24416,913939,11506.0,514603,,,24416,913939,11506,514603,35922,1428512
2021-03-02 15:00:00,23428,937367,12819.0,527422,23.0,23.0,23451,937390,12842,527445,36270,1464782
2021-03-03 15:00:00,29475,966842,17914.0,545336,150.0,173.0,29625,967015,18064,545509,47539,1512321
2021-03-04 15:00:00,30546,997388,17726.0,563062,4060.0,4233.0,34606,1001621,21786,567295,52332,1564653
2021-03-05 15:00:00,28496,1025884,18748.0,581810,4853.0,9086.0,33349,1034970,23601,590896,52097,1616750
2021-03-06 15:00:00,17577,1043461,8683.0,590493,5954.0,15040.0,23531,1058501,14637,605533,32214,1648964
2021-03-07 15:00:00,11935,1055396,4704.0,595197,6560.0,21600.0,18495,1076996,11264,616797,23199,1672163
2021-03-08 15:00:00,25431,1080827,8449.0,603646,8191.0,29791.0,33622,1110618,16640,633437,42071,1714234
2021-03-09 15:00:00,25682,1106509,15061.0,618707,8253.0,38044.0,33935,1144553,23314,656751,48996,1763230
2021-03-10 15:00:00,29255,1135764,15538.0,634245,7911.0,45955.0,37166,1181719,23449,680200,52704,1815934
2021-03-11 15:00:00,33636,1169400,16080.0,650325,3935.0,49890.0,37571,1219290,20015,700215,53651,1869585
2021-03-12 15:00:00,36474,1205874,17627.0,667952,2883.0,52773.0,39357,1258647,20510,720725,56984,1926569
2021-03-13 15:00:00,22427,1228301,9967.0,677919,1566.0,54339.0,23993,1282640,11533,732258,33960,1960529
2021-03-14 15:00:00,17692,1245993,6537.0,684456,966.0,55305.0,18658,1301298,7503,739761,25195,1985724
2021-03-15 15:00:00,29340,1275333,10882.0,695338,558.0,55863.0,29898,1331196,11440,751201,40780,2026504
2021-03-16 15:00:00,32970,1308303,13127.0,708465,760.0,56623.0,33730,1364926,13887,765088,46857,2073361
2021-03-17 15:00:00,37081,1345384,16523.0,724988,1143.0,57766.0,38224,1403150,17666,782754,54747,2128108
2021-03-18 15:00:00,40878,1386262,12136.0,737124,1336.0,59102.0,42214,1445364,13472,796226,54350,2182458
2021-03-19 15:00:00,37568,1423830,14932.0,752056,1021.0,60123.0,38589,1483953,15953,812179,53521,2235979
2021-03-20 15:00:00,24177,1448007,9752.0,761808,675.0,60798.0,24852,1508805,10427,822606,34604,2270583
2021-03-21 15:00:00,18842,1466849,7600.0,769408,314.0,61112.0,19156,1527961,7914,830520,26756,2297339
2021-03-22 15:00:00,32276,1499125,11006.0,780414,817.0,61929.0,33093,1561054,11823,842343,44099,2341438
2021-03-23 15:00:00,37397,1536522,16821.0,797235,1523.0,63452.0,38920,1599974,18344,860687,55741,2397179
2021-03-24 15:00:00,40643,1577165,20539.0,817774,1356.0,64808.0,41999,1641973,21895,882582,62538,2459717
2021-03-25 15:00:00,41939,1619104,20408.0,838182,2457.0,67265.0,44396,1686369,22865,905447,64804,2524521
2021-03-26 15:00:00,36383,1655487,25344.0,863526,2495.0,69760.0,38878,1725247,27839,933286,64222,2588743
2021-03-27 15:00:00,26855,1682342,16472.0,879998,2384.0,72144.0,29239,1754486,18856,952142,45711,2634454
2021-03-28 15:00:00,16883,1699225,12415.0,892413,1610.0,73754.0,18493,1772979,14025,966167,30908,2665362
2021-03-29 15:00:00,29557,1728782,25712.0,918125,1122.0,74876.0,30679,1803658,26834,993001,56391,2721753
2021-03-30 15:00:00,39589,1768371,28354.0,946479,1830.0,76706.0,41419,1845077,30184,1023185,69773,2791526
2021-03-31 15:00:00,40598,1808969,33898.0,980377,5729.0,82435.0,46327,1891404,39627,1062812,80225,2871751
2021-04-01 15:00:00,40753,1849722,36599.0,1016976,5454.0,87889.0,46207,1937611,42053,1104865,82806,2954557
2021-04-02 15:00:00,34472,1884194,31606.0,1048582,5788.0,93677.0,40260,1977871,37394,1142259,71866,3026423
2021-04-03 15:00:00,21437,1905631,18245.0,1066827,4399.0,98076.0,25836,2003707,22644,1164903,44081,3070504
2021-04-04 15:00:00,8259,1913890,9999.0,1076826,932.0,99008.0,9191,2012898,10931,1175834,19190,3089694
2021-04-05 15:00:00,27644,1941534,28269.0,1105095,6605.0,105613.0,34249,2047147,34874,1210708,62518,3152212
2021-04-06 15:00:00,39602,1981136,29754.0,1134849,10449.0,116062.0,50051,2097198,40203,1250911,79805,3232017
2021-04-07 15:00:00,35667,2016803,33456.0,1168305,12875.0,128937.0,48542,2145740,46331,1297242,81998,3314015
2021-04-08 15:00:00,41898,2058701,35428.0,1203733,13782.0,142719.0,55680,2201420,49210,1346452,91108,3405123
2021-04-09 15:00:00,33655,2092356,35591.0,1239324,14408.0,157127.0,48063,2249483,49999,1396451,83654,3488777
2021-04-10 15:00:00,23261,2115617,22709.0,1262033,7560.0,164687.0,30821,2280304,30269,1426720,53530,3542307
2021-04-11 15:00:00,17493,2133110,13129.0,1275162,10075.0,174762.0,27568,2307872,23204,1449924,40697,3583004
2021-04-12 15:00:00,24510,2157620,32660.0,1307822,10873.0,185635.0,35383,2343255,43533,1493457,68043,3651047
2021-04-13 15:00:00,126656,2284276,90032.0,1397854,3292.0,188927.0,129948,2473203,93324,1586781,219980,3871027
2021-04-14 15:00:00,40477,2324753,37099.0,1434953,202.0,189129.0,40679,2513882,37301,1624082,77778,3948805
2021-04-15 15:00:00,41327,2366080,38365.0,1473318,166.0,189295.0,41493,2555375,38531,1662613,79858,4028663
2021-04-16 15:00:00,36902,2402982,38090.0,1511408,19.0,189314.0,36921,2592296,38109,1700722,75011,4103674
2021-04-17 15:00:00,32672,2435654,21578.0,1532986,11.0,189325.0,32683,2624979,21589,1722311,54261,4157935
2021-04-18 15:00:00,19670,2455324,15903.0,1548889,4.0,189329.0,19674,2644653,15907,1738218,35577,4193512
2021-04-19 15:00:00,29595,2484919,35922.0,1584811,62.0,189391.0,29657,2674310,35984,1774202,65579,4259091
2021-04-20 15:00:00,32246,2517165,42840.0,1627651,51.0,189442.0,32297,2706607,42891,1817093,75137,4334228
2021-04-21 15:00:00,38208,2555373,43836.0,1671487,19.0,189461.0,38227,2744834,43855,1860948,82063,4416291
2021-04-22 15:00:00,35697,2591070,39854.0,1711341,16.0,189477.0,35713,2780547,39870,1900818,75567,4491858
2021-04-23 15:00:00,32183,2623253,38635.0,1749976,15.0,189492.0,32198,2812745,38650,1939468,70833,4562691
2021-04-24 15:00:00,26277,2649530,27440.0,1777416,74.0,189566.0,26351,2839096,27514,1966982,53791,4616482
2021-04-25 15:00:00,20153,2669683,10703.0,1788119,29.0,189595.0,20182,2859278,10732,1977714,30885,4647367
2021-04-26 15:00:00,26875,2696558,31834.0,1819953,205.0,189800.0,27080,2886358,32039,2009753,58914,4706281
2021-04-27 15:00:00,26386,2722944,32297.0,1852250,1094.0,190894.0,27480,2913838,33391,2043144,59777,4766058
2021-04-28 15:00:00,28380,2751324,38238.0,1890488,1355.0,192249.0,29735,2943573,39593,2082737,67973,4834031
2021-04-29 15:00:00,26824,2778148,38016.0,1928504,1440.0,193689.0,28264,2971837,39456,2122193,66280,4900311
2021-04-30 15:00:00,27408,2805556,30914.0,1959418,1598.0,195287.0,29006,3000843,32512,2154705,59920,4960231
2021-05-01 15:00:00,19674,2825230,24742.0,1984160,969.0,196256.0,20643,3021486,25711,2180416,45385,5005616
2021-05-02 15:00:00,10206,2835436,16862.0,2001022,796.0,197052.0,11002,3032488,17658,2198074,27864,5033480
2021-05-03 15:00:00,12865,2848301,28960.0,2029982,1898.0,198950.0,14763,3047251,30858,2228932,43723,5077203
2021-05-04 15:00:00,13875,2862176,38015.0,2067997,1719.0,200669.0,15594,3062845,39734,2268666,53609,5130812
2021-05-05 15:00:00,18803,2880979,36358.0,2104355,1891.0,202560.0,20694,3083539,38249,2306915,57052,5187864
2021-05-06 15:00:00,16836,2897815,38958.0,2143313,1691.0,204251.0,18527,3102066,40649,2347564,57485,5245349
2021-05-07 15:00:00,17204,2915019,34693.0,2178006,1918.0,206169.0,19122,3121188,36611,2384175,53815,5299164
2021-05-08 15:00:00,10494,2925513,30362.0,2208368,1285.0,207454.0,11779,3132967,31647,2415822,42141,5341305
2021-05-09 15:00:00,5164,2930677,11474.0,2219842,690.0,208144.0,5854,3138821,12164,2427986,17328,5358633
2021-05-10 15:00:00,8822,2939499,30343.0,2250185,1346.0,209490.0,10168,3148989,31689,2459675,40511,5399144
2021-05-11 15:00:00,11741,2951240,28773.0,2278958,1423.0,210913.0,13164,3162153,30196,2489871,41937,5441081
2021-05-12 15:00:00,14220,2965460,37249.0,2316207,1873.0,212786.0,16093,3178246,39122,2528993,53342,5494423
2021-05-13 15:00:00,21499,2986959,32518.0,2348725,1340.0,214126.0,22839,3201085,33858,2562851,55357,5549780
2021-05-14 15:00:00,23903,3010862,28801.0,2377526,1754.0,215880.0,25657,3226742,30555,2593406,54458,5604238
2021-05-15 15:00:00,21624,3032486,24571.0,2402097,1469.0,217349.0,23093,3249835,26040,2619446,47664,5651902
2021-05-16 15:00:00,8781,3041267,17190.0,2419287,1093.0,218442.0,9874,3259709,18283,2637729,27064,5678966
2021-05-17 15:00:00,16808,3058075,27561.0,2446848,1848.0,220290.0,18656,3278365,29409,2667138,46217,5725183
2021-05-18 15:00:00,20780,3078855,29625.0,2476473,1903.0,222193.0,22683,3301048,31528,2698666,52308,5777491
2021-05-19 15:00:00,25906,3104761,29238.0,2505711,1497.0,223690.0,27403,3328451,30735,2729401,56641,5834132
2021-05-20 15:00:00,17826,3122587,28218.0,2533929,1753.0,225443.0,19579,3348030,29971,2759372,47797,5881929
2021-05-21 15:00:00,16496,3139083,25625.0,2559554,1395.0,226838.0,17891,3365921,27020,2786392,43516,5925445
2021-05-22 15:00:00,14452,3153535,16653.0,2576207,1083.0,227921.0,15535,3381456,17736,2804128,32188,5957633
2021-05-23 15:00:00,6633,3160168,8294.0,2584501,802.0,228723.0,7435,3388891,9096,2813224,15729,5973362
2021-05-24 15:00:00,13113,3173281,17038.0,2601539,1430.0,230153.0,14543,3403434,18468,2831692,31581,6004943
2021-05-25 15:00:00,11938,3185219,17173.0,2618712,1193.0,231346.0,13131,3416565,18366,2850058,30304,6035247
2021-05-26 15:00:00,14829,3200048,16536.0,2635248,1335.0,232681.0,16164,3432729,17871,2867929,32700,6067947
2021-05-27 15:00:00,9902,3209950,16449.0,2651697,1011.0,233692.0,10913,3443642,17460,2885389,27362,6095309
2021-05-28 15:00:00,10973,3220923,17500.0,2669197,1328.0,235020.0,12301,3455943,18828,2904217,29801,6125110
2021-05-29 15:00:00,8424,3229347,10130.0,2679327,910.0,235930.0,9334,3465277,11040,2915257,19464,6144574
2021-05-30 15:00:00,4891,3234238,6309.0,2685636,578.0,236508.0,5469,3470746,6887,2922144,11778,6156352
2021-05-31 15:00:00,1730,3235968,3572.0,2689208,302.0,236810.0,2032,3472778,3874,2926018,5604,6161956
2021-06-01 15:00:00,9522,3245490,15427.0,2704635,1084.0,237894.0,10606,3483384,16511,2942529,26033,6187989
2021-06-02 15:00:00,10107,3255597,15921.0,2720556,914.0,238808.0,11021,3494405,16835,2959364,26942,6214931
2021-06-03 15:00:00,7594,3263191,19142.0,2739698,957.0,239765.0,8551,3502956,20099,2979463,27693,6242624
2021-06-04 15:00:00,8061,3271252,20211.0,2759909,915.0,240680.0,8976,3511932,21126,3000589,29187,6271811
2021-06-05 15:00:00,6487,3277739,16575.0,2776484,553.0,241233.0,7040,3518972,17128,3017717,23615,6295426
2021-06-06 15:00:00,1181,3278920,3834.0,2780318,118.0,241351.0,1299,3520271,3952,3021669,5133,6300559