VACCINATION_DATE,FirstDailyDose,FirstDoseCumulative,SecondDailyDose,SecondDoseCumulative,SingleDailyDose,SingleDoseCumulative,AtleastOneVaccine,AtleastOneVaccineCumulative,CompletedVax,CompletedVaxCumulative,FirstSecondSingleVaccinations,FirstSecondSingleVaccinationsCumulative
2020-12-14 15:00:00,19,1370,,520,,,19,1370,0,520,19,1786
2020-12-15 15:00:00,61,1431,3.0,523,,,61,1431,3,523,64,1850
2020-12-16 15:00:00,590,2021,5.0,528,,,590,2021,5,528,595,2445
2020-12-17 15:00:00,1158,3179,6.0,534,,,1158,3179,6,534,1164,3609
2020-12-18 15:00:00,3017,6196,13.0,547,,,3017,6196,13,547,3030,6639
2020-12-19 15:00:00,931,7127,5.0,552,,,931,7127,5,552,936,7575
2020-12-20 15:00:00,363,7490,6.0,558,,,363,7490,6,558,369,7944
2020-12-21 15:00:00,3886,11376,26.0,584,,,3886,11376,26,584,3912,11856
2020-12-22 15:00:00,6323,17699,26.0,610,,,6323,17699,26,610,6349,18205
2020-12-23 15:00:00,5778,23477,36.0,646,,,5778,23477,36,646,5814,24019
2020-12-24 15:00:00,2724,26201,16.0,662,,,2724,26201,16,662,2740,26759
2020-12-25 15:00:00,1035,27236,4.0,666,,,1035,27236,4,666,1039,27798
2020-12-26 15:00:00,1882,29118,9.0,675,,,1882,29118,9,675,1891,29689
2020-12-27 15:00:00,1802,30920,12.0,687,,,1802,30920,12,687,1814,31503
2020-12-28 15:00:00,8982,39902,48.0,735,,,8982,39902,48,735,9030,40533
2020-12-29 15:00:00,10965,50867,53.0,788,,,10965,50867,53,788,11018,51551
2020-12-30 15:00:00,12493,63360,88.0,876,,,12493,63360,88,876,12581,64132
2020-12-31 15:00:00,7551,70911,47.0,923,,,7551,70911,47,923,7598,71730
2021-01-01 15:00:00,3255,74166,138.0,1061,,,3255,74166,138,1061,3393,75123
2021-01-02 15:00:00,3039,77205,34.0,1095,,,3039,77205,34,1095,3073,78196
2021-01-03 15:00:00,3407,80612,81.0,1176,,,3407,80612,81,1176,3488,81684
2021-01-04 15:00:00,13357,93969,332.0,1508,,,13357,93969,332,1508,13689,95373
2021-01-05 15:00:00,12483,106452,547.0,2055,,,12483,106452,547,2055,13030,108403
2021-01-06 15:00:00,15260,121712,863.0,2918,,,15260,121712,863,2918,16123,124526
2021-01-07 15:00:00,15034,136746,1771.0,4689,,,15034,136746,1771,4689,16805,141331
2021-01-08 15:00:00,24009,160755,2780.0,7469,,,24009,160755,2780,7469,26789,168120
2021-01-09 15:00:00,5173,165928,953.0,8422,,,5173,165928,953,8422,6126,174246
2021-01-10 15:00:00,2970,168898,384.0,8806,,,2970,168898,384,8806,3354,177600
2021-01-11 15:00:00,13719,182617,3469.0,12275,,,13719,182617,3469,12275,17188,194788
2021-01-12 15:00:00,17384,200001,5591.0,17866,,,17384,200001,5591,17866,22975,217763
2021-01-13 15:00:00,18619,218620,3918.0,21784,,,18619,218620,3918,21784,22537,240300
2021-01-14 15:00:00,17847,236467,1962.0,23746,,,17847,236467,1962,23746,19809,260109
2021-01-15 15:00:00,19477,255944,2030.0,25776,,,19477,255944,2030,25776,21507,281616
2021-01-16 15:00:00,5831,261775,1616.0,27392,,,5831,261775,1616,27392,7447,289063
2021-01-17 15:00:00,2121,263896,1479.0,28871,,,2121,263896,1479,28871,3600,292663
2021-01-18 15:00:00,7074,270970,3255.0,32126,,,7074,270970,3255,32126,10329,302992
2021-01-19 15:00:00,16953,287923,5404.0,37530,,,16953,287923,5404,37530,22357,325349
2021-01-20 15:00:00,21002,308925,5321.0,42851,,,21002,308925,5321,42851,26323,351672
2021-01-21 15:00:00,23806,332731,3840.0,46691,,,23806,332731,3840,46691,27646,379318
2021-01-22 15:00:00,28656,361387,3751.0,50442,,,28656,361387,3751,50442,32407,411725
2021-01-23 15:00:00,10115,371502,1942.0,52384,,,10115,371502,1942,52384,12057,423782
2021-01-24 15:00:00,3352,374854,1723.0,54107,,,3352,374854,1723,54107,5075,428857
2021-01-25 15:00:00,16304,391158,8601.0,62708,,,16304,391158,8601,62708,24905,453762
2021-01-26 15:00:00,17558,408716,8972.0,71680,,,17558,408716,8972,71680,26530,480292
2021-01-27 15:00:00,24436,433152,12545.0,84225,,,24436,433152,12545,84225,36981,517273
2021-01-28 15:00:00,22652,455804,9330.0,93555,,,22652,455804,9330,93555,31982,549255
2021-01-29 15:00:00,24778,480582,7925.0,101480,,,24778,480582,7925,101480,32703,581958
2021-01-30 15:00:00,17777,498359,2559.0,104039,,,17777,498359,2559,104039,20336,602294
2021-01-31 15:00:00,3761,502120,1365.0,105404,,,3761,502120,1365,105404,5126,607420
2021-02-01 15:00:00,8097,510217,5371.0,110775,,,8097,510217,5371,110775,13468,620888
2021-02-02 15:00:00,12502,522719,13822.0,124597,,,12502,522719,13822,124597,26324,647212
2021-02-03 15:00:00,18249,540968,18132.0,142729,,,18249,540968,18132,142729,36381,683593
2021-02-04 15:00:00,22125,563093,15786.0,158515,,,22125,563093,15786,158515,37911,721504
2021-02-05 15:00:00,20347,583440,17417.0,175932,,,20347,583440,17417,175932,37764,759268
2021-02-06 15:00:00,11330,594770,14475.0,190407,,,11330,594770,14475,190407,25805,785073
2021-02-07 15:00:00,5951,600721,1837.0,192244,,,5951,600721,1837,192244,7788,792861
2021-02-08 15:00:00,12982,613703,12918.0,205162,,,12982,613703,12918,205162,25900,818761
2021-02-09 15:00:00,16648,630351,13873.0,219035,,,16648,630351,13873,219035,30521,849282
2021-02-10 15:00:00,19294,649645,21229.0,240264,,,19294,649645,21229,240264,40523,889805
2021-02-11 15:00:00,22847,672492,17342.0,257606,,,22847,672492,17342,257606,40189,929994
2021-02-12 15:00:00,20391,692883,19637.0,277243,,,20391,692883,19637,277243,40028,970022
2021-02-13 15:00:00,11437,704320,6418.0,283661,,,11437,704320,6418,283661,17855,987877
2021-02-14 15:00:00,7110,711430,2128.0,285789,,,7110,711430,2128,285789,9238,997115
2021-02-15 15:00:00,11763,723193,13328.0,299117,,,11763,723193,13328,299117,25091,1022206
2021-02-16 15:00:00,16606,739799,21020.0,320137,,,16606,739799,21020,320137,37626,1059832
2021-02-17 15:00:00,20655,760454,26379.0,346516,,,20655,760454,26379,346516,47034,1106866
2021-02-18 15:00:00,3198,763652,4619.0,351135,,,3198,763652,4619,351135,7817,1114683
2021-02-19 15:00:00,10253,773905,19924.0,371059,,,10253,773905,19924,371059,30177,1144860
2021-02-20 15:00:00,10310,784215,20286.0,391345,,,10310,784215,20286,391345,30596,1175456
2021-02-21 15:00:00,6180,790395,7647.0,398992,,,6180,790395,7647,398992,13827,1189283
2021-02-22 15:00:00,8035,798430,15471.0,414463,,,8035,798430,15471,414463,23506,1212789
2021-02-23 15:00:00,15529,813959,15986.0,430449,,,15529,813959,15986,430449,31515,1244304
2021-02-24 15:00:00,17955,831914,24739.0,455188,,,17955,831914,24739,455188,42694,1286998
2021-02-25 15:00:00,20392,852306,26559.0,481747,,,20392,852306,26559,481747,46951,1333949
2021-02-26 15:00:00,26717,879023,26220.0,507967,,,26717,879023,26220,507967,52937,1386886
2021-02-27 15:00:00,16005,895028,11159.0,519126,,,16005,895028,11159,519126,27164,1414050
2021-02-28 15:00:00,15496,910524,4883.0,524009,,,15496,910524,4883,524009,20379,1434429
2021-03-01 15:00:00,26988,937512,12618.0,536627,,,26988,937512,12618,536627,39606,1474035
2021-03-02 15:00:00,23919,961431,13278.0,549905,34.0,34.0,23953,961465,13312,549939,37231,1511266
2021-03-03 15:00:00,30194,991625,18393.0,568298,188.0,222.0,30382,991847,18581,568520,48775,1560041
2021-03-04 15:00:00,30960,1022585,18197.0,586495,4069.0,4291.0,35029,1026876,22266,590786,53226,1613267
2021-03-05 15:00:00,30024,1052609,19719.0,606214,4909.0,9200.0,34933,1061809,24628,615414,54652,1667919
2021-03-06 15:00:00,18914,1071523,9509.0,615723,6009.0,15209.0,24923,1086732,15518,630932,34432,1702351
2021-03-07 15:00:00,12121,1083644,4862.0,620585,6612.0,21821.0,18733,1105465,11474,642406,23595,1725946
2021-03-08 15:00:00,25881,1109525,8844.0,629429,8273.0,30094.0,34154,1139619,17117,659523,42998,1768944
2021-03-09 15:00:00,26126,1135651,15468.0,644897,8345.0,38439.0,34471,1174090,23813,683336,49939,1818883
2021-03-10 15:00:00,29856,1165507,15999.0,660896,7940.0,46379.0,37796,1211886,23939,707275,53795,1872678
2021-03-11 15:00:00,35990,1201497,16402.0,677298,3980.0,50359.0,39970,1251856,20382,727657,56372,1929050
2021-03-12 15:00:00,36919,1238416,18084.0,695382,2924.0,53283.0,39843,1291699,21008,748665,57927,1986977
2021-03-13 15:00:00,22669,1261085,10282.0,705664,1629.0,54912.0,24298,1315997,11911,760576,34580,2021557
2021-03-14 15:00:00,17832,1278917,6721.0,712385,1005.0,55917.0,18837,1334834,7726,768302,25558,2047115
2021-03-15 15:00:00,29829,1308746,11306.0,723691,597.0,56514.0,30426,1365260,11903,780205,41732,2088847
2021-03-16 15:00:00,33415,1342161,13574.0,737265,769.0,57283.0,34184,1399444,14343,794548,47758,2136605
2021-03-17 15:00:00,37572,1379733,17056.0,754321,1181.0,58464.0,38753,1438197,18237,812785,55809,2192414
2021-03-18 15:00:00,41444,1421177,12649.0,766970,1348.0,59812.0,42792,1480989,13997,826782,55441,2247855
2021-03-19 15:00:00,38332,1459509,15418.0,782388,1042.0,60854.0,39374,1520363,16460,843242,54792,2302647
2021-03-20 15:00:00,24703,1484212,10160.0,792548,703.0,61557.0,25406,1545769,10863,854105,35566,2338213
2021-03-21 15:00:00,19179,1503391,7880.0,800428,336.0,61893.0,19515,1565284,8216,862321,27395,2365608
2021-03-22 15:00:00,32593,1535984,11479.0,811907,835.0,62728.0,33428,1598712,12314,874635,44907,2410515
2021-03-23 15:00:00,38418,1574402,17804.0,829711,1554.0,64282.0,39972,1638684,19358,893993,57776,2468291
2021-03-24 15:00:00,41088,1615490,21214.0,850925,1387.0,65669.0,42475,1681159,22601,916594,63689,2531980
2021-03-25 15:00:00,42886,1658376,21691.0,872616,2458.0,68127.0,45344,1726503,24149,940743,67035,2599015
2021-03-26 15:00:00,36363,1694739,26677.0,899293,2496.0,70623.0,38859,1765362,29173,969916,65536,2664551
2021-03-27 15:00:00,26478,1721217,17277.0,916570,2490.0,73113.0,28968,1794330,19767,989683,46245,2710796
2021-03-28 15:00:00,17012,1738229,12641.0,929211,1615.0,74728.0,18627,1812957,14256,1003939,31268,2742064
2021-03-29 15:00:00,29718,1767947,26284.0,955495,1140.0,75868.0,30858,1843815,27424,1031363,57142,2799206
2021-03-30 15:00:00,40062,1808009,28991.0,984486,1863.0,77731.0,41925,1885740,30854,1062217,70916,2870122
2021-03-31 15:00:00,41034,1849043,34692.0,1019178,5748.0,83479.0,46782,1932522,40440,1102657,81474,2951596
2021-04-01 15:00:00,42348,1891391,41017.0,1060195,5740.0,89219.0,48088,1980610,46757,1149414,89105,3040701
2021-04-02 15:00:00,34926,1926317,32673.0,1092868,6125.0,95344.0,41051,2021661,38798,1188212,73724,3114425
2021-04-03 15:00:00,21149,1947466,19186.0,1112054,4388.0,99732.0,25537,2047198,23574,1211786,44723,3159148
2021-04-04 15:00:00,8280,1955746,10186.0,1122240,967.0,100699.0,9247,2056445,11153,1222939,19433,3178581
2021-04-05 15:00:00,27948,1983694,28908.0,1151148,6657.0,107356.0,34605,2091050,35565,1258504,63513,3242094
2021-04-06 15:00:00,39768,2023462,30443.0,1181591,10494.0,117850.0,50262,2141312,40937,1299441,80705,3322799
2021-04-07 15:00:00,36090,2059552,34282.0,1215873,12987.0,130837.0,49077,2190389,47269,1346710,83359,3406158
2021-04-08 15:00:00,42335,2101887,36099.0,1251972,13865.0,144702.0,56200,2246589,49964,1396674,92299,3498457
2021-04-09 15:00:00,34057,2135944,36314.0,1288286,14523.0,159225.0,48580,2295169,50837,1447511,84894,3583351
2021-04-10 15:00:00,23468,2159412,23130.0,1311416,7641.0,166866.0,31109,2326278,30771,1478282,54239,3637590
2021-04-11 15:00:00,17564,2176976,13279.0,1324695,10119.0,176985.0,27683,2353961,23398,1501680,40962,3678552
2021-04-12 15:00:00,24606,2201582,33159.0,1357854,10895.0,187880.0,35501,2389462,44054,1545734,68660,3747212
2021-04-13 15:00:00,126193,2327775,91232.0,1449086,3292.0,191172.0,129485,2518947,94524,1640258,220717,3967929
2021-04-14 15:00:00,40717,2368492,37820.0,1486906,212.0,191384.0,40929,2559876,38032,1678290,78749,4046678
2021-04-15 15:00:00,41414,2409906,39542.0,1526448,174.0,191558.0,41588,2601464,39716,1718006,81130,4127808
2021-04-16 15:00:00,37144,2447050,38858.0,1565306,24.0,191582.0,37168,2638632,38882,1756888,76026,4203834
2021-04-17 15:00:00,32801,2479851,22025.0,1587331,12.0,191594.0,32813,2671445,22037,1778925,54838,4258672
2021-04-18 15:00:00,20069,2499920,16195.0,1603526,5.0,191599.0,20074,2691519,16200,1795125,36269,4294941
2021-04-19 15:00:00,29897,2529817,36545.0,1640071,61.0,191660.0,29958,2721477,36606,1831731,66503,4361444
2021-04-20 15:00:00,32936,2562753,44442.0,1684513,57.0,191717.0,32993,2754470,44499,1876230,77435,4438879
2021-04-21 15:00:00,39829,2602582,47048.0,1731561,26.0,191743.0,39855,2794325,47074,1923304,86903,4525782
2021-04-22 15:00:00,35861,2638443,42646.0,1774207,16.0,191759.0,35877,2830202,42662,1965966,78523,4604305
2021-04-23 15:00:00,33145,2671588,40141.0,1814348,14.0,191773.0,33159,2863361,40155,2006121,73300,4677605
2021-04-24 15:00:00,26413,2698001,27901.0,1842249,81.0,191854.0,26494,2889855,27982,2034103,54395,4732000
2021-04-25 15:00:00,20235,2718236,10969.0,1853218,31.0,191885.0,20266,2910121,11000,2045103,31235,4763235
2021-04-26 15:00:00,27411,2745647,32710.0,1885928,201.0,192086.0,27612,2937733,32911,2078014,60322,4823557
2021-04-27 15:00:00,26691,2772338,33068.0,1918996,1097.0,193183.0,27788,2965521,34165,2112179,60856,4884413
2021-04-28 15:00:00,28930,2801268,39538.0,1958534,1363.0,194546.0,30293,2995814,40901,2153080,69831,4954244
2021-04-29 15:00:00,27074,2828342,39741.0,1998275,1464.0,196010.0,28538,3024352,41205,2194285,68279,5022523
2021-04-30 15:00:00,28208,2856550,32262.0,2030537,1647.0,197657.0,29855,3054207,33909,2228194,62117,5084640
2021-05-01 15:00:00,20705,2877255,26679.0,2057216,1048.0,198705.0,21753,3075960,27727,2255921,48432,5133072
2021-05-02 15:00:00,10288,2887543,17039.0,2074255,822.0,199527.0,11110,3087070,17861,2273782,28149,5161221
2021-05-03 15:00:00,12756,2900299,28577.0,2102832,1915.0,201442.0,14671,3101741,30492,2304274,43248,5204469
2021-05-04 15:00:00,13573,2913872,38612.0,2141444,1738.0,203180.0,15311,3117052,40350,2344624,53923,5258392
2021-05-05 15:00:00,19323,2933195,37754.0,2179198,1921.0,205101.0,21244,3138296,39675,2384299,58998,5317390
2021-05-06 15:00:00,16920,2950115,40593.0,2219791,1721.0,206822.0,18641,3156937,42314,2426613,59234,5376624
2021-05-07 15:00:00,17586,2967701,36997.0,2256788,1959.0,208781.0,19545,3176482,38956,2465569,56542,5433166
2021-05-08 15:00:00,10792,2978493,31220.0,2288008,1291.0,210072.0,12083,3188565,32511,2498080,43303,5476469
2021-05-09 15:00:00,5083,2983576,12241.0,2300249,695.0,210767.0,5778,3194343,12936,2511016,18019,5494488
2021-05-10 15:00:00,8952,2992528,31051.0,2331300,1362.0,212129.0,10314,3204657,32413,2543429,41365,5535853
2021-05-11 15:00:00,12186,3004714,30283.0,2361583,1441.0,213570.0,13627,3218284,31724,2575153,43910,5579763
2021-05-12 15:00:00,13945,3018659,38620.0,2400203,1919.0,215489.0,15864,3234148,40539,2615692,54484,5634247
2021-05-13 15:00:00,21836,3040495,33509.0,2433712,1347.0,216836.0,23183,3257331,34856,2650548,56692,5690939
2021-05-14 15:00:00,24390,3064885,30043.0,2463755,1774.0,218610.0,26164,3283495,31817,2682365,56207,5747146
2021-05-15 15:00:00,21936,3086821,25105.0,2488860,1490.0,220100.0,23426,3306921,26595,2708960,48531,5795677
2021-05-16 15:00:00,9092,3095913,17584.0,2506444,1113.0,221213.0,10205,3317126,18697,2727657,27789,5823466
2021-05-17 15:00:00,16835,3112748,28400.0,2534844,1949.0,223162.0,18784,3335910,30349,2758006,47184,5870650
2021-05-18 15:00:00,21266,3134014,30690.0,2565534,1942.0,225104.0,23208,3359118,32632,2790638,53898,5924548
2021-05-19 15:00:00,27660,3161674,32432.0,2597966,1631.0,226735.0,29291,3388409,34063,2824701,61723,5986271
2021-05-20 15:00:00,20807,3182481,33268.0,2631234,1965.0,228700.0,22772,3411181,35233,2859934,56040,6042311
2021-05-21 15:00:00,19161,3201642,30349.0,2661583,1607.0,230307.0,20768,3431949,31956,2891890,51117,6093428
2021-05-22 15:00:00,16937,3218579,20687.0,2682270,1271.0,231578.0,18208,3450157,21958,2913848,38895,6132323
2021-05-23 15:00:00,8792,3227371,11445.0,2693715,965.0,232543.0,9757,3459914,12410,2926258,21202,6153525
2021-05-24 15:00:00,13565,3240936,17773.0,2711488,1473.0,234016.0,15038,3474952,19246,2945504,32811,6186336
2021-05-25 15:00:00,13071,3254007,18717.0,2730205,1329.0,235345.0,14400,3489352,20046,2965550,33117,6219453
2021-05-26 15:00:00,18314,3272321,19491.0,2749696,1512.0,236857.0,19826,3509178,21003,2986553,39317,6258770
2021-05-27 15:00:00,11685,3284006,18660.0,2768356,1116.0,237973.0,12801,3521979,19776,3006329,31461,6290231
2021-05-28 15:00:00,12415,3296421,19837.0,2788193,1401.0,239374.0,13816,3535795,21238,3027567,33653,6323884
2021-05-29 15:00:00,9514,3305935,11718.0,2799911,937.0,240311.0,10451,3546246,12655,3040222,22169,6346053
2021-05-30 15:00:00,4969,3310904,6428.0,2806339,596.0,240907.0,5565,3551811,7024,3047246,11993,6358046
2021-05-31 15:00:00,1778,3312682,3711.0,2810050,305.0,241212.0,2083,3553894,4016,3051262,5794,6363840
2021-06-01 15:00:00,9848,3322530,16427.0,2826477,1159.0,242371.0,11007,3564901,17586,3068848,27434,6391274
2021-06-02 15:00:00,10231,3332761,16816.0,2843293,959.0,243330.0,11190,3576091,17775,3086623,28006,6419280
2021-06-03 15:00:00,7899,3340660,21189.0,2864482,1087.0,244417.0,8986,3585077,22276,3108899,30175,6449455
2021-06-04 15:00:00,8196,3348856,22354.0,2886836,1120.0,245537.0,9316,3594393,23474,3132373,31670,6481125
2021-06-05 15:00:00,6999,3355855,19470.0,2906306,720.0,246257.0,7719,3602112,20190,3152563,27189,6508314
2021-06-06 15:00:00,3456,3359311,7249.0,2913555,423.0,246680.0,3879,3605991,7672,3160235,11128,6519442
2021-06-07 15:00:00,6858,3366169,15784.0,2929339,726.0,247406.0,7584,3613575,16510,3176745,23368,6542810
2021-06-08 15:00:00,6671,3372840,19733.0,2949072,830.0,248236.0,7501,3621076,20563,3197308,27234,6570044
2021-06-09 15:00:00,8199,3381039,23981.0,2973053,969.0,249205.0,9168,3630244,24950,3222258,33149,6603193
2021-06-10 15:00:00,7150,3388189,19135.0,2992188,895.0,250100.0,8045,3638289,20030,3242288,27180,6630373
2021-06-11 15:00:00,7485,3395674,17724.0,3009912,1125.0,251225.0,8610,3646899,18849,3261137,26334,6656707
2021-06-12 15:00:00,5239,3400913,14763.0,3024675,605.0,251830.0,5844,3652743,15368,3276505,20607,6677314
2021-06-13 15:00:00,1930,3402843,7610.0,3032285,427.0,252257.0,2357,3655100,8037,3284542,9967,6687281
2021-06-14 15:00:00,5658,3408501,11812.0,3044097,733.0,252990.0,6391,3661491,12545,3297087,18203,6705484
2021-06-15 15:00:00,5639,3414140,14339.0,3058436,873.0,253863.0,6512,3668003,15212,3312299,20851,6726335
2021-06-16 15:00:00,8757,3422897,21591.0,3080027,757.0,254620.0,9514,3677517,22348,3334647,31105,6757440
2021-06-17 15:00:00,6686,3429583,12363.0,3092390,720.0,255340.0,7406,3684923,13083,3347730,19769,6777209
2021-06-18 15:00:00,6836,3436419,12733.0,3105123,703.0,256043.0,7539,3692462,13436,3361166,20272,6797481
2021-06-19 15:00:00,4660,3441079,9376.0,3114499,615.0,256658.0,5275,3697737,9991,3371157,14651,6812132
2021-06-20 15:00:00,2505,3443584,5053.0,3119552,377.0,257035.0,2882,3700619,5430,3376587,7935,6820067
2021-06-21 15:00:00,5562,3449146,5331.0,3124883,635.0,257670.0,6197,3706816,5966,3382553,11528,6831595
2021-06-22 15:00:00,5345,3454491,9049.0,3133932,693.0,258363.0,6038,3712854,9742,3392295,15087,6846682
2021-06-23 15:00:00,6068,3460559,10324.0,3144256,646.0,259009.0,6714,3719568,10970,3403265,17038,6863720
2021-06-24 15:00:00,5935,3466494,8198.0,3152454,595.0,259604.0,6530,3726098,8793,3412058,14728,6878448
2021-06-25 15:00:00,5819,3472313,8656.0,3161110,620.0,260224.0,6439,3732537,9276,3421334,15095,6893543
2021-06-26 15:00:00,3700,3476013,6304.0,3167414,398.0,260622.0,4098,3736635,6702,3428036,10402,6903945
2021-06-27 15:00:00,2809,3478822,3520.0,3170934,185.0,260807.0,2994,3739629,3705,3431741,6514,6910459
2021-06-28 15:00:00,4918,3483740,6385.0,3177319,539.0,261346.0,5457,3745086,6924,3438665,11842,6922301
2021-06-29 15:00:00,5061,3488801,6472.0,3183791,519.0,261865.0,5580,3750666,6991,3445656,12052,6934353
2021-06-30 15:00:00,5615,3494416,7384.0,3191175,605.0,262470.0,6220,3756886,7989,3453645,13604,6947957
2021-07-01 15:00:00,5398,3499814,6986.0,3198161,499.0,262969.0,5897,3762783,7485,3461130,12883,6960840
2021-07-02 15:00:00,5290,3505104,6836.0,3204997,524.0,263493.0,5814,3768597,7360,3468490,12650,6973490
2021-07-03 15:00:00,3269,3508373,4065.0,3209062,264.0,263757.0,3533,3772130,4329,3472819,7598,6981088
2021-07-04 15:00:00,494,3508867,545.0,3209607,68.0,263825.0,562,3772692,613,3473432,1107,6982195
2021-07-05 15:00:00,3763,3512630,3952.0,3213559,287.0,264112.0,4050,3776742,4239,3477671,8002,6990197
2021-07-06 15:00:00,4490,3517120,6266.0,3219825,452.0,264564.0,4942,3781684,6718,3484389,11208,7001405
2021-07-07 15:00:00,4467,3521587,6410.0,3226235,482.0,265046.0,4949,3786633,6892,3491281,11359,7012764
2021-07-08 15:00:00,4834,3526421,6166.0,3232401,564.0,265610.0,5398,3792031,6730,3498011,11564,7024328
2021-07-09 15:00:00,5364,3531785,6661.0,3239062,573.0,266183.0,5937,3797968,7234,3505245,12598,7036926
2021-07-10 15:00:00,3516,3535301,4406.0,3243468,303.0,266486.0,3819,3801787,4709,3509954,8225,7045151
2021-07-11 15:00:00,2676,3537977,2565.0,3246033,225.0,266711.0,2901,3804688,2790,3512744,5466,7050617
2021-07-12 15:00:00,4416,3542393,5117.0,3251150,379.0,267090.0,4795,3809483,5496,3518240,9912,7060529
2021-07-13 15:00:00,4658,3547051,4721.0,3255871,366.0,267456.0,5024,3814507,5087,3523327,9745,7070274
2021-07-14 15:00:00,4616,3551667,5279.0,3261150,421.0,267877.0,5037,3819544,5700,3529027,10316,7080590
2021-07-15 15:00:00,4900,3556567,5015.0,3266165,359.0,268236.0,5259,3824803,5374,3534401,10274,7090864
2021-07-16 15:00:00,6274,3562841,5836.0,3272001,405.0,268641.0,6679,3831482,6241,3540642,12515,7103379
2021-07-17 15:00:00,3415,3566256,3548.0,3275549,303.0,268944.0,3718,3835200,3851,3544493,7266,7110645
2021-07-18 15:00:00,2310,3568566,2377.0,3277926,110.0,269054.0,2420,3837620,2487,3546980,4797,7115442
2021-07-19 15:00:00,5138,3573704,4609.0,3282535,381.0,269435.0,5519,3843139,4990,3551970,10128,7125570
2021-07-20 15:00:00,5333,3579037,4714.0,3287249,366.0,269801.0,5699,3848838,5080,3557050,10413,7135983
2021-07-21 15:00:00,5659,3584696,4940.0,3292189,416.0,270217.0,6075,3854913,5356,3562406,11015,7146998
2021-07-22 15:00:00,6022,3590718,4636.0,3296825,472.0,270689.0,6494,3861407,5108,3567514,11130,7158128
2021-07-23 15:00:00,6840,3597558,4843.0,3301668,497.0,271186.0,7337,3868744,5340,3572854,12180,7170308
2021-07-24 15:00:00,4280,3601838,3200.0,3304868,267.0,271453.0,4547,3873291,3467,3576321,7747,7178055
2021-07-25 15:00:00,3297,3605135,1113.0,3305981,139.0,271592.0,3436,3876727,1252,3577573,4549,7182604
2021-07-26 15:00:00,6213,3611348,3905.0,3309886,419.0,272011.0,6632,3883359,4324,3581897,10537,7193141
2021-07-27 15:00:00,6601,3617949,4277.0,3314163,457.0,272468.0,7058,3890417,4734,3586631,11335,7204476
2021-07-28 15:00:00,7076,3625025,4138.0,3318301,460.0,272928.0,7536,3897953,4598,3591229,11674,7216150
2021-07-29 15:00:00,7074,3632099,4301.0,3322602,419.0,273347.0,7493,3905446,4720,3595949,11794,7227944
2021-07-30 15:00:00,7812,3639911,4800.0,3327402,525.0,273872.0,8337,3913783,5325,3601274,13137,7241081
2021-07-31 15:00:00,4792,3644703,3074.0,3330476,273.0,274145.0,5065,3918848,3347,3604621,8139,7249220
2021-08-01 15:00:00,3881,3648584,2156.0,3332632,163.0,274308.0,4044,3922892,2319,3606940,6200,7255420
2021-08-02 15:00:00,7263,3655847,3838.0,3336470,340.0,274648.0,7603,3930495,4178,3611118,11441,7266861
2021-08-03 15:00:00,7260,3663107,4090.0,3340560,515.0,275163.0,7775,3938270,4605,3615723,11865,7278726
2021-08-04 15:00:00,7420,3670527,4117.0,3344677,535.0,275698.0,7955,3946225,4652,3620375,12072,7290798
2021-08-05 15:00:00,7941,3678468,4292.0,3348969,537.0,276235.0,8478,3954703,4829,3625204,12770,7303568
2021-08-06 15:00:00,8323,3686791,4729.0,3353698,454.0,276689.0,8777,3963480,5183,3630387,13506,7317074
2021-08-07 15:00:00,5293,3692084,2832.0,3356530,263.0,276952.0,5556,3969036,3095,3633482,8388,7325462
2021-08-08 15:00:00,3973,3696057,2060.0,3358590,143.0,277095.0,4116,3973152,2203,3635685,6176,7331638
2021-08-09 15:00:00,6949,3703006,4549.0,3363139,369.0,277464.0,7318,3980470,4918,3640603,11867,7343505
2021-08-10 15:00:00,7143,3710149,4467.0,3367606,339.0,277803.0,7482,3987952,4806,3645409,11949,7355454
2021-08-11 15:00:00,7063,3717212,4439.0,3372045,442.0,278245.0,7505,3995457,4881,3650290,11944,7367398
2021-08-12 15:00:00,8606,3725818,4735.0,3376780,445.0,278690.0,9051,4004508,5180,3655470,13786,7381184
2021-08-13 15:00:00,7140,3732958,5366.0,3382146,397.0,279087.0,7537,4012045,5763,3661233,12903,7394087
2021-08-14 15:00:00,4914,3737872,3342.0,3385488,285.0,279372.0,5199,4017244,3627,3664860,8541,7402628
2021-08-15 15:00:00,3328,3741200,2736.0,3388224,163.0,279535.0,3491,4020735,2899,3667759,6227,7408855
2021-08-16 15:00:00,5436,3746636,5093.0,3393317,354.0,279889.0,5790,4026525,5447,3673206,10883,7419738
2021-08-17 15:00:00,6811,3753447,5361.0,3398678,390.0,280279.0,7201,4033726,5751,3678957,12562,7432300
2021-08-18 15:00:00,6325,3759772,5499.0,3404177,481.0,280760.0,6806,4040532,5980,3684937,12305,7444605
2021-08-19 15:00:00,6211,3765983,5553.0,3409730,416.0,281176.0,6627,4047159,5969,3690906,12180,7456785
2021-08-20 15:00:00,6832,3772815,6544.0,3416274,401.0,281577.0,7233,4054392,6945,3697851,13777,7470562
2021-08-21 15:00:00,4323,3777138,3916.0,3420190,228.0,281805.0,4551,4058943,4144,3701995,8467,7479029
2021-08-22 15:00:00,3060,3780198,3171.0,3423361,110.0,281915.0,3170,4062113,3281,3705276,6341,7485370
2021-08-23 15:00:00,5985,3786183,6090.0,3429451,285.0,282200.0,6270,4068383,6375,3711651,12360,7497730
2021-08-24 15:00:00,6544,3792727,6054.0,3435505,425.0,282625.0,6969,4075352,6479,3718130,13023,7510753
2021-08-25 15:00:00,6712,3799439,6219.0,3441724,441.0,283066.0,7153,4082505,6660,3724790,13372,7524125
2021-08-26 15:00:00,6966,3806405,6645.0,3448369,428.0,283494.0,7394,4089899,7073,3731863,14039,7538164
2021-08-27 15:00:00,6825,3813230,7064.0,3455433,316.0,283810.0,7141,4097040,7380,3739243,14205,7552369
2021-08-28 15:00:00,6898,3820128,6516.0,3461949,324.0,284134.0,7222,4104262,6840,3746083,13738,7566107
2021-08-29 15:00:00,3736,3823864,3687.0,3465636,610.0,284744.0,4346,4108608,4297,3750380,8033,7574140
2021-08-30 15:00:00,5924,3829788,6119.0,3471755,960.0,285704.0,6884,4115492,7079,3757459,13003,7587143
2021-08-31 15:00:00,5894,3835682,6052.0,3477807,946.0,286650.0,6840,4122332,6998,3764457,12892,7600035
2021-09-01 15:00:00,5586,3841268,5653.0,3483460,915.0,287565.0,6501,4128833,6568,3771025,12154,7612189
2021-09-02 15:00:00,5529,3846797,5920.0,3489380,707.0,288272.0,6236,4135069,6627,3777652,12156,7624345
2021-09-03 15:00:00,5990,3852787,6927.0,3496307,973.0,289245.0,6963,4142032,7900,3785552,13890,7638235
2021-09-04 15:00:00,3726,3856513,4346.0,3500653,879.0,290124.0,4605,4146637,5225,3790777,8951,7647186
2021-09-05 15:00:00,2954,3859467,2807.0,3503460,106.0,290230.0,3060,4149697,2913,3793690,5867,7653053
2021-09-06 15:00:00,1059,3860526,1154.0,3504614,65.0,290295.0,1124,4150821,1219,3794909,2278,7655331
2021-09-07 15:00:00,5342,3865868,7299.0,3511913,2303.0,292598.0,7645,4158466,9602,3804511,14944,7670275
2021-09-08 15:00:00,4653,3870521,5470.0,3517383,364.0,292962.0,5017,4163483,5834,3810345,10487,7680762
2021-09-09 15:00:00,5017,3875538,5454.0,3522837,324.0,293286.0,5341,4168824,5778,3816123,10795,7691557
2021-09-10 15:00:00,6520,3882058,6647.0,3529484,1719.0,295005.0,8239,4177063,8366,3824489,14886,7706443
2021-09-11 15:00:00,4172,3886230,4332.0,3533816,666.0,295671.0,4838,4181901,4998,3829487,9170,7715613
2021-09-12 15:00:00,3171,3889401,3241.0,3537057,436.0,296107.0,3607,4185508,3677,3833164,6848,7722461
2021-09-13 15:00:00,4882,3894283,5064.0,3542121,346.0,296453.0,5228,4190736,5410,3838574,10292,7732753
2021-09-14 15:00:00,4773,3899056,5438.0,3547559,436.0,296889.0,5209,4195945,5874,3844448,10647,7743400
2021-09-15 15:00:00,5034,3904090,5868.0,3553427,389.0,297278.0,5423,4201368,6257,3850705,11291,7754691
2021-09-16 15:00:00,4806,3908896,5844.0,3559271,336.0,297614.0,5142,4206510,6180,3856885,10986,7765677
2021-09-17 15:00:00,5257,3914153,6582.0,3565853,344.0,297958.0,5601,4212111,6926,3863811,12183,7777860
2021-09-18 15:00:00,3800,3917953,4577.0,3570430,185.0,298143.0,3985,4216096,4762,3868573,8562,7786422
2021-09-19 15:00:00,2742,3920695,3168.0,3573598,75.0,298218.0,2817,4218913,3243,3871816,5985,7792407
2021-09-20 15:00:00,3748,3924443,4679.0,3578277,430.0,298648.0,4178,4223091,5109,3876925,8857,7801264
2021-09-21 15:00:00,4004,3928447,4999.0,3583276,327.0,298975.0,4331,4227422,5326,3882251,9330,7810594
2021-09-22 15:00:00,4194,3932641,4772.0,3588048,458.0,299433.0,4652,4232074,5230,3887481,9424,7820018
2021-09-23 15:00:00,4174,3936815,4731.0,3592779,492.0,299925.0,4666,4236740,5223,3892704,9397,7829415
2021-09-24 15:00:00,5077,3941892,5605.0,3598384,422.0,300347.0,5499,4242239,6027,3898731,11104,7840519
2021-09-25 15:00:00,3626,3945518,3633.0,3602017,384.0,300731.0,4010,4246249,4017,3902748,7643,7848162
2021-09-26 15:00:00,2356,3947874,2666.0,3604683,425.0,301156.0,2781,4249030,3091,3905839,5447,7853609
2021-09-27 15:00:00,4506,3952380,2708.0,3607391,511.0,301667.0,5017,4254047,3219,3909058,7725,7861334
2021-09-28 15:00:00,4399,3956779,4455.0,3611846,211.0,301878.0,4610,4258657,4666,3913724,9065,7870399
2021-09-29 15:00:00,4699,3961478,4510.0,3616356,920.0,302798.0,5619,4264276,5430,3919154,10129,7880528
2021-09-30 15:00:00,4887,3966365,4560.0,3620916,795.0,303593.0,5682,4269958,5355,3924509,10242,7890770
2021-10-01 15:00:00,5501,3971866,5333.0,3626249,784.0,304377.0,6285,4276243,6117,3930626,11618,7902388
2021-10-02 15:00:00,2936,3974802,2896.0,3629145,187.0,304564.0,3123,4279366,3083,3933709,6019,7908407
2021-10-03 15:00:00,2073,3976875,2376.0,3631521,86.0,304650.0,2159,4281525,2462,3936171,4535,7912942
2021-10-04 15:00:00,4019,3980894,3499.0,3635020,232.0,304882.0,4251,4285776,3731,3939902,7750,7920692
2021-10-05 15:00:00,3959,3984853,3661.0,3638681,207.0,305089.0,4166,4289942,3868,3943770,7827,7928519
2021-10-06 15:00:00,4024,3988877,3578.0,3642259,265.0,305354.0,4289,4294231,3843,3947613,7867,7936386
2021-10-07 15:00:00,4232,3993109,3626.0,3645885,331.0,305685.0,4563,4298794,3957,3951570,8189,7944575
2021-10-08 15:00:00,4773,3997882,4287.0,3650172,282.0,305967.0,5055,4303849,4569,3956139,9342,7953917
2021-10-09 15:00:00,2690,4000572,2681.0,3652853,270.0,306237.0,2960,4306809,2951,3959090,5641,7959558
2021-10-10 15:00:00,1865,4002437,1848.0,3654701,59.0,306296.0,1924,4308733,1907,3960997,3772,7963330
2021-10-11 15:00:00,4217,4006654,3334.0,3658035,249.0,306545.0,4466,4313199,3583,3964580,7800,7971130
2021-10-12 15:00:00,3590,4010244,3526.0,3661561,273.0,306818.0,3863,4317062,3799,3968379,7389,7978519
2021-10-13 15:00:00,3958,4014202,3458.0,3665019,346.0,307164.0,4304,4321366,3804,3972183,7762,7986281
2021-10-14 15:00:00,5166,4019368,5487.0,3670506,429.0,307593.0,5595,4326961,5916,3978099,11082,7997363
2021-10-15 15:00:00,4708,4024076,4590.0,3675096,347.0,307940.0,5055,4332016,4937,3983036,9645,8007008
2021-10-16 15:00:00,2497,4026573,2506.0,3677602,290.0,308230.0,2787,4334803,2796,3985832,5293,8012301
2021-10-17 15:00:00,1805,4028378,1776.0,3679378,55.0,308285.0,1860,4336663,1831,3987663,3636,8015937
2021-10-18 15:00:00,4282,4032660,3580.0,3682958,267.0,308552.0,4549,4341212,3847,3991510,8129,8024066
2021-10-19 15:00:00,4301,4036961,4030.0,3686988,222.0,308774.0,4523,4345735,4252,3995762,8553,8032619
2021-10-20 15:00:00,3527,4040488,3426.0,3690414,254.0,309028.0,3781,4349516,3680,3999442,7207,8039826
2021-10-21 15:00:00,3299,4043787,3268.0,3693682,290.0,309318.0,3589,4353105,3558,4003000,6857,8046683
2021-10-22 15:00:00,4682,4048469,4035.0,3697717,476.0,309794.0,5158,4358263,4511,4007511,9193,8055876
2021-10-23 15:00:00,2888,4051357,2115.0,3699832,321.0,310115.0,3209,4361472,2436,4009947,5324,8061200
2021-10-24 15:00:00,2055,4053412,1559.0,3701391,78.0,310193.0,2133,4363605,1637,4011584,3692,8064892
2021-10-25 15:00:00,4545,4057957,3080.0,3704471,316.0,310509.0,4861,4368466,3396,4014980,7941,8072833
2021-10-26 15:00:00,4507,4062464,3096.0,3707567,310.0,310819.0,4817,4373283,3406,4018386,7913,8080746
2021-10-27 15:00:00,4735,4067199,3344.0,3710911,429.0,311248.0,5164,4378447,3773,4022159,8508,8089254
2021-10-28 15:00:00,4557,4071756,3367.0,3714278,498.0,311746.0,5055,4383502,3865,4026024,8422,8097676
2021-10-29 15:00:00,4976,4076732,3921.0,3718199,392.0,312138.0,5368,4388870,4313,4030337,9289,8106965
2021-10-30 15:00:00,2632,4079364,1845.0,3720044,308.0,312446.0,2940,4391810,2153,4032490,4785,8111750
2021-10-31 15:00:00,1938,4081302,1523.0,3721567,93.0,312539.0,2031,4393841,1616,4034106,3554,8115304
2021-11-01 15:00:00,4705,4086007,3428.0,3724995,342.0,312881.0,5047,4398888,3770,4037876,8475,8123779
2021-11-02 15:00:00,4255,4090262,2951.0,3727946,406.0,313287.0,4661,4403549,3357,4041233,7612,8131391
2021-11-03 15:00:00,4665,4094927,3062.0,3731008,458.0,313745.0,5123,4408672,3520,4044753,8185,8139576
2021-11-04 15:00:00,6315,4101242,3363.0,3734371,512.0,314257.0,6827,4415499,3875,4048628,10190,8149766
2021-11-05 15:00:00,8228,4109470,3771.0,3738142,409.0,314666.0,8637,4424136,4180,4052808,12408,8162174
2021-11-06 15:00:00,10186,4119656,1981.0,3740123,306.0,314972.0,10492,4434628,2287,4055095,12473,8174647
2021-11-07 15:00:00,7721,4127377,1470.0,3741593,94.0,315066.0,7815,4442443,1564,4056659,9285,8183932
2021-11-08 15:00:00,11293,4138670,3045.0,3744638,379.0,315445.0,11672,4454115,3424,4060083,14717,8198649
2021-11-09 15:00:00,11755,4150425,2660.0,3747298,269.0,315714.0,12024,4466139,2929,4063012,14684,8213333
2021-11-10 15:00:00,12580,4163005,2763.0,3750061,337.0,316051.0,12917,4479056,3100,4066112,15680,8229013
2021-11-11 15:00:00,11360,4174365,2382.0,3752443,281.0,316332.0,11641,4490697,2663,4068775,14023,8243036
2021-11-12 15:00:00,12287,4186652,3359.0,3755802,547.0,316879.0,12834,4503531,3906,4072681,16193,8259229
2021-11-13 15:00:00,9878,4196530,1592.0,3757394,342.0,317221.0,10220,4513751,1934,4074615,11812,8271041
2021-11-14 15:00:00,3923,4200453,1131.0,3758525,121.0,317342.0,4044,4517795,1252,4075867,5175,8276216
2021-11-15 15:00:00,8611,4209064,2529.0,3761054,204.0,317546.0,8815,4526610,2733,4078600,11344,8287560
2021-11-16 15:00:00,9229,4218293,2496.0,3763550,255.0,317801.0,9484,4536094,2751,4081351,11980,8299540
2021-11-17 15:00:00,9398,4227691,2880.0,3766430,312.0,318113.0,9710,4545804,3192,4084543,12590,8312130
2021-11-18 15:00:00,9294,4236985,2632.0,3769062,481.0,318594.0,9775,4555579,3113,4087656,12407,8324537
2021-11-19 15:00:00,9799,4246784,2922.0,3771984,381.0,318975.0,10180,4565759,3303,4090959,13102,8337639
2021-11-20 15:00:00,10629,4257413,1606.0,3773590,455.0,319430.0,11084,4576843,2061,4093020,12690,8350329
2021-11-21 15:00:00,4347,4261760,1200.0,3774790,99.0,319529.0,4446,4581289,1299,4094319,5646,8355975
2021-11-22 15:00:00,9815,4271575,2492.0,3777282,292.0,319821.0,10107,4591396,2784,4097103,12599,8368574
2021-11-23 15:00:00,9170,4280745,2402.0,3779684,280.0,320101.0,9450,4600846,2682,4099785,11852,8380426
2021-11-24 15:00:00,8152,4288897,2446.0,3782130,216.0,320317.0,8368,4609214,2662,4102447,10814,8391240
2021-11-25 15:00:00,238,4289135,77.0,3782207,10.0,320327.0,248,4609462,87,4102534,325,8391565
2021-11-26 15:00:00,5652,4294787,3961.0,3786168,152.0,320479.0,5804,4615266,4113,4106647,9765,8401330
2021-11-27 15:00:00,3771,4298558,5467.0,3791635,134.0,320613.0,3905,4619171,5601,4112248,9372,8410702
2021-11-28 15:00:00,2414,4300972,6383.0,3798018,77.0,320690.0,2491,4621662,6460,4118708,8874,8419576
2021-11-29 15:00:00,6378,4307350,9278.0,3807296,379.0,321069.0,6757,4628419,9657,4128365,16035,8435611
2021-11-30 15:00:00,6246,4313596,9303.0,3816599,264.0,321333.0,6510,4634929,9567,4137932,15813,8451424
2021-12-01 15:00:00,7273,4320869,9661.0,3826260,307.0,321640.0,7580,4642509,9968,4147900,17241,8468665
2021-12-02 15:00:00,6913,4327782,8766.0,3835026,450.0,322090.0,7363,4649872,9216,4157116,16129,8484794
2021-12-03 15:00:00,7582,4335364,9250.0,3844276,250.0,322340.0,7832,4657704,9500,4166616,17082,8501876
2021-12-04 15:00:00,5954,4341318,10025.0,3854301,465.0,322805.0,6419,4664123,10490,4177106,16444,8518320
2021-12-05 15:00:00,3468,4344786,3288.0,3857589,77.0,322882.0,3545,4667668,3365,4180471,6833,8525153
2021-12-06 15:00:00,6753,4351539,7106.0,3864695,277.0,323159.0,7030,4674698,7383,4187854,14136,8539289
2021-12-07 15:00:00,6407,4357946,7016.0,3871711,249.0,323408.0,6656,4681354,7265,4195119,13672,8552961
2021-12-08 15:00:00,6933,4364879,7418.0,3879129,315.0,323723.0,7248,4688602,7733,4202852,14666,8567627
2021-12-09 15:00:00,6514,4371393,6999.0,3886128,397.0,324120.0,6911,4695513,7396,4210248,13910,8581537
2021-12-10 15:00:00,7248,4378641,7314.0,3893442,229.0,324349.0,7477,4702990,7543,4217791,14791,8596328
2021-12-11 15:00:00,4460,4383101,7662.0,3901104,333.0,324682.0,4793,4707783,7995,4225786,12455,8608783
2021-12-12 15:00:00,4002,4387103,2783.0,3903887,60.0,324742.0,4062,4711845,2843,4228629,6845,8615628
2021-12-13 15:00:00,5695,4392798,5757.0,3909644,243.0,324985.0,5938,4717783,6000,4234629,11695,8627323
2021-12-14 15:00:00,6445,4399243,5923.0,3915567,221.0,325206.0,6666,4724449,6144,4240773,12589,8639912
2021-12-15 15:00:00,7139,4406382,5684.0,3921251,252.0,325458.0,7391,4731840,5936,4246709,13075,8652987
2021-12-16 15:00:00,7848,4414230,2806.0,3924057,421.0,325879.0,8269,4740109,3227,4249936,11075,8664062
2021-12-17 15:00:00,7794,4422024,4152.0,3928209,195.0,326074.0,7989,4748098,4347,4254283,12141,8676203
2021-12-18 15:00:00,5825,4427849,3187.0,3931396,298.0,326372.0,6123,4754221,3485,4257768,9310,8685513
2021-12-19 15:00:00,3381,4431230,1342.0,3932738,36.0,326408.0,3417,4757638,1378,4259146,4759,8690272
2021-12-20 15:00:00,8062,4439292,3752.0,3936490,173.0,326581.0,8235,4765873,3925,4263071,11987,8702259
2021-12-21 15:00:00,8982,4448274,4146.0,3940636,173.0,326754.0,9155,4775028,4319,4267390,13301,8715560
2021-12-22 15:00:00,8681,4456955,3853.0,3944489,184.0,326938.0,8865,4783893,4037,4271427,12718,8728278
2021-12-23 15:00:00,8402,4465357,3548.0,3948037,359.0,327297.0,8761,4792654,3907,4275334,12309,8740587
2021-12-24 15:00:00,1632,4466989,1004.0,3949041,39.0,327336.0,1671,4794325,1043,4276377,2675,8743262
2021-12-25 15:00:00,51,4467040,35.0,3949076,1.0,327337.0,52,4794377,36,4276413,87,8743349
2021-12-26 15:00:00,2519,4469559,1746.0,3950822,44.0,327381.0,2563,4796940,1790,4278203,4309,8747658
2021-12-27 15:00:00,7179,4476738,3981.0,3954803,296.0,327677.0,7475,4804415,4277,4282480,11456,8759114
2021-12-28 15:00:00,7848,4484586,3811.0,3958614,175.0,327852.0,8023,4812438,3986,4286466,11834,8770948
2021-12-29 15:00:00,8183,4492769,4012.0,3962626,155.0,328007.0,8338,4820776,4167,4290633,12350,8783298
2021-12-30 15:00:00,7459,4500228,3767.0,3966393,288.0,328295.0,7747,4828523,4055,4294688,11514,8794812
2021-12-31 15:00:00,2557,4502785,1524.0,3967917,92.0,328387.0,2649,4831172,1616,4296304,4173,8798985
2022-01-01 15:00:00,736,4503521,344.0,3968261,33.0,328420.0,769,4831941,377,4296681,1113,8800098
2022-01-02 15:00:00,2211,4505732,1645.0,3969906,47.0,328467.0,2258,4834199,1692,4298373,3903,8804001
2022-01-03 15:00:00,3392,4509124,2063.0,3971969,221.0,328688.0,3613,4837812,2284,4300657,5676,8809677
2022-01-04 15:00:00,5828,4514952,3455.0,3975424,162.0,328850.0,5990,4843802,3617,4304274,9445,8819122
2022-01-05 15:00:00,6820,4521772,4687.0,3980111,175.0,329025.0,6995,4850797,4862,4309136,11682,8830804
2022-01-06 15:00:00,6749,4528521,4802.0,3984913,263.0,329288.0,7012,4857809,5065,4314201,11814,8842618
2022-01-07 15:00:00,5936,4534457,3743.0,3988656,159.0,329447.0,6095,4863904,3902,4318103,9838,8852456
2022-01-08 15:00:00,4792,4539249,3906.0,3992562,78.0,329525.0,4870,4868774,3984,4322087,8776,8861232
2022-01-09 15:00:00,2755,4542004,2014.0,3994576,154.0,329679.0,2909,4871683,2168,4324255,4923,8866155
2022-01-10 15:00:00,6293,4548297,3836.0,3998412,155.0,329834.0,6448,4878131,3991,4328246,10284,8876439
2022-01-11 15:00:00,6529,4554826,4232.0,4002644,141.0,329975.0,6670,4884801,4373,4332619,10902,8887341
2022-01-12 15:00:00,6788,4561614,4443.0,4007087,225.0,330200.0,7013,4891814,4668,4337287,11456,8898797
2022-01-13 15:00:00,6584,4568198,4374.0,4011461,150.0,330350.0,6734,4898548,4524,4341811,11108,8909905
2022-01-14 15:00:00,7168,4575366,3266.0,4014727,252.0,330602.0,7420,4905968,3518,4345329,10686,8920591
2022-01-15 15:00:00,4211,4579577,1676.0,4016403,70.0,330672.0,4281,4910249,1746,4347075,5957,8926548
2022-01-16 15:00:00,2209,4581786,1311.0,4017714,116.0,330788.0,2325,4912574,1427,4348502,3636,8930184
2022-01-17 15:00:00,3604,4585390,2360.0,4020074,74.0,330862.0,3678,4916252,2434,4350936,6038,8936222
2022-01-18 15:00:00,5264,4590654,4161.0,4024235,100.0,330962.0,5364,4921616,4261,4355197,9525,8945747
2022-01-19 15:00:00,5249,4595903,4453.0,4028688,96.0,331058.0,5345,4926961,4549,4359746,9798,8955545
2022-01-20 15:00:00,4471,4600374,3581.0,4032269,176.0,331234.0,4647,4931608,3757,4363503,8228,8963773
2022-01-21 15:00:00,5483,4605857,2887.0,4035156,123.0,331357.0,5606,4937214,3010,4366513,8493,8972266
2022-01-22 15:00:00,3368,4609225,1704.0,4036860,133.0,331490.0,3501,4940715,1837,4368350,5205,8977471
2022-01-23 15:00:00,1939,4611164,1468.0,4038328,30.0,331520.0,1969,4942684,1498,4369848,3437,8980908
2022-01-24 15:00:00,4069,4615233,2734.0,4041062,84.0,331604.0,4153,4946837,2818,4372666,6887,8987795
2022-01-25 15:00:00,3731,4618964,3260.0,4044322,92.0,331696.0,3823,4950660,3352,4376018,7083,8994878
2022-01-26 15:00:00,3786,4622750,3617.0,4047939,90.0,331786.0,3876,4954536,3707,4379725,7493,9002371
2022-01-27 15:00:00,3565,4626315,3733.0,4051672,183.0,331969.0,3748,4958284,3916,4383641,7481,9009852
2022-01-28 15:00:00,3519,4629834,2957.0,4054629,70.0,332039.0,3589,4961873,3027,4386668,6546,9016398
2022-01-29 15:00:00,2075,4631909,2036.0,4056665,111.0,332150.0,2186,4964059,2147,4388815,4222,9020620
2022-01-30 15:00:00,415,4632324,571.0,4057236,6.0,332156.0,421,4964480,577,4389392,992,9021612
