VACCINATION_DATE,FirstDailyDose,FirstDoseCumulative,SecondDailyDose,SecondDoseCumulative,SingleDailyDose,SingleDoseCumulative,AtleastOneVaccine,AtleastOneVaccineCumulative,CompletedVax,CompletedVaxCumulative,FirstSecondSingleVaccinations,FirstSecondSingleVaccinationsCumulative
2020-12-14 15:00:00,19,1481,,534,,,19,1481,0,534,19,1939
2020-12-15 15:00:00,62,1543,3.0,537,,,62,1543,3,537,65,2004
2020-12-16 15:00:00,597,2140,5.0,542,,,597,2140,5,542,602,2606
2020-12-17 15:00:00,1167,3307,8.0,550,,,1167,3307,8,550,1175,3781
2020-12-18 15:00:00,3031,6338,12.0,562,,,3031,6338,12,562,3043,6824
2020-12-19 15:00:00,930,7268,7.0,569,,,930,7268,7,569,937,7761
2020-12-20 15:00:00,370,7638,6.0,575,,,370,7638,6,575,376,8137
2020-12-21 15:00:00,3900,11538,26.0,601,,,3900,11538,26,601,3926,12063
2020-12-22 15:00:00,6328,17866,30.0,631,,,6328,17866,30,631,6358,18421
2020-12-23 15:00:00,5793,23659,39.0,670,,,5793,23659,39,670,5832,24253
2020-12-24 15:00:00,2729,26388,15.0,685,,,2729,26388,15,685,2744,26997
2020-12-25 15:00:00,1035,27423,4.0,689,,,1035,27423,4,689,1039,28036
2020-12-26 15:00:00,1887,29310,10.0,699,,,1887,29310,10,699,1897,29933
2020-12-27 15:00:00,1803,31113,12.0,711,,,1803,31113,12,711,1815,31748
2020-12-28 15:00:00,8995,40108,51.0,762,,,8995,40108,51,762,9046,40794
2020-12-29 15:00:00,10979,51087,53.0,815,,,10979,51087,53,815,11032,51826
2020-12-30 15:00:00,12508,63595,96.0,911,,,12508,63595,96,911,12604,64430
2020-12-31 15:00:00,7557,71152,49.0,960,,,7557,71152,49,960,7606,72036
2021-01-01 15:00:00,3395,74547,146.0,1106,,,3395,74547,146,1106,3541,75577
2021-01-02 15:00:00,3062,77609,34.0,1140,,,3062,77609,34,1140,3096,78673
2021-01-03 15:00:00,3416,81025,82.0,1222,,,3416,81025,82,1222,3498,82171
2021-01-04 15:00:00,13376,94401,342.0,1564,,,13376,94401,342,1564,13718,95889
2021-01-05 15:00:00,12497,106898,550.0,2114,,,12497,106898,550,2114,13047,108936
2021-01-06 15:00:00,15278,122176,871.0,2985,,,15278,122176,871,2985,16149,125085
2021-01-07 15:00:00,15051,137227,1788.0,4773,,,15051,137227,1788,4773,16839,141924
2021-01-08 15:00:00,24028,161255,2793.0,7566,,,24028,161255,2793,7566,26821,168745
2021-01-09 15:00:00,5185,166440,958.0,8524,,,5185,166440,958,8524,6143,174888
2021-01-10 15:00:00,2986,169426,387.0,8911,,,2986,169426,387,8911,3373,178261
2021-01-11 15:00:00,13745,183171,3488.0,12399,,,13745,183171,3488,12399,17233,195494
2021-01-12 15:00:00,17409,200580,5600.0,17999,,,17409,200580,5600,17999,23009,218503
2021-01-13 15:00:00,18634,219214,3940.0,21939,,,18634,219214,3940,21939,22574,241077
2021-01-14 15:00:00,17878,237092,1967.0,23906,,,17878,237092,1967,23906,19845,260922
2021-01-15 15:00:00,19507,256599,2039.0,25945,,,19507,256599,2039,25945,21546,282468
2021-01-16 15:00:00,5849,262448,1624.0,27569,,,5849,262448,1624,27569,7473,289941
2021-01-17 15:00:00,2128,264576,1480.0,29049,,,2128,264576,1480,29049,3608,293549
2021-01-18 15:00:00,7087,271663,3268.0,32317,,,7087,271663,3268,32317,10355,303904
2021-01-19 15:00:00,16963,288626,5418.0,37735,,,16963,288626,5418,37735,22381,326285
2021-01-20 15:00:00,21024,309650,5339.0,43074,,,21024,309650,5339,43074,26363,352648
2021-01-21 15:00:00,23834,333484,3871.0,46945,,,23834,333484,3871,46945,27705,380353
2021-01-22 15:00:00,28674,362158,3771.0,50716,,,28674,362158,3771,50716,32445,412798
2021-01-23 15:00:00,10132,372290,1949.0,52665,,,10132,372290,1949,52665,12081,424879
2021-01-24 15:00:00,3361,375651,1727.0,54392,,,3361,375651,1727,54392,5088,429967
2021-01-25 15:00:00,16311,391962,8623.0,63015,,,16311,391962,8623,63015,24934,454901
2021-01-26 15:00:00,17573,409535,8983.0,71998,,,17573,409535,8983,71998,26556,481457
2021-01-27 15:00:00,24447,433982,12581.0,84579,,,24447,433982,12581,84579,37028,518485
2021-01-28 15:00:00,22667,456649,9339.0,93918,,,22667,456649,9339,93918,32006,550491
2021-01-29 15:00:00,24794,481443,7944.0,101862,,,24794,481443,7944,101862,32738,583229
2021-01-30 15:00:00,17789,499232,2571.0,104433,,,17789,499232,2571,104433,20360,603589
2021-01-31 15:00:00,3765,502997,1375.0,105808,,,3765,502997,1375,105808,5140,608729
2021-02-01 15:00:00,8190,511187,5432.0,111240,,,8190,511187,5432,111240,13622,622351
2021-02-02 15:00:00,12528,523715,13845.0,125085,,,12528,523715,13845,125085,26373,648724
2021-02-03 15:00:00,18276,541991,18151.0,143236,,,18276,541991,18151,143236,36427,685151
2021-02-04 15:00:00,22151,564142,15804.0,159040,,,22151,564142,15804,159040,37955,723106
2021-02-05 15:00:00,20418,584560,17451.0,176491,,,20418,584560,17451,176491,37869,760975
2021-02-06 15:00:00,11385,595945,14541.0,191032,,,11385,595945,14541,191032,25926,786901
2021-02-07 15:00:00,5992,601937,1952.0,192984,,,5992,601937,1952,192984,7944,794845
2021-02-08 15:00:00,13019,614956,12989.0,205973,,,13019,614956,12989,205973,26008,820853
2021-02-09 15:00:00,16669,631625,13895.0,219868,,,16669,631625,13895,219868,30564,851417
2021-02-10 15:00:00,19334,650959,21327.0,241195,,,19334,650959,21327,241195,40661,892078
2021-02-11 15:00:00,22948,673907,17393.0,258588,,,22948,673907,17393,258588,40341,932419
2021-02-12 15:00:00,20447,694354,19685.0,278273,,,20447,694354,19685,278273,40132,972551
2021-02-13 15:00:00,11476,705830,6431.0,284704,,,11476,705830,6431,284704,17907,990458
2021-02-14 15:00:00,7122,712952,2140.0,286844,,,7122,712952,2140,286844,9262,999720
2021-02-15 15:00:00,11772,724724,13349.0,300193,,,11772,724724,13349,300193,25121,1024841
2021-02-16 15:00:00,16657,741381,21040.0,321233,,,16657,741381,21040,321233,37697,1062538
2021-02-17 15:00:00,20688,762069,26393.0,347626,,,20688,762069,26393,347626,47081,1109619
2021-02-18 15:00:00,3206,765275,4627.0,352253,,,3206,765275,4627,352253,7833,1117452
2021-02-19 15:00:00,10265,775540,19947.0,372200,,,10265,775540,19947,372200,30212,1147664
2021-02-20 15:00:00,10322,785862,20318.0,392518,,,10322,785862,20318,392518,30640,1178304
2021-02-21 15:00:00,6195,792057,7670.0,400188,,,6195,792057,7670,400188,13865,1192169
2021-02-22 15:00:00,8044,800101,15498.0,415686,,,8044,800101,15498,415686,23542,1215711
2021-02-23 15:00:00,15547,815648,15989.0,431675,,,15547,815648,15989,431675,31536,1247247
2021-02-24 15:00:00,18001,833649,24853.0,456528,,,18001,833649,24853,456528,42854,1290101
2021-02-25 15:00:00,20404,854053,26602.0,483130,,,20404,854053,26602,483130,47006,1337107
2021-02-26 15:00:00,26702,880755,26278.0,509408,,,26702,880755,26278,509408,52980,1390087
2021-02-27 15:00:00,16033,896788,11165.0,520573,,,16033,896788,11165,520573,27198,1417285
2021-02-28 15:00:00,15524,912312,4895.0,525468,,,15524,912312,4895,525468,20419,1437704
2021-03-01 15:00:00,27249,939561,12685.0,538153,,,27249,939561,12685,538153,39934,1477638
2021-03-02 15:00:00,24005,963566,13305.0,551458,38.0,38.0,24043,963604,13343,551496,37348,1514986
2021-03-03 15:00:00,30252,993818,18425.0,569883,193.0,231.0,30445,994049,18618,570114,48870,1563856
2021-03-04 15:00:00,31014,1024832,18265.0,588148,4068.0,4299.0,35082,1029131,22333,592447,53347,1617203
2021-03-05 15:00:00,30095,1054927,19783.0,607931,4913.0,9212.0,35008,1064139,24696,617143,54791,1671994
2021-03-06 15:00:00,19001,1073928,9539.0,617470,6009.0,15221.0,25010,1089149,15548,632691,34549,1706543
2021-03-07 15:00:00,12157,1086085,4930.0,622400,6606.0,21827.0,18763,1107912,11536,644227,23693,1730236
2021-03-08 15:00:00,25933,1112018,8866.0,631266,8276.0,30103.0,34209,1142121,17142,661369,43075,1773311
2021-03-09 15:00:00,26151,1138169,15502.0,646768,8345.0,38448.0,34496,1176617,23847,685216,49998,1823309
2021-03-10 15:00:00,29893,1168062,16054.0,662822,7936.0,46384.0,37829,1214446,23990,709206,53883,1877192
2021-03-11 15:00:00,36018,1204080,16431.0,679253,3982.0,50366.0,40000,1254446,20413,729619,56431,1933623
2021-03-12 15:00:00,36921,1241001,18164.0,697417,2929.0,53295.0,39850,1294296,21093,750712,58014,1991637
2021-03-13 15:00:00,22674,1263675,10342.0,707759,1630.0,54925.0,24304,1318600,11972,762684,34646,2026283
2021-03-14 15:00:00,17841,1281516,6738.0,714497,1010.0,55935.0,18851,1337451,7748,770432,25589,2051872
2021-03-15 15:00:00,29897,1311413,11371.0,725868,599.0,56534.0,30496,1367947,11970,782402,41867,2093739
2021-03-16 15:00:00,33486,1344899,13591.0,739459,770.0,57304.0,34256,1402203,14361,796763,47847,2141586
2021-03-17 15:00:00,37641,1382540,17088.0,756547,1183.0,58487.0,38824,1441027,18271,815034,55912,2197498
2021-03-18 15:00:00,41484,1424024,12705.0,769252,1354.0,59841.0,42838,1483865,14059,829093,55543,2253041
2021-03-19 15:00:00,38390,1462414,15449.0,784701,1046.0,60887.0,39436,1523301,16495,845588,54885,2307926
2021-03-20 15:00:00,24737,1487151,10235.0,794936,705.0,61592.0,25442,1548743,10940,856528,35677,2343603
2021-03-21 15:00:00,19201,1506352,7910.0,802846,342.0,61934.0,19543,1568286,8252,864780,27453,2371056
2021-03-22 15:00:00,32606,1538958,11522.0,814368,835.0,62769.0,33441,1601727,12357,877137,44963,2416019
2021-03-23 15:00:00,38412,1577370,17878.0,832246,1557.0,64326.0,39969,1641696,19435,896572,57847,2473866
2021-03-24 15:00:00,41095,1618465,21260.0,853506,1387.0,65713.0,42482,1684178,22647,919219,63742,2537608
2021-03-25 15:00:00,42921,1661386,21746.0,875252,2455.0,68168.0,45376,1729554,24201,943420,67122,2604730
2021-03-26 15:00:00,36388,1697774,26725.0,901977,2495.0,70663.0,38883,1768437,29220,972640,65608,2670338
2021-03-27 15:00:00,26475,1724249,17328.0,919305,2490.0,73153.0,28965,1797402,19818,992458,46293,2716631
2021-03-28 15:00:00,17012,1741261,12694.0,931999,1614.0,74767.0,18626,1816028,14308,1006766,31320,2747951
2021-03-29 15:00:00,29724,1770985,26398.0,958397,1142.0,75909.0,30866,1846894,27540,1034306,57264,2805215
2021-03-30 15:00:00,40066,1811051,29098.0,987495,1865.0,77774.0,41931,1888825,30963,1065269,71029,2876244
2021-03-31 15:00:00,41022,1852073,34763.0,1022258,5751.0,83525.0,46773,1935598,40514,1105783,81536,2957780
2021-04-01 15:00:00,42498,1894571,41209.0,1063467,5766.0,89291.0,48264,1983862,46975,1152758,89473,3047253
2021-04-02 15:00:00,34945,1929516,32746.0,1096213,6132.0,95423.0,41077,2024939,38878,1191636,73823,3121076
2021-04-03 15:00:00,21183,1950699,19241.0,1115454,4394.0,99817.0,25577,2050516,23635,1215271,44818,3165894
2021-04-04 15:00:00,8302,1959001,10225.0,1125679,968.0,100785.0,9270,2059786,11193,1226464,19495,3185389
2021-04-05 15:00:00,27967,1986968,28986.0,1154665,6663.0,107448.0,34630,2094416,35649,1262113,63616,3249005
2021-04-06 15:00:00,39803,2026771,30530.0,1185195,10505.0,117953.0,50308,2144724,41035,1303148,80838,3329843
2021-04-07 15:00:00,36118,2062889,34376.0,1219571,13003.0,130956.0,49121,2193845,47379,1350527,83497,3413340
2021-04-08 15:00:00,42366,2105255,36167.0,1255738,13873.0,144829.0,56239,2250084,50040,1400567,92406,3505746
2021-04-09 15:00:00,34098,2139353,36369.0,1292107,14532.0,159361.0,48630,2298714,50901,1451468,84999,3590745
2021-04-10 15:00:00,23502,2162855,23187.0,1315294,7640.0,167001.0,31142,2329856,30827,1482295,54329,3645074
2021-04-11 15:00:00,17586,2180441,13300.0,1328594,10122.0,177123.0,27708,2357564,23422,1505717,41008,3686082
2021-04-12 15:00:00,24610,2205051,33297.0,1361891,10907.0,188030.0,35517,2393081,44204,1549921,68814,3754896
2021-04-13 15:00:00,126174,2331225,91366.0,1453257,3293.0,191323.0,129467,2522548,94659,1644580,220833,3975729
2021-04-14 15:00:00,40742,2371967,37860.0,1491117,213.0,191536.0,40955,2563503,38073,1682653,78815,4054544
2021-04-15 15:00:00,41424,2413391,39591.0,1530708,176.0,191712.0,41600,2605103,39767,1722420,81191,4135735
2021-04-16 15:00:00,37148,2450539,38905.0,1569613,25.0,191737.0,37173,2642276,38930,1761350,76078,4211813
2021-04-17 15:00:00,32817,2483356,22047.0,1591660,13.0,191750.0,32830,2675106,22060,1783410,54877,4266690
2021-04-18 15:00:00,20064,2503420,16209.0,1607869,5.0,191755.0,20069,2695175,16214,1799624,36278,4302968
2021-04-19 15:00:00,29887,2533307,36561.0,1644430,61.0,191816.0,29948,2725123,36622,1836246,66509,4369477
2021-04-20 15:00:00,32936,2566243,44515.0,1688945,59.0,191875.0,32995,2758118,44574,1880820,77510,4446987
2021-04-21 15:00:00,39842,2606085,47096.0,1736041,26.0,191901.0,39868,2797986,47122,1927942,86964,4533951
2021-04-22 15:00:00,35865,2641950,42710.0,1778751,16.0,191917.0,35881,2833867,42726,1970668,78591,4612542
2021-04-23 15:00:00,33146,2675096,40182.0,1818933,14.0,191931.0,33160,2867027,40196,2010864,73342,4685884
2021-04-24 15:00:00,26425,2701521,27936.0,1846869,81.0,192012.0,26506,2893533,28017,2038881,54442,4740326
2021-04-25 15:00:00,20219,2721740,11002.0,1857871,31.0,192043.0,20250,2913783,11033,2049914,31252,4771578
2021-04-26 15:00:00,27382,2749122,32774.0,1890645,201.0,192244.0,27583,2941366,32975,2082889,60357,4831935
2021-04-27 15:00:00,26677,2775799,33115.0,1923760,1098.0,193342.0,27775,2969141,34213,2117102,60890,4892825
2021-04-28 15:00:00,28926,2804725,39575.0,1963335,1367.0,194709.0,30293,2999434,40942,2158044,69868,4962693
2021-04-29 15:00:00,27065,2831790,39794.0,2003129,1463.0,196172.0,28528,3027962,41257,2199301,68322,5031015
2021-04-30 15:00:00,28203,2859993,32314.0,2035443,1649.0,197821.0,29852,3057814,33963,2233264,62166,5093181
2021-05-01 15:00:00,20755,2880748,26812.0,2062255,1057.0,198878.0,21812,3079626,27869,2261133,48624,5141805
2021-05-02 15:00:00,10271,2891019,17087.0,2079342,823.0,199701.0,11094,3090720,17910,2279043,28181,5169986
2021-05-03 15:00:00,12725,2903744,28644.0,2107986,1917.0,201618.0,14642,3105362,30561,2309604,43286,5213272
2021-05-04 15:00:00,13558,2917302,38657.0,2146643,1742.0,203360.0,15300,3120662,40399,2350003,53957,5267229
2021-05-05 15:00:00,19318,2936620,37794.0,2184437,1921.0,205281.0,21239,3141901,39715,2389718,59033,5326262
2021-05-06 15:00:00,16933,2953553,40607.0,2225044,1721.0,207002.0,18654,3160555,42328,2432046,59261,5385523
2021-05-07 15:00:00,17587,2971140,37032.0,2262076,1960.0,208962.0,19547,3180102,38992,2471038,56579,5442102
2021-05-08 15:00:00,10797,2981937,31237.0,2293313,1293.0,210255.0,12090,3192192,32530,2503568,43327,5485429
2021-05-09 15:00:00,5078,2987015,12254.0,2305567,695.0,210950.0,5773,3197965,12949,2516517,18027,5503456
2021-05-10 15:00:00,8960,2995975,31063.0,2336630,1362.0,212312.0,10322,3208287,32425,2548942,41385,5544841
2021-05-11 15:00:00,12185,3008160,30303.0,2366933,1441.0,213753.0,13626,3221913,31744,2580686,43929,5588770
2021-05-12 15:00:00,13944,3022104,38645.0,2405578,1917.0,215670.0,15861,3237774,40562,2621248,54506,5643276
2021-05-13 15:00:00,21847,3043951,33529.0,2439107,1347.0,217017.0,23194,3260968,34876,2656124,56723,5699999
2021-05-14 15:00:00,24395,3068346,30073.0,2469180,1774.0,218791.0,26169,3287137,31847,2687971,56242,5756241
2021-05-15 15:00:00,21952,3090298,25127.0,2494307,1490.0,220281.0,23442,3310579,26617,2714588,48569,5804810
2021-05-16 15:00:00,9092,3099390,17581.0,2511888,1115.0,221396.0,10207,3320786,18696,2733284,27788,5832598
2021-05-17 15:00:00,16840,3116230,28419.0,2540307,1950.0,223346.0,18790,3339576,30369,2763653,47209,5879807
2021-05-18 15:00:00,21265,3137495,30701.0,2571008,1943.0,225289.0,23208,3362784,32644,2796297,53909,5933716
2021-05-19 15:00:00,27672,3165167,32449.0,2603457,1632.0,226921.0,29304,3392088,34081,2830378,61753,5995469
2021-05-20 15:00:00,20810,3185977,33288.0,2636745,1965.0,228886.0,22775,3414863,35253,2865631,56063,6051532
2021-05-21 15:00:00,19168,3205145,30369.0,2667114,1609.0,230495.0,20777,3435640,31978,2897609,51146,6102678
2021-05-22 15:00:00,16949,3222094,20702.0,2687816,1269.0,231764.0,18218,3453858,21971,2919580,38920,6141598
2021-05-23 15:00:00,8814,3230908,11454.0,2699270,965.0,232729.0,9779,3463637,12419,2931999,21233,6162831
2021-05-24 15:00:00,13574,3244482,17786.0,2717056,1473.0,234202.0,15047,3478684,19259,2951258,32833,6195664
2021-05-25 15:00:00,13077,3257559,18721.0,2735777,1328.0,235530.0,14405,3493089,20049,2971307,33126,6228790
2021-05-26 15:00:00,18369,3275928,19698.0,2755475,1512.0,237042.0,19881,3512970,21210,2992517,39579,6268369
2021-05-27 15:00:00,11697,3287625,18708.0,2774183,1117.0,238159.0,12814,3525784,19825,3012342,31522,6299891
2021-05-28 15:00:00,12418,3300043,19862.0,2794045,1402.0,239561.0,13820,3539604,21264,3033606,33682,6333573
2021-05-29 15:00:00,9516,3309559,11732.0,2805777,937.0,240498.0,10453,3550057,12669,3046275,22185,6355758
2021-05-30 15:00:00,4967,3314526,6440.0,2812217,596.0,241094.0,5563,3555620,7036,3053311,12003,6367761
2021-05-31 15:00:00,1780,3316306,3715.0,2815932,305.0,241399.0,2085,3557705,4020,3057331,5800,6373561
2021-06-01 15:00:00,9880,3326186,16494.0,2832426,1161.0,242560.0,11041,3568746,17655,3074986,27535,6401096
2021-06-02 15:00:00,10235,3336421,16827.0,2849253,961.0,243521.0,11196,3579942,17788,3092774,28023,6429119
2021-06-03 15:00:00,7897,3344318,21218.0,2870471,1089.0,244610.0,8986,3588928,22307,3115081,30204,6459323
2021-06-04 15:00:00,8199,3352517,22364.0,2892835,1120.0,245730.0,9319,3598247,23484,3138565,31683,6491006
2021-06-05 15:00:00,6999,3359516,19479.0,2912314,720.0,246450.0,7719,3605966,20199,3158764,27198,6518204
2021-06-06 15:00:00,3456,3362972,7260.0,2919574,426.0,246876.0,3882,3609848,7686,3166450,11142,6529346
2021-06-07 15:00:00,6859,3369831,15796.0,2935370,726.0,247602.0,7585,3617433,16522,3182972,23381,6552727
2021-06-08 15:00:00,6670,3376501,19743.0,2955113,831.0,248433.0,7501,3624934,20574,3203546,27244,6579971
2021-06-09 15:00:00,8199,3384700,24002.0,2979115,969.0,249402.0,9168,3634102,24971,3228517,33170,6613141
2021-06-10 15:00:00,7153,3391853,19144.0,2998259,895.0,250297.0,8048,3642150,20039,3248556,27192,6640333
2021-06-11 15:00:00,7491,3399344,17733.0,3015992,1125.0,251422.0,8616,3650766,18858,3267414,26349,6666682
2021-06-12 15:00:00,5242,3404586,14774.0,3030766,605.0,252027.0,5847,3656613,15379,3282793,20621,6687303
2021-06-13 15:00:00,1945,3406531,7635.0,3038401,427.0,252454.0,2372,3658985,8062,3290855,10007,6697310
2021-06-14 15:00:00,5656,3412187,11830.0,3050231,733.0,253187.0,6389,3665374,12563,3303418,18219,6715529
2021-06-15 15:00:00,5650,3417837,14346.0,3064577,873.0,254060.0,6523,3671897,15219,3318637,20869,6736398
2021-06-16 15:00:00,8727,3426564,21622.0,3086199,758.0,254818.0,9485,3681382,22380,3341017,31107,6767505
2021-06-17 15:00:00,6680,3433244,12381.0,3098580,720.0,255538.0,7400,3688782,13101,3354118,19781,6787286
2021-06-18 15:00:00,6834,3440078,12747.0,3111327,702.0,256240.0,7536,3696318,13449,3367567,20283,6807569
2021-06-19 15:00:00,4655,3444733,9391.0,3120718,614.0,256854.0,5269,3701587,10005,3377572,14660,6822229
2021-06-20 15:00:00,2509,3447242,5068.0,3125786,377.0,257231.0,2886,3704473,5445,3383017,7954,6830183
2021-06-21 15:00:00,5568,3452810,5341.0,3131127,636.0,257867.0,6204,3710677,5977,3388994,11545,6841728
2021-06-22 15:00:00,5348,3458158,9060.0,3140187,698.0,258565.0,6046,3716723,9758,3398752,15106,6856834
2021-06-23 15:00:00,6062,3464220,10358.0,3150545,645.0,259210.0,6707,3723430,11003,3409755,17065,6873899
2021-06-24 15:00:00,5930,3470150,8215.0,3158760,595.0,259805.0,6525,3729955,8810,3418565,14740,6888639
2021-06-25 15:00:00,5828,3475978,8672.0,3167432,619.0,260424.0,6447,3736402,9291,3427856,15119,6903758
2021-06-26 15:00:00,3707,3479685,6305.0,3173737,398.0,260822.0,4105,3740507,6703,3434559,10410,6914168
2021-06-27 15:00:00,2810,3482495,3524.0,3177261,185.0,261007.0,2995,3743502,3709,3438268,6519,6920687
2021-06-28 15:00:00,4925,3487420,6395.0,3183656,539.0,261546.0,5464,3748966,6934,3445202,11859,6932546
2021-06-29 15:00:00,5063,3492483,6483.0,3190139,524.0,262070.0,5587,3754553,7007,3452209,12070,6944616
2021-06-30 15:00:00,5632,3498115,7392.0,3197531,607.0,262677.0,6239,3760792,7999,3460208,13631,6958247
2021-07-01 15:00:00,5448,3503563,7004.0,3204535,505.0,263182.0,5953,3766745,7509,3467717,12957,6971204
2021-07-02 15:00:00,5304,3508867,6861.0,3211396,527.0,263709.0,5831,3772576,7388,3475105,12692,6983896
2021-07-03 15:00:00,3277,3512144,4072.0,3215468,264.0,263973.0,3541,3776117,4336,3479441,7613,6991509
2021-07-04 15:00:00,493,3512637,551.0,3216019,69.0,264042.0,562,3776679,620,3480061,1113,6992622
2021-07-05 15:00:00,3771,3516408,3953.0,3219972,287.0,264329.0,4058,3780737,4240,3484301,8011,7000633
2021-07-06 15:00:00,4499,3520907,6288.0,3226260,455.0,264784.0,4954,3785691,6743,3491044,11242,7011875
2021-07-07 15:00:00,4471,3525378,6422.0,3232682,483.0,265267.0,4954,3790645,6905,3497949,11376,7023251
2021-07-08 15:00:00,4838,3530216,6190.0,3238872,564.0,265831.0,5402,3796047,6754,3504703,11592,7034843
2021-07-09 15:00:00,5369,3535585,6680.0,3245552,573.0,266404.0,5942,3801989,7253,3511956,12622,7047465
2021-07-10 15:00:00,3526,3539111,4408.0,3249960,305.0,266709.0,3831,3805820,4713,3516669,8239,7055704
2021-07-11 15:00:00,2683,3541794,2580.0,3252540,227.0,266936.0,2910,3808730,2807,3519476,5490,7061194
2021-07-12 15:00:00,4429,3546223,5132.0,3257672,379.0,267315.0,4808,3813538,5511,3524987,9940,7071134
2021-07-13 15:00:00,4673,3550896,4727.0,3262399,366.0,267681.0,5039,3818577,5093,3530080,9766,7080900
2021-07-14 15:00:00,4633,3555529,5296.0,3267695,422.0,268103.0,5055,3823632,5718,3535798,10351,7091251
2021-07-15 15:00:00,4916,3560445,5024.0,3272719,359.0,268462.0,5275,3828907,5383,3541181,10299,7101550
2021-07-16 15:00:00,6283,3566728,5860.0,3278579,405.0,268867.0,6688,3835595,6265,3547446,12548,7114098
2021-07-17 15:00:00,3421,3570149,3555.0,3282134,304.0,269171.0,3725,3839320,3859,3551305,7280,7121378
2021-07-18 15:00:00,2312,3572461,2385.0,3284519,110.0,269281.0,2422,3841742,2495,3553800,4807,7126185
2021-07-19 15:00:00,5149,3577610,4618.0,3289137,383.0,269664.0,5532,3847274,5001,3558801,10150,7136335
2021-07-20 15:00:00,5350,3582960,4730.0,3293867,367.0,270031.0,5717,3852991,5097,3563898,10447,7146782
2021-07-21 15:00:00,5672,3588632,4961.0,3298828,416.0,270447.0,6088,3859079,5377,3569275,11049,7157831
2021-07-22 15:00:00,6035,3594667,4650.0,3303478,472.0,270919.0,6507,3865586,5122,3574397,11157,7168988
2021-07-23 15:00:00,6847,3601514,4855.0,3308333,499.0,271418.0,7346,3872932,5354,3579751,12201,7181189
2021-07-24 15:00:00,4286,3605800,3209.0,3311542,267.0,271685.0,4553,3877485,3476,3583227,7762,7188951
2021-07-25 15:00:00,3301,3609101,1122.0,3312664,140.0,271825.0,3441,3880926,1262,3584489,4563,7193514
2021-07-26 15:00:00,6224,3615325,3913.0,3316577,420.0,272245.0,6644,3887570,4333,3588822,10557,7204071
2021-07-27 15:00:00,6614,3621939,4298.0,3320875,458.0,272703.0,7072,3894642,4756,3593578,11370,7215441
2021-07-28 15:00:00,7094,3629033,4156.0,3325031,462.0,273165.0,7556,3902198,4618,3598196,11712,7227153
2021-07-29 15:00:00,7091,3636124,4326.0,3329357,419.0,273584.0,7510,3909708,4745,3602941,11836,7238989
2021-07-30 15:00:00,7835,3643959,4831.0,3334188,527.0,274111.0,8362,3918070,5358,3608299,13193,7252182
2021-07-31 15:00:00,4792,3648751,3087.0,3337275,274.0,274385.0,5066,3923136,3361,3611660,8153,7260335
2021-08-01 15:00:00,3915,3652666,2196.0,3339471,165.0,274550.0,4080,3927216,2361,3614021,6276,7266611
2021-08-02 15:00:00,7280,3659946,3852.0,3343323,342.0,274892.0,7622,3934838,4194,3618215,11474,7278085
2021-08-03 15:00:00,7277,3667223,4109.0,3347432,517.0,275409.0,7794,3942632,4626,3622841,11903,7289988
2021-08-04 15:00:00,7441,3674664,4130.0,3351562,536.0,275945.0,7977,3950609,4666,3627507,12107,7302095
2021-08-05 15:00:00,7961,3682625,4346.0,3355908,541.0,276486.0,8502,3959111,4887,3632394,12848,7314943
2021-08-06 15:00:00,8335,3690960,4755.0,3360663,454.0,276940.0,8789,3967900,5209,3637603,13544,7328487
2021-08-07 15:00:00,5304,3696264,2848.0,3363511,264.0,277204.0,5568,3973468,3112,3640715,8416,7336903
2021-08-08 15:00:00,3980,3700244,2063.0,3365574,146.0,277350.0,4126,3977594,2209,3642924,6189,7343092
2021-08-09 15:00:00,6961,3707205,4569.0,3370143,371.0,277721.0,7332,3984926,4940,3647864,11901,7354993
2021-08-10 15:00:00,7176,3714381,4504.0,3374647,340.0,278061.0,7516,3992442,4844,3652708,12020,7367013
2021-08-11 15:00:00,7107,3721488,4462.0,3379109,443.0,278504.0,7550,3999992,4905,3657613,12012,7379025
2021-08-12 15:00:00,8668,3730156,4773.0,3383882,446.0,278950.0,9114,4009106,5219,3662832,13887,7392912
2021-08-13 15:00:00,7189,3737345,5416.0,3389298,397.0,279347.0,7586,4016692,5813,3668645,13002,7405914
2021-08-14 15:00:00,4929,3742274,3354.0,3392652,286.0,279633.0,5215,4021907,3640,3672285,8569,7414483
2021-08-15 15:00:00,3333,3745607,2749.0,3395401,163.0,279796.0,3496,4025403,2912,3675197,6245,7420728
2021-08-16 15:00:00,5459,3751066,5109.0,3400510,354.0,280150.0,5813,4031216,5463,3680660,10922,7431650
2021-08-17 15:00:00,6829,3757895,5377.0,3405887,391.0,280541.0,7220,4038436,5768,3686428,12597,7444247
2021-08-18 15:00:00,6351,3764246,5531.0,3411418,481.0,281022.0,6832,4045268,6012,3692440,12363,7456610
2021-08-19 15:00:00,6241,3770487,5585.0,3417003,417.0,281439.0,6658,4051926,6002,3698442,12243,7468853
2021-08-20 15:00:00,6855,3777342,6575.0,3423578,401.0,281840.0,7256,4059182,6976,3705418,13831,7482684
2021-08-21 15:00:00,4347,3781689,3927.0,3427505,229.0,282069.0,4576,4063758,4156,3709574,8503,7491187
2021-08-22 15:00:00,3066,3784755,3178.0,3430683,111.0,282180.0,3177,4066935,3289,3712863,6355,7497542
2021-08-23 15:00:00,6004,3790759,6135.0,3436818,287.0,282467.0,6291,4073226,6422,3719285,12426,7509968
2021-08-24 15:00:00,6556,3797315,6098.0,3442916,426.0,282893.0,6982,4080208,6524,3725809,13080,7523048
2021-08-25 15:00:00,6739,3804054,6252.0,3449168,440.0,283333.0,7179,4087387,6692,3732501,13431,7536479
2021-08-26 15:00:00,6974,3811028,6682.0,3455850,428.0,283761.0,7402,4094789,7110,3739611,14084,7550563
2021-08-27 15:00:00,6843,3817871,7106.0,3462956,317.0,284078.0,7160,4101949,7423,3747034,14266,7564829
2021-08-28 15:00:00,6912,3824783,6530.0,3469486,326.0,284404.0,7238,4109187,6856,3753890,13768,7578597
2021-08-29 15:00:00,3738,3828521,3694.0,3473180,610.0,285014.0,4348,4113535,4304,3758194,8042,7586639
2021-08-30 15:00:00,5929,3834450,6136.0,3479316,960.0,285974.0,6889,4120424,7096,3765290,13025,7599664
2021-08-31 15:00:00,5901,3840351,6082.0,3485398,946.0,286920.0,6847,4127271,7028,3772318,12929,7612593
2021-09-01 15:00:00,5607,3845958,5733.0,3491131,918.0,287838.0,6525,4133796,6651,3778969,12258,7624851
2021-09-02 15:00:00,5525,3851483,5965.0,3497096,709.0,288547.0,6234,4140030,6674,3785643,12199,7637050
2021-09-03 15:00:00,6009,3857492,6954.0,3504050,977.0,289524.0,6986,4147016,7931,3793574,13940,7650990
2021-09-04 15:00:00,3730,3861222,4359.0,3508409,878.0,290402.0,4608,4151624,5237,3798811,8967,7659957
2021-09-05 15:00:00,2957,3864179,2813.0,3511222,106.0,290508.0,3063,4154687,2919,3801730,5876,7665833
2021-09-06 15:00:00,1059,3865238,1161.0,3512383,69.0,290577.0,1128,4155815,1230,3802960,2289,7668122
2021-09-07 15:00:00,5344,3870582,7311.0,3519694,2304.0,292881.0,7648,4163463,9615,3812575,14959,7683081
2021-09-08 15:00:00,4654,3875236,5495.0,3525189,364.0,293245.0,5018,4168481,5859,3818434,10513,7693594
2021-09-09 15:00:00,5019,3880255,5473.0,3530662,325.0,293570.0,5344,4173825,5798,3824232,10817,7704411
2021-09-10 15:00:00,6525,3886780,6676.0,3537338,1719.0,295289.0,8244,4182069,8395,3832627,14920,7719331
2021-09-11 15:00:00,4175,3890955,4352.0,3541690,666.0,295955.0,4841,4186910,5018,3837645,9193,7728524
2021-09-12 15:00:00,3171,3894126,3240.0,3544930,436.0,296391.0,3607,4190517,3676,3841321,6847,7735371
2021-09-13 15:00:00,4891,3899017,5078.0,3550008,347.0,296738.0,5238,4195755,5425,3846746,10316,7745687
2021-09-14 15:00:00,4773,3903790,5454.0,3555462,437.0,297175.0,5210,4200965,5891,3852637,10664,7756351
2021-09-15 15:00:00,5043,3908833,5894.0,3561356,392.0,297567.0,5435,4206400,6286,3858923,11329,7767680
2021-09-16 15:00:00,4810,3913643,5855.0,3567211,337.0,297904.0,5147,4211547,6192,3865115,11002,7778682
2021-09-17 15:00:00,5281,3918924,6589.0,3573800,344.0,298248.0,5625,4217172,6933,3872048,12214,7790896
2021-09-18 15:00:00,3823,3922747,4581.0,3578381,186.0,298434.0,4009,4221181,4767,3876815,8590,7799486
2021-09-19 15:00:00,2740,3925487,3177.0,3581558,75.0,298509.0,2815,4223996,3252,3880067,5992,7805478
2021-09-20 15:00:00,3750,3929237,4684.0,3586242,429.0,298938.0,4179,4228175,5113,3885180,8863,7814341
2021-09-21 15:00:00,4001,3933238,5015.0,3591257,327.0,299265.0,4328,4232503,5342,3890522,9343,7823684
2021-09-22 15:00:00,4190,3937428,4790.0,3596047,459.0,299724.0,4649,4237152,5249,3895771,9439,7833123
2021-09-23 15:00:00,4185,3941613,4732.0,3600779,492.0,300216.0,4677,4241829,5224,3900995,9409,7842532
2021-09-24 15:00:00,5089,3946702,5619.0,3606398,422.0,300638.0,5511,4247340,6041,3907036,11130,7853662
2021-09-25 15:00:00,3639,3950341,3631.0,3610029,384.0,301022.0,4023,4251363,4015,3911051,7654,7861316
2021-09-26 15:00:00,2348,3952689,2665.0,3612694,433.0,301455.0,2781,4254144,3098,3914149,5446,7866762
2021-09-27 15:00:00,4505,3957194,2713.0,3615407,512.0,301967.0,5017,4259161,3225,3917374,7730,7874492
2021-09-28 15:00:00,4407,3961601,4454.0,3619861,211.0,302178.0,4618,4263779,4665,3922039,9072,7883564
2021-09-29 15:00:00,4693,3966294,4522.0,3624383,920.0,303098.0,5613,4269392,5442,3927481,10135,7893699
2021-09-30 15:00:00,4891,3971185,4570.0,3628953,796.0,303894.0,5687,4275079,5366,3932847,10257,7903956
2021-10-01 15:00:00,5521,3976706,5358.0,3634311,785.0,304679.0,6306,4281385,6143,3938990,11664,7915620
2021-10-02 15:00:00,2946,3979652,2898.0,3637209,187.0,304866.0,3133,4284518,3085,3942075,6031,7921651
2021-10-03 15:00:00,2073,3981725,2379.0,3639588,86.0,304952.0,2159,4286677,2465,3944540,4538,7926189
2021-10-04 15:00:00,4028,3985753,3500.0,3643088,232.0,305184.0,4260,4290937,3732,3948272,7760,7933949
2021-10-05 15:00:00,3953,3989706,3663.0,3646751,206.0,305390.0,4159,4295096,3869,3952141,7822,7941771
2021-10-06 15:00:00,4023,3993729,3571.0,3650322,266.0,305656.0,4289,4299385,3837,3955978,7860,7949631
2021-10-07 15:00:00,4229,3997958,3632.0,3653954,332.0,305988.0,4561,4303946,3964,3959942,8193,7957824
2021-10-08 15:00:00,4776,4002734,4290.0,3658244,283.0,306271.0,5059,4309005,4573,3964515,9349,7967173
2021-10-09 15:00:00,2693,4005427,2678.0,3660922,270.0,306541.0,2963,4311968,2948,3967463,5641,7972814
2021-10-10 15:00:00,1860,4007287,1849.0,3662771,59.0,306600.0,1919,4313887,1908,3969371,3768,7976582
2021-10-11 15:00:00,4207,4011494,3313.0,3666084,250.0,306850.0,4457,4318344,3563,3972934,7770,7984352
2021-10-12 15:00:00,3601,4015095,3538.0,3669622,274.0,307124.0,3875,4322219,3812,3976746,7413,7991765
2021-10-13 15:00:00,3983,4019078,3458.0,3673080,346.0,307470.0,4329,4326548,3804,3980550,7787,7999552
2021-10-14 15:00:00,5167,4024245,5497.0,3678577,430.0,307900.0,5597,4332145,5927,3986477,11094,8010646
2021-10-15 15:00:00,4759,4029004,4605.0,3683182,347.0,308247.0,5106,4337251,4952,3991429,9711,8020357
2021-10-16 15:00:00,2493,4031497,2517.0,3685699,291.0,308538.0,2784,4340035,2808,3994237,5301,8025658
2021-10-17 15:00:00,1805,4033302,1774.0,3687473,55.0,308593.0,1860,4341895,1829,3996066,3634,8029292
2021-10-18 15:00:00,4279,4037581,3577.0,3691050,268.0,308861.0,4547,4346442,3845,3999911,8124,8037416
2021-10-19 15:00:00,4300,4041881,4010.0,3695060,223.0,309084.0,4523,4350965,4233,4004144,8533,8045949
2021-10-20 15:00:00,3540,4045421,3422.0,3698482,255.0,309339.0,3795,4354760,3677,4007821,7217,8053166
2021-10-21 15:00:00,3300,4048721,3275.0,3701757,291.0,309630.0,3591,4358351,3566,4011387,6866,8060032
2021-10-22 15:00:00,4684,4053405,4034.0,3705791,477.0,310107.0,5161,4363512,4511,4015898,9195,8069227
2021-10-23 15:00:00,2878,4056283,2114.0,3707905,321.0,310428.0,3199,4366711,2435,4018333,5313,8074540
2021-10-24 15:00:00,2056,4058339,1551.0,3709456,79.0,310507.0,2135,4368846,1630,4019963,3686,8078226
2021-10-25 15:00:00,4545,4062884,3070.0,3712526,320.0,310827.0,4865,4373711,3390,4023353,7935,8086161
2021-10-26 15:00:00,4515,4067399,3076.0,3715602,316.0,311143.0,4831,4378542,3392,4026745,7907,8094068
2021-10-27 15:00:00,4733,4072132,3338.0,3718940,436.0,311579.0,5169,4383711,3774,4030519,8507,8102575
2021-10-28 15:00:00,4567,4076699,3360.0,3722300,501.0,312080.0,5068,4388779,3861,4034380,8428,8111003
2021-10-29 15:00:00,4988,4081687,3920.0,3726220,395.0,312475.0,5383,4394162,4315,4038695,9303,8120306
2021-10-30 15:00:00,2628,4084315,1841.0,3728061,307.0,312782.0,2935,4397097,2148,4040843,4776,8125082
2021-10-31 15:00:00,1932,4086247,1519.0,3729580,93.0,312875.0,2025,4399122,1612,4042455,3544,8128626
2021-11-01 15:00:00,4729,4090976,3437.0,3733017,350.0,313225.0,5079,4404201,3787,4046242,8516,8137142
2021-11-02 15:00:00,4262,4095238,2942.0,3735959,409.0,313634.0,4671,4408872,3351,4049593,7613,8144755
2021-11-03 15:00:00,4665,4099903,3045.0,3739004,464.0,314098.0,5129,4414001,3509,4053102,8174,8152929
2021-11-04 15:00:00,6315,4106218,3368.0,3742372,512.0,314610.0,6827,4420828,3880,4056982,10195,8163124
2021-11-05 15:00:00,8243,4114461,3771.0,3746143,413.0,315023.0,8656,4429484,4184,4061166,12427,8175551
2021-11-06 15:00:00,10178,4124639,1971.0,3748114,308.0,315331.0,10486,4439970,2279,4063445,12457,8188008
2021-11-07 15:00:00,7718,4132357,1460.0,3749574,95.0,315426.0,7813,4447783,1555,4065000,9273,8197281
2021-11-08 15:00:00,11309,4143666,3048.0,3752622,379.0,315805.0,11688,4459471,3427,4068427,14736,8212017
2021-11-09 15:00:00,11766,4155432,2647.0,3755269,268.0,316073.0,12034,4471505,2915,4071342,14681,8226698
2021-11-10 15:00:00,12594,4168026,2761.0,3758030,339.0,316412.0,12933,4484438,3100,4074442,15694,8242392
2021-11-11 15:00:00,11373,4179399,2375.0,3760405,280.0,316692.0,11653,4496091,2655,4077097,14028,8256420
2021-11-12 15:00:00,12298,4191697,3362.0,3763767,548.0,317240.0,12846,4508937,3910,4081007,16208,8272628
2021-11-13 15:00:00,9900,4201597,1592.0,3765359,342.0,317582.0,10242,4519179,1934,4082941,11834,8284462
2021-11-14 15:00:00,4198,4205795,1114.0,3766473,121.0,317703.0,4319,4523498,1235,4084176,5433,8289895
2021-11-15 15:00:00,8630,4214425,2517.0,3768990,210.0,317913.0,8840,4532338,2727,4086903,11357,8301252
2021-11-16 15:00:00,9232,4223657,2502.0,3771492,257.0,318170.0,9489,4541827,2759,4089662,11991,8313243
2021-11-17 15:00:00,9390,4233047,2860.0,3774352,312.0,318482.0,9702,4551529,3172,4092834,12562,8325805
2021-11-18 15:00:00,9282,4242329,2622.0,3776974,481.0,318963.0,9763,4561292,3103,4095937,12385,8338190
2021-11-19 15:00:00,9808,4252137,2917.0,3779891,380.0,319343.0,10188,4571480,3297,4099234,13105,8351295
2021-11-20 15:00:00,10634,4262771,1603.0,3781494,455.0,319798.0,11089,4582569,2058,4101292,12692,8363987
2021-11-21 15:00:00,4342,4267113,1202.0,3782696,100.0,319898.0,4442,4587011,1302,4102594,5644,8369631
2021-11-22 15:00:00,9826,4276939,2502.0,3785198,293.0,320191.0,10119,4597130,2795,4105389,12621,8382252
2021-11-23 15:00:00,9216,4286155,2395.0,3787593,283.0,320474.0,9499,4606629,2678,4108067,11894,8394146
2021-11-24 15:00:00,8173,4294328,2435.0,3790028,216.0,320690.0,8389,4615018,2651,4110718,10824,8404970
2021-11-25 15:00:00,238,4294566,79.0,3790107,10.0,320700.0,248,4615266,89,4110807,327,8405297
2021-11-26 15:00:00,5646,4300212,3965.0,3794072,153.0,320853.0,5799,4621065,4118,4114925,9764,8415061
2021-11-27 15:00:00,3780,4303992,5480.0,3799552,134.0,320987.0,3914,4624979,5614,4120539,9394,8424455
2021-11-28 15:00:00,2413,4306405,6383.0,3805935,77.0,321064.0,2490,4627469,6460,4126999,8873,8433328
2021-11-29 15:00:00,6380,4312785,9298.0,3815233,379.0,321443.0,6759,4634228,9677,4136676,16057,8449385
2021-11-30 15:00:00,6257,4319042,9320.0,3824553,264.0,321707.0,6521,4640749,9584,4146260,15841,8465226
2021-12-01 15:00:00,7322,4326364,9735.0,3834288,309.0,322016.0,7631,4648380,10044,4156304,17366,8482592
2021-12-02 15:00:00,6928,4333292,8787.0,3843075,450.0,322466.0,7378,4655758,9237,4165541,16165,8498757
2021-12-03 15:00:00,7606,4340898,9273.0,3852348,251.0,322717.0,7857,4663615,9524,4175065,17130,8515887
2021-12-04 15:00:00,5948,4346846,10055.0,3862403,467.0,323184.0,6415,4670030,10522,4185587,16470,8532357
2021-12-05 15:00:00,3445,4350291,3548.0,3865951,78.0,323262.0,3523,4673553,3626,4189213,7071,8539428
2021-12-06 15:00:00,6766,4357057,7101.0,3873052,281.0,323543.0,7047,4680600,7382,4196595,14148,8553576
2021-12-07 15:00:00,6423,4363480,7044.0,3880096,250.0,323793.0,6673,4687273,7294,4203889,13717,8567293
2021-12-08 15:00:00,6942,4370422,7413.0,3887509,316.0,324109.0,7258,4694531,7729,4211618,14671,8581964
2021-12-09 15:00:00,6545,4376967,7028.0,3894537,399.0,324508.0,6944,4701475,7427,4219045,13972,8595936
2021-12-10 15:00:00,7290,4384257,7328.0,3901865,232.0,324740.0,7522,4708997,7560,4226605,14850,8610786
2021-12-11 15:00:00,4462,4388719,7678.0,3909543,333.0,325073.0,4795,4713792,8011,4234616,12473,8623259
2021-12-12 15:00:00,4002,4392721,2772.0,3912315,60.0,325133.0,4062,4717854,2832,4237448,6834,8630093
2021-12-13 15:00:00,5696,4398417,5768.0,3918083,243.0,325376.0,5939,4723793,6011,4243459,11707,8641800
2021-12-14 15:00:00,6464,4404881,5933.0,3924016,223.0,325599.0,6687,4730480,6156,4249615,12620,8654420
2021-12-15 15:00:00,7179,4412060,5723.0,3929739,258.0,325857.0,7437,4737917,5981,4255596,13160,8667580
2021-12-16 15:00:00,7899,4419959,2826.0,3932565,423.0,326280.0,8322,4746239,3249,4258845,11148,8678728
2021-12-17 15:00:00,7852,4427811,4163.0,3936728,195.0,326475.0,8047,4754286,4358,4263203,12210,8690938
2021-12-18 15:00:00,5842,4433653,3186.0,3939914,298.0,326773.0,6140,4760426,3484,4266687,9326,8700264
2021-12-19 15:00:00,3375,4437028,1342.0,3941256,37.0,326810.0,3412,4763838,1379,4268066,4754,8705018
2021-12-20 15:00:00,8099,4445127,3750.0,3945006,173.0,326983.0,8272,4772110,3923,4271989,12022,8717040
2021-12-21 15:00:00,8996,4454123,4166.0,3949172,175.0,327158.0,9171,4781281,4341,4276330,13337,8730377
2021-12-22 15:00:00,8703,4462826,3880.0,3953052,184.0,327342.0,8887,4790168,4064,4280394,12767,8743144
2021-12-23 15:00:00,8418,4471244,3575.0,3956627,359.0,327701.0,8777,4798945,3934,4284328,12352,8755496
2021-12-24 15:00:00,1637,4472881,1011.0,3957638,39.0,327740.0,1676,4800621,1050,4285378,2687,8758183
2021-12-25 15:00:00,47,4472928,36.0,3957674,1.0,327741.0,48,4800669,37,4285415,84,8758267
2021-12-26 15:00:00,2517,4475445,1745.0,3959419,44.0,327785.0,2561,4803230,1789,4287204,4306,8762573
2021-12-27 15:00:00,7221,4482666,4011.0,3963430,297.0,328082.0,7518,4810748,4308,4291512,11529,8774102
2021-12-28 15:00:00,7949,4490615,3863.0,3967293,178.0,328260.0,8127,4818875,4041,4295553,11990,8786092
2021-12-29 15:00:00,8248,4498863,4020.0,3971313,156.0,328416.0,8404,4827279,4176,4299729,12424,8798516
2021-12-30 15:00:00,7490,4506353,3796.0,3975109,290.0,328706.0,7780,4835059,4086,4303815,11576,8810092
2021-12-31 15:00:00,2579,4508932,1532.0,3976641,90.0,328796.0,2669,4837728,1622,4305437,4201,8814293
2022-01-01 15:00:00,739,4509671,349.0,3976990,34.0,328830.0,773,4838501,383,4305820,1122,8815415
2022-01-02 15:00:00,2216,4511887,1648.0,3978638,48.0,328878.0,2264,4840765,1696,4307516,3912,8819327
2022-01-03 15:00:00,3398,4515285,2068.0,3980706,222.0,329100.0,3620,4844385,2290,4309806,5688,8825015
2022-01-04 15:00:00,5858,4521143,3490.0,3984196,165.0,329265.0,6023,4850408,3655,4313461,9513,8834528
2022-01-05 15:00:00,6838,4527981,4700.0,3988896,175.0,329440.0,7013,4857421,4875,4318336,11713,8846241
2022-01-06 15:00:00,6787,4534768,4829.0,3993725,265.0,329705.0,7052,4864473,5094,4323430,11881,8858122
2022-01-07 15:00:00,6008,4540776,3789.0,3997514,162.0,329867.0,6170,4870643,3951,4327381,9959,8868081
2022-01-08 15:00:00,4810,4545586,3913.0,4001427,78.0,329945.0,4888,4875531,3991,4331372,8801,8876882
2022-01-09 15:00:00,2765,4548351,2017.0,4003444,154.0,330099.0,2919,4878450,2171,4333543,4936,8881818
2022-01-10 15:00:00,6358,4554709,3844.0,4007288,161.0,330260.0,6519,4884969,4005,4337548,10363,8892181
2022-01-11 15:00:00,6570,4561279,4263.0,4011551,142.0,330402.0,6712,4891681,4405,4341953,10975,8903156
2022-01-12 15:00:00,6834,4568113,4442.0,4015993,225.0,330627.0,7059,4898740,4667,4346620,11501,8914657
2022-01-13 15:00:00,6690,4574803,4387.0,4020380,153.0,330780.0,6843,4905583,4540,4351160,11230,8925887
2022-01-14 15:00:00,7237,4582040,3289.0,4023669,252.0,331032.0,7489,4913072,3541,4354701,10778,8936665
2022-01-15 15:00:00,4279,4586319,1696.0,4025365,71.0,331103.0,4350,4917422,1767,4356468,6046,8942711
2022-01-16 15:00:00,2219,4588538,1321.0,4026686,116.0,331219.0,2335,4919757,1437,4357905,3656,8946367
2022-01-17 15:00:00,3630,4592168,2370.0,4029056,74.0,331293.0,3704,4923461,2444,4360349,6074,8952441
2022-01-18 15:00:00,5302,4597470,4204.0,4033260,102.0,331395.0,5404,4928865,4306,4364655,9608,8962049
2022-01-19 15:00:00,5303,4602773,4479.0,4037739,99.0,331494.0,5402,4934267,4578,4369233,9881,8971930
2022-01-20 15:00:00,4531,4607304,3628.0,4041367,176.0,331670.0,4707,4938974,3804,4373037,8335,8980265
2022-01-21 15:00:00,5612,4612916,2937.0,4044304,126.0,331796.0,5738,4944712,3063,4376100,8675,8988940
2022-01-22 15:00:00,3465,4616381,1723.0,4046027,134.0,331930.0,3599,4948311,1857,4377957,5322,8994262
2022-01-23 15:00:00,2032,4618413,1493.0,4047520,30.0,331960.0,2062,4950373,1523,4379480,3555,8997817
2022-01-24 15:00:00,4125,4622538,2767.0,4050287,89.0,332049.0,4214,4954587,2856,4382336,6981,9004798
2022-01-25 15:00:00,3824,4626362,3314.0,4053601,95.0,332144.0,3919,4958506,3409,4385745,7233,9012031
2022-01-26 15:00:00,3881,4630243,3696.0,4057297,94.0,332238.0,3975,4962481,3790,4389535,7671,9019702
2022-01-27 15:00:00,3781,4634024,3924.0,4061221,186.0,332424.0,3967,4966448,4110,4393645,7891,9027593
2022-01-28 15:00:00,3862,4637886,3279.0,4064500,75.0,332499.0,3937,4970385,3354,4396999,7216,9034809
2022-01-29 15:00:00,2309,4640195,2295.0,4066795,117.0,332616.0,2426,4972811,2412,4399411,4721,9039530
2022-01-30 15:00:00,1565,4641760,1638.0,4068433,16.0,332632.0,1581,4974392,1654,4401065,3219,9042749
2022-01-31 15:00:00,3004,4644764,3238.0,4071671,58.0,332690.0,3062,4977454,3296,4404361,6300,9049049
2022-02-01 15:00:00,2652,4647416,3408.0,4075079,75.0,332765.0,2727,4980181,3483,4407844,6135,9055184
2022-02-02 15:00:00,2828,4650244,3723.0,4078802,77.0,332842.0,2905,4983086,3800,4411644,6628,9061812
2022-02-03 15:00:00,2764,4653008,3655.0,4082457,42.0,332884.0,2806,4985892,3697,4415341,6461,9068273
2022-02-04 15:00:00,2784,4655792,4378.0,4086835,128.0,333012.0,2912,4988804,4506,4419847,7290,9075563
2022-02-05 15:00:00,1926,4657718,2898.0,4089733,112.0,333124.0,2038,4990842,3010,4422857,4936,9080499
2022-02-06 15:00:00,1082,4658800,1353.0,4091086,24.0,333148.0,1106,4991948,1377,4424234,2459,9082958
2022-02-07 15:00:00,2070,4660870,2694.0,4093780,51.0,333199.0,2121,4994069,2745,4426979,4815,9087773
2022-02-08 15:00:00,2097,4662967,3092.0,4096872,63.0,333262.0,2160,4996229,3155,4430134,5252,9093025
2022-02-09 15:00:00,2213,4665180,3315.0,4100187,75.0,333337.0,2288,4998517,3390,4433524,5603,9098628
2022-02-10 15:00:00,2098,4667278,2868.0,4103055,55.0,333392.0,2153,5000670,2923,4436447,5021,9103649
2022-02-11 15:00:00,2486,4669764,3506.0,4106561,121.0,333513.0,2607,5003277,3627,4440074,6113,9109762
2022-02-12 15:00:00,1658,4671422,2284.0,4108845,97.0,333610.0,1755,5005032,2381,4442455,4039,9113801
2022-02-13 15:00:00,737,4672159,1085.0,4109930,17.0,333627.0,754,5005786,1102,4443557,1839,9115640
2022-02-14 15:00:00,1466,4673625,2239.0,4112169,65.0,333692.0,1531,5007317,2304,4445861,3770,9119410
2022-02-15 15:00:00,1943,4675568,2458.0,4114627,48.0,333740.0,1991,5009308,2506,4448367,4449,9123859
2022-02-16 15:00:00,1688,4677256,2423.0,4117050,52.0,333792.0,1740,5011048,2475,4450842,4163,9128022
2022-02-17 15:00:00,16857,4694113,13020.0,4130070,485.0,334277.0,17342,5028390,13505,4464347,30362,9158384
2022-02-18 15:00:00,1971,4696084,2546.0,4132616,49.0,334326.0,2020,5030410,2595,4466942,4566,9162950
2022-02-19 15:00:00,1223,4697307,1659.0,4134275,39.0,334365.0,1262,5031672,1698,4468640,2921,9165871
2022-02-20 15:00:00,705,4698012,846.0,4135121,15.0,334380.0,720,5032392,861,4469501,1566,9167437
2022-02-21 15:00:00,1278,4699290,1746.0,4136867,32.0,334412.0,1310,5033702,1778,4471279,3056,9170493
2022-02-22 15:00:00,1414,4700704,1821.0,4138688,34.0,334446.0,1448,5035150,1855,4473134,3269,9173762
2022-02-23 15:00:00,792,4701496,1045.0,4139733,26.0,334472.0,818,5035968,1071,4474205,1863,9175625
