VACCINATION_DATE,FirstDailyDose,FirstDoseCumulative,SecondDailyDose,SecondDoseCumulative,SingleDailyDose,SingleDoseCumulative,AtleastOneVaccine,AtleastOneVaccineCumulative,CompletedVax,CompletedVaxCumulative,FirstSecondSingleVaccinations,FirstSecondSingleVaccinationsCumulative
2020-12-14 15:00:00,3,182,,49,,,3,182,0,49,3,204
2020-12-15 15:00:00,12,194,1.0,50,,,12,194,1,50,13,217
2020-12-16 15:00:00,544,738,2.0,52,,,544,738,2,52,546,763
2020-12-17 15:00:00,1054,1792,,52,,,1054,1792,0,52,1054,1817
2020-12-18 15:00:00,2866,4658,2.0,54,,,2866,4658,2,54,2868,4685
2020-12-19 15:00:00,850,5508,1.0,55,,,850,5508,1,55,851,5536
2020-12-20 15:00:00,282,5790,1.0,56,,,282,5790,1,56,283,5819
2020-12-21 15:00:00,3722,9512,1.0,57,,,3722,9512,1,57,3723,9542
2020-12-22 15:00:00,6183,15695,1.0,58,,,6183,15695,1,58,6184,15726
2020-12-23 15:00:00,5471,21166,6.0,64,,,5471,21166,6,64,5477,21203
2020-12-24 15:00:00,2644,23810,3.0,67,,,2644,23810,3,67,2647,23850
2020-12-25 15:00:00,1030,24840,1.0,68,,,1030,24840,1,68,1031,24881
2020-12-26 15:00:00,1651,26491,3.0,71,,,1651,26491,3,71,1654,26535
2020-12-27 15:00:00,1766,28257,4.0,75,,,1766,28257,4,75,1770,28305
2020-12-28 15:00:00,8618,36875,10.0,85,,,8618,36875,10,85,8628,36933
2020-12-29 15:00:00,10334,47209,7.0,92,,,10334,47209,7,92,10341,47274
2020-12-30 15:00:00,12174,59383,13.0,105,,,12174,59383,13,105,12187,59461
2020-12-31 15:00:00,7309,66692,13.0,118,,,7309,66692,13,118,7322,66783
2021-01-01 15:00:00,1609,68301,22.0,140,,,1609,68301,22,140,1631,68414
2021-01-02 15:00:00,2601,70902,23.0,163,,,2601,70902,23,163,2624,71038
2021-01-03 15:00:00,3163,74065,67.0,230,,,3163,74065,67,230,3230,74268
2021-01-04 15:00:00,12841,86906,249.0,479,,,12841,86906,249,479,13090,87358
2021-01-05 15:00:00,11702,98608,440.0,919,,,11702,98608,440,919,12142,99500
2021-01-06 15:00:00,14666,113274,770.0,1689,,,14666,113274,770,1689,15436,114936
2021-01-07 15:00:00,14623,127897,1592.0,3281,,,14623,127897,1592,3281,16215,131151
2021-01-08 15:00:00,23588,151485,2560.0,5841,,,23588,151485,2560,5841,26148,157299
2021-01-09 15:00:00,4842,156327,869.0,6710,,,4842,156327,869,6710,5711,163010
2021-01-10 15:00:00,2744,159071,335.0,7045,,,2744,159071,335,7045,3079,166089
2021-01-11 15:00:00,13294,172365,3257.0,10302,,,13294,172365,3257,10302,16551,182640
2021-01-12 15:00:00,16668,189033,5317.0,15619,,,16668,189033,5317,15619,21985,204625
2021-01-13 15:00:00,17854,206887,3638.0,19257,,,17854,206887,3638,19257,21492,226117
2021-01-14 15:00:00,17369,224256,1820.0,21077,,,17369,224256,1820,21077,19189,245306
2021-01-15 15:00:00,18960,243216,1797.0,22874,,,18960,243216,1797,22874,20757,266063
2021-01-16 15:00:00,5691,248907,1316.0,24190,,,5691,248907,1316,24190,7007,273070
2021-01-17 15:00:00,2093,251000,1321.0,25511,,,2093,251000,1321,25511,3414,276484
2021-01-18 15:00:00,7124,258124,2882.0,28393,,,7124,258124,2882,28393,10006,286490
2021-01-19 15:00:00,16433,274557,4637.0,33030,,,16433,274557,4637,33030,21070,307560
2021-01-20 15:00:00,20506,295063,4801.0,37831,,,20506,295063,4801,37831,25307,332867
2021-01-21 15:00:00,22888,317951,3246.0,41077,,,22888,317951,3246,41077,26134,359001
2021-01-22 15:00:00,28290,346241,3226.0,44303,,,28290,346241,3226,44303,31516,390517
2021-01-23 15:00:00,9462,355703,1496.0,45799,,,9462,355703,1496,45799,10958,401475
2021-01-24 15:00:00,3276,358979,1566.0,47365,,,3276,358979,1566,47365,4842,406317
2021-01-25 15:00:00,16186,375165,8121.0,55486,,,16186,375165,8121,55486,24307,430624
2021-01-26 15:00:00,17245,392410,8323.0,63809,,,17245,392410,8323,63809,25568,456192
2021-01-27 15:00:00,24050,416460,12018.0,75827,,,24050,416460,12018,75827,36068,492260
2021-01-28 15:00:00,22210,438670,8894.0,84721,,,22210,438670,8894,84721,31104,523364
2021-01-29 15:00:00,23556,462226,6897.0,91618,,,23556,462226,6897,91618,30453,553817
2021-01-30 15:00:00,17370,479596,2282.0,93900,,,17370,479596,2282,93900,19652,573469
2021-01-31 15:00:00,3659,483255,1206.0,95106,,,3659,483255,1206,95106,4865,578334
2021-02-01 15:00:00,6449,489704,4109.0,99215,,,6449,489704,4109,99215,10558,588892
2021-02-02 15:00:00,11750,501454,13190.0,112405,,,11750,501454,13190,112405,24940,613832
2021-02-03 15:00:00,17490,518944,17685.0,130090,,,17490,518944,17685,130090,35175,649007
2021-02-04 15:00:00,21533,540477,15179.0,145269,,,21533,540477,15179,145269,36712,685719
2021-02-05 15:00:00,19760,560237,16870.0,162139,,,19760,560237,16870,162139,36630,722349
2021-02-06 15:00:00,11044,571281,14061.0,176200,,,11044,571281,14061,176200,25105,747454
2021-02-07 15:00:00,5840,577121,1584.0,177784,,,5840,577121,1584,177784,7424,754878
2021-02-08 15:00:00,12539,589660,12395.0,190179,,,12539,589660,12395,190179,24934,779812
2021-02-09 15:00:00,16115,605775,13198.0,203377,,,16115,605775,13198,203377,29313,809125
2021-02-10 15:00:00,18926,624701,20634.0,224011,,,18926,624701,20634,224011,39560,848685
2021-02-11 15:00:00,22722,647423,16784.0,240795,,,22722,647423,16784,240795,39506,888191
2021-02-12 15:00:00,19799,667222,19028.0,259823,,,19799,667222,19028,259823,38827,927018
2021-02-13 15:00:00,10950,678172,5946.0,265769,,,10950,678172,5946,265769,16896,943914
2021-02-14 15:00:00,6961,685133,1951.0,267720,,,6961,685133,1951,267720,8912,952826
2021-02-15 15:00:00,11716,696849,12051.0,279771,,,11716,696849,12051,279771,23767,976593
2021-02-16 15:00:00,16455,713304,20464.0,300235,,,16455,713304,20464,300235,36919,1013512
2021-02-17 15:00:00,20520,733824,25626.0,325861,,,20520,733824,25626,325861,46146,1059658
2021-02-18 15:00:00,3334,737158,4206.0,330067,,,3334,737158,4206,330067,7540,1067198
2021-02-19 15:00:00,10744,747902,18878.0,348945,,,10744,747902,18878,348945,29622,1096820
2021-02-20 15:00:00,10064,757966,19712.0,368657,,,10064,757966,19712,368657,29776,1126596
2021-02-21 15:00:00,6044,764010,7221.0,375878,,,6044,764010,7221,375878,13265,1139861
2021-02-22 15:00:00,8062,772072,14894.0,390772,,,8062,772072,14894,390772,22956,1162817
2021-02-23 15:00:00,15458,787530,15274.0,406046,,,15458,787530,15274,406046,30732,1193549
2021-02-24 15:00:00,17763,805293,24206.0,430252,,,17763,805293,24206,430252,41969,1235518
2021-02-25 15:00:00,20101,825394,25896.0,456148,,,20101,825394,25896,456148,45997,1281515
2021-02-26 15:00:00,26345,851739,25325.0,481473,,,26345,851739,25325,481473,51670,1333185
2021-02-27 15:00:00,15799,867538,10743.0,492216,,,15799,867538,10743,492216,26542,1359727
2021-02-28 15:00:00,15405,882943,4433.0,496649,,,15405,882943,4433,496649,19838,1379565
2021-03-01 15:00:00,24138,907081,11319.0,507968,,,24138,907081,11319,507968,35457,1415022
2021-03-02 15:00:00,23306,930387,12809.0,520777,13.0,13.0,23319,930400,12822,520790,36128,1451150
2021-03-03 15:00:00,29286,959673,17796.0,538573,138.0,151.0,29424,959824,17934,538724,47220,1498370
2021-03-04 15:00:00,30388,990061,17578.0,556151,4058.0,4209.0,34446,994270,21636,560360,52024,1550394
2021-03-05 15:00:00,28414,1018475,18587.0,574738,4840.0,9049.0,33254,1027524,23427,583787,51841,1602235
2021-03-06 15:00:00,17523,1035998,8612.0,583350,5949.0,14998.0,23472,1050996,14561,598348,32084,1634319
2021-03-07 15:00:00,11924,1047922,4470.0,587820,6560.0,21558.0,18484,1069480,11030,609378,22954,1657273
2021-03-08 15:00:00,25320,1073242,8358.0,596178,8182.0,29740.0,33502,1102982,16540,625918,41860,1699133
2021-03-09 15:00:00,25549,1098791,14920.0,611098,8250.0,37990.0,33799,1136781,23170,649088,48719,1747852
2021-03-10 15:00:00,29033,1127824,15437.0,626535,7896.0,45886.0,36929,1173710,23333,672421,52366,1800218
2021-03-11 15:00:00,33469,1161293,15861.0,642396,3699.0,49585.0,37168,1210878,19560,691981,53029,1853247
2021-03-12 15:00:00,35766,1197059,16195.0,658591,2507.0,52092.0,38273,1249151,18702,710683,54468,1907715
2021-03-13 15:00:00,21372,1218431,8921.0,667512,1382.0,53474.0,22754,1271905,10303,720986,31675,1939390
2021-03-14 15:00:00,16355,1234786,5483.0,672995,917.0,54391.0,17272,1289177,6400,727386,22755,1962145
2021-03-15 15:00:00,28810,1263596,10452.0,683447,538.0,54929.0,29348,1318525,10990,738376,39800,2001945
2021-03-16 15:00:00,32874,1296470,13031.0,696478,758.0,55687.0,33632,1352157,13789,752165,46663,2048608
2021-03-17 15:00:00,36983,1333453,16405.0,712883,1134.0,56821.0,38117,1390274,17539,769704,54522,2103130
2021-03-18 15:00:00,40779,1374232,11929.0,724812,1288.0,58109.0,42067,1432341,13217,782921,53996,2157126
2021-03-19 15:00:00,37411,1411643,14828.0,739640,1003.0,59112.0,38414,1470755,15831,798752,53242,2210368
2021-03-20 15:00:00,24102,1435745,9690.0,749330,662.0,59774.0,24764,1495519,10352,809104,34454,2244822
2021-03-21 15:00:00,18782,1454527,7325.0,756655,304.0,60078.0,19086,1514605,7629,816733,26411,2271233
2021-03-22 15:00:00,32067,1486594,10882.0,767537,815.0,60893.0,32882,1547487,11697,828430,43764,2314997
2021-03-23 15:00:00,37061,1523655,16662.0,784199,1502.0,62395.0,38563,1586050,18164,846594,55225,2370222
2021-03-24 15:00:00,40518,1564173,20336.0,804535,1345.0,63740.0,41863,1627913,21681,868275,62199,2432421
2021-03-25 15:00:00,41831,1606004,20146.0,824681,2452.0,66192.0,44283,1672196,22598,890873,64429,2496850
2021-03-26 15:00:00,36355,1642359,25089.0,849770,2485.0,68677.0,38840,1711036,27574,918447,63929,2560779
2021-03-27 15:00:00,26810,1669169,16366.0,866136,2380.0,71057.0,29190,1740226,18746,937193,45556,2606335
2021-03-28 15:00:00,16924,1686093,12275.0,878411,1609.0,72666.0,18533,1758759,13884,951077,30808,2637143
2021-03-29 15:00:00,29570,1715663,25501.0,903912,1111.0,73777.0,30681,1789440,26612,977689,56182,2693325
2021-03-30 15:00:00,39271,1754934,28029.0,931941,1808.0,75585.0,41079,1830519,29837,1007526,69108,2762433
2021-03-31 15:00:00,40541,1795475,33592.0,965533,5689.0,81274.0,46230,1876749,39281,1046807,79822,2842255
2021-04-01 15:00:00,40276,1835751,36158.0,1001691,5405.0,86679.0,45681,1922430,41563,1088370,81839,2924094
2021-04-02 15:00:00,34822,1870573,30911.0,1032602,5744.0,92423.0,40566,1962996,36655,1125025,71477,2995571
2021-04-03 15:00:00,21849,1892422,17680.0,1050282,4320.0,96743.0,26169,1989165,22000,1147025,43849,3039420
2021-04-04 15:00:00,8970,1901392,9208.0,1059490,907.0,97650.0,9877,1999042,10115,1157140,19085,3058505
2021-04-05 15:00:00,27920,1929312,27635.0,1087125,6560.0,104210.0,34480,2033522,34195,1191335,62115,3120620
2021-04-06 15:00:00,39442,1968754,29446.0,1116571,10418.0,114628.0,49860,2083382,39864,1231199,79306,3199926
2021-04-07 15:00:00,35409,2004163,33147.0,1149718,12575.0,127203.0,47984,2131366,45722,1276921,81131,3281057
2021-04-08 15:00:00,41747,2045910,35160.0,1184878,13482.0,140685.0,55229,2186595,48642,1325563,90389,3371446
2021-04-09 15:00:00,33569,2079479,35416.0,1220294,14317.0,155002.0,47886,2234481,49733,1375296,83302,3454748
2021-04-10 15:00:00,23518,2102997,22325.0,1242619,7424.0,162426.0,30942,2265423,29749,1405045,53267,3508015
2021-04-11 15:00:00,17788,2120785,12684.0,1255303,9966.0,172392.0,27754,2293177,22650,1427695,40438,3548453
2021-04-12 15:00:00,24400,2145185,32191.0,1287494,10615.0,183007.0,35015,2328192,42806,1470501,67206,3615659
2021-04-13 15:00:00,126561,2271746,89798.0,1377292,3280.0,186287.0,129841,2458033,93078,1563579,219639,3835298
2021-04-14 15:00:00,40374,2312120,36946.0,1414238,199.0,186486.0,40573,2498606,37145,1600724,77519,3912817
2021-04-15 15:00:00,41070,2353190,38206.0,1452444,163.0,186649.0,41233,2539839,38369,1639093,79439,3992256
2021-04-16 15:00:00,36748,2389938,37911.0,1490355,17.0,186666.0,36765,2576604,37928,1677021,74676,4066932
2021-04-17 15:00:00,32554,2422492,21502.0,1511857,10.0,186676.0,32564,2609168,21512,1698533,54066,4120998
2021-04-18 15:00:00,19372,2441864,15771.0,1527628,2.0,186678.0,19374,2628542,15773,1714306,35145,4156143
2021-04-19 15:00:00,29319,2471183,35442.0,1563070,62.0,186740.0,29381,2657923,35504,1749810,64823,4220966
2021-04-20 15:00:00,31774,2502957,41936.0,1605006,50.0,186790.0,31824,2689747,41986,1791796,73760,4294726
2021-04-21 15:00:00,37216,2540173,42582.0,1647588,16.0,186806.0,37232,2726979,42598,1834394,79814,4374540
2021-04-22 15:00:00,35621,2575794,38826.0,1686414,13.0,186819.0,35634,2762613,38839,1873233,74460,4449000
2021-04-23 15:00:00,31417,2607211,38125.0,1724539,12.0,186831.0,31429,2794042,38137,1911370,69554,4518554
2021-04-24 15:00:00,26043,2633254,27366.0,1751905,69.0,186900.0,26112,2820154,27435,1938805,53478,4572032
2021-04-25 15:00:00,20094,2653348,10644.0,1762549,29.0,186929.0,20123,2840277,10673,1949478,30767,4602799
2021-04-26 15:00:00,23889,2677237,29721.0,1792270,204.0,187133.0,24093,2864370,29925,1979403,53814,4656613
2021-04-27 15:00:00,23422,2700659,29584.0,1821854,879.0,188012.0,24301,2888671,30463,2009866,53885,4710498
2021-04-28 15:00:00,27021,2727680,36718.0,1858572,1277.0,189289.0,28298,2916969,37995,2047861,65016,4775514
2021-04-29 15:00:00,26066,2753746,37009.0,1895581,1395.0,190684.0,27461,2944430,38404,2086265,64470,4839984
2021-04-30 15:00:00,26873,2780619,30415.0,1925996,1578.0,192262.0,28451,2972881,31993,2118258,58866,4898850
2021-05-01 15:00:00,19071,2799690,23984.0,1949980,911.0,193173.0,19982,2992863,24895,2143153,43966,4942816
2021-05-02 15:00:00,10158,2809848,16677.0,1966657,785.0,193958.0,10943,3003806,17462,2160615,27620,4970436
2021-05-03 15:00:00,12821,2822669,28047.0,1994704,1847.0,195805.0,14668,3018474,29894,2190509,42715,5013151
2021-05-04 15:00:00,13160,2835829,36601.0,2031305,1677.0,197482.0,14837,3033311,38278,2228787,51438,5064589
2021-05-05 15:00:00,14427,2850256,27997.0,2059302,1873.0,199355.0,16300,3049611,29870,2258657,44297,5108886
2021-05-06 15:00:00,15042,2865298,35491.0,2094793,1546.0,200901.0,16588,3066199,37037,2295694,52079,5160965
2021-05-07 15:00:00,10873,2876171,22901.0,2117694,1077.0,201978.0,11950,3078149,23978,2319672,34851,5195816
2021-05-08 15:00:00,2819,2878990,11062.0,2128756,380.0,202358.0,3199,3081348,11442,2331114,14261,5210077