VACCINATION_DATE,FirstDailyDose,FirstDoseCumulative,SecondDailyDose,SecondDoseCumulative,SingleDailyDose,SingleDoseCumulative,AtleastOneVaccine,AtleastOneVaccineCumulative,CompletedVax,CompletedVaxCumulative,FirstSecondSingleVaccinations,FirstSecondSingleVaccinationsCumulative
2020-12-14 15:00:00,19,1458,,534,,,19,1458,0,534,19,1900
2020-12-15 15:00:00,62,1520,3.0,537,,,62,1520,3,537,65,1965
2020-12-16 15:00:00,597,2117,5.0,542,,,597,2117,5,542,602,2567
2020-12-17 15:00:00,1166,3283,8.0,550,,,1166,3283,8,550,1174,3741
2020-12-18 15:00:00,3029,6312,12.0,562,,,3029,6312,12,562,3041,6782
2020-12-19 15:00:00,929,7241,7.0,569,,,929,7241,7,569,936,7718
2020-12-20 15:00:00,368,7609,6.0,575,,,368,7609,6,575,374,8092
2020-12-21 15:00:00,3898,11507,26.0,601,,,3898,11507,26,601,3924,12016
2020-12-22 15:00:00,6326,17833,30.0,631,,,6326,17833,30,631,6356,18372
2020-12-23 15:00:00,5790,23623,39.0,670,,,5790,23623,39,670,5829,24201
2020-12-24 15:00:00,2729,26352,15.0,685,,,2729,26352,15,685,2744,26945
2020-12-25 15:00:00,1035,27387,4.0,689,,,1035,27387,4,689,1039,27984
2020-12-26 15:00:00,1885,29272,10.0,699,,,1885,29272,10,699,1895,29879
2020-12-27 15:00:00,1803,31075,12.0,711,,,1803,31075,12,711,1815,31694
2020-12-28 15:00:00,8993,40068,51.0,762,,,8993,40068,51,762,9044,40738
2020-12-29 15:00:00,10978,51046,53.0,815,,,10978,51046,53,815,11031,51769
2020-12-30 15:00:00,12505,63551,93.0,908,,,12505,63551,93,908,12598,64367
2020-12-31 15:00:00,7558,71109,48.0,956,,,7558,71109,48,956,7606,71973
2021-01-01 15:00:00,3371,74480,146.0,1102,,,3371,74480,146,1102,3517,75490
2021-01-02 15:00:00,3058,77538,34.0,1136,,,3058,77538,34,1136,3092,78582
2021-01-03 15:00:00,3414,80952,82.0,1218,,,3414,80952,82,1218,3496,82078
2021-01-04 15:00:00,13372,94324,339.0,1557,,,13372,94324,339,1557,13711,95789
2021-01-05 15:00:00,12496,106820,550.0,2107,,,12496,106820,550,2107,13046,108835
2021-01-06 15:00:00,15275,122095,868.0,2975,,,15275,122095,868,2975,16143,124978
2021-01-07 15:00:00,15048,137143,1787.0,4762,,,15048,137143,1787,4762,16835,141813
2021-01-08 15:00:00,24023,161166,2791.0,7553,,,24023,161166,2791,7553,26814,168627
2021-01-09 15:00:00,5181,166347,957.0,8510,,,5181,166347,957,8510,6138,174765
2021-01-10 15:00:00,2980,169327,386.0,8896,,,2980,169327,386,8896,3366,178131
2021-01-11 15:00:00,13740,183067,3486.0,12382,,,13740,183067,3486,12382,17226,195357
2021-01-12 15:00:00,17405,200472,5600.0,17982,,,17405,200472,5600,17982,23005,218362
2021-01-13 15:00:00,18628,219100,3935.0,21917,,,18628,219100,3935,21917,22563,240925
2021-01-14 15:00:00,17876,236976,1965.0,23882,,,17876,236976,1965,23882,19841,260766
2021-01-15 15:00:00,19499,256475,2035.0,25917,,,19499,256475,2035,25917,21534,282300
2021-01-16 15:00:00,5843,262318,1622.0,27539,,,5843,262318,1622,27539,7465,289765
2021-01-17 15:00:00,2126,264444,1480.0,29019,,,2126,264444,1480,29019,3606,293371
2021-01-18 15:00:00,7081,271525,3268.0,32287,,,7081,271525,3268,32287,10349,303720
2021-01-19 15:00:00,16960,288485,5416.0,37703,,,16960,288485,5416,37703,22376,326096
2021-01-20 15:00:00,21016,309501,5333.0,43036,,,21016,309501,5333,43036,26349,352445
2021-01-21 15:00:00,23831,333332,3866.0,46902,,,23831,333332,3866,46902,27697,380142
2021-01-22 15:00:00,28665,361997,3768.0,50670,,,28665,361997,3768,50670,32433,412575
2021-01-23 15:00:00,10133,372130,1947.0,52617,,,10133,372130,1947,52617,12080,424655
2021-01-24 15:00:00,3361,375491,1724.0,54341,,,3361,375491,1724,54341,5085,429740
2021-01-25 15:00:00,16311,391802,8620.0,62961,,,16311,391802,8620,62961,24931,454671
2021-01-26 15:00:00,17567,409369,8984.0,71945,,,17567,409369,8984,71945,26551,481222
2021-01-27 15:00:00,24448,433817,12572.0,84517,,,24448,433817,12572,84517,37020,518242
2021-01-28 15:00:00,22667,456484,9334.0,93851,,,22667,456484,9334,93851,32001,550243
2021-01-29 15:00:00,24789,481273,7938.0,101789,,,24789,481273,7938,101789,32727,582970
2021-01-30 15:00:00,17782,499055,2572.0,104361,,,17782,499055,2572,104361,20354,603324
2021-01-31 15:00:00,3764,502819,1375.0,105736,,,3764,502819,1375,105736,5139,608463
2021-02-01 15:00:00,8170,510989,5423.0,111159,,,8170,510989,5423,111159,13593,622056
2021-02-02 15:00:00,12525,523514,13837.0,124996,,,12525,523514,13837,124996,26362,648418
2021-02-03 15:00:00,18271,541785,18145.0,143141,,,18271,541785,18145,143141,36416,684834
2021-02-04 15:00:00,22148,563933,15805.0,158946,,,22148,563933,15805,158946,37953,722787
2021-02-05 15:00:00,20416,584349,17449.0,176395,,,20416,584349,17449,176395,37865,760652
2021-02-06 15:00:00,11380,595729,14540.0,190935,,,11380,595729,14540,190935,25920,786572
2021-02-07 15:00:00,5990,601719,1948.0,192883,,,5990,601719,1948,192883,7938,794510
2021-02-08 15:00:00,13018,614737,12985.0,205868,,,13018,614737,12985,205868,26003,820513
2021-02-09 15:00:00,16666,631403,13889.0,219757,,,16666,631403,13889,219757,30555,851068
2021-02-10 15:00:00,19333,650736,21320.0,241077,,,19333,650736,21320,241077,40653,891721
2021-02-11 15:00:00,22945,673681,17393.0,258470,,,22945,673681,17393,258470,40338,932059
2021-02-12 15:00:00,20443,694124,19680.0,278150,,,20443,694124,19680,278150,40123,972182
2021-02-13 15:00:00,11470,705594,6428.0,284578,,,11470,705594,6428,284578,17898,990080
2021-02-14 15:00:00,7122,712716,2137.0,286715,,,7122,712716,2137,286715,9259,999339
2021-02-15 15:00:00,11772,724488,13345.0,300060,,,11772,724488,13345,300060,25117,1024456
2021-02-16 15:00:00,16654,741142,21037.0,321097,,,16654,741142,21037,321097,37691,1062147
2021-02-17 15:00:00,20688,761830,26392.0,347489,,,20688,761830,26392,347489,47080,1109227
2021-02-18 15:00:00,3206,765036,4626.0,352115,,,3206,765036,4626,352115,7832,1117059
2021-02-19 15:00:00,10265,775301,19935.0,372050,,,10265,775301,19935,372050,30200,1147259
2021-02-20 15:00:00,10322,785623,20306.0,392356,,,10322,785623,20306,392356,30628,1177887
2021-02-21 15:00:00,6194,791817,7666.0,400022,,,6194,791817,7666,400022,13860,1191747
2021-02-22 15:00:00,8040,799857,15493.0,415515,,,8040,799857,15493,415515,23533,1215280
2021-02-23 15:00:00,15547,815404,15984.0,431499,,,15547,815404,15984,431499,31531,1246811
2021-02-24 15:00:00,17997,833401,24853.0,456352,,,17997,833401,24853,456352,42850,1289661
2021-02-25 15:00:00,20398,853799,26595.0,482947,,,20398,853799,26595,482947,46993,1336654
2021-02-26 15:00:00,26701,880500,26276.0,509223,,,26701,880500,26276,509223,52977,1389631
2021-02-27 15:00:00,16031,896531,11163.0,520386,,,16031,896531,11163,520386,27194,1416825
2021-02-28 15:00:00,15525,912056,4891.0,525277,,,15525,912056,4891,525277,20416,1437241
2021-03-01 15:00:00,27221,939277,12676.0,537953,,,27221,939277,12676,537953,39897,1477138
2021-03-02 15:00:00,23995,963272,13303.0,551256,37.0,37.0,24032,963309,13340,551293,37335,1514473
2021-03-03 15:00:00,30242,993514,18422.0,569678,192.0,229.0,30434,993743,18614,569907,48856,1563329
2021-03-04 15:00:00,31007,1024521,18259.0,587937,4068.0,4297.0,35075,1028818,22327,592234,53334,1616663
2021-03-05 15:00:00,30093,1054614,19775.0,607712,4911.0,9208.0,35004,1063822,24686,616920,54779,1671442
2021-03-06 15:00:00,18996,1073610,9537.0,617249,6010.0,15218.0,25006,1088828,15547,632467,34543,1705985
2021-03-07 15:00:00,12153,1085763,4928.0,622177,6607.0,21825.0,18760,1107588,11535,644002,23688,1729673
2021-03-08 15:00:00,25929,1111692,8863.0,631040,8273.0,30098.0,34202,1141790,17136,661138,43065,1772738
2021-03-09 15:00:00,26149,1137841,15500.0,646540,8343.0,38441.0,34492,1176282,23843,684981,49992,1822730
2021-03-10 15:00:00,29892,1167733,16052.0,662592,7936.0,46377.0,37828,1214110,23988,708969,53880,1876610
2021-03-11 15:00:00,36016,1203749,16425.0,679017,3982.0,50359.0,39998,1254108,20407,729376,56423,1933033
2021-03-12 15:00:00,36912,1240661,18162.0,697179,2928.0,53287.0,39840,1293948,21090,750466,58002,1991035
2021-03-13 15:00:00,22671,1263332,10337.0,707516,1630.0,54917.0,24301,1318249,11967,762433,34638,2025673
2021-03-14 15:00:00,17839,1281171,6738.0,714254,1009.0,55926.0,18848,1337097,7747,770180,25586,2051259
2021-03-15 15:00:00,29889,1311060,11363.0,725617,599.0,56525.0,30488,1367585,11962,782142,41851,2093110
2021-03-16 15:00:00,33483,1344543,13588.0,739205,770.0,57295.0,34253,1401838,14358,796500,47841,2140951
2021-03-17 15:00:00,37634,1382177,17083.0,756288,1181.0,58476.0,38815,1440653,18264,814764,55898,2196849
2021-03-18 15:00:00,41474,1423651,12698.0,768986,1354.0,59830.0,42828,1483481,14052,828816,55526,2252375
2021-03-19 15:00:00,38387,1462038,15445.0,784431,1046.0,60876.0,39433,1522914,16491,845307,54878,2307253
2021-03-20 15:00:00,24733,1486771,10233.0,794664,705.0,61581.0,25438,1548352,10938,856245,35671,2342924
2021-03-21 15:00:00,19199,1505970,7906.0,802570,341.0,61922.0,19540,1567892,8247,864492,27446,2370370
2021-03-22 15:00:00,32602,1538572,11516.0,814086,835.0,62757.0,33437,1601329,12351,876843,44953,2415323
2021-03-23 15:00:00,38408,1576980,17869.0,831955,1557.0,64314.0,39965,1641294,19426,896269,57834,2473157
2021-03-24 15:00:00,41087,1618067,21256.0,853211,1386.0,65700.0,42473,1683767,22642,918911,63729,2536886
2021-03-25 15:00:00,42919,1660986,21739.0,874950,2456.0,68156.0,45375,1729142,24195,943106,67114,2604000
2021-03-26 15:00:00,36386,1697372,26721.0,901671,2495.0,70651.0,38881,1768023,29216,972322,65602,2669602
2021-03-27 15:00:00,26474,1723846,17326.0,918997,2490.0,73141.0,28964,1796987,19816,992138,46290,2715892
2021-03-28 15:00:00,17010,1740856,12692.0,931689,1614.0,74755.0,18624,1815611,14306,1006444,31316,2747208
2021-03-29 15:00:00,29723,1770579,26393.0,958082,1141.0,75896.0,30864,1846475,27534,1033978,57257,2804465
2021-03-30 15:00:00,40063,1810642,29090.0,987172,1865.0,77761.0,41928,1888403,30955,1064933,71018,2875483
2021-03-31 15:00:00,41021,1851663,34755.0,1021927,5750.0,83511.0,46771,1935174,40505,1105438,81526,2957009
2021-04-01 15:00:00,42484,1894147,41177.0,1063104,5763.0,89274.0,48247,1983421,46940,1152378,89424,3046433
2021-04-02 15:00:00,34933,1929080,32740.0,1095844,6131.0,95405.0,41064,2024485,38871,1191249,73804,3120237
2021-04-03 15:00:00,21176,1950256,19239.0,1115083,4394.0,99799.0,25570,2050055,23633,1214882,44809,3165046
2021-04-04 15:00:00,8299,1958555,10223.0,1125306,968.0,100767.0,9267,2059322,11191,1226073,19490,3184536
2021-04-05 15:00:00,27962,1986517,28983.0,1154289,6663.0,107430.0,34625,2093947,35646,1261719,63608,3248144
2021-04-06 15:00:00,39801,2026318,30524.0,1184813,10501.0,117931.0,50302,2144249,41025,1302744,80826,3328970
2021-04-07 15:00:00,36110,2062428,34373.0,1219186,13001.0,130932.0,49111,2193360,47374,1350118,83484,3412454
2021-04-08 15:00:00,42363,2104791,36164.0,1255350,13872.0,144804.0,56235,2249595,50036,1400154,92399,3504853
2021-04-09 15:00:00,34095,2138886,36365.0,1291715,14532.0,159336.0,48627,2298222,50897,1451051,84992,3589845
2021-04-10 15:00:00,23498,2162384,23187.0,1314902,7641.0,166977.0,31139,2329361,30828,1481879,54326,3644171
2021-04-11 15:00:00,17586,2179970,13300.0,1328202,10121.0,177098.0,27707,2357068,23421,1505300,41007,3685178
2021-04-12 15:00:00,24607,2204577,33292.0,1361494,10908.0,188006.0,35515,2392583,44200,1549500,68807,3753985
2021-04-13 15:00:00,126172,2330749,91364.0,1452858,3293.0,191299.0,129465,2522048,94657,1644157,220829,3974814
2021-04-14 15:00:00,40739,2371488,37850.0,1490708,213.0,191512.0,40952,2563000,38063,1682220,78802,4053616
2021-04-15 15:00:00,41420,2412908,39581.0,1530289,176.0,191688.0,41596,2604596,39757,1721977,81177,4134793
2021-04-16 15:00:00,37149,2450057,38900.0,1569189,25.0,191713.0,37174,2641770,38925,1760902,76074,4210867
2021-04-17 15:00:00,32815,2482872,22043.0,1591232,13.0,191726.0,32828,2674598,22056,1782958,54871,4265738
2021-04-18 15:00:00,20062,2502934,16210.0,1607442,5.0,191731.0,20067,2694665,16215,1799173,36277,4302015
2021-04-19 15:00:00,29886,2532820,36564.0,1644006,61.0,191792.0,29947,2724612,36625,1835798,66511,4368526
2021-04-20 15:00:00,32938,2565758,44502.0,1688508,59.0,191851.0,32997,2757609,44561,1880359,77499,4446025
2021-04-21 15:00:00,39840,2605598,47085.0,1735593,26.0,191877.0,39866,2797475,47111,1927470,86951,4532976
2021-04-22 15:00:00,35857,2641455,42705.0,1778298,16.0,191893.0,35873,2833348,42721,1970191,78578,4611554
2021-04-23 15:00:00,33146,2674601,40177.0,1818475,14.0,191907.0,33160,2866508,40191,2010382,73337,4684891
2021-04-24 15:00:00,26420,2701021,27933.0,1846408,81.0,191988.0,26501,2893009,28014,2038396,54434,4739325
2021-04-25 15:00:00,20218,2721239,10999.0,1857407,31.0,192019.0,20249,2913258,11030,2049426,31248,4770573
2021-04-26 15:00:00,27383,2748622,32770.0,1890177,201.0,192220.0,27584,2940842,32971,2082397,60354,4830927
2021-04-27 15:00:00,26678,2775300,33110.0,1923287,1097.0,193317.0,27775,2968617,34207,2116604,60885,4891812
2021-04-28 15:00:00,28922,2804222,39567.0,1962854,1367.0,194684.0,30289,2998906,40934,2157538,69856,4961668
2021-04-29 15:00:00,27065,2831287,39785.0,2002639,1463.0,196147.0,28528,3027434,41248,2198786,68313,5029981
2021-04-30 15:00:00,28203,2859490,32312.0,2034951,1649.0,197796.0,29852,3057286,33961,2232747,62164,5092145
2021-05-01 15:00:00,20751,2880241,26793.0,2061744,1056.0,198852.0,21807,3079093,27849,2260596,48600,5140745
2021-05-02 15:00:00,10269,2890510,17084.0,2078828,823.0,199675.0,11092,3090185,17907,2278503,28176,5168921
2021-05-03 15:00:00,12721,2903231,28640.0,2107468,1916.0,201591.0,14637,3104822,30556,2309059,43277,5212198
2021-05-04 15:00:00,13556,2916787,38653.0,2146121,1743.0,203334.0,15299,3120121,40396,2349455,53952,5266150
2021-05-05 15:00:00,19317,2936104,37789.0,2183910,1921.0,205255.0,21238,3141359,39710,2389165,59027,5325177
2021-05-06 15:00:00,16930,2953034,40606.0,2224516,1721.0,206976.0,18651,3160010,42327,2431492,59257,5384434
2021-05-07 15:00:00,17587,2970621,37027.0,2261543,1960.0,208936.0,19547,3179557,38987,2470479,56574,5441008
2021-05-08 15:00:00,10797,2981418,31235.0,2292778,1292.0,210228.0,12089,3191646,32527,2503006,43324,5484332
2021-05-09 15:00:00,5078,2986496,12254.0,2305032,695.0,210923.0,5773,3197419,12949,2515955,18027,5502359
2021-05-10 15:00:00,8958,2995454,31062.0,2336094,1362.0,212285.0,10320,3207739,32424,2548379,41382,5543741
2021-05-11 15:00:00,12181,3007635,30305.0,2366399,1442.0,213727.0,13623,3221362,31747,2580126,43928,5587669
2021-05-12 15:00:00,13946,3021581,38640.0,2405039,1917.0,215644.0,15863,3237225,40557,2620683,54503,5642172
2021-05-13 15:00:00,21845,3043426,33525.0,2438564,1347.0,216991.0,23192,3260417,34872,2655555,56717,5698889
2021-05-14 15:00:00,24397,3067823,30069.0,2468633,1774.0,218765.0,26171,3286588,31843,2687398,56240,5755129
2021-05-15 15:00:00,21953,3089776,25122.0,2493755,1490.0,220255.0,23443,3310031,26612,2714010,48565,5803694
2021-05-16 15:00:00,9091,3098867,17582.0,2511337,1113.0,221368.0,10204,3320235,18695,2732705,27786,5831480
2021-05-17 15:00:00,16838,3115705,28415.0,2539752,1950.0,223318.0,18788,3339023,30365,2763070,47203,5878683
2021-05-18 15:00:00,21264,3136969,30701.0,2570453,1943.0,225261.0,23207,3362230,32644,2795714,53908,5932591
2021-05-19 15:00:00,27669,3164638,32440.0,2602893,1632.0,226893.0,29301,3391531,34072,2829786,61741,5994332
2021-05-20 15:00:00,20808,3185446,33281.0,2636174,1965.0,228858.0,22773,3414304,35246,2865032,56054,6050386
2021-05-21 15:00:00,19166,3204612,30365.0,2666539,1609.0,230467.0,20775,3435079,31974,2897006,51140,6101526
2021-05-22 15:00:00,16945,3221557,20701.0,2687240,1269.0,231736.0,18214,3453293,21970,2918976,38915,6140441
2021-05-23 15:00:00,8816,3230373,11454.0,2698694,965.0,232701.0,9781,3463074,12419,2931395,21235,6161676
2021-05-24 15:00:00,13573,3243946,17782.0,2716476,1473.0,234174.0,15046,3478120,19255,2950650,32828,6194504
2021-05-25 15:00:00,13077,3257023,18717.0,2735193,1328.0,235502.0,14405,3492525,20045,2970695,33122,6227626
2021-05-26 15:00:00,18309,3275332,19523.0,2754716,1512.0,237014.0,19821,3512346,21035,2991730,39344,6266970
2021-05-27 15:00:00,11687,3287019,18675.0,2773391,1117.0,238131.0,12804,3525150,19792,3011522,31479,6298449
2021-05-28 15:00:00,12419,3299438,19861.0,2793252,1402.0,239533.0,13821,3538971,21263,3032785,33682,6332131
2021-05-29 15:00:00,9515,3308953,11730.0,2804982,937.0,240470.0,10452,3549423,12667,3045452,22182,6354313
2021-05-30 15:00:00,4968,3313921,6440.0,2811422,596.0,241066.0,5564,3554987,7036,3052488,12004,6366317
2021-05-31 15:00:00,1779,3315700,3714.0,2815136,305.0,241371.0,2084,3557071,4019,3056507,5798,6372115
2021-06-01 15:00:00,9878,3325578,16486.0,2831622,1159.0,242530.0,11037,3568108,17645,3074152,27523,6399638
2021-06-02 15:00:00,10236,3335814,16825.0,2848447,961.0,243491.0,11197,3579305,17786,3091938,28022,6427660
2021-06-03 15:00:00,7897,3343711,21201.0,2869648,1089.0,244580.0,8986,3588291,22290,3114228,30187,6457847
2021-06-04 15:00:00,8198,3351909,22364.0,2892012,1120.0,245700.0,9318,3597609,23484,3137712,31682,6489529
2021-06-05 15:00:00,7000,3358909,19479.0,2911491,720.0,246420.0,7720,3605329,20199,3157911,27199,6516728
2021-06-06 15:00:00,3456,3362365,7258.0,2918749,426.0,246846.0,3882,3609211,7684,3165595,11140,6527868
2021-06-07 15:00:00,6859,3369224,15795.0,2934544,726.0,247572.0,7585,3616796,16521,3182116,23380,6551248
2021-06-08 15:00:00,6671,3375895,19741.0,2954285,831.0,248403.0,7502,3624298,20572,3202688,27243,6578491
2021-06-09 15:00:00,8201,3384096,23996.0,2978281,969.0,249372.0,9170,3633468,24965,3227653,33166,6611657
2021-06-10 15:00:00,7153,3391249,19144.0,2997425,895.0,250267.0,8048,3641516,20039,3247692,27192,6638849
2021-06-11 15:00:00,7492,3398741,17734.0,3015159,1125.0,251392.0,8617,3650133,18859,3266551,26351,6665200
2021-06-12 15:00:00,5242,3403983,14769.0,3029928,605.0,251997.0,5847,3655980,15374,3281925,20616,6685816
2021-06-13 15:00:00,1946,3405929,7634.0,3037562,427.0,252424.0,2373,3658353,8061,3289986,10007,6695823
2021-06-14 15:00:00,5655,3411584,11828.0,3049390,733.0,253157.0,6388,3664741,12561,3302547,18216,6714039
2021-06-15 15:00:00,5648,3417232,14345.0,3063735,874.0,254031.0,6522,3671263,15219,3317766,20867,6734906
2021-06-16 15:00:00,8755,3425987,21594.0,3085329,758.0,254789.0,9513,3680776,22352,3340118,31107,6766013
2021-06-17 15:00:00,6692,3432679,12369.0,3097698,720.0,255509.0,7412,3688188,13089,3353207,19781,6785794
2021-06-18 15:00:00,6831,3439510,12747.0,3110445,702.0,256211.0,7533,3695721,13449,3366656,20280,6806074
2021-06-19 15:00:00,4655,3444165,9387.0,3119832,614.0,256825.0,5269,3700990,10001,3376657,14656,6820730
2021-06-20 15:00:00,2507,3446672,5069.0,3124901,377.0,257202.0,2884,3703874,5446,3382103,7953,6828683
2021-06-21 15:00:00,5569,3452241,5339.0,3130240,636.0,257838.0,6205,3710079,5975,3388078,11544,6840227
2021-06-22 15:00:00,5345,3457586,9056.0,3139296,694.0,258532.0,6039,3716118,9750,3397828,15095,6855322
2021-06-23 15:00:00,6080,3463666,10340.0,3149636,646.0,259178.0,6726,3722844,10986,3408814,17066,6872388
2021-06-24 15:00:00,5936,3469602,8204.0,3157840,595.0,259773.0,6531,3729375,8799,3417613,14735,6887123
2021-06-25 15:00:00,5827,3475429,8671.0,3166511,619.0,260392.0,6446,3735821,9290,3426903,15117,6902240
2021-06-26 15:00:00,3706,3479135,6305.0,3172816,398.0,260790.0,4104,3739925,6703,3433606,10409,6912649
2021-06-27 15:00:00,2810,3481945,3524.0,3176340,185.0,260975.0,2995,3742920,3709,3437315,6519,6919168
2021-06-28 15:00:00,4924,3486869,6394.0,3182734,539.0,261514.0,5463,3748383,6933,3444248,11857,6931025
2021-06-29 15:00:00,5062,3491931,6484.0,3189218,523.0,262037.0,5585,3753968,7007,3451255,12069,6943094
2021-06-30 15:00:00,5630,3497561,7390.0,3196608,607.0,262644.0,6237,3760205,7997,3459252,13627,6956721
2021-07-01 15:00:00,5442,3503003,7001.0,3203609,505.0,263149.0,5947,3766152,7506,3466758,12948,6969669
2021-07-02 15:00:00,5297,3508300,6850.0,3210459,527.0,263676.0,5824,3771976,7377,3474135,12674,6982343
2021-07-03 15:00:00,3275,3511575,4071.0,3214530,264.0,263940.0,3539,3775515,4335,3478470,7610,6989953
2021-07-04 15:00:00,494,3512069,551.0,3215081,69.0,264009.0,563,3776078,620,3479090,1114,6991067
2021-07-05 15:00:00,3771,3515840,3953.0,3219034,287.0,264296.0,4058,3780136,4240,3483330,8011,6999078
2021-07-06 15:00:00,4497,3520337,6285.0,3225319,455.0,264751.0,4952,3785088,6740,3490070,11237,7010315
2021-07-07 15:00:00,4473,3524810,6418.0,3231737,483.0,265234.0,4956,3790044,6901,3496971,11374,7021689
2021-07-08 15:00:00,4838,3529648,6186.0,3237923,564.0,265798.0,5402,3795446,6750,3503721,11588,7033277
2021-07-09 15:00:00,5365,3535013,6678.0,3244601,573.0,266371.0,5938,3801384,7251,3510972,12616,7045893
2021-07-10 15:00:00,3521,3538534,4405.0,3249006,305.0,266676.0,3826,3805210,4710,3515682,8231,7054124
2021-07-11 15:00:00,2681,3541215,2578.0,3251584,227.0,266903.0,2908,3808118,2805,3518487,5486,7059610
2021-07-12 15:00:00,4427,3545642,5132.0,3256716,379.0,267282.0,4806,3812924,5511,3523998,9938,7069548
2021-07-13 15:00:00,4669,3550311,4726.0,3261442,366.0,267648.0,5035,3817959,5092,3529090,9761,7079309
2021-07-14 15:00:00,4626,3554937,5290.0,3266732,422.0,268070.0,5048,3823007,5712,3534802,10338,7089647
2021-07-15 15:00:00,4914,3559851,5019.0,3271751,358.0,268428.0,5272,3828279,5377,3540179,10291,7099938
2021-07-16 15:00:00,6275,3566126,5851.0,3277602,405.0,268833.0,6680,3834959,6256,3546435,12531,7112469
2021-07-17 15:00:00,3416,3569542,3554.0,3281156,303.0,269136.0,3719,3838678,3857,3550292,7273,7119742
2021-07-18 15:00:00,2311,3571853,2383.0,3283539,110.0,269246.0,2421,3841099,2493,3552785,4804,7124546
2021-07-19 15:00:00,5147,3577000,4615.0,3288154,383.0,269629.0,5530,3846629,4998,3557783,10145,7134691
2021-07-20 15:00:00,5346,3582346,4728.0,3292882,367.0,269996.0,5713,3852342,5095,3562878,10441,7145132
2021-07-21 15:00:00,5665,3588011,4958.0,3297840,416.0,270412.0,6081,3858423,5374,3568252,11039,7156171
2021-07-22 15:00:00,6033,3594044,4650.0,3302490,472.0,270884.0,6505,3864928,5122,3573374,11155,7167326
2021-07-23 15:00:00,6846,3600890,4850.0,3307340,499.0,271383.0,7345,3872273,5349,3578723,12195,7179521
2021-07-24 15:00:00,4282,3605172,3209.0,3310549,267.0,271650.0,4549,3876822,3476,3582199,7758,7187279
2021-07-25 15:00:00,3300,3608472,1122.0,3311671,140.0,271790.0,3440,3880262,1262,3583461,4562,7191841
2021-07-26 15:00:00,6220,3614692,3912.0,3315583,419.0,272209.0,6639,3886901,4331,3587792,10551,7202392
2021-07-27 15:00:00,6607,3621299,4291.0,3319874,458.0,272667.0,7065,3893966,4749,3592541,11356,7213748
2021-07-28 15:00:00,7091,3628390,4153.0,3324027,460.0,273127.0,7551,3901517,4613,3597154,11704,7225452
2021-07-29 15:00:00,7084,3635474,4312.0,3328339,419.0,273546.0,7503,3909020,4731,3601885,11815,7237267
2021-07-30 15:00:00,7826,3643300,4814.0,3333153,527.0,274073.0,8353,3917373,5341,3607226,13167,7250434
2021-07-31 15:00:00,4794,3648094,3084.0,3336237,274.0,274347.0,5068,3922441,3358,3610584,8152,7258586
2021-08-01 15:00:00,3910,3652004,2190.0,3338427,165.0,274512.0,4075,3926516,2355,3612939,6265,7264851
2021-08-02 15:00:00,7277,3659281,3852.0,3342279,342.0,274854.0,7619,3934135,4194,3617133,11471,7276322
2021-08-03 15:00:00,7276,3666557,4109.0,3346388,517.0,275371.0,7793,3941928,4626,3621759,11902,7288224
2021-08-04 15:00:00,7430,3673987,4123.0,3350511,536.0,275907.0,7966,3949894,4659,3626418,12089,7300313
2021-08-05 15:00:00,7962,3681949,4305.0,3354816,539.0,276446.0,8501,3958395,4844,3631262,12806,7313119
2021-08-06 15:00:00,8341,3690290,4743.0,3359559,454.0,276900.0,8795,3967190,5197,3636459,13538,7326657
2021-08-07 15:00:00,5305,3695595,2842.0,3362401,264.0,277164.0,5569,3972759,3106,3639565,8411,7335068
2021-08-08 15:00:00,3979,3699574,2063.0,3364464,146.0,277310.0,4125,3976884,2209,3641774,6188,7341256
2021-08-09 15:00:00,6960,3706534,4568.0,3369032,370.0,277680.0,7330,3984214,4938,3646712,11898,7353154
2021-08-10 15:00:00,7176,3713710,4498.0,3373530,340.0,278020.0,7516,3991730,4838,3651550,12014,7365168
2021-08-11 15:00:00,7093,3720803,4449.0,3377979,443.0,278463.0,7536,3999266,4892,3656442,11985,7377153
2021-08-12 15:00:00,8643,3729446,4760.0,3382739,445.0,278908.0,9088,4008354,5205,3661647,13848,7391001
2021-08-13 15:00:00,7181,3736627,5410.0,3388149,397.0,279305.0,7578,4015932,5807,3667454,12988,7403989
2021-08-14 15:00:00,4924,3741551,3350.0,3391499,285.0,279590.0,5209,4021141,3635,3671089,8559,7412548
2021-08-15 15:00:00,3328,3744879,2741.0,3394240,163.0,279753.0,3491,4024632,2904,3673993,6232,7418780
2021-08-16 15:00:00,5456,3750335,5094.0,3399334,354.0,280107.0,5810,4030442,5448,3679441,10904,7429684
2021-08-17 15:00:00,6820,3757155,5365.0,3404699,391.0,280498.0,7211,4037653,5756,3685197,12576,7442260
2021-08-18 15:00:00,6335,3763490,5514.0,3410213,481.0,280979.0,6816,4044469,5995,3691192,12330,7454590
2021-08-19 15:00:00,6228,3769718,5558.0,3415771,417.0,281396.0,6645,4051114,5975,3697167,12203,7466793
2021-08-20 15:00:00,6846,3776564,6557.0,3422328,401.0,281797.0,7247,4058361,6958,3704125,13804,7480597
2021-08-21 15:00:00,4343,3780907,3919.0,3426247,229.0,282026.0,4572,4062933,4148,3708273,8491,7489088
2021-08-22 15:00:00,3060,3783967,3170.0,3429417,110.0,282136.0,3170,4066103,3280,3711553,6340,7495428
2021-08-23 15:00:00,5998,3789965,6108.0,3435525,287.0,282423.0,6285,4072388,6395,3717948,12393,7507821
2021-08-24 15:00:00,6548,3796513,6079.0,3441604,425.0,282848.0,6973,4079361,6504,3724452,13052,7520873
2021-08-25 15:00:00,6722,3803235,6229.0,3447833,440.0,283288.0,7162,4086523,6669,3731121,13391,7534264
2021-08-26 15:00:00,6971,3810206,6661.0,3454494,428.0,283716.0,7399,4093922,7089,3738210,14060,7548324
2021-08-27 15:00:00,6834,3817040,7088.0,3461582,317.0,284033.0,7151,4101073,7405,3745615,14239,7562563
2021-08-28 15:00:00,6908,3823948,6527.0,3468109,326.0,284359.0,7234,4108307,6853,3752468,13761,7576324
2021-08-29 15:00:00,3738,3827686,3693.0,3471802,610.0,284969.0,4348,4112655,4303,3756771,8041,7584365
2021-08-30 15:00:00,5931,3833617,6135.0,3477937,960.0,285929.0,6891,4119546,7095,3763866,13026,7597391
2021-08-31 15:00:00,5904,3839521,6079.0,3484016,946.0,286875.0,6850,4126396,7025,3770891,12929,7610320
2021-09-01 15:00:00,5597,3845118,5707.0,3489723,918.0,287793.0,6515,4132911,6625,3777516,12222,7622542
2021-09-02 15:00:00,5539,3850657,5949.0,3495672,709.0,288502.0,6248,4139159,6658,3784174,12197,7634739
2021-09-03 15:00:00,6011,3856668,6949.0,3502621,977.0,289479.0,6988,4146147,7926,3792100,13937,7648676
2021-09-04 15:00:00,3734,3860402,4356.0,3506977,878.0,290357.0,4612,4150759,5234,3797334,8968,7657644
2021-09-05 15:00:00,2957,3863359,2813.0,3509790,106.0,290463.0,3063,4153822,2919,3800253,5876,7663520
2021-09-06 15:00:00,1059,3864418,1161.0,3510951,69.0,290532.0,1128,4154950,1230,3801483,2289,7665809
2021-09-07 15:00:00,5350,3869768,7306.0,3518257,2303.0,292835.0,7653,4162603,9609,3811092,14959,7680768
2021-09-08 15:00:00,4656,3874424,5481.0,3523738,364.0,293199.0,5020,4167623,5845,3816937,10501,7691269
2021-09-09 15:00:00,5020,3879444,5468.0,3529206,325.0,293524.0,5345,4172968,5793,3822730,10813,7702082
2021-09-10 15:00:00,6527,3885971,6672.0,3535878,1719.0,295243.0,8246,4181214,8391,3831121,14918,7717000
2021-09-11 15:00:00,4177,3890148,4348.0,3540226,666.0,295909.0,4843,4186057,5014,3836135,9191,7726191
2021-09-12 15:00:00,3172,3893320,3239.0,3543465,436.0,296345.0,3608,4189665,3675,3839810,6847,7733038
2021-09-13 15:00:00,4887,3898207,5074.0,3548539,347.0,296692.0,5234,4194899,5421,3845231,10308,7743346
2021-09-14 15:00:00,4777,3902984,5447.0,3553986,437.0,297129.0,5214,4200113,5884,3851115,10661,7754007
2021-09-15 15:00:00,5049,3908033,5885.0,3559871,392.0,297521.0,5441,4205554,6277,3857392,11326,7765333
2021-09-16 15:00:00,4811,3912844,5853.0,3565724,336.0,297857.0,5147,4210701,6189,3863581,11000,7776333
2021-09-17 15:00:00,5282,3918126,6585.0,3572309,344.0,298201.0,5626,4216327,6929,3870510,12211,7788544
2021-09-18 15:00:00,3823,3921949,4580.0,3576889,185.0,298386.0,4008,4220335,4765,3875275,8588,7797132
2021-09-19 15:00:00,2741,3924690,3177.0,3580066,75.0,298461.0,2816,4223151,3252,3878527,5993,7803125
2021-09-20 15:00:00,3754,3928444,4685.0,3584751,429.0,298890.0,4183,4227334,5114,3883641,8868,7811993
2021-09-21 15:00:00,4005,3932449,5008.0,3589759,327.0,299217.0,4332,4231666,5335,3888976,9340,7821333
2021-09-22 15:00:00,4197,3936646,4780.0,3594539,459.0,299676.0,4656,4236322,5239,3894215,9436,7830769
2021-09-23 15:00:00,4185,3940831,4732.0,3599271,492.0,300168.0,4677,4240999,5224,3899439,9409,7840178
2021-09-24 15:00:00,5088,3945919,5616.0,3604887,422.0,300590.0,5510,4246509,6038,3905477,11126,7851304
2021-09-25 15:00:00,3640,3949559,3629.0,3608516,384.0,300974.0,4024,4250533,4013,3909490,7653,7858957
2021-09-26 15:00:00,2348,3951907,2666.0,3611182,431.0,301405.0,2779,4253312,3097,3912587,5445,7864402
2021-09-27 15:00:00,4509,3956416,2711.0,3613893,512.0,301917.0,5021,4258333,3223,3915810,7732,7872134
2021-09-28 15:00:00,4405,3960821,4453.0,3618346,211.0,302128.0,4616,4262949,4664,3920474,9069,7881203
2021-09-29 15:00:00,4695,3965516,4514.0,3622860,920.0,303048.0,5615,4268564,5434,3925908,10129,7891332
2021-09-30 15:00:00,4896,3970412,4563.0,3627423,796.0,303844.0,5692,4274256,5359,3931267,10255,7901587
2021-10-01 15:00:00,5525,3975937,5354.0,3632777,785.0,304629.0,6310,4280566,6139,3937406,11664,7913251
2021-10-02 15:00:00,2945,3978882,2898.0,3635675,187.0,304816.0,3132,4283698,3085,3940491,6030,7919281
2021-10-03 15:00:00,2075,3980957,2378.0,3638053,86.0,304902.0,2161,4285859,2464,3942955,4539,7923820
2021-10-04 15:00:00,4025,3984982,3500.0,3641553,232.0,305134.0,4257,4290116,3732,3946687,7757,7931577
2021-10-05 15:00:00,3954,3988936,3661.0,3645214,207.0,305341.0,4161,4294277,3868,3950555,7822,7939399
2021-10-06 15:00:00,4023,3992959,3572.0,3648786,266.0,305607.0,4289,4298566,3838,3954393,7861,7947260
2021-10-07 15:00:00,4233,3997192,3627.0,3652413,332.0,305939.0,4565,4303131,3959,3958352,8192,7955452
2021-10-08 15:00:00,4772,4001964,4291.0,3656704,283.0,306222.0,5055,4308186,4574,3962926,9346,7964798
2021-10-09 15:00:00,2692,4004656,2677.0,3659381,270.0,306492.0,2962,4311148,2947,3965873,5639,7970437
2021-10-10 15:00:00,1860,4006516,1850.0,3661231,59.0,306551.0,1919,4313067,1909,3967782,3769,7974206
2021-10-11 15:00:00,4211,4010727,3314.0,3664545,250.0,306801.0,4461,4317528,3564,3971346,7775,7981981
2021-10-12 15:00:00,3601,4014328,3536.0,3668081,273.0,307074.0,3874,4321402,3809,3975155,7410,7989391
2021-10-13 15:00:00,3982,4018310,3457.0,3671538,346.0,307420.0,4328,4325730,3803,3978958,7785,7997176
2021-10-14 15:00:00,5165,4023475,5497.0,3677035,431.0,307851.0,5596,4331326,5928,3984886,11093,8008269
2021-10-15 15:00:00,4758,4028233,4602.0,3681637,347.0,308198.0,5105,4336431,4949,3989835,9707,8017976
2021-10-16 15:00:00,2497,4030730,2516.0,3684153,291.0,308489.0,2788,4339219,2807,3992642,5304,8023280
2021-10-17 15:00:00,1805,4032535,1774.0,3685927,55.0,308544.0,1860,4341079,1829,3994471,3634,8026914
2021-10-18 15:00:00,4282,4036817,3577.0,3689504,268.0,308812.0,4550,4345629,3845,3998316,8127,8035041
2021-10-19 15:00:00,4304,4041121,4006.0,3693510,223.0,309035.0,4527,4350156,4229,4002545,8533,8043574
2021-10-20 15:00:00,3537,4044658,3421.0,3696931,255.0,309290.0,3792,4353948,3676,4006221,7213,8050787
2021-10-21 15:00:00,3300,4047958,3275.0,3700206,291.0,309581.0,3591,4357539,3566,4009787,6866,8057653
2021-10-22 15:00:00,4682,4052640,4033.0,3704239,477.0,310058.0,5159,4362698,4510,4014297,9192,8066845
2021-10-23 15:00:00,2885,4055525,2112.0,3706351,321.0,310379.0,3206,4365904,2433,4016730,5318,8072163
2021-10-24 15:00:00,2057,4057582,1551.0,3707902,79.0,310458.0,2136,4368040,1630,4018360,3687,8075850
2021-10-25 15:00:00,4547,4062129,3068.0,3710970,320.0,310778.0,4867,4372907,3388,4021748,7935,8083785
2021-10-26 15:00:00,4512,4066641,3076.0,3714046,316.0,311094.0,4828,4377735,3392,4025140,7904,8091689
2021-10-27 15:00:00,4735,4071376,3338.0,3717384,436.0,311530.0,5171,4382906,3774,4028914,8509,8100198
2021-10-28 15:00:00,4570,4075946,3359.0,3720743,501.0,312031.0,5071,4387977,3860,4032774,8430,8108628
2021-10-29 15:00:00,4990,4080936,3917.0,3724660,395.0,312426.0,5385,4393362,4312,4037086,9302,8117930
2021-10-30 15:00:00,2633,4083569,1841.0,3726501,307.0,312733.0,2940,4396302,2148,4039234,4781,8122711
2021-10-31 15:00:00,1933,4085502,1518.0,3728019,93.0,312826.0,2026,4398328,1611,4040845,3544,8126255
2021-11-01 15:00:00,4730,4090232,3433.0,3731452,349.0,313175.0,5079,4403407,3782,4044627,8512,8134767
2021-11-02 15:00:00,4264,4094496,2940.0,3734392,409.0,313584.0,4673,4408080,3349,4047976,7613,8142380
2021-11-03 15:00:00,4664,4099160,3047.0,3737439,464.0,314048.0,5128,4413208,3511,4051487,8175,8150555
2021-11-04 15:00:00,6320,4105480,3366.0,3740805,513.0,314561.0,6833,4420041,3879,4055366,10199,8160754
2021-11-05 15:00:00,8242,4113722,3768.0,3744573,413.0,314974.0,8655,4428696,4181,4059547,12423,8173177
2021-11-06 15:00:00,10173,4123895,1970.0,3746543,308.0,315282.0,10481,4439177,2278,4061825,12451,8185628
2021-11-07 15:00:00,7716,4131611,1461.0,3748004,95.0,315377.0,7811,4446988,1556,4063381,9272,8194900
2021-11-08 15:00:00,11307,4142918,3049.0,3751053,379.0,315756.0,11686,4458674,3428,4066809,14735,8209635
2021-11-09 15:00:00,11763,4154681,2645.0,3753698,268.0,316024.0,12031,4470705,2913,4069722,14676,8224311
2021-11-10 15:00:00,12594,4167275,2760.0,3756458,339.0,316363.0,12933,4483638,3099,4072821,15693,8240004
2021-11-11 15:00:00,11374,4178649,2373.0,3758831,280.0,316643.0,11654,4495292,2653,4075474,14027,8254031
2021-11-12 15:00:00,12297,4190946,3356.0,3762187,548.0,317191.0,12845,4508137,3904,4079378,16201,8270232
2021-11-13 15:00:00,9895,4200841,1593.0,3763780,342.0,317533.0,10237,4518374,1935,4081313,11830,8282062
2021-11-14 15:00:00,4199,4205040,1113.0,3764893,121.0,317654.0,4320,4522694,1234,4082547,5433,8287495
2021-11-15 15:00:00,8629,4213669,2518.0,3767411,210.0,317864.0,8839,4531533,2728,4085275,11357,8298852
2021-11-16 15:00:00,9230,4222899,2505.0,3769916,257.0,318121.0,9487,4541020,2762,4088037,11992,8310844
2021-11-17 15:00:00,9388,4232287,2862.0,3772778,312.0,318433.0,9700,4550720,3174,4091211,12562,8323406
2021-11-18 15:00:00,9281,4241568,2623.0,3775401,481.0,318914.0,9762,4560482,3104,4094315,12385,8335791
2021-11-19 15:00:00,9809,4251377,2919.0,3778320,381.0,319295.0,10190,4570672,3300,4097615,13109,8348900
2021-11-20 15:00:00,10634,4262011,1602.0,3779922,455.0,319750.0,11089,4581761,2057,4099672,12691,8361591
2021-11-21 15:00:00,4342,4266353,1201.0,3781123,100.0,319850.0,4442,4586203,1301,4100973,5643,8367234
2021-11-22 15:00:00,9828,4276181,2489.0,3783612,293.0,320143.0,10121,4596324,2782,4103755,12610,8379844
2021-11-23 15:00:00,9213,4285394,2388.0,3786000,283.0,320426.0,9496,4605820,2671,4106426,11884,8391728
2021-11-24 15:00:00,8172,4293566,2434.0,3788434,216.0,320642.0,8388,4614208,2650,4109076,10822,8402550
2021-11-25 15:00:00,239,4293805,78.0,3788512,10.0,320652.0,249,4614457,88,4109164,327,8402877
2021-11-26 15:00:00,5650,4299455,3963.0,3792475,153.0,320805.0,5803,4620260,4116,4113280,9766,8412643
2021-11-27 15:00:00,3781,4303236,5481.0,3797956,134.0,320939.0,3915,4624175,5615,4118895,9396,8422039
2021-11-28 15:00:00,2414,4305650,6385.0,3804341,77.0,321016.0,2491,4626666,6462,4125357,8876,8430915
2021-11-29 15:00:00,6385,4312035,9298.0,3813639,379.0,321395.0,6764,4633430,9677,4135034,16062,8446977
2021-11-30 15:00:00,6256,4318291,9321.0,3822960,264.0,321659.0,6520,4639950,9585,4144619,15841,8462818
2021-12-01 15:00:00,7323,4325614,9730.0,3832690,308.0,321967.0,7631,4647581,10038,4154657,17361,8480179
2021-12-02 15:00:00,6930,4332544,8790.0,3841480,450.0,322417.0,7380,4654961,9240,4163897,16170,8496349
2021-12-03 15:00:00,7615,4340159,9271.0,3850751,251.0,322668.0,7866,4662827,9522,4173419,17137,8513486
2021-12-04 15:00:00,5950,4346109,10053.0,3860804,467.0,323135.0,6417,4669244,10520,4183939,16470,8529956
2021-12-05 15:00:00,3445,4349554,3548.0,3864352,78.0,323213.0,3523,4672767,3626,4187565,7071,8537027
2021-12-06 15:00:00,6769,4356323,7098.0,3871450,281.0,323494.0,7050,4679817,7379,4194944,14148,8551175
2021-12-07 15:00:00,6422,4362745,7042.0,3878492,250.0,323744.0,6672,4686489,7292,4202236,13714,8564889
2021-12-08 15:00:00,6945,4369690,7413.0,3885905,315.0,324059.0,7260,4693749,7728,4209964,14673,8579562
2021-12-09 15:00:00,6549,4376239,7030.0,3892935,398.0,324457.0,6947,4700696,7428,4217392,13977,8593539
2021-12-10 15:00:00,7292,4383531,7330.0,3900265,232.0,324689.0,7524,4708220,7562,4224954,14854,8608393
2021-12-11 15:00:00,4462,4387993,7675.0,3907940,333.0,325022.0,4795,4713015,8008,4232962,12470,8620863
2021-12-12 15:00:00,4001,4391994,2771.0,3910711,60.0,325082.0,4061,4717076,2831,4235793,6832,8627695
2021-12-13 15:00:00,5697,4397691,5768.0,3916479,243.0,325325.0,5940,4723016,6011,4241804,11708,8639403
2021-12-14 15:00:00,6468,4404159,5931.0,3922410,222.0,325547.0,6690,4729706,6153,4247957,12621,8652024
2021-12-15 15:00:00,7176,4411335,5722.0,3928132,258.0,325805.0,7434,4737140,5980,4253937,13156,8665180
2021-12-16 15:00:00,7899,4419234,2827.0,3930959,423.0,326228.0,8322,4745462,3250,4257187,11149,8676329
2021-12-17 15:00:00,7849,4427083,4164.0,3935123,195.0,326423.0,8044,4753506,4359,4261546,12208,8688537
2021-12-18 15:00:00,5844,4432927,3185.0,3938308,298.0,326721.0,6142,4759648,3483,4265029,9327,8697864
2021-12-19 15:00:00,3375,4436302,1343.0,3939651,37.0,326758.0,3412,4763060,1380,4266409,4755,8702619
2021-12-20 15:00:00,8101,4444403,3749.0,3943400,173.0,326931.0,8274,4771334,3922,4270331,12023,8714642
2021-12-21 15:00:00,9000,4453403,4161.0,3947561,175.0,327106.0,9175,4780509,4336,4274667,13336,8727978
2021-12-22 15:00:00,8699,4462102,3878.0,3951439,184.0,327290.0,8883,4789392,4062,4278729,12761,8740739
2021-12-23 15:00:00,8416,4470518,3575.0,3955014,359.0,327649.0,8775,4798167,3934,4282663,12350,8753089
2021-12-24 15:00:00,1636,4472154,1010.0,3956024,39.0,327688.0,1675,4799842,1049,4283712,2685,8755774
2021-12-25 15:00:00,47,4472201,36.0,3956060,1.0,327689.0,48,4799890,37,4283749,84,8755858
2021-12-26 15:00:00,2519,4474720,1746.0,3957806,44.0,327733.0,2563,4802453,1790,4285539,4309,8760167
2021-12-27 15:00:00,7221,4481941,4003.0,3961809,297.0,328030.0,7518,4809971,4300,4289839,11521,8771688
2021-12-28 15:00:00,7945,4489886,3861.0,3965670,178.0,328208.0,8123,4818094,4039,4293878,11984,8783672
2021-12-29 15:00:00,8244,4498130,4021.0,3969691,156.0,328364.0,8400,4826494,4177,4298055,12421,8796093
2021-12-30 15:00:00,7488,4505618,3794.0,3973485,290.0,328654.0,7778,4834272,4084,4302139,11572,8807665
2021-12-31 15:00:00,2578,4508196,1532.0,3975017,90.0,328744.0,2668,4836940,1622,4303761,4200,8811865
2022-01-01 15:00:00,737,4508933,347.0,3975364,34.0,328778.0,771,4837711,381,4304142,1118,8812983
2022-01-02 15:00:00,2216,4511149,1650.0,3977014,48.0,328826.0,2264,4839975,1698,4305840,3914,8816897
2022-01-03 15:00:00,3398,4514547,2066.0,3979080,222.0,329048.0,3620,4843595,2288,4308128,5686,8822583
2022-01-04 15:00:00,5856,4520403,3489.0,3982569,165.0,329213.0,6021,4849616,3654,4311782,9510,8832093
2022-01-05 15:00:00,6837,4527240,4696.0,3987265,175.0,329388.0,7012,4856628,4871,4316653,11708,8843801
2022-01-06 15:00:00,6783,4534023,4825.0,3992090,265.0,329653.0,7048,4863676,5090,4321743,11873,8855674
2022-01-07 15:00:00,6010,4540033,3784.0,3995874,162.0,329815.0,6172,4869848,3946,4325689,9956,8865630
2022-01-08 15:00:00,4809,4544842,3913.0,3999787,78.0,329893.0,4887,4874735,3991,4329680,8800,8874430
2022-01-09 15:00:00,2764,4547606,2017.0,4001804,154.0,330047.0,2918,4877653,2171,4331851,4935,8879365
2022-01-10 15:00:00,6359,4553965,3843.0,4005647,161.0,330208.0,6520,4884173,4004,4335855,10363,8889728
2022-01-11 15:00:00,6568,4560533,4258.0,4009905,142.0,330350.0,6710,4890883,4400,4340255,10968,8900696
2022-01-12 15:00:00,6832,4567365,4445.0,4014350,225.0,330575.0,7057,4897940,4670,4344925,11502,8912198
2022-01-13 15:00:00,6680,4574045,4390.0,4018740,153.0,330728.0,6833,4904773,4543,4349468,11223,8923421
2022-01-14 15:00:00,7235,4581280,3294.0,4022034,252.0,330980.0,7487,4912260,3546,4353014,10781,8934202
2022-01-15 15:00:00,4278,4585558,1698.0,4023732,71.0,331051.0,4349,4916609,1769,4354783,6047,8940249
2022-01-16 15:00:00,2219,4587777,1320.0,4025052,116.0,331167.0,2335,4918944,1436,4356219,3655,8943904
2022-01-17 15:00:00,3629,4591406,2372.0,4027424,74.0,331241.0,3703,4922647,2446,4358665,6075,8949979
2022-01-18 15:00:00,5299,4596705,4204.0,4031628,102.0,331343.0,5401,4928048,4306,4362971,9605,8959584
2022-01-19 15:00:00,5298,4602003,4483.0,4036111,99.0,331442.0,5397,4933445,4582,4367553,9880,8969464
2022-01-20 15:00:00,4529,4606532,3628.0,4039739,176.0,331618.0,4705,4938150,3804,4371357,8333,8977797
2022-01-21 15:00:00,5607,4612139,2936.0,4042675,126.0,331744.0,5733,4943883,3062,4374419,8669,8986466
2022-01-22 15:00:00,3462,4615601,1727.0,4044402,134.0,331878.0,3596,4947479,1861,4376280,5323,8991789
2022-01-23 15:00:00,2032,4617633,1494.0,4045896,30.0,331908.0,2062,4949541,1524,4377804,3556,8995345
2022-01-24 15:00:00,4126,4621759,2773.0,4048669,89.0,331997.0,4215,4953756,2862,4380666,6988,9002333
2022-01-25 15:00:00,3818,4625577,3315.0,4051984,95.0,332092.0,3913,4957669,3410,4384076,7228,9009561
2022-01-26 15:00:00,3879,4629456,3698.0,4055682,94.0,332186.0,3973,4961642,3792,4387868,7671,9017232
2022-01-27 15:00:00,3780,4633236,3922.0,4059604,187.0,332373.0,3967,4965609,4109,4391977,7889,9025121
2022-01-28 15:00:00,3861,4637097,3285.0,4062889,75.0,332448.0,3936,4969545,3360,4395337,7221,9032342
2022-01-29 15:00:00,2304,4639401,2294.0,4065183,117.0,332565.0,2421,4971966,2411,4397748,4715,9037057
2022-01-30 15:00:00,1560,4640961,1637.0,4066820,16.0,332581.0,1576,4973542,1653,4399401,3213,9040270
2022-01-31 15:00:00,2998,4643959,3238.0,4070058,58.0,332639.0,3056,4976598,3296,4402697,6294,9046564
2022-02-01 15:00:00,2644,4646603,3410.0,4073468,75.0,332714.0,2719,4979317,3485,4406182,6129,9052693
2022-02-02 15:00:00,2818,4649421,3725.0,4077193,77.0,332791.0,2895,4982212,3802,4409984,6620,9059313
2022-02-03 15:00:00,2764,4652185,3654.0,4080847,41.0,332832.0,2805,4985017,3695,4413679,6459,9065772
2022-02-04 15:00:00,2781,4654966,4383.0,4085230,128.0,332960.0,2909,4987926,4511,4418190,7292,9073064
2022-02-05 15:00:00,1927,4656893,2899.0,4088129,112.0,333072.0,2039,4989965,3011,4421201,4938,9078002
2022-02-06 15:00:00,1064,4657957,1343.0,4089472,24.0,333096.0,1088,4991053,1367,4422568,2431,9080433
2022-02-07 15:00:00,2061,4660018,2692.0,4092164,47.0,333143.0,2108,4993161,2739,4425307,4800,9085233
2022-02-08 15:00:00,2081,4662099,3070.0,4095234,63.0,333206.0,2144,4995305,3133,4428440,5214,9090447
2022-02-09 15:00:00,2205,4664304,3309.0,4098543,73.0,333279.0,2278,4997583,3382,4431822,5587,9096034
2022-02-10 15:00:00,2074,4666378,2852.0,4101395,55.0,333334.0,2129,4999712,2907,4434729,4981,9101015
2022-02-11 15:00:00,2467,4668845,3492.0,4104887,121.0,333455.0,2588,5002300,3613,4438342,6080,9107095
2022-02-12 15:00:00,1650,4670495,2276.0,4107163,97.0,333552.0,1747,5004047,2373,4440715,4023,9111118
2022-02-13 15:00:00,740,4671235,1081.0,4108244,17.0,333569.0,757,5004804,1098,4441813,1838,9112956
2022-02-14 15:00:00,1462,4672697,2230.0,4110474,65.0,333634.0,1527,5006331,2295,4444108,3757,9116713
2022-02-15 15:00:00,1914,4674611,2429.0,4112903,47.0,333681.0,1961,5008292,2476,4446584,4390,9121103
2022-02-16 15:00:00,1655,4676266,2401.0,4115304,50.0,333731.0,1705,5009997,2451,4449035,4106,9125209
2022-02-17 15:00:00,16796,4693062,12859.0,4128163,480.0,334211.0,17276,5027273,13339,4462374,30135,9155344
2022-02-18 15:00:00,1005,4694067,1306.0,4129469,29.0,334240.0,1034,5028307,1335,4463709,2340,9157684
