VACCINATION_DATE,FirstDailyDose,FirstDoseCumulative,SecondDailyDose,SecondDoseCumulative,SingleDailyDose,SingleDoseCumulative,AtleastOneVaccine,AtleastOneVaccineCumulative,CompletedVax,CompletedVaxCumulative,FirstSecondSingleVaccinations,FirstSecondSingleVaccinationsCumulative
2020-12-14 15:00:00,17,949,,385,,,17,949,0,385,17,1247
2020-12-15 15:00:00,50,999,2.0,387,,,50,999,2,387,52,1299
2020-12-16 15:00:00,572,1571,2.0,389,,,572,1571,2,389,574,1873
2020-12-17 15:00:00,1137,2708,2.0,391,,,1137,2708,2,391,1139,3012
2020-12-18 15:00:00,3008,5716,11.0,402,,,3008,5716,11,402,3019,6031
2020-12-19 15:00:00,925,6641,5.0,407,,,925,6641,5,407,930,6961
2020-12-20 15:00:00,334,6975,4.0,411,,,334,6975,4,411,338,7299
2020-12-21 15:00:00,3849,10824,17.0,428,,,3849,10824,17,428,3866,11165
2020-12-22 15:00:00,6329,17153,16.0,444,,,6329,17153,16,444,6345,17510
2020-12-23 15:00:00,5740,22893,26.0,470,,,5740,22893,26,470,5766,23276
2020-12-24 15:00:00,2710,25603,9.0,479,,,2710,25603,9,479,2719,25995
2020-12-25 15:00:00,1033,26636,3.0,482,,,1033,26636,3,482,1036,27031
2020-12-26 15:00:00,1868,28504,8.0,490,,,1868,28504,8,490,1876,28907
2020-12-27 15:00:00,1786,30290,10.0,500,,,1786,30290,10,500,1796,30703
2020-12-28 15:00:00,8934,39224,36.0,536,,,8934,39224,36,536,8970,39673
2020-12-29 15:00:00,10906,50130,37.0,573,,,10906,50130,37,573,10943,50616
2020-12-30 15:00:00,12443,62573,66.0,639,,,12443,62573,66,639,12509,63125
2020-12-31 15:00:00,7498,70071,34.0,673,,,7498,70071,34,673,7532,70657
2021-01-01 15:00:00,2468,72539,106.0,779,,,2468,72539,106,779,2574,73231
2021-01-02 15:00:00,2960,75499,34.0,813,,,2960,75499,34,813,2994,76225
2021-01-03 15:00:00,3359,78858,79.0,892,,,3359,78858,79,892,3438,79663
2021-01-04 15:00:00,13242,92100,310.0,1202,,,13242,92100,310,1202,13552,93215
2021-01-05 15:00:00,12376,104476,505.0,1707,,,12376,104476,505,1707,12881,106096
2021-01-06 15:00:00,15143,119619,833.0,2540,,,15143,119619,833,2540,15976,122072
2021-01-07 15:00:00,14936,134555,1723.0,4263,,,14936,134555,1723,4263,16659,138731
2021-01-08 15:00:00,23923,158478,2733.0,6996,,,23923,158478,2733,6996,26656,165387
2021-01-09 15:00:00,5121,163599,941.0,7937,,,5121,163599,941,7937,6062,171449
2021-01-10 15:00:00,2909,166508,368.0,8305,,,2909,166508,368,8305,3277,174726
2021-01-11 15:00:00,13659,180167,3416.0,11721,,,13659,180167,3416,11721,17075,191801
2021-01-12 15:00:00,17261,197428,5576.0,17297,,,17261,197428,5576,17297,22837,214638
2021-01-13 15:00:00,18486,215914,3856.0,21153,,,18486,215914,3856,21153,22342,236980
2021-01-14 15:00:00,17814,233728,1913.0,23066,,,17814,233728,1913,23066,19727,256707
2021-01-15 15:00:00,19442,253170,1954.0,25020,,,19442,253170,1954,25020,21396,278103
2021-01-16 15:00:00,5764,258934,1576.0,26596,,,5764,258934,1576,26596,7340,285443
2021-01-17 15:00:00,2090,261024,1462.0,28058,,,2090,261024,1462,28058,3552,288995
2021-01-18 15:00:00,7026,268050,3227.0,31285,,,7026,268050,3227,31285,10253,299248
2021-01-19 15:00:00,17136,285186,5330.0,36615,,,17136,285186,5330,36615,22466,321714
2021-01-20 15:00:00,21213,306399,5237.0,41852,,,21213,306399,5237,41852,26450,348164
2021-01-21 15:00:00,23793,330192,3674.0,45526,,,23793,330192,3674,45526,27467,375631
2021-01-22 15:00:00,28814,359006,3582.0,49108,,,28814,359006,3582,49108,32396,408027
2021-01-23 15:00:00,10033,369039,1894.0,51002,,,10033,369039,1894,51002,11927,419954
2021-01-24 15:00:00,3323,372362,1704.0,52706,,,3323,372362,1704,52706,5027,424981
2021-01-25 15:00:00,16596,388958,8499.0,61205,,,16596,388958,8499,61205,25095,450076
2021-01-26 15:00:00,17863,406821,8877.0,70082,,,17863,406821,8877,70082,26740,476816
2021-01-27 15:00:00,25034,431855,12375.0,82457,,,25034,431855,12375,82457,37409,514225
2021-01-28 15:00:00,23273,455128,9207.0,91664,,,23273,455128,9207,91664,32480,546705
2021-01-29 15:00:00,25503,480631,7796.0,99460,,,25503,480631,7796,99460,33299,580004
2021-01-30 15:00:00,18419,499050,2483.0,101943,,,18419,499050,2483,101943,20902,600906
2021-01-31 15:00:00,4107,503157,1304.0,103247,,,4107,503157,1304,103247,5411,606317
2021-02-01 15:00:00,7641,510798,4998.0,108245,,,7641,510798,4998,108245,12639,618956
2021-02-02 15:00:00,12791,523589,13712.0,121957,,,12791,523589,13712,121957,26503,645459
2021-02-03 15:00:00,18675,542264,18033.0,139990,,,18675,542264,18033,139990,36708,682167
2021-02-04 15:00:00,22443,564707,15721.0,155711,,,22443,564707,15721,155711,38164,720331
2021-02-05 15:00:00,20512,585219,17401.0,173112,,,20512,585219,17401,173112,37913,758244
2021-02-06 15:00:00,12110,597329,14405.0,187517,,,12110,597329,14405,187517,26515,784759
2021-02-07 15:00:00,5956,603285,1766.0,189283,,,5956,603285,1766,189283,7722,792481
2021-02-08 15:00:00,13274,616559,13083.0,202366,,,13274,616559,13083,202366,26357,818838
2021-02-09 15:00:00,16694,633253,13995.0,216361,,,16694,633253,13995,216361,30689,849527
2021-02-10 15:00:00,19282,652535,21372.0,237733,,,19282,652535,21372,237733,40654,890181
2021-02-11 15:00:00,22858,675393,17493.0,255226,,,22858,675393,17493,255226,40351,930532
2021-02-12 15:00:00,20320,695713,19852.0,275078,,,20320,695713,19852,275078,40172,970704
2021-02-13 15:00:00,11363,707076,6339.0,281417,,,11363,707076,6339,281417,17702,988406
2021-02-14 15:00:00,7078,714154,2068.0,283485,,,7078,714154,2068,283485,9146,997552
2021-02-15 15:00:00,11707,725861,13211.0,296696,,,11707,725861,13211,296696,24918,1022470
2021-02-16 15:00:00,16561,742422,21660.0,318356,,,16561,742422,21660,318356,38221,1060691
2021-02-17 15:00:00,20615,763037,27118.0,345474,,,20615,763037,27118,345474,47733,1108424
2021-02-18 15:00:00,3159,766196,4720.0,350194,,,3159,766196,4720,350194,7879,1116303
2021-02-19 15:00:00,10256,776452,20401.0,370595,,,10256,776452,20401,370595,30657,1146960
2021-02-20 15:00:00,10300,786752,20858.0,391453,,,10300,786752,20858,391453,31158,1178118
2021-02-21 15:00:00,6153,792905,7929.0,399382,,,6153,792905,7929,399382,14082,1192200
2021-02-22 15:00:00,8084,800989,15881.0,415263,,,8084,800989,15881,415263,23965,1216165
2021-02-23 15:00:00,15579,816568,16462.0,431725,,,15579,816568,16462,431725,32041,1248206
2021-02-24 15:00:00,17967,834535,25136.0,456861,,,17967,834535,25136,456861,43103,1291309
2021-02-25 15:00:00,20418,854953,26865.0,483726,,,20418,854953,26865,483726,47283,1338592
2021-02-26 15:00:00,26809,881762,26453.0,510179,,,26809,881762,26453,510179,53262,1391854
2021-02-27 15:00:00,16088,897850,11685.0,521864,,,16088,897850,11685,521864,27773,1419627
2021-02-28 15:00:00,15493,913343,4806.0,526670,,,15493,913343,4806,526670,20299,1439926
2021-03-01 15:00:00,25992,939335,12540.0,539210,,,25992,939335,12540,539210,38532,1478458
2021-03-02 15:00:00,23996,963331,13308.0,552518,31.0,31.0,24027,963362,13339,552549,37335,1515793
2021-03-03 15:00:00,30217,993548,18363.0,570881,173.0,204.0,30390,993752,18536,571085,48753,1564546
2021-03-04 15:00:00,31092,1024640,18112.0,588993,4061.0,4265.0,35153,1028905,22173,593258,53265,1617811
2021-03-05 15:00:00,29572,1054212,19365.0,608358,4908.0,9173.0,34480,1063385,24273,617531,53845,1671656
2021-03-06 15:00:00,17767,1071979,8904.0,617262,5993.0,15166.0,23760,1087145,14897,632428,32664,1704320
2021-03-07 15:00:00,12060,1084039,4794.0,622056,6609.0,21775.0,18669,1105814,11403,643831,23463,1727783
2021-03-08 15:00:00,26178,1110217,8756.0,630812,8282.0,30057.0,34460,1140274,17038,660869,43216,1770999
2021-03-09 15:00:00,26383,1136600,15377.0,646189,8341.0,38398.0,34724,1174998,23718,684587,50101,1821100
2021-03-10 15:00:00,30125,1166725,15899.0,662088,7939.0,46337.0,38064,1213062,23838,708425,53963,1875063
2021-03-11 15:00:00,36201,1202926,16378.0,678466,4039.0,50376.0,40240,1253302,20417,728842,56618,1931681
2021-03-12 15:00:00,37166,1240092,17991.0,696457,2918.0,53294.0,40084,1293386,20909,749751,58075,1989756
2021-03-13 15:00:00,22589,1262681,10197.0,706654,1601.0,54895.0,24190,1317576,11798,761549,34387,2024143
2021-03-14 15:00:00,17814,1280495,6653.0,713307,993.0,55888.0,18807,1336383,7646,769195,25460,2049603
2021-03-15 15:00:00,29968,1310463,11309.0,724616,601.0,56489.0,30569,1366952,11910,781105,41878,2091481
2021-03-16 15:00:00,33604,1344067,13533.0,738149,765.0,57254.0,34369,1401321,14298,795403,47902,2139383
2021-03-17 15:00:00,37712,1381779,16963.0,755112,1180.0,58434.0,38892,1440213,18143,813546,55855,2195238
2021-03-18 15:00:00,41479,1423258,12596.0,767708,1358.0,59792.0,42837,1483050,13954,827500,55433,2250671
2021-03-19 15:00:00,38322,1461580,15568.0,783276,1044.0,60836.0,39366,1522416,16612,844112,54934,2305605
2021-03-20 15:00:00,24534,1486114,10018.0,793294,1122.0,61958.0,25656,1548072,11140,855252,35674,2341279
2021-03-21 15:00:00,19094,1505208,7790.0,801084,330.0,62288.0,19424,1567496,8120,863372,27214,2368493
2021-03-22 15:00:00,32561,1537769,11625.0,812709,830.0,63118.0,33391,1600887,12455,875827,45016,2413509
2021-03-23 15:00:00,37781,1575550,17463.0,830172,1545.0,64663.0,39326,1640213,19008,894835,56789,2470298
2021-03-24 15:00:00,41152,1616702,21182.0,851354,1375.0,66038.0,42527,1682740,22557,917392,63709,2534007
2021-03-25 15:00:00,42467,1659169,21030.0,872384,2514.0,68552.0,44981,1727721,23544,940936,66011,2600018
2021-03-26 15:00:00,36602,1695771,26454.0,898838,2498.0,71050.0,39100,1766821,28952,969888,65554,2665572
2021-03-27 15:00:00,27741,1723512,16853.0,915691,2765.0,73815.0,30506,1797327,19618,989506,47359,2712931
2021-03-28 15:00:00,16983,1740495,12559.0,928250,1615.0,75430.0,18598,1815925,14174,1003680,31157,2744088
2021-03-29 15:00:00,29694,1770189,26498.0,954748,1135.0,76565.0,30829,1846754,27633,1031313,57327,2801415
2021-03-30 15:00:00,40007,1810196,29155.0,983903,1848.0,78413.0,41855,1888609,31003,1062316,71010,2872425
2021-03-31 15:00:00,41014,1851210,34845.0,1018748,5743.0,84156.0,46757,1935366,40588,1102904,81602,2954027
2021-04-01 15:00:00,40648,1891858,39802.0,1058550,5613.0,89769.0,46261,1981627,45415,1148319,86063,3040090
2021-04-02 15:00:00,34939,1926797,32725.0,1091275,6098.0,95867.0,41037,2022664,38823,1187142,73762,3113852
2021-04-03 15:00:00,21558,1948355,18623.0,1109898,4361.0,100228.0,25919,2048583,22984,1210126,44542,3158394
2021-04-04 15:00:00,8211,1956566,10139.0,1120037,960.0,101188.0,9171,2057754,11099,1221225,19310,3177704
2021-04-05 15:00:00,27919,1984485,29066.0,1149103,6638.0,107826.0,34557,2092311,35704,1256929,63623,3241327
2021-04-06 15:00:00,39836,2024321,30554.0,1179657,10477.0,118303.0,50313,2142624,41031,1297960,80867,3322194
2021-04-07 15:00:00,36123,2060444,34273.0,1213930,12948.0,131251.0,49071,2191695,47221,1345181,83344,3405538
2021-04-08 15:00:00,42364,2102808,36055.0,1249985,13849.0,145100.0,56213,2247908,49904,1395085,92268,3497806
2021-04-09 15:00:00,34087,2136895,36333.0,1286318,14496.0,159596.0,48583,2296491,50829,1445914,84916,3582722
2021-04-10 15:00:00,23928,2160823,23002.0,1309320,7613.0,167209.0,31541,2328032,30615,1476529,54543,3637265
2021-04-11 15:00:00,17534,2178357,13229.0,1322549,10624.0,177833.0,28158,2356190,23853,1500382,41387,3678652
2021-04-12 15:00:00,24619,2202976,33122.0,1355671,10916.0,188749.0,35535,2391725,44038,1544420,68657,3747309
2021-04-13 15:00:00,126862,2329838,90650.0,1446321,3292.0,192041.0,130154,2521879,93942,1638362,220804,3968113
2021-04-14 15:00:00,40771,2370609,37846.0,1484167,207.0,192248.0,40978,2562857,38053,1676415,78824,4046937
2021-04-15 15:00:00,41795,2412404,39246.0,1523413,169.0,192417.0,41964,2604821,39415,1715830,81210,4128147
2021-04-16 15:00:00,37312,2449716,38763.0,1562176,22.0,192439.0,37334,2642155,38785,1754615,76097,4204244
2021-04-17 15:00:00,32902,2482618,21914.0,1584090,12.0,192451.0,32914,2675069,21926,1776541,54828,4259072
2021-04-18 15:00:00,20047,2502665,16158.0,1600248,5.0,192456.0,20052,2695121,16163,1792704,36210,4295282
2021-04-19 15:00:00,29959,2532624,36528.0,1636776,61.0,192517.0,30020,2725141,36589,1829293,66548,4361830
2021-04-20 15:00:00,33129,2565753,44112.0,1680888,54.0,192571.0,33183,2758324,44166,1873459,77295,4439125
2021-04-21 15:00:00,39820,2605573,46869.0,1727757,21.0,192592.0,39841,2798165,46890,1920349,86710,4525835
2021-04-22 15:00:00,36409,2641982,41923.0,1769680,16.0,192608.0,36425,2834590,41939,1962288,78348,4604183
2021-04-23 15:00:00,33153,2675135,39992.0,1809672,12.0,192620.0,33165,2867755,40004,2002292,73157,4677340
2021-04-24 15:00:00,26367,2701502,28580.0,1838252,80.0,192700.0,26447,2894202,28660,2030952,55027,4732367
2021-04-25 15:00:00,20201,2721703,10894.0,1849146,30.0,192730.0,20231,2914433,10924,2041876,31125,4763492
2021-04-26 15:00:00,27410,2749113,32744.0,1881890,203.0,192933.0,27613,2942046,32947,2074823,60357,4823849
2021-04-27 15:00:00,26719,2775832,33031.0,1914921,1096.0,194029.0,27815,2969861,34127,2108950,60846,4884695
2021-04-28 15:00:00,28984,2804816,39474.0,1954395,1362.0,195391.0,30346,3000207,40836,2149786,69820,4954515
2021-04-29 15:00:00,27385,2832201,39434.0,1993829,1462.0,196853.0,28847,3029054,40896,2190682,68281,5022796
2021-04-30 15:00:00,28230,2860431,32130.0,2025959,1640.0,198493.0,29870,3058924,33770,2224452,62000,5084796
2021-05-01 15:00:00,20324,2880755,26717.0,2052676,1016.0,199509.0,21340,3080264,27733,2252185,48057,5132853
2021-05-02 15:00:00,10260,2891015,16983.0,2069659,818.0,200327.0,11078,3091342,17801,2269986,28061,5160914
2021-05-03 15:00:00,13075,2904090,29727.0,2099386,1914.0,202241.0,14989,3106331,31641,2301627,44716,5205630
2021-05-04 15:00:00,14218,2918308,39526.0,2138912,1732.0,203973.0,15950,3122281,41258,2342885,55476,5261106
2021-05-05 15:00:00,19324,2937632,37762.0,2176674,1917.0,205890.0,21241,3143522,39679,2382564,59003,5320109
2021-05-06 15:00:00,16980,2954612,40571.0,2217245,1711.0,207601.0,18691,3162213,42282,2424846,59262,5379371
2021-05-07 15:00:00,17402,2972014,36027.0,2253272,1958.0,209559.0,19360,3181573,37985,2462831,55387,5434758
2021-05-08 15:00:00,10780,2982794,31137.0,2284409,1292.0,210851.0,12072,3193645,32429,2495260,43209,5477967
2021-05-09 15:00:00,5045,2987839,11883.0,2296292,695.0,211546.0,5740,3199385,12578,2507838,17623,5495590
2021-05-10 15:00:00,8948,2996787,31103.0,2327395,1356.0,212902.0,10304,3209689,32459,2540297,41407,5536997
2021-05-11 15:00:00,12194,3008981,30282.0,2357677,1443.0,214345.0,13637,3223326,31725,2572022,43919,5580916
2021-05-12 15:00:00,13919,3022900,38560.0,2396237,1911.0,216256.0,15830,3239156,40471,2612493,54390,5635306
2021-05-13 15:00:00,21823,3044723,33385.0,2429622,1352.0,217608.0,23175,3262331,34737,2647230,56560,5691866
2021-05-14 15:00:00,24325,3069048,29966.0,2459588,1771.0,219379.0,26096,3288427,31737,2678967,56062,5747928
2021-05-15 15:00:00,21848,3090896,25008.0,2484596,1532.0,220911.0,23380,3311807,26540,2705507,48388,5796316
2021-05-16 15:00:00,9058,3099954,17509.0,2502105,1112.0,222023.0,10170,3321977,18621,2724128,27679,5823995
2021-05-17 15:00:00,16848,3116802,28367.0,2530472,1948.0,223971.0,18796,3340773,30315,2754443,47163,5871158
2021-05-18 15:00:00,21250,3138052,30681.0,2561153,1947.0,225918.0,23197,3363970,32628,2787071,53878,5925036
2021-05-19 15:00:00,27582,3165634,32368.0,2593521,1624.0,227542.0,29206,3393176,33992,2821063,61574,5986610
2021-05-20 15:00:00,20784,3186418,33255.0,2626776,1966.0,229508.0,22750,3415926,35221,2856284,56005,6042615
2021-05-21 15:00:00,19124,3205542,30226.0,2657002,1610.0,231118.0,20734,3436660,31836,2888120,50960,6093575
2021-05-22 15:00:00,16881,3222423,20600.0,2677602,1269.0,232387.0,18150,3454810,21869,2909989,38750,6132325
2021-05-23 15:00:00,8740,3231163,11413.0,2689015,962.0,233349.0,9702,3464512,12375,2922364,21115,6153440
2021-05-24 15:00:00,13464,3244627,17865.0,2706880,1481.0,234830.0,14945,3479457,19346,2941710,32810,6186250
2021-05-25 15:00:00,12892,3257519,18770.0,2725650,1328.0,236158.0,14220,3493677,20098,2961808,32990,6219240
2021-05-26 15:00:00,18268,3275787,19440.0,2745090,1508.0,237666.0,19776,3513453,20948,2982756,39216,6258456
2021-05-27 15:00:00,11681,3287468,18629.0,2763719,1133.0,238799.0,12814,3526267,19762,3002518,31443,6289899
2021-05-28 15:00:00,12470,3299938,19730.0,2783449,1402.0,240201.0,13872,3540139,21132,3023650,33602,6323501
2021-05-29 15:00:00,9529,3309467,11629.0,2795078,936.0,241137.0,10465,3550604,12565,3036215,22094,6345595
2021-05-30 15:00:00,4895,3314362,6473.0,2801551,596.0,241733.0,5491,3556095,7069,3043284,11964,6357559
2021-05-31 15:00:00,1770,3316132,3688.0,2805239,304.0,242037.0,2074,3558169,3992,3047276,5762,6363321
2021-06-01 15:00:00,9382,3325514,16598.0,2821837,1144.0,243181.0,10526,3568695,17742,3065018,27124,6390445
2021-06-02 15:00:00,10136,3335650,16814.0,2838651,958.0,244139.0,11094,3579789,17772,3082790,27908,6418353
2021-06-03 15:00:00,7887,3343537,21169.0,2859820,1083.0,245222.0,8970,3588759,22252,3105042,30139,6448492
2021-06-04 15:00:00,8211,3351748,22179.0,2881999,1123.0,246345.0,9334,3598093,23302,3128344,31513,6480005
2021-06-05 15:00:00,6985,3358733,19375.0,2901374,718.0,247063.0,7703,3605796,20093,3148437,27078,6507083
2021-06-06 15:00:00,3461,3362194,7183.0,2908557,420.0,247483.0,3881,3609677,7603,3156040,11064,6518147
2021-06-07 15:00:00,6825,3369019,15720.0,2924277,725.0,248208.0,7550,3617227,16445,3172485,23270,6541417
2021-06-08 15:00:00,6682,3375701,19692.0,2943969,816.0,249024.0,7498,3624725,20508,3192993,27190,6568607
2021-06-09 15:00:00,8196,3383897,23839.0,2967808,968.0,249992.0,9164,3633889,24807,3217800,33003,6601610
2021-06-10 15:00:00,7165,3391062,19076.0,2986884,898.0,250890.0,8063,3641952,19974,3237774,27139,6628749
2021-06-11 15:00:00,7434,3398496,17653.0,3004537,1125.0,252015.0,8559,3650511,18778,3256552,26212,6654961
2021-06-12 15:00:00,5235,3403731,14684.0,3019221,603.0,252618.0,5838,3656349,15287,3271839,20522,6675483
2021-06-13 15:00:00,1928,3405659,7554.0,3026775,426.0,253044.0,2354,3658703,7980,3279819,9908,6685391
2021-06-14 15:00:00,5651,3411310,11783.0,3038558,727.0,253771.0,6378,3665081,12510,3292329,18161,6703552
2021-06-15 15:00:00,5641,3416951,14311.0,3052869,860.0,254631.0,6501,3671582,15171,3307500,20812,6724364
2021-06-16 15:00:00,8717,3425668,21500.0,3074369,754.0,255385.0,9471,3681053,22254,3329754,30971,6755335
2021-06-17 15:00:00,6673,3432341,12366.0,3086735,720.0,256105.0,7393,3688446,13086,3342840,19759,6775094
2021-06-18 15:00:00,6852,3439193,12652.0,3099387,703.0,256808.0,7555,3696001,13355,3356195,20207,6795301
2021-06-19 15:00:00,4656,3443849,9344.0,3108731,614.0,257422.0,5270,3701271,9958,3366153,14614,6809915
2021-06-20 15:00:00,2500,3446349,5024.0,3113755,377.0,257799.0,2877,3704148,5401,3371554,7901,6817816
2021-06-21 15:00:00,5542,3451891,5310.0,3119065,636.0,258435.0,6178,3710326,5946,3377500,11488,6829304
2021-06-22 15:00:00,5202,3457093,8853.0,3127918,682.0,259117.0,5884,3716210,9535,3387035,14737,6844041
2021-06-23 15:00:00,6060,3463153,10274.0,3138192,641.0,259758.0,6701,3722911,10915,3397950,16975,6861016
2021-06-24 15:00:00,5923,3469076,8185.0,3146377,593.0,260351.0,6516,3729427,8778,3406728,14701,6875717
2021-06-25 15:00:00,5814,3474890,8604.0,3154981,620.0,260971.0,6434,3735861,9224,3415952,15038,6890755
2021-06-26 15:00:00,3701,3478591,6272.0,3161253,395.0,261366.0,4096,3739957,6667,3422619,10368,6901123
2021-06-27 15:00:00,2796,3481387,3530.0,3164783,182.0,261548.0,2978,3742935,3712,3426331,6508,6907631
2021-06-28 15:00:00,4727,3486114,6092.0,3170875,521.0,262069.0,5248,3748183,6613,3432944,11340,6918971
2021-06-29 15:00:00,5075,3491189,6490.0,3177365,517.0,262586.0,5592,3753775,7007,3439951,12082,6931053
2021-06-30 15:00:00,5592,3496781,7394.0,3184759,604.0,263190.0,6196,3759971,7998,3447949,13590,6944643
2021-07-01 15:00:00,5300,3502081,6922.0,3191681,487.0,263677.0,5787,3765758,7409,3455358,12709,6957352
2021-07-02 15:00:00,5272,3507353,6821.0,3198502,519.0,264196.0,5791,3771549,7340,3462698,12612,6969964
2021-07-03 15:00:00,3257,3510610,4062.0,3202564,260.0,264456.0,3517,3775066,4322,3467020,7579,6977543
2021-07-04 15:00:00,490,3511100,540.0,3203104,66.0,264522.0,556,3775622,606,3467626,1096,6978639
2021-07-05 15:00:00,3749,3514849,3958.0,3207062,282.0,264804.0,4031,3779653,4240,3471866,7989,6986628
2021-07-06 15:00:00,4457,3519306,6207.0,3213269,450.0,265254.0,4907,3784560,6657,3478523,11114,6997742
2021-07-07 15:00:00,4457,3523763,6359.0,3219628,480.0,265734.0,4937,3789497,6839,3485362,11296,7009038
2021-07-08 15:00:00,4818,3528581,6108.0,3225736,562.0,266296.0,5380,3794877,6670,3492032,11488,7020526
2021-07-09 15:00:00,5343,3533924,6603.0,3232339,571.0,266867.0,5914,3800791,7174,3499206,12517,7033043
2021-07-10 15:00:00,3507,3537431,4368.0,3236707,302.0,267169.0,3809,3804600,4670,3503876,8177,7041220
2021-07-11 15:00:00,2664,3540095,2547.0,3239254,223.0,267392.0,2887,3807487,2770,3506646,5434,7046654
2021-07-12 15:00:00,4403,3544498,5100.0,3244354,375.0,267767.0,4778,3812265,5475,3512121,9878,7056532
2021-07-13 15:00:00,4736,3549234,4582.0,3248936,363.0,268130.0,5099,3817364,4945,3517066,9681,7066213
2021-07-14 15:00:00,4594,3553828,5237.0,3254173,420.0,268550.0,5014,3822378,5657,3522723,10251,7076464
2021-07-15 15:00:00,4864,3558692,4969.0,3259142,356.0,268906.0,5220,3827598,5325,3528048,10189,7086653
2021-07-16 15:00:00,6265,3564957,5807.0,3264949,400.0,269306.0,6665,3834263,6207,3534255,12472,7099125
2021-07-17 15:00:00,3401,3568358,3547.0,3268496,299.0,269605.0,3700,3837963,3846,3538101,7247,7106372
2021-07-18 15:00:00,2297,3570655,2368.0,3270864,110.0,269715.0,2407,3840370,2478,3540579,4775,7111147
2021-07-19 15:00:00,5224,3575879,4459.0,3275323,375.0,270090.0,5599,3845969,4834,3545413,10058,7121205
2021-07-20 15:00:00,5319,3581198,4682.0,3280005,366.0,270456.0,5685,3851654,5048,3550461,10367,7131572
2021-07-21 15:00:00,5620,3586818,4929.0,3284934,414.0,270870.0,6034,3857688,5343,3555804,10963,7142535
2021-07-22 15:00:00,5989,3592807,4633.0,3289567,407.0,271277.0,6396,3864084,5040,3560844,11029,7153564
2021-07-23 15:00:00,6821,3599628,4859.0,3294426,490.0,271767.0,7311,3871395,5349,3566193,12170,7165734
2021-07-24 15:00:00,4269,3603897,3203.0,3297629,266.0,272033.0,4535,3875930,3469,3569662,7738,7173472
2021-07-25 15:00:00,3290,3607187,1119.0,3298748,138.0,272171.0,3428,3879358,1257,3570919,4547,7178019
2021-07-26 15:00:00,6187,3613374,3906.0,3302654,411.0,272582.0,6598,3885956,4317,3575236,10504,7188523
2021-07-27 15:00:00,6339,3619713,4066.0,3306720,450.0,273032.0,6789,3892745,4516,3579752,10855,7199378
2021-07-28 15:00:00,6791,3626504,4014.0,3310734,458.0,273490.0,7249,3899994,4472,3584224,11263,7210641
2021-07-29 15:00:00,6793,3633297,4152.0,3314886,410.0,273900.0,7203,3907197,4562,3588786,11355,7221996
2021-07-30 15:00:00,7510,3640807,4534.0,3319420,520.0,274420.0,8030,3915227,5054,3593840,12564,7234560
2021-07-31 15:00:00,4777,3645584,3046.0,3322466,272.0,274692.0,5049,3920276,3318,3597158,8095,7242655
2021-08-01 15:00:00,3757,3649341,2086.0,3324552,153.0,274845.0,3910,3924186,2239,3599397,5996,7248651
2021-08-02 15:00:00,7000,3656341,3659.0,3328211,332.0,275177.0,7332,3931518,3991,3603388,10991,7259642
2021-08-03 15:00:00,6972,3663313,3908.0,3332119,502.0,275679.0,7474,3938992,4410,3607798,11382,7271024
2021-08-04 15:00:00,7145,3670458,3899.0,3336018,527.0,276206.0,7672,3946664,4426,3612224,11571,7282595
2021-08-05 15:00:00,7636,3678094,4114.0,3340132,535.0,276741.0,8171,3954835,4649,3616873,12285,7294880
2021-08-06 15:00:00,8257,3686351,4712.0,3344844,448.0,277189.0,8705,3963540,5160,3622033,13417,7308297
2021-08-07 15:00:00,5238,3691589,2797.0,3347641,262.0,277451.0,5500,3969040,3059,3625092,8297,7316594
2021-08-08 15:00:00,3937,3695526,2046.0,3349687,140.0,277591.0,4077,3973117,2186,3627278,6123,7322717
2021-08-09 15:00:00,6894,3702420,4506.0,3354193,361.0,277952.0,7255,3980372,4867,3632145,11761,7334478
2021-08-10 15:00:00,7095,3709515,4445.0,3358638,335.0,278287.0,7430,3987802,4780,3636925,11875,7346353
2021-08-11 15:00:00,7017,3716532,4420.0,3363058,438.0,278725.0,7455,3995257,4858,3641783,11875,7358228
2021-08-12 15:00:00,8551,3725083,4693.0,3367751,438.0,279163.0,8989,4004246,5131,3646914,13682,7371910
2021-08-13 15:00:00,7094,3732177,5352.0,3373103,387.0,279550.0,7481,4011727,5739,3652653,12833,7384743
2021-08-14 15:00:00,4913,3737090,3339.0,3376442,284.0,279834.0,5197,4016924,3623,3656276,8536,7393279
2021-08-15 15:00:00,3315,3740405,2731.0,3379173,163.0,279997.0,3478,4020402,2894,3659170,6209,7399488
2021-08-16 15:00:00,5394,3745799,5059.0,3384232,348.0,280345.0,5742,4026144,5407,3664577,10801,7410289
2021-08-17 15:00:00,6926,3752725,5184.0,3389416,387.0,280732.0,7313,4033457,5571,3670148,12497,7422786
2021-08-18 15:00:00,6488,3759213,5283.0,3394699,465.0,281197.0,6953,4040410,5748,3675896,12236,7435022
2021-08-19 15:00:00,5964,3765177,5313.0,3400012,409.0,281606.0,6373,4046783,5722,3681618,11686,7446708
2021-08-20 15:00:00,7008,3772185,6305.0,3406317,400.0,282006.0,7408,4054191,6705,3688323,13713,7460421
2021-08-21 15:00:00,4305,3776490,3916.0,3410233,223.0,282229.0,4528,4058719,4139,3692462,8444,7468865
2021-08-22 15:00:00,3058,3779548,3157.0,3413390,109.0,282338.0,3167,4061886,3266,3695728,6324,7475189
2021-08-23 15:00:00,6140,3785688,5904.0,3419294,284.0,282622.0,6424,4068310,6188,3701916,12328,7487517
2021-08-24 15:00:00,6621,3792309,5854.0,3425148,424.0,283046.0,7045,4075355,6278,3708194,12899,7500416
2021-08-25 15:00:00,6870,3799179,5994.0,3431142,436.0,283482.0,7306,4082661,6430,3714624,13300,7513716
2021-08-26 15:00:00,7152,3806331,6391.0,3437533,427.0,283909.0,7579,4090240,6818,3721442,13970,7527686
2021-08-27 15:00:00,6827,3813158,6980.0,3444513,314.0,284223.0,7141,4097381,7294,3728736,14121,7541807
2021-08-28 15:00:00,6901,3820059,6468.0,3450981,324.0,284547.0,7225,4104606,6792,3735528,13693,7555500
2021-08-29 15:00:00,3743,3823802,3670.0,3454651,611.0,285158.0,4354,4108960,4281,3739809,8024,7563524
2021-08-30 15:00:00,5933,3829735,6071.0,3460722,947.0,286105.0,6880,4115840,7018,3746827,12951,7576475
2021-08-31 15:00:00,5667,3835402,5914.0,3466636,945.0,287050.0,6612,4122452,6859,3753686,12526,7589001
2021-09-01 15:00:00,5513,3840915,5557.0,3472193,899.0,287949.0,6412,4128864,6456,3760142,11969,7600970
2021-09-02 15:00:00,5524,3846439,5865.0,3478058,699.0,288648.0,6223,4135087,6564,3766706,12088,7613058
2021-09-03 15:00:00,5965,3852404,6850.0,3484908,968.0,289616.0,6933,4142020,7818,3774524,13783,7626841
2021-09-04 15:00:00,3713,3856117,4313.0,3489221,875.0,290491.0,4588,4146608,5188,3779712,8901,7635742
2021-09-05 15:00:00,2885,3859002,2791.0,3492012,105.0,290596.0,2990,4149598,2896,3782608,5781,7641523
2021-09-06 15:00:00,1049,3860051,1139.0,3493151,62.0,290658.0,1111,4150709,1201,3783809,2250,7643773
2021-09-07 15:00:00,5264,3865315,7231.0,3500382,2301.0,292959.0,7565,4158274,9532,3793341,14796,7658569
2021-09-08 15:00:00,4641,3869956,5430.0,3505812,365.0,293324.0,5006,4163280,5795,3799136,10436,7669005
2021-09-09 15:00:00,5050,3875006,5323.0,3511135,321.0,293645.0,5371,4168651,5644,3804780,10694,7679699
2021-09-10 15:00:00,6515,3881521,6568.0,3517703,1709.0,295354.0,8224,4176875,8277,3813057,14792,7694491
2021-09-11 15:00:00,4039,3885560,4323.0,3522026,663.0,296017.0,4702,4181577,4986,3818043,9025,7703516
2021-09-12 15:00:00,3059,3888619,3226.0,3525252,434.0,296451.0,3493,4185070,3660,3821703,6719,7710235
2021-09-13 15:00:00,4657,3893276,4823.0,3530075,345.0,296796.0,5002,4190072,5168,3826871,9825,7720060
2021-09-14 15:00:00,4563,3897839,5193.0,3535268,431.0,297227.0,4994,4195066,5624,3832495,10187,7730247
2021-09-15 15:00:00,4677,3902516,5571.0,3540839,385.0,297612.0,5062,4200128,5956,3838451,10633,7740880
2021-09-16 15:00:00,4562,3907078,5575.0,3546414,328.0,297940.0,4890,4205018,5903,3844354,10465,7751345
2021-09-17 15:00:00,5015,3912093,6303.0,3552717,336.0,298276.0,5351,4210369,6639,3850993,11654,7762999
2021-09-18 15:00:00,3757,3915850,4559.0,3557276,183.0,298459.0,3940,4214309,4742,3855735,8499,7771498
2021-09-19 15:00:00,2722,3918572,3164.0,3560440,75.0,298534.0,2797,4217106,3239,3858974,5961,7777459
2021-09-20 15:00:00,3522,3922094,4443.0,3564883,425.0,298959.0,3947,4221053,4868,3863842,8390,7785849
2021-09-21 15:00:00,3759,3925853,4785.0,3569668,322.0,299281.0,4081,4225134,5107,3868949,8866,7794715
2021-09-22 15:00:00,4155,3930008,4718.0,3574386,454.0,299735.0,4609,4229743,5172,3874121,9327,7804042
2021-09-23 15:00:00,4151,3934159,4667.0,3579053,486.0,300221.0,4637,4234380,5153,3879274,9304,7813346
2021-09-24 15:00:00,5051,3939210,5529.0,3584582,415.0,300636.0,5466,4239846,5944,3885218,10995,7824341
2021-09-25 15:00:00,3590,3942800,3623.0,3588205,384.0,301020.0,3974,4243820,4007,3889225,7597,7831938
2021-09-26 15:00:00,2340,3945140,2596.0,3590801,421.0,301441.0,2761,4246581,3017,3892242,5357,7837295
2021-09-27 15:00:00,4470,3949610,2681.0,3593482,506.0,301947.0,4976,4251557,3187,3895429,7657,7844952
2021-09-28 15:00:00,4371,3953981,4363.0,3597845,210.0,302157.0,4581,4256138,4573,3900002,8944,7853896
2021-09-29 15:00:00,4684,3958665,4465.0,3602310,915.0,303072.0,5599,4261737,5380,3905382,10064,7863960
2021-09-30 15:00:00,4843,3963508,4493.0,3606803,786.0,303858.0,5629,4267366,5279,3910661,10122,7874082
2021-10-01 15:00:00,5340,3968848,5227.0,3612030,761.0,304619.0,6101,4273467,5988,3916649,11328,7885410
2021-10-02 15:00:00,2881,3971729,2864.0,3614894,184.0,304803.0,3065,4276532,3048,3919697,5929,7891339
2021-10-03 15:00:00,2027,3973756,2166.0,3617060,71.0,304874.0,2098,4278630,2237,3921934,4264,7895603
2021-10-04 15:00:00,4097,3977853,3337.0,3620397,224.0,305098.0,4321,4282951,3561,3925495,7658,7903261
2021-10-05 15:00:00,3987,3981840,3502.0,3623899,201.0,305299.0,4188,4287139,3703,3929198,7690,7910951
2021-10-06 15:00:00,3897,3985737,3244.0,3627143,252.0,305551.0,4149,4291288,3496,3932694,7393,7918344
2021-10-07 15:00:00,4121,3989858,3290.0,3630433,308.0,305859.0,4429,4295717,3598,3936292,7719,7926063
2021-10-08 15:00:00,4613,3994471,3760.0,3634193,263.0,306122.0,4876,4300593,4023,3940315,8636,7934699
2021-10-09 15:00:00,2409,3996880,2394.0,3636587,254.0,306376.0,2663,4303256,2648,3942963,5057,7939756
2021-10-10 15:00:00,1663,3998543,1667.0,3638254,58.0,306434.0,1721,4304977,1725,3944688,3388,7943144
2021-10-11 15:00:00,4051,4002594,2924.0,3641178,222.0,306656.0,4273,4309250,3146,3947834,7197,7950341
2021-10-12 15:00:00,3403,4005997,3016.0,3644194,244.0,306900.0,3647,4312897,3260,3951094,6663,7957004
2021-10-13 15:00:00,3666,4009663,3192.0,3647386,293.0,307193.0,3959,4316856,3485,3954579,7151,7964155
2021-10-14 15:00:00,4826,4014489,5200.0,3652586,345.0,307538.0,5171,4322027,5545,3960124,10371,7974526
2021-10-15 15:00:00,4289,4018778,4165.0,3656751,238.0,307776.0,4527,4326554,4403,3964527,8692,7983218
2021-10-16 15:00:00,2119,4020897,2151.0,3658902,251.0,308027.0,2370,4328924,2402,3966929,4521,7987739
2021-10-17 15:00:00,1572,4022469,1604.0,3660506,42.0,308069.0,1614,4330538,1646,3968575,3218,7990957
2021-10-18 15:00:00,1410,4023879,1347.0,3661853,135.0,308204.0,1545,4332083,1482,3970057,2892,7993849
