VACCINATION_DATE,FirstDailyDose,FirstDoseCumulative,SecondDailyDose,SecondDoseCumulative,SingleDailyDose,SingleDoseCumulative,AtleastOneVaccine,AtleastOneVaccineCumulative,CompletedVax,CompletedVaxCumulative,FirstSecondSingleVaccinations,FirstSecondSingleVaccinationsCumulative
2020-12-14 15:00:00,18,985,,387,,,18,985,0,387,18,1288
2020-12-15 15:00:00,52,1037,2.0,389,,,52,1037,2,389,54,1342
2020-12-16 15:00:00,575,1612,2.0,391,,,575,1612,2,391,577,1919
2020-12-17 15:00:00,1141,2753,2.0,393,,,1141,2753,2,393,1143,3062
2020-12-18 15:00:00,3014,5767,11.0,404,,,3014,5767,11,404,3025,6087
2020-12-19 15:00:00,927,6694,5.0,409,,,927,6694,5,409,932,7019
2020-12-20 15:00:00,333,7027,4.0,413,,,333,7027,4,413,337,7356
2020-12-21 15:00:00,3857,10884,18.0,431,,,3857,10884,18,431,3875,11231
2020-12-22 15:00:00,6334,17218,17.0,448,,,6334,17218,17,448,6351,17582
2020-12-23 15:00:00,5747,22965,27.0,475,,,5747,22965,27,475,5774,23356
2020-12-24 15:00:00,2708,25673,11.0,486,,,2708,25673,11,486,2719,26075
2020-12-25 15:00:00,1034,26707,3.0,489,,,1034,26707,3,489,1037,27112
2020-12-26 15:00:00,1871,28578,9.0,498,,,1871,28578,9,498,1880,28992
2020-12-27 15:00:00,1789,30367,9.0,507,,,1789,30367,9,507,1798,30790
2020-12-28 15:00:00,8942,39309,39.0,546,,,8942,39309,39,546,8981,39771
2020-12-29 15:00:00,10910,50219,38.0,584,,,10910,50219,38,584,10948,50719
2020-12-30 15:00:00,12455,62674,68.0,652,,,12455,62674,68,652,12523,63242
2020-12-31 15:00:00,7504,70178,34.0,686,,,7504,70178,34,686,7538,70780
2021-01-01 15:00:00,2543,72721,110.0,796,,,2543,72721,110,796,2653,73433
2021-01-02 15:00:00,2971,75692,34.0,830,,,2971,75692,34,830,3005,76438
2021-01-03 15:00:00,3363,79055,79.0,909,,,3363,79055,79,909,3442,79880
2021-01-04 15:00:00,13256,92311,314.0,1223,,,13256,92311,314,1223,13570,93450
2021-01-05 15:00:00,12394,104705,511.0,1734,,,12394,104705,511,1734,12905,106355
2021-01-06 15:00:00,15156,119861,839.0,2573,,,15156,119861,839,2573,15995,122350
2021-01-07 15:00:00,14946,134807,1732.0,4305,,,14946,134807,1732,4305,16678,139028
2021-01-08 15:00:00,23927,158734,2746.0,7051,,,23927,158734,2746,7051,26673,165701
2021-01-09 15:00:00,5128,163862,943.0,7994,,,5128,163862,943,7994,6071,171772
2021-01-10 15:00:00,2917,166779,368.0,8362,,,2917,166779,368,8362,3285,175057
2021-01-11 15:00:00,13670,180449,3425.0,11787,,,13670,180449,3425,11787,17095,192152
2021-01-12 15:00:00,17272,197721,5583.0,17370,,,17272,197721,5583,17370,22855,215007
2021-01-13 15:00:00,18502,216223,3865.0,21235,,,18502,216223,3865,21235,22367,237374
2021-01-14 15:00:00,17828,234051,1921.0,23156,,,17828,234051,1921,23156,19749,257123
2021-01-15 15:00:00,19459,253510,1962.0,25118,,,19459,253510,1962,25118,21421,278544
2021-01-16 15:00:00,5784,259294,1583.0,26701,,,5784,259294,1583,26701,7367,285911
2021-01-17 15:00:00,2098,261392,1463.0,28164,,,2098,261392,1463,28164,3561,289472
2021-01-18 15:00:00,7030,268422,3232.0,31396,,,7030,268422,3232,31396,10262,299734
2021-01-19 15:00:00,17141,285563,5345.0,36741,,,17141,285563,5345,36741,22486,322220
2021-01-20 15:00:00,21227,306790,5246.0,41987,,,21227,306790,5246,41987,26473,348693
2021-01-21 15:00:00,23810,330600,3686.0,45673,,,23810,330600,3686,45673,27496,376189
2021-01-22 15:00:00,28822,359422,3590.0,49263,,,28822,359422,3590,49263,32412,408601
2021-01-23 15:00:00,10043,369465,1900.0,51163,,,10043,369465,1900,51163,11943,420544
2021-01-24 15:00:00,3330,372795,1704.0,52867,,,3330,372795,1704,52867,5034,425578
2021-01-25 15:00:00,16606,389401,8507.0,61374,,,16606,389401,8507,61374,25113,450691
2021-01-26 15:00:00,17868,407269,8900.0,70274,,,17868,407269,8900,70274,26768,477459
2021-01-27 15:00:00,25039,432308,12395.0,82669,,,25039,432308,12395,82669,37434,514893
2021-01-28 15:00:00,23282,455590,9222.0,91891,,,23282,455590,9222,91891,32504,547397
2021-01-29 15:00:00,25515,481105,7809.0,99700,,,25515,481105,7809,99700,33324,580721
2021-01-30 15:00:00,18427,499532,2495.0,102195,,,18427,499532,2495,102195,20922,601643
2021-01-31 15:00:00,4107,503639,1309.0,103504,,,4107,503639,1309,103504,5416,607059
2021-02-01 15:00:00,7693,511332,5060.0,108564,,,7693,511332,5060,108564,12753,619812
2021-02-02 15:00:00,12807,524139,13729.0,122293,,,12807,524139,13729,122293,26536,646348
2021-02-03 15:00:00,18690,542829,18049.0,140342,,,18690,542829,18049,140342,36739,683087
2021-02-04 15:00:00,22467,565296,15734.0,156076,,,22467,565296,15734,156076,38201,721288
2021-02-05 15:00:00,20533,585829,17420.0,173496,,,20533,585829,17420,173496,37953,759241
2021-02-06 15:00:00,12117,597946,14416.0,187912,,,12117,597946,14416,187912,26533,785774
2021-02-07 15:00:00,5960,603906,1776.0,189688,,,5960,603906,1776,189688,7736,793510
2021-02-08 15:00:00,13281,617187,13087.0,202775,,,13281,617187,13087,202775,26368,819878
2021-02-09 15:00:00,16707,633894,14009.0,216784,,,16707,633894,14009,216784,30716,850594
2021-02-10 15:00:00,19301,653195,21378.0,238162,,,19301,653195,21378,238162,40679,891273
2021-02-11 15:00:00,22868,676063,17498.0,255660,,,22868,676063,17498,255660,40366,931639
2021-02-12 15:00:00,20337,696400,19872.0,275532,,,20337,696400,19872,275532,40209,971848
2021-02-13 15:00:00,11373,707773,6346.0,281878,,,11373,707773,6346,281878,17719,989567
2021-02-14 15:00:00,7085,714858,2077.0,283955,,,7085,714858,2077,283955,9162,998729
2021-02-15 15:00:00,11716,726574,13221.0,297176,,,11716,726574,13221,297176,24937,1023666
2021-02-16 15:00:00,16565,743139,21670.0,318846,,,16565,743139,21670,318846,38235,1061901
2021-02-17 15:00:00,20645,763784,27135.0,345981,,,20645,763784,27135,345981,47780,1109681
2021-02-18 15:00:00,3171,766955,4724.0,350705,,,3171,766955,4724,350705,7895,1117576
2021-02-19 15:00:00,10275,777230,20410.0,371115,,,10275,777230,20410,371115,30685,1148261
2021-02-20 15:00:00,10311,787541,20871.0,391986,,,10311,787541,20871,391986,31182,1179443
2021-02-21 15:00:00,6156,793697,7942.0,399928,,,6156,793697,7942,399928,14098,1193541
2021-02-22 15:00:00,8091,801788,15900.0,415828,,,8091,801788,15900,415828,23991,1217532
2021-02-23 15:00:00,15616,817404,16475.0,432303,,,15616,817404,16475,432303,32091,1249623
2021-02-24 15:00:00,17995,835399,25142.0,457445,,,17995,835399,25142,457445,43137,1292760
2021-02-25 15:00:00,20431,855830,26881.0,484326,,,20431,855830,26881,484326,47312,1340072
2021-02-26 15:00:00,26815,882645,26477.0,510803,,,26815,882645,26477,510803,53292,1393364
2021-02-27 15:00:00,16102,898747,11694.0,522497,,,16102,898747,11694,522497,27796,1421160
2021-02-28 15:00:00,15490,914237,4814.0,527311,,,15490,914237,4814,527311,20304,1441464
2021-03-01 15:00:00,26126,940363,12588.0,539899,,,26126,940363,12588,539899,38714,1480178
2021-03-02 15:00:00,24020,964383,13326.0,553225,31.0,31.0,24051,964414,13357,553256,37377,1517555
2021-03-03 15:00:00,30262,994645,18375.0,571600,176.0,207.0,30438,994852,18551,571807,48813,1566368
2021-03-04 15:00:00,31108,1025753,18132.0,589732,4062.0,4269.0,35170,1030022,22194,594001,53302,1619670
2021-03-05 15:00:00,29591,1055344,19388.0,609120,4906.0,9175.0,34497,1064519,24294,618295,53885,1673555
2021-03-06 15:00:00,17789,1073133,8911.0,618031,5994.0,15169.0,23783,1088302,14905,633200,32694,1706249
2021-03-07 15:00:00,12066,1085199,4802.0,622833,6610.0,21779.0,18676,1106978,11412,644612,23478,1729727
2021-03-08 15:00:00,26186,1111385,8773.0,631606,8280.0,30059.0,34466,1141444,17053,661665,43239,1772966
2021-03-09 15:00:00,26408,1137793,15388.0,646994,8338.0,38397.0,34746,1176190,23726,685391,50134,1823100
2021-03-10 15:00:00,30152,1167945,15920.0,662914,7939.0,46336.0,38091,1214281,23859,709250,54011,1877111
2021-03-11 15:00:00,36221,1204166,16403.0,679317,4034.0,50370.0,40255,1254536,20437,729687,56658,1933769
2021-03-12 15:00:00,37184,1241350,18018.0,697335,2922.0,53292.0,40106,1294642,20940,750627,58124,1991893
2021-03-13 15:00:00,22611,1263961,10212.0,707547,1603.0,54895.0,24214,1318856,11815,762442,34426,2026319
2021-03-14 15:00:00,17815,1281776,6659.0,714206,995.0,55890.0,18810,1337666,7654,770096,25469,2051788
2021-03-15 15:00:00,29982,1311758,11330.0,725536,604.0,56494.0,30586,1368252,11934,782030,41916,2093704
2021-03-16 15:00:00,33620,1345378,13578.0,739114,766.0,57260.0,34386,1402638,14344,796374,47964,2141668
2021-03-17 15:00:00,37725,1383103,17005.0,756119,1183.0,58443.0,38908,1441546,18188,814562,55913,2197581
2021-03-18 15:00:00,41504,1424607,12616.0,768735,1358.0,59801.0,42862,1484408,13974,828536,55478,2253059
2021-03-19 15:00:00,38341,1462948,15586.0,784321,1046.0,60847.0,39387,1523795,16632,845168,54973,2308032
2021-03-20 15:00:00,24563,1487511,10046.0,794367,1124.0,61971.0,25687,1549482,11170,856338,35733,2343765
2021-03-21 15:00:00,19103,1506614,7802.0,802169,330.0,62301.0,19433,1568915,8132,864470,27235,2371000
2021-03-22 15:00:00,32577,1539191,11645.0,813814,832.0,63133.0,33409,1602324,12477,876947,45054,2416054
2021-03-23 15:00:00,37787,1576978,17487.0,831301,1550.0,64683.0,39337,1641661,19037,895984,56824,2472878
2021-03-24 15:00:00,41165,1618143,21217.0,852518,1375.0,66058.0,42540,1684201,22592,918576,63757,2536635
2021-03-25 15:00:00,42482,1660625,21063.0,873581,2512.0,68570.0,44994,1729195,23575,942151,66057,2602692
2021-03-26 15:00:00,36624,1697249,26468.0,900049,2499.0,71069.0,39123,1768318,28967,971118,65591,2668283
2021-03-27 15:00:00,27746,1724995,16869.0,916918,2766.0,73835.0,30512,1798830,19635,990753,47381,2715664
2021-03-28 15:00:00,16985,1741980,12575.0,929493,1615.0,75450.0,18600,1817430,14190,1004943,31175,2746839
2021-03-29 15:00:00,29707,1771687,26517.0,956010,1137.0,76587.0,30844,1848274,27654,1032597,57361,2804200
2021-03-30 15:00:00,40023,1811710,29184.0,985194,1848.0,78435.0,41871,1890145,31032,1063629,71055,2875255
2021-03-31 15:00:00,41031,1852741,34871.0,1020065,5742.0,84177.0,46773,1936918,40613,1104242,81644,2956899
2021-04-01 15:00:00,40757,1893498,39900.0,1059965,5623.0,89800.0,46380,1983298,45523,1149765,86280,3043179
2021-04-02 15:00:00,34966,1928464,32749.0,1092714,6101.0,95901.0,41067,2024365,38850,1188615,73816,3116995
2021-04-03 15:00:00,21568,1950032,18632.0,1111346,4363.0,100264.0,25931,2050296,22995,1211610,44563,3161558
2021-04-04 15:00:00,8216,1958248,10144.0,1121490,958.0,101222.0,9174,2059470,11102,1222712,19318,3180876
2021-04-05 15:00:00,27933,1986181,29085.0,1150575,6638.0,107860.0,34571,2094041,35723,1258435,63656,3244532
2021-04-06 15:00:00,39832,2026013,30567.0,1181142,10477.0,118337.0,50309,2144350,41044,1299479,80876,3325408
2021-04-07 15:00:00,36136,2062149,34298.0,1215440,12952.0,131289.0,49088,2193438,47250,1346729,83386,3408794
2021-04-08 15:00:00,42373,2104522,36071.0,1251511,13854.0,145143.0,56227,2249665,49925,1396654,92298,3501092
2021-04-09 15:00:00,34117,2138639,36354.0,1287865,14520.0,159663.0,48637,2298302,50874,1447528,84991,3586083
2021-04-10 15:00:00,23939,2162578,23016.0,1310881,7614.0,167277.0,31553,2329855,30630,1478158,54569,3640652
2021-04-11 15:00:00,17533,2180111,13236.0,1324117,10622.0,177899.0,28155,2358010,23858,1502016,41391,3682043
2021-04-12 15:00:00,24624,2204735,33137.0,1357254,10915.0,188814.0,35539,2393549,44052,1546068,68676,3750719
2021-04-13 15:00:00,126875,2331610,90672.0,1447926,3292.0,192106.0,130167,2523716,93964,1640032,220839,3971558
2021-04-14 15:00:00,40777,2372387,37886.0,1485812,208.0,192314.0,40985,2564701,38094,1678126,78871,4050429
2021-04-15 15:00:00,41802,2414189,39287.0,1525099,171.0,192485.0,41973,2606674,39458,1717584,81260,4131689
2021-04-16 15:00:00,37324,2451513,38782.0,1563881,23.0,192508.0,37347,2644021,38805,1756389,76129,4207818
2021-04-17 15:00:00,32906,2484419,21929.0,1585810,12.0,192520.0,32918,2676939,21941,1778330,54847,4262665
2021-04-18 15:00:00,20042,2504461,16164.0,1601974,5.0,192525.0,20047,2696986,16169,1794499,36211,4298876
2021-04-19 15:00:00,29959,2534420,36545.0,1638519,61.0,192586.0,30020,2727006,36606,1831105,66565,4365441
2021-04-20 15:00:00,33136,2567556,44154.0,1682673,54.0,192640.0,33190,2760196,44208,1875313,77344,4442785
2021-04-21 15:00:00,39821,2607377,46891.0,1729564,21.0,192661.0,39842,2800038,46912,1922225,86733,4529518
2021-04-22 15:00:00,36411,2643788,41954.0,1771518,16.0,192677.0,36427,2836465,41970,1964195,78381,4607899
2021-04-23 15:00:00,33150,2676938,40021.0,1811539,13.0,192690.0,33163,2869628,40034,2004229,73184,4681083
2021-04-24 15:00:00,26371,2703309,28589.0,1840128,80.0,192770.0,26451,2896079,28669,2032898,55040,4736123
2021-04-25 15:00:00,20199,2723508,10902.0,1851030,30.0,192800.0,20229,2916308,10932,2043830,31131,4767254
2021-04-26 15:00:00,27413,2750921,32757.0,1883787,203.0,193003.0,27616,2943924,32960,2076790,60373,4827627
2021-04-27 15:00:00,26753,2777674,33050.0,1916837,1096.0,194099.0,27849,2971773,34146,2110936,60899,4888526
2021-04-28 15:00:00,28981,2806655,39500.0,1956337,1362.0,195461.0,30343,3002116,40862,2151798,69843,4958369
2021-04-29 15:00:00,27379,2834034,39474.0,1995811,1461.0,196922.0,28840,3030956,40935,2192733,68314,5026683
2021-04-30 15:00:00,28235,2862269,32148.0,2027959,1642.0,198564.0,29877,3060833,33790,2226523,62025,5088708
2021-05-01 15:00:00,20355,2882624,26770.0,2054729,1020.0,199584.0,21375,3082208,27790,2254313,48145,5136853
2021-05-02 15:00:00,10260,2892884,16988.0,2071717,818.0,200402.0,11078,3093286,17806,2272119,28066,5164919
2021-05-03 15:00:00,12733,2905617,28772.0,2100489,1909.0,202311.0,14642,3107928,30681,2302800,43414,5208333
2021-05-04 15:00:00,13537,2919154,38502.0,2138991,1732.0,204043.0,15269,3123197,40234,2343034,53771,5262104
2021-05-05 15:00:00,19326,2938480,37772.0,2176763,1919.0,205962.0,21245,3144442,39691,2382725,59017,5321121
2021-05-06 15:00:00,16978,2955458,40570.0,2217333,1712.0,207674.0,18690,3163132,42282,2425007,59260,5380381
2021-05-07 15:00:00,17404,2972862,36052.0,2253385,1958.0,209632.0,19362,3182494,38010,2463017,55414,5435795
2021-05-08 15:00:00,10777,2983639,31145.0,2284530,1292.0,210924.0,12069,3194563,32437,2495454,43214,5479009
2021-05-09 15:00:00,5044,2988683,11883.0,2296413,695.0,211619.0,5739,3200302,12578,2508032,17622,5496631
2021-05-10 15:00:00,8951,2997634,31112.0,2327525,1356.0,212975.0,10307,3210609,32468,2540500,41419,5538050
2021-05-11 15:00:00,12201,3009835,30281.0,2357806,1443.0,214418.0,13644,3224253,31724,2572224,43925,5581975
2021-05-12 15:00:00,13937,3023772,38554.0,2396360,1913.0,216331.0,15850,3240103,40467,2612691,54404,5636379
2021-05-13 15:00:00,21824,3045596,33394.0,2429754,1352.0,217683.0,23176,3263279,34746,2647437,56570,5692949
2021-05-14 15:00:00,24329,3069925,29980.0,2459734,1772.0,219455.0,26101,3289380,31752,2679189,56081,5749030
2021-05-15 15:00:00,21850,3091775,25017.0,2484751,1533.0,220988.0,23383,3312763,26550,2705739,48400,5797430
2021-05-16 15:00:00,9063,3100838,17511.0,2502262,1111.0,222099.0,10174,3322937,18622,2724361,27685,5825115
2021-05-17 15:00:00,16852,3117690,28371.0,2530633,1949.0,224048.0,18801,3341738,30320,2754681,47172,5872287
2021-05-18 15:00:00,21261,3138951,30691.0,2561324,1947.0,225995.0,23208,3364946,32638,2787319,53899,5926186
2021-05-19 15:00:00,27586,3166537,32370.0,2593694,1625.0,227620.0,29211,3394157,33995,2821314,61581,5987767
2021-05-20 15:00:00,20788,3187325,33256.0,2626950,1965.0,229585.0,22753,3416910,35221,2856535,56009,6043776
2021-05-21 15:00:00,19135,3206460,30228.0,2657178,1611.0,231196.0,20746,3437656,31839,2888374,50974,6094750
2021-05-22 15:00:00,16894,3223354,20595.0,2677773,1269.0,232465.0,18163,3455819,21864,2910238,38758,6133508
2021-05-23 15:00:00,8746,3232100,11410.0,2689183,963.0,233428.0,9709,3465528,12373,2922611,21119,6154627
2021-05-24 15:00:00,13591,3245691,17742.0,2706925,1481.0,234909.0,15072,3480600,19223,2941834,32814,6187441
2021-05-25 15:00:00,13022,3258713,18647.0,2725572,1329.0,236238.0,14351,3494951,19976,2961810,32998,6220439
2021-05-26 15:00:00,18274,3276987,19430.0,2745002,1509.0,237747.0,19783,3514734,20939,2982749,39213,6259652
2021-05-27 15:00:00,11700,3288687,18620.0,2763622,1135.0,238882.0,12835,3527569,19755,3002504,31455,6291107
2021-05-28 15:00:00,12513,3301200,19693.0,2783315,1401.0,240283.0,13914,3541483,21094,3023598,33607,6324714
2021-05-29 15:00:00,9545,3310745,11613.0,2794928,936.0,241219.0,10481,3551964,12549,3036147,22094,6346808
2021-05-30 15:00:00,4968,3315713,6405.0,2801333,596.0,241815.0,5564,3557528,7001,3043148,11969,6358777
2021-05-31 15:00:00,1771,3317484,3694.0,2805027,305.0,242120.0,2076,3559604,3999,3047147,5770,6364547
2021-06-01 15:00:00,9747,3327231,16269.0,2821296,1147.0,243267.0,10894,3570498,17416,3064563,27163,6391710
2021-06-02 15:00:00,10209,3337440,16750.0,2838046,957.0,244224.0,11166,3581664,17707,3082270,27916,6419626
2021-06-03 15:00:00,7901,3345341,21154.0,2859200,1083.0,245307.0,8984,3590648,22237,3104507,30138,6449764
2021-06-04 15:00:00,8220,3353561,22177.0,2881377,1123.0,246430.0,9343,3599991,23300,3127807,31520,6481284
2021-06-05 15:00:00,6998,3360559,19364.0,2900741,718.0,247148.0,7716,3607707,20082,3147889,27080,6508364
2021-06-06 15:00:00,3468,3364027,7185.0,2907926,421.0,247569.0,3889,3611596,7606,3155495,11074,6519438
2021-06-07 15:00:00,6839,3370866,15715.0,2923641,725.0,248294.0,7564,3619160,16440,3171935,23279,6542717
2021-06-08 15:00:00,6687,3377553,19694.0,2943335,816.0,249110.0,7503,3626663,20510,3192445,27197,6569914
2021-06-09 15:00:00,8196,3385749,23850.0,2967185,968.0,250078.0,9164,3635827,24818,3217263,33014,6602928
2021-06-10 15:00:00,7167,3392916,19086.0,2986271,898.0,250976.0,8065,3643892,19984,3237247,27151,6630079
2021-06-11 15:00:00,7443,3400359,17662.0,3003933,1125.0,252101.0,8568,3652460,18787,3256034,26230,6656309
2021-06-12 15:00:00,5237,3405596,14690.0,3018623,604.0,252705.0,5841,3658301,15294,3271328,20531,6676840
2021-06-13 15:00:00,1931,3407527,7553.0,3026176,426.0,253131.0,2357,3660658,7979,3279307,9910,6686750
2021-06-14 15:00:00,5645,3413172,11791.0,3037967,728.0,253859.0,6373,3667031,12519,3291826,18164,6704914
2021-06-15 15:00:00,5651,3418823,14307.0,3052274,871.0,254730.0,6522,3673553,15178,3307004,20829,6725743
2021-06-16 15:00:00,8721,3427544,21503.0,3073777,754.0,255484.0,9475,3683028,22257,3329261,30978,6756721
2021-06-17 15:00:00,6676,3434220,12366.0,3086143,720.0,256204.0,7396,3690424,13086,3342347,19762,6776483
2021-06-18 15:00:00,6852,3441072,12668.0,3098811,704.0,256908.0,7556,3697980,13372,3355719,20224,6796707
2021-06-19 15:00:00,4654,3445726,9346.0,3108157,613.0,257521.0,5267,3703247,9959,3365678,14613,6811320
2021-06-20 15:00:00,2503,3448229,5026.0,3113183,378.0,257899.0,2881,3706128,5404,3371082,7907,6819227
2021-06-21 15:00:00,5546,3453775,5316.0,3118499,636.0,258535.0,6182,3712310,5952,3377034,11498,6830725
2021-06-22 15:00:00,5203,3458978,8861.0,3127360,682.0,259217.0,5885,3718195,9543,3386577,14746,6845471
2021-06-23 15:00:00,6060,3465038,10280.0,3137640,641.0,259858.0,6701,3724896,10921,3397498,16981,6862452
2021-06-24 15:00:00,5925,3470963,8187.0,3145827,593.0,260451.0,6518,3731414,8780,3406278,14705,6877157
2021-06-25 15:00:00,5820,3476783,8605.0,3154432,620.0,261071.0,6440,3737854,9225,3415503,15045,6892202
2021-06-26 15:00:00,3698,3480481,6276.0,3160708,395.0,261466.0,4093,3741947,6671,3422174,10369,6902571
2021-06-27 15:00:00,2799,3483280,3530.0,3164238,182.0,261648.0,2981,3744928,3712,3425886,6511,6909082
2021-06-28 15:00:00,4725,3488005,6095.0,3170333,521.0,262169.0,5246,3750174,6616,3432502,11341,6920423
2021-06-29 15:00:00,5078,3493083,6492.0,3176825,517.0,262686.0,5595,3755769,7009,3439511,12087,6932510
2021-06-30 15:00:00,5594,3498677,7402.0,3184227,604.0,263290.0,6198,3761967,8006,3447517,13600,6946110
2021-07-01 15:00:00,5317,3503994,6937.0,3191164,490.0,263780.0,5807,3767774,7427,3454944,12744,6958854
2021-07-02 15:00:00,5274,3509268,6827.0,3197991,519.0,264299.0,5793,3773567,7346,3462290,12620,6971474
2021-07-03 15:00:00,3256,3512524,4064.0,3202055,260.0,264559.0,3516,3777083,4324,3466614,7580,6979054
2021-07-04 15:00:00,491,3513015,541.0,3202596,66.0,264625.0,557,3777640,607,3467221,1098,6980152
2021-07-05 15:00:00,3750,3516765,3957.0,3206553,282.0,264907.0,4032,3781672,4239,3471460,7989,6988141
2021-07-06 15:00:00,4466,3521231,6212.0,3212765,449.0,265356.0,4915,3786587,6661,3478121,11127,6999268
2021-07-07 15:00:00,4458,3525689,6365.0,3219130,482.0,265838.0,4940,3791527,6847,3484968,11305,7010573
2021-07-08 15:00:00,4829,3530518,6111.0,3225241,562.0,266400.0,5391,3796918,6673,3491641,11502,7022075
2021-07-09 15:00:00,5346,3535864,6601.0,3231842,572.0,266972.0,5918,3802836,7173,3498814,12519,7034594
2021-07-10 15:00:00,3510,3539374,4370.0,3236212,302.0,267274.0,3812,3806648,4672,3503486,8182,7042776
2021-07-11 15:00:00,2663,3542037,2551.0,3238763,223.0,267497.0,2886,3809534,2774,3506260,5437,7048213
2021-07-12 15:00:00,4404,3546441,5102.0,3243865,374.0,267871.0,4778,3814312,5476,3511736,9880,7058093
2021-07-13 15:00:00,4734,3551175,4586.0,3248451,364.0,268235.0,5098,3819410,4950,3516686,9684,7067777
2021-07-14 15:00:00,4592,3555767,5241.0,3253692,420.0,268655.0,5012,3824422,5661,3522347,10253,7078030
2021-07-15 15:00:00,4866,3560633,4972.0,3258664,356.0,269011.0,5222,3829644,5328,3527675,10194,7088224
2021-07-16 15:00:00,6269,3566902,5807.0,3264471,401.0,269412.0,6670,3836314,6208,3533883,12477,7100701
2021-07-17 15:00:00,3405,3570307,3547.0,3268018,299.0,269711.0,3704,3840018,3846,3537729,7251,7107952
2021-07-18 15:00:00,2297,3572604,2368.0,3270386,110.0,269821.0,2407,3842425,2478,3540207,4775,7112727
2021-07-19 15:00:00,5241,3577845,4460.0,3274846,375.0,270196.0,5616,3848041,4835,3545042,10076,7122803
2021-07-20 15:00:00,5320,3583165,4686.0,3279532,366.0,270562.0,5686,3853727,5052,3550094,10372,7133175
2021-07-21 15:00:00,5623,3588788,4931.0,3284463,415.0,270977.0,6038,3859765,5346,3555440,10969,7144144
2021-07-22 15:00:00,5995,3594783,4637.0,3289100,407.0,271384.0,6402,3866167,5044,3560484,11039,7155183
2021-07-23 15:00:00,6819,3601602,4865.0,3293965,490.0,271874.0,7309,3873476,5355,3565839,12174,7167357
2021-07-24 15:00:00,4274,3605876,3205.0,3297170,266.0,272140.0,4540,3878016,3471,3569310,7745,7175102
2021-07-25 15:00:00,3290,3609166,1121.0,3298291,137.0,272277.0,3427,3881443,1258,3570568,4548,7179650
2021-07-26 15:00:00,6190,3615356,3909.0,3302200,411.0,272688.0,6601,3888044,4320,3574888,10510,7190160
2021-07-27 15:00:00,6341,3621697,4069.0,3306269,450.0,273138.0,6791,3894835,4519,3579407,10860,7201020
2021-07-28 15:00:00,6793,3628490,4017.0,3310286,457.0,273595.0,7250,3902085,4474,3583881,11267,7212287
2021-07-29 15:00:00,6792,3635282,4156.0,3314442,410.0,274005.0,7202,3909287,4566,3588447,11358,7223645
2021-07-30 15:00:00,7512,3642794,4548.0,3318990,521.0,274526.0,8033,3917320,5069,3593516,12581,7236226
2021-07-31 15:00:00,4777,3647571,3048.0,3322038,272.0,274798.0,5049,3922369,3320,3596836,8097,7244323
2021-08-01 15:00:00,3769,3651340,2095.0,3324133,154.0,274952.0,3923,3926292,2249,3599085,6018,7250341
2021-08-02 15:00:00,7004,3658344,3659.0,3327792,334.0,275286.0,7338,3933630,3993,3603078,10997,7261338
2021-08-03 15:00:00,6979,3665323,3908.0,3331700,503.0,275789.0,7482,3941112,4411,3607489,11390,7272728
2021-08-04 15:00:00,7146,3672469,3902.0,3335602,527.0,276316.0,7673,3948785,4429,3611918,11575,7284303
2021-08-05 15:00:00,7639,3680108,4114.0,3339716,535.0,276851.0,8174,3956959,4649,3616567,12288,7296591
2021-08-06 15:00:00,8259,3688367,4714.0,3344430,449.0,277300.0,8708,3965667,5163,3621730,13422,7310013
2021-08-07 15:00:00,5238,3693605,2808.0,3347238,263.0,277563.0,5501,3971168,3071,3624801,8309,7318322
2021-08-08 15:00:00,3937,3697542,2048.0,3349286,140.0,277703.0,4077,3975245,2188,3626989,6125,7324447
2021-08-09 15:00:00,6900,3704442,4513.0,3353799,363.0,278066.0,7263,3982508,4876,3631865,11776,7336223
2021-08-10 15:00:00,7100,3711542,4449.0,3358248,335.0,278401.0,7435,3989943,4784,3636649,11884,7348107
2021-08-11 15:00:00,7020,3718562,4426.0,3362674,438.0,278839.0,7458,3997401,4864,3641513,11884,7359991
2021-08-12 15:00:00,8558,3727120,4703.0,3367377,438.0,279277.0,8996,4006397,5141,3646654,13699,7373690
2021-08-13 15:00:00,7102,3734222,5355.0,3372732,388.0,279665.0,7490,4013887,5743,3652397,12845,7386535
2021-08-14 15:00:00,4913,3739135,3343.0,3376075,284.0,279949.0,5197,4019084,3627,3656024,8540,7395075
2021-08-15 15:00:00,3314,3742449,2732.0,3378807,164.0,280113.0,3478,4022562,2896,3658920,6210,7401285
2021-08-16 15:00:00,5404,3747853,5068.0,3383875,348.0,280461.0,5752,4028314,5416,3664336,10820,7412105
2021-08-17 15:00:00,6932,3754785,5185.0,3389060,387.0,280848.0,7319,4035633,5572,3669908,12504,7424609
2021-08-18 15:00:00,6494,3761279,5292.0,3394352,465.0,281313.0,6959,4042592,5757,3675665,12251,7436860
2021-08-19 15:00:00,5968,3767247,5315.0,3399667,410.0,281723.0,6378,4048970,5725,3681390,11693,7448553
2021-08-20 15:00:00,7023,3774270,6309.0,3405976,401.0,282124.0,7424,4056394,6710,3688100,13733,7462286
2021-08-21 15:00:00,4305,3778575,3921.0,3409897,224.0,282348.0,4529,4060923,4145,3692245,8450,7470736
2021-08-22 15:00:00,3061,3781636,3156.0,3413053,109.0,282457.0,3170,4064093,3265,3695510,6326,7477062
2021-08-23 15:00:00,6148,3787784,5910.0,3418963,285.0,282742.0,6433,4070526,6195,3701705,12343,7489405
2021-08-24 15:00:00,6620,3794404,5866.0,3424829,424.0,283166.0,7044,4077570,6290,3707995,12910,7502315
2021-08-25 15:00:00,6879,3801283,6001.0,3430830,437.0,283603.0,7316,4084886,6438,3714433,13317,7515632
2021-08-26 15:00:00,7153,3808436,6398.0,3437228,427.0,284030.0,7580,4092466,6825,3721258,13978,7529610
2021-08-27 15:00:00,6834,3815270,6988.0,3444216,315.0,284345.0,7149,4099615,7303,3728561,14137,7543747
2021-08-28 15:00:00,6899,3822169,6471.0,3450687,326.0,284671.0,7225,4106840,6797,3735358,13696,7557443
2021-08-29 15:00:00,3741,3825910,3669.0,3454356,611.0,285282.0,4352,4111192,4280,3739638,8021,7565464
2021-08-30 15:00:00,5935,3831845,6079.0,3460435,947.0,286229.0,6882,4118074,7026,3746664,12961,7578425
2021-08-31 15:00:00,5673,3837518,5919.0,3466354,945.0,287174.0,6618,4124692,6864,3753528,12537,7590962
2021-09-01 15:00:00,5516,3843034,5570.0,3471924,905.0,288079.0,6421,4131113,6475,3760003,11991,7602953
2021-09-02 15:00:00,5524,3848558,5867.0,3477791,700.0,288779.0,6224,4137337,6567,3766570,12091,7615044
2021-09-03 15:00:00,5970,3854528,6861.0,3484652,969.0,289748.0,6939,4144276,7830,3774400,13800,7628844
2021-09-04 15:00:00,3712,3858240,4316.0,3488968,875.0,290623.0,4587,4148863,5191,3779591,8903,7637747
2021-09-05 15:00:00,2885,3861125,2796.0,3491764,104.0,290727.0,2989,4151852,2900,3782491,5785,7643532
2021-09-06 15:00:00,1046,3862171,1140.0,3492904,62.0,290789.0,1108,4152960,1202,3783693,2248,7645780
2021-09-07 15:00:00,5266,3867437,7232.0,3500136,2302.0,293091.0,7568,4160528,9534,3793227,14800,7660580
2021-09-08 15:00:00,4645,3872082,5434.0,3505570,366.0,293457.0,5011,4165539,5800,3799027,10445,7671025
2021-09-09 15:00:00,5055,3877137,5330.0,3510900,322.0,293779.0,5377,4170916,5652,3804679,10707,7681732
2021-09-10 15:00:00,6514,3883651,6575.0,3517475,1711.0,295490.0,8225,4179141,8286,3812965,14800,7696532
2021-09-11 15:00:00,4037,3887688,4324.0,3521799,663.0,296153.0,4700,4183841,4987,3817952,9024,7705556
2021-09-12 15:00:00,3061,3890749,3225.0,3525024,434.0,296587.0,3495,4187336,3659,3821611,6720,7712276
2021-09-13 15:00:00,4663,3895412,4835.0,3529859,345.0,296932.0,5008,4192344,5180,3826791,9843,7722119
2021-09-14 15:00:00,4565,3899977,5200.0,3535059,433.0,297365.0,4998,4197342,5633,3832424,10198,7732317
2021-09-15 15:00:00,4678,3904655,5582.0,3540641,385.0,297750.0,5063,4202405,5967,3838391,10645,7742962
2021-09-16 15:00:00,4572,3909227,5584.0,3546225,330.0,298080.0,4902,4207307,5914,3844305,10486,7753448
2021-09-17 15:00:00,5019,3914246,6314.0,3552539,341.0,298421.0,5360,4212667,6655,3850960,11674,7765122
2021-09-18 15:00:00,3764,3918010,4561.0,3557100,184.0,298605.0,3948,4216615,4745,3855705,8509,7773631
2021-09-19 15:00:00,2722,3920732,3163.0,3560263,75.0,298680.0,2797,4219412,3238,3858943,5960,7779591
2021-09-20 15:00:00,3527,3924259,4454.0,3564717,426.0,299106.0,3953,4223365,4880,3863823,8407,7787998
2021-09-21 15:00:00,3766,3928025,4800.0,3569517,324.0,299430.0,4090,4227455,5124,3868947,8890,7796888
2021-09-22 15:00:00,4165,3932190,4734.0,3574251,455.0,299885.0,4620,4232075,5189,3874136,9354,7806242
2021-09-23 15:00:00,4162,3936352,4678.0,3578929,488.0,300373.0,4650,4236725,5166,3879302,9328,7815570
2021-09-24 15:00:00,5065,3941417,5542.0,3584471,421.0,300794.0,5486,4242211,5963,3885265,11028,7826598
2021-09-25 15:00:00,3590,3945007,3632.0,3588103,384.0,301178.0,3974,4246185,4016,3889281,7606,7834204
2021-09-26 15:00:00,2353,3947360,2600.0,3590703,421.0,301599.0,2774,4248959,3021,3892302,5374,7839578
2021-09-27 15:00:00,4491,3951851,2690.0,3593393,506.0,302105.0,4997,4253956,3196,3895498,7687,7847265
2021-09-28 15:00:00,4392,3956243,4377.0,3597770,211.0,302316.0,4603,4258559,4588,3900086,8980,7856245
2021-09-29 15:00:00,4694,3960937,4484.0,3602254,917.0,303233.0,5611,4264170,5401,3905487,10095,7866340
2021-09-30 15:00:00,4859,3965796,4515.0,3606769,790.0,304023.0,5649,4269819,5305,3910792,10164,7876504
2021-10-01 15:00:00,5379,3971175,5265.0,3612034,777.0,304800.0,6156,4275975,6042,3916834,11421,7887925
2021-10-02 15:00:00,2920,3974095,2889.0,3614923,186.0,304986.0,3106,4279081,3075,3919909,5995,7893920
2021-10-03 15:00:00,2051,3976146,2176.0,3617099,86.0,305072.0,2137,4281218,2262,3922171,4313,7898233
2021-10-04 15:00:00,4137,3980283,3363.0,3620462,233.0,305305.0,4370,4285588,3596,3925767,7733,7905966
2021-10-05 15:00:00,4038,3984321,3566.0,3624028,204.0,305509.0,4242,4289830,3770,3929537,7808,7913774
2021-10-06 15:00:00,4102,3988423,3450.0,3627478,262.0,305771.0,4364,4294194,3712,3933249,7814,7921588
2021-10-07 15:00:00,4324,3992747,3478.0,3630956,314.0,306085.0,4638,4298832,3792,3937041,8116,7929704
2021-10-08 15:00:00,4899,3997646,4018.0,3634974,275.0,306360.0,5174,4304006,4293,3941334,9192,7938896
2021-10-09 15:00:00,2666,4000312,2666.0,3637640,267.0,306627.0,2933,4306939,2933,3944267,5599,7944495
2021-10-10 15:00:00,1859,4002171,1841.0,3639481,59.0,306686.0,1918,4308857,1900,3946167,3759,7948254
2021-10-11 15:00:00,4342,4006513,3160.0,3642641,244.0,306930.0,4586,4313443,3404,3949571,7746,7956000
2021-10-12 15:00:00,3694,4010207,3248.0,3645889,266.0,307196.0,3960,4317403,3514,3953085,7208,7963208
2021-10-13 15:00:00,3947,4014154,3401.0,3649290,342.0,307538.0,4289,4321692,3743,3956828,7690,7970898
2021-10-14 15:00:00,5107,4019261,5438.0,3654728,417.0,307955.0,5524,4327216,5855,3962683,10962,7981860
2021-10-15 15:00:00,4685,4023946,4525.0,3659253,341.0,308296.0,5026,4332242,4866,3967549,9551,7991411
2021-10-16 15:00:00,2465,4026411,2471.0,3661724,287.0,308583.0,2752,4334994,2758,3970307,5223,7996634
2021-10-17 15:00:00,1762,4028173,1759.0,3663483,52.0,308635.0,1814,4336808,1811,3972118,3573,8000207
2021-10-18 15:00:00,4221,4032394,3560.0,3667043,257.0,308892.0,4478,4341286,3817,3975935,8038,8008245
2021-10-19 15:00:00,4279,4036673,4020.0,3671063,216.0,309108.0,4495,4345781,4236,3980171,8515,8016760
2021-10-20 15:00:00,3464,4040137,3381.0,3674444,250.0,309358.0,3714,4349495,3631,3983802,7095,8023855
2021-10-21 15:00:00,3223,4043360,3260.0,3677704,285.0,309643.0,3508,4353003,3545,3987347,6768,8030623
2021-10-22 15:00:00,4584,4047944,5589.0,3683293,467.0,310110.0,5051,4358054,6056,3993403,10640,8041263
2021-10-23 15:00:00,2789,4050733,3292.0,3686585,313.0,310423.0,3102,4361156,3605,3997008,6394,8047657
2021-10-24 15:00:00,1901,4052634,2340.0,3688925,66.0,310489.0,1967,4363123,2406,3999414,4307,8051964
2021-10-25 15:00:00,4347,4056981,5568.0,3694493,305.0,310794.0,4652,4367775,5873,4005287,10220,8062184
2021-10-26 15:00:00,4050,4061031,4974.0,3699467,263.0,311057.0,4313,4372088,5237,4010524,9287,8071471
2021-10-27 15:00:00,3998,4065029,4980.0,3704447,318.0,311375.0,4316,4376404,5298,4015822,9296,8080767
2021-10-28 15:00:00,1640,4066669,2350.0,3706797,284.0,311659.0,1924,4378328,2634,4018456,4274,8085041
